{
    "lowlevel": {
        "average_loudness": 0.494139552116,
        "barkbands": {
            "dmean": [
                0.000640288635623,
                0.00839135516435,
                0.003464886453,
                0.000843601941597,
                0.00101899087895,
                0.00106047664303,
                0.000459890463389,
                0.00055866810726,
                0.00110520166345,
                0.000913172727451,
                0.00107657897752,
                0.000807308300864,
                0.000461866235128,
                0.000511172809638,
                0.000513543200213,
                0.000299322360661,
                0.000321288127452,
                0.0002795754408,
                0.000203722840524,
                0.000147156126332,
                0.000124737271108,
                8.36392209749e-05,
                5.99753766437e-05,
                6.72777823638e-05,
                8.52693410707e-05,
                3.63674880646e-05,
                2.42286137109e-06
            ],
            "dmean2": [
                0.00102004886139,
                0.0139898872003,
                0.00588693609461,
                0.00152473605704,
                0.00172067433596,
                0.00170123472344,
                0.000749608676415,
                0.000897024059668,
                0.00169051252306,
                0.00140184361953,
                0.00167416082695,
                0.00125473225489,
                0.000728235929273,
                0.000829012482427,
                0.000831204408314,
                0.000483402865939,
                0.000495452957693,
                0.000444995414,
                0.000326377165038,
                0.00023244030308,
                0.000190914768609,
                0.000123595600598,
                8.81804226083e-05,
                9.96744129225e-05,
                0.00012497039279,
                5.33088859811e-05,
                3.98520842282e-06
            ],
            "dvar": [
                4.32973229181e-06,
                0.000221359034185,
                0.000120896016597,
                8.83395205165e-06,
                6.23707455816e-06,
                6.2344233811e-06,
                1.404222985e-06,
                1.98962152353e-06,
                6.70181543683e-06,
                4.40984740635e-06,
                5.59336513106e-06,
                3.18390766552e-06,
                1.16313560738e-06,
                1.85047076684e-06,
                1.28111901176e-06,
                3.59494379154e-07,
                4.58443878415e-07,
                4.66572430469e-07,
                1.66411794567e-07,
                8.06233231287e-08,
                6.68802542236e-08,
                3.42464439029e-08,
                2.37371544642e-08,
                3.68516488436e-08,
                7.29971105784e-08,
                1.93519120728e-08,
                2.49672615915e-10
            ],
            "dvar2": [
                9.04602711671e-06,
                0.000559986860026,
                0.000326312554535,
                2.49560325756e-05,
                1.70085004356e-05,
                1.46655038407e-05,
                3.57787826033e-06,
                4.62960906589e-06,
                1.48574417835e-05,
                9.3051321528e-06,
                1.24685557239e-05,
                6.95947119311e-06,
                2.81535471913e-06,
                4.66293295176e-06,
                3.3201192764e-06,
                8.97024278856e-07,
                1.06918162146e-06,
                1.12424743293e-06,
                3.99693476538e-07,
                1.89609608015e-07,
                1.53429184024e-07,
                7.25074613683e-08,
                5.12387039464e-08,
                8.13090110796e-08,
                1.34367311944e-07,
                4.26607087434e-08,
                7.11545766752e-10
            ],
            "max": [
                0.0837663710117,
                0.276634275913,
                0.141373544931,
                0.035275362432,
                0.041489277035,
                0.0489765331149,
                0.0344008393586,
                0.0329532250762,
                0.0862837955356,
                0.0581224933267,
                0.055702123791,
                0.0492966659367,
                0.0398317687213,
                0.0371073670685,
                0.0175945237279,
                0.0108824111521,
                0.015624621883,
                0.0203746687621,
                0.0161694716662,
                0.00905863661319,
                0.00756355328485,
                0.00634207343683,
                0.00325922830962,
                0.00427472777665,
                0.00597529672086,
                0.00353617011569,
                0.000885027693585
            ],
            "mean": [
                0.001470355317,
                0.01580257155,
                0.00413886876777,
                0.000700177508406,
                0.00120182323735,
                0.00173200038262,
                0.000647589098662,
                0.000824395508971,
                0.00191317801364,
                0.00148678768892,
                0.00191785150673,
                0.00136751588434,
                0.000702414603438,
                0.000733845226932,
                0.0007819251623,
                0.000469897815492,
                0.000535297032911,
                0.000486073549837,
                0.000370446563466,
                0.000274331716355,
                0.000221935843001,
                0.000136668924824,
                9.66021761997e-05,
                0.000112165376777,
                0.000144415651448,
                5.63603098271e-05,
                3.19810419569e-06
            ],
            "median": [
                0.00018495223776,
                0.00710323639214,
                0.000618129735813,
                8.88654030859e-05,
                0.000309501483571,
                0.000519202672876,
                0.000151940286742,
                0.000231502621318,
                0.000558886618819,
                0.000450773979537,
                0.000508338562213,
                0.000376600539312,
                0.000230133155128,
                0.000242741953116,
                0.000248544558417,
                0.000189583079191,
                0.000165732228197,
                0.000151014246512,
                0.000196912980755,
                0.000152588574565,
                0.00010892553837,
                5.51481898583e-05,
                3.33969946951e-05,
                3.62316095561e-05,
                3.61966922355e-05,
                1.09628972496e-05,
                3.53666678166e-07
            ],
            "min": [
                1.28860247126e-13,
                6.43306154874e-13,
                4.9318654629e-13,
                4.08305469513e-13,
                4.73564330111e-13,
                2.06850338182e-13,
                2.66695113259e-13,
                1.97212011261e-13,
                2.70639061292e-13,
                2.25292712003e-13,
                4.00252666297e-13,
                7.10540242095e-13,
                2.72642531381e-13,
                2.07698051466e-12,
                1.36063209311e-12,
                7.06870651422e-13,
                8.57818265206e-13,
                9.44912550982e-13,
                2.70113250343e-13,
                5.16724629664e-13,
                6.03732775578e-13,
                4.69352963613e-13,
                3.63763977707e-13,
                6.7473002012e-13,
                6.66177779173e-13,
                6.41798463333e-13,
                6.35034451239e-13
            ],
            "var": [
                3.94577728002e-05,
                0.000498266599607,
                0.000114198192023,
                5.73268061999e-06,
                6.41228734821e-06,
                1.27129278553e-05,
                2.17048659579e-06,
                3.20571689372e-06,
                1.64486082213e-05,
                1.01027289929e-05,
                1.57339163707e-05,
                8.7353409981e-06,
                2.13599946619e-06,
                2.88368210022e-06,
                2.12158306567e-06,
                6.03177227276e-07,
                1.00083047982e-06,
                1.30010153043e-06,
                3.55752717951e-07,
                1.38746358402e-07,
                1.12169885824e-07,
                5.77178198569e-08,
                3.63695527028e-08,
                6.7751734889e-08,
                1.95277678472e-07,
                3.3347745898e-08,
                2.46660997183e-10
            ]
        },
        "barkbands_crest": {
            "dmean": 3.21085762978,
            "dmean2": 5.30209827423,
            "dvar": 8.56164360046,
            "dvar2": 22.360496521,
            "max": 26.2427997589,
            "mean": 12.0673236847,
            "median": 11.2458581924,
            "min": 2.43114686012,
            "var": 27.2094783783
        },
        "barkbands_flatness_db": {
            "dmean": 0.026808667928,
            "dmean2": 0.0403962209821,
            "dvar": 0.000662664417177,
            "dvar2": 0.00144933268894,
            "max": 0.46657127142,
            "mean": 0.145096167922,
            "median": 0.13483916223,
            "min": 0.0138406259939,
            "var": 0.00390425301157
        },
        "barkbands_kurtosis": {
            "dmean": 4.18480443954,
            "dmean2": 6.70312976837,
            "dvar": 120.283401489,
            "dvar2": 277.839660645,
            "max": 298.153167725,
            "mean": 5.0668182373,
            "median": 0.98644644022,
            "min": -1.92729103565,
            "var": 244.105270386
        },
        "barkbands_skewness": {
            "dmean": 0.716872572899,
            "dmean2": 1.10933899879,
            "dvar": 0.676652133465,
            "dvar2": 1.57721924782,
            "max": 14.3788394928,
            "mean": 1.44207918644,
            "median": 1.10819065571,
            "min": -2.82176494598,
            "var": 2.76715946198
        },
        "barkbands_spread": {
            "dmean": 6.89618492126,
            "dmean2": 10.6519098282,
            "dvar": 72.5470809937,
            "dvar2": 156.222229004,
            "max": 124.27696991,
            "mean": 23.5731544495,
            "median": 21.1695842743,
            "min": 0.329370260239,
            "var": 233.735595703
        },
        "dissonance": {
            "dmean": 0.0198642853647,
            "dmean2": 0.0325338691473,
            "dvar": 0.000460150709841,
            "dvar2": 0.0011633153772,
            "max": 0.499999970198,
            "mean": 0.465185374022,
            "median": 0.474496275187,
            "min": 0.167908206582,
            "var": 0.00102210510522
        },
        "dynamic_complexity": 3.83029007912,
        "erbbands": {
            "dmean": [
                0.291496187449,
                1.84304714203,
                3.88406467438,
                3.42263531685,
                2.54845285416,
                3.62528347969,
                6.70940065384,
                9.10416603088,
                6.65304660797,
                8.43695545197,
                14.5963983536,
                24.7169818878,
                31.3394966125,
                32.4780311584,
                35.0450553894,
                34.2850418091,
                20.7809085846,
                27.0896320343,
                23.0179634094,
                21.6743202209,
                15.4097795486,
                17.4626941681,
                15.6970129013,
                11.9884939194,
                9.08386230469,
                6.49344539642,
                5.96981525421,
                4.21284675598,
                3.14434552193,
                2.15957760811,
                1.71681845188,
                1.37154781818,
                1.22928965092,
                1.02497839928,
                0.587430536747,
                0.242056250572,
                0.0490564703941,
                0.00666476087645,
                0.000399423181079,
                2.26904212468e-05
            ],
            "dmean2": [
                0.46976390481,
                3.09611678123,
                6.40176200867,
                6.04835271835,
                4.44108343124,
                6.18230247498,
                10.9823570251,
                14.6103715897,
                10.7226486206,
                13.6163635254,
                22.3545093536,
                37.5930252075,
                48.2630081177,
                49.6386489868,
                55.0397109985,
                52.7138290405,
                32.2791671753,
                43.2117767334,
                37.3181228638,
                34.5740814209,
                24.6930065155,
                26.9073925018,
                24.8936843872,
                18.7312908173,
                14.4598350525,
                10.1958322525,
                9.29238796234,
                6.31805753708,
                4.63519239426,
                3.23345947266,
                2.51598501205,
                2.08952569962,
                1.85380363464,
                1.49758982658,
                0.869155526161,
                0.350490868092,
                0.0740860402584,
                0.0102066444233,
                0.000653226161376,
                3.58098368451e-05
            ],
            "dvar": [
                0.370882630348,
                10.8616228104,
                115.585189819,
                152.838485718,
                53.5480155945,
                79.9787139893,
                293.189575195,
                602.436462402,
                266.752593994,
                759.285827637,
                1133.16687012,
                3938.31274414,
                5909.44042969,
                5462.54785156,
                7807.34228516,
                6502.53515625,
                2313.79418945,
                4637.0234375,
                2808.22900391,
                2453.76782227,
                860.244262695,
                1460.4251709,
                1385.84924316,
                862.455566406,
                239.459197998,
                163.993759155,
                190.233154297,
                76.8088760376,
                44.5804290771,
                29.6087303162,
                20.6097335815,
                15.9253826141,
                12.4589796066,
                9.75504112244,
                4.1577501297,
                0.875626564026,
                0.036591630429,
                0.000663853017613,
                7.52931418901e-06,
                9.75988534435e-09
            ],
            "dvar2": [
                0.858764767647,
                28.6977291107,
                296.586120605,
                428.759094238,
                149.131942749,
                214.214385986,
                705.575561523,
                1424.71008301,
                672.495117188,
                1821.80871582,
                2377.05444336,
                8457.65527344,
                12696.7539063,
                11485.6816406,
                18622.5273438,
                13611.8310547,
                5512.36572266,
                11627.6845703,
                7294.33984375,
                6083.69189453,
                2113.69482422,
                3353.95361328,
                3280.93652344,
                1979.46264648,
                591.477600098,
                380.434967041,
                455.258911133,
                174.463882446,
                93.8355407715,
                63.5568199158,
                46.079574585,
                36.1132545471,
                27.7194957733,
                18.55286026,
                8.22796916962,
                1.79803144932,
                0.0869231522083,
                0.0016969476128,
                2.12204849959e-05,
                2.84604393386e-08
            ],
            "max": [
                14.5704965591,
                58.3431854248,
                123.131210327,
                160.938919067,
                121.196838379,
                124.384338379,
                490.432342529,
                587.735229492,
                380.629577637,
                963.234619141,
                664.631103516,
                2101.80859375,
                2094.60253906,
                2180.53759766,
                2554.16748047,
                2432.08789063,
                2180.08618164,
                1414.94384766,
                1301.83129883,
                884.280334473,
                537.574584961,
                957.636962891,
                1219.62365723,
                1139.83752441,
                338.71383667,
                383.280334473,
                560.59576416,
                274.377197266,
                192.076309204,
                177.972198486,
                84.9454269409,
                100.677085876,
                90.8066253662,
                81.7354278564,
                43.844745636,
                26.8487911224,
                4.48166847229,
                0.952726840973,
                0.144981384277,
                0.00606300402433
            ],
            "mean": [
                0.584443569183,
                2.99927139282,
                5.32230043411,
                3.35786056519,
                2.71043848991,
                4.14762067795,
                9.59971046448,
                14.449098587,
                10.128027916,
                12.130698204,
                27.149684906,
                41.9593009949,
                52.047492981,
                60.1684494019,
                59.3676605225,
                60.5796737671,
                36.7315368652,
                42.2108955383,
                36.2120285034,
                35.2833175659,
                27.0266265869,
                30.7615394592,
                27.3146877289,
                22.0222301483,
                17.0897731781,
                12.222234726,
                10.5895652771,
                7.49471759796,
                5.19789361954,
                3.45526576042,
                2.71255350113,
                2.22216415405,
                1.98902142048,
                1.69709801674,
                0.941123306751,
                0.36869007349,
                0.0769028067589,
                0.0107808392495,
                0.000555804639589,
                6.00829334871e-05
            ],
            "median": [
                0.223837211728,
                1.25828647614,
                1.26757490635,
                0.622383892536,
                0.492556840181,
                1.02135133743,
                2.8676905632,
                3.73561048508,
                2.59857153893,
                3.37805986404,
                8.07779693604,
                12.7290229797,
                15.8485870361,
                18.4290962219,
                18.0341014862,
                16.9550132751,
                13.3879880905,
                14.63322258,
                13.4164829254,
                14.1437911987,
                11.9397153854,
                9.68043994904,
                8.59866523743,
                8.89728164673,
                10.2153587341,
                6.80234003067,
                5.21652889252,
                3.59920334816,
                2.18358826637,
                1.20838928223,
                0.929572939873,
                0.741588175297,
                0.609732925892,
                0.443779587746,
                0.215670928359,
                0.0678942203522,
                0.0157463457435,
                0.00211953464895,
                7.68812169554e-05,
                4.7878951591e-05
            ],
            "min": [
                1.95018827476e-11,
                1.43093606408e-10,
                5.08653008602e-10,
                1.07685760309e-09,
                1.73613001753e-09,
                1.48869316874e-09,
                9.54327172842e-10,
                1.98652094774e-09,
                1.5179767443e-09,
                7.57268558971e-09,
                4.18397583246e-09,
                6.60043486533e-09,
                2.87404877675e-09,
                1.22481100817e-08,
                2.268766508e-08,
                2.64374548919e-08,
                1.58634971825e-08,
                7.73928263698e-08,
                6.33333243627e-08,
                8.8400668119e-08,
                4.23254604698e-08,
                4.88501505913e-08,
                5.28843564496e-08,
                1.84244779433e-08,
                1.31118653712e-08,
                1.94396765352e-08,
                2.35652031222e-08,
                2.73695359709e-08,
                1.98156620002e-08,
                1.28827011281e-08,
                1.00638599676e-08,
                1.46856198313e-08,
                1.00867429964e-08,
                7.09637371088e-09,
                5.08573627656e-09,
                2.3301660601e-09,
                1.29873201082e-09,
                3.8963215987e-10,
                7.93796625653e-11,
                1.09135634557e-11
            ],
            "var": [
                1.04846227169,
                18.0749034882,
                137.09664917,
                105.93585968,
                50.9932861328,
                83.4272994995,
                454.747283936,
                1177.27514648,
                460.091461182,
                996.801696777,
                3720.49511719,
                8891.04101563,
                13204.2675781,
                15042.640625,
                19004.9121094,
                18588.0703125,
                4868.89111328,
                8230.71289063,
                4537.57910156,
                4018.83276367,
                1625.70874023,
                3467.35400391,
                3754.96459961,
                2398.4765625,
                455.278533936,
                281.04473877,
                280.401062012,
                131.78578186,
                79.291519165,
                45.2939834595,
                29.1829814911,
                24.2681922913,
                23.9801979065,
                25.6311836243,
                9.3337430954,
                1.66679668427,
                0.0578835271299,
                0.000989916967228,
                8.31601573736e-06,
                8.44917735776e-09
            ]
        },
        "erbbands_crest": {
            "dmean": 2.9916510582,
            "dmean2": 4.8232421875,
            "dvar": 7.86557865143,
            "dvar2": 19.0500850677,
            "max": 31.8060894012,
            "mean": 9.56117725372,
            "median": 8.59933185577,
            "min": 2.58949828148,
            "var": 21.0908222198
        },
        "erbbands_flatness_db": {
            "dmean": 0.0204082187265,
            "dmean2": 0.0293412208557,
            "dvar": 0.000384666083846,
            "dvar2": 0.00070817238884,
            "max": 0.442985922098,
            "mean": 0.167004495859,
            "median": 0.161222890019,
            "min": 0.0535238049924,
            "var": 0.00287869595923
        },
        "erbbands_kurtosis": {
            "dmean": 1.18444633484,
            "dmean2": 1.84083330631,
            "dvar": 2.81891059875,
            "dvar2": 6.47421073914,
            "max": 35.077922821,
            "mean": 0.988762021065,
            "median": 0.18665586412,
            "min": -1.85151028633,
            "var": 6.85965919495
        },
        "erbbands_skewness": {
            "dmean": 0.43807977438,
            "dmean2": 0.670961380005,
            "dvar": 0.167641282082,
            "dvar2": 0.371291399002,
            "max": 4.34112977982,
            "mean": 0.179414883256,
            "median": 0.143036067486,
            "min": -4.89648532867,
            "var": 0.621884942055
        },
        "erbbands_spread": {
            "dmean": 8.58826065063,
            "dmean2": 13.0009422302,
            "dvar": 101.109809875,
            "dvar2": 213.932006836,
            "max": 166.974731445,
            "mean": 32.8994369507,
            "median": 29.5949440002,
            "min": 2.16961169243,
            "var": 372.335906982
        },
        "gfcc": {
            "cov": [
                [
                    7938.12695313,
                    -28.3987617493,
                    868.349121094,
                    691.649780273,
                    224.416259766,
                    616.292175293,
                    -192.302276611,
                    371.861755371,
                    309.730072021,
                    265.952880859,
                    -277.301208496,
                    146.76322937,
                    153.906646729
                ],
                [
                    -28.3987617493,
                    1751.76367188,
                    356.827331543,
                    55.1521339417,
                    287.054870605,
                    -4.00392627716,
                    252.742797852,
                    10.3241167068,
                    194.978057861,
                    -17.0809211731,
                    121.491592407,
                    -140.153762817,
                    130.716339111
                ],
                [
                    868.349121094,
                    356.827331543,
                    1100.3762207,
                    403.031341553,
                    143.411956787,
                    203.547470093,
                    -14.447271347,
                    114.784744263,
                    140.921524048,
                    19.5880832672,
                    -15.6535816193,
                    -4.08163690567,
                    -34.6743087769
                ],
                [
                    691.649780273,
                    55.1521339417,
                    403.031341553,
                    585.394287109,
                    167.843887329,
                    123.377738953,
                    35.5699615479,
                    63.3192367554,
                    87.7459564209,
                    0.569921791553,
                    -2.98051643372,
                    14.9694385529,
                    -34.5231704712
                ],
                [
                    224.416259766,
                    287.054870605,
                    143.411956787,
                    167.843887329,
                    399.220184326,
                    186.020477295,
                    153.345550537,
                    50.7472724915,
                    68.666633606,
                    20.3082332611,
                    18.5634670258,
                    -27.0409488678,
                    19.1414089203
                ],
                [
                    616.292175293,
                    -4.00392627716,
                    203.547470093,
                    123.377738953,
                    186.020477295,
                    450.521087646,
                    176.855331421,
                    45.3499259949,
                    67.8832778931,
                    56.5074424744,
                    -31.7861862183,
                    -27.2796897888,
                    23.7444801331
                ],
                [
                    -192.302276611,
                    252.742797852,
                    -14.447271347,
                    35.5699615479,
                    153.345550537,
                    176.855331421,
                    312.145080566,
                    55.7322273254,
                    59.6808128357,
                    14.2863197327,
                    41.7796554565,
                    -55.988948822,
                    15.0908985138
                ],
                [
                    371.861755371,
                    10.3241167068,
                    114.784744263,
                    63.3192367554,
                    50.7472724915,
                    45.3499259949,
                    55.7322273254,
                    214.876159668,
                    110.158088684,
                    35.800491333,
                    2.71658754349,
                    7.48345327377,
                    21.27318573
                ],
                [
                    309.730072021,
                    194.978057861,
                    140.921524048,
                    87.7459564209,
                    68.666633606,
                    67.8832778931,
                    59.6808128357,
                    110.158088684,
                    200.476913452,
                    66.7267303467,
                    20.1869335175,
                    0.416394889355,
                    45.932975769
                ],
                [
                    265.952880859,
                    -17.0809211731,
                    19.5880832672,
                    0.569921791553,
                    20.3082332611,
                    56.5074424744,
                    14.2863197327,
                    35.800491333,
                    66.7267303467,
                    145.917816162,
                    51.5224266052,
                    21.1630840302,
                    38.965297699
                ],
                [
                    -277.301208496,
                    121.491592407,
                    -15.6535816193,
                    -2.98051643372,
                    18.5634670258,
                    -31.7861862183,
                    41.7796554565,
                    2.71658754349,
                    20.1869335175,
                    51.5224266052,
                    161.925033569,
                    43.5185394287,
                    28.1862983704
                ],
                [
                    146.76322937,
                    -140.153762817,
                    -4.08163690567,
                    14.9694385529,
                    -27.0409488678,
                    -27.2796897888,
                    -55.988948822,
                    7.48345327377,
                    0.416394889355,
                    21.1630840302,
                    43.5185394287,
                    123.90562439,
                    38.6509399414
                ],
                [
                    153.906646729,
                    130.716339111,
                    -34.6743087769,
                    -34.5231704712,
                    19.1414089203,
                    23.7444801331,
                    15.0908985138,
                    21.27318573,
                    45.932975769,
                    38.965297699,
                    28.1862983704,
                    38.6509399414,
                    140.968170166
                ]
            ],
            "icov": [
                [
                    0.000232341219089,
                    -0.000166940662893,
                    5.41117406101e-05,
                    -0.000232316495385,
                    8.39883869048e-05,
                    -0.000373214803403,
                    0.000379722332582,
                    -0.000392480753362,
                    0.000167770383996,
                    -0.000484149582917,
                    0.00059819209855,
                    -0.000432490167441,
                    5.71950613448e-06
                ],
                [
                    -0.000166940662893,
                    0.00157775485422,
                    -0.000756479857955,
                    0.000503427407239,
                    -0.000829247524962,
                    0.0012735723285,
                    -0.00113092549145,
                    0.00129042554181,
                    -0.0013692448847,
                    0.00128751888406,
                    -0.00145676371176,
                    0.00225080782548,
                    -0.00175470684189
                ],
                [
                    5.41117406101e-05,
                    -0.000756479857955,
                    0.00181826273911,
                    -0.000959976750892,
                    0.00036055923556,
                    -0.00129566364922,
                    0.00136557698715,
                    -0.000981786870398,
                    -1.84717885077e-06,
                    -0.000169007311342,
                    0.000216893124161,
                    -0.000702737597749,
                    0.00122241210192
                ],
                [
                    -0.000232316495385,
                    0.000503427407239,
                    -0.000959976750892,
                    0.00296768941917,
                    -0.00108534318861,
                    0.000500797235873,
                    -0.000572604243644,
                    0.000695148482919,
                    -0.00118298444431,
                    0.00110832671635,
                    -0.00073596771108,
                    -6.87892461428e-05,
                    0.000542022986338
                ],
                [
                    8.39883869048e-05,
                    -0.000829247524962,
                    0.00036055923556,
                    -0.00108534318861,
                    0.00422471668571,
                    -0.00154506473336,
                    -0.000457044283394,
                    -0.000765434058849,
                    0.000551394361537,
                    -0.000421740754973,
                    0.000288595212623,
                    -0.00062984979013,
                    0.000403059559176
                ],
                [
                    -0.000373214803403,
                    0.0012735723285,
                    -0.00129566364922,
                    0.000500797235873,
                    -0.00154506473336,
                    0.00549471424893,
                    -0.00369581114501,
                    0.00187881384045,
                    -0.00070523598697,
                    -0.000686597777531,
                    0.000724229495972,
                    0.00124531774782,
                    -0.00163981877267
                ],
                [
                    0.000379722332582,
                    -0.00113092549145,
                    0.00136557698715,
                    -0.000572604243644,
                    -0.000457044283394,
                    -0.00369581114501,
                    0.00760633125901,
                    -0.00250246864744,
                    0.000130621934659,
                    0.000452986365417,
                    -0.00163169915322,
                    0.00127897725906,
                    0.000885525834747
                ],
                [
                    -0.000392480753362,
                    0.00129042554181,
                    -0.000981786870398,
                    0.000695148482919,
                    -0.000765434058849,
                    0.00187881384045,
                    -0.00250246864744,
                    0.00822464656085,
                    -0.00446825614199,
                    0.000980717944913,
                    -0.000554726750124,
                    0.00076233909931,
                    -0.000938377459534
                ],
                [
                    0.000167770383996,
                    -0.0013692448847,
                    -1.84717885077e-06,
                    -0.00118298444431,
                    0.000551394361537,
                    -0.00070523598697,
                    0.000130621934659,
                    -0.00446825614199,
                    0.0104635786265,
                    -0.00415902258828,
                    0.00154090905562,
                    -0.000922662497032,
                    -0.000814406434074
                ],
                [
                    -0.000484149582917,
                    0.00128751888406,
                    -0.000169007311342,
                    0.00110832671635,
                    -0.000421740754973,
                    -0.000686597777531,
                    0.000452986365417,
                    0.000980717944913,
                    -0.00415902258828,
                    0.012003925629,
                    -0.00559981819242,
                    0.00232845032588,
                    -0.00194061850198
                ],
                [
                    0.00059819209855,
                    -0.00145676371176,
                    0.000216893124161,
                    -0.00073596771108,
                    0.000288595212623,
                    0.000724229495972,
                    -0.00163169915322,
                    -0.000554726750124,
                    0.00154090905562,
                    -0.00559981819242,
                    0.0119427200407,
                    -0.00631475402042,
                    0.00105728802737
                ],
                [
                    -0.000432490167441,
                    0.00225080782548,
                    -0.000702737597749,
                    -6.87892461428e-05,
                    -0.00062984979013,
                    0.00124531774782,
                    0.00127897725906,
                    0.00076233909931,
                    -0.000922662497032,
                    0.00232845032588,
                    -0.00631475402042,
                    0.0153086818755,
                    -0.00545854493976
                ],
                [
                    5.71950613448e-06,
                    -0.00175470684189,
                    0.00122241210192,
                    0.000542022986338,
                    0.000403059559176,
                    -0.00163981877267,
                    0.000885525834747,
                    -0.000938377459534,
                    -0.000814406434074,
                    -0.00194061850198,
                    0.00105728802737,
                    -0.00545854493976,
                    0.0115033723414
                ]
            ],
            "mean": [
                -5.71511173248,
                77.2149963379,
                -128.006607056,
                25.3935317993,
                -48.604598999,
                25.1960353851,
                -23.1086349487,
                21.7343883514,
                -24.2805118561,
                10.5806837082,
                -10.131731987,
                5.19752597809,
                -3.48431062698
            ]
        },
        "hfc": {
            "dmean": 7.7099647522,
            "dmean2": 11.3166980743,
            "dvar": 117.865158081,
            "dvar2": 246.593093872,
            "max": 170.741317749,
            "mean": 24.6846408844,
            "median": 21.8974304199,
            "min": 6.29823944109e-08,
            "var": 432.186065674
        },
        "melbands": {
            "dmean": [
                0.00239264382981,
                0.00202753162012,
                0.000559390697163,
                0.000218594708713,
                0.000211701189983,
                0.000200976792257,
                9.86658924376e-05,
                9.5080351457e-05,
                0.000136410424602,
                0.000162146345247,
                0.000155660382006,
                0.000125955208205,
                0.000121595345263,
                9.42606930039e-05,
                7.17156217434e-05,
                4.6004926844e-05,
                5.57446146559e-05,
                3.72147405869e-05,
                3.75536474166e-05,
                2.57505162153e-05,
                1.84180589713e-05,
                2.10979887925e-05,
                1.63597032952e-05,
                1.19673504742e-05,
                1.03722459244e-05,
                7.78120829636e-06,
                6.1341233959e-06,
                4.30572208643e-06,
