{
    "lowlevel": {
        "average_loudness": 0.875254094601,
        "barkbands": {
            "dmean": [
                0.00101483659819,
                0.00699359737337,
                0.00396267743781,
                0.00172981526703,
                0.0020547688473,
                0.00116396020167,
                0.000623962609097,
                0.000519805820659,
                0.000938230194151,
                0.000578726816457,
                0.000519770605024,
                0.000383874488762,
                0.000338137964718,
                0.00033985247137,
                0.000328255526256,
                0.000205544114579,
                0.000225973446504,
                0.000179673050297,
                0.000123922509374,
                0.000105271297798,
                0.000110258522909,
                0.000123757650726,
                0.000385055987863,
                0.000234280130826,
                0.000125786449644,
                3.76023526769e-05,
                5.09965047968e-06
            ],
            "dmean2": [
                0.00152645702474,
                0.00925273634493,
                0.00663122953847,
                0.00284089357592,
                0.00335637480021,
                0.00183262326755,
                0.00103914446663,
                0.000868372502737,
                0.00139516114723,
                0.000860768021084,
                0.000799223431386,
                0.000578802777454,
                0.000513617880642,
                0.000531133555342,
                0.000501907023136,
                0.000337843433954,
                0.000354481453542,
                0.000286613038043,
                0.000192868159502,
                0.000162896947586,
                0.000170941508259,
                0.000191360115423,
                0.000678157201037,
                0.000393102498492,
                0.000195203625481,
                5.81233689445e-05,
                8.16469218989e-06
            ],
            "dvar": [
                7.67409255786e-06,
                0.000319659593515,
                0.000317691097734,
                3.70841844415e-05,
                2.08908477362e-05,
                9.87458679447e-06,
                2.14837291423e-06,
                1.89693889752e-06,
                4.68316511615e-06,
                2.05975288736e-06,
                2.11647102333e-06,
                1.12278689812e-06,
                8.4542290324e-07,
                6.6038381874e-07,
                5.71961493279e-07,
                3.98326335471e-07,
                3.60037319069e-07,
                2.82835259213e-07,
                1.47099072478e-07,
                1.02253423506e-07,
                1.22804053149e-07,
                1.08952747269e-07,
                1.88616502328e-06,
                5.19226261986e-07,
                1.34321766154e-07,
                1.97611402797e-08,
                6.08759542775e-10
            ],
            "dvar2": [
                1.74534234247e-05,
                0.000699819298461,
                0.000854786660057,
                0.000105310544313,
                5.5279906519e-05,
                2.27067321248e-05,
                5.66101016375e-06,
                4.86711451231e-06,
                9.88454576145e-06,
                4.22576067649e-06,
                4.6905470299e-06,
                2.38849565903e-06,
                1.76019864284e-06,
                1.55587986228e-06,
                1.31966669414e-06,
                1.05356434688e-06,
                8.37683273858e-07,
                6.88673935656e-07,
                3.50484100409e-07,
                2.26148472393e-07,
                2.73744035439e-07,
                2.28783065381e-07,
                5.15360534337e-06,
                1.32248487716e-06,
                2.92100480692e-07,
                4.14106402502e-08,
                1.40920219938e-09
            ],
            "max": [
                0.0657812729478,
                0.188331320882,
                0.181307524443,
                0.0726946443319,
                0.0707140937448,
                0.0542810298502,
                0.0259603895247,
                0.0201829224825,
                0.0496794171631,
                0.0425363704562,
                0.0311009474099,
                0.0234421882778,
                0.0218954645097,
                0.0177782066166,
                0.017211643979,
                0.00977371074259,
                0.0203333795071,
                0.0102684320882,
                0.00638244254515,
                0.00668981298804,
                0.00922763627023,
                0.00462007662281,
                0.013694472611,
                0.00831512548029,
                0.00650052074343,
                0.0041261035949,
                0.000631963892374
            ],
            "mean": [
                0.00303233461455,
                0.0185802299529,
                0.00512082129717,
                0.00289720809087,
                0.00394437415525,
                0.00187654641923,
                0.000936425873078,
                0.000619843543973,
                0.00164832791779,
                0.00105420965701,
                0.00081230798969,
                0.000629207119346,
                0.000537204847205,
                0.000566744536627,
                0.00052819045959,
                0.000273703219136,
                0.000362549821148,
                0.000251234974712,
                0.000172235057107,
                0.000158031078172,
                0.000162256212207,
                0.000156299764058,
                0.000282422435703,
                0.000225602823775,
                0.000167826277902,
                4.42735508841e-05,
                5.04709396409e-06
            ],
            "median": [
                2.11513251998e-05,
                0.000771229388192,
                0.000716828799341,
                0.00077165447874,
                0.00179917935748,
                0.000446564372396,
                0.000355986558134,
                0.00013514328748,
                0.000345904671121,
                0.000162170559634,
                0.000101557241578,
                0.000132726403535,
                0.000116348433949,
                0.000135399983265,
                0.000126036757138,
                8.7075328338e-05,
                0.000129932886921,
                8.51310833241e-05,
                5.12884726049e-05,
                5.52002056793e-05,
                5.29698918399e-05,
                3.41960549122e-05,
                1.46356951518e-05,
                3.14461940434e-05,
                4.0550774429e-05,
                6.39680274617e-06,
                3.16579644277e-07
            ],
            "min": [
                2.10863655925e-23,
                1.59462536415e-23,
                3.04464889561e-24,
                8.90607869232e-24,
                1.07781661584e-22,
                3.35169738352e-23,
                8.87049223025e-23,
                5.33248010042e-23,
                5.83413883815e-23,
                7.69918398512e-23,
                8.35103174179e-23,
                1.22507018868e-22,
                2.1370267166e-22,
                7.51188063831e-23,
                1.20939457586e-22,
                1.70897274029e-22,
                1.02716915826e-22,
                2.29902492018e-22,
                2.55095781079e-22,
                3.21998935611e-22,
                3.69444665522e-22,
                4.50703119532e-22,
                6.05017186804e-22,
                8.6838272928e-22,
                1.2466821502e-21,
                1.86527976051e-21,
                2.6477906005e-21
            ],
            "var": [
                4.96227803524e-05,
                0.000973889254965,
                0.000236780935666,
                3.822083454e-05,
                3.51152193616e-05,
                2.15034033317e-05,
                2.97933138427e-06,
                2.1826383545e-06,
                1.06814250103e-05,
                8.30566659715e-06,
                4.40412986791e-06,
                2.51746700997e-06,
                1.89484887869e-06,
                1.50557229972e-06,
                1.22826497773e-06,
                4.03994306453e-07,
                7.77299135279e-07,
                3.53255273922e-07,
                1.81739011396e-07,
                1.44977889249e-07,
                1.63570078371e-07,
                1.51562659312e-07,
                1.29067609578e-06,
                4.61163892851e-07,
                1.81622667128e-07,
                2.53560621388e-08,
                6.61915966482e-10
            ]
        },
        "barkbands_crest": {
            "dmean": 2.5118432045,
            "dmean2": 3.67465567589,
            "dvar": 6.4701499939,
            "dvar2": 13.6805734634,
            "max": 26.3480148315,
            "mean": 13.1965265274,
            "median": 12.6796712875,
            "min": 2.15016150475,
            "var": 28.3968582153
        },
        "barkbands_flatness_db": {
            "dmean": 0.0234924387187,
            "dmean2": 0.0324601195753,
            "dvar": 0.000682707410306,
            "dvar2": 0.00122559873853,
            "max": 0.620685875416,
            "mean": 0.186976313591,
            "median": 0.167097851634,
            "min": 0.012646201998,
            "var": 0.0089255515486
        },
        "barkbands_kurtosis": {
            "dmean": 8.09347915649,
            "dmean2": 11.9336214066,
            "dvar": 818.307617188,
            "dvar2": 1934.16137695,
            "max": 1105.0447998,
            "mean": 13.8466587067,
            "median": 4.46073579788,
            "min": -1.91169822216,
            "var": 1155.4876709
        },
        "barkbands_skewness": {
            "dmean": 0.803108334541,
            "dmean2": 1.12890839577,
            "dvar": 1.20256888866,
            "dvar2": 2.47430872917,
            "max": 24.9804363251,
            "mean": 2.39812397957,
            "median": 1.92494213581,
            "min": -4.06653642654,
            "var": 4.77826786041
        },
        "barkbands_spread": {
            "dmean": 5.96387243271,
            "dmean2": 9.08480739594,
            "dvar": 105.507461548,
            "dvar2": 242.012680054,
            "max": 113.835578918,
            "mean": 16.7787475586,
            "median": 13.1640071869,
            "min": 0.136105433106,
            "var": 224.253601074
        },
        "dissonance": {
            "dmean": 0.0233785510063,
            "dmean2": 0.0389164872468,
            "dvar": 0.000630257767625,
            "dvar2": 0.00171025015879,
            "max": 0.500000059605,
            "mean": 0.449529498816,
            "median": 0.462237149477,
            "min": 0.0350662618876,
            "var": 0.00234807445668
        },
        "dynamic_complexity": 3.74538779259,
        "erbbands": {
            "dmean": [
                0.243268832564,
                1.52737236023,
                4.01938819885,
                5.48833942413,
                5.44912433624,
                8.35519504547,
                9.46070384979,
                8.87173175812,
                8.05428791046,
                10.4753103256,
                12.1687831879,
                22.4911518097,
                13.1978645325,
                20.9441432953,
                19.4428062439,
                13.4892969131,
                15.5135879517,
                13.1269617081,
                16.9647140503,
                17.3663349152,
                10.5031900406,
                11.5036859512,
                9.75137615204,
                7.6918888092,
                5.16833543777,
                5.04484653473,
                5.08949565887,
                3.98985624313,
                4.44622659683,
                6.42473745346,
                11.3373451233,
                6.52782201767,
                3.27367544174,
                1.77561891079,
                0.742248654366,
                0.231704846025,
                0.0593975558877,
                0.0100153265521,
                0.00098741252441,
                3.98307674914e-05
            ],
            "dmean2": [
                0.312099128962,
                2.06337237358,
                6.28008031845,
                9.11988258362,
                8.91582870483,
                13.4549407959,
                14.9445886612,
                14.009642601,
                13.2761363983,
                17.778875351,
                19.5180549622,
                33.3129768372,
                20.2637729645,
                31.2152690887,
                29.5598068237,
                20.2585830688,
                23.1018638611,
                20.1983299255,
                26.1563224792,
                26.5254268646,
                16.7244472504,
                17.8037090302,
                15.2280511856,
                11.9690532684,
                7.92284297943,
                7.77539157867,
                7.83112764359,
                6.13523244858,
                6.88539791107,
                10.7542562485,
                20.0133476257,
                11.318277359,
                5.30957841873,
                2.79638147354,
                1.14372682571,
                0.356101810932,
                0.0922090634704,
                0.0153909465298,
                0.00162358826492,
                6.14004238741e-05
            ],
            "dvar": [
                0.277245640755,
                21.8907241821,
                266.253753662,
                486.294189453,
                243.780181885,
                318.632537842,
                471.856750488,
                604.378173828,
                343.067932129,
                824.963012695,
                907.786987305,
                3300.55029297,
                1095.75244141,
                2345.55175781,
                2353.24414063,
                1224.26953125,
                1846.97912598,
                981.786560059,
                1428.32824707,
                2308.63867188,
                905.449768066,
                890.451171875,
                698.027160645,
                539.053466797,
                277.911010742,
                246.831771851,
                240.292358398,
                174.976654053,
                133.496841431,
                408.600860596,
                1614.33862305,
                518.235412598,
                97.999786377,
                26.0988140106,
                5.06696462631,
                0.601633608341,
                0.0583533793688,
                0.00171020405833,
                2.5630239179e-05,
                2.37948842852e-08
            ],
            "dvar2": [
                0.516501307487,
                47.796661377,
                661.470825195,
                1346.53601074,
                690.352478027,
                792.859741211,
                1140.359375,
                1379.01782227,
                873.946166992,
                2283.1315918,
                2103.19921875,
                6901.87890625,
                2582.7421875,
                4966.52490234,
                5174.02001953,
                2745.6262207,
                3760.83154297,
                2155.64257813,
                3286.36230469,
                5370.25048828,
                2275.21582031,
                2055.15039063,
                1659.53430176,
                1308.08947754,
                627.099365234,
                548.249206543,
                541.230041504,
                393.017791748,
                284.20223999,
                1033.08190918,
                4400.94677734,
                1409.26049805,
                224.072662354,
                57.146068573,
                11.2865695953,
                1.32525515556,
                0.12000323087,
                0.00334449647926,
                6.16004617768e-05,
                5.73183243091e-08
            ],
            "max": [
                6.09896183014,
                49.0915298462,
                167.176269531,
                268.216888428,
                201.993225098,
                299.872711182,
                377.655731201,
                477.272735596,
                355.255432129,
                383.448944092,
                683.064575195,
                1471.53930664,
                665.007324219,
                1482.74279785,
                985.806152344,
                809.063232422,
                1167.91296387,
                884.248840332,
                781.939941406,
                1306.32421875,
                625.136047363,
                1092.77978516,
                502.441070557,
                380.137664795,
                398.046661377,
                317.298950195,
                399.508117676,
                275.22946167,
                196.984619141,
                312.771881104,
                388.671478271,
                230.500610352,
                184.853302002,
                102.147689819,
                55.2973670959,
                21.3123149872,
                6.62913894653,
                1.07087159157,
                0.127796560526,
                0.00324209919199
            ],
            "mean": [
                0.67417037487,
                3.53744506836,
                6.34428691864,
                8.41158771515,
                9.81179046631,
                15.5573511124,
                15.5386734009,
                14.5977020264,
                12.1258897781,
                14.3182697296,
                18.1766300201,
                39.1799545288,
                23.3519515991,
                40.8487167358,
                33.5567741394,
                23.6508369446,
                26.32837677,
                23.4937267303,
                29.0200557709,
                26.5296897888,
                15.6348199844,
                19.1763153076,
                15.5377101898,
                10.8877563477,
                7.6298122406,
                7.56860303879,
                7.77467823029,
                5.54107093811,
                5.78911828995,
                5.8871421814,
                8.24335956573,
                5.27049207687,
                3.63040113449,
                2.30804753304,
                0.93315577507,
                0.282502532005,
                0.0659044086933,
                0.0114650642499,
                0.000929818605073,
                8.00525012892e-05
            ],
            "median": [
                0.0140597838908,
                0.311601489782,
                1.07419717312,
                2.10894370079,
                4.46765947342,
                4.9053311348,
                5.12061691284,
                3.81123566628,
                5.37678813934,
                5.09991836548,
                6.42332696915,
                7.88562965393,
                7.60968017578,
                8.91900634766,
                7.63212537766,
                6.69583129883,
                5.94293403625,
                6.72756099701,
                7.58730554581,
                6.57240724564,
                5.66450119019,
                7.56845855713,
                6.0461640358,
                3.46906924248,
                2.38123393059,
                2.61159968376,
                2.7455766201,
                1.64458680153,
                1.34834980965,
                0.663928687572,
                0.40335097909,
                0.451143056154,
                0.641110539436,
                0.553975582123,
                0.193449795246,
                0.0488274767995,
                0.00739377783611,
                0.00123561581131,
                8.05967501947e-05,
                4.53797038062e-05
            ],
            "min": [
                8.33795936995e-22,
                2.36977976065e-21,
                4.12174163374e-21,
                1.78896629055e-20,
                1.05579821197e-19,
                4.15655207579e-19,
                4.50428898254e-19,
                2.52656838033e-19,
                9.1765225128e-19,
                1.0850675068e-18,
                1.69951329243e-18,
                1.17955913991e-18,
                2.15139151452e-18,
                3.30404557103e-18,
                2.97776149007e-18,
                6.43421653653e-18,
                9.87149236651e-18,
                4.66799981309e-18,
                5.41961085924e-18,
                4.99134760967e-18,
                1.22790933564e-17,
                6.47569592193e-18,
                1.02090407863e-17,
                1.2347606245e-17,
                1.46860954675e-17,
                1.45772566969e-17,
                1.50931824798e-17,
                1.54317657025e-17,
                1.45770350125e-17,
                1.88893872804e-17,
                1.72613270901e-17,
                1.6322129679e-17,
                1.5385726484e-17,
                1.56889708965e-17,
                7.42914482781e-18,
                5.92854448446e-18,
                3.6266001014e-18,
                1.37191275353e-18,
                3.52545333498e-19,
                4.11669340863e-20
            ],
            "var": [
                1.2746847868,
                48.4665908813,
                244.793334961,
                368.496246338,
                248.528167725,
                729.047668457,
                845.261962891,
                1331.63244629,
                486.796112061,
                901.043334961,
                1361.0916748,
                7291.82226563,
                2034.80065918,
                10244.4472656,
                4970.48974609,
                2700.5324707,
                4328.16748047,
                2175.27026367,
                3437.94970703,
                3894.84472656,
                1147.43701172,
                1953.9230957,
                1127.34155273,
                668.85168457,
                370.803253174,
                339.179840088,
                337.362060547,
                217.457321167,
                191.343688965,
                362.184875488,
                1107.50244141,
                365.597991943,
                112.572494507,
                35.2267532349,
                6.36112356186,
                0.760191857815,
                0.0734164193273,
                0.0023568822071,
                2.53337275353e-05,
                2.71081308512e-08
            ]
        },
        "erbbands_crest": {
            "dmean": 2.69260525703,
            "dmean2": 4.30948734283,
            "dvar": 6.40149784088,
            "dvar2": 15.6307725906,
            "max": 30.4088420868,
            "mean": 9.96890640259,
            "median": 8.75951099396,
            "min": 2.3850979805,
            "var": 23.8868923187
        },
        "erbbands_flatness_db": {
            "dmean": 0.0162801947445,
            "dmean2": 0.0235708355904,
            "dvar": 0.000275182130281,
            "dvar2": 0.000546870112885,
            "max": 0.601073920727,
            "mean": 0.171453282237,
            "median": 0.155302494764,
            "min": 0.046046949923,
            "var": 0.00538450991735
        },
        "erbbands_kurtosis": {
            "dmean": 1.26678955555,
            "dmean2": 1.96407365799,
            "dvar": 4.33844566345,
            "dvar2": 10.3460617065,
            "max": 45.0107116699,
            "mean": 1.28509902954,
            "median": 0.274368911982,
            "min": -1.76643323898,
            "var": 11.8032064438
        },
        "erbbands_skewness": {
            "dmean": 0.43488034606,
            "dmean2": 0.649432718754,
            "dvar": 0.237180024385,
            "dvar2": 0.528091490269,
            "max": 6.46912240982,
            "mean": 0.462091863155,
            "median": 0.419818729162,
            "min": -4.85970926285,
            "var": 0.872279763222
        },
        "erbbands_spread": {
            "dmean": 9.68981170654,
            "dmean2": 14.5183982849,
            "dvar": 148.909210205,
            "dvar2": 349.895050049,
            "max": 184.921279907,
            "mean": 39.1681404114,
            "median": 35.5293312073,
            "min": 0.623568892479,
            "var": 511.620147705
        },
        "gfcc": {
            "cov": [
                [
                    17377.7617188,
                    -4197.21875,
                    -1147.69909668,
                    1246.14440918,
                    -872.321105957,
                    1666.05786133,
                    -303.976409912,
                    794.610717773,
                    -158.232452393,
                    542.01159668,
                    -287.983978271,
                    273.005950928,
                    -85.3543014526
                ],
                [
                    -4197.21875,
                    2848.39868164,
                    421.548553467,
                    -539.557739258,
                    703.494262695,
                    -551.384887695,
                    331.54006958,
                    -255.51625061,
                    217.117385864,
                    -191.179077148,
                    225.931808472,
                    -145.533416748,
                    158.307830811
                ],
                [
                    -1147.69909668,
                    421.548553467,
                    1333.22473145,
                    335.114013672,
                    226.978515625,
                    107.236183167,
                    245.237808228,
                    67.6513824463,
                    193.661346436,
                    22.8885631561,
                    104.463745117,
                    73.0005874634,
                    -3.23672795296
                ],
                [
                    1246.14440918,
                    -539.557739258,
                    335.114013672,
                    836.665100098,
                    109.988136292,
                    242.418609619,
                    130.735900879,
                    116.036094666,
                    74.7499694824,
                    87.7669754028,
                    6.80157279968,
                    51.2400016785,
                    -41.4900970459
                ],
                [
                    -872.321105957,
                    703.494262695,
                    226.978515625,
                    109.988136292,
                    555.288818359,
                    46.2904586792,
                    243.887237549,
                    8.73487758636,
                    132.636444092,
                    9.57651805878,
                    84.3224182129,
                    -9.20690155029,
                    44.2167625427
                ],
                [
                    1666.05786133,
                    -551.384887695,
                    107.236183167,
                    242.418609619,
                    46.2904586792,
                    588.43737793,
                    143.998626709,
                    122.422424316,
                    42.4272613525,
                    101.81375885,
                    -12.2791776657,
                    47.8345222473,
                    -30.7115039825
                ],
                [
                    -303.976409912,
                    331.54006958,
                    245.237808228,
                    130.735900879,
                    243.887237549,
                    143.998626709,
                    314.872924805,
                    28.1475028992,
                    110.560302734,
                    26.5761699677,
                    52.3678512573,
                    19.1533317566,
                    -0.33289578557
                ],
                [
                    794.610717773,
                    -255.51625061,
                    67.6513824463,
                    116.036094666,
                    8.73487758636,
                    122.422424316,
                    28.1475028992,
                    196.187652588,
                    30.4520740509,
                    57.876335144,
                    10.3349838257,
                    33.4505615234,
                    29.1749382019
                ],
                [
                    -158.232452393,
                    217.117385864,
                    193.661346436,
                    74.7499694824,
                    132.636444092,
                    42.4272613525,
                    110.560302734,
                    30.4520740509,
                    176.864959717,
                    30.2400970459,
                    44.2308654785,
                    20.5156593323,
                    23.9241638184
                ],
                [
                    542.01159668,
                    -191.179077148,
                    22.8885631561,
                    87.7669754028,
                    9.57651805878,
                    101.81375885,
                    26.5761699677,
                    57.876335144,
                    30.2400970459,
                    125.632080078,
                    7.55833864212,
                    33.0262413025,
                    16.093328476
                ],
                [
                    -287.983978271,
                    225.931808472,
                    104.463745117,
                    6.80157279968,
                    84.3224182129,
                    -12.2791776657,
                    52.3678512573,
                    10.3349838257,
                    44.2308654785,
                    7.55833864212,
                    133.49432373,
                    18.5109348297,
                    29.3107013702
                ],
                [
                    273.005950928,
                    -145.533416748,
                    73.0005874634,
                    51.2400016785,
                    -9.20690155029,
                    47.8345222473,
                    19.1533317566,
                    33.4505615234,
                    20.5156593323,
                    33.0262413025,
                    18.5109348297,
                    114.677963257,
                    16.2864990234
                ],
                [
                    -85.3543014526,
                    158.307830811,
                    -3.23672795296,
                    -41.4900970459,
                    44.2167625427,
                    -30.7115039825,
                    -0.33289578557,
                    29.1749382019,
                    23.9241638184,
                    16.093328476,
                    29.3107013702,
                    16.2864990234,
                    127.002052307
                ]
            ],
            "icov": [
                [
                    0.000139984636917,
                    -3.44348736689e-05,
                    0.000164898956427,
                    -0.000177007721504,
                    0.000175957378815,
                    -0.000329322559992,
                    0.000178880625754,
                    -0.000324702297803,
                    -2.86709055217e-05,
                    -0.000160533643793,
                    8.42509252834e-05,
                    -0.000154947003466,
                    4.37100570707e-05
                ],
                [
                    -3.44348736689e-05,
                    0.00182324822526,
                    -0.000465405988507,
                    0.0010623508133,
                    -0.00145793380216,
                    0.00127346720546,
                    -0.00135860533919,
                    0.00130887271371,
                    -0.000687403779011,
                    0.00101409351919,
                    -0.00112879415974,
                    0.00162569747772,
                    -0.0013962930534
                ],
                [
                    0.000164898956427,
                    -0.000465405988507,
                    0.00134578964207,
                    -0.000749185215682,
                    0.000549689284526,
                    -0.000587523332797,
                    0.000101390382042,
                    -0.000782598857768,
                    -0.00058453559177,
                    -4.5860229875e-05,
                    -4.93014813401e-05,
                    -0.000960886012763,
                    0.000577615515795
                ],
                [
                    -0.000177007721504,
                    0.0010623508133,
                    -0.000749185215682,
                    0.00242568529211,
                    -0.00124455429614,
                    0.000777460692916,
                    -0.00100781628862,
                    0.000547874020413,
                    -0.000373780116206,
                    0.00015556915605,
                    -0.00048390624579,
                    0.000864961417392,
                    -0.000125566148199
                ],
                [
                    0.000175957378815,
                    -0.00145793380216,
                    0.000549689284526,
                    -0.00124455429614,
                    0.00449619069695,
                    -0.00116319907829,
                    -0.000864515488502,
                    -0.00108238647226,
                    -0.000368274399079,
                    -0.000726819504052,
                    0.000162990560057,
                    -0.000526799471118,
                    0.000134121408337
                ],
                [
                    -0.000329322559992,
                    0.00127346720546,
                    -0.000587523332797,
                    0.000777460692916,
                    -0.00116319907829,
                    0.00414632679895,
                    -0.0024924245663,
                    0.000534462276846,
                    -0.000137511771754,
                    -0.000255620398093,
                    -0.000421371136326,
                    0.00106919428799,
                    -0.000272929144558
                ],
                [
                    0.000178880625754,
                    -0.00135860533919,
                    0.000101390382042,
                    -0.00100781628862,
                    -0.000864515488502,
                    -0.0024924245663,
                    0.00753909628838,
                    -0.00104118755553,
                    -0.00116870342754,
                    -0.000729562947527,
                    0.000339967285981,
                    -0.00165363994893,
                    0.00189047993626
                ],
                [
                    -0.000324702297803,
                    0.00130887271371,
                    -0.000782598857768,
                    0.000547874020413,
                    -0.00108238647226,
                    0.000534462276846,
                    -0.00104118755553,
                    0.00852010585368,
                    -0.000772114202846,
                    -0.000538201828022,
                    -0.00107714242768,
                    0.000931137183215,
                    -0.00280174356885
                ],
                [
                    -2.86709055217e-05,
                    -0.000687403779011,
                    -0.00058453559177,
                    -0.000373780116206,
                    -0.000368274399079,
                    -0.000137511771754,
                    -0.00116870342754,
                    -0.000772114202846,
                    0.00896385218948,
                    -0.00168948969804,
                    -0.00037469342351,
                    -0.000829074182548,
                    -0.000311851763399
                ],
                [
                    -0.000160533643793,
                    0.00101409351919,
                    -4.5860229875e-05,
                    0.00015556915605,
                    -0.000726819504052,
                    -0.000255620398093,
                    -0.000729562947527,
                    -0.000538201828022,
                    -0.00168948969804,
                    0.0116401305422,
                    -0.000862551678438,
                    -0.000688041676767,
                    -0.00187878706492
                ],
                [
                    8.42509252834e-05,
                    -0.00112879415974,
                    -4.93014813401e-05,
                    -0.00048390624579,
                    0.000162990560057,
                    -0.000421371136326,
                    0.000339967285981,
                    -0.00107714242768,
                    -0.00037469342351,
                    -0.000862551678438,
                    0.0100310100242,
                    -0.0021773474291,
                    -0.00046193660819
                ],
                [
                    -0.000154947003466,
                    0.00162569747772,
                    -0.000960886012763,
                    0.000864961417392,
                    -0.000526799471118,
                    0.00106919428799,
                    -0.00165363994893,
                    0.000931137183215,
                    -0.000829074182548,
                    -0.000688041676767,
                    -0.0021773474291,
                    0.0119371116161,
                    -0.00243367440999
                ],
                [
                    4.37100570707e-05,
                    -0.0013962930534,
                    0.000577615515795,
                    -0.000125566148199,
                    0.000134121408337,
                    -0.000272929144558,
                    0.00189047993626,
                    -0.00280174356885,
                    -0.000311851763399,
                    -0.00187878706492,
                    -0.00046193660819,
                    -0.00243367440999,
                    0.0108688389882
                ]
            ],
            "mean": [
                -32.5700187683,
                101.958709717,
                -103.554756165,
                25.2269458771,
                -51.6744537354,
                15.3897790909,
                -39.6727180481,
                10.0862445831,
                -27.3072891235,
                -0.961574554443,
                -17.4841690063,
                -4.31228113174,
                -4.05773115158
            ]
        },
        "hfc": {
            "dmean": 10.661895752,
            "dmean2": 16.5653648376,
            "dvar": 583.050964355,
            "dvar2": 1402.83581543,
            "max": 263.561340332,
            "mean": 22.2758674622,
            "median": 14.8070087433,
            "min": 1.20084165335e-16,
            "var": 771.925415039
        },
        "melbands": {
            "dmean": [
                0.00195675180294,
                0.001821915037,
                0.000926777836867,
                0.000471509905765,
                0.000340632686857,
                0.000203612828045,
                0.00012279341172,
                0.000114403635962,
                0.000114297195978,
                0.000134248592076,
                6.75885894452e-05,
                8.96315323189e-05,
                7.74414656917e-05,
                4.52387102996e-05,
                4.00735880248e-05,
                2.92767799692e-05,
                2.67517498287e-05,
                3.20205799653e-05,
                2.19894263864e-05,
                1.90240280062e-05,
                1.29785903482e-05,
                1.20795039038e-05,
                1.22835936054e-05,
                9.23507104744e-06,
                6.35122341919e-06,
                4.66313667857e-06,
