{
    "lowlevel": {
        "average_loudness": 0.916804373264,
        "barkbands": {
            "dmean": [
                0.00222982070409,
                0.0217852499336,
                0.00838374905288,
                0.00452475436032,
                0.00231331400573,
                0.00051889650058,
                0.000599120685365,
                0.000257748848526,
                0.000265600014245,
                0.000284222798655,
                0.000118295312859,
                6.68090797262e-05,
                7.34296772862e-05,
                8.96346900845e-05,
                7.34933855711e-05,
                0.00023143258295,
                0.000155194662511,
                0.000158626047778,
                0.00016875055735,
                0.000138518589665,
                8.49182906677e-05,
                6.8752138759e-05,
                5.40891669516e-05,
                5.72810531594e-05,
                6.17302430328e-05,
                2.65912822215e-05,
                9.34399577091e-06
            ],
            "dmean2": [
                0.00265041319653,
                0.0288929957896,
                0.015165775083,
                0.00805896148086,
                0.0036456421949,
                0.000852142169606,
                0.000971556233708,
                0.000436887494288,
                0.000431376538472,
                0.000442340155132,
                0.000191664512386,
                0.000110388325993,
                0.000128183266497,
                0.000147750877659,
                0.000117998439237,
                0.000398025586037,
                0.00023598477128,
                0.000242221096414,
                0.000261666747974,
                0.000208497411222,
                0.000126744722365,
                0.000101719291706,
                7.8685261542e-05,
                8.32840596559e-05,
                8.86249981704e-05,
                4.03062331316e-05,
                1.5414734662e-05
            ],
            "dvar": [
                2.41244651988e-05,
                0.00252513983287,
                0.000819258799311,
                0.000136697170092,
                1.61951411428e-05,
                8.91615343335e-07,
                1.53121902713e-06,
                4.18097158672e-07,
                3.94577028828e-07,
                6.04070748977e-07,
                1.26107451592e-07,
                2.87462960102e-08,
                1.38057060894e-07,
                7.70552546214e-08,
                4.34564739749e-08,
                1.38467021316e-06,
                4.5771523105e-07,
                4.83075325519e-07,
                4.89253523028e-07,
                2.89626626682e-07,
                8.37003781839e-08,
                6.01307448278e-08,
                3.49159172686e-08,
                3.55194451629e-08,
                3.16286374868e-08,
                6.3058473998e-09,
                7.85158826844e-10
            ],
            "dvar2": [
                3.74558694602e-05,
                0.00473041785881,
                0.00228031002916,
                0.000397936062654,
                3.87193977076e-05,
                2.25526582653e-06,
                3.62169294021e-06,
                1.11068698061e-06,
                1.01653267848e-06,
                1.4615471855e-06,
                3.22705631106e-07,
                7.26648607952e-08,
                3.96657270585e-07,
                1.98123558448e-07,
                1.00397841152e-07,
                3.80737878913e-06,
                9.95582922769e-07,
                1.16082810564e-06,
                1.13175269689e-06,
                6.77159619045e-07,
                1.84543026194e-07,
                1.39952661016e-07,
                7.33769027761e-08,
                7.98305066496e-08,
                6.20198292722e-08,
                1.46932928047e-08,
                1.95345317699e-09
            ],
            "max": [
                0.0781209990382,
                0.404005110264,
                0.232212603092,
                0.0946242511272,
                0.0514065884054,
                0.0204310584813,
                0.0240780990571,
                0.0147115280852,
                0.0120299961418,
                0.0275835730135,
                0.00742044858634,
                0.00256857834756,
                0.0199727918953,
                0.00379232363775,
                0.00260234344751,
                0.0119037590921,
                0.00672091217712,
                0.00746578909457,
                0.00650059105828,
                0.0085156718269,
                0.00551059423015,
                0.00532745430246,
                0.0028795003891,
                0.00350235309452,
                0.00519280135632,
                0.0014054547064,
                0.000316611811286
            ],
            "mean": [
                0.00349878193811,
                0.0341919586062,
                0.00751309841871,
                0.00851292256266,
                0.00413023727015,
                0.000773806998041,
                0.000793199520558,
                0.000290577474516,
                0.000374672119506,
                0.000400389631977,
                0.000140074684168,
                8.90660230652e-05,
                8.22394649731e-05,
                0.000107345076685,
                9.94052970782e-05,
                0.000178450514795,
                0.000145616882946,
                0.00014490869944,
                0.000159352523042,
                0.000150969164679,
                0.00011232347606,
                8.88754948392e-05,
                7.7555559983e-05,
                9.14773336262e-05,
                0.000106781655631,
                3.24705870298e-05,
                7.7801032603e-06
            ],
            "median": [
                9.055040573e-05,
                0.00097464537248,
                0.000677147647366,
                0.00180169439409,
                0.00176576187368,
                0.000297559658065,
                0.000209722536965,
                7.17489165254e-05,
                9.12043251446e-05,
                0.000101420599094,
                3.44082909578e-05,
                2.45734318014e-05,
                1.71891060745e-05,
                1.76116336661e-05,
                1.64146022144e-05,
                9.32060265768e-06,
                7.96150379756e-06,
                8.44185524329e-06,
                8.77174534253e-06,
                1.08904050649e-05,
                1.29236195789e-05,
                4.82288487547e-06,
                3.04809327645e-06,
                7.7009854067e-06,
                1.43883189594e-05,
                2.65208154815e-06,
                1.90011178347e-07
            ],
            "min": [
                1.95311507726e-24,
                3.13454038462e-23,
                6.52922264109e-24,
                3.92859830548e-24,
                3.84647283654e-23,
                1.47573976588e-22,
                1.03155162768e-22,
                7.14946468559e-23,
                9.28014328071e-23,
                8.90536114444e-23,
                3.07507320968e-23,
                6.62750129924e-23,
                1.09945500736e-22,
                1.6393507798e-22,
                1.46819825563e-22,
                1.83832989909e-22,
                1.70843315943e-22,
                3.24519377758e-22,
                2.46664965838e-22,
                3.03264284284e-22,
                5.14218160653e-22,
                3.67836323287e-22,
                5.97458409962e-22,
                1.17325916758e-21,
                1.40656792312e-21,
                1.74149307041e-21,
                2.16355268834e-21
            ],
            "var": [
                6.58106655465e-05,
                0.00536381313577,
                0.000529914919753,
                0.00014976359671,
                3.46850138158e-05,
                1.56298210641e-06,
                2.25132384912e-06,
                4.52138664286e-07,
                5.98521182837e-07,
                8.09889286302e-07,
                1.29482614852e-07,
                3.4914769742e-08,
                9.36815993668e-08,
                8.23099739478e-08,
                6.17023303562e-08,
                9.41051553127e-07,
                4.74487279689e-07,
                4.44959113111e-07,
                4.68793189157e-07,
                3.26871486322e-07,
                1.2683648265e-07,
                9.6643532288e-08,
                7.14079035902e-08,
                8.44800780442e-08,
                8.75353549645e-08,
                9.13917652667e-09,
                6.72566502491e-10
            ]
        },
        "barkbands_crest": {
            "dmean": 3.10288834572,
            "dmean2": 4.59578514099,
            "dvar": 9.70532798767,
            "dvar2": 20.4380645752,
            "max": 26.7845191956,
            "mean": 15.7567720413,
            "median": 15.421579361,
            "min": 2.42544388771,
            "var": 29.1389446259
        },
        "barkbands_flatness_db": {
            "dmean": 0.0439300462604,
            "dmean2": 0.0583699308336,
            "dvar": 0.00241112033837,
            "dvar2": 0.0041778977029,
            "max": 0.783587872982,
            "mean": 0.248724415898,
            "median": 0.230994895101,
            "min": 0.0203945711255,
            "var": 0.0126379728317
        },
        "barkbands_kurtosis": {
            "dmean": 37.1154136658,
            "dmean2": 57.4214859009,
            "dvar": 13488.9072266,
            "dvar2": 35242.34375,
            "max": 2856.20947266,
            "mean": 52.6793174744,
            "median": 21.533826828,
            "min": -1.97459924221,
            "var": 14585.7324219
        },
        "barkbands_skewness": {
            "dmean": 1.69542551041,
            "dmean2": 2.43857192993,
            "dvar": 6.12145233154,
            "dvar2": 14.3116569519,
            "max": 37.3202934265,
            "mean": 4.05896377563,
            "median": 3.57084798813,
            "min": -16.6958045959,
            "var": 14.658747673
        },
        "barkbands_spread": {
            "dmean": 5.27772188187,
            "dmean2": 7.86219453812,
            "dvar": 102.539932251,
            "dvar2": 228.395233154,
            "max": 123.407859802,
            "mean": 10.4184103012,
            "median": 5.05797338486,
            "min": 0.0359233021736,
            "var": 233.877563477
        },
        "dissonance": {
            "dmean": 0.0299170110375,
            "dmean2": 0.0488601177931,
            "dvar": 0.00110696232878,
            "dvar2": 0.00276734656654,
            "max": 0.500000119209,
            "mean": 0.438603818417,
            "median": 0.452478200197,
            "min": 0.0742384940386,
            "var": 0.0029450498987
        },
        "dynamic_complexity": 6.15436601639,
        "erbbands": {
            "dmean": [
                0.878281593323,
                4.73372983932,
                8.19762134552,
                14.3790359497,
                9.95701503754,
                7.95308113098,
                3.68869280815,
                4.5397233963,
                8.81144046783,
                5.4643073082,
                5.84788036346,
                6.50058174133,
                6.11408138275,
                8.18654823303,
                3.86614704132,
                2.69605970383,
                3.17566776276,
                3.85590100288,
                4.29020404816,
                9.52816486359,
                9.20855236053,
                7.89175415039,
                7.77525377274,
                7.11086511612,
                9.60455131531,
                6.82362651825,
                3.74675559998,
                3.25343155861,
                2.59833192825,
                1.93869888783,
                1.49673724174,
                1.26872515678,
                0.943405926228,
                0.745419323444,
                0.425197660923,
                0.147705689073,
                0.0416510216892,
                0.0109969247133,
                0.0017033246113,
                9.51209804043e-05
            ],
            "dmean2": [
                1.05872857571,
                6.66447639465,
                13.8137168884,
                26.1368522644,
                16.3864860535,
                12.5499677658,
                6.14447641373,
                7.48111438751,
                14.2177391052,
                9.15405750275,
                9.78826236725,
                10.6268587112,
                9.19192695618,
                12.7967624664,
                6.20152568817,
                4.46847963333,
                5.46132326126,
                6.36077547073,
                6.74184083939,
                16.8410625458,
                14.6519651413,
                11.8158226013,
                11.5372457504,
                11.0221967697,
                14.8140916824,
                10.3448829651,
                5.52095127106,
                4.94192886353,
                3.84864544868,
                2.7955698967,
                2.23588943481,
                1.9772207737,
                1.32739889622,
                1.08337831497,
                0.624341785908,
                0.218875169754,
                0.0646941885352,
                0.0179031733423,
                0.00280453660525,
                0.000143042168929
            ],
            "dvar": [
                3.3917620182,
                146.792892456,
                683.705505371,
                1838.3729248,
                362.62878418,
                230.805206299,
                50.6936836243,
                75.4167022705,
                327.141906738,
                131.584579468,
                223.629776001,
                238.688400269,
                426.816467285,
                397.289459229,
                129.472396851,
                46.9120330811,
                186.626098633,
                166.644088745,
                152.817382812,
                2184.59936523,
                1749.73852539,
                1161.3762207,
                1131.36755371,
                809.058654785,
                1688.90161133,
                729.475585938,
                162.565185547,
                135.929992676,
                87.9215011597,
                45.0100784302,
                30.6556529999,
                20.8806838989,
                8.61659812927,
                4.75876283646,
                1.53746771812,
                0.167556971312,
                0.0174781680107,
                0.00137999502476,
                2.21374375542e-05,
                5.57713448757e-08
            ],
            "dvar2": [
                4.96008205414,
                316.191131592,
                1766.20239258,
                5324.87939453,
                976.437255859,
                553.694946289,
                135.699447632,
                188.80380249,
                777.279724121,
                326.860626221,
                605.395690918,
                643.184448242,
                875.377685547,
                1011.50482178,
                333.998809814,
                117.629501343,
                526.918579102,
                435.915924072,
                369.89855957,
                6216.28125,
                4350.37158203,
                2440.10693359,
                2614.17236328,
                1870.10070801,
                3873.94140625,
                1731.86376953,
                339.514862061,
                309.131469727,
                200.51739502,
                90.1769561768,
                73.9490585327,
                51.5853881836,
                17.8406848907,
                9.91823768616,
                3.07388710976,
                0.355019181967,
                0.0428448282182,
                0.00348479556851,
                5.43173555343e-05,
                1.32585341817e-07
            ],
            "max": [
                15.9235591888,
                98.3762435913,
                217.933334351,
                367.169128418,
                215.298339844,
                197.415542603,
                132.976318359,
                255.874008179,
                370.210174561,
                230.517929077,
                367.578826904,
                316.620178223,
                645.786193848,
                739.419128418,
                202.33555603,
                122.893379211,
                685.228027344,
                386.349090576,
                182.696304321,
                516.714904785,
                422.10635376,
                336.973724365,
                356.621002197,
                316.955596924,
                378.428741455,
                371.384429932,
                387.453582764,
                255.104171753,
                212.354995728,
                145.823135376,
                79.9808502197,
                84.2304458618,
                62.154460907,
                48.7397155762,
                43.8311462402,
                13.4326982498,
                2.18085503578,
                0.433223217726,
                0.0525902621448,
                0.00281395576894
            ],
            "mean": [
                1.50600898266,
                5.60081672668,
                7.88838529587,
                21.9482269287,
                21.4297885895,
                12.3240642548,
                5.48588657379,
                6.76556921005,
                12.0518388748,
                7.18380403519,
                7.35499715805,
                9.41998767853,
                8.81083488464,
                12.1757564545,
                5.15522289276,
                3.70667648315,
                3.82474446297,
                4.79707765579,
                5.76118040085,
                8.19105052948,
                8.16073322296,
                7.73544788361,
                7.42776346207,
                6.97176551819,
                8.95004749298,
                7.32992601395,
                5.18494939804,
                4.11447763443,
                3.30563735962,
                2.69663858414,
                2.08151698112,
                1.8538813591,
                1.56220698357,
                1.2606395483,
                0.708551168442,
                0.205279052258,
                0.0479691252112,
                0.0103834522888,
                0.00143663678318,
                0.00013036589371
            ],
            "median": [
                0.0346827767789,
                0.218474388123,
                1.46281957626,
                4.48357009888,
                9.34311962128,
                4.20364570618,
                2.30892562866,
                2.71527981758,
                3.45385503769,
                2.5915825367,
                2.1239938736,
                2.31876015663,
                2.55988788605,
                3.30210804939,
                1.63443136215,
                1.05002069473,
                0.856666326523,
                0.8988904953,
                1.00430715084,
                0.706907391548,
                0.528114497662,
                0.454755991697,
                0.473156362772,
                0.47695633769,
                0.430960804224,
                0.50154531002,
                0.53498339653,
                0.46569788456,
                0.193720981479,
                0.0828235968947,
                0.0934062451124,
                0.119217447937,
                0.157922446728,
                0.171457931399,
                0.0833414569497,
                0.0196268167347,
                0.00353568000719,
                0.000511465535965,
                6.04819761065e-05,
                4.24815552833e-05
            ],
            "min": [
                1.04387487196e-21,
                6.40478718547e-21,
                7.30229551766e-21,
                1.37719901279e-20,
                2.88009393578e-20,
                1.65949775822e-19,
                3.434766164e-19,
                1.64680689476e-18,
                1.2169562856e-18,
                2.25738519744e-18,
                1.94842062415e-18,
                1.88247654494e-18,
                2.32126525422e-18,
                1.87860616686e-18,
                1.2464340041e-18,
                3.10404508624e-18,
                5.59047121862e-18,
                7.61467813049e-18,
                6.42138944677e-18,
                1.05719133405e-17,
                8.9010465534e-18,
                1.17086075674e-17,
                1.51943747929e-17,
                1.44482082495e-17,
                1.48051929321e-17,
                1.36724683449e-17,
                1.8024826376e-17,
                1.91561910783e-17,
                1.30282691828e-17,
                1.25393425751e-17,
                1.75704378675e-17,
                1.94031375783e-17,
                2.28697688075e-17,
                1.57127209063e-17,
                1.02120856381e-17,
                5.98120900611e-18,
                3.30207109091e-18,
                1.06957896342e-18,
                3.00431998479e-19,
                3.64975964636e-20
            ],
            "var": [
                9.85997200012,
                199.148620605,
                531.915100098,
                1416.26184082,
                749.949157715,
                426.535644531,
                73.5369720459,
                132.681976318,
                502.943939209,
                163.625534058,
                248.588790894,
                365.249298096,
                677.211669922,
                603.432861328,
                138.656219482,
                58.2014350891,
                141.930877686,
                171.801040649,
                200.052276611,
                1459.65612793,
                1490.46691895,
                1270.1048584,
                1121.64526367,
                815.098937988,
                1613.32458496,
                790.26361084,
                290.810546875,
                178.38659668,
                135.432220459,
                96.2634735107,
                51.7517738342,
                38.8789024353,
                23.0160751343,
                11.5579271317,
                4.3428311348,
                0.364683568478,
                0.0210230220109,
                0.00121235894039,
                1.94563726836e-05,
                6.51877343216e-08
            ]
        },
        "erbbands_crest": {
            "dmean": 3.17018508911,
            "dmean2": 4.98910570145,
            "dvar": 10.6442604065,
            "dvar2": 23.7044048309,
            "max": 34.3801040649,
            "mean": 12.1991558075,
            "median": 10.6140670776,
            "min": 2.51759982109,
            "var": 42.9674301147
        },
        "erbbands_flatness_db": {
            "dmean": 0.0282072555274,
            "dmean2": 0.0393426902592,
            "dvar": 0.00107417011168,
            "dvar2": 0.00194640480913,
            "max": 0.627525985241,
            "mean": 0.175206169486,
            "median": 0.157072454691,
            "min": 0.0342327021062,
            "var": 0.0058709778823
        },
        "erbbands_kurtosis": {
            "dmean": 4.82418107986,
            "dmean2": 7.48541879654,
            "dvar": 140.682235718,
            "dvar2": 311.826385498,
            "max": 252.2762146,
            "mean": 6.56908798218,
            "median": 1.95584487915,
            "min": -1.90188670158,
            "var": 276.00894165
        },
        "erbbands_skewness": {
            "dmean": 0.698271870613,
            "dmean2": 1.03464746475,
            "dvar": 0.824608027935,
            "dvar2": 1.72808670998,
            "max": 11.1075639725,
            "mean": 1.32256913185,
            "median": 1.18582975864,
            "min": -4.86033964157,
            "var": 2.79332017899
        },
        "erbbands_spread": {
            "dmean": 12.7208757401,
            "dmean2": 19.4104785919,
            "dvar": 267.466339111,
            "dvar2": 606.657226562,
            "max": 229.093276978,
            "mean": 38.2770614624,
            "median": 32.7294502258,
            "min": 0.216165751219,
            "var": 753.876220703
        },
        "gfcc": {
            "cov": [
                [
                    43067.9101562,
                    2542.10180664,
                    736.044433594,
                    3242.73510742,
                    -166.762908936,
                    1324.01623535,
                    -1110.16223145,
                    988.038146973,
                    -837.141784668,
                    781.135192871,
                    -822.9609375,
                    -394.628875732,
                    -738.786254883
                ],
                [
                    2542.10180664,
                    3303.12548828,
                    483.577331543,
                    -20.6465053558,
                    377.467010498,
                    -86.8971862793,
                    162.679031372,
                    6.89593267441,
                    101.478111267,
                    -154.044113159,
                    104.454490662,
                    -226.14680481,
                    109.531562805
                ],
                [
                    736.044433594,
                    483.577331543,
                    1348.5880127,
                    455.159301758,
                    367.052642822,
                    192.497787476,
                    122.950935364,
                    108.346885681,
                    119.015686035,
                    23.0300312042,
                    84.8392562866,
                    -10.6787481308,
                    16.895318985
                ],
                [
                    3242.73510742,
                    -20.6465053558,
                    455.159301758,
                    937.058776855,
                    314.748474121,
                    296.855651855,
                    70.3715667725,
                    141.55015564,
                    116.920791626,
                    159.343734741,
                    58.9036560059,
                    17.4019565582,
                    -39.9548568726
                ],
                [
                    -166.762908936,
                    377.467010498,
                    367.052642822,
                    314.748474121,
                    597.826660156,
                    209.629379272,
                    313.79208374,
                    87.2296447754,
                    252.08416748,
                    35.6287193298,
                    127.729270935,
                    39.170009613,
                    54.1400032043
                ],
                [
                    1324.01623535,
                    -86.8971862793,
                    192.497787476,
                    296.855651855,
                    209.629379272,
                    398.69442749,
                    193.563537598,
                    140.910018921,
                    103.118003845,
                    102.403816223,
                    27.4421653748,
                    43.8551712036,
                    16.2699794769
                ],
                [
                    -1110.16223145,
                    162.679031372,
                    122.950935364,
                    70.3715667725,
                    313.79208374,
                    193.563537598,
                    462.18536377,
                    88.5760650635,
                    213.618423462,
                    20.5264148712,
                    96.8243103027,
                    58.2468566895,
                    79.9614334106
                ],
                [
                    988.038146973,
                    6.89593267441,
                    108.346885681,
                    141.55015564,
                    87.2296447754,
                    140.910018921,
                    88.5760650635,
                    239.622741699,
                    101.604515076,
                    112.678100586,
                    48.9673271179,
                    31.0897083282,
                    41.211643219
                ],
                [
                    -837.141784668,
                    101.478111267,
                    119.015686035,
                    116.920791626,
                    252.08416748,
                    103.118003845,
                    213.618423462,
                    101.604515076,
                    309.864746094,
                    96.5461730957,
                    154.371994019,
                    63.177444458,
                    62.851600647
                ],
                [
                    781.135192871,
                    -154.044113159,
                    23.0300312042,
                    159.343734741,
                    35.6287193298,
                    102.403816223,
                    20.5264148712,
                    112.678100586,
                    96.5461730957,
                    307.93963623,
                    111.569236755,
                    45.3901405334,
                    35.2040672302
                ],
                [
                    -822.9609375,
                    104.454490662,
                    84.8392562866,
                    58.9036560059,
                    127.729270935,
                    27.4421653748,
                    96.8243103027,
                    48.9673271179,
                    154.371994019,
                    111.569236755,
                    224.804412842,
                    86.5474395752,
                    76.7309417725
                ],
                [
                    -394.628875732,
                    -226.14680481,
                    -10.6787481308,
                    17.4019565582,
                    39.170009613,
                    43.8551712036,
                    58.2468566895,
                    31.0897083282,
                    63.177444458,
                    45.3901405334,
                    86.5474395752,
                    157.396255493,
                    49.6590995789
                ],
                [
                    -738.786254883,
                    109.531562805,
                    16.895318985,
                    -39.9548568726,
                    54.1400032043,
                    16.2699794769,
                    79.9614334106,
                    41.211643219,
                    62.851600647,
                    35.2040672302,
                    76.7309417725,
                    49.6590995789,
                    140.128540039
                ]
            ],
            "icov": [
                [
                    8.67621638463e-05,
                    -0.000156733905897,
                    7.03426412656e-05,
                    -0.000261136825429,
                    6.21840517852e-05,
                    -0.000193427695194,
                    0.000194802487385,
                    -0.000298226688756,
                    0.000212863262277,
                    -0.00020652776584,
                    0.000348663365003,
                    -0.000271683064057,
                    0.000333751377184
                ],
                [
                    -0.000156733905897,
                    0.000738835602533,
                    -0.000214154002606,
                    0.000527644064277,
                    -0.000398535426939,
                    0.000487538258312,
                    -0.000365023530321,
                    0.000414623093093,
                    -0.000245952105615,
                    0.000646414468065,
                    -0.00110876711551,
                    0.00145064550452,
                    -0.0010028827237
                ],
                [
                    7.03426412656e-05,
                    -0.000214154002606,
                    0.00108731037471,
                    -0.000553379883058,
                    -0.000376474345103,
                    -0.00029827610706,
                    0.00032205451862,
                    -0.00047429947881,
                    0.000339936552336,
                    0.000102570149465,
                    -3.66214517271e-05,
                    -7.04585763742e-05,
                    0.000251958554145
                ],
                [
                    -0.000261136825429,
                    0.000527644064277,
                    -0.000553379883058,
                    0.00274465768598,
                    -0.00109706621151,
                    -0.000369737972505,
                    0.000106994506496,
                    0.000634085154161,
                    -0.000552758574486,
                    3.69386580132e-05,
                    -0.00114347331692,
                    0.000864778761752,
                    -0.0001623177086
                ],
                [
                    6.21840517852e-05,
                    -0.000398535426939,
                    -0.000376474345103,
                    -0.00109706621151,
                    0.0044155465439,
                    -0.000734473753255,
                    -0.00141261296812,
                    0.000448006263468,
                    -0.00177706137765,
                    0.000496911699884,
                    -7.67493911553e-05,
                    -0.000239607616095,
                    0.000224720177357
                ],
                [
                    -0.000193427695194,
                    0.000487538258312,
                    -0.00029827610706,
                    -0.000369737972505,
                    -0.000734473753255,
                    0.0055327899754,
                    -0.00221042288467,
                    -0.000865804671776,
                    0.000164342229255,
                    -0.000503815244883,
                    0.000535077240784,
                    -0.000195912696654,
                    -0.000483705982333
                ],
                [
                    0.000194802487385,
                    -0.000365023530321,
                    0.00032205451862,
                    0.000106994506496,
                    -0.00141261296812,
                    -0.00221042288467,
                    0.00525719951838,
                    -0.000733489519916,
                    -0.00131758919451,
                    0.000312927324558,
                    0.000879489176441,
                    -0.000788207747974,
                    -0.000367632572306
                ],
                [
                    -0.000298226688756,
                    0.000414623093093,
                    -0.00047429947881,
                    0.000634085154161,
                    0.000448006263468,
                    -0.000865804671776,
                    -0.000733489519916,
                    0.00761787127703,
                    -0.00237626116723,
                    -0.000858692219481,
                    -0.000138641844387,
                    0.000689617183525,
                    -0.00243976572528
                ],
                [
                    0.000212863262277,
                    -0.000245952105615,
                    0.000339936552336,
                    -0.000552758574486,
                    -0.00177706137765,
                    0.000164342229255,
                    -0.00131758919451,
                    -0.00237626116723,
                    0.00849362276495,
                    -0.00110922125168,
                    -0.0025482669007,
                    -0.000469327118481,
                    0.00126485351939
                ],
                [
                    -0.00020652776584,
                    0.000646414468065,
                    0.000102570149465,
                    3.69386580132e-05,
                    0.000496911699884,
                    -0.000503815244883,
                    0.000312927324558,
                    -0.000858692219481,
                    -0.00110922125168,
                    0.00607216404751,
                    -0.00373296323232,
                    0.00161322846543,
                    -0.00121107161976
                ],
                [
                    0.000348663365003,
                    -0.00110876711551,
                    -3.66214517271e-05,
                    -0.00114347331692,
                    -7.67493911553e-05,
                    0.000535077240784,
                    0.000879489176441,
                    -0.000138641844387,
                    -0.0025482669007,
                    -0.00373296323232,
                    0.0121009508148,
                    -0.00533638335764,
                    -0.000764563097619
                ],
                [
                    -0.000271683064057,
                    0.00145064550452,
                    -7.04585763742e-05,
                    0.000864778761752,
                    -0.000239607616095,
                    -0.000195912696654,
                    -0.000788207747974,
                    0.000689617183525,
                    -0.000469327118481,
                    0.00161322846543,
                    -0.00533638335764,
                    0.0116390446201,
                    -0.00334629812278
                ],
                [
                    0.000333751377184,
                    -0.0010028827237,
                    0.000251958554145,
                    -0.0001623177086,
                    0.000224720177357,
                    -0.000483705982333,
                    -0.000367632572306,
                    -0.00243976572528,
                    0.00126485351939,
                    -0.00121107161976,
                    -0.000764563097619,
                    -0.00334629812278,
                    0.011841263622
                ]
            ],
            "mean": [
                -124.861351013,
                94.3897018433,
                -68.3027267456,
                25.598400116,
                -50.9368400574,
                12.025724411,
                -31.480386734,
                6.90331602097,
                -29.3147468567,
                -1.95771741867,
                -18.1924724579,
                -9.01425647736,
                -3.29594779015
            ]
        },
        "hfc": {
            "dmean": 6.79505348206,
            "dmean2": 9.44544887543,
            "dvar": 319.884796143,
            "dvar2": 684.32989502,
            "max": 202.867431641,
            "mean": 13.6726980209,
            "median": 6.93195724487,
            "min": 1.18351930018e-16,
            "var": 518.761657715
        },
        "melbands": {
            "dmean": [
                0.00664177304134,
                0.00434604100883,
                0.00231436523609,
                0.000641155638732,
                0.000147886195919,
                0.000100170218502,
                0.000133531240863,
                5.72690878471e-05,
                4.82311843371e-05,
                3.88804255635e-05,
                3.14672688546e-05,
                3.54107032763e-05,
                1.51021586134e-05,
                8.15289695311e-06,
                6.91582590662e-06,
                6.88718046149e-06,
                7.83424820838e-06,
                7.58591568228e-06,
                6.13588463239e-06,
                2.06247532333e-05,
                9.09417030925e-06,
                8.68175266078e-06,
                9.3144717539e-06,
                5.63899175177e-06,
                5.70323936699e-06,
                6.94954496794e-06,
                6.42996565148e-06,
