{
    "lowlevel": {
        "average_loudness": 0.858107507229,
        "barkbands": {
            "dmean": [
                8.53261371958e-05,
                0.00304179778323,
                0.00128955161199,
                0.000804117007647,
                0.00124361016788,
                0.000648996850941,
                0.0011804063106,
                0.000750221021008,
                0.000415752554545,
                0.000475187174743,
                0.000324130320223,
                0.000311423500534,
                0.000252910569543,
                0.00023666342895,
                0.000398494041292,
                0.000333601317834,
                0.000373467162717,
                0.000238039792748,
                0.000206791679375,
                0.000136091242894,
                5.77902865189e-05,
                6.03720000072e-05,
                6.23904925305e-05,
                5.58410320082e-05,
                4.47593338322e-05,
                1.57292488439e-05,
                4.91500304634e-06
            ],
            "dmean2": [
                0.000147461818415,
                0.00496380450204,
                0.00208381726407,
                0.00136927131098,
                0.00207521626726,
                0.00102146191057,
                0.00182081211824,
                0.00111221859697,
                0.000627145345788,
                0.0007191428449,
                0.000502622395288,
                0.000489105703309,
                0.000401546334615,
                0.000377041433239,
                0.000620718463324,
                0.000531052355655,
                0.000590208801441,
                0.000373158807633,
                0.000322916486766,
                0.000213406223338,
                9.39184828894e-05,
                9.38890589168e-05,
                9.96264425339e-05,
                8.34383827168e-05,
                6.75429255352e-05,
                2.45696774073e-05,
                7.95648338681e-06
            ],
            "dvar": [
                4.25616875077e-08,
                7.15199130354e-05,
                1.97665376618e-05,
                5.38289123142e-06,
                7.18281671652e-06,
                1.66002007518e-06,
                6.17453633822e-06,
                4.3386003199e-06,
                1.08984670533e-06,
                1.01827561139e-06,
                8.10939582152e-07,
                5.31817420324e-07,
                3.36346886343e-07,
                2.49559235499e-07,
                4.87741942834e-07,
                5.91655918925e-07,
                5.75886758725e-07,
                1.37304397185e-07,
                1.69064165334e-07,
                1.17958393275e-07,
                2.82708558785e-08,
                2.0969881831e-08,
                4.74281129925e-08,
                4.40469598573e-08,
                2.61883972286e-08,
                3.15886161673e-09,
                5.20688159256e-10
            ],
            "dvar2": [
                1.30941785415e-07,
                0.000183660420589,
                5.32412122993e-05,
                1.49000979945e-05,
                1.91945073311e-05,
                4.07139805247e-06,
                1.45128824443e-05,
                9.47987518884e-06,
                2.28128988056e-06,
                2.28075100495e-06,
                2.00752901947e-06,
                1.25616088553e-06,
                8.33645572129e-07,
                6.10803226664e-07,
                1.11198494324e-06,
                1.51846529661e-06,
                1.31624199184e-06,
                3.2869536426e-07,
                3.92934140336e-07,
                2.43768738528e-07,
                7.28122273586e-08,
                4.76567727503e-08,
                1.21595391533e-07,
                8.4291464475e-08,
                5.76285010823e-08,
                7.64933005826e-09,
                1.23308274702e-09
            ],
            "max": [
                0.00265560671687,
                0.122327238321,
                0.0759142935276,
                0.034748069942,
                0.0493092425168,
                0.026993766427,
                0.0381416864693,
                0.057503964752,
                0.0297400355339,
                0.0335814841092,
                0.0374299027026,
                0.0161437373608,
                0.0142501825467,
                0.00864110421389,
                0.0142164006829,
                0.0225713215768,
                0.0153856417164,
                0.00633631600067,
                0.00799024105072,
                0.0127210561186,
                0.00415526004508,
                0.00351727916859,
                0.00343108922243,
                0.00538153899834,
                0.00388988875784,
                0.00124881451484,
                0.000792743696366
            ],
            "mean": [
                0.000181943556527,
                0.00623525632545,
                0.00205016718246,
                0.00105339474976,
                0.0024190058466,
                0.00169514073059,
                0.00259672524408,
                0.00155703281052,
                0.000923807965592,
                0.000962081656326,
                0.000652383838315,
                0.000596400583163,
                0.000443819415523,
                0.000409002153901,
                0.00083714450011,
                0.000633422518149,
                0.000802008027676,
                0.00052514730487,
                0.000444001838332,
                0.000284480775008,
                0.000123561505461,
                0.000134378133225,
                0.000101925310446,
                9.39546953305e-05,
                7.29929597583e-05,
                2.13774364966e-05,
                5.72056205783e-06
            ],
            "median": [
                8.27107287478e-05,
                0.00511863827705,
                0.00079413264757,
                0.000354669551598,
                0.00143745506648,
                0.000777182867751,
                0.000704459147528,
                0.000402486068197,
                0.000302612257656,
                0.000350471935235,
                0.000177695095772,
                0.000192495499505,
                0.000178635062184,
                0.000181136507308,
                0.000353478215402,
                0.000230496938457,
                0.000331609335262,
                0.000297690334264,
                0.000243729082285,
                0.000125057573314,
                6.13627416897e-05,
                4.79513728351e-05,
                2.11456081161e-05,
                1.92160005099e-05,
                1.20653457998e-05,
                4.18838180849e-06,
                7.43799716929e-07
            ],
            "min": [
                1.23664667513e-23,
                9.87757982976e-23,
                3.59506475931e-23,
                1.96008631996e-23,
                4.85227743267e-23,
                2.6431002355e-23,
                8.05900300774e-23,
                4.62762089092e-23,
                1.01275572289e-22,
                1.72303895064e-22,
                7.13744307648e-23,
                6.81504887738e-23,
                1.15627975069e-22,
                1.14612477582e-22,
                1.48338502712e-22,
                1.30620699403e-22,
                2.46900311445e-22,
                3.61203101168e-22,
                1.46020248771e-22,
                2.71004013202e-22,
                3.18409201974e-22,
                5.48149125536e-22,
                5.51432604437e-22,
                8.98716589409e-22,
                1.14227018686e-21,
                1.98129002388e-21,
                2.68786382572e-21
            ],
            "var": [
                6.56500276364e-08,
                7.94253428467e-05,
                2.46077233896e-05,
                6.05596051173e-06,
                1.09588982014e-05,
                5.78162962483e-06,
                1.92123461602e-05,
                1.42985336424e-05,
                3.96750829168e-06,
                3.20720891978e-06,
                3.73763168682e-06,
                1.45437581978e-06,
                6.15129238213e-07,
                4.59758354054e-07,
                1.60328272614e-06,
                1.30370472107e-06,
                1.81973280178e-06,
                4.42728605776e-07,
                4.06185648671e-07,
                2.95020157637e-07,
                4.08729832202e-08,
                5.34463850954e-08,
                7.0351092063e-08,
                1.00778464684e-07,
                4.59889371029e-08,
                4.31388924582e-09,
                6.93701818211e-10
            ]
        },
        "barkbands_crest": {
            "dmean": 2.04858446121,
            "dmean2": 3.27396416664,
            "dvar": 4.55439949036,
            "dvar2": 12.0059127808,
            "max": 24.6995105743,
            "mean": 10.1213464737,
            "median": 8.98448753357,
            "min": 2.25588321686,
            "var": 20.9322738647
        },
        "barkbands_flatness_db": {
            "dmean": 0.0155195882544,
            "dmean2": 0.0229849033058,
            "dvar": 0.000299230479868,
            "dvar2": 0.000592800090089,
            "max": 0.577504336834,
            "mean": 0.144804298878,
            "median": 0.125521913171,
            "min": 0.0153414746746,
            "var": 0.00737719610333
        },
        "barkbands_kurtosis": {
            "dmean": 2.39797067642,
            "dmean2": 3.37100172043,
            "dvar": 80.8409118652,
            "dvar2": 131.387207031,
            "max": 1266.29577637,
            "mean": 9.47540473938,
            "median": 0.415873527527,
            "min": -1.90834724903,
            "var": 4234.515625
        },
        "barkbands_skewness": {
            "dmean": 0.374408096075,
            "dmean2": 0.556142747402,
            "dvar": 0.192848294973,
            "dvar2": 0.37429484725,
            "max": 28.1788101196,
            "mean": 1.36416876316,
            "median": 1.00216412544,
            "min": -3.14956498146,
            "var": 3.82382416725
        },
        "barkbands_spread": {
            "dmean": 4.44259977341,
            "dmean2": 6.75735044479,
            "dvar": 43.9877700806,
            "dvar2": 88.1799850464,
            "max": 115.60874939,
            "mean": 24.524810791,
            "median": 23.1577091217,
            "min": 0.126090332866,
            "var": 201.076660156
        },
        "dissonance": {
            "dmean": 0.0161534436047,
            "dmean2": 0.0269259624183,
            "dvar": 0.000302160944557,
            "dvar2": 0.000795833242591,
            "max": 0.499999940395,
            "mean": 0.457475155592,
            "median": 0.469006329775,
            "min": 0.188197866082,
            "var": 0.00171533576213
        },
        "dynamic_complexity": 4.25464487076,
        "erbbands": {
            "dmean": [
                0.0841054841876,
                0.707197368145,
                1.33321213722,
                2.04511761665,
                3.73109531403,
                4.37832689285,
                4.74124193192,
                5.22599983215,
                14.3778676987,
                16.1390457153,
                17.2649936676,
                9.36913204193,
                13.7616376877,
                12.7046384811,
                10.7645282745,
                13.2215032578,
                10.9071073532,
                12.5253314972,
                16.5059051514,
                17.9840202332,
                19.2698040009,
                15.3414640427,
                12.4592819214,
                9.1919002533,
                10.677148819,
                6.03028011322,
                3.09358477592,
                2.16679215431,
                2.36922550201,
                1.89073896408,
                1.69961345196,
                1.39769887924,
                0.859255969524,
                0.579331099987,
                0.282577186823,
                0.0910059511662,
                0.0258956644684,
                0.00600494071841,
                0.00103543535806,
                3.48724424839e-05
            ],
            "dmean2": [
                0.139785096049,
                1.1472492218,
                2.07182788849,
                3.5514061451,
                6.24823045731,
                7.32364988327,
                7.43698883057,
                8.36593055725,
                22.1596813202,
                24.3193683624,
                25.648853302,
                13.7371606827,
                20.9343109131,
                19.4476146698,
                16.6908435822,
                20.9546012878,
                17.0783462524,
                19.9275627136,
                24.8668136597,
                28.0730895996,
                30.7619094849,
                24.4479618073,
                19.6224517822,
                14.1389780045,
                16.5432395935,
                9.33657836914,
                4.96005439758,
                3.46256422997,
                3.70823788643,
                2.90486955643,
                2.71518182755,
                2.18676686287,
                1.26364660263,
                0.897789001465,
                0.419231712818,
                0.137025803328,
                0.0410996004939,
                0.00929156411439,
                0.00171355088241,
                5.71239506826e-05
            ],
            "dvar": [
                0.0466721616685,
                4.10510492325,
                17.6310844421,
                51.4106407166,
                82.4419937134,
                86.7279968262,
                101.605941772,
                113.52256012,
                1062.53771973,
                1386.76220703,
                2724.83300781,
                504.96182251,
                926.196411133,
                1233.96386719,
                638.085083008,
                946.495178223,
                589.317260742,
                768.059387207,
                1237.07507324,
                1072.35266113,
                2046.63757324,
                838.035766602,
                367.883636475,
                239.555892944,
                607.156677246,
                260.72833252,
                96.3961029053,
                35.7005958557,
                30.3481254578,
                47.2579841614,
                33.4075126648,
                25.6442737579,
                13.1808366776,
                4.4812912941,
                1.10023200512,
                0.109194755554,
                0.00934717711061,
                0.000536504667252,
                2.45406390604e-05,
                2.12302211366e-08
            ],
            "dvar2": [
                0.123291105032,
                10.4236030579,
                41.2752838135,
                149.968902588,
                215.566345215,
                231.350814819,
                244.928222656,
                288.354400635,
                2538.00537109,
                3082.81640625,
                6268.46875,
                948.342834473,
                2224.85205078,
                2871.37695313,
                1594.16931152,
                2279.76806641,
                1405.25085449,
                1870.06958008,
                2687.59985352,
                2669.05932617,
                5471.41650391,
                2052.26489258,
                891.475280762,
                528.80480957,
                1380.63366699,
                506.742095947,
                211.501434326,
                95.6827163696,
                72.1871566772,
                117.136146545,
                85.5494995117,
                59.9905433655,
                24.2650909424,
                10.4919748306,
                2.35469460487,
                0.254331409931,
                0.0231106393039,
                0.00114825565834,
                6.1723170802e-05,
                5.41369118423e-08
            ],
            "max": [
                2.57277679443,
                31.5608177185,
                72.813041687,
                113.396186829,
                160.90171814,
                171.529632568,
                271.772003174,
                292.897399902,
                650.66027832,
                839.480407715,
                1495.58679199,
                875.247558594,
                752.13269043,
                1791.40600586,
                690.038452148,
                795.981872559,
                490.267944336,
                588.069030762,
                794.491882324,
                699.074829102,
                1397.9432373,
                570.310974121,
                391.049163818,
                323.910583496,
                564.197814941,
                669.321228027,
                335.119873047,
                171.698791504,
                140.332565308,
                150.733673096,
                93.6392822266,
                107.287239075,
                121.840049744,
                59.7194252014,
                17.7089138031,
                6.66241502762,
                1.91532444954,
                0.746181607246,
                0.163889631629,
                0.00495539419353
            ],
            "mean": [
                0.167502760887,
                1.41887426376,
                2.70155310631,
                2.95910835266,
                5.92906093597,
                8.20958137512,
                10.9023561478,
                13.3035230637,
                30.4574337006,
                37.8185844421,
                38.1525421143,
                22.8645820618,
                31.0898742676,
                27.7515945435,
                23.345369339,
                26.2782421112,
                21.3621845245,
                23.0367660522,
                34.2851257324,
                40.618637085,
                42.4872817993,
                38.3407058716,
                31.6067180634,
                22.7912788391,
                22.7905673981,
                13.5148296356,
                6.58322191238,
                4.85876989365,
                5.28073406219,
                3.4540719986,
                2.80973744392,
                2.20127511024,
                1.41540312767,
                0.878825187683,
                0.469391465187,
                0.132549256086,
                0.0318830348551,
                0.00861948821694,
                0.00111601792742,
                6.28174748272e-05
            ],
            "median": [
                0.107496842742,
                1.02521574497,
                1.43527245522,
                1.22036337852,
                2.92767834663,
                4.34692192078,
                5.29983139038,
                5.78655815125,
                10.9083566666,
                10.4363040924,
                10.8403949738,
                8.99715805054,
                12.557510376,
                10.1552667618,
                9.65239143372,
                10.1646499634,
                9.36080932617,
                11.5851650238,
                14.8017568588,
                18.6681537628,
                16.9045963287,
                18.6250743866,
                18.8448696136,
                15.485039711,
                10.2532176971,
                6.17777681351,
                3.05755090714,
                2.324010849,
                1.92978429794,
                0.870444238186,
                0.607627272606,
                0.482648640871,
                0.252619832754,
                0.145271703601,
                0.0728396102786,
                0.0227126963437,
                0.00646454421803,
                0.00169696146622,
                0.000132553177536,
                3.70321140508e-05
            ],
            "min": [
                2.31198192899e-21,
                2.36719461929e-20,
                5.01842302765e-20,
                4.56357676521e-20,
                1.46937184538e-19,
                1.2588711816e-19,
                2.23193879535e-19,
                2.60254517808e-19,
                1.2287530185e-18,
                8.1771704596e-19,
                1.13242432066e-18,
                2.54277305532e-18,
                3.74173619804e-18,
                5.22231298031e-18,
                2.26877051139e-18,
                3.11378265641e-18,
                4.80676266957e-18,
                6.59069553378e-18,
                5.82160616128e-18,
                9.27860652656e-18,
                7.43977161714e-18,
                1.53872005198e-17,
                1.89117128852e-17,
                1.00260527183e-17,
                8.26384533932e-18,
                1.29127525831e-17,
                1.55695557946e-17,
                1.13140266988e-17,
                1.47477320037e-17,
                2.67701024123e-17,
                1.30305563372e-17,
                1.8231753878e-17,
                1.4244218893e-17,
                1.3187030785e-17,
                8.50883142133e-18,
                6.28437400933e-18,
                3.65301570067e-18,
                1.71472111139e-18,
                3.75576574992e-19,
                3.74723932726e-20
            ],
            "var": [
                0.0555029176176,
                4.66585350037,
                28.8731136322,
                45.7155151367,
                100.667633057,
                163.224075317,
                269.240631104,
                373.534057617,
                2905.76708984,
                5849.24462891,
                8766.08886719,
                2202.26831055,
                3688.9855957,
                4465.41162109,
                2270.12744141,
                2592.63891602,
                1267.45715332,
                1349.81225586,
                3778.16210938,
                3732.07592773,
                5675.59716797,
                3227.86572266,
                1515.63439941,
                730.707092285,
                1534.82788086,
                650.229309082,
                159.302383423,
                56.3004875183,
                75.1362686157,
                78.0855560303,
                49.7084846497,
                42.5745162964,
                29.8406772614,
                7.18565320969,
                1.99562370777,
                0.16605052352,
                0.0105848852545,
                0.000943626917433,
                2.77763265331e-05,
                2.25680736321e-08
            ]
        },
        "erbbands_crest": {
            "dmean": 2.41620826721,
            "dmean2": 3.82350516319,
            "dvar": 5.32549571991,
            "dvar2": 12.6705846786,
            "max": 30.8864822388,
            "mean": 9.84630584717,
            "median": 8.9918384552,
            "min": 2.15218901634,
            "var": 18.0128955841
        },
        "erbbands_flatness_db": {
            "dmean": 0.0145667949691,
            "dmean2": 0.0208821427077,
            "dvar": 0.000246941461228,
            "dvar2": 0.000459311035229,
            "max": 0.343426018953,
            "mean": 0.16907979548,
            "median": 0.165505617857,
            "min": 0.0515229217708,
            "var": 0.00207904377021
        },
        "erbbands_kurtosis": {
            "dmean": 0.645903229713,
            "dmean2": 0.992281913757,
            "dvar": 0.767388999462,
            "dvar2": 1.65294647217,
            "max": 23.2213134766,
            "mean": 0.344584882259,
            "median": -0.203520134091,
            "min": -1.75509047508,
            "var": 4.21589326859
        },
        "erbbands_skewness": {
            "dmean": 0.288045465946,
            "dmean2": 0.430102348328,
            "dvar": 0.08252928406,
            "dvar2": 0.173389270902,
            "max": 4.648001194,
            "mean": 0.0969541072845,
            "median": 0.0985383167863,
            "min": -3.00999426842,
            "var": 0.646693408489
        },
        "erbbands_spread": {
            "dmean": 5.54921722412,
            "dmean2": 8.46716403961,
            "dvar": 46.5980491638,
            "dvar2": 104.63646698,
            "max": 174.844894409,
            "mean": 33.3377685547,
            "median": 31.9996681213,
            "min": 5.72772550583,
            "var": 204.084289551
        },
        "gfcc": {
            "cov": [
                [
                    25493.390625,
                    -812.918884277,
                    -3044.67529297,
                    1330.40759277,
                    -928.488647461,
                    434.715118408,
                    -624.689147949,
                    339.378692627,
                    -192.439208984,
                    133.447998047,
                    -177.834884644,
                    85.3974304199,
                    -390.346405029
                ],
                [
                    -812.918884277,
                    2243.61328125,
                    97.5138320923,
                    -178.18107605,
                    431.180053711,
                    -42.1752243042,
                    416.381561279,
                    54.3344039917,
                    162.014968872,
                    -54.4797668457,
                    193.528793335,
                    -68.2485351563,
                    133.209243774
                ],
                [
                    -3044.67529297,
                    97.5138320923,
                    1263.69555664,
                    7.3008313179,
                    225.182418823,
                    135.949417114,
                    138.620117188,
                    17.7544155121,
                    82.2390594482,
                    61.0627670288,
                    17.5246334076,
                    23.7227973938,
                    63.1473960876
                ],
                [
                    1330.40759277,
                    -178.18107605,
                    7.3008313179,
                    476.386779785,
                    107.768531799,
                    128.901870728,
                    0.388154774904,
                    92.0848999023,
                    66.2466583252,
                    49.4076423645,
                    7.64835214615,
                    27.233291626,
                    50.8203125
                ],
                [
                    -928.488647461,
                    431.180053711,
                    225.182418823,
                    107.768531799,
                    383.412322998,
                    78.2358169556,
                    171.014923096,
                    81.9141693115,
                    101.568138123,
                    49.2265319824,
                    62.7542762756,
                    -5.70936346054,
                    87.7805633545
                ],
                [
                    434.715118408,
                    -42.1752243042,
                    135.949417114,
                    128.901870728,
                    78.2358169556,
                    354.25012207,
                    141.151077271,
                    75.8191604614,
                    19.7998600006,
                    35.9731750488,
                    28.7012615204,
                    17.184425354,
                    4.58626079559
                ],
                [
                    -624.689147949,
                    416.381561279,
                    138.620117188,
                    0.388154774904,
                    171.014923096,
                    141.151077271,
                    327.527648926,
                    86.2180328369,
                    84.517539978,
                    11.4758262634,
                    79.8067245483,
                    -7.69943618774,
                    36.4030761719
                ],
                [
                    339.378692627,
                    54.3344039917,
                    17.7544155121,
                    92.0848999023,
                    81.9141693115,
                    75.8191604614,
                    86.2180328369,
                    162.841140747,
                    61.0373497009,
                    35.3959197998,
                    6.40602111816,
                    5.29632997513,
                    29.3437099457
                ],
                [
                    -192.439208984,
                    162.014968872,
                    82.2390594482,
                    66.2466583252,
                    101.568138123,
                    19.7998600006,
                    84.517539978,
                    61.0373497009,
                    190.755508423,
                    69.4003295898,
                    46.0403213501,
                    -7.07454442978,
                    25.0390090942
                ],
                [
                    133.447998047,
                    -54.4797668457,
                    61.0627670288,
                    49.4076423645,
                    49.2265319824,
                    35.9731750488,
                    11.4758262634,
                    35.3959197998,
                    69.4003295898,
                    126.156555176,
                    29.7276687622,
                    -3.49886441231,
                    -13.9325790405
                ],
                [
                    -177.834884644,
                    193.528793335,
                    17.5246334076,
                    7.64835214615,
                    62.7542762756,
                    28.7012615204,
                    79.8067245483,
                    6.40602111816,
                    46.0403213501,
                    29.7276687622,
                    114.254753113,
                    27.4572792053,
                    13.9768896103
                ],
                [
                    85.3974304199,
                    -68.2485351563,
                    23.7227973938,
                    27.233291626,
                    -5.70936346054,
                    17.184425354,
                    -7.69943618774,
                    5.29632997513,
                    -7.07454442978,
                    -3.49886441231,
                    27.4572792053,
                    109.965805054,
                    28.603635788
                ],
                [
                    -390.346405029,
                    133.209243774,
                    63.1473960876,
                    50.8203125,
                    87.7805633545,
                    4.58626079559,
                    36.4030761719,
                    29.3437099457,
                    25.0390090942,
                    -13.9325790405,
                    13.9768896103,
                    28.603635788,
                    126.260223389
                ]
            ],
            "icov": [
                [
                    0.000107414984086,
                    -0.000136444723466,
                    0.000215820720769,
                    -0.000344858912285,
                    0.00029489712324,
                    -0.000186041987035,
                    0.000161191259394,
                    -0.0001902730437,
                    9.68225140241e-05,
                    -0.000241393136093,
                    0.000206326047191,
                    -0.000190440900042,
                    0.000280852254946
                ],
                [
                    -0.000136444723466,
                    0.00107871554792,
                    -0.000182901698281,
                    0.000831880257465,
                    -0.00112895132042,
                    0.000544028764125,
                    -0.000775921100285,
                    0.000264166592387,
                    -0.00042982105515,
                    0.00114626402501,
                    -0.00131479022093,
                    0.000924690568354,
                    -0.000728045182768
                ],
                [
                    0.000215820720769,
                    -0.000182901698281,
                    0.00142623111606,
                    -0.000436360744061,
                    -1.31587976284e-05,
                    -0.000688175088726,
                    7.40879186196e-05,
                    0.000137958093546,
                    -7.8996483353e-05,
                    -0.000844121503178,
                    0.000967281521298,
                    -0.000722221448086,
                    0.000282306107692
                ],
                [
                    -0.000344858912285,
                    0.000831880257465,
                    -0.000436360744061,
                    0.00430082576349,
                    -0.0020165219903,
                    -0.000527119031176,
                    0.000576920807362,
                    -0.000399971788283,
                    -0.00122781656682,
                    0.00097091391217,
                    -0.000970373104792,
                    0.000503771821968,
                    -0.00176504673436
                ],
                [
                    0.00029489712324,
                    -0.00112895132042,
                    -1.31587976284e-05,
                    -0.0020165219903,
                    0.00629646703601,
                    -0.000424909201683,
                    -0.000748700287659,
                    -0.00102848408278,
                    0.00027488640626,
                    -0.00236881687306,
                    0.000370551133528,
                    0.000172283747816,
                    -0.00138212845195
                ],
                [
                    -0.000186041987035,
                    0.000544028764125,
                    -0.000688175088726,
                    -0.000527119031176,
                    -0.000424909201683,
                    0.00483165262267,
                    -0.00267919502221,
                    -0.000385603896575,
                    0.00108658976387,
                    -0.000342929095495,
                    -0.0005192879471,
                    -4.95619933645e-05,
                    0.000204581752769
                ],
                [
                    0.000161191259394,
                    -0.000775921100285,
                    7.40879186196e-05,
                    0.000576920807362,
                    -0.000748700287659,
                    -0.00267919502221,
                    0.0074013620615,
                    -0.002678795252,
                    -0.00122927490156,
                    0.00176595710218,
                    -0.00264363735914,
                    0.00071016518632,
                    0.000724578800146
                ],
                [
                    -0.0001902730437,
                    0.000264166592387,
                    0.000137958093546,
                    -0.000399971788283,
                    -0.00102848408278,
                    -0.000385603896575,
                    -0.002678795252,
                    0.00992446858436,
                    -0.0016390925739,
                    -0.00154037226457,
                    0.00265648518689,
                    -0.000688884989358,
                    -0.00156301539391
                ],
                [
                    9.68225140241e-05,
                    -0.00042982105515,
                    -7.8996483353e-05,
                    -0.00122781656682,
                    0.00027488640626,
                    0.00108658976387,
                    -0.00122927490156,
                    -0.0016390925739,
                    0.00887312088162,
                    -0.00428023049608,
                    -0.00105805997737,
                    0.000637044955511,
                    -0.000467858626507
                ],
                [
                    -0.000241393136093,
                    0.00114626402501,
                    -0.000844121503178,
                    0.00097091391217,
                    -0.00236881687306,
                    -0.000342929095495,
                    0.00176595710218,
                    -0.00154037226457,
                    -0.00428023049608,
                    0.013692217879,
                    -0.00451570888981,
                    0.00172269460745,
                    0.00205326499417
                ],
                [
                    0.000206326047191,
                    -0.00131479022093,
                    0.000967281521298,
                    -0.000970373104792,
                    0.000370551133528,
                    -0.0005192879471,
                    -0.00264363735914,
                    0.00265648518689,
                    -0.00105805997737,
                    -0.00451570888981,
                    0.0156464725733,
                    -0.00555562600493,
                    0.0010759793222
                ],
                [
                    -0.000190440900042,
                    0.000924690568354,
                    -0.000722221448086,
                    0.000503771821968,
                    0.000172283747816,
                    -4.95619933645e-05,
                    0.00071016518632,
                    -0.000688884989358,
                    0.000637044955511,
                    0.00172269460745,
                    -0.00555562600493,
                    0.0123907336965,
                    -0.00369683629833
                ],
                [
                    0.000280852254946,
                    -0.000728045182768,
                    0.000282306107692,
                    -0.00176504673436,
                    -0.00138212845195,
                    0.000204581752769,
                    0.000724578800146,
                    -0.00156301539391,
                    -0.000467858626507,
                    0.00205326499417,
                    0.0010759793222,
                    -0.00369683629833,
                    0.0122713623568
                ]
            ],
            "mean": [
                -29.385848999,
                96.9627914429,
                -118.995956421,
                28.9942741394,
                -47.8803329468,
                3.98360872269,
                -35.5802879333,
                12.6681127548,
                -17.6195869446,
                2.22156953812,
                -12.1392450333,
                1.09364640713,
                -8.74863815308
            ]
        },
        "hfc": {
            "dmean": 4.81025934219,
            "dmean2": 7.24332141876,
            "dvar": 73.0835571289,
            "dvar2": 158.995529175,
            "max": 158.717758179,
            "mean": 21.1883945465,
            "median": 18.4915943146,
            "min": 1.22506970731e-16,
            "var": 307.017944336
        },
        "melbands": {
            "dmean": [
                0.00081904878607,
                0.000676562660374,
                0.000387279607821,
                0.000292611075565,
                0.00016573476023,
                0.000124570695334,
                0.00022670380713,
                0.000164159966516,
                0.00013360385492,
                5.63090616197e-05,
                6.91298846505e-05,
                5.21780202689e-05,
                4.29468345828e-05,
                3.66869790014e-05,
                2.72929573839e-05,
                2.33255068451e-05,
                2.53220696322e-05,
                2.65361468337e-05,
                2.38218217419e-05,
                2.24839441216e-05,
                2.80020558421e-05,
                1.89482652786e-05,
                1.56935839186e-05,
                1.35409427457e-05,
                7.92491027823e-06,
                7.83337600296e-06,
