{
    "lowlevel": {
        "average_loudness": 0.961786806583,
        "barkbands": {
            "dmean": [
                0.000166688405443,
                0.00482296431437,
                0.00206638732925,
                0.00164822093211,
                0.00489317346364,
                0.00227280776016,
                0.000957080803346,
                0.00126682873815,
                0.00115885527339,
                0.000905574765056,
                0.000490075675771,
                0.000576429883949,
                0.000369325251086,
                0.000343420251738,
                0.000263967842329,
                0.000151825806824,
                0.000102853235148,
                0.000107593441498,
                8.88693539309e-05,
                0.000113737820357,
                0.000153994842549,
                0.000162591299159,
                0.000121609446069,
                9.59847238846e-05,
                0.0001317038259,
                8.37898624013e-05,
                1.3963618585e-05
            ],
            "dmean2": [
                0.000275899510598,
                0.00762048317119,
                0.00348357111216,
                0.0026744576171,
                0.00809474848211,
                0.00362693634816,
                0.0014747926034,
                0.00194029102568,
                0.00174191885162,
                0.00135630671866,
                0.000748811929952,
                0.000828687858302,
                0.000566388654988,
                0.000510403187945,
                0.000405163271353,
                0.000229737852351,
                0.000161498464877,
                0.000166108075064,
                0.000141508731758,
                0.000179970069439,
                0.00023722925107,
                0.00024335818307,
                0.000190786391613,
                0.000150607622345,
                0.000219054039917,
                0.00014344783267,
                2.31382127822e-05
            ],
            "dvar": [
                2.18644842676e-07,
                0.000167292164406,
                2.94014080282e-05,
                1.91177678062e-05,
                0.000111351451778,
                1.99649966817e-05,
                4.62274738311e-06,
                1.12177076517e-05,
                6.93403626428e-06,
                6.82890276948e-06,
                2.37019048654e-06,
                2.21709683501e-06,
                1.19456728953e-06,
                1.76347111847e-06,
                6.18675642272e-07,
                1.7045124423e-07,
                7.483776443e-08,
                4.51646720023e-08,
                3.72111337299e-08,
                7.140391034e-08,
                1.28030620772e-07,
                1.34721361178e-07,
                7.28757783008e-08,
                6.68258195446e-08,
                2.45492714157e-07,
                1.42040889273e-07,
                3.29487592765e-09
            ],
            "dvar2": [
                5.89611204305e-07,
                0.000372275389964,
                7.5911913882e-05,
                4.70586237498e-05,
                0.000298247148748,
                5.1859056839e-05,
                1.0813047993e-05,
                2.57279007201e-05,
                1.5313975382e-05,
                1.523852643e-05,
                5.7091351664e-06,
                4.51536789114e-06,
                2.6768727821e-06,
                4.11132077716e-06,
                1.34062111101e-06,
                3.80384449272e-07,
                1.87328978996e-07,
                1.02441234162e-07,
                9.0352543225e-08,
                1.79205798645e-07,
                3.10809525672e-07,
                3.12152366178e-07,
                1.8477939534e-07,
                1.65989817447e-07,
                6.78802507537e-07,
                3.95767244754e-07,
                8.96304364062e-09
            ],
            "max": [
                0.0109687587246,
                0.14012555778,
                0.0718820244074,
                0.0533044785261,
                0.111570373178,
                0.0575411021709,
                0.0503264032304,
                0.0530911572278,
                0.0462389551103,
                0.056258443743,
                0.0459999740124,
                0.0266476385295,
                0.0227535665035,
                0.0353982895613,
                0.0190989058465,
                0.0132352821529,
                0.0114652197808,
                0.00506074074656,
                0.00591540290043,
                0.00576969375834,
                0.00550029193982,
                0.00671247439459,
                0.00300730392337,
                0.00330749968998,
                0.00708739133552,
                0.00534052541479,
                0.00111496879254
            ],
            "mean": [
                0.000196625522221,
                0.00635710638016,
                0.00269347243011,
                0.0021390770562,
                0.00666680140421,
                0.00346126547083,
                0.00145039742347,
                0.00181964144576,
                0.00200070277788,
                0.001398174325,
                0.000764299475122,
                0.000997856492177,
                0.000508066092152,
                0.000483262963826,
                0.000363150378689,
                0.000246367300861,
                0.000147996572196,
                0.000163833552506,
                0.00011552633805,
                0.000144310877658,
                0.000193283791305,
                0.000204245996429,
                0.000148502673255,
                0.000121666460473,
                0.000137691982673,
                7.13156259735e-05,
                1.28499696075e-05
            ],
            "median": [
                1.77766996785e-05,
                0.000434829038568,
                0.000480687944219,
                0.000468685058877,
                0.0030860172119,
                0.00116358022206,
                0.000485065509565,
                0.000248675059993,
                0.000357195822289,
                0.000211592705455,
                0.000181954106665,
                0.000181142429938,
                9.10830131033e-05,
                6.93316978868e-05,
                7.53231870476e-05,
                5.94246121182e-05,
                4.47840320703e-05,
                6.29737260169e-05,
                3.81110512535e-05,
                4.5552602387e-05,
                6.26436740276e-05,
                4.64118056698e-05,
                4.17563569499e-05,
                2.93733155559e-05,
                2.5107185138e-05,
                8.87701753527e-06,
                1.07977814423e-06
            ],
            "min": [
                1.98891654336e-25,
                2.03175425432e-24,
                1.11499927484e-24,
                1.09064289856e-24,
                1.30682216354e-23,
                5.82043940079e-24,
                1.52696097777e-23,
                1.31843253945e-23,
                2.70960404971e-23,
                1.51521515444e-23,
                1.41750605386e-23,
                2.98514653748e-23,
                1.57624853382e-23,
                4.82163807511e-23,
                5.2798570827e-23,
                4.81763571042e-23,
                8.0516230562e-23,
                1.17356400867e-22,
                1.19605487484e-22,
                1.79803185483e-22,
                2.36885640212e-22,
                2.73901492996e-22,
                3.73689191576e-22,
                5.80311729326e-22,
                9.12360626652e-22,
                1.30098072111e-21,
                2.03716873998e-21
            ],
            "var": [
                2.24815323691e-07,
                0.000203841205803,
                3.18024685839e-05,
                2.16018033825e-05,
                0.000107614956505,
                3.3399926906e-05,
                7.32667967895e-06,
                1.73913449544e-05,
                1.66857644217e-05,
                1.4185389773e-05,
                3.51990502168e-06,
                6.07899164606e-06,
                1.76491710135e-06,
                2.70529039881e-06,
                1.03023114661e-06,
                3.14716146477e-07,
                1.13464089679e-07,
                8.29991222417e-08,
                4.90552629628e-08,
                8.50413286457e-08,
                1.45954274444e-07,
                1.83723258829e-07,
                8.18986336526e-08,
                7.6513607894e-08,
                1.88373604715e-07,
                9.33994499519e-08,
                2.48190290542e-09
            ]
        },
        "barkbands_crest": {
            "dmean": 3.2470946312,
            "dmean2": 5.21065139771,
            "dvar": 9.6497297287,
            "dvar2": 23.3802127838,
            "max": 26.9541130066,
            "mean": 12.359333992,
            "median": 11.3551635742,
            "min": 2.80437922478,
            "var": 24.5347518921
        },
        "barkbands_flatness_db": {
            "dmean": 0.0312126465142,
            "dmean2": 0.0443314090371,
            "dvar": 0.00114820001181,
            "dvar2": 0.00223715929314,
            "max": 0.52642840147,
            "mean": 0.169284969568,
            "median": 0.162360832095,
            "min": 0.0257201530039,
            "var": 0.00428620586172
        },
        "barkbands_kurtosis": {
            "dmean": 9.08477306366,
            "dmean2": 14.2707929611,
            "dvar": 1589.0111084,
            "dvar2": 4507.08398438,
            "max": 1290.0546875,
            "mean": 12.3119726181,
            "median": 4.72372770309,
            "min": -1.96005296707,
            "var": 1503.92443848
        },
        "barkbands_skewness": {
            "dmean": 0.92520147562,
            "dmean2": 1.3409922123,
            "dvar": 1.56467080116,
            "dvar2": 3.3483402729,
            "max": 13.2477178574,
            "mean": 2.02288532257,
            "median": 1.89722454548,
            "min": -27.4129123688,
            "var": 5.01649570465
        },
        "barkbands_spread": {
            "dmean": 6.96882915497,
            "dmean2": 10.688659668,
            "dvar": 118.725074768,
            "dvar2": 271.248596191,
            "max": 124.892059326,
            "mean": 17.5616436005,
            "median": 12.4493503571,
            "min": 0.0695732608438,
            "var": 276.332824707
        },
        "dissonance": {
            "dmean": 0.0326419472694,
            "dmean2": 0.0530720539391,
            "dvar": 0.00122869247571,
            "dvar2": 0.00316313421354,
            "max": 0.5,
            "mean": 0.428730726242,
            "median": 0.440510302782,
            "min": 0.0961228609085,
            "var": 0.00294114439748
        },
        "dynamic_complexity": 2.47690463066,
        "erbbands": {
            "dmean": [
                0.144316762686,
                1.10575079918,
                2.2516040802,
                3.82414269447,
                12.6111335754,
                17.8225326538,
                15.3271408081,
                20.2535209656,
                12.7767553329,
                17.7255401611,
                30.4587154388,
                20.683298111,
                30.3167800903,
                21.77983284,
                17.4585361481,
                20.2172603607,
                16.1202774048,
                16.3870677948,
                11.3874855042,
                13.0735664368,
                7.3690700531,
                5.594394207,
                5.62553501129,
                4.97991609573,
                4.04456138611,
                5.24366521835,
                6.73606777191,
                5.59896373749,
                5.57645273209,
                5.22736310959,
                3.20859146118,
                1.96483874321,
                1.73717951775,
                1.47130513191,
                0.950906932354,
                0.421826392412,
                0.152799382806,
                0.0240311156958,
                0.00237693800591,
                9.96793387458e-05
            ],
            "dmean2": [
                0.227445974946,
                1.76591110229,
                3.78035140038,
                6.05595541,
                21.3635482788,
                29.4848098755,
                24.6866664886,
                32.4458198547,
                19.9799499512,
                26.9916152954,
                46.1287269592,
                31.1747264862,
                46.4586982727,
                31.4306144714,
                25.9544582367,
                29.2589225769,
                24.1856918335,
                24.2291088104,
                16.8313350677,
                19.6045665741,
                10.8631763458,
                8.51314067841,
                8.53630161285,
                7.71058797836,
                6.37396192551,
                8.23443126678,
                10.5328454971,
                8.58719062805,
                8.35057258606,
                8.12639045715,
                5.04628896713,
                3.0870475769,
                2.69164872169,
                2.32852077484,
                1.6484041214,
                0.728115916252,
                0.261033207178,
                0.0403735376894,
                0.00394457858056,
                0.000163364515174
            ],
            "dvar": [
                0.150236725807,
                8.9233751297,
                32.5775260925,
                98.2913894653,
                882.765686035,
                1437.03210449,
                801.693847656,
                2002.78747559,
                831.565002441,
                1721.61547852,
                6690.890625,
                2271.73120117,
                8916.05957031,
                2694.06201172,
                3579.15258789,
                2912.80175781,
                1692.01159668,
                4575.68359375,
                1094.10974121,
                1927.60327148,
                319.97467041,
                146.646881104,
                124.687347412,
                106.418701172,
                96.2055206299,
                161.315048218,
                231.665679932,
                175.87890625,
                147.886276245,
                148.627487183,
                51.6287345886,
                29.1697921753,
                22.4467983246,
                20.1318130493,
                19.6830310822,
                3.701638937,
                0.496057003736,
                0.0104833263904,
                9.65696381172e-05,
                1.45775047145e-07
            ],
            "dvar2": [
                0.32200846076,
                20.6019573212,
                83.1535797119,
                223.825942993,
                2399.24121094,
                3850.19555664,
                2034.48181152,
                5267.89648438,
                2086.18896484,
                3797.02368164,
                15491.0664062,
                5374.33300781,
                21101.1289062,
                5432.72949219,
                8969.41894531,
                6159.40869141,
                3649.80615234,
                10383.3740234,
                2202.45996094,
                4500.52587891,
                635.584716797,
                332.276947021,
                273.080505371,
                256.7628479,
                239.874069214,
                404.130218506,
                561.216247559,
                422.81362915,
                337.891143799,
                371.738311768,
                129.717727661,
                74.1587524414,
                55.6326026917,
                51.6753082275,
                56.101524353,
                10.5067462921,
                1.36025130749,
                0.0290439706296,
                0.00026564480504,
                3.99329167067e-07
            ],
            "max": [
                3.80404067039,
                32.4658241272,
                60.1686172485,
                150.020996094,
                285.534545898,
                376.98046875,
                317.138916016,
                637.517822266,
                573.608215332,
                1140.421875,
                1440.50927734,
                821.858764648,
                2694.81591797,
                1098.68432617,
                1993.17700195,
                1022.88452148,
                800.868286133,
                1980.80725098,
                1135.16040039,
                1375.99743652,
                509.807312012,
                277.923370361,
                371.2315979,
                231.506118774,
                409.033355713,
                317.4815979,
                209.481918335,
                216.597198486,
                185.255126953,
                193.743865967,
                77.1126708984,
                66.367477417,
                70.7587966919,
                66.9491500854,
                58.384437561,
                31.4702377319,
                10.5134239197,
                1.51734769344,
                0.2012668401,
                0.00651702890173
            ],
            "mean": [
                0.178144291043,
                1.43554484844,
                3.06724023819,
                5.57983541489,
                13.516412735,
                25.6913509369,
                24.9845600128,
                29.1733455658,
                20.2279205322,
                26.5168170929,
                49.5921478271,
                35.0188331604,
                50.328792572,
                38.6055488586,
                28.8865184784,
                35.5522842407,
                25.9221019745,
                24.630695343,
                18.9643859863,
                19.0731163025,
                13.2121105194,
                9.18993759155,
                8.73433971405,
                7.37143373489,
                5.17487955093,
                6.79407215118,
                8.69968605042,
                6.79255962372,
                7.04015350342,
                6.46536445618,
                3.89667344093,
                2.28480482101,
                2.26180791855,
                1.76560366154,
                0.814503788948,
                0.361767947674,
                0.127511397004,
                0.0211566016078,
                0.00219705561176,
                0.000116509661893
            ],
            "median": [
                0.0109391445294,
                0.108579017222,
                0.645570993423,
                1.76157450676,
                4.57354736328,
                10.7916641235,
                11.8794126511,
                8.10722064972,
                6.90610647202,
                8.56550121307,
                6.97501134872,
                8.57000637054,
                12.3594169617,
                11.223233223,
                8.99573612213,
                7.44142007828,
                6.09448862076,
                4.19695663452,
                4.07102251053,
                5.21466636658,
                3.58973145485,
                3.08555364609,
                3.40698194504,
                3.09510707855,
                1.73274087906,
                2.10932636261,
                2.85155057907,
                1.98824739456,
                1.6237642765,
                1.7079937458,
                0.992982566357,
                0.473250806332,
                0.573325872421,
                0.326811313629,
                0.117236994207,
                0.049149479717,
                0.0141294300556,
                0.00214529386722,
                0.000211575810681,
                4.39209907199e-05
            ],
            "min": [
                1.14576934665e-22,
                2.51723444885e-22,
                1.99956998841e-21,
                5.22044347457e-21,
                1.17265679591e-20,
                3.34643025392e-20,
                5.5778876043e-20,
                6.47066428567e-20,
                1.7772878897e-19,
                2.95519269424e-19,
                3.64854298e-19,
                3.87371317497e-19,
                6.61816196262e-19,
                4.69230713577e-19,
                1.25375455252e-18,
                1.24790700597e-18,
                1.34153402855e-18,
                1.65469933518e-18,
                2.66941233915e-18,
                2.64825078434e-18,
                3.15040773239e-18,
                4.98429837649e-18,
                5.562952574e-18,
                6.39583535611e-18,
                7.97904126415e-18,
                8.15828633981e-18,
                8.25205057096e-18,
                1.05307966737e-17,
                1.03195165473e-17,
                1.13837199741e-17,
                1.16160998236e-17,
                1.12175278085e-17,
                9.93308671646e-18,
                8.42462526216e-18,
                6.79995113565e-18,
                3.75620855004e-18,
                2.45430939753e-18,
                9.35409440887e-19,
                2.72174293833e-19,
                2.76023611125e-20
            ],
            "var": [
                0.191977933049,
                10.1648797989,
                35.9382324219,
                125.000846863,
                703.50201416,
                1679.89074707,
                1325.71191406,
                3071.61035156,
                1390.78381348,
                2648.38256836,
                11831.2695312,
                4452.57568359,
                14918.1826172,
                6022.49609375,
                4801.51025391,
                7766.3828125,
                3341.89208984,
                7121.95410156,
                2707.81225586,
                2519.62011719,
                791.468383789,
                333.559356689,
                252.582641602,
                147.189300537,
                124.676780701,
                196.364181519,
                275.46295166,
                198.036987305,
                211.378875732,
                167.53503418,
                60.0895652771,
                31.672706604,
                26.4598941803,
                21.3855438232,
                12.2210016251,
                2.32692170143,
                0.336065739393,
                0.00731808226556,
                7.07365034032e-05,
                1.0603375955e-07
            ]
        },
        "erbbands_crest": {
            "dmean": 3.36466526985,
            "dmean2": 5.27622795105,
            "dvar": 11.1198806763,
            "dvar2": 25.2276496887,
            "max": 34.9637527466,
            "mean": 11.3511781693,
            "median": 10.2418413162,
            "min": 2.3284804821,
            "var": 29.4580211639
        },
        "erbbands_flatness_db": {
            "dmean": 0.0264986008406,
            "dmean2": 0.0355363190174,
            "dvar": 0.000870626536198,
            "dvar2": 0.00156165717635,
            "max": 0.576644182205,
            "mean": 0.170581489801,
            "median": 0.16398884356,
            "min": 0.0223299898207,
            "var": 0.00423057749867
        },
        "erbbands_kurtosis": {
            "dmean": 2.69844722748,
            "dmean2": 4.1993765831,
            "dvar": 66.2944564819,
            "dvar2": 160.95111084,
            "max": 205.252990723,
            "mean": 2.94168496132,
            "median": 0.786363124847,
            "min": -1.87653565407,
            "var": 86.3256378174
        },
        "erbbands_skewness": {
            "dmean": 0.570549428463,
            "dmean2": 0.854854881763,
            "dvar": 0.452648580074,
            "dvar2": 1.02698719501,
            "max": 8.71108436584,
            "mean": 0.802106738091,
            "median": 0.797803580761,
            "min": -6.59276723862,
            "var": 1.33993661404
        },
        "erbbands_spread": {
            "dmean": 12.9161071777,
            "dmean2": 18.6320476532,
            "dvar": 258.37600708,
            "dvar2": 545.984680176,
            "max": 178.721481323,
            "mean": 39.7838287354,
            "median": 32.5149650574,
            "min": 0.15482442081,
            "var": 757.972839355
        },
        "gfcc": {
            "cov": [
                [
                    20259.4960938,
                    744.077392578,
                    -1534.5859375,
                    634.438964844,
                    -1087.62194824,
                    185.430358887,
                    -649.142028809,
                    253.155776978,
                    -251.965942383,
                    220.290649414,
                    -327.475799561,
                    122.532615662,
                    -200.10055542
                ],
                [
                    744.077392578,
                    1798.70141602,
                    -158.617919922,
                    -89.5910644531,
                    215.314224243,
                    67.3862533569,
                    108.576515198,
                    15.667675972,
                    50.3653488159,
                    -111.971351624,
                    63.4534912109,
                    -73.7331848145,
                    33.0367279053
                ],
                [
                    -1534.5859375,
                    -158.617919922,
                    1279.44921875,
                    601.685546875,
                    174.321792603,
                    117.037864685,
                    113.721511841,
                    71.8068618774,
                    53.227722168,
                    0.286505252123,
                    47.5251350403,
                    -5.18695640564,
                    -69.5575790405
                ],
                [
                    634.438964844,
                    -89.5910644531,
                    601.685546875,
                    966.555603027,
                    193.593536377,
                    125.072982788,
                    48.2989425659,
                    94.3095016479,
                    114.533561707,
                    26.6645107269,
                    -20.5547981262,
                    -34.4367790222,
                    -35.1018676758
                ],
                [
                    -1087.62194824,
                    215.314224243,
                    174.321792603,
                    193.593536377,
                    465.285583496,
                    201.122589111,
                    188.760620117,
                    54.2545318604,
                    76.3048171997,
                    4.25574684143,
                    21.7061100006,
                    -28.9302539825,
                    -8.21802711487
                ],
                [
                    185.430358887,
                    67.3862533569,
                    117.037864685,
                    125.072982788,
                    201.122589111,
                    454.622833252,
                    265.98135376,
                    21.9754905701,
                    25.3876113892,
                    42.3112945557,
                    20.997341156,
                    -18.3371810913,
                    -29.1074867249
                ],
                [
                    -649.142028809,
                    108.576515198,
                    113.721511841,
                    48.2989425659,
                    188.760620117,
                    265.98135376,
                    335.414978027,
                    70.5708770752,
                    54.9594345093,
                    20.6312294006,
                    19.8162765503,
                    -14.1097688675,
                    -17.8024463654
                ],
                [
                    253.155776978,
                    15.667675972,
                    71.8068618774,
                    94.3095016479,
                    54.2545318604,
                    21.9754905701,
                    70.5708770752,
                    238.170440674,
                    107.079147339,
                    6.66659402847,
                    -20.994846344,
                    -3.75468301773,
                    -26.0117225647
                ],
                [
                    -251.965942383,
                    50.3653488159,
                    53.227722168,
                    114.533561707,
                    76.3048171997,
                    25.3876113892,
                    54.9594345093,
                    107.079147339,
                    204.883972168,
                    42.303352356,
                    -44.8709945679,
                    -33.3628005981,
                    8.30648994446
                ],
                [
                    220.290649414,
                    -111.971351624,
                    0.286505252123,
                    26.6645107269,
                    4.25574684143,
                    42.3112945557,
                    20.6312294006,
                    6.66659402847,
                    42.303352356,
                    131.670089722,
                    31.5065841675,
                    5.62519741058,
                    -1.62998986244
                ],
                [
                    -327.475799561,
                    63.4534912109,
                    47.5251350403,
                    -20.5547981262,
                    21.7061100006,
                    20.997341156,
                    19.8162765503,
                    -20.994846344,
                    -44.8709945679,
                    31.5065841675,
                    185.716461182,
                    58.4055175781,
                    6.01740026474
                ],
                [
                    122.532615662,
                    -73.7331848145,
                    -5.18695640564,
                    -34.4367790222,
                    -28.9302539825,
                    -18.3371810913,
                    -14.1097688675,
                    -3.75468301773,
                    -33.3628005981,
                    5.62519741058,
                    58.4055175781,
                    114.394378662,
                    20.1031131744
                ],
                [
                    -200.10055542,
                    33.0367279053,
                    -69.5575790405,
                    -35.1018676758,
                    -8.21802711487,
                    -29.1074867249,
                    -17.8024463654,
                    -26.0117225647,
                    8.30648994446,
                    -1.62998986244,
                    6.01740026474,
                    20.1031131744,
                    111.92275238
                ]
            ],
            "icov": [
                [
                    0.000167250487721,
                    -0.000219862238737,
                    0.000277480547084,
                    -0.000356493517756,
                    0.000474404194392,
                    -0.000469630933367,
                    0.000469821767183,
                    -0.000457362330053,
                    0.000525639741682,
                    -0.00057883549016,
                    0.000516708474606,
                    -0.000465196848381,
                    0.000314026954584
                ],
                [
                    -0.000219862238737,
                    0.00101247872226,
                    -0.000228109071031,
                    0.000525126059074,
                    -0.000880724866875,
                    0.000600091414526,
                    -0.00069486052962,
                    0.000645011547022,
                    -0.0010548994178,
                    0.00163379206788,
                    -0.00133911636658,
                    0.00124371785205,
                    -0.000587542715948
                ],
                [
                    0.000277480547084,
                    -0.000228109071031,
                    0.00168224994559,
                    -0.00132334278896,
                    0.000697717361618,
                    -0.000622245017439,
                    0.000381135876523,
                    -0.000687904655933,
                    0.00079492822988,
                    -0.00053525576368,
                    0.00035168157774,
                    -0.000768734025769,
                    0.0010364028858
                ],
                [
                    -0.000356493517756,
                    0.000525126059074,
                    -0.00132334278896,
                    0.00247096619569,
                    -0.00145298871212,
                    0.000501374306623,
                    -0.000226243515499,
                    0.000677436648402,
                    -0.00162869726773,
                    0.0011145247845,
                    -0.000910113507416,
                    0.00117266946472,
                    -0.000719261355698
                ],
                [
                    0.000474404194392,
                    -0.000880724866875,
                    0.000697717361618,
                    -0.00145298871212,
                    0.00469980528578,
                    -0.00197299546562,
                    0.000236034888076,
                    -0.0011967405444,
                    0.000754846201744,
                    -0.00116915907711,
                    0.000972296984401,
                    -0.00096573587507,
                    0.0007255753153
                ],
                [
                    -0.000469630933367,
                    0.000600091414526,
                    -0.000622245017439,
                    0.000501374306623,
                    -0.00197299546562,
                    0.00603200541809,
                    -0.00484839966521,
                    0.00196903408505,
                    -0.000700980075635,
                    0.000430889602285,
                    -0.00119747105055,
                    0.00137871387415,
                    -0.000260893488303
                ],
                [
                    0.000469821767183,
                    -0.00069486052962,
                    0.000381135876523,
                    -0.000226243515499,
                    0.000236034888076,
                    -0.00484839966521,
                    0.0081747751683,
                    -0.00266934558749,
                    0.000786917342339,
                    -0.00137425190769,
                    0.00105711224023,
                    -0.00116825720761,
                    0.000721895834431
                ],
                [
                    -0.000457362330053,
                    0.000645011547022,
                    -0.000687904655933,
                    0.000677436648402,
                    -0.0011967405444,
                    0.00196903408505,
                    -0.00266934558749,
                    0.00753804063424,
                    -0.00478983251378,
                    0.00249070464633,
                    -0.00133229629137,
                    -4.08311916544e-06,
                    0.000992503133602
                ],
                [
                    0.000525639741682,
                    -0.0010548994178,
                    0.00079492822988,
                    -0.00162869726773,
                    0.000754846201744,
                    -0.000700980075635,
                    0.000786917342339,
                    -0.00478983251378,
                    0.0105659468099,
                    -0.00544149335474,
                    0.00381049676798,
                    -0.000112029381853,
                    -0.00092869065702
                ],
                [
                    -0.00057883549016,
                    0.00163379206788,
                    -0.00053525576368,
                    0.0011145247845,
                    -0.00116915907711,
                    0.000430889602285,
                    -0.00137425190769,
                    0.00249070464633,
                    -0.00544149335474,
                    0.0125346314162,
                    -0.00487283989787,
                    0.00206633610651,
                    -0.00063651194796
                ],
                [
                    0.000516708474606,
                    -0.00133911636658,
                    0.00035168157774,
                    -0.000910113507416,
                    0.000972296984401,
                    -0.00119747105055,
                    0.00105711224023,
                    -0.00133229629137,
                    0.00381049676798,
                    -0.00487283989787,
                    0.00970582105219,
                    -0.00530511559919,
                    0.000947965949308
                ],
                [
                    -0.000465196848381,
                    0.00124371785205,
                    -0.000768734025769,
                    0.00117266946472,
                    -0.00096573587507,
                    0.00137871387415,
                    -0.00116825720761,
                    -4.08311916544e-06,
                    -0.000112029381853,
                    0.00206633610651,
                    -0.00530511559919,
                    0.0133432084695,
                    -0.0032809311524
                ],
                [
                    0.000314026954584,
                    -0.000587542715948,
                    0.0010364028858,
                    -0.000719261355698,
                    0.0007255753153,
                    -0.000260893488303,
                    0.000721895834431,
                    0.000992503133602,
                    -0.00092869065702,
                    -0.00063651194796,
                    0.000947965949308,
                    -0.0032809311524,
                    0.0110170282423
                ]
            ],
            "mean": [
                -25.597120285,
                81.0991363525,
                -95.7349853516,
                17.7794895172,
                -66.5305938721,
                10.8298530579,
                -37.8775253296,
                0.787127375603,
                -27.2336902618,
                -1.14439928532,
                -19.1427059174,
                1.93001449108,
                -6.76776599884
            ]
        },
        "hfc": {
            "dmean": 9.87631988525,
            "dmean2": 14.8332681656,
            "dvar": 402.439239502,
            "dvar2": 1005.34082031,
            "max": 245.332733154,
            "mean": 21.2486305237,
            "median": 17.1099700928,
            "min": 1.10479678598e-16,
            "var": 478.990905762
        },
        "melbands": {
            "dmean": [
                0.00133667001501,
                0.00121170573402,
                0.000856954720803,
                0.00120076374151,
                0.00054497848032,
                0.000437370152213,
                0.000193436877453,
                0.000208777652006,
                0.000248222844675,
                0.000136806149385,
                0.000156541238539,
                9.53221169766e-05,
                6.43057501293e-05,
                5.92068536207e-05,
                5.46520532225e-05,
                3.55936099368e-05,
                3.14936660288e-05,
                1.97933422896e-05,
                2.19470075535e-05,
                1.33453895614e-05,
                8.80045627127e-06,
                6.37287666905e-06,
                5.22952132087e-06,
                5.37377582077e-06,
                4.16426291849e-06,
                3.30867396769e-06,
                3.05041612592e-06,
                3.74283854399e-06,
                4.40521125711e-06,
