{
    "lowlevel": {
        "average_loudness": 0.977283060551,
        "barkbands": {
            "dmean": [
                0.00067680986831,
                0.0119695775211,
                0.00531240366399,
                0.00165908469353,
                0.00165540433954,
                0.00124346499797,
                0.000466957833851,
                0.00100382824894,
                0.0008602112066,
                0.000572224787902,
                0.000385402003303,
                0.000414120382629,
                0.000466066383524,
                0.000503380550072,
                0.000316432822729,
                0.000289667223115,
                0.000380343612051,
                0.000187581143109,
                0.000169422230101,
                0.000113485337351,
                0.000152520544361,
                0.000193711093743,
                0.000705223006662,
                0.000404557271395,
                0.000155723042553,
                3.89089946111e-05,
                2.43940917244e-06
            ],
            "dmean2": [
                0.00110086088534,
                0.0164482109249,
                0.00926555227488,
                0.00299513549544,
                0.00287202559412,
                0.00207525957376,
                0.000806828786153,
                0.00153054669499,
                0.00132410228252,
                0.000824427232146,
                0.000558546045795,
                0.000625347718596,
                0.000692207133397,
                0.000751964806113,
                0.000471129984362,
                0.000460750132333,
                0.00056174659403,
                0.00029775526491,
                0.000267766154138,
                0.000169041770278,
                0.000226501811994,
                0.000301569438307,
                0.00120094534941,
                0.000689865497407,
                0.000250557437539,
                6.14336750004e-05,
                4.01200486522e-06
            ],
            "dvar": [
                1.6245343204e-06,
                0.000886975321919,
                0.000497702450957,
                4.7119858209e-05,
                3.57550161425e-05,
                7.94984498498e-06,
                1.89374725323e-06,
                5.05574234921e-06,
                4.51392452305e-06,
                2.83020017378e-06,
                1.42162934935e-06,
                1.61663422205e-06,
                1.32208424475e-06,
                1.38764335134e-06,
                6.3543404849e-07,
                7.83001439686e-07,
                7.56687484227e-07,
                2.88725260589e-07,
                1.24356731135e-07,
                8.32905229231e-08,
                2.32790640098e-07,
                2.02240983072e-07,
                1.35906827836e-06,
                4.27949373716e-07,
                8.01731019351e-08,
                7.91480658791e-09,
                2.41883145458e-11
            ],
            "dvar2": [
                3.90518243876e-06,
                0.00133361550979,
                0.00140196771827,
                0.000137783805258,
                0.000103457605292,
                2.13341627386e-05,
                5.33189358976e-06,
                1.1633577742e-05,
                1.01909035948e-05,
                6.43368139208e-06,
                3.15067495649e-06,
                3.08038647745e-06,
                2.81900906884e-06,
                3.09001097776e-06,
                1.37783592891e-06,
                1.91168965102e-06,
                1.55181771788e-06,
                5.83331029702e-07,
                2.67667104481e-07,
                1.85540017128e-07,
                4.96649875004e-07,
                4.20260192868e-07,
                3.68826499653e-06,
                1.12734051072e-06,
                1.8276776359e-07,
                1.84553474725e-08,
                5.23471231639e-11
            ],
            "max": [
                0.0175235942006,
                0.286235421896,
                0.199446558952,
                0.0696175545454,
                0.0667618587613,
                0.0428560264409,
                0.0217737797648,
                0.02848668769,
                0.0254584923387,
                0.0430665388703,
                0.0242119114846,
                0.0211198758334,
                0.0187742915004,
                0.0168705806136,
                0.0175444297493,
                0.0156959593296,
                0.0138709889725,
                0.0075200102292,
                0.00678947195411,
                0.00632107211277,
                0.00556781329215,
                0.00881831161678,
                0.00795849598944,
                0.00730298599228,
                0.00517500005662,
                0.00419367197901,
                0.000111320077849
            ],
            "mean": [
                0.00257319957018,
                0.0437332354486,
                0.00939176417887,
                0.00216889381409,
                0.00229325913824,
                0.00174893869553,
                0.000614437565673,
                0.0017424285179,
                0.00131331966259,
                0.00100399076473,
                0.000555320468266,
                0.000569364230614,
                0.000652181275655,
                0.000665180908982,
                0.000458617258118,
                0.000371278059902,
                0.000548957847059,
                0.00025349156931,
                0.000241251385887,
                0.000144778663525,
                0.000166156314663,
                0.000229351076996,
                0.000676059746183,
                0.000401921162847,
                0.000174410874024,
                4.3396725232e-05,
                2.44490729528e-06
            ],
            "median": [
                0.00101453321986,
                0.0366455577314,
                0.00432345271111,
                0.000960457837209,
                0.00108917430043,
                0.000748435617425,
                0.000213808147237,
                0.000577625643928,
                0.000236506341025,
                0.000129366322653,
                8.81314190337e-05,
                7.07331200829e-05,
                9.67706509982e-05,
                9.13515104912e-05,
                7.76450178819e-05,
                5.20787616551e-05,
                0.000136921313242,
                5.95947931288e-05,
                8.67623093654e-05,
                3.76217067242e-05,
                1.91574617929e-05,
                4.2003011913e-05,
                5.32434605702e-05,
                6.22134903097e-05,
                3.54268777301e-05,
                8.64187404659e-06,
                3.79906282433e-07
            ],
            "min": [
                6.49164304306e-23,
                2.49797964789e-23,
                2.20437177208e-23,
                8.89391209058e-24,
                8.10202874369e-23,
                7.76987538855e-23,
                7.09338109285e-23,
                1.79559604168e-23,
                5.242114506e-23,
                9.51443244521e-23,
                4.8892428236e-23,
                1.81168041066e-22,
                2.70114619863e-23,
                6.28011156904e-23,
                1.06557526164e-22,
                2.14927791578e-22,
                1.22968155399e-22,
                1.93894500548e-22,
                3.19738274827e-22,
                3.31428360405e-22,
                4.13032348114e-22,
                4.53077174339e-22,
                8.07135013241e-22,
                7.21218745793e-22,
                1.18619083187e-21,
                2.09913094943e-21,
                2.36606451609e-21
            ],
            "var": [
                1.03350485006e-05,
                0.00166590651497,
                0.000340879778378,
                2.78612333204e-05,
                2.38137854467e-05,
                8.70952680998e-06,
                1.60428226081e-06,
                9.74572594714e-06,
                8.46544207889e-06,
                6.12078292761e-06,
                2.30617547459e-06,
                2.8064853268e-06,
                2.59267994807e-06,
                2.33518358073e-06,
                1.12345321668e-06,
                1.06599054561e-06,
                1.29901025048e-06,
                4.28347391335e-07,
                1.81991396175e-07,
                1.13206873209e-07,
                3.01242209844e-07,
                2.92712428518e-07,
                1.40553663641e-06,
                4.91074956699e-07,
                1.19433025247e-07,
                9.48945544366e-09,
                3.09200061388e-11
            ]
        },
        "barkbands_crest": {
            "dmean": 2.16245508194,
            "dmean2": 3.10717272758,
            "dvar": 5.93476390839,
            "dvar2": 10.4833679199,
            "max": 26.7642459869,
            "mean": 15.5707101822,
            "median": 15.1033878326,
            "min": 2.54360842705,
            "var": 23.0928134918
        },
        "barkbands_flatness_db": {
            "dmean": 0.0325989089906,
            "dmean2": 0.0432802774012,
            "dvar": 0.00133226811886,
            "dvar2": 0.00199463008903,
            "max": 0.628933012486,
            "mean": 0.208811685443,
            "median": 0.196182280779,
            "min": 0.032456509769,
            "var": 0.00556466914713
        },
        "barkbands_kurtosis": {
            "dmean": 17.1586666107,
            "dmean2": 26.8445854187,
            "dvar": 17498.703125,
            "dvar2": 46165.5859375,
            "max": 4723.71679688,
            "mean": 19.7992019653,
            "median": 5.68345546722,
            "min": -1.98238313198,
            "var": 12936.5292969
        },
        "barkbands_skewness": {
            "dmean": 1.09081590176,
            "dmean2": 1.55743551254,
            "dvar": 3.564057827,
            "dvar2": 7.24238348007,
            "max": 53.852016449,
            "mean": 2.99278521538,
            "median": 2.39319872856,
            "min": -13.695728302,
            "var": 6.70349311829
        },
        "barkbands_spread": {
            "dmean": 9.29415035248,
            "dmean2": 14.4090299606,
            "dvar": 141.699020386,
            "dvar2": 323.077911377,
            "max": 165.638000488,
            "mean": 19.8583889008,
            "median": 14.7760038376,
            "min": 0.0376954227686,
            "var": 323.779693604
        },
        "dissonance": {
            "dmean": 0.0268424618989,
            "dmean2": 0.0442893467844,
            "dvar": 0.000678326003253,
            "dvar2": 0.00180365436245,
            "max": 0.500000178814,
            "mean": 0.445306062698,
            "median": 0.454136759043,
            "min": 0.243505775928,
            "var": 0.00163092976436
        },
        "dynamic_complexity": 2.54818725586,
        "erbbands": {
            "dmean": [
                0.420015275478,
                2.72907114029,
                5.92233562469,
                5.53691577911,
                4.76196908951,
                5.75340604782,
                8.83912563324,
                10.0410842896,
                6.41248369217,
                13.1840667725,
                22.1209468842,
                21.2260398865,
                17.939868927,
                13.7303667068,
                15.0043039322,
                20.4008159637,
                20.335735321,
                22.5278911591,
                17.6420116425,
                18.1933803558,
                14.2882404327,
                17.8979606628,
                12.0067863464,
                8.82781982422,
                7.38659858704,
                5.44555568695,
                5.79707098007,
                6.02029466629,
                7.15848493576,
                11.5254383087,
                20.3526382446,
                12.5956392288,
                4.88000106812,
                2.25279664993,
                0.874218583107,
                0.252014070749,
                0.0652823522687,
                0.00732430815697,
                0.000420388474595,
                3.19264800055e-05
            ],
            "dmean2": [
                0.56425845623,
                3.67941689491,
                9.86189842224,
                9.56631278992,
                8.59191894531,
                9.89929008484,
                14.4331121445,
                16.9746952057,
                10.807516098,
                21.2896556854,
                33.2265167236,
                31.9866924286,
                26.5577831268,
                19.4772319794,
                21.2336788177,
                29.938999176,
                30.0300292969,
                33.345954895,
                25.6874237061,
                27.7262535095,
                21.7687263489,
                26.3870887756,
                18.6299171448,
                13.9989948273,
                11.3876571655,
                8.09353065491,
                8.40557765961,
                8.97732448578,
                11.2372779846,
                19.2534885406,
                34.8725471497,
                21.5585327148,
                8.0874080658,
                3.65377783775,
                1.39753460884,
                0.394366294146,
                0.106361106038,
                0.0117853842676,
                0.000681562931277,
                4.68575453851e-05
            ],
            "dvar": [
                0.976180493832,
                51.075717926,
                543.403991699,
                459.556243896,
                439.420898438,
                390.454711914,
                444.957397461,
                578.429077148,
                365.088104248,
                1130.08410645,
                2702.50097656,
                2870.75878906,
                3625.9074707,
                1380.99475098,
                1902.79321289,
                3483.36157227,
                2712.64306641,
                2725.79003906,
                1808.71362305,
                2460.16357422,
                1513.7401123,
                2049.74487305,
                1013.77069092,
                445.134033203,
                227.427230835,
                196.978683472,
                355.498657227,
                315.680938721,
                276.147979736,
                370.581817627,
                1115.33679199,
                413.423248291,
                70.6635360718,
                16.6019821167,
                2.78372359276,
                0.280919730663,
                0.0258321817964,
                0.000267206254648,
                6.77028651808e-07,
                2.61166066551e-09
            ],
            "dvar2": [
                1.50341069698,
                84.7971191406,
                1469.12841797,
                1265.16430664,
                1284.8807373,
                1118.91320801,
                1193.19873047,
                1550.0559082,
                997.948364258,
                2818.16210938,
                6084.35986328,
                6357.49560547,
                8268.77636719,
                2964.80908203,
                4194.71044922,
                6548.78759766,
                5779.23046875,
                6065.40722656,
                3913.51318359,
                5311.89404297,
                3409.11254883,
                4071.52709961,
                1972.89086914,
                939.870422363,
                474.637115479,
                437.989135742,
                749.273681641,
                656.948974609,
                560.311401367,
                891.002929688,
                3046.11010742,
                1128.61254883,
                176.364089966,
                39.0519752502,
                6.35443735123,
                0.635183215141,
                0.0630336254835,
                0.000617367390078,
                1.45787055317e-06,
                4.90854601409e-09
            ],
            "max": [
                9.91530990601,
                72.2240447998,
                216.940322876,
                204.85005188,
                212.175231934,
                218.449111938,
                277.284454346,
                312.504150391,
                433.74911499,
                578.68939209,
                768.993164062,
                722.874450684,
                1502.49365234,
                815.525756836,
                967.27545166,
                1023.4128418,
                937.361572266,
                796.991027832,
                1116.7800293,
                986.438659668,
                612.181518555,
                658.538269043,
                402.899261475,
                430.466339111,
                303.045684814,
                310.050018311,
                272.937194824,
                294.402282715,
                305.55581665,
                223.877243042,
                214.081634521,
                129.898086548,
                144.806945801,
                86.3816757202,
                30.8421230316,
                15.9338569641,
                9.20938873291,
                0.85375726223,
                0.0228993091732,
                0.000971610366832
            ],
            "mean": [
                1.52504551411,
                8.74204540253,
                12.1387767792,
                8.83065032959,
                6.36277246475,
                7.95670843124,
                12.52069664,
                13.8367528915,
                9.56462192535,
                22.3012008667,
                36.3260803223,
                35.8381652832,
                29.5155506134,
                23.277305603,
                22.7498893738,
                29.934223175,
                30.0043888092,
                32.4508132935,
                26.1229248047,
                27.3747348785,
                21.4831047058,
                25.0703315735,
                17.9052715302,
                11.9494714737,
                10.9301757812,
                7.15072059631,
                6.48897171021,
                6.79925966263,
                8.54490852356,
                12.5012273788,
                19.1127376556,
                11.4969139099,
                5.34420919418,
                2.50430822372,
                0.957865953445,
                0.283363074064,
                0.0687002763152,
                0.00772922299802,
                0.000461068324512,
                0.000102909572888
            ],
            "median": [
                1.42124319077,
                6.8013086319,
                7.2249622345,
                4.69221067429,
                2.81313538551,
                3.54260611534,
                5.49473810196,
                5.70873785019,
                3.47893476486,
                9.51503372192,
                10.667222023,
                8.63514137268,
                5.43822813034,
                4.66323709488,
                5.17158699036,
                5.02024888992,
                5.89205694199,
                5.86712408066,
                5.18098402023,
                4.01148605347,
                4.63176631927,
                6.45104312897,
                4.86787843704,
                3.62518358231,
                4.15192174911,
                2.08510637283,
                1.01430797577,
                0.783257186413,
                1.41644644737,
                1.63816857338,
                1.49851179123,
                1.05336225033,
                1.15041899681,
                0.569176673889,
                0.152830526233,
                0.0531517490745,
                0.012654941529,
                0.00140198296867,
                0.000109064851131,
                8.67283597472e-05
            ],
            "min": [
                1.15413011104e-21,
                4.7061588729e-21,
                1.86367491703e-20,
                3.71450850128e-20,
                2.3610691853e-19,
                1.6743332425e-19,
                3.90106312644e-19,
                7.23956899009e-19,
                1.14139633517e-18,
                7.04452135261e-19,
                3.31565499923e-19,
                1.43478023784e-18,
                2.68049676616e-18,
                2.39130408425e-18,
                2.6835709829e-18,
                6.46944988113e-18,
                2.36939786009e-18,
                2.89006297435e-18,
                5.22827157585e-18,
                6.6398751435e-18,
                1.12409105501e-17,
                7.76163586529e-18,
                9.44498398061e-18,
                1.10221229324e-17,
                2.03949056261e-17,
                1.54309749178e-17,
                2.02346459999e-17,
                1.45634427806e-17,
                1.69856807315e-17,
                2.40087237191e-17,
                1.99628708465e-17,
                1.25497327907e-17,
                1.33678822454e-17,
                1.24441787543e-17,
                8.7460420056e-18,
                8.498085518e-18,
                3.40457365805e-18,
                1.49835754652e-18,
                3.36800493375e-19,
                3.30239742658e-20
            ],
            "var": [
                1.71903216839,
                89.9356460571,
                418.779571533,
                320.723175049,
                259.869750977,
                280.597320557,
                473.466278076,
                624.626464844,
                344.091522217,
                1720.47399902,
                5043.72900391,
                5855.25146484,
                6607.52685547,
                3556.5637207,
                3103.67895508,
                6465.99755859,
                5488.57568359,
                4888.07128906,
                3115.57250977,
                4484.32617188,
                2260.17553711,
                3092.98974609,
                1640.94616699,
                616.11138916,
                357.871276855,
                266.402526855,
                459.319213867,
                444.175598145,
                418.06942749,
                484.245880127,
                1128.04663086,
                412.612091064,
                94.3553390503,
                23.5625324249,
                4.08706998825,
                0.384661138058,
                0.0266110412776,
                0.000308741378831,
                8.80789457369e-07,
                5.78600012346e-09
            ]
        },
        "erbbands_crest": {
            "dmean": 3.16956448555,
            "dmean2": 5.0792722702,
            "dvar": 8.82244491577,
            "dvar2": 21.8445892334,
            "max": 30.0289459229,
            "mean": 10.519569397,
            "median": 9.45010280609,
            "min": 2.91821599007,
            "var": 21.9998397827
        },
        "erbbands_flatness_db": {
            "dmean": 0.0223285146058,
            "dmean2": 0.0332053788006,
            "dvar": 0.000531005382072,
            "dvar2": 0.00102683482692,
            "max": 0.39590638876,
            "mean": 0.156583577394,
            "median": 0.150607064366,
            "min": 0.0476273335516,
            "var": 0.00206060661003
        },
        "erbbands_kurtosis": {
            "dmean": 1.50818514824,
            "dmean2": 2.40289998055,
            "dvar": 13.1446695328,
            "dvar2": 32.8726272583,
            "max": 161.788909912,
            "mean": 1.00927591324,
            "median": 0.217304706573,
            "min": -1.94972538948,
            "var": 14.8309001923
        },
        "erbbands_skewness": {
            "dmean": 0.54626762867,
            "dmean2": 0.818795323372,
            "dvar": 0.355545759201,
            "dvar2": 0.806769192219,
            "max": 11.3648319244,
            "mean": 0.208931952715,
            "median": 0.215495646,
            "min": -5.01217603683,
            "var": 0.982668280602
        },
        "erbbands_spread": {
            "dmean": 16.3554706573,
            "dmean2": 24.8910541534,
            "dvar": 387.990478516,
            "dvar2": 817.33203125,
            "max": 195.341018677,
            "mean": 48.6479454041,
            "median": 38.8158721924,
            "min": 2.96026778221,
            "var": 1021.33947754
        },
        "gfcc": {
            "cov": [
                [
                    12251.5371094,
                    -1306.48742676,
                    -395.33807373,
                    913.250549316,
                    -632.240478516,
                    1553.03515625,
                    -281.458740234,
                    756.59564209,
                    -55.4486122131,
                    93.5304412842,
                    -392.323974609,
                    107.845489502,
                    -253.816101074
                ],
                [
                    -1306.48742676,
                    2681.18847656,
                    -566.922363281,
                    -410.900756836,
                    670.269592285,
                    -764.238647461,
                    325.729095459,
                    -218.378158569,
                    -25.3121471405,
                    -125.555328369,
                    174.364974976,
                    -263.878356934,
                    144.93661499
                ],
                [
                    -395.33807373,
                    -566.922363281,
                    1101.92785645,
                    290.726379395,
                    -290.523925781,
                    215.676544189,
                    -73.6911849976,
                    -32.2000389099,
                    41.9321060181,
                    35.6295013428,
                    -9.35190010071,
                    83.2847900391,
                    -70.7187576294
                ],
                [
                    913.250549316,
                    -410.900756836,
                    290.726379395,
                    538.756713867,
                    -45.4212417603,
                    113.427688599,
                    -46.7570991516,
                    12.8922023773,
                    67.1447982788,
                    41.966506958,
                    -25.4641590118,
                    22.5635986328,
                    -14.0952386856
                ],
                [
                    -632.240478516,
                    670.269592285,
                    -290.523925781,
                    -45.4212417603,
                    498.027709961,
                    -236.490081787,
                    78.4448547363,
                    -27.5431900024,
                    46.5287475586,
                    -9.45404243469,
                    67.6124954224,
                    -89.2929840088,
                    79.2618942261
                ],
                [
                    1553.03515625,
                    -764.238647461,
                    215.676544189,
                    113.427688599,
                    -236.490081787,
                    643.594116211,
                    6.54104328156,
                    139.72064209,
                    38.3577041626,
                    12.0822191238,
                    -45.3281326294,
                    77.0684432983,
                    -71.5241928101
                ],
                [
                    -281.458740234,
                    325.729095459,
                    -73.6911849976,
                    -46.7570991516,
                    78.4448547363,
                    6.54104328156,
                    375.531066895,
                    -9.45115184784,
                    -28.3240661621,
                    16.8015403748,
                    79.2268066406,
                    -23.0707550049,
                    18.2931632996
                ],
                [
                    756.59564209,
                    -218.378158569,
                    -32.2000389099,
                    12.8922023773,
                    -27.5431900024,
                    139.72064209,
                    -9.45115184784,
                    202.784103394,
                    23.4526081085,
                    15.7024879456,
                    -5.45591497421,
                    14.6613731384,
                    -1.62208032608
                ],
                [
                    -55.4486122131,
                    -25.3121471405,
                    41.9321060181,
                    67.1447982788,
                    46.5287475586,
                    38.3577041626,
                    -28.3240661621,
                    23.4526081085,
                    192.139770508,
                    7.15149021149,
                    -2.68933796883,
                    -2.99390912056,
                    8.17988967896
                ],
                [
                    93.5304412842,
                    -125.555328369,
                    35.6295013428,
                    41.966506958,
                    -9.45404243469,
                    12.0822191238,
                    16.8015403748,
                    15.7024879456,
                    7.15149021149,
                    123.787475586,
                    28.0535202026,
                    -9.23555469513,
                    0.260661453009
                ],
                [
                    -392.323974609,
                    174.364974976,
                    -9.35190010071,
                    -25.4641590118,
                    67.6124954224,
                    -45.3281326294,
                    79.2268066406,
                    -5.45591497421,
                    -2.68933796883,
                    28.0535202026,
                    158.238479614,
                    12.9573421478,
                    22.5468769073
                ],
                [
                    107.845489502,
                    -263.878356934,
                    83.2847900391,
                    22.5635986328,
                    -89.2929840088,
                    77.0684432983,
                    -23.0707550049,
                    14.6613731384,
                    -2.99390912056,
                    -9.23555469513,
                    12.9573421478,
                    140.783218384,
                    -0.592281222343
                ],
                [
                    -253.816101074,
                    144.93661499,
                    -70.7187576294,
                    -14.0952386856,
                    79.2618942261,
                    -71.5241928101,
                    18.2931632996,
                    -1.62208032608,
                    8.17988967896,
                    0.260661453009,
                    22.5468769073,
                    -0.592281222343,
                    109.29776001
                ]
            ],
            "icov": [
                [
                    0.000448855716968,
                    -0.000700779433828,
                    0.0006119342288,
                    -0.0011554940138,
                    0.000582330918405,
                    -0.00125405017752,
                    0.000615762546659,
                    -0.00121612811927,
                    0.000665392028168,
                    -0.000894298194908,
                    0.000914724369068,
                    -0.000676884606946,
                    0.000614471675362
                ],
                [
                    -0.000700779433828,
                    0.00226336135529,
                    -0.000982692698017,
                    0.00226352689788,
                    -0.00157486915123,
                    0.00270616495982,
                    -0.00162293203175,
                    0.00229937536642,
                    -0.00119667348918,
                    0.00260378979146,
                    -0.00208428618498,
                    0.00234405277297,
                    -0.00122791843023
                ],
                [
                    0.0006119342288,
                    -0.000982692698017,
                    0.00216922676191,
                    -0.0021790380124,
                    0.00145804055501,
                    -0.0018940649461,
                    0.000962727004662,
                    -0.00116349710152,
                    0.00064029317582,
                    -0.00135498959571,
                    0.000873055949342,
                    -0.00115497957449,
                    0.00114044116344
                ],
                [
                    -0.0011554940138,
                    0.00226352689788,
                    -0.0021790380124,
                    0.00551989814267,
                    -0.00208088103682,
                    0.00326782767661,
                    -0.00171135121491,
                    0.00332522322424,
                    -0.00229215901345,
                    0.00202742614783,
                    -0.00211623730138,
                    0.0020682788454,
                    -0.00178523082286
                ],
                [
                    0.000582330918405,
                    -0.00157486915123,
                    0.00145804055501,
                    -0.00208088103682,
                    0.00467630242929,
                    -0.00126005709171,
                    0.000809181015939,
                    -0.00184463511687,
                    -0.000102902813524,
                    -0.00122957339045,
                    0.000371121714124,
                    -6.49133216939e-05,
                    -0.000329139089445
                ],
                [
                    -0.00125405017752,
                    0.00270616495982,
                    -0.0018940649461,
                    0.00326782767661,
                    -0.00126005709171,
                    0.00652500940487,
                    -0.00268671591766,
                    0.00209880922921,
                    -0.00247326749377,
                    0.00335989170708,
                    -0.00252039264888,
                    0.00199557398446,
                    -0.000932479626499
                ],
                [
                    0.000615762546659,
                    -0.00162293203175,
                    0.000962727004662,
                    -0.00171135121491,
                    0.000809181015939,
                    -0.00268671591766,
                    0.0044410713017,
                    -0.0015523476759,
                    0.00156716268975,
                    -0.00207794387825,
                    7.921121869e-05,
                    -0.0010426271474,
                    0.000738632923458
                ],
                [
                    -0.00121612811927,
                    0.00229937536642,
                    -0.00116349710152,
                    0.00332522322424,
                    -0.00184463511687,
                    0.00209880922921,
                    -0.0015523476759,
                    0.0096391402185,
                    -0.00231715873815,
                    0.00204201880842,
                    -0.00283102295361,
                    0.00215516448952,
                    -0.00231899623759
                ],
                [
                    0.000665392028168,
                    -0.00119667348918,
                    0.00064029317582,
                    -0.00229215901345,
                    -0.000102902813524,
                    -0.00247326749377,
                    0.00156716268975,
                    -0.00231715873815,
                    0.00697394087911,
                    -0.0016385409981,
                    0.00152376503684,
                    -0.00107435404789,
                    0.00057202129392
                ],
                [
                    -0.000894298194908,
                    0.00260378979146,
                    -0.00135498959571,
                    0.00202742614783,
                    -0.00122957339045,
                    0.00335989170708,
                    -0.00207794387825,
                    0.00204201880842,
                    -0.0016385409981,
                    0.0121220154688,
                    -0.00451715430245,
                    0.00403908034787,
                    -0.00162892811932
                ],
                [
                    0.000914724369068,
                    -0.00208428618498,
                    0.000873055949342,
                    -0.00211623730138,
                    0.000371121714124,
                    -0.00252039264888,
                    7.921121869e-05,
                    -0.00283102295361,
                    0.00152376503684,
                    -0.00451715430245,
                    0.0106127075851,
                    -0.00409874599427,
                    0.000891599978786
                ],
                [
                    -0.000676884606946,
                    0.00234405277297,
                    -0.00115497957449,
                    0.0020682788454,
                    -6.49133216939e-05,
                    0.00199557398446,
                    -0.0010426271474,
                    0.00215516448952,
                    -0.00107435404789,
                    0.00403908034787,
                    -0.00409874599427,
                    0.0114464359358,
                    -0.00262306071818
                ],
                [
                    0.000614471675362,
                    -0.00122791843023,
                    0.00114044116344,
                    -0.00178523082286,
                    -0.000329139089445,
                    -0.000932479626499,
                    0.000738632923458,
                    -0.00231899623759,
                    0.00057202129392,
                    -0.00162892811932,
                    0.000891599978786,
                    -0.00262306071818,
                    0.0119456192479
                ]
            ],
            "mean": [
                -3.1825325489,
                102.36882782,
                -84.0749664307,
                42.2131958008,
                -43.6964035034,
                29.2938327789,
                -31.2292613983,
                19.7715606689,
                -8.5260848999,
                3.11134529114,
                -4.90456533432,
                -0.195837587118,
                -11.332736969
            ]
        },
        "hfc": {
            "dmean": 14.9531898499,
            "dmean2": 23.9116020203,
            "dvar": 472.742889404,
            "dvar2": 1012.2109375,
            "max": 171.009460449,
            "mean": 29.3529758453,
            "median": 22.0686244965,
            "min": 1.22913467137e-16,
            "var": 761.54284668
        },
        "melbands": {
            "dmean": [
                0.00342787546106,
                0.00302671594545,
                0.000902394182049,
                0.000358200544724,
                0.00030097772833,
                0.000225056151976,
                9.64252467384e-05,
                0.000161246396601,
                0.000189803220564,
                0.000121914796182,
                8.80650768522e-05,
                5.54437974642e-05,
                5.44556241948e-05,
                4.54718319816e-05,
                5.66934613744e-05,
                3.79936936952e-05,
                4.73887848784e-05,
                3.29451358994e-05,
                2.18288823817e-05,
                2.51557885349e-05,
                1.79497983481e-05,
                1.88746398635e-05,
                1.83939537237e-05,
                7.93578965386e-06,
                7.52473806642e-06,
                6.39487234366e-06,
                4.38258211943e-06,
                3.59244563697e-06,
