{
    "lowlevel": {
        "average_loudness": 0.916709542274,
        "barkbands": {
            "dmean": [
                0.000354649324436,
                0.00622376473621,
                0.00237016333267,
                0.00148489011917,
                0.00097944564186,
                0.000830667268019,
                0.000648625486065,
                0.000765545468312,
                0.000922639679629,
                0.000568240182474,
                0.000336715951562,
                0.000402997888159,
                0.000527709256858,
                0.000423522695201,
                0.000762426236179,
                0.000463579781353,
                0.000434746179963,
                0.000199391884962,
                0.000254952523392,
                0.000250204786425,
                0.000235493134824,
                0.000256332132267,
                0.000188636069652,
                0.000252109137364,
                0.00020776691963,
                0.0001135381317,
                7.4961601058e-05
            ],
            "dmean2": [
                0.000537706713658,
                0.00982560776174,
                0.00391100859269,
                0.00266966293566,
                0.00161074602511,
                0.00131158716977,
                0.00105223164428,
                0.00118854222819,
                0.00143979187123,
                0.000879801518749,
                0.000539506960195,
                0.000648881832603,
                0.000865193433128,
                0.000679092307109,
                0.00125217647292,
                0.000746228091884,
                0.000714357418474,
                0.000324999593431,
                0.000416600727476,
                0.000397338269977,
                0.000363217521226,
                0.000391641398892,
                0.000276581937214,
                0.000378301599994,
                0.000322526233504,
                0.000188346428331,
                0.00013481816859
            ],
            "dvar": [
                1.18164450669e-06,
                0.000164520286489,
                4.56968555227e-05,
                2.63505444309e-05,
                3.92462652599e-06,
                2.32074671658e-06,
                1.94814720089e-06,
                4.37982680523e-06,
                5.13236363986e-06,
                1.7070345848e-06,
                6.08442576322e-07,
                8.3136012563e-07,
                1.4573399767e-06,
                1.33803462177e-06,
                2.0398201741e-06,
                1.14608076274e-06,
                9.7782026387e-07,
                1.25958862895e-07,
                2.32964339375e-07,
                2.16759858063e-07,
                1.60411090633e-07,
                1.9486847691e-07,
                1.75722789209e-07,
                2.93691442721e-07,
                2.81368329524e-07,
                1.35878735819e-07,
                1.66920543165e-07
            ],
            "dvar2": [
                2.33253945225e-06,
                0.000414264563005,
                0.000119199350593,
                7.29151433916e-05,
                1.0304333955e-05,
                5.62023979001e-06,
                4.51133200841e-06,
                1.06306042653e-05,
                1.14321783258e-05,
                3.81102904612e-06,
                1.43275622122e-06,
                2.04206912713e-06,
                3.65018900084e-06,
                2.98809504784e-06,
                5.18089927937e-06,
                2.65223638962e-06,
                2.56688917943e-06,
                3.15305868526e-07,
                5.62158390949e-07,
                5.04565605297e-07,
                3.51422158928e-07,
                4.27025099725e-07,
                3.447129302e-07,
                6.27351084859e-07,
                6.49903597605e-07,
                3.70046507214e-07,
                4.69574587214e-07
            ],
            "max": [
                0.0260238349438,
                0.12853269279,
                0.0714582502842,
                0.0508978478611,
                0.0284834168851,
                0.0229087620974,
                0.028320223093,
                0.04878680408,
                0.0475940480828,
                0.0394135154784,
                0.0250099208206,
                0.0197014696896,
                0.0258412081748,
                0.0468313992023,
                0.017794251442,
                0.0342221036553,
                0.0201613176614,
                0.00506247812882,
                0.0107285268605,
                0.0109445555136,
                0.00636515300721,
                0.00666739605367,
                0.00728016393259,
                0.00942921731621,
                0.00999030470848,
                0.00563650624827,
                0.00812823697925
            ],
            "mean": [
                0.000470213301014,
                0.00927136931568,
                0.00273880665191,
                0.00117973564193,
                0.00137989153154,
                0.00139816722367,
                0.000969291431829,
                0.00112008140422,
                0.00131489429623,
                0.000909273221623,
                0.00049373175716,
                0.000569999741856,
                0.000775769527536,
                0.000560690532438,
                0.00106886273716,
                0.000712208915502,
                0.000720567360986,
                0.00036060650018,
                0.000457847199868,
                0.000493388390169,
                0.000484942691401,
                0.000511370773893,
                0.000324162072502,
                0.000384685466997,
                0.000292183773126,
                0.000115825539979,
                4.84629126731e-05
            ],
            "median": [
                3.9933140215e-05,
                0.00253398693167,
                0.000690094893798,
                0.000182050629519,
                0.000621784594841,
                0.000789100129623,
                0.000419293064624,
                0.000299698644085,
                0.000376564188628,
                0.000349735753844,
                0.000185027805855,
                0.000174835062353,
                0.000336102588335,
                0.000157844187925,
                0.000348894565832,
                0.00023221259471,
                0.000227178505156,
                0.000159870964126,
                0.000158741982887,
                0.000195922460989,
                0.0002043058048,
                0.000187395315152,
                7.60045804782e-05,
                0.000106659914309,
                9.04721600818e-05,
                2.3354372388e-05,
                9.8660200365e-07
            ],
            "min": [
                7.80478124115e-25,
                7.97577660452e-24,
                2.79936253678e-23,
                7.55761327157e-24,
                2.41304330976e-23,
                5.21180394567e-23,
                3.99871510264e-23,
                2.19014719001e-23,
                3.43220474097e-23,
                4.68420683028e-23,
                8.47686830903e-23,
                5.65153584017e-23,
                5.46800324849e-23,
                5.57130805502e-23,
                1.59031038966e-22,
                1.15164957894e-22,
                9.93588106828e-23,
                1.61057376507e-22,
                2.51673866555e-22,
                2.4664961776e-22,
                4.7751898819e-22,
                4.48936727437e-22,
                5.38216697785e-22,
                1.00670364513e-21,
                1.28614518836e-21,
                1.68150975325e-21,
                2.07455706133e-21
            ],
            "var": [
                2.53235680248e-06,
                0.000240397333982,
                3.90024470107e-05,
                1.71625233634e-05,
                4.71381008538e-06,
                3.81971358365e-06,
                3.0205760595e-06,
                6.51337404634e-06,
                8.32897876535e-06,
                3.3180929222e-06,
                1.14715078325e-06,
                1.28271619815e-06,
                2.50779430644e-06,
                2.0824488729e-06,
                3.39733537658e-06,
                2.39702421823e-06,
                1.93252230929e-06,
                2.41452596583e-07,
                5.26528083356e-07,
                5.68464884054e-07,
                4.4965773327e-07,
                5.74242449147e-07,
                3.95874906189e-07,
                5.51856942366e-07,
                3.9038852151e-07,
                1.04774578347e-07,
                1.01797958507e-07
            ]
        },
        "barkbands_crest": {
            "dmean": 3.02485775948,
            "dmean2": 4.72481203079,
            "dvar": 8.12972068787,
            "dvar2": 18.5370082855,
            "max": 25.9317760468,
            "mean": 10.4911870956,
            "median": 9.68118286133,
            "min": 1.93928575516,
            "var": 22.5491466522
        },
        "barkbands_flatness_db": {
            "dmean": 0.0225047841668,
            "dmean2": 0.0339694730937,
            "dvar": 0.000557617691811,
            "dvar2": 0.00120612350293,
            "max": 0.390338629484,
            "mean": 0.118202768266,
            "median": 0.110361374915,
            "min": 0.0155680011958,
            "var": 0.00290541211143
        },
        "barkbands_kurtosis": {
            "dmean": 2.82319808006,
            "dmean2": 4.51957798004,
            "dvar": 45.0460128784,
            "dvar2": 113.917892456,
            "max": 138.242462158,
            "mean": 2.90111732483,
            "median": 0.395477890968,
            "min": -1.92089509964,
            "var": 64.8754959106
        },
        "barkbands_skewness": {
            "dmean": 0.607760131359,
            "dmean2": 0.923025071621,
            "dvar": 0.535268545151,
            "dvar2": 1.1712706089,
            "max": 11.1295385361,
            "mean": 1.18818235397,
            "median": 0.991400361061,
            "min": -2.92806243896,
            "var": 1.64527070522
        },
        "barkbands_spread": {
            "dmean": 8.35289287567,
            "dmean2": 12.95241642,
            "dvar": 112.207359314,
            "dvar2": 244.783935547,
            "max": 118.464660645,
            "mean": 30.3407211304,
            "median": 25.689163208,
            "min": 1.01746487617,
            "var": 360.687774658
        },
        "dissonance": {
            "dmean": 0.0172763578594,
            "dmean2": 0.0286194253713,
            "dvar": 0.000333987292834,
            "dvar2": 0.000883445085492,
            "max": 0.500000119209,
            "mean": 0.464930266142,
            "median": 0.473156571388,
            "min": 0.282722145319,
            "var": 0.000838703941554
        },
        "dynamic_complexity": 3.24141550064,
        "erbbands": {
            "dmean": [
                0.197487324476,
                1.38393676281,
                2.55086445808,
                4.31420707703,
                3.58045983315,
                3.30908322334,
                4.55356502533,
                8.3744726181,
                9.39985847473,
                11.0482130051,
                15.4560823441,
                23.7540836334,
                18.561668396,
                14.1081047058,
                15.4002494812,
                17.6828975677,
                23.4952926636,
                21.6041507721,
                38.0917472839,
                26.2737808228,
                24.0728302002,
                17.7398529053,
                11.087395668,
                10.321721077,
                14.8293371201,
                11.738743782,
                8.92648124695,
                10.1473941803,
                10.0118122101,
                6.54772758484,
                5.54206991196,
                4.55708885193,
                4.77576637268,
                2.76693105698,
                1.34143698215,
                0.449914127588,
                0.221068814397,
                0.075939655304,
                0.0161043126136,
                0.000433398556197
            ],
            "dmean2": [
                0.315344721079,
                2.16891121864,
                4.01758384705,
                7.65393161774,
                6.23686933517,
                5.35757541656,
                7.30518817902,
                13.2400999069,
                14.80194664,
                17.8665752411,
                23.8191375732,
                36.9343566895,
                28.8323631287,
                21.2388763428,
                24.7227039337,
                28.0241680145,
                38.031085968,
                33.9903488159,
                62.5137519836,
                42.4805297852,
                39.20104599,
                28.6668453217,
                17.6949710846,
                16.9447994232,
                23.9156513214,
                18.5048885345,
                13.678106308,
                15.7253017426,
                15.5198307037,
                9.78692436218,
                8.15057468414,
                6.80366373062,
                7.32791948318,
                4.23174142838,
                2.14094424248,
                0.713586986065,
                0.371309697628,
                0.132937133312,
                0.0291058514267,
                0.00077682826668
            ],
            "dvar": [
                0.166588425636,
                8.84288787842,
                42.637550354,
                185.189071655,
                101.375328064,
                41.1698760986,
                96.2467803955,
                255.962753296,
                371.610137939,
                932.182067871,
                1693.34387207,
                3484.51123047,
                1868.83947754,
                1546.18652344,
                1439.6262207,
                1553.32397461,
                2764.50708008,
                3137.95239258,
                5509.95898438,
                3428.65014648,
                2677.86767578,
                1208.93139648,
                372.515594482,
                390.843200684,
                867.555541992,
                469.758453369,
                280.44744873,
                304.495117188,
                288.79586792,
                187.452819824,
                156.528930664,
                102.644752502,
                117.15549469,
                50.3805122375,
                11.9145431519,
                1.46851241589,
                0.585762917995,
                0.121845789254,
                0.00821064505726,
                5.88894636167e-06
            ],
            "dvar2": [
                0.416455358267,
                21.9213485718,
                107.696243286,
                498.933776855,
                282.59576416,
                104.423339844,
                225.069488525,
                627.460571289,
                851.73046875,
                2341.56323242,
                3865.09008789,
                7700.97265625,
                4473.61669922,
                3222.10522461,
                3432.50439453,
                3661.64599609,
                6785.86962891,
                7175.12841797,
                14096.2705078,
                8296.55371094,
                6784.03759766,
                3050.38452148,
                912.89239502,
                1032.23132324,
                2006.86352539,
                1106.84411621,
                623.484924316,
                700.20904541,
                662.20904541,
                392.279846191,
                314.599975586,
                210.488113403,
                264.531402588,
                113.539733887,
                29.328742981,
                3.76248526573,
                1.61035263538,
                0.341604143381,
                0.0231307111681,
                1.66052977875e-05
            ],
            "max": [
                3.6557867527,
                29.9263725281,
                69.5049743652,
                122.50239563,
                124.95615387,
                82.4598388672,
                157.338912964,
                276.616394043,
                409.344055176,
                609.470458984,
                781.119384766,
                1470.55895996,
                1564.86206055,
                1560.04101563,
                1187.91162109,
                948.711303711,
                1257.4564209,
                2056.40893555,
                991.523010254,
                1279.13781738,
                1199.37597656,
                639.510681152,
                285.763580322,
                312.463806152,
                696.514953613,
                551.383056641,
                298.913024902,
                298.617523193,
                253.343719482,
                345.915985107,
                249.742630005,
                201.09197998,
                206.578872681,
                143.948669434,
                69.1014251709,
                31.1804008484,
                11.8316249847,
                6.07553482056,
                1.80373263359,
                0.0517235510051
            ],
            "mean": [
                0.282689362764,
                1.99500370026,
                3.40911507607,
                3.8461856842,
                3.73702406883,
                4.76863479614,
                6.67694807053,
                14.0082826614,
                15.840836525,
                15.4705915451,
                23.704914093,
                35.5267105103,
                28.787946701,
                23.4773769379,
                24.4078865051,
                27.2543430328,
                36.1871337891,
                32.9359817505,
                55.702960968,
                42.5370979309,
                42.1353263855,
                32.021446228,
                21.2738780975,
                19.0220603943,
                27.0165939331,
                23.7213134766,
                18.0411815643,
                20.4982414246,
                19.7025871277,
                12.2535085678,
                9.26748275757,
                7.48638725281,
                6.73409414291,
                3.91503047943,
                1.75798404217,
                0.555489957333,
                0.208788782358,
                0.057225946337,
                0.010269462131,
                0.000311029929435
            ],
            "median": [
                0.0629045441747,
                0.509980797768,
                0.910505235195,
                0.975445568562,
                1.02730309963,
                1.97162139416,
                3.19149422646,
                7.25451135635,
                7.37731266022,
                5.87320280075,
                7.24960231781,
                11.490524292,
                11.0632915497,
                10.7540273666,
                10.1850690842,
                9.75188732147,
                17.0047359467,
                13.498260498,
                20.825799942,
                12.5237627029,
                15.3182563782,
                12.4509706497,
                9.59645652771,
                8.24441146851,
                10.4641942978,
                9.69375514984,
                7.28293943405,
                8.57161331177,
                7.29688024521,
                3.71249818802,
                2.12735819817,
                1.94808208942,
                1.83541500568,
                1.15788590908,
                0.505754351616,
                0.142181366682,
                0.0359436683357,
                0.00509804068133,
                0.000177544206963,
                4.27819468314e-05
            ],
            "min": [
                1.1118908631e-22,
                2.64713285459e-21,
                2.50964917638e-20,
                3.0672997718e-20,
                5.14994183699e-20,
                1.17289881087e-19,
                5.42159893614e-20,
                3.7226663762e-19,
                7.36076128959e-19,
                3.51541885866e-19,
                5.33744649201e-19,
                5.44273210833e-19,
                2.07051641167e-18,
                1.34169894768e-18,
                3.63160123538e-18,
                2.00561892273e-18,
                2.64035699975e-18,
                3.48408722162e-18,
                6.19346437847e-18,
                8.65733846543e-18,
                4.99522625956e-18,
                6.13442560302e-18,
                7.58937219401e-18,
                1.27739061814e-17,
                1.0699561371e-17,
                1.4230653131e-17,
                2.12198032202e-17,
                1.73996300341e-17,
                1.37199567839e-17,
                1.75876299894e-17,
                1.46619351762e-17,
                2.0395610384e-17,
                1.47563495713e-17,
                1.02038113504e-17,
                1.04015728641e-17,
                5.52571166205e-18,
                2.93305465271e-18,
                9.9687878317e-19,
                3.02448328771e-19,
                3.33597352775e-20
            ],
            "var": [
                0.251879900694,
                12.363161087,
                46.1115036011,
                129.643066406,
                75.5916671753,
                58.6801605225,
                125.836685181,
                427.326965332,
                682.214355469,
                1154.75695801,
                2981.05029297,
                5745.625,
                2716.64868164,
                2995.33520508,
                2767.58325195,
                2748.90673828,
                4826.30908203,
                5038.02294922,
                8959.91210938,
                6969.5546875,
                5656.39111328,
                2666.47412109,
                807.161865234,
                713.49621582,
                1920.05566406,
                1283.3190918,
                689.89666748,
                850.049743652,
                787.331970215,
                481.086547852,
                333.83404541,
                226.011230469,
                180.568664551,
                72.7888946533,
                14.4707078934,
                1.5387390852,
                0.424872845411,
                0.0768365263939,
                0.00498253619298,
                3.5792095332e-06
            ]
        },
        "erbbands_crest": {
            "dmean": 2.84531545639,
            "dmean2": 4.64982318878,
            "dvar": 7.90400648117,
            "dvar2": 19.484254837,
            "max": 28.0423412323,
            "mean": 8.98722267151,
            "median": 8.04691791534,
            "min": 2.35506367683,
            "var": 18.7742023468
        },
        "erbbands_flatness_db": {
            "dmean": 0.0184425711632,
            "dmean2": 0.0264343395829,
            "dvar": 0.000321938685374,
            "dvar2": 0.000641272054054,
            "max": 0.327304333448,
            "mean": 0.150050923228,
            "median": 0.14068505168,
            "min": 0.0357507877052,
            "var": 0.00261530792341
        },
        "erbbands_kurtosis": {
            "dmean": 0.911599874496,
            "dmean2": 1.44171261787,
            "dvar": 1.40865969658,
            "dvar2": 3.34783983231,
            "max": 21.0271873474,
            "mean": 0.45242986083,
            "median": -0.0736507102847,
            "min": -1.76269996166,
            "var": 3.19933390617
        },
        "erbbands_skewness": {
            "dmean": 0.358385741711,
            "dmean2": 0.537049591541,
            "dvar": 0.127965152264,
            "dvar2": 0.265699148178,
            "max": 3.48211359978,
            "mean": 0.174558073282,
            "median": 0.137826815248,
            "min": -3.00819182396,
            "var": 0.558924198151
        },
        "erbbands_spread": {
            "dmean": 9.42104816437,
            "dmean2": 14.3796463013,
            "dvar": 124.271812439,
            "dvar2": 286.742340088,
            "max": 153.004653931,
            "mean": 37.9216003418,
            "median": 33.9211387634,
            "min": 3.52043104172,
            "var": 333.521179199
        },
        "gfcc": {
            "cov": [
                [
                    12035.1259766,
                    -2697.83764648,
                    553.089416504,
                    746.130371094,
                    -134.889862061,
                    1019.36315918,
                    -320.626281738,
                    510.132019043,
                    -87.2767333984,
                    313.753356934,
                    -334.676727295,
                    251.364273071,
                    -85.6744995117
                ],
                [
                    -2697.83764648,
                    2247.24755859,
                    -322.822631836,
                    -76.0272979736,
                    174.494415283,
                    -418.455566406,
                    220.176651001,
                    -185.315170288,
                    54.595790863,
                    -180.371154785,
                    199.468933105,
                    -141.735671997,
                    35.3773117065
                ],
                [
                    553.089416504,
                    -322.822631836,
                    1212.57873535,
                    191.462722778,
                    184.516906738,
                    220.069854736,
                    -44.4432144165,
                    122.400375366,
                    -65.4923019409,
                    36.9278526306,
                    -83.6014480591,
                    70.5640792847,
                    -124.043739319
                ],
                [
                    746.130371094,
                    -76.0272979736,
                    191.462722778,
                    526.628967285,
                    134.601104736,
                    179.074234009,
                    61.5406684875,
                    69.9733505249,
                    62.5843353271,
                    28.624256134,
                    17.50274086,
                    44.8724861145,
                    18.8939113617
                ],
                [
                    -134.889862061,
                    174.494415283,
                    184.516906738,
                    134.601104736,
                    332.680023193,
                    87.8756637573,
                    88.1683349609,
                    50.6163749695,
                    45.92760849,
                    25.2714691162,
                    15.2438955307,
                    8.14187145233,
                    7.45507478714
                ],
                [
                    1019.36315918,
                    -418.455566406,
                    220.069854736,
                    179.074234009,
                    87.8756637573,
                    362.226715088,
                    54.4224739075,
                    128.443786621,
                    -0.104434013367,
                    79.5832672119,
                    -42.2350654602,
                    45.2032546997,
                    -13.6064596176
                ],
                [
                    -320.626281738,
                    220.176651001,
                    -44.4432144165,
                    61.5406684875,
                    88.1683349609,
                    54.4224739075,
                    229.108596802,
                    37.1926345825,
                    48.989982605,
                    7.94750881195,
                    57.6787796021,
                    -7.9807343483,
                    4.3405919075
                ],
                [
                    510.132019043,
                    -185.315170288,
                    122.400375366,
                    69.9733505249,
                    50.6163749695,
                    128.443786621,
                    37.1926345825,
                    166.351852417,
                    46.1023635864,
                    60.9964866638,
                    -17.3390388489,
                    24.0936050415,
                    2.73577594757
                ],
                [
                    -87.2767333984,
                    54.595790863,
                    -65.4923019409,
                    62.5843353271,
                    45.92760849,
                    -0.104434013367,
                    48.989982605,
                    46.1023635864,
                    143.264404297,
                    42.303527832,
                    36.4776573181,
                    -4.43271160126,
                    24.6578083038
                ],
                [
                    313.753356934,
                    -180.371154785,
                    36.9278526306,
                    28.624256134,
                    25.2714691162,
                    79.5832672119,
                    7.94750881195,
                    60.9964866638,
                    42.303527832,
                    126.50868988,
                    19.6109409332,
                    28.9854946136,
                    5.29977226257
                ],
                [
                    -334.676727295,
                    199.468933105,
                    -83.6014480591,
                    17.50274086,
                    15.2438955307,
                    -42.2350654602,
                    57.6787796021,
                    -17.3390388489,
                    36.4776573181,
                    19.6109409332,
                    134.402679443,
                    24.0246047974,
                    22.8546352386
                ],
                [
                    251.364273071,
                    -141.735671997,
                    70.5640792847,
                    44.8724861145,
                    8.14187145233,
                    45.2032546997,
                    -7.9807343483,
                    24.0936050415,
                    -4.43271160126,
                    28.9854946136,
                    24.0246047974,
                    102.883460999,
                    34.0193061829
                ],
                [
                    -85.6744995117,
                    35.3773117065,
                    -124.043739319,
                    18.8939113617,
                    7.45507478714,
                    -13.6064596176,
                    4.3405919075,
                    2.73577594757,
                    24.6578083038,
                    5.29977226257,
                    22.8546352386,
                    34.0193061829,
                    115.555114746
                ]
            ],
            "icov": [
                [
                    0.000151786953211,
                    6.93667971063e-05,
                    8.26036339276e-05,
                    -0.000180754126632,
                    7.40234609111e-05,
                    -0.000211752005271,
                    0.000209613674087,
                    -0.000256530416664,
                    0.000121703778859,
                    -6.41816732241e-05,
                    0.000125935635879,
                    -0.000153640357894,
                    0.000175314766238
                ],
                [
                    6.93667971063e-05,
                    0.000989813124761,
                    7.89337434526e-07,
                    -0.00012874379172,
                    -0.000561963417567,
                    0.000795796338934,
                    -0.000572243297938,
                    4.82083232782e-05,
                    0.000187198165804,
                    0.000768326455727,
                    -0.00101266149431,
                    0.000999098643661,
                    -0.000248423632002
                ],
                [
                    8.26036339276e-05,
                    7.89337434526e-07,
                    0.00144616910256,
                    -0.000386010127841,
                    -0.000706662074663,
                    -0.000250424345722,
                    0.000618865597062,
                    -0.000881758867763,
                    0.000672847090755,
                    6.79460063111e-05,
                    0.000508162484039,
                    -0.00131808151491,
                    0.00183109822683
                ],
                [
                    -0.000180754126632,
                    -0.00012874379172,
                    -0.000386010127841,
                    0.00296343443915,
                    -0.000536283536348,
                    -0.00121650123037,
                    -0.000158371709404,
                    0.000651738548186,
                    -0.00156539073214,
                    0.00100070983171,
                    -0.000609598588198,
                    -0.000361240905477,
                    -0.000596575555392
                ],
                [
                    7.40234609111e-05,
                    -0.000561963417567,
                    -0.000706662074663,
                    -0.000536283536348,
                    0.00456446642056,
                    -0.000938711396884,
                    -0.000823806389235,
                    -1.99203368538e-05,
                    -0.00083055102732,
                    -0.0007109423168,
                    0.000638952653389,
                    1.50240575749e-05,
                    -0.000738515518606
                ],
                [
                    -0.000211752005271,
                    0.000795796338934,
                    -0.000250424345722,
                    -0.00121650123037,
                    -0.000938711396884,
                    0.00684163160622,
                    -0.002336287871,
                    -0.00204323674552,
                    0.00204040575773,
                    -0.00182612170465,
                    0.000997230992652,
                    6.28944762866e-05,
                    -3.56506134267e-05
                ],
                [
                    0.000209613674087,
                    -0.000572243297938,
                    0.000618865597062,
                    -0.000158371709404,
                    -0.000823806389235,
                    -0.002336287871,
                    0.00723968911916,
                    -0.00167396606412,
                    -0.000878070888575,
                    0.00106146628968,
                    -0.00233182916418,
                    0.000234154838836,
                    0.00109750847332
                ],
                [
                    -0.000256530416664,
                    4.82083232782e-05,
                    -0.000881758867763,
                    0.000651738548186,
                    -1.99203368538e-05,
                    -0.00204323674552,
                    -0.00167396606412,
                    0.0112026361749,
                    -0.00352688157,
                    -0.0021320101805,
                    0.00170696235728,
                    -0.000440668663941,
                    -0.00105720269494
                ],
                [
                    0.000121703778859,
                    0.000187198165804,
                    0.000672847090755,
                    -0.00156539073214,
                    -0.00083055102732,
                    0.00204040575773,
                    -0.000878070888575,
                    -0.00352688157,
                    0.0112936971709,
                    -0.00325244641863,
                    -0.00148361735046,
                    0.00225857482292,
                    -0.00121076789219
                ],
                [
                    -6.41816732241e-05,
                    0.000768326455727,
                    6.79460063111e-05,
                    0.00100070983171,
                    -0.0007109423168,
                    -0.00182612170465,
                    0.00106146628968,
                    -0.0021320101805,
                    -0.00325244641863,
                    0.0130052091554,
                    -0.00354498950765,
                    -0.000988241517916,
                    0.000557583000045
                ],
                [
                    0.000125935635879,
                    -0.00101266149431,
                    0.000508162484039,
                    -0.000609598588198,
                    0.000638952653389,
                    0.000997230992652,
                    -0.00233182916418,
                    0.00170696235728,
                    -0.00148361735046,
                    -0.00354498950765,
                    0.0128446770832,
                    -0.00512407766655,
                    0.000619196565822
                ],
                [
                    -0.000153640357894,
                    0.000999098643661,
                    -0.00131808151491,
                    -0.000361240905477,
                    1.50240575749e-05,
                    6.28944762866e-05,
                    0.000234154838836,
                    -0.000440668663941,
                    0.00225857482292,
                    -0.000988241517916,
                    -0.00512407766655,
                    0.0161652229726,
                    -0.00594975659624
                ],
                [
                    0.000175314766238,
                    -0.000248423632002,
                    0.00183109822683,
                    -0.000596575555392,
                    -0.000738515518606,
                    -3.56506134267e-05,
                    0.00109750847332,
                    -0.00105720269494,
                    -0.00121076789219,
                    0.000557583000045,
                    0.000619196565822,
                    -0.00594975659624,
                    0.0128122447059
                ]
            ],
            "mean": [
                9.36253166199,
                69.4452590942,
                -122.325080872,
                32.1563224792,
                -58.3563079834,
                18.8624343872,
                -34.2290649414,
                13.031414032,
                -20.004283905,
                10.8004455566,
                -14.2914333344,
                1.2711956501,
                -7.04824018478
            ]
        },
        "hfc": {
            "dmean": 12.6146059036,
            "dmean2": 19.0399894714,
            "dvar": 466.424743652,
            "dvar2": 1085.18054199,
            "max": 295.50958252,
            "mean": 33.9427528381,
            "median": 23.2013034821,
            "min": 1.1416385502e-16,
            "var": 1194.39550781
        },
        "melbands": {
            "dmean": [
                0.00172710733023,
                0.00137250253465,
                0.000715780071914,
                0.000232523481827,
                0.000154291672516,
                0.000177483452717,
                0.000141852215165,
                0.00013163794938,
                0.000119796161016,
                0.000158066410222,
                9.26873108256e-05,
                5.98425467615e-05,
                4.61338240711e-05,
                4.86445096612e-05,
                4.17473966081e-05,
                5.65623449802e-05,
                4.22186458309e-05,
                6.0454429331e-05,
                4.43243043264e-05,
                4.01616634917e-05,
                3.04454988509e-05,
                2.3213271561e-05,
                1.38472969411e-05,
                9.15908822208e-06,
                8.87496298674e-06,
                1.1765851923e-05,
                1.07445657704e-05,
                7.82056758908e-06,
