{
    "lowlevel": {
        "average_loudness": 0.840049624443,
        "barkbands": {
            "dmean": [
                4.17584061552e-07,
                6.12579315202e-05,
                0.000227343611186,
                0.00127667328343,
                0.00328002963215,
                0.000787849363405,
                0.000773128180299,
                0.00114739860874,
                0.000840906694066,
                0.000338892481523,
                0.000275509024505,
                0.000335394142894,
                0.000230648671277,
                0.000152352091391,
                0.00015758619702,
                0.000107743093395,
                0.000129517691676,
                0.000154432273121,
                5.60138360015e-05,
                4.83307412651e-05,
                2.11751830648e-05,
                2.61899640464e-05,
                4.93630213896e-05,
                7.34831919544e-05,
                8.22004367365e-05,
                7.7257900557e-05,
                1.70546245499e-05
            ],
            "dmean2": [
                7.37308710086e-07,
                9.64989667409e-05,
                0.000374354916858,
                0.00191038555931,
                0.00508351204917,
                0.00123859837186,
                0.00113752158359,
                0.00167353299912,
                0.00111258844845,
                0.000453997869045,
                0.000388509302866,
                0.000486653618282,
                0.000331013317918,
                0.000213084669667,
                0.00024137723085,
                0.000161227188073,
                0.000183302618098,
                0.000227751675993,
                8.44967798912e-05,
                7.37633745302e-05,
                3.17889571306e-05,
                3.94871021854e-05,
                7.20361931599e-05,
                0.000108405096398,
                0.000121006429254,
                0.000120815318951,
                2.84720335912e-05
            ],
            "dvar": [
                2.18723064833e-12,
                1.25904699999e-08,
                2.57495401002e-07,
                7.68832069298e-06,
                2.64971131401e-05,
                3.28441888087e-06,
                7.39258211979e-06,
                1.22916553664e-05,
                6.60542445985e-06,
                9.58728719525e-07,
                6.99240899849e-07,
                1.4770027974e-06,
                6.2576992832e-07,
                3.51426308498e-07,
                4.35602800053e-07,
                1.92623346607e-07,
                2.24532698212e-07,
                2.47624996064e-07,
                3.44817649989e-08,
                1.24215455699e-08,
                2.82399859053e-09,
                7.03045222039e-09,
                3.22005071496e-08,
                5.21660403763e-08,
                7.62930554288e-08,
                7.83853053576e-08,
                6.69792266095e-09
            ],
            "dvar2": [
                6.03161401033e-12,
                3.26548033058e-08,
                7.04240335381e-07,
                1.71329047589e-05,
                6.69347136864e-05,
                8.3851373347e-06,
                1.54597400979e-05,
                2.74148351309e-05,
                1.33651092256e-05,
                1.54665349328e-06,
                1.35913091981e-06,
                3.41034092344e-06,
                1.36066171308e-06,
                6.71129555485e-07,
                1.03986894828e-06,
                4.21648053361e-07,
                4.38410751258e-07,
                5.30628256001e-07,
                7.67604575458e-08,
                2.73966875852e-08,
                6.29521146323e-09,
                1.5294993716e-08,
                6.75936746575e-08,
                9.73274012495e-08,
                1.43709868894e-07,
                1.83190365988e-07,
                1.71086078637e-08
            ],
            "max": [
                3.1364026654e-05,
                0.00166447693482,
                0.00818910077214,
                0.0427845455706,
                0.0846895799041,
                0.0712432190776,
                0.0635116994381,
                0.0770696401596,
                0.0740596801043,
                0.0288199707866,
                0.0240697450936,
                0.0386157259345,
                0.0295691490173,
                0.017130497843,
                0.0163215473294,
                0.0130158215761,
                0.0117843989283,
                0.0121478103101,
                0.00579067319632,
                0.0019865327049,
                0.00113927852362,
                0.00193327106535,
                0.00901233684272,
                0.00965682510287,
                0.00727115478367,
                0.00681722396985,
                0.00186398532242
            ],
            "mean": [
                3.42933617503e-07,
                0.000104657417978,
                0.000469690567115,
                0.00224020634778,
                0.00762273650616,
                0.00185973767657,
                0.00143145653419,
                0.00243836361915,
                0.00314463372342,
                0.000816861458588,
                0.000665578874759,
                0.000590184703469,
                0.000631860457361,
                0.000273937679594,
                0.000220416695811,
                0.000184153555892,
                0.00027273199521,
                0.000328495836584,
                0.000110027947812,
                9.54444622039e-05,
                3.49399379047e-05,
                3.61018355761e-05,
                7.71529230406e-05,
                0.000123859354062,
                0.000129006701172,
                8.9786008175e-05,
                1.37896959131e-05
            ],
            "median": [
                5.88530149059e-08,
                3.00233368762e-05,
                0.000240390465478,
                0.000719803152606,
                0.00500676594675,
                0.000961397658102,
                0.000291446282063,
                0.000347057997715,
                0.000321044528391,
                0.00017824054521,
                0.000127440391225,
                0.000118012583698,
                4.66078199679e-05,
                2.24345876632e-05,
                5.16408654221e-05,
                3.48122557625e-05,
                4.13151210523e-05,
                4.42284945166e-05,
                3.02930275211e-05,
                3.37438141287e-05,
                1.16809151223e-05,
                8.46711373015e-06,
                1.95511238417e-05,
                3.15436373057e-05,
                2.77205817838e-05,
                1.66492081917e-05,
                7.59684098739e-07
            ],
            "min": [
                8.27558476927e-25,
                2.83192308618e-24,
                3.743716525e-24,
                1.96881400092e-24,
                1.59050372369e-23,
                5.2432902243e-24,
                9.19157849797e-24,
                5.92722513494e-24,
                2.32835041412e-23,
                1.45595828982e-23,
                6.49488944234e-24,
                2.35375283967e-23,
                2.81889220843e-23,
                2.54225904158e-23,
                4.91427338012e-23,
                5.60398078045e-23,
                6.37192929861e-23,
                8.60674889282e-23,
                1.27774060116e-22,
                1.50780450043e-22,
                2.99384199346e-22,
                2.92085784469e-22,
                4.10673666629e-22,
                5.92319984596e-22,
                8.39937944895e-22,
                1.32005353502e-21,
                2.03529889982e-21
            ],
            "var": [
                1.54662101268e-12,
                3.14154853243e-08,
                3.93187690406e-07,
                1.6864763893e-05,
                7.42561533116e-05,
                7.49654782339e-06,
                1.42649823829e-05,
                2.80475342151e-05,
                5.39646171092e-05,
                4.10450184063e-06,
                2.6181053272e-06,
                2.91544893116e-06,
                2.95150994134e-06,
                1.1571299865e-06,
                5.75304454742e-07,
                5.49599121769e-07,
                8.83066036295e-07,
                8.23301320452e-07,
                8.34749229739e-08,
                2.84404713113e-08,
                4.80323292251e-09,
                9.92242821241e-09,
                5.27860777311e-08,
                1.21020804045e-07,
                1.71913470126e-07,
                8.95834872949e-08,
                5.16183673582e-09
            ]
        },
        "barkbands_crest": {
            "dmean": 2.32994484901,
            "dmean2": 3.64422941208,
            "dvar": 5.45605325699,
            "dvar2": 12.9765014648,
            "max": 25.7546806335,
            "mean": 12.7275791168,
            "median": 12.0417299271,
            "min": 2.98684644699,
            "var": 21.3637599945
        },
        "barkbands_flatness_db": {
            "dmean": 0.0248999521136,
            "dmean2": 0.035624191165,
            "dvar": 0.000765510951169,
            "dvar2": 0.00150177069008,
            "max": 0.51705956459,
            "mean": 0.185714542866,
            "median": 0.179554075003,
            "min": 0.0356482192874,
            "var": 0.00373748154379
        },
        "barkbands_kurtosis": {
            "dmean": 6.35171556473,
            "dmean2": 9.61421871185,
            "dvar": 153.569244385,
            "dvar2": 346.45916748,
            "max": 267.151824951,
            "mean": 12.7719841003,
            "median": 7.08987426758,
            "min": -1.93392193317,
            "var": 351.983001709
        },
        "barkbands_skewness": {
            "dmean": 0.707058846951,
            "dmean2": 1.02269256115,
            "dvar": 0.762238442898,
            "dvar2": 1.66874933243,
            "max": 13.1118679047,
            "mean": 2.4134221077,
            "median": 2.17585635185,
            "min": -5.9951915741,
            "var": 3.21229767799
        },
        "barkbands_spread": {
            "dmean": 5.35787534714,
            "dmean2": 8.07258987427,
            "dvar": 106.857345581,
            "dvar2": 226.960510254,
            "max": 104.172439575,
            "mean": 14.9920244217,
            "median": 9.33115673065,
            "min": 0.156169086695,
            "var": 244.866104126
        },
        "dissonance": {
            "dmean": 0.0305697545409,
            "dmean2": 0.0493182577193,
            "dvar": 0.000863334338646,
            "dvar2": 0.00217683706433,
            "max": 0.499999880791,
            "mean": 0.416747093201,
            "median": 0.427299022675,
            "min": 0.125265359879,
            "var": 0.00300213741139
        },
        "dynamic_complexity": 3.67540359497,
        "erbbands": {
            "dmean": [
                0.000455127097666,
                0.0200935862958,
                0.206014454365,
                1.85770750046,
                10.2494764328,
                11.5063123703,
                8.47041606903,
                5.97608995438,
                6.54871225357,
                20.126499176,
                24.4590167999,
                21.9078559875,
                11.6610937119,
                10.6404972076,
                10.9010076523,
                13.9849290848,
                9.77424812317,
                8.87894916534,
                7.23400354385,
                5.56491804123,
                5.77283859253,
                6.08033370972,
                9.05548858643,
                4.43334674835,
                2.01729106903,
                2.23285961151,
                1.01107931137,
                0.835372388363,
                0.901556015015,
                1.19407570362,
                1.37839758396,
                1.46844363213,
                1.28111994267,
                0.910018861294,
                0.628944814205,
                0.404135048389,
                0.125196218491,
                0.0230746548623,
                0.00344354356639,
                0.000103361460788
            ],
            "dmean2": [
                0.000726912578102,
                0.0315792113543,
                0.333376049995,
                2.81699943542,
                15.8942184448,
                17.7026557922,
                13.3044137955,
                9.34715080261,
                9.3139591217,
                29.1821937561,
                34.9985389709,
                27.5765914917,
                14.8754339218,
                14.1052207947,
                15.1667461395,
                19.5697746277,
                13.7646751404,
                11.9802274704,
                10.7697591782,
                8.46517467499,
                8.24221038818,
                8.34387683868,
                12.8952083588,
                6.32956933975,
                2.88773179054,
                3.41492199898,
                1.49361729622,
                1.26419115067,
                1.36111938953,
                1.78326904774,
                1.99365794659,
                2.14784646034,
                1.91619861126,
                1.35759878159,
                0.922052741051,
                0.624701440334,
                0.19832791388,
                0.0367960371077,
                0.00578253436834,
                0.000173966633156
            ],
            "dvar": [
                7.91938759903e-07,
                0.0013508371776,
                0.181575983763,
                15.1797685623,
                411.001800537,
                385.488616943,
                238.397674561,
                263.805450439,
                555.187011719,
                3108.1328125,
                7202.51318359,
                3603.91699219,
                1203.6640625,
                931.497192383,
                1163.45410156,
                2510.14428711,
                1151.93554688,
                908.964233398,
                1132.83581543,
                368.381164551,
                630.522155762,
                497.888305664,
                866.865600586,
                194.092559814,
                28.2645797729,
                28.3078212738,
                5.95744562149,
                6.09077215195,
                8.6792755127,
                12.7751216888,
                23.4916610718,
                39.930065155,
                13.2797088623,
                10.4361543655,
                4.07431125641,
                1.89949941635,
                0.235907465219,
                0.00834801979363,
                0.000313120282954,
                2.7588353646e-07
            ],
            "dvar2": [
                2.04413299798e-06,
                0.00352024822496,
                0.49227938056,
                35.3193969727,
                1035.57336426,
                913.49609375,
                585.765991211,
                683.14453125,
                1118.60778809,
                6773.11669922,
                16018.9267578,
                6377.27880859,
                1698.36083984,
                1487.92407227,
                2209.44287109,
                5515.95898438,
                2496.43554688,
                1665.2310791,
                2512.02978516,
                919.704467773,
                1261.796875,
                952.819030762,
                1678.54882812,
                383.614196777,
                54.2016029358,
                63.9560890198,
                13.1329851151,
                13.4765262604,
                19.0520782471,
                27.2289123535,
                45.9760360718,
                77.3318481445,
                26.7296104431,
                20.9409255981,
                7.51026153564,
                4.21899747849,
                0.576237380505,
                0.0203455518931,
                0.000817231484689,
                7.18799924471e-07
            ],
            "max": [
                0.0145961092785,
                0.562602341175,
                7.44619321823,
                54.7163047791,
                323.953125,
                430.0703125,
                253.958023071,
                643.990661621,
                1014.15124512,
                952.260925293,
                2336.38427734,
                1551.44689941,
                1229.08776855,
                990.865966797,
                1024.8359375,
                1404.49157715,
                1394.80932617,
                945.897644043,
                1012.05438232,
                398.691986084,
                878.189208984,
                762.877319336,
                651.724975586,
                457.836395264,
                212.739242554,
                110.698623657,
                47.243396759,
                62.4917488098,
                71.8098373413,
                87.0223388672,
                249.223556519,
                406.977081299,
                90.7104263306,
                83.9610443115,
                50.1321144104,
                25.7323913574,
                14.0391407013,
                1.82944989204,
                0.494671881199,
                0.0149493291974
            ],
            "mean": [
                0.000781923008617,
                0.0384846888483,
                0.453063964844,
                3.71215176582,
                19.0266361237,
                27.1765193939,
                19.3953723907,
                14.7966718674,
                14.0840559006,
                38.7644920349,
                52.4691925049,
                86.5853271484,
                35.7467002869,
                26.9768829346,
                26.0268993378,
                26.5009002686,
                28.5293102264,
                20.4251556396,
                11.6070547104,
                9.59454250336,
                11.4669380188,
                13.7686681747,
                20.1412372589,
                10.5396127701,
                4.56599330902,
                4.37605667114,
                1.79041218758,
                1.28321921825,
                1.26951253414,
                1.80470490456,
                2.18739819527,
                2.26609778404,
                2.19877910614,
                1.39617979527,
                0.954797625542,
                0.509784281254,
                0.137666776776,
                0.0221065543592,
                0.00273902667686,
                0.000107958607259
            ],
            "median": [
                0.000379510718631,
                0.0157577041537,
                0.264389306307,
                1.75272548199,
                9.45275306702,
                13.7232971191,
                9.63764190674,
                5.96705532074,
                4.62987089157,
                10.0512123108,
                13.136100769,
                11.1265506744,
                8.51198291779,
                8.53093242645,
                6.7002491951,
                6.31111764908,
                2.81436824799,
                2.03841352463,
                2.10490751266,
                2.93914175034,
                2.02682089806,
                2.35439324379,
                2.66163444519,
                2.14311718941,
                1.54112946987,
                1.5953053236,
                0.744352936745,
                0.34807664156,
                0.30530783534,
                0.457542777061,
                0.556672275066,
                0.56650853157,
                0.517889142036,
                0.27806827426,
                0.204356923699,
                0.104713521898,
                0.0234676934779,
                0.0028415939305,
                0.000155130357598,
                3.82171056117e-05
            ],
            "min": [
                6.77558816164e-23,
                8.87134849143e-22,
                2.69151384095e-21,
                6.78386168433e-21,
                1.5815043846e-20,
                2.90044613314e-20,
                3.64581987558e-20,
                5.59964697806e-20,
                9.06825245468e-20,
                1.88631132841e-19,
                3.24042266402e-19,
                4.73738537723e-19,
                4.82617080828e-19,
                9.56497686821e-19,
                1.01584830936e-18,
                1.17078440797e-18,
                1.45212394054e-18,
                2.23475994653e-18,
                2.32560588448e-18,
                2.05150201093e-18,
                4.06677971488e-18,
                4.70440816775e-18,
                5.15010300796e-18,
                5.05376955382e-18,
                8.14511597009e-18,
                6.78086725173e-18,
                1.02163274203e-17,
                1.1357930137e-17,
                8.32827940031e-18,
                1.39005766337e-17,
                1.12756968036e-17,
                1.18299409012e-17,
                1.08671820775e-17,
                8.28361247441e-18,
                6.4783213932e-18,
                4.49864781756e-18,
                2.30777600638e-18,
                1.09291352171e-18,
                2.7287711301e-19,
                2.69118785585e-20
            ],
            "var": [
                1.18185221254e-06,
                0.00327199581079,
                0.306924939156,
                31.6910762787,
                728.855102539,
                1372.19262695,
                689.136230469,
                575.630249023,
                1119.8215332,
                5552.49658203,
                16524.3515625,
                40757.2265625,
                5623.03369141,
                4243.67041016,
                3655.2434082,
                5253.13183594,
                5386.46972656,
                3661.44799805,
                1653.67150879,
                580.364074707,
                2088.86035156,
                2025.82202148,
                3298.44116211,
                733.732788086,
                73.0768127441,
                60.1975402832,
                10.3602285385,
                9.63890838623,
                11.8911962509,
                21.4827785492,
                42.8514480591,
                75.7179260254,
                31.5368785858,
                22.2341918945,
                8.94642162323,
                2.66119909286,
                0.232942953706,
                0.00744664575905,
                0.000229810088058,
                2.03086855777e-07
            ]
        },
        "erbbands_crest": {
            "dmean": 2.61646485329,
            "dmean2": 4.03582859039,
            "dvar": 6.94366073608,
            "dvar2": 16.7225284576,
            "max": 31.6686401367,
            "mean": 12.0182847977,
            "median": 11.1592617035,
            "min": 2.37622308731,
            "var": 25.411190033
        },
        "erbbands_flatness_db": {
            "dmean": 0.0211281497031,
            "dmean2": 0.0291193239391,
            "dvar": 0.000585044908803,
            "dvar2": 0.0010740669677,
            "max": 0.444228321314,
            "mean": 0.183233723044,
            "median": 0.184448868036,
            "min": 0.0285264924169,
            "var": 0.00343926530331
        },
        "erbbands_kurtosis": {
            "dmean": 1.75640809536,
            "dmean2": 2.63435101509,
            "dvar": 10.4097805023,
            "dvar2": 20.3973007202,
            "max": 156.533294678,
            "mean": 3.20115756989,
            "median": 1.94645547867,
            "min": -1.8159840107,
            "var": 37.5460700989
        },
        "erbbands_skewness": {
            "dmean": 0.424412637949,
            "dmean2": 0.608206272125,
            "dvar": 0.221411779523,
            "dvar2": 0.443529218435,
            "max": 8.48094558716,
            "mean": 1.03119850159,
            "median": 1.05961346626,
            "min": -4.49962186813,
            "var": 1.17156922817
        },
        "erbbands_spread": {
            "dmean": 8.81440258026,
            "dmean2": 12.862616539,
            "dvar": 181.709884644,
            "dvar2": 372.760742188,
            "max": 157.65713501,
            "mean": 33.5181045532,
            "median": 26.2917881012,
            "min": 0.770814836025,
            "var": 623.237060547
        },
        "gfcc": {
            "cov": [
                [
                    20799.3085938,
                    -459.487579346,
                    -1861.57556152,
                    -446.732849121,
                    -1271.07714844,
                    -164.479248047,
                    -1044.28393555,
                    169.799163818,
                    -638.605895996,
                    -136.056259155,
                    -248.37538147,
                    -113.644897461,
                    -424.777496338
                ],
                [
                    -459.487579346,
                    1448.19702148,
                    -121.953048706,
                    -281.069000244,
                    -11.6765222549,
                    -50.7704391479,
                    178.8019104,
                    -115.344680786,
                    -32.3725662231,
                    -47.970703125,
                    34.4136352539,
                    -91.8015518188,
                    13.5877008438
                ],
                [
                    -1861.57556152,
                    -121.953048706,
                    1167.68371582,
                    215.508422852,
                    165.309036255,
                    67.2586593628,
                    92.2286758423,
                    -58.0014724731,
                    42.0893745422,
                    46.8978767395,
                    -95.5421447754,
                    91.0913162231,
                    30.4219856262
                ],
                [
                    -446.732849121,
                    -281.069000244,
                    215.508422852,
                    603.54296875,
                    170.458755493,
                    -40.4469604492,
                    -111.335472107,
                    9.97329330444,
                    80.5460510254,
                    -37.1906547546,
                    -37.03282547,
                    68.2144241333,
                    56.8744888306
                ],
                [
                    -1271.07714844,
                    -11.6765222549,
                    165.309036255,
                    170.458755493,
                    307.515686035,
                    28.2436103821,
                    72.8087539673,
                    -17.9521884918,
                    61.3104858398,
                    9.94590854645,
                    -22.2126426697,
                    8.50328922272,
                    37.2763786316
                ],
                [
                    -164.479248047,
                    -50.7704391479,
                    67.2586593628,
                    -40.4469604492,
                    28.2436103821,
                    232.937744141,
                    103.871192932,
                    5.08009052277,
                    -8.41962146759,
                    47.3642692566,
                    5.47560834885,
                    -47.2494354248,
                    -27.8084449768
                ],
                [
                    -1044.28393555,
                    178.8019104,
                    92.2286758423,
                    -111.335472107,
                    72.8087539673,
                    103.871192932,
                    337.785644531,
                    -60.548248291,
                    -4.6441526413,
                    59.0925331116,
                    13.0566215515,
                    -27.1201248169,
                    -14.1763286591
                ],
                [
                    169.799163818,
                    -115.344680786,
                    -58.0014724731,
                    9.97329330444,
                    -17.9521884918,
                    5.08009052277,
                    -60.548248291,
                    159.733627319,
                    15.6759939194,
                    -9.06879615784,
                    23.0926246643,
                    0.451625138521,
                    -1.67708516121
                ],
                [
                    -638.605895996,
                    -32.3725662231,
                    42.0893745422,
                    80.5460510254,
                    61.3104858398,
                    -8.41962146759,
                    -4.6441526413,
                    15.6759939194,
                    131.040786743,
                    5.19566106796,
                    6.9330072403,
                    13.8436832428,
                    15.1328334808
                ],
                [
                    -136.056259155,
                    -47.970703125,
                    46.8978767395,
                    -37.1906547546,
                    9.94590854645,
                    47.3642692566,
                    59.0925331116,
                    -9.06879615784,
                    5.19566106796,
                    128.233200073,
                    12.3842039108,
                    -17.8829746246,
                    -7.67919540405
                ],
                [
                    -248.37538147,
                    34.4136352539,
                    -95.5421447754,
                    -37.03282547,
                    -22.2126426697,
                    5.47560834885,
                    13.0566215515,
                    23.0926246643,
                    6.9330072403,
                    12.3842039108,
                    107.900100708,
                    -7.57168912888,
                    -10.5474090576
                ],
                [
                    -113.644897461,
                    -91.8015518188,
                    91.0913162231,
                    68.2144241333,
                    8.50328922272,
                    -47.2494354248,
                    -27.1201248169,
                    0.451625138521,
                    13.8436832428,
                    -17.8829746246,
                    -7.57168912888,
                    108.091171265,
                    21.3229446411
                ],
                [
                    -424.777496338,
                    13.5877008438,
                    30.4219856262,
                    56.8744888306,
                    37.2763786316,
                    -27.8084449768,
                    -14.1763286591,
                    -1.67708516121,
                    15.1328334808,
                    -7.67919540405,
                    -10.5474090576,
                    21.3229446411,
                    84.6165313721
                ]
            ],
            "icov": [
                [
                    0.000117512536235,
                    -2.05940577871e-05,
                    0.000164748809766,
                    -7.8932112956e-05,
                    0.000284995010588,
                    -7.31678810553e-05,
                    0.00028068231768,
                    -4.08518462791e-05,
                    0.000375261792215,
                    -0.000138563424116,
                    0.000465357850771,
                    -0.000101335223007,
                    0.000487520184834
                ],
                [
                    -2.05940577871e-05,
                    0.000979563803412,
                    -6.89468943165e-05,
                    0.000410830398323,
                    -0.000116829272883,
                    0.000498239067383,
                    -0.000517578446306,
                    0.000564540387131,
                    -0.000124396654428,
                    0.00073579675518,
                    -0.000455083412817,
                    0.000922619947232,
                    -0.000572543649469
                ],
                [
                    0.000164748809766,
                    -6.89468943165e-05,
                    0.00139723357279,
                    -0.000393069349229,
                    0.000139575698995,
                    -0.000509556150064,
                    0.000178496760782,
                    0.000111299763375,
                    0.000458611757495,
                    -0.000664978171699,
                    0.00154861120973,
                    -0.00121432892047,
                    0.000759803922847
                ],
                [
                    -7.8932112956e-05,
                    0.000410830398323,
                    -0.000393069349229,
                    0.00279748556204,
                    -0.00151214411017,
                    0.000102248210169,
                    0.000714576162864,
                    0.000341897975886,
                    -0.00102682644501,
                    0.000755494635087,
                    -0.000328682974214,
                    -0.000382734433515,
                    -0.00106728204992
                ],
                [
                    0.000284995010588,
                    -0.000116829272883,
                    0.000139575698995,
                    -0.00151214411017,
                    0.00562855228782,
                    -0.000443804747192,
                    -0.00067593442509,
                    -5.73321267439e-05,
                    -0.00053532270249,
                    -0.000287689152174,
                    0.00165395799559,
                    0.000397041934775,
                    -0.000148413368152
                ],
                [
                    -7.31678810553e-05,
                    0.000498239067383,
                    -0.000509556150064,
                    0.000102248210169,
                    -0.000443804747192,
                    0.00620378274471,
                    -0.0018721872475,
                    -0.000700329022948,
                    0.000171004285221,
                    -0.00066411064472,
                    -0.000446390360594,
                    0.00267962669022,
                    0.000752202118747
                ],
                [
                    0.00028068231768,
                    -0.000517578446306,
                    0.000178496760782,
                    0.000714576162864,
                    -0.00067593442509,
                    -0.0018721872475,
                    0.00549082923681,
                    0.00118361238856,
                    0.000936792814173,
                    -0.00155755318701,
                    0.000464789860416,
                    -0.00078330602264,
                    0.00151997571811
                ],
                [
                    -4.08518462791e-05,
                    0.000564540387131,
                    0.000111299763375,
                    0.000341897975886,
                    -5.73321267439e-05,
                    -0.000700329022948,
                    0.00118361238856,
                    0.00760437082499,
                    -0.00110176950693,
                    0.00071997375926,
                    -0.00184067443479,
                    0.00031406088965,
                    -0.000467636622488
                ],
                [
                    0.000375261792215,
                    -0.000124396654428,
                    0.000458611757495,
                    -0.00102682644501,
                    -0.00053532270249,
                    0.000171004285221,
                    0.000936792814173,
                    -0.00110176950693,
                    0.0103087350726,
                    -0.00115158595145,
                    0.000488776597194,
                    -0.000800594047178,
                    0.00117077457253
                ],
                [
                    -0.000138563424116,
                    0.00073579675518,
                    -0.000664978171699,
                    0.000755494635087,
                    -0.000287689152174,
                    -0.00066411064472,
                    -0.00155755318701,
                    0.00071997375926,
                    -0.00115158595145,
                    0.00983865372837,
                    -0.0019049574621,
                    0.00173998845275,
                    -0.000997747876681
                ],
                [
                    0.000465357850771,
                    -0.000455083412817,
                    0.00154861120973,
                    -0.000328682974214,
                    0.00165395799559,
                    -0.000446390360594,
                    0.000464789860416,
                    -0.00184067443479,
                    0.000488776597194,
                    -0.0019049574621,
                    0.0128259612247,
                    -0.00124556082301,
                    0.0028917347081
                ],
                [
                    -0.000101335223007,
                    0.000922619947232,
                    -0.00121432892047,
                    -0.000382734433515,
                    0.000397041934775,
                    0.00267962669022,
                    -0.00078330602264,
                    0.00031406088965,
                    -0.000800594047178,
                    0.00173998845275,
                    -0.00124556082301,
                    0.012930967845,
                    -0.00249501597136
                ],
                [
                    0.000487520184834,
                    -0.000572543649469,
                    0.000759803922847,
                    -0.00106728204992,
                    -0.000148413368152,
                    0.000752202118747,
                    0.00151997571811,
                    -0.000467636622488,
                    0.00117077457253,
                    -0.000997747876681,
                    0.0028917347081,
                    -0.00249501597136,
                    0.0160487461835
                ]
            ],
            "mean": [
                -48.7191467285,
                79.6897964478,
                -96.0361938477,
                -3.61828112602,
                -73.3754806519,
                -3.01972079277,
                -56.1058959961,
                4.33341026306,
                -43.9059295654,
                -13.2305259705,
                -25.8431968689,
                -8.25186920166,
                -19.0103969574
            ]
        },
        "hfc": {
            "dmean": 5.51856613159,
            "dmean2": 7.81595945358,
            "dvar": 124.653739929,
            "dvar2": 267.69052124,
            "max": 221.075134277,
            "mean": 18.2683429718,
            "median": 14.0328044891,
            "min": 1.11455202473e-16,
            "var": 319.092712402
        },
        "melbands": {
            "dmean": [
                9.85179212876e-06,
                7.64297074056e-05,
                0.000594165117946,
                0.000800165580586,
                0.000325145345414,
                0.000132391738589,
                0.000119316937344,
                0.000228002056247,
                0.000195906948647,
                0.000137061724672,
                5.78400686209e-05,
                4.42562704848e-05,
                3.32183990395e-05,
                4.14653659391e-05,
                2.59444223047e-05,
                2.42992282438e-05,
                1.67744401551e-05,
                1.13849218906e-05,
                1.23201652968e-05,
                7.99752069724e-06,
                6.99263682691e-06,
                6.62966067466e-06,
                8.07770356914e-06,
                7.96170934336e-06,
