{
    "lowlevel": {
        "average_loudness": 0.824228346348,
        "barkbands": {
            "dmean": [
                0.000395205745008,
                0.00185496220365,
                0.000967990723439,
                0.000554102763999,
                0.00117688952014,
                0.000675398216117,
                0.000792604754679,
                0.000596270081587,
                0.00102748943027,
                0.00104379141703,
                0.000868844625074,
                0.000819933251478,
                0.000720811076462,
                0.000636716606095,
                0.000513571139891,
                0.000321515894029,
                0.000165352321346,
                0.000231458820053,
                0.000198788489797,
                0.000167130783666,
                0.000124143931316,
                7.86192613305e-05,
                7.90234917076e-05,
                7.06412392901e-05,
                5.01193826494e-05,
                1.65748861036e-05,
                1.2912541024e-05
            ],
            "dmean2": [
                0.000702330667991,
                0.00326717109419,
                0.0016985363327,
                0.000966801599134,
                0.00202525500208,
                0.00110273109749,
                0.00124930357561,
                0.000943909515627,
                0.00161249295343,
                0.00163174467161,
                0.00134298438206,
                0.00134234863799,
                0.00115761184134,
                0.00100000039674,
                0.000811208155937,
                0.000506102223881,
                0.000271973782219,
                0.000372239213903,
                0.000314076052746,
                0.000252982688835,
                0.00018423354777,
                0.000119197662571,
                0.000117148265417,
                0.000103678605228,
                7.31995241949e-05,
                2.40864483203e-05,
                1.89194524864e-05
            ],
            "dvar": [
                1.98409634322e-06,
                3.55692209268e-05,
                6.73222211844e-06,
                1.7866508415e-06,
                1.32239692903e-05,
                2.07886841963e-06,
                4.52086578662e-06,
                3.19896594192e-06,
                7.23271432435e-06,
                8.14628128865e-06,
                7.32899798095e-06,
                3.60449803338e-06,
                2.2054132387e-06,
                2.60285332843e-06,
                1.7672790591e-06,
                7.57139048346e-07,
                1.75766146526e-07,
                3.03258588019e-07,
                2.0566217529e-07,
                1.0937616679e-07,
                7.5601882088e-08,
                3.4707579033e-08,
                2.13566071494e-08,
                2.60652850415e-08,
                1.27644232961e-08,
                1.9523067607e-09,
                1.28413701894e-09
            ],
            "dvar2": [
                5.35664821655e-06,
                9.73094502115e-05,
                1.89654092537e-05,
                5.01333170178e-06,
                3.59666664735e-05,
                5.19908462593e-06,
                1.1468881894e-05,
                7.80815025792e-06,
                1.64452885656e-05,
                1.72727777681e-05,
                1.3632914488e-05,
                8.93845844985e-06,
                5.43201076653e-06,
                5.92905416852e-06,
                4.09593394579e-06,
                1.72790851138e-06,
                4.33751296214e-07,
                7.24721871848e-07,
                4.81138158648e-07,
                2.31242495374e-07,
                1.51041092522e-07,
                7.55916786943e-08,
                4.3111128889e-08,
                5.38966595798e-08,
                2.81588246054e-08,
                3.93890653427e-09,
                2.6690523125e-09
            ],
            "max": [
                0.0133072799072,
                0.0681494250894,
                0.0286931209266,
                0.0260877236724,
                0.0439242944121,
                0.0316319204867,
                0.0644089430571,
                0.0476809851825,
                0.0721328929067,
                0.0896875932813,
                0.11304051429,
                0.0662792697549,
                0.0328847691417,
                0.0394662693143,
                0.0353774577379,
                0.0273639336228,
                0.0145549820736,
                0.0152644151822,
                0.0197287797928,
                0.0108691276982,
                0.0067938468419,
                0.00824805069715,
                0.00309305964038,
                0.00627125054598,
                0.00412925332785,
                0.00172280019615,
                0.00093422277132
            ],
            "mean": [
                0.000272373959888,
                0.00167425151449,
                0.00117576285265,
                0.000759342568927,
                0.00141636095941,
                0.00121134263463,
                0.00156332110055,
                0.00102243968286,
                0.00210066814907,
                0.00191741075832,
                0.00153133901767,
                0.00160251872148,
                0.00130801391788,
                0.00108787731733,
                0.000864323636051,
                0.000624761451036,
                0.000331545394147,
                0.000461414543679,
                0.000401794532081,
                0.000395933544496,
                0.000256404426182,
                0.000181482595508,
                0.000187398734852,
                0.000171616236912,
                0.000113361791591,
                3.4162603697e-05,
                2.2394788175e-05
            ],
            "median": [
                9.33404862735e-06,
                0.000491300714202,
                0.000475321168778,
                0.000337286299327,
                0.000571364653297,
                0.000462959462311,
                0.000379422563128,
                0.000244214053964,
                0.000483015610371,
                0.000397424388211,
                0.000340280414093,
                0.000505982257891,
                0.000492217193823,
                0.000348236120772,
                0.000279615080217,
                0.000181384413736,
                0.000136664079037,
                0.00023264939955,
                0.000200349881197,
                0.000196530469111,
                0.000110015906102,
                9.21028622543e-05,
                0.000110967514047,
                0.000100501223642,
                6.22051593382e-05,
                7.50347635403e-06,
                3.35661593454e-06
            ],
            "min": [
                4.65446551198e-24,
                3.26556355454e-23,
                4.98744054463e-24,
                5.6765113342e-24,
                1.9173844903e-23,
                4.74111935806e-23,
                4.22684105465e-23,
                6.23763866682e-23,
                2.43128982027e-23,
                1.07994022939e-22,
                9.04330956648e-23,
                3.9171516182e-23,
                9.13323718532e-23,
                2.82142098095e-22,
                1.05255880426e-22,
                1.52254130567e-22,
                2.31258348276e-22,
                4.73665207031e-22,
                1.95817289051e-22,
                3.62813715323e-22,
                6.01626826716e-22,
                6.41150600847e-22,
                6.6107806035e-22,
                1.11798054112e-21,
                1.10307644689e-21,
                1.52634240354e-21,
                2.02957184538e-21
            ],
            "var": [
                1.32306990963e-06,
                2.4001521524e-05,
                5.29890075995e-06,
                1.76281071163e-06,
                1.03584889075e-05,
                5.32538251719e-06,
                1.63345248438e-05,
                7.90611375123e-06,
                2.65357048193e-05,
                2.64194968622e-05,
                2.27364926104e-05,
                1.47835344251e-05,
                5.17092666996e-06,
                5.52633173356e-06,
                3.18423872159e-06,
                1.72519298758e-06,
                3.45316976791e-07,
                6.61946785385e-07,
                4.06765281014e-07,
                3.53007237663e-07,
                1.99959956149e-07,
                7.77081652359e-08,
                5.57817081415e-08,
                7.20174710978e-08,
                3.05890601737e-08,
                5.28970955926e-09,
                2.64238919634e-09
            ]
        },
        "barkbands_crest": {
            "dmean": 2.37830615044,
            "dmean2": 3.90746879578,
            "dvar": 4.82215929031,
            "dvar2": 12.3161869049,
            "max": 26.5521354675,
            "mean": 9.14928627014,
            "median": 7.84069442749,
            "min": 2.0926887989,
            "var": 21.1791687012
        },
        "barkbands_flatness_db": {
            "dmean": 0.015317264013,
            "dmean2": 0.0241044331342,
            "dvar": 0.000204918891541,
            "dvar2": 0.000488291261718,
            "max": 0.420654088259,
            "mean": 0.105217218399,
            "median": 0.0939948037267,
            "min": 0.017348844558,
            "var": 0.00239113159478
        },
        "barkbands_kurtosis": {
            "dmean": 1.5778414011,
            "dmean2": 2.52896356583,
            "dvar": 13.517539978,
            "dvar2": 29.8757514954,
            "max": 298.56237793,
            "mean": 2.41380906105,
            "median": 0.673124611378,
            "min": -1.92769062519,
            "var": 81.7144699097
        },
        "barkbands_skewness": {
            "dmean": 0.397999167442,
            "dmean2": 0.627743542194,
            "dvar": 0.189498394728,
            "dvar2": 0.449037343264,
            "max": 10.6006975174,
            "mean": 0.925397217274,
            "median": 0.773723244667,
            "min": -15.5913972855,
            "var": 1.27647542953
        },
        "barkbands_spread": {
            "dmean": 4.99734306335,
            "dmean2": 7.61999893188,
            "dvar": 31.7411289215,
            "dvar2": 68.6329040527,
            "max": 99.5278701782,
            "mean": 24.3606510162,
            "median": 22.5698699951,
            "min": 0.719151318073,
            "var": 185.491851807
        },
        "dissonance": {
            "dmean": 0.0178864970803,
            "dmean2": 0.0304263457656,
            "dvar": 0.000352209055563,
            "dvar2": 0.000963965430856,
            "max": 0.500000119209,
            "mean": 0.465898394585,
            "median": 0.473960846663,
            "min": 0.179535314441,
            "var": 0.000908295391127
        },
        "dynamic_complexity": 3.62488245964,
        "erbbands": {
            "dmean": [
                0.0789284035563,
                0.341209799051,
                0.957114160061,
                1.69000101089,
                2.2965695858,
                5.08964967728,
                4.06816625595,
                6.31439781189,
                9.39943981171,
                11.1573972702,
                15.0202150345,
                20.7040672302,
                27.7115497589,
                38.2026519775,
                26.9808349609,
                30.1617603302,
                29.5462627411,
                29.5451927185,
                28.3320121765,
                19.7013282776,
                15.7350149155,
                8.79040145874,
                11.4301118851,
                11.8912067413,
                6.97956418991,
                7.87400341034,
                6.09673643112,
                3.90202045441,
                2.91748547554,
                2.82230877876,
                1.87158429623,
                1.59301829338,
                1.09310817719,
                0.623134672642,
                0.370498627424,
                0.0810893401504,
                0.0320280790329,
                0.0114530837163,
                0.00251365685835,
                0.000101057703432
            ],
            "dmean2": [
                0.142176121473,
                0.607654750347,
                1.69939303398,
                2.91869997978,
                3.9545507431,
                8.80227184296,
                6.85449647903,
                10.2588663101,
                14.8076162338,
                17.4311771393,
                23.3351554871,
                32.0446128845,
                43.1432380676,
                58.8433837891,
                41.8005027771,
                49.4176979065,
                47.0984764099,
                46.8523368835,
                44.0063514709,
                31.0003700256,
                24.6259422302,
                14.183634758,
                18.3091259003,
                18.7350635529,
                10.7592563629,
                11.8360357285,
                9.16847515106,
                5.62997770309,
                4.44362878799,
                4.19702529907,
                2.76068544388,
                2.3717880249,
                1.62656188011,
                0.916679799557,
                0.54906642437,
                0.118582479656,
                0.0472960434854,
                0.0168778710067,
                0.00374472839758,
                0.000146765261889
            ],
            "dvar": [
                0.0731869712472,
                1.19621407986,
                7.21262121201,
                17.2958564758,
                34.9237709045,
                280.443054199,
                92.6281585693,
                204.524215698,
                691.854492188,
                877.107971191,
                2092.58691406,
                3298.45263672,
                4957.84570313,
                10329.1142578,
                5947.76708984,
                4763.08105469,
                3973.83886719,
                3968.71069336,
                5591.01171875,
                2788.10375977,
                1961.29748535,
                392.665344238,
                803.943725586,
                682.394958496,
                260.088104248,
                292.954284668,
                165.275054932,
                77.8986740112,
                48.7588806152,
                27.7843265533,
                14.4890394211,
                14.3692979813,
                7.13448858261,
                2.03788614273,
                0.761800765991,
                0.0412987209857,
                0.00776679534465,
                0.00113431515638,
                4.68552389066e-05,
                7.79429853992e-08
            ],
            "dvar2": [
                0.201357290149,
                3.35991430283,
                20.4899635315,
                48.2258834839,
                94.1215286255,
                764.780822754,
                253.491577148,
                501.602325439,
                1761.34802246,
                2021.55810547,
                4914.71728516,
                7483.34326172,
                11392.1992188,
                22316.5117188,
                12811.2783203,
                12158.4882813,
                9816.15722656,
                9163.59667969,
                12753.5888672,
                6399.34472656,
                4601.84326172,
                967.116638184,
                1888.56054688,
                1593.52209473,
                581.405944824,
                615.658630371,
                351.7215271,
                150.418106079,
                106.607666016,
                54.4118499756,
                30.3946609497,
                31.4065475464,
                15.2132492065,
                4.39085531235,
                1.76024949551,
                0.0871343389153,
                0.0158625673503,
                0.00234437850304,
                0.000101134908618,
                1.62880780863e-07
            ],
            "max": [
                2.44524693489,
                14.7656002045,
                29.2731151581,
                75.6136856079,
                92.8679046631,
                212.696990967,
                174.244659424,
                338.927093506,
                734.06036377,
                948.177734375,
                1419.60742188,
                1507.27734375,
                2153.45288086,
                4671.80322266,
                3786.32226563,
                2315.59790039,
                1724.99609375,
                1466.51586914,
                1915.37658691,
                1548.03625488,
                1701.01538086,
                548.876281738,
                1043.01135254,
                769.33404541,
                919.081359863,
                748.090820313,
                335.714385986,
                211.226715088,
                304.891845703,
                114.177619934,
                94.3716812134,
                137.839736938,
                124.844947815,
                49.2259101868,
                31.6254653931,
                7.07009458542,
                3.21872162819,
                1.16408395767,
                0.153122335672,
                0.00733289960772
            ],
            "mean": [
                0.0589864626527,
                0.339358329773,
                1.13552725315,
                2.42353415489,
                2.83051538467,
                5.54018497467,
                6.17969894409,
                11.7724943161,
                19.3824195862,
                21.5843696594,
                27.528137207,
                41.7540130615,
                56.6340522766,
                77.7165527344,
                55.0505065918,
                60.8953666687,
                59.8824462891,
                56.4142875671,
                53.0304145813,
                38.096244812,
                33.2805366516,
                20.0549240112,
                24.1927433014,
                25.0482711792,
                16.4471702576,
                18.8325519562,
                13.8183641434,
                8.33551120758,
                6.63326597214,
                6.81267976761,
                4.40415334702,
                3.66218304634,
                2.56127381325,
                1.39516305923,
                0.786833822727,
                0.175621896982,
                0.0622438564897,
                0.0200902782381,
                0.00426789559424,
                0.000195177868591
            ],
            "median": [
                0.00989304017276,
                0.125868797302,
                0.477700084448,
                1.13467180729,
                1.26309478283,
                1.92246127129,
                2.6453306675,
                3.81487870216,
                5.11724758148,
                6.6940984726,
                8.11862182617,
                10.5043373108,
                16.637714386,
                20.5011291504,
                17.2305202484,
                21.9282073975,
                24.3777637482,
                23.803565979,
                19.0524711609,
                13.5228633881,
                11.0990352631,
                9.01972007751,
                12.6750097275,
                12.9320106506,
                9.55283927917,
                9.1819190979,
                6.86366939545,
                3.39736962318,
                3.52781009674,
                3.77334856987,
                2.57418560982,
                1.99868583679,
                1.55261874199,
                0.783039748669,
                0.40598115325,
                0.0585575662553,
                0.0123292580247,
                0.00337640848011,
                0.000709788699169,
                6.16864490439e-05
            ],
            "min": [
                8.45713668898e-22,
                7.51647955855e-21,
                8.55884022147e-21,
                1.43483766873e-20,
                6.06729289113e-20,
                3.37447490786e-20,
                1.73007229109e-19,
                3.53772197442e-19,
                6.59879404556e-19,
                1.3324565485e-18,
                7.23388212338e-19,
                5.75765993005e-19,
                1.88940025346e-18,
                3.9117143693e-18,
                2.95922830165e-18,
                2.60071871159e-18,
                4.01919573655e-18,
                9.71302441348e-18,
                1.10031424461e-17,
                6.03353231576e-18,
                9.99667788041e-18,
                1.35351158314e-17,
                2.44219947336e-17,
                1.44498096712e-17,
                1.21482730882e-17,
                1.8137916855e-17,
                2.06460856365e-17,
                2.45025985213e-17,
                2.58367448964e-17,
                2.35906037718e-17,
                1.73036870092e-17,
                2.14514022112e-17,
                1.77677882724e-17,
                1.05904727919e-17,
                8.94882450558e-18,
                5.4472258704e-18,
                2.72348017271e-18,
                1.03646113324e-18,
                3.17859013775e-19,
                2.98570648231e-20
            ],
            "var": [
                0.0469356440008,
                0.784811079502,
                5.23971700668,
                17.3950328827,
                30.4195384979,
                208.591629028,
                115.424186707,
                610.542236328,
                2433.81616211,
                2965.25708008,
                5020.82519531,
                10810.875,
                16919.4355469,
                47264.6484375,
                20748.7402344,
                17641.3144531,
                10658.4550781,
                8791.30957031,
                11037.4941406,
                5954.33740234,
                4852.20751953,
                1005.8394165,
                1813.56445313,
                1531.68981934,
                580.183044434,
                902.344299316,
                437.768280029,
                218.359664917,
                104.664138794,
                81.61693573,
                33.1412582397,
                35.8594665527,
                17.0790157318,
                4.88152170181,
                1.57884454727,
                0.110966272652,
                0.0196056850255,
                0.00236574793234,
                9.02629035409e-05,
                1.59407051115e-07
            ]
        },
        "erbbands_crest": {
            "dmean": 2.69341230392,
            "dmean2": 4.32598495483,
            "dvar": 6.45854902267,
            "dvar2": 15.822467804,
            "max": 32.886013031,
            "mean": 10.1498308182,
            "median": 8.68096542358,
            "min": 2.25722575188,
            "var": 28.539182663
        },
        "erbbands_flatness_db": {
            "dmean": 0.0160790253431,
            "dmean2": 0.0240474995226,
            "dvar": 0.000276584847597,
            "dvar2": 0.000543101632502,
            "max": 0.403934657574,
            "mean": 0.164513960481,
            "median": 0.154704600573,
            "min": 0.0401862077415,
            "var": 0.00367815420032
        },
        "erbbands_kurtosis": {
            "dmean": 1.00378358364,
            "dmean2": 1.5781942606,
            "dvar": 2.83329033852,
            "dvar2": 6.33179759979,
            "max": 59.6486778259,
            "mean": 1.20986127853,
            "median": 0.341621160507,
            "min": -1.84756231308,
            "var": 12.6816692352
        },
        "erbbands_skewness": {
            "dmean": 0.328840702772,
            "dmean2": 0.508029818535,
            "dvar": 0.0992242470384,
            "dvar2": 0.221760749817,
            "max": 7.46807098389,
            "mean": 0.598894655704,
            "median": 0.490480184555,
            "min": -2.66117310524,
            "var": 0.758512377739
        },
        "erbbands_spread": {
            "dmean": 6.32343101501,
            "dmean2": 9.7468290329,
            "dvar": 52.2966957092,
            "dvar2": 111.43737793,
            "max": 133.283508301,
            "mean": 32.7339744568,
            "median": 29.4372291565,
            "min": 1.20473468304,
            "var": 330.679931641
        },
        "gfcc": {
            "cov": [
                [
                    8944.23828125,
                    170.606506348,
                    778.223510742,
                    775.993225098,
                    112.500984192,
                    329.69229126,
                    280.812194824,
                    45.0449638367,
                    -90.2964859009,
                    251.968353271,
                    -181.497329712,
                    8.6203327179,
                    -195.216445923
                ],
                [
                    170.606506348,
                    749.530883789,
                    -139.056152344,
                    139.172424316,
                    -37.0289649963,
                    -11.8796720505,
                    -5.64229393005,
                    -51.3510093689,
                    -66.7464523315,
                    -33.4912643433,
                    7.69426727295,
                    -96.1671142578,
                    -0.661582231522
                ],
                [
                    778.223510742,
                    -139.056152344,
                    1663.390625,
                    424.896362305,
                    -48.2472648621,
                    -21.1894702911,
                    -92.1636581421,
                    77.2496948242,
                    85.7944946289,
                    93.35597229,
                    -28.4784927368,
                    33.0592193604,
                    -118.177612305
                ],
                [
                    775.993225098,
                    139.172424316,
                    424.896362305,
                    459.766937256,
                    45.2577934265,
                    49.4121589661,
                    4.62157821655,
                    4.79622650146,
                    5.66790676117,
                    28.7427043915,
                    -48.4470291138,
                    -24.9565143585,
                    -35.527973175
                ],
                [
                    112.500984192,
                    -37.0289649963,
                    -48.2472648621,
                    45.2577934265,
                    277.170318604,
                    65.4828643799,
                    120.853416443,
                    -10.873175621,
                    -23.2015953064,
                    -12.4212398529,
                    -41.9286956787,
                    -15.8698759079,
                    -11.809340477
                ],
                [
                    329.69229126,
                    -11.8796720505,
                    -21.1894702911,
                    49.4121589661,
                    65.4828643799,
                    213.259307861,
                    107.435317993,
                    10.8914899826,
                    -29.2656745911,
                    3.34428596497,
                    -25.5290565491,
                    -14.5930051804,
                    -23.4030056
                ],
                [
                    280.812194824,
                    -5.64229393005,
                    -92.1636581421,
                    4.62157821655,
                    120.853416443,
                    107.435317993,
                    249.847824097,
                    21.3636817932,
                    -16.9614944458,
                    4.24050331116,
                    -41.8313751221,
                    -28.7944946289,
                    -33.2242355347
                ],
                [
                    45.0449638367,
                    -51.3510093689,
                    77.2496948242,
                    4.79622650146,
                    -10.873175621,
                    10.8914899826,
                    21.3636817932,
                    123.100784302,
                    61.4105148315,
                    10.0968809128,
                    -5.66562700272,
                    -3.37843155861,
                    -7.2999162674
                ],
                [
                    -90.2964859009,
                    -66.7464523315,
                    85.7944946289,
                    5.66790676117,
                    -23.2015953064,
                    -29.2656745911,
                    -16.9614944458,
                    61.4105148315,
                    162.904968262,
                    51.7823410034,
                    -2.87880682945,
                    29.8299598694,
                    -0.582296788692
                ],
                [
                    251.968353271,
                    -33.4912643433,
                    93.35597229,
                    28.7427043915,
                    -12.4212398529,
                    3.34428596497,
                    4.24050331116,
                    10.0968809128,
                    51.7823410034,
                    116.9246521,
                    39.4990310669,
                    13.2444906235,
                    -20.6981964111
                ],
                [
                    -181.497329712,
                    7.69426727295,
                    -28.4784927368,
                    -48.4470291138,
                    -41.9286956787,
                    -25.5290565491,
                    -41.8313751221,
                    -5.66562700272,
                    -2.87880682945,
                    39.4990310669,
                    122.006584167,
                    24.8686008453,
                    10.5103368759
                ],
                [
                    8.6203327179,
                    -96.1671142578,
                    33.0592193604,
                    -24.9565143585,
                    -15.8698759079,
                    -14.5930051804,
                    -28.7944946289,
                    -3.37843155861,
                    29.8299598694,
                    13.2444906235,
                    24.8686008453,
                    120.046287537,
                    29.9335365295
                ],
                [
                    -195.216445923,
                    -0.661582231522,
                    -118.177612305,
                    -35.527973175,
                    -11.809340477,
                    -23.4030056,
                    -33.2242355347,
                    -7.2999162674,
                    -0.582296788692,
                    -20.6981964111,
                    10.5103368759,
                    29.9335365295,
                    91.1292724609
                ]
            ],
            "icov": [
                [
                    0.000163071439601,
                    -3.37825149472e-05,
                    1.03892170955e-05,
                    -0.000207425910048,
                    6.16938050371e-05,
                    -8.24297676445e-05,
                    -7.68007448642e-05,
                    -0.000152740933117,
                    0.000332748371875,
                    -0.000500289490446,
                    0.00034184611286,
                    -0.000247176038101,
                    0.00015854013327
                ],
                [
                    -3.37825149472e-05,
                    0.00185632216744,
                    0.000294066558126,
                    -0.00091947306646,
                    0.000499864632729,
                    0.000298921659123,
                    -0.000215622945689,
                    0.000633899355307,
                    -1.26751183416e-06,
                    0.000667113228701,
                    -0.000764282187447,
                    0.00140705355443,
                    -0.000144820689457
                ],
                [
                    1.03892170955e-05,
                    0.000294066558126,
                    0.00104683695827,
                    -0.00101061514579,
                    0.000169945022208,
                    0.000254279817455,
                    0.00040642710519,
                    -0.000542269146536,
                    0.000119873606309,
                    -0.000316535239108,
                    0.000158860100782,
                    -0.000465809716843,
                    0.0012435587123
                ],
                [
                    -0.000207425910048,
                    -0.00091947306646,
                    -0.00101061514579,
                    0.00400384748355,
                    -0.000834877835587,
                    -0.000774679414462,
                    0.000594030774664,
                    0.000276655337075,
                    -0.000316032674164,
                    -0.000454125052784,
                    0.000979406875558,
                    0.000416014663642,
                    -0.000623821921181
                ],
                [
                    6.16938050371e-05,
                    0.000499864632729,
                    0.000169945022208,
                    -0.000834877835587,
                    0.00501836650074,
                    -0.000206176511711,
                    -0.00229544588365,
                    0.00087956036441,
                    0.000176703586476,
                    0.00029779309989,
                    0.000600147468504,
                    0.000132536806632,
                    -0.000182346644579
                ],
                [
                    -8.24297676445e-05,
                    0.000298921659123,
                    0.000254279817455,
                    -0.000774679414462,
                    -0.000206176511711,
                    0.00654368428513,
                    -0.00225093401968,
                    -0.000783511495683,
                    0.00134575099219,
                    -0.000348279630998,
                    0.00024910949287,
                    -0.000280803476926,
                    0.00061667925911
                ],
                [
                    -7.68007448642e-05,
                    -0.000215622945689,
                    0.00040642710519,
                    0.000594030774664,
                    -0.00229544588365,
                    -0.00225093401968,
                    0.00698820315301,
                    -0.00159138836898,
                    0.000605919049121,
                    -0.00116565497592,
                    0.001510737231,
                    0.000151747779455,
                    0.001652371604
                ],
                [
                    -0.000152740933117,
                    0.000633899355307,
                    -0.000542269146536,
                    0.000276655337075,
                    0.00087956036441,
                    -0.000783511495683,
                    -0.00159138836898,
                    0.0116101680323,
                    -0.00535413157195,
                    0.00255612772889,
                    -0.00150053261314,
                    0.00221651885659,
                    -0.000663999060635
                ],
                [
                    0.000332748371875,
                    -1.26751183416e-06,
                    0.000119873606309,
                    -0.000316032674164,
                    0.000176703586476,
                    0.00134575099219,
                    0.000605919049121,
                    -0.00535413157195,
                    0.0111254770309,
                    -0.00608685612679,
                    0.00349052832462,
                    -0.00278457975946,
                    0.000106227365904
                ],
                [
                    -0.000500289490446,
                    0.000667113228701,
                    -0.000316535239108,
                    -0.000454125052784,
                    0.00029779309989,
                    -0.000348279630998,
                    -0.00116565497592,
                    0.00255612772889,
                    -0.00608685612679,
                    0.0152421817183,
                    -0.00676064845175,
                    0.00110664917156,
                    0.0019138159696
                ],
                [
                    0.00034184611286,
                    -0.000764282187447,
                    0.000158860100782,
                    0.000979406875558,
                    0.000600147468504,
                    0.00024910949287,
                    0.001510737231,
                    -0.00150053261314,
                    0.00349052832462,
                    -0.00676064845175,
                    0.0127355456352,
                    -0.00275988900103,
                    -0.000188604200957
                ],
                [
                    -0.000247176038101,
                    0.00140705355443,
                    -0.000465809716843,
                    0.000416014663642,
                    0.000132536806632,
                    -0.000280803476926,
                    0.000151747779455,
                    0.00221651885659,
                    -0.00278457975946,
                    0.00110664917156,
                    -0.00275988900103,
                    0.0119499852881,
                    -0.00415660301223
                ],
                [
                    0.00015854013327,
                    -0.000144820689457,
                    0.0012435587123,
                    -0.000623821921181,
                    -0.000182346644579,
                    0.00061667925911,
                    0.001652371604,
                    -0.000663999060635,
                    0.000106227365904,
                    0.0019138159696,
                    -0.000188604200957,
                    -0.00415660301223,
                    0.015187879093
                ]
            ],
            "mean": [
                6.70159006119,
                55.9645881653,
                -133.345123291,
                13.8606805801,
                -62.07239151,
                16.4002952576,
                -35.4355964661,
                6.96680355072,
                -24.2819156647,
                -1.16833174229,
                -10.7935466766,
                -4.91046905518,
                -10.2189331055
            ]
        },
        "hfc": {
            "dmean": 6.48187208176,
            "dmean2": 9.47350883484,
            "dvar": 75.9522018433,
            "dvar2": 156.284881592,
            "max": 145.563873291,
            "mean": 27.5169200897,
            "median": 23.847076416,
            "min": 1.12451644091e-16,
            "var": 434.101623535
        },
        "melbands": {
            "dmean": [
                0.000603856926318,
                0.000479068927234,
                0.000281906482996,
                0.000283719477011,
                0.000151961081428,
                0.000137248294777,
                0.000151758576976,
                0.000121105062135,
                0.000127313382109,
                0.000143234748975,
                0.000145427475218,
                0.000158939132234,
                0.000102547412098,
                9.05207634787e-05,
                7.51422485337e-05,
                7.57087691454e-05,
                5.71742821194e-05,
                5.19399036421e-05,
                3.89202141378e-05,
                2.32145412156e-05,
                1.92736806639e-05,
                1.04540940811e-05,
                9.39706569625e-06,
                1.25864480651e-05,
                1.0736481272e-05,
                6.91997865943e-06,
