{
    "lowlevel": {
        "average_loudness": 0.913527607918,
        "barkbands": {
            "dmean": [
                1.34010788315e-05,
                0.00050432968419,
                0.000954363553319,
                0.0016931463033,
                0.00208777212538,
                0.00216812058352,
                0.0015490577789,
                0.00120318226982,
                0.00101100630127,
                0.000479389505927,
                0.000353661336703,
                0.000380802259315,
                0.000387256208342,
                0.000252629804891,
                0.000164233046235,
                0.000168189028045,
                0.000204038195079,
                0.00024006915919,
                0.00014331327111,
                0.000170827392139,
                0.000232637292356,
                0.000218252011109,
                0.000202303781407,
                0.000225047915592,
                0.000159356553922,
                5.87357244513e-05,
                5.20897992828e-06
            ],
            "dmean2": [
                2.18400273297e-05,
                0.000731884094421,
                0.00158118992113,
                0.00265473942272,
                0.00349580962211,
                0.00325452606194,
                0.00240955036134,
                0.00181915273424,
                0.00143495784141,
                0.000698166608345,
                0.000523600261658,
                0.000587424263358,
                0.000584778259508,
                0.000384197250241,
                0.000261546374531,
                0.000261466193479,
                0.000321127212374,
                0.000374809256755,
                0.000233616563492,
                0.000282531575067,
                0.00040622317465,
                0.000384060753277,
                0.000321973318933,
                0.000349439360434,
                0.000255459104665,
                0.000100721692434,
                9.29692123464e-06
            ],
            "dvar": [
                2.11339190592e-09,
                1.21628909255e-06,
                3.43431452166e-06,
                1.00140114228e-05,
                1.37718116093e-05,
                3.28845453623e-05,
                1.63675085787e-05,
                1.07768892121e-05,
                6.39761901766e-06,
                1.93439200302e-06,
                1.16816602258e-06,
                1.46761442466e-06,
                1.5334977661e-06,
                4.85219914026e-07,
                1.8671802593e-07,
                1.78257934635e-07,
                3.14814997182e-07,
                3.07305128899e-07,
                1.26933514366e-07,
                2.47230872219e-07,
                6.01484430263e-07,
                6.70851022733e-07,
                3.84917427709e-07,
                4.75950287182e-07,
                2.07439455835e-07,
                4.31988844696e-08,
                4.04781291818e-10
            ],
            "dvar2": [
                4.78692907535e-09,
                2.48840683525e-06,
                1.02032581708e-05,
                2.19751873374e-05,
                3.92756555812e-05,
                7.61985502322e-05,
                3.93068112317e-05,
                2.5195946364e-05,
                1.26875065689e-05,
                3.7970125959e-06,
                2.34408548749e-06,
                3.40261703968e-06,
                3.63345770893e-06,
                1.06007519207e-06,
                4.53671447076e-07,
                3.98739501861e-07,
                7.21210255961e-07,
                7.515498055e-07,
                3.19075297739e-07,
                6.66529388127e-07,
                1.65938581631e-06,
                1.875945145e-06,
                8.88498504992e-07,
                1.00200986708e-06,
                4.91216781029e-07,
                1.19598581705e-07,
                1.15686782376e-09
            ],
            "max": [
                0.00173968356103,
                0.0157408546656,
                0.0227493401617,
                0.0538118816912,
                0.0466771125793,
                0.130655348301,
                0.0620678029954,
                0.0691501647234,
                0.0607565641403,
                0.0300530549139,
                0.0248122233897,
                0.0340386852622,
                0.0283690001816,
                0.0154410460964,
                0.00967754703015,
                0.00797794945538,
                0.0125382626429,
                0.00856868643314,
                0.00625770445913,
                0.0101708788425,
                0.00895357877016,
                0.00958964414895,
                0.00906164571643,
                0.0108730671927,
                0.00887385569513,
                0.00355384289287,
                0.000328720110701
            ],
            "mean": [
                1.29544896481e-05,
                0.000868453003932,
                0.00154474389274,
                0.00245788600296,
                0.00372794410214,
                0.00313015957363,
                0.00220789853483,
                0.00167188618798,
                0.00175640208181,
                0.000740597373806,
                0.000487043318572,
                0.000519720546436,
                0.000534085032996,
                0.000346938701114,
                0.00021040601132,
                0.000235876083025,
                0.00026935749338,
                0.000333105825121,
                0.000169857899891,
                0.000179938564543,
                0.000199426445761,
                0.000180782808457,
                0.000209851787076,
                0.000272253848379,
                0.000186449920875,
                5.65152622585e-05,
                4.49621802545e-06
            ],
            "median": [
                2.22828020924e-06,
                0.000128245766973,
                0.00070880795829,
                0.00111925555393,
                0.00224574119784,
                0.000740643590689,
                0.000416451221099,
                0.000139240233693,
                0.000157112895977,
                0.000100543998997,
                6.58611097606e-05,
                9.61214827839e-05,
                5.52827295905e-05,
                5.91351126786e-05,
                3.13986347464e-05,
                3.31332485075e-05,
                4.20744727307e-05,
                7.57735397201e-05,
                4.07999759773e-05,
                3.96720570279e-05,
                2.27549062402e-05,
                1.48573062688e-05,
                2.02884530154e-05,
                3.38633253705e-05,
                2.80827625829e-05,
                1.0770224435e-05,
                5.70226632135e-07
            ],
            "min": [
                4.30516484512e-23,
                2.81349482212e-23,
                1.21169871235e-23,
                3.45141082189e-24,
                2.58674448575e-23,
                3.58926505394e-23,
                3.57160403599e-23,
                9.08761010165e-23,
                5.0727435453e-23,
                6.85108909224e-23,
                7.1647042161e-23,
                2.39367838382e-22,
                8.22484933792e-23,
                1.51363298345e-22,
                9.92552868885e-23,
                1.83576023202e-22,
                2.46527615688e-22,
                1.62104743975e-22,
                2.504250177e-22,
                4.62757267574e-22,
                3.47311449954e-22,
                4.16369393826e-22,
                7.60444141175e-22,
                7.90540156585e-22,
                1.18879182618e-21,
                1.75738216792e-21,
                2.40026346649e-21
            ],
            "var": [
                2.53806464734e-09,
                3.27016414303e-06,
                4.57500027551e-06,
                1.64964985743e-05,
                2.04599000426e-05,
                4.42012424173e-05,
                2.36335163208e-05,
                1.54416666192e-05,
                1.6153566321e-05,
                4.36241407442e-06,
                1.96884548131e-06,
                2.29841862165e-06,
                2.35383845393e-06,
                8.15513885755e-07,
                2.94113192467e-07,
                3.59938297834e-07,
                4.66104296493e-07,
                4.33276596823e-07,
                1.48358594743e-07,
                2.12949984757e-07,
                4.13924368559e-07,
                4.55219634432e-07,
                4.61869205992e-07,
                7.78750518293e-07,
                3.10179558483e-07,
                3.23789777212e-08,
                2.56218185557e-10
            ]
        },
        "barkbands_crest": {
            "dmean": 2.7531516552,
            "dmean2": 4.43326473236,
            "dvar": 6.32454109192,
            "dvar2": 15.4733133316,
            "max": 26.0003147125,
            "mean": 10.7350053787,
            "median": 10.1576490402,
            "min": 2.84925460815,
            "var": 15.6764087677
        },
        "barkbands_flatness_db": {
            "dmean": 0.0306218080223,
            "dmean2": 0.0452519282699,
            "dvar": 0.00102801108733,
            "dvar2": 0.00199744012207,
            "max": 0.559701681137,
            "mean": 0.167684480548,
            "median": 0.161542311311,
            "min": 0.0284075047821,
            "var": 0.00398794049397
        },
        "barkbands_kurtosis": {
            "dmean": 6.03350973129,
            "dmean2": 9.29866218567,
            "dvar": 92.6947097778,
            "dvar2": 196.102081299,
            "max": 312.47454834,
            "mean": 10.0136737823,
            "median": 5.01479244232,
            "min": -1.95036005974,
            "var": 294.432220459
        },
        "barkbands_skewness": {
            "dmean": 0.842750787735,
            "dmean2": 1.26108276844,
            "dvar": 0.945318341255,
            "dvar2": 1.92172539234,
            "max": 14.4278087616,
            "mean": 2.03140926361,
            "median": 1.92328238487,
            "min": -5.76657819748,
            "var": 3.0000436306
        },
        "barkbands_spread": {
            "dmean": 9.41352462769,
            "dmean2": 14.8506708145,
            "dvar": 213.727416992,
            "dvar2": 468.510986328,
            "max": 125.984870911,
            "mean": 19.3484230042,
            "median": 12.6509180069,
            "min": 0.363623410463,
            "var": 371.524108887
        },
        "dissonance": {
            "dmean": 0.0333471298218,
            "dmean2": 0.0521828718483,
            "dvar": 0.00120214419439,
            "dvar2": 0.00272818421945,
            "max": 0.500000059605,
            "mean": 0.422363728285,
            "median": 0.435462653637,
            "min": 0.125938490033,
            "var": 0.00363550381735
        },
        "dynamic_complexity": 3.68739724159,
        "erbbands": {
            "dmean": [
                0.00423325691372,
                0.15343876183,
                0.963718891144,
                3.11976504326,
                7.81787633896,
                6.49972629547,
                6.75334358215,
                22.0855445862,
                26.2180118561,
                16.8508453369,
                29.2867126465,
                18.6476535797,
                16.791223526,
                16.141204834,
                11.0939359665,
                14.2687568665,
                16.1549510956,
                11.8872280121,
                9.93384170532,
                8.30911254883,
                9.23371696472,
                11.5014810562,
                13.028175354,
                8.71804714203,
                7.3337521553,
                7.52408695221,
                9.53697395325,
                8.47277164459,
                8.04940032959,
                6.68759059906,
                5.85554838181,
                4.79040050507,
                3.73926758766,
                2.16415095329,
                0.973399698734,
                0.362471282482,
                0.0870545133948,
                0.0127621199936,
                0.000848656811286,
                3.13193304464e-05
            ],
            "dmean2": [
                0.00659802462906,
                0.226769909263,
                1.55602455139,
                4.94057559967,
                12.6261968613,
                11.0578756332,
                10.3011960983,
                33.3195877075,
                40.4339027405,
                25.8796863556,
                42.7797584534,
                25.9472312927,
                24.5254936218,
                23.4320716858,
                16.6515789032,
                21.6221141815,
                24.1204242706,
                17.6525726318,
                15.0090780258,
                12.5716552734,
                14.2452707291,
                17.7619132996,
                20.2571163177,
                14.0380001068,
                11.8142242432,
                12.4143838882,
                16.5339565277,
                14.772810936,
                14.1388702393,
                11.4421596527,
                9.33222484589,
                7.36728811264,
                5.88436126709,
                3.47149610519,
                1.59749960899,
                0.612956762314,
                0.150503858924,
                0.0221590399742,
                0.00150865176693,
                5.21074325661e-05
            ],
            "dvar": [
                0.000119233460282,
                0.106766842306,
                3.54662322998,
                26.135641098,
                201.075942993,
                183.492752075,
                312.515136719,
                4027.93408203,
                4005.54785156,
                2405.20166016,
                5844.14501953,
                2112.70092773,
                1759.40771484,
                2466.77954102,
                1061.63769531,
                2030.70483398,
                2860.04077148,
                1195.95837402,
                587.331787109,
                423.569976807,
                532.491455078,
                987.482727051,
                897.674743652,
                448.462402344,
                330.964447021,
                506.370880127,
                1051.34301758,
                809.047790527,
                837.731018066,
                581.23651123,
                343.88458252,
                241.83934021,
                133.044937134,
                42.9493293762,
                7.71869468689,
                1.33145022392,
                0.122978910804,
                0.00202387501486,
                1.10308483272e-05,
                7.50064632626e-09
            ],
            "dvar2": [
                0.000281844491838,
                0.22172281146,
                10.0013170242,
                60.2531929016,
                512.311828613,
                523.155944824,
                699.390991211,
                9347.8359375,
                9569.0390625,
                5932.77490234,
                13639.8232422,
                4063.22998047,
                3564.51269531,
                5027.51025391,
                2389.34375,
                4865.98486328,
                6658.89599609,
                2694.64208984,
                1305.13769531,
                993.155578613,
                1253.53442383,
                2160.90966797,
                2144.34375,
                1128.44567871,
                830.703735352,
                1363.80065918,
                2940.6081543,
                2197.91113281,
                2328.17602539,
                1573.33435059,
                789.128662109,
                519.077880859,
                286.031433105,
                99.5603942871,
                19.3115444183,
                3.60678076744,
                0.347396939993,
                0.00562205491588,
                3.16703371936e-05,
                2.09980264287e-08
            ],
            "max": [
                0.214117273688,
                4.68012905121,
                21.5151138306,
                73.6497192383,
                209.547042847,
                226.077514648,
                461.36932373,
                1559.10351563,
                1026.38439941,
                1364.10656738,
                1838.12988281,
                895.192443848,
                765.868469238,
                1333.66699219,
                712.113342285,
                1219.46105957,
                1306.09277344,
                808.837158203,
                470.287445068,
                368.839233398,
                527.331420898,
                798.414550781,
                453.319519043,
                325.395111084,
                305.328643799,
                429.564880371,
                495.171234131,
                316.814849854,
                338.236297607,
                341.175445557,
                305.162811279,
                230.077590942,
                207.507354736,
                175.802215576,
                44.2877807617,
                18.493888855,
                6.21936559677,
                0.583650946617,
                0.0558532439172,
                0.0013320526341
            ],
            "mean": [
                0.00637241406366,
                0.270616084337,
                1.63318359852,
                4.88681077957,
                13.0631818771,
                11.0603179932,
                11.7384090424,
                31.8765830994,
                37.3314323425,
                24.4067592621,
                45.4348220825,
                33.8614616394,
                27.9311542511,
                26.0102272034,
                16.215845108,
                20.3381900787,
                23.0524959564,
                17.3056545258,
                14.3702058792,
                12.201133728,
                13.213722229,
                15.7141246796,
                18.4089584351,
                11.4762792587,
                8.77442741394,
                8.02726650238,
                8.43889427185,
                7.21258592606,
                6.63765954971,
                5.95558166504,
                6.12588739395,
                5.51204156876,
                4.59547519684,
                2.57694959641,
                1.07183492184,
                0.357606053352,
                0.0817723944783,
                0.0119557175785,
                0.000759670394473,
                4.94744344905e-05
            ],
            "median": [
                0.00145910924766,
                0.0708697587252,
                0.813601195812,
                2.71006178856,
                6.51673936844,
                5.79200363159,
                3.79849052429,
                7.60254955292,
                11.2909221649,
                8.7432718277,
                5.19468736649,
                3.73604822159,
                4.80823564529,
                4.05342817307,
                3.05631089211,
                3.74223017693,
                2.97009277344,
                3.13200187683,
                3.05622124672,
                2.23093247414,
                2.24104762077,
                2.66161298752,
                4.46868562698,
                2.73709154129,
                2.45098161697,
                1.75978922844,
                1.11671686172,
                0.735804855824,
                0.534318029881,
                0.572731494904,
                0.58541560173,
                0.548226714134,
                0.613804638386,
                0.351351767778,
                0.160037904978,
                0.0606256350875,
                0.0155889503658,
                0.00221656612121,
                0.000115210314107,
                3.01724721794e-05
            ],
            "min": [
                1.19184659852e-21,
                5.35450004818e-21,
                1.25859553012e-20,
                1.52253626201e-20,
                5.35151573563e-20,
                1.08021070291e-19,
                2.33994686986e-19,
                2.50769935658e-19,
                4.88414789741e-19,
                1.28228876813e-18,
                1.39970757307e-18,
                1.22388216547e-18,
                1.68664525723e-18,
                2.6800213441e-18,
                4.77748088947e-18,
                9.53640894499e-18,
                5.00811704223e-18,
                5.76963771212e-18,
                7.69132468605e-18,
                5.84814087456e-18,
                1.14482657045e-17,
                1.47353937777e-17,
                9.35032722157e-18,
                7.37012879983e-18,
                1.85257603375e-17,
                2.16547629104e-17,
                1.48613254085e-17,
                1.34517707672e-17,
                1.43719653581e-17,
                2.24826085762e-17,
                1.8654932862e-17,
                2.21961129166e-17,
                1.11944155551e-17,
                1.21448915738e-17,
                8.62536876193e-18,
                6.02966896871e-18,
                3.01486260849e-18,
                1.4756816308e-18,
                2.85657156872e-19,
                3.97458377939e-20
            ],
            "var": [
                0.000170132683706,
                0.280687600374,
                5.23265457153,
                44.8886604309,
                333.456756592,
                246.29800415,
                705.201843262,
                5092.43994141,
                5485.14990234,
                2894.09106445,
                10644.5615234,
                6061.09375,
                4031.13696289,
                4728.47412109,
                1799.00732422,
                2976.44628906,
                4464.37792969,
                1929.90771484,
                1057.16992188,
                820.96685791,
                910.297363281,
                1576.96032715,
                1333.00280762,
                533.092834473,
                401.333557129,
                439.737121582,
                710.573303223,
                581.586425781,
                577.967041016,
                448.105712891,
                416.778869629,
                346.960968018,
                223.132400513,
                66.7839584351,
                9.58711719513,
                1.1348284483,
                0.083218857646,
                0.00145634845831,
                6.92946559866e-06,
                5.98390093032e-09
            ]
        },
        "erbbands_crest": {
            "dmean": 3.05384802818,
            "dmean2": 4.85083150864,
            "dvar": 8.17862415314,
            "dvar2": 19.578874588,
            "max": 28.0012836456,
            "mean": 10.539847374,
            "median": 9.68091964722,
            "min": 2.71941375732,
            "var": 19.7664337158
        },
        "erbbands_flatness_db": {
            "dmean": 0.0245882421732,
            "dmean2": 0.0363384597003,
            "dvar": 0.000647857843433,
            "dvar2": 0.00130920601077,
            "max": 0.415601789951,
            "mean": 0.172373071313,
            "median": 0.172454342246,
            "min": 0.059496678412,
            "var": 0.00209000497125
        },
        "erbbands_kurtosis": {
            "dmean": 2.05382037163,
            "dmean2": 3.20090103149,
            "dvar": 10.6964502335,
            "dvar2": 25.6093788147,
            "max": 80.1331787109,
            "mean": 2.07339000702,
            "median": 0.825741589069,
            "min": -1.84913706779,
            "var": 20.8810482025
        },
        "erbbands_skewness": {
            "dmean": 0.619594931602,
            "dmean2": 0.919329702854,
            "dvar": 0.483461916447,
            "dvar2": 1.01794326305,
            "max": 6.97910404205,
            "mean": 0.699610710144,
            "median": 0.784345328808,
            "min": -5.28730487823,
            "var": 1.36417269707
        },
        "erbbands_spread": {
            "dmean": 13.1531219482,
            "dmean2": 20.5431232452,
            "dvar": 297.340484619,
            "dvar2": 719.43170166,
            "max": 183.747131348,
            "mean": 39.1352233887,
            "median": 34.0465011597,
            "min": 1.45213484764,
            "var": 596.173278809
        },
        "gfcc": {
            "cov": [
                [
                    10293.7802734,
                    -1132.87316895,
                    -936.292358398,
                    -768.631713867,
                    -760.220703125,
                    -138.665481567,
                    -324.125183105,
                    395.934448242,
                    -115.977996826,
                    7.71637392044,
                    -194.939025879,
                    149.984786987,
                    -217.965270996
                ],
                [
                    -1132.87316895,
                    2202.77612305,
                    -108.211242676,
                    -402.200256348,
                    306.344848633,
                    -163.895782471,
                    146.096847534,
                    -144.754089355,
                    32.9681129456,
                    -147.206512451,
                    102.381874084,
                    -126.77381897,
                    31.5270214081
                ],
                [
                    -936.292358398,
                    -108.211242676,
                    895.518127441,
                    345.932037354,
                    110.923812866,
                    71.7334899902,
                    -41.9806900024,
                    -19.5582084656,
                    -36.8009986877,
                    40.0027923584,
                    22.1718788147,
                    59.7689285278,
                    40.8096237183
                ],
                [
                    -768.631713867,
                    -402.200256348,
                    345.932037354,
                    1128.03491211,
                    226.198745728,
                    11.0551757813,
                    -50.1710243225,
                    -94.4944534302,
                    133.421630859,
                    -30.4275970459,
                    -29.5606479645,
                    74.0651245117,
                    134.055389404
                ],
                [
                    -760.220703125,
                    306.344848633,
                    110.923812866,
                    226.198745728,
                    372.710296631,
                    42.3604545593,
                    57.3562202454,
                    -30.2572784424,
                    58.6219482422,
                    -12.6666603088,
                    -8.08948802948,
                    -6.40252685547,
                    39.2328910828
                ],
                [
                    -138.665481567,
                    -163.895782471,
                    71.7334899902,
                    11.0551757813,
                    42.3604545593,
                    343.970550537,
                    160.085220337,
                    -6.55813121796,
                    -35.3314285278,
                    51.0149040222,
                    12.4732141495,
                    -49.6083488464,
                    -18.6653156281
                ],
                [
                    -324.125183105,
                    146.096847534,
                    -41.9806900024,
                    -50.1710243225,
                    57.3562202454,
                    160.085220337,
                    291.01272583,
                    13.7179403305,
                    -17.9613361359,
                    5.97220802307,
                    18.5301246643,
                    -44.0839653015,
                    -17.2516212463
                ],
                [
                    395.934448242,
                    -144.754089355,
                    -19.5582084656,
                    -94.4944534302,
                    -30.2572784424,
                    -6.55813121796,
                    13.7179403305,
                    272.934906006,
                    69.2729110718,
                    10.0105724335,
                    -12.3227710724,
                    19.803894043,
                    -29.5927696228
                ],
                [
                    -115.977996826,
                    32.9681129456,
                    -36.8009986877,
                    133.421630859,
                    58.6219482422,
                    -35.3314285278,
                    -17.9613361359,
                    69.2729110718,
                    219.636413574,
                    11.5083360672,
                    -36.4707450867,
                    -0.563153386116,
                    37.3085136414
                ],
                [
                    7.71637392044,
                    -147.206512451,
                    40.0027923584,
                    -30.4275970459,
                    -12.6666603088,
                    51.0149040222,
                    5.97220802307,
                    10.0105724335,
                    11.5083360672,
                    151.010238647,
                    29.7549495697,
                    -3.42485451698,
                    -4.6205534935
                ],
                [
                    -194.939025879,
                    102.381874084,
                    22.1718788147,
                    -29.5606479645,
                    -8.08948802948,
                    12.4732141495,
                    18.5301246643,
                    -12.3227710724,
                    -36.4707450867,
                    29.7549495697,
                    124.296485901,
                    1.38862884045,
                    -13.9058008194
                ],
                [
                    149.984786987,
                    -126.77381897,
                    59.7689285278,
                    74.0651245117,
                    -6.40252685547,
                    -49.6083488464,
                    -44.0839653015,
                    19.803894043,
                    -0.563153386116,
                    -3.42485451698,
                    1.38862884045,
                    133.862640381,
                    14.1799192429
                ],
                [
                    -217.965270996,
                    31.5270214081,
                    40.8096237183,
                    134.055389404,
                    39.2328910828,
                    -18.6653156281,
                    -17.2516212463,
                    -29.5927696228,
                    37.3085136414,
                    -4.6205534935,
                    -13.9058008194,
                    14.1799192429,
                    109.435569763
                ]
            ],
            "icov": [
                [
                    0.00014892272884,
                    -1.34989995786e-05,
                    0.000156452544616,
                    -1.77653510036e-05,
                    0.000205793941859,
                    -9.88860119833e-05,
                    0.000188394318684,
                    -0.000198397538043,
                    0.000146195758134,
                    -7.30628307792e-05,
                    0.000268113566563,
                    -0.000195619286387,
                    0.000155817222549
                ],
                [
                    -1.34989995786e-05,
                    0.0010795033304,
                    -0.000211509162909,
                    0.000780014263,
                    -0.00106369203422,
                    0.000855777354445,
                    -0.000660849560518,
                    0.000755235843826,
                    -0.000719343079254,
                    0.00116049370263,
                    -0.00122675602324,
                    0.000734238186851,
                    -0.000543938367628
                ],
                [
                    0.000156452544616,
                    -0.000211509162909,
                    0.00164857786149,
                    -0.000588019378483,
                    8.43266534503e-05,
                    -0.000632395851426,
                    0.000724010867998,
                    -0.000608560047112,
                    0.000954830029514,
                    -0.000692311383318,
                    0.000348207395291,
                    -0.000713077664841,
                    7.14509005775e-05
                ],
                [
                    -1.77653510036e-05,
                    0.000780014263,
                    -0.000588019378483,
                    0.0019975095056,
                    -0.00123396352865,
                    0.000346457149135,
                    -0.000300605606753,
                    0.00111764203757,
                    -0.00143141788431,
                    0.00128539546859,
                    -0.000920991413295,
                    -0.000105684688606,
                    -0.00129246956203
                ],
                [
                    0.000205793941859,
                    -0.00106369203422,
                    8.43266534503e-05,
                    -0.00123396352865,
                    0.00470170471817,
                    -0.00103473407216,
                    7.3149552918e-05,
                    -0.000601195730269,
                    2.43331396632e-05,
                    -0.000836829131003,
                    0.00149252056144,
                    -0.000719967938494,
                    0.000422661629273
                ],
                [
                    -9.88860119833e-05,
                    0.000855777354445,
                    -0.000632395851426,
                    0.000346457149135,
                    -0.00103473407216,
                    0.0053089489229,
                    -0.00298341689631,
                    0.000661326339468,
                    0.000119989592349,
                    -0.000578573904932,
                    -0.00060460541863,
                    0.00184450787492,
                    -2.82575365418e-05
                ],
                [
                    0.000188394318684,
                    -0.000660849560518,
                    0.000724010867998,
                    -0.000300605606753,
                    7.3149552918e-05,
                    -0.00298341689631,
                    0.00576256308705,
                    -0.00115768075921,
                    0.00081402406795,
                    -0.000151431289851,
                    0.000300188228721,
                    -8.23705922812e-05,
                    0.000489056343213
                ],
                [
                    -0.000198397538043,
                    0.000755235843826,
                    -0.000608560047112,
                    0.00111764203757,
                    -0.000601195730269,
                    0.000661326339468,
                    -0.00115768075921,
                    0.00548861920834,
                    -0.00290811690502,
                    0.000961613608524,
                    -0.000931228976697,
                    -0.000453812041087,
                    0.000847652961966
                ],
                [
                    0.000146195758134,
                    -0.000719343079254,
                    0.000954830029514,
                    -0.00143141788431,
                    2.43331396632e-05,
                    0.000119989592349,
                    0.00081402406795,
                    -0.00290811690502,
                    0.00748509494588,
                    -0.00221547996625,
                    0.00248821778223,
                    0.000332482421072,
                    -0.00112278014421
                ],
                [
                    -7.30628307792e-05,
                    0.00116049370263,
                    -0.000692311383318,
                    0.00128539546859,
                    -0.000836829131003,
                    -0.000578573904932,
                    -0.000151431289851,
                    0.000961613608524,
                    -0.00221547996625,
                    0.00910615269095,
                    -0.00344034307636,
                    0.000670296081807,
                    -0.000743000593502
                ],
                [
                    0.000268113566563,
                    -0.00122675602324,
                    0.000348207395291,
                    -0.000920991413295,
                    0.00149252056144,
                    -0.00060460541863,
                    0.000300188228721,
                    -0.000931228976697,
                    0.00248821778223,
                    -0.00344034307636,
                    0.0109665403143,
                    -0.00138735747896,
                    0.00162280187942
                ],
                [
                    -0.000195619286387,
                    0.000734238186851,
                    -0.000713077664841,
                    -0.000105684688606,
                    -0.000719967938494,
                    0.00184450787492,
                    -8.23705922812e-05,
                    -0.000453812041087,
                    0.000332482421072,
                    0.000670296081807,
                    -0.00138735747896,
                    0.0096190283075,
                    -0.00127646804322
                ],
                [
                    0.000155817222549,
                    -0.000543938367628,
                    7.14509005775e-05,
                    -0.00129246956203,
                    0.000422661629273,
                    -2.82575365418e-05,
                    0.000489056343213,
                    0.000847652961966,
                    -0.00112278014421,
                    -0.000743000593502,
                    0.00162280187942,
                    -0.00127646804322,
                    0.0120344106108
                ]
            ],
            "mean": [
                -39.1473312378,
                79.7534408569,
                -97.5526428223,
                22.609336853,
                -66.6825561523,
                3.75674748421,
                -52.1328849792,
                6.28095722198,
                -34.5709571838,
                -3.49375391006,
                -18.4378833771,
                -7.04869365692,
                -17.9425086975
            ]
        },
        "hfc": {
            "dmean": 11.8428812027,
            "dmean2": 18.5380783081,
            "dvar": 594.33795166,
            "dvar2": 1501.74267578,
            "max": 279.222717285,
            "mean": 21.104850769,
            "median": 12.3713731766,
            "min": 1.17750907202e-16,
            "var": 779.891357422
        },
        "melbands": {
            "dmean": [
                8.50363867357e-05,
                0.000401973404223,
                0.00069264677586,
                0.000528039236087,
                0.000226674950682,
                0.000481127266539,
                0.000386601226637,
                0.000203030416742,
                0.00023732133559,
                0.00012237757619,
                8.63720124471e-05,
                6.8610686867e-05,
                3.83735532523e-05,
                4.2623229092e-05,
                4.18382405769e-05,
                3.67983739125e-05,
                2.1291351004e-05,
                1.83145566552e-05,
                1.40371466841e-05,
                1.21920629681e-05,
                1.12307807285e-05,
                1.27537132357e-05,
                1.12390207505e-05,
                1.22472101793e-05,
