{
    "lowlevel": {
        "average_loudness": 0.88705855608,
        "barkbands": {
            "dmean": [
                0.000117693984066,
                0.00307885208167,
                0.00172871921677,
                0.00169165118132,
                0.0027817201335,
                0.0015324751148,
                0.00108377775177,
                0.00132505281363,
                0.00123135733884,
                0.000794057268649,
                0.000779061112553,
                0.000279972329736,
                0.000491236685775,
                0.000458066991996,
                0.000325365312165,
                0.00023524419521,
                0.000225128664169,
                0.000197525994736,
                0.000132032655529,
                0.000155020417878,
                8.76657577464e-05,
                7.51426414354e-05,
                6.1026225012e-05,
                5.15549181728e-05,
                3.58925317414e-05,
                2.12062004721e-05,
                2.16085718421e-05
            ],
            "dmean2": [
                0.000182178380783,
                0.00493533816189,
                0.00296704447828,
                0.00292708352208,
                0.00472203828394,
                0.00248282821849,
                0.00176604220178,
                0.00211605709046,
                0.00195805937983,
                0.0012250187574,
                0.00126422801986,
                0.000453746120911,
                0.000811292382423,
                0.000748734979425,
                0.000522712536622,
                0.00038724654587,
                0.00036821962567,
                0.00031646314892,
                0.000211024293094,
                0.000238699125475,
                0.000136495364131,
                0.000115371993161,
                8.92545940587e-05,
                7.20363314031e-05,
                5.00593450852e-05,
                2.96640664601e-05,
                3.10875402647e-05
            ],
            "dvar": [
                3.67713717253e-08,
                3.4602064261e-05,
                1.06631659946e-05,
                1.15846623885e-05,
                3.74524897779e-05,
                8.44747773954e-06,
                4.11812061429e-06,
                5.57545126867e-06,
                8.25500956125e-06,
                3.06062361233e-06,
                3.51457083525e-06,
                3.55359929927e-07,
                9.93286107587e-07,
                1.02846945538e-06,
                4.45701488161e-07,
                2.25751165317e-07,
                1.31198532927e-07,
                9.99939686608e-08,
                6.03385430509e-08,
                1.02815953085e-07,
                2.19301714566e-08,
                1.71442522401e-08,
                1.82562516216e-08,
                1.47984060561e-08,
                4.55787763087e-09,
                1.40699296658e-09,
                3.89127174927e-09
            ],
            "dvar2": [
                8.02575144121e-08,
                9.03309992282e-05,
                2.87764087261e-05,
                3.23404747178e-05,
                0.000101357902167,
                2.17867145693e-05,
                1.02338763099e-05,
                1.39457179102e-05,
                1.99985643121e-05,
                6.48424338578e-06,
                8.76585181686e-06,
                8.63292314079e-07,
                2.66409347205e-06,
                2.6503562367e-06,
                1.05069250367e-06,
                6.15218596067e-07,
                3.408775342e-07,
                2.46581521424e-07,
                1.4945190685e-07,
                2.32947613199e-07,
                5.0087741954e-08,
                3.68472967693e-08,
                3.33644010198e-08,
                2.70035389605e-08,
                8.34826874296e-09,
                2.84635692793e-09,
                8.15431366874e-09
            ],
            "max": [
                0.00451641948894,
                0.0806190520525,
                0.0416816920042,
                0.05673532933,
                0.0853022485971,
                0.0699488297105,
                0.0551794506609,
                0.0414105765522,
                0.05539900437,
                0.0493035428226,
                0.0510313361883,
                0.0107962964103,
                0.0168806482106,
                0.0174664389342,
                0.0133140040562,
                0.0101947952062,
                0.00693835457787,
                0.00633603939787,
                0.00675745913759,
                0.00648547289893,
                0.00344434380531,
                0.00348460557871,
                0.0049446625635,
                0.00365184363909,
                0.00174365227576,
                0.000710244115908,
                0.00112624047324
            ],
            "mean": [
                0.00023610284552,
                0.00595074426383,
                0.00210936926305,
                0.0019905292429,
                0.00395367480814,
                0.00240498059429,
                0.0017746562371,
                0.00204901886173,
                0.00196732324548,
                0.00133350631222,
                0.00115348212421,
                0.000409353058785,
                0.00070997106377,
                0.000668243737891,
                0.000537501706276,
                0.000387095002225,
                0.000409807194956,
                0.000369198212866,
                0.000263006280875,
                0.000285667279968,
                0.000178558053449,
                0.000151043466758,
                0.000114173766633,
                9.72409907263e-05,
                6.28418565611e-05,
                3.21101506415e-05,
                2.24882587645e-05
            ],
            "median": [
                0.000109542714199,
                0.00385581515729,
                0.000864316534717,
                0.00079543585889,
                0.00209211674519,
                0.00120643340051,
                0.0008444081177,
                0.00080077664461,
                0.000592453870922,
                0.00049899838632,
                0.000319637561915,
                0.000175238441443,
                0.000280081381788,
                0.000274741381872,
                0.00022063171491,
                0.000199792004423,
                0.000249880860792,
                0.000220753165195,
                0.000164828365087,
                0.000149180748849,
                0.000109926411824,
                9.06652785488e-05,
                5.36844054295e-05,
                4.31009102613e-05,
                2.52178033406e-05,
                1.02595540739e-05,
                2.05855690183e-06
            ],
            "min": [
                4.7672299051e-13,
                1.1304635613e-12,
                1.41998043234e-15,
                4.57028024366e-13,
                4.85032966482e-13,
                9.00165142079e-13,
                4.67257864887e-14,
                5.81569704504e-14,
                1.16374330962e-13,
                1.05477055584e-13,
                9.32157725574e-14,
                1.27162996387e-13,
                1.05105140357e-13,
                1.70235529774e-13,
                1.47860646253e-13,
                2.03685985721e-13,
                1.52762690193e-13,
                3.46235328819e-13,
                2.28376454033e-13,
                2.81201575697e-13,
                4.32278372169e-13,
                7.02975980378e-13,
                7.82890354108e-13,
                9.76223008681e-13,
                1.4055022337e-12,
                3.02786550173e-12,
                8.18351376247e-12
            ],
            "var": [
                1.07670757643e-07,
                6.24100721325e-05,
                1.16120199891e-05,
                1.15243810797e-05,
                3.84222257708e-05,
                1.27741941469e-05,
                7.70834321884e-06,
                1.10407763714e-05,
                1.76581397682e-05,
                8.48319723445e-06,
                6.21513891019e-06,
                5.48303432879e-07,
                1.48628134866e-06,
                1.49527795656e-06,
                9.61354430729e-07,
                3.30287093675e-07,
                2.51461784728e-07,
                2.14617656979e-07,
                1.10579236434e-07,
                2.06586491913e-07,
                5.2095465719e-08,
                4.51509691857e-08,
                4.82783910627e-08,
                3.845890717e-08,
                1.17396732335e-08,
                2.92283375281e-09,
                4.67481253708e-09
            ]
        },
        "barkbands_crest": {
            "dmean": 2.60110926628,
            "dmean2": 4.23634147644,
            "dvar": 5.56694412231,
            "dvar2": 14.1658411026,
            "max": 25.452003479,
            "mean": 9.30048274994,
            "median": 8.50953674316,
            "min": 2.58681201935,
            "var": 13.6693496704
        },
        "barkbands_flatness_db": {
            "dmean": 0.0208852961659,
            "dmean2": 0.0309492852539,
            "dvar": 0.000397546595195,
            "dvar2": 0.000787555123679,
            "max": 0.368769615889,
            "mean": 0.119643352926,
            "median": 0.108072631061,
            "min": 0.0314892977476,
            "var": 0.00269111990929
        },
        "barkbands_kurtosis": {
            "dmean": 1.86541163921,
            "dmean2": 2.96996951103,
            "dvar": 6.68322086334,
            "dvar2": 16.4391517639,
            "max": 58.8789100647,
            "mean": 2.44626641273,
            "median": 1.34505605698,
            "min": -1.89295887947,
            "var": 16.1531524658
        },
        "barkbands_skewness": {
            "dmean": 0.439430266619,
            "dmean2": 0.687858402729,
            "dvar": 0.175506830215,
            "dvar2": 0.428708016872,
            "max": 6.53623771667,
            "mean": 1.32022368908,
            "median": 1.22722959518,
            "min": -1.80275440216,
            "var": 0.646214783192
        },
        "barkbands_spread": {
            "dmean": 5.51647949219,
            "dmean2": 8.39582538605,
            "dvar": 38.702457428,
            "dvar2": 79.8739852905,
            "max": 139.671279907,
            "mean": 22.4354839325,
            "median": 20.2423992157,
            "min": 1.45170891285,
            "var": 179.737106323
        },
        "dissonance": {
            "dmean": 0.0204215198755,
            "dmean2": 0.0343581400812,
            "dvar": 0.000344749772921,
            "dvar2": 0.00094568944769,
            "max": 0.500000059605,
            "mean": 0.458150148392,
            "median": 0.464751720428,
            "min": 0.231920555234,
            "var": 0.000878939114045
        },
        "dynamic_complexity": 3.63819146156,
        "erbbands": {
            "dmean": [
                0.106052577496,
                0.659517467022,
                1.49061274529,
                4.48955726624,
                7.65440416336,
                9.57790660858,
                10.8431930542,
                12.2889289856,
                13.3687801361,
                25.2628211975,
                25.940328598,
                32.6416435242,
                21.0091724396,
                21.37292099,
                31.6582355499,
                13.2389602661,
                21.5176239014,
                24.2680683136,
                16.2487010956,
                16.8947963715,
                9.61607646942,
                10.4379119873,
                10.6662635803,
                7.89072322845,
                6.42860984802,
                7.46907949448,
                4.98409795761,
                3.08660793304,
                2.63857293129,
                2.19907879829,
                1.68811476231,
                1.21722650528,
                0.792551279068,
                0.444913774729,
                0.241878166795,
                0.102294608951,
                0.0360632501543,
                0.0141474045813,
                0.00326856062748,
                0.000290202035103
            ],
            "dmean2": [
                0.168318405747,
                1.05638802052,
                2.52466797829,
                7.736992836,
                13.1528224945,
                16.176197052,
                17.8423404694,
                20.0167331696,
                21.1391086578,
                41.29712677,
                41.9450187683,
                51.4520874023,
                31.9243850708,
                34.6332931519,
                51.315536499,
                21.4892559052,
                35.2201118469,
                39.8112602234,
                26.0218658447,
                27.1972942352,
                15.7082414627,
                16.8877182007,
                17.1752090454,
                12.5868883133,
                10.2582197189,
                11.6568841934,
                7.73819255829,
                4.73895645142,
                4.03488349915,
                3.34511709213,
                2.44575619698,
                1.71684598923,
                1.12315452099,
                0.624107837677,
                0.337369978428,
                0.14578063786,
                0.0505011864007,
                0.0199980214238,
                0.00471914000809,
                0.000424055353506
            ],
            "dvar": [
                0.0366587229073,
                1.80467832088,
                7.62872409821,
                82.2216491699,
                258.549133301,
                511.007110596,
                443.496337891,
                567.681396484,
                736.005737305,
                2079.14526367,
                2546.80908203,
                6054.84277344,
                2918.90429688,
                2514.96142578,
                6001.73291016,
                769.644287109,
                1812.28820801,
                3064.01977539,
                1624.97973633,
                968.992126465,
                473.941314697,
                295.821228027,
                286.789794922,
                177.237304688,
                174.730331421,
                243.343139648,
                95.9992904663,
                28.4906826019,
                24.9001274109,
                17.0803833008,
                14.0739374161,
                9.43763923645,
                3.07484841347,
                0.752758264542,
                0.211314767599,
                0.0343294143677,
                0.00442919461057,
                0.00105786882341,
                8.09134871815e-05,
                8.86280702161e-07
            ],
            "dvar2": [
                0.0940621644258,
                4.67134428024,
                20.408946991,
                227.055099487,
                704.673461914,
                1377.63354492,
                1131.57043457,
                1499.69384766,
                1721.19372559,
                5338.70654297,
                6745.32861328,
                14380.1738281,
                5801.43652344,
                5973.92822266,
                14943.8349609,
                1875.61425781,
                4732.36083984,
                8213.10742188,
                3794.37573242,
                2443.32324219,
                1327.51000977,
                748.074035645,
                717.876708984,
                411.653137207,
                426.667388916,
                579.244140625,
                210.50793457,
                64.5181045532,
                52.5309829712,
                35.6884269714,
                24.6787986755,
                17.2313480377,
                5.81215620041,
                1.41179323196,
                0.396043151617,
                0.0697859302163,
                0.00911121256649,
                0.00214303424582,
                0.000171087740455,
                1.9264086859e-06
            ],
            "max": [
                2.82344388962,
                20.2590465546,
                45.5406188965,
                131.149520874,
                220.665298462,
                319.501220703,
                509.05947876,
                350.28302002,
                891.843688965,
                822.525878906,
                980.551757812,
                1606.31213379,
                1958.80932617,
                1535.60168457,
                2404.20141602,
                554.024719238,
                895.149230957,
                1394.50634766,
                807.512207031,
                719.959899902,
                558.579162598,
                282.102416992,
                354.219512939,
                269.983093262,
                381.068695068,
                295.866516113,
                206.534713745,
                140.43397522,
                153.970672607,
                141.438720703,
                147.585083008,
                116.452163696,
                43.7218322754,
                23.5797424316,
                13.1754007339,
                4.84990119934,
                1.15645194054,
                0.562937140465,
                0.174567505717,
                0.015398141928
            ],
            "mean": [
                0.209115251899,
                1.18027555943,
                2.19461774826,
                5.48087263107,
                9.92235183716,
                12.8760547638,
                17.0251674652,
                18.8249588013,
                22.4582748413,
                40.3159980774,
                42.896068573,
                53.4757080078,
                38.4873313904,
                35.4380455017,
                47.0826148987,
                21.3586997986,
                32.9021606445,
                37.9207725525,
                26.5874252319,
                30.6951580048,
                18.5566711426,
                20.5503520966,
                21.4608020782,
                16.0194282532,
                12.6678752899,
                13.8293027878,
                9.67435073853,
                6.41976928711,
                5.22861480713,
                4.2689781189,
                3.18109297752,
                2.30080842972,
                1.43194913864,
                0.778478860855,
                0.410958230495,
                0.164652585983,
                0.0523196458817,
                0.0169853549451,
                0.00345042627305,
                0.000312196963932
            ],
            "median": [
                0.135996833444,
                0.613837838173,
                1.07796835899,
                2.23866891861,
                4.70997858047,
                5.95534133911,
                8.06464004517,
                9.0780582428,
                10.587635994,
                18.3365459442,
                18.646490097,
                16.6105327606,
                14.7805557251,
                13.5320634842,
                15.1070976257,
                10.5915279388,
                14.514336586,
                16.8884506226,
                11.5569477081,
                14.1152591705,
                11.7431459427,
                13.0502882004,
                13.3766536713,
                10.3164014816,
                7.93246984482,
                7.40913009644,
                5.55081987381,
                4.01489830017,
                2.99099469185,
                2.38958954811,
                1.49368619919,
                1.04940545559,
                0.576189160347,
                0.31193241477,
                0.159239411354,
                0.059026055038,
                0.0153757613152,
                0.00316527113318,
                0.00035753386328,
                5.73957222514e-05
            ],
            "min": [
                4.52032161702e-11,
                2.10167439008e-10,
                5.10473642523e-11,
                5.83368353624e-10,
                2.10730499717e-09,
                9.4696117614e-10,
                8.48802006459e-09,
                2.06340011744e-09,
                6.1423743869e-10,
                1.25268873052e-09,
                1.4039002183e-09,
                3.03484393172e-09,
                2.48088416477e-09,
                2.64381538884e-09,
                8.88369289243e-09,
                5.78449865785e-09,
                4.98817698258e-09,
                7.41411687599e-09,
                1.0616109769e-08,
                7.41047090358e-09,
                1.38111921899e-08,
                9.80276215756e-09,
                1.86968911464e-08,
                9.0356824245e-09,
                1.2080615619e-08,
                1.2882352074e-08,
                1.70139031752e-08,
                1.81284356415e-08,
                2.23057341486e-08,
                2.56482177718e-08,
                2.38717330348e-08,
                1.9831800202e-08,
                1.55321284723e-08,
                1.12747233771e-08,
                1.28911592512e-08,
                9.26966858827e-09,
                5.71772318381e-09,
                3.80644848974e-09,
                1.11421905036e-09,
                1.26156404767e-10
            ],
            "var": [
                0.0749605149031,
                2.98001813889,
                10.1982574463,
                82.1051025391,
                260.643096924,
                512.182434082,
                712.675476074,
                826.84588623,
                1477.95324707,
                3982.65844727,
                4697.81445312,
                13082.9277344,
                9160.79394531,
                4989.56054688,
                10366.953125,
                1234.02062988,
                2863.96044922,
                4738.21923828,
                2810.78466797,
                2601.05322266,
                652.633422852,
                616.238891602,
                649.030395508,
                372.174713135,
                293.967041016,
                466.99810791,
                200.822296143,
                69.8187026978,
                62.691028595,
                43.4994773865,
                38.6229133606,
                24.0265254974,
                7.80964517593,
                1.86381602287,
                0.531923115253,
                0.0817897617817,
                0.00798584148288,
                0.00146683340427,
                9.7555690445e-05,
                9.92471882455e-07
            ]
        },
        "erbbands_crest": {
            "dmean": 3.14841365814,
            "dmean2": 5.03254032135,
            "dvar": 8.50083732605,
            "dvar2": 20.8947372437,
            "max": 31.3122138977,
            "mean": 9.92916202545,
            "median": 8.63099861145,
            "min": 2.01293349266,
            "var": 25.3148078918
        },
        "erbbands_flatness_db": {
            "dmean": 0.0194646473974,
            "dmean2": 0.0275590848178,
            "dvar": 0.000346405722667,
            "dvar2": 0.000642369268462,
            "max": 0.403848350048,
            "mean": 0.153776794672,
            "median": 0.14337785542,
            "min": 0.022440707311,
            "var": 0.00296049518511
        },
        "erbbands_kurtosis": {
            "dmean": 0.841807842255,
            "dmean2": 1.33355808258,
            "dvar": 1.22999286652,
            "dvar2": 2.86951422691,
            "max": 18.3719902039,
            "mean": 0.25911590457,
            "median": -0.187771081924,
            "min": -1.75201034546,
            "var": 2.79994463921
        },
        "erbbands_skewness": {
            "dmean": 0.371997058392,
            "dmean2": 0.57833302021,
            "dvar": 0.10688520968,
            "dvar2": 0.253487467766,
            "max": 3.51110053062,
            "mean": 0.419388443232,
            "median": 0.395134925842,
            "min": -2.79791140556,
            "var": 0.428703039885
        },
        "erbbands_spread": {
            "dmean": 7.25085353851,
            "dmean2": 11.0344076157,
            "dvar": 50.3902244568,
            "dvar2": 109.047309875,
            "max": 146.458267212,
            "mean": 35.5912666321,
            "median": 33.1251716614,
            "min": 2.84088897705,
            "var": 241.901397705
        },
        "gfcc": {
            "cov": [
                [
                    12768.6972656,
                    -1532.4498291,
                    360.177459717,
                    816.215515137,
                    -278.261108398,
                    470.338531494,
                    232.441848755,
                    369.356109619,
                    -45.1658325195,
                    229.531906128,
                    -124.528381348,
                    174.756378174,
                    -105.927268982
                ],
                [
                    -1532.4498291,
                    1544.33349609,
                    -373.231018066,
                    -230.262069702,
                    264.796844482,
                    -184.466033936,
                    37.7233314514,
                    -91.8255310059,
                    83.5935058594,
                    -78.4386138916,
                    95.1222457886,
                    -134.275665283,
                    49.5354881287
                ],
                [
                    360.177459717,
                    -373.231018066,
                    585.803833008,
                    146.840576172,
                    90.5330810547,
                    115.251838684,
                    51.8220176697,
                    51.0681266785,
                    -14.9017076492,
                    33.4343032837,
                    -15.2068014145,
                    53.6843948364,
                    -24.0538406372
                ],
                [
                    816.215515137,
                    -230.262069702,
                    146.840576172,
                    457.303710938,
                    -41.9242210388,
                    165.309799194,
                    59.8664207458,
                    86.1624603271,
                    4.91555261612,
                    20.5967521667,
                    -18.2162837982,
                    42.1571578979,
                    18.8228034973
                ],
                [
                    -278.261108398,
                    264.796844482,
                    90.5330810547,
                    -41.9242210388,
                    310.928833008,
                    -9.99876022339,
                    99.7529220581,
                    0.945581078529,
                    31.4540462494,
                    21.7073421478,
                    23.0448627472,
                    -18.0016975403,
                    12.9052944183
                ],
                [
                    470.338531494,
                    -184.466033936,
                    115.251838684,
                    165.309799194,
                    -9.99876022339,
                    229.260635376,
                    76.4303817749,
                    61.5971946716,
                    6.0255856514,
                    26.1067905426,
                    -4.62016677856,
                    36.524143219,
                    -3.0191321373
                ],
                [
                    232.441848755,
                    37.7233314514,
                    51.8220176697,
                    59.8664207458,
                    99.7529220581,
                    76.4303817749,
                    206.057128906,
                    65.5875473022,
                    23.3559131622,
                    22.8148651123,
                    16.6412963867,
                    18.3658657074,
                    12.5386199951
                ],
                [
                    369.356109619,
                    -91.8255310059,
                    51.0681266785,
                    86.1624603271,
                    0.945581078529,
                    61.5971946716,
                    65.5875473022,
                    156.305847168,
                    58.4908790588,
                    27.1568050385,
                    9.94894695282,
                    28.3747386932,
                    10.8943433762
                ],
                [
                    -45.1658325195,
                    83.5935058594,
                    -14.9017076492,
                    4.91555261612,
                    31.4540462494,
                    6.0255856514,
                    23.3559131622,
                    58.4908790588,
                    120.441802979,
                    32.4585800171,
                    20.2424201965,
                    -7.16549253464,
                    10.2856483459
                ],
                [
                    229.531906128,
                    -78.4386138916,
                    33.4343032837,
                    20.5967521667,
                    21.7073421478,
                    26.1067905426,
                    22.8148651123,
                    27.1568050385,
                    32.4585800171,
                    104.963752747,
                    28.6858253479,
                    11.2756900787,
                    -1.6482656002
                ],
                [
                    -124.528381348,
                    95.1222457886,
                    -15.2068014145,
                    -18.2162837982,
                    23.0448627472,
                    -4.62016677856,
                    16.6412963867,
                    9.94894695282,
                    20.2424201965,
                    28.6858253479,
                    85.7329406738,
                    29.7918453217,
                    6.25473165512
                ],
                [
                    174.756378174,
                    -134.275665283,
                    53.6843948364,
                    42.1571578979,
                    -18.0016975403,
                    36.524143219,
                    18.3658657074,
                    28.3747386932,
                    -7.16549253464,
                    11.2756900787,
                    29.7918453217,
                    104.573303223,
                    32.023147583
                ],
                [
                    -105.927268982,
                    49.5354881287,
                    -24.0538406372,
                    18.8228034973,
                    12.9052944183,
                    -3.0191321373,
                    12.5386199951,
                    10.8943433762,
                    10.2856483459,
                    -1.6482656002,
                    6.25473165512,
                    32.023147583,
                    83.0348129272
                ]
            ],
            "icov": [
                [
                    0.000105185084976,
                    4.04457459808e-05,
                    4.5840824896e-05,
                    -0.000120716817037,
                    2.86462891381e-05,
                    -8.63502737047e-06,
                    -7.14696288924e-05,
                    -0.000144449440995,
                    9.97233728413e-05,
                    -0.000207420191146,
                    0.000187076744623,
                    -0.000121958575619,
                    0.000192150473595
                ],
                [
                    4.04457459808e-05,
                    0.00156788597815,
                    0.000717690621968,
                    -5.33551392436e-05,
                    -0.00116811227053,
                    0.000213722451008,
                    -0.000191258135601,
                    0.00048477461678,
                    -0.000743589247577,
                    0.00158186978661,
                    -0.00221215444617,
                    0.0019285492599,
                    -0.000962770020124
                ],
                [
                    4.5840824896e-05,
                    0.000717690621968,
                    0.00274492520839,
                    -0.000545328075532,
                    -0.00169576297048,
                    -0.000491469167173,
                    0.000326191337081,
                    -0.000250518583925,
                    0.000205208474654,
                    0.000135946975206,
                    0.00015085733321,
                    -0.000822608417366,
                    0.0010615704814
                ],
                [
                    -0.000120716817037,
                    -5.33551392436e-05,
                    -0.000545328075532,
                    0.00344734988175,
                    0.000544478592928,
                    -0.00182039372157,
                    -5.7138986449e-05,
                    -0.000795281550381,
                    0.000177438298124,
                    9.33703122428e-05,
                    0.000299935229123,
                    0.000278029649053,
                    -0.00124939135276
                ],
                [
                    2.86462891381e-05,
                    -0.00116811227053,
                    -0.00169576297048,
                    0.000544478592928,
                    0.00580577831715,
                    0.000524944451172,
                    -0.00260661006905,
                    0.000712450651918,
                    -0.0004039266787,
                    -0.00153080013115,
                    0.000575662241317,
                    0.000347761000739,
                    -0.000622210325673
                ],
                [
                    -8.63502737047e-06,
                    0.000213722451008,
                    -0.000491469167173,
                    -0.00182039372157,
                    0.000524944451172,
                    0.00721901003271,
                    -0.00210446026176,
                    -0.000420312368078,
                    -9.79272081167e-05,
                    -0.000621982151642,
                    0.000511737132911,
                    -0.00108384550549,
                    0.00106482708361
                ],
                [
                    -7.14696288924e-05,
                    -0.000191258135601,
                    0.000326191337081,
                    -5.7138986449e-05,
                    -0.00260661006905,
                    -0.00210446026176,
                    0.00778535893187,
                    -0.00260754395276,
                    0.000809887831565,
                    -0.000122822661069,
                    -0.000474759726785,
                    -0.000345671083778,
                    -0.000308223650791
                ],
                [
                    -0.000144449440995,
                    0.00048477461678,
                    -0.000250518583925,
                    -0.000795281550381,
                    0.000712450651918,
                    -0.000420312368078,
                    -0.00260754395276,
                    0.0110375601798,
                    -0.00551941245794,
                    0.000513975333888,
                    -0.000387288018828,
                    -0.00116301339585,
                    -0.0003745763388
                ],
                [
                    9.97233728413e-05,
                    -0.000743589247577,
                    0.000205208474654,
                    0.000177438298124,
                    -0.0004039266787,
                    -9.79272081167e-05,
                    0.000809887831565,
                    -0.00551941245794,
                    0.0127679919824,
                    -0.00346008245833,
                    -0.00077947526006,
                    0.00180974591058,
                    -0.00103838706855
                ],
                [
                    -0.000207420191146,
                    0.00158186978661,
                    0.000135946975206,
                    9.33703122428e-05,
                    -0.00153080013115,
                    -0.000621982151642,
                    -0.000122822661069,
                    0.000513975333888,
                    -0.00346008245833,
                    0.0139917507768,
                    -0.0063104541041,
                    0.00239236676134,
                    -0.000764607160818
                ],
                [
                    0.000187076744623,
                    -0.00221215444617,
                    0.00015085733321,
                    0.000299935229123,
                    0.000575662241317,
                    0.000511737132911,
                    -0.000474759726785,
                    -0.000387288018828,
                    -0.00077947526006,
                    -0.0063104541041,
                    0.0197761710733,
                    -0.00937776826322,
                    0.00368393515237
                ],
                [
                    -0.000121958575619,
                    0.0019285492599,
                    -0.000822608417366,
                    0.000278029649053,
                    0.000347761000739,
                    -0.00108384550549,
                    -0.000345671083778,
                    -0.00116301339585,
                    0.00180974591058,
                    0.00239236676134,
                    -0.00937776826322,
                    0.0183709077537,
                    -0.00805127713829
                ],
                [
                    0.000192150473595,
                    -0.000962770020124,
                    0.0010615704814,
                    -0.00124939135276,
                    -0.000622210325673,
                    0.00106482708361,
                    -0.000308223650791,
                    -0.0003745763388,
                    -0.00103838706855,
                    -0.000764607160818,
                    0.00368393515237,
                    -0.00805127713829,
                    0.0166254695505
                ]
            ],
            "mean": [
                5.14031934738,
                94.7760314941,
                -115.452552795,
                21.7441883087,
                -54.0297851562,
                6.9137339592,
                -34.0230178833,
                7.22188138962,
                -18.9671516418,
                2.1274061203,
                -13.1888408661,
                -1.04740309715,
                -10.6802768707
            ]
        },
        "hfc": {
            "dmean": 5.91659736633,
            "dmean2": 8.72957611084,
            "dvar": 69.5928955078,
            "dvar2": 146.302963257,
            "max": 111.760475159,
            "mean": 21.5325813293,
            "median": 18.5814781189,
            "min": 3.10143150273e-07,
            "var": 274.070007324
        },
        "melbands": {
            "dmean": [
                0.000896710902452,
                0.000729431922082,
                0.00078289245721,
                0.000662899925373,
                0.000365599116776,
                0.00027885538293,
                0.000206210388569,
                0.000281747692497,
                0.000225569514441,
                0.000185995755601,
                0.000103533559013,
                8.71242227731e-05,
                0.000110937246063,
                4.23374731326e-05,
                3.86071005778e-05,
                5.02713410242e-05,
                4.71343773825e-05,
                2.82232322206e-05,
                2.12301838474e-05,
                2.25964340643e-05,
                1.11944591481e-05,
                1.09753618744e-05,
                1.34607525979e-05,
                1.02108779174e-05,
                6.63446417093e-06,
                5.26985468241e-06,
