{
    "lowlevel": {
        "average_loudness": 0.912809312344,
        "barkbands": {
            "dmean": [
                0.000276021863101,
                0.0065879127942,
                0.00399095891044,
                0.00226623681374,
                0.00180113769602,
                0.0017766043311,
                0.00111820141319,
                0.000673782196827,
                0.00093589304015,
                0.000560384360142,
                0.000498481385875,
                0.000417772505898,
                0.00048969470663,
                0.000542034511454,
                0.000380820623832,
                0.000262921210378,
                0.000249366799835,
                0.000132579167257,
                0.000145843572682,
                9.80466866167e-05,
                7.71338818595e-05,
                0.000102802638139,
                8.87715796125e-05,
                9.53115595621e-05,
                0.000112321402412,
                7.58478054195e-05,
                2.05729938898e-05
            ],
            "dmean2": [
                0.000446132296929,
                0.00913995318115,
                0.00730232615024,
                0.00420404272154,
                0.0029159905389,
                0.00297903176397,
                0.00173660879955,
                0.00102678593248,
                0.00142861006316,
                0.000830294738989,
                0.00076837441884,
                0.000641220307443,
                0.000749247090425,
                0.000818157568574,
                0.000581262807827,
                0.000402050936827,
                0.000379380449886,
                0.000199873073143,
                0.000213968887692,
                0.000143448662129,
                0.000112024499686,
                0.000149012805196,
                0.000129998879856,
                0.000136456917971,
                0.000159298884682,
                0.000117410352686,
                3.35932963935e-05
            ],
            "dvar": [
                3.28061418031e-07,
                0.000354683957994,
                0.000246372714173,
                7.39161696401e-05,
                1.77049932972e-05,
                4.01186407544e-05,
                3.63334697795e-06,
                1.98831253329e-06,
                3.3074586554e-06,
                1.90241223663e-06,
                1.65137623753e-06,
                9.65379285844e-07,
                1.24152018088e-06,
                1.58769478276e-06,
                8.78908281265e-07,
                2.86319391307e-07,
                2.29178610311e-07,
                6.86612295908e-08,
                8.70175256296e-08,
                4.042922086e-08,
                3.87764700349e-08,
                5.26405550261e-08,
                3.58076803764e-08,
                5.13750535447e-08,
                1.08836474055e-07,
                3.1020388036e-08,
                6.7355832023e-09
            ],
            "dvar2": [
                8.25825111406e-07,
                0.000609878799878,
                0.000690869463142,
                0.00021283593378,
                4.13068337366e-05,
                0.000109080356197,
                8.30575481814e-06,
                4.36734717368e-06,
                7.79643960414e-06,
                3.7246879856e-06,
                3.30075272359e-06,
                2.23211077355e-06,
                2.73796763395e-06,
                3.61615684596e-06,
                1.92713537217e-06,
                6.19365039256e-07,
                4.61487019265e-07,
                1.49189219201e-07,
                1.761155346e-07,
                8.17511036644e-08,
                8.06146545074e-08,
                1.14309230526e-07,
                6.94238480037e-08,
                9.06499053599e-08,
                1.84177480378e-07,
                6.76907419006e-08,
                1.68301710346e-08
            ],
            "max": [
                0.00961838662624,
                0.229102551937,
                0.115211509168,
                0.0702312216163,
                0.0496650785208,
                0.090513676405,
                0.035946726799,
                0.0326217114925,
                0.0535693727434,
                0.0483195073903,
                0.0388576872647,
                0.0223397053778,
                0.0304866023362,
                0.0264018550515,
                0.0193210560828,
                0.0119011588395,
                0.0163617245853,
                0.00543667934835,
                0.00760045088828,
                0.00331725808792,
                0.00389427831396,
                0.00366623979062,
                0.00586349051446,
                0.00578771624714,
                0.0124063137919,
                0.00393993966281,
                0.00116125203203
            ],
            "mean": [
                0.000950337504037,
                0.011838353239,
                0.00268080178648,
                0.00164949952159,
                0.00257087708451,
                0.00233381986618,
                0.00213510752656,
                0.00112577783875,
                0.00185591273475,
                0.00099584821146,
                0.000871733936947,
                0.000723087054212,
                0.00084486923879,
                0.00091829628218,
                0.000646934786346,
                0.000488579331432,
                0.000485914148157,
                0.000254286744166,
                0.000294196011964,
                0.000169031278347,
                0.000114408161608,
                0.000166950310813,
                0.000147504659253,
                0.000172013125848,
                0.000170693223481,
                8.92160678632e-05,
                1.84795899258e-05
            ],
            "median": [
                0.000316294404911,
                0.00547031639144,
                0.000173930049641,
                0.000205375938094,
                0.000997569644824,
                0.000938454468269,
                0.000925295404159,
                0.000397366122343,
                0.000793429499026,
                0.000229721918004,
                0.0002075721859,
                0.000192295701709,
                0.000202596638701,
                0.000185011493159,
                0.000165798410308,
                0.000184813208762,
                0.000205170406844,
                9.55295981839e-05,
                8.90348528628e-05,
                6.57149867038e-05,
                3.39960170095e-05,
                5.9917132603e-05,
                2.76823884633e-05,
                4.10809261666e-05,
                2.91538599413e-05,
                1.22509854918e-05,
                1.42111127843e-06
            ],
            "min": [
                2.62661237205e-24,
                1.57833554423e-23,
                3.08637379992e-23,
                1.78507389938e-23,
                2.77357214943e-23,
                4.57240756953e-23,
                1.6678988671e-23,
                2.81833905917e-23,
                1.75263044848e-22,
                7.28964526845e-23,
                1.01441087928e-22,
                9.77729478278e-23,
                2.90828908166e-23,
                8.32014373527e-23,
                1.4507778087e-22,
                7.42269959743e-23,
                1.00383376916e-22,
                2.38679345827e-22,
                3.28087326212e-22,
                2.23573959535e-22,
                3.57043216734e-22,
                7.84793563637e-22,
                3.34096830723e-22,
                8.060430278e-22,
                1.70584231302e-21,
                1.63806833178e-21,
                2.83907874248e-21
            ],
            "var": [
                1.51577853558e-06,
                0.000580911757424,
                0.000150429827045,
                4.2305651732e-05,
                2.12341346923e-05,
                3.09167517116e-05,
                1.07376690721e-05,
                4.77680487165e-06,
                9.70807195699e-06,
                5.43013175047e-06,
                4.47375305157e-06,
                2.30068985729e-06,
                2.99095222545e-06,
                3.78236313736e-06,
                2.04755451705e-06,
                7.21023639016e-07,
                6.73008969443e-07,
                1.8147954961e-07,
                2.8213440828e-07,
                8.24661938736e-08,
                6.32031245118e-08,
                9.47928100459e-08,
                1.01077603176e-07,
                1.6837891792e-07,
                2.92386602041e-07,
                4.89955453986e-08,
                5.56150725473e-09
            ]
        },
        "barkbands_crest": {
            "dmean": 2.54102921486,
            "dmean2": 3.72311019897,
            "dvar": 6.37346696854,
            "dvar2": 12.3893213272,
            "max": 26.5147628784,
            "mean": 10.959564209,
            "median": 10.0279092789,
            "min": 2.2130048275,
            "var": 22.290096283
        },
        "barkbands_flatness_db": {
            "dmean": 0.0234107878059,
            "dmean2": 0.0322333872318,
            "dvar": 0.000634212512523,
            "dvar2": 0.00120816915296,
            "max": 0.500610530376,
            "mean": 0.149008408189,
            "median": 0.136395767331,
            "min": 0.0240480136126,
            "var": 0.00413119234145
        },
        "barkbands_kurtosis": {
            "dmean": 3.80624604225,
            "dmean2": 5.756980896,
            "dvar": 121.923484802,
            "dvar2": 272.650421143,
            "max": 404.52935791,
            "mean": 5.37613248825,
            "median": 1.24059247971,
            "min": -1.94193899632,
            "var": 342.734313965
        },
        "barkbands_skewness": {
            "dmean": 0.588341295719,
            "dmean2": 0.82230246067,
            "dvar": 0.608269870281,
            "dvar2": 1.10909867287,
            "max": 15.2258453369,
            "mean": 1.37771272659,
            "median": 1.16976606846,
            "min": -18.0933914185,
            "var": 2.79265713692
        },
        "barkbands_spread": {
            "dmean": 6.15697002411,
            "dmean2": 9.11111450195,
            "dvar": 73.6052398682,
            "dvar2": 148.04296875,
            "max": 115.491401672,
            "mean": 22.8197498322,
            "median": 19.5861930847,
            "min": 0.179267600179,
            "var": 253.747421265
        },
        "dissonance": {
            "dmean": 0.0233201868832,
            "dmean2": 0.0386318638921,
            "dvar": 0.000549303775188,
            "dvar2": 0.00146220868919,
            "max": 0.499998360872,
            "mean": 0.45062994957,
            "median": 0.459804445505,
            "min": 0.211402446032,
            "var": 0.001356248511
        },
        "dynamic_complexity": 3.44509530067,
        "erbbands": {
            "dmean": [
                0.182223975658,
                1.56131434441,
                3.84636712074,
                7.01491594315,
                7.4412856102,
                5.24675369263,
                4.72737264633,
                18.6451053619,
                15.835682869,
                18.3100547791,
                13.5774002075,
                18.5421237946,
                20.2012405396,
                15.5875740051,
                17.2699432373,
                14.4014015198,
                19.9870185852,
                25.5637111664,
                21.3022632599,
                16.3786430359,
                12.8286418915,
                13.9140415192,
                7.3961558342,
                6.41854047775,
                7.00830316544,
                4.43479824066,
                2.92359733582,
                3.23372077942,
                3.69892430305,
                3.04262900352,
                2.65497398376,
                2.04677391052,
                1.6420788765,
                1.28338778019,
                0.798591971397,
                0.367492169142,
                0.134276583791,
                0.0292086880654,
                0.00299877719954,
                0.000243782371399
            ],
            "dmean2": [
                0.264143675566,
                2.1958065033,
                6.53983211517,
                12.9193267822,
                12.5592241287,
                8.396733284,
                7.67130184174,
                31.4939975739,
                25.2698497772,
                28.3800983429,
                20.4613361359,
                28.1168136597,
                29.9493103027,
                22.6700305939,
                25.8611221313,
                22.1274547577,
                29.8184776306,
                38.5308380127,
                31.7363109589,
                24.550989151,
                19.0978374481,
                20.8529071808,
                10.7861185074,
                9.32491493225,
                10.1199321747,
                6.47985649109,
                4.27672481537,
                4.76674079895,
                5.39723396301,
                4.38298988342,
                3.95761585236,
                2.99432349205,
                2.34385180473,
                1.81310331821,
                1.18068826199,
                0.569671392441,
                0.20724196732,
                0.0466169416904,
                0.00476158503443,
                0.000400413176976
            ],
            "dvar": [
                0.228765740991,
                21.6282196045,
                192.410995483,
                759.860473633,
                418.363830566,
                97.0096664429,
                92.5575485229,
                5143.60107422,
                1194.09191895,
                1425.83996582,
                775.213684082,
                1204.98205566,
                2297.57250977,
                1427.60290527,
                1518.79211426,
                977.119384766,
                2342.57958984,
                4099.140625,
                2628.22387695,
                1249.37426758,
                631.792480469,
                783.763427734,
                203.739730835,
                184.573104858,
                196.458145142,
                90.4622573853,
                53.4478187561,
                63.6660270691,
                74.7410964966,
                44.1566162109,
                31.7960891724,
                24.4826793671,
                16.0672454834,
                14.4288902283,
                6.45350456238,
                0.852664589882,
                0.0926686674356,
                0.00768926786259,
                0.000117471943668,
                1.17536399102e-06
            ],
            "dvar2": [
                0.437137842178,
                35.9542160034,
                516.066955566,
                2163.87915039,
                1054.41210938,
                234.34916687,
                239.608032227,
                14061.5507812,
                3009.97485352,
                3193.96606445,
                1692.61010742,
                2854.27075195,
                4667.61816406,
                2546.55786133,
                3218.80761719,
                2214.23754883,
                5182.27001953,
                9673.49609375,
                5486.37207031,
                2812.74462891,
                1325.24694824,
                1482.69030762,
                422.230102539,
                377.428985596,
                404.640533447,
                177.989135742,
                102.298690796,
                139.938446045,
                161.276306152,
                95.3250961304,
                63.2054367065,
                45.3602752686,
                29.2794361115,
                24.8980140686,
                11.5079936981,
                1.73060035706,
                0.208723857999,
                0.0191831681877,
                0.000280180887785,
                3.01740033137e-06
            ],
            "max": [
                6.10639429092,
                52.606678009,
                117.453857422,
                223.911056519,
                204.612731934,
                147.408096313,
                168.909393311,
                1014.39093018,
                573.730712891,
                804.465759277,
                630.530517578,
                655.903015137,
                1798.40283203,
                1422.81616211,
                868.472351074,
                761.520385742,
                1682.9708252,
                1196.0892334,
                1333.87353516,
                750.575256348,
                725.149414062,
                1082.53173828,
                334.664520264,
                508.943969727,
                274.181793213,
                172.876312256,
                122.005409241,
                158.94519043,
                109.284225464,
                134.057327271,
                176.660644531,
                142.656845093,
                114.383102417,
                141.519439697,
                129.591156006,
                25.4607105255,
                5.37871408463,
                1.27512335777,
                0.134981930256,
                0.0155744636431
            ],
            "mean": [
                0.416599184275,
                2.34847426414,
                3.20211243629,
                4.9701089859,
                7.37294769287,
                8.7085723877,
                8.96732521057,
                23.2644443512,
                25.6372051239,
                37.1020240784,
                26.1840686798,
                36.0809555054,
                39.9313659668,
                30.6963062286,
                33.2334861755,
                27.9243717194,
                38.4280509949,
                46.8313789368,
                38.3111228943,
                31.2620353699,
                27.0944862366,
                29.1974258423,
                15.6719369888,
                13.1372680664,
                14.3123931885,
                7.92360305786,
                4.48658561707,
                4.91311597824,
                5.93859291077,
                5.21198272705,
                4.0546336174,
                3.52322793007,
                2.89658021927,
                2.061596632,
                1.10306966305,
                0.456325948238,
                0.153929173946,
                0.0284102447331,
                0.00288178608753,
                0.000244281050982
            ],
            "median": [
                0.29129883647,
                0.435026139021,
                0.289583086967,
                0.574639797211,
                1.75338196754,
                3.5287361145,
                4.63720607758,
                8.92799472809,
                10.7771644592,
                13.5788135529,
                12.061876297,
                16.0640716553,
                12.4253444672,
                9.15227127075,
                9.27589988708,
                8.70669174194,
                10.6704835892,
                9.33996772766,
                10.2313776016,
                10.7757892609,
                11.3015012741,
                12.5853118896,
                6.70981407166,
                4.67216348648,
                4.77497434616,
                3.2559568882,
                1.43885684013,
                1.58003664017,
                2.06801319122,
                1.39446938038,
                0.745400428772,
                0.717542111874,
                0.725985050201,
                0.3880636096,
                0.154955551028,
                0.0638050660491,
                0.0197249762714,
                0.00272706570104,
                0.000271326425718,
                5.29826029378e-05
            ],
            "min": [
                2.12690960704e-22,
                4.67897419599e-21,
                2.63224218992e-20,
                5.38172495321e-20,
                1.11866380927e-19,
                8.28127540484e-20,
                1.78187059954e-19,
                3.13441248919e-19,
                3.14445342785e-19,
                3.69507344042e-19,
                1.0322089079e-18,
                3.25504297795e-18,
                3.5047381992e-18,
                4.68604186302e-18,
                2.40403129195e-18,
                3.46353840084e-18,
                2.14867484659e-18,
                3.5267110114e-18,
                5.84749443291e-18,
                6.99380049861e-18,
                4.21676699868e-18,
                6.98973656026e-18,
                1.10571441052e-17,
                1.2678954946e-17,
                1.69877916964e-17,
                1.26540435747e-17,
                1.36221625288e-17,
                1.6901170997e-17,
                2.62043621585e-17,
                1.7408184736e-17,
                1.05167048248e-17,
                1.38630954258e-17,
                1.51582799397e-17,
                1.93507141798e-17,
                1.19515017097e-17,
                5.69519145699e-18,
                2.96652341427e-18,
                1.61411547619e-18,
                4.32566372366e-19,
                3.81117941926e-20
            ],
            "var": [
                0.407375186682,
                33.6703681946,
                144.586639404,
                444.128723145,
                353.825073242,
                182.500762939,
                170.503097534,
                3758.10498047,
                1874.1953125,
                4751.10058594,
                1934.15393066,
                2963.76000977,
                7523.27832031,
                4220.86425781,
                4718.80419922,
                2671.91333008,
                5603.36914062,
                10377.5810547,
                6248.73681641,
                3200.22460938,
                1907.70349121,
                2376.28393555,
                590.725524902,
                506.694091797,
                601.796386719,
                182.505630493,
                93.7863769531,
                103.288238525,
                128.572906494,
                98.9659194946,
                80.5107803345,
                70.3921661377,
                51.2513809204,
                39.7168693542,
                14.8095006943,
                1.64895117283,
                0.132275491953,
                0.0069580655545,
                0.000106800805952,
                9.13696055704e-07
            ]
        },
        "erbbands_crest": {
            "dmean": 2.6763074398,
            "dmean2": 4.26359367371,
            "dvar": 6.26813364029,
            "dvar2": 15.5092039108,
            "max": 32.3209571838,
            "mean": 9.87051868439,
            "median": 9.02937316895,
            "min": 2.51986193657,
            "var": 19.8418941498
        },
        "erbbands_flatness_db": {
            "dmean": 0.0211958494037,
            "dmean2": 0.029044194147,
            "dvar": 0.000485426164232,
            "dvar2": 0.000899217091501,
            "max": 0.422479659319,
            "mean": 0.169534668326,
            "median": 0.158150598407,
            "min": 0.0413609519601,
            "var": 0.00454353587702
        },
        "erbbands_kurtosis": {
            "dmean": 1.06392049789,
            "dmean2": 1.64375793934,
            "dvar": 3.4777610302,
            "dvar2": 8.13708972931,
            "max": 67.595993042,
            "mean": 0.931252360344,
            "median": 0.190896034241,
            "min": -1.87995505333,
            "var": 8.0997428894
        },
        "erbbands_skewness": {
            "dmean": 0.382084161043,
            "dmean2": 0.565640807152,
            "dvar": 0.150739043951,
            "dvar2": 0.317225843668,
            "max": 7.19861364365,
            "mean": 0.3952062428,
            "median": 0.360403448343,
            "min": -3.78586888313,
            "var": 0.747782707214
        },
        "erbbands_spread": {
            "dmean": 8.89674282074,
            "dmean2": 12.9559421539,
            "dvar": 121.5598526,
            "dvar2": 242.257537842,
            "max": 149.344573975,
            "mean": 35.0612945557,
            "median": 29.8154029846,
            "min": 2.06711912155,
            "var": 450.360351562
        },
        "gfcc": {
            "cov": [
                [
                    13548.0458984,
                    -931.389648438,
                    1126.62866211,
                    947.755371094,
                    796.001403809,
                    1413.39892578,
                    43.8432350159,
                    677.378479004,
                    -160.391738892,
                    720.740112305,
                    -123.107017517,
                    530.990661621,
                    -210.384719849
                ],
                [
                    -931.389648438,
                    2268.96142578,
                    -388.726104736,
                    -31.8843955994,
                    344.984802246,
                    -210.34614563,
                    313.321899414,
                    43.0267715454,
                    187.643615723,
                    -114.781517029,
                    202.182144165,
                    -88.0123977661,
                    126.551841736
                ],
                [
                    1126.62866211,
                    -388.726104736,
                    1904.63879395,
                    567.936889648,
                    305.102203369,
                    538.354919434,
                    142.858978271,
                    254.68409729,
                    13.9469680786,
                    287.910583496,
                    -15.4210605621,
                    255.460769653,
                    -75.5847549438
                ],
                [
                    947.755371094,
                    -31.8843955994,
                    567.936889648,
                    604.726379395,
                    224.559616089,
                    177.06942749,
                    41.5126419067,
                    146.058151245,
                    82.3166122437,
                    122.759140015,
                    22.317735672,
                    77.10181427,
                    29.9453907013
                ],
                [
                    796.001403809,
                    344.984802246,
                    305.102203369,
                    224.559616089,
                    559.107299805,
                    256.444976807,
                    155.596450806,
                    163.346694946,
                    77.4238510132,
                    142.805633545,
                    64.7161560059,
                    89.4260482788,
                    32.1329917908
                ],
                [
                    1413.39892578,
                    -210.34614563,
                    538.354919434,
                    177.06942749,
                    256.444976807,
                    600.640869141,
                    191.338256836,
                    162.909103394,
                    8.45694065094,
                    193.789306641,
                    26.5739898682,
                    149.810089111,
                    -27.4847354889
                ],
                [
                    43.8432350159,
                    313.321899414,
                    142.858978271,
                    41.5126419067,
                    155.596450806,
                    191.338256836,
                    356.082397461,
                    124.772064209,
                    34.7423591614,
                    48.0333595276,
                    91.7207870483,
                    64.29737854,
                    28.7184352875
                ],
                [
                    677.378479004,
                    43.0267715454,
                    254.68409729,
                    146.058151245,
                    163.346694946,
                    162.909103394,
                    124.772064209,
                    263.032653809,
                    82.6076278687,
                    94.5549468994,
                    37.0573997498,
                    77.1952133179,
                    10.0009288788
                ],
                [
                    -160.391738892,
                    187.643615723,
                    13.9469680786,
                    82.3166122437,
                    77.4238510132,
                    8.45694065094,
                    34.7423591614,
                    82.6076278687,
                    219.356903076,
                    62.4966545105,
                    28.7425022125,
                    2.51061320305,
                    66.5841445923
                ],
                [
                    720.740112305,
                    -114.781517029,
                    287.910583496,
                    122.759140015,
                    142.805633545,
                    193.789306641,
                    48.0333595276,
                    94.5549468994,
                    62.4966545105,
                    221.06161499,
                    49.4881439209,
                    78.8518600464,
                    6.52845287323
                ],
                [
                    -123.107017517,
                    202.182144165,
                    -15.4210605621,
                    22.317735672,
                    64.7161560059,
                    26.5739898682,
                    91.7207870483,
                    37.0573997498,
                    28.7425022125,
                    49.4881439209,
                    149.789398193,
                    47.2048988342,
                    28.6487064362
                ],
                [
                    530.990661621,
                    -88.0123977661,
                    255.460769653,
                    77.10181427,
                    89.4260482788,
                    149.810089111,
                    64.29737854,
                    77.1952133179,
                    2.51061320305,
                    78.8518600464,
                    47.2048988342,
                    169.189559937,
                    30.4121780396
                ],
                [
                    -210.384719849,
                    126.551841736,
                    -75.5847549438,
                    29.9453907013,
                    32.1329917908,
                    -27.4847354889,
                    28.7184352875,
                    10.0009288788,
                    66.5841445923,
                    6.52845287323,
                    28.6487064362,
                    30.4121780396,
                    135.450881958
                ]
            ],
            "icov": [
                [
                    0.00016143162793,
                    -7.45564466342e-05,
                    0.000188717560377,
                    -0.00024231581483,
                    3.00556712318e-05,
                    -0.000274225370958,
                    0.000205071279197,
                    -0.0003013604437,
                    0.000334708805894,
                    -0.00042440922698,
                    0.000429198349593,
                    -0.000405572674936,
                    0.000251478544669
                ],
                [
                    -7.45564466342e-05,
                    0.000899097591173,
                    -0.000124781479826,
                    0.000228958233492,
                    -0.000735153909773,
                    0.00054596568225,
                    -0.00073794554919,
                    0.000340438302374,
                    -0.000724475132301,
                    0.000949228589889,
                    -0.00108624133281,
                    0.00073873240035,
                    -0.000285305955913
                ],
                [
                    0.000188717560377,
                    -0.000124781479826,
                    0.00135451962706,
                    -0.001098870649,
                    0.000151083964738,
                    -0.000565194815863,
                    2.02223527594e-05,
                    -0.00041200403939,
                    0.000504580501001,
                    -0.00114873738494,
                    0.00132985331584,
                    -0.00165634753648,
                    0.00118204765022
                ],
                [
                    -0.00024231581483,
                    0.000228958233492,
                    -0.001098870649,
                    0.00315867410973,
                    -0.000745369994547,
                    0.000407179293688,
                    0.000224576870096,
                    -0.000185693934327,
                    -0.000900473445654,
                    0.000828896590974,
                    -0.00120231125038,
                    0.00133161072154,
                    -0.0013182425173
                ],
                [
                    3.00556712318e-05,
                    -0.000735153909773,
                    0.000151083964738,
                    -0.000745369994547,
                    0.00338061689399,
                    -0.00100099889096,
                    0.000111489498522,
                    -0.000812811311334,
                    0.000404758000514,
                    -0.00130988657475,
                    0.00051616888959,
                    -0.000453519896837,
                    -0.000129272390041
                ],
                [
                    -0.000274225370958,
                    0.00054596568225,
                    -0.000565194815863,
                    0.000407179293688,
                    -0.00100099889096,
                    0.00436982279643,
                    -0.00217810203321,
                    0.000467521953396,
                    -0.000330588460201,
                    -0.000987905426882,
                    0.000282858673017,
                    -0.000616529083345,
                    0.00049872987438
                ],
                [
                    0.000205071279197,
                    -0.00073794554919,
                    2.02223527594e-05,
                    0.000224576870096,
                    0.000111489498522,
                    -0.00217810203321,
                    0.00558718340471,
                    -0.00209085457027,
                    0.000906453002244,
                    0.000485836266307,
                    -0.00160280161072,
                    -0.00013986567501,
                    -0.000627617759164
                ],
                [
                    -0.0003013604437,
                    0.000340438302374,
                    -0.00041200403939,
                    -0.000185693934327,
                    -0.000812811311334,
                    0.000467521953396,
                    -0.00209085457027,
                    0.00725956307724,
                    -0.00289120757952,
                    0.00047396789887,
                    -0.000467618694529,
                    -0.000884597771801,
                    0.00091590185184
                ],
                [
                    0.000334708805894,
                    -0.000724475132301,
                    0.000504580501001,
                    -0.000900473445654,
                    0.000404758000514,
                    -0.000330588460201,
                    0.000906453002244,
                    -0.00289120757952,
                    0.00817647576332,
                    -0.00338604208082,
                    0.00129140214995,
                    0.000872495176736,
                    -0.00278960145079
                ],
                [
                    -0.00042440922698,
                    0.000949228589889,
                    -0.00114873738494,
                    0.000828896590974,
                    -0.00130988657475,
                    -0.000987905426882,
                    0.000485836266307,
                    0.00047396789887,
                    -0.00338604208082,
                    0.0105280103162,
                    -0.00455104513094,
                    0.000846298178658,
                    -0.000468435086077
                ],
                [
                    0.000429198349593,
                    -0.00108624133281,
                    0.00132985331584,
                    -0.00120231125038,
                    0.00051616888959,
                    0.000282858673017,
                    -0.00160280161072,
                    -0.000467618694529,
                    0.00129140214995,
                    -0.00455104513094,
                    0.0121228927746,
                    -0.00454009184614,
                    0.00103853899054
                ],
                [
                    -0.000405572674936,
                    0.00073873240035,
                    -0.00165634753648,
                    0.00133161072154,
                    -0.000453519896837,
                    -0.000616529083345,
                    -0.00013986567501,
                    -0.000884597771801,
                    0.000872495176736,
                    0.000846298178658,
                    -0.00454009184614,
                    0.0124189816415,
                    -0.00475916452706
                ],
                [
                    0.000251478544669,
                    -0.000285305955913,
                    0.00118204765022,
                    -0.0013182425173,
                    -0.000129272390041,
                    0.00049872987438,
                    -0.000627617759164,
                    0.00091590185184,
                    -0.00278960145079,
                    -0.000468435086077,
                    0.00103853899054,
                    -0.00475916452706,
                    0.0114310374483
                ]
            ],
            "mean": [
                -11.7602338791,
                81.230178833,
                -116.951591492,
                13.0345115662,
                -59.0457382202,
                7.17558240891,
                -39.9800071716,
                10.8402576447,
                -15.4647789001,
                4.27575922012,
                -10.6197090149,
                3.18442463875,
                -7.71001529694
            ]
        },
        "hfc": {
            "dmean": 7.82084751129,
            "dmean2": 10.9331283569,
            "dvar": 172.590942383,
            "dvar2": 325.915679932,
            "max": 233.142623901,
            "mean": 23.9705257416,
            "median": 18.9777584076,
            "min": 1.23112003719e-16,
            "var": 540.393676758
        },
        "melbands": {
            "dmean": [
                0.00179549888708,
                0.00172776274849,
                0.00120562664233,
                0.000470950966701,
                0.000163277145475,
                0.000398046802729,
                0.000236358013353,
                0.000190410166397,
                0.000118596399261,
                0.000120312950457,
                0.000105276980321,
                6.73125614412e-05,
                6.67290660203e-05,
                4.37021008111e-05,
                4.99308662256e-05,
                4.81677889184e-05,
                4.92217550345e-05,
                3.89292072214e-05,
                2.85828155029e-05,
                1.87528221431e-05,
                1.59175961016e-05,
                1.67420275829e-05,
                1.04861828731e-05,
                5.5581253946e-06,
                5.57144403501e-06,
                6.26075780019e-06,
                4.42977579951e-06,
                2.7942669476e-06,
