{
    "lowlevel": {
        "average_loudness": 0.785601973534,
        "barkbands": {
            "dmean": [
                0.0173772592098,
                0.0170831102878,
                0.00231669913046,
                0.000812748563476,
                0.00132448750082,
                0.00099603808485,
                0.00096062902594,
                0.000787551340181,
                0.000766527839005,
                0.000214399056858,
                0.000160600204254,
                0.000182554053026,
                0.00026016443735,
                0.000479313661344,
                0.000667216721922,
                0.000717496383004,
                0.000393953290768,
                0.000213202045416,
                0.000208858720725,
                0.000220258705667,
                0.000154042383656,
                0.000130211323267,
                0.000132321962155,
                0.000117452524137,
                9.93568974081e-05,
                4.37365961261e-05,
                3.68092128156e-06
            ],
            "dmean2": [
                0.026222679764,
                0.0264831501991,
                0.0041907322593,
                0.00143828522414,
                0.00218266015872,
                0.00159863696899,
                0.00147285428829,
                0.00121066940483,
                0.00104016961996,
                0.000309896509862,
                0.000239708053414,
                0.000267962284852,
                0.000390615023207,
                0.000836965569761,
                0.00102752167732,
                0.00114120543003,
                0.000601871055551,
                0.000315033248626,
                0.000303875945974,
                0.000339918973623,
                0.000235116298427,
                0.000195076601813,
                0.000195366199478,
                0.000177914349479,
                0.000149181985762,
                6.74559123581e-05,
                5.60446369491e-06
            ],
            "dvar": [
                0.000933599949349,
                0.00142787850928,
                7.18212759239e-05,
                7.84929306974e-06,
                6.02980890108e-06,
                3.76046796191e-06,
                3.73147804567e-06,
                3.71034411728e-06,
                3.58803640665e-06,
                6.46872820198e-07,
                3.13262745522e-07,
                3.49987914205e-07,
                5.31508021595e-07,
                2.67155587608e-06,
                5.85184761803e-06,
                8.44154874358e-06,
                1.21945629417e-06,
                6.03337525718e-07,
                7.62383820074e-07,
                8.59114379637e-07,
                6.67730375881e-07,
                4.21779787985e-07,
                3.56593801598e-07,
                1.51733033249e-07,
                1.96030072175e-07,
                1.1797235544e-07,
                1.27796118132e-09
            ],
            "dvar2": [
                0.00209496146999,
                0.00289533170871,
                0.000210859172512,
                2.31972280744e-05,
                1.65077726706e-05,
                8.92733714863e-06,
                8.53853453009e-06,
                8.08833192423e-06,
                6.13096926827e-06,
                1.19267667742e-06,
                6.78534433973e-07,
                7.23654522972e-07,
                1.11476879283e-06,
                7.76687920734e-06,
                1.18773714348e-05,
                1.54555291374e-05,
                2.7013354611e-06,
                1.3091986375e-06,
                1.68783992649e-06,
                1.98718112188e-06,
                1.65659537288e-06,
                1.01353725768e-06,
                8.21048843136e-07,
                3.59402804406e-07,
                4.90120328323e-07,
                3.04804501639e-07,
                3.14454662309e-09
            ],
            "max": [
                0.369657188654,
                0.45070463419,
                0.105029121041,
                0.0545178502798,
                0.041031435132,
                0.0288888849318,
                0.0329459793866,
                0.0346260182559,
                0.0276294983923,
                0.0212129279971,
                0.0210864041001,
                0.0167698245496,
                0.0147420959547,
                0.0223230533302,
                0.0390570536256,
                0.0491306483746,
                0.0127351712435,
                0.0143515961245,
                0.0156836528331,
                0.0139066260308,
                0.0137483319268,
                0.0121544413269,
                0.0142345065251,
                0.00941816903651,
                0.0141310598701,
                0.0116405785084,
                0.0012888815254
            ],
            "mean": [
                0.0596671774983,
                0.0705508738756,
                0.00289506698027,
                0.000996210146695,
                0.00330029544421,
                0.00181590719149,
                0.00162103073671,
                0.000949660723563,
                0.00121739832684,
                0.000321132916724,
                0.000214231287828,
                0.000245285977144,
                0.000319977581967,
                0.000469637889182,
                0.000796286738478,
                0.000823538692202,
                0.000471696199384,
                0.000247539428528,
                0.000238361593802,
                0.000199148358661,
                0.00014034594642,
                0.000127705468913,
                0.000158860639203,
                0.000142594784847,
                0.000118778661999,
                5.16434411111e-05,
                5.96508380113e-06
            ],
            "median": [
                0.00587878655642,
                0.0162815079093,
                0.000907018838916,
                0.000292635697406,
                0.00174836011138,
                0.000938332872465,
                0.000638058176264,
                0.000123412799439,
                4.4882966904e-05,
                1.64576831594e-05,
                1.2757271179e-05,
                1.28906121972e-05,
                1.20836921269e-05,
                1.98299094336e-05,
                3.95710885641e-05,
                6.8690002081e-05,
                6.39977806713e-05,
                3.45314620063e-05,
                3.33576681442e-05,
                1.84470118256e-05,
                5.41384815733e-06,
                1.4503091279e-06,
                2.55570694208e-06,
                9.13095936994e-06,
                6.6008660724e-06,
                7.9360268046e-07,
                6.52225367048e-08
            ],
            "min": [
                1.44998503505e-23,
                2.61227723113e-23,
                4.31750712619e-24,
                1.00621220056e-23,
                3.02602026087e-23,
                3.87331493324e-23,
                4.7407675261e-23,
                4.38994025562e-23,
                6.43344214765e-23,
                5.95877570573e-23,
                5.48712965446e-23,
                3.08470551688e-23,
                3.07146716871e-23,
                8.15176042842e-23,
                1.36814557551e-22,
                1.45767535602e-22,
                1.8293847213e-22,
                1.13071901653e-22,
                2.80129253231e-22,
                1.78154453569e-22,
                3.96116822656e-22,
                4.26408778494e-22,
                4.89765542562e-22,
                7.96503591619e-22,
                1.23281071907e-21,
                1.57478053309e-21,
                2.53549659143e-21
            ],
            "var": [
                0.00642067287117,
                0.00777339702472,
                4.76486857224e-05,
                5.25141967955e-06,
                1.70225684997e-05,
                6.39100244371e-06,
                6.52776998322e-06,
                5.5359128055e-06,
                9.20053389564e-06,
                1.53129258251e-06,
                6.07686331477e-07,
                6.28158204563e-07,
                8.800653859e-07,
                2.25510120799e-06,
                8.09344419395e-06,
                1.02661442725e-05,
                1.37850679494e-06,
                6.60963792143e-07,
                8.13618214579e-07,
                8.31983754779e-07,
                5.67833922105e-07,
                3.83193992093e-07,
                4.49964744575e-07,
                1.9072848545e-07,
                2.13739539845e-07,
                1.1882769968e-07,
                2.00614103107e-09
            ]
        },
        "barkbands_crest": {
            "dmean": 2.04004025459,
            "dmean2": 3.30343270302,
            "dvar": 4.70649862289,
            "dvar2": 11.4709920883,
            "max": 24.6812572479,
            "mean": 12.9752731323,
            "median": 14.0455150604,
            "min": 2.3354306221,
            "var": 19.9361476898
        },
        "barkbands_flatness_db": {
            "dmean": 0.0487087070942,
            "dmean2": 0.0653373003006,
            "dvar": 0.00288758473471,
            "dvar2": 0.00518419453874,
            "max": 0.984919846058,
            "mean": 0.311976581812,
            "median": 0.290371537209,
            "min": 0.0299773346633,
            "var": 0.0250630266964
        },
        "barkbands_kurtosis": {
            "dmean": 21.4971809387,
            "dmean2": 34.2888526917,
            "dvar": 1962.89978027,
            "dvar2": 4802.48730469,
            "max": 590.890258789,
            "mean": 34.5952110291,
            "median": 12.3877677917,
            "min": -1.94109594822,
            "var": 3430.68457031
        },
        "barkbands_skewness": {
            "dmean": 1.3477332592,
            "dmean2": 2.04583239555,
            "dvar": 3.33101773262,
            "dvar2": 7.21721744537,
            "max": 18.3884468079,
            "mean": 3.36258101463,
            "median": 2.66823625565,
            "min": -6.14588451385,
            "var": 10.7791118622
        },
        "barkbands_spread": {
            "dmean": 5.51105260849,
            "dmean2": 8.29071617126,
            "dvar": 105.706466675,
            "dvar2": 227.4634552,
            "max": 152.307479858,
            "mean": 10.9742221832,
            "median": 4.86759090424,
            "min": 0.187783926725,
            "var": 213.9712677
        },
        "dissonance": {
            "dmean": 0.0281521249563,
            "dmean2": 0.0438130795956,
            "dvar": 0.00164916017093,
            "dvar2": 0.00364412041381,
            "max": 0.5,
            "mean": 0.448085218668,
            "median": 0.469968795776,
            "min": 0.0744647160172,
            "var": 0.0045278351754
        },
        "dynamic_complexity": 3.76526832581,
        "erbbands": {
            "dmean": [
                1.08055341244,
                2.20468473434,
                2.87810993195,
                2.6080429554,
                4.14382982254,
                4.09160518646,
                4.91777276993,
                9.4939031601,
                14.3933849335,
                12.2826728821,
                19.0191783905,
                17.430065155,
                8.6103515625,
                6.00521945953,
                6.2161564827,
                7.80314970016,
                12.1006584167,
                17.5806293488,
                33.659778595,
                34.7400054932,
                36.778717041,
                23.2455844879,
                12.7383651733,
                9.14919948578,
                11.9705533981,
                10.4618759155,
                6.91854047775,
                5.90838718414,
                5.03099060059,
                3.40749835968,
                4.06106328964,
                2.6724524498,
                1.99039447308,
                1.16915798187,
                0.703159034252,
                0.296276420355,
                0.0568969994783,
                0.00703527918085,
                0.000721462303773,
                5.86264941376e-05
            ],
            "dmean2": [
                1.6175339222,
                3.70958423615,
                5.22713375092,
                4.73691225052,
                6.97500038147,
                6.68848514557,
                8.03039264679,
                15.1483573914,
                22.0348739624,
                18.9444599152,
                28.7403488159,
                23.6291294098,
                11.6198472977,
                8.61338806152,
                8.90882015228,
                11.0238332748,
                18.002199173,
                29.4461269379,
                55.1608886719,
                48.8056945801,
                58.1394691467,
                35.1362419128,
                18.4453239441,
                13.0304231644,
                18.1362571716,
                16.3619403839,
                10.5411157608,
                9.08431911469,
                7.60475730896,
                4.96982049942,
                6.09830570221,
                4.11052799225,
                3.01254010201,
                1.71837496758,
                1.08122205734,
                0.466913759708,
                0.0853326097131,
                0.0103453574702,
                0.00112563662697,
                8.88669164851e-05
            ],
            "dvar": [
                5.73767280579,
                39.2222061157,
                112.61264801,
                94.9953765869,
                78.898475647,
                61.6665229797,
                82.6772003174,
                381.17288208,
                1002.4800415,
                799.397705078,
                2198.81079102,
                1882.85058594,
                771.411682129,
                476.159088135,
                399.802764893,
                616.258728027,
                1087.68103027,
                2615.96533203,
                16759.7265625,
                15621.5966797,
                19844.8183594,
                4650.52392578,
                1989.59338379,
                1070.45373535,
                2801.15454102,
                1968.52844238,
                1207.17272949,
                1055.15783691,
                631.024536133,
                265.902282715,
                338.664489746,
                91.0356826782,
                45.9918022156,
                16.9932537079,
                15.7246341705,
                4.86204051971,
                0.191155999899,
                0.00351094827056,
                4.96634456795e-05,
                6.24435898544e-08
            ],
            "dvar2": [
                10.9638357162,
                102.835922241,
                329.599822998,
                280.349517822,
                233.615844727,
                159.448791504,
                205.381973267,
                914.228637695,
                2344.44384766,
                1854.69909668,
                4745.34082031,
                3328.9440918,
                1305.08178711,
                957.057373047,
                843.084533691,
                1181.46264648,
                2266.61743164,
                7348.13476562,
                39724.4726562,
                26537.9453125,
                36040.96875,
                10102.5800781,
                4330.34960938,
                2246.04980469,
                6241.96777344,
                4580.46240234,
                3023.43579102,
                2606.87084961,
                1506.13134766,
                624.487609863,
                789.977050781,
                219.829177856,
                109.680458069,
                39.6421852112,
                40.7957382202,
                12.8368234634,
                0.476645171642,
                0.00830617640167,
                0.000127959952806,
                1.42686076288e-07
            ],
            "max": [
                26.4774169922,
                70.2239685059,
                126.288513184,
                160.698547363,
                142.872238159,
                148.969299316,
                189.379379272,
                309.493438721,
                530.899230957,
                568.643249512,
                783.625915527,
                818.293395996,
                861.712585449,
                1026.96289062,
                533.180603027,
                767.975891113,
                666.446716309,
                688.032043457,
                1888.27368164,
                2288.54052734,
                2258.4074707,
                883.527404785,
                821.356628418,
                599.492797852,
                900.677856445,
                653.869995117,
                580.964172363,
                564.732727051,
                455.227233887,
                272.291564941,
                423.488311768,
                219.997924805,
                173.096343994,
                114.052360535,
                136.055938721,
                73.6758575439,
                15.3083734512,
                2.10939335823,
                0.260200589895,
                0.0091666886583
            ],
            "mean": [
                5.12406015396,
                4.38235712051,
                3.60932469368,
                3.29520559311,
                8.31744194031,
                10.8847446442,
                9.57498645782,
                16.8465576172,
                25.1118335724,
                17.1074352264,
                24.9333000183,
                27.6315727234,
                14.5160245895,
                9.04719829559,
                8.93719768524,
                10.6962184906,
                15.1841192245,
                19.4604625702,
                38.3697624207,
                41.4501495361,
                43.6734733582,
                27.7987709045,
                15.5180521011,
                11.3394432068,
                12.2870988846,
                9.37657260895,
                6.38531589508,
                5.39787912369,
                4.97331142426,
                3.6200671196,
                4.82562685013,
                3.17849087715,
                2.40723586082,
                1.45170342922,
                0.799140870571,
                0.325704336166,
                0.0729992240667,
                0.0103806853294,
                0.00116746267304,
                0.00020808786212
            ],
            "median": [
                0.720005333424,
                1.74646377563,
                1.51182687283,
                1.64406597614,
                5.09258365631,
                4.69654846191,
                6.05659151077,
                8.34042263031,
                10.0324220657,
                6.36955499649,
                2.45175504684,
                1.06886327267,
                0.617167592049,
                0.530074238777,
                0.578120827675,
                0.543820142746,
                0.612152099609,
                0.983852982521,
                1.6821539402,
                3.21271443367,
                4.38444709778,
                3.77005434036,
                2.20173311234,
                1.83618998528,
                1.54626011848,
                0.89397251606,
                0.40955644846,
                0.135908573866,
                0.055735334754,
                0.049506649375,
                0.0817191302776,
                0.112795710564,
                0.180289164186,
                0.102687634528,
                0.0287977270782,
                0.00594720430672,
                0.00110266264528,
                0.000172138563357,
                0.000112053006887,
                0.000109693093691
            ],
            "min": [
                9.65453464685e-22,
                3.78222761314e-21,
                4.557887152e-21,
                1.38176417736e-20,
                5.10243614355e-20,
                1.18451397763e-19,
                2.70595981525e-19,
                3.28149631734e-19,
                4.74085281496e-19,
                6.48174178503e-19,
                1.51176645444e-18,
                1.46688859749e-18,
                1.85543890585e-18,
                1.42773265902e-18,
                2.44880761248e-18,
                1.00633686969e-18,
                1.41018236797e-18,
                4.0847923999e-18,
                6.40510763718e-18,
                5.55414806356e-18,
                8.29029940249e-18,
                1.01566198693e-17,
                6.44828729234e-18,
                1.00887133041e-17,
                1.23594878673e-17,
                8.47230395267e-18,
                1.04189511016e-17,
                1.84573855881e-17,
                1.38563150263e-17,
                1.8318922171e-17,
                1.4629541129e-17,
                1.081190077e-17,
                1.49004047293e-17,
                1.278833552e-17,
                9.03533932585e-18,
                5.3897037306e-18,
                3.24357308478e-18,
                1.34588665293e-18,
                3.66727577744e-19,
                3.6019883504e-20
            ],
            "var": [
                39.9676322937,
                51.4520149231,
                72.5521697998,
                58.9698143005,
                114.700042725,
                229.002212524,
                148.450714111,
                616.152709961,
                1629.50305176,
                1107.06323242,
                3572.39453125,
                4516.21386719,
                2248.31787109,
                1066.24487305,
                879.601806641,
                1190.74523926,
                1879.06140137,
                2663.43847656,
                19117.3554688,
                22810.8144531,
                24813.5703125,
                5252.85791016,
                2198.76635742,
                1309.39770508,
                2840.03979492,
                1846.39746094,
                1027.53308105,
                892.759277344,
                578.316101074,
                271.239318848,
                418.792724609,
                108.15612793,
                56.4354019165,
                22.4221820831,
                14.9438896179,
                4.37925052643,
                0.230512470007,
                0.00516523933038,
                7.04580888851e-05,
                1.37093863373e-07
            ]
        },
        "erbbands_crest": {
            "dmean": 2.91391682625,
            "dmean2": 4.72316884995,
            "dvar": 8.52701473236,
            "dvar2": 20.6548519135,
            "max": 29.439743042,
            "mean": 10.427652359,
            "median": 9.57849884033,
            "min": 2.6298391819,
            "var": 20.9934978485
        },
        "erbbands_flatness_db": {
            "dmean": 0.0314234867692,
            "dmean2": 0.0457444339991,
            "dvar": 0.00124183285516,
            "dvar2": 0.00250927382149,
            "max": 0.584594845772,
            "mean": 0.212421029806,
            "median": 0.20236736536,
            "min": 0.0426796898246,
            "var": 0.00657093757764
        },
        "erbbands_kurtosis": {
            "dmean": 5.68915081024,
            "dmean2": 9.32452392578,
            "dvar": 651.615844727,
            "dvar2": 1733.32751465,
            "max": 698.932739258,
            "mean": 6.05375480652,
            "median": 0.475242376328,
            "min": -1.92067337036,
            "var": 894.890258789
        },
        "erbbands_skewness": {
            "dmean": 0.829953014851,
            "dmean2": 1.23802781105,
            "dvar": 1.29603469372,
            "dvar2": 2.56907701492,
            "max": 18.0455417633,
            "mean": 0.59057277441,
            "median": 0.346582919359,
            "min": -4.47960996628,
            "var": 3.70082807541
        },
        "erbbands_spread": {
            "dmean": 13.9858570099,
            "dmean2": 21.8852729797,
            "dvar": 417.654052734,
            "dvar2": 909.243652344,
            "max": 255.215408325,
            "mean": 37.0151596069,
            "median": 29.3157672882,
            "min": 0.561480462551,
            "var": 1059.3482666
        },
        "gfcc": {
            "cov": [
                [
                    22837.9589844,
                    -2655.93237305,
                    -3782.73852539,
                    1123.50732422,
                    -1159.56494141,
                    611.567871094,
                    -1657.70959473,
                    824.269348145,
                    -569.919372559,
                    327.290252686,
                    -418.571411133,
                    -253.10307312,
                    -120.840446472
                ],
                [
                    -2655.93237305,
                    4693.57519531,
                    1054.04370117,
                    -1175.20117188,
                    488.972167969,
                    -898.538452148,
                    385.263244629,
                    -256.992218018,
                    109.65952301,
                    -440.230621338,
                    499.984619141,
                    -256.415039062,
                    186.84336853
                ],
                [
                    -3782.73852539,
                    1054.04370117,
                    3386.48974609,
                    -41.9382171631,
                    -99.2201538086,
                    -273.487091064,
                    161.503967285,
                    -331.890045166,
                    43.5047912598,
                    -51.1464881897,
                    208.697235107,
                    325.859222412,
                    112.249259949
                ],
                [
                    1123.50732422,
                    -1175.20117188,
                    -41.9382171631,
                    1184.21191406,
                    31.7766628265,
                    15.8141279221,
                    -252.863723755,
                    -26.5836906433,
                    107.731376648,
                    81.3324584961,
                    -30.4203548431,
                    137.142929077,
                    80.3421554565
                ],
                [
                    -1159.56494141,
                    488.972167969,
                    -99.2201538086,
                    31.7766628265,
                    868.040405273,
                    46.9299278259,
                    340.168762207,
                    106.018203735,
                    314.566314697,
                    75.3166427612,
                    182.038955688,
                    -59.6915931702,
                    154.39994812
                ],
                [
                    611.567871094,
                    -898.538452148,
                    -273.487091064,
                    15.8141279221,
                    46.9299278259,
                    652.127197266,
                    230.632049561,
                    48.1810836792,
                    9.25017166138,
                    131.952896118,
                    -65.5827789307,
                    26.8033008575,
                    -15.0136909485
                ],
                [
                    -1657.70959473,
                    385.263244629,
                    161.503967285,
                    -252.863723755,
                    340.168762207,
                    230.632049561,
                    820.089111328,
                    -1.25164735317,
                    214.032943726,
                    28.5939102173,
                    136.800857544,
                    49.2247161865,
                    42.6040649414
                ],
                [
                    824.269348145,
                    -256.992218018,
                    -331.890045166,
                    -26.5836906433,
                    106.018203735,
                    48.1810836792,
                    -1.25164735317,
                    358.067169189,
                    49.3383903503,
                    28.4064788818,
                    1.74339401722,
                    -74.1999740601,
                    43.013420105
                ],
                [
                    -569.919372559,
                    109.65952301,
                    43.5047912598,
                    107.731376648,
                    314.566314697,
                    9.25017166138,
                    214.032943726,
                    49.3383903503,
                    335.50793457,
                    91.0382614136,
                    105.276977539,
                    -4.48609781265,
                    60.3758583069
                ],
                [
                    327.290252686,
                    -440.230621338,
                    -51.1464881897,
                    81.3324584961,
                    75.3166427612,
                    131.952896118,
                    28.5939102173,
                    28.4064788818,
                    91.0382614136,
                    214.833908081,
                    -17.4592266083,
                    15.7560997009,
                    -14.3791418076
                ],
                [
                    -418.571411133,
                    499.984619141,
                    208.697235107,
                    -30.4203548431,
                    182.038955688,
                    -65.5827789307,
                    136.800857544,
                    1.74339401722,
                    105.276977539,
                    -17.4592266083,
                    244.023620605,
                    9.31558322906,
                    74.3048934937
                ],
                [
                    -253.10307312,
                    -256.415039062,
                    325.859222412,
                    137.142929077,
                    -59.6915931702,
                    26.8033008575,
                    49.2247161865,
                    -74.1999740601,
                    -4.48609781265,
                    15.7560997009,
                    9.31558322906,
                    191.182296753,
                    -8.19534492493
                ],
                [
                    -120.840446472,
                    186.84336853,
                    112.249259949,
                    80.3421554565,
                    154.39994812,
                    -15.0136909485,
                    42.6040649414,
                    43.013420105,
                    60.3758583069,
                    -14.3791418076,
                    74.3048934937,
                    -8.19534492493,
                    160.428314209
                ]
            ],
            "icov": [
                [
                    9.78031894192e-05,
                    -0.000148499908391,
                    0.000114777772978,
                    -0.000176805755473,
                    0.000194300184376,
                    -0.000232192629483,
                    0.000172112879227,
                    -0.000291126169031,
                    9.16241770028e-05,
                    -0.00029473163886,
                    -7.55053815737e-06,
                    -0.000175249864697,
                    1.21212224258e-05
                ],
                [
                    -0.000148499908391,
                    0.0012815259397,
                    -0.00033786642598,
                    0.001094506355,
                    -0.000677243922837,
                    0.00138673943002,
                    -0.000487454410177,
                    0.00133258802816,
                    -0.000242920577875,
                    0.00150935107376,
                    -0.000968845211901,
                    0.00144058931619,
                    -0.000613348791376
                ],
                [
                    0.000114777772978,
                    -0.00033786642598,
                    0.000601212086622,
                    -0.000196213499294,
                    0.000410795386415,
                    -0.000256103347056,
                    0.000220586705836,
                    -0.000193797299289,
                    2.8975728128e-05,
                    -0.000599145656452,
                    -4.77797948406e-05,
                    -0.00111640582327,
                    -0.000367896660464
                ],
                [
                    -0.000176805755473,
                    0.001094506355,
                    -0.000196213499294,
                    0.00228432519361,
                    -0.000666641863063,
                    0.00107050209772,
                    0.00024575390853,
                    0.00142884615343,
                    -0.00109606888145,
                    0.00129715038929,
                    -0.000465600547614,
                    -0.000106450272142,
                    -0.00138220819645
                ],
                [
                    0.000194300184376,
                    -0.000677243922837,
                    0.000410795386415,
                    -0.000666641863063,
                    0.00279040331952,
                    -0.000786362739746,
                    -8.12529615359e-05,
                    -0.000980094540864,
                    -0.00105243339203,
                    -0.00132221158128,
                    -0.00024848850444,
                    -0.000202290917514,
                    -0.00111092731822
                ],
                [
                    -0.000232192629483,
                    0.00138673943002,
                    -0.000256103347056,
                    0.00107050209772,
                    -0.000786362739746,
                    0.00389647530392,
                    -0.00163387344219,
                    0.00137471791822,
                    0.000537094718311,
                    0.000231779267779,
                    -0.000334671320161,
                    0.00135402253363,
                    -0.000917279219721
                ],
                [
                    0.000172112879227,
                    -0.000487454410177,
                    0.000220586705836,
                    0.00024575390853,
                    -8.12529615359e-05,
                    -0.00163387344219,
                    0.00277395127341,
                    -0.000482814764837,
                    -0.00123415712733,
                    6.64996259729e-05,
                    -0.000267545809038,
                    -0.00168695044704,
                    0.000246190611506
                ],
                [
                    -0.000291126169031,
                    0.00133258802816,
                    -0.000193797299289,
                    0.00142884615343,
                    -0.000980094540864,
                    0.00137471791822,
                    -0.000482814764837,
                    0.00508288992569,
                    -0.000785139214713,
                    0.0014887949219,
                    -0.000681089644786,
                    0.00212637172081,
                    -0.00166092137806
                ],
                [
                    9.16241770028e-05,
                    -0.000242920577875,
                    2.8975728128e-05,
                    -0.00109606888145,
                    -0.00105243339203,
                    0.000537094718311,
                    -0.00123415712733,
                    -0.000785139214713,
                    0.00643977988511,
                    -0.002738653915,
                    -0.000963810074609,
                    0.000577669357881,
                    0.000288866605842
                ],
                [
                    -0.00029473163886,
                    0.00150935107376,
                    -0.000599145656452,
                    0.00129715038929,
                    -0.00132221158128,
                    0.000231779267779,
                    6.64996259729e-05,
                    0.0014887949219,
                    -0.002738653915,
                    0.00877561140805,
                    -0.000373151677195,
                    0.00110151665285,
                    0.000713444198482
                ],
                [
                    -7.55053815737e-06,
                    -0.000968845211901,
                    -4.77797948406e-05,
                    -0.000465600547614,
                    -0.00024848850444,
                    -0.000334671320161,
                    -0.000267545809038,
                    -0.000681089644786,
                    -0.000963810074609,
                    -0.000373151677195,
                    0.00711272656918,
                    -0.00150961335748,
                    -0.00119143538177
                ],
                [
                    -0.000175249864697,
                    0.00144058931619,
                    -0.00111640582327,
                    -0.000106450272142,
                    -0.000202290917514,
                    0.00135402253363,
                    -0.00168695044704,
                    0.00212637172081,
                    0.000577669357881,
                    0.00110151665285,
                    -0.00150961335748,
                    0.00992625113577,
                    0.000311538780807
                ],
                [
                    1.21212224258e-05,
                    -0.000613348791376,
                    -0.000367896660464,
                    -0.00138220819645,
                    -0.00111092731822,
                    -0.000917279219721,
                    0.000246190611506,
                    -0.00166092137806,
                    0.000288866605842,
                    0.000713444198482,
                    -0.00119143538177,
                    0.000311538780807,
                    0.00979266036302
                ]
            ],
            "mean": [
                -90.2724075317,
                118.89112854,
                -73.4237060547,
                38.9384727478,
                -29.3616867065,
                4.63201570511,
                -39.6945533752,
                19.6453762054,
                -4.75374269485,
                4.09696149826,
                1.82223916054,
                -6.00580883026,
                3.04167413712
            ]
        },
        "hfc": {
            "dmean": 11.7117481232,
            "dmean2": 16.5847377777,
            "dvar": 1071.49926758,
            "dvar2": 2365.29394531,
            "max": 537.282836914,
            "mean": 22.8407287598,
            "median": 14.7424030304,
            "min": 1.25615118427e-16,
            "var": 1377.42773438
        },
        "melbands": {
            "dmean": [
                0.00693936971948,
                0.00184400647413,
                0.000472195824841,
                0.000321252184222,
                0.000160888419487,
                0.000208407553146,
                0.000210579572013,
                0.000138320858241,
                0.000158480877872,
                0.000106322753709,
                4.20297728851e-05,
                2.49049244303e-05,
                2.12663726415e-05,
                1.93669820874e-05,
                2.29528050113e-05,
                2.82062646875e-05,
                3.58667602995e-05,
                5.59427644475e-05,
                4.90168495162e-05,
                4.81694551127e-05,
                4.09355379816e-05,
                2.53351936408e-05,
                1.61576463142e-05,
                9.1019555839e-06,
                7.174237453e-06,
                9.07565208763e-06,
                8.02729118732e-06,
