{
    "lowlevel": {
        "average_loudness": 0.943914890289,
        "barkbands": {
            "dmean": [
                0.00415042135864,
                0.0123308431357,
                0.00555226113647,
                0.00163307657931,
                0.00210084486753,
                0.00083361309953,
                0.00130362669006,
                0.000298556988128,
                0.000615287979599,
                0.000758650654461,
                0.000608205620665,
                0.000520371831954,
                0.000284566922346,
                0.00035386349191,
                0.000339935475495,
                0.000297475460684,
                0.000368440902093,
                0.000318874721415,
                0.000138720904943,
                0.00010968324932,
                0.000131905631861,
                0.000157962786034,
                0.000545620860066,
                0.000338251440553,
                0.000175688706804,
                4.54289620393e-05,
                1.41923965202e-05
            ],
            "dmean2": [
                0.00631991401315,
                0.0198972504586,
                0.0100634982809,
                0.00286224554293,
                0.00339124677703,
                0.00139819842298,
                0.00205683195964,
                0.000488322228193,
                0.000993830151856,
                0.00123003614135,
                0.000869005511049,
                0.000798916153144,
                0.000415300222812,
                0.000546313996892,
                0.00053774646949,
                0.000461640913272,
                0.000558707688469,
                0.000458555703517,
                0.000200927970582,
                0.000157822243636,
                0.000181538867764,
                0.000243958362262,
                0.00094694213476,
                0.000569115334656,
                0.000283343164483,
                7.0765207056e-05,
                2.22693943215e-05
            ],
            "dvar": [
                2.68922631221e-05,
                0.000506959331688,
                0.000273897283478,
                2.67091145361e-05,
                2.09708396142e-05,
                3.25289943248e-06,
                6.11605128142e-06,
                1.03513741578e-06,
                2.04102661883e-06,
                2.87779789687e-06,
                2.15417821892e-06,
                1.58923455729e-06,
                5.58586748411e-07,
                1.06289485302e-06,
                7.57796669859e-07,
                4.07486709264e-07,
                7.23065909369e-07,
                2.88211623456e-07,
                1.07822778261e-07,
                6.16928446107e-08,
                1.35486530439e-07,
                1.9786405403e-07,
                8.11358972896e-07,
                3.15580024335e-07,
                1.64732242069e-07,
                1.41028140277e-08,
                1.64299585048e-09
            ],
            "dvar2": [
                6.00670791755e-05,
                0.001528822002,
                0.000756530032959,
                7.36022775527e-05,
                4.99632114952e-05,
                8.50013475429e-06,
                1.47143573486e-05,
                2.50312496064e-06,
                4.98747886013e-06,
                7.1223626037e-06,
                4.18434774474e-06,
                3.28245505443e-06,
                1.16375917969e-06,
                2.57322562902e-06,
                1.8961677597e-06,
                8.18679495751e-07,
                1.69161558006e-06,
                5.54387497687e-07,
                2.13542392657e-07,
                1.1725600757e-07,
                2.83399543832e-07,
                4.18315124762e-07,
                2.04700700124e-06,
                7.82127926868e-07,
                3.97653764139e-07,
                3.2758570967e-08,
                3.83395448722e-09
            ],
            "max": [
                0.0458172746003,
                0.204205334187,
                0.164322644472,
                0.0685441941023,
                0.0750603675842,
                0.0198108963668,
                0.0269607044756,
                0.0216721799225,
                0.0273492168635,
                0.0157928951085,
                0.0281875915825,
                0.0224613603204,
                0.0140852769837,
                0.0107221994549,
                0.00981239508837,
                0.00711982417852,
                0.00936422403902,
                0.00740674277768,
                0.00370914326049,
                0.00300877843983,
                0.00516298925504,
                0.00665658479556,
                0.0063931401819,
                0.00685237394646,
                0.00744735309854,
                0.00366266118363,
                0.000624370120931
            ],
            "mean": [
                0.016157515347,
                0.0552963763475,
                0.00580955250189,
                0.00144576933235,
                0.00241506751627,
                0.000777932058554,
                0.00143476307858,
                0.000284345413093,
                0.000575004669372,
                0.000810881960206,
                0.000750717939809,
                0.000657068623696,
                0.000327272107825,
                0.000360472942702,
                0.000372100592358,
                0.000359509023838,
                0.000411452056142,
                0.000496098655276,
                0.000185811746633,
                0.00015127802908,
                0.000168419559486,
                0.000170292260009,
                0.000411503831856,
                0.000299917563098,
                0.000202082825126,
                5.00383175677e-05,
                1.44789701153e-05
            ],
            "median": [
                0.0190548487008,
                0.0639994889498,
                0.00148254889064,
                0.000157268252224,
                0.000627051282208,
                0.000122566372738,
                0.000287975184619,
                2.9149437978e-05,
                7.55046930863e-05,
                4.60191586171e-05,
                5.0899132475e-05,
                6.70568551868e-05,
                4.03634185204e-05,
                2.76355349342e-05,
                3.47306013282e-05,
                5.01844515384e-05,
                7.94819643488e-05,
                0.000162513606483,
                5.5406595493e-05,
                4.09559324908e-05,
                2.8475677027e-05,
                3.81565187126e-05,
                6.12926887698e-05,
                5.9314781538e-05,
                6.51797890896e-05,
                1.07267533167e-05,
                2.28245130529e-06
            ],
            "min": [
                4.41558738625e-17,
                7.62649301587e-16,
                9.9749564484e-16,
                9.690607488e-16,
                1.3267557744e-15,
                1.03207618843e-15,
                1.95919832431e-16,
                3.12032405859e-16,
                9.80246454144e-16,
                6.28504534912e-16,
                6.78212292845e-16,
                2.72348462294e-16,
                2.21843911056e-16,
                4.78128605264e-16,
                5.66378585758e-16,
                1.40134411931e-15,
                2.25519981108e-15,
                1.09535854931e-15,
                4.28673871955e-16,
                4.53471793807e-16,
                1.26108996868e-15,
                4.76915632908e-15,
                3.19432768607e-15,
                1.02800373872e-14,
                9.15530638226e-15,
                3.18935043577e-14,
                1.28635047492e-12
            ],
            "var": [
                0.000142941062222,
                0.00148313259706,
                0.000196273103938,
                1.85938715731e-05,
                2.45288538281e-05,
                2.9938962598e-06,
                7.22602862879e-06,
                1.07848848074e-06,
                2.04401339943e-06,
                3.37092160407e-06,
                3.70758766621e-06,
                2.6060338314e-06,
                7.31778470708e-07,
                1.11928864044e-06,
                7.76101728661e-07,
                5.99059774231e-07,
                8.52659070461e-07,
                5.66606559005e-07,
                1.50556843437e-07,
                9.69840954212e-08,
                1.80248420634e-07,
                2.23880050498e-07,
                6.78001526921e-07,
                3.26102167492e-07,
                2.05948438747e-07,
                1.87164310717e-08,
                1.87037230148e-09
            ]
        },
        "barkbands_crest": {
            "dmean": 2.31425070763,
            "dmean2": 3.63878011703,
            "dvar": 8.11673164368,
            "dvar2": 19.6007270813,
            "max": 26.7024478912,
            "mean": 16.1377601624,
            "median": 17.2070465088,
            "min": 2.82064223289,
            "var": 16.9353408813
        },
        "barkbands_flatness_db": {
            "dmean": 0.0456705912948,
            "dmean2": 0.0614183321595,
            "dvar": 0.002407213673,
            "dvar2": 0.00385936885141,
            "max": 0.739031493664,
            "mean": 0.249299407005,
            "median": 0.22739648819,
            "min": 0.0330255441368,
            "var": 0.0121100954711
        },
        "barkbands_kurtosis": {
            "dmean": 30.8006839752,
            "dmean2": 50.3715057373,
            "dvar": 2894.91479492,
            "dvar2": 7253.40234375,
            "max": 730.78894043,
            "mean": 43.0036010742,
            "median": 17.7773342133,
            "min": -1.98493874073,
            "var": 4501.94042969
        },
        "barkbands_skewness": {
            "dmean": 1.73822760582,
            "dmean2": 2.73061060905,
            "dvar": 4.12641096115,
            "dvar2": 10.3716363907,
            "max": 19.4363098145,
            "mean": 4.37609004974,
            "median": 3.88824176788,
            "min": -9.80356025696,
            "var": 9.73433494568
        },
        "barkbands_spread": {
            "dmean": 7.61822509766,
            "dmean2": 12.0277299881,
            "dvar": 102.054069519,
            "dvar2": 227.476806641,
            "max": 157.633468628,
            "mean": 13.6859436035,
            "median": 10.2271366119,
            "min": 0.199001044035,
            "var": 199.444763184
        },
        "dissonance": {
            "dmean": 0.0238197781146,
            "dmean2": 0.0383898764849,
            "dvar": 0.00066130812047,
            "dvar2": 0.00161186186597,
            "max": 0.499999970198,
            "mean": 0.4563626647,
            "median": 0.464070498943,
            "min": 0.165952309966,
            "var": 0.00131258892361
        },
        "dynamic_complexity": 4.67252540588,
        "erbbands": {
            "dmean": [
                0.682648837566,
                2.36918640137,
                5.40085506439,
                6.47706127167,
                6.66416072845,
                7.32194232941,
                4.21098184586,
                8.53245449066,
                19.9934558868,
                9.86580371857,
                8.60653781891,
                14.6525640488,
                14.2930383682,
                26.3293991089,
                24.4770812988,
                19.3765392303,
                13.4071445465,
                15.8962640762,
                16.2025680542,
                17.6229362488,
                16.0130729675,
                19.6903266907,
                17.639919281,
                9.95139789581,
                6.17249011993,
                5.11705970764,
                5.46964454651,
                5.21797275543,
                5.56416893005,
                9.29657745361,
                15.6915359497,
                10.3854103088,
                4.11747312546,
                2.38342261314,
                1.05686271191,
                0.260434150696,
                0.0820852220058,
                0.0174546502531,
                0.00235770014115,
                0.000143581608427
            ],
            "dmean2": [
                1.06716871262,
                3.46783161163,
                9.12546634674,
                11.5369997025,
                11.2286806107,
                11.5361566544,
                6.91174077988,
                14.3685112,
                31.6699409485,
                15.7764091492,
                13.660243988,
                23.8261947632,
                23.4607563019,
                41.7590370178,
                34.7651786804,
                29.6067256927,
                19.4034843445,
                23.7635421753,
                24.6647853851,
                26.9147796631,
                24.1320018768,
                28.9120903015,
                25.3512916565,
                14.3190736771,
                8.77765846252,
                7.29181861877,
                7.54216909409,
                7.42481613159,
                8.54413700104,
                15.4816474915,
                27.2850914001,
                17.8829803467,
                6.71216344833,
                3.83415222168,
                1.70060348511,
                0.406134694815,
                0.129999384284,
                0.0269999429584,
                0.00371489115059,
                0.000228244112805
            ],
            "dvar": [
                1.18406450748,
                28.3390159607,
                246.515274048,
                378.21673584,
                251.579406738,
                288.7996521,
                123.68888092,
                351.538970947,
                1341.11193848,
                685.408203125,
                598.846252441,
                1263.1986084,
                1176.30187988,
                3629.71801758,
                3656.10205078,
                2141.19848633,
                1188.76721191,
                1904.39294434,
                1557.66223145,
                2180.78564453,
                1130.19909668,
                1843.61755371,
                949.635253906,
                357.421112061,
                226.311920166,
                130.634246826,
                175.094909668,
                278.913726807,
                269.930267334,
                313.856689453,
                672.132263184,
                314.007507324,
                52.7909660339,
                23.9465866089,
                7.78704595566,
                0.491761207581,
                0.0454587414861,
                0.00184135825839,
                4.38604001829e-05,
                1.92191549786e-07
            ],
            "dvar2": [
                3.44258594513,
                70.4027938843,
                638.01953125,
                1049.94995117,
                678.283752441,
                660.206237793,
                302.102050781,
                928.762878418,
                3238.09765625,
                1601.11523438,
                1419.71032715,
                3155.59326172,
                3113.94116211,
                8299.05566406,
                7357.23144531,
                4304.36181641,
                2288.75,
                4399.40673828,
                3748.640625,
                4882.5859375,
                2198.10742188,
                4127.22705078,
                1786.09350586,
                652.557067871,
                421.507781982,
                240.995758057,
                335.290649414,
                597.217956543,
                601.380493164,
                716.739746094,
                1697.83825684,
                796.292236328,
                127.136993408,
                56.5003433228,
                19.2330245972,
                1.16092777252,
                0.108017787337,
                0.0040009599179,
                0.000101836565591,
                4.76693855944e-07
            ],
            "max": [
                8.82542324066,
                54.3354492188,
                160.520950317,
                198.949066162,
                172.862869263,
                365.953063965,
                135.923782349,
                207.292388916,
                463.23614502,
                431.246856689,
                582.727661133,
                591.033203125,
                413.393707275,
                688.680541992,
                1024.83544922,
                805.059326172,
                567.039550781,
                495.803100586,
                551.411682129,
                525.02532959,
                384.665161133,
                526.22479248,
                422.373504639,
                204.754180908,
                175.294219971,
                145.514801025,
                146.537216187,
                263.093109131,
                215.989013672,
                218.615447998,
                180.039916992,
                150.34211731,
                141.256515503,
                82.5987701416,
                66.8183822632,
                17.3823299408,
                7.1046423912,
                1.15443146229,
                0.0839210599661,
                0.00629199575633
            ],
            "mean": [
                3.29189109802,
                5.62323141098,
                6.50541448593,
                6.61578845978,
                6.86844205856,
                8.2601146698,
                4.05694580078,
                8.29291534424,
                22.4084835052,
                10.1710472107,
                8.7371301651,
                13.6927289963,
                15.3369312286,
                32.6126251221,
                32.2065429688,
                25.2959690094,
                16.5257568359,
                17.157207489,
                19.3608798981,
                19.7884979248,
                19.7213001251,
                23.3910064697,
                27.5934257507,
                15.5211591721,
                8.27679538727,
                7.17074584961,
                7.70360374451,
                5.95475292206,
                5.7363820076,
                8.36348438263,
                11.783914566,
                7.98677587509,
                4.25057840347,
                2.75978779793,
                1.14766860008,
                0.287070333958,
                0.0861270353198,
                0.0194982048124,
                0.00245361612178,
                0.000219644745812
            ],
            "median": [
                4.23211669922,
                4.26034879684,
                1.71413147449,
                1.38653922081,
                1.96806442738,
                1.62668120861,
                0.51631051302,
                1.62448573112,
                4.72148609161,
                1.91688680649,
                1.48104345798,
                2.14275693893,
                1.67050528526,
                1.89077138901,
                2.91903185844,
                2.80916690826,
                1.95071983337,
                1.64838802814,
                1.90757620335,
                2.27828145027,
                3.79670834541,
                5.73989677429,
                10.2494211197,
                5.61241769791,
                2.39993309975,
                2.07077360153,
                1.23519170284,
                1.07822561264,
                1.17249882221,
                1.94941854477,
                1.71410250664,
                1.17798817158,
                1.1372692585,
                0.957689940929,
                0.292273283005,
                0.0648310407996,
                0.0153435822576,
                0.00374300219119,
                0.000440125004388,
                0.000135537426104
            ],
            "min": [
                1.70352166211e-14,
                1.96766688772e-13,
                9.7218511453e-13,
                2.48526264672e-12,
                3.81100099395e-12,
                4.35316322919e-12,
                6.31262793774e-12,
                8.80149859245e-12,
                4.95120524441e-12,
                2.01678279112e-12,
                1.07373918784e-11,
                2.23743194111e-11,
                1.8246249997e-11,
                2.82807648827e-11,
                2.09222153491e-11,
                1.06519151138e-11,
                9.41330693949e-12,
                1.80519765802e-11,
                3.77264885998e-11,
                2.74475754625e-11,
                9.76836320166e-11,
                1.22391041746e-10,
                7.81547535023e-11,
                2.08547172587e-11,
                2.83068308377e-11,
                1.91205593025e-11,
                2.84867060496e-11,
                6.03260358334e-11,
                8.03475133648e-11,
                2.42922043592e-10,
                1.00269577363e-10,
                1.61182914238e-10,
                1.84244203227e-10,
                1.30940189247e-10,
                5.46754481967e-11,
                3.17626862312e-11,
                5.56312079736e-11,
                1.20676413307e-10,
                1.4046708241e-10,
                2.36619890348e-11
            ],
            "var": [
                4.9344701767,
                48.8460693359,
                219.868041992,
                270.756195068,
                211.126998901,
                369.478485107,
                123.938552856,
                316.162414551,
                1649.69384766,
                760.678344727,
                676.858947754,
                1188.4630127,
                1157.43786621,
                5781.34228516,
                6144.97412109,
                3524.19091797,
                1718.9921875,
                2183.44726562,
                1921.19348145,
                2451.49780273,
                1679.56640625,
                2398.1809082,
                1847.76318359,
                651.639099121,
                323.329101562,
                212.481048584,
                281.662811279,
                327.154846191,
                284.216918945,
                326.879058838,
                558.267089844,
                267.959533691,
                67.0946044922,
                31.5548171997,
                8.95080089569,
                0.61764973402,
                0.0572126768529,
                0.00294838822447,
                4.97153196193e-05,
                1.74850171675e-07
            ]
        },
        "erbbands_crest": {
            "dmean": 3.39352941513,
            "dmean2": 5.49714040756,
            "dvar": 8.6041059494,
            "dvar2": 20.5572166443,
            "max": 29.4067134857,
            "mean": 9.79614543915,
            "median": 9.00951194763,
            "min": 2.90985798836,
            "var": 16.8457889557
        },
        "erbbands_flatness_db": {
            "dmean": 0.0268594026566,
            "dmean2": 0.0407669842243,
            "dvar": 0.00071846699575,
            "dvar2": 0.00156584312208,
            "max": 0.383225232363,
            "mean": 0.150635078549,
            "median": 0.142292514443,
            "min": 0.0315002016723,
            "var": 0.00254097138532
        },
        "erbbands_kurtosis": {
            "dmean": 2.70787286758,
            "dmean2": 4.47439575195,
            "dvar": 59.6153526306,
            "dvar2": 138.531936646,
            "max": 387.885192871,
            "mean": 1.8941257,
            "median": -0.0919530391693,
            "min": -1.95199477673,
            "var": 69.2239227295
        },
        "erbbands_skewness": {
            "dmean": 0.75067961216,
            "dmean2": 1.18234610558,
            "dvar": 0.907518029213,
            "dvar2": 2.05815386772,
            "max": 17.1272277832,
            "mean": 0.418223053217,
            "median": 0.261084645987,
            "min": -6.1703619957,
            "var": 1.59458994865
        },
        "erbbands_spread": {
            "dmean": 23.3233680725,
            "dmean2": 37.4014816284,
            "dvar": 838.661315918,
            "dvar2": 2028.79040527,
            "max": 236.659072876,
            "mean": 55.381111145,
            "median": 49.0431900024,
            "min": 1.87645459175,
            "var": 1322.37866211
        },
        "gfcc": {
            "cov": [
                [
                    26196.5683594,
                    -942.259460449,
                    -2931.8671875,
                    783.552734375,
                    -428.580688477,
                    236.056396484,
                    -511.949676514,
                    1261.37182617,
                    -118.285751343,
                    197.950531006,
                    -222.768981934,
                    399.318939209,
                    -217.348083496
                ],
                [
                    -942.259460449,
                    2202.2644043,
                    846.077087402,
                    285.497070312,
                    623.471069336,
                    -53.2697601318,
                    338.180938721,
                    94.5030822754,
                    221.194610596,
                    -50.9472198486,
                    187.822143555,
                    -72.8767242432,
                    142.761367798
                ],
                [
                    -2931.8671875,
                    846.077087402,
                    2955.66088867,
                    876.154663086,
                    304.192108154,
                    336.256439209,
                    5.49555826187,
                    2.60577940941,
                    354.095550537,
                    -25.5893650055,
                    106.549942017,
                    -29.6293849945,
                    -9.68017292023
                ],
                [
                    783.552734375,
                    285.497070312,
                    876.154663086,
                    856.927124023,
                    314.336639404,
                    126.704238892,
                    13.4243402481,
                    226.916702271,
                    241.733612061,
                    31.2330207825,
                    80.8547210693,
                    69.46849823,
                    34.168510437
                ],
                [
                    -428.580688477,
                    623.471069336,
                    304.192108154,
                    314.336639404,
                    806.36932373,
                    196.103408813,
                    378.613739014,
                    159.277053833,
                    176.628250122,
                    76.0112915039,
                    90.3011474609,
                    -7.93631839752,
                    114.254684448
                ],
                [
                    236.056396484,
                    -53.2697601318,
                    336.256439209,
                    126.704238892,
                    196.103408813,
                    684.023864746,
                    422.370758057,
                    -12.8039884567,
                    91.4590148926,
                    64.3298110962,
                    -14.9777173996,
                    0.577830851078,
                    10.1919593811
                ],
                [
                    -511.949676514,
                    338.180938721,
                    5.49555826187,
                    13.4243402481,
                    378.613739014,
                    422.370758057,
                    676.960693359,
                    36.6066856384,
                    55.8065032959,
                    61.533416748,
                    19.4982318878,
                    -23.5196418762,
                    80.2043609619
                ],
                [
                    1261.37182617,
                    94.5030822754,
                    2.60577940941,
                    226.916702271,
                    159.277053833,
                    -12.8039884567,
                    36.6066856384,
                    414.032470703,
                    172.014099121,
                    58.6487121582,
                    67.8338394165,
                    60.5767478943,
                    29.9550457001
                ],
                [
                    -118.285751343,
                    221.194610596,
                    354.095550537,
                    241.733612061,
                    176.628250122,
                    91.4590148926,
                    55.8065032959,
                    172.014099121,
                    307.392059326,
                    57.4781455994,
                    43.2220916748,
                    25.7350082397,
                    30.8061141968
                ],
                [
                    197.950531006,
                    -50.9472198486,
                    -25.5893650055,
                    31.2330207825,
                    76.0112915039,
                    64.3298110962,
                    61.533416748,
                    58.6487121582,
                    57.4781455994,
                    149.186538696,
                    55.1223182678,
                    15.4154224396,
                    20.5946083069
                ],
                [
                    -222.768981934,
                    187.822143555,
                    106.549942017,
                    80.8547210693,
                    90.3011474609,
                    -14.9777173996,
                    19.4982318878,
                    67.8338394165,
                    43.2220916748,
                    55.1223182678,
                    166.093002319,
                    45.9492149353,
                    15.6387090683
                ],
                [
                    399.318939209,
                    -72.8767242432,
                    -29.6293849945,
                    69.46849823,
                    -7.93631839752,
                    0.577830851078,
                    -23.5196418762,
                    60.5767478943,
                    25.7350082397,
                    15.4154224396,
                    45.9492149353,
                    107.922431946,
                    19.7190551758
                ],
                [
                    -217.348083496,
                    142.761367798,
                    -9.68017292023,
                    34.168510437,
                    114.254684448,
                    10.1919593811,
                    80.2043609619,
                    29.9550457001,
                    30.8061141968,
                    20.5946083069,
                    15.6387090683,
                    19.7190551758,
                    100.957748413
                ]
            ],
            "icov": [
                [
                    9.5272778708e-05,
                    -0.000140562580782,
                    0.000171197709278,
                    -0.000214688581764,
                    7.32224798412e-05,
                    -0.000265925074928,
                    0.000230641133385,
                    -0.000319222803228,
                    0.000268280360615,
                    -0.000251271005254,
                    0.000380688928999,
                    -0.000273195735645,
                    0.000312200892949
                ],
                [
                    -0.000140562580782,
                    0.00116432318464,
                    -0.000467581034172,
                    0.000403402751544,
                    -0.000457143381936,
                    0.000937719363719,
                    -0.000869379320648,
                    0.00055367173627,
                    -0.0008485870203,
                    0.00136458768975,
                    -0.00167685898487,
                    0.00131982495077,
                    -0.0011988010956
                ],
                [
                    0.000171197709278,
                    -0.000467581034172,
                    0.00100326864049,
                    -0.00102148833685,
                    0.000244096387178,
                    -0.000915163371246,
                    0.000737347989343,
                    -0.000147357888636,
                    5.07356344315e-05,
                    -0.000231463694945,
                    0.000371220899979,
                    -1.92999123101e-05,
                    0.000723762030248
                ],
                [
                    -0.000214688581764,
                    0.000403402751544,
                    -0.00102148833685,
                    0.00298764859326,
                    -0.000950464280322,
                    0.000391820125515,
                    -3.24157117575e-05,
                    -0.000151583139086,
                    -0.000956688250881,
                    0.00079740799265,
                    -0.00071438413579,
                    -0.000588112336118,
                    -0.000680120312609
                ],
                [
                    7.32224798412e-05,
                    -0.000457143381936,
                    0.000244096387178,
                    -0.000950464280322,
                    0.00269084097818,
                    -0.000174535365659,
                    -0.000855983584188,
                    -0.000447644066298,
                    -8.46614202601e-05,
                    -0.000624268024694,
                    -0.000147992323036,
                    0.00072343921056,
                    -0.00103082705755
                ],
                [
                    -0.000265925074928,
                    0.000937719363719,
                    -0.000915163371246,
                    0.000391820125515,
                    -0.000174535365659,
                    0.00421633385122,
                    -0.00318905641325,
                    0.00150026998017,
                    -0.00142569025047,
                    0.000124885875266,
                    -0.00048309066915,
                    2.87726743409e-05,
                    0.000220138157601
                ],
                [
                    0.000230641133385,
                    -0.000869379320648,
                    0.000737347989343,
                    -3.24157117575e-05,
                    -0.000855983584188,
                    -0.00318905641325,
                    0.00462419632822,
                    -0.00116689316928,
                    0.00123025733046,
                    -0.000859397172462,
                    0.00098964292556,
                    -8.89898801688e-05,
                    -0.000565162103157
                ],
                [
                    -0.000319222803228,
                    0.00055367173627,
                    -0.000147357888636,
                    -0.000151583139086,
                    -0.000447644066298,
                    0.00150026998017,
                    -0.00116689316928,
                    0.00513235200197,
                    -0.00285714794882,
                    0.000529705488589,
                    -0.00182132341433,
                    -7.06246937625e-05,
                    -0.000613952928688
                ],
                [
                    0.000268280360615,
                    -0.0008485870203,
                    5.07356344315e-05,
                    -0.000956688250881,
                    -8.46614202601e-05,
                    -0.00142569025047,
                    0.00123025733046,
                    -0.00285714794882,
                    0.00672915717587,
                    -0.00246659619734,
                    0.00206406693906,
                    -0.00130362401251,
                    0.000601035775617
                ],
                [
                    -0.000251271005254,
                    0.00136458768975,
                    -0.000231463694945,
                    0.00079740799265,
                    -0.000624268024694,
                    0.000124885875266,
                    -0.000859397172462,
                    0.000529705488589,
                    -0.00246659619734,
                    0.0106988130137,
                    -0.00524049904197,
                    0.00251914537512,
                    -0.002653287258
                ],
                [
                    0.000380688928999,
                    -0.00167685898487,
                    0.000371220899979,
                    -0.00071438413579,
                    -0.000147992323036,
                    -0.00048309066915,
                    0.00098964292556,
                    -0.00182132341433,
                    0.00206406693906,
                    -0.00524049904197,
                    0.0117871006951,
                    -0.00610437383875,
                    0.00324422679842
                ],
                [
                    -0.000273195735645,
                    0.00131982495077,
                    -1.92999123101e-05,
                    -0.000588112336118,
                    0.00072343921056,
                    2.87726743409e-05,
                    -8.89898801688e-05,
                    -7.06246937625e-05,
                    -0.00130362401251,
                    0.00251914537512,
                    -0.00610437383875,
                    0.0150976460427,
                    -0.00510664237663
                ],
                [
                    0.000312200892949,
                    -0.0011988010956,
                    0.000723762030248,
                    -0.000680120312609,
                    -0.00103082705755,
                    0.000220138157601,
                    -0.000565162103157,
                    -0.000613952928688,
                    0.000601035775617,
                    -0.002653287258,
                    0.00324422679842,
                    -0.00510664237663,
                    0.0152002861723
                ]
            ],
            "mean": [
                -49.6946296692,
                66.3520965576,
                -72.6678085327,
                42.5484008789,
                -40.6558113098,
                30.6127815247,
                -27.8978729248,
                20.5283241272,
                -12.30327034,
                0.304629534483,
                -1.87830483913,
                6.03861665726,
                -5.92238664627
            ]
        },
        "hfc": {
            "dmean": 14.815076828,
            "dmean2": 22.1363372803,
            "dvar": 577.186523438,
            "dvar2": 1196.48718262,
            "max": 257.797058105,
            "mean": 24.7545909882,
            "median": 16.9201717377,
            "min": 3.81904463609e-08,
            "var": 897.185302734
        },
        "melbands": {
            "dmean": [
                0.00447848346084,
                0.00247228029184,
                0.00109954294749,
                0.00052851048531,
                0.000175737266545,
                0.000192241466721,
                0.000292190321488,
                9.28865920287e-05,
                8.41374421725e-05,
                8.68474598974e-05,
                7.37324735383e-05,
                0.000110892287921,
                8.51390359458e-05,
                6.53716269881e-05,
                4.42341661255e-05,
                2.37427811953e-05,
                3.24952416122e-05,
                2.62864195975e-05,
                2.79037794826e-05,
                2.21132795559e-05,
                1.96636847249e-05,
                2.28245680773e-05,
                1.63723834703e-05,
                1.60252384376e-05,
                7.68602694734e-06,
                4.72204055768e-06,
                3.90885224988e-06,
                3.41188933817e-06,
