{
    "lowlevel": {
        "average_loudness": 0.888501763344,
        "barkbands": {
            "dmean": [
                0.000247976102401,
                0.00463076820597,
                0.00385649991222,
                0.00190848438069,
                0.00173457188066,
                0.000805129122455,
                0.00160082057118,
                0.00120522244833,
                0.000613946234807,
                0.00053706712788,
                0.00034739531111,
                0.000380088109523,
                0.000388225307688,
                0.000268853298621,
                0.000342292332789,
                0.000237660104176,
                0.000264647125732,
                0.000167580496054,
                0.00019132734451,
                6.83718826622e-05,
                5.5743908888e-05,
                0.000136197617394,
                0.000135402966407,
                0.000159427698236,
                9.72385023488e-05,
                5.66299022466e-05,
                1.00763536466e-05
            ],
            "dmean2": [
                0.000443408440333,
                0.00777531368658,
                0.00657805800438,
                0.00332294008695,
                0.00275046750903,
                0.00121307733934,
                0.00236414186656,
                0.00176545162685,
                0.000872214499395,
                0.000761071278248,
                0.000526411517058,
                0.000590114388615,
                0.000592655851506,
                0.000418378069298,
                0.000502439157572,
                0.00035886830301,
                0.000398904812755,
                0.000254924059846,
                0.000289617310045,
                0.000114976704936,
                8.73800745467e-05,
                0.00019451029948,
                0.000196848093765,
                0.000234982362599,
                0.000146784397657,
                8.92834432307e-05,
                1.63977347256e-05
            ],
            "dvar": [
                8.34210766243e-07,
                0.000167995836819,
                0.000130325497594,
                2.81985503534e-05,
                8.88234080776e-06,
                3.08556514028e-06,
                1.25259684864e-05,
                8.09994617157e-06,
                3.53522409569e-06,
                2.75250818049e-06,
                1.29445027142e-06,
                1.4584749124e-06,
                1.18999673759e-06,
                8.0272559444e-07,
                1.11751649001e-06,
                6.5441093966e-07,
                3.85532587188e-07,
                1.92498731622e-07,
                1.62382562507e-07,
                4.35700080459e-08,
                6.41001776103e-08,
                7.97183361101e-07,
                2.0833255121e-07,
                3.14033457016e-07,
                8.24155961254e-08,
                3.13055288359e-08,
                1.34212319036e-09
            ],
            "dvar2": [
                2.28768067245e-06,
                0.0004578314838,
                0.000360883102985,
                7.78164176154e-05,
                2.26516094699e-05,
                6.43408156975e-06,
                2.82889941445e-05,
                1.63727981999e-05,
                6.52242306387e-06,
                5.30873103344e-06,
                2.79958180727e-06,
                3.36068706019e-06,
                2.65382573161e-06,
                1.87710134014e-06,
                2.31022727348e-06,
                1.5204122974e-06,
                8.60643467604e-07,
                4.56698387552e-07,
                3.4475897337e-07,
                1.14304825161e-07,
                1.44151854897e-07,
                1.62941307735e-06,
                4.11921831756e-07,
                6.16171973888e-07,
                1.74892619498e-07,
                7.4671817174e-08,
                3.27079163753e-09
            ],
            "max": [
                0.00795200746506,
                0.144912242889,
                0.116946570575,
                0.0636549890041,
                0.0466033928096,
                0.0390469692647,
                0.0558171458542,
                0.047345366329,
                0.0563533902168,
                0.0483340248466,
                0.0302540231496,
                0.0344914384186,
                0.0195466391742,
                0.0225841552019,
                0.0227312706411,
                0.0307873785496,
                0.0131342252716,
                0.0110521661118,
                0.00746752694249,
                0.00544551666826,
                0.00991614349186,
                0.0323675423861,
                0.0126345651224,
                0.0146447289735,
                0.00597978243604,
                0.00331580964848,
                0.000747411861084
            ],
            "mean": [
                0.00019502932264,
                0.00618282565847,
                0.00432564364746,
                0.00198215642013,
                0.00328956311569,
                0.00153440388385,
                0.00363444746472,
                0.00229290546849,
                0.00124000746291,
                0.00101455813274,
                0.000524748640601,
                0.000596795987803,
                0.00055102375336,
                0.000364612060366,
                0.000550122524146,
                0.000379559991416,
                0.00046497877338,
                0.000253825535765,
                0.000288071925752,
                6.88299696776e-05,
                6.22522566118e-05,
                0.000159680537763,
                0.0001896872418,
                0.000211663587834,
                0.000110392618808,
                6.02791187703e-05,
                8.71093470778e-06
            ],
            "median": [
                5.0609723985e-06,
                0.00228098174557,
                0.0016137039056,
                0.000742081669159,
                0.00177654530853,
                0.000442225369625,
                0.000507946475409,
                0.000257455802057,
                0.000144213146996,
                0.000122347060824,
                7.43748387322e-05,
                6.46850239718e-05,
                5.10049576405e-05,
                3.34177930199e-05,
                5.38720996701e-05,
                7.99783301773e-05,
                0.000104141814518,
                5.53351346753e-05,
                7.03411496943e-05,
                1.00476972875e-05,
                9.22960407479e-06,
                1.92767365661e-05,
                3.67889879271e-05,
                3.01428790408e-05,
                1.60037652677e-05,
                6.82865538693e-06,
                5.09254050485e-07
            ],
            "min": [
                1.84966952808e-25,
                5.58973426804e-25,
                4.28140599154e-25,
                6.76529922635e-25,
                4.80883888581e-24,
                4.83037636625e-24,
                6.35272645203e-24,
                2.95474734862e-24,
                1.09170571114e-23,
                8.97443033431e-24,
                9.27536657016e-24,
                1.87561178102e-23,
                2.2265927216e-23,
                2.92763826194e-23,
                3.88925686551e-23,
                4.69841989498e-23,
                5.07511107465e-23,
                7.45649944732e-23,
                8.26079110294e-23,
                1.47614492484e-22,
                2.27475804412e-22,
                2.84641562853e-22,
                3.58354290936e-22,
                4.82607936201e-22,
                7.28455263488e-22,
                1.21396630879e-21,
                1.81330955358e-21
            ],
            "var": [
                5.63682419852e-07,
                0.000151391664986,
                9.4941642601e-05,
                2.07875109481e-05,
                1.79547278094e-05,
                8.44491933094e-06,
                4.47048769274e-05,
                2.36163705267e-05,
                1.48685257955e-05,
                8.6834133981e-06,
                2.98955364997e-06,
                2.67990481007e-06,
                2.26800898417e-06,
                1.30628052375e-06,
                2.66872257271e-06,
                1.22929930058e-06,
                9.17746490359e-07,
                2.90184459573e-07,
                3.30126908921e-07,
                4.64650184995e-08,
                7.35690548481e-08,
                1.08174458546e-06,
                4.19361356307e-07,
                6.70551003168e-07,
                1.2699277363e-07,
                3.82579301572e-08,
                1.23947863084e-09
            ]
        },
        "barkbands_crest": {
            "dmean": 2.56108760834,
            "dmean2": 4.09339141846,
            "dvar": 6.01162290573,
            "dvar2": 14.7350244522,
            "max": 26.4672031403,
            "mean": 10.84278965,
            "median": 9.95802688599,
            "min": 2.42113184929,
            "var": 19.9295578003
        },
        "barkbands_flatness_db": {
            "dmean": 0.0270896125585,
            "dmean2": 0.0385304428637,
            "dvar": 0.000837769533973,
            "dvar2": 0.00159052561503,
            "max": 0.449332028627,
            "mean": 0.164288789034,
            "median": 0.159822821617,
            "min": 0.016168160364,
            "var": 0.00394773529842
        },
        "barkbands_kurtosis": {
            "dmean": 7.09456110001,
            "dmean2": 11.0144672394,
            "dvar": 228.000808716,
            "dvar2": 494.564971924,
            "max": 443.940124512,
            "mean": 12.1268634796,
            "median": 4.13647556305,
            "min": -1.9553232193,
            "var": 605.961975098
        },
        "barkbands_skewness": {
            "dmean": 0.815441429615,
            "dmean2": 1.20081710815,
            "dvar": 1.07995200157,
            "dvar2": 2.18596863747,
            "max": 17.7669124603,
            "mean": 2.02379775047,
            "median": 1.67811894417,
            "min": -6.10307645798,
            "var": 4.88884401321
        },
        "barkbands_spread": {
            "dmean": 7.08121109009,
            "dmean2": 10.9711694717,
            "dvar": 138.002883911,
            "dvar2": 297.062683105,
            "max": 125.013442993,
            "mean": 18.8518924713,
            "median": 13.9730434418,
            "min": 0.406783521175,
            "var": 284.177612305
        },
        "dissonance": {
            "dmean": 0.0241468138993,
            "dmean2": 0.0386822894216,
            "dvar": 0.000682752055582,
            "dvar2": 0.00171661598142,
            "max": 0.5,
            "mean": 0.442976653576,
            "median": 0.452553868294,
            "min": 0.00922759715468,
            "var": 0.00198777182959
        },
        "dynamic_complexity": 4.05189752579,
        "erbbands": {
            "dmean": [
                0.0750631168485,
                1.29736471176,
                4.52064418793,
                5.37973690033,
                6.21297931671,
                5.76677703857,
                5.77453422546,
                6.44955396652,
                16.483247757,
                27.5557441711,
                26.9538612366,
                14.7241973877,
                14.2880954742,
                17.6519241333,
                11.2769870758,
                16.4238033295,
                16.1875133514,
                15.684720993,
                15.9821443558,
                14.9356212616,
                10.892373085,
                13.0097913742,
                9.47085762024,
                9.86839485168,
                7.05252599716,
                3.14632415771,
                2.23781967163,
                2.76002120972,
                4.7298207283,
                4.67911195755,
                3.68736577034,
                3.62183070183,
                2.42294549942,
                1.29501497746,
                0.596450269222,
                0.242694213986,
                0.132369756699,
                0.0169950127602,
                0.0016560779186,
                9.1437897936e-05
            ],
            "dmean2": [
                0.114683456719,
                2.24326729774,
                7.59229660034,
                9.57110691071,
                10.1539001465,
                9.09440135956,
                8.88976573944,
                9.8034954071,
                24.2369441986,
                39.9825668335,
                38.7095069885,
                20.1160030365,
                20.2667865753,
                25.1964168549,
                16.5141639709,
                25.5151538849,
                24.2654266357,
                24.017572403,
                22.9596328735,
                20.7482337952,
                15.7633152008,
                19.3184185028,
                13.8031024933,
                14.6624269485,
                11.0748987198,
                5.28085756302,
                3.55713319778,
                4.20965909958,
                6.81176042557,
                6.62891626358,
                5.42765808105,
                5.37611150742,
                3.63234734535,
                1.96676123142,
                0.907546341419,
                0.379239290953,
                0.213722720742,
                0.0276274066418,
                0.00266784220003,
                0.000145307451021
            ],
            "dvar": [
                0.0398607328534,
                14.1273269653,
                170.576461792,
                276.640808105,
                126.411636353,
                125.552001953,
                191.825958252,
                236.849243164,
                1674.4465332,
                3895.49169922,
                4699.99609375,
                2121.83007813,
                1686.9473877,
                3474.75732422,
                1155.08032227,
                2695.40600586,
                2224.8449707,
                2397.58666992,
                2757.37890625,
                2390.08251953,
                1039.09106445,
                868.259521484,
                508.813964844,
                497.724853516,
                268.111663818,
                97.5377044678,
                46.3589744568,
                341.697113037,
                1145.39147949,
                458.434020996,
                155.842773438,
                179.474838257,
                67.7670974731,
                16.6483078003,
                2.9010579586,
                0.489331424236,
                0.249017491937,
                0.00393670937046,
                3.17646627082e-05,
                9.71273408368e-08
            ],
            "dvar2": [
                0.0844035297632,
                39.7549858093,
                466.191223145,
                789.270751953,
                326.092956543,
                304.61315918,
                447.000427246,
                503.99230957,
                3649.62548828,
                8133.77197266,
                9337.94628906,
                3878.50366211,
                3510.99536133,
                7060.22460938,
                2417.67797852,
                6376.71972656,
                4988.36962891,
                5436.96337891,
                5529.41552734,
                4480.06103516,
                2272.5324707,
                1922.44909668,
                1125.57568359,
                1052.72497559,
                633.343444824,
                255.647796631,
                110.196052551,
                774.38684082,
                2426.80615234,
                820.561523438,
                313.237457275,
                355.505218506,
                137.284454346,
                34.533870697,
                6.36372232437,
                1.07718896866,
                0.644618630409,
                0.00984064396471,
                7.57635352784e-05,
                2.38526496332e-07
            ],
            "max": [
                2.57647562027,
                38.0963172913,
                122.01688385,
                185.059005737,
                161.619995117,
                189.914993286,
                303.33972168,
                396.595092773,
                810.187072754,
                1331.99230957,
                1303.89758301,
                1655.67468262,
                942.346862793,
                2101.25073242,
                1162.78540039,
                1137.90942383,
                1099.55859375,
                1252.48803711,
                1404.4017334,
                1217.79406738,
                842.074462891,
                484.902862549,
                462.530059814,
                464.808990479,
                304.962341309,
                298.137054443,
                150.174484253,
                755.16784668,
                1331.25439453,
                1012.75366211,
                335.864776611,
                380.585021973,
                227.210021973,
                89.8295516968,
                38.0643959045,
                18.6813602448,
                10.4539718628,
                1.26048588753,
                0.102389343083,
                0.00596671365201
            ],
            "mean": [
                0.123770624399,
                1.58165037632,
                5.2255449295,
                5.83772230148,
                9.51565933228,
                10.3734674454,
                10.3927087784,
                12.2001590729,
                35.9487838745,
                64.4027709961,
                52.4872093201,
                31.5836009979,
                26.0737552643,
                33.5487480164,
                19.5151290894,
                26.8956546783,
                25.1200466156,
                24.4241161346,
                25.3391151428,
                26.8450374603,
                20.2378253937,
                23.8889865875,
                17.1441020966,
                15.9085531235,
                9.70133686066,
                3.32702445984,
                2.52285432816,
                2.99093461037,
                5.38968658447,
                6.14514923096,
                5.17690324783,
                4.88970041275,
                3.11621904373,
                1.49758768082,
                0.654056489468,
                0.262064963579,
                0.136226654053,
                0.0157813932747,
                0.00148778350558,
                0.000107918276626
            ],
            "median": [
                0.0200165212154,
                0.60999751091,
                1.81586551666,
                2.72919940948,
                4.58725166321,
                4.91034984589,
                3.47224712372,
                3.72613620758,
                7.7912197113,
                7.19921827316,
                7.32560062408,
                4.67651367188,
                5.0625743866,
                3.79784345627,
                3.96735811234,
                3.51112580299,
                2.72445368767,
                2.20610380173,
                2.85328626633,
                3.27618026733,
                5.05617237091,
                6.14439678192,
                4.3930273056,
                3.8447227478,
                2.38149690628,
                0.59140342474,
                0.426238000393,
                0.35256332159,
                0.57596051693,
                1.06339716911,
                0.98388338089,
                0.717719554901,
                0.446403592825,
                0.222211629152,
                0.0862979143858,
                0.0363872274756,
                0.0114276409149,
                0.001224641921,
                0.000111325622129,
                4.14769929193e-05
            ],
            "min": [
                3.11791372109e-23,
                4.81996600554e-23,
                5.26655303819e-22,
                2.7695992061e-21,
                4.12482538568e-21,
                1.73879600925e-20,
                7.96382028785e-21,
                4.55626881836e-20,
                8.02628664126e-20,
                1.45317707071e-19,
                1.50258288848e-19,
                3.1486324994e-19,
                2.99496095315e-19,
                5.11337825672e-19,
                6.27117262035e-19,
                1.02442586212e-18,
                1.14135270139e-18,
                1.30539212944e-18,
                2.15887212239e-18,
                2.56938945269e-18,
                3.37931404369e-18,
                3.43225773879e-18,
                3.07027192221e-18,
                5.53533384053e-18,
                6.19484287496e-18,
                6.92251738214e-18,
                7.72980595532e-18,
                8.65368563584e-18,
                9.86893555123e-18,
                9.43519264369e-18,
                9.70323059502e-18,
                9.0516612537e-18,
                8.31927802088e-18,
                6.33201961262e-18,
                5.46908411809e-18,
                3.78719804451e-18,
                1.96113790568e-18,
                8.44754323161e-19,
                2.1267251696e-19,
                2.50876205748e-20
            ],
            "var": [
                0.0575233697891,
                11.0167150497,
                131.502426147,
                181.972290039,
                185.829818726,
                277.63961792,
                411.845550537,
                622.245727539,
                5321.50146484,
                17140.2988281,
                13445.7519531,
                9590.80761719,
                3908.01635742,
                10726.0800781,
                3001.57446289,
                5178.18408203,
                4335.94775391,
                4740.15087891,
                6739.25341797,
                6360.01220703,
                2170.59301758,
                2099.91772461,
                1082.22692871,
                1000.28674316,
                427.836791992,
                105.295692444,
                58.5256881714,
                366.948699951,
                1404.28674316,
                852.466125488,
                320.687805176,
                384.081512451,
                134.426528931,
                26.4332103729,
                4.34956645966,
                0.719780266285,
                0.261653244495,
                0.00366520718671,
                3.09776842187e-05,
                9.39306588066e-08
            ]
        },
        "erbbands_crest": {
            "dmean": 2.81375741959,
            "dmean2": 4.41072273254,
            "dvar": 7.81020307541,
            "dvar2": 18.2682704926,
            "max": 31.8958740234,
            "mean": 10.6380910873,
            "median": 9.54551029205,
            "min": 2.49475336075,
            "var": 28.0017852783
        },
        "erbbands_flatness_db": {
            "dmean": 0.0233083311468,
            "dmean2": 0.0318602509797,
            "dvar": 0.000561601482332,
            "dvar2": 0.000982459634542,
            "max": 0.363475471735,
            "mean": 0.159446507692,
            "median": 0.156753137708,
            "min": 0.0446650311351,
            "var": 0.00298253656365
        },
        "erbbands_kurtosis": {
            "dmean": 1.65415215492,
            "dmean2": 2.52543902397,
            "dvar": 8.93666553497,
            "dvar2": 18.9110965729,
            "max": 100.573814392,
            "mean": 1.84633719921,
            "median": 0.45280867815,
            "min": -1.84282946587,
            "var": 20.7184715271
        },
        "erbbands_skewness": {
            "dmean": 0.474784880877,
            "dmean2": 0.699205696583,
            "dvar": 0.289904475212,
            "dvar2": 0.58106559515,
            "max": 9.23836040497,
            "mean": 0.624438226223,
            "median": 0.644195735455,
            "min": -4.57751131058,
            "var": 1.32485902309
        },
        "erbbands_spread": {
            "dmean": 11.8326387405,
            "dmean2": 17.7447814941,
            "dvar": 249.174713135,
            "dvar2": 562.642883301,
            "max": 178.850494385,
            "mean": 40.2690048218,
            "median": 34.7573852539,
            "min": 2.5330991745,
            "var": 665.373413086
        },
        "gfcc": {
            "cov": [
                [
                    68940.546875,
                    4519.94970703,
                    -5827.99072266,
                    919.34552002,
                    -3031.77514648,
                    865.32421875,
                    -2468.19799805,
                    1249.27709961,
                    -747.526184082,
                    -240.868469238,
                    -562.133361816,
                    210.205947876,
                    -1462.03125
                ],
                [
                    4519.94970703,
                    2139.27148438,
                    -684.964294434,
                    -256.38848877,
                    -112.775680542,
                    -85.4628982544,
                    -151.578140259,
                    128.679992676,
                    55.3292312622,
                    -171.383712769,
                    63.0672683716,
                    -16.9107933044,
                    -90.3518600464
                ],
                [
                    -5827.99072266,
                    -684.964294434,
                    1434.45581055,
                    273.545837402,
                    208.110153198,
                    86.4523620605,
                    321.273803711,
                    -136.925262451,
                    -15.972869873,
                    135.366760254,
                    11.3025817871,
                    40.7621421814,
                    182.779388428
                ],
                [
                    919.34552002,
                    -256.38848877,
                    273.545837402,
                    684.880249023,
                    104.289306641,
                    87.3762893677,
                    -40.4591522217,
                    -65.3766784668,
                    -26.1122169495,
                    86.1759262085,
                    -54.4644203186,
                    -24.618019104,
                    70.2449798584
                ],
                [
                    -3031.77514648,
                    -112.775680542,
                    208.110153198,
                    104.289306641,
                    490.303833008,
                    59.6858291626,
                    149.277481079,
                    -38.5994186401,
                    101.105361938,
                    67.1115875244,
                    33.9274024963,
                    -18.0508060455,
                    82.8391113281
                ],
                [
                    865.32421875,
                    -85.4628982544,
                    86.4523620605,
                    87.3762893677,
                    59.6858291626,
                    286.259246826,
                    106.266159058,
                    25.7170619965,
                    -10.5855636597,
                    61.5274543762,
                    6.12795257568,
                    22.8717308044,
                    -8.07453536987
                ],
                [
                    -2468.19799805,
                    -151.578140259,
                    321.273803711,
                    -40.4591522217,
                    149.277481079,
                    106.266159058,
                    397.951660156,
                    60.3174095154,
                    15.4245634079,
                    47.82081604,
                    63.7581825256,
                    11.4590806961,
                    46.3110046387
                ],
                [
                    1249.27709961,
                    128.679992676,
                    -136.925262451,
                    -65.3766784668,
                    -38.5994186401,
                    25.7170619965,
                    60.3174095154,
                    201.657333374,
                    48.3101081848,
                    -3.37409090996,
                    31.3022956848,
                    17.2947635651,
                    -52.8133201599
                ],
                [
                    -747.526184082,
                    55.3292312622,
                    -15.972869873,
                    -26.1122169495,
                    101.105361938,
                    -10.5855636597,
                    15.4245634079,
                    48.3101081848,
                    186.297439575,
                    48.9717254639,
                    27.373336792,
                    9.95180988312,
                    9.10014629364
                ],
                [
                    -240.868469238,
                    -171.383712769,
                    135.366760254,
                    86.1759262085,
                    67.1115875244,
                    61.5274543762,
                    47.82081604,
                    -3.37409090996,
                    48.9717254639,
                    157.198410034,
                    43.8657608032,
                    0.614474415779,
                    -1.51042318344
                ],
                [
                    -562.133361816,
                    63.0672683716,
                    11.3025817871,
                    -54.4644203186,
                    33.9274024963,
                    6.12795257568,
                    63.7581825256,
                    31.3022956848,
                    27.373336792,
                    43.8657608032,
                    147.945892334,
                    27.4509658813,
                    -33.4748687744
                ],
                [
                    210.205947876,
                    -16.9107933044,
                    40.7621421814,
                    -24.618019104,
                    -18.0508060455,
                    22.8717308044,
                    11.4590806961,
                    17.2947635651,
                    9.95180988312,
                    0.614474415779,
                    27.4509658813,
                    106.935325623,
                    9.31380844116
                ],
                [
                    -1462.03125,
                    -90.3518600464,
                    182.779388428,
                    70.2449798584,
                    82.8391113281,
                    -8.07453536987,
                    46.3110046387,
                    -52.8133201599,
                    9.10014629364,
                    -1.51042318344,
                    -33.4748687744,
                    9.31380844116,
                    160.241073608
                ]
            ],
            "icov": [
                [
                    0.000117479459732,
                    -0.000182163654245,
                    0.000299242237816,
                    -0.000313449563691,
                    0.000380821118597,
                    -0.000410109059885,
                    0.00037192075979,
                    -0.000561463763006,
                    0.00045845421846,
                    -0.000509662379045,
                    0.000502720824443,
                    -0.000442732038209,
                    0.000355076772394
                ],
                [
                    -0.000182163654245,
                    0.000909133814275,
                    -0.000282077380689,
                    0.000525081995875,
                    -0.000559477775823,
                    0.000535980798304,
                    -0.000425559002906,
                    0.000692856847309,
                    -0.000982812722214,
                    0.00150060781743,
                    -0.00130362249911,
                    0.000928536872379,
                    -0.000646621978376
                ],
                [
                    0.000299242237816,
                    -0.000282077380689,
                    0.00205533276312,
                    -0.00115615897812,
                    0.00104811275378,
                    -0.000815663195681,
                    -0.000137495837407,
                    -0.000620726495981,
                    0.00121501914691,
                    -0.00183188996743,
                    0.0013541597873,
                    -0.00169057841413,
                    0.000280724168988
                ],
                [
                    -0.000313449563691,
                    0.000525081995875,
                    -0.00115615897812,
                    0.00289120455272,
                    -0.00144856877159,
                    0.000529957353137,
                    -3.30606053467e-05,
                    0.00113406579476,
                    -0.000558470666874,
                    0.000336062948918,
                    -0.000844686874188,
                    0.00167333427817,
                    -0.00159241619986
                ],
                [
                    0.000380821118597,
                    -0.000559477775823,
                    0.00104811275378,
                    -0.00144856877159,
                    0.00445086415857,
                    -0.0017721534241,
                    0.000106824438262,
                    -0.000662904407363,
                    -0.000495112268254,
                    -0.00147877074778,
                    0.000891452247743,
                    -0.000534821476322,
                    0.00019050060655
                ],
                [
                    -0.000410109059885,
                    0.000535980798304,
                    -0.000815663195681,
                    0.000529957353137,
                    -0.0017721534241,
                    0.006238412112,
                    -0.00273859477602,
                    0.00164900429081,
                    -0.000564386427868,
                    -0.000153748478624,
                    -0.000433950510342,
                    -9.79459946393e-05,
                    -0.000230426958296
                ],
                [
                    0.00037192075979,
                    -0.000425559002906,
                    -0.000137495837407,
                    -3.30606053467e-05,
                    0.000106824438262,
                    -0.00273859477602,
                    0.00623314548284,
                    -0.00424388889223,
                    0.00239412556402,
                    -0.00143150181975,
                    -0.000121447825222,
                    -0.000295083678793,
                    -0.000226296062465
                ],
                [
                    -0.000561463763006,
                    0.000692856847309,
                    -0.000620726495981,
                    0.00113406579476,
                    -0.000662904407363,
                    0.00164900429081,
                    -0.00424388889223,
                    0.0104419849813,
                    -0.00479259109125,
                    0.00312897819094,
                    -0.0024240007624,
                    0.00103581871372,
                    0.000307722541038
                ],
                [
                    0.00045845421846,
                    -0.000982812722214,
                    0.00121501914691,
                    -0.000558470666874,
                    -0.000495112268254,
                    -0.000564386427868,
                    0.00239412556402,
                    -0.00479259109125,
                    0.0099646775052,
                    -0.00523339770734,
                    0.00227799499407,
                    -0.00261443387717,
                    0.000456290639704
                ],
                [
                    -0.000509662379045,
                    0.00150060781743,
                    -0.00183188996743,
                    0.000336062948918,
                    -0.00147877074778,
                    -0.000153748478624,
                    -0.00143150181975,
                    0.00312897819094,
                    -0.00523339770734,
                    0.0129948267713,
                    -0.0056611248292,
                    0.00336492457427,
                    -0.000618588819634
                ],
                [
                    0.000502720824443,
                    -0.00130362249911,
                    0.0013541597873,
                    -0.000844686874188,
                    0.000891452247743,
                    -0.000433950510342,
                    -0.000121447825222,
                    -0.0024240007624,
                    0.00227799499407,
                    -0.0056611248292,
                    0.012293365784,
                    -0.00494936527684,
                    0.00410394510254
                ],
                [
                    -0.000442732038209,
                    0.000928536872379,
                    -0.00169057841413,
                    0.00167333427817,
                    -0.000534821476322,
                    -9.79459946393e-05,
                    -0.000295083678793,
                    0.00103581871372,
                    -0.00261443387717,
                    0.00336492457427,
                    -0.00494936527684,
                    0.0129688605666,
                    -0.00323040899821
                ],
                [
                    0.000355076772394,
                    -0.000646621978376,
                    0.000280724168988,
                    -0.00159241619986,
                    0.00019050060655,
                    -0.000230426958296,
                    -0.000226296062465,
                    0.000307722541038,
                    0.000456290639704,
                    -0.000618588819634,
                    0.00410394510254,
                    -0.00323040899821,
                    0.0105636380613
                ]
            ],
            "mean": [
                -81.8526687622,
                85.4998168945,
                -85.0113372803,
                24.8070049286,
                -51.2618904114,
                13.9501819611,
                -45.3441581726,
                12.9169797897,
                -17.6736698151,
                -7.4358754158,
                -13.8823070526,
                -0.277650356293,
                -19.0717563629
            ]
        },
        "hfc": {
            "dmean": 8.6088514328,
            "dmean2": 11.9731836319,
            "dvar": 288.172210693,
            "dvar2": 550.499572754,
            "max": 357.400695801,
            "mean": 21.2468070984,
            "median": 14.9304847717,
            "min": 1.05597188784e-16,
            "var": 705.082763672
        },
        "melbands": {
            "dmean": [
                0.000938510231208,
                0.0021664199885,
                0.000941538019106,
                0.000422883575084,
                0.000205985314096,
                0.00015326438006,
                0.00027344407863,
                0.00028010996175,
                0.000209150981391,
                8.62459710333e-05,
                7.31976469979e-05,
                7.33963534003e-05,
                4.52130079793e-05,
                3.86022766179e-05,
                4.09124259022e-05,
                3.89891174564e-05,
                2.90725056402e-05,
                2.58896743617e-05,
                2.08867368201e-05,
                1.91745457414e-05,
                1.31154029077e-05,
                1.40406091305e-05,
                1.40925449159e-05,
                7.22417371435e-06,
                8.72803957463e-06,
                6.96349525242e-06,
                3.24083362102e-06,
