{
    "lowlevel": {
        "average_loudness": 0.920655250549,
        "barkbands": {
            "dmean": [
                0.000237153668422,
                0.00845049135387,
                0.00509259290993,
                0.00300551461987,
                0.00303285662085,
                0.00103093660437,
                0.000378127704607,
                0.000390484026866,
                0.000654524774291,
                0.000436083239038,
                0.000337066303473,
                0.00030913259252,
                0.000238943699514,
                0.0002833835606,
                0.000425170612289,
                0.000363358150935,
                0.000343420804711,
                0.000356140837539,
                0.000193407482584,
                0.000226613745326,
                0.000162432988873,
                0.000155244197231,
                0.000214310901356,
                0.000175982277142,
                0.000186891003978,
                9.48669985519e-05,
                1.96065957425e-05
            ],
            "dmean2": [
                0.00036019840627,
                0.0133416783065,
                0.00855391379446,
                0.00548091717064,
                0.00560476165265,
                0.00164892664179,
                0.000598598620854,
                0.000641793012619,
                0.00102595298085,
                0.000680107565131,
                0.000592756317928,
                0.000536960433237,
                0.00038981801481,
                0.000449472136097,
                0.000669910572469,
                0.000596010126173,
                0.000562675122637,
                0.00059706257889,
                0.000332702940796,
                0.00038991990732,
                0.000270662218099,
                0.000259841908701,
                0.000332253926899,
                0.000272110599326,
                0.000295385223581,
                0.000151279193233,
                3.33399038936e-05
            ],
            "dvar": [
                1.7804636343e-07,
                0.000226649543038,
                0.000196790424525,
                9.17053985177e-05,
                8.06831303635e-05,
                4.85540385853e-06,
                9.02503529687e-07,
                8.69183509167e-07,
                1.70139117017e-06,
                1.24615735331e-06,
                8.07421542959e-07,
                3.52583441554e-07,
                2.83032107973e-07,
                3.97903562543e-07,
                6.27950896614e-07,
                6.07458787272e-07,
                5.31306739049e-07,
                4.92093249704e-07,
                1.31641101575e-07,
                1.88048701943e-07,
                8.74711929555e-08,
                6.37479899979e-08,
                1.30995331915e-07,
                7.64508882867e-08,
                1.2662465565e-07,
                4.69675178749e-08,
                1.59410551426e-09
            ],
            "dvar2": [
                3.84345014481e-07,
                0.000479519570945,
                0.000512338650879,
                0.000260733155301,
                0.000234521488892,
                1.08595422716e-05,
                2.1977657525e-06,
                2.02625369639e-06,
                3.91325738747e-06,
                2.7008068173e-06,
                2.15465411202e-06,
                9.65763547356e-07,
                6.90083936661e-07,
                8.75729597283e-07,
                1.41041471124e-06,
                1.47597745581e-06,
                1.21767368455e-06,
                1.27196801714e-06,
                3.60714381031e-07,
                5.24089045939e-07,
                2.23655476361e-07,
                1.69223483226e-07,
                3.12751723186e-07,
                1.70552738155e-07,
                3.13555972298e-07,
                1.19235750162e-07,
                4.39135838803e-09
            ],
            "max": [
                0.00435603410006,
                0.127884015441,
                0.10479208827,
                0.0733802318573,
                0.0892378240824,
                0.03961500898,
                0.0295054167509,
                0.0310479812324,
                0.0343960821629,
                0.0321963950992,
                0.0227853395045,
                0.00861401855946,
                0.0134779494256,
                0.0129288649186,
                0.0147178992629,
                0.0154577028006,
                0.018021248281,
                0.0124511104077,
                0.00528344418854,
                0.00530528416857,
                0.00712153268978,
                0.00619695382193,
                0.00568816298619,
                0.0041700778529,
                0.0038788607344,
                0.00286391563714,
                0.000394101371057
            ],
            "mean": [
                0.00036876075319,
                0.01436254289,
                0.00489298347384,
                0.00221870816313,
                0.00270416587591,
                0.00151674379595,
                0.000509674602654,
                0.000547914882191,
                0.00108886440285,
                0.000800775771495,
                0.000379094097298,
                0.000378984317649,
                0.000374217459466,
                0.000409783999203,
                0.000706905557308,
                0.000495049229357,
                0.000528901524376,
                0.000520420260727,
                0.000288577924948,
                0.000331559480401,
                0.000264834146947,
                0.000271727883955,
                0.00038591781049,
                0.000327719171764,
                0.000285510061076,
                0.00014082720736,
                3.31082592311e-05
            ],
            "median": [
                4.16789771407e-05,
                0.00436943536624,
                0.000883765227627,
                0.000270652351901,
                0.000743898155633,
                0.00045633740956,
                0.000125877879327,
                9.37264485401e-05,
                0.000319636659697,
                0.000162488911883,
                9.0182707936e-05,
                0.000154145134729,
                0.000153199740453,
                0.000137586714118,
                0.00027976281126,
                0.000191963234101,
                0.000193464235053,
                0.000202475624974,
                0.000167097517988,
                0.000178671092726,
                0.000148801598698,
                0.000162887299666,
                0.000203286879696,
                0.000180352639291,
                0.0001463197259,
                7.48909806134e-05,
                2.08231867873e-05
            ],
            "min": [
                2.79882051045e-24,
                7.20298242935e-24,
                1.86082623996e-24,
                2.42991917445e-24,
                2.70278198061e-23,
                2.50753717107e-23,
                1.19052529122e-23,
                1.295069556e-23,
                3.08560639603e-23,
                2.12177424877e-23,
                3.13856389078e-23,
                2.96548149729e-23,
                5.17423870491e-23,
                8.21771235554e-23,
                7.16444483864e-23,
                1.07517184921e-22,
                1.13525023357e-22,
                1.08387380541e-22,
                2.69361743637e-22,
                2.69674536452e-22,
                4.14253252359e-22,
                4.22205677103e-22,
                4.79760817287e-22,
                6.59858241577e-22,
                9.84632402474e-22,
                1.61697512519e-21,
                2.25353907416e-21
            ],
            "var": [
                3.68444176502e-07,
                0.000531159515958,
                0.000153405620949,
                5.52289020561e-05,
                4.77320172649e-05,
                9.36314881983e-06,
                1.38263351346e-06,
                2.38218080995e-06,
                5.01390104546e-06,
                5.15077181262e-06,
                1.02516560219e-06,
                3.98995751993e-07,
                5.66671474189e-07,
                7.71392194565e-07,
                1.40609017762e-06,
                9.39856704463e-07,
                1.29123327497e-06,
                7.38528115107e-07,
                1.50179175762e-07,
                2.08682848779e-07,
                1.5118304475e-07,
                1.14872541701e-07,
                2.86548868189e-07,
                1.86962594739e-07,
                1.62318144703e-07,
                4.98241661262e-08,
                1.82318504738e-09
            ]
        },
        "barkbands_crest": {
            "dmean": 3.24905228615,
            "dmean2": 5.19008684158,
            "dvar": 10.6269865036,
            "dvar2": 25.6802444458,
            "max": 26.3883953094,
            "mean": 12.0280342102,
            "median": 10.5631685257,
            "min": 2.05472540855,
            "var": 37.3175315857
        },
        "barkbands_flatness_db": {
            "dmean": 0.0333054661751,
            "dmean2": 0.0532565899193,
            "dvar": 0.00177758233622,
            "dvar2": 0.00412963563576,
            "max": 0.765476405621,
            "mean": 0.125758424401,
            "median": 0.104071252048,
            "min": 0.0165931861848,
            "var": 0.00646888185292
        },
        "barkbands_kurtosis": {
            "dmean": 12.2404632568,
            "dmean2": 20.0078716278,
            "dvar": 4269.69628906,
            "dvar2": 10872.3203125,
            "max": 2470.25048828,
            "mean": 14.3950242996,
            "median": 1.24424505234,
            "min": -1.93531394005,
            "var": 5375.12597656
        },
        "barkbands_skewness": {
            "dmean": 1.02757453918,
            "dmean2": 1.60162305832,
            "dvar": 2.80276918411,
            "dvar2": 6.53103208542,
            "max": 36.5479240417,
            "mean": 2.04190039635,
            "median": 1.38371443748,
            "min": -6.35954523087,
            "var": 7.47365665436
        },
        "barkbands_spread": {
            "dmean": 9.65201854706,
            "dmean2": 15.3331880569,
            "dvar": 137.768035889,
            "dvar2": 312.240783691,
            "max": 119.243507385,
            "mean": 31.7648544312,
            "median": 29.474943161,
            "min": 0.0396809801459,
            "var": 363.565460205
        },
        "dissonance": {
            "dmean": 0.0153951011598,
            "dmean2": 0.0256719440222,
            "dvar": 0.000288925191853,
            "dvar2": 0.000747090671211,
            "max": 0.500000178814,
            "mean": 0.47282615304,
            "median": 0.479504793882,
            "min": 0.291924417019,
            "var": 0.000593527336605
        },
        "dynamic_complexity": 2.74299860001,
        "erbbands": {
            "dmean": [
                0.272729665041,
                1.93328511715,
                5.09020471573,
                8.1405582428,
                10.6680517197,
                9.51420497894,
                8.77399539948,
                8.25141906738,
                5.63510417938,
                5.32570171356,
                10.6527376175,
                14.4290304184,
                12.8577728271,
                15.0396442413,
                13.5687818527,
                11.9646081924,
                10.2384719849,
                12.644982338,
                18.6115837097,
                19.4729480743,
                20.781288147,
                15.8531293869,
                17.9786815643,
                12.7477655411,
                10.7639169693,
                10.159157753,
                7.52225446701,
                5.8336815834,
                5.44672107697,
                6.41303920746,
                6.0007147789,
                4.10584211349,
                2.87321782112,
                2.08425354958,
                1.37655866146,
                0.531575858593,
                0.146329343319,
                0.0271161869168,
                0.00330938398838,
                0.000160501978826
            ],
            "dmean2": [
                0.383397847414,
                3.01343369484,
                7.88604974747,
                14.2922267914,
                20.0415878296,
                17.2912063599,
                14.5026769638,
                13.1515226364,
                9.07490825653,
                8.54008197784,
                17.4057998657,
                22.825466156,
                20.058380127,
                23.5129375458,
                23.9634208679,
                20.8308906555,
                16.7285995483,
                20.4189128876,
                29.4511089325,
                30.9557037354,
                33.3425979614,
                26.2934303284,
                29.7885665894,
                21.8230895996,
                18.8818359375,
                17.1760292053,
                12.7186603546,
                9.70750999451,
                9.16664791107,
                10.2230501175,
                9.45362949371,
                6.39972686768,
                4.48676538467,
                3.28770232201,
                2.21218705177,
                0.845220565796,
                0.231692880392,
                0.0446966663003,
                0.00557551067322,
                0.000259071384789
            ],
            "dvar": [
                0.253619432449,
                11.8010673523,
                144.849319458,
                580.814941406,
                1391.52185059,
                630.70098877,
                308.268432617,
                429.596893311,
                212.105621338,
                145.216552734,
                629.631286621,
                972.35736084,
                947.953857422,
                1287.29821777,
                1128.33789062,
                562.198913574,
                501.231384277,
                771.090393066,
                1114.76037598,
                1646.66162109,
                2012.24084473,
                1024.10583496,
                1257.52111816,
                604.573303223,
                517.627868652,
                330.412719727,
                189.864746094,
                109.785995483,
                74.7691574097,
                110.910057068,
                105.210296631,
                42.205116272,
                22.4858856201,
                13.6157798767,
                8.40436077118,
                1.40384876728,
                0.106863886118,
                0.00339448056184,
                4.28785278928e-05,
                8.43639114123e-08
            ],
            "dvar2": [
                0.501731932163,
                23.9514732361,
                341.394165039,
                1586.29968262,
                4025.59472656,
                1819.90710449,
                743.817932129,
                953.066894531,
                533.979980469,
                340.301055908,
                1473.25842285,
                2295.06787109,
                2085.06640625,
                2636.73950195,
                3143.96923828,
                1539.96557617,
                1188.93908691,
                1813.35131836,
                2519.5246582,
                3802.27783203,
                4628.71923828,
                2535.37084961,
                3194.01391602,
                1646.07019043,
                1455.83679199,
                891.113098145,
                504.383331299,
                265.288116455,
                198.36769104,
                275.144989014,
                255.811782837,
                96.8748931885,
                49.9348487854,
                32.4935150146,
                21.6100025177,
                3.51536750793,
                0.268094867468,
                0.00904395896941,
                0.000117435651191,
                2.1770452463e-07
            ],
            "max": [
                5.03593111038,
                29.4674129486,
                100.807312012,
                181.487319946,
                314.919342041,
                300.611938477,
                321.899749756,
                463.581817627,
                447.77255249,
                310.623260498,
                851.276245117,
                869.894775391,
                976.028503418,
                1104.23022461,
                541.260192871,
                404.112762451,
                634.84362793,
                756.572753906,
                758.139892578,
                649.140441895,
                871.613769531,
                681.285644531,
                590.80682373,
                479.154144287,
                250.131088257,
                274.854492188,
                233.11328125,
                351.424346924,
                214.614486694,
                131.577819824,
                161.784713745,
                95.5892181396,
                84.5015563965,
                47.4508171082,
                28.6135864258,
                11.3468437195,
                5.87707853317,
                0.884252846241,
                0.0762926638126,
                0.00374632282183
            ],
            "mean": [
                0.435750633478,
                3.12219977379,
                5.97581672668,
                6.98989677429,
                7.4036564827,
                9.46535778046,
                12.0932369232,
                11.6974983215,
                7.78550577164,
                7.47355890274,
                15.9752883911,
                23.0915355682,
                22.1924800873,
                27.7795734406,
                17.0018138885,
                15.369562149,
                16.9381408691,
                19.6165046692,
                32.0615386963,
                31.0859298706,
                31.6348648071,
                26.1285400391,
                28.4833507538,
                19.8614196777,
                15.0655431747,
                15.9127988815,
                11.9376897812,
                9.47665023804,
                9.3168296814,
                11.486035347,
                10.7685813904,
                7.47646808624,
                5.19500780106,
                3.39456534386,
                1.92193031311,
                0.767358124256,
                0.225102052093,
                0.0435190759599,
                0.00576979899779,
                0.000334109150572
            ],
            "median": [
                0.105791933835,
                0.880297243595,
                1.53879952431,
                1.21590459347,
                1.27145123482,
                2.48359894753,
                4.14758348465,
                3.10031104088,
                2.21818590164,
                2.52291464806,
                3.74564146996,
                7.2882604599,
                7.45282125473,
                6.34527873993,
                6.54185819626,
                6.83444309235,
                7.3893456459,
                8.38549518585,
                15.0347623825,
                12.7865381241,
                12.1154651642,
                11.1939096451,
                12.1664180756,
                10.3327531815,
                8.5303440094,
                8.64637851715,
                6.59168672562,
                5.37602186203,
                5.57233285904,
                6.2730922699,
                5.72022008896,
                3.95246434212,
                2.82816767693,
                1.77222836018,
                0.934414625168,
                0.38271009922,
                0.123788811266,
                0.0249770116061,
                0.00382226938382,
                0.000234898951021
            ],
            "min": [
                4.15257516468e-22,
                4.51733662175e-22,
                2.96447455736e-21,
                7.64099366675e-21,
                5.01549590688e-20,
                9.12583973495e-20,
                1.44147168956e-19,
                2.9270734648e-19,
                2.58363789723e-19,
                1.44027861077e-19,
                3.0224481649e-19,
                7.71948522282e-19,
                7.07563058148e-19,
                8.16712952094e-19,
                1.83190437665e-18,
                1.15163941609e-18,
                2.5876457424e-18,
                4.2615096116e-18,
                5.44829169262e-18,
                7.38301544659e-18,
                3.94532561272e-18,
                7.3287060763e-18,
                7.47999079289e-18,
                8.33714512212e-18,
                1.37695363354e-17,
                1.07796787764e-17,
                1.20055496909e-17,
                1.57717352799e-17,
                1.5375366874e-17,
                1.25270374363e-17,
                1.46831126542e-17,
                1.30750371475e-17,
                1.22743916618e-17,
                8.60473391437e-18,
                7.90069733397e-18,
                5.51493804816e-18,
                2.93408821488e-18,
                1.23177512287e-18,
                2.89512361364e-19,
                2.9641371016e-20
            ],
            "var": [
                0.592767357826,
                26.3964519501,
                156.354660034,
                396.351623535,
                773.078979492,
                425.460968018,
                523.620544434,
                770.743103027,
                308.173370361,
                255.005081177,
                1767.06933594,
                2314.65063477,
                2585.52416992,
                5725.46191406,
                1215.75524902,
                631.150756836,
                1142.17590332,
                1265.95581055,
                2469.9206543,
                2931.12402344,
                4079.14233398,
                2105.37963867,
                1988.11682129,
                769.487976074,
                472.42956543,
                455.835906982,
                281.649841309,
                201.700363159,
                136.739044189,
                225.219894409,
                222.199401855,
                100.265396118,
                50.8958015442,
                21.5582256317,
                8.79426670074,
                1.49507176876,
                0.12277046591,
                0.00392971979454,
                5.03881419718e-05,
                1.36110770654e-07
            ]
        },
        "erbbands_crest": {
            "dmean": 2.72623085976,
            "dmean2": 4.37371492386,
            "dvar": 7.23852205276,
            "dvar2": 17.5426216125,
            "max": 30.5438499451,
            "mean": 8.5941734314,
            "median": 7.25917482376,
            "min": 2.24799704552,
            "var": 21.2242336273
        },
        "erbbands_flatness_db": {
            "dmean": 0.0177164319903,
            "dmean2": 0.0262363478541,
            "dvar": 0.000487326149596,
            "dvar2": 0.0010210131295,
            "max": 0.477410584688,
            "mean": 0.120462939143,
            "median": 0.109493292868,
            "min": 0.0363117270172,
            "var": 0.00204765447415
        },
        "erbbands_kurtosis": {
            "dmean": 1.53857851028,
            "dmean2": 2.41504645348,
            "dvar": 41.4061431885,
            "dvar2": 111.407501221,
            "max": 246.185714722,
            "mean": 1.18243479729,
            "median": -0.0726156234741,
            "min": -1.87503874302,
            "var": 55.046245575
        },
        "erbbands_skewness": {
            "dmean": 0.450796991587,
            "dmean2": 0.687592983246,
            "dvar": 0.401729911566,
            "dvar2": 0.927611172199,
            "max": 13.7185583115,
            "mean": 0.063371732831,
            "median": 0.0108725307509,
            "min": -4.79024887085,
            "var": 1.16478657722
        },
        "erbbands_spread": {
            "dmean": 12.5814676285,
            "dmean2": 19.1043434143,
            "dvar": 196.602233887,
            "dvar2": 446.477325439,
            "max": 173.207748413,
            "mean": 49.215171814,
            "median": 45.7669830322,
            "min": 1.00523793697,
            "var": 547.830810547
        },
        "gfcc": {
            "cov": [
                [
                    11421.7236328,
                    -388.038696289,
                    -542.981140137,
                    -275.894470215,
                    -367.000335693,
                    -163.751739502,
                    -455.91394043,
                    95.92162323,
                    -280.166412354,
                    67.6623382568,
                    -289.359344482,
                    107.57131958,
                    -141.691696167
                ],
                [
                    -388.038696289,
                    1164.74035645,
                    410.531738281,
                    131.915725708,
                    331.177093506,
                    185.676132202,
                    275.384613037,
                    34.661529541,
                    41.7166748047,
                    -15.2867183685,
                    34.4380569458,
                    -69.4879760742,
                    -11.2797651291
                ],
                [
                    -542.981140137,
                    410.531738281,
                    1124.36816406,
                    558.908508301,
                    341.934265137,
                    236.079483032,
                    179.298904419,
                    -61.5439796448,
                    -21.8728904724,
                    -32.3303222656,
                    12.7121257782,
                    -41.9529418945,
                    -49.749080658
                ],
                [
                    -275.894470215,
                    131.915725708,
                    558.908508301,
                    708.03314209,
                    358.024780273,
                    270.962097168,
                    141.208007812,
                    48.5412788391,
                    63.7019386292,
                    18.8112716675,
                    62.224067688,
                    20.0390434265,
                    22.3777351379
                ],
                [
                    -367.000335693,
                    331.177093506,
                    341.934265137,
                    358.024780273,
                    528.413513184,
                    281.382751465,
                    226.971832275,
                    89.7024230957,
                    64.1835479736,
                    7.77582979202,
                    30.3529033661,
                    1.63192474842,
                    32.9652824402
                ],
                [
                    -163.751739502,
                    185.676132202,
                    236.079483032,
                    270.962097168,
                    281.382751465,
                    446.455322266,
                    288.631866455,
                    96.2600784302,
                    59.8416557312,
                    28.0672264099,
                    41.6069526672,
                    -15.4861478806,
                    12.7672147751
                ],
                [
                    -455.91394043,
                    275.384613037,
                    179.298904419,
                    141.208007812,
                    226.971832275,
                    288.631866455,
                    350.317260742,
                    81.4992523193,
                    47.4260826111,
                    17.8981590271,
                    48.7158203125,
                    -15.4169406891,
                    7.04965019226
                ],
                [
                    95.92162323,
                    34.661529541,
                    -61.5439796448,
                    48.5412788391,
                    89.7024230957,
                    96.2600784302,
                    81.4992523193,
                    189.94203186,
                    102.253242493,
                    39.4583091736,
                    1.63512122631,
                    15.6843719482,
                    21.6084022522
                ],
                [
                    -280.166412354,
                    41.7166748047,
                    -21.8728904724,
                    63.7019386292,
                    64.1835479736,
                    59.8416557312,
                    47.4260826111,
                    102.253242493,
                    180.961761475,
                    65.67527771,
                    36.3534393311,
                    23.600484848,
                    32.9449119568
                ],
                [
                    67.6623382568,
                    -15.2867183685,
                    -32.3303222656,
                    18.8112716675,
                    7.77582979202,
                    28.0672264099,
                    17.8981590271,
                    39.4583091736,
                    65.67527771,
                    102.425605774,
                    54.9903831482,
                    24.088136673,
                    7.09242534637
                ],
                [
                    -289.359344482,
                    34.4380569458,
                    12.7121257782,
                    62.224067688,
                    30.3529033661,
                    41.6069526672,
                    48.7158203125,
                    1.63512122631,
                    36.3534393311,
                    54.9903831482,
                    132.500198364,
                    55.1136398315,
                    26.3585033417
                ],
                [
                    107.57131958,
                    -69.4879760742,
                    -41.9529418945,
                    20.0390434265,
                    1.63192474842,
                    -15.4861478806,
                    -15.4169406891,
                    15.6843719482,
                    23.600484848,
                    24.088136673,
                    55.1136398315,
                    101.540313721,
                    48.8297271729
                ],
                [
                    -141.691696167,
                    -11.2797651291,
                    -49.749080658,
                    22.3777351379,
                    32.9652824402,
                    12.7672147751,
                    7.04965019226,
                    21.6084022522,
                    32.9449119568,
                    7.09242534637,
                    26.3585033417,
                    48.8297271729,
                    92.6800765991
                ]
            ],
            "icov": [
                [
                    0.00013043457875,
                    -7.90456178947e-05,
                    7.37115988159e-05,
                    -5.61697379453e-05,
                    7.05022393959e-05,
                    -0.000178369227797,
                    0.000226166259381,
                    -0.000166236306541,
                    0.00037897346192,
                    -0.000409671367379,
                    0.000510905287229,
                    -0.000528529926669,
                    0.000293767167022
                ],
                [
                    -7.90456178947e-05,
                    0.00144123553764,
                    -0.000530453689862,
                    0.000574660138227,
                    -0.000784378731623,
                    0.000568992923945,
                    -0.000897186808288,
                    1.52850352606e-05,
                    -0.00054112059297,
                    0.000664954481181,
                    -0.00108573783655,
                    0.00145842740312,
                    -0.000421776348958
                ],
                [
                    7.37115988159e-05,
                    -0.000530453689862,
                    0.00208324426785,
                    -0.00159678212367,
                    -8.13059086795e-05,
                    -7.66142838984e-05,
                    -0.00028289182228,
                    0.00114480266348,
                    0.000230792560615,
                    -0.000157641450642,
                    0.0010098881321,
                    -0.000716962560546,
                    0.00136655801907
                ],
                [
                    -5.61697379453e-05,
                    0.000574660138227,
                    -0.00159678212367,
                    0.00374216819182,
                    -0.00149435806088,
                    -0.00112285511568,
                    0.00110749376472,
                    -0.000460113747977,
                    -0.000695407856256,
                    0.000648597895633,
                    -0.0016920377966,
                    0.000347604684066,
                    -0.000571727345232
                ],
                [
                    7.05022393959e-05,
                    -0.000784378731623,
                    -8.13059086795e-05,
                    -0.00149435806088,
                    0.00443198019639,
                    -0.00099047110416,
                    -0.000718389695976,
                    -0.000795579166152,
                    0.000258314801613,
                    -5.17923472216e-05,
                    0.00108367449138,
                    -0.000784278614447,
                    -0.000853189325426
                ],
                [
                    -0.000178369227797,
                    0.000568992923945,
                    -7.66142838984e-05,
                    -0.00112285511568,
                    -0.00099047110416,
                    0.00657271873206,
                    -0.00459362007678,
                    -0.000537720450666,
                    -0.000223368318984,
                    -0.000256756757153,
                    -0.000661092926748,
                    0.00205019535497,
                    -0.000844912021421
                ],
                [
                    0.000226166259381,
                    -0.000897186808288,
                    -0.00028289182228,
                    0.00110749376472,
                    -0.000718389695976,
                    -0.00459362007678,
                    0.00831044465303,
                    -0.00180729932617,
                    0.000868147588335,
                    0.000278999214061,
                    -0.00167079316452,
                    -8.0900699686e-06,
                    0.000644373765681
                ],
                [
                    -0.000166236306541,
                    1.52850352606e-05,
                    0.00114480266348,
                    -0.000460113747977,
                    -0.000795579166152,
                    -0.000537720450666,
                    -0.00180729932617,
                    0.01013329532,
                    -0.00487372325733,
                    -0.000924629683141,
                    0.00293272524141,
                    -0.00159852695651,
                    0.000416606577346
                ],
                [
                    0.00037897346192,
                    -0.00054112059297,
                    0.000230792560615,
                    -0.000695407856256,
                    0.000258314801613,
                    -0.000223368318984,
                    0.000868147588335,
                    -0.00487372325733,
                    0.0113595481962,
                    -0.00589370168746,
                    0.000957013748121,
                    -0.000630932278,
                    -0.00171222572681
                ],
                [
                    -0.000409671367379,
                    0.000664954481181,
                    -0.000157641450642,
                    0.000648597895633,
                    -5.17923472216e-05,
                    -0.000256756757153,
                    0.000278999214061,
                    -0.000924629683141,
                    -0.00589370168746,
                    0.0180508363992,
                    -0.00822418369353,
                    0.00158753362484,
                    0.00167777983006
                ],
                [
                    0.000510905287229,
                    -0.00108573783655,
                    0.0010098881321,
                    -0.0016920377966,
                    0.00108367449138,
                    -0.000661092926748,
                    -0.00167079316452,
                    0.00293272524141,
                    0.000957013748121,
                    -0.00822418369353,
                    0.0170207899064,
                    -0.0094276862219,
                    0.00116402935237
                ],
                [
                    -0.000528529926669,
                    0.00145842740312,
                    -0.000716962560546,
                    0.000347604684066,
                    -0.000784278614447,
                    0.00205019535497,
                    -8.0900699686e-06,
                    -0.00159852695651,
                    -0.000630932278,
                    0.00158753362484,
                    -0.0094276862219,
                    0.0207752492279,
                    -0.00889112986624
                ],
                [
                    0.000293767167022,
                    -0.000421776348958,
                    0.00136655801907,
                    -0.000571727345232,
                    -0.000853189325426,
                    -0.000844912021421,
                    0.000644373765681,
                    0.000416606577346,
                    -0.00171222572681,
                    0.00167777983006,
                    0.00116402935237,
                    -0.00889112986624,
                    0.0171665027738
                ]
            ],
            "mean": [
                18.3109264374,
                37.084186554,
                -94.1633377075,
                34.0702362061,
                -45.7021865845,
                22.5100727081,
                -34.0332946777,
                12.6992921829,
                -19.7267513275,
                1.65417730808,
                -15.8946638107,
                3.36708569527,
                -8.30956840515
            ]
        },
        "hfc": {
            "dmean": 11.0320901871,
            "dmean2": 17.487663269,
            "dvar": 363.682037354,
            "dvar2": 963.906066895,
            "max": 183.83026123,
            "mean": 28.3337135315,
            "median": 23.2122459412,
            "min": 1.1547405617e-16,
            "var": 539.637390137
        },
        "melbands": {
            "dmean": [
                0.00233292416669,
                0.00226782611571,
                0.00142813066486,
                0.000746941310354,
                0.000309976312565,
                0.000181962110219,
                8.56557744555e-05,
                5.90490963077e-05,
                9.23714469536e-05,
                9.32665352593e-05,
                6.64034523652e-05,
                6.35253454675e-05,
                4.88952973683e-05,
                3.66786043742e-05,
                2.64347836492e-05,
                2.29864381254e-05,
                2.51710207522e-05,
                3.02692897094e-05,
                3.21445986629e-05,
                2.45819519478e-05,
                2.64423943008e-05,
                1.69634477061e-05,
                1.87245932466e-05,
                1.96008022613e-05,
                1.01087453004e-05,
                7.22359982319e-06,
                8.76627291291e-06,
                6.81100027577e-06,
