{
    "lowlevel": {
        "average_loudness": 0.264016389847,
        "barkbands": {
            "dmean": [
                0.00145902205259,
                0.00854305922985,
                0.00209944136441,
                0.0015282894019,
                0.000877896032762,
                0.000354885618435,
                0.000728197221179,
                0.000297510472592,
                0.000662091129925,
                0.000624200911261,
                0.000710852618795,
                0.000619029684458,
                0.000610417919233,
                0.000392081012251,
                0.000343130494002,
                0.000291550066322,
                0.00031433039112,
                0.000296992366202,
                0.000236709573073,
                0.000241179921431,
                0.000333097967086,
                0.000666442443617,
                0.00123076757882,
                0.000732927175704,
                0.000192613195395,
                8.22622751002e-05,
                1.29648678922e-05
            ],
            "dmean2": [
                0.00236194580793,
                0.0127700055018,
                0.00385151198134,
                0.00289794779383,
                0.0015217110049,
                0.000627478468232,
                0.00119497615378,
                0.000509700272232,
                0.00100405549165,
                0.0009895832045,
                0.00110754219349,
                0.000922068895306,
                0.000934628886171,
                0.000602890271693,
                0.000534402730409,
                0.000439726631157,
                0.000473683379823,
                0.000454251479823,
                0.000373709917767,
                0.000395726936404,
                0.000551259145141,
                0.00114683725405,
                0.00218654959463,
                0.00130163028371,
                0.000306062138407,
                0.000128036903334,
                1.92857423826e-05
            ],
            "dvar": [
                2.31462763622e-05,
                0.000894257391337,
                0.000158175767865,
                9.27381697693e-05,
                1.60648905876e-05,
                1.54303961608e-06,
                2.20918059313e-06,
                6.49451010304e-07,
                2.10271036849e-06,
                1.28044223402e-06,
                2.10215102925e-06,
                2.13006433114e-06,
                1.74964043254e-06,
                8.53281733271e-07,
                5.53306790607e-07,
                4.1690833541e-07,
                4.13731015669e-07,
                3.58387751476e-07,
                2.82884883518e-07,
                1.82780553359e-07,
                4.24575119951e-07,
                1.25458393541e-06,
                4.77209823657e-06,
                1.57918782406e-06,
                1.32284043275e-07,
                3.33739826885e-08,
                1.67132452322e-09
            ],
            "dvar2": [
                6.11673531239e-05,
                0.00191999727394,
                0.00045405284618,
                0.000272295175819,
                4.4625303417e-05,
                4.16495595346e-06,
                5.61401338928e-06,
                1.71428689555e-06,
                4.59183820567e-06,
                2.94046049021e-06,
                5.14187604495e-06,
                4.40247868028e-06,
                3.87077898267e-06,
                1.92651100406e-06,
                1.31968056394e-06,
                9.00204099707e-07,
                8.65165930009e-07,
                7.84542464771e-07,
                6.60366993088e-07,
                4.03922342684e-07,
                1.03821287212e-06,
                3.26070767187e-06,
                1.26075401568e-05,
                4.20685364588e-06,
                3.02578797573e-07,
                6.43602575678e-08,
                2.93860091816e-09
            ],
            "max": [
                0.0769813656807,
                0.320297986269,
                0.160778596997,
                0.114941850305,
                0.0641144439578,
                0.0162287335843,
                0.0204154327512,
                0.0160927958786,
                0.032948050648,
                0.0211441256106,
                0.0245486143976,
                0.0297368969768,
                0.0253209564835,
                0.0128282587975,
                0.0117524992675,
                0.0135794356465,
                0.0121673950925,
                0.00812836643308,
                0.00634421454743,
                0.00491005880758,
                0.00751083809882,
                0.00987905915827,
                0.0148980356753,
                0.00846588704735,
                0.00639936327934,
                0.00346223567612,
                0.00107917399146
            ],
            "mean": [
                0.0037738843821,
                0.0198224093765,
                0.00139962648973,
                0.000926549022552,
                0.000741952215321,
                0.00028080350603,
                0.000873108103406,
                0.000330157316057,
                0.000999210984446,
                0.000968142587226,
                0.00107448128983,
                0.000880875915755,
                0.000845159811433,
                0.000523862661794,
                0.000445615616627,
                0.000419771589804,
                0.000455741974292,
                0.000431554275565,
                0.000286040449282,
                0.000301463383948,
                0.000436505069956,
                0.000711728702299,
                0.000937825650908,
                0.000629553454928,
                0.000233431986999,
                0.000103159574792,
                1.72653471964e-05
            ],
            "median": [
                1.07952178041e-06,
                4.56133506077e-07,
                1.76955865072e-07,
                1.54919780471e-06,
                6.72805326758e-05,
                3.85771782021e-05,
                0.000211908176425,
                0.000109622495074,
                0.000224056188017,
                0.000425838690717,
                0.000348707078956,
                0.000200653914362,
                0.000168564060004,
                0.000121635464893,
                0.000120552591397,
                0.000122079902212,
                0.000141007563798,
                0.000118649011711,
                0.000102853904536,
                0.000124892030726,
                0.000147780374391,
                0.000159904127941,
                0.000101016135886,
                0.000121145858429,
                4.88993900944e-05,
                1.92439856619e-05,
                1.97670601665e-06
            ],
            "min": [
                3.47042049616e-25,
                7.04946930833e-24,
                1.42042905961e-24,
                1.99634327436e-24,
                1.88446469364e-23,
                1.00904334347e-23,
                8.10975358521e-24,
                1.17365621074e-23,
                2.20640135341e-23,
                2.25723334134e-23,
                2.17957661165e-23,
                4.59004965481e-23,
                1.97230987746e-23,
                4.58081524906e-23,
                5.08071040935e-23,
                8.48869680499e-23,
                5.67019019177e-23,
                1.08170298642e-22,
                1.22274450051e-22,
                1.67394441309e-22,
                2.36222870834e-22,
                2.67931898536e-22,
                4.05702681723e-22,
                6.13253349038e-22,
                1.04994342113e-21,
                1.33039914918e-21,
                1.88727517154e-21
            ],
            "var": [
                6.88225554768e-05,
                0.00241299765185,
                9.29230227484e-05,
                5.03267365275e-05,
                1.08168896986e-05,
                1.09918380531e-06,
                2.66129700321e-06,
                6.7012905447e-07,
                4.34341882283e-06,
                2.48213063969e-06,
                3.37960523211e-06,
                4.46220110462e-06,
                3.43766237165e-06,
                1.3757742181e-06,
                7.97428185706e-07,
                7.98097403276e-07,
                6.66377275138e-07,
                5.89994897382e-07,
                3.11928829433e-07,
                2.346799306e-07,
                5.21328900049e-07,
                1.36435926379e-06,
                3.56738610208e-06,
                1.2711097952e-06,
                1.9281627317e-07,
                6.28656309232e-08,
                3.7562921662e-09
            ]
        },
        "barkbands_crest": {
            "dmean": 2.82221460342,
            "dmean2": 4.47515153885,
            "dvar": 7.77986240387,
            "dvar2": 16.6670455933,
            "max": 26.157787323,
            "mean": 10.8411550522,
            "median": 9.3942489624,
            "min": 1.86259508133,
            "var": 30.3874034882
        },
        "barkbands_flatness_db": {
            "dmean": 0.0303924717009,
            "dmean2": 0.0438997000456,
            "dvar": 0.000908223446459,
            "dvar2": 0.00179019605275,
            "max": 0.510726690292,
            "mean": 0.166923373938,
            "median": 0.159690469503,
            "min": 0.0126733966172,
            "var": 0.00410474697128
        },
        "barkbands_kurtosis": {
            "dmean": 5.8983464241,
            "dmean2": 9.06370735168,
            "dvar": 307.364074707,
            "dvar2": 693.558105469,
            "max": 439.43560791,
            "mean": 6.68906402588,
            "median": 0.916867733002,
            "min": -1.94038248062,
            "var": 500.653106689
        },
        "barkbands_skewness": {
            "dmean": 0.914286911488,
            "dmean2": 1.35439002514,
            "dvar": 1.27948200703,
            "dvar2": 2.53130292892,
            "max": 16.6829490662,
            "mean": 1.27534043789,
            "median": 0.892277359962,
            "min": -7.92217588425,
            "var": 4.55565500259
        },
        "barkbands_spread": {
            "dmean": 9.72312450409,
            "dmean2": 15.4748029709,
            "dvar": 153.573379517,
            "dvar2": 375.289154053,
            "max": 126.853111267,
            "mean": 23.4297447205,
            "median": 20.5178222656,
            "min": 0.325245976448,
            "var": 264.342376709
        },
        "dissonance": {
            "dmean": 0.0214608125389,
            "dmean2": 0.0361661501229,
            "dvar": 0.000533735495992,
            "dvar2": 0.00142797245644,
            "max": 0.5,
            "mean": 0.466650903225,
            "median": 0.473956614733,
            "min": 0,
            "var": 0.00085842225235
        },
        "dynamic_complexity": 5.37405109406,
        "erbbands": {
            "dmean": [
                0.405042588711,
                1.5914478302,
                2.21499419212,
                4.43806648254,
                3.82270860672,
                2.74172639847,
                1.98388123512,
                3.11123204231,
                9.35765457153,
                9.5477771759,
                5.98156070709,
                16.3519458771,
                15.6058397293,
                26.908662796,
                21.178194046,
                26.3661670685,
                28.0328922272,
                17.7844486237,
                17.3049736023,
                16.6944694519,
                14.0884160995,
                17.8386688232,
                16.9878139496,
                10.7935276031,
                12.7843780518,
                11.7776441574,
                11.4128007889,
                16.4298782349,
                21.9953479767,
                26.6998500824,
                36.3804931641,
                23.599779129,
                7.72691106796,
                2.67566537857,
                1.16230225563,
                0.443749338388,
                0.139003142715,
                0.0255262106657,
                0.0020707170479,
                0.000101702695247
            ],
            "dmean2": [
                0.583952009678,
                2.25754857063,
                3.71176934242,
                8.4136095047,
                6.98492479324,
                4.65426588058,
                3.45883798599,
                5.42673110962,
                15.5768547058,
                15.8769950867,
                9.9189453125,
                24.5317134857,
                24.6785163879,
                41.8698196411,
                32.4626350403,
                38.9361152649,
                42.0311965942,
                26.981098175,
                26.6505813599,
                25.0075092316,
                20.90716362,
                26.5969429016,
                25.724697113,
                16.5116672516,
                20.5122737885,
                19.5848026276,
                18.536649704,
                27.5521850586,
                37.4850540161,
                46.8043746948,
                64.7201538086,
                42.4119110107,
                13.3120269775,
                4.35150098801,
                1.85531616211,
                0.689326345921,
                0.218832090497,
                0.0394262373447,
                0.00307160778902,
                0.000145146870636
            ],
            "dvar": [
                1.75487744808,
                41.2274551392,
                143.537033081,
                771.083496094,
                473.657928467,
                121.592857361,
                63.7446289062,
                102.161834717,
                439.864715576,
                512.681518555,
                203.690841675,
                1394.83740234,
                991.965087891,
                2851.50610352,
                1717.3293457,
                4025.57055664,
                3657.74682617,
                1466.22363281,
                1587.61181641,
                1282.97912598,
                984.789916992,
                1461.88037109,
                1137.67419434,
                647.615478516,
                725.834777832,
                435.758666992,
                568.336425781,
                891.255065918,
                1367.0723877,
                2238.07080078,
                4155.82568359,
                1721.31738281,
                163.937347412,
                23.4432201385,
                5.42403411865,
                0.968078017235,
                0.0915613994002,
                0.00466866232455,
                4.52626300103e-05,
                8.36869986642e-08
            ],
            "dvar2": [
                3.84285402298,
                92.9758834839,
                386.12677002,
                2254.95263672,
                1366.35388184,
                328.142944336,
                171.473480225,
                274.425384521,
                1147.1114502,
                1332.64086914,
                520.891052246,
                2953.15991211,
                2370.48730469,
                6378.40429688,
                3855.89477539,
                8449.75878906,
                7885.17919922,
                3409.16894531,
                3632.34082031,
                2950.78051758,
                2077.1105957,
                3051.98217773,
                2435.92553711,
                1523.17456055,
                1653.52685547,
                984.95526123,
                1316.36230469,
                2263.63427734,
                3530.97705078,
                5911.78320312,
                10970.0810547,
                4613.67431641,
                423.065704346,
                55.4598236084,
                12.1151132584,
                1.91353225708,
                0.184725493193,
                0.0091190636158,
                7.87034878158e-05,
                1.41325458003e-07
            ],
            "max": [
                16.5851573944,
                81.1482467651,
                166.717575073,
                325.477844238,
                316.655090332,
                177.240341187,
                95.7299728394,
                179.020309448,
                220.7865448,
                468.037231445,
                256.716003418,
                1026.20373535,
                748.737854004,
                1191.78173828,
                1013.51519775,
                1295.65625,
                1180.75610352,
                778.801940918,
                671.64831543,
                800.941833496,
                533.760925293,
                724.537109375,
                517.510681152,
                328.588592529,
                336.48638916,
                276.364929199,
                300.901306152,
                374.461364746,
                377.170379639,
                397.84173584,
                419.145507812,
                289.029083252,
                100.074440002,
                93.1204528809,
                41.2103881836,
                19.1403942108,
                5.57028341293,
                1.57555544376,
                0.204578012228,
                0.0107525670901
            ],
            "mean": [
                0.996176064014,
                2.75229811668,
                1.91219568253,
                2.79149675369,
                2.62439751625,
                2.56368494034,
                1.55721390247,
                2.74724411964,
                10.4011859894,
                11.4358034134,
                8.14082622528,
                25.4545917511,
                25.0662765503,
                42.6930847168,
                35.6994819641,
                38.4707107544,
                41.2114295959,
                26.3967647552,
                25.2810287476,
                24.5322246552,
                21.4720630646,
                27.206943512,
                25.6236133575,
                14.7968263626,
                15.3481168747,
                14.2980690002,
                14.6244869232,
                21.213476181,
                25.4023113251,
                22.9960193634,
                27.4524726868,
                18.5045394897,
                7.51970100403,
                3.17804026604,
                1.38004744053,
                0.547174215317,
                0.16962018609,
                0.0314645022154,
                0.00278869597241,
                0.00017313848366
            ],
            "median": [
                2.74812882708e-05,
                0.000102120349766,
                0.00068812223617,
                0.0115716625005,
                0.0982427150011,
                0.223551988602,
                0.15327128768,
                0.580800652504,
                2.54085183144,
                3.33174800873,
                3.37204837799,
                5.64846420288,
                12.1066122055,
                16.0016212463,
                13.3114871979,
                9.89217948914,
                9.52006912231,
                7.61804437637,
                7.7290225029,
                7.48855161667,
                7.02566480637,
                8.67767524719,
                7.24728488922,
                5.60199689865,
                5.72772932053,
                5.72948169708,
                5.30495929718,
                6.44781208038,
                5.97362089157,
                3.83821678162,
                2.72410774231,
                2.83068227768,
                1.65208685398,
                0.688568592072,
                0.268617391586,
                0.100950546563,
                0.0308683179319,
                0.004571959842,
                0.000346871092916,
                5.97537800786e-05
            ],
            "min": [
                8.19336305929e-23,
                1.23878899731e-21,
                2.1278892082e-21,
                1.18589685559e-20,
                1.5696703704e-20,
                4.24908883554e-20,
                1.01921821733e-19,
                7.34141857569e-20,
                1.10036747885e-19,
                3.42392105069e-19,
                1.42310827996e-19,
                4.70067975454e-19,
                6.56363369965e-19,
                6.7221819926e-19,
                1.04230330311e-18,
                1.85231733301e-18,
                1.31554711563e-18,
                2.06405323595e-18,
                3.66975287319e-18,
                4.04929973417e-18,
                5.31784985951e-18,
                4.44289170837e-18,
                5.51218519108e-18,
                6.17694144574e-18,
                7.19279368421e-18,
                7.57785122244e-18,
                9.62374846433e-18,
                8.72690518213e-18,
                9.55716704246e-18,
                1.10250263364e-17,
                1.14169387204e-17,
                1.06681781386e-17,
                9.94877915986e-18,
                9.32392692514e-18,
                7.46659873877e-18,
                4.41912887732e-18,
                2.21407732929e-18,
                1.11206275289e-18,
                2.64238917572e-19,
                2.80824392917e-20
            ],
            "var": [
                5.30857992172,
                73.5773239136,
                107.634796143,
                424.272247314,
                275.272796631,
                91.9340209961,
                44.7953491211,
                77.7868347168,
                442.81362915,
                540.026733398,
                266.513977051,
                3098.23242188,
                1678.4942627,
                5595.515625,
                3521.61376953,
                8067.21484375,
                7746.46728516,
                2519.33496094,
                2414.46362305,
                2217.36157227,
                1708.71264648,
                2341.37475586,
                1978.40429688,
                757.320678711,
                827.902526855,
                531.333251953,
                641.195678711,
                1157.046875,
                1735.54418945,
                1839.28430176,
                3094.1953125,
                1268.28295898,
                159.96321106,
                31.8775501251,
                8.18325233459,
                1.68112659454,
                0.170641496778,
                0.0090166348964,
                0.000102865451481,
                2.03546946409e-07
            ]
        },
        "erbbands_crest": {
            "dmean": 3.03516054153,
            "dmean2": 4.961124897,
            "dvar": 7.96077060699,
            "dvar2": 19.4388542175,
            "max": 30.3109760284,
            "mean": 9.33947849274,
            "median": 8.39163970947,
            "min": 2.27715229988,
            "var": 18.3479309082
        },
        "erbbands_flatness_db": {
            "dmean": 0.0239374991506,
            "dmean2": 0.0356758832932,
            "dvar": 0.000552589423023,
            "dvar2": 0.00113951123785,
            "max": 0.488728255033,
            "mean": 0.199183911085,
            "median": 0.190686047077,
            "min": 0.0514734499156,
            "var": 0.00475339358672
        },
        "erbbands_kurtosis": {
            "dmean": 1.52678704262,
            "dmean2": 2.49708867073,
            "dvar": 4.13699913025,
            "dvar2": 10.5638132095,
            "max": 23.6736850739,
            "mean": 0.91639405489,
            "median": 0.182293653488,
            "min": -1.83918786049,
            "var": 6.29834222794
        },
        "erbbands_skewness": {
            "dmean": 0.587743639946,
            "dmean2": 0.92136824131,
            "dvar": 0.3790576756,
            "dvar2": 0.92108041048,
            "max": 4.70556974411,
            "mean": 0.196685120463,
            "median": 0.207926318049,
            "min": -3.79400610924,
            "var": 0.925698280334
        },
        "erbbands_spread": {
            "dmean": 11.6987056732,
            "dmean2": 18.4949131012,
            "dvar": 175.882415771,
            "dvar2": 413.435150146,
            "max": 181.50151062,
            "mean": 34.9678459167,
            "median": 31.8936214447,
            "min": 1.45952868462,
            "var": 427.801818848
        },
        "gfcc": {
            "cov": [
                [
                    36465.328125,
                    -1578.53723145,
                    3035.21020508,
                    3726.63916016,
                    -401.543670654,
                    2225.25390625,
                    -16.8211765289,
                    414.30682373,
                    204.273666382,
                    -197.93421936,
                    -1066.94055176,
                    -40.5152359009,
                    -737.364257812
                ],
                [
                    -1578.53723145,
                    2881.70239258,
                    860.707519531,
                    794.874633789,
                    1242.51989746,
                    326.621734619,
                    583.605529785,
                    302.166809082,
                    271.255279541,
                    71.3462371826,
                    205.302856445,
                    -75.8787307739,
                    122.060180664
                ],
                [
                    3035.21020508,
                    860.707519531,
                    2714.50048828,
                    1615.07971191,
                    989.685119629,
                    895.563537598,
                    565.39855957,
                    245.688064575,
                    380.863769531,
                    79.2947006226,
                    -46.1052055359,
                    6.35278892517,
                    -151.321350098
                ],
                [
                    3726.63916016,
                    794.874633789,
                    1615.07971191,
                    1893.16711426,
                    979.439147949,
                    846.00604248,
                    473.24420166,
                    295.106567383,
                    329.505767822,
                    102.836868286,
                    -33.6702003479,
                    -23.5457897186,
                    -55.1854400635
                ],
                [
                    -401.543670654,
                    1242.51989746,
                    989.685119629,
                    979.439147949,
                    1248.54272461,
                    603.271911621,
                    550.557861328,
                    292.432128906,
                    284.488372803,
                    116.692825317,
                    118.498970032,
                    -20.9556446075,
                    48.3929367065
                ],
                [
                    2225.25390625,
                    326.621734619,
                    895.563537598,
                    846.00604248,
                    603.271911621,
                    825.409851074,
                    509.5859375,
                    239.0652771,
                    253.858459473,
                    130.563156128,
                    51.1676063538,
                    48.6619644165,
                    -15.2051420212
                ],
                [
                    -16.8211765289,
                    583.605529785,
                    565.39855957,
                    473.24420166,
                    550.557861328,
                    509.5859375,
                    616.810668945,
                    256.282531738,
                    249.724960327,
                    127.87815094,
                    143.953598022,
                    69.8001174927,
                    55.0090370178
                ],
                [
                    414.30682373,
                    302.166809082,
                    245.688064575,
                    295.106567383,
                    292.432128906,
                    239.0652771,
                    256.282531738,
                    343.469726562,
                    204.990325928,
                    123.101585388,
                    104.165222168,
                    55.7048912048,
                    80.2683563232
                ],
                [
                    204.273666382,
                    271.255279541,
                    380.863769531,
                    329.505767822,
                    284.488372803,
                    253.858459473,
                    249.724960327,
                    204.990325928,
                    311.501739502,
                    125.292510986,
                    85.9117355347,
                    53.6375541687,
                    39.1144943237
                ],
                [
                    -197.93421936,
                    71.3462371826,
                    79.2947006226,
                    102.836868286,
                    116.692825317,
                    130.563156128,
                    127.87815094,
                    123.101585388,
                    125.292510986,
                    198.474716187,
                    117.312614441,
                    49.9257316589,
                    54.3440895081
                ],
                [
                    -1066.94055176,
                    205.302856445,
                    -46.1052055359,
                    -33.6702003479,
                    118.498970032,
                    51.1676063538,
                    143.953598022,
                    104.165222168,
                    85.9117355347,
                    117.312614441,
                    227.991867065,
                    79.3529129028,
                    63.7030143738
                ],
                [
                    -40.5152359009,
                    -75.8787307739,
                    6.35278892517,
                    -23.5457897186,
                    -20.9556446075,
                    48.6619644165,
                    69.8001174927,
                    55.7048912048,
                    53.6375541687,
                    49.9257316589,
                    79.3529129028,
                    133.256866455,
                    40.0355911255
                ],
                [
                    -737.364257812,
                    122.060180664,
                    -151.321350098,
                    -55.1854400635,
                    48.3929367065,
                    -15.2051420212,
                    55.0090370178,
                    80.2683563232,
                    39.1144943237,
                    54.3440895081,
                    63.7030143738,
                    40.0355911255,
                    149.137664795
                ]
            ],
            "icov": [
                [
                    7.1323782322e-05,
                    -3.68304463336e-05,
                    2.15593463508e-05,
                    -0.000142451113788,
                    0.000217222608626,
                    -0.000276386388578,
                    0.000151678090333,
                    -0.000203342089662,
                    6.95631460985e-05,
                    1.63155873452e-05,
                    0.000248150143307,
                    -0.000130289248773,
                    0.000211567938095
                ],
                [
                    -3.68304463336e-05,
                    0.000794434163254,
                    -0.000103674865386,
                    1.10099763333e-05,
                    -0.000786422460806,
                    0.000711244356353,
                    -0.000513867067639,
                    8.04807714303e-05,
                    -9.38220982789e-05,
                    0.000382956233807,
                    -0.000647615815978,
                    0.000728325161617,
                    -0.000493323954288
                ],
                [
                    2.15593463508e-05,
                    -0.000103674865386,
                    0.000936782977078,
                    -0.000544440932572,
                    -6.49396897643e-05,
                    -0.000274608959444,
                    -8.91503586899e-05,
                    0.000125477672555,
                    -0.000379475968657,
                    9.14972406463e-06,
                    0.000451135449111,
                    -0.000510611338541,
                    0.000939472753089
                ],
                [
                    -0.000142451113788,
                    1.10099763333e-05,
                    -0.000544440932572,
                    0.00194732821546,
                    -0.00100583070889,
                    -0.000457723159343,
                    0.000404073914979,
                    1.25040405692e-05,
                    -0.000333061267156,
                    -0.000102762249298,
                    1.61107564054e-05,
                    0.000412446388509,
                    -0.000414023146732
                ],
                [
                    0.000217222608626,
                    -0.000786422460806,
                    -6.49396897643e-05,
                    -0.00100583070889,
                    0.00337011017837,
                    -0.00145825720392,
                    -0.000126846382045,
                    -0.00076301197987,
                    0.000154045628733,
                    0.000195339132915,
                    0.000150046733324,
                    0.000621194252744,
                    0.000152347245603
                ],
                [
                    -0.000276386388578,
                    0.000711244356353,
                    -0.000274608959444,
                    -0.000457723159343,
                    -0.00145825720392,
                    0.00564719224349,
                    -0.00341488257982,
                    0.000636172131635,
                    -9.19028170756e-05,
                    -0.00113415857777,
                    -9.18270015973e-05,
                    -1.39478361234e-05,
                    4.98353001603e-05
                ],
                [
                    0.000151678090333,
                    -0.000513867067639,
                    -8.91503586899e-05,
                    0.000404073914979,
                    -0.000126846382045,
                    -0.00341488257982,
                    0.00580571731552,
                    -0.00123654631898,
                    -0.000828470278066,
                    0.000741159194149,
                    -0.000793585553765,
                    -0.000934654846787,
                    -1.62433916557e-05
                ],
                [
                    -0.000203342089662,
                    8.04807714303e-05,
                    0.000125477672555,
                    1.25040405692e-05,
                    -0.00076301197987,
                    0.000636172131635,
                    -0.00123654631898,
                    0.00675683002919,
                    -0.00246848911047,
                    -0.000835965387523,
                    -0.00104743847623,
                    0.000114295020467,
                    -0.00243862951174
                ],
                [
                    6.95631460985e-05,
                    -9.38220982789e-05,
                    -0.000379475968657,
                    -0.000333061267156,
                    0.000154045628733,
                    -9.19028170756e-05,
                    -0.000828470278066,
                    -0.00246848911047,
                    0.00715987663716,
                    -0.00226185610518,
                    0.000582778302487,
                    -0.00107298174407,
                    0.000472727318993
                ],
                [
                    1.63155873452e-05,
                    0.000382956233807,
                    9.14972406463e-06,
                    -0.000102762249298,
                    0.000195339132915,
                    -0.00113415857777,
                    0.000741159194149,
                    -0.000835965387523,
                    -0.00226185610518,
                    0.00981624796987,
                    -0.00425290223211,
                    0.000876430480275,
                    -0.00166635308415
                ],
                [
                    0.000248150143307,
                    -0.000647615815978,
                    0.000451135449111,
                    1.61107564054e-05,
                    0.000150046733324,
                    -9.18270015973e-05,
                    -0.000793585553765,
                    -0.00104743847623,
                    0.000582778302487,
                    -0.00425290223211,
                    0.0103704975918,
                    -0.00458354922011,
                    0.00121667399071
                ],
                [
                    -0.000130289248773,
                    0.000728325161617,
                    -0.000510611338541,
                    0.000412446388509,
                    0.000621194252744,
                    -1.39478361234e-05,
                    -0.000934654846787,
                    0.000114295020467,
                    -0.00107298174407,
                    0.000876430480275,
                    -0.00458354922011,
                    0.0122213754803,
                    -0.0028864108026
                ],
                [
                    0.000211567938095,
                    -0.000493323954288,
                    0.000939472753089,
                    -0.000414023146732,
                    0.000152347245603,
                    4.98353001603e-05,
                    -1.62433916557e-05,
                    -0.00243862951174,
                    0.000472727318993,
                    -0.00166635308415,
                    0.00121667399071,
                    -0.0028864108026,
                    0.0109675507993
                ]
            ],
            "mean": [
                -66.8319702148,
                6.1679186821,
                -161.820419312,
                -3.67748308182,
                -82.3353118896,
                14.6808643341,
                -35.7768554688,
                11.5746011734,
                -20.9090690613,
                5.09120750427,
                -10.7857809067,
                6.10558509827,
                -6.1487197876
            ]
        },
        "hfc": {
            "dmean": 26.6555252075,
            "dmean2": 44.2295150757,
            "dvar": 1849.47119141,
            "dvar2": 4647.64208984,
            "max": 358.333892822,
            "mean": 36.4383468628,
            "median": 21.2081947327,
            "min": 1.07109460232e-16,
            "var": 2053.68383789
        },
        "melbands": {
            "dmean": [
                0.00282808952034,
                0.00136223679874,
                0.000743919168599,
                0.00023629545467,
                7.62236159062e-05,
                7.60773473303e-05,
                0.000144993318827,
                9.63119309745e-05,
                5.31217665412e-05,
                0.000107871826913,
                8.16766478238e-05,
                0.000109690488898,
                7.91707498138e-05,
                7.11562242941e-05,
                6.38004203211e-05,
                6.16896577412e-05,
                3.39277103194e-05,
                3.07657355734e-05,
                2.9374485166e-05,
                2.17604556383e-05,
                1.67116686498e-05,
                1.85458593478e-05,
                2.03240106202e-05,
                1.25143697005e-05,
                8.59199735714e-06,
                9.84854432318e-06,
                8.37533207232e-06,
