{
    "lowlevel": {
        "average_loudness": 0.858330488205,
        "barkbands": {
            "dmean": [
                0.00116170337424,
                0.0129079837352,
                0.00584330875427,
                0.00239725178108,
                0.00259185698815,
                0.00179860042408,
                0.0016943308292,
                0.00100403313991,
                0.000784898875281,
                0.000426227110438,
                0.000407136947615,
                0.000449871731689,
                0.000673205358908,
                0.000604648783337,
                0.000330398965161,
                0.000234157894738,
                0.000267777737463,
                0.000203545132536,
                0.000186498160474,
                0.000242086767685,
                0.000185426091775,
                0.000197467277758,
                0.000158582392032,
                0.000141939803143,
                0.000153063374455,
                0.000106769199192,
                1.29730224216e-05
            ],
            "dmean2": [
                0.00185714487452,
                0.017065372318,
                0.0101671591401,
                0.00443869642913,
                0.00464334012941,
                0.00286730867811,
                0.00279048876837,
                0.00159485160839,
                0.00122836849187,
                0.000659542914946,
                0.000621648621745,
                0.000734307919629,
                0.00110478268471,
                0.000956830335781,
                0.000539527914952,
                0.000399338721763,
                0.000464344979264,
                0.000353447569069,
                0.000310583243845,
                0.000413201079937,
                0.000302711705444,
                0.000326064298861,
                0.000247162795858,
                0.000219420631765,
                0.000247248652158,
                0.000174463668372,
                2.32967049669e-05
            ],
            "dvar": [
                5.37272035217e-06,
                0.000477569556097,
                0.000237191212364,
                4.90507700306e-05,
                4.48667160526e-05,
                1.31812967084e-05,
                1.50082933033e-05,
                4.19674188379e-06,
                3.62733135262e-06,
                1.2538835108e-06,
                6.70216365961e-07,
                8.32317937238e-07,
                2.1860103061e-06,
                1.51960739458e-06,
                5.15487954544e-07,
                2.12664645005e-07,
                2.57547895899e-07,
                2.05666438546e-07,
                1.24509483612e-07,
                3.21393230251e-07,
                1.95855676566e-07,
                2.15507938606e-07,
                1.23643687289e-07,
                9.41473459193e-08,
                9.14482995995e-08,
                6.12727149019e-08,
                1.26615529172e-09
            ],
            "dvar2": [
                1.29560903588e-05,
                0.0010594149353,
                0.000639529025648,
                0.000141949916724,
                0.000127752515255,
                3.28678033839e-05,
                3.63473445759e-05,
                9.77294257609e-06,
                8.59259489516e-06,
                2.75336083178e-06,
                1.49296749896e-06,
                2.12293321056e-06,
                5.36995912626e-06,
                3.24017332787e-06,
                1.25582005239e-06,
                5.55241342681e-07,
                6.87017973178e-07,
                5.46599096651e-07,
                3.14088424602e-07,
                8.31754050523e-07,
                4.93744494179e-07,
                5.09907977175e-07,
                2.62624809011e-07,
                1.88192814221e-07,
                2.16899323391e-07,
                1.52425528199e-07,
                3.56653040434e-09
            ],
            "max": [
                0.0312519297004,
                0.277658164501,
                0.164497196674,
                0.0925769507885,
                0.0792524814606,
                0.0547935850918,
                0.0849119797349,
                0.0381271652877,
                0.0408097654581,
                0.0371350347996,
                0.0186082720757,
                0.0153077989817,
                0.0272373743355,
                0.0516853258014,
                0.0126966154203,
                0.0059482078068,
                0.00498930504546,
                0.00579578522593,
                0.00458919722587,
                0.0103987185284,
                0.0072480821982,
                0.0109772151336,
                0.0112786730751,
                0.0100869815797,
                0.00550858210772,
                0.00266119744629,
                0.000423152989242
            ],
            "mean": [
                0.00327030057088,
                0.0290549192578,
                0.00698728114367,
                0.00194892031141,
                0.00275570247322,
                0.0027600240428,
                0.00196076207794,
                0.00133056147024,
                0.00102376774885,
                0.000589452218264,
                0.000586906098761,
                0.000561709341127,
                0.000738946488127,
                0.000770312035456,
                0.000376387208235,
                0.000242873749812,
                0.000269276584731,
                0.000189560872968,
                0.000204528711038,
                0.000257013802184,
                0.000191503859241,
                0.0001994651102,
                0.00020779336046,
                0.000176846908289,
                0.000157734597451,
                0.000106698353193,
                1.0004957403e-05
            ],
            "median": [
                0.000137618495501,
                0.0118055418134,
                0.000962593359873,
                0.000456084409961,
                0.000859723659232,
                0.000970750814304,
                0.000470957602374,
                0.000225932890316,
                0.000212734565139,
                0.000141672382597,
                0.000138785151648,
                0.000146559963468,
                0.000121753066196,
                0.000137435039505,
                7.92675418779e-05,
                5.1316099416e-05,
                6.3313942519e-05,
                4.97892360727e-05,
                6.00617204327e-05,
                5.72022472625e-05,
                3.51555609086e-05,
                3.61881393474e-05,
                6.25472239335e-05,
                3.95774004573e-05,
                2.40304361796e-05,
                8.31353645481e-06,
                3.83160653428e-07
            ],
            "min": [
                2.20003493036e-23,
                3.63410706323e-23,
                1.86538782814e-23,
                3.01531447176e-23,
                1.65394167732e-22,
                4.65462170644e-23,
                2.54960097003e-23,
                1.45008777629e-22,
                1.08300063105e-22,
                5.11965426343e-23,
                4.61336522773e-23,
                8.1884708595e-23,
                1.12489507735e-22,
                9.62593256991e-23,
                8.55657733925e-23,
                1.24842249096e-22,
                1.08109461689e-22,
                1.54328165793e-22,
                2.01462453419e-22,
                2.88047599184e-22,
                5.64111580803e-22,
                3.40266682256e-22,
                5.91366636725e-22,
                1.0615681764e-21,
                8.35056145447e-22,
                1.5822165758e-21,
                2.63801690418e-21
            ],
            "var": [
                3.90767490899e-05,
                0.0017155330861,
                0.000329153233906,
                2.94012297672e-05,
                3.27981506416e-05,
                2.06129043363e-05,
                1.82872809091e-05,
                7.10490849087e-06,
                5.06389824295e-06,
                2.07374637284e-06,
                1.32089689941e-06,
                1.26525696942e-06,
                2.76167543234e-06,
                3.96402310798e-06,
                6.55238636682e-07,
                2.48006813308e-07,
                2.55794589066e-07,
                1.75974236072e-07,
                1.5373137785e-07,
                3.21082268329e-07,
                2.09263220086e-07,
                2.83556772729e-07,
                2.06370188494e-07,
                1.77151463276e-07,
                1.07998012311e-07,
                6.20599678314e-08,
                8.88093765194e-10
            ]
        },
        "barkbands_crest": {
            "dmean": 3.09928631783,
            "dmean2": 4.74808311462,
            "dvar": 10.3726329803,
            "dvar2": 22.9400653839,
            "max": 26.2444229126,
            "mean": 13.4422883987,
            "median": 12.1348724365,
            "min": 2.19064450264,
            "var": 37.6076545715
        },
        "barkbands_flatness_db": {
            "dmean": 0.0430116280913,
            "dmean2": 0.0618265047669,
            "dvar": 0.00255281291902,
            "dvar2": 0.00590819772333,
            "max": 0.673082649708,
            "mean": 0.200093269348,
            "median": 0.194225281477,
            "min": 0.0119945378974,
            "var": 0.00788097921759
        },
        "barkbands_kurtosis": {
            "dmean": 11.0639858246,
            "dmean2": 17.3142108917,
            "dvar": 572.629699707,
            "dvar2": 1293.91271973,
            "max": 604.871704102,
            "mean": 15.5388660431,
            "median": 4.92177295685,
            "min": -1.92712438107,
            "var": 1010.83416748
        },
        "barkbands_skewness": {
            "dmean": 1.07183516026,
            "dmean2": 1.5897564888,
            "dvar": 1.54939448833,
            "dvar2": 3.59407925606,
            "max": 19.5610122681,
            "mean": 2.3905339241,
            "median": 1.93504428864,
            "min": -8.32382583618,
            "var": 6.24228477478
        },
        "barkbands_spread": {
            "dmean": 7.91403627396,
            "dmean2": 12.3533763885,
            "dvar": 112.315818787,
            "dvar2": 263.824676514,
            "max": 111.583267212,
            "mean": 17.4758625031,
            "median": 12.9643783569,
            "min": 0.0468282103539,
            "var": 239.278762817
        },
        "dissonance": {
            "dmean": 0.0331542938948,
            "dmean2": 0.0527024306357,
            "dvar": 0.00117184233386,
            "dvar2": 0.00273876776919,
            "max": 0.499999582767,
            "mean": 0.43444788456,
            "median": 0.447459369898,
            "min": 0.0416191034019,
            "var": 0.00294714188203
        },
        "dynamic_complexity": 2.70472741127,
        "erbbands": {
            "dmean": [
                0.492388665676,
                2.70963025093,
                6.40638923645,
                7.47144269943,
                8.33989143372,
                8.09645843506,
                12.5862169266,
                14.4359951019,
                22.9750404358,
                24.5081367493,
                19.2158985138,
                17.8746261597,
                15.0149021149,
                12.553486824,
                16.9753780365,
                19.7636699677,
                29.4054317474,
                33.2919044495,
                20.6904087067,
                13.7361221313,
                12.3807287216,
                15.4624681473,
                11.165189743,
                9.40399742126,
                10.7194900513,
                12.0108604431,
                8.5879535675,
                6.92952060699,
                6.85543346405,
                5.47865915298,
                4.54579353333,
                3.27039289474,
                2.5342912674,
                2.11097431183,
                0.815298199654,
                0.471191823483,
                0.20443187654,
                0.029326017946,
                0.00198815111071,
                0.000128201689222
            ],
            "dmean2": [
                0.630820631981,
                3.71952056885,
                10.7458677292,
                13.6412000656,
                15.248383522,
                14.5419616699,
                19.9290561676,
                23.9464473724,
                37.5104179382,
                39.2989425659,
                30.3075008392,
                27.7123813629,
                23.1211528778,
                18.7826938629,
                26.4192848206,
                32.0474090576,
                48.8230285645,
                51.8138465881,
                34.0824546814,
                22.1382465363,
                20.8589076996,
                26.651008606,
                19.3323822021,
                15.8789758682,
                18.0114974976,
                20.4711513519,
                14.5216636658,
                11.2055883408,
                11.3322048187,
                8.71244812012,
                7.18829011917,
                5.26350069046,
                3.89816784859,
                3.40221261978,
                1.32193017006,
                0.779846727848,
                0.332078546286,
                0.0486085005105,
                0.00350303482264,
                0.000224954914302
            ],
            "dvar": [
                0.737854957581,
                23.9291000366,
                259.259613037,
                403.339111328,
                541.317871094,
                472.434875488,
                1023.16949463,
                810.074279785,
                2360.16943359,
                3656.59814453,
                1763.6027832,
                2122.70336914,
                1784.42700195,
                802.37310791,
                1267.95605469,
                1415.4440918,
                4210.72314453,
                4407.87744141,
                2102.73828125,
                698.187072754,
                583.929748535,
                878.580993652,
                557.361938477,
                401.706665039,
                442.772949219,
                843.546936035,
                457.418121338,
                269.849487305,
                262.112213135,
                163.03062439,
                101.058891296,
                54.9377555847,
                27.1347675323,
                18.7028236389,
                2.70709609985,
                1.07276105881,
                0.230358600616,
                0.00468558212742,
                2.81492029899e-05,
                1.20438500062e-07
            ],
            "dvar2": [
                1.58369898796,
                54.2814445496,
                676.072570801,
                1142.63061523,
                1558.10522461,
                1344.30212402,
                2446.46704102,
                2120.82275391,
                5613.53955078,
                9021.58300781,
                4037.74487305,
                4945.97851563,
                4090.07910156,
                1466.98046875,
                2850.39599609,
                3501.68188477,
                10460.9160156,
                8997.72167969,
                5279.96142578,
                1716.51965332,
                1515.27575684,
                2329.8137207,
                1479.5,
                1036.97692871,
                1127.48486328,
                2192.39672852,
                1206.29418945,
                659.382751465,
                617.719238281,
                353.499572754,
                216.819168091,
                116.382110596,
                55.6462631226,
                45.0202827454,
                6.30858898163,
                2.67208456993,
                0.577244281769,
                0.0116641903296,
                7.77155582909e-05,
                3.38659333465e-07
            ],
            "max": [
                12.6390733719,
                48.7977867126,
                183.640579224,
                214.255569458,
                350.021057129,
                241.799545288,
                479.847991943,
                382.042236328,
                832.556030273,
                1449.85766602,
                1014.75152588,
                1255.13049316,
                1304.78808594,
                848.515930176,
                806.656982422,
                690.222595215,
                1419.30944824,
                3080.01538086,
                828.170837402,
                553.316345215,
                328.54888916,
                255.734924316,
                394.672393799,
                328.484313965,
                350.586578369,
                536.54119873,
                355.80569458,
                400.052062988,
                361.611022949,
                475.462646484,
                251.845336914,
                253.826675415,
                114.582183838,
                79.6253890991,
                37.9105873108,
                12.2538938522,
                4.92460441589,
                1.2509983778,
                0.0577668808401,
                0.00375316431746
            ],
            "mean": [
                1.03617417812,
                5.74958705902,
                9.1594877243,
                6.89504098892,
                7.83596849442,
                8.19992923737,
                19.0377483368,
                19.530506134,
                28.0818843842,
                31.0893135071,
                25.872505188,
                23.9359378815,
                20.5867729187,
                20.6636562347,
                24.5052223206,
                24.8871631622,
                33.7133369446,
                45.4033432007,
                24.0001888275,
                16.0412006378,
                13.2140035629,
                15.5894956589,
                10.8451776505,
                9.46040248871,
                12.0644388199,
                12.595870018,
                8.52611637115,
                7.33778572083,
                6.91787290573,
                6.53201675415,
                6.02505874634,
                3.84565520287,
                3.02127742767,
                2.15966248512,
                0.883117794991,
                0.48170658946,
                0.197328492999,
                0.0274049472064,
                0.0016204228159,
                0.000146879116073
            ],
            "median": [
                0.284404993057,
                1.31066799164,
                2.01825475693,
                1.8715480566,
                2.55176782608,
                2.36723303795,
                3.50177621841,
                7.20418548584,
                7.47956418991,
                7.22470283508,
                6.45185661316,
                5.36503601074,
                5.59576034546,
                5.48669719696,
                6.87656879425,
                7.20087337494,
                7.60542917252,
                10.7373771667,
                6.11743450165,
                4.01087617874,
                3.29295158386,
                3.9886701107,
                3.19519710541,
                2.87288856506,
                3.12972974777,
                2.9654083252,
                1.85411179066,
                1.33491539955,
                1.25509262085,
                1.88275051117,
                1.70885670185,
                0.822141647339,
                0.617748498917,
                0.296573460102,
                0.143557593226,
                0.0525638312101,
                0.0118325278163,
                0.00159279466607,
                0.000135253911139,
                6.64268736728e-05
            ],
            "min": [
                9.45606986487e-22,
                8.87805519752e-21,
                2.14764343638e-20,
                5.83633760176e-20,
                2.84003260936e-19,
                6.99943535634e-19,
                3.55419605181e-19,
                5.1000161879e-19,
                2.56347821324e-19,
                1.15784606242e-18,
                3.20749787711e-18,
                3.28666960829e-18,
                1.19380194929e-18,
                2.47990443364e-18,
                2.47560867792e-18,
                3.48117844099e-18,
                6.20628278284e-18,
                4.78575104124e-18,
                4.96495682582e-18,
                4.63746940386e-18,
                7.17060870018e-18,
                6.70188184299e-18,
                7.66803458872e-18,
                1.03877506761e-17,
                9.61705905471e-18,
                1.45742325246e-17,
                2.11663789331e-17,
                1.9397365512e-17,
                1.23517429752e-17,
                1.71377694676e-17,
                1.84136012639e-17,
                2.06126973183e-17,
                1.63533855256e-17,
                9.58818879697e-18,
                6.22015956479e-18,
                4.49979222194e-18,
                3.46163340389e-18,
                1.34423694459e-18,
                3.5905645984e-19,
                3.94582891335e-20
            ],
            "var": [
                2.30845737457,
                77.7073364258,
                440.949645996,
                277.207519531,
                360.112823486,
                334.509307861,
                1853.82910156,
                979.224060059,
                3283.2644043,
                4533.05810547,
                3007.20776367,
                2946.13720703,
                2420.6484375,
                2611.30859375,
                2405.52832031,
                2129.65454102,
                5109.22460938,
                11653.3945313,
                2561.48828125,
                908.694702148,
                627.487304688,
                858.742797852,
                499.31829834,
                389.7734375,
                535.035705566,
                809.453430176,
                423.507995605,
                312.957702637,
                341.401397705,
                281.002288818,
                163.369537354,
                86.4728012085,
                49.5049057007,
                20.8759880066,
                3.50304245949,
                1.15786600113,
                0.222816228867,
                0.00460497755557,
                2.01416896743e-05,
                8.16684959659e-08
            ]
        },
        "erbbands_crest": {
            "dmean": 3.58198332787,
            "dmean2": 5.62348365784,
            "dvar": 11.4715213776,
            "dvar2": 24.9198970795,
            "max": 32.5326004028,
            "mean": 11.0108642578,
            "median": 10.0962724686,
            "min": 2.09617590904,
            "var": 28.7881698608
        },
        "erbbands_flatness_db": {
            "dmean": 0.0288810078055,
            "dmean2": 0.0403820499778,
            "dvar": 0.000991945154965,
            "dvar2": 0.00197859690525,
            "max": 0.617350518703,
            "mean": 0.169159650803,
            "median": 0.159174203873,
            "min": 0.050476718694,
            "var": 0.00544042838737
        },
        "erbbands_kurtosis": {
            "dmean": 2.17303562164,
            "dmean2": 3.35888528824,
            "dvar": 28.5906715393,
            "dvar2": 63.8642616272,
            "max": 225.38230896,
            "mean": 2.18569254875,
            "median": 0.409390509129,
            "min": -1.9091271162,
            "var": 45.2678451538
        },
        "erbbands_skewness": {
            "dmean": 0.569317221642,
            "dmean2": 0.859563887119,
            "dvar": 0.358677297831,
            "dvar2": 0.804749369621,
            "max": 10.0460615158,
            "mean": 0.569657385349,
            "median": 0.491775244474,
            "min": -4.30945491791,
            "var": 1.11278748512
        },
        "erbbands_spread": {
            "dmean": 12.9605445862,
            "dmean2": 19.1705608368,
            "dvar": 212.186584473,
            "dvar2": 471.857696533,
            "max": 172.740600586,
            "mean": 39.6493263245,
            "median": 34.8455200195,
            "min": 0.289956003428,
            "var": 607.317993164
        },
        "gfcc": {
            "cov": [
                [
                    22228.1503906,
                    1925.44335938,
                    1042.23425293,
                    1705.34106445,
                    457.453369141,
                    1076.59667969,
                    -386.810180664,
                    713.301940918,
                    -417.455535889,
                    378.533111572,
                    -704.528869629,
                    119.938301086,
                    -474.257507324
                ],
                [
                    1925.44335938,
                    3137.60986328,
                    1302.61584473,
                    449.940002441,
                    726.165466309,
                    89.1105499268,
                    303.488800049,
                    31.994342804,
                    158.719726563,
                    -147.442932129,
                    -71.4290237427,
                    -107.745071411,
                    54.4876785278
                ],
                [
                    1042.23425293,
                    1302.61584473,
                    3345.72412109,
                    885.431030273,
                    995.463317871,
                    328.631378174,
                    178.904251099,
                    289.776916504,
                    14.9460639954,
                    80.1077194214,
                    -371.156402588,
                    63.258644104,
                    38.0798988342
                ],
                [
                    1705.34106445,
                    449.940002441,
                    885.431030273,
                    1001.89038086,
                    472.835876465,
                    266.946624756,
                    137.874359131,
                    70.515625,
                    86.6652069092,
                    25.5809421539,
                    -18.3798561096,
                    16.2412700653,
                    83.0445175171
                ],
                [
                    457.453369141,
                    726.165466309,
                    995.463317871,
                    472.835876465,
                    835.944396973,
                    229.654571533,
                    226.409439087,
                    123.41557312,
                    118.64855957,
                    38.7026138306,
                    -139.066635132,
                    -16.3852481842,
                    13.8313646317
                ],
                [
                    1076.59667969,
                    89.1105499268,
                    328.631378174,
                    266.946624756,
                    229.654571533,
                    389.480895996,
                    160.858901978,
                    136.717926025,
                    16.4332027435,
                    31.6518955231,
                    -49.7241668701,
                    8.73944854736,
                    -16.3651866913
                ],
                [
                    -386.810180664,
                    303.488800049,
                    178.904251099,
                    137.874359131,
                    226.409439087,
                    160.858901978,
                    404.876525879,
                    113.352684021,
                    53.6579475403,
                    -26.7595615387,
                    51.495891571,
                    -0.747234880924,
                    33.9023208618
                ],
                [
                    713.301940918,
                    31.994342804,
                    289.776916504,
                    70.515625,
                    123.41557312,
                    136.717926025,
                    113.352684021,
                    266.529785156,
                    47.7668952942,
                    45.5959892273,
                    -48.3310241699,
                    32.5239257813,
                    -4.86314868927
                ],
                [
                    -417.455535889,
                    158.719726563,
                    14.9460639954,
                    86.6652069092,
                    118.64855957,
                    16.4332027435,
                    53.6579475403,
                    47.7668952942,
                    263.771484375,
                    69.0335388184,
                    50.5537910461,
                    8.67664337158,
                    47.5828208923
                ],
                [
                    378.533111572,
                    -147.442932129,
                    80.1077194214,
                    25.5809421539,
                    38.7026138306,
                    31.6518955231,
                    -26.7595615387,
                    45.5959892273,
                    69.0335388184,
                    180.649124146,
                    30.5704250336,
                    24.7793998718,
                    -11.1021623611
                ],
                [
                    -704.528869629,
                    -71.4290237427,
                    -371.156402588,
                    -18.3798561096,
                    -139.066635132,
                    -49.7241668701,
                    51.495891571,
                    -48.3310241699,
                    50.5537910461,
                    30.5704250336,
                    303.374420166,
                    52.1204872131,
                    77.1591491699
                ],
                [
                    119.938301086,
                    -107.745071411,
                    63.258644104,
                    16.2412700653,
                    -16.3852481842,
                    8.73944854736,
                    -0.747234880924,
                    32.5239257813,
                    8.67664337158,
                    24.7793998718,
                    52.1204872131,
                    130.70640564,
                    52.5385246277
                ],
                [
                    -474.257507324,
                    54.4876785278,
                    38.0798988342,
                    83.0445175171,
                    13.8313646317,
                    -16.3651866913,
                    33.9023208618,
                    -4.86314868927,
                    47.5828208923,
                    -11.1021623611,
                    77.1591491699,
                    52.5385246277,
                    154.155075073
                ]
            ],
            "icov": [
                [
                    0.000170199127751,
                    -0.000272913166555,
                    0.000239626126131,
                    -0.000454171473393,
                    0.000173501903191,
                    -0.000257990905084,
                    0.000354043673724,
                    -0.000496888067573,
                    0.000543638307136,
                    -0.000620293139946,
                    0.000454417982837,
                    -0.000542080611922,
                    0.000413882691646
                ],
                [
                    -0.000272913166555,
                    0.000957801647019,
                    -0.000586582638789,
                    0.000780381669756,
                    -0.000554028956685,
                    0.000520581263117,
                    -0.000688449887093,
                    0.000911168695893,
                    -0.00119628966786,
                    0.00160785461776,
                    -0.00101609225385,
                    0.00132333312649,
                    -0.000625908607617
                ],
                [
                    0.000239626126131,
                    -0.000586582638789,
                    0.00104206753895,
                    -0.000989568885416,
                    -0.000164075914654,
                    -0.000216803353396,
                    0.000569468655158,
                    -0.00108120520599,
                    0.00125128496438,
                    -0.00137236376759,
                    0.00131839362439,
                    -0.00130943302065,
                    0.00035388476681
                ],
                [
                    -0.000454171473393,
                    0.000780381669756,
                    -0.000989568885416,
                    0.00302618113346,
                    -0.00103112123907,
                    -0.000321478961268,
                    -0.000641525257379,
                    0.00170205940958,
                    -0.00170801999047,
                    0.00194100674707,
                    -0.00179587153252,
                    0.00183992634993,
                    -0.00186688941903
                ],
                [
                    0.000173501903191,
                    -0.000554028956685,
                    -0.000164075914654,
                    -0.00103112123907,
                    0.00308742583729,
                    -0.000638802768663,
                    -0.000727895472664,
                    -0.000116898598208,
                    -0.000263650988927,
                    -0.00128269940615,
                    0.00155402696691,
                    -0.000524589791894,
                    0.000527125026565
                ],
                [
                    -0.000257990905084,
                    0.000520581263117,
                    -0.000216803353396,
                    -0.000321478961268,
                    -0.000638802768663,
                    0.00483258394524,
                    -0.00176455534529,
                    -0.000586225825828,
                    -0.000269892712822,
                    0.000368161156075,
                    -0.000188279693248,
                    0.000473401887575,
                    0.000231663492741
                ],
                [
                    0.000354043673724,
                    -0.000688449887093,
                    0.000569468655158,
                    -0.000641525257379,
                    -0.000727895472664,
                    -0.00176455534529,
                    0.00504785310477,
                    -0.00253753759898,
                    0.00105914799497,
                    0.000197720044525,
                    -0.000812793150544,
                    -0.000363076920621,
                    0.000443149474449
                ],
                [
                    -0.000496888067573,
                    0.000911168695893,
                    -0.00108120520599,
                    0.00170205940958,
                    -0.000116898598208,
                    -0.000586225825828,
                    -0.00253753759898,
                    0.00739647448063,
                    -0.00261470209807,
                    0.000867458933499,
                    -0.000152539796545,
                    9.95802838588e-05,
                    -0.000848947209306
                ],
                [
                    0.000543638307136,
                    -0.00119628966786,
                    0.00125128496438,
                    -0.00170801999047,
                    -0.000263650988927,
                    -0.000269892712822,
                    0.00105914799497,
                    -0.00261470209807,
                    0.00726648513228,
                    -0.00433470774442,
                    0.0011691369582,
                    -0.00122855696827,
                    -0.000335639138939
                ],
                [
                    -0.000620293139946,
                    0.00160785461776,
                    -0.00137236376759,
                    0.00194100674707,
                    -0.00128269940615,
                    0.000368161156075,
                    0.000197720044525,
                    0.000867458933499,
                    -0.00433470774442,
                    0.0106118721887,
                    -0.00376224447973,
                    0.00152459926903,
                    0.000420538883191
                ],
                [
                    0.000454417982837,
                    -0.00101609225385,
                    0.00131839362439,
                    -0.00179587153252,
                    0.00155402696691,
                    -0.000188279693248,
                    -0.000812793150544,
                    -0.000152539796545,
                    0.0011691369582,
                    -0.00376224447973,
                    0.007374108769,
                    -0.00343702547252,
                    -0.000737937167287
                ],
                [
                    -0.000542080611922,
                    0.00132333312649,
                    -0.00130943302065,
                    0.00183992634993,
                    -0.000524589791894,
                    0.000473401887575,
                    -0.000363076920621,
                    9.95802838588e-05,
                    -0.00122855696827,
                    0.00152459926903,
                    -0.00343702547252,
                    0.0125713348389,
                    -0.0046980236657
                ],
                [
                    0.000413882691646,
                    -0.000625908607617,
                    0.00035388476681,
                    -0.00186688941903,
                    0.000527125026565,
                    0.000231663492741,
                    0.000443149474449,
                    -0.000848947209306,
                    -0.000335639138939,
                    0.000420538883191,
                    -0.000737937167287,
                    -0.0046980236657,
                    0.0108572728932
                ]
            ],
            "mean": [
                -27.7831020355,
                75.5383529663,
                -101.638832092,
                25.2966709137,
                -58.5551185608,
                20.1015930176,
                -34.2406616211,
                7.844622612,
                -17.1924629211,
                9.43557929993,
                -5.17791652679,
                1.88633131981,
                -10.864941597
            ]
        },
        "hfc": {
            "dmean": 12.7809305191,
            "dmean2": 20.2188224792,
            "dvar": 421.802886963,
            "dvar2": 1020.35058594,
            "max": 179.551040649,
            "mean": 23.3146743774,
            "median": 17.2345428467,
            "min": 1.16196972321e-16,
            "var": 541.700561523
        },
        "melbands": {
            "dmean": [
                0.00392986694351,
                0.00317254778929,
                0.00131187366787,
                0.000586606794968,
                0.000410216365708,
                0.000337018136634,
                0.000351123977453,
                0.00025823636679,
                0.000152733569848,
                0.000113429407065,
                7.53551430535e-05,
                5.0990114687e-05,
                5.39082975592e-05,
                5.29912758793e-05,
                5.83769433433e-05,
                6.73739850754e-05,
                6.60605655867e-05,
                3.62447317457e-05,
                2.14901501749e-05,
                1.78359332494e-05,
                1.43382185342e-05,
                1.80964343599e-05,
                1.0751771697e-05,
                9.75613147602e-06,
                7.48702314013e-06,
                7.50331128074e-06,
                8.13040787762e-06,
                8.21937464934e-06,
