{
    "lowlevel": {
        "average_loudness": 0.852990031242,
        "barkbands": {
            "dmean": [
                0.00177063362207,
                0.00635027280077,
                0.00162097252905,
                0.00104659900535,
                0.00102628988679,
                0.00173417129554,
                0.00146211590618,
                0.00128197774757,
                0.0011028139852,
                0.000728549784981,
                0.000422074575908,
                0.00049029715592,
                0.000482581992401,
                0.000539729720913,
                0.000559039821383,
                0.000386729690945,
                0.000415274582338,
                0.000166595287737,
                0.000283970788587,
                0.00029245269252,
                0.000274736055871,
                0.000396456744056,
                0.000917643483263,
                0.000657271011733,
                0.000284981477307,
                0.000152796084876,
                3.57253484253e-05
            ],
            "dmean2": [
                0.00242470367812,
                0.00912013556808,
                0.00271886959672,
                0.00170641567092,
                0.00164935539942,
                0.00265710568056,
                0.00240028998815,
                0.00210058945231,
                0.00173545186408,
                0.00111583049875,
                0.000682901183609,
                0.000780374160968,
                0.000751370680518,
                0.000838887412101,
                0.000857604492921,
                0.000595350924414,
                0.000627718749456,
                0.000249438628089,
                0.000434134708485,
                0.000429624720709,
                0.000403490965255,
                0.000604741973802,
                0.00148849899415,
                0.001030895859,
                0.000456283072708,
                0.000254252372542,
                6.13681622781e-05
            ],
            "dvar": [
                1.95239317691e-05,
                0.000201738308533,
                3.53581381205e-05,
                5.36544166607e-06,
                4.72569672638e-06,
                1.0646544979e-05,
                8.12240705272e-06,
                8.31240140542e-06,
                8.67765356816e-06,
                4.60686123915e-06,
                1.32987543111e-06,
                1.56070859703e-06,
                1.23133770558e-06,
                1.66705797255e-06,
                2.08039909921e-06,
                1.01062732938e-06,
                1.24957216485e-06,
                3.69971587588e-07,
                4.10162414255e-07,
                3.88356340864e-07,
                8.10553672181e-07,
                9.45311228406e-07,
                3.27439011016e-06,
                2.00477052203e-06,
                3.62039571655e-07,
                1.11792786583e-07,
                1.07866293675e-08
            ],
            "dvar2": [
                3.82046200684e-05,
                0.000407272571465,
                8.02556678536e-05,
                1.36311664392e-05,
                1.24141388369e-05,
                2.15544678213e-05,
                2.06134554901e-05,
                2.03244562726e-05,
                2.01540115086e-05,
                9.52651498665e-06,
                3.41051031683e-06,
                3.47655827682e-06,
                2.66012034444e-06,
                3.85477233067e-06,
                4.57555370303e-06,
                2.14204169424e-06,
                2.86564204544e-06,
                7.37855486932e-07,
                8.87422686446e-07,
                7.9460608049e-07,
                1.5314999473e-06,
                1.86274121461e-06,
                7.85704924056e-06,
                4.11972223446e-06,
                8.07739695574e-07,
                2.8601351687e-07,
                2.88781709656e-08
            ],
            "max": [
                0.0716418027878,
                0.160795480013,
                0.0917186141014,
                0.036361258477,
                0.0432381182909,
                0.0478486344218,
                0.0385192446411,
                0.0388749502599,
                0.0529640875757,
                0.0347981192172,
                0.0276526510715,
                0.023165255785,
                0.0138162272051,
                0.0180871915072,
                0.0197474062443,
                0.0124100008979,
                0.0193929746747,
                0.00910760462284,
                0.0131842140108,
                0.0124269928783,
                0.0125067923218,
                0.0109939333051,
                0.0151797253639,
                0.0211254488677,
                0.00809173751622,
                0.00460770633072,
                0.00126329017803
            ],
            "mean": [
                0.0051466031,
                0.0208353698254,
                0.00184383662418,
                0.00133219186682,
                0.00143648148514,
                0.00252969190478,
                0.00225032144226,
                0.00147847447079,
                0.00157865416259,
                0.000960634031799,
                0.000556961109396,
                0.000613608572166,
                0.000618956517428,
                0.000631298869848,
                0.000613452633843,
                0.000455448112916,
                0.000484329240862,
                0.000199312780751,
                0.0003546877997,
                0.000377240212401,
                0.000321547384374,
                0.000472931598779,
                0.00085808505537,
                0.000649806053843,
                0.000282743916614,
                0.000129290259792,
                2.68214498647e-05
            ],
            "median": [
                2.10831672121e-07,
                1.23905711007e-05,
                0.000202254683245,
                0.000502790615428,
                0.000517972745001,
                0.000760761380661,
                0.00113512366079,
                0.000471690815175,
                0.000257079489529,
                0.000111677007226,
                0.000120150652947,
                0.00013350090012,
                9.24398627831e-05,
                0.00013335768017,
                5.69995427213e-05,
                6.44569518045e-05,
                6.6413776949e-05,
                2.39049677475e-05,
                7.14306806913e-05,
                6.54406903777e-05,
                1.36736516652e-05,
                6.82970858179e-05,
                7.40160903661e-05,
                7.89017649367e-05,
                4.22490338678e-05,
                1.36484522955e-05,
                1.24657515244e-06
            ],
            "min": [
                8.27701181864e-24,
                5.16654194683e-24,
                2.0841784002e-24,
                1.82414554893e-23,
                7.56816270846e-24,
                4.71492318067e-23,
                3.86786421993e-23,
                2.08622107663e-23,
                2.85074672733e-23,
                1.1582920402e-22,
                4.05662506615e-23,
                2.13976895488e-23,
                7.11632053689e-23,
                6.52386580223e-23,
                2.30082150356e-22,
                1.67861964457e-22,
                8.72826187122e-23,
                1.28114620835e-22,
                2.76828962126e-22,
                3.55912911585e-22,
                3.05855433611e-22,
                4.88310706348e-22,
                5.32306779075e-22,
                6.97249693126e-22,
                1.24481412758e-21,
                1.64375782382e-21,
                2.23259722789e-21
            ],
            "var": [
                0.000154341876623,
                0.00124364171643,
                3.66967797163e-05,
                6.40686084807e-06,
                7.11867596692e-06,
                2.09989430004e-05,
                1.37769557114e-05,
                9.31931481318e-06,
                1.20597742352e-05,
                8.23882874101e-06,
                2.68304188467e-06,
                2.22058224608e-06,
                2.04178877539e-06,
                2.00331919586e-06,
                2.70267355518e-06,
                1.38291466101e-06,
                1.46914169363e-06,
                5.02847910866e-07,
                5.82521863635e-07,
                6.51175696476e-07,
                1.32766376737e-06,
                1.54098313487e-06,
                3.67524080502e-06,
                2.82603082269e-06,
                4.40794963197e-07,
                9.3865324402e-08,
                7.64722596358e-09
            ]
        },
        "barkbands_crest": {
            "dmean": 3.05181455612,
            "dmean2": 4.82650136948,
            "dvar": 8.23315906525,
            "dvar2": 19.5929050446,
            "max": 26.6214199066,
            "mean": 12.8425865173,
            "median": 12.3460416794,
            "min": 2.24814867973,
            "var": 28.9135608673
        },
        "barkbands_flatness_db": {
            "dmean": 0.0351851209998,
            "dmean2": 0.0499717183411,
            "dvar": 0.00112848042045,
            "dvar2": 0.00196410156786,
            "max": 0.551506578922,
            "mean": 0.19663220644,
            "median": 0.172768265009,
            "min": 0.0230376347899,
            "var": 0.00877239741385
        },
        "barkbands_kurtosis": {
            "dmean": 7.83944320679,
            "dmean2": 12.0980415344,
            "dvar": 255.734054565,
            "dvar2": 592.715454102,
            "max": 285.447601318,
            "mean": 10.8996334076,
            "median": 3.92614841461,
            "min": -1.93482601643,
            "var": 447.878265381
        },
        "barkbands_skewness": {
            "dmean": 0.971550881863,
            "dmean2": 1.42202162743,
            "dvar": 1.06237018108,
            "dvar2": 2.21787261963,
            "max": 14.3864278793,
            "mean": 2.00776028633,
            "median": 1.7152094841,
            "min": -5.50182580948,
            "var": 4.62519979477
        },
        "barkbands_spread": {
            "dmean": 10.086555481,
            "dmean2": 15.8475627899,
            "dvar": 159.916809082,
            "dvar2": 382.195404053,
            "max": 111.426528931,
            "mean": 20.337474823,
            "median": 14.9117517471,
            "min": 0.337142765522,
            "var": 322.044250488
        },
        "dissonance": {
            "dmean": 0.0331567898393,
            "dmean2": 0.0541114583611,
            "dvar": 0.00112057907972,
            "dvar2": 0.00295166415162,
            "max": 0.500000059605,
            "mean": 0.43226402998,
            "median": 0.447790235281,
            "min": 0.11765473336,
            "var": 0.00327920285054
        },
        "dynamic_complexity": 2.33882975578,
        "erbbands": {
            "dmean": [
                0.305057615042,
                1.25479102135,
                1.87088394165,
                2.66147327423,
                3.42059254646,
                3.56991386414,
                6.80682897568,
                16.9709148407,
                15.9294042587,
                30.4971027374,
                23.8436183929,
                24.7157611847,
                22.1988258362,
                20.9545669556,
                15.6418561935,
                19.7213535309,
                20.6599349976,
                25.7944221497,
                25.9689350128,
                24.4342021942,
                22.0966434479,
                20.7599010468,
                8.94651222229,
                10.1613378525,
                17.2863121033,
                13.4991664886,
                10.006023407,
                12.0345621109,
                13.1607561111,
                20.4017124176,
                25.9733905792,
                18.3200244904,
                8.1503276825,
                3.87347960472,
                1.69557237625,
                0.812103569508,
                0.263336002827,
                0.0502109080553,
                0.00604983465746,
                0.000311948970193
            ],
            "dmean2": [
                0.411365389824,
                1.93742287159,
                3.07585048676,
                4.38763189316,
                5.55903625488,
                5.74539804459,
                10.6908826828,
                26.2788333893,
                25.191942215,
                50.3144264221,
                38.6853218079,
                38.9519500732,
                32.9297294617,
                31.8935832977,
                25.1091880798,
                30.9227275848,
                31.0526866913,
                39.9128189087,
                38.8696250916,
                35.792301178,
                32.6795310974,
                30.6221466064,
                13.1154203415,
                15.3891372681,
                26.0022792816,
                19.8145484924,
                14.6929712296,
                18.0198307037,
                19.9377479553,
                32.0762176514,
                42.2617721558,
                29.1323318481,
                12.7406768799,
                6.1564002037,
                2.74829888344,
                1.33725559711,
                0.440470814705,
                0.0853647962213,
                0.0102827418596,
                0.000532774720341
            ],
            "dvar": [
                0.43399271369,
                10.9291296005,
                40.8673400879,
                49.6061706543,
                56.2943382263,
                70.4018478394,
                173.287689209,
                1262.17272949,
                904.021606445,
                3705.83764648,
                2992.61010742,
                4767.39990234,
                4284.9765625,
                3186.48193359,
                1668.05529785,
                2651.57885742,
                2214.53881836,
                4317.75830078,
                3460.64257812,
                4170.91455078,
                3569.3659668,
                2474.43237305,
                863.583557129,
                869.553222656,
                1367.20214844,
                937.679992676,
                945.087402344,
                1583.86633301,
                1181.07434082,
                1731.03051758,
                2619.5546875,
                1420.40039062,
                413.61517334,
                75.6893310547,
                12.1434078217,
                2.74276804924,
                0.35053268075,
                0.0146323433146,
                0.00031780244899,
                1.01825503407e-06
            ],
            "dvar2": [
                0.825794577599,
                26.0953598022,
                90.34324646,
                118.618713379,
                150.076797485,
                177.116043091,
                403.831390381,
                2583.1027832,
                2115.6184082,
                9430.53710938,
                7505.19140625,
                11146.4628906,
                8841.39160156,
                7248.109375,
                4252.35986328,
                5657.32080078,
                4553.08007812,
                9920.40820312,
                7468.70654297,
                7721.27832031,
                7795.85253906,
                5404.51855469,
                1813.21728516,
                1615.43261719,
                2876.65454102,
                1961.27294922,
                1798.86657715,
                2900.21899414,
                2398.10253906,
                3807.61499023,
                6331.83300781,
                3109.66088867,
                835.364257812,
                167.097763062,
                27.8261127472,
                6.79239416122,
                0.908563017845,
                0.0380447357893,
                0.000849720148835,
                2.75023990071e-06
            ],
            "max": [
                8.19293022156,
                36.8108329773,
                98.9382476807,
                125.254295349,
                122.1588974,
                189.917037964,
                244.108505249,
                434.949676514,
                506.267272949,
                1018.37713623,
                755.121459961,
                1208.78063965,
                1044.90161133,
                1015.31054688,
                803.963134766,
                926.527160645,
                752.230957031,
                983.985046387,
                838.959655762,
                894.396240234,
                902.872253418,
                731.775695801,
                439.641693115,
                387.789123535,
                645.342224121,
                504.762695312,
                394.926605225,
                539.077453613,
                443.371856689,
                482.558135986,
                505.476593018,
                638.260803223,
                383.054107666,
                163.724716187,
                53.2130622864,
                24.5076618195,
                8.19186306,
                1.32266128063,
                0.231088593602,
                0.0146787520498
            ],
            "mean": [
                1.04892981052,
                2.91634225845,
                2.63656806946,
                3.41192650795,
                4.56537866592,
                4.8976111412,
                9.89808177948,
                24.0929546356,
                24.9516010284,
                42.9763946533,
                32.9621582031,
                34.594455719,
                28.5496482849,
                29.85779953,
                20.7411842346,
                25.8125972748,
                28.4372596741,
                30.4677829742,
                33.3020515442,
                30.0617408752,
                26.2543811798,
                25.8959617615,
                11.1121835709,
                13.3885335922,
                22.1149368286,
                17.3010005951,
                12.1563205719,
                14.3290281296,
                15.5563287735,
                21.8087558746,
                24.0062923431,
                17.4020843506,
                8.44375228882,
                3.85020542145,
                1.66296470165,
                0.718602716923,
                0.215084865689,
                0.0393721610308,
                0.00463536707684,
                0.000280009640846
            ],
            "median": [
                0.000246434356086,
                0.00810416135937,
                0.210493475199,
                1.36579322815,
                1.75199103355,
                1.40914583206,
                3.50242638588,
                6.3018989563,
                11.3096675873,
                19.8768730164,
                11.6473150253,
                6.71833848953,
                3.86713600159,
                5.09218883514,
                5.01657819748,
                5.78447008133,
                5.44713973999,
                6.2924041748,
                5.56658220291,
                3.28993654251,
                4.1859960556,
                4.2092924118,
                1.76537907124,
                2.33913064003,
                4.27780723572,
                3.09858703613,
                1.27310657501,
                0.642400324345,
                1.95343542099,
                3.0621650219,
                1.88420498371,
                1.68736207485,
                1.16121900082,
                0.547513842583,
                0.244053080678,
                0.0869843363762,
                0.0196695718914,
                0.00285776518285,
                0.000251557125011,
                7.43305281503e-05
            ],
            "min": [
                2.88278577657e-22,
                7.77024810956e-22,
                3.39115374475e-21,
                3.50724062735e-20,
                2.93563782144e-20,
                3.23690346288e-20,
                1.07649717895e-19,
                4.15845924409e-19,
                5.07502964653e-19,
                7.02876149399e-19,
                4.44628707799e-19,
                7.11125466552e-19,
                1.42809661849e-18,
                4.48707432002e-18,
                9.54539957107e-19,
                1.48399975904e-18,
                3.28829232985e-18,
                5.07480806552e-18,
                8.06202733192e-18,
                8.69009729923e-18,
                1.09200761418e-17,
                5.64214188276e-18,
                5.45632816586e-18,
                1.05616612639e-17,
                1.232489931e-17,
                1.87102398121e-17,
                1.1022089018e-17,
                1.32842700019e-17,
                1.40201489e-17,
                2.11044413032e-17,
                1.65210633076e-17,
                1.47363963206e-17,
                1.19928284803e-17,
                1.16022991423e-17,
                9.59191028255e-18,
                5.75622249694e-18,
                3.11505899609e-18,
                1.20400108624e-18,
                3.08815603234e-19,
                3.56495036912e-20
            ],
            "var": [
                3.3265619278,
                37.7892341614,
                57.9184989929,
                53.9861221313,
                71.9940109253,
                112.995773315,
                332.801513672,
                2188.13061523,
                1554.77087402,
                5309.87890625,
                3533.56982422,
                6430.19384766,
                6510.11767578,
                6403.87890625,
                2837.72387695,
                3941.00073242,
                3930.7668457,
                5176.91357422,
                5144.54443359,
                6595.73681641,
                4392.95361328,
                3401.19897461,
                1163.21252441,
                1315.51660156,
                2130.07788086,
                1430.58886719,
                1524.59973145,
                2681.48022461,
                1826.68859863,
                2416.65087891,
                2918.54907227,
                1826.40466309,
                585.537658691,
                92.927520752,
                14.373418808,
                2.57093024254,
                0.279353350401,
                0.0112782102078,
                0.000226895645028,
                7.00947111909e-07
            ]
        },
        "erbbands_crest": {
            "dmean": 3.32439923286,
            "dmean2": 5.36927700043,
            "dvar": 8.75963592529,
            "dvar2": 20.8805027008,
            "max": 31.1369571686,
            "mean": 11.2332439423,
            "median": 10.1957569122,
            "min": 2.71843409538,
            "var": 24.9563961029
        },
        "erbbands_flatness_db": {
            "dmean": 0.0299161709845,
            "dmean2": 0.0453325212002,
            "dvar": 0.000781353504863,
            "dvar2": 0.00161111971829,
            "max": 0.535927832127,
            "mean": 0.193834275007,
            "median": 0.174867197871,
            "min": 0.0549637712538,
            "var": 0.00691915024072
        },
        "erbbands_kurtosis": {
            "dmean": 2.06086444855,
            "dmean2": 3.26189732552,
            "dvar": 8.70567989349,
            "dvar2": 20.2364959717,
            "max": 71.1472702026,
            "mean": 1.78122746944,
            "median": 0.321614265442,
            "min": -1.88865077496,
            "var": 16.9341678619
        },
        "erbbands_skewness": {
            "dmean": 0.665279448032,
            "dmean2": 0.99661052227,
            "dvar": 0.469515532255,
            "dvar2": 1.03099143505,
            "max": 7.08133411407,
            "mean": 0.406494766474,
            "median": 0.450059860945,
            "min": -5.12359237671,
            "var": 1.53858673573
        },
        "erbbands_spread": {
            "dmean": 14.8725452423,
            "dmean2": 23.8382587433,
            "dvar": 309.065185547,
            "dvar2": 754.729858398,
            "max": 175.34664917,
            "mean": 38.9328041077,
            "median": 33.8656997681,
            "min": 1.46355998516,
            "var": 668.339233398
        },
        "gfcc": {
            "cov": [
                [
                    8949.31640625,
                    -3821.98754883,
                    355.008026123,
                    1969.85229492,
                    -168.673217773,
                    879.241455078,
                    105.515007019,
                    876.781982422,
                    -207.891937256,
                    165.829864502,
                    -202.204162598,
                    253.38973999,
                    -187.817306519
                ],
                [
                    -3821.98754883,
                    4569.42626953,
                    11.1415548325,
                    -879.773742676,
                    978.317565918,
                    -406.332336426,
                    296.081359863,
                    -230.349761963,
                    263.009857178,
                    -177.700469971,
                    378.689666748,
                    -90.3396453857,
                    388.528961182
                ],
                [
                    355.008026123,
                    11.1415548325,
                    1607.85083008,
                    539.573730469,
                    310.106414795,
                    496.865661621,
                    257.502410889,
                    199.808929443,
                    250.014816284,
                    181.972366333,
                    96.3741760254,
                    148.897689819,
                    96.0585021973
                ],
                [
                    1969.85229492,
                    -879.773742676,
                    539.573730469,
                    1451.90161133,
                    198.055206299,
                    407.539916992,
                    161.887145996,
                    335.066192627,
                    180.714569092,
                    176.993209839,
                    66.3520736694,
                    80.3252029419,
                    77.5738372803
                ],
                [
                    -168.673217773,
                    978.317565918,
                    310.106414795,
                    198.055206299,
                    803.868164062,
                    165.879058838,
                    300.393951416,
                    215.477630615,
                    246.824676514,
                    94.4535293579,
                    141.822250366,
                    42.2100372314,
                    177.777145386
                ],
                [
                    879.241455078,
                    -406.332336426,
                    496.865661621,
                    407.539916992,
                    165.879058838,
                    597.371643066,
                    293.394470215,
                    287.94052124,
                    152.445953369,
                    110.612754822,
                    -1.16599929333,
                    56.0667304993,
                    17.0937271118
                ],
                [
                    105.515007019,
                    296.081359863,
                    257.502410889,
                    161.887145996,
                    300.393951416,
                    293.394470215,
                    536.979797363,
                    256.077514648,
                    128.67880249,
                    75.529510498,
                    46.8379516602,
                    65.2640762329,
                    51.5664176941
                ],
                [
                    876.781982422,
                    -230.349761963,
                    199.808929443,
                    335.066192627,
                    215.477630615,
                    287.94052124,
                    256.077514648,
                    453.882873535,
                    118.405975342,
                    82.1130447388,
                    27.8384933472,
                    33.9707527161,
                    -0.4104193151
                ],
                [
                    -207.891937256,
                    263.009857178,
                    250.014816284,
                    180.714569092,
                    246.824676514,
                    152.445953369,
                    128.67880249,
                    118.405975342,
                    334.070831299,
                    113.702079773,
                    76.1595458984,
                    12.2336120605,
                    74.3226928711
                ],
                [
                    165.829864502,
                    -177.700469971,
                    181.972366333,
                    176.993209839,
                    94.4535293579,
                    110.612754822,
                    75.529510498,
                    82.1130447388,
                    113.702079773,
                    186.372085571,
                    43.2781143188,
                    18.7473564148,
                    27.7733268738
                ],
                [
                    -202.204162598,
                    378.689666748,
                    96.3741760254,
                    66.3520736694,
                    141.822250366,
                    -1.16599929333,
                    46.8379516602,
                    27.8384933472,
                    76.1595458984,
                    43.2781143188,
                    196.012924194,
                    45.1616592407,
                    57.9366836548
                ],
                [
                    253.38973999,
                    -90.3396453857,
                    148.897689819,
                    80.3252029419,
                    42.2100372314,
                    56.0667304993,
                    65.2640762329,
                    33.9707527161,
                    12.2336120605,
                    18.7473564148,
                    45.1616592407,
                    142.252731323,
                    33.7152900696
                ],
                [
                    -187.817306519,
                    388.528961182,
                    96.0585021973,
                    77.5738372803,
                    177.777145386,
                    17.0937271118,
                    51.5664176941,
                    -0.4104193151,
                    74.3226928711,
                    27.7733268738,
                    57.9366836548,
                    33.7152900696,
                    173.301635742
                ]
            ],
            "icov": [
                [
                    0.000290334806778,
                    0.00015826857998,
                    7.08490188117e-05,
                    -0.000239748347667,
                    -0.000154134642798,
                    -0.000169572944287,
                    0.000166809375514,
                    -0.000336135184625,
                    0.000326463254169,
                    0.000122305587865,
                    6.73716713209e-05,
                    -0.00031201809179,
                    3.08541930281e-05
                ],
                [
                    0.00015826857998,
                    0.000904172135051,
                    -0.000145008089021,
                    0.000307057925966,
                    -0.000780690985266,
                    0.000403493264457,
                    -0.00049552496057,
                    0.000195244807401,
                    -0.00014677872241,
                    0.00123613607138,
                    -0.00111214502249,
                    0.000952526403125,
                    -0.000952332746238
                ],
                [
                    7.08490188117e-05,
                    -0.000145008089021,
                    0.00105968560092,
                    -0.00028144850512,
                    -5.14964667673e-05,
                    -0.000865077250637,
                    0.00025057271705,
                    0.000142729608342,
                    -8.04105511634e-05,
                    -0.000524088856764,
                    0.000181640527444,
                    -0.00100407621358,
                    0.000257519539446
                ],
                [
                    -0.000239748347667,
                    0.000307057925966,
                    -0.00028144850512,
                    0.00144771812484,
                    -0.000176707239007,
                    1.74768210854e-05,
                    -0.00013078514894,
                    -8.96200363059e-05,
                    -0.000432841508882,
                    8.5559389845e-05,
                    -0.000759233837016,
                    0.000714794616215,
                    -0.000935331918299
                ],
                [
                    -0.000154134642798,
                    -0.000780690985266,
                    -5.14964667673e-05,
                    -0.000176707239007,
                    0.00311195128597,
                    -4.99551242683e-06,
                    -0.000395233626477,
                    -0.000844233203679,
                    -0.000723030476365,
                    -0.000870399468113,
                    0.000214915926335,
                    -0.000271058466751,
                    -0.000954918505158
                ],
                [
                    -0.000169572944287,
                    0.000403493264457,
                    -0.000865077250637,
                    1.74768210854e-05,
                    -4.99551242683e-06,
                    0.00414308393374,
                    -0.00160300545394,
                    -0.000725438294467,
                    -0.0008968791808,
                    0.000363679107977,
                    0.000192162537132,
                    0.000803428411018,
                    -0.000439162569819
                ],
                [
                    0.000166809375514,
                    -0.00049552496057,
                    0.00025057271705,
                    -0.00013078514894,
                    -0.000395233626477,
                    -0.00160300545394,
                    0.00392696959898,
                    -0.00146421627142,
                    0.000451239175163,
                    -0.000919814279769,
                    0.000863767636474,
                    -0.00184351659846,
                    0.000626741559245
                ],
                [
                    -0.000336135184625,
                    0.000195244807401,
                    0.000142729608342,
                    -8.96200363059e-05,
                    -0.000844233203679,
                    -0.000725438294467,
                    -0.00146421627142,
                    0.00479116616771,
                    -0.000733387947548,
                    0.000167058926309,
                    -0.00067825964652,
                    0.000727112405002,
                    0.000916650227737
                ],
                [
                    0.000326463254169,
                    -0.00014677872241,
                    -8.04105511634e-05,
                    -0.000432841508882,
                    -0.000723030476365,
                    -0.0008968791808,
                    0.000451239175163,
                    -0.000733387947548,
                    0.00550476228818,
                    -0.00216187303886,
                    -0.00028025728534,
                    0.000170697865542,
                    -0.000338486570399
                ],
                [
                    0.000122305587865,
                    0.00123613607138,
                    -0.000524088856764,
                    8.5559389845e-05,
                    -0.000870399468113,
                    0.000363679107977,
                    -0.000919814279769,
                    0.000167058926309,
                    -0.00216187303886,
                    0.00930256210268,
                    -0.00239479285665,
                    0.00159986980725,
                    -0.00132980581839
                ],
                [
                    6.73716713209e-05,
                    -0.00111214502249,
                    0.000181640527444,
                    -0.000759233837016,
                    0.000214915926335,
                    0.000192162537132,
                    0.000863767636474,
                    -0.00067825964652,
                    -0.00028025728534,
                    -0.00239479285665,
                    0.00846526771784,
                    -0.00346468109637,
                    0.000655475945678
                ],
                [
                    -0.00031201809179,
                    0.000952526403125,
                    -0.00100407621358,
                    0.000714794616215,
                    -0.000271058466751,
                    0.000803428411018,
                    -0.00184351659846,
                    0.000727112405002,
                    0.000170697865542,
                    0.00159986980725,
                    -0.00346468109637,
                    0.0108025046065,
                    -0.00276089319959
                ],
                [
                    3.08541930281e-05,
                    -0.000952332746238,
                    0.000257519539446,
                    -0.000935331918299,
                    -0.000954918505158,
                    -0.000439162569819,
                    0.000626741559245,
                    0.000916650227737,
                    -0.000338486570399,
                    -0.00132980581839,
                    0.000655475945678,
                    -0.00276089319959,
                    0.00972956605256
                ]
            ],
            "mean": [
                -21.4071540833,
                69.1015472412,
                -105.926872253,
                6.36142778397,
                -69.8148193359,
                9.51849555969,
                -48.4591522217,
                2.51237034798,
                -17.1919021606,
                1.83770656586,
                -12.6766748428,
                -6.38961458206,
                -18.084936142
            ]
        },
        "hfc": {
            "dmean": 23.9849071503,
            "dmean2": 35.7599143982,
            "dvar": 1844.15014648,
            "dvar2": 3553.99975586,
            "max": 473.210662842,
            "mean": 37.3530082703,
            "median": 19.5718250275,
            "min": 1.1813196615e-16,
            "var": 2936.03076172
        },
        "melbands": {
            "dmean": [
                0.00210907426663,
                0.00107804441359,
                0.000481979775941,
                0.000236883715843,
                0.00021582073532,
                0.000363761966582,
                0.000265756447334,
                0.00033099099528,
                0.000188484860701,
                0.000161012081662,
                0.000114625698188,
                9.13309122552e-05,
                5.4576961702e-05,
                5.2056122513e-05,
                5.88018338021e-05,
                4.47936472483e-05,
                5.06570358993e-05,
                4.21984696004e-05,
                4.39474351879e-05,
                2.80062868114e-05,
                2.82843520836e-05,
                2.57995216089e-05,
                1.13643864097e-05,
                7.13434565114e-06,
                8.33858393889e-06,
                1.26004815684e-05,
                1.2807825442e-05,
                8.7226044343e-06,
