{
    "lowlevel": {
        "average_loudness": 0.860982716084,
        "barkbands": {
            "dmean": [
                0.000364824547432,
                0.00421092659235,
                0.00213788100518,
                0.00217806384899,
                0.00102987664286,
                0.00177958421409,
                0.000791958125774,
                0.000580438005272,
                0.00113543518819,
                0.000837253523059,
                0.000881935935467,
                0.000956546340603,
                0.00107375252992,
                0.000824880669825,
                0.000392812478822,
                0.000351468421286,
                0.000167114994838,
                0.000191229075426,
                0.000141536991578,
                0.000120901378978,
                0.000124748417875,
                0.000125294260215,
                0.000181870767847,
                0.000207434408367,
                0.000224329007324,
                0.000263429246843,
                7.35832436476e-05
            ],
            "dmean2": [
                0.000491610961035,
                0.00696305418387,
                0.00368363410234,
                0.00348977628164,
                0.00180979759898,
                0.00317609147169,
                0.00132759753615,
                0.00094860966783,
                0.00177589128725,
                0.00128383853007,
                0.00137478194665,
                0.0014472969342,
                0.00166349008214,
                0.00127333309501,
                0.000615691067651,
                0.00057465932332,
                0.000258543499513,
                0.000301306688925,
                0.000220657413593,
                0.000195182685275,
                0.000212962651858,
                0.000218058426981,
                0.000316403165925,
                0.000365273852367,
                0.000385121646104,
                0.000458405527752,
                0.000126412734971
            ],
            "dvar": [
                4.13565828694e-07,
                8.44177266117e-05,
                5.43972091691e-05,
                5.28055425093e-05,
                9.31783233682e-06,
                2.19191351789e-05,
                2.89669856102e-06,
                2.17800311475e-06,
                5.61621345696e-06,
                3.63629374078e-06,
                5.46269984625e-06,
                6.20206128588e-06,
                9.40081190492e-06,
                5.15361898579e-06,
                1.09411416815e-06,
                1.06192226212e-06,
                2.22620684553e-07,
                2.60959467369e-07,
                1.02068149488e-07,
                5.49653726978e-08,
                1.094073383e-07,
                9.37357071962e-08,
                1.6535291536e-07,
                2.67865658543e-07,
                3.92141203065e-07,
                6.47089507311e-07,
                2.04422448746e-07
            ],
            "dvar2": [
                8.69967550443e-07,
                0.000225457610213,
                0.000147384082084,
                0.000121677141578,
                2.64925474767e-05,
                6.196142931e-05,
                7.35310277378e-06,
                5.37375217391e-06,
                1.29248219309e-05,
                7.55580686018e-06,
                1.19506885312e-05,
                1.28956144181e-05,
                2.08720830415e-05,
                1.11736153485e-05,
                2.43532394961e-06,
                2.68214080279e-06,
                4.75839925684e-07,
                6.26900316547e-07,
                2.23916572395e-07,
                1.29363954215e-07,
                3.10649568291e-07,
                2.63670557388e-07,
                4.51154591019e-07,
                7.2927639394e-07,
                1.05792742033e-06,
                1.77246590738e-06,
                5.72253270548e-07
            ],
            "max": [
                0.00989771820605,
                0.125886291265,
                0.093767374754,
                0.136932253838,
                0.0388659760356,
                0.0634818226099,
                0.0398815535009,
                0.0383367799222,
                0.0626384019852,
                0.0552441999316,
                0.0479345433414,
                0.0555011481047,
                0.081500671804,
                0.0578369051218,
                0.0222369208932,
                0.023054651916,
                0.0131417149678,
                0.0139168892056,
                0.00767377205193,
                0.00500943278894,
                0.00388918537647,
                0.00349237094633,
                0.00393349397928,
                0.00601659761742,
                0.00877211429179,
                0.0274007562548,
                0.0272869877517
            ],
            "mean": [
                0.0010079172207,
                0.00706993695349,
                0.00196771742776,
                0.00226171547547,
                0.00131808232982,
                0.00179807201494,
                0.00107152108103,
                0.000797437562142,
                0.00193385244347,
                0.00139130710158,
                0.001368879457,
                0.00155546376482,
                0.00148137786891,
                0.00118598924018,
                0.000532453530468,
                0.000454612978501,
                0.000245205679676,
                0.000256621860899,
                0.000225524549023,
                0.000171102234162,
                0.000149802639498,
                0.000138474802952,
                0.000188038829947,
                0.000204211566597,
                0.000212896222365,
                0.000235499624978,
                6.8908011599e-05
            ],
            "median": [
                0.000190118254977,
                0.00286405999213,
                0.000459343544208,
                0.000395247538108,
                0.000558533181902,
                0.000554914004169,
                0.000447744852863,
                0.000264912378043,
                0.000611974508502,
                0.000295282457955,
                0.000179102484253,
                0.000219280947931,
                0.000196064298507,
                0.000194693420781,
                0.000124560261611,
                8.91714880709e-05,
                5.63700123166e-05,
                6.32969749859e-05,
                7.56873050705e-05,
                6.43158709863e-05,
                3.73119110009e-05,
                3.27051129716e-05,
                4.12718000007e-05,
                3.07345471811e-05,
                2.20664442168e-05,
                1.27874081954e-05,
                3.98692918679e-06
            ],
            "min": [
                2.06898395309e-24,
                5.962999977e-24,
                9.22669365509e-25,
                8.31106193959e-26,
                9.93415220072e-24,
                1.12103429742e-23,
                1.06887891644e-23,
                7.35266010865e-24,
                1.35937726033e-23,
                2.50185784587e-23,
                2.47936537042e-23,
                2.90429996983e-23,
                2.65986416083e-23,
                5.75957949192e-23,
                5.49646408777e-23,
                5.94064263342e-23,
                9.28993777771e-23,
                1.00474487195e-22,
                1.28843667151e-22,
                1.97997019017e-22,
                2.09008179346e-22,
                3.61814979551e-22,
                4.22635322307e-22,
                6.68146153086e-22,
                8.1065739709e-22,
                1.35945063702e-21,
                2.08617898932e-21
            ],
            "var": [
                2.39486553255e-06,
                0.000108179920062,
                3.70130583178e-05,
                5.468749805e-05,
                7.09738424121e-06,
                1.60884264915e-05,
                3.87483305531e-06,
                3.32920762958e-06,
                1.38065042847e-05,
                1.13598262033e-05,
                1.40415877468e-05,
                1.84302462003e-05,
                1.914492168e-05,
                9.9011876955e-06,
                1.91401636584e-06,
                1.51173071572e-06,
                5.80548316975e-07,
                3.57943207518e-07,
                2.09783394212e-07,
                9.51782439529e-08,
                1.02580827388e-07,
                8.83082265091e-08,
                1.56617687708e-07,
                2.33934855487e-07,
                3.22413086451e-07,
                5.06620779106e-07,
                1.30718845526e-07
            ]
        },
        "barkbands_crest": {
            "dmean": 2.85837316513,
            "dmean2": 4.57657957077,
            "dvar": 6.5845913887,
            "dvar2": 16.280002594,
            "max": 26.3704776764,
            "mean": 10.7003679276,
            "median": 9.99591732025,
            "min": 2.22667336464,
            "var": 18.1968326569
        },
        "barkbands_flatness_db": {
            "dmean": 0.0294876284897,
            "dmean2": 0.0434521064162,
            "dvar": 0.00093551928876,
            "dvar2": 0.00209291931242,
            "max": 0.429412454367,
            "mean": 0.137997120619,
            "median": 0.127121031284,
            "min": 0.0092602185905,
            "var": 0.0037168271374
        },
        "barkbands_kurtosis": {
            "dmean": 3.70664691925,
            "dmean2": 6.22054338455,
            "dvar": 87.594871521,
            "dvar2": 255.247268677,
            "max": 304.953491211,
            "mean": 4.0065984726,
            "median": 1.31904125214,
            "min": -1.89926731586,
            "var": 103.309295654
        },
        "barkbands_skewness": {
            "dmean": 0.682582378387,
            "dmean2": 1.06037819386,
            "dvar": 0.642727375031,
            "dvar2": 1.65936791897,
            "max": 15.3149147034,
            "mean": 1.23460483551,
            "median": 1.0592455864,
            "min": -3.33974862099,
            "var": 1.89515352249
        },
        "barkbands_spread": {
            "dmean": 8.81066894531,
            "dmean2": 13.970410347,
            "dvar": 134.562805176,
            "dvar2": 343.237731934,
            "max": 121.441963196,
            "mean": 24.2658042908,
            "median": 20.8346710205,
            "min": 0.276561111212,
            "var": 281.676727295
        },
        "dissonance": {
            "dmean": 0.0289789587259,
            "dmean2": 0.0482955388725,
            "dvar": 0.000818413449451,
            "dvar2": 0.00213660183363,
            "max": 0.500000119209,
            "mean": 0.450762540102,
            "median": 0.461872756481,
            "min": 0.137954905629,
            "var": 0.00162511819508
        },
        "dynamic_complexity": 4.30238819122,
        "erbbands": {
            "dmean": [
                0.143742635846,
                0.896163403988,
                2.28956770897,
                5.58845949173,
                4.06771087646,
                3.54183554649,
                6.73432588577,
                17.7687644958,
                11.5801744461,
                13.4863958359,
                12.879357338,
                25.4728717804,
                24.3454589844,
                28.427936554,
                39.0923995972,
                33.4016342163,
                46.22265625,
                36.009677887,
                26.3125,
                18.8977146149,
                16.2872829437,
                9.62316703796,
                9.00784301758,
                8.94218349457,
                5.99942684174,
                5.69848442078,
                3.93923473358,
                6.26905059814,
                4.38542032242,
                4.41255521774,
                5.73717594147,
                4.6468000412,
                3.21548271179,
                2.46616578102,
                1.69184720516,
                1.18383979797,
                0.461584180593,
                0.106144934893,
                0.0127061540261,
                0.000597416656092
            ],
            "dmean2": [
                0.227920264006,
                1.47341954708,
                3.74463868141,
                9.24084186554,
                6.71364164352,
                6.20425462723,
                11.7941331863,
                31.8327007294,
                19.98686409,
                21.9888591766,
                20.5006313324,
                39.4750175476,
                37.5891952515,
                43.0571899414,
                58.054309845,
                49.7705841064,
                70.6872024536,
                54.3291625977,
                39.73670578,
                29.9005699158,
                26.5205860138,
                14.790687561,
                14.3472251892,
                13.8352212906,
                9.25055408478,
                9.04756164551,
                6.30494451523,
                11.0553474426,
                7.55612897873,
                7.61836910248,
                10.0736103058,
                8.24148845673,
                5.60442113876,
                4.32589960098,
                2.87027955055,
                2.05078935623,
                0.806041181087,
                0.182487770915,
                0.0218485556543,
                0.00102373340633
            ],
            "dvar": [
                0.0682521089911,
                4.93636369705,
                49.7163314819,
                342.221588135,
                174.085403442,
                101.758575439,
                246.962402344,
                2257.16137695,
                646.401000977,
                938.399841309,
                1090.11437988,
                3342.77929688,
                2794.54589844,
                4567.97167969,
                7854.27734375,
                5908.24804688,
                21153.328125,
                11070.3798828,
                4895.05517578,
                2814.37817383,
                2202.76367188,
                786.078491211,
                689.553894043,
                539.345397949,
                165.816619873,
                130.638748169,
                59.283367157,
                391.257995605,
                112.67124939,
                99.572303772,
                178.095062256,
                128.469360352,
                69.5209655762,
                47.9256515503,
                23.4353542328,
                11.2410345078,
                2.30282044411,
                0.203241303563,
                0.00744284270331,
                1.42307462738e-05
            ],
            "dvar2": [
                0.180426418781,
                12.7606315613,
                127.55292511,
                851.733581543,
                431.095947266,
                286.193695068,
                687.255981445,
                6382.8828125,
                1695.09423828,
                2429.09716797,
                2538.58178711,
                7604.75146484,
                6319.34423828,
                9386.33007812,
                16183.0771484,
                12342.5390625,
                46522.1523438,
                23884.9589844,
                10589.9667969,
                6234.2890625,
                5568.97412109,
                1696.9744873,
                1693.31408691,
                1238.85852051,
                356.988220215,
                305.615661621,
                143.962905884,
                1144.09411621,
                312.518920898,
                277.042053223,
                491.520812988,
                351.073699951,
                189.483963013,
                129.992279053,
                63.227142334,
                30.6373195648,
                6.34715461731,
                0.558566212654,
                0.021000707522,
                4.00185708713e-05
            ],
            "max": [
                2.93965268135,
                29.8587169647,
                84.7067718506,
                232.271774292,
                309.88192749,
                120.245018005,
                291.668304443,
                559.875061035,
                518.208129883,
                852.289550781,
                979.079528809,
                1721.97412109,
                1601.3614502,
                1661.14538574,
                2235.43188477,
                1392.46118164,
                4504.07763672,
                3096.17797852,
                1627.67126465,
                1627.8729248,
                1173.04943848,
                846.032714844,
                902.791564941,
                662.228881836,
                267.341278076,
                211.61100769,
                166.871109009,
                238.213394165,
                116.91217041,
                134.675567627,
                116.935653687,
                145.203018188,
                96.1814117432,
                80.2180557251,
                75.051902771,
                66.9957122803,
                63.6310272217,
                21.9609165192,
                5.43539714813,
                0.225973859429
            ],
            "mean": [
                0.27980107069,
                1.25068795681,
                2.43085646629,
                5.465031147,
                5.38111209869,
                4.26842308044,
                8.06415653229,
                17.0275287628,
                13.8516798019,
                19.708902359,
                19.8544197083,
                42.8633918762,
                41.156124115,
                49.378276825,
                69.4268722534,
                54.7294502258,
                68.6356506348,
                57.0428962708,
                42.30859375,
                27.165435791,
                23.1940803528,
                14.9191293716,
                13.1172714233,
                13.8583669662,
                10.0499515533,
                8.28632354736,
                5.75503778458,
                6.41012763977,
                4.82874059677,
                4.98137807846,
                5.6883263588,
                4.53508758545,
                3.17508506775,
                2.30374264717,
                1.59191179276,
                1.08261346817,
                0.408315122128,
                0.0910448431969,
                0.0115079898387,
                0.000662980019115
            ],
            "median": [
                0.0747165605426,
                0.537623286247,
                0.754777193069,
                1.11214017868,
                1.61564660072,
                1.63715457916,
                2.864184618,
                4.89328050613,
                5.92964839935,
                7.79212474823,
                8.43604850769,
                14.161441803,
                13.5043315887,
                12.1566181183,
                13.4192399979,
                11.7349395752,
                11.2842788696,
                11.2697515488,
                9.36766433716,
                7.01583814621,
                4.79941654205,
                3.59833669662,
                3.45672750473,
                4.35035133362,
                3.83622384071,
                3.21452116966,
                1.99811315536,
                1.32005238533,
                1.09218084812,
                1.19723427296,
                1.23066949844,
                0.768801391125,
                0.444783508778,
                0.271894365549,
                0.137805357575,
                0.0611862838268,
                0.0217320136726,
                0.00502283032984,
                0.000697247451171,
                7.50837061787e-05
            ],
            "min": [
                1.6802344744e-22,
                6.55720369517e-22,
                1.0420617793e-21,
                2.74931975055e-21,
                1.13652338187e-20,
                2.22707717055e-20,
                6.83550457329e-20,
                1.23841862396e-19,
                1.23115235927e-19,
                2.69936511782e-19,
                2.73780523486e-19,
                3.14593253018e-19,
                6.03212207621e-19,
                9.81198437286e-19,
                9.86702083491e-19,
                1.5341804641e-18,
                1.86725435372e-18,
                2.7649601785e-18,
                3.60547597651e-18,
                3.0161848567e-18,
                4.2105027599e-18,
                5.49107140595e-18,
                5.8210593949e-18,
                7.6878918865e-18,
                7.37230511202e-18,
                9.44907273437e-18,
                9.69520859744e-18,
                1.12639723456e-17,
                1.27396393973e-17,
                1.36193583865e-17,
                1.16426945075e-17,
                1.11104385249e-17,
                1.12013249947e-17,
                7.57262261378e-18,
                7.06067805113e-18,
                4.6939658397e-18,
                2.64486720204e-18,
                1.04693148204e-18,
                2.5595671999e-19,
                2.78264882844e-20
            ],
            "var": [
                0.160364121199,
                5.19043874741,
                39.7070922852,
                296.227874756,
                185.453735352,
                81.8923797607,
                227.050292969,
                1613.16943359,
                717.118591309,
                1243.5612793,
                1684.00683594,
                8089.35205078,
                6675.81445312,
                12316.0791016,
                23885.1484375,
                15941.5908203,
                42748.2070312,
                22124.1953125,
                11024.6044922,
                5429.91113281,
                3817.84204102,
                2071.32543945,
                976.949645996,
                845.624023438,
                373.588989258,
                212.795974731,
                101.583694458,
                280.833709717,
                108.053901672,
                105.750213623,
                155.105194092,
                109.937461853,
                61.3215255737,
                37.6441917419,
                19.5211753845,
                9.14430046082,
                1.7346971035,
                0.140864849091,
                0.00460228230804,
                9.49915192905e-06
            ]
        },
        "erbbands_crest": {
            "dmean": 3.39780449867,
            "dmean2": 5.40125799179,
            "dvar": 9.44401931763,
            "dvar2": 22.1745986938,
            "max": 31.9866676331,
            "mean": 11.0329694748,
            "median": 10.0294342041,
            "min": 2.28926181793,
            "var": 28.7746315002
        },
        "erbbands_flatness_db": {
            "dmean": 0.0266521405429,
            "dmean2": 0.0362260937691,
            "dvar": 0.00076392153278,
            "dvar2": 0.00134528754279,
            "max": 0.440952509642,
            "mean": 0.164312139153,
            "median": 0.157500758767,
            "min": 0.0319677367806,
            "var": 0.00540590891615
        },
        "erbbands_kurtosis": {
            "dmean": 1.85796248913,
            "dmean2": 2.94680762291,
            "dvar": 15.2383375168,
            "dvar2": 39.884311676,
            "max": 138.724411011,
            "mean": 2.15203022957,
            "median": 0.97896707058,
            "min": -1.8619800806,
            "var": 24.8908863068
        },
        "erbbands_skewness": {
            "dmean": 0.503032922745,
            "dmean2": 0.771539509296,
            "dvar": 0.263195902109,
            "dvar2": 0.656485497952,
            "max": 8.16142940521,
            "mean": 0.566058456898,
            "median": 0.547132611275,
            "min": -3.41714954376,
            "var": 0.819163918495
        },
        "erbbands_spread": {
            "dmean": 11.9269618988,
            "dmean2": 17.6819934845,
            "dvar": 237.745742798,
            "dvar2": 517.580383301,
            "max": 202.73274231,
            "mean": 33.7348060608,
            "median": 24.0513114929,
            "min": 0.816050767899,
            "var": 734.979980469
        },
        "gfcc": {
            "cov": [
                [
                    20392.921875,
                    -1318.05895996,
                    452.285919189,
                    789.482055664,
                    346.421295166,
                    1008.68115234,
                    11.5111713409,
                    327.009307861,
                    -198.49810791,
                    381.069488525,
                    -148.787612915,
                    335.794067383,
                    -334.791687012
                ],
                [
                    -1318.05895996,
                    2079.11914062,
                    -396.509521484,
                    -69.0093231201,
                    140.802871704,
                    -79.5578231812,
                    97.2389602661,
                    -45.8882369995,
                    51.234375,
                    -90.5930786133,
                    128.769012451,
                    -171.535385132,
                    51.6749610901
                ],
                [
                    452.285919189,
                    -396.509521484,
                    2045.48974609,
                    481.838470459,
                    226.631378174,
                    337.966003418,
                    58.4328460693,
                    112.107696533,
                    93.5284805298,
                    190.632629395,
                    -160.869522095,
                    134.463775635,
                    -57.6980705261
                ],
                [
                    789.482055664,
                    -69.0093231201,
                    481.838470459,
                    760.511352539,
                    223.160552979,
                    161.843948364,
                    110.994392395,
                    109.600967407,
                    62.415096283,
                    28.9421520233,
                    -58.3973426819,
                    52.2889328003,
                    -9.31421375275
                ],
                [
                    346.421295166,
                    140.802871704,
                    226.631378174,
                    223.160552979,
                    508.399932861,
                    214.324951172,
                    193.602584839,
                    105.646957397,
                    77.5971298218,
                    85.7396392822,
                    35.303352356,
                    44.8632545471,
                    -9.27726173401
                ],
                [
                    1008.68115234,
                    -79.5578231812,
                    337.966003418,
                    161.843948364,
                    214.324951172,
                    411.215270996,
                    182.065322876,
                    77.4517364502,
                    35.9008903503,
                    123.143554688,
                    29.0119304657,
                    47.6795921326,
                    -30.4932746887
                ],
                [
                    11.5111713409,
                    97.2389602661,
                    58.4328460693,
                    110.994392395,
                    193.602584839,
                    182.065322876,
                    326.738037109,
                    81.5142288208,
                    41.1809425354,
                    64.3955993652,
                    58.0708770752,
                    4.17392110825,
                    -7.16519641876
                ],
                [
                    327.009307861,
                    -45.8882369995,
                    112.107696533,
                    109.600967407,
                    105.646957397,
                    77.4517364502,
                    81.5142288208,
                    219.837646484,
                    106.363578796,
                    57.5027732849,
                    4.57676935196,
                    54.0286598206,
                    12.487944603
                ],
                [
                    -198.49810791,
                    51.234375,
                    93.5284805298,
                    62.415096283,
                    77.5971298218,
                    35.9008903503,
                    41.1809425354,
                    106.363578796,
                    195.270294189,
                    67.497543335,
                    -3.40382289886,
                    38.2470664978,
                    28.7249279022
                ],
                [
                    381.069488525,
                    -90.5930786133,
                    190.632629395,
                    28.9421520233,
                    85.7396392822,
                    123.143554688,
                    64.3955993652,
                    57.5027732849,
                    67.497543335,
                    187.084915161,
                    66.5835571289,
                    53.7713813782,
                    -14.1653652191
                ],
                [
                    -148.787612915,
                    128.769012451,
                    -160.869522095,
                    -58.3973426819,
                    35.303352356,
                    29.0119304657,
                    58.0708770752,
                    4.57676935196,
                    -3.40382289886,
                    66.5835571289,
                    195.034545898,
                    28.9307479858,
                    13.3273906708
                ],
                [
                    335.794067383,
                    -171.535385132,
                    134.463775635,
                    52.2889328003,
                    44.8632545471,
                    47.6795921326,
                    4.17392110825,
                    54.0286598206,
                    38.2470664978,
                    53.7713813782,
                    28.9307479858,
                    153.298324585,
                    36.3100547791
                ],
                [
                    -334.791687012,
                    51.6749610901,
                    -57.6980705261,
                    -9.31421375275,
                    -9.27726173401,
                    -30.4932746887,
                    -7.16519641876,
                    12.487944603,
                    28.7249279022,
                    -14.1653652191,
                    13.3273906708,
                    36.3100547791,
                    98.8968505859
                ]
            ],
            "icov": [
                [
                    7.3546434578e-05,
                    2.0886143659e-07,
                    6.76424024277e-05,
                    -6.60313016851e-05,
                    1.40888287206e-05,
                    -0.000196661596419,
                    0.000124105325085,
                    -0.000119506046758,
                    0.000188539983355,
                    -0.000145042329677,
                    0.000148883002112,
                    -0.000177413414349,
                    0.000216412518057
                ],
                [
                    2.0886143659e-07,
                    0.00067016662797,
                    -1.49287170643e-05,
                    1.95042466657e-05,
                    -0.000290835130727,
                    7.98464461695e-05,
                    -5.88679868088e-05,
                    0.000173546082806,
                    -0.000455374014564,
                    0.000489840633236,
                    -0.000677957956214,
                    0.000928748690058,
                    -0.000432381377323
                ],
                [
                    6.76424024277e-05,
                    -1.49287170643e-05,
                    0.000859627383761,
                    -0.000388724089134,
                    -1.66130193975e-05,
                    -0.000544965150766,
                    0.000282444641925,
                    -1.37856532092e-05,
                    0.000237670712522,
                    -0.000920388731174,
                    0.00103888695594,
                    -0.000654784671497,
                    0.000453853339422
                ],
                [
                    -6.60313016851e-05,
                    1.95042466657e-05,
                    -0.000388724089134,
                    0.00188164552674,
                    -0.000515741936397,
                    7.50160506868e-06,
                    -0.000332286464982,
                    -0.000317052763421,
                    -0.000267446768703,
                    0.000746988866013,
                    0.00013538460189,
                    -5.58845895284e-05,
                    -0.000126455677673
                ],
                [
                    1.40888287206e-05,
                    -0.000290835130727,
                    -1.66130193975e-05,
                    -0.000515741936397,
                    0.00323223136365,
                    -0.000856821541674,
                    -0.000986132887192,
                    -0.000354574760422,
                    -0.000332275783876,
                    -0.000203196716029,
                    7.51518700781e-06,
                    -0.000649267458357,
                    0.000458513124613
                ],
                [
                    -0.000196661596419,
                    7.98464461695e-05,
                    -0.000544965150766,
                    7.50160506868e-06,
                    -0.000856821541674,
                    0.00506139639765,
                    -0.00200445414521,
                    0.000180926261237,
                    0.000206003780477,
                    -0.00134205713402,
                    -0.000212305661989,
                    0.000117381496239,
                    2.08983037737e-05
                ],
                [
                    0.000124105325085,
                    -5.88679868088e-05,
                    0.000282444641925,
                    -0.000332286464982,
                    -0.000986132887192,
                    -0.00200445414521,
                    0.00530064338818,
                    -0.00125833367929,
                    0.000326580484398,
                    -0.000248362950515,
                    -0.000851340359077,
                    0.000887569563929,
                    7.51835759729e-05
                ],
                [
                    -0.000119506046758,
                    0.000173546082806,
                    -1.37856532092e-05,
                    -0.000317052763421,
                    -0.000354574760422,
                    0.000180926261237,
                    -0.00125833367929,
                    0.00746948691085,
                    -0.00359642365947,
                    0.000202253664611,
                    -3.6175493733e-05,
                    -0.00112911383621,
                    -5.19834429724e-05
                ],
                [
                    0.000188539983355,
                    -0.000455374014564,
                    0.000237670712522,
                    -0.000267446768703,
                    -0.000332275783876,
                    0.000206003780477,
                    0.000326580484398,
                    -0.00359642365947,
                    0.00914913415909,
                    -0.00383729627356,
                    0.00227026152425,
                    -0.000696867529768,
                    -0.00175730662886
                ],
                [
                    -0.000145042329677,
                    0.000489840633236,
                    -0.000920388731174,
                    0.000746988866013,
                    -0.000203196716029,
                    -0.00134205713402,
                    -0.000248362950515,
                    0.000202253664611,
                    -0.00383729627356,
                    0.0110263088718,
                    -0.00452339882031,
                    -0.000665960775223,
                    0.00185800960753
                ],
                [
                    0.000148883002112,
                    -0.000677957956214,
                    0.00103888695594,
                    0.00013538460189,
                    7.51518700781e-06,
                    -0.000212305661989,
                    -0.000851340359077,
                    -3.6175493733e-05,
                    0.00227026152425,
                    -0.00452339882031,
                    0.00884579028934,
                    -0.00254159304313,
                    -0.000210987811442
                ],
                [
                    -0.000177413414349,
                    0.000928748690058,
                    -0.000654784671497,
                    -5.58845895284e-05,
                    -0.000649267458357,
                    0.000117381496239,
                    0.000887569563929,
                    -0.00112911383621,
                    -0.000696867529768,
                    -0.000665960775223,
                    -0.00254159304313,
                    0.0111257052049,
                    -0.00492626754567
                ],
                [
                    0.000216412518057,
                    -0.000432381377323,
                    0.000453853339422,
                    -0.000126455677673,
                    0.000458513124613,
                    2.08983037737e-05,
                    7.51835759729e-05,
                    -5.19834429724e-05,
                    -0.00175730662886,
                    0.00185800960753,
                    -0.000210987811442,
                    -0.00492626754567,
                    0.0139980874956
                ]
            ],
            "mean": [
                -22.0518608093,
                73.5934143066,
                -105.754432678,
                4.99965047836,
                -52.7173080444,
                16.6452236176,
                -28.6248493195,
                9.04687690735,
                -20.1686573029,
                4.45466804504,
                -10.8969841003,
                0.416210561991,
                -10.7920122147
            ]
        },
        "hfc": {
            "dmean": 15.7016611099,
            "dmean2": 25.8552303314,
            "dvar": 1093.54211426,
            "dvar2": 2878.49682617,
            "max": 1030.96630859,
            "mean": 28.4346523285,
            "median": 17.6252174377,
            "min": 1.06884698716e-16,
            "var": 1315.37097168
        },
        "melbands": {
            "dmean": [
                0.00118589692283,
                0.00114247016609,
                0.000898297934327,
                0.000253429432632,
                0.000214630912524,
                0.000375654286472,
                0.000176027693669,
                0.000144576712046,
                0.000114929527626,
                0.000161246483913,
                0.00012551547843,
                0.000120235265058,
                0.00013482986833,
                0.000119153526612,
                9.74249051069e-05,
                9.24704581848e-05,
                7.0395792136e-05,
                5.03702722199e-05,
                2.80229996861e-05,
                2.53760244959e-05,
                1.91312155948e-05,
                1.04244873e-05,
                8.61489570525e-06,
                9.90621902019e-06,
                7.64393462305e-06,
                5.47307809029e-06,
                4.12566578234e-06,
                4.02868590754e-06,
