{
    "lowlevel": {
        "average_loudness": 0.504512906075,
        "barkbands": {
            "dmean": [
                0.000113563750347,
                0.00446046655998,
                0.00307534867898,
                0.00160559243523,
                0.00204680440947,
                0.000956715724897,
                0.000547416391782,
                0.000664969731588,
                0.000291149946861,
                0.000218372602831,
                0.000134220521431,
                0.000161073941854,
                0.000178965754458,
                0.000228013523156,
                0.000205940596061,
                0.000183648240636,
                0.000129225270939,
                5.51530356461e-05,
                6.3397201302e-05,
                4.06797662436e-05,
                2.42941969191e-05,
                2.94206347462e-05,
                2.49373697443e-05,
                2.02057526622e-05,
                1.61680236488e-05,
                5.76745196668e-06,
                2.18692230192e-06
            ],
            "dmean2": [
                0.000183648488019,
                0.00717197358608,
                0.00488980626687,
                0.00273037492298,
                0.0036385988351,
                0.00148445717059,
                0.000845724425744,
                0.00101138022728,
                0.000437966518803,
                0.000328911526594,
                0.000202808951144,
                0.000241570945946,
                0.000280223845039,
                0.000351106107701,
                0.000315538141876,
                0.000289333343972,
                0.000203352188691,
                8.87672576937e-05,
                9.62440608419e-05,
                6.37162884232e-05,
                3.87441832572e-05,
                4.60218434455e-05,
                3.7110181438e-05,
                3.05625035253e-05,
                2.36820214923e-05,
                8.58310249896e-06,
                3.37119922733e-06
            ],
            "dvar": [
                1.13774540011e-07,
                0.000103255420981,
                6.64878461976e-05,
                2.08705660043e-05,
                3.35650256602e-05,
                9.37853837968e-06,
                2.595651722e-06,
                3.27733414451e-06,
                8.95367975318e-07,
                4.7591333896e-07,
                1.64054171137e-07,
                2.69107346185e-07,
                4.55126354382e-07,
                5.74086016059e-07,
                5.23874803093e-07,
                2.78320499092e-07,
                1.34253753004e-07,
                2.52835850034e-08,
                3.38258558941e-08,
                1.35468729567e-08,
                6.21589713035e-09,
                1.59239661457e-08,
                8.93626594944e-09,
                4.03324840192e-09,
                1.8768557819e-09,
                3.30015043071e-10,
                1.19580415014e-10
            ],
            "dvar2": [
                3.06706340325e-07,
                0.000267561670626,
                0.000156525100465,
                5.62937420909e-05,
                9.59263634286e-05,
                2.24802661251e-05,
                5.78685876462e-06,
                8.20119748823e-06,
                2.11365863834e-06,
                1.04243815713e-06,
                3.59707712505e-07,
                5.89421119912e-07,
                1.05597405309e-06,
                1.32590650992e-06,
                1.2766929558e-06,
                6.82703898747e-07,
                3.22595411717e-07,
                6.26469898179e-08,
                7.10531367076e-08,
                3.23197610896e-08,
                1.62003406246e-08,
                4.24670112409e-08,
                1.86458084528e-08,
                8.69955929517e-09,
                3.70560093721e-09,
                6.7800942638e-10,
                2.84995194111e-10
            ],
            "max": [
                0.00422945292667,
                0.161651432514,
                0.100412026048,
                0.0733332037926,
                0.117743238807,
                0.0795615017414,
                0.0522402003407,
                0.0605532191694,
                0.0373190864921,
                0.0275965016335,
                0.0125061869621,
                0.0200425758958,
                0.025836577639,
                0.0224524661899,
                0.0232901871204,
                0.0193323008716,
                0.0119743086398,
                0.00524664716795,
                0.00812594592571,
                0.00344445044175,
                0.00211823219433,
                0.00354540790431,
                0.00239820638672,
                0.00221507553943,
                0.00113729853183,
                0.000521104899235,
                0.000206359676667
            ],
            "mean": [
                0.000128099607537,
                0.00604989938438,
                0.00353654101491,
                0.00190930184908,
                0.00287074688822,
                0.00205192063004,
                0.00125581270549,
                0.0014699655585,
                0.000729779072572,
                0.00041315893759,
                0.000270127435215,
                0.000332301133312,
                0.000296471494948,
                0.000403318263125,
                0.000426427228376,
                0.000407824176364,
                0.00027088666684,
                0.000120769123896,
                0.000139024356031,
                8.88940339792e-05,
                5.26216790604e-05,
                5.86127680435e-05,
                4.87154029543e-05,
                4.38655843027e-05,
                3.44125364791e-05,
                9.8060208984e-06,
                2.56980683844e-06
            ],
            "median": [
                9.53497237788e-06,
                0.00114238192327,
                0.000722193391994,
                0.000517128850333,
                0.000972534413449,
                0.000418767798692,
                0.000190641760128,
                0.000297268910799,
                9.89653563011e-05,
                8.56639671838e-05,
                3.4921518818e-05,
                5.49803480681e-05,
                2.84595662379e-05,
                2.32627171499e-05,
                1.79368034878e-05,
                2.82267865259e-05,
                2.31520152738e-05,
                1.43872948684e-05,
                1.28420251713e-05,
                6.61934655e-06,
                4.60337469121e-06,
                3.68624000657e-06,
                3.98171778215e-06,
                4.38045572082e-06,
                4.89399280923e-06,
                1.14852821298e-06,
                1.77161609827e-07
            ],
            "min": [
                8.26087842984e-25,
                3.35688871936e-24,
                2.43731592873e-25,
                1.52353613815e-24,
                5.17389294717e-24,
                4.73282779886e-24,
                1.43995088211e-23,
                4.2515918811e-24,
                2.05491734042e-23,
                2.41129188078e-23,
                2.06216223897e-23,
                3.75706460372e-23,
                3.32508058549e-23,
                4.59202874905e-23,
                4.01388552893e-23,
                7.22175337459e-23,
                8.09255547085e-23,
                8.17714471017e-23,
                1.22250620141e-22,
                1.98927786533e-22,
                2.20447015881e-22,
                3.62122698413e-22,
                4.99928040018e-22,
                5.24726343269e-22,
                8.84290204097e-22,
                1.28694066307e-21,
                1.94976769747e-21
            ],
            "var": [
                1.0961532837e-07,
                0.00015248960699,
                7.29291132302e-05,
                1.89036509255e-05,
                3.16765144817e-05,
                3.10672658088e-05,
                9.03840827959e-06,
                9.56106850936e-06,
                5.7057441154e-06,
                1.18021660001e-06,
                5.21408821896e-07,
                8.11133361367e-07,
                9.93040544017e-07,
                1.4398157191e-06,
                1.58315822318e-06,
                9.03801037566e-07,
                3.71488027895e-07,
                7.37832408504e-08,
                1.29591796849e-07,
                4.4166664992e-08,
                1.55299133553e-08,
                2.42588864552e-08,
                2.29899690396e-08,
                1.19045910907e-08,
                6.05249095287e-09,
                8.3854473365e-10,
                1.32005045783e-10
            ]
        },
        "barkbands_crest": {
            "dmean": 2.50855398178,
            "dmean2": 3.987169981,
            "dvar": 6.07468175888,
            "dvar2": 15.8521976471,
            "max": 26.815290451,
            "mean": 12.0080566406,
            "median": 10.8065032959,
            "min": 2.32989549637,
            "var": 27.3573360443
        },
        "barkbands_flatness_db": {
            "dmean": 0.0248433277011,
            "dmean2": 0.0352203734219,
            "dvar": 0.000792663602624,
            "dvar2": 0.00156997563317,
            "max": 0.62704461813,
            "mean": 0.214607879519,
            "median": 0.182328075171,
            "min": 0.0198091361672,
            "var": 0.0134810870513
        },
        "barkbands_kurtosis": {
            "dmean": 5.84299039841,
            "dmean2": 8.80222129822,
            "dvar": 340.09866333,
            "dvar2": 740.845703125,
            "max": 1164.97937012,
            "mean": 10.9790906906,
            "median": 4.16936683655,
            "min": -1.89714729786,
            "var": 681.723571777
        },
        "barkbands_skewness": {
            "dmean": 0.63670784235,
            "dmean2": 0.934054851532,
            "dvar": 0.701635956764,
            "dvar2": 1.44696509838,
            "max": 27.1023750305,
            "mean": 1.87103521824,
            "median": 1.6445941925,
            "min": -4.46247673035,
            "var": 3.46668124199
        },
        "barkbands_spread": {
            "dmean": 3.40214729309,
            "dmean2": 5.16185665131,
            "dvar": 36.3269691467,
            "dvar2": 74.212677002,
            "max": 113.14894104,
            "mean": 13.7963123322,
            "median": 10.0306549072,
            "min": 0.0968369022012,
            "var": 168.442092896
        },
        "dissonance": {
            "dmean": 0.029423488304,
            "dmean2": 0.0491244867444,
            "dvar": 0.00114923925139,
            "dvar2": 0.00321366917342,
            "max": 0.499999970198,
            "mean": 0.415518254042,
            "median": 0.440633624792,
            "min": 0.0453938990831,
            "var": 0.00575835630298
        },
        "dynamic_complexity": 7.90822839737,
        "erbbands": {
            "dmean": [
                0.113896377385,
                1.09346199036,
                3.0429546833,
                4.36241674423,
                6.39124441147,
                6.5715675354,
                7.01691627502,
                8.70586299896,
                8.31019210815,
                9.24671840668,
                11.8286314011,
                6.63029289246,
                5.91898965836,
                5.06469488144,
                5.48684644699,
                5.29724550247,
                7.22886705399,
                8.94665336609,
                9.86607933044,
                10.366112709,
                9.10963153839,
                7.39231061935,
                3.16624832153,
                2.68448066711,
                3.04498434067,
                1.79740715027,
                1.09890830517,
                0.955213546753,
                1.07178938389,
                0.906126201153,
                0.708842515945,
                0.448277682066,
                0.351313352585,
                0.212394908071,
                0.104508131742,
                0.0375951193273,
                0.00799493864179,
                0.00217381096445,
                0.000366069260053,
                2.47045463766e-05
            ],
            "dmean2": [
                0.1927010566,
                1.7177246809,
                4.55429458618,
                7.05601215363,
                11.0594768524,
                11.6825170517,
                11.3672533035,
                13.5043468475,
                12.9776544571,
                13.9956045151,
                17.8846969604,
                9.98869609833,
                8.84049034119,
                7.7424902916,
                8.27583312988,
                7.89018201828,
                10.9833621979,
                13.4280939102,
                15.1515665054,
                15.7270479202,
                14.1438150406,
                11.5437965393,
                5.04084873199,
                4.23045063019,
                4.4759516716,
                2.81815242767,
                1.71791028976,
                1.5393178463,
                1.68526387215,
                1.39681482315,
                1.05307412148,
                0.67654722929,
                0.52735209465,
                0.31932091713,
                0.153718501329,
                0.0557299666107,
                0.0119507499039,
                0.00335426907986,
                0.000562186469324,
                3.73865477741e-05
            ],
            "dvar": [
                0.0630126595497,
                6.31098365784,
                57.382484436,
                121.851463318,
                380.930297852,
                350.21194458,
                325.413452148,
                929.714050293,
                664.167358398,
                593.712768555,
                1071.5501709,
                574.372009277,
                353.68270874,
                219.974136353,
                273.837219238,
                341.141479492,
                742.438964844,
                1270.32202148,
                1027.0222168,
                1281.45300293,
                572.748840332,
                397.110076904,
                78.8573989868,
                55.309715271,
                84.1647872925,
                27.5092754364,
                11.0027341843,
                12.3707532883,
                18.9891624451,
                13.5644245148,
                7.6571969986,
                2.55099725723,
                1.09022331238,
                0.308218061924,
                0.0989209935069,
                0.014856650494,
                0.000640361686237,
                7.56772060413e-05,
                3.01619456877e-06,
                1.15059624051e-08
            ],
            "dvar2": [
                0.191499188542,
                15.4343996048,
                121.308166504,
                301.156402588,
                1053.20922852,
                1006.36010742,
                808.421020508,
                2231.41210938,
                1520.29833984,
                1372.60168457,
                2584.65234375,
                1336.03564453,
                775.778076172,
                510.801055908,
                598.438293457,
                745.206542969,
                1652.00061035,
                2857.97119141,
                2463.63330078,
                3023.54516602,
                1351.40881348,
                963.688293457,
                191.096832275,
                131.601425171,
                172.521759033,
                64.9012298584,
                27.4700031281,
                33.0951766968,
                50.302520752,
                33.6728782654,
                16.1787929535,
                5.64469766617,
                2.34570264816,
                0.661744952202,
                0.185012102127,
                0.0293505843729,
                0.00134546472691,
                0.000175207140273,
                7.14271573088e-06,
                2.7183562068e-08
            ],
            "max": [
                3.33963990211,
                42.1625404358,
                100.080444336,
                168.969482422,
                414.031005859,
                406.91229248,
                487.861938477,
                969.393554688,
                918.003173828,
                678.053588867,
                1336.93457031,
                1026.74719238,
                749.287597656,
                442.514160156,
                660.325012207,
                1000.5357666,
                1277.88342285,
                1335.35864258,
                919.152404785,
                1311.48327637,
                628.630249023,
                471.808563232,
                312.338928223,
                218.697891235,
                340.930053711,
                125.354309082,
                73.6413040161,
                100.1717453,
                117.282829285,
                104.505119324,
                72.1470413208,
                40.1726799011,
                36.9172744751,
                16.8868427277,
                10.482919693,
                3.50579071045,
                0.696700274944,
                0.229763537645,
                0.0346703492105,
                0.00214305333793
            ],
            "mean": [
                0.148533642292,
                1.46275305748,
                3.92749285698,
                5.73021554947,
                7.96171522141,
                9.09763908386,
                12.2616901398,
                19.8717079163,
                18.788848877,
                22.7120933533,
                27.9737110138,
                17.4812278748,
                12.9113817215,
                11.1296024323,
                12.5109434128,
                11.4698390961,
                13.8380327225,
                17.5726242065,
                19.8609523773,
                25.1629943848,
                22.7891864777,
                16.9983253479,
                7.49002218246,
                6.37229681015,
                6.92562675476,
                4.09218835831,
                2.40112447739,
                2.00381112099,
                2.16717648506,
                1.75105261803,
                1.34595358372,
                0.858027696609,
                0.784505546093,
                0.474213629961,
                0.201638862491,
                0.0672199204564,
                0.0127677358687,
                0.00291337701492,
                0.000446057849331,
                4.75195774925e-05
            ],
            "median": [
                0.0292988494039,
                0.257056295872,
                0.769441843033,
                1.88204991817,
                1.9972577095,
                2.51843571663,
                3.82382249832,
                3.93215751648,
                3.93634843826,
                4.83527040482,
                7.05364084244,
                2.83681821823,
                3.03884863853,
                2.02846360207,
                2.25101804733,
                1.99788093567,
                1.52641904354,
                1.22960603237,
                1.34432578087,
                1.29966330528,
                1.78335809708,
                1.6015188694,
                0.968239724636,
                0.786487460136,
                0.611586928368,
                0.355803102255,
                0.216906696558,
                0.170287877321,
                0.132952362299,
                0.139787346125,
                0.10543513298,
                0.0775683298707,
                0.0785960108042,
                0.0671526864171,
                0.0255076475441,
                0.00820401310921,
                0.00150889030192,
                0.000272771110758,
                4.17672708863e-05,
                1.71341580426e-05
            ],
            "min": [
                9.8611229291e-23,
                8.4261194355e-22,
                2.18293306965e-21,
                5.7705210053e-21,
                1.3806190492e-20,
                2.76296322233e-20,
                8.14883668019e-20,
                5.35581836728e-20,
                1.03507048753e-19,
                1.50927839856e-19,
                2.0714194861e-19,
                5.55609979622e-19,
                6.45682865595e-19,
                1.14173330787e-18,
                1.02954579992e-18,
                1.69912803306e-18,
                1.84013027425e-18,
                2.34080222631e-18,
                2.8313652041e-18,
                2.262848105e-18,
                4.38563881586e-18,
                5.25467476741e-18,
                4.91508693387e-18,
                7.22870655768e-18,
                8.93778991621e-18,
                9.6924416783e-18,
                9.66905728238e-18,
                1.10751394194e-17,
                1.25413691676e-17,
                1.13063372278e-17,
                1.26222169735e-17,
                1.0653963867e-17,
                1.06157696293e-17,
                9.23589257409e-18,
                6.46272903865e-18,
                4.70975258169e-18,
                2.19510842348e-18,
                9.34819971303e-19,
                2.46522983598e-19,
                2.83142211155e-20
            ],
            "var": [
                0.0810255110264,
                9.55078983307,
                80.0725021362,
                133.558135986,
                330.776397705,
                361.732543945,
                752.888977051,
                3356.98632812,
                1779.3046875,
                2393.20776367,
                3135.24755859,
                3786.51904297,
                1096.5736084,
                705.197692871,
                949.431762695,
                928.192138672,
                1869.35595703,
                3430.76123047,
                2689.49682617,
                5098.60253906,
                2399.36645508,
                1326.90222168,
                259.663635254,
                206.60168457,
                311.601379395,
                91.845085144,
                32.9819831848,
                24.8110542297,
                30.8857879639,
                24.8268165588,
                19.0106601715,
                6.08607435226,
                3.60799503326,
                1.05805015564,
                0.272118955851,
                0.038797467947,
                0.0014853014145,
                0.000106210987724,
                3.45231728716e-06,
                1.43690925825e-08
            ]
        },
        "erbbands_crest": {
            "dmean": 2.37945342064,
            "dmean2": 3.71495747566,
            "dvar": 5.68259239197,
            "dvar2": 14.3013086319,
            "max": 32.6841468811,
            "mean": 11.9361190796,
            "median": 10.6046504974,
            "min": 2.0317056179,
            "var": 32.939704895
        },
        "erbbands_flatness_db": {
            "dmean": 0.0206590034068,
            "dmean2": 0.0294847432524,
            "dvar": 0.000601064763032,
            "dvar2": 0.0012536222348,
            "max": 0.65088903904,
            "mean": 0.205489397049,
            "median": 0.180038273335,
            "min": 0.0296182837337,
            "var": 0.0101154595613
        },
        "erbbands_kurtosis": {
            "dmean": 1.85813164711,
            "dmean2": 2.79975414276,
            "dvar": 36.2402305603,
            "dvar2": 77.6086807251,
            "max": 304.252410889,
            "mean": 3.04394245148,
            "median": 0.701140642166,
            "min": -1.79604566097,
            "var": 87.5837936401
        },
        "erbbands_skewness": {
            "dmean": 0.40456199646,
            "dmean2": 0.590302765369,
            "dvar": 0.255855083466,
            "dvar2": 0.541708052158,
            "max": 13.7552080154,
            "mean": 0.62314581871,
            "median": 0.5468531847,
            "min": -3.62256884575,
            "var": 1.53386306763
        },
        "erbbands_spread": {
            "dmean": 6.26486110687,
            "dmean2": 9.49918270111,
            "dvar": 88.8808059692,
            "dvar2": 208.343139648,
            "max": 150.79473877,
            "mean": 28.6863327026,
            "median": 25.8558692932,
            "min": 0.37675011158,
            "var": 369.121643066
        },
        "gfcc": {
            "cov": [
                [
                    41722.8007812,
                    -1353.92138672,
                    -2281.06542969,
                    4624.51416016,
                    240.442687988,
                    863.020568848,
                    -1563.38244629,
                    886.453552246,
                    -112.838348389,
                    239.428375244,
                    -640.112182617,
                    -302.505187988,
                    -254.828125
                ],
                [
                    -1353.92138672,
                    2467.69165039,
                    361.975616455,
                    -347.940582275,
                    496.064971924,
                    -201.255432129,
                    314.495941162,
                    -266.040466309,
                    96.8161849976,
                    -182.584716797,
                    127.990829468,
                    -12.7088670731,
                    180.119750977
                ],
                [
                    -2281.06542969,
                    361.975616455,
                    1579.13928223,
                    478.041503906,
                    161.018569946,
                    3.15322446823,
                    129.880889893,
                    -136.25920105,
                    -52.7706680298,
                    12.9429569244,
                    39.3753738403,
                    124.294364929,
                    75.7353363037
                ],
                [
                    4624.51416016,
                    -347.940582275,
                    478.041503906,
                    1697.38464355,
                    346.450439453,
                    106.380279541,
                    -236.055389404,
                    74.4802703857,
                    -37.9875183105,
                    26.8578910828,
                    -144.274688721,
                    -9.15041446686,
                    40.5289268494
                ],
                [
                    240.442687988,
                    496.064971924,
                    161.018569946,
                    346.450439453,
                    575.973144531,
                    78.9134368896,
                    77.9124984741,
                    -35.1790466309,
                    29.5820140839,
                    -24.6251163483,
                    4.75554275513,
                    -15.660867691,
                    68.4104766846
                ],
                [
                    863.020568848,
                    -201.255432129,
                    3.15322446823,
                    106.380279541,
                    78.9134368896,
                    288.133209229,
                    72.0577468872,
                    50.6965141296,
                    6.24206542969,
                    29.7601394653,
                    11.8940401077,
                    2.80460047722,
                    -14.4712781906
                ],
                [
                    -1563.38244629,
                    314.495941162,
                    129.880889893,
                    -236.055389404,
                    77.9124984741,
                    72.0577468872,
                    417.828582764,
                    -13.9729585648,
                    47.0865440369,
                    -25.0761680603,
                    74.6602096558,
                    42.4895439148,
                    22.26795578
                ],
                [
                    886.453552246,
                    -266.040466309,
                    -136.25920105,
                    74.4802703857,
                    -35.1790466309,
                    50.6965141296,
                    -13.9729585648,
                    233.192779541,
                    64.5010299683,
                    33.2587890625,
                    -14.8863620758,
                    -14.7903022766,
                    -2.39718222618
                ],
                [
                    -112.838348389,
                    96.8161849976,
                    -52.7706680298,
                    -37.9875183105,
                    29.5820140839,
                    6.24206542969,
                    47.0865440369,
                    64.5010299683,
                    186.030105591,
                    58.0421218872,
                    9.8798532486,
                    -19.3951835632,
                    29.1779975891
                ],
                [
                    239.428375244,
                    -182.584716797,
                    12.9429569244,
                    26.8578910828,
                    -24.6251163483,
                    29.7601394653,
                    -25.0761680603,
                    33.2587890625,
                    58.0421218872,
                    157.793167114,
                    40.5668106079,
                    3.27029371262,
                    2.310079813
                ],
                [
                    -640.112182617,
                    127.990829468,
                    39.3753738403,
                    -144.274688721,
                    4.75554275513,
                    11.8940401077,
                    74.6602096558,
                    -14.8863620758,
                    9.8798532486,
                    40.5668106079,
                    173.158340454,
                    64.704498291,
                    14.2527294159
                ],
                [
                    -302.505187988,
                    -12.7088670731,
                    124.294364929,
                    -9.15041446686,
                    -15.660867691,
                    2.80460047722,
                    42.4895439148,
                    -14.7903022766,
                    -19.3951835632,
                    3.27029371262,
                    64.704498291,
                    138.342330933,
                    43.4698524475
                ],
                [
                    -254.828125,
                    180.119750977,
                    75.7353363037,
                    40.5289268494,
                    68.4104766846,
                    -14.4712781906,
                    22.26795578,
                    -2.39718222618,
                    29.1779975891,
                    2.310079813,
                    14.2527294159,
                    43.4698524475,
                    143.587127686
                ]
            ],
            "icov": [
                [
                    8.25073948363e-05,
                    -0.000189944534213,
                    0.000208762314287,
                    -0.000292575306958,
                    0.000198360983632,
                    -0.000303958717268,
                    0.000170297076693,
                    -0.000218793371459,
                    0.000174704473466,
                    -0.000263373745838,
                    0.000193002444576,
                    -0.000219033667236,
                    0.000217855078517
                ],
                [
                    -0.000189944534213,
                    0.00142841809429,
                    -0.000655236421153,
                    0.000882369989995,
                    -0.00118356605526,
                    0.00133630866185,
                    -0.000655307958368,
                    0.00122474704403,
                    -0.00112455058843,
                    0.00178330682684,
                    -0.00129550497513,
                    0.00134576379787,
                    -0.00129074847791
                ],
                [
                    0.000208762314287,
                    -0.000655236421153,
                    0.0014289773535,
                    -0.00110702612437,
                    0.000637327029835,
                    -0.000729449326172,
                    3.61308048014e-05,
                    -0.000163855263963,
                    0.00072176248068,
                    -0.00114443362691,
                    0.000663224607706,
                    -0.00125802902039,
                    0.000552462472115
                ],
                [
                    -0.000292575306958,
                    0.000882369989995,
                    -0.00110702612437,
                    0.00210497155786,
                    -0.0015051261289,
                    0.00092909601517,
                    2.01739676413e-05,
                    0.000415088317823,
                    -0.000532200210728,
                    0.000918437726796,
                    -7.65838049119e-05,
                    0.000652139890008,
                    -0.000918275443837
                ],
                [
                    0.000198360983632,
                    -0.00118356605526,
                    0.000637327029835,
                    -0.0015051261289,
                    0.0035635069944,
                    -0.00175850582309,
                    6.67357380735e-05,
                    -0.000317158381222,
                    0.000415258953581,
                    -0.000740240851883,
                    0.000340752216289,
                    -2.61634486378e-05,
                    -6.36309341644e-05
                ],
                [
                    -0.000303958717268,
                    0.00133630866185,
                    -0.000729449326172,
                    0.00092909601517,
                    -0.00175850582309,
                    0.00582428975031,
                    -0.00185010943096,
                    0.000323624233715,
                    -0.000383552571293,
                    0.000605929701123,
                    -0.00119104946498,
                    0.00111529859714,
                    -0.00052733492339
                ],
                [
                    0.000170297076693,
                    -0.000655307958368,
                    3.61308048014e-05,
                    2.01739676413e-05,
                    6.67357380735e-05,
                    -0.00185010943096,
                    0.00402738340199,
                    -0.000695272407029,
                    -0.000636071374174,
                    0.000427226274041,
                    -0.000218650282477,
                    -0.00122056156397,
                    0.000758672365919
                ],
                [
                    -0.000218793371459,
                    0.00122474704403,
                    -0.000163855263963,
                    0.000415088317823,
                    -0.000317158381222,
                    0.000323624233715,
                    -0.000695272407029,
                    0.00674210954458,
                    -0.00292797829024,
                    0.00135771452915,
                    -0.000914933742024,
                    0.00106622150633,
                    -0.00121011398733
                ],
                [
                    0.000174704473466,
                    -0.00112455058843,
                    0.00072176248068,
                    -0.000532200210728,
                    0.000415258953581,
                    -0.000383552571293,
                    -0.000636071374174,
                    -0.00292797829024,
                    0.00875428505242,
                    -0.00444472301751,
                    0.0013354892144,
                    0.000451434141723,
                    -0.000673155591357
                ],
                [
                    -0.000263373745838,
                    0.00178330682684,
                    -0.00114443362691,
                    0.000918437726796,
                    -0.000740240851883,
                    0.000605929701123,
                    0.000427226274041,
                    0.00135771452915,
                    -0.00444472301751,
                    0.0110316127539,
                    -0.00439963769168,
                    0.00224186573178,
                    -0.00150616234168
                ],
                [
                    0.000193002444576,
                    -0.00129550497513,
                    0.000663224607706,
                    -7.65838049119e-05,
                    0.000340752216289,
                    -0.00119104946498,
                    -0.000218650282477,
                    -0.000914933742024,
                    0.0013354892144,
                    -0.00439963769168,
                    0.0100898966193,
                    -0.00524752493948,
                    0.0017621954903
                ],
                [
                    -0.000219033667236,
                    0.00134576379787,
                    -0.00125802902039,
                    0.000652139890008,
                    -2.61634486378e-05,
                    0.00111529859714,
                    -0.00122056156397,
                    0.00106622150633,
                    0.000451434141723,
                    0.00224186573178,
                    -0.00524752493948,
                    0.0124311251566,
                    -0.0046358006075
                ],
                [
                    0.000217855078517,
                    -0.00129074847791,
                    0.000552462472115,
                    -0.000918275443837,
                    -6.36309341644e-05,
                    -0.00052733492339,
                    0.000758672365919,
                    -0.00121011398733,
                    -0.000673155591357,
                    -0.00150616234168,
                    0.0017621954903,
                    -0.0046358006075,
                    0.0101668564603
                ]
            ],
            "mean": [
                -127.582275391,
                118.678703308,
                -93.5142822266,
                12.0105619431,
                -50.9354515076,
                7.61291027069,
                -39.5738105774,
                7.72374296188,
                -17.9642620087,
                -0.89096724987,
                -12.7699270248,
                -2.82839727402,
                -8.02235031128
            ]
        },
        "hfc": {
            "dmean": 2.76750802994,
            "dmean2": 4.05781888962,
            "dvar": 33.4604187012,
            "dvar2": 79.1377639771,
            "max": 134.26713562,
            "mean": 11.7949285507,
            "median": 5.47900390625,
            "min": 1.08849901181e-16,
            "var": 232.758666992
        },
        "melbands": {
            "dmean": [
                0.0011279595783,
                0.00136596139055,
                0.00075434386963,
                0.000484915392008,
                0.000245943199843,
                0.000189450278413,
                0.000120752782095,
                0.000119336124044,
                8.70971998665e-05,
                4.18345189246e-05,
                3.16610276059e-05,
                2.3374970624e-05,
                1.6639705791e-05,
                1.79799808393e-05,
                1.5835310478e-05,
                2.0131281417e-05,
                1.79988910531e-05,
                1.84072796401e-05,
                1.65187684615e-05,
                1.37337246997e-05,
                1.06971856439e-05,
                9.12924133445e-06,
                3.93752316086e-06,
                2.30009709412e-06,
                2.36593746195e-06,
                2.69929591923e-06,
