{
    "lowlevel": {
        "average_loudness": 0.95271718502,
        "barkbands": {
            "dmean": [
                0.000384485669201,
                0.00888898316771,
                0.00260072946548,
                0.00183893041685,
                0.0020390895661,
                0.00112097593956,
                0.0004941142397,
                0.000556315295398,
                0.000681283127051,
                0.00057615787955,
                0.000796362641267,
                0.000538594031241,
                0.000347401131876,
                0.000345742912032,
                0.000754333508667,
                0.000336233497364,
                0.000332235475071,
                0.000355785072315,
                0.000238318680204,
                0.000163845863426,
                0.000150221327203,
                0.000120929558761,
                0.000176292756805,
                0.000137412222102,
                5.52533601876e-05,
                2.70559630735e-05,
                2.91664969154e-06
            ],
            "dmean2": [
                0.000595067627728,
                0.0142841320485,
                0.00440253550187,
                0.00319872843102,
                0.00361555325799,
                0.00187314616051,
                0.000812062586192,
                0.000856361875776,
                0.00104236078914,
                0.000868529605214,
                0.00116918876301,
                0.000817324093077,
                0.000525561335962,
                0.000534047430847,
                0.00116174656432,
                0.000511923572049,
                0.000498384761158,
                0.000556758255698,
                0.000367562490283,
                0.000240840323386,
                0.000218023094931,
                0.000173815569724,
                0.000247012067121,
                0.000181889321539,
                7.27868900867e-05,
                3.97588264605e-05,
                4.10501797887e-06
            ],
            "dvar": [
                2.90340068432e-07,
                0.000134022368002,
                2.07193970709e-05,
                1.22723022287e-05,
                1.57411122927e-05,
                3.61886395694e-06,
                8.74359500358e-07,
                1.25544875118e-06,
                2.1466275939e-06,
                2.04647949431e-06,
                3.85989324059e-06,
                1.58881800871e-06,
                7.15030353149e-07,
                1.15465479666e-06,
                3.23424319504e-06,
                7.24276787878e-07,
                4.95184167448e-07,
                5.24044992289e-07,
                2.58981003753e-07,
                8.09927982459e-08,
                9.41260651643e-08,
                6.96098609865e-08,
                2.14133748955e-07,
                1.41445184454e-07,
                2.30051568906e-08,
                2.45128140008e-09,
                2.86336770267e-11
            ],
            "dvar2": [
                8.11967026948e-07,
                0.00036568150972,
                5.26656367583e-05,
                3.23636304529e-05,
                4.34202047472e-05,
                8.91743275133e-06,
                2.16770854422e-06,
                2.68769053946e-06,
                4.54833525509e-06,
                4.31247644883e-06,
                8.08219920145e-06,
                3.68641917703e-06,
                1.29929628656e-06,
                2.45133037424e-06,
                7.7114564192e-06,
                1.58103739523e-06,
                1.06389109078e-06,
                1.30417095079e-06,
                4.96247423598e-07,
                1.60632694701e-07,
                2.02080045142e-07,
                1.26408579604e-07,
                4.00981178927e-07,
                2.25328122383e-07,
                3.64839820577e-08,
                5.3507682729e-09,
                5.60064356003e-11
            ],
            "max": [
                0.00765797495842,
                0.117766797543,
                0.05200913921,
                0.0343965142965,
                0.0412176400423,
                0.0347266718745,
                0.020435821265,
                0.0187390260398,
                0.0334050580859,
                0.0401247292757,
                0.0531279742718,
                0.0435607470572,
                0.0320876203477,
                0.0345827639103,
                0.0340130329132,
                0.0211619194597,
                0.0185735877603,
                0.0142751513049,
                0.00991169549525,
                0.00556151708588,
                0.00657982425764,
                0.00659255683422,
                0.00969902612269,
                0.0110907880589,
                0.00514122704044,
                0.000800662615802,
                7.08873849362e-05
            ],
            "mean": [
                0.000561614695471,
                0.0145911378786,
                0.00280951429158,
                0.00166552478913,
                0.00204031192698,
                0.00175884109922,
                0.000846249284223,
                0.000950226909481,
                0.00119170930702,
                0.00101464462932,
                0.00153490982484,
                0.00100649695378,
                0.000624793057796,
                0.000581222644541,
                0.0015098847216,
                0.00052706093993,
                0.000636188895442,
                0.000631756556686,
                0.000371252332116,
                0.00029907093267,
                0.000264664384304,
                0.000223190538236,
                0.000346958549926,
                0.000292096316116,
                0.000105722465378,
                3.56307646143e-05,
                3.62354671779e-06
            ],
            "median": [
                0.00030977872666,
                0.00969405751675,
                0.000947344757151,
                0.000490847276524,
                0.000781076261774,
                0.000697938725352,
                0.000380257435609,
                0.000362317688996,
                0.000445461279014,
                0.000299142440781,
                0.000343805993907,
                0.000326806737576,
                0.00021485441539,
                0.000127810315462,
                0.000288874201942,
                0.000182479096111,
                0.000231167083257,
                0.000250495271757,
                0.000168140089954,
                0.00016116630286,
                0.000120226286526,
                6.42863378744e-05,
                6.29690475762e-05,
                5.9924350353e-05,
                2.18392415263e-05,
                6.2338654061e-06,
                6.55799055949e-07
            ],
            "min": [
                2.54463059412e-24,
                1.62228834951e-23,
                2.59988185972e-23,
                1.04317135949e-23,
                5.26234405506e-23,
                6.3145008558e-23,
                4.71338616408e-23,
                5.12443444497e-23,
                8.81885718193e-23,
                5.0782226576e-23,
                6.7434588036e-23,
                9.66994469753e-23,
                1.60391249737e-22,
                6.74196186115e-23,
                2.32899557612e-22,
                1.47861525854e-22,
                1.61295095007e-22,
                2.90122997562e-22,
                3.07448251064e-22,
                3.63188329589e-22,
                5.37861975435e-22,
                6.94372180979e-22,
                5.48100607435e-22,
                9.61358052274e-22,
                1.18806339833e-21,
                1.70217250685e-21,
                2.02361255029e-21
            ],
            "var": [
                4.76864272514e-07,
                0.000238289692788,
                2.04565512831e-05,
                1.01830228232e-05,
                1.2505612176e-05,
                7.13402687325e-06,
                1.83912334251e-06,
                2.73934824691e-06,
                4.91228911415e-06,
                5.11127745995e-06,
                1.39578451126e-05,
                3.93747222915e-06,
                3.0041599075e-06,
                4.14478290622e-06,
                1.14936601676e-05,
                1.5409146954e-06,
                1.59537523814e-06,
                1.09979214358e-06,
                4.18443249828e-07,
                1.89001468698e-07,
                1.68230386066e-07,
                2.02411825967e-07,
                7.65973481975e-07,
                6.431807833e-07,
                9.66935900237e-08,
                4.82557016568e-09,
                4.60997420793e-11
            ]
        },
        "barkbands_crest": {
            "dmean": 3.49280023575,
            "dmean2": 5.30552196503,
            "dvar": 9.16273593903,
            "dvar2": 19.1433124542,
            "max": 26.6486816406,
            "mean": 12.131611824,
            "median": 11.011141777,
            "min": 2.13830828667,
            "var": 30.0478172302
        },
        "barkbands_flatness_db": {
            "dmean": 0.0296489708126,
            "dmean2": 0.0411356389523,
            "dvar": 0.000786032993346,
            "dvar2": 0.00140907475725,
            "max": 0.463858962059,
            "mean": 0.138565152884,
            "median": 0.127545848489,
            "min": 0.0193594824523,
            "var": 0.00450186058879
        },
        "barkbands_kurtosis": {
            "dmean": 7.26401901245,
            "dmean2": 10.4536247253,
            "dvar": 1086.43811035,
            "dvar2": 2051.96044922,
            "max": 1045.77282715,
            "mean": 10.4157419205,
            "median": 0.722093105316,
            "min": -1.97267818451,
            "var": 2673.99975586
        },
        "barkbands_skewness": {
            "dmean": 0.792861282825,
            "dmean2": 1.14184451103,
            "dvar": 1.27419364452,
            "dvar2": 2.08188605309,
            "max": 30.3008384705,
            "mean": 1.68168962002,
            "median": 1.15399956703,
            "min": -7.40085363388,
            "var": 6.49471092224
        },
        "barkbands_spread": {
            "dmean": 7.31402492523,
            "dmean2": 10.9829683304,
            "dvar": 79.8934020996,
            "dvar2": 164.03453064,
            "max": 122.372322083,
            "mean": 27.6112995148,
            "median": 24.5162582397,
            "min": 0.214919880033,
            "var": 334.46697998
        },
        "dissonance": {
            "dmean": 0.017962500453,
            "dmean2": 0.0296992491931,
            "dvar": 0.000363232742529,
            "dvar2": 0.000935804389883,
            "max": 0.500000059605,
            "mean": 0.466210305691,
            "median": 0.475110471249,
            "min": 0.226640328765,
            "var": 0.000883420463651
        },
        "dynamic_complexity": 3.07988643646,
        "erbbands": {
            "dmean": [
                0.278505921364,
                2.03197932243,
                2.72199845314,
                5.02557373047,
                7.69559717178,
                5.1834936142,
                8.42623138428,
                9.05941963196,
                6.13850307465,
                8.32833957672,
                13.6604776382,
                16.1666469574,
                13.5818853378,
                30.4588661194,
                20.8276996613,
                21.7094993591,
                15.437743187,
                17.271484375,
                35.5320739746,
                22.7548141479,
                17.88555336,
                15.3545351028,
                15.7906923294,
                18.1389503479,
                8.6142873764,
                7.62233734131,
                7.15321350098,
                5.18233776093,
                4.41601133347,
                4.56037807465,
                5.24340009689,
                3.78679776192,
                1.84892165661,
                0.70153927803,
                0.387190937996,
                0.159364506602,
                0.0407757535577,
                0.0043641589582,
                0.000477264256915,
                4.03811536671e-05
            ],
            "dmean2": [
                0.434030324221,
                3.26875185966,
                4.48164081573,
                8.6387052536,
                13.7308359146,
                9.10514068604,
                14.7196025848,
                14.8695640564,
                10.1356678009,
                13.3306484222,
                20.5953769684,
                24.6100082397,
                20.7671089172,
                44.8557014465,
                30.8866596222,
                32.73046875,
                23.2392559052,
                26.3910999298,
                54.1225204468,
                35.4811553955,
                26.1472110748,
                22.7111186981,
                24.4399623871,
                28.2311668396,
                13.0507259369,
                11.1962099075,
                10.5641212463,
                7.41648101807,
                6.37735176086,
                6.43153953552,
                7.37241125107,
                5.11851119995,
                2.54762220383,
                0.940059065819,
                0.507703602314,
                0.230529174209,
                0.0599918738008,
                0.00607608444989,
                0.000667942338623,
                5.97366670263e-05
            ],
            "dvar": [
                0.116445533931,
                7.67572546005,
                15.6256961823,
                95.7973251343,
                242.783157349,
                90.8138427734,
                253.891860962,
                275.877166748,
                120.377555847,
                289.413818359,
                772.163452148,
                1304.05163574,
                1081.07348633,
                5024.57373047,
                2721.04663086,
                2218.59130859,
                1364.97814941,
                2456.35546875,
                8987.99121094,
                2505.38793945,
                1818.62109375,
                1021.95440674,
                734.419494629,
                1726.30383301,
                341.738372803,
                181.029190063,
                214.656341553,
                115.398200989,
                84.7582473755,
                134.379440308,
                189.111801147,
                114.272598267,
                26.5857925415,
                3.37155008316,
                1.44333827496,
                0.10157571733,
                0.00555918039754,
                6.46445187158e-05,
                7.55939538521e-07,
                3.49824191836e-09
            ],
            "dvar2": [
                0.299999415874,
                20.7681388855,
                39.8793411255,
                247.647460938,
                664.945556641,
                245.0652771,
                663.975952148,
                623.00378418,
                309.669250488,
                672.661010742,
                1697.9888916,
                2791.62670898,
                2268.30639648,
                10921.6611328,
                5764.34472656,
                5025.91601562,
                2582.23632812,
                5249.27441406,
                21010.8300781,
                6411.22265625,
                3628.09008789,
                2236.83959961,
                1683.59899902,
                4059.12890625,
                672.030639648,
                347.651367188,
                474.279785156,
                229.960144043,
                153.928604126,
                256.200775146,
                360.198638916,
                196.927825928,
                46.0088577271,
                5.61288118362,
                2.42208147049,
                0.196003764868,
                0.0125757846981,
                0.000129832973471,
                1.49903269175e-06,
                6.83588607941e-09
            ],
            "max": [
                3.30475497246,
                27.7426872253,
                41.1020889282,
                94.8851394653,
                179.021606445,
                141.394317627,
                316.263244629,
                382.546813965,
                236.000396729,
                291.752258301,
                572.627685547,
                950.225463867,
                781.568359375,
                1973.43823242,
                1689.04272461,
                1646.84997559,
                1254.14379883,
                1937.89123535,
                2053.39257812,
                1312.6151123,
                1099.47180176,
                918.598815918,
                555.677001953,
                885.187438965,
                227.913711548,
                261.916992188,
                400.045227051,
                139.917907715,
                196.261413574,
                266.430145264,
                283.864227295,
                296.070037842,
                139.822784424,
                62.0313949585,
                50.2526779175,
                7.67025709152,
                1.18608796597,
                0.114625655115,
                0.0105984583497,
                0.000786619086284
            ],
            "mean": [
                0.459109723568,
                3.06362891197,
                3.77751326561,
                4.83090209961,
                6.68788051605,
                5.56750679016,
                12.1750669479,
                13.9825563431,
                10.1857786179,
                14.7265930176,
                26.0320262909,
                29.1792926788,
                24.2364692688,
                65.0985336304,
                38.6840057373,
                44.0919380188,
                31.4023857117,
                34.6277427673,
                73.3632965088,
                43.1303100586,
                33.2861862183,
                31.6014995575,
                30.8537578583,
                31.5676116943,
                14.955414772,
                13.8815526962,
                13.0127286911,
                8.7805519104,
                7.90833520889,
                8.71820640564,
                10.2286148071,
                7.76454257965,
                3.81184983253,
                1.36549174786,
                0.695930182934,
                0.235028237104,
                0.0509144514799,
                0.00598137360066,
                0.000627200119197,
                8.18405169412e-05
            ],
            "median": [
                0.268419623375,
                1.81756532192,
                2.16522049904,
                1.52271783352,
                1.96385574341,
                2.23211741447,
                3.83650875092,
                5.54425525665,
                5.62556743622,
                6.522752285,
                10.1347999573,
                12.5643377304,
                10.2710609436,
                14.0561103821,
                14.611823082,
                15.9568805695,
                13.2064266205,
                10.7476472855,
                14.8962211609,
                15.3676834106,
                12.9329481125,
                12.1377573013,
                14.1431207657,
                12.4765930176,
                7.33125066757,
                7.5233745575,
                6.40492200851,
                3.77754926682,
                2.49913883209,
                1.81362378597,
                1.8124204874,
                1.37521243095,
                0.807787418365,
                0.353082388639,
                0.111168324947,
                0.0400409922004,
                0.00912494398654,
                0.00114317191765,
                0.000141663535032,
                5.90885501879e-05
            ],
            "min": [
                4.51470674882e-22,
                4.15398148279e-21,
                3.12536429651e-20,
                2.39977503411e-20,
                3.06542181331e-20,
                2.4638851505e-19,
                3.35628300899e-19,
                6.75706006313e-19,
                4.20517943907e-19,
                1.04918193029e-18,
                1.31518646488e-18,
                2.56931397246e-18,
                1.66302356388e-18,
                1.52190810234e-18,
                3.60995350516e-18,
                4.55834378801e-18,
                7.95443346811e-18,
                3.93771017441e-18,
                7.56746431548e-18,
                1.19748753522e-17,
                8.54981573915e-18,
                8.88111563654e-18,
                1.56199327482e-17,
                1.51025329295e-17,
                1.64019046316e-17,
                1.68271978892e-17,
                2.14968193899e-17,
                1.80370107464e-17,
                2.55957805665e-17,
                1.97160252625e-17,
                1.49532466812e-17,
                1.48850290961e-17,
                1.98488274555e-17,
                1.40573141249e-17,
                7.95826331434e-18,
                4.72351852144e-18,
                3.69017968482e-18,
                1.18126406255e-18,
                2.42219085323e-19,
                3.58670909664e-20
            ],
            "var": [
                0.244899198413,
                12.3848075867,
                21.3778114319,
                80.0757751465,
                177.973831177,
                85.9857254028,
                500.984313965,
                603.916381836,
                196.30682373,
                588.01763916,
                1976.29138184,
                2866.96655273,
                2526.69775391,
                22156.3691406,
                7275.78564453,
                6233.88525391,
                5712.87548828,
                9791.234375,
                34263.5507812,
                5708.64160156,
                4680.11474609,
                3563.07983398,
                1939.01318359,
                3645.00952148,
                578.281860352,
                425.219604492,
                386.360351562,
                199.856399536,
                225.326660156,
                428.016326904,
                689.121459961,
                486.502319336,
                106.370033264,
                11.7494802475,
                6.45840644836,
                0.305725604296,
                0.00896948110312,
                0.00011938901298,
                1.21731670788e-06,
                6.33280849982e-09
            ]
        },
        "erbbands_crest": {
            "dmean": 2.8682346344,
            "dmean2": 4.48786020279,
            "dvar": 7.91472101212,
            "dvar2": 17.4954891205,
            "max": 32.4993782043,
            "mean": 10.2311496735,
            "median": 8.94226551056,
            "min": 2.31855154037,
            "var": 32.1471252441
        },
        "erbbands_flatness_db": {
            "dmean": 0.0203411020339,
            "dmean2": 0.0277341958135,
            "dvar": 0.000406080478569,
            "dvar2": 0.000729336636141,
            "max": 0.389277935028,
            "mean": 0.150407865644,
            "median": 0.143103599548,
            "min": 0.0311925616115,
            "var": 0.00249222503044
        },
        "erbbands_kurtosis": {
            "dmean": 1.16666543484,
            "dmean2": 1.81328380108,
            "dvar": 5.18425941467,
            "dvar2": 11.7847528458,
            "max": 70.7732543945,
            "mean": 0.952697753906,
            "median": 0.0269088745117,
            "min": -1.85299444199,
            "var": 10.1392650604
        },
        "erbbands_skewness": {
            "dmean": 0.385692566633,
            "dmean2": 0.585615456104,
            "dvar": 0.160598874092,
            "dvar2": 0.329330056906,
            "max": 4.48762893677,
            "mean": -0.0106541058049,
            "median": -0.0103060975671,
            "min": -7.16092967987,
            "var": 0.692845523357
        },
        "erbbands_spread": {
            "dmean": 9.18414974213,
            "dmean2": 13.7927188873,
            "dvar": 112.88735199,
            "dvar2": 251.082733154,
            "max": 153.765426636,
            "mean": 38.5969810486,
            "median": 34.3092041016,
            "min": 2.2496111393,
            "var": 512.831237793
        },
        "gfcc": {
            "cov": [
                [
                    19674.6269531,
                    1074.8927002,
                    -1364.0111084,
                    13.3884296417,
                    -696.164123535,
                    11.5892047882,
                    -626.010986328,
                    126.395401001,
                    -229.682998657,
                    104.482460022,
                    -262.948425293,
                    18.2176704407,
                    -298.657226562
                ],
                [
                    1074.8927002,
                    1383.52575684,
                    -221.195114136,
                    -99.235206604,
                    223.769836426,
                    -131.587738037,
                    145.087738037,
                    -32.9714164734,
                    26.3517360687,
                    -43.3733673096,
                    105.720817566,
                    -59.5184631348,
                    110.724304199
                ],
                [
                    -1364.0111084,
                    -221.195114136,
                    906.816711426,
                    272.938476562,
                    57.772769928,
                    137.591583252,
                    68.8807220459,
                    -24.1135215759,
                    -12.6801528931,
                    -11.0082864761,
                    -61.3565368652,
                    77.4392089844,
                    -40.5867958069
                ],
                [
                    13.3884296417,
                    -99.235206604,
                    272.938476562,
                    393.454956055,
                    65.9589691162,
                    99.8244934082,
                    27.1627082825,
                    12.8432426453,
                    47.2545661926,
                    -9.14741611481,
                    -16.6682186127,
                    -6.64570522308,
                    -19.5845432281
                ],
                [
                    -696.164123535,
                    223.769836426,
                    57.772769928,
                    65.9589691162,
                    367.800384521,
                    33.9789772034,
                    147.619125366,
                    40.704044342,
                    36.2688331604,
                    32.2229652405,
                    15.6997804642,
                    -29.0122871399,
                    8.68532180786
                ],
                [
                    11.5892047882,
                    -131.587738037,
                    137.591583252,
                    99.8244934082,
                    33.9789772034,
                    292.761993408,
                    104.650177002,
                    52.2851791382,
                    19.7265834808,
                    12.5878419876,
                    7.39172887802,
                    -5.39710187912,
                    1.95636188984
                ],
                [
                    -626.010986328,
                    145.087738037,
                    68.8807220459,
                    27.1627082825,
                    147.619125366,
                    104.650177002,
                    259.344024658,
                    57.8352241516,
                    28.5346736908,
                    22.168598175,
                    37.2210693359,
                    -3.12921929359,
                    28.0623550415
                ],
                [
                    126.395401001,
                    -32.9714164734,
                    -24.1135215759,
                    12.8432426453,
                    40.704044342,
                    52.2851791382,
                    57.8352241516,
                    145.9324646,
                    72.1809768677,
                    26.4498157501,
                    9.78357315063,
                    7.50451135635,
                    10.097820282
                ],
                [
                    -229.682998657,
                    26.3517360687,
                    -12.6801528931,
                    47.2545661926,
                    36.2688331604,
                    19.7265834808,
                    28.5346736908,
                    72.1809768677,
                    155.048706055,
                    45.6940689087,
                    28.2641143799,
                    -9.7187833786,
                    12.7777919769
                ],
                [
                    104.482460022,
                    -43.3733673096,
                    -11.0082864761,
                    -9.14741611481,
                    32.2229652405,
                    12.5878419876,
                    22.168598175,
                    26.4498157501,
                    45.6940689087,
                    108.194664001,
                    38.0410995483,
                    4.52943944931,
                    -12.5453109741
                ],
                [
                    -262.948425293,
                    105.720817566,
                    -61.3565368652,
                    -16.6682186127,
                    15.6997804642,
                    7.39172887802,
                    37.2210693359,
                    9.78357315063,
                    28.2641143799,
                    38.0410995483,
                    124.994018555,
                    18.4538040161,
                    48.2103042603
                ],
                [
                    18.2176704407,
                    -59.5184631348,
                    77.4392089844,
                    -6.64570522308,
                    -29.0122871399,
                    -5.39710187912,
                    -3.12921929359,
                    7.50451135635,
                    -9.7187833786,
                    4.52943944931,
                    18.4538040161,
                    116.227043152,
                    37.9475975037
                ],
                [
                    -298.657226562,
                    110.724304199,
                    -40.5867958069,
                    -19.5845432281,
                    8.68532180786,
                    1.95636188984,
                    28.0623550415,
                    10.097820282,
                    12.7777919769,
                    -12.5453109741,
                    48.2103042603,
                    37.9475975037,
                    126.933006287
                ]
            ],
            "icov": [
                [
                    0.000149904371938,
                    -0.000375165982405,
                    0.000334827724146,
                    -0.000360157369869,
                    0.000374535098672,
                    -0.000351127091562,
                    0.000405647442676,
                    -0.000452314998256,
                    0.000541421119124,
                    -0.000714239606168,
                    0.000636860262603,
                    -0.000515142746735,
                    0.000444570789114
                ],
                [
                    -0.000375165982405,
                    0.00208247033879,
                    -0.000744996941648,
                    0.00110496114939,
                    -0.00151709897909,
                    0.00147976400331,
                    -0.00157948595006,
                    0.00162891496439,
                    -0.00171158777084,
                    0.00270722201094,
                    -0.00239020888694,
                    0.00190960802138,
                    -0.00168959144503
                ],
                [
                    0.000334827724146,
                    -0.000744996941648,
                    0.00255181477405,
                    -0.00183651468251,
                    0.000666585518047,
                    -0.00123146257829,
                    0.00037214285112,
                    -0.000162576659932,
                    0.00114565924741,
                    -0.0015856429236,
                    0.00226154364645,
                    -0.00282986182719,
                    0.00158929661848
                ],
                [
                    -0.000360157369869,
                    0.00110496114939,
                    -0.00183651468251,
                    0.00466966861859,
                    -0.00161432195455,
                    2.76744867733e-05,
                    -0.000447350030299,
                    0.00142491224688,
                    -0.00282658427022,
                    0.00293098413385,
                    -0.00195836019702,
                    0.00183277286123,
                    -0.000812327722088
                ],
                [
                    0.000374535098672,
                    -0.00151709897909,
                    0.000666585518047,
                    -0.00161432195455,
                    0.00511470111087,
                    -0.000452696840512,
                    -0.000938815006521,
                    -0.0017182212323,
                    0.00163107796106,
                    -0.00327176321298,
                    0.0023123852443,
                    -0.000439338153228,
                    0.000935444491915
                ],
                [
                    -0.000351127091562,
                    0.00147976400331,
                    -0.00123146257829,
                    2.76744867733e-05,
                    -0.000452696840512,
                    0.0059079863131,
                    -0.00299806543626,
                    -0.000195930668269,
                    -0.000709226471372,
                    0.00165500212461,
                    -0.00206271489151,
                    0.00245549995452,
                    -0.00160382280592
                ],
                [
                    0.000405647442676,
                    -0.00157948595006,
                    0.00037214285112,
                    -0.000447350030299,
                    -0.000938815006521,
                    -0.00299806543626,
                    0.00787135679275,
                    -0.00300498655997,
                    0.00199244124815,
                    -0.00220828060992,
                    0.000630065449513,
                    -0.00118549261242,
                    0.000687784573529
                ],
                [
                    -0.000452314998256,
                    0.00162891496439,
                    -0.000162576659932,
                    0.00142491224688,
                    -0.0017182212323,
                    -0.000195930668269,
                    -0.00300498655997,
                    0.0121738109738,
                    -0.00652946950868,
                    0.0022506499663,
                    -0.000729457009584,
                    -0.000320433871821,
                    -0.00124822393991
                ],
                [
                    0.000541421119124,
                    -0.00171158777084,
                    0.00114565924741,
                    -0.00282658427022,
                    0.00163107796106,
                    -0.000709226471372,
                    0.00199244124815,
                    -0.00652946950868,
                    0.0124330241233,
                    -0.0063166259788,
                    0.00156056392007,
                    -7.35197172617e-05,
                    0.000228788790992
                ],
                [
                    -0.000714239606168,
                    0.00270722201094,
                    -0.0015856429236,
                    0.00293098413385,
                    -0.00327176321298,
                    0.00165500212461,
                    -0.00220828060992,
                    0.0022506499663,
                    -0.0063166259788,
                    0.0173621904105,
                    -0.00797732174397,
                    0.00138998858165,
                    0.00137685332447
                ],
                [
                    0.000636860262603,
                    -0.00239020888694,
                    0.00226154364645,
                    -0.00195836019702,
                    0.0023123852443,
                    -0.00206271489151,
                    0.000630065449513,
                    -0.000729457009584,
                    0.00156056392007,
                    -0.00797732174397,
                    0.0152423419058,
                    -0.00378614617512,
                    -0.00180609093513
                ],
                [
                    -0.000515142746735,
                    0.00190960802138,
                    -0.00282986182719,
                    0.00183277286123,
                    -0.000439338153228,
                    0.00245549995452,
                    -0.00118549261242,
                    -0.000320433871821,
                    -7.35197172617e-05,
                    0.00138998858165,
                    -0.00378614617512,
                    0.014097282663,
                    -0.00585179775953
                ],
                [
                    0.000444570789114,
                    -0.00168959144503,
                    0.00158929661848,
                    -0.000812327722088,
                    0.000935444491915,
                    -0.00160382280592,
                    0.000687784573529,
                    -0.00124822393991,
                    0.000228788790992,
                    0.00137685332447,
                    -0.00180609093513,
                    -0.00585179775953,
                    0.0132372863591
                ]
            ],
            "mean": [
                -0.328274995089,
                79.8906326294,
                -116.397315979,
                40.0138702393,
                -48.0997009277,
                25.8211803436,
                -26.7954044342,
                15.8607559204,
                -15.6565284729,
                2.96458649635,
                -8.49318790436,
                1.82038724422,
                -5.12342309952
            ]
        },
        "hfc": {
            "dmean": 8.21352481842,
            "dmean2": 11.4177074432,
            "dvar": 129.789794922,
            "dvar2": 213.285095215,
            "max": 162.851394653,
            "mean": 28.530714035,
            "median": 22.6777629852,
            "min": 1.14699920996e-16,
            "var": 567.895446777
        },
        "melbands": {
            "dmean": [
                0.00249372422695,
                0.00168843136635,
                0.000925408792682,
                0.000477671768749,
                0.000264135946054,
                0.000200088194106,
                9.85672159004e-05,
                9.21594910324e-05,
                0.000116516683192,
                0.000104660983197,
                6.90817978466e-05,
                0.000120124961541,
                7.97548200353e-05,
                6.03874177614e-05,
                4.39262257714e-05,
                3.93468872062e-05,
                3.39525940944e-05,
                5.44592621736e-05,
                5.32897029188e-05,
                2.57709561993e-05,
                2.26304000535e-05,
                1.9072303985e-05,
                1.26386821648e-05,
                1.8210741473e-05,
                1.58046823344e-05,
                7.02778925188e-06,
                5.19556670042e-06,
