{
    "lowlevel": {
        "average_loudness": 0.943148374557,
        "barkbands": {
            "dmean": [
                0.000401311408496,
                0.00550083769485,
                0.0038362913765,
                0.00193764572032,
                0.00214663567021,
                0.00140310579445,
                0.00167249434162,
                0.000771461927798,
                0.000723202887457,
                0.00102949328721,
                0.00072958850069,
                0.0008443800034,
                0.000717645627446,
                0.000517545442563,
                0.000381086225389,
                0.000263747439021,
                0.000156133421115,
                0.00014942260168,
                0.000110022185254,
                6.92037283443e-05,
                0.000123911275296,
                0.000310984643875,
                0.000176642701263,
                0.00015725796402,
                0.00011472593178,
                3.73080765712e-05,
                7.24022811482e-06
            ],
            "dmean2": [
                0.000533470942173,
                0.00797959789634,
                0.00688643800095,
                0.00363036175258,
                0.00394359929487,
                0.00248636258766,
                0.00294187176041,
                0.0012550232932,
                0.00116418639664,
                0.00160803680774,
                0.00121210911311,
                0.00132902746554,
                0.0011356594041,
                0.000792935839854,
                0.000585060392041,
                0.000408414460253,
                0.000240531531745,
                0.000235458050156,
                0.000178083748324,
                0.00010763676255,
                0.000203373172553,
                0.000542590569239,
                0.000306627334794,
                0.000253866950516,
                0.000184547126992,
                6.24231324764e-05,
                1.26916993395e-05
            ],
            "dvar": [
                5.39013399248e-07,
                0.000174580418388,
                0.000238160559093,
                6.56821357552e-05,
                4.86241478939e-05,
                1.4434726836e-05,
                1.55137076945e-05,
                3.82915959563e-06,
                2.97300539387e-06,
                6.02887212153e-06,
                3.72316958419e-06,
                4.55532926935e-06,
                3.58413512913e-06,
                2.02732576327e-06,
                1.07219216261e-06,
                4.13659734022e-07,
                2.05905266171e-07,
                3.40435065027e-07,
                1.78461903033e-07,
                6.77473437349e-08,
                1.11124215607e-07,
                5.0472277735e-07,
                1.5330374481e-07,
                9.7046573444e-08,
                6.56349996575e-08,
                1.45850558297e-08,
                1.01736052915e-09
            ],
            "dvar2": [
                8.5357351054e-07,
                0.000430406362284,
                0.000663339160383,
                0.000193245738046,
                0.000142743665492,
                4.02948426199e-05,
                4.31489715993e-05,
                8.99360657058e-06,
                7.16848262527e-06,
                1.36516919156e-05,
                9.84016242001e-06,
                1.07674577521e-05,
                8.68888764671e-06,
                4.60064393337e-06,
                2.45619366979e-06,
                9.45929684804e-07,
                4.38901736288e-07,
                8.00258703748e-07,
                4.23885325063e-07,
                1.48970116243e-07,
                2.59552166426e-07,
                1.3799071894e-06,
                4.07771977962e-07,
                2.39472370822e-07,
                1.60206013788e-07,
                3.87360614695e-08,
                2.73310019061e-09
            ],
            "max": [
                0.00887365266681,
                0.12806814909,
                0.142029285431,
                0.0799359604716,
                0.0589461028576,
                0.0334204137325,
                0.0478183031082,
                0.053789973259,
                0.0371459536254,
                0.0532040782273,
                0.0300070084631,
                0.0456245988607,
                0.0319886505604,
                0.0290255341679,
                0.0235399696976,
                0.0160992536694,
                0.00607306556776,
                0.00738835008815,
                0.00477582868189,
                0.00298726558685,
                0.00315814791247,
                0.0060723926872,
                0.00338145205751,
                0.00368672679178,
                0.003886902472,
                0.00127772300038,
                0.000392398942495
            ],
            "mean": [
                0.00224698497914,
                0.0168008729815,
                0.0039159222506,
                0.00191298138816,
                0.00202873721719,
                0.00128997850697,
                0.00183585763443,
                0.000931490561925,
                0.0008178660064,
                0.00138837099075,
                0.000812938029412,
                0.000928990310058,
                0.000756400637329,
                0.000590254319832,
                0.000439786643256,
                0.000332917901687,
                0.000183932919754,
                0.000147203842062,
                0.000100756042229,
                6.54281611787e-05,
                0.000123167264974,
                0.000270966265816,
                0.000154351320816,
                0.000186735371244,
                0.000131146429339,
                3.58062425221e-05,
                5.41509643881e-06
            ],
            "median": [
                0.00194769748487,
                0.0147506268695,
                0.00121293379925,
                0.000735239707865,
                0.000880086910911,
                0.0003451241937,
                0.000616864708718,
                0.000208121622563,
                0.000160971787409,
                0.000278933119262,
                0.000124002748635,
                0.000107983454654,
                8.17157706479e-05,
                3.36421144311e-05,
                2.94943347399e-05,
                4.14875648858e-05,
                2.70173113677e-05,
                1.71701940417e-05,
                8.9525774456e-06,
                3.68996961697e-06,
                1.49658681039e-05,
                5.83713517699e-05,
                3.12119009322e-05,
                5.64755355299e-05,
                4.31486514572e-05,
                1.03773418232e-05,
                6.27070505743e-07
            ],
            "min": [
                2.07201791213e-24,
                7.89728731103e-24,
                5.41319705822e-24,
                4.54980260252e-24,
                3.45458756475e-23,
                3.0691618016e-23,
                1.50691412891e-23,
                1.38335752745e-23,
                2.43212727501e-23,
                2.02287775475e-23,
                3.33698165665e-23,
                5.91875836973e-23,
                5.1441225199e-23,
                5.13646741368e-23,
                5.64065019076e-23,
                1.0062204836e-22,
                1.23045122979e-22,
                1.82426166925e-22,
                1.04172256911e-22,
                2.59523196645e-22,
                2.69592318213e-22,
                3.51879169165e-22,
                4.97653394308e-22,
                6.67130049753e-22,
                1.13172686523e-21,
                1.58361486646e-21,
                2.1743252214e-21
            ],
            "var": [
                4.06220533478e-06,
                0.000290529191261,
                0.000147534199641,
                3.61698985216e-05,
                2.77145281871e-05,
                9.7093579825e-06,
                1.25497117551e-05,
                5.84302688367e-06,
                3.62472587767e-06,
                1.17261733976e-05,
                4.41866814072e-06,
                5.66060271012e-06,
                4.18528770751e-06,
                2.95525705951e-06,
                1.44984062445e-06,
                7.36055710604e-07,
                2.64670660499e-07,
                3.17709066167e-07,
                1.61643569641e-07,
                6.87788386244e-08,
                1.13664498258e-07,
                3.76858736217e-07,
                1.22589241869e-07,
                1.12273134789e-07,
                6.98341295902e-08,
                1.0981163534e-08,
                6.87777446107e-10
            ]
        },
        "barkbands_crest": {
            "dmean": 2.70741724968,
            "dmean2": 4.13491392136,
            "dvar": 8.01964950562,
            "dvar2": 19.2746315002,
            "max": 26.6863651276,
            "mean": 13.4881877899,
            "median": 12.953209877,
            "min": 2.77272701263,
            "var": 22.2977199554
        },
        "barkbands_flatness_db": {
            "dmean": 0.0382789894938,
            "dmean2": 0.0540153160691,
            "dvar": 0.00174212944694,
            "dvar2": 0.00312751787715,
            "max": 0.75675457716,
            "mean": 0.209096580744,
            "median": 0.179343476892,
            "min": 0.0170497912914,
            "var": 0.0136231556535
        },
        "barkbands_kurtosis": {
            "dmean": 10.8556013107,
            "dmean2": 17.2438697815,
            "dvar": 729.183959961,
            "dvar2": 1789.70654297,
            "max": 812.165466309,
            "mean": 14.1283855438,
            "median": 5.03854942322,
            "min": -1.91851747036,
            "var": 1096.26123047
        },
        "barkbands_skewness": {
            "dmean": 1.05649197102,
            "dmean2": 1.60368585587,
            "dvar": 1.70487904549,
            "dvar2": 3.98923516273,
            "max": 22.3626289368,
            "mean": 2.32635474205,
            "median": 1.99193620682,
            "min": -7.6715259552,
            "var": 4.27518749237
        },
        "barkbands_spread": {
            "dmean": 7.77907371521,
            "dmean2": 12.108502388,
            "dvar": 107.858894348,
            "dvar2": 256.561340332,
            "max": 108.190620422,
            "mean": 17.1599769592,
            "median": 14.3068065643,
            "min": 0.035072311759,
            "var": 204.664642334
        },
        "dissonance": {
            "dmean": 0.0423108786345,
            "dmean2": 0.071215480566,
            "dvar": 0.00199985364452,
            "dvar2": 0.00544006982818,
            "max": 0.499999970198,
            "mean": 0.420811116695,
            "median": 0.442553192377,
            "min": 0.015805311501,
            "var": 0.00555849727243
        },
        "dynamic_complexity": 4.25557899475,
        "erbbands": {
            "dmean": [
                0.215429157019,
                1.1716299057,
                3.75782346725,
                5.9122133255,
                5.50402736664,
                7.55553674698,
                12.6858825684,
                9.69387817383,
                20.6535243988,
                19.8348274231,
                18.7610492706,
                16.9902534485,
                23.9765300751,
                34.8133964539,
                28.0533161163,
                35.9569168091,
                31.7391757965,
                27.7473545074,
                19.5820045471,
                15.6552677155,
                12.9134702682,
                7.31145429611,
                9.01588439941,
                5.46040821075,
                5.75761842728,
                3.10534334183,
                4.04196071625,
                5.81933164597,
                10.7597503662,
                9.45907497406,
                4.70896720886,
                3.43891215324,
                2.5728521347,
                1.63796055317,
                0.626248419285,
                0.205978363752,
                0.0619911625981,
                0.0125222718343,
                0.00114154652692,
                8.39333661133e-05
            ],
            "dmean2": [
                0.2685097754,
                1.83376657963,
                6.67970275879,
                10.714764595,
                10.336974144,
                13.7480211258,
                22.5186767578,
                17.2101287842,
                36.7744102478,
                33.9307746887,
                30.1517429352,
                27.1814479828,
                36.6148529053,
                55.6810417175,
                45.2414779663,
                55.9471855164,
                49.3442993164,
                41.8065299988,
                29.1298427582,
                23.3857288361,
                19.4192409515,
                10.9978981018,
                14.2350759506,
                8.65399360657,
                9.32340049744,
                4.88986587524,
                6.5293097496,
                9.60241413116,
                18.5967617035,
                16.894613266,
                8.10842990875,
                5.67762851715,
                4.10187673569,
                2.61087274551,
                1.02585446835,
                0.340313851833,
                0.104548230767,
                0.0221397951245,
                0.00198813923635,
                0.000144226534758
            ],
            "dvar": [
                0.21756285429,
                9.81325340271,
                215.652542114,
                584.994262695,
                472.858581543,
                537.711364746,
                1107.11621094,
                723.789978027,
                2252.03857422,
                2260.08007812,
                2938.40576172,
                1603.26379395,
                4419.88916016,
                6306.86328125,
                6375.07568359,
                8967.06640625,
                6460.29150391,
                5561.70800781,
                2647.00756836,
                1611.99279785,
                835.758728027,
                444.093353271,
                1277.84375,
                347.417236328,
                646.765930176,
                133.084152222,
                140.689529419,
                218.525314331,
                586.55480957,
                510.148590088,
                114.97971344,
                48.8403091431,
                27.5093917847,
                14.0008611679,
                2.12369251251,
                0.296849608421,
                0.0501774698496,
                0.00280342507176,
                2.57153678831e-05,
                1.31698357109e-07
            ],
            "dvar2": [
                0.389308750629,
                26.9245548248,
                599.670898438,
                1670.6661377,
                1395.36328125,
                1566.57800293,
                3126.51757812,
                2010.33447266,
                6341.88964844,
                6129.46533203,
                6902.2421875,
                3887.77172852,
                9718.68066406,
                15036.8994141,
                16267.0234375,
                21020.90625,
                15586.7226562,
                12736.8710938,
                6052.99365234,
                3584.61450195,
                1874.5411377,
                910.846496582,
                3022.57080078,
                802.766113281,
                1558.26074219,
                292.682342529,
                328.272583008,
                529.913146973,
                1592.25891113,
                1416.97937012,
                301.284301758,
                124.010543823,
                66.5735549927,
                34.0269088745,
                5.3546872139,
                0.758928239346,
                0.133661150932,
                0.00771692534909,
                6.9007226557e-05,
                3.59593258281e-07
            ],
            "max": [
                5.21684217453,
                29.6352958679,
                128.490097046,
                237.923355103,
                186.396316528,
                232.164840698,
                281.941741943,
                369.364898682,
                612.703308105,
                612.717163086,
                1554.29223633,
                705.004455566,
                2047.27319336,
                1643.7401123,
                1525.45324707,
                1938.62243652,
                1300.57971191,
                1719.94702148,
                1495.05578613,
                871.772644043,
                773.67767334,
                248.951217651,
                453.955535889,
                222.410873413,
                304.301361084,
                129.879852295,
                146.265838623,
                153.409362793,
                214.866241455,
                177.860794067,
                95.9095993042,
                82.3122558594,
                93.989944458,
                60.7009887695,
                17.2393493652,
                5.54651021957,
                2.4628508091,
                0.518707990646,
                0.0668625980616,
                0.00494406418875
            ],
            "mean": [
                0.840464711189,
                2.39406895638,
                4.0160369873,
                6.52932024002,
                4.85495662689,
                7.22580766678,
                12.3356990814,
                8.80620670319,
                21.7454910278,
                22.7119827271,
                23.6138877869,
                20.326374054,
                31.5910625458,
                46.9531097412,
                33.6253623962,
                40.6899108887,
                35.3447494507,
                32.7765960693,
                25.3060035706,
                19.9522380829,
                16.6380310059,
                9.14989852905,
                8.91951942444,
                5.50452756882,
                4.97650527954,
                2.96656799316,
                4.13472747803,
                5.74958610535,
                9.63730049133,
                7.53226184845,
                4.23324918747,
                3.78085660934,
                3.09154343605,
                1.87440192699,
                0.692775189877,
                0.21804343164,
                0.0555193535984,
                0.00942247081548,
                0.000884067907464,
                9.96233138721e-05
            ],
            "median": [
                0.920439004898,
                1.31330394745,
                1.30191230774,
                3.62591171265,
                1.93143785,
                2.96370506287,
                3.48792529106,
                2.66732239723,
                7.66666030884,
                8.00958251953,
                5.92771530151,
                4.95220375061,
                6.33284711838,
                10.3275737762,
                5.94481754303,
                5.47503471375,
                4.57028007507,
                2.47646450996,
                1.94618058205,
                1.78896701336,
                2.58452534676,
                1.64544928074,
                1.17840480804,
                0.753160715103,
                0.325584501028,
                0.196623325348,
                0.413218915462,
                0.867760002613,
                2.066583395,
                1.43896734715,
                0.873603641987,
                0.995122492313,
                0.948653101921,
                0.588999450207,
                0.207710549235,
                0.0720439255238,
                0.0129739781842,
                0.00131127540953,
                0.000131133318064,
                5.06963697262e-05
            ],
            "min": [
                3.03900017821e-22,
                1.76788994664e-21,
                6.46533979515e-21,
                7.69362545661e-21,
                1.52145995786e-20,
                1.04694653931e-19,
                1.68180953352e-19,
                2.02284446785e-19,
                2.57835143764e-19,
                3.46505622556e-19,
                3.64097556987e-19,
                4.94706739071e-19,
                5.74379483202e-19,
                1.10528483495e-18,
                1.38554675798e-18,
                2.30756052583e-18,
                1.86061126622e-18,
                3.19370960348e-18,
                3.11200049578e-18,
                3.69011392396e-18,
                5.46137686273e-18,
                7.69037011962e-18,
                1.00155500061e-17,
                7.49203123388e-18,
                8.23332320189e-18,
                1.44398901213e-17,
                1.26017252282e-17,
                1.18709326637e-17,
                1.38130104669e-17,
                1.58151258661e-17,
                1.27495903801e-17,
                1.14458801156e-17,
                1.33967541575e-17,
                9.63232880882e-18,
                8.4300805183e-18,
                5.89930861289e-18,
                2.90685846309e-18,
                1.0455293075e-18,
                2.8743681011e-19,
                3.32017017753e-20
            ],
            "var": [
                0.489534318447,
                13.1120843887,
                142.545761108,
                340.763183594,
                260.939910889,
                318.09954834,
                756.817321777,
                500.190093994,
                1680.39562988,
                1964.04858398,
                4366.08349609,
                2042.9276123,
                7395.81298828,
                11455.9404297,
                7972.06542969,
                10834.4277344,
                7745.37207031,
                7959.81494141,
                4186.35791016,
                2507.87646484,
                1460.42175293,
                590.833129883,
                1171.02416992,
                337.076690674,
                559.655395508,
                134.975921631,
                143.815124512,
                212.627578735,
                457.551879883,
                344.55770874,
                96.1936721802,
                50.103717804,
                33.855670929,
                14.9987640381,
                2.08371686935,
                0.258695960045,
                0.0365211851895,
                0.00180617056321,
                1.75257464434e-05,
                8.80363586475e-08
            ]
        },
        "erbbands_crest": {
            "dmean": 3.96230077744,
            "dmean2": 6.47151374817,
            "dvar": 12.4354991913,
            "dvar2": 31.0434513092,
            "max": 33.7814025879,
            "mean": 12.0531082153,
            "median": 10.982175827,
            "min": 2.82759332657,
            "var": 29.5917167664
        },
        "erbbands_flatness_db": {
            "dmean": 0.0267937369645,
            "dmean2": 0.0402767397463,
            "dvar": 0.000763433228713,
            "dvar2": 0.00155590253416,
            "max": 0.679734051228,
            "mean": 0.181052073836,
            "median": 0.159437894821,
            "min": 0.0558524914086,
            "var": 0.00875889323652
        },
        "erbbands_kurtosis": {
            "dmean": 3.16159033775,
            "dmean2": 4.95299100876,
            "dvar": 61.9747962952,
            "dvar2": 129.228347778,
            "max": 409.801513672,
            "mean": 4.03046560287,
            "median": 1.81414413452,
            "min": -1.91405010223,
            "var": 159.992523193
        },
        "erbbands_skewness": {
            "dmean": 0.633669912815,
            "dmean2": 0.977266788483,
            "dvar": 0.435317665339,
            "dvar2": 0.99133092165,
            "max": 17.5765151978,
            "mean": 0.787760853767,
            "median": 0.707566678524,
            "min": -4.9325261116,
            "var": 1.33699071407
        },
        "erbbands_spread": {
            "dmean": 14.0802984238,
            "dmean2": 21.7745399475,
            "dvar": 296.963806152,
            "dvar2": 638.83605957,
            "max": 221.595626831,
            "mean": 34.3885574341,
            "median": 28.2455387115,
            "min": 0.266184180975,
            "var": 677.050109863
        },
        "gfcc": {
            "cov": [
                [
                    27667.1953125,
                    -3619.18017578,
                    -3648.26928711,
                    2224.46508789,
                    518.341003418,
                    2993.84130859,
                    201.82019043,
                    1166.38684082,
                    380.257385254,
                    676.063720703,
                    -87.3862838745,
                    840.866821289,
                    -45.8741798401
                ],
                [
                    -3619.18017578,
                    2237.46850586,
                    1036.65258789,
                    -417.961212158,
                    136.216461182,
                    -395.08203125,
                    275.008300781,
                    -145.045776367,
                    100.853431702,
                    -153.153182983,
                    137.925201416,
                    -163.567352295,
                    67.0145797729
                ],
                [
                    -3648.26928711,
                    1036.65258789,
                    1760.51928711,
                    129.160095215,
                    51.8376426697,
                    -324.354644775,
                    108.157936096,
                    -52.8406600952,
                    23.7383880615,
                    -73.048248291,
                    105.560447693,
                    -126.063865662,
                    48.0514678955
                ],
                [
                    2224.46508789,
                    -417.961212158,
                    129.160095215,
                    931.533752441,
                    296.836730957,
                    288.744812012,
                    27.1943531036,
                    145.720321655,
                    121.561439514,
                    94.415473938,
                    7.87933635712,
                    72.3082122803,
                    49.5502166748
                ],
                [
                    518.341003418,
                    136.216461182,
                    51.8376426697,
                    296.836730957,
                    570.737487793,
                    235.407531738,
                    -35.5508918762,
                    81.2561035156,
                    142.228485107,
                    102.75667572,
                    56.02917099,
                    -24.3882694244,
                    17.3327522278
                ],
                [
                    2993.84130859,
                    -395.08203125,
                    -324.354644775,
                    288.744812012,
                    235.407531738,
                    770.947875977,
                    177.591766357,
                    228.976638794,
                    91.6088409424,
                    110.820671082,
                    21.5044670105,
                    95.4184799194,
                    2.5317928791
                ],
                [
                    201.82019043,
                    275.008300781,
                    108.157936096,
                    27.1943531036,
                    -35.5508918762,
                    177.591766357,
                    595.828613281,
                    139.850387573,
                    -59.6689834595,
                    -34.8335189819,
                    41.4469490051,
                    35.0832061768,
                    53.3199424744
                ],
                [
                    1166.38684082,
                    -145.045776367,
                    -52.8406600952,
                    145.720321655,
                    81.2561035156,
                    228.976638794,
                    139.850387573,
                    282.729217529,
                    78.9028778076,
                    20.4098472595,
                    0.52683621645,
                    52.684223175,
                    24.5020675659
                ],
                [
                    380.257385254,
                    100.853431702,
                    23.7383880615,
                    121.561439514,
                    142.228485107,
                    91.6088409424,
                    -59.6689834595,
                    78.9028778076,
                    232.036849976,
                    50.5304145813,
                    2.57913398743,
                    -0.0832126438618,
                    1.3653781414
                ],
                [
                    676.063720703,
                    -153.153182983,
                    -73.048248291,
                    94.415473938,
                    102.75667572,
                    110.820671082,
                    -34.8335189819,
                    20.4098472595,
                    50.5304145813,
                    163.918716431,
                    42.8362884521,
                    -13.0591430664,
                    -22.6127681732
                ],
                [
                    -87.3862838745,
                    137.925201416,
                    105.560447693,
                    7.87933635712,
                    56.02917099,
                    21.5044670105,
                    41.4469490051,
                    0.52683621645,
                    2.57913398743,
                    42.8362884521,
                    133.966491699,
                    4.42330932617,
                    -3.96807050705
                ],
                [
                    840.866821289,
                    -163.567352295,
                    -126.063865662,
                    72.3082122803,
                    -24.3882694244,
                    95.4184799194,
                    35.0832061768,
                    52.684223175,
                    -0.0832126438618,
                    -13.0591430664,
                    4.42330932617,
                    146.591812134,
                    29.3322067261
                ],
                [
                    -45.8741798401,
                    67.0145797729,
                    48.0514678955,
                    49.5502166748,
                    17.3327522278,
                    2.5317928791,
                    53.3199424744,
                    24.5020675659,
                    1.3653781414,
                    -22.6127681732,
                    -3.96807050705,
                    29.3322067261,
                    98.8011245728
                ]
            ],
            "icov": [
                [
                    0.000132502653287,
                    -0.000115544637083,
                    0.00024188128009,
                    -0.00031339447014,
                    0.00021926323825,
                    -0.00032420331263,
                    0.000146239399328,
                    -0.000254719168879,
                    0.000150291569298,
                    -0.000282454420812,
                    5.04643976456e-05,
                    -0.000279288913589,
                    0.000151737287524
                ],
                [
                    -0.000115544637083,
                    0.00143005268183,
                    -0.000723168137483,
                    0.00102373934351,
                    -0.000900937942788,
                    0.000602819840424,
                    -0.00100433651824,
                    0.00105292838998,
                    -0.00148087902926,
                    0.00137120229192,
                    -0.000905914697796,
                    0.000736463232897,
                    -0.000682568468619
                ],
                [
                    0.00024188128009,
                    -0.000723168137483,
                    0.00144569028635,
                    -0.00114090426359,
                    0.000661686935928,
                    -0.000343548163073,
                    0.000402600795496,
                    -0.000776474364102,
                    0.000557629449759,
                    -0.000409320666222,
                    -0.000388700282201,
                    6.27567060292e-05,
                    0.000204274110729
                ],
                [
                    -0.00031339447014,
                    0.00102373934351,
                    -0.00114090426359,
                    0.00275174761191,
                    -0.00150616012979,
                    0.000672965077683,
                    -0.00076394865755,
                    0.000824820715934,
                    -0.00119999842718,
                    0.000598462298512,
                    3.14484277624e-05,
                    6.60766891087e-05,
                    -0.00107514776755
                ],
                [
                    0.00021926323825,
                    -0.000900937942788,
                    0.000661686935928,
                    -0.00150616012979,
                    0.00361314392649,
                    -0.00141907786019,
                    0.00108304212335,
                    -0.000865186273586,
                    -1.46197990034e-05,
                    -0.00140094966628,
                    -0.000558303436264,
                    0.000585099274758,
                    -0.00033753470052
                ],
                [
                    -0.00032420331263,
                    0.000602819840424,
                    -0.000343548163073,
                    0.000672965077683,
                    -0.00141907786019,
                    0.00337441009469,
                    -0.00124093517661,
                    -0.000254580896581,
                    -0.000747465004679,
                    2.11096030398e-05,
                    -0.000143920595292,
                    -0.00017896979989,
                    0.000227994620218
                ],
                [
                    0.000146239399328,
                    -0.00100433651824,
                    0.000402600795496,
                    -0.00076394865755,
                    0.00108304212335,
                    -0.00124093517661,
                    0.00320338504389,
                    -0.0019697744865,
                    0.00198362860829,
                    -0.000467990583275,
                    -0.000276850943919,
                    -0.00023161729041,
                    -0.000538907770533
                ],
                [
                    -0.000254719168879,
                    0.00105292838998,
                    -0.000776474364102,
                    0.000824820715934,
                    -0.000865186273586,
                    -0.000254580896581,
                    -0.0019697744865,
                    0.00678012706339,
                    -0.00288388738409,
                    0.00145471037831,
                    -0.000136943897814,
                    -6.1400445702e-05,
                    -0.00094304519007
                ],
                [
                    0.000150291569298,
                    -0.00148087902926,
                    0.000557629449759,
                    -0.00119999842718,
                    -1.46197990034e-05,
                    -0.000747465004679,
                    0.00198362860829,
                    -0.00288388738409,
                    0.00758791621774,
                    -0.00245739077218,
                    0.00146426062565,
                    -0.000795845815446,
                    0.000699038035236
                ],
                [
                    -0.000282454420812,
                    0.00137120229192,
                    -0.000409320666222,
                    0.000598462298512,
                    -0.00140094966628,
                    2.11096030398e-05,
                    -0.000467990583275,
                    0.00145471037831,
                    -0.00245739077218,
                    0.0107052484527,
                    -0.00404261797667,
                    0.00282820616849,
                    0.00045684640645
                ],
                [
                    5.04643976456e-05,
                    -0.000905914697796,
                    -0.000388700282201,
                    3.14484277624e-05,
                    -0.000558303436264,
                    -0.000143920595292,
                    -0.000276850943919,
                    -0.000136943897814,
                    0.00146426062565,
                    -0.00404261797667,
                    0.0104620056227,
                    -0.00246973079629,
                    0.00130408257246
                ],
                [
                    -0.000279288913589,
                    0.000736463232897,
                    6.27567060292e-05,
                    6.60766891087e-05,
                    0.000585099274758,
                    -0.00017896979989,
                    -0.00023161729041,
                    -6.1400445702e-05,
                    -0.000795845815446,
                    0.00282820616849,
                    -0.00246973079629,
                    0.0105279041454,
                    -0.0032171306666
                ],
                [
                    0.000151737287524,
                    -0.000682568468619,
                    0.000204274110729,
                    -0.00107514776755,
                    -0.00033753470052,
                    0.000227994620218,
                    -0.000538907770533,
                    -0.00094304519007,
                    0.000699038035236,
                    0.00045684640645,
                    0.00130408257246,
                    -0.0032171306666,
                    0.0127750728279
                ]
            ],
            "mean": [
                -55.7446556091,
                99.4077224731,
                -70.9597854614,
                16.5647277832,
                -62.6708030701,
                34.5964927673,
                -36.8280792236,
                9.74139785767,
                -12.4184627533,
                2.72088623047,
                -13.2991695404,
                6.89077854156,
                -6.26736545563
            ]
        },
        "hfc": {
            "dmean": 11.7711257935,
            "dmean2": 18.4202327728,
            "dvar": 444.007751465,
            "dvar2": 1055.47033691,
            "max": 223.416397095,
            "mean": 19.4069442749,
            "median": 11.8151531219,
            "min": 1.17485521192e-16,
            "var": 587.305419922
        },
        "melbands": {
            "dmean": [
                0.00164979719557,
                0.00172611488961,
                0.000984824611805,
                0.000447481317678,
                0.000417885312345,
                0.000233918675804,
                0.000332936033374,
                0.000196842855075,
                0.000151451473357,
                0.000109308690298,
                0.000122735160403,
                0.000146173435496,
                9.1608351795e-05,
                9.99143230729e-05,
                7.92344944784e-05,
                6.76329509588e-05,
                5.4051681218e-05,
                3.29890535795e-05,
                2.99335260934e-05,
                2.01438506338e-05,
                1.4909802303e-05,
                7.64849846746e-06,
                8.59100782691e-06,
                7.06927903593e-06,
                4.22845550929e-06,
                4.33073228123e-06,
                3.504443157e-06,
