{
    "lowlevel": {
        "average_loudness": 0.884374022484,
        "barkbands": {
            "dmean": [
                0.00216285279021,
                0.00923719070852,
                0.00509083643556,
                0.00189343548845,
                0.0017931801267,
                0.000466863857582,
                0.00125031918287,
                0.00116104295012,
                0.000936247699428,
                0.000584885827266,
                0.000475841254229,
                0.000971408269834,
                0.000549835269339,
                0.000532332924195,
                0.000698115152773,
                0.000402563920943,
                0.000201656104764,
                0.000134079105919,
                9.69095272012e-05,
                0.000147105223732,
                0.000187170793652,
                0.000580546737183,
                0.0016739218263,
                0.000742395874113,
                0.000187132318388,
                4.03195917897e-05,
                4.10900929637e-06
            ],
            "dmean2": [
                0.00323059153743,
                0.0129027469084,
                0.00961519125849,
                0.00356095447205,
                0.00308722793125,
                0.000846216629725,
                0.00188598700333,
                0.00177834869828,
                0.00138009490911,
                0.000871310418006,
                0.000742893374991,
                0.00150048802607,
                0.000841195054818,
                0.000791149097495,
                0.00101379782427,
                0.000593910459429,
                0.000291388481855,
                0.000206280936254,
                0.000141139244079,
                0.000222706061322,
                0.000292196229566,
                0.0010486531537,
                0.00313521688804,
                0.00138155301102,
                0.000338162848493,
                7.05850252416e-05,
                6.83012103764e-06
            ],
            "dvar": [
                2.08315213968e-05,
                0.000787930155639,
                0.000417767034378,
                6.52953385725e-05,
                2.36734267673e-05,
                2.25608573601e-06,
                5.71068858335e-06,
                7.95708183432e-06,
                6.97601717548e-06,
                3.0398095987e-06,
                2.97656265502e-06,
                6.90606839271e-06,
                2.02049113796e-06,
                1.7997484747e-06,
                2.4832024792e-06,
                6.83394887346e-07,
                2.73205444046e-07,
                2.79023623762e-07,
                9.50583682879e-08,
                9.78729701728e-08,
                1.24779703015e-07,
                2.82717178379e-06,
                9.26798838918e-06,
                1.88685521607e-06,
                9.83557200129e-08,
                4.1070520318e-09,
                8.48789233343e-11
            ],
            "dvar2": [
                4.85117561766e-05,
                0.0017016120255,
                0.00120966066606,
                0.000190829727217,
                6.74861585139e-05,
                6.36524146103e-06,
                1.21378543554e-05,
                1.83151259989e-05,
                1.47201853906e-05,
                6.48121431368e-06,
                7.11754546501e-06,
                1.53902947204e-05,
                4.45973546448e-06,
                3.7508996229e-06,
                5.22812706549e-06,
                1.52075904225e-06,
                5.72153794565e-07,
                6.46265107207e-07,
                1.78190049382e-07,
                2.23959801815e-07,
                2.96238965802e-07,
                7.94763673184e-06,
                2.95901554637e-05,
                5.97400912739e-06,
                3.06697842234e-07,
                1.23440058175e-08,
                2.18873877356e-10
            ],
            "max": [
                0.0552691183984,
                0.404932260513,
                0.202316537499,
                0.097820609808,
                0.0629380196333,
                0.0168392471969,
                0.0286920256913,
                0.0384048372507,
                0.0455256178975,
                0.0279560852796,
                0.0428129211068,
                0.0326930135489,
                0.0178829114884,
                0.0223729591817,
                0.0222175177187,
                0.0114560900256,
                0.00950294639915,
                0.00646751746535,
                0.00467920675874,
                0.00407750857994,
                0.00355468806811,
                0.0157424844801,
                0.0142332455143,
                0.00592117803171,
                0.001454549958,
                0.000637278601062,
                0.000313769065542
            ],
            "mean": [
                0.0131489587948,
                0.0524205602705,
                0.00446526240557,
                0.00158377282787,
                0.00219902675599,
                0.000383975857403,
                0.00183892739005,
                0.00159991718829,
                0.0012370259501,
                0.000720535463188,
                0.000531949161086,
                0.00117852108087,
                0.000636884360574,
                0.000620150472969,
                0.000961608951911,
                0.000575222773477,
                0.000267802446615,
                0.000141433120007,
                0.000107892577944,
                0.000188284902833,
                0.000235756815528,
                0.000426163373049,
                0.00116969330702,
                0.000531496538315,
                0.000155241476023,
                3.80182827939e-05,
                4.56733505416e-06
            ],
            "median": [
                0.00900332629681,
                0.0474989525974,
                0.0012134721037,
                0.000286405615043,
                0.000944321451243,
                7.78005996835e-05,
                0.00045094761299,
                0.000245982082561,
                0.000147129117977,
                6.70780427754e-05,
                1.71809442691e-05,
                7.32530606911e-05,
                3.22146588587e-05,
                4.52558742836e-05,
                0.000126102182548,
                0.000123744146549,
                3.17209305649e-05,
                1.50854475578e-05,
                1.05629032987e-05,
                4.74359439977e-05,
                7.92241698946e-05,
                2.54344395216e-05,
                1.58733510034e-05,
                2.02794708457e-05,
                2.24710929615e-05,
                6.74130387779e-06,
                1.21044593016e-06
            ],
            "min": [
                1.53054587727e-23,
                1.03120197298e-23,
                5.30904588282e-23,
                2.17495877768e-23,
                1.32065184184e-23,
                8.30203527542e-23,
                4.99989697387e-23,
                5.43316147112e-23,
                4.6633433526e-23,
                9.65592947915e-23,
                1.41106049228e-22,
                6.42965309095e-23,
                1.51474092282e-22,
                8.34088446619e-23,
                1.99764332502e-22,
                1.30146070195e-22,
                9.50791960958e-23,
                5.03348439929e-22,
                3.77591187914e-22,
                2.86340478942e-22,
                5.3008544774e-22,
                3.64551683182e-22,
                3.95830813246e-22,
                6.68017209038e-22,
                1.27607937369e-21,
                1.68741139208e-21,
                2.10907751357e-21
            ],
            "var": [
                0.000163599048392,
                0.00214085378684,
                0.000248933560215,
                3.69664048776e-05,
                1.77185957e-05,
                1.43687407217e-06,
                1.06943844003e-05,
                1.39790781759e-05,
                1.15092007036e-05,
                4.6362079047e-06,
                4.08759115089e-06,
                9.9592270999e-06,
                2.94707956527e-06,
                2.71231624538e-06,
                4.47314005214e-06,
                1.16498188163e-06,
                4.48478516546e-07,
                3.00893105987e-07,
                1.32851113221e-07,
                1.51120261194e-07,
                1.67771673887e-07,
                1.87821035524e-06,
                6.59862826069e-06,
                1.36302458031e-06,
                8.14202962829e-08,
                4.17794332463e-09,
                9.59712656567e-11
            ]
        },
        "barkbands_crest": {
            "dmean": 2.39539837837,
            "dmean2": 3.84866476059,
            "dvar": 7.73689985275,
            "dvar2": 19.5981826782,
            "max": 26.3936157227,
            "mean": 15.7248668671,
            "median": 15.9423179626,
            "min": 3.64500832558,
            "var": 22.1533699036
        },
        "barkbands_flatness_db": {
            "dmean": 0.0410184375942,
            "dmean2": 0.0536363385618,
            "dvar": 0.00184191123117,
            "dvar2": 0.00269628409296,
            "max": 0.614397644997,
            "mean": 0.252879828215,
            "median": 0.239048793912,
            "min": 0.0620510987937,
            "var": 0.00912336446345
        },
        "barkbands_kurtosis": {
            "dmean": 21.000579834,
            "dmean2": 33.7673988342,
            "dvar": 2208.18041992,
            "dvar2": 5397.37988281,
            "max": 988.629455566,
            "mean": 28.250295639,
            "median": 7.49393081665,
            "min": -1.97197163105,
            "var": 3292.4465332
        },
        "barkbands_skewness": {
            "dmean": 1.43692398071,
            "dmean2": 2.23574972153,
            "dvar": 3.31169724464,
            "dvar2": 8.06220817566,
            "max": 25.0653114319,
            "mean": 3.25357604027,
            "median": 2.57987046242,
            "min": -19.1005325317,
            "var": 9.60478782654
        },
        "barkbands_spread": {
            "dmean": 12.3940591812,
            "dmean2": 21.0609989166,
            "dvar": 331.15335083,
            "dvar2": 998.900756836,
            "max": 151.764434814,
            "mean": 18.6335163116,
            "median": 10.7899265289,
            "min": 0.142018198967,
            "var": 476.722625732
        },
        "dissonance": {
            "dmean": 0.0374577455223,
            "dmean2": 0.0616705901921,
            "dvar": 0.00132299144752,
            "dvar2": 0.00351960258558,
            "max": 0.5,
            "mean": 0.429335147142,
            "median": 0.442387253046,
            "min": 0.174651026726,
            "var": 0.00277689215727
        },
        "dynamic_complexity": 4.25694179535,
        "erbbands": {
            "dmean": [
                0.511803209782,
                1.92010092735,
                5.5402135849,
                6.44133901596,
                5.2151350975,
                6.9715590477,
                5.72881317139,
                3.70233154297,
                12.9269123077,
                24.5240039825,
                22.2429351807,
                19.6550502777,
                20.6796455383,
                15.7806100845,
                25.8321838379,
                33.0499801636,
                25.6493015289,
                22.8996963501,
                30.0799427032,
                36.5836448669,
                21.9969406128,
                12.316365242,
                7.23588466644,
                5.60217809677,
                4.88815975189,
                7.31360244751,
                7.20788764954,
                9.59251594543,
                19.3582801819,
                31.6399688721,
                46.6688156128,
                25.7071399689,
                7.54391908646,
                2.83984947205,
                1.00688052177,
                0.248979896307,
                0.0775096938014,
                0.00997059978545,
                0.000712579465471,
                5.30655233888e-05
            ],
            "dmean2": [
                0.682509839535,
                2.94801950455,
                10.2360887527,
                12.1712293625,
                9.60535621643,
                11.8228759766,
                9.55716896057,
                6.64123392105,
                20.043012619,
                36.6317901611,
                33.4339103699,
                29.2278366089,
                30.1438674927,
                22.5592308044,
                38.7866744995,
                50.7636642456,
                38.2221298218,
                33.235534668,
                44.6083297729,
                51.9554138184,
                31.5713329315,
                17.4889297485,
                10.9087295532,
                8.06046867371,
                6.99469614029,
                11.0576887131,
                10.945306778,
                16.1094055176,
                34.8428573608,
                58.5061798096,
                87.3876266479,
                48.0564727783,
                13.9036636353,
                5.15512037277,
                1.81597220898,
                0.43989315629,
                0.138452097774,
                0.0170152559876,
                0.00119004410226,
                9.06646891963e-05
            ],
            "dvar": [
                2.18141889572,
                33.0581550598,
                450.756652832,
                717.100341797,
                399.149902344,
                282.175628662,
                238.321182251,
                129.858627319,
                714.676757812,
                2665.09814453,
                3278.50488281,
                3251.09619141,
                3358.3371582,
                1815.40368652,
                5918.51708984,
                8558.59179688,
                4248.26757812,
                3210.02661133,
                5431.25976562,
                7391.29150391,
                1974.66320801,
                1039.39172363,
                773.431274414,
                397.414886475,
                191.958786011,
                267.751678467,
                174.909103394,
                612.096496582,
                3060.88256836,
                3398.43408203,
                7373.06298828,
                2345.81542969,
                183.246948242,
                23.4582843781,
                2.81737112999,
                0.154582217336,
                0.0173222459853,
                0.000265884504188,
                2.09738982448e-06,
                1.43503040562e-08
            ],
            "dvar2": [
                4.5815653801,
                78.3849639893,
                1277.99621582,
                2090.17016602,
                1155.40979004,
                791.987976074,
                626.850708008,
                367.457092285,
                1581.94091797,
                5859.75292969,
                7740.47363281,
                7192.93261719,
                7152.49316406,
                3911.32470703,
                14231.0253906,
                18533.0644531,
                9034.58984375,
                6585.65039062,
                12344.0888672,
                15399.5654297,
                4175.55126953,
                2176.18286133,
                1709.95458984,
                859.401306152,
                365.083221436,
                616.293273926,
                390.658233643,
                1639.7355957,
                8514.19140625,
                10389.6591797,
                23591.6953125,
                7432.97070312,
                581.211730957,
                73.2013320923,
                8.73372173309,
                0.469919711351,
                0.0530737787485,
                0.000738433387596,
                5.19880177308e-06,
                4.04719813218e-08
            ],
            "max": [
                19.7637176514,
                72.8762283325,
                197.916091919,
                300.504852295,
                247.923629761,
                235.962661743,
                229.305374146,
                161.457870483,
                344.642211914,
                764.38494873,
                919.618896484,
                1057.45141602,
                1264.62316895,
                905.997131348,
                1792.65661621,
                1472.17590332,
                918.395202637,
                966.726501465,
                1412.24633789,
                1423.24816895,
                735.042480469,
                592.28515625,
                332.876708984,
                237.749465942,
                289.303375244,
                219.773788452,
                163.022674561,
                262.688415527,
                526.454284668,
                421.444671631,
                372.007507324,
                209.879425049,
                62.4748802185,
                21.4415283203,
                9.92900085449,
                2.83187055588,
                1.36593031883,
                0.310964912176,
                0.0385692492127,
                0.00507450709119
            ],
            "mean": [
                3.06102442741,
                5.54438734055,
                5.39107465744,
                5.87677812576,
                4.56747865677,
                8.63259887695,
                6.60524749756,
                3.47232413292,
                18.5682086945,
                35.3044586182,
                31.3976097107,
                25.504076004,
                28.0288391113,
                20.7291736603,
                32.233795166,
                40.4781455994,
                33.3986167908,
                29.1764240265,
                37.7805519104,
                52.5538711548,
                33.978313446,
                17.6687717438,
                8.24547386169,
                5.81708669662,
                5.88677406311,
                9.38867473602,
                9.93265724182,
                9.43167209625,
                14.4899024963,
                22.747171402,
                32.4658927917,
                18.0702171326,
                5.61845731735,
                2.28963184357,
                0.849485337734,
                0.227028146386,
                0.0685135647655,
                0.0103363357484,
                0.00082465383457,
                0.000134814894409
            ],
            "median": [
                2.99003887177,
                3.45683717728,
                1.4413973093,
                1.79795324802,
                1.47534453869,
                3.48533535004,
                1.28369319439,
                1.20423221588,
                6.03041219711,
                8.53357315063,
                7.26997280121,
                5.05377864838,
                3.0017683506,
                2.75456500053,
                2.91053390503,
                2.55225872993,
                2.0031273365,
                2.43677806854,
                4.74631786346,
                8.13408088684,
                7.63131093979,
                2.60416102409,
                1.00703620911,
                0.690558373928,
                0.84219199419,
                2.50029063225,
                3.25117373466,
                2.31459999084,
                1.13358557224,
                0.588613510132,
                0.423356294632,
                0.330457240343,
                0.382060170174,
                0.273790597916,
                0.126357197762,
                0.0348262824118,
                0.0108239725232,
                0.00235596764833,
                0.000260568136582,
                0.000120034397696
            ],
            "min": [
                3.61555905008e-22,
                3.14935144375e-21,
                4.17489784318e-20,
                8.65592036767e-20,
                3.6381015696e-20,
                7.5901020258e-20,
                1.29795262211e-19,
                8.92638102761e-19,
                7.67899266388e-19,
                6.49984825165e-19,
                1.60512236857e-18,
                1.30061236967e-18,
                2.23185447463e-18,
                3.00337741248e-18,
                6.13381142142e-18,
                3.17281750275e-18,
                7.78006793088e-18,
                4.70867972843e-18,
                1.03202816894e-17,
                6.75869012592e-18,
                7.64562792029e-18,
                6.18062322664e-18,
                1.90898776629e-17,
                2.40101878288e-17,
                2.09009317115e-17,
                1.34669040365e-17,
                2.41741217913e-17,
                1.62936101458e-17,
                1.29333700599e-17,
                9.39243650501e-18,
                1.15843741384e-17,
                1.20903861617e-17,
                1.23146025657e-17,
                1.17957187849e-17,
                9.97696451205e-18,
                6.20738582818e-18,
                2.78839441205e-18,
                1.19501459607e-18,
                2.99933906504e-19,
                3.40585025623e-20
            ],
            "var": [
                6.46897697449,
                58.2917709351,
                315.149169922,
                410.055480957,
                232.5025177,
                246.921691895,
                245.866760254,
                82.946105957,
                1236.80334473,
                4772.69042969,
                5258.70458984,
                4863.63085938,
                5572.69335938,
                2899.90844727,
                8043.25292969,
                12441.6777344,
                6946.83544922,
                5535.60888672,
                7948.12353516,
                14161.4003906,
                3808.86914062,
                1825.56396484,
                897.394714355,
                452.06640625,
                296.353790283,
                396.543060303,
                296.460723877,
                488.066925049,
                2049.02124023,
                2524.59326172,
                5216.44726562,
                1681.86560059,
                136.201644897,
                18.9657039642,
                2.35987901688,
                0.150524035096,
                0.0155153460801,
                0.000324331689626,
                2.66184133579e-06,
                1.55059485252e-08
            ]
        },
        "erbbands_crest": {
            "dmean": 3.51537251472,
            "dmean2": 5.82346439362,
            "dvar": 9.08431816101,
            "dvar2": 22.4381217957,
            "max": 31.7081699371,
            "mean": 11.1510734558,
            "median": 10.1861019135,
            "min": 2.69920325279,
            "var": 21.780216217
        },
        "erbbands_flatness_db": {
            "dmean": 0.0290680378675,
            "dmean2": 0.0437439233065,
            "dvar": 0.000729934778064,
            "dvar2": 0.00156861089636,
            "max": 0.535798609257,
            "mean": 0.189340770245,
            "median": 0.165746822953,
            "min": 0.0455385781825,
            "var": 0.0072435727343
        },
        "erbbands_kurtosis": {
            "dmean": 2.67374300957,
            "dmean2": 4.57914543152,
            "dvar": 23.6662902832,
            "dvar2": 67.5785598755,
            "max": 54.3454017639,
            "mean": 1.77648210526,
            "median": 0.378706693649,
            "min": -1.90233910084,
            "var": 22.9728660583
        },
        "erbbands_skewness": {
            "dmean": 0.796416044235,
            "dmean2": 1.27469277382,
            "dvar": 0.799145162106,
            "dvar2": 2.0921087265,
            "max": 6.14215135574,
            "mean": 0.0787135586143,
            "median": 0.133392930031,
            "min": -6.66025495529,
            "var": 1.5560284853
        },
        "erbbands_spread": {
            "dmean": 20.096408844,
            "dmean2": 32.3157348633,
            "dvar": 619.728820801,
            "dvar2": 1546.71240234,
            "max": 219.622894287,
            "mean": 44.0951957703,
            "median": 33.0882644653,
            "min": 1.14695060253,
            "var": 1230.94873047
        },
        "gfcc": {
            "cov": [
                [
                    28208.453125,
                    -4551.04150391,
                    -77.9826202393,
                    5165.25341797,
                    -540.028442383,
                    3292.6472168,
                    674.981018066,
                    1539.97094727,
                    325.062896729,
                    1171.99243164,
                    -205.905670166,
                    869.458740234,
                    253.680435181
                ],
                [
                    -4551.04150391,
                    3481.51733398,
                    -601.34753418,
                    -1503.85437012,
                    862.954345703,
                    -898.674072266,
                    118.042068481,
                    -458.502563477,
                    59.1022872925,
                    -192.926940918,
                    15.6506443024,
                    -313.004486084,
                    232.552062988
                ],
                [
                    -77.9826202393,
                    -601.34753418,
                    2896.7980957,
                    1467.65490723,
                    -20.1356163025,
                    836.00213623,
                    403.153594971,
                    424.518798828,
                    370.080474854,
                    119.330101013,
                    299.539215088,
                    234.2084198,
                    -92.6470794678
                ],
                [
                    5165.25341797,
                    -1503.85437012,
                    1467.65490723,
                    2360.17919922,
                    50.0372695923,
                    1006.42822266,
                    360.629272461,
                    558.061706543,
                    375.92098999,
                    298.294494629,
                    137.845504761,
                    306.279296875,
                    15.7699050903
                ],
                [
                    -540.028442383,
                    862.954345703,
                    -20.1356163025,
                    50.0372695923,
                    829.32019043,
                    -91.2317352295,
                    170.364807129,
                    70.2949295044,
                    134.608047485,
                    104.159431458,
                    33.3479652405,
                    -52.7466850281,
                    153.724411011
                ],
                [
                    3292.6472168,
                    -898.674072266,
                    836.00213623,
                    1006.42822266,
                    -91.2317352295,
                    1048.91894531,
                    329.046569824,
                    332.097473145,
                    196.646621704,
                    177.438217163,
                    139.152816772,
                    206.584182739,
                    -36.6060028076
                ],
                [
                    674.981018066,
                    118.042068481,
                    403.153594971,
                    360.629272461,
                    170.364807129,
                    329.046569824,
                    543.235473633,
                    177.976470947,
                    35.9421768188,
                    108.468910217,
                    109.92767334,
                    55.8533782959,
                    60.6129646301
                ],
                [
                    1539.97094727,
                    -458.502563477,
                    424.518798828,
                    558.061706543,
                    70.2949295044,
                    332.097473145,
                    177.976470947,
                    361.317871094,
                    103.747970581,
                    115.757514954,
                    64.1769180298,
                    79.2762069702,
                    6.31604146957
                ],
                [
                    325.062896729,
                    59.1022872925,
                    370.080474854,
                    375.92098999,
                    134.608047485,
                    196.646621704,
                    35.9421768188,
                    103.747970581,
                    326.137908936,
                    43.8679466248,
                    39.1978302002,
                    43.5262489319,
                    5.9221124649
                ],
                [
                    1171.99243164,
                    -192.926940918,
                    119.330101013,
                    298.294494629,
                    104.159431458,
                    177.438217163,
                    108.468910217,
                    115.757514954,
                    43.8679466248,
                    199.94291687,
                    12.1501502991,
                    20.2156448364,
                    40.7251205444
                ],
                [
                    -205.905670166,
                    15.6506443024,
                    299.539215088,
                    137.845504761,
                    33.3479652405,
                    139.152816772,
                    109.92767334,
                    64.1769180298,
                    39.1978302002,
                    12.1501502991,
                    154.405990601,
                    24.7110767365,
                    -37.2752227783
                ],
                [
                    869.458740234,
                    -313.004486084,
                    234.2084198,
                    306.279296875,
                    -52.7466850281,
                    206.584182739,
                    55.8533782959,
                    79.2762069702,
                    43.5262489319,
                    20.2156448364,
                    24.7110767365,
                    149.42086792,
                    6.58514451981
                ],
                [
                    253.680435181,
                    232.552062988,
                    -92.6470794678,
                    15.7699050903,
                    153.724411011,
                    -36.6060028076,
                    60.6129646301,
                    6.31604146957,
                    5.9221124649,
                    40.7251205444,
                    -37.2752227783,
                    6.58514451981,
                    157.648117065
                ]
            ],
            "icov": [
                [
                    0.00023912236793,
                    -0.000305586669128,
                    0.000409701257013,
                    -0.000612259143963,
                    0.000371089379769,
                    -0.00062711420469,
                    0.000326993962517,
                    -0.000553103163838,
                    0.000490693782922,
                    -0.000635906530079,
                    0.000588482245803,
                    -0.00040632445598,
                    5.89393930568e-05
                ],
                [
                    -0.000305586669128,
                    0.00150687654968,
                    -0.00066720606992,
                    0.00135434430558,
                    -0.00124565744773,
                    0.00114483688958,
                    -0.00110679247882,
                    0.00158907170407,
                    -0.00151831004769,
                    0.00144364626613,
                    -0.0013045418309,
                    0.00126343872398,
                    -0.00109345652163
                ],
                [
                    0.000409701257013,
                    -0.00066720606992,
                    0.0013685610611,
                    -0.00139092444442,
                    0.000824004411697,
                    -0.00113710807636,
                    0.000476214103401,
                    -0.00114447553642,
                    0.000620497739874,
                    -0.000950501766056,
                    0.000345140957506,
                    -0.000910597154871,
                    0.000405462342314
                ],
                [
                    -0.000612259143963,
                    0.00135434430558,
                    -0.00139092444442,
                    0.00301496055909,
                    -0.00132030562963,
                    0.00142230163328,
                    -0.00111938233022,
                    0.00119257823098,
                    -0.00214298721403,
                    0.00122845068108,
                    -0.00144880125299,
                    0.000482960720547,
                    -0.00073090614751
                ],
                [
                    0.000371089379769,
                    -0.00124565744773,
                    0.000824004411697,
                    -0.00132030562963,
                    0.00312059791759,
                    -0.000676039257087,
                    0.000516439205967,
                    -0.00172624271363,
                    0.00035975346691,
                    -0.00209768908098,
                    0.000433724635513,
                    -0.000451318453997,
                    -0.000822825939395
                ],
                [
                    -0.00062711420469,
                    0.00114483688958,
                    -0.00113710807636,
                    0.00142230163328,
                    -0.000676039257087,
                    0.00417464179918,
                    -0.00186547602061,
                    0.00127070082817,
                    -0.00218908628449,
                    0.000872292788699,
                    -0.00228526466526,
                    -0.000181082010386,
                    0.000128821950057
                ],
                [
                    0.000326993962517,
                    -0.00110679247882,
                    0.000476214103401,
                    -0.00111938233022,
                    0.000516439205967,
                    -0.00186547602061,
                    0.0040302653797,
                    -0.00185882067308,
                    0.00204124068841,
                    -0.00154550850857,
                    -0.000336988043273,
                    -0.000733607157599,
                    -0.000639991252683
                ],
                [
                    -0.000553103163838,
                    0.00158907170407,
                    -0.00114447553642,
                    0.00119257823098,
                    -0.00172624271363,
                    0.00127070082817,
                    -0.00185882067308,
                    0.00710073579103,
                    -0.00195240997709,
                    0.000880416017026,
                    -0.00204785470851,
                    0.0012694473844,
                    -0.000528740696609
                ],
                [
                    0.000490693782922,
                    -0.00151831004769,
                    0.000620497739874,
                    -0.00214298721403,
                    0.00035975346691,
                    -0.00218908628449,
                    0.00204124068841,
                    -0.00195240997709,
                    0.00629463372752,
                    -0.00131006340962,
                    0.00170989835169,
                    -0.00117341638543,
                    0.00101870496292
                ],
                [
                    -0.000635906530079,
                    0.00144364626613,
                    -0.000950501766056,
                    0.00122845068108,
                    -0.00209768908098,
                    0.000872292788699,
                    -0.00154550850857,
                    0.000880416017026,
                    -0.00131006340962,
                    0.00993965100497,
                    -0.0012731840834,
                    0.00319291208871,
                    -0.00193370226771
                ],
                [
                    0.000588482245803,
                    -0.0013045418309,
                    0.000345140957506,
                    -0.00144880125299,
                    0.000433724635513,
                    -0.00228526466526,
                    -0.000336988043273,
                    -0.00204785470851,
                    0.00170989835169,
                    -0.0012731840834,
                    0.0119075672701,
                    -0.00166280474514,
                    0.00373283447698
                ],
                [
                    -0.00040632445598,
                    0.00126343872398,
                    -0.000910597154871,
                    0.000482960720547,
                    -0.000451318453997,
                    -0.000181082010386,
                    -0.000733607157599,
                    0.0012694473844,
                    -0.00117341638543,
                    0.00319291208871,
                    -0.00166280474514,
                    0.0121427970007,
                    -0.00284524192102
                ],
                [
                    5.89393930568e-05,
                    -0.00109345652163,
                    0.000405462342314,
                    -0.00073090614751,
                    -0.000822825939395,
                    0.000128821950057,
                    -0.000639991252683,
                    -0.000528740696609,
                    0.00101870496292,
                    -0.00193370226771,
                    0.00373283447698,
                    -0.00284524192102,
                    0.0107350246981
                ]
            ],
            "mean": [
                -53.7060470581,
                95.8484115601,
                -84.5780944824,
                21.5173091888,
                -49.253276825,
                21.8168048859,
                -29.0307998657,
                8.28306388855,
                -2.50719571114,
                11.3877868652,
                -15.7393274307,
                -3.48989653587,
                -0.876709163189
            ]
        },
        "hfc": {
            "dmean": 29.4612064362,
            "dmean2": 51.6141967773,
            "dvar": 1856.12072754,
            "dvar2": 5591.81640625,
            "max": 223.512557983,
            "mean": 35.1063346863,
            "median": 19.1137199402,
            "min": 1.07353743211e-16,
            "var": 1840.41027832
        },
        "melbands": {
            "dmean": [
                0.00312970206141,
                0.00265096616931,
                0.0010863103671,
                0.000420106429374,
                0.000228171833442,
                8.49965726957e-05,
                0.000211800826946,
                0.000276345992461,
                0.000166383921169,
                0.000130104323034,
                0.000107254178147,
                6.93975161994e-05,
                7.99478366389e-05,
                0.000104870450741,
                7.87680255598e-05,
                5.33746060682e-05,
                4.4870601414e-05,
                5.32150043e-05,
                4.66622586828e-05,
                3.45934204233e-05,
                2.48211945291e-05,
                1.41577766044e-05,
                8.31209945318e-06,
                5.39917027709e-06,
                4.56265752291e-06,
                3.61757929568e-06,
                3.82823782274e-06,
                5.38405583939e-06,
                4.75965771329e-06,
