{
    "lowlevel": {
        "average_loudness": 0.971624851227,
        "barkbands": {
            "dmean": [
                0.00246081268415,
                0.00677219498903,
                0.000870603951626,
                0.000688242027536,
                0.00229392573237,
                0.00143824738916,
                0.00169976556208,
                0.00183404597919,
                0.000912489020266,
                0.000781149894465,
                0.000589340401348,
                0.000795512693003,
                0.000540960463695,
                0.00033180884202,
                0.000313237047521,
                0.000231067824643,
                0.000167100341059,
                0.000210778787732,
                0.00018193818687,
                0.000255856197327,
                0.000319276645314,
                0.000265059847152,
                0.000260680215433,
                0.000306803965941,
                0.000227661890676,
                7.13566623745e-05,
                1.59423252626e-05
            ],
            "dmean2": [
                0.00350419105962,
                0.00974363088608,
                0.00148442585487,
                0.00122726254631,
                0.00363119784743,
                0.00225892057642,
                0.00291356421076,
                0.00289763393812,
                0.00146143033635,
                0.00116252631415,
                0.000929183384869,
                0.00126506120432,
                0.000897094840184,
                0.00052413973026,
                0.000488418794703,
                0.00036562004243,
                0.000250399607467,
                0.000332681462169,
                0.000282194028841,
                0.000416982453316,
                0.000507582328282,
                0.00039997510612,
                0.00039101036964,
                0.000456903857412,
                0.000352752715116,
                0.000113773152407,
                2.66565693892e-05
            ],
            "dvar": [
                1.2460047401e-05,
                9.00384548004e-05,
                8.38288178784e-06,
                6.61721514916e-06,
                1.22973324324e-05,
                9.96620747173e-06,
                1.87634741451e-05,
                2.05905325856e-05,
                9.55605355557e-06,
                7.23659968571e-06,
                2.58389650298e-06,
                4.73088221042e-06,
                2.61884656538e-06,
                1.17255115129e-06,
                8.50089406867e-07,
                2.90476606324e-07,
                1.23184676681e-07,
                1.74813465037e-07,
                1.0415388374e-07,
                2.88897894052e-07,
                3.93671115262e-07,
                2.48324937502e-07,
                2.96020260748e-07,
                1.59332068961e-06,
                1.51091262524e-06,
                4.76319250708e-08,
                2.00944305639e-09
            ],
            "dvar2": [
                2.11451715586e-05,
                0.000167502788827,
                2.41107336478e-05,
                1.93844643945e-05,
                3.04244604195e-05,
                2.3964796128e-05,
                5.08015218657e-05,
                4.96173779538e-05,
                2.24896975851e-05,
                1.59222508955e-05,
                5.90114041188e-06,
                1.0885309166e-05,
                6.49779531159e-06,
                2.78898346551e-06,
                1.85880446679e-06,
                6.30702288618e-07,
                2.76518136388e-07,
                4.08824718079e-07,
                2.40873703206e-07,
                7.30444469355e-07,
                9.60645820669e-07,
                5.41579140645e-07,
                6.45316674763e-07,
                3.94891958422e-06,
                3.60096123586e-06,
                1.11555515048e-07,
                5.03985209122e-09
            ],
            "max": [
                0.035274296999,
                0.111932523549,
                0.0489479899406,
                0.0359581932425,
                0.0515355020761,
                0.0637194439769,
                0.0705295503139,
                0.081183180213,
                0.0623654387891,
                0.0701183900237,
                0.0346581041813,
                0.0485007464886,
                0.0415899418294,
                0.0235353577882,
                0.0188613440841,
                0.0163017902523,
                0.00992095097899,
                0.00957221910357,
                0.00533598382026,
                0.00711549445987,
                0.00668749865144,
                0.00720649398863,
                0.011413404718,
                0.0608745664358,
                0.0757635906339,
                0.00419391598552,
                0.0011908528395
            ],
            "mean": [
                0.00942712742835,
                0.0249753259122,
                0.00131285819225,
                0.000884780543856,
                0.00443434435874,
                0.00245732115582,
                0.00186933088116,
                0.00231908494607,
                0.000966680643614,
                0.00102084991522,
                0.000626435328741,
                0.000901334220544,
                0.000531816098373,
                0.000351119029801,
                0.000348862988176,
                0.000262302928604,
                0.000201568051125,
                0.000234664898016,
                0.000202656403417,
                0.00026542445994,
                0.00033440432162,
                0.00029640601133,
                0.000277619255939,
                0.000356203585397,
                0.000248548312811,
                7.29469684302e-05,
                1.39063267852e-05
            ],
            "median": [
                0.00705259107053,
                0.0270720701665,
                0.000577386177611,
                0.000209940873901,
                0.00264488114044,
                0.000536503037438,
                0.000299205275951,
                0.000265370501438,
                7.91353304521e-05,
                7.96477834228e-05,
                8.51042350405e-05,
                0.000101041965536,
                4.70430677524e-05,
                3.06603287754e-05,
                2.26358206419e-05,
                2.77192666545e-05,
                3.50949594576e-05,
                3.67567081412e-05,
                3.03790075122e-05,
                2.61664608843e-05,
                4.80042217532e-05,
                3.51929920726e-05,
                2.50945904554e-05,
                4.42264754383e-05,
                2.14816882362e-05,
                5.83552400713e-06,
                7.0755396564e-07
            ],
            "min": [
                2.77939599395e-24,
                1.7027844657e-24,
                1.30671860582e-24,
                1.07985094612e-23,
                2.12635674177e-23,
                2.38883711289e-23,
                1.5475292637e-23,
                7.44954406072e-24,
                1.55617123492e-23,
                4.5673131058e-23,
                5.33300011753e-23,
                5.07290037085e-23,
                8.07373261856e-23,
                7.00977382758e-23,
                7.24955093962e-23,
                8.77835769414e-23,
                1.02152003065e-22,
                1.07285057867e-22,
                1.61614526876e-22,
                3.03095001044e-22,
                3.98035988709e-22,
                3.91900089749e-22,
                5.2401669662e-22,
                7.61233305002e-22,
                1.17766860973e-21,
                1.37506902272e-21,
                1.81811531946e-21
            ],
            "var": [
                7.27540318621e-05,
                0.000384945655242,
                6.60733667246e-06,
                4.45147634309e-06,
                2.63315087068e-05,
                1.75615987246e-05,
                1.65551136888e-05,
                2.75904640148e-05,
                1.20410340969e-05,
                1.36650287459e-05,
                3.5849732285e-06,
                6.61631065668e-06,
                2.91204673886e-06,
                1.3746082459e-06,
                1.29722786824e-06,
                4.88903708629e-07,
                1.85497626148e-07,
                2.5005920179e-07,
                1.40009802863e-07,
                3.04738904333e-07,
                4.3074817313e-07,
                3.3121858678e-07,
                3.85697461525e-07,
                1.59120747867e-06,
                1.56150281327e-06,
                6.21339140139e-08,
                1.97892147114e-09
            ]
        },
        "barkbands_crest": {
            "dmean": 2.63214087486,
            "dmean2": 4.05274820328,
            "dvar": 7.3396320343,
            "dvar2": 17.4220218658,
            "max": 25.8290863037,
            "mean": 12.979970932,
            "median": 12.6518936157,
            "min": 2.54362177849,
            "var": 20.2335586548
        },
        "barkbands_flatness_db": {
            "dmean": 0.049955457449,
            "dmean2": 0.0645376965404,
            "dvar": 0.00278108660132,
            "dvar2": 0.00463602179661,
            "max": 0.566780149937,
            "mean": 0.212760671973,
            "median": 0.199735179543,
            "min": 0.031024152413,
            "var": 0.0100839454681
        },
        "barkbands_kurtosis": {
            "dmean": 12.1649465561,
            "dmean2": 18.3625411987,
            "dvar": 433.998321533,
            "dvar2": 972.616027832,
            "max": 390.316131592,
            "mean": 17.0350799561,
            "median": 5.41197347641,
            "min": -1.97228503227,
            "var": 883.239990234
        },
        "barkbands_skewness": {
            "dmean": 1.14359331131,
            "dmean2": 1.67456591129,
            "dvar": 1.50984823704,
            "dvar2": 3.223954916,
            "max": 14.6345911026,
            "mean": 2.71982860565,
            "median": 2.1281785965,
            "min": -9.23535060883,
            "var": 4.59760713577
        },
        "barkbands_spread": {
            "dmean": 9.8524017334,
            "dmean2": 14.33253479,
            "dvar": 168.782348633,
            "dvar2": 356.478942871,
            "max": 140.159713745,
            "mean": 18.9489059448,
            "median": 12.9242486954,
            "min": 0.35315990448,
            "var": 336.096282959
        },
        "dissonance": {
            "dmean": 0.0339773669839,
            "dmean2": 0.0524880737066,
            "dvar": 0.00123802956659,
            "dvar2": 0.002770524472,
            "max": 0.500000119209,
            "mean": 0.42776915431,
            "median": 0.446328401566,
            "min": 0.0911416113377,
            "var": 0.00374753563665
        },
        "dynamic_complexity": 3.73251032829,
        "erbbands": {
            "dmean": [
                0.393459111452,
                0.84896337986,
                0.888704061508,
                1.7473089695,
                5.50682163239,
                7.54097032547,
                11.5219221115,
                11.5106840134,
                26.4193820953,
                22.0852031708,
                42.0351104736,
                20.4764385223,
                25.2809734344,
                22.7182884216,
                24.2020950317,
                31.3284988403,
                22.9599781036,
                18.6255226135,
                16.703212738,
                13.7429361343,
                11.1366901398,
                9.56783294678,
                11.6369962692,
                9.115650177,
                9.19086837769,
                11.8901720047,
                14.0058813095,
                12.1260137558,
                10.0362691879,
                7.47600412369,
                7.84081077576,
                6.48004484177,
                5.1641535759,
                3.50380158424,
                1.13460409641,
                0.412679076195,
                0.109319597483,
                0.0227929409593,
                0.00260513275862,
                0.000166580677615
            ],
            "dmean2": [
                0.550203382969,
                1.29737389088,
                1.4513027668,
                3.10046577454,
                8.93317127228,
                11.8678865433,
                17.4718856812,
                18.8939418793,
                45.4437942505,
                35.7138252258,
                65.9734725952,
                32.6696586609,
                38.2451171875,
                34.581073761,
                37.3890113831,
                49.5018920898,
                36.85679245,
                29.4444961548,
                25.7420902252,
                20.8959274292,
                17.2243862152,
                14.1414804459,
                18.2000770569,
                13.9742107391,
                14.3820142746,
                19.4798107147,
                22.0371799469,
                19.2693729401,
                15.2506866455,
                11.3290042877,
                11.7761764526,
                9.50407791138,
                7.83284425735,
                5.4213051796,
                1.73859810829,
                0.65720897913,
                0.175200730562,
                0.0371172577143,
                0.00432846648619,
                0.000286122376565
            ],
            "dvar": [
                0.293531626463,
                1.85077357292,
                6.74142360687,
                45.4526138306,
                126.725921631,
                180.750808716,
                766.908935547,
                926.626098633,
                4973.69189453,
                3241.73266602,
                12096.3388672,
                4974.05810547,
                8629.26171875,
                4369.56640625,
                3832.06567383,
                7155.09277344,
                4507.62109375,
                3360.2097168,
                2258.09350586,
                1466.10144043,
                505.029449463,
                352.23550415,
                550.776306152,
                266.761230469,
                297.893280029,
                646.622192383,
                771.360046387,
                585.276489258,
                358.514984131,
                222.245346069,
                275.313232422,
                248.959716797,
                787.040771484,
                463.893066406,
                25.5095443726,
                1.91420102119,
                0.101238235831,
                0.00437946710736,
                5.32917838427e-05,
                2.44612778033e-07
            ],
            "dvar2": [
                0.479120820761,
                4.47432565689,
                18.5994052887,
                132.774017334,
                324.11151123,
                432.867462158,
                1704.12768555,
                2331.20166016,
                13641.4130859,
                7862.31005859,
                29795.8769531,
                11784.8203125,
                18829.3339844,
                9557.39453125,
                8024.76855469,
                16762.4042969,
                10812.1181641,
                8167.71777344,
                5251.17871094,
                2807.97851563,
                1137.04333496,
                789.073608398,
                1252.78564453,
                590.808166504,
                717.605957031,
                1635.50146484,
                1886.17810059,
                1434.17736816,
                805.819335938,
                467.390594482,
                600.261169434,
                555.430175781,
                2011.22424316,
                1144.56494141,
                53.6466712952,
                4.33020210266,
                0.242329850793,
                0.0106489136815,
                0.000131001273985,
                6.66939001803e-07
            ],
            "max": [
                6.07886552811,
                13.9267377853,
                48.2489471436,
                97.689704895,
                147.725234985,
                248.795288086,
                469.0909729,
                645.16583252,
                1190.67370605,
                1257.17297363,
                2028.19836426,
                1526.3782959,
                2446.1484375,
                1723.54528809,
                1648.89025879,
                1715.22497559,
                1487.6619873,
                1299.90576172,
                1227.73937988,
                973.575012207,
                392.21661377,
                496.457702637,
                661.511535645,
                454.844116211,
                244.216781616,
                383.96282959,
                388.702056885,
                267.29800415,
                268.972747803,
                243.622833252,
                360.50604248,
                521.956604004,
                1405.67053223,
                1362.69433594,
                216.795944214,
                33.8815383911,
                6.26969766617,
                2.02712011337,
                0.165749013424,
                0.0078146494925
            ],
            "mean": [
                1.57820141315,
                2.23723316193,
                1.57052063942,
                2.51959514618,
                9.59268474579,
                14.3363952637,
                20.8000469208,
                16.1742668152,
                29.9282531738,
                26.6865730286,
                54.0422744751,
                24.000038147,
                33.4032440186,
                27.4879589081,
                28.9275836945,
                35.9460678101,
                24.6804218292,
                20.0829849243,
                18.9524898529,
                16.796672821,
                13.3469200134,
                11.9017267227,
                13.3611736298,
                10.5237398148,
                10.1057262421,
                12.4081363678,
                14.7623329163,
                12.4533662796,
                11.0260820389,
                8.31527042389,
                8.25781726837,
                7.48411035538,
                5.80243253708,
                3.69530391693,
                1.24848687649,
                0.442130833864,
                0.107506610453,
                0.0212304629385,
                0.00235778605565,
                0.00018663816445
            ],
            "median": [
                1.81023335457,
                1.60736989975,
                0.826500177383,
                1.01174557209,
                3.39698457718,
                7.02347660065,
                3.80217027664,
                3.50473952293,
                4.83634376526,
                5.72548818588,
                7.33423233032,
                3.69349575043,
                2.67332434654,
                3.10197091103,
                4.51138925552,
                4.35174274445,
                2.67658424377,
                2.03054714203,
                1.41907513142,
                1.34709405899,
                1.75844097137,
                2.1024889946,
                2.15232872963,
                1.89764976501,
                1.44542968273,
                1.32053017616,
                1.70892524719,
                1.93040430546,
                1.39894163609,
                0.829627513885,
                0.723009169102,
                0.844297766685,
                0.697140455246,
                0.307698875666,
                0.100429520011,
                0.0315239317715,
                0.009163107723,
                0.00172601710074,
                0.00015438599803,
                8.5640582256e-05
            ],
            "min": [
                8.04219269739e-23,
                1.99169379918e-22,
                1.75830103311e-21,
                1.80946372919e-20,
                4.10802869171e-20,
                7.725450746e-20,
                1.51801536453e-19,
                1.61117283285e-19,
                1.12691286793e-19,
                2.20219208805e-19,
                2.905582537e-19,
                3.55104113325e-19,
                9.89492990878e-19,
                1.4891213512e-18,
                2.68606100334e-18,
                2.18996025814e-18,
                3.95374879289e-18,
                3.28518978217e-18,
                4.15365642666e-18,
                2.91521567562e-18,
                5.28824630616e-18,
                6.94272623169e-18,
                7.12523784358e-18,
                8.59204744532e-18,
                8.68162779694e-18,
                1.51129322441e-17,
                1.47571304298e-17,
                1.59171585947e-17,
                1.28934288168e-17,
                1.44161748531e-17,
                1.47088181189e-17,
                1.39640958329e-17,
                1.1266250401e-17,
                1.13468086937e-17,
                7.81164472359e-18,
                5.20168185506e-18,
                2.2540719255e-18,
                1.21844634807e-18,
                2.43717264508e-19,
                2.82475070603e-20
            ],
            "var": [
                1.39366567135,
                5.36370515823,
                6.29447126389,
                31.0529308319,
                248.405075073,
                381.130950928,
                1847.06237793,
                1176.38830566,
                4162.86669922,
                3973.93115234,
                15589.5244141,
                6451.56201172,
                15811.4189453,
                8293.68164063,
                6619.18115234,
                9652.49609375,
                5690.35644531,
                3880.93725586,
                3196.72998047,
                2930.95678711,
                806.803771973,
                559.386413574,
                836.097167969,
                414.546600342,
                346.436889648,
                684.551330566,
                951.774719238,
                586.105529785,
                456.18661499,
                304.06338501,
                355.797241211,
                336.51461792,
                706.042785645,
                433.512145996,
                32.4942779541,
                2.61155939102,
                0.121375590563,
                0.00492208870128,
                5.47164891032e-05,
                1.77973561222e-07
            ]
        },
        "erbbands_crest": {
            "dmean": 3.66256093979,
            "dmean2": 5.70911693573,
            "dvar": 10.9424600601,
            "dvar2": 24.7037181854,
            "max": 32.8749084473,
            "mean": 11.7043371201,
            "median": 10.6816110611,
            "min": 2.74455022812,
            "var": 30.4024658203
        },
        "erbbands_flatness_db": {
            "dmean": 0.0296375602484,
            "dmean2": 0.0427538082004,
            "dvar": 0.00102320406586,
            "dvar2": 0.00192328856792,
            "max": 0.472716540098,
            "mean": 0.163603574038,
            "median": 0.151768893003,
            "min": 0.0288331396878,
            "var": 0.00401687761769
        },
        "erbbands_kurtosis": {
            "dmean": 2.56265234947,
            "dmean2": 4.06853437424,
            "dvar": 17.7251873016,
            "dvar2": 42.3860435486,
            "max": 98.5265274048,
            "mean": 2.42276024818,
            "median": 0.446437865496,
            "min": -1.90652930737,
            "var": 28.042142868
        },
        "erbbands_skewness": {
            "dmean": 0.691675066948,
            "dmean2": 1.04305064678,
            "dvar": 0.496683984995,
            "dvar2": 1.11845898628,
            "max": 7.78682994843,
            "mean": 0.713453054428,
            "median": 0.589688181877,
            "min": -7.13104391098,
            "var": 1.30436754227
        },
        "erbbands_spread": {
            "dmean": 15.9178333282,
            "dmean2": 24.3909816742,
            "dvar": 317.910186768,
            "dvar2": 690.252868652,
            "max": 179.853713989,
            "mean": 44.4707183838,
            "median": 39.8743286133,
            "min": 1.55007088184,
            "var": 860.47857666
        },
        "gfcc": {
            "cov": [
                [
                    16265.6298828,
                    -2389.62475586,
                    -1460.42028809,
                    435.729095459,
                    -492.319610596,
                    565.10760498,
                    -196.429534912,
                    424.409942627,
                    -348.451385498,
                    496.808929443,
                    -264.776550293,
                    131.981124878,
                    -116.90877533
                ],
                [
                    -2389.62475586,
                    2723.04077148,
                    303.513793945,
                    -162.50680542,
                    346.97567749,
                    -245.485336304,
                    320.721984863,
                    -141.419372559,
                    290.854492188,
                    -136.668640137,
                    238.174850464,
                    -96.5151519775,
                    185.195541382
                ],
                [
                    -1460.42028809,
                    303.513793945,
                    1582.31506348,
                    358.555999756,
                    197.961380005,
                    13.9422979355,
                    -50.987613678,
                    -51.4902763367,
                    102.173347473,
                    7.55739736557,
                    137.780548096,
                    77.26537323,
                    57.6538925171
                ],
                [
                    435.729095459,
                    -162.50680542,
                    358.555999756,
                    875.920959473,
                    150.071136475,
                    135.397033691,
                    47.1282119751,
                    -33.0264968872,
                    139.188735962,
                    -17.5774917603,
                    85.0517883301,
                    66.9894485474,
                    93.1081695557
                ],
                [
                    -492.319610596,
                    346.97567749,
                    197.961380005,
                    150.071136475,
                    525.489440918,
                    117.5884552,
                    85.9630355835,
                    6.37391757965,
                    43.3366203308,
                    6.72239398956,
                    49.3009300232,
                    27.6805725098,
                    91.6306228638
                ],
                [
                    565.10760498,
                    -245.485336304,
                    13.9422979355,
                    135.397033691,
                    117.5884552,
                    511.954620361,
                    146.381896973,
                    29.0081958771,
                    -0.111113995314,
                    -11.6224422455,
                    17.9281635284,
                    47.0470619202,
                    5.03336763382
                ],
                [
                    -196.429534912,
                    320.721984863,
                    -50.987613678,
                    47.1282119751,
                    85.9630355835,
                    146.381896973,
                    364.331665039,
                    22.8876113892,
                    28.0485553741,
                    0.179837599397,
                    86.5642623901,
                    13.9630870819,
                    48.6376914978
                ],
                [
                    424.409942627,
                    -141.419372559,
                    -51.4902763367,
                    -33.0264968872,
                    6.37391757965,
                    29.0081958771,
                    22.8876113892,
                    239.041030884,
                    21.723991394,
                    71.7611541748,
                    8.40303707123,
                    0.253731220961,
                    27.7661972046
                ],
                [
                    -348.451385498,
                    290.854492188,
                    102.173347473,
                    139.188735962,
                    43.3366203308,
                    -0.111113995314,
                    28.0485553741,
                    21.723991394,
                    260.183135986,
                    8.40424060822,
                    55.1178016663,
                    7.02368736267,
                    34.6484832764
                ],
                [
                    496.808929443,
                    -136.668640137,
                    7.55739736557,
                    -17.5774917603,
                    6.72239398956,
                    -11.6224422455,
                    0.179837599397,
                    71.7611541748,
                    8.40424060822,
                    190.071868896,
                    35.6916809082,
                    -0.30468827486,
                    22.2296295166
                ],
                [
                    -264.776550293,
                    238.174850464,
                    137.780548096,
                    85.0517883301,
                    49.3009300232,
                    17.9281635284,
                    86.5642623901,
                    8.40303707123,
                    55.1178016663,
                    35.6916809082,
                    163.215240479,
                    25.3264598846,
                    53.8520545959
                ],
                [
                    131.981124878,
                    -96.5151519775,
                    77.26537323,
                    66.9894485474,
                    27.6805725098,
                    47.0470619202,
                    13.9630870819,
                    0.253731220961,
                    7.02368736267,
                    -0.30468827486,
                    25.3264598846,
                    119.292251587,
                    3.72097945213
                ],
                [
                    -116.90877533,
                    185.195541382,
                    57.6538925171,
                    93.1081695557,
                    91.6306228638,
                    5.03336763382,
                    48.6376914978,
                    27.7661972046,
                    34.6484832764,
                    22.2296295166,
                    53.8520545959,
                    3.72097945213,
                    138.281860352
                ]
            ],
            "icov": [
                [
                    9.89355539787e-05,
                    -3.23000749631e-05,
                    0.000100524477602,
                    -0.000145790574607,
                    0.000106343693915,
                    -0.000134512229124,
                    0.000101142628409,
                    -0.000124326048535,
                    0.000163017015439,
                    -0.000306981790345,
                    0.000148565915879,
                    -0.000145875674207,
                    6.15437020315e-05
                ],
                [
                    -3.23000749631e-05,
                    0.000958514865488,
                    -0.00016533350572,
                    0.000605224980973,
                    -0.000559342966881,
                    0.000638409866951,
                    -0.000765482895076,
                    0.000598494196311,
                    -0.00101157848258,
                    0.000971781264525,
                    -0.000913238676731,
                    0.000823251204565,
                    -0.00072237465065
                ],
                [
                    0.000100524477602,
                    -0.00016533350572,
                    0.000915887998417,
                    -0.000446995341917,
                    -5.75968369958e-05,
                    -0.000183791198651,
                    0.000533654529136,
                    -8.31753350212e-05,
                    0.000228417877224,
                    -0.000409610045608,
                    -0.000374149123672,
                    -0.000507025630213,
                    0.000267342140432
                ],
                [
                    -0.000145790574607,
                    0.000605224980973,
                    -0.000446995341917,
                    0.00208718958311,
                    -0.00053596770158,
                    0.000169926541275,
                    -0.000459749513539,
                    0.000821010442451,
                    -0.00143088353798,
                    0.00112176605035,
                    -0.000845633388963,
                    0.00018515609554,
                    -0.00130443961825
                ],
                [
                    0.000106343693915,
                    -0.000559342966881,
                    -5.75968369958e-05,
                    -0.00053596770158,
                    0.0027995032724,
                    -0.000907193229068,
                    0.000237276195548,
                    -0.000313887867378,
                    0.000600391824264,
                    -0.000843760732096,
                    0.000872702919878,
                    -0.000743889424484,
                    -0.000953198992647
                ],
                [
                    -0.000134512229124,
                    0.000638409866951,
                    -0.000183791198651,
                    0.000169926541275,
                    -0.000907193229068,
                    0.00306017603725,
                    -0.00158512126654,
                    0.000127139937831,
                    -0.000568136863876,
                    0.00109086988959,
                    -0.00040312713827,
                    -4.68595180791e-06,
                    0.000139357711305
                ],
                [
                    0.000101142628409,
                    -0.000765482895076,
                    0.000533654529136,
                    -0.000459749513539,
                    0.000237276195548,
                    -0.00158512126654,
                    0.00448439596221,
                    -0.000703653844539,
                    0.000858527433593,
                    -0.000527358904947,
                    -0.00127185718156,
                    -0.000555192935281,
                    4.21300283051e-05
                ],
                [
                    -0.000124326048535,
                    0.000598494196311,
                    -8.31753350212e-05,
                    0.000821010442451,
                    -0.000313887867378,
                    0.000127139937831,
                    -0.000703653844539,
                    0.00550388125703,
                    -0.00131310219876,
                    -0.000952052650973,
                    -0.000174287531991,
                    0.000467919860967,
                    -0.00154171488248
                ],
                [
                    0.000163017015439,
                    -0.00101157848258,
                    0.000228417877224,
                    -0.00143088353798,
                    0.000600391824264,
                    -0.000568136863876,
                    0.000858527433593,
                    -0.00131310219876,
                    0.00575142772868,
                    -0.00119174434803,
                    -2.27050786634e-05,
                    -0.000715595495421,
                    0.000723908015061
                ],
                [
                    -0.000306981790345,
                    0.000971781264525,
                    -0.000409610045608,
                    0.00112176605035,
                    -0.000843760732096,
                    0.00109086988959,
                    -0.000527358904947,
                    -0.000952052650973,
                    -0.00119174434803,
                    0.00806971546263,
                    -0.0028753306251,
                    0.00132809148636,
                    -0.00116410374176
                ],
                [
                    0.000148565915879,
                    -0.000913238676731,
                    -0.000374149123672,
                    -0.000845633388963,
                    0.000872702919878,
                    -0.00040312713827,
                    -0.00127185718156,
                    -0.000174287531991,
                    -2.27050786634e-05,
                    -0.0028753306251,
                    0.0104128103703,
                    -0.00224916730076,
                    -0.00153391552158
                ],
                [
                    -0.000145875674207,
                    0.000823251204565,
                    -0.000507025630213,
                    0.00018515609554,
                    -0.000743889424484,
                    -4.68595180791e-06,
                    -0.000555192935281,
                    0.000467919860967,
                    -0.000715595495421,
                    0.00132809148636,
                    -0.00224916730076,
                    0.0101954340935,
                    2.26352094614e-05
                ],
                [
                    6.15437020315e-05,
                    -0.00072237465065,
                    0.000267342140432,
                    -0.00130443961825,
                    -0.000953198992647,
                    0.000139357711305,
                    4.21300283051e-05,
                    -0.00154171488248,
                    0.000723908015061,
                    -0.00116410374176,
                    -0.00153391552158,
                    2.26352094614e-05,
                    0.0105417370796
                ]
            ],
            "mean": [
                -33.4332122803,
                88.1852493286,
                -79.4767150879,
                36.2344055176,
                -57.4763221741,
                19.869644165,
                -28.7608890533,
                10.8671236038,
                -15.0780668259,
                4.80797719955,
                -3.45561671257,
                4.66739559174,
                -1.68328559399
            ]
        },
        "hfc": {
            "dmean": 15.6766891479,
            "dmean2": 23.444475174,
            "dvar": 855.323669434,
            "dvar2": 1888.89086914,
            "max": 887.672058105,
            "mean": 26.4552059174,
            "median": 14.0211467743,
            "min": 1.13450137117e-16,
            "var": 1294.31274414
        },
        "melbands": {
            "dmean": [
                0.0025951419957,
                0.00057178887073,
                0.000379525328754,
                0.00050203880528,
                0.000370911904611,
                0.00027890354977,
                0.000382165657356,
                0.000265424547251,
                0.000325780769344,
                0.00012388441246,
                0.000127519058879,
                9.33257688303e-05,
                8.10781639302e-05,
                9.14798074518e-05,
                6.19455313426e-05,
                5.2179886552e-05,
                3.35582190019e-05,
                2.80083349935e-05,
                2.29213601415e-05,
                1.76296289283e-05,
                1.20429294839e-05,
                9.61889054452e-06,
                1.08232070488e-05,
                1.02799967863e-05,
                7.28567829356e-06,
                7.24056235413e-06,
                6.39073641651e-06,
