{
    "lowlevel": {
        "average_loudness": 0.867290377617,
        "barkbands": {
            "dmean": [
                0.00102164910641,
                0.00732509186491,
                0.00403478462249,
                0.00186847080477,
                0.00209468277171,
                0.0017001775559,
                0.00110188510735,
                0.000331949093379,
                0.000426970247645,
                0.000645446940325,
                0.000702083983924,
                0.000290140567813,
                0.000389650318539,
                0.00036158511648,
                0.000380553363357,
                0.000258499931078,
                0.000182883959496,
                0.000217732915189,
                0.000205034521059,
                0.000144514779095,
                0.000156095324201,
                0.000148953913595,
                0.000113624446385,
                0.000123358084238,
                0.000140465490404,
                6.66869527777e-05,
                2.62269204541e-05
            ],
            "dmean2": [
                0.000999695505016,
                0.0103739621118,
                0.00746667804196,
                0.00338394613937,
                0.00348283047788,
                0.00262270797975,
                0.00173895386979,
                0.000546455616131,
                0.000664903142024,
                0.000956542789936,
                0.00109715491999,
                0.000464610435301,
                0.000611069204751,
                0.000537169573363,
                0.000588686729316,
                0.000418321433244,
                0.000288895738777,
                0.00034456391586,
                0.000328604481183,
                0.000223243449,
                0.000236210733419,
                0.000224946023081,
                0.000167066769791,
                0.000187912010006,
                0.000222621500143,
                0.000105048828118,
                4.66390047222e-05
            ],
            "dvar": [
                4.1926546146e-06,
                0.000320180872222,
                0.00024447630858,
                3.53395444108e-05,
                2.13211496884e-05,
                1.02442945717e-05,
                4.95139647683e-06,
                9.2357623771e-07,
                1.07001505967e-06,
                1.53312669227e-06,
                3.20153230859e-06,
                5.30512693331e-07,
                7.55944029152e-07,
                6.90867750563e-07,
                6.76421677781e-07,
                2.82115024675e-07,
                2.29355279657e-07,
                2.40272839847e-07,
                1.25643623505e-07,
                8.04792676945e-08,
                7.95074868165e-08,
                1.41787381835e-07,
                8.15793725906e-08,
                7.62966649859e-08,
                1.12584423562e-07,
                3.64251171447e-08,
                1.44321452566e-08
            ],
            "dvar2": [
                3.57955309482e-06,
                0.000647566630505,
                0.000698611489497,
                0.000102673904621,
                6.03112821409e-05,
                2.35859733948e-05,
                1.20245040307e-05,
                2.15436693907e-06,
                2.31845615417e-06,
                3.00226702166e-06,
                6.97714949638e-06,
                1.11624763122e-06,
                1.70436521785e-06,
                1.33692708459e-06,
                1.39394626331e-06,
                6.58275325804e-07,
                4.80244409573e-07,
                6.15499175183e-07,
                3.0477758628e-07,
                1.74748350901e-07,
                1.67713736232e-07,
                3.1028858416e-07,
                1.78688495112e-07,
                1.69122984062e-07,
                2.69974350431e-07,
                7.56332525498e-08,
                4.11797778099e-08
            ],
            "max": [
                0.0276181437075,
                0.206609129906,
                0.151446297765,
                0.0737984925508,
                0.0683157444,
                0.0529262460768,
                0.0420664921403,
                0.0247418656945,
                0.0155735081062,
                0.0224560648203,
                0.034567348659,
                0.0162866525352,
                0.0184026397765,
                0.0191538222134,
                0.0171132292598,
                0.011197431013,
                0.0291791316122,
                0.00795673206449,
                0.0053643216379,
                0.0077116433531,
                0.00506909843534,
                0.00722579658031,
                0.00635988358408,
                0.00565611757338,
                0.00651427544653,
                0.00856091082096,
                0.00200539524667
            ],
            "mean": [
                0.00295895640738,
                0.0161226466298,
                0.00284263421781,
                0.00187684677076,
                0.00297535117716,
                0.00267751072533,
                0.00169336958788,
                0.000408959225751,
                0.000628033711109,
                0.00113183795474,
                0.00111724820454,
                0.000393562630052,
                0.000591044430621,
                0.000588184746448,
                0.000679388642311,
                0.000343050749507,
                0.000280059059151,
                0.000327393150656,
                0.000298076949548,
                0.000218374523683,
                0.000261357112322,
                0.000191670333152,
                0.000151592044858,
                0.000181836643605,
                0.00018912566884,
                7.82386705396e-05,
                2.24218510994e-05
            ],
            "median": [
                4.26164224336e-05,
                0.000607368012425,
                0.000292003853247,
                0.000463389587821,
                0.0010984292021,
                0.000702369376086,
                0.000520560657606,
                8.20338173071e-05,
                0.000125701815705,
                0.000173244276084,
                0.00012424585293,
                8.39477143018e-05,
                0.000132105560624,
                0.000131055014208,
                0.000154617839144,
                0.000102492005681,
                6.65190018481e-05,
                9.52750706347e-05,
                0.000100116347312,
                7.78253088356e-05,
                9.51980182435e-05,
                3.5291268432e-05,
                2.63856563834e-05,
                4.72169267596e-05,
                4.92595390824e-05,
                1.38699151648e-05,
                1.37984318371e-06
            ],
            "min": [
                2.78370356892e-24,
                3.6614212143e-23,
                1.18933971216e-23,
                8.01456726181e-24,
                4.98835057457e-23,
                1.43773134306e-23,
                7.15977493985e-24,
                6.60701047946e-23,
                7.05274970752e-23,
                2.62254709571e-23,
                6.54995248573e-23,
                1.09290796671e-22,
                1.55687177495e-22,
                1.2998897959e-22,
                2.71952110414e-22,
                2.31340793707e-22,
                1.41010641235e-22,
                1.95098365398e-22,
                3.22612732504e-22,
                3.80444037113e-22,
                4.32432040738e-22,
                7.6871943091e-22,
                6.05668268419e-22,
                7.76362925102e-22,
                1.12017864839e-21,
                1.4384613297e-21,
                2.7897583004e-21
            ],
            "var": [
                3.5438555642e-05,
                0.00067153875716,
                0.000140868709423,
                2.27857944992e-05,
                2.32405436691e-05,
                2.18974128074e-05,
                7.61393903304e-06,
                1.35831112402e-06,
                2.18653235606e-06,
                4.92715389555e-06,
                7.399284641e-06,
                1.10978328394e-06,
                1.65852020473e-06,
                1.66379584243e-06,
                2.11127826333e-06,
                4.38330062025e-07,
                4.63269856255e-07,
                3.4364268231e-07,
                2.2132194033e-07,
                1.32215504323e-07,
                1.66479225072e-07,
                2.03056060855e-07,
                1.21374000628e-07,
                1.36988603572e-07,
                1.58957519147e-07,
                6.18074977865e-08,
                1.13391251944e-08
            ]
        },
        "barkbands_crest": {
            "dmean": 2.81428980827,
            "dmean2": 4.15768480301,
            "dvar": 7.43910980225,
            "dvar2": 15.4775114059,
            "max": 26.454498291,
            "mean": 11.8363037109,
            "median": 11.4199008942,
            "min": 2.4132938385,
            "var": 24.3569545746
        },
        "barkbands_flatness_db": {
            "dmean": 0.0316113755107,
            "dmean2": 0.0436302423477,
            "dvar": 0.00137177854776,
            "dvar2": 0.00257331505418,
            "max": 0.514924585819,
            "mean": 0.15421295166,
            "median": 0.141406297684,
            "min": 0.0189724545926,
            "var": 0.00583238760009
        },
        "barkbands_kurtosis": {
            "dmean": 7.19029855728,
            "dmean2": 10.4948043823,
            "dvar": 634.306030273,
            "dvar2": 1328.21057129,
            "max": 1095.49523926,
            "mean": 10.717294693,
            "median": 2.8717777729,
            "min": -1.93298649788,
            "var": 968.913208008
        },
        "barkbands_skewness": {
            "dmean": 0.805458188057,
            "dmean2": 1.13255238533,
            "dvar": 1.10868263245,
            "dvar2": 2.15151333809,
            "max": 30.1750984192,
            "mean": 1.99246239662,
            "median": 1.70370984077,
            "min": -3.84910202026,
            "var": 4.38338851929
        },
        "barkbands_spread": {
            "dmean": 7.94776439667,
            "dmean2": 11.8404874802,
            "dvar": 109.687889099,
            "dvar2": 239.858856201,
            "max": 134.079574585,
            "mean": 22.4426994324,
            "median": 19.2637367249,
            "min": 0.131948575377,
            "var": 285.766143799
        },
        "dissonance": {
            "dmean": 0.0205342564732,
            "dmean2": 0.0336780846119,
            "dvar": 0.000493241241202,
            "dvar2": 0.0012641887879,
            "max": 0.500000059605,
            "mean": 0.461007982492,
            "median": 0.470770776272,
            "min": 0.236903741956,
            "var": 0.00127212202642
        },
        "dynamic_complexity": 4.93758773804,
        "erbbands": {
            "dmean": [
                0.2823561728,
                1.69069385529,
                4.45901727676,
                5.4839963913,
                5.99324274063,
                7.83171463013,
                9.56934165955,
                14.8880195618,
                18.0385379791,
                12.4404125214,
                6.32631158829,
                7.86136960983,
                15.8167085648,
                22.7257347107,
                23.0218353271,
                12.0111227036,
                16.4872131348,
                18.2922096252,
                17.4987220764,
                17.5328521729,
                12.6002407074,
                9.29498672485,
                10.6959962845,
                11.398853302,
                9.1304807663,
                6.67136478424,
                6.36887216568,
                5.73371744156,
                5.30150651932,
                4.65018224716,
                2.95689439774,
                2.33747053146,
                2.21970558167,
                1.66021895409,
                0.95687943697,
                0.3428594172,
                0.112862549722,
                0.0318594798446,
                0.00404500262812,
                0.000281580229057
            ],
            "dmean2": [
                0.376555114985,
                2.53449344635,
                7.97379636765,
                9.92681026459,
                10.2454795837,
                13.1567564011,
                15.132973671,
                23.2605953217,
                28.0383815765,
                19.4853439331,
                10.3467502594,
                11.9939813614,
                23.7671642303,
                33.9574279785,
                35.6627197266,
                18.5992183685,
                25.2181529999,
                26.2392292023,
                26.3086109161,
                27.1706256866,
                20.0588760376,
                14.5265035629,
                16.9777832031,
                18.2290611267,
                14.5215120316,
                10.2171478271,
                9.83084583282,
                8.47068405151,
                7.98378753662,
                7.11231470108,
                4.29464197159,
                3.60327148438,
                3.3590028286,
                2.63205361366,
                1.51274621487,
                0.541492283344,
                0.17618457973,
                0.054235316813,
                0.00715935695916,
                0.000497247092426
            ],
            "dvar": [
                0.3476549685,
                23.0911197662,
                271.416351318,
                362.386016846,
                242.184417725,
                291.28805542,
                363.425018311,
                926.280517578,
                1256.49914551,
                928.341003418,
                216.051055908,
                334.260070801,
                1049.6809082,
                2159.26245117,
                3469.13989258,
                735.626037598,
                1446.10998535,
                1528.1237793,
                1614.2277832,
                1259.46655273,
                629.032958984,
                401.588195801,
                653.494995117,
                453.043762207,
                260.666229248,
                195.056808472,
                138.293487549,
                126.919929504,
                184.8697052,
                153.846603394,
                52.3396682739,
                28.0713691711,
                25.1544456482,
                14.1425237656,
                6.13488721848,
                1.04878890514,
                0.101656839252,
                0.0119165712968,
                0.000351352529833,
                1.78290235908e-06
            ],
            "dvar2": [
                0.616247057915,
                51.7940979004,
                751.376403809,
                1040.32910156,
                692.594482422,
                818.897338867,
                924.764404297,
                2167.04418945,
                3000.31738281,
                2149.55664063,
                537.649780273,
                719.084899902,
                2189.17504883,
                4373.96923828,
                7743.15527344,
                1478.7208252,
                3082.06030273,
                2843.49462891,
                3036.28637695,
                2676.85522461,
                1505.58105469,
                888.329040527,
                1722.36962891,
                1125.08654785,
                639.135986328,
                424.011199951,
                316.187744141,
                250.164215088,
                408.204284668,
                348.945251465,
                112.734642029,
                63.8433532715,
                54.6665000916,
                33.7155075073,
                14.9013805389,
                2.11915898323,
                0.209107995033,
                0.0323839373887,
                0.00100247678347,
                5.05449497723e-06
            ],
            "max": [
                7.07972288132,
                51.4632797241,
                167.287139893,
                199.685302734,
                231.69039917,
                243.689941406,
                278.770935059,
                509.700408936,
                553.678466797,
                621.978515625,
                320.246032715,
                353.669464111,
                544.758666992,
                981.540100098,
                1718.85559082,
                750.557373047,
                955.90057373,
                819.467102051,
                1049.07519531,
                804.131835938,
                971.389099121,
                754.586975098,
                445.397674561,
                334.364776611,
                222.501846313,
                336.827972412,
                250.190963745,
                229.282226563,
                312.83102417,
                209.487365723,
                125.553817749,
                75.6748809814,
                112.520149231,
                70.2255935669,
                58.9098510742,
                55.0623321533,
                8.58732700348,
                1.68085026741,
                0.332588404417,
                0.0229350700974
            ],
            "mean": [
                0.751066625118,
                2.45782613754,
                3.51690554619,
                5.0508813858,
                7.66110420227,
                10.3041725159,
                13.66929245,
                22.9508724213,
                27.046705246,
                19.965959549,
                8.58785247803,
                12.7362298965,
                26.2283306122,
                44.2996482849,
                37.9111175537,
                18.465429306,
                26.6899452209,
                32.6834907532,
                31.5148887634,
                30.8917751312,
                18.7024078369,
                15.3727083206,
                16.5502414703,
                16.9111709595,
                13.6855783463,
                10.5247621536,
                10.7538557053,
                9.25849533081,
                7.05525112152,
                5.7491850853,
                4.00294113159,
                3.31549334526,
                3.33101129532,
                2.36104345322,
                1.16444683075,
                0.422441482544,
                0.128913477063,
                0.0310881566256,
                0.00343134347349,
                0.000270897115115
            ],
            "median": [
                0.0158685743809,
                0.139556854963,
                0.489543527365,
                1.52419185638,
                3.09173703194,
                3.17691469193,
                3.60665035248,
                5.80691003799,
                7.18022251129,
                5.61248636246,
                2.3397026062,
                3.06101608276,
                7.38153457642,
                8.1097278595,
                6.95985984802,
                6.25744628906,
                7.491751194,
                9.75061702728,
                8.25690460205,
                7.72112369537,
                6.57903862,
                4.4934720993,
                5.03560733795,
                5.87470912933,
                5.1414642334,
                3.89877414703,
                4.27176952362,
                2.962692976,
                1.47025954723,
                0.879913270473,
                0.744199991226,
                0.837500929832,
                0.857011079788,
                0.588340044022,
                0.275558769703,
                0.086943641305,
                0.0180970579386,
                0.00349771766923,
                0.000242543610511,
                5.92828364461e-05
            ],
            "min": [
                1.26321324165e-21,
                7.55498142333e-21,
                1.61283401186e-20,
                1.26389530215e-20,
                9.06769863141e-20,
                1.46037483451e-19,
                2.37465252493e-19,
                8.9235016636e-20,
                1.16617977785e-19,
                3.34970718161e-19,
                1.87012177531e-18,
                1.72818564721e-18,
                7.05476856944e-19,
                2.06201340856e-18,
                2.51186234981e-18,
                5.61195351272e-18,
                7.20397716609e-18,
                6.8440609554e-18,
                8.20099202047e-18,
                1.53935085992e-17,
                1.18801408382e-17,
                8.67324763015e-18,
                7.30831938292e-18,
                1.94632984243e-17,
                1.63457456855e-17,
                1.62553513881e-17,
                1.68655575629e-17,
                1.97218039463e-17,
                2.5443887045e-17,
                2.5455336879e-17,
                1.61955445755e-17,
                1.46938279519e-17,
                1.36256366873e-17,
                1.04308476131e-17,
                9.27745178242e-18,
                4.65586176478e-18,
                3.11376569921e-18,
                1.2681593859e-18,
                4.19812229597e-19,
                3.93936721104e-20
            ],
            "var": [
                1.41836702824,
                28.0021095276,
                173.737030029,
                219.732940674,
                209.065155029,
                342.013763428,
                549.846679688,
                1843.23120117,
                2096.74951172,
                1629.43737793,
                288.79788208,
                871.046936035,
                2477.28442383,
                7411.41796875,
                8274.48632813,
                1662.49255371,
                3377.97094727,
                4562.56298828,
                5145.34619141,
                4478.78417969,
                1094.0213623,
                885.686340332,
                879.28918457,
                735.210876465,
                449.259399414,
                320.533477783,
                264.571472168,
                262.092132568,
                271.982879639,
                192.990951538,
                80.9641952515,
                43.0852851868,
                49.0723648071,
                21.9632759094,
                8.07887268066,
                1.884329319,
                0.158085167408,
                0.0115643311292,
                0.000268333678832,
                1.45748197156e-06
            ]
        },
        "erbbands_crest": {
            "dmean": 2.8771648407,
            "dmean2": 4.5477309227,
            "dvar": 7.5801897049,
            "dvar2": 18.0234298706,
            "max": 31.0810565948,
            "mean": 9.49179363251,
            "median": 8.47950744629,
            "min": 2.44623565674,
            "var": 21.2005348206
        },
        "erbbands_flatness_db": {
            "dmean": 0.0227310154587,
            "dmean2": 0.0320844128728,
            "dvar": 0.00056729640346,
            "dvar2": 0.00113286112901,
            "max": 0.376509338617,
            "mean": 0.153709858656,
            "median": 0.146833702922,
            "min": 0.0333542786539,
            "var": 0.00292042270303
        },
        "erbbands_kurtosis": {
            "dmean": 1.42328631878,
            "dmean2": 2.1971552372,
            "dvar": 7.25796222687,
            "dvar2": 17.3441791534,
            "max": 87.3696746826,
            "mean": 1.13945603371,
            "median": 0.169823512435,
            "min": -1.83456754684,
            "var": 11.2629909515
        },
        "erbbands_skewness": {
            "dmean": 0.451995998621,
            "dmean2": 0.662748634815,
            "dvar": 0.245372667909,
            "dvar2": 0.518822073936,
            "max": 8.50647830963,
            "mean": 0.374437093735,
            "median": 0.317191153765,
            "min": -3.83238577843,
            "var": 0.906211912632
        },
        "erbbands_spread": {
            "dmean": 10.8519821167,
            "dmean2": 15.9658927917,
            "dvar": 184.841323853,
            "dvar2": 400.272674561,
            "max": 163.49836731,
            "mean": 39.4726028442,
            "median": 36.1653900146,
            "min": 3.41288113594,
            "var": 477.609832764
        },
        "gfcc": {
            "cov": [
                [
                    23834.7128906,
                    1540.72229004,
                    867.948181152,
                    -366.429473877,
                    -809.666687012,
                    965.035522461,
                    -390.833862305,
                    1118.55407715,
                    301.046661377,
                    289.379058838,
                    209.847427368,
                    316.629119873,
                    343.513977051
                ],
                [
                    1540.72229004,
                    2493.17260742,
                    682.235229492,
                    189.516586304,
                    282.367767334,
                    62.8147392273,
                    134.859146118,
                    -15.0856246948,
                    185.632873535,
                    -42.2867546082,
                    111.915855408,
                    -114.135391235,
                    183.051651001
                ],
                [
                    867.948181152,
                    682.235229492,
                    1677.04187012,
                    287.799926758,
                    261.98046875,
                    179.287124634,
                    58.8660926819,
                    127.560081482,
                    86.4501953125,
                    47.6616134644,
                    -15.1215248108,
                    6.33088922501,
                    9.09189987183
                ],
                [
                    -366.429473877,
                    189.516586304,
                    287.799926758,
                    661.556762695,
                    273.012390137,
                    75.9177246094,
                    104.696495056,
                    -14.1602649689,
                    166.104110718,
                    -50.9211463928,
                    -19.2269706726,
                    62.604057312,
                    5.69254398346
                ],
                [
                    -809.666687012,
                    282.367767334,
                    261.98046875,
                    273.012390137,
                    503.618652344,
                    160.614303589,
                    203.2784729,
                    46.0850105286,
                    95.7389984131,
                    17.9030227661,
                    20.3389854431,
                    3.10812520981,
                    47.8686027527
                ],
                [
                    965.035522461,
                    62.8147392273,
                    179.287124634,
                    75.9177246094,
                    160.614303589,
                    424.638458252,
                    214.792495728,
                    149.346069336,
                    92.4144439697,
                    87.5082931519,
                    88.9889450073,
                    35.4833259583,
                    73.0863189697
                ],
                [
                    -390.833862305,
                    134.859146118,
                    58.8660926819,
                    104.696495056,
                    203.2784729,
                    214.792495728,
                    326.010620117,
                    76.0904769897,
                    113.837997437,
                    64.0080413818,
                    101.783912659,
                    35.320854187,
                    72.6516189575
                ],
                [
                    1118.55407715,
                    -15.0856246948,
                    127.560081482,
                    -14.1602649689,
                    46.0850105286,
                    149.346069336,
                    76.0904769897,
                    288.761535645,
                    88.716468811,
                    103.875259399,
                    81.4438781738,
                    54.589881897,
                    72.926612854
                ],
                [
                    301.046661377,
                    185.632873535,
                    86.4501953125,
                    166.104110718,
                    95.7389984131,
                    92.4144439697,
                    113.837997437,
                    88.716468811,
                    230.675415039,
                    49.2553520203,
                    79.5319824219,
                    80.3424072266,
                    49.6537780762
                ],
                [
                    289.379058838,
                    -42.2867546082,
                    47.6616134644,
                    -50.9211463928,
                    17.9030227661,
                    87.5082931519,
                    64.0080413818,
                    103.875259399,
                    49.2553520203,
                    182.850814819,
                    108.0990448,
                    28.8122158051,
                    54.3133850098
                ],
                [
                    209.847427368,
                    111.915855408,
                    -15.1215248108,
                    -19.2269706726,
                    20.3389854431,
                    88.9889450073,
                    101.783912659,
                    81.4438781738,
                    79.5319824219,
                    108.0990448,
                    174.571426392,
                    51.4178123474,
                    78.6737060547
                ],
                [
                    316.629119873,
                    -114.135391235,
                    6.33088922501,
                    62.604057312,
                    3.10812520981,
                    35.4833259583,
                    35.320854187,
                    54.589881897,
                    80.3424072266,
                    28.8122158051,
                    51.4178123474,
                    146.995742798,
                    41.524066925
                ],
                [
                    343.513977051,
                    183.051651001,
                    9.09189987183,
                    5.69254398346,
                    47.8686027527,
                    73.0863189697,
                    72.6516189575,
                    72.926612854,
                    49.6537780762,
                    54.3133850098,
                    78.6737060547,
                    41.524066925,
                    160.080627441
                ]
            ],
            "icov": [
                [
                    8.78807986737e-05,
                    -0.000110705179395,
                    1.70494768099e-05,
                    -9.59719909588e-06,
                    0.000208933022805,
                    -0.000313516822644,
                    0.000267907569651,
                    -0.000296849320875,
                    2.34644630837e-05,
                    -3.30273396685e-05,
                    0.000149087034515,
                    -0.000218656728975,
                    1.90646042029e-05
                ],
                [
                    -0.000110705179395,
                    0.00086629553698,
                    -0.000338262703735,
                    0.000128704297822,
                    -0.000453862070572,
                    0.000544439593796,
                    -0.000207996985409,
                    0.000683130987454,
                    -0.000847744347993,
                    0.000837436469737,
                    -0.000977973104455,
                    0.00146593945101,
                    -0.0009888705099
                ],
                [
                    1.70494768099e-05,
                    -0.000338262703735,
                    0.000864910078235,
                    -0.000303905399051,
                    -0.000137772003654,
                    -0.000353086390533,
                    0.000267575436737,
                    -0.000453473126981,
                    0.00035088713048,
                    -0.000601531472057,
                    0.000601001316682,
                    -0.000444405101007,
                    0.000514610554092
                ],
                [
                    -9.59719909588e-06,
                    0.000128704297822,
                    -0.000303905399051,
                    0.0027042212896,
                    -0.0011893104529,
                    -4.36421869381e-05,
                    0.000140215386637,
                    0.00073659082409,
                    -0.00190153578296,
                    0.000907893874682,
                    0.000408180349041,
                    -0.000571039679926,
                    1.82520281555e-07
                ],
                [
                    0.000208933022805,
                    -0.000453862070572,
                    -0.000137772003654,
                    -0.0011893104529,
                    0.00411042943597,
                    -0.000935362768359,
                    -0.00126723933499,
                    -0.000888736569323,
                    0.000344360247254,
                    -0.000548738404177,
                    0.00136041885708,
                    9.69416851149e-06,
                    -0.000293063843856
                ],
                [
                    -0.000313516822644,
                    0.000544439593796,
                    -0.000353086390533,
                    -4.36421869381e-05,
                    -0.000935362768359,
                    0.00535058090463,
                    -0.0031953251455,
                    -0.000233996353927,
                    3.27404814016e-05,
                    -0.000154223191203,
                    -0.000701019831467,
                    0.00109422544483,
                    -0.000431709457189
                ],
                [
                    0.000267907569651,
                    -0.000207996985409,
                    0.000267575436737,
                    0.000140215386637,
                    -0.00126723933499,
                    -0.0031953251455,
                    0.00749049894512,
                    -0.000279210828012,
                    -0.00140910362825,
                    0.000381706457119,
                    -0.00192727404647,
                    -0.000201435075724,
                    -0.000484758551465
                ],
                [
                    -0.000296849320875,
                    0.000683130987454,
                    -0.000453473126981,
                    0.00073659082409,
                    -0.000888736569323,
                    -0.000233996353927,
                    -0.000279210828012,
                    0.00674429116771,
                    -0.00185317231808,
                    -0.0013799178414,
                    -0.000539679895155,
                    0.000414012203692,
                    -0.00151687953621
                ],
                [
                    2.34644630837e-05,
                    -0.000847744347993,
                    0.00035088713048,
                    -0.00190153578296,
                    0.000344360247254,
                    3.27404814016e-05,
                    -0.00140910362825,
                    -0.00185317231808,
                    0.00904047861695,
                    -0.000980078359134,
                    -0.00107191188727,
                    -0.00365382852033,
                    0.00133550108876
                ],
                [
                    -3.30273396685e-05,
                    0.000837436469737,
                    -0.000601531472057,
                    0.000907893874682,
                    -0.000548738404177,
                    -0.000154223191203,
                    0.000381706457119,
                    -0.0013799178414,
                    -0.000980078359134,
                    0.0108715100214,
                    -0.00623907940462,
                    0.0016858590534,
                    -0.000950545887463
                ],
                [
                    0.000149087034515,
                    -0.000977973104455,
                    0.000601001316682,
                    0.000408180349041,
                    0.00136041885708,
                    -0.000701019831467,
                    -0.00192727404647,
                    -0.000539679895155,
                    -0.00107191188727,
                    -0.00623907940462,
                    0.0139082074165,
                    -0.00301844184287,
                    -0.00181954412255
                ],
                [
                    -0.000218656728975,
                    0.00146593945101,
                    -0.000444405101007,
                    -0.000571039679926,
                    9.69416851149e-06,
                    0.00109422544483,
                    -0.000201435075724,
                    0.000414012203692,
                    -0.00365382852033,
                    0.0016858590534,
                    -0.00301844184287,
                    0.0118126822636,
                    -0.00278054643422
                ],
                [
                    1.90646042029e-05,
                    -0.0009888705099,
                    0.000514610554092,
                    1.82520281555e-07,
                    -0.000293063843856,
                    -0.000431709457189,
                    -0.000484758551465,
                    -0.00151687953621,
                    0.00133550108876,
                    -0.000950545887463,
                    -0.00181954412255,
                    -0.00278054643422,
                    0.0100270109251
                ]
            ],
            "mean": [
                -34.2863883972,
                65.4298858643,
                -108.482017517,
                27.095703125,
                -53.4085388184,
                11.3449087143,
                -39.5475502014,
                4.65355968475,
                -29.8927288055,
                7.36781787872,
                -12.1946544647,
                1.02569973469,
                -4.24257802963
            ]
        },
        "hfc": {
            "dmean": 9.84227085114,
            "dmean2": 14.6659173965,
            "dvar": 329.356445313,
            "dvar2": 746.172241211,
            "max": 208.094512939,
            "mean": 22.8741378784,
            "median": 16.4107055664,
            "min": 1.17338481566e-16,
            "var": 644.376586914
        },
        "melbands": {
            "dmean": [
                0.00211839959957,
                0.00216609961353,
                0.000970236666035,
                0.000445075915195,
                0.000356691482011,
                0.000342717481544,
                0.00026145868469,
                0.000120057877211,
                5.09781166329e-05,
                5.51645134692e-05,
                8.24878588901e-05,
                9.36137948884e-05,
                9.34449053602e-05,
                3.72670619981e-05,
                3.49300062226e-05,
                3.66285275959e-05,
                3.66497770301e-05,
                2.9655495382e-05,
                2.76691844192e-05,
                2.10957296076e-05,
                1.54231311171e-05,
                9.72926318354e-06,
                1.19163851195e-05,
                9.73216265265e-06,
                9.89543150354e-06,
                8.22362835606e-06,
                5.76384445594e-06,
                4.33386321674e-06,
