{
    "lowlevel": {
        "average_loudness": 0.387945353985,
        "barkbands": {
            "dmean": [
                7.02482284396e-05,
                0.0005584229948,
                0.0011906477157,
                0.00120642234106,
                0.00297365593724,
                0.00267951493151,
                0.00145420734771,
                0.000547290896066,
                0.000529716315214,
                0.000428911414929,
                0.000204339070478,
                0.00012932784739,
                5.91835560044e-05,
                4.41922747996e-05,
                2.46739891736e-05,
                2.43810136453e-05,
                1.20940439956e-05,
                1.48282379087e-05,
                1.60591971508e-05,
                1.00430834209e-05,
                1.20031509141e-05,
                8.29003056424e-06,
                3.9940014176e-06,
                1.76547246156e-06,
                1.33263370117e-06,
                2.10015150515e-06,
                1.17689151011e-05
            ],
            "dmean2": [
                0.000121397570183,
                0.000884930836037,
                0.00183275493328,
                0.00192367157433,
                0.0046662488021,
                0.00401536095887,
                0.00226227240637,
                0.000829541997518,
                0.000824373448268,
                0.00067539192969,
                0.000322860112647,
                0.000206494310987,
                9.49546083575e-05,
                7.18367518857e-05,
                3.93430127588e-05,
                3.80466954084e-05,
                1.88265039469e-05,
                2.25439252972e-05,
                2.41514626396e-05,
                1.48537183122e-05,
                1.72563031811e-05,
                1.16961491585e-05,
                6.07005358688e-06,
                2.83894723907e-06,
                2.22423273044e-06,
                3.266972044e-06,
                1.72239742824e-05
            ],
            "dvar": [
                2.2094338803e-08,
                1.07171854324e-06,
                5.07419099449e-06,
                6.87206375005e-06,
                7.44638527976e-05,
                6.34337266092e-05,
                2.12444811041e-05,
                4.14899977841e-06,
                3.07839059133e-06,
                2.156589062e-06,
                7.96753113264e-07,
                4.11570368897e-07,
                3.49863000793e-08,
                1.49150629625e-08,
                4.0850167693e-09,
                6.14822592837e-09,
                1.39291389534e-09,
                3.09357428563e-09,
                2.72753242214e-09,
                1.80044579245e-09,
                1.62697211259e-09,
                9.33700783357e-10,
                1.41040082391e-10,
                1.48550269308e-11,
                9.28685080226e-12,
                2.00713074633e-11,
                5.36329702872e-10
            ],
            "dvar2": [
                5.85609853943e-08,
                2.71919884653e-06,
                1.21817402032e-05,
                1.67409143614e-05,
                0.000180234768777,
                0.000138885938213,
                5.10499412485e-05,
                8.58079874888e-06,
                7.15344003765e-06,
                5.17450780535e-06,
                1.86649992884e-06,
                9.09553477868e-07,
                8.84637927356e-08,
                3.77218789538e-08,
                9.66270619074e-09,
                1.38977283015e-08,
                3.08193293108e-09,
                6.55768195301e-09,
                5.47648015825e-09,
                3.35454908296e-09,
                2.67395461329e-09,
                1.62983648799e-09,
                3.10628828215e-10,
                3.46261526396e-11,
                2.41052698635e-11,
                4.56366021362e-11,
                9.9940311582e-10
            ],
            "max": [
                0.00577865960076,
                0.0242332741618,
                0.0598015859723,
                0.0512355454266,
                0.251602202654,
                0.197694912553,
                0.101064324379,
                0.102864578366,
                0.0632232800126,
                0.0279561635107,
                0.0297347996384,
                0.0278064087033,
                0.00390639714897,
                0.00393061945215,
                0.00211787340231,
                0.00221245642751,
                0.00140591035597,
                0.00182206486352,
                0.00153867551126,
                0.00199814792722,
                0.00218816078268,
                0.00102809106465,
                0.000445133278845,
                8.13779770397e-05,
                5.73167562834e-05,
                0.000124381418573,
                0.000558514904696
            ],
            "mean": [
                6.67669446557e-05,
                0.000956866249908,
                0.00224371743388,
                0.0017891319003,
                0.00489742355421,
                0.00369777227752,
                0.00236213952303,
                0.000869708717801,
                0.000840402964968,
                0.000616748409811,
                0.000261953886366,
                0.000178023168701,
                8.72015807545e-05,
                6.51559093967e-05,
                3.47441564372e-05,
                3.42935163644e-05,
                1.68044080056e-05,
                2.06846143556e-05,
                2.46818999585e-05,
                1.4753684809e-05,
                1.97716744879e-05,
                1.34123210955e-05,
                6.34601974525e-06,
                2.23751044359e-06,
                1.32437605771e-06,
                3.12429506266e-06,
                2.6237397833e-05
            ],
            "median": [
                1.99218866328e-05,
                0.000333815754857,
                0.000807884847745,
                0.000554036349058,
                0.00160157924984,
                0.000507278717123,
                0.000225858631893,
                8.00877605798e-05,
                0.000132092405693,
                7.49387327232e-05,
                4.06018079957e-05,
                2.51532219409e-05,
                1.8448496121e-05,
                2.11646383832e-05,
                8.78298487805e-06,
                5.77761238674e-06,
                3.63607455256e-06,
                2.93776633953e-06,
                5.38645281267e-06,
                2.63749029727e-06,
                5.15555757374e-06,
                3.26451117871e-06,
                1.99317764782e-06,
                7.85243457813e-07,
                3.47117293131e-07,
                1.32084244342e-06,
                1.32531613417e-05
            ],
            "min": [
                1.81537552586e-25,
                1.89610666343e-24,
                1.39539899613e-24,
                7.41560065787e-25,
                9.43219921787e-24,
                9.30548685724e-24,
                7.40807758724e-24,
                4.7674860083e-24,
                1.17083421862e-23,
                3.18314746924e-23,
                2.44971524444e-23,
                3.31854029749e-23,
                2.35625463315e-23,
                4.91183863983e-23,
                3.95628732326e-23,
                7.09421160561e-23,
                8.32387346963e-23,
                1.28868065041e-22,
                1.50624874051e-22,
                1.6178903553e-22,
                1.68177218519e-22,
                2.97718554255e-22,
                3.6156431111e-22,
                5.64200438095e-22,
                9.26359184296e-22,
                1.40066396188e-21,
                2.0552350431e-21
            ],
            "var": [
                2.11001385253e-08,
                2.48758829002e-06,
                1.15224729598e-05,
                1.21569455587e-05,
                0.000130495041958,
                0.000112606125185,
                5.36813022336e-05,
                1.36032558657e-05,
                6.55751910017e-06,
                3.73694410882e-06,
                1.13065118512e-06,
                6.84242650095e-07,
                5.78429641962e-08,
                2.17487556853e-08,
                6.74336142481e-09,
                1.1915584075e-08,
                2.31540631113e-09,
                6.11128792016e-09,
                5.60724755516e-09,
                3.63665297876e-09,
                3.82718301495e-09,
                2.05792272112e-09,
                2.46371423263e-10,
                2.03657438136e-11,
                9.30231759677e-12,
                3.27143208356e-11,
                1.61876467786e-09
            ]
        },
        "barkbands_crest": {
            "dmean": 2.96969032288,
            "dmean2": 4.82730865479,
            "dvar": 6.96106624603,
            "dvar2": 17.0437030792,
            "max": 25.9784431458,
            "mean": 12.0288143158,
            "median": 11.3115653992,
            "min": 2.72566175461,
            "var": 18.8477420807
        },
        "barkbands_flatness_db": {
            "dmean": 0.0362936519086,
            "dmean2": 0.0558380298316,
            "dvar": 0.000984182814136,
            "dvar2": 0.00228314800188,
            "max": 0.4546918571,
            "mean": 0.209495350718,
            "median": 0.208460643888,
            "min": 0.0305448751897,
            "var": 0.0037143335212
        },
        "barkbands_kurtosis": {
            "dmean": 11.2866821289,
            "dmean2": 18.1975460052,
            "dvar": 230.728012085,
            "dvar2": 578.091064453,
            "max": 287.992248535,
            "mean": 23.0092391968,
            "median": 17.5614089966,
            "min": -1.74993729591,
            "var": 502.451568604
        },
        "barkbands_skewness": {
            "dmean": 0.929090559483,
            "dmean2": 1.46206569672,
            "dvar": 0.76459467411,
            "dvar2": 1.85886466503,
            "max": 11.7308654785,
            "mean": 2.92409157753,
            "median": 2.84964132309,
            "min": -2.11976504326,
            "var": 2.73238277435
        },
        "barkbands_spread": {
            "dmean": 3.08702659607,
            "dmean2": 4.64122056961,
            "dvar": 31.13971138,
            "dvar2": 55.4737205505,
            "max": 106.01083374,
            "mean": 8.06860733032,
            "median": 5.19503927231,
            "min": 0.327380597591,
            "var": 97.3134536743
        },
        "dissonance": {
            "dmean": 0.0412870459259,
            "dmean2": 0.068787895143,
            "dvar": 0.00149734108709,
            "dvar2": 0.00409195292741,
            "max": 0.500000119209,
            "mean": 0.419931977987,
            "median": 0.431922674179,
            "min": 0.113035485148,
            "var": 0.00330595090054
        },
        "dynamic_complexity": 6.19584608078,
        "erbbands": {
            "dmean": [
                0.00927282869816,
                0.160100519657,
                1.06284415722,
                2.83473157883,
                6.66369915009,
                10.0400342941,
                19.1429042816,
                20.8095607758,
                20.5613002777,
                17.9609622955,
                10.269370079,
                12.0164966583,
                13.4711208344,
                10.3657140732,
                7.66194868088,
                4.46548843384,
                2.67697453499,
                2.50490880013,
                1.15877723694,
                1.56889545918,
                1.06940746307,
                0.676463723183,
                0.780346333981,
                0.86163008213,
                0.642733693123,
                0.474678397179,
                0.533476471901,
                0.404402107,
                0.309766232967,
                0.204877540469,
                0.0989408865571,
                0.0467531979084,
                0.0250666700304,
                0.0150174899027,
                0.00949227716774,
                0.0057629304938,
                0.00405145809054,
                0.00320594757795,
                0.00109932676423,
                0.00073878467083
            ],
            "dmean2": [
                0.0151241412386,
                0.251596182585,
                1.64027059078,
                4.35762548447,
                10.9720983505,
                15.4789304733,
                29.0481262207,
                31.5992717743,
                31.6444988251,
                27.0797080994,
                15.7595682144,
                18.7450504303,
                21.3935604095,
                16.036813736,
                11.8910121918,
                7.15025043488,
                4.23950099945,
                4.00955295563,
                1.84312987328,
                2.44242310524,
                1.65595841408,
                1.02783417702,
                1.18316614628,
                1.28626680374,
                0.944312691689,
                0.69858777523,
                0.771445512772,
                0.577963411808,
                0.441007643938,
                0.297340750694,
                0.150399327278,
                0.0733240097761,
                0.0408805534244,
                0.0250838398933,
                0.0158123541623,
                0.00947173684835,
                0.00625147437677,
                0.00454610446468,
                0.00154466961976,
                0.00112577411346
            ],
            "dvar": [
                0.000361561717,
                0.0849818438292,
                3.78943228722,
                34.7194099426,
                327.834686279,
                1291.92333984,
                4030.22485352,
                4551.4765625,
                4827.88183594,
                4104.06005859,
                1156.23730469,
                1820.10473633,
                2416.39160156,
                1439.02893066,
                1037.63171387,
                345.592254639,
                74.1519012451,
                46.5031280518,
                7.89329433441,
                19.8217334747,
                15.3879785538,
                4.43347072601,
                8.88321876526,
                7.89720392227,
                5.15294075012,
                4.17651033401,
                3.47545742989,
                1.95694983006,
                1.28162455559,
                0.507911145687,
                0.0723881050944,
                0.0111202420667,
                0.00298911053687,
                0.00118003971875,
                0.000463463831693,
                0.000149811123265,
                7.22378899809e-05,
                9.24403502722e-05,
                9.59766475717e-06,
                1.5030952909e-06
            ],
            "dvar2": [
                0.000917114666663,
                0.21482989192,
                9.36923980713,
                76.3460769653,
                849.709716797,
                3085.28173828,
                8494.50683594,
                10143.4169922,
                11217.4335938,
                9092.71191406,
                2790.0324707,
                4214.7578125,
                6337.69824219,
                3209.52807617,
                2314.04858398,
                828.288452148,
                186.716110229,
                114.394943237,
                18.1980800629,
                45.4804267883,
                35.5092506409,
                9.55600738525,
                18.6113739014,
                15.4782409668,
                10.0137786865,
                7.88127708435,
                5.96969604492,
                3.15902400017,
                2.21760511398,
                0.984174489975,
                0.159551978111,
                0.0237934663892,
                0.00747135840356,
                0.00307011068799,
                0.00120067223907,
                0.000383572943974,
                0.000153092711116,
                0.000160133742611,
                1.41976497616e-05,
                3.07531286126e-06
            ],
            "max": [
                0.444852739573,
                6.66384744644,
                50.6745491028,
                140.670013428,
                512.126098633,
                1070.26696777,
                2317.70092773,
                1889.1159668,
                1436.44189453,
                2586.90063477,
                944.42956543,
                1895.46911621,
                1111.2052002,
                1110.3269043,
                1078.8972168,
                622.131408691,
                200.439758301,
                215.052230835,
                85.4157714844,
                112.669197083,
                127.970321655,
                88.3771972656,
                112.402023315,
                84.3693313599,
                68.5782928467,
                86.2129516602,
                104.823326111,
                59.0273704529,
                34.1780738831,
                26.7394523621,
                10.0816631317,
                2.84069156647,
                0.951813995838,
                0.647423923016,
                0.404581069946,
                0.226355373859,
                0.214899078012,
                0.330551952124,
                0.138620063663,
                0.0295599047095
            ],
            "mean": [
                0.0149353705347,
                0.290870368481,
                2.20185136795,
                4.84691810608,
                10.2223787308,
                16.5434799194,
                26.096830368,
                29.9734725952,
                29.0201263428,
                37.5374908447,
                16.6667041779,
                19.4827327728,
                19.6352596283,
                16.0986042023,
                10.801949501,
                6.69660615921,
                4.29445791245,
                3.86171936989,
                1.91933214664,
                2.28155565262,
                1.59050130844,
                0.991499960423,
                1.10343205929,
                1.32767033577,
                0.988280594349,
                0.707100629807,
                0.85381603241,
                0.670923709869,
                0.502657651901,
                0.330830574036,
                0.15638153255,
                0.0655177980661,
                0.0291540380567,
                0.0151778599247,
                0.00958640966564,
                0.00654808757827,
                0.0061574196443,
                0.00580220716074,
                0.00236797472462,
                0.00281036645174
            ],
            "median": [
                0.00632993318141,
                0.0958197638392,
                0.741617739201,
                1.92967224121,
                3.61465668678,
                4.5512509346,
                4.910405159,
                4.17145824432,
                2.84858679771,
                3.45868849754,
                1.95066893101,
                3.3361260891,
                2.65269041061,
                2.42876577377,
                1.77957999706,
                1.14560651779,
                0.954129874706,
                1.18983376026,
                0.695191502571,
                0.481953322887,
                0.297861546278,
                0.219277605414,
                0.177484169602,
                0.266340076923,
                0.205636993051,
                0.13390019536,
                0.198582798243,
                0.170380234718,
                0.122293144464,
                0.0885397493839,
                0.0517229102552,
                0.0237812548876,
                0.00967622548342,
                0.00427840556949,
                0.00262561626732,
                0.00231421180069,
                0.00263796374202,
                0.00215212185867,
                0.0011282931082,
                0.00198591453955
            ],
            "min": [
                9.5677985699e-23,
                6.19789408737e-22,
                1.50434083308e-21,
                7.86054307252e-21,
                2.04542507686e-20,
                3.03679231683e-20,
                4.13458022002e-20,
                9.71456421019e-20,
                7.82580520264e-20,
                1.62764044789e-19,
                1.94363701281e-19,
                2.92632279839e-19,
                6.79829605064e-19,
                1.15879587256e-18,
                1.16527900401e-18,
                1.42644608298e-18,
                1.5013874057e-18,
                2.14589593332e-18,
                1.77549169285e-18,
                3.12036515293e-18,
                4.06531271006e-18,
                5.28477256118e-18,
                5.97156738889e-18,
                5.58508089616e-18,
                7.58375894637e-18,
                8.22974399138e-18,
                7.43286217749e-18,
                6.7448588389e-18,
                1.00149552632e-17,
                1.16466426406e-17,
                1.07263802209e-17,
                1.0234462528e-17,
                1.11472348273e-17,
                9.17687489174e-18,
                6.26852357444e-18,
                4.4508392597e-18,
                2.58828804814e-18,
                9.16363814078e-19,
                2.53868916124e-19,
                2.58394663593e-20
            ],
            "var": [
                0.000717000919394,
                0.217840775847,
                10.6346712112,
                74.8248138428,
                514.114746094,
                2415.44067383,
                6711.9609375,
                8506.30078125,
                7289.17431641,
                20961.0039062,
                2541.59814453,
                3650.24389648,
                3711.3125,
                2913.25854492,
                1703.10827637,
                609.367980957,
                137.738571167,
                74.9911270142,
                14.7706308365,
                35.8320808411,
                29.8836917877,
                7.7171216011,
                17.1694450378,
                16.9733276367,
                11.0694847107,
                8.29217147827,
                7.70213937759,
                4.653840065,
                2.89700865746,
                1.01311171055,
                0.129276946187,
                0.0185029767454,
                0.00346476421691,
                0.00117554690223,
                0.000469337042887,
                0.000164447104908,
                0.000130031330627,
                0.000220987290959,
                2.78114257526e-05,
                8.83668326424e-06
            ]
        },
        "erbbands_crest": {
            "dmean": 3.33067393303,
            "dmean2": 5.38327407837,
            "dvar": 9.33435726166,
            "dvar2": 22.787694931,
            "max": 33.1394577026,
            "mean": 11.9152622223,
            "median": 10.6672801971,
            "min": 2.23271155357,
            "var": 29.7195987701
        },
        "erbbands_flatness_db": {
            "dmean": 0.0321400202811,
            "dmean2": 0.0501662716269,
            "dvar": 0.000777382054366,
            "dvar2": 0.00184196152259,
            "max": 0.389736384153,
            "mean": 0.189142033458,
            "median": 0.185140833259,
            "min": 0.0388493426144,
            "var": 0.00277352053672
        },
        "erbbands_kurtosis": {
            "dmean": 3.27831625938,
            "dmean2": 5.22732496262,
            "dvar": 25.9021282196,
            "dvar2": 62.3839302063,
            "max": 92.875541687,
            "mean": 5.26776885986,
            "median": 2.7874712944,
            "min": -1.83716309071,
            "var": 64.1548156738
        },
        "erbbands_skewness": {
            "dmean": 0.607667684555,
            "dmean2": 0.927137434483,
            "dvar": 0.340951114893,
            "dvar2": 0.767521500587,
            "max": 8.34400844574,
            "mean": 1.31999981403,
            "median": 1.23379027843,
            "min": -2.8436923027,
            "var": 1.42652153969
        },
        "erbbands_spread": {
            "dmean": 6.72602939606,
            "dmean2": 10.4509391785,
            "dvar": 69.5984420776,
            "dvar2": 151.981246948,
            "max": 118.479316711,
            "mean": 21.511428833,
            "median": 17.8293743134,
            "min": 1.11185562611,
            "var": 232.41809082
        },
        "gfcc": {
            "cov": [
                [
                    22946.8261719,
                    107.357780457,
                    -2579.24243164,
                    -6.35763597488,
                    -545.932189941,
                    -270.083709717,
                    -18.5056152344,
                    -483.624603271,
                    -78.7470245361,
                    39.623046875,
                    -173.456970215,
                    199.611099243,
                    -317.290924072
                ],
                [
                    107.357780457,
                    928.465148926,
                    318.2578125,
                    -369.362091064,
                    -4.10288238525,
                    53.1526947021,
                    39.2336425781,
                    -45.1639060974,
                    18.6812667847,
                    -22.6811904907,
                    37.6177101135,
                    -88.2179641724,
                    86.4827194214
                ],
                [
                    -2579.24243164,
                    318.2578125,
                    778.146240234,
                    -44.3038597107,
                    77.8076171875,
                    144.960189819,
                    -14.0381193161,
                    116.701156616,
                    -27.9221363068,
                    -3.30690288544,
                    30.1904850006,
                    -78.5118713379,
                    81.9813613892
                ],
                [
                    -6.35763597488,
                    -369.362091064,
                    -44.3038597107,
                    483.414886475,
                    149.96194458,
                    -41.3103065491,
                    26.8247261047,
                    -27.3260345459,
                    -33.8386306763,
                    -16.8426895142,
                    -16.7319145203,
                    44.9167747498,
                    -47.5972099304
                ],
                [
                    -545.932189941,
                    -4.10288238525,
                    77.8076171875,
                    149.96194458,
                    314.195373535,
                    116.920249939,
                    44.0982437134,
                    -22.2214756012,
                    -42.2757759094,
                    -44.9135322571,
                    15.7276229858,
                    -11.6571807861,
                    17.8441848755
                ],
                [
                    -270.083709717,
                    53.1526947021,
                    144.960189819,
                    -41.3103065491,
                    116.920249939,
                    213.036224365,
                    7.9281539917,
                    32.4685935974,
                    -45.6643409729,
                    -0.915774941444,
                    7.77036428452,
                    -19.6189651489,
                    23.3351268768
                ],
                [
                    -18.5056152344,
                    39.2336425781,
                    -14.0381193161,
                    26.8247261047,
                    44.0982437134,
                    7.9281539917,
                    178.182693481,
                    3.00478887558,
                    37.5531082153,
                    -19.224275589,
                    0.0143853034824,
                    0.785508096218,
                    -14.6805763245
                ],
                [
                    -483.624603271,
                    -45.1639060974,
                    116.701156616,
                    -27.3260345459,
                    -22.2214756012,
                    32.4685935974,
                    3.00478887558,
                    208.615814209,
                    37.8843383789,
                    6.78189849854,
                    -0.535951137543,
                    -19.7345561981,
                    21.6113929749
                ],
                [
                    -78.7470245361,
                    18.6812667847,
                    -27.9221363068,
                    -33.8386306763,
                    -42.2757759094,
                    -45.6643409729,
                    37.5531082153,
                    37.8843383789,
                    130.124069214,
                    32.6133003235,
                    -12.6992616653,
                    0.66031140089,
                    -18.8698272705
                ],
                [
                    39.623046875,
                    -22.6811904907,
                    -3.30690288544,
                    -16.8426895142,
                    -44.9135322571,
                    -0.915774941444,
                    -19.224275589,
                    6.78189849854,
                    32.6133003235,
                    85.1793136597,
                    22.6950435638,
                    -4.54067993164,
                    -5.37447452545
                ],
                [
                    -173.456970215,
                    37.6177101135,
                    30.1904850006,
                    -16.7319145203,
                    15.7276229858,
                    7.77036428452,
                    0.0143853034824,
                    -0.535951137543,
                    -12.6992616653,
                    22.6950435638,
                    77.5333633423,
                    27.8860588074,
                    3.97939443588
                ],
                [
                    199.611099243,
                    -88.2179641724,
                    -78.5118713379,
                    44.9167747498,
                    -11.6571807861,
                    -19.6189651489,
                    0.785508096218,
                    -19.7345561981,
                    0.66031140089,
                    -4.54067993164,
                    27.8860588074,
                    85.6004104614,
                    5.97222089767
                ],
                [
                    -317.290924072,
                    86.4827194214,
                    81.9813613892,
                    -47.5972099304,
                    17.8441848755,
                    23.3351268768,
                    -14.6805763245,
                    21.6113929749,
                    -18.8698272705,
                    -5.37447452545,
                    3.97939443588,
                    5.97222089767,
                    82.0507507324
                ]
            ],
            "icov": [
                [
                    0.000107374769868,
                    -0.000343121442711,
                    0.000469525606604,
                    -0.000235473897192,
                    0.000210439699003,
                    -0.000241306261159,
                    5.47892268514e-05,
                    -0.000164210767252,
                    0.000311243755277,
                    -0.000245102477493,
                    0.000356762699084,
                    -0.000267692987109,
                    0.000304770568619
                ],
                [
                    -0.000343121442711,
                    0.0038235837128,
                    -0.00228483392857,
                    0.00224298727699,
                    -0.000502482929733,
                    0.000807677046396,
                    -0.000767507008277,
                    0.00249344157055,
                    -0.00261004432105,
                    0.00288008828647,
                    -0.0036687143147,
                    0.00375756528229,
                    -0.00319458870217
                ],
                [
                    0.000469525606604,
                    -0.00228483392857,
                    0.00449688453227,
                    -0.00251986109652,
                    0.00197696848772,
                    -0.00291240797378,
                    0.000798862427473,
                    -0.00147369003389,
                    0.00049912976101,
                    0.00020391747239,
                    -0.000754754059017,
                    0.00155697064474,
                    -0.000750079459976
                ],
                [
                    -0.000235473897192,
                    0.00224298727699,
                    -0.00251986109652,
                    0.00649553444237,
                    -0.00503180222586,
                    0.0046474901028,
                    -0.00130076904316,
                    -0.000154048699187,
                    0.00276420102455,
                    -0.00315973092802,
                    0.00406141160056,
                    -0.0042330250144,
                    0.00313130719587
                ],
                [
                    0.000210439699003,
                    -0.000502482929733,
                    0.00197696848772,
                    -0.00503180222586,
                    0.00957199558616,
                    -0.00693909917027,
                    0.000137123701279,
                    0.00233033276163,
                    -0.00398853886873,
                    0.00721218250692,
                    -0.00734696583822,
                    0.00683818617836,
                    -0.00483456905931
                ],
                [
                    -0.000241306261159,
                    0.000807677046396,
                    -0.00291240797378,
                    0.0046474901028,
                    -0.00693909917027,
                    0.0114734731615,
                    -0.00153744779527,
                    -0.00234762066975,
                    0.00596009334549,
                    -0.00649980921298,
                    0.00599881540984,
                    -0.00514221237972,
                    0.00343909510411
                ],
                [
                    5.47892268514e-05,
                    -0.000767507008277,
                    0.000798862427473,
                    -0.00130076904316,
                    0.000137123701279,
                    -0.00153744779527,
                    0.00719216233119,
                    3.89237684431e-05,
                    -0.00347820064053,
                    0.00310767814517,
                    -0.00178200821392,
                    0.000837447703816,
                    0.000581200816669
                ],
                [
                    -0.000164210767252,
                    0.00249344157055,
                    -0.00147369003389,
                    -0.000154048699187,
                    0.00233033276163,
                    -0.00234762066975,
                    3.89237684431e-05,
                    0.00833408720791,
                    -0.00583556341007,
                    0.00486964406446,
                    -0.00542526226491,
                    0.00580792501569,
                    -0.00509003642946
                ],
                [
                    0.000311243755277,
                    -0.00261004432105,
                    0.00049912976101,
                    0.00276420102455,
                    -0.00398853886873,
                    0.00596009334549,
                    -0.00347820064053,
                    -0.00583556341007,
                    0.01839857921,
                    -0.0130729759112,
                    0.0127001302317,
                    -0.0104763424024,
                    0.00866803340614
                ],
                [
                    -0.000245102477493,
                    0.00288008828647,
                    0.00020391747239,
                    -0.00315973092802,
                    0.00721218250692,
                    -0.00649980921298,
                    0.00310767814517,
                    0.00486964406446,
                    -0.0130729759112,
                    0.0260377060622,
                    -0.0178080908954,
                    0.0138064911589,
                    -0.00790892448276
                ],
                [
                    0.000356762699084,
                    -0.0036687143147,
                    -0.000754754059017,
                    0.00406141160056,
                    -0.00734696583822,
                    0.00599881540984,
                    -0.00178200821392,
                    -0.00542526226491,
                    0.0127001302317,
                    -0.0178080908954,
                    0.0315570011735,
                    -0.0203912742436,
                    0.0110664824024
                ],
                [
                    -0.000267692987109,
                    0.00375756528229,
                    0.00155697064474,
                    -0.0042330250144,
                    0.00683818617836,
                    -0.00514221237972,
                    0.000837447703816,
                    0.00580792501569,
                    -0.0104763424024,
                    0.0138064911589,
                    -0.0203912742436,
                    0.0292792059481,
                    -0.0130586940795
                ],
                [
                    0.000304770568619,
                    -0.00319458870217,
                    -0.000750079459976,
                    0.00313130719587,
                    -0.00483456905931,
                    0.00343909510411,
                    0.000581200816669,
                    -0.00509003642946,
                    0.00866803340614,
                    -0.00790892448276,
                    0.0110664824024,
                    -0.0130586940795,
                    0.0227063558996
                ]
            ],
            "mean": [
                -122.853965759,
                118.710494995,
                -56.8662033081,
                -8.07219791412,
                -41.0289039612,
                -18.6879329681,
                -11.8614759445,
                -24.0989208221,
                -12.2223749161,
                -13.5594596863,
                -12.4841022491,
                -8.34974575043,
                -8.01363182068
            ]
        },
        "hfc": {
            "dmean": 21.5436630249,
            "dmean2": 33.7138938904,
            "dvar": 1154.41625977,
            "dvar2": 2742.70507812,
            "max": 700.918029785,
            "mean": 74.4499206543,
            "median": 50.7681007385,
            "min": 1.10019342661e-16,
            "var": 6152.78955078
        },
        "melbands": {
            "dmean": [
                0.000113530993985,
                0.000430953776231,
                0.000557522871532,
                0.000582390290219,
                0.000631733506452,
                0.000479641224956,
                0.00031032084371,
                0.000176106696017,
                8.37660845718e-05,
                7.59388931328e-05,
                6.83323232806e-05,
                4.42961645604e-05,
                2.87160783046e-05,
                1.66314275702e-05,
                6.97830273566e-06,
                6.07461015534e-06,
                4.76609147881e-06,
                2.08065011975e-06,
                1.87520743111e-06,
                2.12915142583e-06,
                1.11520193968e-06,
                7.17472346423e-07,
