{
    "lowlevel": {
        "average_loudness": 0.879786372185,
        "barkbands": {
            "dmean": [
                0.000233716258663,
                0.00299512827769,
                0.00178146595135,
                0.000858025799971,
                0.000884467444848,
                0.00132243242115,
                0.000550432130694,
                0.000507655437104,
                0.000880952749867,
                0.000487656128826,
                0.000234206177993,
                0.000333319534548,
                0.00031848764047,
                0.000386434694519,
                0.000314698176226,
                0.000328302907292,
                0.000183980679139,
                0.000179892682354,
                8.18655607873e-05,
                0.000107153042336,
                8.39021740831e-05,
                8.5396655777e-05,
                0.000127813531435,
                0.000132501401822,
                8.5976862465e-05,
                2.63609672402e-05,
                3.54149824489e-06
            ],
            "dmean2": [
                0.000394422590034,
                0.00514093274251,
                0.00303232832812,
                0.00139234866947,
                0.00136931322049,
                0.00202222098596,
                0.000806033029221,
                0.000752734602429,
                0.00127412204165,
                0.000707455736119,
                0.000321554689435,
                0.000479447859107,
                0.000454718217952,
                0.00057550962083,
                0.000477924215375,
                0.000472821178846,
                0.000260550092207,
                0.000265557231614,
                0.000120859411254,
                0.000152845139382,
                0.0001245696767,
                0.000124315032735,
                0.000185803481145,
                0.000193992003915,
                0.000127856241306,
                4.09262393077e-05,
                5.88834245718e-06
            ],
            "dvar": [
                6.93102663263e-07,
                3.58534307452e-05,
                2.49893528235e-05,
                4.84728434458e-06,
                2.86769613922e-06,
                8.03684542916e-06,
                4.9519426284e-06,
                2.23772576646e-06,
                5.90169111092e-06,
                3.72181762032e-06,
                6.63219395847e-07,
                1.7342430283e-06,
                1.65235223903e-06,
                2.20121773964e-06,
                1.12455836643e-06,
                1.28963745283e-06,
                3.71990694248e-07,
                1.59937656008e-07,
                5.19359204532e-08,
                8.41471674562e-08,
                5.54644401518e-08,
                1.01268803121e-07,
                2.97349032508e-07,
                3.57071883172e-07,
                1.3812582722e-07,
                1.1407914613e-08,
                2.85131224187e-10
            ],
            "dvar2": [
                1.7346135337e-06,
                0.000100510325865,
                7.07714934833e-05,
                1.23261315821e-05,
                6.81775509292e-06,
                1.78576756298e-05,
                1.02235808299e-05,
                4.30958971265e-06,
                1.26899994939e-05,
                7.39152937967e-06,
                1.11330405161e-06,
                3.26121062244e-06,
                3.07057530335e-06,
                4.70801569463e-06,
                2.39075916397e-06,
                2.63489687313e-06,
                7.05599632056e-07,
                3.47881353946e-07,
                1.11641696776e-07,
                1.72416633859e-07,
                1.23794407614e-07,
                2.05696821354e-07,
                6.62846389332e-07,
                6.75608191614e-07,
                2.70899732868e-07,
                2.70076991882e-08,
                7.21499582301e-10
            ],
            "max": [
                0.0126306721941,
                0.0753082185984,
                0.0654365867376,
                0.0340883210301,
                0.0290450528264,
                0.0526490882039,
                0.0550967976451,
                0.0560990683734,
                0.0653773397207,
                0.100911997259,
                0.0312814861536,
                0.0496156066656,
                0.0369740761817,
                0.040134690702,
                0.0277601853013,
                0.0389045774937,
                0.01873854734,
                0.0130647877231,
                0.00617681862786,
                0.0104665895924,
                0.00558243738487,
                0.0143245952204,
                0.0127029856667,
                0.0179456993937,
                0.00983199756593,
                0.00189226155635,
                0.000284071720671
            ],
            "mean": [
                0.000244973547524,
                0.00522884912789,
                0.00291092297994,
                0.00116003572475,
                0.00190197431948,
                0.00279160146601,
                0.00111609662417,
                0.000987990410067,
                0.00205206661485,
                0.000971279805526,
                0.000551407923922,
                0.000648921646643,
                0.000648819783237,
                0.000644825282507,
                0.00051151093794,
                0.000592640601099,
                0.000415295391576,
                0.000375532719772,
                0.000160866606166,
                0.000241320594796,
                0.000134047615575,
                0.000116618815809,
                0.000183778014616,
                0.000200998823857,
                0.000106661289465,
                2.54258939094e-05,
                2.89218132821e-06
            ],
            "median": [
                2.13685871131e-05,
                0.00208359677345,
                0.000707367784344,
                0.000308542628773,
                0.000988855957985,
                0.0011586882174,
                0.000243813497946,
                0.00034680753015,
                0.000541018962394,
                0.000257467356278,
                9.66806328506e-05,
                0.000183927622857,
                0.00012326479191,
                9.42860278883e-05,
                0.000171399195096,
                0.000126694503706,
                9.16512799449e-05,
                0.00010520718206,
                5.43450878467e-05,
                5.49626201973e-05,
                2.82086402876e-05,
                8.60869204189e-06,
                1.42869912452e-05,
                1.28973751998e-05,
                5.93519325776e-06,
                7.38697565339e-07,
                8.78775239244e-08
            ],
            "min": [
                1.05320198228e-24,
                8.7948287943e-25,
                1.78150257815e-25,
                1.28795663388e-24,
                9.55975960396e-24,
                5.73319848442e-24,
                5.04980315463e-24,
                1.00889109331e-23,
                1.85438416515e-23,
                1.89594198872e-23,
                1.76051744826e-23,
                2.60177654584e-23,
                2.83830765303e-23,
                2.91876483893e-23,
                5.04624128987e-23,
                5.26039872406e-23,
                6.85929135239e-23,
                7.88974627409e-23,
                1.03214901627e-22,
                1.82738139325e-22,
                2.48253138478e-22,
                3.44316706766e-22,
                4.05690766768e-22,
                5.95331085604e-22,
                9.36595443402e-22,
                1.20660953083e-21,
                1.97394374724e-21
            ],
            "var": [
                6.210955803e-07,
                5.41011322639e-05,
                2.95661993732e-05,
                5.79146808377e-06,
                7.98340806796e-06,
                1.85178178072e-05,
                1.10487144411e-05,
                6.01456167715e-06,
                2.01341044885e-05,
                8.11279187474e-06,
                2.94566825687e-06,
                4.78698393636e-06,
                7.38957760404e-06,
                5.57179555472e-06,
                2.02395472115e-06,
                2.9724160413e-06,
                1.37852657645e-06,
                4.9211894293e-07,
                1.25935187612e-07,
                2.68225051059e-07,
                1.02308682415e-07,
                2.3184064446e-07,
                6.59542365611e-07,
                9.42356507494e-07,
                2.64241521108e-07,
                1.20915606416e-08,
                2.21975132719e-10
            ]
        },
        "barkbands_crest": {
            "dmean": 2.24376654625,
            "dmean2": 3.62309980392,
            "dvar": 4.97526741028,
            "dvar2": 12.9029445648,
            "max": 25.7003707886,
            "mean": 10.3632001877,
            "median": 9.56901454926,
            "min": 2.56743478775,
            "var": 16.6875419617
        },
        "barkbands_flatness_db": {
            "dmean": 0.022374773398,
            "dmean2": 0.0325206331909,
            "dvar": 0.000571196549572,
            "dvar2": 0.00120676273946,
            "max": 0.410186260939,
            "mean": 0.162647798657,
            "median": 0.157422244549,
            "min": 0.023176189512,
            "var": 0.00314018828794
        },
        "barkbands_kurtosis": {
            "dmean": 2.56488204002,
            "dmean2": 3.99671626091,
            "dvar": 35.2990264893,
            "dvar2": 83.964630127,
            "max": 184.609909058,
            "mean": 3.85339832306,
            "median": 1.53718996048,
            "min": -1.95178127289,
            "var": 79.5613250732
        },
        "barkbands_skewness": {
            "dmean": 0.504698753357,
            "dmean2": 0.750194847584,
            "dvar": 0.430418014526,
            "dvar2": 0.919912576675,
            "max": 11.2932405472,
            "mean": 1.27190554142,
            "median": 1.21322309971,
            "min": -9.19716072083,
            "var": 1.87669444084
        },
        "barkbands_spread": {
            "dmean": 5.4804930687,
            "dmean2": 8.32359600067,
            "dvar": 80.3347320557,
            "dvar2": 170.589096069,
            "max": 117.360099792,
            "mean": 20.1755180359,
            "median": 16.8182640076,
            "min": 0.609406113625,
            "var": 222.908081055
        },
        "dissonance": {
            "dmean": 0.0202318914235,
            "dmean2": 0.0332584306598,
            "dvar": 0.000468869402539,
            "dvar2": 0.00119920819998,
            "max": 0.500000059605,
            "mean": 0.448562800884,
            "median": 0.457934528589,
            "min": 0.201076194644,
            "var": 0.00156787689775
        },
        "dynamic_complexity": 3.84033703804,
        "erbbands": {
            "dmean": [
                0.0693461224437,
                0.758183956146,
                2.00851869583,
                2.62004590034,
                1.92106342316,
                2.83632493019,
                8.46399688721,
                11.8549766541,
                9.37230968475,
                6.65479183197,
                12.1417264938,
                18.907169342,
                17.4109687805,
                11.020866394,
                9.52707862854,
                10.8206272125,
                12.0954332352,
                14.1139316559,
                18.8704166412,
                14.6530866623,
                15.8473930359,
                10.3485269547,
                9.51295471191,
                6.06109952927,
                3.08336400986,
                4.99113988876,
                4.33507442474,
                2.53912949562,
                3.20594477654,
                2.78036642075,
                4.02764034271,
                3.08148813248,
                2.05908226967,
                1.22645568848,
                0.45402815938,
                0.158683001995,
                0.039781216532,
                0.00717257335782,
                0.000549825024791,
                3.7651607272e-05
            ],
            "dmean2": [
                0.117644570768,
                1.30909729004,
                3.42982649803,
                4.36221313477,
                3.0186085701,
                4.46194601059,
                12.6298093796,
                18.3200759888,
                13.6703586578,
                9.53888034821,
                17.3256149292,
                27.1147174835,
                24.8966217041,
                15.3168582916,
                13.0706729889,
                15.1995277405,
                17.1661529541,
                20.3460655212,
                27.2121448517,
                21.6842384338,
                22.6314525604,
                14.1401576996,
                13.8662576675,
                8.83048629761,
                4.31852960587,
                7.08681344986,
                6.34470033646,
                3.7049536705,
                4.76019430161,
                4.02951431274,
                5.82377052307,
                4.50372457504,
                3.0096309185,
                1.78815889359,
                0.691994488239,
                0.243555009365,
                0.0629087015986,
                0.0116623556241,
                0.000906908826437,
                6.08864611422e-05
            ],
            "dvar": [
                0.023748235777,
                2.34390592575,
                27.5113792419,
                53.3326873779,
                16.6703414917,
                33.4072151184,
                299.835144043,
                803.754394531,
                1383.07324219,
                760.925415039,
                975.125061035,
                3198.07226562,
                3273.82421875,
                1574.86694336,
                1040.86352539,
                1913.62670898,
                2085.49365234,
                2419.00415039,
                6740.51855469,
                1611.56018066,
                2425.20556641,
                788.32434082,
                455.557830811,
                300.59463501,
                73.6288452148,
                176.222961426,
                135.696624756,
                69.8685913086,
                142.917175293,
                123.606399536,
                301.977600098,
                199.75189209,
                86.6390228271,
                33.1394309998,
                3.4891295433,
                0.427732586861,
                0.0273735970259,
                0.000947684282437,
                6.81582923789e-06,
                2.29996768297e-08
            ],
            "dvar2": [
                0.0657616406679,
                6.63981962204,
                77.1993942261,
                143.282699585,
                40.9778518677,
                82.455406189,
                681.257568359,
                1826.59094238,
                2787.47119141,
                1582.80273438,
                1922.95727539,
                6717.74511719,
                6900.25244141,
                3010.54443359,
                1732.97827148,
                3569.26489258,
                3974.4831543,
                4893.34863281,
                13347.7900391,
                3352.84228516,
                4823.14257812,
                1473.0168457,
                977.182250977,
                669.591064453,
                150.26399231,
                367.141021729,
                298.826538086,
                146.342300415,
                303.515075684,
                251.7706604,
                669.890380859,
                391.509552002,
                165.707321167,
                62.8776893616,
                7.52271318436,
                0.98386156559,
                0.066466704011,
                0.00234971172176,
                1.73038497451e-05,
                5.85767985228e-08
            ],
            "max": [
                2.31784486771,
                17.3071060181,
                59.1876602173,
                110.171562195,
                68.3273620605,
                93.7510452271,
                386.787078857,
                522.966369629,
                1004.65008545,
                1303.39477539,
                1156.71923828,
                1734.75927734,
                1944.20361328,
                2009.74401855,
                1217.13366699,
                1292.57421875,
                1441.68286133,
                1923.62121582,
                3478.20776367,
                1290.40759277,
                1255.39086914,
                912.051391602,
                754.101745605,
                746.453308105,
                267.264526367,
                469.555786133,
                264.268859863,
                194.969238281,
                448.9480896,
                375.416748047,
                457.911346436,
                383.783325195,
                293.485809326,
                171.10848999,
                38.039264679,
                15.9834699631,
                2.83547735214,
                0.478336125612,
                0.0467482097447,
                0.00259347842075
            ],
            "mean": [
                0.126368775964,
                1.26235508919,
                3.54675841331,
                3.57887578011,
                3.48774313927,
                5.6838350296,
                18.5435295105,
                24.8581867218,
                19.862285614,
                13.8884754181,
                26.1568927765,
                44.071182251,
                38.8243331909,
                25.040397644,
                23.6056175232,
                23.0738430023,
                28.740064621,
                27.8694343567,
                33.9088745117,
                27.7015228271,
                32.504070282,
                25.4161605835,
                21.4612407684,
                13.1487016678,
                7.01951217651,
                11.2718248367,
                8.59613513947,
                3.87559604645,
                4.26227855682,
                3.9645986557,
                5.80269908905,
                4.64981985092,
                3.00942897797,
                1.64101862907,
                0.500327050686,
                0.158462792635,
                0.0375634469092,
                0.00638637831435,
                0.000471082428703,
                5.51902121515e-05
            ],
            "median": [
                0.0313829891384,
                0.5075045228,
                1.05595934391,
                1.17096018791,
                1.2176232338,
                2.79560685158,
                8.01954936981,
                8.80604457855,
                5.43779039383,
                5.17667007446,
                9.65067768097,
                11.3423013687,
                13.6567687988,
                8.57537746429,
                7.08505773544,
                7.04234313965,
                6.2408041954,
                5.25575256348,
                7.42236375809,
                10.2657308578,
                7.48233652115,
                6.49055194855,
                6.3005657196,
                4.32428264618,
                2.59418392181,
                2.59287428856,
                2.0985519886,
                0.81746840477,
                0.356543123722,
                0.28772315383,
                0.435448795557,
                0.318070322275,
                0.194244101644,
                0.102223686874,
                0.0199696291238,
                0.00411815522239,
                0.00118701718748,
                0.00024276250042,
                3.03542001348e-05,
                2.79067880911e-05
            ],
            "min": [
                3.97375365033e-23,
                2.61031372478e-22,
                7.74755314929e-22,
                4.43544099532e-21,
                1.81958360544e-20,
                2.3198131645e-20,
                2.09959716749e-20,
                6.3733871994e-20,
                1.08934542644e-19,
                1.37126525206e-19,
                2.57782514397e-19,
                4.06065987081e-19,
                6.95509589057e-19,
                8.64598179261e-19,
                1.05515624226e-18,
                1.59869724316e-18,
                1.4589948129e-18,
                2.14093388362e-18,
                2.4736126911e-18,
                3.30953908427e-18,
                4.24250348267e-18,
                5.59240558048e-18,
                4.79157273839e-18,
                5.24139231472e-18,
                6.06838184856e-18,
                9.09962449434e-18,
                8.54222718421e-18,
                1.09709742193e-17,
                1.20211792686e-17,
                1.21750282451e-17,
                1.08993420326e-17,
                1.08780181436e-17,
                1.0156673636e-17,
                8.87263620808e-18,
                6.35350232031e-18,
                3.83442964389e-18,
                2.51304852681e-18,
                8.50035147589e-19,
                2.61778365443e-19,
                2.72966564839e-20
            ],
            "var": [
                0.0378822535276,
                3.33805775642,
                36.944896698,
                52.7390899658,
                31.7156505585,
                75.5095672607,
                819.788452148,
                1857.59631348,
                3309.0637207,
                1564.38952637,
                2982.19824219,
                11096.0390625,
                7861.97509766,
                4540.0078125,
                4377.046875,
                5573.48144531,
                12145.1826172,
                8027.36767578,
                16149.0849609,
                3864.05395508,
                6864.20263672,
                3426.77661133,
                1588.26574707,
                664.392456055,
                209.644973755,
                559.403442383,
                317.098419189,
                138.310379028,
                294.25177002,
                294.07244873,
                679.127624512,
                501.052124023,
                221.244308472,
                68.7327957153,
                5.30244255066,
                0.51099807024,
                0.0269232373685,
                0.000812184007373,
                5.3226590353e-06,
                1.9193830525e-08
            ]
        },
        "erbbands_crest": {
            "dmean": 2.27758622169,
            "dmean2": 3.57087492943,
            "dvar": 5.37130403519,
            "dvar2": 12.8910179138,
            "max": 28.7008800507,
            "mean": 9.56096744537,
            "median": 8.52809810638,
            "min": 2.28078699112,
            "var": 18.4699420929
        },
        "erbbands_flatness_db": {
            "dmean": 0.02115618065,
            "dmean2": 0.0283311288804,
            "dvar": 0.000538449326996,
            "dvar2": 0.000968273612671,
            "max": 0.376790881157,
            "mean": 0.187561482191,
            "median": 0.187800481915,
            "min": 0.0402284041047,
            "var": 0.0030018708203
        },
        "erbbands_kurtosis": {
            "dmean": 0.934892833233,
            "dmean2": 1.41820132732,
            "dvar": 5.9626455307,
            "dvar2": 12.1978664398,
            "max": 98.7808303833,
            "mean": 0.587275803089,
            "median": -0.181926012039,
            "min": -1.82187080383,
            "var": 12.4394044876
        },
        "erbbands_skewness": {
            "dmean": 0.350290507078,
            "dmean2": 0.514464616776,
            "dvar": 0.181467056274,
            "dvar2": 0.355386286974,
            "max": 6.7055439949,
            "mean": 0.175639808178,
            "median": 0.224983245134,
            "min": -8.10487365723,
            "var": 0.760217785835
        },
        "erbbands_spread": {
            "dmean": 7.44342565536,
            "dmean2": 11.0724582672,
            "dvar": 108.155456543,
            "dvar2": 244.339157104,
            "max": 150.546966553,
            "mean": 33.7982788086,
            "median": 30.8828678131,
            "min": 1.92945086956,
            "var": 323.948120117
        },
        "gfcc": {
            "cov": [
                [
                    20080.6972656,
                    213.042160034,
                    -1069.98095703,
                    1109.03991699,
                    -922.034423828,
                    461.507446289,
                    -586.398193359,
                    535.17401123,
                    -226.632385254,
                    77.2320327759,
                    -41.8901863098,
                    6.51378202438,
                    31.2599220276
                ],
                [
                    213.042160034,
                    2587.71948242,
                    -336.085876465,
                    -279.581176758,
                    568.390075684,
                    -382.248779297,
                    258.966583252,
                    -106.580368042,
                    96.1146850586,
                    -173.483261108,
                    133.276092529,
                    -215.812332153,
                    86.1182403564
                ],
                [
                    -1069.98095703,
                    -336.085876465,
                    1463.00317383,
                    254.731674194,
                    75.2984619141,
                    315.109954834,
                    -18.0538959503,
                    1.819652915,
                    79.196472168,
                    33.4406089783,
                    -139.232009888,
                    106.029327393,
                    -180.145248413
                ],
                [
                    1109.03991699,
                    -279.581176758,
                    254.731674194,
                    627.865539551,
                    -7.03576421738,
                    108.662246704,
                    -41.9672203064,
                    94.7894210815,
                    92.4681243896,
                    -19.1342105865,
                    -23.0686149597,
                    35.2449836731,
                    -13.5631122589
                ],
                [
                    -922.034423828,
                    568.390075684,
                    75.2984619141,
                    -7.03576421738,
                    436.791687012,
                    -30.4451160431,
                    166.493377686,
                    -23.996131897,
                    44.7201690674,
                    -13.6082277298,
                    -13.3156480789,
                    -67.0021209717,
                    -29.9739074707
                ],
                [
                    461.507446289,
                    -382.248779297,
                    315.109954834,
                    108.662246704,
                    -30.4451160431,
                    405.026367188,
                    39.2906150818,
                    30.0847759247,
                    -8.07290267944,
                    64.1562957764,
                    -35.4975700378,
                    -7.4260392189,
                    -87.0909500122
                ],
                [
                    -586.398193359,
                    258.966583252,
                    -18.0538959503,
                    -41.9672203064,
                    166.493377686,
                    39.2906150818,
                    282.553955078,
                    -14.1315259933,
                    11.5834531784,
                    43.2102394104,
                    26.0612545013,
                    -41.1889152527,
                    -24.6813201904
                ],
                [
                    535.17401123,
                    -106.580368042,
                    1.819652915,
                    94.7894210815,
                    -23.996131897,
                    30.0847759247,
                    -14.1315259933,
                    174.696975708,
                    33.5921783447,
                    11.5810527802,
                    55.6339149475,
                    -4.51002216339,
                    45.8658294678
                ],
                [
                    -226.632385254,
                    96.1146850586,
                    79.196472168,
                    92.4681243896,
                    44.7201690674,
                    -8.07290267944,
                    11.5834531784,
                    33.5921783447,
                    170.19303894,
                    9.40860843658,
                    3.75820207596,
                    33.7406272888,
                    8.04099273682
                ],
                [
                    77.2320327759,
                    -173.483261108,
                    33.4406089783,
                    -19.1342105865,
                    -13.6082277298,
                    64.1562957764,
                    43.2102394104,
                    11.5810527802,
                    9.40860843658,
                    126.58380127,
                    16.2398796082,
                    12.400343895,
                    -9.38490390778
                ],
                [
                    -41.8901863098,
                    133.276092529,
                    -139.232009888,
                    -23.0686149597,
                    -13.3156480789,
                    -35.4975700378,
                    26.0612545013,
                    55.6339149475,
                    3.75820207596,
                    16.2398796082,
                    180.04649353,
                    -17.1557044983,
                    74.7870788574
                ],
                [
                    6.51378202438,
                    -215.812332153,
                    106.029327393,
                    35.2449836731,
                    -67.0021209717,
                    -7.4260392189,
                    -41.1889152527,
                    -4.51002216339,
                    33.7406272888,
                    12.400343895,
                    -17.1557044983,
                    155.705505371,
                    2.81419348717
                ],
                [
                    31.2599220276,
                    86.1182403564,
                    -180.145248413,
                    -13.5631122589,
                    -29.9739074707,
                    -87.0909500122,
                    -24.6813201904,
                    45.8658294678,
                    8.04099273682,
                    -9.38490390778,
                    74.7870788574,
                    2.81419348717,
                    151.910461426
                ]
            ],
            "icov": [
                [
                    0.000152789041749,
                    -0.000355320400558,
                    0.000241801681113,
                    -0.000403437647037,
                    0.00044792148401,
                    -0.00035062871757,
                    0.000353982060915,
                    -0.000602709420491,
                    0.000550680735614,
                    -0.000585137167946,
                    0.00042447616579,
                    -0.000351024733391,
                    0.00027979555307
                ],
                [
                    -0.000355320400558,
                    0.00176093832124,
                    -0.000611085328273,
                    0.00123579800129,
                    -0.00183934730012,
                    0.00130304752383,
                    -0.00118307827506,
                    0.00195422023535,
                    -0.00200523505919,
                    0.00247766589746,
                    -0.0016642997507,
                    0.00167618249543,
                    -0.000890112249181
                ],
                [
                    0.000241801681113,
                    -0.000611085328273,
                    0.00145141663961,
                    -0.000844595953822,
                    0.00036873613135,
                    -0.00124271330424,
                    0.000878410879523,
                    -0.00105864356738,
                    0.000685238570441,
                    -0.000978419440798,
                    0.000939926656429,
                    -0.00134241394699,
                    0.00123051239643
                ],
                [
                    -0.000403437647037,
                    0.00123579800129,
                    -0.000844595953822,
                    0.00324326008558,
                    -0.00144030724186,
                    0.000617057143245,
                    -0.000850163807627,
                    0.000779263325967,
                    -0.00257531693205,
                    0.00257416046225,
                    -0.00108836102299,
                    0.0010260354029,
                    -0.000821250898298
                ],
                [
                    0.00044792148401,
                    -0.00183934730012,
                    0.00036873613135,
                    -0.00144030724186,
                    0.00558480340987,
                    -0.000731751206331,
                    -0.000759774527978,
                    -0.0020102977287,
                    0.00125225575175,
                    -0.00195871153846,
                    0.00221085222438,
                    -0.000276737642707,
                    0.00115459784865
                ],
                [
                    -0.00035062871757,
                    0.00130304752383,
                    -0.00124271330424,
                    0.000617057143245,
                    -0.000731751206331,
                    0.00494105648249,
                    -0.00167438201606,
                    0.000871052558068,
                    -0.00103313208092,
                    0.000396154820919,
                    -0.00112543883733,
                    0.00208671437576,
                    0.000662734266371
                ],
                [
                    0.000353982060915,
                    -0.00118307827506,
                    0.000878410879523,
                    -0.000850163807627,
                    -0.000759774527978,
                    -0.00167438201606,
                    0.0063688470982,
                    -0.00115929637104,
                    0.00139319174923,
                    -0.00342855905183,
                    0.000157906441018,
                    -0.000854331301525,
                    0.00149108958431
                ],
                [
                    -0.000602709420491,
                    0.00195422023535,
                    -0.00105864356738,
                    0.000779263325967,
                    -0.0020102977287,
                    0.000871052558068,
                    -0.00115929637104,
                    0.0105394339189,
                    -0.00370018184185,
                    0.00249737501144,
                    -0.00393491843715,
                    0.00268061552197,
                    -0.00319974147715
                ],
                [
                    0.000550680735614,
                    -0.00200523505919,
                    0.000685238570441,
                    -0.00257531693205,
                    0.00125225575175,
                    -0.00103313208092,
                    0.00139319174923,
                    -0.00370018184185,
                    0.00990533549339,
                    -0.00371572282165,
                    0.00205467059277,
                    -0.00357557227835,
                    0.000905280641746
                ],
                [
                    -0.000585137167946,
                    0.00247766589746,
                    -0.000978419440798,
                    0.00257416046225,
                    -0.00195871153846,
                    0.000396154820919,
                    -0.00342855905183,
                    0.00249737501144,
                    -0.00371572282165,
                    0.013325419277,
                    -0.00329894735478,
                    0.00128330546431,
                    -0.00106481229886
                ],
                [
                    0.00042447616579,
                    -0.0016642997507,
                    0.000939926656429,
                    -0.00108836102299,
                    0.00221085222438,
                    -0.00112543883733,
                    0.000157906441018,
                    -0.00393491843715,
                    0.00205467059277,
                    -0.00329894735478,
                    0.00967425759882,
                    -0.000969953835011,
                    -0.00217901053838
                ],
                [
                    -0.000351024733391,
                    0.00167618249543,
                    -0.00134241394699,
                    0.0010260354029,
                    -0.000276737642707,
                    0.00208671437576,
                    -0.000854331301525,
                    0.00268061552197,
                    -0.00357557227835,
                    0.00128330546431,
                    -0.000969953835011,
                    0.00986931286752,
                    -0.00162151490804
                ],
                [
                    0.00027979555307,
                    -0.000890112249181,
                    0.00123051239643,
                    -0.000821250898298,
                    0.00115459784865,
                    0.000662734266371,
                    0.00149108958431,
                    -0.00319974147715,
                    0.000905280641746,
                    -0.00106481229886,
                    -0.00217901053838,
                    -0.00162151490804,
                    0.0112209534273
                ]
            ],
            "mean": [
                -48.9882965088,
                109.000709534,
                -126.229522705,
                25.1209640503,
                -52.32629776,
                8.24840450287,
                -34.6864318848,
                11.096452713,
                -14.7061338425,
                -1.95199894905,
                -8.3016204834,
                -3.55197286606,
                0.23760035634
            ]
        },
        "hfc": {
            "dmean": 6.65787267685,
            "dmean2": 9.20300197601,
            "dvar": 191.021270752,
            "dvar2": 366.702087402,
            "max": 340.115264893,
            "mean": 20.4707565308,
            "median": 12.2540578842,
            "min": 1.06104230647e-16,
            "var": 684.610778809
        },
        "melbands": {
            "dmean": [
                0.000726532714907,
                0.00103113148361,
                0.000419654534198,
                0.000142917197081,
                0.000265869719442,
                0.000259434775217,
                0.000129973341245,
                8.07855903986e-05,
                0.000106495863292,
                0.000126287224703,
                9.02738029254e-05,
                5.09208875883e-05,
                3.03916494886e-05,
                3.49118199665e-05,
                3.09755196213e-05,
                2.9852908483e-05,
                2.94613946608e-05,
                3.58581200999e-05,
                2.21382833843e-05,
                2.38234260905e-05,
                1.80024417205e-05,
                1.29911686599e-05,
                7.52526966608e-06,
                9.72066027316e-06,
                5.11910184287e-06,
                2.54908081843e-06,
                2.50924585998e-06,
