{
    "lowlevel": {
        "average_loudness": 0.944689512253,
        "barkbands": {
            "dmean": [
                0.00161254429258,
                0.0125620095059,
                0.00758590735495,
                0.00220338720828,
                0.00216262694448,
                0.00142581318505,
                0.000360837904736,
                0.000407307437854,
                0.000504892494064,
                0.000385121413274,
                0.00048780196812,
                0.000366808875697,
                0.000335392920533,
                0.000226050746278,
                0.000220641246415,
                0.00029612731305,
                0.00022531596187,
                0.000236954132561,
                0.000211482023587,
                0.000229652810958,
                0.000197034692974,
                0.000133295645355,
                0.000221708527533,
                0.000180287883268,
                0.000105038045149,
                2.72656943707e-05,
                1.29618558731e-06
            ],
            "dmean2": [
                0.00232511409558,
                0.0178056601435,
                0.0136967627332,
                0.00409358274192,
                0.00377498404123,
                0.0024910280481,
                0.000633359071799,
                0.000683292688336,
                0.00083676551003,
                0.000625364831649,
                0.000699289841577,
                0.000562689907383,
                0.000517771870364,
                0.000355875527021,
                0.000350430666003,
                0.000458709400846,
                0.000345012784237,
                0.000367790577002,
                0.000333121046424,
                0.000351837894414,
                0.000304876506561,
                0.000214321335079,
                0.000391997484257,
                0.000306080037262,
                0.000167855352629,
                4.33760869782e-05,
                2.13423231799e-06
            ],
            "dvar": [
                9.18340265343e-06,
                0.000666555191856,
                0.000655941606965,
                5.96043901169e-05,
                4.15658432757e-05,
                1.32272352857e-05,
                8.86483974227e-07,
                1.65852145528e-06,
                1.56646183314e-06,
                1.06810693978e-06,
                1.75342506736e-06,
                1.02801186586e-06,
                7.6032955576e-07,
                3.36310250759e-07,
                3.07486601514e-07,
                4.72004700214e-07,
                2.85098167296e-07,
                2.83868814677e-07,
                2.68726807917e-07,
                1.96297563093e-07,
                1.75809717007e-07,
                8.38207938614e-08,
                1.66019148651e-07,
                9.98624329895e-08,
                4.88190039505e-08,
                4.73644723442e-09,
                1.24929424444e-11
            ],
            "dvar2": [
                2.33893661061e-05,
                0.00153450516518,
                0.00183610385284,
                0.000173623644514,
                0.000116606475785,
                3.59552250302e-05,
                2.38981942857e-06,
                4.20589094574e-06,
                3.88175294574e-06,
                2.53012649409e-06,
                3.37496680913e-06,
                2.25678741117e-06,
                1.80281131179e-06,
                7.74294278472e-07,
                7.14610109753e-07,
                1.0556258303e-06,
                6.13448435161e-07,
                6.28451800821e-07,
                6.23551272838e-07,
                4.45438871566e-07,
                3.90267246075e-07,
                1.88784511579e-07,
                4.22275718392e-07,
                2.44147003059e-07,
                1.09471109511e-07,
                1.08884261607e-08,
                3.02424439658e-11
            ],
            "max": [
                0.0304348319769,
                0.201126292348,
                0.171938359737,
                0.0599377900362,
                0.0612890794873,
                0.0398441664875,
                0.0160257350653,
                0.0222343783826,
                0.019632935524,
                0.0191706866026,
                0.0190405212343,
                0.016628343612,
                0.0247967801988,
                0.0121701806784,
                0.0131953051314,
                0.00829948764294,
                0.00940668955445,
                0.00675862748176,
                0.00621269550174,
                0.00651900051162,
                0.00927630346268,
                0.00551646621898,
                0.00322998734191,
                0.0031519907061,
                0.00297992886044,
                0.00109465280548,
                8.89594302862e-05
            ],
            "mean": [
                0.00796551443636,
                0.0462202243507,
                0.00598731264472,
                0.00163308903575,
                0.00182358257007,
                0.0011666843202,
                0.000288837996777,
                0.000354057730874,
                0.000498670095112,
                0.000380056881113,
                0.000626147550065,
                0.000366501626559,
                0.000392620684579,
                0.000249902746873,
                0.000228701086598,
                0.000319359824061,
                0.000273392739473,
                0.000270574557362,
                0.000236199368373,
                0.000275928381598,
                0.000241349000135,
                0.000125340404338,
                0.000157534639584,
                0.000152286345838,
                0.000116700844956,
                3.04655877699e-05,
                1.53616224452e-06
            ],
            "median": [
                0.00536542898044,
                0.0495332702994,
                0.000274823687505,
                0.000143861660035,
                0.000219268607907,
                0.00011612054368,
                3.40062761097e-05,
                4.51824271295e-05,
                4.70192899229e-05,
                2.19924477278e-05,
                2.73650730378e-05,
                2.07939756365e-05,
                1.95078500838e-05,
                2.10948837776e-05,
                2.07329940167e-05,
                2.21090340347e-05,
                1.76329704118e-05,
                2.15422551264e-05,
                2.69707452389e-05,
                4.15135255025e-05,
                4.90388738399e-05,
                1.92092484212e-05,
                5.98484029979e-06,
                1.49419374793e-05,
                1.7573533114e-05,
                3.20510594065e-06,
                2.17935607338e-07
            ],
            "min": [
                2.09197727633e-24,
                2.43500653843e-24,
                3.76123515355e-24,
                2.86824520049e-24,
                1.40167030227e-23,
                1.7630296547e-23,
                1.31660750975e-23,
                2.09739876234e-23,
                1.46375128893e-23,
                1.66661302383e-23,
                1.80133011383e-23,
                4.53459651971e-23,
                4.26851626073e-23,
                5.55946946164e-23,
                6.92841260708e-23,
                1.03957547905e-22,
                1.25628673998e-22,
                1.26929196398e-22,
                1.86810239318e-22,
                2.41456085727e-22,
                2.49448395278e-22,
                2.9481908022e-22,
                5.20009889067e-22,
                7.02657770082e-22,
                9.84313525963e-22,
                1.33187306952e-21,
                2.14683620827e-21
            ],
            "var": [
                7.10677923053e-05,
                0.00175125978421,
                0.000403033889597,
                3.41185877915e-05,
                2.76660066447e-05,
                9.44082421483e-06,
                6.50455774576e-07,
                1.44483192344e-06,
                1.64230095834e-06,
                1.29265526994e-06,
                3.37885967383e-06,
                1.34733568302e-06,
                1.15307864235e-06,
                5.13228371801e-07,
                3.68871127421e-07,
                5.998922461e-07,
                4.48822731869e-07,
                3.78202116735e-07,
                2.98031267221e-07,
                2.64342020273e-07,
                2.33507051917e-07,
                1.03629034243e-07,
                1.37645827181e-07,
                1.00109168955e-07,
                7.07640310793e-08,
                6.96135504796e-09,
                1.43445359757e-11
            ]
        },
        "barkbands_crest": {
            "dmean": 2.77003216743,
            "dmean2": 4.23527765274,
            "dvar": 11.4544868469,
            "dvar2": 24.8994808197,
            "max": 26.4759426117,
            "mean": 16.5308609009,
            "median": 18.1381912231,
            "min": 2.27959561348,
            "var": 36.2527084351
        },
        "barkbands_flatness_db": {
            "dmean": 0.0568252615631,
            "dmean2": 0.0731824189425,
            "dvar": 0.00379839702509,
            "dvar2": 0.00578778982162,
            "max": 0.67742151022,
            "mean": 0.267887294292,
            "median": 0.244817778468,
            "min": 0.033803589642,
            "var": 0.0162106733769
        },
        "barkbands_kurtosis": {
            "dmean": 49.2754745483,
            "dmean2": 78.4354553223,
            "dvar": 13628.7753906,
            "dvar2": 31233.8339844,
            "max": 2831.98754883,
            "mean": 63.8963356018,
            "median": 15.2553024292,
            "min": -1.94827651978,
            "var": 20368.6464844
        },
        "barkbands_skewness": {
            "dmean": 2.15126776695,
            "dmean2": 3.32747626305,
            "dvar": 7.95018339157,
            "dvar2": 18.6133670807,
            "max": 38.1038703918,
            "mean": 4.2663936615,
            "median": 3.30708646774,
            "min": -6.5073466301,
            "var": 18.9648666382
        },
        "barkbands_spread": {
            "dmean": 7.63072490692,
            "dmean2": 11.8394260406,
            "dvar": 109.198646545,
            "dvar2": 247.940795898,
            "max": 110.373657227,
            "mean": 13.707608223,
            "median": 9.35147285461,
            "min": 0.035044837743,
            "var": 212.345947266
        },
        "dissonance": {
            "dmean": 0.0235881321132,
            "dmean2": 0.0386449620128,
            "dvar": 0.00063679163577,
            "dvar2": 0.00163629325107,
            "max": 0.500000059605,
            "mean": 0.461248576641,
            "median": 0.470739245415,
            "min": 0.250542461872,
            "var": 0.00113833870273
        },
        "dynamic_complexity": 3.9281733036,
        "erbbands": {
            "dmean": [
                0.621452152729,
                2.54685401917,
                8.00862312317,
                8.10970115662,
                6.45010375977,
                7.45197725296,
                11.4855499268,
                10.993929863,
                5.72861909866,
                6.047123909,
                10.5665168762,
                11.6241378784,
                11.0976610184,
                13.6713142395,
                18.8685150146,
                13.8669509888,
                15.7031507492,
                10.7356271744,
                10.5714015961,
                14.2629146576,
                14.3771982193,
                12.6561899185,
                13.6608715057,
                9.56981372833,
                11.4410123825,
                10.5882320404,
                9.2890329361,
                6.43941116333,
                5.05007410049,
                4.67292165756,
                6.10591316223,
                4.92307043076,
                2.48373484612,
                1.38354575634,
                0.657742798328,
                0.188858836889,
                0.0411082319915,
                0.00393707025796,
                0.000243780756136,
                3.00411647913e-05
            ],
            "dmean2": [
                0.920096099377,
                3.4849023819,
                13.9173698425,
                14.7342023849,
                11.5991897583,
                13.0662412643,
                19.8626251221,
                19.2944087982,
                10.1117429733,
                10.401804924,
                17.5679130554,
                18.8940467834,
                18.0380954742,
                21.2464580536,
                26.2403697968,
                20.7581367493,
                23.6549816132,
                16.8224239349,
                16.5889053345,
                21.8554801941,
                22.0466327667,
                19.2611522675,
                20.9048557281,
                14.9189739227,
                17.8665237427,
                16.075920105,
                14.3948945999,
                9.86730003357,
                8.17057037354,
                7.94426727295,
                10.7915401459,
                8.60002803802,
                4.10606336594,
                2.23712229729,
                1.04869306087,
                0.2984623909,
                0.0659511387348,
                0.00627264007926,
                0.000395705486881,
                4.48680148111e-05
            ],
            "dvar": [
                1.56388223171,
                30.9290351868,
                669.541687012,
                728.534606934,
                472.823242188,
                468.197021484,
                897.305603027,
                797.511474609,
                217.598449707,
                285.213500977,
                940.755187988,
                884.39276123,
                850.117736816,
                1451.87414551,
                2421.96411133,
                1338.20910645,
                1769.46228027,
                759.835327148,
                712.419555664,
                1070.29711914,
                1170.51782227,
                930.831359863,
                990.897644043,
                535.576049805,
                789.188842773,
                421.176971436,
                411.306884766,
                187.699737549,
                138.639877319,
                80.3273773193,
                127.926338196,
                78.9898147583,
                19.6603145599,
                8.10945510864,
                2.09340620041,
                0.231521084905,
                0.0100354049355,
                0.000107702093374,
                4.02457970949e-07,
                2.02480854306e-09
            ],
            "dvar2": [
                3.9957151413,
                63.2056236267,
                1814.18615723,
                2073.15039063,
                1339.17980957,
                1319.77160645,
                2457.74487305,
                2176.91479492,
                589.436645508,
                753.398986816,
                2369.33447266,
                2187.38476563,
                2074.23217773,
                3482.34936523,
                4697.41064453,
                2895.07421875,
                4112.19042969,
                1782.26574707,
                1624.09436035,
                2253.81469727,
                2729.81689453,
                1986.32519531,
                2179.71606445,
                1244.55651855,
                1853.82275391,
                943.080932617,
                907.141296387,
                433.063964844,
                325.919067383,
                184.136810303,
                326.015899658,
                200.065185547,
                46.6245002747,
                18.6822299957,
                4.68785810471,
                0.52568179369,
                0.0232590790838,
                0.000260320084635,
                9.70085011431e-07,
                4.48877734982e-09
            ],
            "max": [
                10.1886301041,
                44.943145752,
                174.76260376,
                188.597610474,
                184.511688232,
                190.192199707,
                326.76473999,
                373.068756104,
                188.759155273,
                439.430541992,
                465.292419434,
                553.386108398,
                706.179321289,
                678.15045166,
                805.611022949,
                636.76953125,
                1292.81091309,
                439.502258301,
                524.916137695,
                699.68182373,
                425.166412354,
                615.089660645,
                431.305511475,
                230.797698975,
                362.235931396,
                398.787689209,
                335.89730835,
                510.594329834,
                268.508728027,
                136.387786865,
                98.126953125,
                88.6712417603,
                53.3121833801,
                42.8958435059,
                23.9744949341,
                7.81420707703,
                1.70856952667,
                0.369385927916,
                0.0150874387473,
                0.000471106934128
            ],
            "mean": [
                2.39338874817,
                6.08025503159,
                7.19703674316,
                6.70975637436,
                4.91794252396,
                6.28796052933,
                9.67922687531,
                8.84490966797,
                4.45284128189,
                5.25992059708,
                9.41639137268,
                11.9377183914,
                11.2192764282,
                15.6777954102,
                24.6493091583,
                15.1000852585,
                18.9446086884,
                12.2321949005,
                12.4734840393,
                15.9395399094,
                16.2890930176,
                15.7462339401,
                16.0190544128,
                10.8034467697,
                13.0447101593,
                13.0729198456,
                11.506608963,
                7.90610027313,
                4.82870006561,
                3.77581191063,
                4.36101675034,
                3.71995925903,
                2.28051018715,
                1.44795107841,
                0.747095823288,
                0.215144082904,
                0.0438109897077,
                0.00438028201461,
                0.000325415167026,
                9.04343178263e-05
            ],
            "median": [
                2.90518307686,
                3.89903354645,
                0.683050990105,
                0.536024749279,
                0.362344115973,
                0.739233016968,
                1.05848610401,
                0.920151889324,
                0.58924472332,
                0.858122169971,
                1.67610478401,
                1.26655101776,
                1.38893473148,
                1.52758693695,
                1.45026111603,
                1.11678898335,
                1.03835070133,
                1.14578998089,
                1.27912831306,
                1.41504836082,
                1.09419155121,
                1.09637737274,
                1.29165709019,
                1.2946138382,
                1.58710336685,
                2.04953789711,
                2.03593707085,
                1.72059631348,
                0.867996931076,
                0.302987635136,
                0.172498703003,
                0.223618209362,
                0.279421985149,
                0.203095719218,
                0.100191876292,
                0.0260429028422,
                0.00430007744581,
                0.000641342194285,
                8.70398143888e-05,
                8.58336134115e-05
            ],
            "min": [
                7.5321531014e-23,
                4.27094898155e-22,
                2.55279549066e-21,
                1.13781633625e-20,
                1.38334309066e-20,
                3.27815974217e-20,
                1.33476164238e-19,
                1.93674763229e-19,
                2.21733879905e-19,
                2.77127787383e-19,
                5.49702669277e-19,
                4.020098294e-19,
                5.0109469305e-19,
                5.73965117414e-19,
                1.21566102415e-18,
                2.30795095508e-18,
                2.02692420018e-18,
                2.30689485223e-18,
                3.7086208494e-18,
                4.47920452367e-18,
                6.46863014514e-18,
                8.26486359865e-18,
                7.03102528053e-18,
                7.77506017945e-18,
                1.33815092188e-17,
                9.6451592073e-18,
                7.82698147932e-18,
                1.32739029473e-17,
                1.1715214259e-17,
                1.47624955232e-17,
                1.41800925432e-17,
                1.27799834773e-17,
                1.2345284349e-17,
                8.95659669462e-18,
                6.93367232629e-18,
                4.80225494882e-18,
                2.67179875522e-18,
                1.04601537951e-18,
                2.84349074131e-19,
                2.94194927414e-20
            ],
            "var": [
                4.56941175461,
                64.3408660889,
                470.307678223,
                441.261932373,
                297.282043457,
                312.374786377,
                634.641662598,
                571.827209473,
                159.008285522,
                222.580505371,
                828.149780273,
                959.163024902,
                996.513244629,
                1781.66064453,
                4512.48486328,
                1798.92260742,
                2799.52319336,
                1015.93670654,
                1091.96862793,
                1426.21777344,
                1537.01306152,
                1434.27563477,
                1353.83215332,
                590.727844238,
                886.936218262,
                597.777770996,
                536.366577148,
                242.965103149,
                157.635848999,
                89.4080657959,
                105.702850342,
                68.4877090454,
                22.2417240143,
                10.6739358902,
                3.17547726631,
                0.35273745656,
                0.0137841179967,
                0.000132853194373,
                4.7398916081e-07,
                4.90237850315e-09
            ]
        },
        "erbbands_crest": {
            "dmean": 3.5149166584,
            "dmean2": 5.56136655807,
            "dvar": 10.8047904968,
            "dvar2": 24.7418479919,
            "max": 31.8865413666,
            "mean": 10.4352807999,
            "median": 9.37608623505,
            "min": 2.4524075985,
            "var": 23.6087532043
        },
        "erbbands_flatness_db": {
            "dmean": 0.0327616520226,
            "dmean2": 0.0475030504167,
            "dvar": 0.00102333130781,
            "dvar2": 0.00196845293976,
            "max": 0.493500232697,
            "mean": 0.179324567318,
            "median": 0.167607545853,
            "min": 0.0443771220744,
            "var": 0.00394657813013
        },
        "erbbands_kurtosis": {
            "dmean": 3.56822037697,
            "dmean2": 5.5975227356,
            "dvar": 45.7939414978,
            "dvar2": 88.4225082397,
            "max": 174.986434937,
            "mean": 3.42063546181,
            "median": 0.514280557632,
            "min": -1.93194580078,
            "var": 86.2000656128
        },
        "erbbands_skewness": {
            "dmean": 0.881237089634,
            "dmean2": 1.32978355885,
            "dvar": 0.927664756775,
            "dvar2": 1.85726380348,
            "max": 11.6328287125,
            "mean": 0.60402327776,
            "median": 0.32499346137,
            "min": -4.85986280441,
            "var": 2.71204090118
        },
        "erbbands_spread": {
            "dmean": 21.5598602295,
            "dmean2": 34.474937439,
            "dvar": 735.247314453,
            "dvar2": 1718.83740234,
            "max": 245.050476074,
            "mean": 47.7861061096,
            "median": 36.9593200684,
            "min": 2.42259216309,
            "var": 1380.57995605
        },
        "gfcc": {
            "cov": [
                [
                    22923.6914063,
                    206.397384644,
                    -282.683776855,
                    2057.03735352,
                    -542.912963867,
                    1200.69384766,
                    8.22525024414,
                    1158.90600586,
                    -158.605224609,
                    405.371551514,
                    -190.555603027,
                    90.2053222656,
                    -176.423568726
                ],
                [
                    206.397384644,
                    3648.72338867,
                    1880.81347656,
                    704.573669434,
                    1390.26318359,
                    257.654144287,
                    891.457580566,
                    75.2815475464,
                    480.666625977,
                    -62.6418876648,
                    309.518341064,
                    -280.590332031,
                    117.379882813
                ],
                [
                    -282.683776855,
                    1880.81347656,
                    4420.7265625,
                    1653.15686035,
                    1206.25744629,
                    965.520874023,
                    526.975036621,
                    333.364868164,
                    728.590148926,
                    -63.6777839661,
                    255.404998779,
                    -109.592819214,
                    -159.904296875
                ],
                [
                    2057.03735352,
                    704.573669434,
                    1653.15686035,
                    1561.06030273,
                    739.462524414,
                    536.184936523,
                    378.496551514,
                    334.501403809,
                    365.968933105,
                    69.6029815674,
                    164.027374268,
                    42.9872436523,
                    29.9547328949
                ],
                [
                    -542.912963867,
                    1390.26318359,
                    1206.25744629,
                    739.462524414,
                    1338.00463867,
                    426.451416016,
                    710.76159668,
                    245.968078613,
                    367.18270874,
                    96.1094818115,
                    212.504180908,
                    11.3561840057,
                    128.737289429
                ],
                [
                    1200.69384766,
                    257.654144287,
                    965.520874023,
                    536.184936523,
                    426.451416016,
                    794.111206055,
                    388.287078857,
                    210.399353027,
                    204.67527771,
                    86.2033996582,
                    86.8854370117,
                    42.5777130127,
                    -77.1634674072
                ],
                [
                    8.22525024414,
                    891.457580566,
                    526.975036621,
                    378.496551514,
                    710.76159668,
                    388.287078857,
                    811.175170898,
                    195.763275146,
                    183.878082275,
                    110.161941528,
                    151.189666748,
                    4.83449172974,
                    61.4205551147
                ],
                [
                    1158.90600586,
                    75.2815475464,
                    333.364868164,
                    334.501403809,
                    245.968078613,
                    210.399353027,
                    195.763275146,
                    375.337524414,
                    153.613586426,
                    80.316696167,
                    39.486907959,
                    49.0235404968,
                    42.4667854309
                ],
                [
                    -158.605224609,
                    480.666625977,
                    728.590148926,
                    365.968933105,
                    367.18270874,
                    204.67527771,
                    183.878082275,
                    153.613586426,
                    376.233459473,
                    13.3208436966,
                    84.2892074585,
                    6.12518835068,
                    9.48571681976
                ],
                [
                    405.371551514,
                    -62.6418876648,
                    -63.6777839661,
                    69.6029815674,
                    96.1094818115,
                    86.2033996582,
                    110.161941528,
                    80.316696167,
                    13.3208436966,
                    202.975265503,
                    44.2582855225,
                    37.6403770447,
                    63.2929115295
                ],
                [
                    -190.555603027,
                    309.518341064,
                    255.404998779,
                    164.027374268,
                    212.504180908,
                    86.8854370117,
                    151.189666748,
                    39.486907959,
                    84.2892074585,
                    44.2582855225,
                    174.843795776,
                    30.9922561646,
                    49.7358474731
                ],
                [
                    90.2053222656,
                    -280.590332031,
                    -109.592819214,
                    42.9872436523,
                    11.3561840057,
                    42.5777130127,
                    4.83449172974,
                    49.0235404968,
                    6.12518835068,
                    37.6403770447,
                    30.9922561646,
                    155.165115356,
                    42.9253578186
                ],
                [
                    -176.423568726,
                    117.379882813,
                    -159.904296875,
                    29.9547328949,
                    128.737289429,
                    -77.1634674072,
                    61.4205551147,
                    42.4667854309,
                    9.48571681976,
                    63.2929115295,
                    49.7358474731,
                    42.9253578186,
                    195.761428833
                ]
            ],
            "icov": [
                [
                    0.000122804543935,
                    -0.000221795286052,
                    0.000151601154357,
                    -0.000276748120086,
                    0.000243328540819,
                    -0.000265765265794,
                    0.0002059598919,
                    -0.000418661686126,
                    0.000242711103056,
                    -0.000219268928049,
                    0.000225933414185,
                    -0.00016727494949,
                    0.000209678473766
                ],
                [
                    -0.000221795286052,
                    0.00124174088705,
                    -0.000447724189144,
                    0.00056350248633,
                    -0.000897074874956,
                    0.000762906507589,
                    -0.000877600279637,
                    0.00102549034636,
                    -0.000697280745953,
                    0.000871245516464,
                    -0.00103207619395,
                    0.00170904782135,
                    -0.000813279533759
                ],
                [
                    0.000151601154357,
                    -0.000447724189144,
                    0.000825012160931,
                    -0.000712214270607,
                    0.000140030329931,
                    -0.000749480503146,
                    0.000610286544543,
                    -0.000493273197208,
                    -0.000128055646201,
                    -5.73146171519e-05,
                    7.54422799218e-05,
                    1.99837049877e-05,
                    0.000717165123206
                ],
                [
                    -0.000276748120086,
                    0.00056350248633,
                    -0.000712214270607,
                    0.00197209184989,
                    -0.000837119529024,
                    0.000387957406929,
                    -0.000365496205632,
                    0.000410920358263,
                    -0.000598620041274,
                    0.000478790083434,
                    -0.000724623154383,
                    0.000221630965825,
                    -0.00073213968426
                ],
                [
                    0.000243328540819,
                    -0.000897074874956,
                    0.000140030329931,
                    -0.000837119529024,
                    0.00285362661816,
                    -0.000629246758763,
                    -0.000682921090629,
                    -0.000835773244034,
                    -4.79020054627e-05,
                    -0.000600720290095,
                    0.000540783745237,
                    -0.00102058332413,
                    -0.000446472782642
                ],
                [
                    -0.000265765265794,
                    0.000762906507589,
                    -0.000749480503146,
                    0.000387957406929,
                    -0.000629246758763,
                    0.00333664333448,
                    -0.0015269073192,
                    0.000596517056692,
                    -0.000610556569882,
                    -0.000250311306445,
                    -0.000506121548824,
                    -0.000202121082111,
                    0.000993583817035
                ],
                [
                    0.0002059598919,
                    -0.000877600279637,
                    0.000610286544543,
                    -0.000365496205632,
                    -0.000682921090629,
                    -0.0015269073192,
                    0.00357527611777,
                    -0.00135433336254,
                    0.00075739948079,
                    -0.000950523768552,
                    -0.000228505581617,
                    -0.000332741183229,
                    0.000687184161507
                ],
                [
                    -0.000418661686126,
                    0.00102549034636,
                    -0.000493273197208,
                    0.000410920358263,
                    -0.000835773244034,
                    0.000596517056692,
                    -0.00135433336254,
                    0.00572684919462,
                    -0.00209237425588,
                    5.78510798732e-06,
                    3.84866107197e-05,
                    0.000241607034695,
                    -0.00145388918463
                ],
                [
                    0.000242711103056,
                    -0.000697280745953,
                    -0.000128055646201,
                    -0.000598620041274,
                    -4.79020054627e-05,
                    -0.000610556569882,
                    0.00075739948079,
                    -0.00209237425588,
                    0.00538364332169,
                    -0.000206425334909,
                    -0.000156359194079,
                    -0.000831588171422,
                    0.000658876437228
                ],
                [
                    -0.000219268928049,
                    0.000871245516464,
                    -5.73146171519e-05,
                    0.000478790083434,
                    -0.000600720290095,
                    -0.000250311306445,
                    -0.000950523768552,
                    5.78510798732e-06,
                    -0.000206425334909,
                    0.00731231225654,
                    -0.00171023083385,
                    0.000900119368453,
                    -0.00236379122362
                ],
                [
                    0.000225933414185,
                    -0.00103207619395,
                    7.54422799218e-05,
                    -0.000724623154383,
                    0.000540783745237,
                    -0.000506121548824,
                    -0.000228505581617,
                    3.84866107197e-05,
                    -0.000156359194079,
                    -0.00171023083385,
                    0.00936216302216,
                    -0.00291115185246,
                    -0.000676549912896
                ],
                [
                    -0.00016727494949,
                    0.00170904782135,
                    1.99837049877e-05,
                    0.000221630965825,
                    -0.00102058332413,
                    -0.000202121082111,
                    -0.000332741183229,
                    0.000241607034695,
                    -0.000831588171422,
                    0.000900119368453,
                    -0.00291115185246,
                    0.0107119595632,
                    -0.00240958551876
                ],
                [
                    0.000209678473766,
                    -0.000813279533759,
                    0.000717165123206,
                    -0.00073213968426,
                    -0.000446472782642,
                    0.000993583817035,
                    0.000687184161507,
                    -0.00145388918463,
                    0.000658876437228,
                    -0.00236379122362,
                    -0.000676549912896,
                    -0.00240958551876,
                    0.00870031956583
                ]
            ],
            "mean": [
                -87.8530502319,
                68.2004089355,
                -93.7755889893,
                37.3991355896,
                -46.0180892944,
                17.6770877838,
                -26.3914337158,
                13.1858434677,
                -21.3836727142,
                8.22541618347,
                -8.2972536087,
                0.121634535491,
                3.94393992424
            ]
        },
        "hfc": {
            "dmean": 11.1582098007,
            "dmean2": 16.6491298676,
            "dvar": 265.727264404,
            "dvar2": 582.894714355,
            "max": 178.315795898,
            "mean": 17.8648681641,
            "median": 11.3830375671,
            "min": 1.09519527048e-16,
            "var": 387.352325439
        },
        "melbands": {
            "dmean": [
                0.0040939245373,
                0.00361077371053,
                0.00139564007986,
                0.000468557875138,
                0.000386057799915,
                0.000244569964707,
                8.73326789588e-05,
                6.86737039359e-05,
                9.11029565032e-05,
                7.13617773727e-05,
                5.62720415473e-05,
                5.5582033383e-05,
                7.04364356352e-05,
                4.30205691373e-05,
                3.59489858965e-05,
                3.17822159559e-05,
                2.05233245651e-05,
                1.84358723345e-05,
                1.78503851203e-05,
                2.06424083444e-05,
                1.74753386091e-05,
                1.33616786115e-05,
                1.34192323458e-05,
                1.15955108413e-05,
                7.45973966332e-06,
                9.14741031011e-06,
