{
    "lowlevel": {
        "average_loudness": 0.734505653381,
        "barkbands": {
            "dmean": [
                0.00131775066257,
                0.0113169280812,
                0.00445625092834,
                0.0019116596086,
                0.00168724183459,
                0.000718413095456,
                0.000483811600134,
                0.000429591804277,
                0.000502547831275,
                0.000272065663012,
                0.000399423210183,
                0.000385623483453,
                0.000239035609411,
                0.000228059871006,
                0.000239984554355,
                0.000217254040763,
                0.000228884062381,
                0.000171438485268,
                0.00019074305601,
                0.000209413730772,
                0.000177015201189,
                0.000191401166376,
                0.000523956492543,
                0.000351621507434,
                0.000290456227958,
                0.000121591801872,
                2.51036562986e-05
            ],
            "dmean2": [
                0.0018389262259,
                0.015544927679,
                0.00798627827317,
                0.0033979518339,
                0.00292297871783,
                0.00119961774908,
                0.000789559795521,
                0.000697413517628,
                0.000737543625291,
                0.00041583244456,
                0.000624851847533,
                0.000591143849306,
                0.000368283886928,
                0.000350793212419,
                0.000372890848666,
                0.000340768398019,
                0.000351792841684,
                0.000266810064204,
                0.000288549286779,
                0.000318558944855,
                0.000261655368377,
                0.00029354612343,
                0.000885296089109,
                0.000528548844159,
                0.000425447826274,
                0.00018080828886,
                3.85064267903e-05
            ],
            "dvar": [
                1.1601748156e-05,
                0.00129567563999,
                0.000451487489045,
                5.36108782399e-05,
                3.48527464666e-05,
                4.69333281217e-06,
                1.33890250709e-06,
                9.53015728555e-07,
                6.61249202949e-07,
                3.03413543179e-07,
                5.94377127072e-07,
                3.88421000252e-07,
                1.66624360531e-07,
                1.78390365591e-07,
                2.0458611516e-07,
                1.75682714598e-07,
                1.33418225801e-07,
                1.02492066389e-07,
                1.22484422604e-07,
                1.43644044215e-07,
                1.24493595877e-07,
                1.24109874378e-07,
                1.25741325974e-06,
                4.09580678706e-07,
                4.16388616031e-07,
                9.34331225722e-08,
                6.19425843951e-09
            ],
            "dvar2": [
                2.34632570937e-05,
                0.00247937720269,
                0.00126744399313,
                0.000157723290613,
                9.83628196991e-05,
                1.28108886202e-05,
                3.47495483766e-06,
                2.54141696132e-06,
                1.41024941058e-06,
                6.47142428534e-07,
                1.44971340887e-06,
                8.69847553986e-07,
                3.75948388864e-07,
                4.06843838618e-07,
                4.56853655351e-07,
                3.98603049234e-07,
                2.90470865139e-07,
                2.25594732228e-07,
                2.59138857928e-07,
                3.06111161308e-07,
                2.72249650379e-07,
                2.63217515339e-07,
                3.31031969836e-06,
                8.45173474318e-07,
                8.54960433117e-07,
                1.83783100738e-07,
                1.39774352093e-08
            ],
            "max": [
                0.0470885448158,
                0.410702049732,
                0.217814385891,
                0.0945674180984,
                0.0605065748096,
                0.0324330367148,
                0.0141796711832,
                0.0150574939325,
                0.0217549428344,
                0.0127721400931,
                0.0142335658893,
                0.0110140899196,
                0.00742873409763,
                0.00661812815815,
                0.0111926272511,
                0.00858858786523,
                0.007078029681,
                0.00488036032766,
                0.00636628549546,
                0.00696765864268,
                0.00567840505391,
                0.00602674391121,
                0.0099088922143,
                0.0107293594629,
                0.0158160291612,
                0.00609463639557,
                0.00244790059514
            ],
            "mean": [
                0.00607868144289,
                0.0393298193812,
                0.00375685770996,
                0.00221182196401,
                0.00195137015544,
                0.000896371959243,
                0.000622077321168,
                0.000611017923802,
                0.000991929322481,
                0.000430984713603,
                0.000586790265515,
                0.00069514696952,
                0.000381209421903,
                0.000336285709636,
                0.000353918294422,
                0.000330395501805,
                0.000387409701943,
                0.00026663459721,
                0.000304579210933,
                0.000337196950568,
                0.000276317965472,
                0.000258451473201,
                0.000489781727083,
                0.000514333427418,
                0.000454309367342,
                0.000176911373273,
                3.00726751448e-05
            ],
            "median": [
                0.000386017025448,
                0.00841321237385,
                0.000297443475574,
                0.000591654796153,
                0.000747812213376,
                0.000350662798155,
                0.000254840066191,
                0.000233155937167,
                0.0004474989546,
                0.000202297786018,
                0.000265036011115,
                0.000326529552694,
                0.000167167178006,
                0.000155351415742,
                0.000160179071827,
                0.000143125173054,
                0.000207712728297,
                0.000134743066155,
                0.000135217036586,
                0.000159995412105,
                0.000112545028969,
                7.46440928197e-05,
                9.61227997323e-05,
                0.000147526094224,
                0.000136407965329,
                4.70426093671e-05,
                2.7794185371e-06
            ],
            "min": [
                1.19664971376e-15,
                1.01626665728e-14,
                1.87088436106e-14,
                3.20719809759e-14,
                1.46208322142e-13,
                2.20793435618e-13,
                2.32680574027e-13,
                1.79414209184e-13,
                1.57258985022e-13,
                2.80415203861e-13,
                7.48629348617e-13,
                1.67300873676e-12,
                1.73872841038e-12,
                6.9161354161e-13,
                7.76536563459e-14,
                1.04576557917e-13,
                3.05516720321e-14,
                2.90647124695e-14,
                5.59172018855e-14,
                2.50034605379e-14,
                1.07697003578e-14,
                3.22452432594e-14,
                3.56507595526e-14,
                2.0894510487e-14,
                2.21872115136e-14,
                1.7730403666e-14,
                2.43415229244e-14
            ],
            "var": [
                0.000107128289528,
                0.00358473090455,
                0.000276998471236,
                3.54060648533e-05,
                2.38913071371e-05,
                3.84987697544e-06,
                1.37558572533e-06,
                1.10178132218e-06,
                2.55652003034e-06,
                5.96087602389e-07,
                8.96137123618e-07,
                1.06562731617e-06,
                3.39974747021e-07,
                2.6584550028e-07,
                3.77595512191e-07,
                3.09392618192e-07,
                2.74241585885e-07,
                1.58869070788e-07,
                2.09401505913e-07,
                2.53891641933e-07,
                2.13623223999e-07,
                2.2261630761e-07,
                1.09647680802e-06,
                9.35977254812e-07,
                8.84417659108e-07,
                1.8314668182e-07,
                9.98030280641e-09
            ]
        },
        "barkbands_crest": {
            "dmean": 2.08093571663,
            "dmean2": 3.07531046867,
            "dvar": 6.2763967514,
            "dvar2": 12.4034252167,
            "max": 25.7982540131,
            "mean": 12.6593780518,
            "median": 11.903137207,
            "min": 2.13967108727,
            "var": 40.7584648132
        },
        "barkbands_flatness_db": {
            "dmean": 0.0263416599482,
            "dmean2": 0.0351749770343,
            "dvar": 0.000994407921098,
            "dvar2": 0.00171640282497,
            "max": 0.614567995071,
            "mean": 0.147523835301,
            "median": 0.133369147778,
            "min": 0.0134772555903,
            "var": 0.00546961184591
        },
        "barkbands_kurtosis": {
            "dmean": 9.78426647186,
            "dmean2": 14.6291294098,
            "dvar": 799.664489746,
            "dvar2": 1876.92028809,
            "max": 805.280944824,
            "mean": 14.6389484406,
            "median": 2.6070690155,
            "min": -1.92957651615,
            "var": 1334.77966309
        },
        "barkbands_skewness": {
            "dmean": 0.878834724426,
            "dmean2": 1.23166298866,
            "dvar": 1.52559828758,
            "dvar2": 3.08757066727,
            "max": 20.3823184967,
            "mean": 2.29818415642,
            "median": 1.54738461971,
            "min": -6.21608972549,
            "var": 6.86522197723
        },
        "barkbands_spread": {
            "dmean": 8.2805814743,
            "dmean2": 12.5480861664,
            "dvar": 121.561195374,
            "dvar2": 272.156921387,
            "max": 123.373283386,
            "mean": 24.8818569183,
            "median": 20.7761535645,
            "min": 0.105294130743,
            "var": 338.873138428
        },
        "dissonance": {
            "dmean": 0.0163840614259,
            "dmean2": 0.0270236954093,
            "dvar": 0.000340892671375,
            "dvar2": 0.000850933080073,
            "max": 0.5,
            "mean": 0.471371054649,
            "median": 0.478360176086,
            "min": 0.0190191399306,
            "var": 0.000697656476405
        },
        "dynamic_complexity": 2.72217416763,
        "erbbands": {
            "dmean": [
                0.531495928764,
                2.19334745407,
                4.63896036148,
                5.94562005997,
                6.38688468933,
                5.24906778336,
                4.78882646561,
                6.00073337555,
                7.41333675385,
                6.9271273613,
                9.69808101654,
                10.8027925491,
                9.07165241241,
                12.4230632782,
                13.8522310257,
                14.2113523483,
                10.7836074829,
                10.6341733932,
                11.3467731476,
                10.1383314133,
                11.914182663,
                13.1426887512,
                9.82148933411,
                7.85968732834,
                10.8345308304,
                9.4119386673,
                7.63017654419,
                6.61518955231,
                6.99357175827,
                11.6358995438,
                14.667798996,
                8.75853347778,
                5.76779413223,
                3.77865624428,
                1.82841742039,
                0.652615904808,
                0.210181102157,
                0.0446246080101,
                0.0040044253692,
                0.000171645573573
            ],
            "dmean2": [
                0.709361553192,
                3.07296276093,
                7.9838180542,
                10.535984993,
                11.078546524,
                9.14646625519,
                8.18382740021,
                9.87404632568,
                12.3543901443,
                11.1598644257,
                15.3602619171,
                16.0679454803,
                13.449221611,
                18.8509254456,
                21.5677833557,
                21.4727725983,
                16.2878837585,
                16.2777671814,
                17.3609657288,
                15.2504329681,
                18.4204330444,
                20.2349662781,
                15.0776319504,
                11.9527692795,
                16.3497276306,
                14.1339988708,
                11.3022556305,
                9.80404758453,
                10.7624254227,
                19.282169342,
                24.5973796844,
                13.8047733307,
                8.53803062439,
                5.60601758957,
                2.71041703224,
                0.967414259911,
                0.316036164761,
                0.0661573633552,
                0.00621687108651,
                0.000268289557425
            ],
            "dvar": [
                2.55014371872,
                52.7080688477,
                441.479125977,
                636.255554199,
                460.169799805,
                373.266906738,
                314.259521484,
                248.806533813,
                415.786102295,
                231.670822144,
                407.226745605,
                367.351043701,
                290.133514404,
                472.185424805,
                776.437561035,
                573.791809082,
                317.062896729,
                366.308868408,
                418.409454346,
                308.26449585,
                527.596984863,
                444.807403564,
                296.433837891,
                212.756988525,
                390.405487061,
                309.140533447,
                214.951950073,
                168.20489502,
                173.917663574,
                540.088317871,
                983.551086426,
                265.075042725,
                119.859039307,
                72.6230163574,
                17.3947658539,
                2.61658024788,
                0.318125009537,
                0.0183574799448,
                0.00015799049288,
                2.98458644465e-07
            ],
            "dvar2": [
                4.69024753571,
                109.725860596,
                1193.69250488,
                1819.49401855,
                1317.05712891,
                1051.17321777,
                866.295166016,
                667.145935059,
                1106.24108887,
                607.168151855,
                1067.10095215,
                800.202026367,
                627.30078125,
                1051.07409668,
                1877.63684082,
                1251.94519043,
                705.310668945,
                850.863891602,
                963.037902832,
                657.587158203,
                1192.69396973,
                960.424865723,
                641.88458252,
                460.617126465,
                827.643249512,
                656.381591797,
                476.323944092,
                359.047607422,
                380.261260986,
                1385.74682617,
                2570.33081055,
                631.454772949,
                237.457809448,
                155.256454468,
                35.3724517822,
                5.33610343933,
                0.634736955166,
                0.037940684706,
                0.000362702994607,
                7.63324578656e-07
            ],
            "max": [
                20.4232902527,
                86.6251602173,
                206.414291382,
                286.81652832,
                267.340270996,
                199.66784668,
                244.683853149,
                239.596496582,
                253.306350708,
                245.219329834,
                257.656890869,
                406.954376221,
                412.822845459,
                445.02923584,
                588.321594238,
                542.829223633,
                337.440093994,
                391.489624023,
                460.171875,
                335.561431885,
                556.362365723,
                322.884124756,
                270.114440918,
                227.86340332,
                328.832458496,
                332.710754395,
                227.603393555,
                199.744613647,
                259.504425049,
                215.060836792,
                321.745483398,
                230.192901611,
                194.983657837,
                271.934539795,
                76.2079925537,
                36.425113678,
                14.1603155136,
                3.83333992958,
                0.364177912474,
                0.0162576511502
            ],
            "mean": [
                2.01311779022,
                5.32156610489,
                4.60129499435,
                6.37405252457,
                7.894053936,
                5.66083621979,
                5.53284072876,
                7.78079652786,
                8.94738864899,
                10.287197113,
                15.7868070602,
                19.8644218445,
                17.0059928894,
                21.3383846283,
                22.5882492065,
                24.9046382904,
                18.708065033,
                17.221446991,
                17.700258255,
                17.1016960144,
                19.7025527954,
                22.5079879761,
                16.0994319916,
                13.223692894,
                17.4895534515,
                15.1915330887,
                12.3198595047,
                10.0471525192,
                9.37645053864,
                11.9824295044,
                13.9469671249,
                10.9049272537,
                8.68420124054,
                5.74422645569,
                2.8066842556,
                0.965804994106,
                0.291221708059,
                0.0571312867105,
                0.00490204617381,
                0.000262818997726
            ],
            "median": [
                0.392012894154,
                1.00149893761,
                0.658331573009,
                1.43226265907,
                2.79334831238,
                1.91737341881,
                1.99546408653,
                2.9205904007,
                3.42346572876,
                4.62832069397,
                7.15747261047,
                9.00904273987,
                8.00446128845,
                10.8377094269,
                9.94123458862,
                12.7269096375,
                9.94782447815,
                9.02067756653,
                8.785572052,
                8.11735916138,
                9.7101020813,
                12.0365657806,
                8.49743747711,
                6.62702274323,
                7.85377979279,
                6.93163394928,
                5.89896583557,
                3.36455273628,
                2.53014421463,
                3.02044916153,
                2.65070915222,
                2.612637043,
                2.533015728,
                1.61287391186,
                0.840858995914,
                0.284305512905,
                0.0685490742326,
                0.00807419791818,
                0.000546660041437,
                0.000103014812339
            ],
            "min": [
                2.24523172406e-13,
                2.72638920988e-12,
                1.74063576053e-11,
                7.11089173655e-11,
                2.18547124842e-10,
                5.43174949463e-10,
                1.13324971629e-09,
                2.01404048994e-09,
                3.03638203469e-09,
                3.80083964302e-09,
                3.85851484097e-09,
                3.58208684936e-09,
                5.8030540373e-09,
                1.6663419089e-08,
                4.13096010732e-08,
                7.17016916951e-08,
                8.02572586167e-08,
                4.91300582439e-08,
                1.17466605332e-08,
                5.08067721228e-09,
                4.54546711381e-09,
                1.83586634783e-09,
                1.2336361932e-09,
                3.80835674108e-09,
                1.60726121301e-09,
                9.70948765833e-10,
                7.36480487706e-10,
                4.85420481589e-10,
                9.34837540711e-10,
                1.34967381715e-09,
                9.17918130394e-10,
                5.87134452168e-10,
                2.25592294845e-10,
                2.49566700639e-10,
                1.59293175872e-10,
                6.33130284311e-11,
                3.98237762211e-11,
                1.4967324255e-11,
                2.80813501792e-12,
                3.74598003441e-13
            ],
            "var": [
                8.28307437897,
                103.856544495,
                309.998382568,
                409.798461914,
                337.500274658,
                244.862426758,
                222.70149231,
                256.220245361,
                362.675354004,
                285.691955566,
                608.512390137,
                958.235961914,
                927.430114746,
                1125.56030273,
                1237.23181152,
                1264.4552002,
                675.45880127,
                585.008911133,
                682.135131836,
                654.717773438,
                974.012390137,
                924.432189941,
                502.913879395,
                360.721496582,
                683.332519531,
                546.390136719,
                358.048736572,
                316.211242676,
                300.72555542,
                536.082092285,
                895.323364258,
                430.777282715,
                284.901947021,
                145.727600098,
                35.5872840881,
                4.90438318253,
                0.599640905857,
                0.0328406952322,
                0.000252070603892,
                3.55902528781e-07
            ]
        },
        "erbbands_crest": {
            "dmean": 2.05616402626,
            "dmean2": 3.35262942314,
            "dvar": 4.05560874939,
            "dvar2": 9.9384803772,
            "max": 31.4427433014,
            "mean": 7.00907707214,
            "median": 6.35622167587,
            "min": 2.13142371178,
            "var": 8.59973430634
        },
        "erbbands_flatness_db": {
            "dmean": 0.0177476350218,
            "dmean2": 0.0257079005241,
            "dvar": 0.000416159513406,
            "dvar2": 0.000804635346867,
            "max": 0.516326546669,
            "mean": 0.132957473397,
            "median": 0.124419100583,
            "min": 0.0403312444687,
            "var": 0.00266141025349
        },
        "erbbands_kurtosis": {
            "dmean": 1.09688186646,
            "dmean2": 1.72929286957,
            "dvar": 6.21435403824,
            "dvar2": 13.6485376358,
            "max": 128.327041626,
            "mean": 0.561825335026,
            "median": -0.0862818956375,
            "min": -1.8926898241,
            "var": 10.1821012497
        },
        "erbbands_skewness": {
            "dmean": 0.423513203859,
            "dmean2": 0.634254574776,
            "dvar": 0.241491898894,
            "dvar2": 0.521480441093,
            "max": 8.27297210693,
            "mean": 0.0498967319727,
            "median": 0.0436298176646,
            "min": -4.23217964172,
            "var": 0.72599619627
        },
        "erbbands_spread": {
            "dmean": 12.4280567169,
            "dmean2": 18.9249038696,
            "dvar": 228.240478516,
            "dvar2": 516.237548828,
            "max": 223.079452515,
            "mean": 47.8926239014,
            "median": 42.4509925842,
            "min": 2.09544968605,
            "var": 695.062927246
        },
        "gfcc": {
            "cov": [
                [
                    9218.20214844,
                    -1285.75134277,
                    1367.00720215,
                    1466.40820312,
                    27.5551013947,
                    919.699279785,
                    185.655014038,
                    498.776702881,
                    146.186309814,
                    264.174987793,
                    83.2905502319,
                    210.985412598,
                    -20.0111293793
                ],
                [
                    -1285.75134277,
                    2791.99682617,
                    78.752532959,
                    109.523010254,
                    799.72869873,
                    49.4903793335,
                    538.595031738,
                    71.6304931641,
                    305.578399658,
                    20.0225639343,
                    216.006591797,
                    24.5404777527,
                    161.757049561
                ],
                [
                    1367.00720215,
                    78.752532959,
                    1742.28918457,
                    806.059082031,
                    445.961578369,
                    544.86138916,
                    248.875915527,
                    226.573745728,
                    175.757904053,
                    164.285476685,
                    168.980911255,
                    120.266204834,
                    84.9985961914
                ],
                [
                    1466.40820312,
                    109.523010254,
                    806.059082031,
                    1009.62164307,
                    373.789520264,
                    380.825775146,
                    213.9246521,
                    177.599349976,
                    236.119735718,
                    149.802276611,
                    136.364135742,
                    88.5264205933,
                    130.249282837
                ],
                [
                    27.5551013947,
                    799.72869873,
                    445.961578369,
                    373.789520264,
                    752.334960938,
                    247.20274353,
                    343.231231689,
                    193.21685791,
                    228.504211426,
                    116.920013428,
                    164.106002808,
                    61.5376052856,
                    112.020957947
                ],
                [
                    919.699279785,
                    49.4903793335,
                    544.86138916,
                    380.825775146,
                    247.20274353,
                    495.748535156,
                    239.89793396,
                    165.376480103,
                    150.817871094,
                    115.835670471,
                    95.5196456909,
                    81.731010437,
                    80.8360824585
                ],
                [
                    185.655014038,
                    538.595031738,
                    248.875915527,
                    213.9246521,
                    343.231231689,
                    239.89793396,
                    483.944152832,
                    125.063545227,
                    173.560012817,
                    97.9714584351,
                    104.601074219,
                    100.313644409,
                    81.0887985229
                ],
                [
                    498.776702881,
                    71.6304931641,
                    226.573745728,
                    177.599349976,
                    193.21685791,
                    165.376480103,
                    125.063545227,
                    223.333129883,
                    92.5463562012,
                    66.8493804932,
                    65.8443450928,
                    37.3354797363,
                    44.687789917
                ],
                [
                    146.186309814,
                    305.578399658,
                    175.757904053,
                    236.119735718,
                    228.504211426,
                    150.817871094,
                    173.560012817,
                    92.5463562012,
                    243.278884888,
                    81.0127182007,
                    82.7576370239,
                    55.426399231,
                    71.6738204956
                ],
                [
                    264.174987793,
                    20.0225639343,
                    164.285476685,
                    149.802276611,
                    116.920013428,
                    115.835670471,
                    97.9714584351,
                    66.8493804932,
                    81.0127182007,
                    149.553314209,
                    58.4834213257,
                    31.8286647797,
                    52.7385978699
                ],
                [
                    83.2905502319,
                    216.006591797,
                    168.980911255,
                    136.364135742,
                    164.106002808,
                    95.5196456909,
                    104.601074219,
                    65.8443450928,
                    82.7576370239,
                    58.4834213257,
                    137.227172852,
                    40.3310661316,
                    45.5474052429
                ],
                [
                    210.985412598,
                    24.5404777527,
                    120.266204834,
                    88.5264205933,
                    61.5376052856,
                    81.731010437,
                    100.313644409,
                    37.3354797363,
                    55.426399231,
                    31.8286647797,
                    40.3310661316,
                    120.854873657,
                    35.2406387329
                ],
                [
                    -20.0111293793,
                    161.757049561,
                    84.9985961914,
                    130.249282837,
                    112.020957947,
                    80.8360824585,
                    81.0887985229,
                    44.687789917,
                    71.6738204956,
                    52.7385978699,
                    45.5474052429,
                    35.2406387329,
                    120.39151001
                ]
            ],
            "icov": [
                [
                    0.000200543145183,
                    1.88309659279e-05,
                    3.50695991074e-05,
                    -0.000308515998768,
                    0.00015668218839,
                    -0.000228289311053,
                    2.69232714345e-05,
                    -0.000333522039,
                    0.000166641897522,
                    -0.000132089699036,
                    0.00010257964459,
                    -0.000202798779355,
                    0.000409419037169
                ],
                [
                    1.88309659279e-05,
                    0.000759999849834,
                    -1.12741681733e-05,
                    0.000165180317708,
                    -0.000619923463091,
                    0.000335620599799,
                    -0.000632738752756,
                    0.000393748050556,
                    -0.000453150190879,
                    0.00071866507642,
                    -0.000573277531657,
                    0.000565807160456,
                    -0.000551026081666
                ],
                [
                    3.50695991074e-05,
                    -1.12741681733e-05,
                    0.00118551042397,
                    -0.000706363236532,
                    -0.000273495796137,
                    -0.000865875219461,
                    0.000241812114837,
                    -0.000114216316433,
                    0.000566212984268,
                    -0.000203198520467,
                    -0.000301009393297,
                    -0.000461305957288,
                    0.000664413557388
                ],
                [
                    -0.000308515998768,
                    0.000165180317708,
                    -0.000706363236532,
                    0.00256256270222,
                    -0.000564323854633,
                    2.30296900554e-05,
                    9.05559281819e-05,
                    0.000578275998123,
                    -0.0013575993944,
                    0.000147893049871,
                    -0.000295697012916,
                    0.000498814915773,
                    -0.00160361023154
                ],
                [
                    0.00015668218839,
                    -0.000619923463091,
                    -0.000273495796137,
                    -0.000564323854633,
                    0.00348366913386,
                    -8.4617320681e-05,
                    -0.000713409390301,
                    -0.00154040451162,
                    -0.000422961486038,
                    -0.000437691749539,
                    -0.00077444355702,
                    0.000414588255808,
                    0.000145416692249
                ],
                [
                    -0.000228289311053,
                    0.000335620599799,
                    -0.000865875219461,
                    2.30296900554e-05,
                    -8.4617320681e-05,
                    0.00484026176855,
                    -0.00145528279245,
                    -0.000764441851061,
                    -0.00083227007417,
                    -0.000184920048923,
                    -0.000225944939302,
                    0.000250917073572,
                    -0.00122123351321
                ],
                [
                    2.69232714345e-05,
                    -0.000632738752756,
                    0.000241812114837,
                    9.05559281819e-05,
                    -0.000713409390301,
                    -0.00145528279245,
                    0.0046253320761,
                    -0.000378492026357,
                    -0.000450434832601,
                    -0.00108055816963,
                    0.000364919629646,
                    -0.00239304546267,
                    0.000555940554477
                ],
                [
                    -0.000333522039,
                    0.000393748050556,
                    -0.000114216316433,
                    0.000578275998123,
                    -0.00154040451162,
                    -0.000764441851061,
                    -0.000378492026357,
                    0.00772373797372,
                    -0.000941002799664,
                    -0.000180256130989,
                    -0.00111071404535,
                    0.00053129310254,
                    -0.000891025993042
                ],
                [
                    0.000166641897522,
                    -0.000453150190879,
                    0.000566212984268,
                    -0.0013575993944,
                    -0.000422961486038,
                    -0.00083227007417,
                    -0.000450434832601,
                    -0.000941002799664,
                    0.00822390709072,
                    -0.00163739931304,
                    -0.00063633476384,
                    -0.00138878193684,
                    -0.000220872942009
                ],
                [
                    -0.000132089699036,
                    0.00071866507642,
                    -0.000203198520467,
                    0.000147893049871,
                    -0.000437691749539,
                    -0.000184920048923,
                    -0.00108055816963,
                    -0.000180256130989,
                    -0.00163739931304,
                    0.0107570681721,
                    -0.00233962596394,
                    0.00100099795964,
                    -0.00282324268483
                ],
                [
                    0.00010257964459,
                    -0.000573277531657,
                    -0.000301009393297,
                    -0.000295697012916,
                    -0.00077444355702,
                    -0.000225944939302,
                    0.000364919629646,
                    -0.00111071404535,
                    -0.00063633476384,
                    -0.00233962596394,
                    0.0121965110302,
                    -0.00204764353111,
                    -0.000252634519711
                ],
                [
                    -0.000202798779355,
                    0.000565807160456,
                    -0.000461305957288,
                    0.000498814915773,
                    0.000414588255808,
                    0.000250917073572,
                    -0.00239304546267,
                    0.00053129310254,
                    -0.00138878193684,
                    0.00100099795964,
                    -0.00204764353111,
                    0.0118178306147,
                    -0.00244382070377
                ],
                [
                    0.000409419037169,
                    -0.000551026081666,
                    0.000664413557388,
                    -0.00160361023154,
                    0.000145416692249,
                    -0.00122123351321,
                    0.000555940554477,
                    -0.000891025993042,
                    -0.000220872942009,
                    -0.00282324268483,
                    -0.000252634519711,
                    -0.00244382070377,
                    0.0132006062195
                ]
            ],
            "mean": [
                6.3375787735,
                50.8069801331,
                -104.39163208,
                23.5749340057,
                -54.7118797302,
                21.0678901672,
                -36.7242202759,
                15.5503673553,
                -26.0465946198,
                2.53617691994,
                -15.2710647583,
                -0.0404437705874,
                -10.4404268265
            ]
        },
        "hfc": {
            "dmean": 15.6051244736,
            "dmean2": 22.9039058685,
            "dvar": 590.699157715,
            "dvar2": 1266.65795898,
            "max": 317.112762451,
            "mean": 31.7253513336,
            "median": 21.1838874817,
            "min": 9.34374710937e-09,
            "var": 1177.94616699
        },
        "melbands": {
            "dmean": [
                0.00381270237267,
                0.00215268786997,
                0.00103830418084,
                0.000419036747189,
                0.000170646380866,
                0.00013756097178,
                0.000108031352283,
                7.93563449406e-05,
                8.11923891888e-05,
                7.15393180144e-05,
                4.59558759758e-05,
                4.93356783409e-05,
                4.71829407616e-05,
                4.11260334658e-05,
                3.78823024221e-05,
                2.50406828854e-05,
                2.07023404073e-05,
                1.87702262338e-05,
                2.04629523068e-05,
                1.40970096254e-05,
                1.42037051774e-05,
                1.47084447235e-05,
                1.14539234346e-05,
                7.28351915313e-06,
                6.47947354082e-06,
                8.10640995041e-06,
                8.29276814329e-06,
                6.39868630969e-06,
