{
    "lowlevel": {
        "average_loudness": 0.825906276703,
        "barkbands": {
            "dmean": [
                0.00183007842861,
                0.0131494691595,
                0.0050246398896,
                0.000970657798462,
                0.00203580083326,
                0.0015959617449,
                0.000822840200271,
                0.00056288135238,
                0.000533258193173,
                0.000471420702524,
                0.000499786285218,
                0.000482961040689,
                0.000325513334246,
                0.000295236473903,
                0.000386744941352,
                0.000232481383136,
                0.000252493249718,
                0.000231859026826,
                0.000214309169678,
                0.000216516345972,
                0.000309510360239,
                0.000415941729443,
                0.000264206610154,
                0.000196172477445,
                0.00017217612185,
                6.14120945102e-05,
                4.55716417491e-06
            ],
            "dmean2": [
                0.00251422589645,
                0.0180615428835,
                0.00889199320227,
                0.00172878766898,
                0.00363898579963,
                0.0028752121143,
                0.00135532452259,
                0.000912848627195,
                0.000891136936843,
                0.000777850509621,
                0.000825930444989,
                0.000792521052063,
                0.000507099844981,
                0.000462473049993,
                0.000632385024801,
                0.000383260397939,
                0.000414477050072,
                0.000392445363104,
                0.000347471766872,
                0.000356808217475,
                0.000474823667901,
                0.000657552096527,
                0.000426145590609,
                0.000292648910545,
                0.000258262705756,
                8.56101178215e-05,
                6.98130588717e-06
            ],
            "dvar": [
                1.74124452315e-05,
                0.0006958253216,
                0.000324767548591,
                1.11026865852e-05,
                3.65845953638e-05,
                1.8946986529e-05,
                2.50818015957e-06,
                1.02430681181e-06,
                1.00637316791e-06,
                1.42553631122e-06,
                1.81451162007e-06,
                1.55807276769e-06,
                4.38652307366e-07,
                4.84897668684e-07,
                1.04581181404e-06,
                3.62942387255e-07,
                3.19505488733e-07,
                4.01060447075e-07,
                1.62702193052e-07,
                1.40869644838e-07,
                4.10564979347e-07,
                1.14711724564e-06,
                4.36500357637e-07,
                2.07896448501e-07,
                1.90239603626e-07,
                4.60468712049e-08,
                1.40200434595e-10
            ],
            "dvar2": [
                3.11077346851e-05,
                0.00130257720593,
                0.000896743149497,
                3.15590223181e-05,
                0.000105505940155,
                5.49025462533e-05,
                6.84862197886e-06,
                2.56765792983e-06,
                2.6679479106e-06,
                3.42613952853e-06,
                4.19797652285e-06,
                3.91644562114e-06,
                9.48770889408e-07,
                1.0287128589e-06,
                2.56559792433e-06,
                9.4002791684e-07,
                8.36666686155e-07,
                1.09449183583e-06,
                4.28328803537e-07,
                3.74942942472e-07,
                1.00111287793e-06,
                2.82612950286e-06,
                1.15366140108e-06,
                4.88489490635e-07,
                4.01260990657e-07,
                8.43360012937e-08,
                3.16568826708e-10
            ],
            "max": [
                0.0391466729343,
                0.234247580171,
                0.13648635149,
                0.0319465659559,
                0.0545539483428,
                0.0424692369998,
                0.0214318074286,
                0.0182852577418,
                0.0149811990559,
                0.0284927133471,
                0.0343451797962,
                0.0249150749296,
                0.0167083088309,
                0.0175600033253,
                0.018070442602,
                0.0142047386616,
                0.00896603148431,
                0.0119741074741,
                0.00826028361917,
                0.00383073859848,
                0.00572407292202,
                0.0124465497211,
                0.00521929748356,
                0.00462830625474,
                0.0076574892737,
                0.0054137147963,
                0.000309746072162
            ],
            "mean": [
                0.00335767213255,
                0.0278493389487,
                0.00449240580201,
                0.000951051886659,
                0.00208002934232,
                0.00183742633089,
                0.0012839891715,
                0.00099324726034,
                0.000787425262388,
                0.000621289596893,
                0.000652533723041,
                0.000640408718027,
                0.000482122530229,
                0.000437741284259,
                0.000511999765877,
                0.000310908275424,
                0.000368332141079,
                0.000346779386746,
                0.000336630910169,
                0.000322741485434,
                0.000429528066888,
                0.000443229451776,
                0.000299026200082,
                0.000253473204793,
                0.000213552018977,
                7.90927515482e-05,
                6.0666252466e-06
            ],
            "median": [
                8.56833503349e-05,
                0.00622576288879,
                0.000283498666249,
                0.000182172690984,
                0.000783561030403,
                0.000864391506184,
                0.000578935956582,
                0.000421121047111,
                0.000303903943859,
                0.000156753201736,
                0.000148468447151,
                0.000211142527405,
                0.000151174463099,
                0.000144921374158,
                0.000182640389539,
                0.000119528980576,
                0.000144893216202,
                0.000158792725415,
                0.00018912590167,
                0.000187954748981,
                0.000175524488441,
                0.000105884391814,
                8.26159521239e-05,
                6.93224428687e-05,
                4.28331768489e-05,
                1.09594438982e-05,
                1.12725638246e-06
            ],
            "min": [
                3.29889008789e-24,
                1.07176141419e-23,
                1.360708542e-23,
                9.12850354657e-24,
                1.08076872267e-22,
                9.06497989109e-23,
                6.75036165207e-23,
                5.32449809023e-23,
                9.5633550742e-23,
                1.27367992388e-22,
                4.3145573386e-23,
                4.97782085921e-23,
                1.19889553141e-22,
                1.84785302794e-22,
                9.62359249292e-23,
                2.91475445942e-22,
                1.51296125262e-22,
                2.05997255043e-22,
                3.06139095371e-22,
                2.69392061139e-22,
                4.59024554475e-22,
                4.5452580064e-22,
                6.47474867169e-22,
                7.95421047265e-22,
                9.87495121901e-22,
                1.87429816984e-21,
                2.40490989509e-21
            ],
            "var": [
                5.2220741054e-05,
                0.00230622501113,
                0.000219662644668,
                8.04556202638e-06,
                2.60029355559e-05,
                1.18204961836e-05,
                3.46781803273e-06,
                2.02851038011e-06,
                1.42530711855e-06,
                2.52887457464e-06,
                3.6423207348e-06,
                2.63209153673e-06,
                9.66601305663e-07,
                1.03425168163e-06,
                1.24085988773e-06,
                4.01578887477e-07,
                5.16122156569e-07,
                3.97912060635e-07,
                2.15694086592e-07,
                1.67398425788e-07,
                4.90182060275e-07,
                1.0825950767e-06,
                3.85965194027e-07,
                2.51553103681e-07,
                2.61753029918e-07,
                6.54521983279e-08,
                3.04905656279e-10
            ]
        },
        "barkbands_crest": {
            "dmean": 2.68030357361,
            "dmean2": 3.79440021515,
            "dvar": 6.24852085114,
            "dvar2": 12.7807569504,
            "max": 26.4132823944,
            "mean": 12.2066059113,
            "median": 11.353269577,
            "min": 1.95301401615,
            "var": 31.7984485626
        },
        "barkbands_flatness_db": {
            "dmean": 0.0237448960543,
            "dmean2": 0.0343530289829,
            "dvar": 0.000580861873459,
            "dvar2": 0.00117816100828,
            "max": 0.518946707249,
            "mean": 0.144582912326,
            "median": 0.130212977529,
            "min": 0.0249166507274,
            "var": 0.0048692044802
        },
        "barkbands_kurtosis": {
            "dmean": 6.09924030304,
            "dmean2": 9.19296073914,
            "dvar": 260.585144043,
            "dvar2": 536.184997559,
            "max": 517.129272461,
            "mean": 8.75727176666,
            "median": 2.6524772644,
            "min": -1.88752841949,
            "var": 486.398498535
        },
        "barkbands_skewness": {
            "dmean": 0.767207086086,
            "dmean2": 1.10847949982,
            "dvar": 0.861018955708,
            "dvar2": 1.79724597931,
            "max": 19.0835437775,
            "mean": 2.07383060455,
            "median": 1.68712937832,
            "min": -2.7984380722,
            "var": 3.63694262505
        },
        "barkbands_spread": {
            "dmean": 7.95220947266,
            "dmean2": 11.4892082214,
            "dvar": 119.808448792,
            "dvar2": 236.269241333,
            "max": 119.220825195,
            "mean": 25.393283844,
            "median": 20.4273853302,
            "min": 0.31774610281,
            "var": 377.655303955
        },
        "dissonance": {
            "dmean": 0.0171332005411,
            "dmean2": 0.0287511553615,
            "dvar": 0.000349978537997,
            "dvar2": 0.000940080732107,
            "max": 0.500000119209,
            "mean": 0.46843123436,
            "median": 0.474961519241,
            "min": 0.20315079391,
            "var": 0.00070293416502
        },
        "dynamic_complexity": 3.57895851135,
        "erbbands": {
            "dmean": [
                0.625615954399,
                2.71223449707,
                5.79987812042,
                4.11294841766,
                3.90608215332,
                7.53606796265,
                11.9192285538,
                13.4571237564,
                11.1796941757,
                11.8665370941,
                13.6033315659,
                12.6963434219,
                10.1255149841,
                18.1417560577,
                21.4214363098,
                18.0372314453,
                14.3194704056,
                14.2375307083,
                19.4838829041,
                14.8378534317,
                14.1445417404,
                12.9641189575,
                12.2444696426,
                9.71228122711,
                11.8666419983,
                10.8962211609,
                10.3250188828,
                15.8544874191,
                17.1918144226,
                8.56703186035,
                7.14820814133,
                4.82256603241,
                2.97157669067,
                1.87535429001,
                1.26945304871,
                0.393688648939,
                0.0896973237395,
                0.012150792405,
                0.000760700553656,
                4.53560896858e-05
            ],
            "dmean2": [
                0.79095262289,
                3.46539378166,
                9.40838909149,
                7.28845071793,
                6.9615945816,
                13.5253181458,
                20.8941802979,
                24.5273933411,
                19.5160102844,
                18.9237308502,
                22.2749347687,
                21.044467926,
                16.8503341675,
                29.9314517975,
                35.4527931213,
                29.2576751709,
                22.2056331635,
                21.8521690369,
                30.9025688171,
                24.2334880829,
                22.9592857361,
                21.4060077667,
                20.6766967773,
                15.5401277542,
                19.5837173462,
                17.9291343689,
                16.1493778229,
                25.6089439392,
                27.761428833,
                13.0473566055,
                11.52896595,
                7.68281030655,
                4.38515949249,
                2.79829120636,
                1.90433144569,
                0.558726787567,
                0.126396119595,
                0.0173162296414,
                0.00118082237896,
                6.97700088494e-05
            ],
            "dvar": [
                1.57306218147,
                34.8670768738,
                356.906890869,
                205.437316895,
                172.101806641,
                512.078796387,
                911.364074707,
                1429.4107666,
                758.187683105,
                388.164550781,
                644.517211914,
                574.015258789,
                638.410522461,
                1994.26928711,
                3183.83569336,
                1807.71472168,
                862.414489746,
                1013.45697021,
                2686.22143555,
                1853.60949707,
                1662.49133301,
                885.858459473,
                1500.02368164,
                265.046386719,
                533.41192627,
                358.243438721,
                317.173522949,
                1632.36499023,
                2206.19995117,
                377.637481689,
                309.933837891,
                150.008666992,
                46.3648338318,
                22.0292739868,
                11.9304132462,
                2.09020614624,
                0.0741412639618,
                0.000931387243327,
                3.81628660762e-06,
                6.38643493645e-09
            ],
            "dvar2": [
                3.07535791397,
                63.3547515869,
                928.54095459,
                565.408447266,
                487.080535889,
                1466.62902832,
                2609.81933594,
                4133.36474609,
                2145.79052734,
                962.028259277,
                1640.0447998,
                1495.97216797,
                1650.53991699,
                4832.25195312,
                7776.8359375,
                4624.75439453,
                1870.38317871,
                2057.57397461,
                6339.21191406,
                4423.82128906,
                4445.31738281,
                2343.11352539,
                4176.38183594,
                636.268249512,
                1462.48022461,
                948.552307129,
                709.893493652,
                4319.39306641,
                5629.61132812,
                892.488220215,
                833.488830566,
                376.76776123,
                104.315986633,
                47.7924041748,
                24.4330444336,
                3.92323446274,
                0.132021084428,
                0.00175302324351,
                8.62851993588e-06,
                1.43647822526e-08
            ],
            "max": [
                12.4705190659,
                53.9641799927,
                149.26651001,
                110.326667786,
                240.549346924,
                176.07774353,
                274.152252197,
                352.048034668,
                389.030212402,
                428.600006104,
                382.862792969,
                373.32244873,
                1123.24829102,
                926.436584473,
                1198.62805176,
                824.990661621,
                790.327392578,
                1040.81262207,
                1114.90673828,
                1098.27490234,
                1041.67541504,
                550.185241699,
                791.219848633,
                230.881286621,
                489.137481689,
                231.649887085,
                282.440124512,
                318.671051025,
                494.988922119,
                170.623458862,
                139.721603394,
                96.9469680786,
                103.634124756,
                92.8837051392,
                69.1499252319,
                32.4974365234,
                7.21373558044,
                0.634216547012,
                0.0563140846789,
                0.00235185190104
            ],
            "mean": [
                1.13630104065,
                4.91599845886,
                6.29228591919,
                3.73909854889,
                4.23583316803,
                6.84350299835,
                13.7821817398,
                15.1065034866,
                14.4747877121,
                22.9279689789,
                24.1590156555,
                19.5049152374,
                14.3900203705,
                25.3177814484,
                28.9881191254,
                24.8295078278,
                22.2893505096,
                23.517375946,
                26.4676799774,
                20.8897705078,
                20.3127326965,
                18.8720417023,
                17.9584255219,
                17.3033657074,
                17.2871398926,
                16.2109718323,
                16.2766227722,
                18.3484745026,
                17.3788661957,
                10.3437414169,
                8.23130321503,
                5.60343742371,
                3.94226908684,
                2.41442608833,
                1.53775727749,
                0.512148857117,
                0.112346887589,
                0.0156125202775,
                0.00102598324884,
                9.6870258858e-05
            ],
            "median": [
                0.1064947173,
                0.811929523945,
                0.603906035423,
                0.759966373444,
                1.16869771481,
                2.30013656616,
                6.24779605865,
                5.61543464661,
                5.99820423126,
                11.0153408051,
                10.7673721313,
                8.51399993896,
                5.84737014771,
                7.10046100616,
                9.04696083069,
                9.19044685364,
                7.6238079071,
                8.48798179626,
                9.3547077179,
                8.83001327515,
                7.55389547348,
                8.47734832764,
                8.18535804749,
                9.66117095947,
                9.5031671524,
                9.43281555176,
                8.41407966614,
                5.83458518982,
                3.89569234848,
                3.05927538872,
                2.25137710571,
                1.41798639297,
                1.10838365555,
                0.603521227837,
                0.250984489918,
                0.0722184255719,
                0.0166745577008,
                0.00247220136225,
                0.000196142907953,
                5.32910198672e-05
            ],
            "min": [
                1.91469277068e-22,
                2.94656173501e-21,
                1.15746833815e-20,
                3.91022557344e-20,
                1.43482038195e-19,
                4.08854516324e-19,
                6.64342043961e-19,
                7.2215721249e-19,
                5.19824336865e-19,
                1.55781073945e-18,
                1.39716595724e-18,
                2.19837268497e-18,
                3.4771843994e-18,
                2.89461494926e-18,
                2.03618882984e-18,
                1.91541260219e-18,
                5.16352566776e-18,
                7.84906389296e-18,
                8.76264600203e-18,
                1.02668772547e-17,
                1.35216609115e-17,
                7.84597520055e-18,
                8.40616838115e-18,
                1.38565110681e-17,
                1.75596398518e-17,
                1.43102858085e-17,
                1.58239485745e-17,
                1.71811534364e-17,
                1.54633573845e-17,
                2.11667726711e-17,
                1.80431930943e-17,
                1.6260288002e-17,
                1.3457471696e-17,
                9.48801143453e-18,
                8.51600969469e-18,
                5.05241959506e-18,
                4.13519210103e-18,
                1.47835580232e-18,
                3.46727306961e-19,
                3.47868512475e-20
            ],
            "var": [
                4.40612697601,
                87.0445098877,
                298.428924561,
                137.799530029,
                210.767425537,
                314.477050781,
                645.537780762,
                912.197692871,
                683.145996094,
                898.772644043,
                1133.53674316,
                872.93145752,
                868.370666504,
                3521.00219727,
                5155.92041016,
                2755.18652344,
                1962.76733398,
                3027.52856445,
                3669.52026367,
                2244.11254883,
                1872.15161133,
                1186.27380371,
                1273.63037109,
                473.302703857,
                608.528625488,
                424.602966309,
                502.249328613,
                1437.21813965,
                1904.54467773,
                416.759857178,
                274.05557251,
                144.659713745,
                62.7369728088,
                29.6110954285,
                16.5830802917,
                2.83514499664,
                0.114151254296,
                0.00159601971973,
                9.05868910195e-06,
                1.9028231435e-08
            ]
        },
        "erbbands_crest": {
            "dmean": 2.30319023132,
            "dmean2": 3.72836685181,
            "dvar": 6.20416879654,
            "dvar2": 14.7634963989,
            "max": 32.372844696,
            "mean": 7.71812725067,
            "median": 6.49804401398,
            "min": 2.29083442688,
            "var": 16.8888015747
        },
        "erbbands_flatness_db": {
            "dmean": 0.0151790864766,
            "dmean2": 0.0221298318356,
            "dvar": 0.000230229794397,
            "dvar2": 0.000463768839836,
            "max": 0.504811882973,
            "mean": 0.142782405019,
            "median": 0.126688584685,
            "min": 0.0532755255699,
            "var": 0.00340629252605
        },
        "erbbands_kurtosis": {
            "dmean": 0.897431850433,
            "dmean2": 1.41470563412,
            "dvar": 1.81015634537,
            "dvar2": 4.22097682953,
            "max": 45.7832374573,
            "mean": 0.210738748312,
            "median": -0.383316636086,
            "min": -1.74594569206,
            "var": 4.85819578171
        },
        "erbbands_skewness": {
            "dmean": 0.402883112431,
            "dmean2": 0.608460426331,
            "dvar": 0.168511450291,
            "dvar2": 0.377681791782,
            "max": 5.0866484642,
            "mean": 0.170244306326,
            "median": 0.138430505991,
            "min": -2.49026298523,
            "var": 0.565414905548
        },
        "erbbands_spread": {
            "dmean": 9.94547462463,
            "dmean2": 15.0896682739,
            "dvar": 106.770324707,
            "dvar2": 253.112365723,
            "max": 140.042434692,
            "mean": 44.9612731934,
            "median": 44.7324676514,
            "min": 1.21272671223,
            "var": 381.94128418
        },
        "gfcc": {
            "cov": [
                [
                    10934.5957031,
                    -1927.46081543,
                    787.760253906,
                    2240.94140625,
                    576.987243652,
                    1386.10168457,
                    524.595031738,
                    1172.30102539,
                    499.49017334,
                    734.212402344,
                    249.330123901,
                    492.797393799,
                    -285.044067383
                ],
                [
                    -1927.46081543,
                    1781.13879395,
                    53.601184845,
                    -315.304626465,
                    242.879547119,
                    -311.642913818,
                    136.00038147,
                    -137.535354614,
                    85.2504119873,
                    -136.034637451,
                    122.871932983,
                    -148.983627319,
                    124.650161743
                ],
                [
                    787.760253906,
                    53.601184845,
                    837.514587402,
                    514.919372559,
                    257.814422607,
                    270.823913574,
                    186.110656738,
                    200.183395386,
                    187.357223511,
                    145.106155396,
                    47.5729446411,
                    85.204788208,
                    -5.02587127686
                ],
                [
                    2240.94140625,
                    -315.304626465,
                    514.919372559,
                    996.615356445,
                    351.352233887,
                    441.70413208,
                    269.416595459,
                    397.964233398,
                    293.599822998,
                    233.013427734,
                    118.128616333,
                    130.691970825,
                    -47.5126991272
                ],
                [
                    576.987243652,
                    242.879547119,
                    257.814422607,
                    351.352233887,
                    575.171264648,
                    272.426879883,
                    290.358032227,
                    223.765533447,
                    218.297714233,
                    111.532958984,
                    109.308654785,
                    66.9993057251,
                    26.1166954041
                ],
                [
                    1386.10168457,
                    -311.642913818,
                    270.823913574,
                    441.70413208,
                    272.426879883,
                    458.127746582,
                    239.163864136,
                    247.099563599,
                    160.887527466,
                    176.150299072,
                    73.5754852295,
                    111.535606384,
                    -6.00207042694
                ],
                [
                    524.595031738,
                    136.00038147,
                    186.110656738,
                    269.416595459,
                    290.358032227,
                    239.163864136,
                    323.853240967,
                    204.567047119,
                    177.131652832,
                    107.578018188,
                    114.261482239,
                    78.236000061,
                    30.9179115295
                ],
                [
                    1172.30102539,
                    -137.535354614,
                    200.183395386,
                    397.964233398,
                    223.765533447,
                    247.099563599,
                    204.567047119,
                    309.818206787,
                    180.399291992,
                    150.187988281,
                    95.9028091431,
                    95.1132888794,
                    1.61026632786
                ],
                [
                    499.49017334,
                    85.2504119873,
                    187.357223511,
                    293.599822998,
                    218.297714233,
                    160.887527466,
                    177.131652832,
                    180.399291992,
                    236.595214844,
                    122.249755859,
                    97.8065109253,
                    71.2220306396,
                    26.2246818542
                ],
                [
                    734.212402344,
                    -136.034637451,
                    145.106155396,
                    233.013427734,
                    111.532958984,
                    176.150299072,
                    107.578018188,
                    150.187988281,
                    122.249755859,
                    175.270477295,
                    77.6911392212,
                    64.319519043,
                    3.92936491966
                ],
                [
                    249.330123901,
                    122.871932983,
                    47.5729446411,
                    118.128616333,
                    109.308654785,
                    73.5754852295,
                    114.261482239,
                    95.9028091431,
                    97.8065109253,
                    77.6911392212,
                    138.472869873,
                    52.2608032227,
                    29.3756580353
                ],
                [
                    492.797393799,
                    -148.983627319,
                    85.204788208,
                    130.691970825,
                    66.9993057251,
                    111.535606384,
                    78.236000061,
                    95.1132888794,
                    71.2220306396,
                    64.319519043,
                    52.2608032227,
                    122.344543457,
                    31.3601760864
                ],
                [
                    -285.044067383,
                    124.650161743,
                    -5.02587127686,
                    -47.5126991272,
                    26.1166954041,
                    -6.00207042694,
                    30.9179115295,
                    1.61026632786,
                    26.2246818542,
                    3.92936491966,
                    29.3756580353,
                    31.3601760864,
                    98.7579498291
                ]
            ],
            "icov": [
                [
                    0.000302765285596,
                    -9.39210076467e-05,
                    0.00020219986618,
                    -0.000441169075202,
                    0.000115108552563,
                    -0.000450029794592,
                    0.000347832217813,
                    -0.00063085189322,
                    0.000467162986752,
                    -0.000353956449544,
                    0.000129529478727,
                    -0.000711801403668,
                    0.000711586966645
                ],
                [
                    -9.39210076467e-05,
                    0.00175049260724,
                    -0.000691498222295,
                    0.000523838039953,
                    -0.00081649213098,
                    0.00155201274902,
                    -0.00121824780945,
                    0.000823608017527,
                    -0.00102533900645,
                    0.00123948778491,
                    -0.00202982802875,
                    0.00284099765122,
                    -0.0016608920414
                ],
                [
                    0.00020219986618,
                    -0.000691498222295,
                    0.00227112369612,
                    -0.00133082841057,
                    9.88510000752e-05,
                    -0.000788089470007,
                    0.000247755640885,
                    -4.68565258416e-06,
                    0.000328154972522,
                    -0.00127782789059,
                    0.00172844948247,
                    -0.00176735420246,
                    0.000790979131125
                ],
                [
                    -0.000441169075202,
                    0.000523838039953,
                    -0.00133082841057,
                    0.00394325703382,
                    -0.000351641967427,
                    -0.00044417657773,
                    0.000295492849546,
                    -0.00122442923021,
                    -0.00248758215457,
                    0.00125420361292,
                    -0.00109998520929,
                    0.00167290819809,
                    0.000294947181828
                ],
                [
                    0.000115108552563,
                    -0.00081649213098,
                    9.88510000752e-05,
                    -0.000351641967427,
                    0.00416979799047,
                    -0.00185596011579,
                    -0.00116423179861,
                    -0.000859929888975,
                    -0.00113260583021,
                    0.000625069951639,
                    0.000492232327815,
                    -0.000364733918104,
                    0.000606940418947
                ],
                [
                    -0.000450029794592,
                    0.00155201274902,
                    -0.000788089470007,
                    -0.00044417657773,
                    -0.00185596011579,
                    0.0086897239089,
                    -0.00445348070934,
                    0.00114823796321,
                    0.000823479436804,
                    -0.00263989949599,
                    0.000774072424974,
                    0.000792395265307,
                    -0.00171268731356
                ],
                [
                    0.000347832217813,
                    -0.00121824780945,
                    0.000247755640885,
                    0.000295492849546,
                    -0.00116423179861,
                    -0.00445348070934,
                    0.0107388114557,
                    -0.00376782938838,
                    -0.00125465088058,
                    0.00139986805152,
                    -0.0022332763765,
                    -0.00191683648154,
                    0.000983485719189
                ],
                [
                    -0.00063085189322,
                    0.000823608017527,
                    -4.68565258416e-06,
                    -0.00122442923021,
                    -0.000859929888975,
                    0.00114823796321,
                    -0.00376782938838,
                    0.0123977502808,
                    -0.00272059324197,
                    -0.00178502337076,
                    -0.000875406549312,
                    0.000254756567301,
                    -0.00120208796579
                ],
                [
                    0.000467162986752,
                    -0.00102533900645,
                    0.000328154972522,
                    -0.00248758215457,
                    -0.00113260583021,
                    0.000823479436804,
                    -0.00125465088058,
                    -0.00272059324197,
                    0.0134717598557,
                    -0.00494007300586,
                    -9.89385225694e-05,
                    -0.00308645982295,
                    -0.000122118377476
                ],
                [
                    -0.000353956449544,
                    0.00123948778491,
                    -0.00127782789059,
                    0.00125420361292,
                    0.000625069951639,
                    -0.00263989949599,
                    0.00139986805152,
                    -0.00178502337076,
                    -0.00494007300586,
                    0.0157370269299,
                    -0.00618205498904,
                    0.00255986792035,
                    -0.00107094214763
                ],
                [
                    0.000129529478727,
                    -0.00202982802875,
                    0.00172844948247,
                    -0.00109998520929,
                    0.000492232327815,
                    0.000774072424974,
                    -0.0022332763765,
                    -0.000875406549312,
                    -9.89385225694e-05,
                    -0.00618205498904,
                    0.0163918398321,
                    -0.00566523708403,
                    0.000320379651384
                ],
                [
                    -0.000711801403668,
                    0.00284099765122,
                    -0.00176735420246,
                    0.00167290819809,
                    -0.000364733918104,
                    0.000792395265307,
                    -0.00191683648154,
                    0.000254756567301,
                    -0.00308645982295,
                    0.00255986792035,
                    -0.00566523708403,
                    0.0193520691246,
                    -0.00792715046555
                ],
                [
                    0.000711586966645,
                    -0.0016608920414,
                    0.000790979131125,
                    0.000294947181828,
                    0.000606940418947,
                    -0.00171268731356,
                    0.000983485719189,
                    -0.00120208796579,
                    -0.000122118377476,
                    -0.00107094214763,
                    0.000320379651384,
                    -0.00792715046555,
                    0.0164021905512
                ]
            ],
            "mean": [
                0.00377400103025,
                69.5674438477,
                -114.87146759,
                29.0853099823,
                -65.2786026001,
                13.281003952,
                -35.2636985779,
                9.90346240997,
                -21.8078765869,
                10.1853380203,
                -11.476644516,
                2.23453712463,
                -6.72228384018
            ]
        },
        "hfc": {
            "dmean": 14.8929319382,
            "dmean2": 22.6343803406,
            "dvar": 698.28137207,
            "dvar2": 1682.6439209,
            "max": 268.020874023,
            "mean": 26.7432899475,
            "median": 17.6320362091,
            "min": 1.2376758075e-16,
            "var": 933.054931641
        },
        "melbands": {
            "dmean": [
                0.00425224937499,
                0.0028520768974,
                0.000701302196831,
                0.000399145210395,
                0.000407296814956,
                0.000296925689327,
                0.000172132495209,
                0.00012338727538,
                0.000110850858619,
                7.52239429858e-05,
                5.17473235959e-05,
                7.4987525295e-05,
                7.5527568697e-05,
                6.12266958342e-05,
                3.71281385014e-05,
                3.0573704862e-05,
                2.58026848314e-05,
                3.15886463795e-05,
                2.46204399446e-05,
                1.66150093719e-05,
                1.78846366907e-05,
                1.37455763252e-05,
                1.36096632559e-05,
                1.13874821182e-05,
                7.61185765441e-06,
                9.83913105301e-06,
                7.82555798651e-06,
                7.03221985532e-06,
