{
    "lowlevel": {
        "average_loudness": 0.866897761822,
        "barkbands": {
            "dmean": [
                0.000339523598086,
                0.00685393810272,
                0.00457192165777,
                0.000967251660768,
                0.00206753914244,
                0.000763202784583,
                0.000284017354716,
                0.000626951747108,
                0.00132530799601,
                0.000729711027816,
                0.000278941413853,
                0.000206251454074,
                0.000221340204007,
                0.000191861501662,
                0.000198163965251,
                0.000105121202068,
                8.34533493617e-05,
                6.95562775945e-05,
                7.04906560713e-05,
                7.26614089217e-05,
                0.000156044887262,
                3.48326902895e-05,
                3.25048240484e-05,
                4.90792299388e-05,
                3.3015570807e-05,
                1.32129944177e-05,
                5.78652770855e-06
            ],
            "dmean2": [
                0.000566183647607,
                0.0113997869194,
                0.00815339479595,
                0.00174048123881,
                0.00353764835745,
                0.00118008197751,
                0.000430784682976,
                0.000879857921973,
                0.00171965488698,
                0.001042473712,
                0.000395328883315,
                0.000309450377245,
                0.000337185891112,
                0.000285340211121,
                0.00031879459857,
                0.000166863901541,
                0.000130126063596,
                0.000110481320007,
                0.000111304267193,
                0.000110876637336,
                0.000228678327403,
                5.16988184245e-05,
                4.56278103229e-05,
                7.15515634511e-05,
                4.87362885906e-05,
                1.92346833501e-05,
                9.21094942896e-06
            ],
            "dvar": [
                4.92310448408e-07,
                0.00029045008705,
                0.000294921977911,
                1.04628015833e-05,
                5.92285541643e-05,
                2.49710888056e-06,
                5.54793359697e-07,
                2.3249053811e-06,
                1.37707338581e-05,
                7.40219638828e-06,
                9.67131200014e-07,
                5.27995780431e-07,
                3.25717934402e-07,
                3.62883241678e-07,
                3.46584812405e-07,
                8.89858071673e-08,
                4.49981563122e-08,
                3.30769864831e-08,
                2.26002274673e-08,
                2.87597199389e-08,
                1.34543029162e-07,
                6.2058442829e-09,
                4.7307109341e-09,
                1.49378962533e-08,
                1.18012435379e-08,
                1.00032959693e-09,
                1.86481011188e-10
            ],
            "dvar2": [
                1.3439448594e-06,
                0.000764342315961,
                0.000813694961835,
                3.01249147014e-05,
                0.000162757147336,
                5.96891595706e-06,
                1.27277235151e-06,
                4.133319635e-06,
                2.21934624278e-05,
                1.47395530803e-05,
                1.69502789049e-06,
                1.17476668038e-06,
                6.96852339388e-07,
                8.0511597389e-07,
                8.88055751602e-07,
                2.2172163483e-07,
                1.03951748542e-07,
                8.04012785238e-08,
                5.48215588481e-08,
                6.64314256937e-08,
                2.71223115078e-07,
                1.31868844733e-08,
                9.25219811876e-09,
                2.89174248991e-08,
                2.20300773179e-08,
                1.95897453814e-09,
                4.44106029729e-10
            ],
            "max": [
                0.0137071581557,
                0.171845495701,
                0.168471321464,
                0.0462625175714,
                0.102507390082,
                0.0310383401811,
                0.0282502491027,
                0.03844800964,
                0.113917388022,
                0.105530723929,
                0.0443686619401,
                0.0264110248536,
                0.0166626479477,
                0.0177574120462,
                0.0166715588421,
                0.00522742699832,
                0.00475590582937,
                0.00368577172048,
                0.00264840736054,
                0.00500906864181,
                0.0128526799381,
                0.0020706737414,
                0.00223369128071,
                0.00405357452109,
                0.0044540790841,
                0.00135391391814,
                0.000173080305103
            ],
            "mean": [
                0.000571903248783,
                0.0114263538271,
                0.00366667844355,
                0.000897923775483,
                0.00278481771238,
                0.00162490690127,
                0.000598577258643,
                0.00169714423828,
                0.00414449768141,
                0.00192782480735,
                0.000733080843929,
                0.000386189261917,
                0.000432652945165,
                0.00034993866575,
                0.000357018085197,
                0.000170382700162,
                0.000157248374308,
                0.000130510074086,
                0.000153382541612,
                0.000164742028574,
                0.000480625603814,
                5.40067157999e-05,
                5.46693881915e-05,
                9.75809743977e-05,
                6.16107063252e-05,
                1.88053072634e-05,
                5.28432701685e-06
            ],
            "median": [
                0.000309759168886,
                0.00549925724044,
                0.00050493713934,
                0.000227022028412,
                0.00128175667487,
                0.000663692946546,
                0.000248135009315,
                0.000331318180542,
                0.000441858719569,
                0.000261139706708,
                0.000121079654491,
                6.11033319728e-05,
                0.000100712539279,
                6.57901618979e-05,
                8.22994625196e-05,
                4.26596416219e-05,
                4.94612540933e-05,
                3.77320648113e-05,
                5.12106853421e-05,
                4.84321499243e-05,
                9.20656384551e-05,
                1.24243779283e-05,
                1.60737363331e-05,
                3.72203285224e-05,
                1.81686664291e-05,
                4.98276040162e-06,
                3.95435222345e-07
            ],
            "min": [
                1.70288484825e-24,
                4.25711848283e-23,
                3.87440513902e-23,
                8.28163533241e-23,
                8.55823710259e-23,
                8.59256959137e-24,
                2.917065317e-23,
                6.82587962207e-23,
                3.72115754858e-23,
                1.81973423874e-23,
                4.78255001726e-23,
                8.34933095767e-23,
                4.11939283511e-23,
                7.57202907353e-23,
                1.07235163992e-22,
                1.34461316051e-22,
                1.45239440558e-22,
                1.64668718622e-22,
                2.95800751353e-22,
                5.3609992523e-22,
                3.51875332146e-22,
                4.86922260668e-22,
                5.96480474875e-22,
                8.19396006923e-22,
                1.05721598661e-21,
                1.44640698917e-21,
                2.62236974084e-21
            ],
            "var": [
                6.40685186681e-07,
                0.000312776624924,
                0.000195584972971,
                6.67984204483e-06,
                4.46048070444e-05,
                6.91449167789e-06,
                1.5188385305e-06,
                1.56036403496e-05,
                0.000108714215457,
                4.08814703405e-05,
                7.25505879018e-06,
                1.50625191964e-06,
                1.02309434169e-06,
                1.10281939669e-06,
                7.66471089264e-07,
                1.56909507609e-07,
                1.15225688546e-07,
                7.65085772514e-08,
                6.4217871909e-08,
                1.02550643533e-07,
                9.79335027296e-07,
                1.34035396115e-08,
                1.05804396355e-08,
                4.51080488517e-08,
                3.09207663918e-08,
                2.19916462818e-09,
                1.85358978166e-10
            ]
        },
        "barkbands_crest": {
            "dmean": 2.44088697433,
            "dmean2": 3.86623454094,
            "dvar": 6.11042499542,
            "dvar2": 15.7078952789,
            "max": 26.8833713531,
            "mean": 13.5149612427,
            "median": 12.8562698364,
            "min": 3.18270349503,
            "var": 27.1851615906
        },
        "barkbands_flatness_db": {
            "dmean": 0.0251027867198,
            "dmean2": 0.0372565425932,
            "dvar": 0.000888586451765,
            "dvar2": 0.00206663599238,
            "max": 0.542346775532,
            "mean": 0.172418296337,
            "median": 0.162806719542,
            "min": 0.0300741195679,
            "var": 0.00446243165061
        },
        "barkbands_kurtosis": {
            "dmean": 8.4469499588,
            "dmean2": 13.5109424591,
            "dvar": 681.980285645,
            "dvar2": 1733.20166016,
            "max": 651.316040039,
            "mean": 14.1673898697,
            "median": 3.87686157227,
            "min": -1.92338955402,
            "var": 1602.00622559
        },
        "barkbands_skewness": {
            "dmean": 0.717921793461,
            "dmean2": 1.09401512146,
            "dvar": 1.26833200455,
            "dvar2": 2.91083884239,
            "max": 24.8688640594,
            "mean": 2.27896881104,
            "median": 1.70051693916,
            "min": -3.8561565876,
            "var": 5.5264043808
        },
        "barkbands_spread": {
            "dmean": 4.6451253891,
            "dmean2": 6.92565345764,
            "dvar": 48.4805717468,
            "dvar2": 97.5700912476,
            "max": 140.402175903,
            "mean": 17.1446552277,
            "median": 14.2451038361,
            "min": 0.147429823875,
            "var": 179.581314087
        },
        "dissonance": {
            "dmean": 0.0236866381019,
            "dmean2": 0.039821818471,
            "dvar": 0.000489964266308,
            "dvar2": 0.00134223839268,
            "max": 0.500000059605,
            "mean": 0.446059316397,
            "median": 0.45273065567,
            "min": 0.246629461646,
            "var": 0.00130062189419
        },
        "dynamic_complexity": 3.70705008507,
        "erbbands": {
            "dmean": [
                0.171022549272,
                1.71189880371,
                5.46228885651,
                3.72437167168,
                6.21064186096,
                6.17593574524,
                5.39609718323,
                6.09527254105,
                4.9907040596,
                6.30308437347,
                16.5303478241,
                35.7481422424,
                18.5099773407,
                18.8649425507,
                11.3494138718,
                9.22904777527,
                10.3893823624,
                8.65899467468,
                10.3621912003,
                7.81506586075,
                5.45957660675,
                3.34929800034,
                3.37769460678,
                4.42272424698,
                2.42550706863,
                3.08014035225,
                7.23999404907,
                4.30032634735,
                1.15792393684,
                1.00383031368,
                0.923509955406,
                1.04979121685,
                0.819233119488,
                0.4618729949,
                0.190274596214,
                0.0623599998653,
                0.0245774183422,
                0.00692937383428,
                0.00096790335374,
                5.63752000744e-05
            ],
            "dmean2": [
                0.2677128613,
                2.93135046959,
                9.61968612671,
                6.6855134964,
                10.8933286667,
                10.5310525894,
                8.2880897522,
                9.72127914429,
                7.51128721237,
                9.02876472473,
                22.707239151,
                45.7101631165,
                26.3189945221,
                25.7298755646,
                16.4696102142,
                13.7051563263,
                15.8073768616,
                12.7136573792,
                16.1387863159,
                12.045384407,
                8.73230934143,
                5.19454860687,
                5.21032810211,
                6.99011039734,
                3.81163144112,
                4.63101959229,
                10.6229963303,
                6.20070552826,
                1.70658648014,
                1.44914913177,
                1.30529725552,
                1.54255759716,
                1.19039654732,
                0.671736061573,
                0.285221278667,
                0.09248829633,
                0.035950101912,
                0.0101744448766,
                0.00157073745504,
                9.02292740648e-05
            ],
            "dvar": [
                0.0906006097794,
                24.0950813293,
                384.293334961,
                197.953445435,
                570.884765625,
                507.219146729,
                101.935302734,
                171.708847046,
                157.97265625,
                342.838897705,
                1428.7208252,
                10601.9970703,
                3746.32275391,
                8092.36230469,
                1377.66711426,
                972.370910645,
                723.179870605,
                691.423583984,
                943.524902344,
                531.898254395,
                279.446838379,
                74.247428894,
                79.6668701172,
                94.0394744873,
                32.6676826477,
                43.7706871033,
                334.516906738,
                135.365310669,
                5.79027271271,
                4.96299171448,
                3.97236084938,
                5.07591152191,
                6.01548671722,
                1.72829008102,
                0.57449901104,
                0.0398609675467,
                0.00281181256287,
                0.000211546648643,
                5.64416905036e-06,
                1.68158038605e-08
            ],
            "dvar2": [
                0.218872234225,
                65.0090484619,
                1043.31628418,
                560.922607422,
                1558.3762207,
                1396.91259766,
                231.756729126,
                425.372650146,
                352.058776855,
                648.188049316,
                2757.06713867,
                16877.1464844,
                7606.31103516,
                14875.6542969,
                2690.96875,
                2039.54907227,
                1560.81188965,
                1532.80224609,
                2360.11962891,
                1183.29333496,
                727.238525391,
                172.743469238,
                189.9712677,
                234.57989502,
                81.1191329956,
                97.7704544067,
                670.731750488,
                257.291778564,
                11.8260593414,
                10.0462350845,
                7.94848203659,
                9.76607894897,
                12.6176347733,
                3.14309763908,
                1.11015963554,
                0.0815832614899,
                0.00551115116104,
                0.000435381138232,
                1.38243876791e-05,
                4.09846450111e-08
            ],
            "max": [
                3.53356099129,
                47.3448524475,
                183.335464478,
                181.549591064,
                335.341247559,
                320.488647461,
                251.125183105,
                272.500946045,
                379.89855957,
                718.629150391,
                889.055847168,
                3159.96826172,
                1855.25146484,
                3976.76147461,
                1442.91186523,
                1093.16345215,
                852.555969238,
                705.113220215,
                642.836730957,
                1097.56152344,
                264.661804199,
                192.538650513,
                189.298355103,
                147.084564209,
                141.309967041,
                167.584106445,
                633.082214355,
                428.556396484,
                49.3475570679,
                56.9894981384,
                69.7538528442,
                71.0252075195,
                106.459594727,
                45.5610809326,
                35.8905944824,
                8.98682117462,
                1.85696232319,
                0.180033907294,
                0.0310160517693,
                0.00238722981885
            ],
            "mean": [
                0.306576192379,
                2.60992717743,
                4.89077186584,
                3.30945181847,
                6.39223861694,
                8.92258930206,
                12.1223754883,
                12.3021154404,
                11.3603944778,
                17.8078784943,
                50.2262191772,
                115.023513794,
                49.8877906799,
                48.4598274231,
                29.9657993317,
                20.4073390961,
                21.0264720917,
                16.9266853333,
                19.7064056396,
                15.4740390778,
                9.56590652466,
                6.65691423416,
                7.20183944702,
                9.58413410187,
                5.64348125458,
                7.76802682877,
                21.1242485046,
                12.9524641037,
                2.30546355247,
                1.67755079269,
                1.54603695869,
                1.92242491245,
                1.61375260353,
                0.916578829288,
                0.311827898026,
                0.0933176502585,
                0.0337751097977,
                0.00781302526593,
                0.000885237182956,
                7.75010921643e-05
            ],
            "median": [
                0.167277932167,
                1.11148095131,
                1.04226875305,
                0.775833249092,
                1.991563797,
                3.90543913841,
                5.37387561798,
                5.05850410461,
                4.47045612335,
                5.28369808197,
                13.1039104462,
                14.7520217896,
                9.9452457428,
                7.45512294769,
                6.16607284546,
                4.20089864731,
                5.34249591827,
                3.82215166092,
                4.5891699791,
                3.71459507942,
                2.83754563332,
                2.37220096588,
                2.30117416382,
                3.1051466465,
                2.08340096474,
                2.45447540283,
                3.96507334709,
                2.7008357048,
                0.673150062561,
                0.483975410461,
                0.462799787521,
                0.736207664013,
                0.557635426521,
                0.279394984245,
                0.0783347040415,
                0.0247320607305,
                0.00824148952961,
                0.0012588026002,
                8.94787008292e-05,
                3.8738216972e-05
            ],
            "min": [
                3.78625062705e-22,
                1.22085606091e-20,
                4.62630161256e-20,
                1.51135901629e-19,
                3.73071044916e-19,
                2.73445256844e-19,
                6.18805415198e-20,
                9.34673185519e-20,
                3.93478521206e-19,
                8.85356018239e-19,
                1.2477053807e-18,
                9.83584232967e-19,
                7.44814103058e-19,
                7.67911829194e-19,
                2.88272402116e-18,
                2.81053658948e-18,
                2.05558911033e-18,
                2.52107466029e-18,
                5.96695296184e-18,
                4.85466014935e-18,
                8.98298789206e-18,
                7.64998881648e-18,
                8.17433281651e-18,
                1.23141997288e-17,
                2.52278886803e-17,
                2.12422214691e-17,
                1.60683341234e-17,
                1.22946757848e-17,
                1.81871986215e-17,
                1.520545405e-17,
                1.79769723232e-17,
                1.40561908136e-17,
                1.58562681754e-17,
                1.19306162264e-17,
                7.25867282973e-18,
                5.28699684985e-18,
                2.60640661228e-18,
                1.33530959783e-18,
                3.82370416158e-19,
                3.84815439264e-20
            ],
            "var": [
                0.155861705542,
                21.6845626831,
                266.248687744,
                125.664794922,
                404.74609375,
                406.930053711,
                334.362365723,
                430.315826416,
                520.575744629,
                2699.94824219,
                8992.90234375,
                82358.5,
                20777.8867188,
                40221.3671875,
                8666.55273438,
                3408.40673828,
                2315.10498047,
                1829.3692627,
                2409.0090332,
                1590.81738281,
                387.763641357,
                174.392349243,
                227.634078979,
                250.756057739,
                80.4095535278,
                188.041549683,
                2066.88525391,
                821.669128418,
                17.5950737,
                10.0720415115,
                8.876121521,
                13.7880716324,
                16.7446460724,
                5.33962631226,
                1.23748278618,
                0.0925951749086,
                0.00554641801864,
                0.000274229794741,
                5.35553817826e-06,
                1.67218416891e-08
            ]
        },
        "erbbands_crest": {
            "dmean": 2.54338645935,
            "dmean2": 3.92291975021,
            "dvar": 6.54950666428,
            "dvar2": 15.6460599899,
            "max": 31.5065784454,
            "mean": 12.1862039566,
            "median": 10.4869260788,
            "min": 2.2765545845,
            "var": 42.5687980652
        },
        "erbbands_flatness_db": {
            "dmean": 0.0179645325989,
            "dmean2": 0.0249043256044,
            "dvar": 0.000364451145288,
            "dvar2": 0.000677831820212,
            "max": 0.363590359688,
            "mean": 0.165947303176,
            "median": 0.160553216934,
            "min": 0.040974330157,
            "var": 0.00283492705785
        },
        "erbbands_kurtosis": {
            "dmean": 1.22566747665,
            "dmean2": 1.86646389961,
            "dvar": 4.32186222076,
            "dvar2": 10.2673330307,
            "max": 60.4839668274,
            "mean": 1.65114247799,
            "median": 0.615221261978,
            "min": -1.84221935272,
            "var": 12.5548496246
        },
        "erbbands_skewness": {
            "dmean": 0.364023268223,
            "dmean2": 0.543422579765,
            "dvar": 0.154071062803,
            "dvar2": 0.343831598759,
            "max": 6.3848657608,
            "mean": 0.88601320982,
            "median": 0.793165028095,
            "min": -4.09678411484,
            "var": 0.843664348125
        },
        "erbbands_spread": {
            "dmean": 8.01036453247,
            "dmean2": 11.5879707336,
            "dvar": 107.430023193,
            "dvar2": 220.478942871,
            "max": 181.348510742,
            "mean": 36.9058761597,
            "median": 32.5675239563,
            "min": 3.26884388924,
            "var": 429.961669922
        },
        "gfcc": {
            "cov": [
                [
                    11978.2548828,
                    -754.669128418,
                    -520.245788574,
                    429.447875977,
                    -761.315856934,
                    358.320556641,
                    56.5939712524,
                    221.143707275,
                    -219.525482178,
                    134.305740356,
                    -257.623443604,
                    -128.16859436,
                    -52.8598823547
                ],
                [
                    -754.669128418,
                    1667.34033203,
                    153.941482544,
                    32.5794258118,
                    476.715148926,
                    76.4677276611,
                    182.379806519,
                    -39.5564689636,
                    80.6331939697,
                    -43.3739776611,
                    106.08341217,
                    -88.5970535278,
                    -34.824344635
                ],
                [
                    -520.245788574,
                    153.941482544,
                    1111.16271973,
                    335.86114502,
                    370.466827393,
                    247.871566772,
                    17.9674072266,
                    99.4082794189,
                    170.428283691,
                    -28.1549987793,
                    28.5906257629,
                    77.837852478,
                    -148.539855957
                ],
                [
                    429.447875977,
                    32.5794258118,
                    335.86114502,
                    466.233642578,
                    165.630081177,
                    87.2671051025,
                    86.683265686,
                    124.715393066,
                    121.764877319,
                    9.19841861725,
                    -24.4379081726,
                    17.2169475555,
                    22.1552963257
                ],
                [
                    -761.315856934,
                    476.715148926,
                    370.466827393,
                    165.630081177,
                    506.494628906,
                    153.635528564,
                    108.51373291,
                    43.7895050049,
                    121.324302673,
                    -29.1471576691,
                    31.9437389374,
                    11.0879440308,
                    -28.8572731018
                ],
                [
                    358.320556641,
                    76.4677276611,
                    247.871566772,
                    87.2671051025,
                    153.635528564,
                    386.039337158,
                    191.684112549,
                    14.6181631088,
                    57.7992668152,
                    17.1163825989,
                    44.4647521973,
                    -10.434469223,
                    -46.0220146179
                ],
                [
                    56.5939712524,
                    182.379806519,
                    17.9674072266,
                    86.683265686,
                    108.51373291,
                    191.684112549,
                    330.798065186,
                    11.1533689499,
                    70.1225585938,
                    36.4226112366,
                    26.7135868073,
                    -43.6019363403,
                    -2.61181497574
                ],
                [
                    221.143707275,
                    -39.5564689636,
                    99.4082794189,
                    124.715393066,
                    43.7895050049,
                    14.6181631088,
                    11.1533689499,
                    203.743988037,
                    88.5360641479,
                    28.4531707764,
                    -22.9794368744,
                    9.50900650024,
                    28.3258781433
                ],
                [
                    -219.525482178,
                    80.6331939697,
                    170.428283691,
                    121.764877319,
                    121.324302673,
                    57.7992668152,
                    70.1225585938,
                    88.5360641479,
                    198.80897522,
                    -1.42683494091,
                    -17.2551517487,
                    8.36529541016,
                    -8.78288650513
                ],
                [
                    134.305740356,
                    -43.3739776611,
                    -28.1549987793,
                    9.19841861725,
                    -29.1471576691,
                    17.1163825989,
                    36.4226112366,
                    28.4531707764,
                    -1.42683494091,
                    104.835029602,
                    30.4495506287,
                    -2.54808306694,
                    15.4839000702
                ],
                [
                    -257.623443604,
                    106.08341217,
                    28.5906257629,
                    -24.4379081726,
                    31.9437389374,
                    44.4647521973,
                    26.7135868073,
                    -22.9794368744,
                    -17.2551517487,
                    30.4495506287,
                    114.777786255,
                    29.1890640259,
                    4.89284467697
                ],
                [
                    -128.16859436,
                    -88.5970535278,
                    77.837852478,
                    17.2169475555,
                    11.0879440308,
                    -10.434469223,
                    -43.6019363403,
                    9.50900650024,
                    8.36529541016,
                    -2.54808306694,
                    29.1890640259,
                    110.094528198,
                    23.83502388
                ],
                [
                    -52.8598823547,
                    -34.824344635,
                    -148.539855957,
                    22.1552963257,
                    -28.8572731018,
                    -46.0220146179,
                    -2.61181497574,
                    28.3258781433,
                    -8.78288650513,
                    15.4839000702,
                    4.89284467697,
                    23.83502388,
                    135.567764282
                ]
            ],
            "icov": [
                [
                    0.000144059129525,
                    -6.99167212588e-05,
                    0.000170033963514,
                    -0.000308470975142,
                    0.000288127310341,
                    -0.000375003437512,
                    0.000130178159452,
                    -0.00018673572049,
                    0.000251938879956,
                    -0.000147589627886,
                    0.000378460623324,
                    -0.000144250239828,
                    0.000295360136079
                ],
                [
                    -6.99167212588e-05,
                    0.00110648083501,
                    -6.80763769196e-05,
                    0.00029396158061,
                    -0.00118074938655,
                    0.00067663268419,
                    -0.000421593547799,
                    0.000200950540602,
                    -0.000243934526225,
                    0.000621578190476,
                    -0.00140850630123,
                    0.00125840026885,
                    -0.000194617910893
                ],
                [
                    0.000170033963514,
                    -6.80763769196e-05,
                    0.00252336682752,
                    -0.00161487562582,
                    -0.000536713807378,
                    -0.00142236344982,
                    0.00117422011681,
                    -0.00049936940195,
                    -0.000209057165193,
                    -0.00010609182209,
                    7.80724149081e-05,
                    -0.00159237743355,
                    0.00288312346675
                ],
                [
                    -0.000308470975142,
                    0.00029396158061,
                    -0.00161487562582,
                    0.00444739079103,
                    -0.000957965268753,
                    0.00114375981502,
                    -0.00128133862745,
                    -0.000646167783998,
                    -0.000930556445383,
                    0.000187812314834,
                    0.000127286737552,
                    0.000647884095088,
                    -0.00244653318077
                ],
                [
                    0.000288127310341,
                    -0.00118074938655,
                    -0.000536713807378,
                    -0.000957965268753,
                    0.00477619608864,
                    -0.00144881056622,
                    1.07995992948e-05,
                    -0.000391408044379,
                    -0.000363963015843,
                    0.000470389903057,
                    0.000856999889947,
                    -0.000860346190166,
                    2.73756377283e-05
                ],
                [
                    -0.000375003437512,
                    0.00067663268419,
                    -0.00142236344982,
                    0.00114375981502,
                    -0.00144881056622,
                    0.00585801107809,
                    -0.00312836049125,
                    0.00036047809408,
                    -0.000317390193231,
                    0.000696755188983,
                    -0.00244027655572,
                    0.00113630155101,
                    -0.000384974468034
                ],
                [
                    0.000130178159452,
                    -0.000421593547799,
                    0.00117422011681,
                    -0.00128133862745,
                    1.07995992948e-05,
                    -0.00312836049125,
                    0.00594454305246,
                    0.000652947113849,
                    -0.00144556618761,
                    -0.0016620233655,
                    -2.11257283809e-05,
                    0.00120746681932,
                    0.000241481262492
                ],
                [
                    -0.00018673572049,
                    0.000200950540602,
                    -0.00049936940195,
                    -0.000646167783998,
                    -0.000391408044379,
                    0.00036047809408,
                    0.000652947113849,
                    0.00784615240991,
                    -0.00310715381056,
                    -0.00225250166841,
                    0.000873012410011,
                    0.000461623916635,
                    -0.00210720067844
                ],
                [
                    0.000251938879956,
                    -0.000243934526225,
                    -0.000209057165193,
                    -0.000930556445383,
                    -0.000363963015843,
                    -0.000317390193231,
                    -0.00144556618761,
                    -0.00310715381056,
                    0.00865631736815,
                    0.000201972856303,
                    0.00213105767034,
                    -0.00136237603147,
                    0.0010950898286
                ],
                [
                    -0.000147589627886,
                    0.000621578190476,
                    -0.00010609182209,
                    0.000187812314834,
                    0.000470389903057,
                    0.000696755188983,
                    -0.0016620233655,
                    -0.00225250166841,
                    0.000201972856303,
                    0.0127880200744,
                    -0.00507225468755,
                    0.00173611240461,
                    -0.000839204178192
                ],
                [
                    0.000378460623324,
                    -0.00140850630123,
                    7.80724149081e-05,
                    0.000127286737552,
                    0.000856999889947,
                    -0.00244027655572,
                    -2.11257283809e-05,
                    0.000873012410011,
                    0.00213105767034,
                    -0.00507225468755,
                    0.0147916283458,
                    -0.00540396245196,
                    0.000155329253175
                ],
                [
                    -0.000144250239828,
                    0.00125840026885,
                    -0.00159237743355,
                    0.000647884095088,
                    -0.000860346190166,
                    0.00113630155101,
                    0.00120746681932,
                    0.000461623916635,
                    -0.00136237603147,
                    0.00173611240461,
                    -0.00540396245196,
                    0.0140301529318,
                    -0.00401244265959
                ],
                [
                    0.000295360136079,
                    -0.000194617910893,
                    0.00288312346675,
                    -0.00244653318077,
                    2.73756377283e-05,
                    -0.000384974468034,
                    0.000241481262492,
                    -0.00210720067844,
                    0.0010950898286,
                    -0.000839204178192,
                    0.000155329253175,
                    -0.00401244265959,
                    0.0121871028095
                ]
            ],
            "mean": [
                -25.3115386963,
                96.0969085693,
                -101.605964661,
                25.3149223328,
                -59.1915283203,
                14.6521205902,
                -26.0650577545,
                14.5858840942,
                -20.0802097321,
                8.17813777924,
                -12.3644199371,
                -4.91705083847,
                0.486265778542
            ]
        },
        "hfc": {
            "dmean": 4.66185379028,
            "dmean2": 6.56029176712,
            "dvar": 51.1890296936,
            "dvar2": 104.420280457,
            "max": 116.111877441,
            "mean": 18.2483253479,
            "median": 12.6445178986,
            "min": 1.13355759118e-16,
            "var": 286.730804443
        },
        "melbands": {
            "dmean": [
                0.00163532793522,
                0.00264337914996,
                0.000718152790796,
                0.000498076842632,
                0.000188957739738,
                0.000140006741276,
                7.06687569618e-05,
                8.11405334389e-05,
                0.000170304920175,
                0.000201411210583,
                8.96211495274e-05,
                8.07283213362e-05,
                4.02956429753e-05,
                2.57981027971e-05,
                2.51602614298e-05,
                1.73819043994e-05,
                1.8243697923e-05,
                1.75322729774e-05,
                1.22628889585e-05,
                9.03867021407e-06,
                6.98523763276e-06,
                3.74720707441e-06,
                3.58001489076e-06,
                4.10601387557e-06,
                3.92781885239e-06,
                2.17599813368e-06,
