{
    "lowlevel": {
        "average_loudness": 0.850775420666,
        "barkbands": {
            "dmean": [
                0.000849136500619,
                0.0108316121623,
                0.00401392159984,
                0.00254414300434,
                0.00142546312418,
                0.000976908020675,
                0.000619669095613,
                0.000477227848023,
                0.000970102730207,
                0.00099624809809,
                0.000930268433876,
                0.000871912809089,
                0.000366963940905,
                0.000401759112719,
                0.000473348161904,
                0.000375371717382,
                0.000198909750907,
                0.000155225090566,
                0.000304199784296,
                0.000243977425271,
                0.000189789745491,
                0.000100809360447,
                0.000124924583361,
                0.000165458404808,
                0.000298304308672,
                0.00025929819094,
                2.91572978313e-05
            ],
            "dmean2": [
                0.00130075053312,
                0.0166663918644,
                0.00680212676525,
                0.00469776755199,
                0.00243893056177,
                0.00157601071987,
                0.00100450823084,
                0.000749480561353,
                0.00149038934615,
                0.00152053451166,
                0.0013724459568,
                0.00132721790578,
                0.000562039436772,
                0.000600703584496,
                0.000711136963218,
                0.00057593465317,
                0.000308567396132,
                0.000239063054323,
                0.00046797725372,
                0.00036787459976,
                0.000280353997368,
                0.000156690352014,
                0.000197133747861,
                0.000254658953054,
                0.000473389169201,
                0.0004224536533,
                4.66989331471e-05
            ],
            "dvar": [
                2.52138465839e-06,
                0.000551355769858,
                0.000132027897052,
                8.28051706776e-05,
                1.06835641418e-05,
                6.19088496023e-06,
                2.20325705413e-06,
                1.87885984815e-06,
                5.02329339724e-06,
                6.51271056995e-06,
                7.43362716094e-06,
                5.82258144277e-06,
                9.76703518063e-07,
                8.43798716232e-07,
                1.05674575934e-06,
                7.47108572341e-07,
                4.05543715942e-07,
                2.74101665809e-07,
                3.63028334505e-07,
                2.62188393663e-07,
                1.25384360672e-07,
                8.84672957113e-08,
                1.00043962448e-07,
                1.85510899087e-07,
                4.5757656153e-07,
                4.19238887162e-07,
                5.36732436274e-09
            ],
            "dvar2": [
                6.44784722681e-06,
                0.001307245926,
                0.000362437684089,
                0.00024111357925,
                2.97641927318e-05,
                1.56438673002e-05,
                5.08595985593e-06,
                4.22111315856e-06,
                1.09298262032e-05,
                1.44378009281e-05,
                1.51834738062e-05,
                1.26130607896e-05,
                2.36809341914e-06,
                1.78940854312e-06,
                2.3080651772e-06,
                1.69632733105e-06,
                8.68082622674e-07,
                6.6359405082e-07,
                8.31505019505e-07,
                5.80083110435e-07,
                2.70445724482e-07,
                1.96102433847e-07,
                2.35762300349e-07,
                4.02009675327e-07,
                1.0986492498e-06,
                1.06076834072e-06,
                1.3041684177e-08
            ],
            "max": [
                0.0338512584567,
                0.214843481779,
                0.113222017884,
                0.0867324694991,
                0.0409933440387,
                0.0444479212165,
                0.0263645518571,
                0.0336598828435,
                0.0425159037113,
                0.0642475932837,
                0.0606351532042,
                0.0541985668242,
                0.0285050943494,
                0.0200733672827,
                0.0251231268048,
                0.0193272884935,
                0.0180669426918,
                0.0210953783244,
                0.00973664596677,
                0.0125818224624,
                0.00539039960131,
                0.00771934818476,
                0.00613790284842,
                0.0145721612498,
                0.0133251808584,
                0.00589524628595,
                0.00135421275627
            ],
            "mean": [
                0.00192207307555,
                0.0224789548665,
                0.00463423412293,
                0.00201819464564,
                0.00174810632598,
                0.00139446009416,
                0.00084694538964,
                0.000680918863509,
                0.00150607177056,
                0.0016476798337,
                0.00159350165632,
                0.00165068963543,
                0.00053876300808,
                0.00061777443625,
                0.000779282941949,
                0.000544751586858,
                0.000298752565868,
                0.00022103455558,
                0.000497320608702,
                0.000419373682234,
                0.000327896443196,
                0.000134268193506,
                0.000155541754793,
                0.000216442713281,
                0.000362174178008,
                0.000252437137533,
                3.24274988088e-05
            ],
            "median": [
                0.000427064107498,
                0.007289044559,
                0.000502613722347,
                0.000273585581454,
                0.00048600853188,
                0.000390792440157,
                0.000170600338606,
                0.000106147053884,
                0.000293104938464,
                0.000316926860251,
                0.000129965832457,
                0.000221602575039,
                0.000108202824777,
                0.000143859069794,
                0.000187785044545,
                0.000170279119629,
                6.82943573338e-05,
                6.23513042228e-05,
                0.000176410074346,
                0.000152868364239,
                0.000116851893836,
                2.10261569009e-05,
                2.80018248304e-05,
                4.83523544972e-05,
                7.39650131436e-05,
                1.82822368515e-05,
                3.43968849847e-06
            ],
            "min": [
                9.86326299041e-25,
                3.29687435106e-24,
                1.24381345673e-24,
                3.19020359338e-24,
                1.02833304364e-23,
                1.40845829259e-23,
                1.08739482295e-23,
                4.26181078526e-24,
                2.0188059703e-23,
                2.04852393833e-23,
                1.90334181956e-23,
                2.68808329313e-23,
                3.10453748004e-23,
                6.1027674334e-23,
                5.1304550314e-23,
                8.24811821027e-23,
                9.33586525961e-23,
                1.23202844673e-22,
                1.25306591557e-22,
                1.28020954647e-22,
                2.01431403854e-22,
                3.83776034116e-22,
                4.45652794152e-22,
                6.03461275419e-22,
                8.48772631675e-22,
                1.40173085524e-21,
                1.99493042605e-21
            ],
            "var": [
                1.10154387585e-05,
                0.00125323713291,
                0.000126846280182,
                4.8707897804e-05,
                1.04633008959e-05,
                9.12965515454e-06,
                3.76610068997e-06,
                3.40909605256e-06,
                1.05727922346e-05,
                1.50055229824e-05,
                2.26828233281e-05,
                2.13596649701e-05,
                1.68430301528e-06,
                1.86822740034e-06,
                2.33728883359e-06,
                1.35589311867e-06,
                1.20757954392e-06,
                3.6362214928e-07,
                7.16733211448e-07,
                5.33848833584e-07,
                2.79617978549e-07,
                1.37039421588e-07,
                1.38565781072e-07,
                2.77989244069e-07,
                5.6547355598e-07,
                3.83325442499e-07,
                5.89842574783e-09
            ]
        },
        "barkbands_crest": {
            "dmean": 2.96032857895,
            "dmean2": 4.60687303543,
            "dvar": 8.7218952179,
            "dvar2": 19.1477928162,
            "max": 26.9428138733,
            "mean": 13.0339202881,
            "median": 12.0493927002,
            "min": 2.50074982643,
            "var": 30.9107055664
        },
        "barkbands_flatness_db": {
            "dmean": 0.0317567251623,
            "dmean2": 0.0442161895335,
            "dvar": 0.00129505537916,
            "dvar2": 0.00246120383963,
            "max": 1,
            "mean": 0.167518660426,
            "median": 0.154618278146,
            "min": 0.0189718101174,
            "var": 0.00674455240369
        },
        "barkbands_kurtosis": {
            "dmean": 34.1994247437,
            "dmean2": 61.0652122498,
            "dvar": 282447.90625,
            "dvar2": 951300,
            "max": 25597.6523438,
            "mean": 45.3248901367,
            "median": 2.21306562424,
            "min": -1.97088265419,
            "var": 464576.40625
        },
        "barkbands_skewness": {
            "dmean": 1.04678654671,
            "dmean2": 1.53631782532,
            "dvar": 5.57342147827,
            "dvar2": 15.4130153656,
            "max": 119.006767273,
            "mean": 2.28011417389,
            "median": 1.39793992043,
            "min": -10.3874807358,
            "var": 22.4998588562
        },
        "barkbands_spread": {
            "dmean": 9.17839241028,
            "dmean2": 13.9362201691,
            "dvar": 171.719680786,
            "dvar2": 389.249603271,
            "max": 125.525138855,
            "mean": 24.4368305206,
            "median": 19.8315887451,
            "min": 0.00306498352438,
            "var": 380.538665771
        },
        "dissonance": {
            "dmean": 0.0237831603736,
            "dmean2": 0.0396242141724,
            "dvar": 0.000569134776015,
            "dvar2": 0.00150468398351,
            "max": 0.500000059605,
            "mean": 0.457986712456,
            "median": 0.466199874878,
            "min": 0.231588125229,
            "var": 0.00110849062912
        },
        "dynamic_complexity": 3.14273715019,
        "erbbands": {
            "dmean": [
                0.364706277847,
                2.50797724724,
                4.605281353,
                7.11916017532,
                6.57774925232,
                4.36480569839,
                6.49232149124,
                7.81245517731,
                9.10141563416,
                7.77970647812,
                11.0256814957,
                19.9716281891,
                25.6258621216,
                34.5728416443,
                38.1690750122,
                24.6661911011,
                15.8857097626,
                17.8816394806,
                23.528087616,
                22.7410354614,
                19.0375614166,
                11.1351852417,
                7.56439256668,
                11.9094219208,
                15.0425949097,
                11.060790062,
                9.3440284729,
                5.66958379745,
                3.71437215805,
                3.8034529686,
                3.27972984314,
                3.09643173218,
                3.0332403183,
                3.06929063797,
                2.41822075844,
                1.44873142242,
                0.409613728523,
                0.0550859868526,
                0.00480732414871,
                0.000218116707401
            ],
            "dmean2": [
                0.456785649061,
                4.05642032623,
                7.44054746628,
                12.8586072922,
                11.8812675476,
                7.2303314209,
                10.6830186844,
                12.5210790634,
                14.7352638245,
                12.4814729691,
                16.9270610809,
                30.4791488647,
                40.1425590515,
                50.4798088074,
                56.7985801697,
                37.6048164368,
                23.4897193909,
                25.9584083557,
                35.447052002,
                33.4136543274,
                28.8920783997,
                16.7263221741,
                11.4355163574,
                17.8631248474,
                23.232837677,
                16.4995822906,
                13.7762670517,
                8.4662437439,
                5.74673604965,
                6.02954006195,
                5.13340377808,
                4.7511305809,
                4.72130537033,
                4.87623500824,
                3.85026264191,
                2.33369255066,
                0.673196792603,
                0.0899392962456,
                0.00775952124968,
                0.00034422025783
            ],
            "dvar": [
                0.512296795845,
                36.0374259949,
                148.07371521,
                578.622314453,
                411.158691406,
                91.7968063354,
                311.566833496,
                323.778564453,
                443.311157227,
                434.362609863,
                879.410461426,
                2455.63916016,
                3362.28051758,
                9208.11230469,
                9350.33105469,
                3312.25732422,
                1949.26184082,
                1539.18713379,
                2898.50268555,
                2509.44580078,
                1997.04870605,
                1442.80175781,
                672.548828125,
                737.477905273,
                973.285522461,
                571.286987305,
                322.180755615,
                154.078536987,
                125.297737122,
                100.569290161,
                74.0971069336,
                73.6836624146,
                59.1286506653,
                56.9522743225,
                29.8177375793,
                12.6602277756,
                1.1344717741,
                0.0183924026787,
                0.000137079885462,
                2.87422636802e-07
            ],
            "dvar2": [
                0.74505841732,
                95.8269577026,
                380.841369629,
                1655.75183105,
                1204.89599609,
                242.409210205,
                806.744140625,
                781.163513184,
                1055.07788086,
                964.39239502,
                1979.13671875,
                5286.22949219,
                8159.11230469,
                20672.3085938,
                21302.8359375,
                7619.33251953,
                4672.75585938,
                3204.89257813,
                6487.30371094,
                5345.80419922,
                4502.734375,
                2922.140625,
                1641.78320313,
                1617.99365234,
                2266.87231445,
                1240.87402344,
                695.21307373,
                330.873199463,
                285.954162598,
                227.94569397,
                174.693984985,
                166.48085022,
                129.580932617,
                136.448226929,
                73.5920562744,
                31.6800384521,
                2.92408227921,
                0.0453443229198,
                0.000332466966938,
                7.02529177943e-07
            ],
            "max": [
                8.60999298096,
                53.7736625671,
                103.887832642,
                255.92010498,
                200.894241333,
                155.702835083,
                372.460754395,
                358.655731201,
                366.786743164,
                698.861206055,
                740.563598633,
                1211.19372559,
                1263.82946777,
                2925.11572266,
                2150.69848633,
                1867.50671387,
                1391.38769531,
                1069.85095215,
                1474.28295898,
                1117.89807129,
                1271.47644043,
                1207.09033203,
                994.891418457,
                555.862792969,
                643.95880127,
                622.024047852,
                317.264221191,
                233.682128906,
                309.384246826,
                223.482254028,
                187.439239502,
                292.879272461,
                227.26725769,
                187.959640503,
                67.8424835205,
                30.9397315979,
                13.0848302841,
                1.59315013885,
                0.257540613413,
                0.00779068563133
            ],
            "mean": [
                0.750767409801,
                4.48050260544,
                6.60643577576,
                6.366771698,
                5.86942863464,
                5.62161588669,
                8.41980743408,
                11.8401279449,
                12.9923582077,
                11.3242750168,
                16.6912231445,
                30.2753429413,
                42.3996658325,
                64.4941711426,
                79.3433990479,
                48.0836601257,
                25.8252792358,
                29.8386821747,
                38.4469909668,
                37.4847183228,
                29.5110282898,
                18.4368686676,
                11.4985275269,
                19.3272724152,
                25.3438720703,
                20.4746398926,
                17.5913581848,
                8.6325969696,
                4.9346370697,
                4.84916877747,
                4.11089468002,
                4.03889226913,
                3.9293320179,
                3.7968416214,
                2.73093628883,
                1.43731629848,
                0.39003008604,
                0.0588336139917,
                0.00538780353963,
                0.00028862839099
            ],
            "median": [
                0.291097581387,
                0.808232486248,
                0.761320471764,
                1.11201345921,
                1.10244512558,
                1.39533364773,
                2.19264745712,
                3.45899987221,
                3.50474452972,
                3.25391483307,
                3.89570498466,
                6.90705347061,
                13.1497039795,
                14.6943912506,
                12.9921770096,
                9.93346786499,
                6.88206672668,
                8.67411804199,
                11.2762708664,
                11.6610412598,
                10.0521335602,
                4.69409656525,
                3.35658454895,
                6.96460580826,
                9.60926818848,
                7.9284787178,
                6.42796707153,
                2.70327806473,
                0.92328608036,
                0.6492882967,
                0.841747879982,
                0.917646288872,
                0.807521700859,
                0.791114270687,
                0.493828713894,
                0.128938257694,
                0.0238866303116,
                0.00491296965629,
                0.000601194624323,
                9.4565708423e-05
            ],
            "min": [
                7.97656830532e-23,
                6.65454685895e-22,
                3.02178286612e-21,
                1.23106334042e-20,
                2.75536382357e-20,
                1.74476544215e-20,
                4.56652747355e-20,
                1.84121822355e-19,
                1.89632241102e-19,
                2.87314620024e-19,
                2.60596660389e-19,
                4.89984261556e-19,
                7.71115499706e-19,
                1.11809351994e-18,
                9.95213565199e-19,
                1.23884255403e-18,
                1.84195730943e-18,
                3.05303616658e-18,
                2.41545176108e-18,
                3.96283702628e-18,
                5.29471940804e-18,
                6.10451061617e-18,
                7.63479681735e-18,
                7.34953365694e-18,
                6.23136083106e-18,
                6.49031344413e-18,
                1.00812728145e-17,
                9.79505426046e-18,
                1.44437877963e-17,
                1.30341868329e-17,
                1.21208338529e-17,
                1.16907181323e-17,
                1.03935674101e-17,
                8.39253975338e-18,
                6.55992276063e-18,
                4.33813424687e-18,
                2.43515913238e-18,
                1.01473554464e-18,
                2.59775140794e-19,
                2.8973545456e-20
            ],
            "var": [
                1.41610717773,
                66.5965652466,
                219.804626465,
                363.826629639,
                269.98638916,
                108.800506592,
                386.498535156,
                646.378173828,
                754.255493164,
                853.974060059,
                1574.34265137,
                4824.77783203,
                6592.86621094,
                22427.7226563,
                35478.5898438,
                14733.5449219,
                3483.47705078,
                4239.89550781,
                5954.24121094,
                5619.18505859,
                3616.91137695,
                4958.22265625,
                950.860717773,
                1383.18798828,
                1825.30297852,
                1196.62927246,
                802.048217773,
                271.634857178,
                184.936004639,
                150.171112061,
                99.6160888672,
                102.426849365,
                90.154548645,
                74.0106124878,
                32.7009887695,
                11.9670648575,
                1.00375473499,
                0.0195538513362,
                0.000151834610733,
                3.15977672471e-07
            ]
        },
        "erbbands_crest": {
            "dmean": 3.12322807312,
            "dmean2": 4.89180517197,
            "dvar": 9.0558757782,
            "dvar2": 21.0485057831,
            "max": 35.7713851929,
            "mean": 10.8582229614,
            "median": 9.60234069824,
            "min": 2.29090118408,
            "var": 28.4864635468
        },
        "erbbands_flatness_db": {
            "dmean": 0.0237217955291,
            "dmean2": 0.0325579158962,
            "dvar": 0.000558418920264,
            "dvar2": 0.00103721569758,
            "max": 0.422117382288,
            "mean": 0.163038879633,
            "median": 0.157740712166,
            "min": 0.0274959336966,
            "var": 0.00444947602227
        },
        "erbbands_kurtosis": {
            "dmean": 1.71476554871,
            "dmean2": 2.65619730949,
            "dvar": 27.793554306,
            "dvar2": 53.9254837036,
            "max": 319.892669678,
            "mean": 1.67760038376,
            "median": 0.362921416759,
            "min": -1.93124592304,
            "var": 69.4779510498
        },
        "erbbands_skewness": {
            "dmean": 0.520429551601,
            "dmean2": 0.763510346413,
            "dvar": 0.337148964405,
            "dvar2": 0.692092299461,
            "max": 16.6364421844,
            "mean": 0.432297766209,
            "median": 0.380146175623,
            "min": -6.7644329071,
            "var": 1.20774424076
        },
        "erbbands_spread": {
            "dmean": 13.000919342,
            "dmean2": 19.5137481689,
            "dvar": 285.331481934,
            "dvar2": 636.000488281,
            "max": 221.29977417,
            "mean": 41.7256660461,
            "median": 34.2901382446,
            "min": 2.39074277878,
            "var": 894.00769043
        },
        "gfcc": {
            "cov": [
                [
                    24275.0878906,
                    93.4656829834,
                    61.167350769,
                    1188.10131836,
                    73.3055038452,
                    1108.94152832,
                    64.4780731201,
                    643.38104248,
                    -316.355499268,
                    430.867492676,
                    -250.844070435,
                    -59.9179039001,
                    -364.715270996
                ],
                [
                    93.4656829834,
                    1971.70910645,
                    239.453536987,
                    373.68661499,
                    447.790100098,
                    57.7249488831,
                    256.481689453,
                    -36.5271682739,
                    110.649261475,
                    -102.340934753,
                    87.6389160156,
                    -194.788375854,
                    32.0086021423
                ],
                [
                    61.167350769,
                    239.453536987,
                    2615.04174805,
                    1000.8807373,
                    538.509521484,
                    557.572814941,
                    115.530006409,
                    183.991531372,
                    275.952209473,
                    -50.6867637634,
                    -109.712226868,
                    121.916595459,
                    -277.755737305
                ],
                [
                    1188.10131836,
                    373.68661499,
                    1000.8807373,
                    1120.4284668,
                    444.671142578,
                    309.251464844,
                    223.422348022,
                    206.077911377,
                    244.532608032,
                    -21.3729476929,
                    8.08209133148,
                    29.0842170715,
                    -63.0703125
                ],
                [
                    73.3055038452,
                    447.790100098,
                    538.509521484,
                    444.671142578,
                    623.839599609,
                    305.808685303,
                    254.63494873,
                    110.599197388,
                    153.226730347,
                    -7.63373041153,
                    9.41519165039,
                    4.90486431122,
                    -46.9822616577
                ],
                [
                    1108.94152832,
                    57.7249488831,
                    557.572814941,
                    309.251464844,
                    305.808685303,
                    569.58807373,
                    218.0884552,
                    116.783355713,
                    113.027816772,
                    16.0190811157,
                    10.7765111923,
                    39.560344696,
                    -84.2617950439
                ],
                [
                    64.4780731201,
                    256.481689453,
                    115.530006409,
                    223.422348022,
                    254.63494873,
                    218.0884552,
                    378.323608398,
                    115.783988953,
                    100.068466187,
                    27.8827781677,
                    46.4505462646,
                    -1.72536695004,
                    9.06646633148
                ],
                [
                    643.38104248,
                    -36.5271682739,
                    183.991531372,
                    206.077911377,
                    110.599197388,
                    116.783355713,
                    115.783988953,
                    265.742034912,
                    105.273292542,
                    41.0035858154,
                    18.3846797943,
                    19.1633167267,
                    12.4484958649
                ],
                [
                    -316.355499268,
                    110.649261475,
                    275.952209473,
                    244.532608032,
                    153.226730347,
                    113.027816772,
                    100.068466187,
                    105.273292542,
                    261.211791992,
                    19.9895153046,
                    43.1091880798,
                    54.4683990479,
                    -13.9982404709
                ],
                [
                    430.867492676,
                    -102.340934753,
                    -50.6867637634,
                    -21.3729476929,
                    -7.63373041153,
                    16.0190811157,
                    27.8827781677,
                    41.0035858154,
                    19.9895153046,
                    164.609115601,
                    40.7239608765,
                    14.0945596695,
                    30.8390407562
                ],
                [
                    -250.844070435,
                    87.6389160156,
                    -109.712226868,
                    8.08209133148,
                    9.41519165039,
                    10.7765111923,
                    46.4505462646,
                    18.3846797943,
                    43.1091880798,
                    40.7239608765,
                    174.673553467,
                    35.3840446472,
                    46.1097793579
                ],
                [
                    -59.9179039001,
                    -194.788375854,
                    121.916595459,
                    29.0842170715,
                    4.90486431122,
                    39.560344696,
                    -1.72536695004,
                    19.1633167267,
                    54.4683990479,
                    14.0945596695,
                    35.3840446472,
                    170.565155029,
                    -11.139005661
                ],
                [
                    -364.715270996,
                    32.0086021423,
                    -277.755737305,
                    -63.0703125,
                    -46.9822616577,
                    -84.2617950439,
                    9.06646633148,
                    12.4484958649,
                    -13.9982404709,
                    30.8390407562,
                    46.1097793579,
                    -11.139005661,
                    192.136581421
                ]
            ],
            "icov": [
                [
                    8.20648201625e-05,
                    -8.91661111382e-05,
                    0.00011819939391,
                    -0.000184083837667,
                    0.00012234193855,
                    -0.000260592292761,
                    0.000178064059583,
                    -0.000243749789661,
                    0.000285164278466,
                    -0.000310826406348,
                    0.000204775831662,
                    -0.000133620284032,
                    0.000217872962821
                ],
                [
                    -8.91661111382e-05,
                    0.000991041073576,
                    -0.000221966998652,
                    0.000131010936457,
                    -0.000671608606353,
                    0.000599277263973,
                    -0.000574561126996,
                    0.000751426734496,
                    -0.000574527832214,
                    0.000882797525264,
                    -0.000912995892577,
                    0.00129907403607,
                    -0.000424347992521
                ],
                [
                    0.00011819939391,
                    -0.000221966998652,
                    0.00100341043435,
                    -0.000797642569523,
                    2.42158257606e-05,
                    -0.000823506619781,
                    0.000731268199161,
                    -0.000433855195297,
                    0.000265620998107,
                    -0.000525865005329,
                    0.000791671278421,
                    -0.000689490465447,
                    0.000962227932177
                ],
                [
                    -0.000184083837667,
                    0.000131010936457,
                    -0.000797642569523,
                    0.0022622521501,
                    -0.000780250469688,
                    0.000656651740428,
                    -0.000640313781332,
                    -5.14212697453e-05,
                    -0.00124186731409,
                    0.00102466787212,
                    -0.000605289940722,
                    0.000528570497409,
                    -0.000730045663659
                ],
                [
                    0.00012234193855,
                    -0.000671608606353,
                    2.42158257606e-05,
                    -0.000780250469688,
                    0.00360806379467,
                    -0.00124316604342,
                    -0.000790338555817,
                    -0.000384427956305,
                    5.04860690853e-05,
                    -0.000550746161025,
                    0.000811346049886,
                    -0.000501919479575,
                    0.000390538480133
                ],
                [
                    -0.000260592292761,
                    0.000599277263973,
                    -0.000823506619781,
                    0.000656651740428,
                    -0.00124316604342,
                    0.00405800109729,
                    -0.00188276683912,
                    0.000553242047317,
                    -0.000837267842144,
                    0.000935378717259,
                    -0.0010862959316,
                    0.000500747468323,
                    3.78296645067e-05
                ],
                [
                    0.000178064059583,
                    -0.000574561126996,
                    0.000731268199161,
                    -0.000640313781332,
                    -0.000790338555817,
                    -0.00188276683912,
                    0.00522895622998,
                    -0.00160852714907,
                    0.000358603079803,
                    -0.00111933494918,
                    0.000141916578286,
                    -0.00034787284676,
                    0.000270752381766
                ],
                [
                    -0.000243749789661,
                    0.000751426734496,
                    -0.000433855195297,
                    -5.14212697453e-05,
                    -0.000384427956305,
                    0.000553242047317,
                    -0.00160852714907,
                    0.00631170161068,
                    -0.00225002295338,
                    0.000187372046639,
                    -0.000558201398235,
                    0.000974843162112,
                    -0.00141987216193
                ],
                [
                    0.000285164278466,
                    -0.000574527832214,
                    0.000265620998107,
                    -0.00124186731409,
                    5.04860690853e-05,
                    -0.000837267842144,
                    0.000358603079803,
                    -0.00225002295338,
                    0.00702976761386,
                    -0.00143356889021,
                    -0.000133977111545,
                    -0.00211565755308,
                    0.00103911710903
                ],
                [
                    -0.000310826406348,
                    0.000882797525264,
                    -0.000525865005329,
                    0.00102466787212,
                    -0.000550746161025,
                    0.000935378717259,
                    -0.00111933494918,
                    0.000187372046639,
                    -0.00143356889021,
                    0.00842670723796,
                    -0.00239320914261,
                    0.0010156231001,
                    -0.001668471843
                ],
                [
                    0.000204775831662,
                    -0.000912995892577,
                    0.000791671278421,
                    -0.000605289940722,
                    0.000811346049886,
                    -0.0010862959316,
                    0.000141916578286,
                    -0.000558201398235,
                    -0.000133977111545,
                    -0.00239320914261,
                    0.00831882096827,
                    -0.00266096903943,
                    -0.000538257590961
                ],
                [
                    -0.000133620284032,
                    0.00129907403607,
                    -0.000689490465447,
                    0.000528570497409,
                    -0.000501919479575,
                    0.000500747468323,
                    -0.00034787284676,
                    0.000974843162112,
                    -0.00211565755308,
                    0.0010156231001,
                    -0.00266096903943,
                    0.00860353186727,
                    -0.000422935379902
                ],
                [
                    0.000217872962821,
                    -0.000424347992521,
                    0.000962227932177,
                    -0.000730045663659,
                    0.000390538480133,
                    3.78296645067e-05,
                    0.000270752381766,
                    -0.00141987216193,
                    0.00103911710903,
                    -0.001668471843,
                    -0.000538257590961,
                    -0.000422935379902,
                    0.00747972447425
                ]
            ],
            "mean": [
                -16.8334388733,
                57.249584198,
                -106.251708984,
                15.8589887619,
                -46.480796814,
                17.5342407227,
                -28.3420410156,
                17.6428565979,
                -28.316947937,
                9.65571880341,
                -12.7444496155,
                -0.596716403961,
                1.8536336422
            ]
        },
        "hfc": {
            "dmean": 14.3674659729,
            "dmean2": 21.8548259735,
            "dvar": 558.817687988,
            "dvar2": 1304.39929199,
            "max": 246.563659668,
            "mean": 32.0335884094,
            "median": 26.4243011475,
            "min": 1.07672538619e-16,
            "var": 870.135986328
        },
        "melbands": {
            "dmean": [
                0.00293322838843,
                0.00260962219909,
                0.00122454424854,
                0.000365624116967,
                0.000207172095543,
                0.000177847992745,
                0.000135074369609,
                8.85600675247e-05,
                9.24934938666e-05,
                0.000137406401336,
                0.000131735680043,
                0.000145038124174,
                0.000137775583426,
                0.000108982960228,
                4.05539685744e-05,
                3.72956164938e-05,
                3.3502070437e-05,
                4.13773777836e-05,
                3.27073103108e-05,
                2.7710424547e-05,
                2.27979326155e-05,
                1.40129923238e-05,
                6.40767575533e-06,
                7.97045322543e-06,
                1.03743659565e-05,
                1.33654457386e-05,
                9.24814321479e-06,
                7.68544123275e-06,
