{
    "lowlevel": {
        "average_loudness": 0.538199841976,
        "barkbands": {
            "dmean": [
                0.00068149715662,
                0.00595216266811,
                0.00156955374405,
                0.000650683999993,
                0.00134781352244,
                0.00141902221367,
                0.000594571756665,
                0.00116194994189,
                0.00117628939915,
                0.000546911265701,
                0.000510137586389,
                0.000768495432567,
                0.000547835719772,
                0.0004749102809,
                0.000494446547236,
                0.000387592444895,
                0.000319894403219,
                0.000401518103899,
                0.000216864005779,
                0.000198659152375,
                0.000554909813218,
                0.000305214052787,
                0.000481231661979,
                0.000277301704045,
                0.000154704335728,
                7.44481949368e-05,
                2.77643102891e-05
            ],
            "dmean2": [
                0.000847555173095,
                0.00811436586082,
                0.00286981323734,
                0.00121223530732,
                0.00222085346468,
                0.00227127363905,
                0.000963338010479,
                0.00185608118773,
                0.00182208488695,
                0.000822691014037,
                0.000757025496569,
                0.00112596317194,
                0.000842303154059,
                0.0007345044869,
                0.000724533631001,
                0.000613684067503,
                0.000497174682096,
                0.000647731940262,
                0.000361768907169,
                0.000321210478432,
                0.000970400171354,
                0.000533318961971,
                0.000862353132106,
                0.000469662016258,
                0.000253373465966,
                0.000123451420222,
                4.71816165373e-05
            ],
            "dvar": [
                4.65206949229e-06,
                0.000393446680391,
                6.50942820357e-05,
                1.25037440739e-05,
                1.18861771625e-05,
                1.26009026644e-05,
                3.81565178031e-06,
                1.37011938932e-05,
                1.20507402244e-05,
                3.51670178134e-06,
                3.16216551255e-06,
                6.61500507704e-06,
                3.68938322026e-06,
                2.57903934653e-06,
                1.63139452525e-06,
                1.25437782117e-06,
                1.21059053981e-06,
                2.06083291232e-06,
                6.18559624854e-07,
                2.46036734097e-07,
                1.12288932996e-06,
                2.72417395308e-07,
                7.25355732811e-07,
                2.01318371751e-07,
                6.2493079156e-08,
                3.16749044771e-08,
                1.0656775018e-08
            ],
            "dvar2": [
                7.57883799452e-06,
                0.000728591810912,
                0.000186112098163,
                3.67991160601e-05,
                3.19771497743e-05,
                2.87842631224e-05,
                8.97283553059e-06,
                3.24912180076e-05,
                2.64641075773e-05,
                7.5167599789e-06,
                6.65988227411e-06,
                1.35101909109e-05,
                8.26981340651e-06,
                5.83463042858e-06,
                2.8870749702e-06,
                2.86713952846e-06,
                2.76317382486e-06,
                5.04492481923e-06,
                1.70193357008e-06,
                6.24220035661e-07,
                3.10123846248e-06,
                7.29857788428e-07,
                1.94709741663e-06,
                5.31835439688e-07,
                1.58940068218e-07,
                8.55970299085e-08,
                2.86254238091e-08
            ],
            "max": [
                0.0415391847491,
                0.24128523469,
                0.095701649785,
                0.0581062287092,
                0.0407808460295,
                0.0598675012589,
                0.0395989120007,
                0.0486712642014,
                0.0509960055351,
                0.047717384994,
                0.0304876677692,
                0.0554003417492,
                0.0419341139495,
                0.0448030270636,
                0.0334144458175,
                0.0184350050986,
                0.0168189629912,
                0.0178210549057,
                0.00941110681742,
                0.00616333121434,
                0.00762908533216,
                0.00646332604811,
                0.00534676620737,
                0.00417131464928,
                0.00330838863738,
                0.00199324730784,
                0.00117929431144
            ],
            "mean": [
                0.00370145170018,
                0.0169351771474,
                0.00150936585851,
                0.000533906160854,
                0.00191058136988,
                0.00182997132652,
                0.000719378353097,
                0.00130932650063,
                0.00140894087963,
                0.000709804124199,
                0.000658544711769,
                0.00100102042779,
                0.000642278406303,
                0.000548457552213,
                0.000948800763581,
                0.000450642895885,
                0.000394009141019,
                0.000427889695857,
                0.000234846331296,
                0.000248881231528,
                0.000477749359561,
                0.000235018378589,
                0.000339207035722,
                0.000295723642921,
                0.000186790333828,
                8.23566515464e-05,
                2.50627472269e-05
            ],
            "median": [
                6.59884108245e-07,
                2.77937260762e-06,
                1.5653107539e-06,
                3.23056929119e-06,
                0.000308539019898,
                0.000120112912555,
                6.64824619889e-05,
                9.24794730963e-05,
                9.17855795706e-05,
                4.18833988078e-05,
                3.83597980544e-05,
                3.57645985787e-05,
                8.17119434942e-05,
                6.20893988525e-05,
                0.000118476164062,
                6.52608578093e-05,
                6.62512757117e-05,
                3.68956461898e-05,
                3.89373999496e-05,
                7.28679369786e-05,
                0.000101194731542,
                2.77595027001e-05,
                3.0657145544e-05,
                0.000129926324007,
                8.60300497152e-05,
                2.49313343375e-05,
                3.52677625415e-06
            ],
            "min": [
                2.93695676027e-24,
                2.54771129317e-24,
                4.10618067712e-23,
                9.86591573242e-24,
                3.19445153047e-23,
                5.1472820656e-23,
                2.95165245007e-23,
                5.69876399593e-23,
                6.69279689409e-23,
                5.13458771591e-23,
                5.82926178449e-23,
                8.71288034574e-23,
                1.29470552825e-22,
                1.78187724566e-22,
                1.57202585605e-22,
                1.18890476582e-22,
                1.01015260812e-22,
                1.79721901255e-22,
                2.32523151054e-22,
                4.67170849675e-22,
                3.93355708513e-22,
                4.2291274891e-22,
                6.16958546668e-22,
                7.54203885383e-22,
                1.1705562903e-21,
                1.7522060287e-21,
                2.55244450436e-21
            ],
            "var": [
                4.87475226691e-05,
                0.00115770229604,
                4.21466538683e-05,
                7.58615578889e-06,
                1.39941566886e-05,
                1.9828297809e-05,
                6.42804934614e-06,
                1.66506142705e-05,
                1.82199237315e-05,
                5.37669666301e-06,
                5.63842877455e-06,
                1.44029299918e-05,
                5.09904339197e-06,
                3.55721158485e-06,
                7.08221477908e-06,
                1.53071198383e-06,
                1.26702627767e-06,
                1.86144995951e-06,
                4.58396101521e-07,
                2.51228129855e-07,
                8.9398520231e-07,
                2.34700308965e-07,
                5.17424552982e-07,
                1.9080047764e-07,
                7.20431501122e-08,
                3.1810017731e-08,
                9.24437681959e-09
            ]
        },
        "barkbands_crest": {
            "dmean": 3.01116347313,
            "dmean2": 4.70984697342,
            "dvar": 9.57232379913,
            "dvar2": 21.7415943146,
            "max": 26.0984191895,
            "mean": 12.7399587631,
            "median": 12.1314563751,
            "min": 2.63181042671,
            "var": 28.0290603638
        },
        "barkbands_flatness_db": {
            "dmean": 0.0337475128472,
            "dmean2": 0.048341833055,
            "dvar": 0.00112406816334,
            "dvar2": 0.00205657514744,
            "max": 0.548671066761,
            "mean": 0.188884586096,
            "median": 0.179309874773,
            "min": 0.0349783040583,
            "var": 0.00511783314869
        },
        "barkbands_kurtosis": {
            "dmean": 10.1065855026,
            "dmean2": 15.5696029663,
            "dvar": 797.36517334,
            "dvar2": 1780.66540527,
            "max": 664.349975586,
            "mean": 13.0254440308,
            "median": 2.25462722778,
            "min": -1.96695637703,
            "var": 1254.95739746
        },
        "barkbands_skewness": {
            "dmean": 1.09757363796,
            "dmean2": 1.63899242878,
            "dvar": 1.91557168961,
            "dvar2": 4.0514216423,
            "max": 22.3280086517,
            "mean": 1.90133559704,
            "median": 1.34256100655,
            "min": -6.30449676514,
            "var": 7.47082281113
        },
        "barkbands_spread": {
            "dmean": 10.6159067154,
            "dmean2": 17.1168804169,
            "dvar": 171.551971436,
            "dvar2": 423.822052002,
            "max": 116.457588196,
            "mean": 22.6315746307,
            "median": 18.701965332,
            "min": 0.114095263183,
            "var": 287.63470459
        },
        "dissonance": {
            "dmean": 0.0222124233842,
            "dmean2": 0.0360449887812,
            "dvar": 0.000545716553461,
            "dvar2": 0.00136901100632,
            "max": 0.499999046326,
            "mean": 0.455327689648,
            "median": 0.465638995171,
            "min": 0.218394622207,
            "var": 0.00143833132461
        },
        "dynamic_complexity": 4.61655139923,
        "erbbands": {
            "dmean": [
                0.274373203516,
                1.16270565987,
                1.8444275856,
                2.00991439819,
                2.28489089012,
                5.14977169037,
                11.1718397141,
                10.8170185089,
                8.1253786087,
                13.6976652145,
                28.8746299744,
                26.5488700867,
                18.5509662628,
                16.0431041718,
                21.6179962158,
                29.1949501038,
                23.8642292023,
                24.4113483429,
                16.9161014557,
                31.4224624634,
                19.735496521,
                18.2663860321,
                20.1855278015,
                15.5864858627,
                9.01070690155,
                9.06691455841,
                14.3662605286,
                24.3633670807,
                10.9453430176,
                16.4124450684,
                12.0525827408,
                5.77799129486,
                4.850004673,
                2.11869359016,
                0.938384354115,
                0.375897616148,
                0.135958090425,
                0.032454483211,
                0.0045357933268,
                0.000262466521235
            ],
            "dmean2": [
                0.345768243074,
                1.61188542843,
                3.18391919136,
                3.71422743797,
                4.11105108261,
                8.40964317322,
                17.5211658478,
                17.3073196411,
                13.1074867249,
                21.423412323,
                45.4928245544,
                40.8821258545,
                28.2059822083,
                22.8738613129,
                31.1608142853,
                43.3254470825,
                35.9355621338,
                36.708530426,
                25.3762283325,
                45.5296821594,
                30.0014896393,
                28.2539596558,
                32.3919372559,
                25.2705516815,
                14.8735303879,
                14.4969997406,
                24.3198127747,
                42.8274116516,
                19.028087616,
                29.7184619904,
                21.3476142883,
                9.84822940826,
                8.23814964294,
                3.48334717751,
                1.53468167782,
                0.624077677727,
                0.226595580578,
                0.0544243454933,
                0.00771221378818,
                0.000444493460236
            ],
            "dvar": [
                0.75928324461,
                18.4520168304,
                77.6811218262,
                114.339881897,
                117.967422485,
                163.515548706,
                614.05255127,
                1172.19067383,
                875.443359375,
                1859.41784668,
                8317.49023438,
                6777.04052734,
                4281.55761719,
                3067.95703125,
                5427.97558594,
                9906.53710938,
                7034.64794922,
                6451.046875,
                2041.52893066,
                7224.02148438,
                3440.64746094,
                4224.69873047,
                5439.80908203,
                2705.53735352,
                1114.34326172,
                513.579589844,
                657.612426758,
                2372.77832031,
                352.633117676,
                765.965881348,
                434.429443359,
                89.8580322266,
                59.0233955383,
                9.89336585999,
                2.85102415085,
                0.679122984409,
                0.109955005348,
                0.00952362827957,
                0.000291762495181,
                1.13633541332e-06
            ],
            "dvar2": [
                1.24966919422,
                38.3588066101,
                207.962127686,
                333.496307373,
                344.814239502,
                429.696075439,
                1410.6920166,
                2611.17041016,
                2078.44042969,
                4365.11767578,
                20053.5,
                14911.2705078,
                10186.5068359,
                6095.75830078,
                10913.0976562,
                20943.5800781,
                15316.9628906,
                14307.1103516,
                4594.81347656,
                12569.8574219,
                7519.66650391,
                9685.36914062,
                13074.5117188,
                7030.06347656,
                3063.45092773,
                1296.92614746,
                1700.68933105,
                6575.45849609,
                945.771606445,
                2072.04394531,
                1154.63317871,
                237.650482178,
                155.973266602,
                25.1846179962,
                7.27017736435,
                1.79650712013,
                0.301695734262,
                0.0265212226659,
                0.000781006121542,
                2.94978644888e-06
            ],
            "max": [
                12.402920723,
                55.4853439331,
                105.933563232,
                169.56968689,
                133.486862183,
                185.629806519,
                349.883911133,
                755.809692383,
                647.120178223,
                847.631896973,
                1259.67797852,
                1359.76416016,
                1886.98205566,
                1299.09008789,
                1754.09082031,
                2127.04101562,
                2175.83740234,
                1944.8605957,
                984.163269043,
                2281.02734375,
                879.972473145,
                1000.73327637,
                919.032043457,
                614.073974609,
                430.877868652,
                271.356903076,
                342.121246338,
                292.056427002,
                255.505599976,
                150.437713623,
                172.12852478,
                90.5243377686,
                64.7872314453,
                39.900970459,
                23.8745613098,
                10.3069591522,
                4.46785640717,
                1.20647513866,
                0.204859897494,
                0.012296541594
            ],
            "mean": [
                0.940564334393,
                2.0020775795,
                1.86748445034,
                2.00744581223,
                2.06651234627,
                7.04863548279,
                16.30443573,
                13.1515493393,
                8.79826164246,
                18.3589191437,
                33.8012428284,
                32.2069129944,
                23.5064640045,
                24.0856170654,
                32.4389038086,
                38.1405258179,
                30.6659183502,
                30.1487541199,
                21.3970394135,
                63.6746292114,
                26.0442619324,
                23.3026428223,
                21.9413986206,
                17.7448101044,
                10.5769357681,
                11.7224330902,
                15.213596344,
                19.2539691925,
                8.56146812439,
                11.2409725189,
                8.78616523743,
                5.55263137817,
                5.2650551796,
                2.58227849007,
                1.06151521206,
                0.396635293961,
                0.151556149125,
                0.0343384481966,
                0.00411330210045,
                0.000257124600466
            ],
            "median": [
                0.000142261618748,
                0.000591066142078,
                0.00348121859133,
                0.0267311930656,
                0.144501149654,
                1.07153058052,
                1.80039763451,
                1.05458545685,
                0.776572585106,
                3.62510585785,
                2.67945218086,
                2.94711971283,
                1.93040752411,
                1.7802529335,
                1.99065673351,
                1.95159006119,
                3.90277504921,
                4.5438451767,
                3.15467691422,
                9.463306427,
                4.57943534851,
                4.14821720123,
                2.57505512238,
                2.73439049721,
                2.14133763313,
                3.67458033562,
                4.72824621201,
                2.86719226837,
                1.07552146912,
                0.835267543793,
                0.930478096008,
                1.71595883369,
                2.52920484543,
                1.28928470612,
                0.386155426502,
                0.108689814806,
                0.0412213690579,
                0.00862035248429,
                0.000633508199826,
                6.8825778726e-05
            ],
            "min": [
                1.89151187209e-22,
                8.20701956685e-22,
                2.94463793424e-20,
                5.65552949078e-20,
                5.59697673564e-20,
                1.46751392018e-19,
                1.99910696921e-19,
                5.2265200209e-19,
                4.48388347081e-19,
                6.26875466802e-19,
                1.18180752021e-18,
                1.03706342412e-18,
                2.09747360744e-18,
                2.71208162387e-18,
                2.21465408097e-18,
                3.73515721704e-18,
                5.39296406299e-18,
                7.81724639069e-18,
                7.53550536534e-18,
                7.5476326603e-18,
                7.97359345263e-18,
                5.79639700493e-18,
                1.0082461473e-17,
                8.70041803173e-18,
                1.99841194621e-17,
                2.06799040887e-17,
                1.8068696727e-17,
                1.22751352972e-17,
                1.30078469207e-17,
                1.7844256157e-17,
                1.66415355463e-17,
                1.28062787218e-17,
                1.51985007698e-17,
                1.05800883664e-17,
                1.03833500752e-17,
                5.57238574171e-18,
                3.82162943751e-18,
                1.4549587919e-18,
                3.50664867622e-19,
                3.75887510892e-20
            ],
            "var": [
                3.11236929893,
                31.5659389496,
                60.2531013489,
                73.8471221924,
                74.2692489624,
                209.01600647,
                1137.59619141,
                1694.71801758,
                1061.11352539,
                3236.77685547,
                10357.9707031,
                9864.17480469,
                5716.39355469,
                5805.79541016,
                12881.7412109,
                18016.4492188,
                10696.4150391,
                9111.07128906,
                2882.28735352,
                32436.7070312,
                4543.9453125,
                4384.72753906,
                4985.15039062,
                2298.67724609,
                856.896911621,
                538.598571777,
                678.437011719,
                1809.44116211,
                309.582885742,
                547.226135254,
                323.513580322,
                82.6726303101,
                56.201713562,
                11.879784584,
                3.18097829819,
                0.695212066174,
                0.111877128482,
                0.00873352121562,
                0.000249780103331,
                9.59026124292e-07
            ]
        },
        "erbbands_crest": {
            "dmean": 3.73827648163,
            "dmean2": 6.03744411469,
            "dvar": 11.223982811,
            "dvar2": 26.6038799286,
            "max": 34.9167289734,
            "mean": 11.8004703522,
            "median": 10.6258745193,
            "min": 2.39050841331,
            "var": 31.2357196808
        },
        "erbbands_flatness_db": {
            "dmean": 0.0279339607805,
            "dmean2": 0.0423645675182,
            "dvar": 0.000667367246933,
            "dvar2": 0.00147361098789,
            "max": 0.55495518446,
            "mean": 0.187215939164,
            "median": 0.180411159992,
            "min": 0.0423157587647,
            "var": 0.00447303242981
        },
        "erbbands_kurtosis": {
            "dmean": 2.07110404968,
            "dmean2": 3.42272472382,
            "dvar": 14.1418428421,
            "dvar2": 33.1084098816,
            "max": 109.556129456,
            "mean": 1.39032256603,
            "median": 0.0849696397781,
            "min": -1.88819074631,
            "var": 27.4447002411
        },
        "erbbands_skewness": {
            "dmean": 0.694077789783,
            "dmean2": 1.08931457996,
            "dvar": 0.52516067028,
            "dvar2": 1.28538918495,
            "max": 4.57610321045,
            "mean": 0.0631374120712,
            "median": 0.0977587401867,
            "min": -9.14522743225,
            "var": 1.38302946091
        },
        "erbbands_spread": {
            "dmean": 15.5790805817,
            "dmean2": 24.5274791718,
            "dvar": 290.126708984,
            "dvar2": 717.097717285,
            "max": 211.471237183,
            "mean": 43.7042160034,
            "median": 37.8144264221,
            "min": 0.728988111019,
            "var": 789.479919434
        },
        "gfcc": {
            "cov": [
                [
                    22856.4667969,
                    46.8400535583,
                    1160.31811523,
                    2135.89160156,
                    43.6575279236,
                    547.36529541,
                    111.946357727,
                    596.903137207,
                    -316.903381348,
                    358.107879639,
                    223.013137817,
                    453.836578369,
                    388.256774902
                ],
                [
                    46.8400535583,
                    3237.89038086,
                    419.676025391,
                    616.943481445,
                    1094.08398438,
                    118.328613281,
                    437.524993896,
                    190.014068604,
                    192.765884399,
                    -64.5357589722,
                    196.169799805,
                    -241.677185059,
                    114.296829224
                ],
                [
                    1160.31811523,
                    419.676025391,
                    2700.62182617,
                    1319.6418457,
                    698.284179688,
                    916.178283691,
                    324.141906738,
                    363.260345459,
                    378.849975586,
                    158.359390259,
                    82.6115036011,
                    100.643547058,
                    -103.384216309
                ],
                [
                    2135.89160156,
                    616.943481445,
                    1319.6418457,
                    1613.82080078,
                    691.950317383,
                    601.634399414,
                    385.2421875,
                    210.118057251,
                    367.97052002,
                    98.1839599609,
                    75.9767608643,
                    52.391166687,
                    -34.3001365662
                ],
                [
                    43.6575279236,
                    1094.08398438,
                    698.284179688,
                    691.950317383,
                    1160.05102539,
                    469.759399414,
                    429.264862061,
                    360.030303955,
                    302.596038818,
                    115.51109314,
                    164.13621521,
                    -22.0425205231,
                    22.9259757996
                ],
                [
                    547.36529541,
                    118.328613281,
                    916.178283691,
                    601.634399414,
                    469.759399414,
                    866.177612305,
                    450.073913574,
                    220.43888855,
                    244.668502808,
                    113.206161499,
                    111.149345398,
                    80.6232070923,
                    -71.9904632568
                ],
                [
                    111.946357727,
                    437.524993896,
                    324.141906738,
                    385.2421875,
                    429.264862061,
                    450.073913574,
                    692.485534668,
                    221.74961853,
                    130.811462402,
                    133.726211548,
                    142.706832886,
                    29.9604759216,
                    21.084777832
                ],
                [
                    596.903137207,
                    190.014068604,
                    363.260345459,
                    210.118057251,
                    360.030303955,
                    220.43888855,
                    221.74961853,
                    421.204956055,
                    163.266036987,
                    138.2865448,
                    131.467575073,
                    42.8293304443,
                    62.1938552856
                ],
                [
                    -316.903381348,
                    192.765884399,
                    378.849975586,
                    367.97052002,
                    302.596038818,
                    244.668502808,
                    130.811462402,
                    163.266036987,
                    444.420440674,
                    96.2965545654,
                    50.9452705383,
                    43.9489440918,
                    -18.7833061218
                ],
                [
                    358.107879639,
                    -64.5357589722,
                    158.359390259,
                    98.1839599609,
                    115.51109314,
                    113.206161499,
                    133.726211548,
                    138.2865448,
                    96.2965545654,
                    216.906158447,
                    89.5970993042,
                    51.1587295532,
                    50.6763877869
                ],
                [
                    223.013137817,
                    196.169799805,
                    82.6115036011,
                    75.9767608643,
                    164.13621521,
                    111.149345398,
                    142.706832886,
                    131.467575073,
                    50.9452705383,
                    89.5970993042,
                    243.963119507,
                    80.3368759155,
                    53.4042205811
                ],
                [
                    453.836578369,
                    -241.677185059,
                    100.643547058,
                    52.391166687,
                    -22.0425205231,
                    80.6232070923,
                    29.9604759216,
                    42.8293304443,
                    43.9489440918,
                    51.1587295532,
                    80.3368759155,
                    169.133666992,
                    28.9509506226
                ],
                [
                    388.256774902,
                    114.296829224,
                    -103.384216309,
                    -34.3001365662,
                    22.9259757996,
                    -71.9904632568,
                    21.084777832,
                    62.1938552856,
                    -18.7833061218,
                    50.6763877869,
                    53.4042205811,
                    28.9509506226,
                    205.875305176
                ]
            ],
            "icov": [
                [
                    7.42872434785e-05,
                    -4.68227481178e-05,
                    6.08708614891e-05,
                    -0.000188766018255,
                    0.000106093655631,
                    -8.85146582732e-05,
                    0.000122903336887,
                    -0.000195482076379,
                    0.000227091295528,
                    -0.000133997018565,
                    9.40956088016e-05,
                    -0.000214541709283,
                    -5.18200613442e-05
                ],
                [
                    -4.68227481178e-05,
                    0.000742636504583,
                    -0.000168101047166,
                    9.20145248529e-05,
                    -0.000661586294882,
                    0.000453556305729,
                    -0.000420521188062,
                    0.000453345710412,
                    -0.000343590247212,
                    0.000761564413551,
                    -0.00080334302038,
                    0.00123111577705,
                    -0.000438232615124
                ],
                [
                    6.08708614891e-05,
                    -0.000168101047166,
                    0.000927436223719,
                    -0.000660996302031,
                    0.000171871797647,
                    -0.000811214151327,
                    0.000598460494075,
                    -0.0006312460755,
                    0.000366870721336,
                    -0.000439520284999,
                    0.000402123871027,
                    -0.000486744189402,
                    0.000266530521913
                ],
                [
                    -0.000188766018255,
                    9.20145248529e-05,
                    -0.000660996302031,
                    0.00181372696534,
                    -0.000648542889394,
                    0.000214098909055,
                    -0.000649024092127,
                    0.000928159919567,
                    -0.00106834399048,
                    0.000478150846902,
                    -8.13734150142e-05,
                    0.000340233294992,
                    -3.35879121849e-05
                ],
                [
                    0.000106093655631,
                    -0.000661586294882,
                    0.000171871797647,
                    -0.000648542889394,
                    0.0024497276172,
                    -0.000686670362484,
                    0.000107015344838,
                    -0.00138363568112,
                    3.08488415612e-05,
                    -0.000381827674573,
                    6.35850083199e-05,
                    -9.90351472865e-05,
                    0.00013382389443
                ],
                [
                    -8.85146582732e-05,
                    0.000453556305729,
                    -0.000811214151327,
                    0.000214098909055,
                    -0.000686670362484,
                    0.00329979532398,
                    -0.00175742537249,
                    0.000469388876809,
                    -0.000786908960436,
                    0.000615859695245,
                    -0.000562109402381,
                    -8.7237376647e-06,
                    0.000735604204237
                ],
                [
                    0.000122903336887,
                    -0.000420521188062,
                    0.000598460494075,
                    -0.000649024092127,
                    0.000107015344838,
                    -0.00175742537249,
                    0.00324891461059,
                    -0.000928095134441,
                    0.000902776082512,
                    -0.00131827918813,
                    -1.50995956574e-05,
                    -0.000400199118303,
                    -1.76850317075e-05
                ],
                [
                    -0.000195482076379,
                    0.000453345710412,
                    -0.0006312460755,
                    0.000928159919567,
                    -0.00138363568112,
                    0.000469388876809,
                    -0.000928095134441,
                    0.00514027290046,
                    -0.00136181735434,
                    -0.00055107078515,
                    -0.00143227097578,
                    0.00108334352262,
                    -0.000954379851464
                ],
                [
                    0.000227091295528,
                    -0.000343590247212,
                    0.000366870721336,
                    -0.00106834399048,
                    3.08488415612e-05,
                    -0.000786908960436,
                    0.000902776082512,
                    -0.00136181735434,
                    0.00419051758945,
                    -0.001551927533,
                    0.000910839822609,
                    -0.0015712758759,
                    0.000558083411306
                ],
                [
                    -0.000133997018565,
                    0.000761564413551,
                    -0.000439520284999,
                    0.000478150846902,
                    -0.000381827674573,
                    0.000615859695245,
                    -0.00131827918813,
                    -0.00055107078515,
                    -0.001551927533,
                    0.00785163417459,
                    -0.00195249298122,
                    0.000791610684246,
                    -0.0014309079852
                ],
                [
                    9.40956088016e-05,
                    -0.00080334302038,
                    0.000402123871027,
                    -8.13734150142e-05,
                    6.35850083199e-05,
                    -0.000562109402381,
                    -1.50995956574e-05,
                    -0.00143227097578,
                    0.000910839822609,
                    -0.00195249298122,
                    0.00745511287823,
                    -0.00414295261726,
                    -0.000100046869193
                ],
                [
                    -0.000214541709283,
                    0.00123111577705,
                    -0.000486744189402,
                    0.000340233294992,
                    -9.90351472865e-05,
                    -8.7237376647e-06,
                    -0.000400199118303,
                    0.00108334352262,
                    -0.0015712758759,
                    0.000791610684246,
                    -0.00414295261726,
                    0.0106130028144,
                    -0.00150090269744
                ],
                [
                    -5.18200613442e-05,
                    -0.000438232615124,
                    0.000266530521913,
                    -3.35879121849e-05,
                    0.00013382389443,
                    0.000735604204237,
                    -1.76850317075e-05,
                    -0.000954379851464,
                    0.000558083411306,
                    -0.0014309079852,
                    -0.000100046869193,
                    -0.00150090269744,
                    0.00649917824194
                ]
            ],
            "mean": [
                -57.5160865784,
                29.3850345612,
                -125.104850769,
                6.57685661316,
                -66.1706771851,
                7.13446903229,
                -47.8888931274,
                6.3084769249,
                -20.1313533783,
                8.31420516968,
                -12.8625431061,
                0.373393565416,
                -0.25675880909
            ]
        },
        "hfc": {
            "dmean": 17.552236557,
            "dmean2": 28.6758346558,
            "dvar": 948.440856934,
            "dvar2": 2353.39282227,
            "max": 329.94909668,
            "mean": 27.4039020538,
            "median": 18.5372505188,
            "min": 1.20897621367e-16,
            "var": 1077.92224121
        },
        "melbands": {
            "dmean": [
                0.00193287397269,
                0.00103935215157,
                0.000356255128281,
                0.000246596900979,
                0.000350835558493,
                0.000244131239015,
                0.000126041282783,
                0.000166799232829,
                0.000246286916081,
                0.000159832707141,
                9.27504734136e-05,
                6.60137811792e-05,
                6.95976268617e-05,
                9.30003006943e-05,
                6.59445504425e-05,
                5.07035401824e-05,
                4.82918803755e-05,
                2.95896625175e-05,
                3.47425047948e-05,
                3.78419936169e-05,
                2.27167638513e-05,
                1.94816602743e-05,
                1.87793757505e-05,
                1.88961694221e-05,
                1.27253306346e-05,
                7.29901512386e-06,
                6.27391727903e-06,
