{
    "lowlevel": {
        "average_loudness": 0.948771297932,
        "barkbands": {
            "dmean": [
                0.00111747777555,
                0.0121519872919,
                0.00410524755716,
                0.00121884583496,
                0.00121564371511,
                0.000720352225471,
                0.00113942788448,
                0.000763414893299,
                0.00100170110818,
                0.000663686951157,
                0.000999852898531,
                0.000554414640646,
                0.000333462667186,
                0.000457282032585,
                0.000471627543448,
                0.000251947203651,
                0.000273300916888,
                0.000124162266729,
                0.000161812975421,
                0.000121474855405,
                0.000171968684299,
                0.000190798542462,
                0.000153279965161,
                0.000235636456637,
                0.000287689937977,
                0.00010863992793,
                1.20702525237e-05
            ],
            "dmean2": [
                0.00152113859076,
                0.0167362485081,
                0.00744226342067,
                0.00228863675147,
                0.00211271084845,
                0.00115826318506,
                0.00175567914266,
                0.00119836314116,
                0.0014526565792,
                0.00106819730718,
                0.00181616295595,
                0.000972216716036,
                0.000543423055205,
                0.00077601528028,
                0.000809701858088,
                0.000419018411776,
                0.000483866955619,
                0.00020882539684,
                0.000286028778646,
                0.000211606486118,
                0.000290504394798,
                0.000331648654537,
                0.00024975973065,
                0.000367769098375,
                0.000472316954983,
                0.000170578394318,
                1.86576307897e-05
            ],
            "dvar": [
                9.55994892138e-06,
                0.000967692176346,
                0.000292397220619,
                2.7626823794e-05,
                9.15960936254e-06,
                1.94562380784e-06,
                6.20447463007e-06,
                2.67603377324e-06,
                5.27213205714e-06,
                2.71620410786e-06,
                8.32911882753e-06,
                2.36401388065e-06,
                5.30362171958e-07,
                9.80522031568e-07,
                1.020058221e-06,
                2.89331666181e-07,
                4.12539321815e-07,
                7.15110388683e-08,
                1.71813638872e-07,
                9.70370521713e-08,
                2.11588911725e-07,
                3.5194076986e-07,
                1.86064255558e-07,
                3.8370038169e-07,
                7.25670474822e-07,
                9.1357726717e-08,
                1.02878627839e-09
            ],
            "dvar2": [
                1.79557446245e-05,
                0.0014542179415,
                0.000838377280161,
                8.16228202893e-05,
                2.5385617846e-05,
                4.59035800304e-06,
                1.50014184328e-05,
                6.54586210658e-06,
                1.1485260984e-05,
                6.3991656134e-06,
                2.349136048e-05,
                6.46095668344e-06,
                1.29553916395e-06,
                2.55621671386e-06,
                2.76986065728e-06,
                7.38784763143e-07,
                1.16369926673e-06,
                1.81942382937e-07,
                4.77066464555e-07,
                2.6674482001e-07,
                5.4648950254e-07,
                9.53884068622e-07,
                4.6940826337e-07,
                8.49018420013e-07,
                1.80693325547e-06,
                2.08498178722e-07,
                2.43598630156e-09
            ],
            "max": [
                0.0389313101768,
                0.283828735352,
                0.148500189185,
                0.0498426631093,
                0.0353908650577,
                0.0194718763232,
                0.0469725318253,
                0.0245902910829,
                0.0670322552323,
                0.0566207319498,
                0.0214417465031,
                0.0134170018137,
                0.012052340433,
                0.0128773991019,
                0.0147996721789,
                0.0103116510436,
                0.00533540220931,
                0.00350811332464,
                0.00339106330648,
                0.00288879754953,
                0.0038688776549,
                0.00422963313758,
                0.00354240229353,
                0.00420994544402,
                0.00559048727155,
                0.00201405538246,
                0.000245177245233
            ],
            "mean": [
                0.00171488733031,
                0.0249182917178,
                0.00310698105022,
                0.000901267747395,
                0.00130960880779,
                0.000850395590533,
                0.00180562702008,
                0.00113330350723,
                0.00157991272863,
                0.000904878717847,
                0.000924034684431,
                0.000503109127749,
                0.000436373404227,
                0.000541507615708,
                0.000659339362755,
                0.000340143218637,
                0.000359210534953,
                0.000191531449673,
                0.000196463995962,
                0.000135260881507,
                0.00016510002024,
                0.000153296074132,
                0.000132278015371,
                0.000213732302655,
                0.000223158305744,
                9.35472417041e-05,
                1.02800013337e-05
            ],
            "median": [
                3.35491567967e-05,
                0.00676234811544,
                2.9645540053e-05,
                2.76707141893e-05,
                0.000267898023594,
                9.9762386526e-05,
                0.000513869337738,
                0.000360828591511,
                0.000266553252004,
                0.00011846095731,
                8.44789319672e-05,
                4.97823639307e-05,
                5.63136309211e-05,
                5.78963336011e-05,
                0.000142020231578,
                7.61479168432e-05,
                0.000116153605632,
                4.78293550259e-05,
                4.45549994765e-05,
                1.37191882459e-05,
                1.43394299812e-05,
                2.41640118475e-05,
                1.05206327135e-05,
                1.0752279195e-05,
                7.83396171755e-06,
                5.0909429774e-06,
                3.00041676837e-07
            ],
            "min": [
                7.08892970853e-24,
                4.50180081086e-24,
                1.98526510345e-24,
                1.2237069897e-23,
                7.63376974559e-23,
                3.93656643171e-23,
                2.46633386158e-23,
                2.71812690293e-23,
                2.55815096006e-23,
                2.85327581539e-23,
                3.30535622296e-23,
                4.12827320009e-23,
                6.8089752795e-23,
                6.69365959238e-23,
                1.05091469192e-22,
                1.70356393127e-22,
                2.23679704762e-22,
                1.02707733485e-22,
                4.36629538061e-22,
                2.40950760363e-22,
                3.48850852057e-22,
                4.07380115552e-22,
                5.90330944398e-22,
                8.99647066624e-22,
                9.82669060209e-22,
                1.53719995687e-21,
                2.27201311109e-21
            ],
            "var": [
                1.56244150276e-05,
                0.00219858437777,
                0.000178346090252,
                1.53938799485e-05,
                7.17626016922e-06,
                2.70504119726e-06,
                1.02618087112e-05,
                4.00885164709e-06,
                1.06942061393e-05,
                4.83493158754e-06,
                5.47956187802e-06,
                1.82268195204e-06,
                8.06807179288e-07,
                1.20207675991e-06,
                1.24591690565e-06,
                3.64839991107e-07,
                3.74180558538e-07,
                1.08149613709e-07,
                1.41341445214e-07,
                8.60270716885e-08,
                1.71433171658e-07,
                2.38954839915e-07,
                1.54299428345e-07,
                3.72394026726e-07,
                5.81742369832e-07,
                8.52779749039e-08,
                9.51350886957e-10
            ]
        },
        "barkbands_crest": {
            "dmean": 3.0179028511,
            "dmean2": 4.58356380463,
            "dvar": 11.302271843,
            "dvar2": 22.3948841095,
            "max": 26.7570648193,
            "mean": 14.1192398071,
            "median": 13.0259170532,
            "min": 2.74401068687,
            "var": 39.7843704224
        },
        "barkbands_flatness_db": {
            "dmean": 0.0446750968695,
            "dmean2": 0.0591450370848,
            "dvar": 0.00244080764242,
            "dvar2": 0.00419168127701,
            "max": 0.763855516911,
            "mean": 0.231813311577,
            "median": 0.214479029179,
            "min": 0.0235392581671,
            "var": 0.0123262358829
        },
        "barkbands_kurtosis": {
            "dmean": 20.1473636627,
            "dmean2": 30.4762763977,
            "dvar": 4924.83203125,
            "dvar2": 10725.4335938,
            "max": 1256.44750977,
            "mean": 23.7678833008,
            "median": 3.07785391808,
            "min": -1.88299787045,
            "var": 6905.53173828
        },
        "barkbands_skewness": {
            "dmean": 1.2340811491,
            "dmean2": 1.7152402401,
            "dvar": 4.31207513809,
            "dvar2": 8.38181686401,
            "max": 29.7430648804,
            "mean": 2.51080513,
            "median": 1.69014954567,
            "min": -4.24821710587,
            "var": 10.1902151108
        },
        "barkbands_spread": {
            "dmean": 7.17721414566,
            "dmean2": 10.7592878342,
            "dvar": 107.613166809,
            "dvar2": 237.808181763,
            "max": 105.628944397,
            "mean": 16.9786510468,
            "median": 14.2289676666,
            "min": 0.0348485000432,
            "var": 193.345825195
        },
        "dissonance": {
            "dmean": 0.0352455936372,
            "dmean2": 0.0570158101618,
            "dvar": 0.00113171292469,
            "dvar2": 0.00279569672421,
            "max": 0.500000059605,
            "mean": 0.424391329288,
            "median": 0.437980353832,
            "min": 0.11804112792,
            "var": 0.00339033198543
        },
        "dynamic_complexity": 3.32194471359,
        "erbbands": {
            "dmean": [
                0.546540439129,
                2.62824845314,
                4.96790552139,
                4.28970861435,
                3.5884540081,
                4.26419973373,
                5.96102905273,
                5.90867948532,
                15.7487773895,
                15.5749740601,
                15.9072284698,
                26.7992973328,
                15.6618347168,
                30.0493240356,
                42.9571914673,
                15.8073720932,
                15.4121742249,
                25.4189739227,
                25.0070362091,
                14.2457132339,
                15.0581083298,
                14.6815834045,
                7.94277954102,
                9.42015075684,
                5.65037155151,
                5.9007692337,
                5.77116250992,
                7.92963790894,
                6.91398668289,
                4.64273786545,
                4.72406148911,
                4.35447645187,
                4.27392578125,
                4.07134199142,
                1.52088451385,
                0.502738118172,
                0.202582225204,
                0.0363114997745,
                0.00183129473589,
                5.66833077755e-05
            ],
            "dmean2": [
                0.689851522446,
                3.61731934547,
                8.52853965759,
                7.91529035568,
                6.46575117111,
                7.46518278122,
                9.99301815033,
                9.30305671692,
                24.0049705505,
                24.3242912292,
                24.1469535828,
                38.5671157837,
                24.5079231262,
                52.2265701294,
                76.2532119751,
                26.7535972595,
                25.1851329803,
                43.1229286194,
                42.9743919373,
                23.0568141937,
                25.9735355377,
                26.1294841766,
                13.5208902359,
                16.4701347351,
                9.58531093597,
                10.2177219391,
                9.52318000793,
                13.8458309174,
                12.3703737259,
                7.53793716431,
                7.58383560181,
                6.66096258163,
                6.76166915894,
                6.81672525406,
                2.46136927605,
                0.791370987892,
                0.319532394409,
                0.056060552597,
                0.00291111296974,
                8.70327712619e-05
            ],
            "dvar": [
                1.99685537815,
                49.0060920715,
                353.846557617,
                337.513122559,
                170.506210327,
                108.662010193,
                177.515777588,
                143.591934204,
                1301.90490723,
                1136.43469238,
                1093.24816895,
                4086.74633789,
                2147.2512207,
                6030.56201172,
                14053.171875,
                1556.28088379,
                1149.11657715,
                3226.20214844,
                3252.62817383,
                770.006835938,
                1394.97680664,
                1332.63256836,
                279.372344971,
                613.766235352,
                146.915054321,
                216.428207397,
                213.747833252,
                521.807434082,
                483.507598877,
                165.675292969,
                174.813232422,
                122.119407654,
                136.289596558,
                156.931549072,
                18.4241695404,
                1.8889964819,
                0.324619650841,
                0.00909679196775,
                2.47676980507e-05,
                1.54071173597e-08
            ],
            "dvar2": [
                3.06572604179,
                94.9188842773,
                971.895751953,
                987.458374023,
                493.582458496,
                302.458740234,
                460.224182129,
                332.943664551,
                3117.14013672,
                2798.79077148,
                2596.30834961,
                9027.89550781,
                4592.14599609,
                16932.0449219,
                38795.1171875,
                4119.59082031,
                2828.34692383,
                8548.21289063,
                8865.95898438,
                1841.93225098,
                3875.72680664,
                3790.59936523,
                751.093383789,
                1678.00158691,
                396.172210693,
                593.264282227,
                540.932739258,
                1403.84790039,
                1349.90966797,
                411.758544922,
                431.367675781,
                257.436584473,
                315.640441895,
                403.749145508,
                44.0960578918,
                4.35837841034,
                0.737984001637,
                0.0197568628937,
                5.82581269555e-05,
                3.5006131327e-08
            ],
            "max": [
                14.2807884216,
                64.1109161377,
                165.58984375,
                169.706558228,
                148.969985962,
                104.500144958,
                221.320968628,
                189.486221313,
                632.535644531,
                845.355041504,
                558.639892578,
                1967.83837891,
                2224.53295898,
                712.37286377,
                789.502563477,
                649.924865723,
                552.012207031,
                760.636230469,
                923.781799316,
                451.456054688,
                494.551849365,
                302.588806152,
                169.182479858,
                199.486938477,
                117.907272339,
                122.423408508,
                191.52897644,
                190.547622681,
                153.410949707,
                98.0869827271,
                95.8885650635,
                80.9090652466,
                74.3905944824,
                84.9663848877,
                27.6764030457,
                9.2910528183,
                3.66390824318,
                0.60993874073,
                0.0344750471413,
                0.000811478996184
            ],
            "mean": [
                0.965716063976,
                4.52904129028,
                4.62165212631,
                3.21918034554,
                3.32572841644,
                4.52688360214,
                6.3477191925,
                7.24386453629,
                25.3358001709,
                24.0330677032,
                25.7567424774,
                42.5103378296,
                22.2703151703,
                33.2131996155,
                41.2667579651,
                18.3904876709,
                20.6786651611,
                31.5720424652,
                32.3377456665,
                25.806596756,
                19.0475997925,
                17.5212211609,
                12.2590837479,
                11.0705652237,
                8.31902599335,
                7.24598646164,
                5.87449932098,
                6.75697660446,
                5.38218688965,
                4.16561889648,
                4.12075710297,
                4.26300382614,
                3.60617446899,
                3.0062816143,
                1.24463307858,
                0.437593519688,
                0.171676486731,
                0.0317706651986,
                0.00153050071094,
                8.14361410448e-05
            ],
            "median": [
                0.170056268573,
                0.638902306557,
                0.302533388138,
                0.172992631793,
                0.454079538584,
                0.69110763073,
                0.812049865723,
                1.7612786293,
                6.16825819016,
                9.40999794006,
                8.66268730164,
                8.31190395355,
                4.90472078323,
                8.47972297668,
                6.70009708405,
                3.97543311119,
                3.96687555313,
                4.60312891006,
                6.4785823822,
                8.32612228394,
                6.46160316467,
                5.91236591339,
                5.22404098511,
                3.50742483139,
                2.44787311554,
                0.996052384377,
                0.548161268234,
                0.644671916962,
                0.820375442505,
                0.606304347515,
                0.367888182402,
                0.219254776835,
                0.134302794933,
                0.0768655017018,
                0.0549680553377,
                0.0286677721888,
                0.00687572779134,
                0.000994879403152,
                7.62374547776e-05,
                3.732305413e-05
            ],
            "min": [
                2.87867738898e-22,
                8.04954374507e-22,
                3.08259013272e-21,
                2.1137167528e-20,
                1.86104083145e-19,
                2.22437784756e-19,
                1.09456015397e-19,
                3.96293830421e-19,
                2.67962962238e-19,
                5.06004992262e-19,
                6.51402250844e-19,
                5.4949473675e-19,
                8.76599794467e-19,
                1.23640185423e-18,
                2.08322583498e-18,
                1.93490283858e-18,
                4.11599572055e-18,
                3.82714342347e-18,
                3.98159293308e-18,
                7.54378544327e-18,
                7.17546425037e-18,
                9.46113137334e-18,
                8.22877619007e-18,
                1.2778062764e-17,
                2.27933637887e-17,
                1.34897532466e-17,
                1.36633064924e-17,
                1.49851791616e-17,
                1.70860193941e-17,
                1.62609083875e-17,
                1.41844220065e-17,
                1.63400017433e-17,
                1.51617491351e-17,
                1.00426964194e-17,
                7.59029780911e-18,
                6.51613967721e-18,
                2.56780457463e-18,
                1.25337043052e-18,
                2.65492483941e-19,
                3.46718763736e-20
            ],
            "var": [
                3.95625019073,
                82.6635055542,
                247.777008057,
                192.789718628,
                104.864524841,
                87.3366165161,
                186.233139038,
                201.911697388,
                2248.66162109,
                1673.10583496,
                1910.12145996,
                7949.71435547,
                4610.86376953,
                5216.39550781,
                9778.00390625,
                1594.68359375,
                1689.2512207,
                3915.94287109,
                3614.66015625,
                1571.9630127,
                1231.73168945,
                1003.58880615,
                331.614044189,
                492.576629639,
                203.942596436,
                216.94241333,
                191.978302002,
                367.625701904,
                304.573425293,
                139.271057129,
                148.68939209,
                129.570480347,
                123.282272339,
                117.584091187,
                15.8990879059,
                1.75097477436,
                0.301698744297,
                0.00917530991137,
                2.24126270041e-05,
                1.7144420994e-08
            ]
        },
        "erbbands_crest": {
            "dmean": 2.65850782394,
            "dmean2": 4.15573835373,
            "dvar": 7.05608320236,
            "dvar2": 16.2701778412,
            "max": 30.7261600494,
            "mean": 10.8632450104,
            "median": 10.2040691376,
            "min": 2.54591155052,
            "var": 17.054851532
        },
        "erbbands_flatness_db": {
            "dmean": 0.0317059978843,
            "dmean2": 0.0399278402328,
            "dvar": 0.00136264238972,
            "dvar2": 0.00209805020131,
            "max": 0.601367175579,
            "mean": 0.210478022695,
            "median": 0.205272883177,
            "min": 0.0460442826152,
            "var": 0.00613341806456
        },
        "erbbands_kurtosis": {
            "dmean": 1.91790306568,
            "dmean2": 2.96587395668,
            "dvar": 12.0538253784,
            "dvar2": 27.3992366791,
            "max": 49.550453186,
            "mean": 2.00069665909,
            "median": 0.586087226868,
            "min": -1.88339650631,
            "var": 21.4160728455
        },
        "erbbands_skewness": {
            "dmean": 0.516567111015,
            "dmean2": 0.745685040951,
            "dvar": 0.347984433174,
            "dvar2": 0.680809497833,
            "max": 6.49784469604,
            "mean": 0.422979861498,
            "median": 0.317340821028,
            "min": -3.60312533379,
            "var": 1.19586229324
        },
        "erbbands_spread": {
            "dmean": 10.7279205322,
            "dmean2": 15.2789077759,
            "dvar": 217.820037842,
            "dvar2": 460.064758301,
            "max": 217.798477173,
            "mean": 30.9782314301,
            "median": 25.7579021454,
            "min": 1.13920676708,
            "var": 495.880371094
        },
        "gfcc": {
            "cov": [
                [
                    14733.8515625,
                    -2586.83666992,
                    748.943969727,
                    721.268737793,
                    -448.548034668,
                    970.109069824,
                    -888.754455566,
                    329.33203125,
                    -807.374755859,
                    310.922912598,
                    -420.393005371,
                    396.720397949,
                    -244.453674316
                ],
                [
                    -2586.83666992,
                    2679.79003906,
                    655.534362793,
                    114.912834167,
                    1034.62438965,
                    26.6551494598,
                    736.81628418,
                    105.67980957,
                    602.035522461,
                    10.2086734772,
                    419.067779541,
                    -126.241920471,
                    86.8048934937
                ],
                [
                    748.943969727,
                    655.534362793,
                    3177.7487793,
                    309.767059326,
                    399.897766113,
                    520.421081543,
                    -49.017791748,
                    319.58883667,
                    -141.141647339,
                    275.950592041,
                    -77.544052124,
                    15.8623523712,
                    -66.4370346069
                ],
                [
                    721.268737793,
                    114.912834167,
                    309.767059326,
                    1551.40820313,
                    808.968566895,
                    431.299041748,
                    702.522277832,
                    106.221099854,
                    263.140563965,
                    -40.5647697449,
                    171.630599976,
                    96.8101577759,
                    286.927246094
                ],
                [
                    -448.548034668,
                    1034.62438965,
                    399.897766113,
                    808.968566895,
                    1378.92321777,
                    541.106689453,
                    747.254882813,
                    189.634490967,
                    371.158355713,
                    44.001121521,
                    340.052429199,
                    58.9667053223,
                    186.971603394
                ],
                [
                    970.109069824,
                    26.6551494598,
                    520.421081543,
                    431.299041748,
                    541.106689453,
                    637.113708496,
                    322.923309326,
                    161.783294678,
                    36.5559196472,
                    72.8560333252,
                    123.043617249,
                    88.0092926025,
                    40.7945709229
                ],
                [
                    -888.754455566,
                    736.81628418,
                    -49.017791748,
                    702.522277832,
                    747.254882813,
                    322.923309326,
                    1065.85058594,
                    193.062667847,
                    426.032318115,
                    61.8682823181,
                    272.53817749,
                    49.2545852661,
                    204.298400879
                ],
                [
                    329.33203125,
                    105.67980957,
                    319.58883667,
                    106.221099854,
                    189.634490967,
                    161.783294678,
                    193.062667847,
                    302.930908203,
                    172.826126099,
                    163.747375488,
                    51.6817359924,
                    5.05608654022,
                    -2.08857440948
                ],
                [
                    -807.374755859,
                    602.035522461,
                    -141.141647339,
                    263.140563965,
                    371.158355713,
                    36.5559196472,
                    426.032318115,
                    172.826126099,
                    535.772338867,
                    111.754608154,
                    203.273712158,
                    -20.7421951294,
                    94.2105484009
                ],
                [
                    310.922912598,
                    10.2086734772,
                    275.950592041,
                    -40.5647697449,
                    44.001121521,
                    72.8560333252,
                    61.8682823181,
                    163.747375488,
                    111.754608154,
                    256.937683105,
                    50.3373222351,
                    26.0939731598,
                    -9.26515197754
                ],
                [
                    -420.393005371,
                    419.067779541,
                    -77.544052124,
                    171.630599976,
                    340.052429199,
                    123.043617249,
                    272.53817749,
                    51.6817359924,
                    203.273712158,
                    50.3373222351,
                    292.876647949,
                    60.0271186829,
                    82.4906997681
                ],
                [
                    396.720397949,
                    -126.241920471,
                    15.8623523712,
                    96.8101577759,
                    58.9667053223,
                    88.0092926025,
                    49.2545852661,
                    5.05608654022,
                    -20.7421951294,
                    26.0939731598,
                    60.0271186829,
                    188.268966675,
                    92.0042037964
                ],
                [
                    -244.453674316,
                    86.8048934937,
                    -66.4370346069,
                    286.927246094,
                    186.971603394,
                    40.7945709229,
                    204.298400879,
                    -2.08857440948,
                    94.2105484009,
                    -9.26515197754,
                    82.4906997681,
                    92.0042037964,
                    207.60383606
                ]
            ],
            "icov": [
                [
                    0.000131855224026,
                    -6.03058470006e-05,
                    9.41009348026e-05,
                    -0.000217867112951,
                    0.00010585905693,
                    -0.000265696260612,
                    0.000213794060983,
                    -0.000202282637474,
                    0.000169699880644,
                    -0.000227246084251,
                    0.000169483624632,
                    -0.000289948482532,
                    0.000230149234994
                ],
                [
                    -6.03058470006e-05,
                    0.00154780794401,
                    -0.000726182246581,
                    0.000922873558011,
                    -0.00112878798973,
                    0.0012415049132,
                    -0.000851713353768,
                    0.000767308287323,
                    -0.00111362384632,
                    0.00113455823157,
                    -0.00119271571748,
                    0.000792558537796,
                    7.11202665116e-05
                ],
                [
                    9.41009348026e-05,
                    -0.000726182246581,
                    0.000845023896545,
                    -0.000626236142125,
                    0.000391357811168,
                    -0.00090136367362,
                    0.00066924712155,
                    -0.000758000824135,
                    0.000873340235557,
                    -0.00108364596963,
                    0.0008265816723,
                    -0.000352373666828,
                    9.18567675399e-05
                ],
                [
                    -0.000217867112951,
                    0.000922873558011,
                    -0.000626236142125,
                    0.00214231293648,
                    -0.00102435133886,
                    0.000549700343981,
                    -0.00113713601604,
                    0.000789393554442,
                    -0.00108887034003,
                    0.00143252627458,
                    -0.00042352109449,
                    0.000945622043218,
                    -0.0015549181262
                ],
                [
                    0.00010585905693,
                    -0.00112878798973,
                    0.000391357811168,
                    -0.00102435133886,
                    0.00282500335015,
                    -0.00202730228193,
                    0.000305618828861,
                    -0.000648408953566,
                    0.000392913701944,
                    -0.000363187456969,
                    -0.000204846277484,
                    -0.000149902713019,
                    -0.000362224847777
                ],
                [
                    -0.000265696260612,
                    0.0012415049132,
                    -0.00090136367362,
                    0.000549700343981,
                    -0.00202730228193,
                    0.00493732234463,
                    -0.00143020041287,
                    -0.000227596596233,
                    0.000158476919751,
                    0.00108082965016,
                    -0.00162442913279,
                    -0.000269872165518,
                    0.00112199655268
                ],
                [
                    0.000213794060983,
                    -0.000851713353768,
                    0.00066924712155,
                    -0.00113713601604,
                    0.000305618828861,
                    -0.00143020041287,
                    0.00299283606,
                    -0.00123342231382,
                    1.32727166147e-06,
                    -0.000767192512285,
                    0.000427022168878,
                    -0.000417719857069,
                    -0.000577533734031
                ],
                [
                    -0.000202282637474,
                    0.000767308287323,
                    -0.000758000824135,
                    0.000789393554442,
                    -0.000648408953566,
                    -0.000227596596233,
                    -0.00123342231382,
                    0.00772581715137,
                    -0.0025929491967,
                    -0.00229861168191,
                    0.000471605686471,
                    0.000586060865317,
                    0.000654570059851
                ],
                [
                    0.000169699880644,
                    -0.00111362384632,
                    0.000873340235557,
                    -0.00108887034003,
                    0.000392913701944,
                    0.000158476919751,
                    1.32727166147e-06,
                    -0.0025929491967,
                    0.00557540263981,
                    -0.00207882397808,
                    -0.000860071333591,
                    0.000701838696841,
                    -0.000554717844352
                ],
                [
                    -0.000227246084251,
                    0.00113455823157,
                    -0.00108364596963,
                    0.00143252627458,
                    -0.000363187456969,
                    0.00108082965016,
                    -0.000767192512285,
                    -0.00229861168191,
                    -0.00207882397808,
                    0.00821935012937,
                    -0.00189079111442,
                    -0.000282928172965,
                    -3.52031456714e-05
                ],
                [
                    0.000169483624632,
                    -0.00119271571748,
                    0.0008265816723,
                    -0.00042352109449,
                    -0.000204846277484,
                    -0.00162442913279,
                    0.000427022168878,
                    0.000471605686471,
                    -0.000860071333591,
                    -0.00189079111442,
                    0.00771998055279,
                    -0.00262160901912,
                    3.65839005099e-05
                ],
                [
                    -0.000289948482532,
                    0.000792558537796,
                    -0.000352373666828,
                    0.000945622043218,
                    -0.000149902713019,
                    -0.000269872165518,
                    -0.000417719857069,
                    0.000586060865317,
                    0.000701838696841,
                    -0.000282928172965,
                    -0.00262160901912,
                    0.00969602447003,
                    -0.00507394550368
                ],
                [
                    0.000230149234994,
                    7.11202665116e-05,
                    9.18567675399e-05,
                    -0.0015549181262,
                    -0.000362224847777,
                    0.00112199655268,
                    -0.000577533734031,
                    0.000654570059851,
                    -0.000554717844352,
                    -3.52031456714e-05,
                    3.65839005099e-05,
                    -0.00507394550368,
                    0.0104014920071
                ]
            ],
            "mean": [
                -62.9817428589,
                87.0709152222,
                -122.413368225,
                12.7916212082,
                -51.0912399292,
                12.4612970352,
                -28.4329624176,
                16.8380432129,
                -6.07963132858,
                5.27636384964,
                -9.97336578369,
                1.74294257164,
                -10.0119867325
            ]
        },
        "hfc": {
            "dmean": 15.9875354767,
            "dmean2": 25.4923934937,
            "dvar": 1510.12817383,
            "dvar2": 3774.89672852,
            "max": 258.385070801,
            "mean": 21.6529426575,
            "median": 11.7187833786,
            "min": 1.13704882276e-16,
            "var": 1325.69763184
        },
        "melbands": {
            "dmean": [
                0.00394526682794,
                0.00274697551504,
                0.000736476213206,
                0.000273339886917,
                0.000203583695111,
                0.0001357151923,
                0.000237510132138,
                0.000169457416632,
                0.000138789459015,
                0.000157309768838,
                7.57141460781e-05,
                0.000116399271064,
                0.000152425433043,
                7.16640788596e-05,
                3.24056345562e-05,
                3.24214815919e-05,
                5.01245085616e-05,
                3.76784264517e-05,
                2.83774170384e-05,
                1.66504305525e-05,
                1.79146118171e-05,
                1.62023461598e-05,
                1.07823243525e-05,
                5.90840409131e-06,
                8.40986467665e-06,
                5.18271735928e-06,
                3.33960883836e-06,
