{
    "lowlevel": {
        "average_loudness": 0.930176138878,
        "barkbands": {
            "dmean": [
                0.000865885172971,
                0.00854483433068,
                0.00231707980856,
                0.00198124628514,
                0.00203273072839,
                0.00177988992073,
                0.00174303643871,
                0.00143080530688,
                0.00124362634961,
                0.000851602875628,
                0.00042593840044,
                0.000457022280898,
                0.000482819479657,
                0.000595668388996,
                0.000467972364277,
                0.000343721592799,
                0.000362765422324,
                0.000236587875406,
                0.000157915404998,
                0.000160124662216,
                0.000174612388946,
                0.000159780189279,
                0.000171728461282,
                0.00019680672267,
                0.000263398687821,
                0.000135849026265,
                9.02182091522e-06
            ],
            "dmean2": [
                0.00122393411584,
                0.0132824331522,
                0.0039297551848,
                0.00339930038899,
                0.00334082660265,
                0.00281499302946,
                0.00271760649048,
                0.00223207427189,
                0.00194097799249,
                0.00134327821434,
                0.0006842148141,
                0.000734723114874,
                0.000783077732194,
                0.000955413619522,
                0.000735320267268,
                0.000525287061464,
                0.000565657683183,
                0.000362986145774,
                0.0002417050855,
                0.000245470175287,
                0.00026417025947,
                0.000233551327256,
                0.000253735226579,
                0.000285131070996,
                0.000384607468732,
                0.000204120573471,
                1.43688384924e-05
            ],
            "dvar": [
                3.78059053219e-06,
                0.000447135884315,
                5.54286125407e-05,
                2.04943717108e-05,
                1.67026792042e-05,
                9.63181719271e-06,
                1.48847293531e-05,
                7.90757349023e-06,
                4.86372073283e-06,
                3.23738368024e-06,
                6.82805364249e-07,
                8.57688860378e-07,
                9.27403505102e-07,
                1.3663379832e-06,
                6.88256704962e-07,
                2.93566927212e-07,
                3.36967019621e-07,
                1.75288832338e-07,
                1.22071710962e-07,
                1.33630081223e-07,
                1.68836663761e-07,
                1.1097753827e-07,
                1.54147826947e-07,
                2.76179264347e-07,
                5.21941899478e-07,
                1.94036729795e-07,
                2.28208452135e-09
            ],
            "dvar2": [
                7.27980068405e-06,
                0.00118231179658,
                0.000150502499309,
                5.78213912377e-05,
                4.40617623099e-05,
                2.29778779612e-05,
                3.57624194294e-05,
                1.82574476639e-05,
                1.14985241453e-05,
                7.50679328121e-06,
                1.76101809757e-06,
                2.16996363633e-06,
                2.36550567934e-06,
                3.40659926223e-06,
                1.63013555721e-06,
                6.65505126562e-07,
                8.11198106021e-07,
                3.94929315917e-07,
                2.73822081454e-07,
                3.08298496066e-07,
                3.84759687222e-07,
                2.40936770979e-07,
                3.51973284296e-07,
                5.87389934026e-07,
                1.10256235075e-06,
                4.5401401394e-07,
                6.18090645332e-09
            ],
            "max": [
                0.0474484711885,
                0.201050430536,
                0.116048380733,
                0.0511774718761,
                0.056937046349,
                0.0459505654871,
                0.0654154121876,
                0.0478971973062,
                0.0316701978445,
                0.0361515246332,
                0.0127656459808,
                0.0202405247837,
                0.015408936888,
                0.0247573703527,
                0.0119637912139,
                0.00788348726928,
                0.0110805425793,
                0.0129906265065,
                0.00965176243335,
                0.00806632358581,
                0.00921639893204,
                0.00634662341326,
                0.0112220384181,
                0.0119452169165,
                0.0153908682987,
                0.0113914236426,
                0.00223689130507
            ],
            "mean": [
                0.00380960758775,
                0.0202750172466,
                0.00322126667015,
                0.00266479211859,
                0.00292414752766,
                0.00276019447483,
                0.0024093890097,
                0.00193234789185,
                0.00190653360914,
                0.00131274340674,
                0.000615164870396,
                0.000704368343577,
                0.000707986881025,
                0.000912613410037,
                0.000766818586271,
                0.000623597705271,
                0.000649301451631,
                0.000415673013777,
                0.000256426079432,
                0.000246586947469,
                0.00025888971868,
                0.000244134804234,
                0.000259328400716,
                0.000284995883703,
                0.000379337754566,
                0.000191753380932,
                1.07521818791e-05
            ],
            "median": [
                2.7222564313e-05,
                0.00107243319508,
                0.00122223037761,
                0.00105099263601,
                0.00122744473629,
                0.00102617754601,
                0.000762525305618,
                0.00063009391306,
                0.00067895866232,
                0.000427070772275,
                0.000240878216573,
                0.000287065427983,
                0.000267921248451,
                0.000305896130158,
                0.000291211792501,
                0.000311554817017,
                0.000345590378856,
                0.000179063106771,
                0.000104712504253,
                8.36535691633e-05,
                6.83306134306e-05,
                7.71427585278e-05,
                9.32120819925e-05,
                6.89300868544e-05,
                9.509184747e-05,
                4.40930089098e-05,
                1.39993653647e-06
            ],
            "min": [
                7.38146930891e-24,
                2.66022514358e-23,
                3.44761024782e-23,
                1.77238475617e-23,
                1.71099070959e-23,
                1.06812031624e-22,
                2.12835019327e-23,
                4.62923048271e-23,
                5.87610939375e-23,
                1.03953111351e-22,
                4.18822757552e-23,
                4.5058012034e-23,
                1.01012566063e-22,
                1.09745887372e-22,
                1.61892925356e-22,
                3.33130911565e-22,
                2.36192351383e-22,
                1.51398210174e-22,
                2.67749438165e-22,
                3.79333018036e-22,
                3.67816683806e-22,
                4.77111102926e-22,
                7.48345110103e-22,
                8.00459912075e-22,
                1.57238078035e-21,
                1.61791650762e-21,
                2.54551666478e-21
            ],
            "var": [
                4.82402610942e-05,
                0.000945341889746,
                4.48322280135e-05,
                1.9171357053e-05,
                2.12838222069e-05,
                1.9286537281e-05,
                2.38156044361e-05,
                1.33158937388e-05,
                9.45009469433e-06,
                6.53937695461e-06,
                1.0817797147e-06,
                1.71961994511e-06,
                1.52861241531e-06,
                2.47354137173e-06,
                1.55835300575e-06,
                7.08377910996e-07,
                7.24377684946e-07,
                3.93636582885e-07,
                2.06260622804e-07,
                2.37252990587e-07,
                2.89796446395e-07,
                1.95260881242e-07,
                2.42606262191e-07,
                4.77989431147e-07,
                8.93990886652e-07,
                2.76803831412e-07,
                1.92378735164e-09
            ]
        },
        "barkbands_crest": {
            "dmean": 2.64320707321,
            "dmean2": 4.13756895065,
            "dvar": 7.09816026688,
            "dvar2": 16.3802833557,
            "max": 26.1675662994,
            "mean": 11.2642641068,
            "median": 10.348938942,
            "min": 2.29827833176,
            "var": 27.5194549561
        },
        "barkbands_flatness_db": {
            "dmean": 0.0264229457825,
            "dmean2": 0.0377043373883,
            "dvar": 0.000759268528782,
            "dvar2": 0.00158568343613,
            "max": 0.434931784868,
            "mean": 0.138908609748,
            "median": 0.131990939379,
            "min": 0.0206501763314,
            "var": 0.00352744176053
        },
        "barkbands_kurtosis": {
            "dmean": 7.01221704483,
            "dmean2": 11.0762987137,
            "dvar": 379.98727417,
            "dvar2": 949.375427246,
            "max": 326.085144043,
            "mean": 9.45357608795,
            "median": 2.74433469772,
            "min": -1.89349544048,
            "var": 560.052124023
        },
        "barkbands_skewness": {
            "dmean": 0.812446296215,
            "dmean2": 1.1997512579,
            "dvar": 1.20201385021,
            "dvar2": 2.6855905056,
            "max": 15.4543209076,
            "mean": 1.98784410954,
            "median": 1.63064098358,
            "min": -5.62078237534,
            "var": 4.05274391174
        },
        "barkbands_spread": {
            "dmean": 7.41926383972,
            "dmean2": 11.1292667389,
            "dvar": 103.261657715,
            "dvar2": 226.251495361,
            "max": 113.949317932,
            "mean": 21.9302082062,
            "median": 17.7833137512,
            "min": 0.544252574444,
            "var": 261.250915527
        },
        "dissonance": {
            "dmean": 0.0199704561383,
            "dmean2": 0.0327191203833,
            "dvar": 0.000394055619836,
            "dvar2": 0.0010335072875,
            "max": 0.5,
            "mean": 0.460505843163,
            "median": 0.467737406492,
            "min": 0.269032090902,
            "var": 0.00092744815629
        },
        "dynamic_complexity": 2.05467247963,
        "erbbands": {
            "dmean": [
                0.356216728687,
                1.59370362759,
                2.41188192368,
                5.01974391937,
                6.34640264511,
                6.92485952377,
                9.92088317871,
                17.6271095276,
                22.751209259,
                26.3974094391,
                29.2801952362,
                27.9746131897,
                25.3119621277,
                23.3374919891,
                16.5217494965,
                15.3470230103,
                20.4371852875,
                24.7368431091,
                26.0808868408,
                20.2060203552,
                17.5607204437,
                20.4075737,
                13.5683908463,
                7.84439992905,
                8.67359352112,
                7.42743635178,
                6.85356235504,
                6.97320365906,
                5.72118186951,
                5.29006052017,
                4.83410310745,
                4.37535524368,
                3.18943190575,
                2.79911780357,
                2.02449536324,
                0.833512127399,
                0.206752702594,
                0.0281884390861,
                0.0014584105229,
                5.11321959493e-05
            ],
            "dmean2": [
                0.544002830982,
                2.53906702995,
                4.12798595428,
                8.53260803223,
                10.5783586502,
                11.5585899353,
                15.7780103683,
                27.6221580505,
                35.5137786865,
                40.7040061951,
                45.1836051941,
                43.3744125366,
                39.9374771118,
                37.1101379395,
                26.495798111,
                24.2827854156,
                32.873626709,
                38.4018325806,
                40.3577232361,
                30.4586296082,
                26.4841499329,
                31.4200534821,
                20.2551174164,
                11.9768953323,
                12.9827165604,
                11.415561676,
                10.5053958893,
                10.5577173233,
                8.29921245575,
                7.96655988693,
                7.1038069725,
                6.40066671371,
                4.5992398262,
                4.10933113098,
                2.99431538582,
                1.25213670731,
                0.311639517546,
                0.0433919429779,
                0.00228719064035,
                7.90455305832e-05
            ],
            "dvar": [
                0.781233966351,
                17.0547294617,
                54.1271514893,
                153.268981934,
                191.384170532,
                244.508468628,
                312.995422363,
                1125.14245605,
                3000.49023438,
                2916.74291992,
                3419.03662109,
                2673.00927734,
                2874.38964844,
                2611.38232422,
                1129.28515625,
                1016.8269043,
                1922.3996582,
                2159.31591797,
                2168.23974609,
                1245.04370117,
                774.33013916,
                1033.40270996,
                529.497802734,
                286.880950928,
                415.968078613,
                281.977416992,
                280.305603027,
                241.569992065,
                137.52243042,
                139.294845581,
                127.352981567,
                123.482925415,
                83.0790634155,
                62.4694900513,
                30.3962993622,
                5.78089380264,
                0.559796988964,
                0.0168307516724,
                5.20620596944e-05,
                3.0108427751e-08
            ],
            "dvar2": [
                1.9695469141,
                44.1357727051,
                148.842498779,
                422.484222412,
                516.312438965,
                643.628051758,
                750.436462402,
                2602.21899414,
                7314.53857422,
                6473.47167969,
                8120.05615234,
                6324.27246094,
                6649.20800781,
                6007.97216797,
                2939.86547852,
                2419.81616211,
                4944.54052734,
                5162.30029297,
                5344.41503906,
                2873.52392578,
                1750.8782959,
                2451.6496582,
                1177.09838867,
                659.67767334,
                934.186828613,
                651.747070313,
                658.148681641,
                548.442199707,
                292.263397217,
                322.943450928,
                288.663391113,
                272.060516357,
                178.059661865,
                131.295669556,
                65.6940078735,
                13.0026454926,
                1.36144244671,
                0.0439839996397,
                0.000137312308652,
                7.56311493433e-08
            ],
            "max": [
                9.1236038208,
                42.7945899963,
                100.754005432,
                180.472259521,
                216.567352295,
                306.069671631,
                274.221984863,
                506.396728516,
                1203.76403809,
                1120.47546387,
                1238.72888184,
                753.164611816,
                835.735351563,
                944.641845703,
                724.851074219,
                833.071716309,
                832.04296875,
                952.469543457,
                751.348022461,
                647.184936523,
                439.613983154,
                638.364013672,
                512.885925293,
                503.292480469,
                735.333679199,
                280.404266357,
                350.001678467,
                305.147094727,
                216.993041992,
                268.294677734,
                279.96762085,
                286.661071777,
                250.57244873,
                208.289672852,
                95.7617645264,
                46.1644821167,
                21.3493671417,
                5.46741199493,
                0.323030233383,
                0.00680373935029
            ],
            "mean": [
                1.02396559715,
                2.78435182571,
                3.64695835114,
                7.30872297287,
                8.65954875946,
                9.32639122009,
                15.1705474854,
                26.5228900909,
                32.6346054077,
                37.8765068054,
                42.0139312744,
                43.2578735352,
                40.5086593628,
                38.0211143494,
                26.7711601257,
                25.6532363892,
                32.1891975403,
                41.4435997009,
                44.2330322266,
                36.9439239502,
                35.2615852356,
                38.825843811,
                25.9559822083,
                13.5067901611,
                13.7921228409,
                11.4536247253,
                10.3101787567,
                10.0708341599,
                8.73264408112,
                7.95464372635,
                7.38079833984,
                6.54834461212,
                4.39165782928,
                3.94084239006,
                2.8289206028,
                1.1805690527,
                0.280465990305,
                0.0369740687311,
                0.00184378586709,
                0.000111926266982
            ],
            "median": [
                0.0175593737513,
                0.295670986176,
                1.41979503632,
                3.17885184288,
                3.62392282486,
                3.39190673828,
                6.47929906845,
                9.54979896545,
                11.5570783615,
                15.3015089035,
                16.8154602051,
                16.0159664154,
                14.4816608429,
                13.3243808746,
                12.8018159866,
                10.9809265137,
                12.847779274,
                15.4395198822,
                17.9347934723,
                16.495426178,
                18.2536830902,
                21.5364246368,
                12.0637426376,
                6.16033887863,
                5.48432016373,
                3.92182016373,
                2.88675546646,
                2.58264946938,
                2.6251885891,
                2.92332577705,
                2.58092069626,
                1.88607621193,
                0.847476899624,
                0.863863646984,
                0.700362741947,
                0.276538521051,
                0.0621121861041,
                0.00696485908702,
                0.000277966377325,
                7.79915062594e-05
            ],
            "min": [
                9.27551588575e-22,
                5.64000337531e-21,
                2.28311801081e-20,
                7.68602848123e-20,
                5.27781620487e-20,
                5.31271094826e-20,
                3.35716214688e-19,
                9.57090671923e-19,
                4.93414579556e-19,
                5.62143310593e-19,
                9.53024045237e-19,
                1.38604761584e-18,
                1.97110832719e-18,
                3.18636940952e-18,
                1.42213688558e-18,
                2.20035895242e-18,
                4.1511802615e-18,
                5.22628923751e-18,
                6.90975688042e-18,
                7.12620481772e-18,
                2.36901450323e-17,
                1.1608123321e-17,
                7.4607307195e-18,
                9.81073346897e-18,
                1.81366975907e-17,
                1.4261695565e-17,
                1.7303832593e-17,
                1.65198887111e-17,
                1.84055296355e-17,
                1.77122695641e-17,
                2.05232178827e-17,
                1.77576520012e-17,
                1.39333859255e-17,
                1.62250798864e-17,
                1.16372111272e-17,
                4.89734390973e-18,
                3.39709822006e-18,
                1.13448151884e-18,
                3.09950908625e-19,
                4.39852902984e-20
            ],
            "var": [
                2.30202412605,
                28.0890254974,
                51.9063034058,
                142.427658081,
                225.647247314,
                301.035644531,
                572.766967773,
                2242.58154297,
                4621.56445313,
                5251.70019531,
                5143.02587891,
                5106.64990234,
                5588.57958984,
                5283.9453125,
                1859.75036621,
                2350.39868164,
                3233.55102539,
                4305.31445313,
                4302.55273438,
                3098.14990234,
                2078.84179688,
                2396.42138672,
                1360.93347168,
                493.333953857,
                701.542175293,
                501.44354248,
                465.637481689,
                410.367370605,
                251.503311157,
                209.415618896,
                205.200363159,
                207.072753906,
                138.746124268,
                106.677520752,
                49.4043159485,
                9.29561805725,
                0.697324514389,
                0.0163318868726,
                4.86579956487e-05,
                3.42848700541e-08
            ]
        },
        "erbbands_crest": {
            "dmean": 2.59455394745,
            "dmean2": 4.24685764313,
            "dvar": 5.97228717804,
            "dvar2": 15.0309143066,
            "max": 27.1138496399,
            "mean": 8.35529327393,
            "median": 7.6021399498,
            "min": 2.42226481438,
            "var": 12.5893335342
        },
        "erbbands_flatness_db": {
            "dmean": 0.018118513748,
            "dmean2": 0.0257953964174,
            "dvar": 0.000264693866484,
            "dvar2": 0.000541890971363,
            "max": 0.374176442623,
            "mean": 0.141400143504,
            "median": 0.138517007232,
            "min": 0.0417766906321,
            "var": 0.00159332226031
        },
        "erbbands_kurtosis": {
            "dmean": 1.06611573696,
            "dmean2": 1.66491687298,
            "dvar": 2.17748022079,
            "dvar2": 5.12235069275,
            "max": 25.3003406525,
            "mean": 0.746362328529,
            "median": 0.0881393626332,
            "min": -1.86578202248,
            "var": 4.83241605759
        },
        "erbbands_skewness": {
            "dmean": 0.426860660315,
            "dmean2": 0.631768703461,
            "dvar": 0.185745179653,
            "dvar2": 0.372024446726,
            "max": 3.60519075394,
            "mean": 0.242675796151,
            "median": 0.26080223918,
            "min": -3.97623276711,
            "var": 0.710291862488
        },
        "erbbands_spread": {
            "dmean": 10.308134079,
            "dmean2": 15.3221616745,
            "dvar": 153.604171753,
            "dvar2": 364.062286377,
            "max": 200.494003296,
            "mean": 40.3429870605,
            "median": 36.1095733643,
            "min": 6.03833007813,
            "var": 473.833953857
        },
        "gfcc": {
            "cov": [
                [
                    4730.90087891,
                    -604.092956543,
                    -75.9175186157,
                    229.28742981,
                    -328.841430664,
                    19.1307411194,
                    -119.440223694,
                    123.169204712,
                    -51.2584152222,
                    102.740776062,
                    -76.9704360962,
                    46.3476638794,
                    -75.4658203125
                ],
                [
                    -604.092956543,
                    1654.2322998,
                    -120.924980164,
                    -133.165740967,
                    352.742156982,
                    76.6068115234,
                    213.475143433,
                    75.1019058228,
                    206.651123047,
                    -65.4710540771,
                    133.560745239,
                    40.197681427,
                    54.937412262
                ],
                [
                    -75.9175186157,
                    -120.924980164,
                    1273.20251465,
                    491.085845947,
                    225.546218872,
                    281.096313477,
                    115.716598511,
                    96.7983169556,
                    91.9522018433,
                    142.539337158,
                    98.9426574707,
                    109.821403503,
                    45.2881622314
                ],
                [
                    229.28742981,
                    -133.165740967,
                    491.085845947,
                    664.573913574,
                    236.10005188,
                    129.70149231,
                    123.730583191,
                    90.9912033081,
                    95.9883880615,
                    106.002212524,
                    103.498313904,
                    49.2732887268,
                    92.6572723389
                ],
                [
                    -328.841430664,
                    352.742156982,
                    225.546218872,
                    236.10005188,
                    480.220062256,
                    210.516647339,
                    229.264144897,
                    139.176223755,
                    120.17766571,
                    65.1092834473,
                    97.1614303589,
                    38.8038024902,
                    74.0851516724
                ],
                [
                    19.1307411194,
                    76.6068115234,
                    281.096313477,
                    129.70149231,
                    210.516647339,
                    372.714385986,
                    273.520812988,
                    110.219573975,
                    80.2196731567,
                    64.5239334106,
                    79.5970611572,
                    35.0402832031,
                    29.9973468781
                ],
                [
                    -119.440223694,
                    213.475143433,
                    115.716598511,
                    123.730583191,
                    229.264144897,
                    273.520812988,
                    387.19744873,
                    140.876159668,
                    85.6103973389,
                    61.3143119812,
                    94.0021972656,
                    24.7359485626,
                    42.6053390503
                ],
                [
                    123.169204712,
                    75.1019058228,
                    96.7983169556,
                    90.9912033081,
                    139.176223755,
                    110.219573975,
                    140.876159668,
                    194.232681274,
                    105.865066528,
                    53.9523620605,
                    50.883808136,
                    23.7040653229,
                    35.2515792847
                ],
                [
                    -51.2584152222,
                    206.651123047,
                    91.9522018433,
                    95.9883880615,
                    120.17766571,
                    80.2196731567,
                    85.6103973389,
                    105.865066528,
                    187.73059082,
                    66.2492828369,
                    42.9352111816,
                    18.5918045044,
                    38.662727356
                ],
                [
                    102.740776062,
                    -65.4710540771,
                    142.539337158,
                    106.002212524,
                    65.1092834473,
                    64.5239334106,
                    61.3143119812,
                    53.9523620605,
                    66.2492828369,
                    129.32598877,
                    46.7466621399,
                    14.2501058578,
                    21.8134555817
                ],
                [
                    -76.9704360962,
                    133.560745239,
                    98.9426574707,
                    103.498313904,
                    97.1614303589,
                    79.5970611572,
                    94.0021972656,
                    50.883808136,
                    42.9352111816,
                    46.7466621399,
                    134.403045654,
                    50.5473823547,
                    29.9116001129
                ],
                [
                    46.3476638794,
                    40.197681427,
                    109.821403503,
                    49.2732887268,
                    38.8038024902,
                    35.0402832031,
                    24.7359485626,
                    23.7040653229,
                    18.5918045044,
                    14.2501058578,
                    50.5473823547,
                    92.1937637329,
                    34.1365585327
                ],
                [
                    -75.4658203125,
                    54.937412262,
                    45.2881622314,
                    92.6572723389,
                    74.0851516724,
                    29.9973468781,
                    42.6053390503,
                    35.2515792847,
                    38.662727356,
                    21.8134555817,
                    29.9116001129,
                    34.1365585327,
                    92.4980697632
                ]
            ],
            "icov": [
                [
                    0.000323338026647,
                    -0.000128051135107,
                    0.000241021683905,
                    -0.000460691459011,
                    0.000454202498076,
                    -0.000447775528301,
                    0.000359473284334,
                    -0.000668137159664,
                    0.000485630967887,
                    -0.000590927607846,
                    0.000594808952883,
                    -0.000621117302217,
                    0.000527060183231
                ],
                [
                    -0.000128051135107,
                    0.00138991954736,
                    -0.000256414816249,
                    0.00102959526703,
                    -0.00122034968808,
                    0.00102582678664,
                    -0.000919480633456,
                    0.0012454126263,
                    -0.00218804809265,
                    0.00201851478778,
                    -0.00170208141208,
                    0.000486445322167,
                    -0.000432741158875
                ],
                [
                    0.000241021683905,
                    -0.000256414816249,
                    0.00171999458689,
                    -0.00141463708133,
                    0.000369695713744,
                    -0.0016809537774,
                    0.0011469013989,
                    -0.000690233893692,
                    0.000763184798416,
                    -0.0014580572024,
                    0.0011195106199,
                    -0.00197222013958,
                    0.00129836774431
                ],
                [
                    -0.000460691459011,
                    0.00102959526703,
                    -0.00141463708133,
                    0.0039721634239,
                    -0.00190844363533,
                    0.00179504952393,
                    -0.00123233965132,
                    0.00166112370789,
                    -0.00202337815426,
                    0.00142217695247,
                    -0.00278005935252,
                    0.00210373545997,
                    -0.00275981100276
                ],
                [
                    0.000454202498076,
                    -0.00122034968808,
                    0.000369695713744,
                    -0.00190844363533,
                    0.00523037975654,
                    -0.0019968173001,
                    0.000210937912925,
                    -0.00240229954943,
                    0.00143589486834,
                    -0.00162160967011,
                    0.00123088702094,
                    -0.000604543543886,
                    -0.000289865245577
                ],
                [
                    -0.000447775528301,
                    0.00102582678664,
                    -0.0016809537774,
                    0.00179504952393,
                    -0.0019968173001,
                    0.00822699069977,
                    -0.00537369353697,
                    0.00177850027103,
                    -0.00235379813239,
                    0.0018202039646,
                    -0.00189639104065,
                    0.000893834047019,
                    -0.000383082544431
                ],
                [
                    0.000359473284334,
                    -0.000919480633456,
                    0.0011469013989,
                    -0.00123233965132,
                    0.000210937912925,
                    -0.00537369353697,
                    0.00799910351634,
                    -0.00351656693965,
                    0.00234006601386,
                    -0.00194719748106,
                    -0.000152142296429,
                    4.16268776462e-05,
                    0.000256727420492
                ],
                [
                    -0.000668137159664,
                    0.0012454126263,
                    -0.000690233893692,
                    0.00166112370789,
                    -0.00240229954943,
                    0.00177850027103,
                    -0.00351656693965,
                    0.0114754550159,
                    -0.00606261845678,
                    0.00184951804113,
                    -0.0022645611316,
                    0.000779827707447,
                    -0.00147470075171
                ],
                [
                    0.000485630967887,
                    -0.00218804809265,
                    0.000763184798416,
                    -0.00202337815426,
                    0.00143589486834,
                    -0.00235379813239,
                    0.00234006601386,
                    -0.00606261845678,
                    0.0126108527184,
                    -0.00621353229508,
                    0.00304435845464,
                    -0.00107491400559,
                    -0.000198713649297
                ],
                [
                    -0.000590927607846,
                    0.00201851478778,
                    -0.0014580572024,
                    0.00142217695247,
                    -0.00162160967011,
                    0.0018202039646,
                    -0.00194719748106,
                    0.00184951804113,
                    -0.00621353229508,
                    0.0148753132671,
                    -0.0055718254298,
                    0.0030836397782,
                    -0.00173823244404
                ],
                [
                    0.000594808952883,
                    -0.00170208141208,
                    0.0011195106199,
                    -0.00278005935252,
                    0.00123088702094,
                    -0.00189639104065,
                    -0.000152142296429,
                    -0.0022645611316,
                    0.00304435845464,
                    -0.0055718254298,
                    0.0152980862185,
                    -0.00752083910629,
                    0.00216521695256
                ],
                [
                    -0.000621117302217,
                    0.000486445322167,
                    -0.00197222013958,
                    0.00210373545997,
                    -0.000604543543886,
                    0.000893834047019,
                    4.16268776462e-05,
                    0.000779827707447,
                    -0.00107491400559,
                    0.0030836397782,
                    -0.00752083910629,
                    0.0181889291853,
                    -0.00661794142798
                ],
                [
                    0.000527060183231,
                    -0.000432741158875,
                    0.00129836774431,
                    -0.00275981100276,
                    -0.000289865245577,
                    -0.000383082544431,
                    0.000256727420492,
                    -0.00147470075171,
                    -0.000198713649297,
                    -0.00173823244404,
                    0.00216521695256,
                    -0.00661794142798,
                    0.0166622567922
                ]
            ],
            "mean": [
                31.2066650391,
                70.1242828369,
                -104.415351868,
                21.0219345093,
                -55.0864639282,
                18.2410736084,
                -46.4871864319,
                15.1927919388,
                -20.5741539001,
                6.74428224564,
                -21.7845993042,
                4.2027425766,
                -14.1376609802
            ]
        },
        "hfc": {
            "dmean": 12.0488557816,
            "dmean2": 17.4673271179,
            "dvar": 458.609832764,
            "dvar2": 997.625793457,
            "max": 405.188110352,
            "mean": 33.1515083313,
            "median": 25.8305244446,
            "min": 1.24461988948e-16,
            "var": 943.929504395
        },
        "melbands": {
            "dmean": [
                0.00274250493385,
                0.00134820630774,
                0.000887468981091,
                0.000456786132418,
                0.000336225784849,
                0.000378640164854,
                0.000349550507963,
                0.000295175355859,
                0.000237125903368,
                0.000178318601684,
                0.000130488639115,
                0.000101488221844,
                5.36851257493e-05,
                5.33039383299e-05,
                4.19957286795e-05,
                5.00375244883e-05,
                5.05116513523e-05,
                4.86166791234e-05,
                3.70411398762e-05,
                2.43110753217e-05,
                2.13287639781e-05,
                2.28187436733e-05,
                1.85067310667e-05,
                9.21642640606e-06,
                6.4610494519e-06,
                6.3925649556e-06,
                6.46867783871e-06,
                4.85351665702e-06,
                4.36438085671e-06,
                4.31973785453e-06,
