{
    "lowlevel": {
        "average_loudness": 0.951387047768,
        "barkbands": {
            "dmean": [
                0.00141514872666,
                0.0145899672061,
                0.00596636207774,
                0.00199989974499,
                0.00168710784055,
                0.00116067274939,
                0.000749491213355,
                0.000584274996072,
                0.000621286570095,
                0.00132263591513,
                0.000557683990337,
                0.000484565040097,
                0.000486394594191,
                0.000434954068623,
                0.000493322033435,
                0.000228414020967,
                0.000152881140821,
                0.000174408225575,
                0.000204838783247,
                0.0001465229725,
                0.000123461446492,
                0.000124158657854,
                0.000165078308783,
                0.000192139123101,
                0.000131594541017,
                6.78846554365e-05,
                1.81540563062e-05
            ],
            "dmean2": [
                0.00259723956697,
                0.019087376073,
                0.010835127905,
                0.00362096680328,
                0.00302848010324,
                0.00189523934387,
                0.00119598419406,
                0.000860007363372,
                0.000935580930673,
                0.00186021893751,
                0.000869419018272,
                0.000752321793698,
                0.00074869900709,
                0.000714958587196,
                0.000804328301456,
                0.000361192825949,
                0.000253394508036,
                0.000286804221105,
                0.000336485711159,
                0.000247242685873,
                0.00020747986855,
                0.000206342563615,
                0.000271352299023,
                0.000307612674078,
                0.000209149424336,
                0.000105180602986,
                2.89045838144e-05
            ],
            "dvar": [
                6.58419321553e-06,
                0.000658566306811,
                0.000332141236868,
                3.44881373167e-05,
                2.17197339225e-05,
                7.36248193789e-06,
                3.26788085658e-06,
                3.50173331753e-06,
                1.93885966837e-06,
                9.47912121774e-06,
                1.87376713257e-06,
                1.48485855789e-06,
                1.18501770885e-06,
                1.0684047993e-06,
                9.56561166277e-07,
                2.84642851511e-07,
                8.80316406437e-08,
                1.81114586439e-07,
                2.04378423518e-07,
                7.47378479105e-08,
                5.99865828121e-08,
                6.86119392412e-08,
                1.18824424078e-07,
                1.48966933011e-07,
                8.33823889934e-08,
                2.18127009788e-08,
                1.72589764702e-09
            ],
            "dvar2": [
                2.10695452552e-05,
                0.00107312737964,
                0.00091937603429,
                9.87665553112e-05,
                6.16795005044e-05,
                1.66971040017e-05,
                7.82852021075e-06,
                6.22126344751e-06,
                3.62915784535e-06,
                1.78449754458e-05,
                4.38440156358e-06,
                3.27676116285e-06,
                2.57229430645e-06,
                2.83193503492e-06,
                2.68123767455e-06,
                5.7523260466e-07,
                2.12313807424e-07,
                4.37720728996e-07,
                5.20800313097e-07,
                1.91406556382e-07,
                1.58143436124e-07,
                1.72949071953e-07,
                3.0503829862e-07,
                3.43583195672e-07,
                1.98166432597e-07,
                4.92178173772e-08,
                4.21950252516e-09
            ],
            "max": [
                0.0190563090146,
                0.238844275475,
                0.140458643436,
                0.0534232184291,
                0.0399085246027,
                0.0825482457876,
                0.0322147160769,
                0.0637229979038,
                0.040650986135,
                0.0611450076103,
                0.0265329126269,
                0.0310584660619,
                0.0277502574027,
                0.0203334242105,
                0.0180093739182,
                0.0183776542544,
                0.00640314910561,
                0.0124147161841,
                0.00871299859136,
                0.00562218064442,
                0.00377898360603,
                0.00533517822623,
                0.00651741027832,
                0.0110202953219,
                0.00463496567681,
                0.00317914737388,
                0.000784749514423
            ],
            "mean": [
                0.00137986626942,
                0.0302276946604,
                0.00417143572122,
                0.00189912912901,
                0.0016048096586,
                0.00187344162259,
                0.00117522815708,
                0.00113150768448,
                0.0011998451082,
                0.00283911661245,
                0.000917472294532,
                0.000845517381094,
                0.000879579456523,
                0.000663350336254,
                0.000782059971243,
                0.000354466203135,
                0.000231426223763,
                0.000266554125119,
                0.000344561383827,
                0.000250531622441,
                0.000206299635465,
                0.000195341533981,
                0.000248470489169,
                0.000273710611509,
                0.000199811271159,
                0.000113056892587,
                2.99513667414e-05
            ],
            "median": [
                0.000214746192796,
                0.00584912858903,
                0.000360740814358,
                0.000256208819337,
                0.00046380632557,
                0.000528339063749,
                0.000361350597814,
                0.000259861641098,
                0.000340067257639,
                0.000486068893224,
                0.000232200109167,
                0.000174485598109,
                0.000246337673161,
                0.000173098698724,
                0.000247794378083,
                0.000130191328935,
                0.000103794991446,
                9.18957375688e-05,
                0.000124767975649,
                0.000137935916428,
                0.000118188872875,
                0.000101143683423,
                0.000138345436426,
                0.000127424340462,
                9.01201128727e-05,
                5.32729245606e-05,
                5.74899058847e-06
            ],
            "min": [
                1.40721485059e-24,
                2.70835394184e-24,
                2.05409085085e-24,
                1.54353238159e-24,
                5.35790382522e-24,
                8.85792741153e-24,
                1.14511451321e-23,
                5.01268527689e-24,
                1.81142169584e-23,
                2.79239531726e-23,
                2.41788265587e-23,
                4.60732381537e-23,
                3.72774958585e-23,
                3.26152174681e-23,
                5.74754084342e-23,
                9.86601260454e-23,
                6.70046903971e-23,
                1.56189662959e-22,
                1.81060768605e-22,
                1.78748282815e-22,
                3.0730418613e-22,
                3.85343860455e-22,
                4.04386230644e-22,
                6.1860079099e-22,
                8.71927125504e-22,
                1.54983314144e-21,
                2.11218812464e-21
            ],
            "var": [
                6.40563303023e-06,
                0.00207851687446,
                0.000208100769669,
                2.23621209443e-05,
                1.37839988383e-05,
                2.0559395125e-05,
                5.71305963604e-06,
                1.50494479385e-05,
                7.1211343311e-06,
                3.70164816559e-05,
                4.27616123488e-06,
                4.24118525189e-06,
                3.63299773198e-06,
                2.23863389692e-06,
                1.87945443031e-06,
                7.26969062725e-07,
                1.57729587613e-07,
                3.46996756662e-07,
                5.04382057898e-07,
                1.27301504449e-07,
                7.97737271796e-08,
                9.35636776944e-08,
                1.70868958094e-07,
                2.24759588718e-07,
                1.14127232109e-07,
                3.25500124632e-08,
                2.99339886212e-09
            ]
        },
        "barkbands_crest": {
            "dmean": 3.02719807625,
            "dmean2": 4.23514175415,
            "dvar": 9.05311203003,
            "dvar2": 16.861541748,
            "max": 26.8888721466,
            "mean": 13.5111236572,
            "median": 12.0827856064,
            "min": 1.89782822132,
            "var": 40.974105835
        },
        "barkbands_flatness_db": {
            "dmean": 0.0321488976479,
            "dmean2": 0.0439443178475,
            "dvar": 0.0015844067093,
            "dvar2": 0.00287411129102,
            "max": 0.832230567932,
            "mean": 0.156721189618,
            "median": 0.128595322371,
            "min": 0.011579811573,
            "var": 0.0112936114892
        },
        "barkbands_kurtosis": {
            "dmean": 30.1451187134,
            "dmean2": 48.9656105042,
            "dvar": 67427.6015625,
            "dvar2": 202561.046875,
            "max": 11264.9248047,
            "mean": 32.4913101196,
            "median": 2.49245476723,
            "min": -1.95776534081,
            "var": 58575.9296875
        },
        "barkbands_skewness": {
            "dmean": 1.18364930153,
            "dmean2": 1.7420719862,
            "dvar": 8.43883800507,
            "dvar2": 24.1233177185,
            "max": 69.9837646484,
            "mean": 2.37681460381,
            "median": 1.42147946358,
            "min": -8.05228614807,
            "var": 14.2277164459
        },
        "barkbands_spread": {
            "dmean": 7.60967254639,
            "dmean2": 11.6125946045,
            "dvar": 106.406471252,
            "dvar2": 240.241775513,
            "max": 124.602302551,
            "mean": 22.6404457092,
            "median": 19.73087883,
            "min": 0.0105238212273,
            "var": 275.223907471
        },
        "dissonance": {
            "dmean": 0.0224191360176,
            "dmean2": 0.0378070138395,
            "dvar": 0.000748376711272,
            "dvar2": 0.00201476970688,
            "max": 0.499999970198,
            "mean": 0.460371166468,
            "median": 0.472439169884,
            "min": 0.156250149012,
            "var": 0.00141504523344
        },
        "dynamic_complexity": 3.3226275444,
        "erbbands": {
            "dmean": [
                0.663582146168,
                3.06073927879,
                6.51005601883,
                6.99895238876,
                5.81484270096,
                5.63959646225,
                5.88280582428,
                11.5040979385,
                11.2878236771,
                9.05467510223,
                13.6248054504,
                16.5993385315,
                22.3509216309,
                42.353515625,
                21.8984241486,
                22.2732448578,
                21.4951114655,
                23.1808261871,
                27.6701717377,
                15.0107278824,
                11.6304655075,
                7.75520467758,
                8.84781742096,
                11.0714998245,
                9.07298851013,
                7.00330972672,
                5.52693462372,
                4.69813251495,
                4.33411455154,
                4.69466638565,
                4.96461057663,
                3.98247003555,
                3.22375440598,
                1.87094259262,
                0.758605957031,
                0.359084069729,
                0.116777412593,
                0.0229702722281,
                0.00360260112211,
                0.000157705726451
            ],
            "dmean2": [
                0.909314751625,
                3.72859358788,
                10.8771524429,
                12.4939918518,
                10.4955053329,
                10.1113204956,
                9.46699142456,
                18.6261463165,
                17.6735496521,
                14.2053041458,
                20.1014766693,
                24.6690883636,
                31.6302127838,
                60.3996887207,
                33.6891174316,
                34.1012153625,
                32.9466552734,
                37.4893951416,
                44.8518371582,
                24.4524440765,
                17.9760475159,
                12.8766679764,
                14.4032659531,
                18.3698825836,
                15.0532922745,
                11.7580242157,
                9.27313995361,
                7.89699029922,
                7.19000482559,
                7.90660524368,
                8.20221710205,
                6.42569541931,
                5.22604465485,
                3.05330252647,
                1.170093894,
                0.565824329853,
                0.184465825558,
                0.0354143865407,
                0.0057926485315,
                0.000252758181887
            ],
            "dvar": [
                1.32732832432,
                34.9270896912,
                327.385772705,
                423.719696045,
                274.621032715,
                242.16116333,
                192.433929443,
                889.643554688,
                635.627380371,
                526.922485352,
                2567.76733398,
                1564.84143066,
                2873.33374023,
                13468.9658203,
                2736.52929688,
                3248.94238281,
                2288.87548828,
                2564.54516602,
                3056.57983398,
                902.42175293,
                973.745117188,
                235.762893677,
                495.686157227,
                761.827758789,
                313.580047607,
                173.509170532,
                130.074035645,
                87.8095474243,
                78.8136901855,
                92.3708267212,
                112.565826416,
                63.1164588928,
                47.8074836731,
                18.1845970154,
                2.69867014885,
                0.619543850422,
                0.0699380487204,
                0.00259867240675,
                6.83545658831e-05,
                1.10397373021e-07
            ],
            "dvar2": [
                2.72603964806,
                64.7191162109,
                858.593139648,
                1183.65771484,
                775.302490234,
                682.963684082,
                465.984985352,
                1973.91943359,
                1439.32531738,
                1124.47436523,
                4532.66259766,
                2864.23754883,
                5366.65820312,
                26786.1699219,
                6446.06640625,
                7063.36962891,
                4902.47753906,
                6575.55761719,
                8625.17675781,
                2339.97875977,
                1809.03027344,
                592.925048828,
                1189.72705078,
                1939.69836426,
                801.406433105,
                439.772033691,
                335.152008057,
                232.427047729,
                197.97492981,
                243.057434082,
                288.823760986,
                150.811233521,
                112.399528503,
                44.8023147583,
                5.92774772644,
                1.41269075871,
                0.164017006755,
                0.00606465479359,
                0.000167626305483,
                2.75323401411e-07
            ],
            "max": [
                9.71528625488,
                54.2585792542,
                138.737258911,
                187.933547974,
                135.677185059,
                131.056945801,
                364.987121582,
                956.125671387,
                518.573425293,
                691.847045898,
                1572.79040527,
                1164.30090332,
                1570.42138672,
                2374.02001953,
                1351.75842285,
                1519.08007812,
                1343.26098633,
                1091.58740234,
                1125.20996094,
                752.592224121,
                1205.2322998,
                297.210296631,
                652.546081543,
                654.661254883,
                365.062927246,
                281.423400879,
                192.187530518,
                154.582672119,
                189.565673828,
                178.984619141,
                204.29347229,
                135.470001221,
                246.145233154,
                74.2379760742,
                25.616985321,
                16.7869625092,
                5.79124975204,
                1.15513658524,
                0.144037410617,
                0.00721651315689
            ],
            "mean": [
                1.08387768269,
                5.91530704498,
                5.86057710648,
                6.01734209061,
                5.42407655716,
                5.13929462433,
                9.02471065521,
                17.6801338196,
                19.4046726227,
                14.9818487167,
                26.5242824554,
                34.1928215027,
                47.3883514404,
                90.5978393555,
                42.8791007996,
                42.7368583679,
                41.3107528687,
                40.6324462891,
                42.8908233643,
                26.0476531982,
                19.7009506226,
                12.294916153,
                14.4966163635,
                18.0271911621,
                15.4971523285,
                12.067688942,
                9.08690643311,
                7.81428432465,
                6.95370340347,
                7.08252668381,
                7.17919588089,
                5.96559762955,
                4.30226755142,
                2.50222182274,
                1.29856944084,
                0.58281737566,
                0.186784803867,
                0.0402532294393,
                0.0057994578965,
                0.000289771007374
            ],
            "median": [
                0.207828611135,
                1.26480710506,
                1.01687264442,
                0.884969592094,
                0.98889708519,
                1.50282883644,
                2.72922062874,
                4.68020153046,
                6.59010648727,
                5.51263904572,
                6.32629680634,
                9.6914396286,
                15.1845588684,
                14.8421897888,
                14.4803962708,
                9.97129249573,
                13.1070137024,
                15.4077377319,
                16.8217086792,
                10.7414264679,
                7.54978656769,
                5.86378097534,
                5.33310317993,
                5.9589138031,
                6.702064991,
                6.75578975677,
                4.95342063904,
                4.48412656784,
                3.65499663353,
                3.84253454208,
                3.69265913963,
                2.93659186363,
                1.8542470932,
                1.07177972794,
                0.576940953732,
                0.274769484997,
                0.0871493816376,
                0.0169254224747,
                0.00100564351305,
                0.000104257560452
            ],
            "min": [
                1.83356265487e-22,
                4.63632865313e-22,
                2.87159425109e-21,
                1.07003146999e-20,
                1.38070871428e-20,
                2.55521584214e-20,
                4.82571288626e-20,
                1.00538665889e-19,
                1.09775759477e-19,
                1.75587502708e-19,
                1.1030554281e-19,
                4.13275124614e-19,
                9.62226222756e-19,
                8.77847389626e-19,
                1.51762299657e-18,
                2.52039740616e-18,
                1.38675433827e-18,
                2.10587238579e-18,
                3.51718437228e-18,
                4.17556761391e-18,
                6.73751099352e-18,
                5.5149748577e-18,
                8.36143445362e-18,
                7.66957066312e-18,
                9.2402609149e-18,
                9.93071436246e-18,
                1.14363352785e-17,
                1.41213263238e-17,
                1.31496910249e-17,
                1.16117099761e-17,
                1.21579602003e-17,
                1.21242310837e-17,
                9.17543146157e-18,
                8.75285880102e-18,
                6.68466821445e-18,
                4.93628715937e-18,
                3.02727858949e-18,
                1.05886428615e-18,
                2.97767210287e-19,
                2.90036147637e-20
            ],
            "var": [
                3.15273427963,
                87.2219772339,
                254.633560181,
                274.728210449,
                180.85609436,
                153.923156738,
                399.337554932,
                2400.02563477,
                1399.81005859,
                1223.57128906,
                9466.77636719,
                5848.08984375,
                10862.9160156,
                47666.9296875,
                8181.11279297,
                10377.0078125,
                7372.00683594,
                6073.87841797,
                5640.484375,
                1960.54589844,
                2703.62133789,
                383.624511719,
                1041.04858398,
                1690.38537598,
                692.432678223,
                299.770080566,
                178.86138916,
                118.525810242,
                113.540367126,
                125.02771759,
                152.186065674,
                102.693016052,
                61.0924530029,
                20.6277046204,
                4.73605155945,
                0.902162909508,
                0.0947123244405,
                0.00402867095545,
                0.000119105025078,
                2.20059888534e-07
            ]
        },
        "erbbands_crest": {
            "dmean": 3.37182617188,
            "dmean2": 5.24296617508,
            "dvar": 12.4621572495,
            "dvar2": 27.5309848785,
            "max": 34.6282196045,
            "mean": 11.6232967377,
            "median": 10.030040741,
            "min": 2.21688866615,
            "var": 43.0023956299
        },
        "erbbands_flatness_db": {
            "dmean": 0.0221728589386,
            "dmean2": 0.0320775844157,
            "dvar": 0.000714655616321,
            "dvar2": 0.00145590899047,
            "max": 0.679860532284,
            "mean": 0.150454804301,
            "median": 0.131286218762,
            "min": 0.0494462773204,
            "var": 0.00667708925903
        },
        "erbbands_kurtosis": {
            "dmean": 2.49658870697,
            "dmean2": 3.88809561729,
            "dvar": 66.0920257568,
            "dvar2": 167.517944336,
            "max": 198.904144287,
            "mean": 3.21639537811,
            "median": 0.637615919113,
            "min": -1.79746496677,
            "var": 129.320556641
        },
        "erbbands_skewness": {
            "dmean": 0.487798094749,
            "dmean2": 0.726241290569,
            "dvar": 0.435110032558,
            "dvar2": 0.984560787678,
            "max": 12.9086828232,
            "mean": 0.580664634705,
            "median": 0.410127103329,
            "min": -9.31113910675,
            "var": 1.72913134098
        },
        "erbbands_spread": {
            "dmean": 10.6961307526,
            "dmean2": 15.4894552231,
            "dvar": 168.59602356,
            "dvar2": 355.773254395,
            "max": 153.799835205,
            "mean": 38.9102783203,
            "median": 33.7574157715,
            "min": 0.158908113837,
            "var": 653.545532227
        },
        "gfcc": {
            "cov": [
                [
                    19409.0644531,
                    -843.892822266,
                    400.233520508,
                    403.729949951,
                    -1368.38549805,
                    77.5454788208,
                    -74.1979827881,
                    816.85723877,
                    -89.1008911133,
                    -15.2274703979,
                    -321.408752441,
                    574.645812988,
                    205.106765747
                ],
                [
                    -843.892822266,
                    2098.63623047,
                    367.463165283,
                    -55.9683952332,
                    158.270004272,
                    -251.830444336,
                    137.520492554,
                    -11.4225187302,
                    41.8093223572,
                    -168.930877686,
                    26.9384765625,
                    -131.24017334,
                    103.419387817
                ],
                [
                    400.233520508,
                    367.463165283,
                    1303.73083496,
                    384.995727539,
                    111.626808167,
                    44.0611534119,
                    137.849319458,
                    152.013092041,
                    119.342308044,
                    -60.0277481079,
                    -30.8274478912,
                    42.6943359375,
                    21.7272777557
                ],
                [
                    403.729949951,
                    -55.9683952332,
                    384.995727539,
                    567.46105957,
                    144.304901123,
                    32.619342804,
                    35.624168396,
                    87.4123916626,
                    46.2568626404,
                    -31.9854831696,
                    -22.9617233276,
                    1.36376905441,
                    -41.9501037598
                ],
                [
                    -1368.38549805,
                    158.270004272,
                    111.626808167,
                    144.304901123,
                    526.703552246,
                    141.645248413,
                    146.147277832,
                    -30.1585578918,
                    106.667182922,
                    41.0301513672,
                    75.6151733398,
                    -32.3536567688,
                    17.0500621796
                ],
                [
                    77.5454788208,
                    -251.830444336,
                    44.0611534119,
                    32.619342804,
                    141.645248413,
                    367.33114624,
                    155.4974823,
                    41.2826881409,
                    45.7499961853,
                    90.6598358154,
                    17.6898517609,
                    10.4094409943,
                    17.8457393646
                ],
                [
                    -74.1979827881,
                    137.520492554,
                    137.849319458,
                    35.624168396,
                    146.147277832,
                    155.4974823,
                    297.634399414,
                    111.98714447,
                    104.869308472,
                    50.9934234619,
                    61.0156745911,
                    31.5489807129,
                    73.1181488037
                ],
                [
                    816.85723877,
                    -11.4225187302,
                    152.013092041,
                    87.4123916626,
                    -30.1585578918,
                    41.2826881409,
                    111.98714447,
                    247.646102905,
                    90.6245346069,
                    13.8315896988,
                    1.47291529179,
                    62.1720581055,
                    37.6733398438
                ],
                [
                    -89.1008911133,
                    41.8093223572,
                    119.342308044,
                    46.2568626404,
                    106.667182922,
                    45.7499961853,
                    104.869308472,
                    90.6245346069,
                    173.838653564,
                    75.670539856,
                    51.4188117981,
                    35.3836402893,
                    48.1374359131
                ],
                [
                    -15.2274703979,
                    -168.930877686,
                    -60.0277481079,
                    -31.9854831696,
                    41.0301513672,
                    90.6598358154,
                    50.9934234619,
                    13.8315896988,
                    75.670539856,
                    169.296798706,
                    77.989151001,
                    43.0519371033,
                    25.6141796112
                ],
                [
                    -321.408752441,
                    26.9384765625,
                    -30.8274478912,
                    -22.9617233276,
                    75.6151733398,
                    17.6898517609,
                    61.0156745911,
                    1.47291529179,
                    51.4188117981,
                    77.989151001,
                    148.317962646,
                    48.8624229431,
                    46.1335868835
                ],
                [
                    574.645812988,
                    -131.24017334,
                    42.6943359375,
                    1.36376905441,
                    -32.3536567688,
                    10.4094409943,
                    31.5489807129,
                    62.1720581055,
                    35.3836402893,
                    43.0519371033,
                    48.8624229431,
                    140.176971436,
                    65.992767334
                ],
                [
                    205.106765747,
                    103.419387817,
                    21.7272777557,
                    -41.9501037598,
                    17.0500621796,
                    17.8457393646,
                    73.1181488037,
                    37.6733398438,
                    48.1374359131,
                    25.6141796112,
                    46.1335868835,
                    65.992767334,
                    133.655029297
                ]
            ],
            "icov": [
                [
                    8.91747549758e-05,
                    -2.86095382762e-05,
                    1.9391765818e-05,
                    -0.000109415559564,
                    0.000210548867472,
                    -0.000103161044535,
                    5.36064180778e-05,
                    -0.000192934254301,
                    9.10735398065e-05,
                    -7.61142509873e-05,
                    0.000202570532565,
                    -0.00029983985587,
                    -8.03215880296e-05
                ],
                [
                    -2.86095382762e-05,
                    0.000867117138114,
                    -0.000288440030999,
                    0.000300391810015,
                    -0.000295453821309,
                    0.00083011330571,
                    -0.000547675881535,
                    3.09195565933e-05,
                    1.93268988369e-05,
                    0.000587171467487,
                    -0.000445020647021,
                    0.00139904604293,
                    -0.000924793363083
                ],
                [
                    1.9391765818e-05,
                    -0.000288440030999,
                    0.00119398557581,
                    -0.000750563922338,
                    0.000215030304389,
                    -0.000335931574227,
                    -0.000151874541189,
                    1.52045549839e-05,
                    -0.000744781864341,
                    0.000482899253257,
                    0.000406411912991,
                    -0.000855473510455,
                    0.000317787606036
                ],
                [
                    -0.000109415559564,
                    0.000300391810015,
                    -0.000750563922338,
                    0.00285655027255,
                    -0.00122680945788,
                    0.000362242484698,
                    0.000202463386813,
                    -0.000760971568525,
                    6.91054374329e-05,
                    0.000490224454552,
                    -0.000192911800696,
                    0.00037446434726,
                    0.000928791298065
                ],
                [
                    0.000210548867472,
                    -0.000295453821309,
                    0.000215030304389,
                    -0.00122680945788,
                    0.00397787848487,
                    -0.00146505888551,
                    -0.000701440265402,
                    0.00136462599039,
                    -0.00210152822547,
                    0.000869170762599,
                    -0.000957220909186,
                    -7.89322366472e-05,
                    0.000132444693008
                ],
                [
                    -0.000103161044535,
                    0.00083011330571,
                    -0.000335931574227,
                    0.000362242484698,
                    -0.00146505888551,
                    0.00544504122809,
                    -0.00283189024776,
                    -9.99180556391e-05,
                    0.00170242588501,
                    -0.00258858245797,
                    0.00136018591002,
                    0.00138841744047,
                    -0.000550538126845
                ],
                [
                    5.36064180778e-05,
                    -0.000547675881535,
                    -0.000151874541189,
                    0.000202463386813,
                    -0.000701440265402,
                    -0.00283189024776,
                    0.00751863885671,
                    -0.00262776110321,
                    -0.00109423254617,
                    0.000480107701151,
                    -0.00158820336219,
                    0.000365821819287,
                    -0.00180549360812
                ],
                [
                    -0.000192934254301,
                    3.09195565933e-05,
                    1.52045549839e-05,
                    -0.000760971568525,
                    0.00136462599039,
                    -9.99180556391e-05,
                    -0.00262776110321,
                    0.00807684566826,
                    -0.00411668093875,
                    0.00159819924738,
                    0.000730131461751,
                    -0.00199474347755,
                    0.000940313620958
                ],
                [
                    9.10735398065e-05,
                    1.93268988369e-05,
                    -0.000744781864341,
                    6.91054374329e-05,
                    -0.00210152822547,
                    0.00170242588501,
                    -0.00109423254617,
                    -0.00411668093875,
                    0.0127604901791,
                    -0.00572191271931,
                    0.000437695533037,
                    0.000771522405557,
                    -0.00224348134361
                ],
                [
                    -7.61142509873e-05,
                    0.000587171467487,
                    0.000482899253257,
                    0.000490224454552,
                    0.000869170762599,
                    -0.00258858245797,
                    0.000480107701151,
                    0.00159819924738,
                    -0.00572191271931,
                    0.0126407397911,
                    -0.00516370916739,
                    -0.00087595207151,
                    0.00111259671394
                ],
                [
                    0.000202570532565,
                    -0.000445020647021,
                    0.000406411912991,
                    -0.000192911800696,
                    -0.000957220909186,
                    0.00136018591002,
                    -0.00158820336219,
                    0.000730131461751,
                    0.000437695533037,
                    -0.00516370916739,
                    0.0124952243641,
                    -0.00408952962607,
                    -0.000951375055593
                ],
                [
                    -0.00029983985587,
                    0.00139904604293,
                    -0.000855473510455,
                    0.00037446434726,
                    -7.89322366472e-05,
                    0.00138841744047,
                    0.000365821819287,
                    -0.00199474347755,
                    0.000771522405557,
                    -0.00087595207151,
                    -0.00408952962607,
                    0.015089773573,
                    -0.00632806727663
                ],
                [
                    -8.03215880296e-05,
                    -0.000924793363083,
                    0.000317787606036,
                    0.000928791298065,
                    0.000132444693008,
                    -0.000550538126845,
                    -0.00180549360812,
                    0.000940313620958,
                    -0.00224348134361,
                    0.00111259671394,
                    -0.000951375055593,
                    -0.00632806727663,
                    0.0133876344189
                ]
            ],
            "mean": [
                3.11208987236,
                63.8477363586,
                -98.9025192261,
                22.1176071167,
                -46.0543556213,
                28.4925308228,
                -24.6240940094,
                14.5070934296,
                -17.8292388916,
                11.4746770859,
                -9.74897384644,
                3.15620946884,
                -8.05242729187
            ]
        },
        "hfc": {
            "dmean": 9.88753795624,
            "dmean2": 15.4033851624,
            "dvar": 239.853179932,
            "dvar2": 584.828063965,
            "max": 185.761627197,
            "mean": 28.3724575043,
            "median": 22.145816803,
            "min": 1.0935988119e-16,
            "var": 561.182006836
        },
        "melbands": {
            "dmean": [
                0.00482168234885,
                0.00333140953444,
                0.00114832352847,
                0.000421821168857,
                0.000205020973226,
                0.000244050635956,
                0.000170140396222,
                9.98950126814e-05,
                0.000106688909,
                0.000106541236164,
                0.000114560760267,
                0.000182202129508,
                6.99430383975e-05,
                6.31832590443e-05,
                4.05950777349e-05,
                5.44695685676e-05,
                4.55400659121e-05,
                4.57006681245e-05,
                2.76905357168e-05,
                1.84073433047e-05,
                1.29166901388e-05,
                8.2074684542e-06,
                9.72461111814e-06,
                7.6185110629e-06,
                9.80266486295e-06,
                8.16359533928e-06,
                5.37562618774e-06,
