{
    "lowlevel": {
        "average_loudness": 0.930981516838,
        "barkbands": {
            "dmean": [
                0.000853277218994,
                0.00960038974881,
                0.00298969005235,
                0.0012492792448,
                0.00192522536963,
                0.00118642649613,
                0.000635518808849,
                0.000533336540684,
                0.00084865646204,
                0.000498224399053,
                0.000444053061074,
                0.000458012626041,
                0.000459557195427,
                0.000548168609384,
                0.000496147898957,
                0.000342179322615,
                0.000250576733379,
                0.000282197870547,
                0.000215303574805,
                0.000270203046966,
                0.000189953585505,
                0.000179185939487,
                0.000211527454667,
                0.0001396779262,
                0.000108228465251,
                4.89926969749e-05,
                2.02334422283e-06
            ],
            "dmean2": [
                0.00140377692878,
                0.0147826168686,
                0.00506566464901,
                0.00226715719327,
                0.00332855852321,
                0.00195609009825,
                0.00105636275839,
                0.000891063013114,
                0.00134535657708,
                0.00077216984937,
                0.000695324270055,
                0.000720198440831,
                0.000701646786183,
                0.000875971163623,
                0.00076500029536,
                0.000536360079423,
                0.000387665437302,
                0.000449602754088,
                0.000335350487148,
                0.000422500568675,
                0.000294274272164,
                0.000268377421889,
                0.000335229618941,
                0.000213152510696,
                0.000161703006597,
                7.16161302989e-05,
                3.15183365274e-06
            ],
            "dvar": [
                2.74960484603e-06,
                0.000425672886195,
                7.95422747615e-05,
                1.67071175383e-05,
                2.33902283071e-05,
                5.99433906245e-06,
                2.20300876208e-06,
                1.39056760418e-06,
                3.40639007845e-06,
                1.53964140281e-06,
                9.36469973567e-07,
                1.16822775453e-06,
                1.45528781559e-06,
                1.9506519493e-06,
                2.00805789063e-06,
                9.77252625489e-07,
                2.45760958251e-07,
                2.72976450333e-07,
                1.98449754407e-07,
                2.87715209879e-07,
                1.80073598699e-07,
                9.52663796738e-08,
                1.9317090505e-07,
                6.56431069501e-08,
                4.75231303199e-08,
                1.10653024521e-08,
                2.95680736839e-11
            ],
            "dvar2": [
                7.31583713787e-06,
                0.000850623124279,
                0.000208056153497,
                4.75690576422e-05,
                6.63848768454e-05,
                1.53310993483e-05,
                5.81553331358e-06,
                3.54438111572e-06,
                8.32181831356e-06,
                3.71039050151e-06,
                2.10708753912e-06,
                2.87058196591e-06,
                2.99993416775e-06,
                4.93317747896e-06,
                4.30892123404e-06,
                2.27532336794e-06,
                5.6378729596e-07,
                6.87965609814e-07,
                4.85307907638e-07,
                6.98972939972e-07,
                4.27563122685e-07,
                2.00536277362e-07,
                4.68907700224e-07,
                1.45810375329e-07,
                9.69407025764e-08,
                2.12802895305e-08,
                6.39187314189e-11
            ],
            "max": [
                0.0258097462356,
                0.212392225862,
                0.104755878448,
                0.0411120243371,
                0.057753123343,
                0.0457899197936,
                0.0298611279577,
                0.0173437409103,
                0.027622340247,
                0.0275568123907,
                0.0293428059667,
                0.0247236657888,
                0.0343358702958,
                0.0389626473188,
                0.0446414686739,
                0.0291197299957,
                0.00903128180653,
                0.0105423759669,
                0.0103445602581,
                0.0119976652786,
                0.00598264671862,
                0.00655790325254,
                0.00620642537251,
                0.00373462005518,
                0.00491735292599,
                0.00281077763066,
                0.000190708014998
            ],
            "mean": [
                0.00156037986744,
                0.0191137753427,
                0.00382521003485,
                0.0011139435228,
                0.0023848048877,
                0.00175002601463,
                0.000986898201518,
                0.000674620678183,
                0.00123985705432,
                0.000793122278992,
                0.000732362736017,
                0.000727154372726,
                0.000746250676457,
                0.000829932163469,
                0.00068466848461,
                0.00053658534307,
                0.000381039135391,
                0.000458662514575,
                0.000339676684234,
                0.000437923823483,
                0.000280783453491,
                0.000299677572912,
                0.000287018454401,
                0.000218352128286,
                0.000173033011379,
                7.86106757005e-05,
                2.73699924946e-06
            ],
            "median": [
                0.000589265720919,
                0.0137390233576,
                0.000741390627809,
                0.000267132971203,
                0.000982804689556,
                0.000641766411718,
                0.000275673170108,
                0.000200445472728,
                0.000351434282493,
                0.000159257178893,
                0.000182336225407,
                0.000183879950782,
                0.000197164335987,
                0.000181437877472,
                0.000180078466656,
                0.000129757449031,
                0.00014878861839,
                0.000185815166333,
                0.000129160398501,
                0.000160986601259,
                0.000115110022307,
                0.000131431224872,
                0.000101299927337,
                8.81175365066e-05,
                6.96841307217e-05,
                3.16706500598e-05,
                7.78280025315e-07
            ],
            "min": [
                2.13646458541e-16,
                2.51254959628e-16,
                1.06909752363e-16,
                9.50987315637e-17,
                2.95961226235e-16,
                1.96267737979e-16,
                5.61036507779e-16,
                4.99227984222e-16,
                3.7146846954e-16,
                3.9485430806e-16,
                1.14163193275e-16,
                1.22428514305e-16,
                4.51417844789e-16,
                1.89248124482e-16,
                2.54321324776e-16,
                5.24619543821e-16,
                5.80339118097e-16,
                4.6284476394e-15,
                4.01797744178e-15,
                1.48376900129e-15,
                8.94353501644e-16,
                4.917455281e-15,
                5.9573694888e-15,
                4.84031260236e-15,
                1.21707767088e-14,
                1.0575709484e-14,
                3.969714775e-15
            ],
            "var": [
                4.81236975247e-06,
                0.0006923454348,
                7.79451511335e-05,
                1.05748431452e-05,
                1.95576049009e-05,
                8.54221252666e-06,
                4.18531408286e-06,
                1.70511918895e-06,
                5.79707057113e-06,
                3.59626619684e-06,
                2.89206423076e-06,
                2.51337064583e-06,
                3.36239668286e-06,
                3.72683712158e-06,
                3.24947404806e-06,
                2.62124012806e-06,
                4.41600747081e-07,
                5.66468884244e-07,
                3.25563320303e-07,
                5.83512019148e-07,
                2.34754878647e-07,
                1.84120636959e-07,
                2.48499787858e-07,
                1.14426825348e-07,
                9.26636616327e-08,
                2.2769111041e-08,
                5.67672714391e-11
            ]
        },
        "barkbands_crest": {
            "dmean": 3.00035572052,
            "dmean2": 4.56061029434,
            "dvar": 8.47133255005,
            "dvar2": 17.8451251984,
            "max": 26.3646888733,
            "mean": 13.0255308151,
            "median": 12.5879230499,
            "min": 2.09880447388,
            "var": 27.7139911652
        },
        "barkbands_flatness_db": {
            "dmean": 0.0280652269721,
            "dmean2": 0.0394119732082,
            "dvar": 0.00084582704585,
            "dvar2": 0.00152300437912,
            "max": 0.545629262924,
            "mean": 0.147484347224,
            "median": 0.137814998627,
            "min": 0.0228707529604,
            "var": 0.00425008032471
        },
        "barkbands_kurtosis": {
            "dmean": 7.75530004501,
            "dmean2": 11.4155282974,
            "dvar": 795.90246582,
            "dvar2": 1732.31176758,
            "max": 1162.87780762,
            "mean": 10.1339101791,
            "median": 1.99574875832,
            "min": -1.94622695446,
            "var": 1124.4083252
        },
        "barkbands_skewness": {
            "dmean": 0.838404774666,
            "dmean2": 1.18658602238,
            "dvar": 1.29920959473,
            "dvar2": 2.43848633766,
            "max": 22.6100234985,
            "mean": 2.01093912125,
            "median": 1.54642701149,
            "min": -4.825963974,
            "var": 4.67344379425
        },
        "barkbands_spread": {
            "dmean": 7.67139148712,
            "dmean2": 11.5018405914,
            "dvar": 85.1991119385,
            "dvar2": 183.748718262,
            "max": 127.816680908,
            "mean": 25.7753925323,
            "median": 23.727891922,
            "min": 0.0736747011542,
            "var": 263.793395996
        },
        "dissonance": {
            "dmean": 0.0186678729951,
            "dmean2": 0.0307672917843,
            "dvar": 0.000365407933714,
            "dvar2": 0.000945378735196,
            "max": 0.500000119209,
            "mean": 0.465116977692,
            "median": 0.472796142101,
            "min": 0.261601299047,
            "var": 0.000815843814053
        },
        "dynamic_complexity": 2.83369493484,
        "erbbands": {
            "dmean": [
                0.323179900646,
                2.14641213417,
                3.61015892029,
                3.59575271606,
                5.05738401413,
                6.94157218933,
                8.46057224274,
                10.593957901,
                9.43927669525,
                8.49660873413,
                14.2957630157,
                18.7813587189,
                14.4826135635,
                16.5360488892,
                14.8502759933,
                16.6046390533,
                19.7641887665,
                21.5144462585,
                25.492099762,
                22.4883308411,
                16.5424747467,
                14.0640535355,
                16.7386894226,
                10.0243301392,
                12.6971445084,
                11.9885206223,
                8.42406272888,
                6.82505989075,
                6.52355146408,
                6.28401374817,
                6.09859418869,
                3.56559109688,
                2.13807034492,
                1.33898055553,
                0.737753033638,
                0.289999425411,
                0.0805236771703,
                0.0100525664166,
                0.000238580236328,
                2.09201098187e-05
            ],
            "dmean2": [
                0.507771849632,
                3.23477482796,
                5.87577152252,
                6.32101726532,
                8.9972486496,
                11.9554986954,
                14.0552864075,
                17.460767746,
                15.7496433258,
                14.1752099991,
                23.016494751,
                29.7918624878,
                23.0355739594,
                25.4959163666,
                23.11536026,
                25.9596424103,
                29.9446563721,
                33.1701622009,
                39.5752677917,
                34.5057067871,
                25.127664566,
                21.5866832733,
                26.285364151,
                15.5418548584,
                19.8201637268,
                18.7790718079,
                12.9418544769,
                10.5398817062,
                9.79767894745,
                9.66182899475,
                9.62455654144,
                5.581553936,
                3.23769855499,
                2.00146913528,
                1.10616493225,
                0.430192500353,
                0.11769271642,
                0.0149248018861,
                0.000352979521267,
                3.03599008475e-05
            ],
            "dvar": [
                0.389565080404,
                25.3474025726,
                95.7063598633,
                133.446151733,
                220.29335022,
                285.605957031,
                298.018920898,
                606.58782959,
                524.989074707,
                360.676574707,
                980.689697266,
                1770.29528809,
                1126.39233398,
                1226.51196289,
                1095.43688965,
                1406.59936523,
                2381.50708008,
                2956.70483398,
                3765.29272461,
                4341.54931641,
                2054.61474609,
                715.030029297,
                1014.79199219,
                429.938537598,
                734.635742188,
                559.870239258,
                365.453155518,
                195.087188721,
                139.356170654,
                124.569801331,
                174.928268433,
                50.8174209595,
                14.7634897232,
                7.40524768829,
                2.21952867508,
                0.357154726982,
                0.0321256928146,
                0.000688826548867,
                3.58913695209e-07,
                8.26205159843e-10
            ],
            "dvar2": [
                0.926608920097,
                50.5950698853,
                235.85546875,
                362.413146973,
                628.447631836,
                797.679626465,
                791.657836914,
                1555.97949219,
                1395.89611816,
                952.132385254,
                2394.18164063,
                4233.45800781,
                2826.07446289,
                2846.20800781,
                2584.54614258,
                3326.23022461,
                5009.02050781,
                7201.79003906,
                8955.39746094,
                9924.66015625,
                4715.95263672,
                1603.53393555,
                2522.46069336,
                1056.19055176,
                1825.07299805,
                1357.44775391,
                874.04473877,
                462.916473389,
                297.653442383,
                279.142242432,
                428.521697998,
                118.93712616,
                31.9025669098,
                15.5393447876,
                4.5651140213,
                0.722114086151,
                0.0599766746163,
                0.00133710738737,
                7.05505442511e-07,
                1.5473112791e-09
            ],
            "max": [
                6.38295602798,
                48.509552002,
                109.680717468,
                131.46937561,
                161.852493286,
                220.021102905,
                383.965911865,
                518.60723877,
                537.733276367,
                459.165588379,
                472.733337402,
                788.625610352,
                837.316345215,
                998.465515137,
                838.660766602,
                909.866699219,
                1703.19213867,
                1703.41210938,
                1574.47314453,
                1650.9173584,
                1946.79211426,
                566.925109863,
                745.605834961,
                615.777587891,
                686.67767334,
                400.638336182,
                234.885147095,
                203.816680908,
                206.008560181,
                207.347488403,
                164.746002197,
                107.544410706,
                64.0878753662,
                65.1184921265,
                31.206735611,
                14.4040060043,
                4.51226139069,
                1.03653335571,
                0.0225783735514,
                0.000583414512221
            ],
            "mean": [
                0.669497728348,
                3.73796677589,
                5.37903118134,
                3.86006546021,
                5.26803636551,
                8.58661842346,
                12.122048378,
                15.2278003693,
                14.4524927139,
                12.4593038559,
                19.5544586182,
                27.6570720673,
                23.0183677673,
                30.4223613739,
                25.6742839813,
                27.2318248749,
                34.1024475098,
                36.7203292847,
                41.3893318176,
                34.016620636,
                27.1419811249,
                23.6889629364,
                27.5229320526,
                17.3297977448,
                20.5759124756,
                19.5253639221,
                12.4380922318,
                10.5964622498,
                10.6008358002,
                9.85939311981,
                8.07793235779,
                5.06615495682,
                3.44936490059,
                2.08541369438,
                1.14163601398,
                0.461163580418,
                0.124064989388,
                0.0154547207057,
                0.000389433931559,
                6.29679343547e-05
            ],
            "median": [
                0.554489850998,
                1.70743203163,
                1.36376178265,
                1.17234814167,
                1.86121439934,
                3.18990945816,
                4.53395223618,
                5.3416762352,
                4.71487808228,
                4.90780448914,
                6.84888553619,
                8.45080089569,
                6.90440797806,
                9.0201292038,
                8.7201051712,
                8.43162441254,
                10.4670677185,
                11.3235054016,
                13.1298561096,
                9.63979530334,
                8.16098117828,
                10.4737272263,
                11.2479820251,
                7.71838521957,
                7.86153316498,
                7.48692369461,
                5.1503238678,
                4.47539377213,
                4.46405744553,
                3.88089466095,
                2.74946475029,
                1.82562172413,
                1.44002461433,
                0.793939709663,
                0.466411411762,
                0.190729305148,
                0.0456160195172,
                0.00516328914091,
                0.000153762710397,
                5.21483198099e-05
            ],
            "min": [
                1.02711681052e-14,
                4.6574137098e-14,
                1.17821713757e-13,
                2.40511983159e-13,
                5.52669292709e-13,
                1.10089335651e-12,
                1.34835111826e-12,
                1.79973744241e-12,
                5.87327148721e-12,
                1.1068581815e-11,
                1.00083214286e-11,
                8.40166651528e-12,
                1.14220395295e-11,
                1.02231192262e-11,
                3.42128365569e-12,
                6.62072176597e-12,
                1.9601230361e-11,
                1.3136177042e-11,
                1.25389585867e-11,
                2.08857202366e-11,
                2.5376617474e-11,
                4.23420846996e-11,
                2.1310359033e-10,
                3.02179031797e-10,
                1.05004546724e-10,
                7.10995012865e-11,
                3.29927994647e-11,
                7.21696868933e-11,
                1.74657316387e-10,
                1.21706200673e-10,
                1.90411061918e-10,
                1.32864580449e-10,
                7.91673115952e-11,
                6.76818046053e-11,
                1.32913721695e-10,
                3.88981243049e-11,
                2.23779796776e-11,
                4.44855003529e-12,
                5.6284068118e-13,
                5.0686485445e-14
            ],
            "var": [
                0.627540767193,
                38.5839347839,
                114.335037231,
                98.1792984009,
                153.713592529,
                279.056060791,
                389.696594238,
                796.812988281,
                1010.98376465,
                465.204284668,
                1320.13952637,
                3067.80371094,
                2195.50708008,
                4865.5703125,
                2457.37426758,
                2985.43554688,
                5715.36767578,
                6350.98925781,
                7477.28710938,
                7432.87060547,
                4806.45068359,
                1449.89233398,
                2186.203125,
                725.966491699,
                1213.71118164,
                1047.50231934,
                483.416931152,
                271.315246582,
                246.337539673,
                222.556045532,
                212.647674561,
                72.4006271362,
                28.809627533,
                13.7363376617,
                4.23473310471,
                0.698935866356,
                0.0655130296946,
                0.00143046921585,
                7.47782110011e-07,
                2.52320542238e-09
            ]
        },
        "erbbands_crest": {
            "dmean": 2.905605793,
            "dmean2": 4.66579055786,
            "dvar": 7.61011552811,
            "dvar2": 18.5268993378,
            "max": 31.3216629028,
            "mean": 9.19304084778,
            "median": 8.10128879547,
            "min": 2.45586466789,
            "var": 20.2808876038
        },
        "erbbands_flatness_db": {
            "dmean": 0.0180420707911,
            "dmean2": 0.0260916054249,
            "dvar": 0.000315869430779,
            "dvar2": 0.000613191397861,
            "max": 0.396618664265,
            "mean": 0.143875196576,
            "median": 0.136048182845,
            "min": 0.0465383641422,
            "var": 0.0019526174292
        },
        "erbbands_kurtosis": {
            "dmean": 1.21063876152,
            "dmean2": 1.91597247124,
            "dvar": 4.11755418777,
            "dvar2": 9.91371917725,
            "max": 45.3343200684,
            "mean": 0.74558365345,
            "median": 0.0308090317994,
            "min": -1.85985612869,
            "var": 6.70615768433
        },
        "erbbands_skewness": {
            "dmean": 0.44408762455,
            "dmean2": 0.673299849033,
            "dvar": 0.222184017301,
            "dvar2": 0.484995037317,
            "max": 6.12959575653,
            "mean": 0.104573316872,
            "median": 0.10576044023,
            "min": -5.7691617012,
            "var": 0.761039376259
        },
        "erbbands_spread": {
            "dmean": 11.3095808029,
            "dmean2": 17.0093841553,
            "dvar": 155.647262573,
            "dvar2": 338.289916992,
            "max": 180.640640259,
            "mean": 43.654914856,
            "median": 39.8431930542,
            "min": 3.32572817802,
            "var": 507.06918335
        },
        "gfcc": {
            "cov": [
                [
                    8786.66308594,
                    -125.329833984,
                    241.909667969,
                    516.373718262,
                    77.8323898315,
                    378.893920898,
                    7.16197347641,
                    324.737945557,
                    -68.3590621948,
                    124.826026917,
                    -140.006362915,
                    25.3245925903,
                    -262.317199707
                ],
                [
                    -125.329833984,
                    1800.99304199,
                    482.508850098,
                    186.096054077,
                    532.49621582,
                    175.796325684,
                    389.562286377,
                    72.7704238892,
                    188.140350342,
                    -75.6936950684,
                    92.6994476318,
                    -146.368103027,
                    19.6548461914
                ],
                [
                    241.909667969,
                    482.508850098,
                    1159.8380127,
                    581.140625,
                    313.912078857,
                    222.008789063,
                    171.871368408,
                    118.505027771,
                    79.3404922485,
                    5.99934005737,
                    7.46226930618,
                    -26.4578304291,
                    -40.7300415039
                ],
                [
                    516.373718262,
                    186.096054077,
                    581.140625,
                    738.974853516,
                    284.399139404,
                    62.5081443787,
                    107.784591675,
                    90.3297576904,
                    108.591896057,
                    25.2204685211,
                    15.7541093826,
                    -13.3712148666,
                    23.1290149689
                ],
                [
                    77.8323898315,
                    532.49621582,
                    313.912078857,
                    284.399139404,
                    524.18359375,
                    238.207641602,
                    237.116714478,
                    127.533805847,
                    131.053894043,
                    26.7285919189,
                    24.8520355225,
                    -29.3808460236,
                    27.7269439697
                ],
                [
                    378.893920898,
                    175.796325684,
                    222.008789063,
                    62.5081443787,
                    238.207641602,
                    403.088317871,
                    240.323425293,
                    76.3996047974,
                    58.6421012878,
                    30.148733139,
                    14.9599542618,
                    -4.89027643204,
                    -42.6914901733
                ],
                [
                    7.16197347641,
                    389.562286377,
                    171.871368408,
                    107.784591675,
                    237.116714478,
                    240.323425293,
                    362.937164307,
                    108.585098267,
                    93.1378479004,
                    31.3167591095,
                    51.323928833,
                    -8.11386013031,
                    -6.66554450989
                ],
                [
                    324.737945557,
                    72.7704238892,
                    118.505027771,
                    90.3297576904,
                    127.533805847,
                    76.3996047974,
                    108.585098267,
                    201.005386353,
                    91.3471908569,
                    35.939655304,
                    27.6093273163,
                    24.8788089752,
                    19.2889022827
                ],
                [
                    -68.3590621948,
                    188.140350342,
                    79.3404922485,
                    108.591896057,
                    131.053894043,
                    58.6421012878,
                    93.1378479004,
                    91.3471908569,
                    220.518737793,
                    72.9910125732,
                    27.2620983124,
                    10.5355062485,
                    50.2476196289
                ],
                [
                    124.826026917,
                    -75.6936950684,
                    5.99934005737,
                    25.2204685211,
                    26.7285919189,
                    30.148733139,
                    31.3167591095,
                    35.939655304,
                    72.9910125732,
                    151.425765991,
                    49.4267845154,
                    32.1110954285,
                    28.970746994
                ],
                [
                    -140.006362915,
                    92.6994476318,
                    7.46226930618,
                    15.7541093826,
                    24.8520355225,
                    14.9599542618,
                    51.323928833,
                    27.6093273163,
                    27.2620983124,
                    49.4267845154,
                    164.793014526,
                    61.0698013306,
                    30.8162174225
                ],
                [
                    25.3245925903,
                    -146.368103027,
                    -26.4578304291,
                    -13.3712148666,
                    -29.3808460236,
                    -4.89027643204,
                    -8.11386013031,
                    24.8788089752,
                    10.5355062485,
                    32.1110954285,
                    61.0698013306,
                    124.970588684,
                    45.5110816956
                ],
                [
                    -262.317199707,
                    19.6548461914,
                    -40.7300415039,
                    23.1290149689,
                    27.7269439697,
                    -42.6914901733,
                    -6.66554450989,
                    19.2889022827,
                    50.2476196289,
                    28.970746994,
                    30.8162174225,
                    45.5110816956,
                    130.633987427
                ]
            ],
            "icov": [
                [
                    0.000203399788006,
                    -0.000267576047918,
                    0.000268698204309,
                    -0.000444887351478,
                    0.000345791137079,
                    -0.000504536146764,
                    0.000447899044957,
                    -0.000621528655756,
                    0.000431733526057,
                    -0.000501424481627,
                    0.000464577315142,
                    -0.000438899965957,
                    0.000476037268527
                ],
                [
                    -0.000267576047918,
                    0.00200801319443,
                    -0.0011124414159,
                    0.00150770775508,
                    -0.00189732317813,
                    0.00180416263174,
                    -0.00195381115191,
                    0.00173677655403,
                    -0.00173656293191,
                    0.00217640050687,
                    -0.00210215663537,
                    0.00245977053419,
                    -0.000992796965875
                ],
                [
                    0.000268698204309,
                    -0.0011124414159,
                    0.00235252571292,
                    -0.00225026370026,
                    0.00106969440822,
                    -0.00187931733672,
                    0.00136033608578,
                    -0.00158558832482,
                    0.00125180208124,
                    -0.0011708906386,
                    0.00123511825223,
                    -0.00138965819497,
                    0.0012721036328
                ],
                [
                    -0.000444887351478,
                    0.00150770775508,
                    -0.00225026370026,
                    0.00420711701736,
                    -0.00259792129509,
                    0.00272081885487,
                    -0.00184647552669,
                    0.00197695428506,
                    -0.00205123377964,
                    0.00176458852366,
                    -0.00177566765342,
                    0.00189270940609,
                    -0.00135508156382
                ],
                [
                    0.000345791137079,
                    -0.00189732317813,
                    0.00106969440822,
                    -0.00259792129509,
                    0.00602042488754,
                    -0.00353381806053,
                    0.00109338399488,
                    -0.00270756380633,
                    0.00109181751031,
                    -0.00164016277995,
                    0.0017893119948,
                    -0.000862650806084,
                    -0.000381581659894
                ],
                [
                    -0.000504536146764,
                    0.00180416263174,
                    -0.00187931733672,
                    0.00272081885487,
                    -0.00353381806053,
                    0.00744675705209,
                    -0.00466825533658,
                    0.00255462806672,
                    -0.00181031436659,
                    0.00143043603748,
                    -0.00133810017724,
                    0.000990426982753,
                    0.000565718626603
                ],
                [
                    0.000447899044957,
                    -0.00195381115191,
                    0.00136033608578,
                    -0.00184647552669,
                    0.00109338399488,
                    -0.00466825533658,
                    0.00791571289301,
                    -0.00342730409466,
                    0.00120029936079,
                    -0.00192292407155,
                    0.000608481990639,
                    -0.00143940874841,
                    0.00141940079629
                ],
                [
                    -0.000621528655756,
                    0.00173677655403,
                    -0.00158558832482,
                    0.00197695428506,
                    -0.00270756380633,
                    0.00255462806672,
                    -0.00342730409466,
                    0.00972434785217,
                    -0.00394004164264,
                    0.00214905967005,
                    -0.00196623592637,
                    0.000532477686647,
                    -0.00123771105427
                ],
                [
                    0.000431733526057,
                    -0.00173656293191,
                    0.00125180208124,
                    -0.00205123377964,
                    0.00109181751031,
                    -0.00181031436659,
                    0.00120029936079,
                    -0.00394004164264,
                    0.00923725776374,
                    -0.0048437085934,
                    0.00237617036328,
                    -0.00141528190579,
                    -0.000844987051096
                ],
                [
                    -0.000501424481627,
                    0.00217640050687,
                    -0.0011708906386,
                    0.00176458852366,
                    -0.00164016277995,
                    0.00143043603748,
                    -0.00192292407155,
                    0.00214905967005,
                    -0.0048437085934,
                    0.0114749744534,
                    -0.00444504804909,
                    0.00205539027229,
                    -0.00196086871438
                ],
                [
                    0.000464577315142,
                    -0.00210215663537,
                    0.00123511825223,
                    -0.00177566765342,
                    0.0017893119948,
                    -0.00133810017724,
                    0.000608481990639,
                    -0.00196623592637,
                    0.00237617036328,
                    -0.00444504804909,
                    0.0108714848757,
                    -0.00650259107351,
                    0.00122560875025
                ],
                [
                    -0.000438899965957,
                    0.00245977053419,
                    -0.00138965819497,
                    0.00189270940609,
                    -0.000862650806084,
                    0.000990426982753,
                    -0.00143940874841,
                    0.000532477686647,
                    -0.00141528190579,
                    0.00205539027229,
                    -0.00650259107351,
                    0.0152336256579,
                    -0.00534978555515
                ],
                [
                    0.000476037268527,
                    -0.000992796965875,
                    0.0012721036328,
                    -0.00135508156382,
                    -0.000381581659894,
                    0.000565718626603,
                    0.00141940079629,
                    -0.00123771105427,
                    -0.000844987051096,
                    -0.00196086871438,
                    0.00122560875025,
                    -0.00534978555515,
                    0.0122523969039
                ]
            ],
            "mean": [
                6.90481376648,
                62.0011329651,
                -110.419555664,
                36.9912528992,
                -56.626247406,
                23.5433979034,
                -36.6382217407,
                15.2427215576,
                -21.6437206268,
                11.1441688538,
                -12.6449832916,
                7.86045742035,
                -7.84704351425
            ]
        },
        "hfc": {
            "dmean": 9.33879852295,
            "dmean2": 13.6554708481,
            "dvar": 207.296188354,
            "dvar2": 422.70715332,
            "max": 152.167785645,
            "mean": 26.7332191467,
            "median": 21.3421230316,
            "min": 5.05261332773e-10,
            "var": 552.705932617
        },
        "melbands": {
            "dmean": [
                0.00276380032301,
                0.00205518491566,
                0.000634796917439,
                0.000430670042988,
                0.000294090685202,
                0.000230010657106,
                0.000140879725222,
                9.69164975686e-05,
                0.000131080596475,
                0.000118439325888,
                7.55234214012e-05,
                7.01941098669e-05,
                5.19234017702e-05,
                4.88330661028e-05,
                4.691369395e-05,
                5.14338862558e-05,
                4.40489457105e-05,
                4.61342533526e-05,
                4.18775853177e-05,
                2.66609495156e-05,
                1.89230995602e-05,
                1.57404647325e-05,
                1.55770612764e-05,
                1.33011380967e-05,
                8.309812074e-06,
                9.11041297513e-06,
                1.12236866698e-05,
                8.15711700852e-06,
                5.47588206246e-06,
