{
    "lowlevel": {
        "average_loudness": 0.856480956078,
        "barkbands": {
            "dmean": [
                0.00025626810384,
                0.00197185156867,
                0.00141285476275,
                0.00188850145787,
                0.00274069118313,
                0.00133223808371,
                0.000843520043418,
                0.00100431556348,
                0.00059444794897,
                0.00048152540694,
                0.000197044646484,
                0.000161270771059,
                0.000271137891104,
                0.000338952755556,
                0.000249991397141,
                0.000177197391167,
                0.000190356833627,
                7.50103426981e-05,
                6.75139890518e-05,
                5.55713668291e-05,
                6.57240234432e-05,
                6.39907739242e-05,
                4.08683081332e-05,
                6.28167690593e-05,
                7.63200878282e-05,
                4.83832518512e-05,
                1.78129448614e-05
            ],
            "dmean2": [
                0.000411098561017,
                0.00310038216412,
                0.00237500644289,
                0.00327092548832,
                0.00457953615114,
                0.00204309495166,
                0.00132894096896,
                0.00151401711628,
                0.000944107596297,
                0.000695935217664,
                0.000309476308757,
                0.000256437953794,
                0.00042851062608,
                0.000539621280041,
                0.000395621260395,
                0.000281679123873,
                0.000291459116852,
                0.000113447691547,
                0.000102957710624,
                8.51119402796e-05,
                9.78706739261e-05,
                9.35626303544e-05,
                5.88749389863e-05,
                8.73504104675e-05,
                0.00010506738181,
                6.7333719926e-05,
                2.51269702858e-05
            ],
            "dvar": [
                6.73002318763e-07,
                8.17710970296e-05,
                2.07710054383e-05,
                3.79474840884e-05,
                5.02724215039e-05,
                5.05249317939e-06,
                3.25984160554e-06,
                5.20175399288e-06,
                2.0478935312e-06,
                1.463543299e-06,
                2.66186447107e-07,
                1.67152975905e-07,
                6.003042472e-07,
                6.91107686634e-07,
                3.83885748079e-07,
                1.28570732727e-07,
                1.36015160024e-07,
                2.93583504174e-08,
                1.6920862933e-08,
                2.57021213201e-08,
                5.20544212179e-08,
                2.01964525104e-08,
                1.42371643364e-08,
                3.9018701159e-08,
                7.31424734113e-08,
                2.68256847846e-08,
                5.59536950107e-09
            ],
            "dvar2": [
                1.7032384676e-06,
                0.00019449897809,
                5.68261821172e-05,
                0.000103962127469,
                0.000136094749905,
                1.16678884297e-05,
                7.94624884293e-06,
                1.15359589472e-05,
                5.18371825819e-06,
                2.8947104056e-06,
                6.37552034277e-07,
                4.39400480445e-07,
                1.5017193391e-06,
                1.64100367783e-06,
                9.64808236859e-07,
                3.10759190825e-07,
                3.05453909277e-07,
                6.18045419287e-08,
                3.85235772171e-08,
                6.10423356306e-08,
                1.07103765856e-07,
                4.10444940258e-08,
                2.88763644107e-08,
                7.02068234659e-08,
                1.15569577019e-07,
                4.9501593935e-08,
                1.19382956854e-08
            ],
            "max": [
                0.0147074125707,
                0.159341052175,
                0.0589901059866,
                0.13166347146,
                0.0996128544211,
                0.0497313626111,
                0.0627403333783,
                0.0796264261007,
                0.027719296515,
                0.028902200982,
                0.013575732708,
                0.0100468378514,
                0.0287941992283,
                0.0197746530175,
                0.0147950518876,
                0.00812036823481,
                0.00614103488624,
                0.00419011712074,
                0.00260437699035,
                0.00431158207357,
                0.00504023162648,
                0.00262420391664,
                0.00239462009631,
                0.00486398208886,
                0.0121252248064,
                0.00580836925656,
                0.00308071402833
            ],
            "mean": [
                0.000912623421755,
                0.00428592041135,
                0.00188070128206,
                0.00262446678244,
                0.00558486487716,
                0.00331877567805,
                0.0017814587336,
                0.00178360543214,
                0.000949304143433,
                0.000991753651761,
                0.000333925534505,
                0.000255472143181,
                0.000458810682176,
                0.000559245876502,
                0.000427731720265,
                0.000282520981273,
                0.000317050726153,
                0.00012188454275,
                0.00012387210154,
                8.30143981148e-05,
                9.2750582553e-05,
                9.58318341873e-05,
                5.75632839173e-05,
                9.66661318671e-05,
                0.000124165904708,
                7.38331946195e-05,
                2.28546559811e-05
            ],
            "median": [
                0.000330947776092,
                0.00101716828067,
                0.000598489190452,
                0.000548930082005,
                0.00247320812196,
                0.00178614747711,
                0.000766909914091,
                0.00051283108769,
                0.000314004952088,
                0.000171414270881,
                8.15465173218e-05,
                8.06357274996e-05,
                9.9147495348e-05,
                0.000124295227579,
                0.000120624143165,
                0.000107420608401,
                0.000110595057777,
                3.58158140443e-05,
                4.14481764892e-05,
                1.83030333574e-05,
                1.10832525024e-05,
                1.8607443053e-05,
                7.11405118636e-06,
                1.57374870469e-05,
                1.37787783387e-05,
                5.78870458412e-06,
                7.75039382006e-07
            ],
            "min": [
                5.20609069945e-24,
                3.15903230691e-23,
                8.79174040386e-24,
                2.11801043562e-23,
                4.60569907745e-23,
                2.47797681746e-23,
                5.92286107753e-23,
                3.65660821615e-23,
                1.281532056e-22,
                9.12891927627e-23,
                1.07069351741e-22,
                9.45875653578e-23,
                1.37536245373e-22,
                1.28144080057e-22,
                1.8356867733e-22,
                1.05881390326e-22,
                1.84306483157e-22,
                2.08861261891e-22,
                3.30512044821e-22,
                3.05953984426e-22,
                4.15367856021e-22,
                5.29095951108e-22,
                7.55351558093e-22,
                1.22655031893e-21,
                1.44083371843e-21,
                1.41459072687e-21,
                2.22438156342e-21
            ],
            "var": [
                1.76636160631e-06,
                0.000104350918264,
                1.73655789695e-05,
                4.29433821409e-05,
                7.43253040127e-05,
                1.85680382856e-05,
                7.68044174038e-06,
                1.28594347188e-05,
                3.84049417335e-06,
                5.98327505941e-06,
                5.9128507246e-07,
                2.83028413151e-07,
                1.26502254716e-06,
                1.50060895976e-06,
                8.0744865727e-07,
                2.11986062482e-07,
                2.71590465672e-07,
                5.43234541794e-08,
                4.09165394899e-08,
                3.54800953062e-08,
                9.7236330987e-08,
                4.89203877407e-08,
                2.87366841434e-08,
                9.27684524754e-08,
                2.16458261093e-07,
                7.52668753989e-08,
                9.16277542728e-09
            ]
        },
        "barkbands_crest": {
            "dmean": 2.11240243912,
            "dmean2": 3.3994114399,
            "dvar": 4.7480840683,
            "dvar2": 12.0409955978,
            "max": 26.6266937256,
            "mean": 9.90056610107,
            "median": 9.14284515381,
            "min": 2.36776018143,
            "var": 14.4340343475
        },
        "barkbands_flatness_db": {
            "dmean": 0.0231157112867,
            "dmean2": 0.0319758430123,
            "dvar": 0.00058986293152,
            "dvar2": 0.00106508180033,
            "max": 0.568666994572,
            "mean": 0.164940148592,
            "median": 0.154681816697,
            "min": 0.0244350973517,
            "var": 0.0047330101952
        },
        "barkbands_kurtosis": {
            "dmean": 3.76476764679,
            "dmean2": 5.75167512894,
            "dvar": 49.6730041504,
            "dvar2": 112.645210266,
            "max": 264.284057617,
            "mean": 7.50748634338,
            "median": 3.50906848907,
            "min": -1.93048453331,
            "var": 194.208862305
        },
        "barkbands_skewness": {
            "dmean": 0.561491310596,
            "dmean2": 0.82766777277,
            "dvar": 0.40750131011,
            "dvar2": 0.844500899315,
            "max": 13.6976699829,
            "mean": 1.77625238895,
            "median": 1.60942232609,
            "min": -5.72755098343,
            "var": 2.05371165276
        },
        "barkbands_spread": {
            "dmean": 5.33953380585,
            "dmean2": 7.93934392929,
            "dvar": 80.3134994507,
            "dvar2": 156.150177002,
            "max": 128.438323975,
            "mean": 16.9579792023,
            "median": 12.590379715,
            "min": 0.367147952318,
            "var": 252.748901367
        },
        "dissonance": {
            "dmean": 0.0248205624521,
            "dmean2": 0.0408983677626,
            "dvar": 0.000576581340283,
            "dvar2": 0.00148750061635,
            "max": 0.500000119209,
            "mean": 0.444279968739,
            "median": 0.455694705248,
            "min": 0.122601442039,
            "var": 0.00198479951359
        },
        "dynamic_complexity": 4.18033313751,
        "erbbands": {
            "dmean": [
                0.0818386822939,
                0.398134857416,
                1.24905717373,
                4.06989479065,
                9.15274143219,
                8.62518692017,
                8.59354496002,
                13.071685791,
                13.9771547318,
                13.8336372375,
                19.1683235168,
                14.7291889191,
                15.0402832031,
                9.98814964294,
                8.07994365692,
                6.85475492477,
                11.6246051788,
                17.6175746918,
                14.6595077515,
                8.61537647247,
                9.88855457306,
                9.32647132874,
                4.33696079254,
                3.63678455353,
                3.18317675591,
                2.5777721405,
                2.7089779377,
                2.65291237831,
                2.21632146835,
                1.54118359089,
                1.15714120865,
                1.13692378998,
                1.18028593063,
                0.908548951149,
                0.53643989563,
                0.255475521088,
                0.0813258513808,
                0.0174010973424,
                0.00268431822769,
                0.000222420218051
            ],
            "dmean2": [
                0.12433539331,
                0.64313942194,
                2.08868026733,
                6.88201236725,
                15.6037912369,
                14.2854118347,
                13.5533628464,
                20.0994606018,
                21.895160675,
                20.5728149414,
                29.2513809204,
                23.2866706848,
                22.043170929,
                14.1952352524,
                12.6512699127,
                10.8461866379,
                18.1364994049,
                27.4865455627,
                22.5751514435,
                13.1587553024,
                15.4471178055,
                14.1170053482,
                6.48054361343,
                5.4643907547,
                4.85229349136,
                3.94926691055,
                4.18888711929,
                3.96121048927,
                3.2005815506,
                2.21691966057,
                1.67977690697,
                1.5767698288,
                1.65535390377,
                1.26187419891,
                0.741701066494,
                0.359452575445,
                0.113664060831,
                0.0243857111782,
                0.00382661260664,
                0.000310903706122
            ],
            "dvar": [
                0.130541399121,
                3.36963939667,
                15.8665361404,
                166.104660034,
                789.89440918,
                468.132263184,
                406.993988037,
                514.529052734,
                937.977416992,
                984.514770508,
                2215.96191406,
                1209.14135742,
                1668.51123047,
                1036.88171387,
                324.639831543,
                340.800964355,
                1065.82958984,
                1822.99658203,
                1422.2376709,
                341.089691162,
                423.764923096,
                324.322265625,
                91.3776550293,
                56.7347602844,
                44.8080253601,
                59.6698684692,
                97.4646453857,
                69.3505630493,
                27.1705284119,
                14.7091903687,
                11.9414272308,
                9.58828830719,
                18.1341781616,
                12.9944877625,
                3.06065869331,
                0.617794215679,
                0.101397678256,
                0.00439302809536,
                9.91334309219e-05,
                1.01131024621e-06
            ],
            "dvar2": [
                0.320062488317,
                8.17225265503,
                43.1763648987,
                447.657653809,
                2116.12011719,
                1283.59936523,
                993.347351074,
                1191.7767334,
                2338.01293945,
                1860.10913086,
                5335.99414062,
                3048.40185547,
                3260.17138672,
                1951.05114746,
                794.333679199,
                915.155456543,
                2566.41577148,
                4277.09765625,
                3616.74633789,
                782.53729248,
                979.893432617,
                706.084350586,
                187.561203003,
                121.479614258,
                101.638183594,
                143.889297485,
                212.28527832,
                146.68119812,
                54.7239151001,
                28.5780849457,
                24.6585597992,
                17.6899452209,
                33.6009864807,
                22.3336238861,
                5.00197601318,
                1.11707675457,
                0.203394651413,
                0.00883438065648,
                0.000214946223423,
                2.14146371036e-06
            ],
            "max": [
                6.20827674866,
                29.4510574341,
                52.0988235474,
                238.867462158,
                428.193359375,
                345.172576904,
                659.579040527,
                626.734741211,
                1059.11975098,
                1335.38293457,
                1178.99475098,
                609.271057129,
                972.299377441,
                1230.52490234,
                322.193481445,
                446.279449463,
                1311.18640137,
                1152.11376953,
                818.600769043,
                482.788574219,
                333.305053711,
                302.569763184,
                260.273040771,
                119.817871094,
                138.854705811,
                221.708847046,
                212.154632568,
                185.350814819,
                105.168037415,
                75.6390838623,
                75.8292922974,
                78.0911407471,
                112.505172729,
                179.800689697,
                59.2507591248,
                22.3185768127,
                13.006726265,
                1.99303662777,
                0.345494657755,
                0.0422715246677
            ],
            "mean": [
                0.214193508029,
                0.614642620087,
                1.78551638126,
                5.76892518997,
                13.5225467682,
                18.6525592804,
                21.5274085999,
                31.0284805298,
                32.6779823303,
                27.927312851,
                33.2798881531,
                25.4505844116,
                29.6763076782,
                20.2993335724,
                14.9564743042,
                11.8108301163,
                21.5042877197,
                31.5473442078,
                25.3596591949,
                16.6771259308,
                16.5433387756,
                16.1500015259,
                7.85160303116,
                6.49039936066,
                5.80120325089,
                3.93970513344,
                3.71680641174,
                3.83112645149,
                3.44974851608,
                2.27476811409,
                1.63751149178,
                1.63094449043,
                1.83484995365,
                1.45074701309,
                0.841865956783,
                0.383954435587,
                0.121132746339,
                0.0255612228066,
                0.00339818163775,
                0.00029113542405
            ],
            "median": [
                0.0480388589203,
                0.142830580473,
                0.591704726219,
                1.61523962021,
                3.88608241081,
                7.85645961761,
                8.99812602997,
                16.8686733246,
                14.2398300171,
                11.6123247147,
                10.5335416794,
                9.70104885101,
                5.98090028763,
                4.51032829285,
                4.40218353271,
                4.11627340317,
                5.42026519775,
                7.67004823685,
                7.27894115448,
                6.56370639801,
                6.71754455566,
                5.77352142334,
                2.58730244637,
                2.15868592262,
                1.81642913818,
                0.889652073383,
                0.50086915493,
                0.540291845798,
                0.670513868332,
                0.413691788912,
                0.182413011789,
                0.219799026847,
                0.247658640146,
                0.150249421597,
                0.0797936469316,
                0.0341800786555,
                0.00719443848357,
                0.00133250642102,
                0.000140740623465,
                4.49379185739e-05
            ],
            "min": [
                8.24124073157e-22,
                7.33165396705e-21,
                1.22042946512e-20,
                4.09648435229e-20,
                9.41665834375e-20,
                1.9327621727e-19,
                1.30153392642e-19,
                2.76862339955e-19,
                9.78787412595e-19,
                6.86369501782e-19,
                8.71607242482e-19,
                3.41163054265e-18,
                3.29835043251e-18,
                2.65995601039e-18,
                4.78620433621e-18,
                4.53135081667e-18,
                5.65526055369e-18,
                7.02014950984e-18,
                7.82318554749e-18,
                7.53095504479e-18,
                6.62813041958e-18,
                1.18270184721e-17,
                1.01920686944e-17,
                1.57908431521e-17,
                1.45242410371e-17,
                1.48567444822e-17,
                1.78796528698e-17,
                1.43914057568e-17,
                1.72197662274e-17,
                2.71409704943e-17,
                1.83037847658e-17,
                2.44330971518e-17,
                1.97343489674e-17,
                1.58281638869e-17,
                1.09870785986e-17,
                4.8949004182e-18,
                2.72230826458e-18,
                1.21524557269e-18,
                3.49408793862e-19,
                3.10521954054e-20
            ],
            "var": [
                0.206741675735,
                3.40941953659,
                14.1399717331,
                176.702468872,
                953.776916504,
                759.683349609,
                1350.36425781,
                1809.19726562,
                2456.9543457,
                2760.69799805,
                4936.82568359,
                2441.3190918,
                5287.52294922,
                4044.30908203,
                825.887695312,
                551.75994873,
                2577.140625,
                4648.21923828,
                2649.6496582,
                818.319091797,
                693.066467285,
                706.715576172,
                191.383514404,
                125.976577759,
                107.046279907,
                79.6645584106,
                148.6953125,
                143.350631714,
                68.9361724854,
                33.3399276733,
                24.1250629425,
                21.8151264191,
                41.2373695374,
                34.2212905884,
                8.96502304077,
                1.74134933949,
                0.245929762721,
                0.0101163806394,
                0.000163093878655,
                1.55201473717e-06
            ]
        },
        "erbbands_crest": {
            "dmean": 2.66858291626,
            "dmean2": 4.25386762619,
            "dvar": 6.50440216064,
            "dvar2": 16.3957061768,
            "max": 32.1651420593,
            "mean": 10.2303209305,
            "median": 9.2734003067,
            "min": 2.56723427773,
            "var": 20.2414855957
        },
        "erbbands_flatness_db": {
            "dmean": 0.0222247242928,
            "dmean2": 0.0299406591803,
            "dvar": 0.000531953002792,
            "dvar2": 0.000950817018747,
            "max": 0.52717345953,
            "mean": 0.177610561252,
            "median": 0.175552070141,
            "min": 0.034745875746,
            "var": 0.00370588176884
        },
        "erbbands_kurtosis": {
            "dmean": 1.60735726357,
            "dmean2": 2.4754357338,
            "dvar": 12.8195152283,
            "dvar2": 29.7688789368,
            "max": 132.132598877,
            "mean": 1.9498642683,
            "median": 0.423073291779,
            "min": -1.9420787096,
            "var": 37.1374359131
        },
        "erbbands_skewness": {
            "dmean": 0.442030876875,
            "dmean2": 0.659870445728,
            "dvar": 0.207551598549,
            "dvar2": 0.42988935113,
            "max": 8.77017307281,
            "mean": 0.730255424976,
            "median": 0.639957606792,
            "min": -4.68609809875,
            "var": 1.08345341682
        },
        "erbbands_spread": {
            "dmean": 8.33079624176,
            "dmean2": 12.2521409988,
            "dvar": 123.536659241,
            "dvar2": 256.691833496,
            "max": 154.100875854,
            "mean": 31.9545307159,
            "median": 27.5178451538,
            "min": 1.31289553642,
            "var": 419.410766602
        },
        "gfcc": {
            "cov": [
                [
                    11538.6552734,
                    -1002.83209229,
                    301.285919189,
                    897.887939453,
                    114.361404419,
                    376.72088623,
                    226.481735229,
                    324.294464111,
                    -110.584609985,
                    255.086700439,
                    -140.304107666,
                    77.6522827148,
                    0.913946807384
                ],
                [
                    -1002.83209229,
                    2758.91918945,
                    -54.6202354431,
                    -91.0096588135,
                    391.357849121,
                    -185.626724243,
                    151.009231567,
                    -36.4509429932,
                    150.141815186,
                    -135.354934692,
                    233.648986816,
                    -68.3209686279,
                    197.995758057
                ],
                [
                    301.285919189,
                    -54.6202354431,
                    1225.45007324,
                    429.7109375,
                    134.263702393,
                    121.710876465,
                    62.910243988,
                    -7.79427719116,
                    121.281547546,
                    104.378013611,
                    21.0666656494,
                    129.201797485,
                    61.5840682983
                ],
                [
                    897.887939453,
                    -91.0096588135,
                    429.7109375,
                    676.550476074,
                    236.469284058,
                    164.415664673,
                    113.807479858,
                    82.4974212646,
                    136.254592896,
                    99.3305969238,
                    14.9438867569,
                    64.0754776001,
                    65.0339584351
                ],
                [
                    114.361404419,
                    391.357849121,
                    134.263702393,
                    236.469284058,
                    456.282592773,
                    147.919403076,
                    181.509048462,
                    107.344047546,
                    143.496154785,
                    55.8986434937,
                    72.3677520752,
                    18.8871955872,
                    55.2223396301
                ],
                [
                    376.72088623,
                    -185.626724243,
                    121.710876465,
                    164.415664673,
                    147.919403076,
                    378.287841797,
                    208.935150146,
                    135.534957886,
                    93.4210128784,
                    72.6442337036,
                    27.7578010559,
                    45.0215492249,
                    -4.01285266876
                ],
                [
                    226.481735229,
                    151.009231567,
                    62.910243988,
                    113.807479858,
                    181.509048462,
                    208.935150146,
                    394.295257568,
                    128.335723877,
                    100.636711121,
                    47.8360176086,
                    70.6982421875,
                    52.0840454102,
                    20.2142238617
                ],
                [
                    324.294464111,
                    -36.4509429932,
                    -7.79427719116,
                    82.4974212646,
                    107.344047546,
                    135.534957886,
                    128.335723877,
                    211.397674561,
                    89.0910339355,
                    58.6298713684,
                    33.9585800171,
                    16.7585544586,
                    -10.2931241989
                ],
                [
                    -110.584609985,
                    150.141815186,
                    121.281547546,
                    136.254592896,
                    143.496154785,
                    93.4210128784,
                    100.636711121,
                    89.0910339355,
                    223.422119141,
                    85.0496292114,
                    31.5420570374,
                    25.2467975616,
                    25.7629108429
                ],
                [
                    255.086700439,
                    -135.354934692,
                    104.378013611,
                    99.3305969238,
                    55.8986434937,
                    72.6442337036,
                    47.8360176086,
                    58.6298713684,
                    85.0496292114,
                    159.446670532,
                    47.4076766968,
                    20.8371658325,
                    -1.46036064625
                ],
                [
                    -140.304107666,
                    233.648986816,
                    21.0666656494,
                    14.9438867569,
                    72.3677520752,
                    27.7578010559,
                    70.6982421875,
                    33.9585800171,
                    31.5420570374,
                    47.4076766968,
                    139.635742188,
                    38.7535629272,
                    21.4500312805
                ],
                [
                    77.6522827148,
                    -68.3209686279,
                    129.201797485,
                    64.0754776001,
                    18.8871955872,
                    45.0215492249,
                    52.0840454102,
                    16.7585544586,
                    25.2467975616,
                    20.8371658325,
                    38.7535629272,
                    121.429664612,
                    27.806394577
                ],
                [
                    0.913946807384,
                    197.995758057,
                    61.5840682983,
                    65.0339584351,
                    55.2223396301,
                    -4.01285266876,
                    20.2142238617,
                    -10.2931241989,
                    25.7629108429,
                    -1.46036064625,
                    21.4500312805,
                    27.806394577,
                    109.120895386
                ]
            ],
            "icov": [
                [
                    0.000117243071145,
                    -2.65607341134e-05,
                    2.6763884307e-05,
                    -0.000175019114977,
                    3.69930385204e-05,
                    -2.17735869228e-05,
                    -4.1013732698e-05,
                    -0.0001926424884,
                    0.000328708410962,
                    -0.000285155139863,
                    0.000277239567367,
                    -8.56550905155e-05,
                    -7.77381865191e-06
                ],
                [
                    -2.65607341134e-05,
                    0.000838471518364,
                    -0.000103021309769,
                    0.000280693493551,
                    -0.000520697620232,
                    0.000519461813383,
                    -0.000234286868363,
                    0.000259346619714,
                    -0.000868255971,
                    0.00136459723581,
                    -0.00164001330268,
                    0.00110573763959,
                    -0.00101595779415
                ],
                [
                    2.6763884307e-05,
                    -0.000103021309769,
                    0.00121944013517,
                    -0.000682982616127,
                    3.92936271965e-05,
                    -0.000192377032363,
                    9.5850940852e-05,
                    0.000519738940056,
                    -8.44492751639e-05,
                    -0.000588861701544,
                    0.000439899798948,
                    -0.00110859400593,
                    0.000117928480904
                ],
                [
                    -0.000175019114977,
                    0.000280693493551,
                    -0.000682982616127,
                    0.00283931964077,
                    -0.0010742895538,
                    -0.000189280413906,
                    0.00010933032172,
                    6.62400852889e-05,
                    -0.000833999773022,
                    2.30038822338e-05,
                    7.90093466208e-08,
                    0.000105818951852,
                    -0.00112164381426
                ],
                [
                    3.69930385204e-05,
                    -0.000520697620232,
                    3.92936271965e-05,
                    -0.0010742895538,
                    0.0041403141804,
                    -0.000727252743673,
                    -0.000607335940003,
                    -0.000649349705782,
                    -0.000735153211281,
                    -0.000122518613352,
                    -0.000409959931858,
                    0.000581402739044,
                    -0.000403845158871
                ],
                [
                    -2.17735869228e-05,
                    0.000519461813383,
                    -0.000192377032363,
                    -0.000189280413906,
                    -0.000727252743673,
                    0.00494549144059,
                    -0.0018453290686,
                    -0.00129435374402,
                    -0.000392622227082,
                    6.78632795825e-06,
                    -0.00012338210945,
                    -6.12612857367e-05,
                    0.000181319614057
                ],
                [
                    -4.1013732698e-05,
                    -0.000234286868363,
                    9.5850940852e-05,
                    0.00010933032172,
                    -0.000607335940003,
                    -0.0018453290686,
                    0.00450955796987,
                    -0.000986102037132,
                    -0.000388183136238,
                    0.000385343591915,
                    -0.00081228610361,
                    -0.00104291772004,
                    0.000139526207931
                ],
                [
                    -0.0001926424884,
                    0.000259346619714,
                    0.000519738940056,
                    6.62400852889e-05,
                    -0.000649349705782,
                    -0.00129435374402,
                    -0.000986102037132,
                    0.00808595027775,
                    -0.00235819048248,
                    -9.75809452939e-05,
                    -0.00125895405654,
                    0.000208986952202,
                    0.00117432465777
                ],
                [
                    0.000328708410962,
                    -0.000868255971,
                    -8.44492751639e-05,
                    -0.000833999773022,
                    -0.000735153211281,
                    -0.000392622227082,
                    -0.000388183136238,
                    -0.00235819048248,
                    0.00912208575755,
                    -0.00487758778036,
                    0.00313210417517,
                    -0.00144351588096,
                    -0.000142361939652
                ],
                [
                    -0.000285155139863,
                    0.00136459723581,
                    -0.000588861701544,
                    2.30038822338e-05,
                    -0.000122518613352,
                    6.78632795825e-06,
                    0.000385343591915,
                    -9.75809452939e-05,
                    -0.00487758778036,
                    0.0123857958242,
                    -0.00632454780862,
                    0.00238705333322,
                    -0.000221050620894
                ],
                [
                    0.000277239567367,
                    -0.00164001330268,
                    0.000439899798948,
                    7.90093466208e-08,
                    -0.000409959931858,
                    -0.00012338210945,
                    -0.00081228610361,
                    -0.00125895405654,
                    0.00313210417517,
                    -0.00632454780862,
                    0.0138104222715,
                    -0.00507332151756,
                    0.000713702698704
                ],
                [
                    -8.56550905155e-05,
                    0.00110573763959,
                    -0.00110859400593,
                    0.000105818951852,
                    0.000581402739044,
                    -6.12612857367e-05,
                    -0.00104291772004,
                    0.000208986952202,
                    -0.00144351588096,
                    0.00238705333322,
                    -0.00507332151756,
                    0.0126715004444,
                    -0.00338554079644
                ],
                [
                    -7.77381865191e-06,
                    -0.00101595779415,
                    0.000117928480904,
                    -0.00112164381426,
                    -0.000403845158871,
                    0.000181319614057,
                    0.000139526207931,
                    0.00117432465777,
                    -0.000142361939652,
                    -0.000221050620894,
                    0.000713702698704,
                    -0.00338554079644,
                    0.0126585876569
                ]
            ],
            "mean": [
                -37.9495582581,
                96.669303894,
                -101.674491882,
                6.92609834671,
                -54.0403594971,
                -0.218203619123,
                -50.8050117493,
                3.48878931999,
                -20.0982952118,
                2.77943658829,
                -17.1529579163,
                -2.19659209251,
                -9.91286373138
            ]
        },
        "hfc": {
            "dmean": 5.59973478317,
            "dmean2": 7.7159538269,
            "dvar": 109.07472229,
            "dvar2": 197.610824585,
            "max": 241.704238892,
            "mean": 17.0204677582,
            "median": 12.0153341293,
            "min": 1.14495733116e-16,
            "var": 355.022644043
        },
        "melbands": {
            "dmean": [
                0.000617333222181,
                0.000577892526053,
                0.00085154059343,
                0.000628962123301,
                0.000324399356032,
                0.00028296164237,
                0.000200309150387,
                0.000167069301824,
                0.000152007836732,
                8.83690518094e-05,
                7.5345604273e-05,
                4.26078404416e-05,
                2.7095184123e-05,
                1.91847739188e-05,
                1.88994017662e-05,
                2.96939761029e-05,
                3.64032057405e-05,
                2.47310526902e-05,
                1.48339095176e-05,
                1.30346224978e-05,
                1.22470710266e-05,
                1.12510897452e-05,
                6.09073504165e-06,
                3.44744125869e-06,
                3.08292442242e-06,
                2.71308158517e-06,
                2.0368299829e-06,
