{
    "lowlevel": {
        "average_loudness": 0.882663011551,
        "barkbands": {
            "dmean": [
                0.000924635445699,
                0.00511006498709,
                0.00299577228725,
                0.00254055904225,
                0.00123018410522,
                0.000994729110971,
                0.000708563777152,
                0.000585923378821,
                0.000529350654688,
                0.000257689040154,
                0.000302930333419,
                0.000386094790883,
                0.000220168862143,
                0.000177470588824,
                0.000122435201774,
                0.000140540665598,
                0.000133143694256,
                0.000137739276397,
                0.000132622997626,
                0.000188168167369,
                0.000153644927195,
                0.000220661764615,
                0.000643896404654,
                0.000360476406058,
                0.00020691138343,
                8.88754293555e-05,
                6.1803425524e-06
            ],
            "dmean2": [
                0.00162059720606,
                0.00808645226061,
                0.00552758481354,
                0.00480621960014,
                0.00221405504271,
                0.00159876968246,
                0.00109677505679,
                0.000883320637513,
                0.000692778499797,
                0.000373139075236,
                0.000438065442722,
                0.000553251593374,
                0.000322434469126,
                0.000267172465101,
                0.00019285378221,
                0.000205870717764,
                0.000196721841348,
                0.000208435274544,
                0.000207888908335,
                0.000296163023449,
                0.000240836816374,
                0.000365350570064,
                0.00115734152496,
                0.00061345071299,
                0.000338513578754,
                0.000148589853779,
                1.04864939203e-05
            ],
            "dvar": [
                7.25103973309e-06,
                0.000292164477287,
                0.000263356487267,
                0.000205367716262,
                3.6116442061e-05,
                7.24422625353e-06,
                4.33315972259e-06,
                2.70768327937e-06,
                1.70595001237e-06,
                5.16041552601e-07,
                1.04946798274e-06,
                1.58686032137e-06,
                5.45525097095e-07,
                4.53879238194e-07,
                2.82019414044e-07,
                4.48039031653e-07,
                3.80511465892e-07,
                3.71776053498e-07,
                4.26044408641e-07,
                4.20251012656e-07,
                2.77506785551e-07,
                6.32206933915e-07,
                3.90905915992e-06,
                1.16263890959e-06,
                7.15144835794e-07,
                2.34035809399e-07,
                1.03807540341e-09
            ],
            "dvar2": [
                1.98599245778e-05,
                0.000685950915795,
                0.000764687312767,
                0.000606785761192,
                0.000106902203697,
                1.97423942154e-05,
                1.08096410258e-05,
                6.17200157649e-06,
                3.00938427245e-06,
                9.89141881291e-07,
                2.26959423344e-06,
                3.03343972519e-06,
                1.05322965283e-06,
                8.55962412061e-07,
                5.62902982892e-07,
                9.08376591724e-07,
                8.5229311253e-07,
                7.85328893471e-07,
                9.13394671898e-07,
                8.9480653287e-07,
                5.38936831163e-07,
                1.38368670832e-06,
                1.06825982584e-05,
                2.86570389108e-06,
                1.75841375949e-06,
                5.90890920193e-07,
                2.70394373558e-09
            ],
            "max": [
                0.0332793742418,
                0.18649572134,
                0.169095605612,
                0.157024025917,
                0.072983905673,
                0.0453642457724,
                0.0306854322553,
                0.0342786386609,
                0.0289830248803,
                0.0270482581109,
                0.0165324639529,
                0.0287409555167,
                0.0184603948146,
                0.0119053758681,
                0.00961734354496,
                0.00969222746789,
                0.00864508748055,
                0.00805314723402,
                0.00806767493486,
                0.00882336776704,
                0.0063967416063,
                0.00952092837542,
                0.0139839006588,
                0.0125761143863,
                0.01088178996,
                0.0061627663672,
                0.000730141531676
            ],
            "mean": [
                0.00220007635653,
                0.0110021401197,
                0.00267295120284,
                0.00203579058871,
                0.00159114797134,
                0.00199681404047,
                0.00108210754115,
                0.000930460635573,
                0.00116217276081,
                0.000414551468566,
                0.000433030974818,
                0.000734457571525,
                0.000308791321004,
                0.000247464951826,
                0.000162415308296,
                0.000148097635247,
                0.000155676432769,
                0.000172570886207,
                0.000132650849991,
                0.000193309839233,
                0.000163209915627,
                0.000193888699869,
                0.00043503192137,
                0.000293927761959,
                0.000197177025257,
                7.24035053281e-05,
                5.08632820129e-06
            ],
            "median": [
                0.000451748666819,
                0.00211115018465,
                0.000590716430452,
                0.000394488219172,
                0.0005037127994,
                0.000734115485102,
                0.00011426320998,
                0.00011208489741,
                0.000283115077764,
                4.77865323774e-05,
                3.58090837835e-05,
                3.71242495021e-05,
                2.28207827604e-05,
                1.10306918941e-05,
                5.65310529055e-06,
                5.27223528479e-06,
                7.00284044797e-06,
                9.16245335247e-06,
                1.03071524791e-05,
                1.06379884528e-05,
                7.74032832851e-06,
                1.50586129166e-06,
                3.41928944181e-06,
                8.92880598258e-06,
                1.22911624203e-05,
                2.48962214755e-06,
                3.83151785854e-08
            ],
            "min": [
                6.52144242152e-23,
                5.14387260877e-23,
                5.49073340773e-24,
                1.46525974876e-23,
                4.25065116447e-24,
                3.75423480188e-23,
                5.93084056336e-23,
                7.69935437907e-23,
                3.67589996736e-23,
                7.95010486185e-23,
                7.32392916339e-23,
                7.3669795118e-23,
                1.51646038716e-22,
                5.14153789603e-23,
                1.04004986844e-22,
                1.6337173032e-22,
                2.18013563004e-22,
                2.10277740532e-22,
                1.60930111155e-22,
                2.69988944855e-22,
                4.72399344024e-22,
                4.37542597227e-22,
                8.31726117441e-22,
                1.10503837552e-21,
                1.16422005854e-21,
                1.82574795893e-21,
                2.60973726309e-21
            ],
            "var": [
                1.20558270282e-05,
                0.000583624467254,
                0.000149645042256,
                0.00011109085608,
                2.22744383791e-05,
                1.10437431431e-05,
                6.68267330184e-06,
                5.36575726073e-06,
                5.46079127162e-06,
                1.41111479479e-06,
                1.59875958161e-06,
                4.91624814458e-06,
                1.06593404325e-06,
                7.71154645918e-07,
                4.25921797387e-07,
                5.14141675012e-07,
                4.27419081461e-07,
                4.61034176169e-07,
                4.26888817628e-07,
                5.03408443819e-07,
                3.51429292778e-07,
                6.45871068627e-07,
                2.58260047303e-06,
                1.05196681943e-06,
                6.08298762472e-07,
                1.78403809059e-07,
                8.30669422136e-10
            ]
        },
        "barkbands_crest": {
            "dmean": 2.42455267906,
            "dmean2": 3.72603774071,
            "dvar": 6.493663311,
            "dvar2": 13.7641363144,
            "max": 26.8040447235,
            "mean": 12.5541639328,
            "median": 11.5759277344,
            "min": 1.9644613266,
            "var": 28.2029247284
        },
        "barkbands_flatness_db": {
            "dmean": 0.0344119630754,
            "dmean2": 0.0491755791008,
            "dvar": 0.00150436745025,
            "dvar2": 0.00273943273351,
            "max": 0.699983179569,
            "mean": 0.248156279325,
            "median": 0.220060959458,
            "min": 0.0179198589176,
            "var": 0.0142895691097
        },
        "barkbands_kurtosis": {
            "dmean": 10.6546792984,
            "dmean2": 16.9482650757,
            "dvar": 571.314453125,
            "dvar2": 1467.1541748,
            "max": 400.08203125,
            "mean": 15.5863809586,
            "median": 5.69347333908,
            "min": -1.96695232391,
            "var": 902.268371582
        },
        "barkbands_skewness": {
            "dmean": 1.03154504299,
            "dmean2": 1.57646930218,
            "dvar": 1.85221540928,
            "dvar2": 4.58163070679,
            "max": 16.2637443542,
            "mean": 2.22106146812,
            "median": 1.86568439007,
            "min": -12.0429973602,
            "var": 5.00363636017
        },
        "barkbands_spread": {
            "dmean": 8.55829620361,
            "dmean2": 13.7769403458,
            "dvar": 245.46711731,
            "dvar2": 574.65020752,
            "max": 125.544975281,
            "mean": 16.6746921539,
            "median": 9.79685020447,
            "min": 0.123941160738,
            "var": 383.304321289
        },
        "dissonance": {
            "dmean": 0.0419297218323,
            "dmean2": 0.0677712708712,
            "dvar": 0.00170720962342,
            "dvar2": 0.00438166502863,
            "max": 0.499999940395,
            "mean": 0.402516812086,
            "median": 0.418201208115,
            "min": 0.0526560470462,
            "var": 0.00532883685082
        },
        "dynamic_complexity": 4.92174196243,
        "erbbands": {
            "dmean": [
                0.204215124249,
                1.04387843609,
                2.83412742615,
                7.01147127151,
                6.01398944855,
                3.53809309006,
                5.23616218567,
                9.05534267426,
                8.60359477997,
                13.8445482254,
                10.6655216217,
                10.8797807693,
                11.6067142487,
                8.7092256546,
                12.5251350403,
                15.0530605316,
                9.99324798584,
                9.22809696198,
                7.15176343918,
                6.47711896896,
                7.42082452774,
                7.16404151917,
                7.52306604385,
                7.21244430542,
                6.73551797867,
                9.10520839691,
                7.36719226837,
                5.00981616974,
                8.21726131439,
                13.2287836075,
                17.1054229736,
                10.0122060776,
                5.09988737106,
                2.93144011497,
                1.2405295372,
                0.493085294962,
                0.142680287361,
                0.0180858746171,
                0.00115707993973,
                4.56440575363e-05
            ],
            "dmean2": [
                0.303492158651,
                1.60182714462,
                4.91375541687,
                13.273103714,
                11.1063194275,
                6.34013319016,
                8.55524253845,
                14.2014389038,
                13.7424163818,
                21.2378082275,
                15.145857811,
                14.5091409683,
                15.843126297,
                12.2345218658,
                17.273815155,
                21.7739486694,
                14.2509832382,
                13.0559272766,
                10.981341362,
                10.0679807663,
                10.9143896103,
                10.4868412018,
                11.5415973663,
                10.9158582687,
                10.4285850525,
                14.2367324829,
                11.4735221863,
                8.28196048737,
                13.7062005997,
                22.7866573334,
                30.834608078,
                17.7060947418,
                8.53636169434,
                4.79136276245,
                2.06393527985,
                0.825888574123,
                0.23871165514,
                0.0296754650772,
                0.00194256473333,
                7.37932277843e-05
            ],
            "dvar": [
                0.392770528793,
                16.8148975372,
                197.642730713,
                1599.01367188,
                954.594604492,
                306.083221436,
                310.627655029,
                557.448425293,
                619.990661621,
                1793.54052734,
                762.562927246,
                732.964904785,
                1004.38220215,
                609.811035156,
                1468.10620117,
                2925.79321289,
                1061.25146484,
                1194.04187012,
                835.077819824,
                961.001342773,
                1237.90673828,
                1111.01379395,
                1056.66333008,
                1320.9901123,
                737.740661621,
                1081.96594238,
                627.010009766,
                324.621246338,
                947.095275879,
                1683.77954102,
                2745.60131836,
                895.876159668,
                323.869415283,
                139.30909729,
                28.1163463593,
                7.01549339294,
                0.558816432953,
                0.00797120761126,
                3.52106726496e-05,
                2.78087082251e-08
            ],
            "dvar2": [
                0.705390930176,
                42.5277366638,
                548.140563965,
                4700.73583984,
                2831.31420898,
                906.706604004,
                877.551757813,
                1429.42614746,
                1629.91345215,
                4246.74658203,
                1532.31420898,
                1292.73474121,
                1917.9498291,
                1290.11450195,
                3037.13623047,
                5788.88574219,
                1948.7701416,
                2246.09179688,
                1635.76123047,
                1984.60522461,
                2517.47143555,
                2383.66113281,
                2238.77880859,
                2721.09619141,
                1526.61706543,
                2403.93554688,
                1231.16516113,
                590.617736816,
                2044.34936523,
                4221.41503906,
                7549.86523438,
                2402.64257813,
                798.443054199,
                344.557159424,
                70.6771316528,
                17.8909301758,
                1.39937996864,
                0.0191505104303,
                9.13669646252e-05,
                6.83509711052e-08
            ],
            "max": [
                7.82418823242,
                46.9473304749,
                152.096389771,
                429.56149292,
                354.532989502,
                224.923187256,
                246.913848877,
                516.207580566,
                332.422424316,
                828.426147461,
                662.953125,
                771.551940918,
                1006.63104248,
                785.083618164,
                824.412109375,
                1436.55737305,
                783.147338867,
                662.255859375,
                545.416992188,
                416.015655518,
                567.033508301,
                443.985015869,
                420.690338135,
                447.54284668,
                320.114105225,
                475.320983887,
                324.684082031,
                180.482345581,
                366.091400146,
                452.546508789,
                372.712860107,
                256.788269043,
                231.902175903,
                151.530838013,
                69.156578064,
                33.5844345093,
                9.60049819946,
                1.129789114,
                0.107704088092,
                0.00213854573667
            ],
            "mean": [
                0.45605930686,
                1.88788414001,
                3.15062737465,
                5.69681739807,
                5.79186916351,
                4.95529031754,
                9.88591194153,
                17.4539451599,
                13.7096796036,
                21.1359958649,
                20.0106086731,
                23.1077423096,
                22.9870834351,
                15.6013450623,
                22.7479152679,
                26.3290596008,
                14.7252817154,
                12.5945367813,
                10.7769289017,
                7.87481546402,
                8.11472797394,
                8.76151561737,
                9.72700977325,
                7.49852275848,
                7.22982883453,
                9.23654937744,
                7.7645483017,
                5.57934951782,
                7.32634878159,
                9.80824279785,
                11.5859231949,
                7.28690433502,
                4.42903423309,
                2.77044415474,
                1.13284051418,
                0.406569778919,
                0.115707710385,
                0.0157821904868,
                0.00097323639784,
                6.13939992036e-05
            ],
            "median": [
                0.0996747612953,
                0.252546191216,
                0.718289911747,
                1.35886478424,
                1.45153796673,
                1.2974152565,
                2.97028064728,
                5.49119997025,
                3.40646576881,
                2.76538920403,
                3.70403862,
                6.37684488297,
                3.68076586723,
                2.16518688202,
                2.09853410721,
                1.80438554287,
                1.24669098854,
                0.681052327156,
                0.45030772686,
                0.327196240425,
                0.352817088366,
                0.413613587618,
                0.497702181339,
                0.526349842548,
                0.456587791443,
                0.518061995506,
                0.474987745285,
                0.183566659689,
                0.0660464465618,
                0.0579672269523,
                0.108095295727,
                0.121164008975,
                0.193983346224,
                0.169483810663,
                0.0623689517379,
                0.015578918159,
                0.00355547200888,
                0.000403363839723,
                2.80046588159e-05,
                2.45586998062e-05
            ],
            "min": [
                2.16171011121e-21,
                9.3387471389e-21,
                6.99373695433e-21,
                4.23295719801e-20,
                1.71471891419e-20,
                1.34665084503e-20,
                2.08227894583e-19,
                2.56095350291e-19,
                5.49412949267e-19,
                1.78407472568e-18,
                1.17805201683e-18,
                1.02839767323e-18,
                2.0749563036e-18,
                1.46830907339e-18,
                4.01544157734e-18,
                2.99220840626e-18,
                6.00839429694e-18,
                3.73877447786e-18,
                3.51941279685e-18,
                7.866059973e-18,
                1.00363130666e-17,
                1.07751863585e-17,
                1.1566029754e-17,
                1.14573928154e-17,
                7.00134273143e-18,
                1.49217013214e-17,
                1.51650346965e-17,
                1.96520031374e-17,
                1.68328922005e-17,
                2.05600704334e-17,
                2.33717549428e-17,
                1.78037342331e-17,
                1.86955590106e-17,
                1.18615516083e-17,
                9.59627200592e-18,
                6.78340007877e-18,
                3.5879492601e-18,
                1.58863645216e-18,
                3.40424552584e-19,
                3.57667274625e-20
            ],
            "var": [
                0.997325718403,
                23.8524265289,
                133.707229614,
                872.004882813,
                534.560546875,
                208.746124268,
                409.010162354,
                965.963623047,
                896.896972656,
                2936.54394531,
                2039.99707031,
                2256.71606445,
                2965.89013672,
                1239.56079102,
                3620.86865234,
                6454.39941406,
                2142.37988281,
                2044.58203125,
                1516.91760254,
                1156.8157959,
                1425.38574219,
                1315.76965332,
                1362.76135254,
                1406.40686035,
                796.612609863,
                1286.09777832,
                758.965637207,
                446.801605225,
                974.707763672,
                1383.55395508,
                1784.5267334,
                653.327819824,
                288.299499512,
                118.482437134,
                22.6566047668,
                5.26252031326,
                0.433558255434,
                0.00688015995547,
                2.82175715256e-05,
                2.5320156638e-08
            ]
        },
        "erbbands_crest": {
            "dmean": 2.84867501259,
            "dmean2": 4.40714979172,
            "dvar": 8.22760009766,
            "dvar2": 17.6729793549,
            "max": 32.6665420532,
            "mean": 12.0861759186,
            "median": 10.9052314758,
            "min": 2.61714410782,
            "var": 31.8281669617
        },
        "erbbands_flatness_db": {
            "dmean": 0.0254144538194,
            "dmean2": 0.0373429581523,
            "dvar": 0.00082033657236,
            "dvar2": 0.00164421205409,
            "max": 0.616164565086,
            "mean": 0.222246050835,
            "median": 0.197835892439,
            "min": 0.0478646755219,
            "var": 0.00855608470738
        },
        "erbbands_kurtosis": {
            "dmean": 3.29428362846,
            "dmean2": 5.14558696747,
            "dvar": 44.7311782837,
            "dvar2": 101.002212524,
            "max": 160.439300537,
            "mean": 4.86976242065,
            "median": 2.13702893257,
            "min": -1.91339814663,
            "var": 94.2105865479
        },
        "erbbands_skewness": {
            "dmean": 0.734931230545,
            "dmean2": 1.11719334126,
            "dvar": 0.969363570213,
            "dvar2": 2.20285725594,
            "max": 9.11359119415,
            "mean": 0.883623600006,
            "median": 0.956532597542,
            "min": -6.61056661606,
            "var": 2.28912806511
        },
        "erbbands_spread": {
            "dmean": 13.3399085999,
            "dmean2": 21.3186988831,
            "dvar": 422.524505615,
            "dvar2": 1057.36657715,
            "max": 207.52784729,
            "mean": 31.9739074707,
            "median": 23.901014328,
            "min": 0.238608822227,
            "var": 722.610473633
        },
        "gfcc": {
            "cov": [
                [
                    24591,
                    -6081.61621094,
                    -493.660430908,
                    1914.85571289,
                    -1034.87658691,
                    2628.48779297,
                    -730.571655273,
                    2281.73193359,
                    -641.755615234,
                    745.210205078,
                    84.8910751343,
                    290.988983154,
                    -775.150634766
                ],
                [
                    -6081.61621094,
                    5291.10791016,
                    -24.4396896362,
                    -1168.20288086,
                    1169.3380127,
                    -1022.06866455,
                    833.197143555,
                    -846.784667969,
                    439.860748291,
                    -290.759521484,
                    200.697296143,
                    -256.069610596,
                    445.958465576
                ],
                [
                    -493.660430908,
                    -24.4396896362,
                    2548.02075195,
                    330.608947754,
                    97.3248062134,
                    773.301452637,
                    -13.8824892044,
                    482.102416992,
                    99.4347839355,
                    -39.3554573059,
                    157.197662354,
                    42.0066337585,
                    -98.7914428711
                ],
                [
                    1914.85571289,
                    -1168.20288086,
                    330.608947754,
                    1484.85534668,
                    -199.145004272,
                    168.986602783,
                    55.4876823425,
                    7.27433252335,
                    96.2542190552,
                    129.980621338,
                    45.7098617554,
                    148.426071167,
                    -6.016061306
                ],
                [
                    -1034.87658691,
                    1169.3380127,
                    97.3248062134,
                    -199.145004272,
                    907.95715332,
                    -3.70012140274,
                    235.22543335,
                    6.61057853699,
                    170.748580933,
                    21.3599872589,
                    80.6842727661,
                    -71.714881897,
                    127.28742218
                ],
                [
                    2628.48779297,
                    -1022.06866455,
                    773.301452637,
                    168.986602783,
                    -3.70012140274,
                    1049.16162109,
                    -56.5455055237,
                    547.285461426,
                    -48.4363594055,
                    100.705635071,
                    39.8659133911,
                    28.8212604523,
                    -177.783981323
                ],
                [
                    -730.571655273,
                    833.197143555,
                    -13.8824892044,
                    55.4876823425,
                    235.22543335,
                    -56.5455055237,
                    599.288269043,
                    -157.763809204,
                    117.054115295,
                    11.2230377197,
                    92.9601745605,
                    -11.795539856,
                    109.522018433
                ],
                [
                    2281.73193359,
                    -846.784667969,
                    482.102416992,
                    7.27433252335,
                    6.61057853699,
                    547.285461426,
                    -157.763809204,
                    816.208618164,
                    -135.807678223,
                    69.8330688477,
                    110.165176392,
                    -25.1785697937,
                    -131.542114258
                ],
                [
                    -641.755615234,
                    439.860748291,
                    99.4347839355,
                    96.2542190552,
                    170.748580933,
                    -48.4363594055,
                    117.054115295,
                    -135.807678223,
                    297.645904541,
                    2.98407840729,
                    -5.54006814957,
                    27.1777610779,
                    84.6503982544
                ],
                [
                    745.210205078,
                    -290.759521484,
                    -39.3554573059,
                    129.980621338,
                    21.3599872589,
                    100.705635071,
                    11.2230377197,
                    69.8330688477,
                    2.98407840729,
                    197.342971802,
                    49.2878952026,
                    19.1754055023,
                    -0.493457049131
                ],
                [
                    84.8910751343,
                    200.697296143,
                    157.197662354,
                    45.7098617554,
                    80.6842727661,
                    39.8659133911,
                    92.9601745605,
                    110.165176392,
                    -5.54006814957,
                    49.2878952026,
                    251.431274414,
                    11.2407674789,
                    20.2978591919
                ],
                [
                    290.988983154,
                    -256.069610596,
                    42.0066337585,
                    148.426071167,
                    -71.714881897,
                    28.8212604523,
                    -11.795539856,
                    -25.1785697937,
                    27.1777610779,
                    19.1754055023,
                    11.2407674789,
                    185.676177979,
                    29.4220638275
                ],
                [
                    -775.150634766,
                    445.958465576,
                    -98.7914428711,
                    -6.016061306,
                    127.28742218,
                    -177.783981323,
                    109.522018433,
                    -131.542114258,
                    84.6503982544,
                    -0.493457049131,
                    20.2978591919,
                    29.4220638275,
                    191.367156982
                ]
            ],
            "icov": [
                [
                    0.00011012336472,
                    -7.09816304152e-05,
                    0.000162568569067,
                    -0.000170465340489,
                    9.42425249377e-05,
                    -0.000250852404861,
                    6.91022214596e-05,
                    -0.000256632716628,
                    7.53956992412e-05,
                    -0.000176115165232,
                    7.52180858399e-05,
                    -0.000148727296619,
                    0.000159443123266
                ],
                [
                    -7.09816304152e-05,
                    0.000937116157729,
                    -0.000360476813512,
                    0.000676024181303,
                    -0.000654655217659,
                    0.000663295795675,
                    -0.000640710699372,
                    0.00069725792855,
                    -0.000518643530086,
                    0.000769553473219,
                    -0.000737841299269,
                    0.000770674669184,
                    -0.000547392934095
                ],
                [
                    0.000162568569067,
                    -0.000360476813512,
                    0.000910351285711,
                    -0.000522364978679,
                    0.000279794709058,
                    -0.000930674083065,
                    0.000350008253008,
                    -0.000635209551547,
                    -5.8776615333e-05,
                    8.72564341989e-05,
                    -6.39804420643e-05,
                    -0.000405211554607,
                    0.000359731493518
                ],
                [
                    -0.000170465340489,
                    0.000676024181303,
                    -0.000522364978679,
                    0.0014772034483,
                    -0.000272122706519,
                    0.000690356479026,
                    -0.000610848597717,
                    0.000778072688263,
                    -0.000711479806341,
                    0.000134845206048,
                    -0.000576539023314,
                    0.000185220225831,
                    -0.000434577756096
                ],
                [
                    9.42425249377e-05,
                    -0.000654655217659,
                    0.000279794709058,
                    -0.000272122706519,
                    0.0020691268146,
                    -0.000645640189759,
                    0.000105934428575,
                    -0.00076463521691,
                    -0.000403096404625,
                    -0.000786970020272,
                    0.000271978467936,
                    9.10391536308e-05,
                    -0.000385656516301
                ],
                [
                    -0.000250852404861,
                    0.000663295795675,
                    -0.000930674083065,
                    0.000690356479026,
                    -0.000645640189759,
                    0.00294203311205,
                    -0.000864347210154,
                    -0.000176831963472,
                    -0.00054200500017,
                    -6.08905174886e-05,
                    8.43764064484e-05,
                    0.00014758350153,
                    0.000723155622836
                ],
                [
                    6.91022214596e-05,
                    -0.000640710699372,
                    0.000350008253008,
                    -0.000610848597717,
                    0.000105934428575,
                    -0.000864347210154,
                    0.00274845049717,
                    8.29099080875e-05,
                    5.44988397451e-05,
                    -0.00036676126183,
                    -0.000458024354884,
                    -9.82712444966e-05,
                    -0.000416315364419
                ],
                [
                    -0.000256632716628,
                    0.00069725792855,
                    -0.000635209551547,
                    0.000778072688263,
                    -0.00076463521691,
                    -0.000176831963472,
                    8.29099080875e-05,
                    0.00333114853129,
                    0.000280717125861,
                    0.00061848887708,
                    -0.00155572360381,
                    0.00114543864038,
                    -0.000514894607477
                ],
                [
                    7.53956992412e-05,
                    -0.000518643530086,
                    -5.8776615333e-05,
                    -0.000711479806341,
                    -0.000403096404625,
                    -0.00054200500017,
                    5.44988397451e-05,
                    0.000280717125861,
                    0.00513587892056,
                    -0.000608855159953,
                    0.000967958359979,
                    -0.000894050055649,
                    -0.000850935757626
                ],
                [
                    -0.000176115165232,
                    0.000769553473219,
                    8.72564341989e-05,
                    0.000134845206048,
                    -0.000786970020272,
                    -6.08905174886e-05,
                    -0.00036676126183,
                    0.00061848887708,
                    -0.000608855159953,
                    0.00712837092578,
                    -0.00186683121137,
                    0.000594111275859,
                    -0.000961143930908
                ],
                [
                    7.52180858399e-05,
                    -0.000737841299269,
                    -6.39804420643e-05,
                    -0.000576539023314,
                    0.000271978467936,
                    8.43764064484e-05,
                    -0.000458024354884,
                    -0.00155572360381,
                    0.000967958359979,
                    -0.00186683121137,
                    0.00585936382413,
                    -0.00114100705832,
                    0.00018416743842
                ],
                [
                    -0.000148727296619,
                    0.000770674669184,
                    -0.000405211554607,
                    0.000185220225831,
                    9.10391536308e-05,
                    0.00014758350153,
                    -9.82712444966e-05,
                    0.00114543864038,
                    -0.000894050055649,
                    0.000594111275859,
                    -0.00114100705832,
                    0.00728710228577,
                    -0.00228394847363
                ],
                [
                    0.000159443123266,
                    -0.000547392934095,
                    0.000359731493518,
                    -0.000434577756096,
                    -0.000385656516301,
                    0.000723155622836,
                    -0.000416315364419,
                    -0.000514894607477,
                    -0.000850935757626,
                    -0.000961143930908,
                    0.00018416743842,
                    -0.00228394847363,
                    0.00883730035275
                ]
            ],
            "mean": [
                -112.489768982,
                120.96496582,
                -82.8857116699,
                15.8074159622,
                -62.4799613953,
                6.64455890656,
                -27.4957122803,
                9.63829135895,
                -26.3795337677,
                0.247755482793,
                -7.21158695221,
                -4.7084646225,
                -4.72028827667
            ]
        },
        "hfc": {
            "dmean": 16.8620185852,
            "dmean2": 27.2887477875,
            "dvar": 2469.50512695,
            "dvar2": 5620.95068359,
            "max": 575.550292969,
            "mean": 19.9674263,
            "median": 5.87917137146,
            "min": 1.21543272231e-16,
            "var": 2448.80175781
        },
        "melbands": {
            "dmean": [
                0.00151925045066,
                0.00130321003962,
                0.00117805041373,
                0.000319708284223,
                0.000170674204128,
                0.000198063527932,
                0.000136662420118,
                0.000148288556375,
                8.12642683741e-05,
                7.29706152924e-05,
                5.85193847655e-05,
                3.3963649912e-05,
                4.20075848524e-05,
                4.7521385568e-05,
                2.79027190118e-05,
                2.00221475097e-05,
                1.67677935679e-05,
                1.19160613394e-05,
                9.26947268454e-06,
                8.46847433422e-06,
                9.37416371016e-06,
                7.93658728071e-06,
                7.25602603779e-06,
                6.95307790011e-06,
                5.78923982175e-06,
