{
    "lowlevel": {
        "average_loudness": 0.954133749008,
        "barkbands": {
            "dmean": [
                0.00130482413806,
                0.0111273517832,
                0.00552790146321,
                0.00302170729265,
                0.000967203523032,
                0.000606248446275,
                0.000344128027791,
                0.000385069201002,
                0.00104064599145,
                0.000567706360016,
                0.000464424170787,
                0.000299387349514,
                0.00033380658715,
                0.00032414146699,
                0.000274874531897,
                0.000137919501867,
                0.000139984898851,
                0.000266342103714,
                0.00028931396082,
                0.000235436658841,
                0.000299661711324,
                0.000271018827334,
                0.000172612155438,
                8.8725835667e-05,
                3.57622011506e-05,
                1.423654885e-05,
                6.2144081312e-06
            ],
            "dmean2": [
                0.00204085884616,
                0.0173161346465,
                0.00932966638356,
                0.00521955359727,
                0.00161773490254,
                0.00092770770425,
                0.000558673229534,
                0.000571349053644,
                0.00144673394971,
                0.000839427404571,
                0.000675359624438,
                0.000460639916128,
                0.000513790699188,
                0.000517908309121,
                0.000461592309875,
                0.000223681461648,
                0.000225639683777,
                0.000422137673013,
                0.000482856237795,
                0.000356599543011,
                0.0003844742605,
                0.00030385440914,
                0.000192933061044,
                0.000122053643281,
                5.42684065294e-05,
                2.27292530326e-05,
                1.05244116639e-05
            ],
            "dvar": [
                3.43759234056e-06,
                0.000514223298524,
                0.00019678955141,
                4.27961858804e-05,
                2.98236568597e-06,
                1.06328946003e-06,
                1.02049216366e-06,
                7.21445871932e-07,
                4.62442085336e-06,
                2.76585660686e-06,
                1.74175238499e-06,
                4.94155585784e-07,
                1.1675301721e-06,
                7.49001060285e-07,
                4.2982657078e-07,
                9.00210324062e-08,
                9.12951421128e-08,
                1.98386814532e-07,
                2.14462019699e-07,
                1.80168626684e-07,
                2.95577478937e-07,
                2.61877374896e-07,
                9.60693853358e-08,
                5.46612390906e-08,
                8.60219540044e-09,
                1.81853976322e-09,
                4.57338000803e-10
            ],
            "dvar2": [
                8.755098861e-06,
                0.000991855515167,
                0.000514341925737,
                0.000111888177344,
                8.05805848358e-06,
                2.43240651798e-06,
                2.62825597019e-06,
                1.48445701598e-06,
                8.55109374243e-06,
                5.88372813581e-06,
                3.18622142004e-06,
                1.19877779525e-06,
                2.82148016595e-06,
                1.67939197127e-06,
                1.11272788672e-06,
                1.97729434603e-07,
                2.05268307241e-07,
                4.47807252613e-07,
                5.58831516173e-07,
                3.32340789555e-07,
                4.96132656735e-07,
                3.38684259305e-07,
                1.4689243244e-07,
                1.00195428843e-07,
                1.80865296073e-08,
                4.8389412477e-09,
                1.28112387365e-09
            ],
            "max": [
                0.0248874220997,
                0.178067952394,
                0.126028746367,
                0.0451822653413,
                0.0260831825435,
                0.0197638086975,
                0.0271939635277,
                0.0194478780031,
                0.0421565957367,
                0.0474774390459,
                0.0581421144307,
                0.0169405862689,
                0.0319830700755,
                0.0207586735487,
                0.0163230039179,
                0.00847093388438,
                0.00945420283824,
                0.0145545657724,
                0.00766589818522,
                0.00790676660836,
                0.00847586896271,
                0.00553556205705,
                0.00358252297156,
                0.00523880356923,
                0.00255206646398,
                0.00168208801188,
                0.000234328981605
            ],
            "mean": [
                0.00446116365492,
                0.0228625535965,
                0.00564365461469,
                0.00307926209643,
                0.00167986552697,
                0.00145005004015,
                0.000570828036871,
                0.000735319161322,
                0.00233017397113,
                0.0010304346215,
                0.000879296625499,
                0.000516387284733,
                0.000518897315487,
                0.000458698166767,
                0.000351965369191,
                0.000215775799006,
                0.000240207795287,
                0.000484720454551,
                0.000436763715697,
                0.000425969454227,
                0.000482910661958,
                0.000469075457659,
                0.000299408537103,
                0.00017527572345,
                5.77795617573e-05,
                1.9461462216e-05,
                7.16315389582e-06
            ],
            "median": [
                0.00341906771064,
                0.0159622635692,
                0.00229807524011,
                0.00105960154906,
                0.00103067292366,
                0.000659117649775,
                0.000265051727183,
                0.000259827706032,
                0.000732184038498,
                0.000221612775931,
                0.000221721362323,
                0.00018725344853,
                0.000149084095028,
                0.000141708675073,
                0.000129207735881,
                0.000104637292679,
                0.000110993874841,
                0.000248309894232,
                0.000209916936001,
                0.000155246176291,
                0.000108815802378,
                8.37271072669e-05,
                7.03782279743e-05,
                6.3700179453e-05,
                2.53183061432e-05,
                7.57142288421e-06,
                5.10374775331e-07
            ],
            "min": [
                3.07031787147e-12,
                3.76108351277e-13,
                3.62911478009e-15,
                6.24296062301e-15,
                2.62016005003e-14,
                1.14742233998e-14,
                9.74902989148e-15,
                1.65655165231e-14,
                1.76756938079e-14,
                2.25934908667e-14,
                3.52320203448e-14,
                6.44363712778e-14,
                3.17616653735e-14,
                4.15920858139e-14,
                2.71487070021e-14,
                9.99096164416e-14,
                6.38446543896e-14,
                4.70748657069e-14,
                7.27398284835e-14,
                7.87163032239e-14,
                1.41535654724e-13,
                1.48042073934e-13,
                4.46952533577e-13,
                1.44504688163e-12,
                1.77484524473e-12,
                2.8859104776e-12,
                1.94627258754e-10
            ],
            "var": [
                1.79445978574e-05,
                0.000770204642322,
                0.000148908220581,
                3.46676133631e-05,
                3.99172859034e-06,
                4.56916541225e-06,
                1.35555126235e-06,
                2.10380972021e-06,
                1.81832510862e-05,
                8.87538590177e-06,
                5.06511332787e-06,
                1.13560838599e-06,
                2.23763095164e-06,
                1.35466802931e-06,
                5.41776671525e-07,
                1.78001442919e-07,
                2.38146483866e-07,
                5.59331510885e-07,
                3.28367093516e-07,
                4.49796488056e-07,
                7.83018094808e-07,
                8.40411189529e-07,
                2.93935130458e-07,
                1.55313912842e-07,
                1.56560346909e-08,
                1.8250095879e-09,
                4.11448347615e-10
            ]
        },
        "barkbands_crest": {
            "dmean": 2.69851350784,
            "dmean2": 4.06910037994,
            "dvar": 7.55706977844,
            "dvar2": 15.1330947876,
            "max": 26.8375701904,
            "mean": 12.5771617889,
            "median": 11.7982826233,
            "min": 2.39729571342,
            "var": 24.950510025
        },
        "barkbands_flatness_db": {
            "dmean": 0.027788028121,
            "dmean2": 0.0410204641521,
            "dvar": 0.00111802201718,
            "dvar2": 0.00212874007411,
            "max": 0.664467632771,
            "mean": 0.171835780144,
            "median": 0.144568547606,
            "min": 0.0262423530221,
            "var": 0.0081549603492
        },
        "barkbands_kurtosis": {
            "dmean": 8.03321456909,
            "dmean2": 12.0747909546,
            "dvar": 532.408081055,
            "dvar2": 1162.11022949,
            "max": 751.231018066,
            "mean": 12.6471185684,
            "median": 3.11493706703,
            "min": -1.89853394032,
            "var": 1268.24084473
        },
        "barkbands_skewness": {
            "dmean": 0.791464686394,
            "dmean2": 1.13536655903,
            "dvar": 1.17185080051,
            "dvar2": 2.14814567566,
            "max": 22.8490619659,
            "mean": 2.37497997284,
            "median": 1.81893706322,
            "min": -6.98511266708,
            "var": 4.73331880569
        },
        "barkbands_spread": {
            "dmean": 6.8064661026,
            "dmean2": 9.79147052765,
            "dvar": 75.7738342285,
            "dvar2": 137.693664551,
            "max": 156.004241943,
            "mean": 22.2380638123,
            "median": 18.2118701935,
            "min": 0.0783171579242,
            "var": 294.047424316
        },
        "dissonance": {
            "dmean": 0.0190809424967,
            "dmean2": 0.0318590439856,
            "dvar": 0.000404715596233,
            "dvar2": 0.0011234448757,
            "max": 0.49985525012,
            "mean": 0.461170732975,
            "median": 0.470721423626,
            "min": 0.217300713062,
            "var": 0.00113945931662
        },
        "dynamic_complexity": 3.20113444328,
        "erbbands": {
            "dmean": [
                0.448299646378,
                2.49899768829,
                6.13496637344,
                8.34221363068,
                5.52909374237,
                2.96388316154,
                3.9294719696,
                5.39385461807,
                4.57851791382,
                5.80647993088,
                11.6984090805,
                24.1141834259,
                21.9163417816,
                11.6305294037,
                17.0903930664,
                12.2764387131,
                15.0814619064,
                17.9279956818,
                12.5214014053,
                10.5006475449,
                6.5519490242,
                8.08224582672,
                14.6256523132,
                14.3596868515,
                12.62433815,
                10.5640602112,
                13.577378273,
                10.4206018448,
                10.2280254364,
                8.60003852844,
                4.21579551697,
                2.3983130455,
                1.27643406391,
                0.46656024456,
                0.226216956973,
                0.097580678761,
                0.0197235755622,
                0.00426930794492,
                0.000923214945942,
                9.47643711697e-05
            ],
            "dmean2": [
                0.677662849426,
                3.7306625843,
                10.1339712143,
                13.9353895187,
                9.54027175903,
                4.75181531906,
                6.26804161072,
                8.0681810379,
                7.39229202271,
                9.04118442535,
                16.5032501221,
                33.3150901794,
                31.9093284607,
                16.8415565491,
                24.9672470093,
                18.6268882751,
                23.2389469147,
                27.8628139496,
                21.0091667175,
                17.4504756927,
                10.1974897385,
                13.0673980713,
                23.2581253052,
                23.0264644623,
                20.6328258514,
                15.9497375488,
                17.0767288208,
                15.0297889709,
                11.9719305038,
                10.4648284912,
                5.04193973541,
                3.21104431152,
                1.80897891521,
                0.686506271362,
                0.348932564259,
                0.157928973436,
                0.0310983508825,
                0.00715729733929,
                0.00159215473104,
                0.000152642896865
            ],
            "dvar": [
                0.59532892704,
                30.6421108246,
                243.923599243,
                297.472686768,
                125.541213989,
                31.6453857422,
                47.5616912842,
                102.694152832,
                86.945350647,
                302.958709717,
                797.857849121,
                2770.41723633,
                3602.48706055,
                1976.38793945,
                2401.65625,
                753.984985352,
                2216.37548828,
                2238.22265625,
                852.705566406,
                725.283569336,
                154.27722168,
                236.387695312,
                728.657287598,
                548.90447998,
                388.107299805,
                372.770202637,
                585.299682617,
                419.660736084,
                393.4402771,
                324.74118042,
                62.204914093,
                33.7236366272,
                13.6432905197,
                1.94499862194,
                0.272343277931,
                0.0641123130918,
                0.00466368207708,
                0.000172749103513,
                9.96135258902e-06,
                8.46933048138e-08
            ],
            "dvar2": [
                1.36048269272,
                64.4888458252,
                622.049133301,
                752.948791504,
                342.68850708,
                80.5985946655,
                119.661628723,
                220.812286377,
                216.782165527,
                739.898620605,
                1458.47814941,
                5082.88769531,
                7600.03173828,
                3734.3425293,
                4532.27587891,
                1727.62194824,
                5476.24609375,
                4865.60009766,
                2233.5637207,
                1749.54321289,
                329.125823975,
                528.999511719,
                1655.71081543,
                1323.37768555,
                978.039978027,
                664.689819336,
                892.050720215,
                761.942138672,
                558.76776123,
                575.76751709,
                90.5671081543,
                63.2834472656,
                26.3421974182,
                3.82109189034,
                0.618118286133,
                0.164387986064,
                0.0127871232107,
                0.000487528857775,
                2.83081280941e-05,
                2.27579349144e-07
            ],
            "max": [
                6.80317306519,
                44.0626869202,
                123.006782532,
                135.265625,
                100.452407837,
                98.6497268677,
                176.66418457,
                219.628189087,
                213.297561646,
                397.66204834,
                679.008361816,
                1221.84082031,
                1747.29577637,
                2373.27075195,
                1323.66003418,
                769.977111816,
                1338.04736328,
                1149.92272949,
                611.62487793,
                878.216796875,
                257.603820801,
                436.279937744,
                1033.85314941,
                581.253723145,
                290.690124512,
                284.138397217,
                293.692962646,
                319.480224609,
                243.109558105,
                186.98135376,
                134.680557251,
                128.415893555,
                95.965927124,
                36.1369743347,
                10.8221540451,
                6.06407928467,
                3.47603297234,
                0.34629330039,
                0.0365925692022,
                0.00390947377309
            ],
            "mean": [
                0.986875891685,
                3.79981160164,
                6.8671746254,
                9.08704280853,
                7.03255224228,
                5.5798368454,
                7.85917234421,
                13.6862163544,
                8.28678321838,
                10.6603355408,
                27.5689888,
                53.9776573181,
                43.2585372925,
                22.3537349701,
                33.467376709,
                22.9671325684,
                25.850435257,
                27.8912506104,
                17.4901790619,
                15.7560272217,
                11.9732933044,
                14.4590406418,
                25.4302768707,
                25.1719036102,
                21.128704071,
                19.0676383972,
                21.0916233063,
                18.0015220642,
                17.6591777802,
                12.5169372559,
                7.88383579254,
                4.52175951004,
                2.45172834396,
                0.833496451378,
                0.337030649185,
                0.127698838711,
                0.0284972060472,
                0.0054271267727,
                0.0010662029963,
                0.000156288617291
            ],
            "median": [
                0.706139922142,
                1.68379223347,
                2.69647598267,
                3.79786705971,
                3.10064339638,
                3.15648031235,
                4.66484260559,
                5.0695438385,
                4.85469341278,
                4.74281024933,
                8.04529953003,
                17.1395378113,
                12.5506515503,
                7.42378139496,
                8.02418041229,
                9.37839508057,
                9.43656730652,
                9.46175765991,
                7.96122837067,
                7.32533407211,
                6.20526170731,
                7.1313533783,
                12.3995094299,
                12.5621547699,
                10.5064973831,
                6.65713405609,
                5.11523532867,
                3.56502890587,
                2.80521392822,
                2.76170444489,
                1.92144489288,
                1.32387161255,
                0.928992986679,
                0.324418842793,
                0.156227141619,
                0.051330562681,
                0.00978146027774,
                0.00117398914881,
                0.00011700046889,
                6.71887682984e-05
            ],
            "min": [
                3.66371134819e-11,
                1.75846628925e-11,
                1.50574951813e-11,
                1.44397636209e-11,
                8.2167314619e-11,
                8.49462514219e-11,
                3.37865742328e-11,
                1.22809096226e-10,
                1.94566959766e-10,
                1.04953615243e-10,
                4.36019303995e-10,
                3.98315963546e-10,
                5.16232334657e-10,
                1.09147002547e-09,
                1.84946302717e-09,
                2.56162202561e-09,
                1.53074897202e-09,
                2.58767918204e-09,
                2.49916554118e-09,
                4.50743975478e-09,
                4.43408243456e-09,
                3.27435278891e-09,
                2.81195600138e-09,
                2.30893637543e-09,
                4.23642587677e-09,
                3.68209840396e-09,
                5.34057154056e-09,
                5.60909763081e-09,
                5.7371618567e-09,
                6.57062271259e-09,
                1.50425520928e-08,
                1.89490894087e-08,
                3.20630313411e-08,
                2.25855885105e-08,
                1.17353913254e-08,
                9.54309964385e-09,
                4.59714977197e-09,
                9.61487689466e-09,
                1.45165381937e-08,
                4.76252148829e-09
            ],
            "var": [
                1.00502371788,
                39.2601203918,
                202.674865723,
                252.417419434,
                113.661720276,
                58.7273635864,
                91.4881286621,
                594.175964355,
                139.287643433,
                477.928344727,
                3844.86328125,
                10838.5644531,
                11822.65625,
                4309.33837891,
                9006.88085938,
                1939.32019043,
                4277.98925781,
                4465.18847656,
                997.192016602,
                1157.06787109,
                360.999328613,
                659.087768555,
                1890.98571777,
                1133.19970703,
                744.96697998,
                935.919921875,
                1544.49768066,
                1044.91101074,
                1178.36315918,
                665.595336914,
                204.193939209,
                91.8409042358,
                34.8829116821,
                4.07046461105,
                0.422326028347,
                0.0709331035614,
                0.00425849063322,
                0.000148168488522,
                8.49984371598e-06,
                8.93056366635e-08
            ]
        },
        "erbbands_crest": {
            "dmean": 2.6724960804,
            "dmean2": 4.21758556366,
            "dvar": 6.94626569748,
            "dvar2": 16.1247882843,
            "max": 30.9984436035,
            "mean": 9.4678068161,
            "median": 8.03316879272,
            "min": 2.15566134453,
            "var": 25.7580718994
        },
        "erbbands_flatness_db": {
            "dmean": 0.0153677240014,
            "dmean2": 0.0228727795184,
            "dvar": 0.000240011548158,
            "dvar2": 0.000504328520037,
            "max": 0.424936234951,
            "mean": 0.153641313314,
            "median": 0.137928307056,
            "min": 0.0280021671206,
            "var": 0.00348429963924
        },
        "erbbands_kurtosis": {
            "dmean": 1.09098470211,
            "dmean2": 1.66944420338,
            "dvar": 4.32320165634,
            "dvar2": 10.5320329666,
            "max": 48.9642333984,
            "mean": 0.716679155827,
            "median": -0.135752797127,
            "min": -1.92853498459,
            "var": 8.64937019348
        },
        "erbbands_skewness": {
            "dmean": 0.413769960403,
            "dmean2": 0.586921155453,
            "dvar": 0.198453694582,
            "dvar2": 0.441872775555,
            "max": 6.01073169708,
            "mean": 0.221156582236,
            "median": 0.244266778231,
            "min": -3.83314967155,
            "var": 0.839338064194
        },
        "erbbands_spread": {
            "dmean": 9.63550949097,
            "dmean2": 14.0058088303,
            "dvar": 108.289276123,
            "dvar2": 234.984390259,
            "max": 237.722671509,
            "mean": 42.0101890564,
            "median": 40.033782959,
            "min": 1.85076975822,
            "var": 421.312835693
        },
        "gfcc": {
            "cov": [
                [
                    19795.9355469,
                    -3330.5612793,
                    -460.201171875,
                    2223.8371582,
                    -1162.69348145,
                    1337.01281738,
                    -650.789978027,
                    202.323806763,
                    -934.084777832,
                    -109.835571289,
                    -869.655517578,
                    -21.7066745758,
                    -534.988586426
                ],
                [
                    -3330.5612793,
                    2718.93261719,
                    60.9753913879,
                    -535.489379883,
                    679.837890625,
                    -523.396118164,
                    209.32824707,
                    -163.29989624,
                    146.790390015,
                    -149.037017822,
                    274.387664795,
                    -112.653022766,
                    136.92741394
                ],
                [
                    -460.201171875,
                    60.9753913879,
                    656.361206055,
                    170.427246094,
                    139.512008667,
                    37.1508674622,
                    35.528553009,
                    -0.900661706924,
                    13.8192481995,
                    -9.54448795319,
                    11.6272058487,
                    -2.77223515511,
                    18.0480098724
                ],
                [
                    2223.8371582,
                    -535.489379883,
                    170.427246094,
                    804.758789062,
                    -68.4993896484,
                    135.777450562,
                    -65.0878372192,
                    -39.8992195129,
                    -43.4320602417,
                    -54.1529960632,
                    -136.832061768,
                    -42.87292099,
                    -61.6705093384
                ],
                [
                    -1162.69348145,
                    679.837890625,
                    139.512008667,
                    -68.4993896484,
                    467.572967529,
                    -140.803009033,
                    92.2612762451,
                    -43.6160011292,
                    86.0333938599,
                    -44.1125297546,
                    52.1026229858,
                    -47.8050613403,
                    27.6383132935
                ],
                [
                    1337.01281738,
                    -523.396118164,
                    37.1508674622,
                    135.777450562,
                    -140.803009033,
                    337.515014648,
                    0.584172666073,
                    82.6885147095,
                    -81.0171203613,
                    29.1571273804,
                    -58.0337104797,
                    9.2640209198,
                    -49.0445022583
                ],
                [
                    -650.789978027,
                    209.32824707,
                    35.528553009,
                    -65.0878372192,
                    92.2612762451,
                    0.584172666073,
                    225.781997681,
                    -16.4082679749,
                    26.8471088409,
                    -13.5078582764,
                    27.0910720825,
                    -10.7671508789,
                    12.8848314285
                ],
                [
                    202.323806763,
                    -163.29989624,
                    -0.900661706924,
                    -39.8992195129,
                    -43.6160011292,
                    82.6885147095,
                    -16.4082679749,
                    178.042510986,
                    -1.60454881191,
                    27.9077358246,
                    11.9258613586,
                    9.56963634491,
                    -26.0798625946
                ],
                [
                    -934.084777832,
                    146.790390015,
                    13.8192481995,
                    -43.4320602417,
                    86.0333938599,
                    -81.0171203613,
                    26.8471088409,
                    -1.60454881191,
                    168.715148926,
                    17.6110706329,
                    44.2513885498,
                    -5.47996759415,
                    38.2178459167
                ],
                [
                    -109.835571289,
                    -149.037017822,
                    -9.54448795319,
                    -54.1529960632,
                    -44.1125297546,
                    29.1571273804,
                    -13.5078582764,
                    27.9077358246,
                    17.6110706329,
                    103.783843994,
                    19.0120944977,
                    16.3772659302,
                    -1.02380049229
                ],
                [
                    -869.655517578,
                    274.387664795,
                    11.6272058487,
                    -136.832061768,
                    52.1026229858,
                    -58.0337104797,
                    27.0910720825,
                    11.9258613586,
                    44.2513885498,
                    19.0120944977,
                    138.7315979,
                    25.0627498627,
                    30.3374710083
                ],
                [
                    -21.7066745758,
                    -112.653022766,
                    -2.77223515511,
                    -42.87292099,
                    -47.8050613403,
                    9.2640209198,
                    -10.7671508789,
                    9.56963634491,
                    -5.47996759415,
                    16.3772659302,
                    25.0627498627,
                    103.09488678,
                    37.8811988831
                ],
                [
                    -534.988586426,
                    136.92741394,
                    18.0480098724,
                    -61.6705093384,
                    27.6383132935,
                    -49.0445022583,
                    12.8848314285,
                    -26.0798625946,
                    38.2178459167,
                    -1.02380049229,
                    30.3374710083,
                    37.8811988831,
                    103.416046143
                ]
            ],
            "icov": [
                [
                    0.000173528547748,
                    -9.39484962146e-05,
                    0.000190903243492,
                    -0.000381155259674,
                    8.55647449498e-05,
                    -0.000391259149183,
                    0.000258593558101,
                    -0.00010469926201,
                    0.00045277204481,
                    -4.1185918235e-05,
                    0.000496751221363,
                    -0.00030573469121,
                    0.000292965007247
                ],
                [
                    -9.39484962146e-05,
                    0.00121205940377,
                    -7.96173553681e-05,
                    0.000601075298619,
                    -0.000995423295535,
                    0.000981657765806,
                    -0.000388767308323,
                    0.000338672893122,
                    0.000272958917776,
                    0.00114536716137,
                    -0.00187168829143,
                    0.0015747762518,
                    -0.00097038038075
                ],
                [
                    0.000190903243492,
                    -7.96173553681e-05,
                    0.00206454470754,
                    -0.000950253743213,
                    -0.000637396646198,
                    -0.000740182062145,
                    0.000149394516484,
                    -0.000261082837824,
                    0.000691315159202,
                    -0.000262145302258,
                    0.00011191287922,
                    -0.000440462405095,
                    -0.000228676231927
                ],
                [
                    -0.000381155259674,
                    0.000601075298619,
                    -0.000950253743213,
                    0.00284626497887,
                    -0.000286856084131,
                    0.000440095638623,
                    -0.000121673729154,
                    0.00102676427923,
                    -0.00139242655132,
                    0.0014220494777,
                    -0.000414118694607,
                    0.00132042251062,
                    -0.000178530608537
                ],
                [
                    8.55647449498e-05,
                    -0.000995423295535,
                    -0.000637396646198,
                    -0.000286856084131,
                    0.00412429962307,
                    5.96877362113e-05,
                    -0.000529403914697,
                    -0.000139692769153,
                    -0.00113139639143,
                    0.000161275456776,
                    0.00103212986141,
                    4.31636763096e-05,
                    0.000758723705076
                ],
                [
                    -0.000391259149183,
                    0.000981657765806,
                    -0.000740182062145,
                    0.000440095638623,
                    5.96877362113e-05,
                    0.00634999759495,
                    -0.00188516976777,
                    -0.00165211770218,
                    0.000972183712292,
                    -0.000565531139728,
                    -0.00106932793278,
                    0.00119105307385,
                    -0.000605911656749
                ],
                [
                    0.000258593558101,
                    -0.000388767308323,
                    0.000149394516484,
                    -0.000121673729154,
                    -0.000529403914697,
                    -0.00188516976777,
                    0.00569072272629,
                    0.000563454523217,
                    -9.2423055321e-05,
                    0.000553424761165,
                    0.00041651391075,
                    -0.000317031051964,
                    0.000467967242002
                ],
                [
                    -0.00010469926201,
                    0.000338672893122,
                    -0.000261082837824,
                    0.00102676427923,
                    -0.000139692769153,
                    -0.00165211770218,
                    0.000563454523217,
                    0.00742211285979,
                    -0.00128187367227,
                    -9.05179767869e-05,
                    -0.00161604280584,
                    -6.12031944911e-05,
                    0.00169249100145
                ],
                [
                    0.00045277204481,
                    0.000272958917776,
                    0.000691315159202,
                    -0.00139242655132,
                    -0.00113139639143,
                    0.000972183712292,
                    -9.2423055321e-05,
                    -0.00128187367227,
                    0.00980544276536,
                    -0.0019596691709,
                    -0.00072894472396,
                    0.00122006819583,
                    -0.00239458796568
                ],
                [
                    -4.1185918235e-05,
                    0.00114536716137,
                    -0.000262145302258,
                    0.0014220494777,
                    0.000161275456776,
                    -0.000565531139728,
                    0.000553424761165,
                    -9.05179767869e-05,
                    -0.0019596691709,
                    0.0130605408922,
                    -0.00279827322811,
                    0.000416394206695,
                    0.000282966211671
                ],
                [
                    0.000496751221363,
                    -0.00187168829143,
                    0.00011191287922,
                    -0.000414118694607,
                    0.00103212986141,
                    -0.00106932793278,
                    0.00041651391075,
                    -0.00161604280584,
                    -0.00072894472396,
                    -0.00279827322811,
                    0.0140069518238,
                    -0.00487678358331,
                    0.00145814730786
                ],
                [
                    -0.00030573469121,
                    0.0015747762518,
                    -0.000440462405095,
                    0.00132042251062,
                    4.31636763096e-05,
                    0.00119105307385,
                    -0.000317031051964,
                    -6.12031944911e-05,
                    0.00122006819583,
                    0.000416394206695,
                    -0.00487678358331,
                    0.015506407246,
                    -0.00692114792764
                ],
                [
                    0.000292965007247,
                    -0.00097038038075,
                    -0.000228676231927,
                    -0.000178530608537,
                    0.000758723705076,
                    -0.000605911656749,
                    0.000467967242002,
                    0.00169249100145,
                    -0.00239458796568,
                    0.000282966211671,
                    0.00145814730786,
                    -0.00692114792764,
                    0.0152770876884
                ]
            ],
            "mean": [
                -9.54889202118,
                99.6943359375,
                -105.144454956,
                44.5005226135,
                -49.4168281555,
                18.989616394,
                -18.1018810272,
                14.4034633636,
                -14.1099300385,
                1.67697548866,
                -6.76086807251,
                -2.06423735619,
                -8.0982131958
            ]
        },
        "hfc": {
            "dmean": 8.17382144928,
            "dmean2": 10.2654294968,
            "dvar": 138.907196045,
            "dvar2": 209.913391113,
            "max": 120.30191803,
            "mean": 25.420425415,
            "median": 18.7397689819,
            "min": 6.24996164333e-06,
            "var": 540.941345215
        },
        "melbands": {
            "dmean": [
                0.00335348583758,
                0.00299974018708,
                0.00132765807211,
                0.000262985675363,
                0.000133760768222,
                0.000117838593724,
                7.01201643096e-05,
                6.29375717836e-05,
                0.000114586669952,
                0.000157498754561,
                0.000108216037916,
                4.57987553091e-05,
                5.41182889719e-05,
                3.60551202903e-05,
                3.35661316058e-05,
                3.88459557144e-05,
                3.62566170224e-05,
                1.96546770894e-05,
                2.16456446651e-05,
                1.18794941955e-05,
                7.4324839261e-06,
                9.10677317734e-06,
                1.18854786706e-05,
                1.18361758723e-05,
                1.25557307911e-05,
                1.12892157631e-05,
