{
    "lowlevel": {
        "average_loudness": 0.842353701591,
        "barkbands": {
            "dmean": [
                0.00212112255394,
                0.0197030380368,
                0.00607961788774,
                0.00186130090151,
                0.0023605809547,
                0.00142133724876,
                0.000665793137159,
                0.000794042600319,
                0.000681573175825,
                0.0002801673254,
                0.000545802118722,
                0.000438134040451,
                0.000271911441814,
                0.000353404087946,
                0.000264816975687,
                0.000161755800946,
                0.000251714867773,
                0.000310416013235,
                0.000135204943945,
                0.000112744273792,
                0.000185275173862,
                0.000224303774303,
                0.00049028446665,
                0.000241735280724,
                0.000177299181814,
                5.12830629305e-05,
                7.97394568508e-06
            ],
            "dmean2": [
                0.00320958043449,
                0.0270512066782,
                0.011200803332,
                0.00350369699299,
                0.00406302465126,
                0.00224538287148,
                0.000965473125689,
                0.00121857319027,
                0.00107750738971,
                0.000426047306973,
                0.000822884438094,
                0.000686414015945,
                0.000441305310233,
                0.000560906715691,
                0.000437966722529,
                0.000248574884608,
                0.000418433570303,
                0.000536053907126,
                0.000204723546631,
                0.000184419026482,
                0.000294373312499,
                0.0003645568504,
                0.000793883402366,
                0.000395738548832,
                0.000269898562692,
                8.09550983831e-05,
                1.33743460538e-05
            ],
            "dvar": [
                2.26855663641e-05,
                0.00255726277828,
                0.000493925239425,
                6.16296820226e-05,
                7.53299609642e-05,
                7.66797711549e-06,
                1.46339550611e-06,
                2.68315261565e-06,
                5.44323074791e-06,
                8.45871625188e-07,
                4.58408794657e-06,
                2.70242753686e-06,
                1.15965178793e-06,
                1.80680126505e-06,
                1.34741571856e-06,
                2.45290294743e-07,
                7.59684212426e-07,
                2.0768604827e-06,
                4.52295637388e-07,
                1.75760462184e-07,
                2.5935852932e-07,
                3.18710959846e-07,
                1.65034236943e-06,
                2.17606185515e-07,
                1.13408077596e-07,
                1.36187159328e-08,
                6.13364747881e-10
            ],
            "dvar2": [
                5.36039733561e-05,
                0.00500110816211,
                0.00140522094443,
                0.000179204478627,
                0.000205994132557,
                2.05636624742e-05,
                3.04897230308e-06,
                5.97447751716e-06,
                1.33123739943e-05,
                1.81686823453e-06,
                9.7724769148e-06,
                6.04748674959e-06,
                2.61903960563e-06,
                3.84204804504e-06,
                3.62723494618e-06,
                5.60268176741e-07,
                1.93859091269e-06,
                5.64306083106e-06,
                1.03879551716e-06,
                3.56471019813e-07,
                4.99484940519e-07,
                6.87273654876e-07,
                4.11722885474e-06,
                5.31706348283e-07,
                2.30553553138e-07,
                2.97928952619e-08,
                1.59088808793e-09
            ],
            "max": [
                0.0642530247569,
                0.40089070797,
                0.184676706791,
                0.0769646465778,
                0.0843431130052,
                0.0457492060959,
                0.0298763159662,
                0.0259200204164,
                0.0472924187779,
                0.0252898111939,
                0.0564877018332,
                0.0416635014117,
                0.0307086650282,
                0.0474725216627,
                0.0127850258723,
                0.010119272396,
                0.00912515353411,
                0.0157129243016,
                0.00821311306208,
                0.00578689714894,
                0.00525711895898,
                0.00565442116931,
                0.00758086098358,
                0.00500217964873,
                0.00881663896143,
                0.00226850877516,
                0.00027335312916
            ],
            "mean": [
                0.00603559520096,
                0.0325727201998,
                0.00537977460772,
                0.00119962845929,
                0.00193124311045,
                0.00189220660832,
                0.000926041800994,
                0.00110483646858,
                0.000806724769063,
                0.000344990025042,
                0.000625532586128,
                0.000472677696962,
                0.00027564226184,
                0.000369560206309,
                0.000243291520746,
                0.000174609798705,
                0.000233793063671,
                0.000245366652962,
                0.000124968632008,
                0.000128605723148,
                0.000255650753388,
                0.000218040542677,
                0.000393714639358,
                0.000250217970461,
                0.000244266120717,
                6.01226347499e-05,
                6.9365141826e-06
            ],
            "median": [
                6.74136535963e-05,
                0.000189511833014,
                2.18684526772e-05,
                1.80105125764e-05,
                0.000323516549543,
                0.000368376699043,
                0.000136719652801,
                0.000189460144611,
                2.77059352811e-05,
                1.32390032377e-05,
                6.57257078274e-06,
                1.22053370433e-05,
                1.04080800156e-05,
                8.69734503794e-06,
                8.74397301232e-06,
                6.73126487527e-06,
                7.42220299799e-06,
                1.29051932163e-05,
                7.1117792686e-06,
                7.77306740929e-06,
                3.56296004611e-05,
                1.3518414562e-05,
                5.29601084054e-06,
                4.1044117097e-05,
                6.1735350755e-05,
                1.21378770928e-05,
                1.04036155335e-06
            ],
            "min": [
                6.0008037693e-25,
                3.72116985481e-23,
                3.35367931766e-23,
                1.55337093648e-23,
                4.59930898857e-23,
                2.28244722913e-23,
                4.87737109807e-23,
                3.38924369162e-23,
                6.16671439164e-23,
                3.88247707934e-23,
                6.15619919132e-23,
                5.97332419409e-23,
                5.79377377227e-23,
                1.37557550928e-22,
                7.84666563342e-23,
                1.5175774142e-22,
                2.04104670446e-22,
                1.62637786755e-22,
                3.87898709559e-22,
                2.68060867828e-22,
                3.07647725588e-22,
                4.25805154751e-22,
                5.50756834631e-22,
                7.14621091835e-22,
                1.32873590222e-21,
                1.38558185014e-21,
                2.36511172358e-21
            ],
            "var": [
                8.04996016086e-05,
                0.00422821938992,
                0.000307137233904,
                3.4193686588e-05,
                4.95734493597e-05,
                9.2596774266e-06,
                2.79801952274e-06,
                4.5145598051e-06,
                7.46734849599e-06,
                1.39839642088e-06,
                7.83679115557e-06,
                3.91585626858e-06,
                1.41398220421e-06,
                2.86914269054e-06,
                1.09036557205e-06,
                3.29824644041e-07,
                6.48005197945e-07,
                1.38701102514e-06,
                4.08377076155e-07,
                2.06131630875e-07,
                3.65542490499e-07,
                3.59258194749e-07,
                1.40047086461e-06,
                2.37885132037e-07,
                2.52571481951e-07,
                2.0083977148e-08,
                4.89801532666e-10
            ]
        },
        "barkbands_crest": {
            "dmean": 3.24009394646,
            "dmean2": 5.04036569595,
            "dvar": 11.8924694061,
            "dvar2": 25.3210601807,
            "max": 26.5231533051,
            "mean": 13.6764678955,
            "median": 13.0687503815,
            "min": 2.58260416985,
            "var": 28.7090911865
        },
        "barkbands_flatness_db": {
            "dmean": 0.050840202719,
            "dmean2": 0.0682864189148,
            "dvar": 0.0030126683414,
            "dvar2": 0.00495634926483,
            "max": 0.756085455418,
            "mean": 0.253896296024,
            "median": 0.222201034427,
            "min": 0.0262703001499,
            "var": 0.016758274287
        },
        "barkbands_kurtosis": {
            "dmean": 30.1847705841,
            "dmean2": 46.526714325,
            "dvar": 5127.61474609,
            "dvar2": 11702.0419922,
            "max": 1234.66247559,
            "mean": 34.3949203491,
            "median": 7.62618255615,
            "min": -1.98293507099,
            "var": 6360.703125
        },
        "barkbands_skewness": {
            "dmean": 1.9344689846,
            "dmean2": 2.78350496292,
            "dvar": 5.70111703873,
            "dvar2": 12.1572475433,
            "max": 26.9087333679,
            "mean": 2.94272994995,
            "median": 2.22320795059,
            "min": -11.9001197815,
            "var": 13.8971185684
        },
        "barkbands_spread": {
            "dmean": 10.3996458054,
            "dmean2": 16.2072486877,
            "dvar": 216.746658325,
            "dvar2": 498.630401611,
            "max": 165.335708618,
            "mean": 19.2776679993,
            "median": 12.7130527496,
            "min": 0.0851875394583,
            "var": 450.192321777
        },
        "dissonance": {
            "dmean": 0.0403651483357,
            "dmean2": 0.0644733756781,
            "dvar": 0.00174187857192,
            "dvar2": 0.00406810222194,
            "max": 0.500000059605,
            "mean": 0.420840859413,
            "median": 0.43719214201,
            "min": 0.130909398198,
            "var": 0.00410168571398
        },
        "dynamic_complexity": 3.70267820358,
        "erbbands": {
            "dmean": [
                0.776040136814,
                4.45277643204,
                7.76359605789,
                6.32939815521,
                7.4129576683,
                7.3747177124,
                7.30332279205,
                14.7063770294,
                11.2343616486,
                9.6345539093,
                18.336057663,
                16.8384113312,
                8.1427154541,
                14.3642530441,
                19.8885879517,
                16.3637695312,
                12.586728096,
                13.86277771,
                17.7077655792,
                9.82843494415,
                10.2875518799,
                14.5952386856,
                16.0594482422,
                9.6745929718,
                6.15083312988,
                5.49123239517,
                7.25119352341,
                7.44575214386,
                7.16997289658,
                16.3141803741,
                11.7267217636,
                6.3626537323,
                3.67671728134,
                2.42571926117,
                1.06805145741,
                0.33185634017,
                0.0748252645135,
                0.0144780585542,
                0.00150730728637,
                6.30073918728e-05
            ],
            "dmean2": [
                1.06754815578,
                6.89710092545,
                14.2061214447,
                11.8210535049,
                13.3422670364,
                12.5207452774,
                12.2801914215,
                22.7118034363,
                15.8464212418,
                14.9247045517,
                27.6151256561,
                26.1775093079,
                12.6021089554,
                21.6884078979,
                29.9721641541,
                25.2027072906,
                19.7517299652,
                21.6655273438,
                29.1845703125,
                14.9708681107,
                15.963051796,
                23.2622070312,
                27.833278656,
                15.8230981827,
                10.1912088394,
                8.68952178955,
                11.3361024857,
                11.6748971939,
                11.435333252,
                27.2682132721,
                19.0238227844,
                10.3999614716,
                5.86994600296,
                3.76381158829,
                1.63823497295,
                0.510915875435,
                0.121318787336,
                0.0236690789461,
                0.00259516434744,
                9.39272504183e-05
            ],
            "dvar": [
                3.86824703217,
                165.776473999,
                771.173706055,
                563.922363281,
                942.504638672,
                686.984680176,
                375.465209961,
                781.883422852,
                378.163879395,
                411.310974121,
                1573.92102051,
                3716.61889648,
                686.204711914,
                2691.44580078,
                5867.27978516,
                4057.25512695,
                2244.23364258,
                3309.27807617,
                5604.71728516,
                1216.37463379,
                919.711486816,
                2594.34277344,
                5659.46826172,
                2117.8840332,
                766.28314209,
                435.182525635,
                398.345245361,
                421.475311279,
                347.76852417,
                1967.56811523,
                890.045776367,
                198.937362671,
                40.9755783081,
                19.8713531494,
                4.98987054825,
                0.645387113094,
                0.0290212929249,
                0.00115069490857,
                2.81386837742e-05,
                1.70663199128e-08
            ],
            "dvar2": [
                7.21444559097,
                387.914276123,
                2111.94775391,
                1602.60253906,
                2681.19799805,
                1824.3170166,
                1045.37719727,
                2007.48388672,
                757.971618652,
                988.508117676,
                3385.73046875,
                9165.62597656,
                1584.00292969,
                5916.20947266,
                12349.4130859,
                9335.06445312,
                5053.22021484,
                6361.90185547,
                15175.0703125,
                2825.52636719,
                2178.08666992,
                6518.97460938,
                15696.9414062,
                5358.15820312,
                1555.60021973,
                921.205566406,
                794.896789551,
                836.971435547,
                736.478820801,
                5035.80322266,
                2167.19189453,
                495.678100586,
                94.153503418,
                42.7097930908,
                10.1625089645,
                1.3712400198,
                0.0674014091492,
                0.00291037466377,
                7.54536958993e-05,
                3.96112582735e-08
            ],
            "max": [
                19.2724132538,
                105.945152283,
                225.121749878,
                217.135192871,
                296.219665527,
                264.60559082,
                249.396179199,
                563.589660645,
                341.89831543,
                335.845031738,
                732.022338867,
                1136.89880371,
                733.99206543,
                1538.02355957,
                2858.96264648,
                1816.29821777,
                1425.83886719,
                2307.79614258,
                839.442138672,
                766.43371582,
                588.814758301,
                484.311096191,
                811.177001953,
                510.004272461,
                338.113647461,
                290.545349121,
                213.583953857,
                225.753448486,
                210.435699463,
                272.567016602,
                180.792251587,
                134.59362793,
                87.9438323975,
                95.2491149902,
                61.1737937927,
                15.3948125839,
                4.52700328827,
                0.528794527054,
                0.0643906891346,
                0.00179295323323
            ],
            "mean": [
                1.47134411335,
                5.16124248505,
                7.37857961655,
                4.75635480881,
                5.01265239716,
                6.43822908401,
                8.37756729126,
                19.4584178925,
                16.0266036987,
                13.3025426865,
                26.3565101624,
                20.4984455109,
                10.4150295258,
                17.2537994385,
                24.5576667786,
                18.1121139526,
                13.6679830551,
                15.2335748672,
                16.8721523285,
                10.8063526154,
                11.0699300766,
                13.8231658936,
                13.0165672302,
                8.00498199463,
                6.51962757111,
                6.15817785263,
                9.41491031647,
                9.72478103638,
                7.41921567917,
                12.8986959457,
                9.67781925201,
                5.80872011185,
                4.17484331131,
                3.13014674187,
                1.45054101944,
                0.411692172289,
                0.083358630538,
                0.014732984826,
                0.00127984734718,
                0.000100487923191
            ],
            "median": [
                0.00338013819419,
                0.0204553399235,
                0.0312009602785,
                0.13161931932,
                0.259177029133,
                1.01947903633,
                2.46550703049,
                2.93378019333,
                2.38154864311,
                3.12947368622,
                4.62216949463,
                1.58332693577,
                0.766602635384,
                0.535478055477,
                0.485310226679,
                0.594581544399,
                0.569332897663,
                0.517529249191,
                0.502172589302,
                0.472335964441,
                0.419930249453,
                0.470514088869,
                0.691975951195,
                0.553406238556,
                0.396857947111,
                0.398554563522,
                1.11612319946,
                1.32984387875,
                0.630959630013,
                0.232495188713,
                0.169563055038,
                0.418511003256,
                0.895540595055,
                0.733217775822,
                0.32336127758,
                0.0759339258075,
                0.0167321693152,
                0.00314088305458,
                0.000232141654124,
                5.69250114495e-05
            ],
            "min": [
                6.45637338753e-22,
                8.0071479114e-21,
                3.21023141177e-20,
                5.43730244309e-20,
                5.71141329598e-20,
                1.87012741048e-19,
                1.36802244556e-19,
                2.27679757545e-19,
                6.71731248373e-19,
                5.06827313189e-19,
                7.52489253468e-19,
                1.58639541309e-18,
                1.17174662582e-18,
                1.77612076371e-18,
                2.83668955891e-18,
                3.14771319154e-18,
                2.8033169571e-18,
                6.8056317985e-18,
                7.38190619739e-18,
                6.18356881681e-18,
                8.98417076034e-18,
                1.07698890939e-17,
                8.72351374161e-18,
                1.57958145075e-17,
                1.56357649852e-17,
                1.47757386849e-17,
                1.39693103795e-17,
                1.44615126225e-17,
                1.52356229813e-17,
                1.34548809663e-17,
                1.71622143091e-17,
                1.63946800361e-17,
                1.14697037445e-17,
                1.34066422745e-17,
                8.29954397301e-18,
                4.69106533088e-18,
                2.89058244377e-18,
                1.10129265452e-18,
                3.44496116505e-19,
                3.31685596208e-20
            ],
            "var": [
                7.00360679626,
                179.660766602,
                523.034606934,
                334.585906982,
                557.11505127,
                483.313140869,
                292.84854126,
                1063.82116699,
                797.742919922,
                588.135192871,
                2764.46435547,
                4793.05078125,
                1128.5144043,
                4085.27832031,
                12105.9560547,
                5476.82861328,
                2942.30249023,
                6304.11523438,
                4580.83398438,
                1519.65942383,
                1195.40905762,
                2266.72290039,
                3646.01977539,
                1619.83496094,
                811.04119873,
                484.260223389,
                543.840270996,
                558.130126953,
                403.034210205,
                1595.60693359,
                784.685974121,
                184.616668701,
                55.8677253723,
                38.5421142578,
                10.6674337387,
                1.04722690582,
                0.0370364449918,
                0.00115208199713,
                2.0218312784e-05,
                2.04815862048e-08
            ]
        },
        "erbbands_crest": {
            "dmean": 3.50680971146,
            "dmean2": 5.51623678207,
            "dvar": 9.76686096191,
            "dvar2": 22.9678916931,
            "max": 31.8460655212,
            "mean": 11.6750411987,
            "median": 10.842581749,
            "min": 2.57882452011,
            "var": 23.9316997528
        },
        "erbbands_flatness_db": {
            "dmean": 0.0353521853685,
            "dmean2": 0.0509912744164,
            "dvar": 0.00139435811434,
            "dvar2": 0.00272258534096,
            "max": 0.534548044205,
            "mean": 0.201695546508,
            "median": 0.191289335489,
            "min": 0.0190936159343,
            "var": 0.00535494508222
        },
        "erbbands_kurtosis": {
            "dmean": 5.32596063614,
            "dmean2": 8.38653373718,
            "dvar": 87.1326599121,
            "dvar2": 202.308288574,
            "max": 150.146881104,
            "mean": 5.33109998703,
            "median": 1.18630695343,
            "min": -1.97995364666,
            "var": 133.191604614
        },
        "erbbands_skewness": {
            "dmean": 1.05694150925,
            "dmean2": 1.54651427269,
            "dvar": 1.55358695984,
            "dvar2": 3.28141283989,
            "max": 10.763753891,
            "mean": 0.82624399662,
            "median": 0.773112952709,
            "min": -7.44047689438,
            "var": 3.41664958
        },
        "erbbands_spread": {
            "dmean": 21.5277805328,
            "dmean2": 33.5615730286,
            "dvar": 705.510498047,
            "dvar2": 1583.40197754,
            "max": 232.679077148,
            "mean": 46.2296485901,
            "median": 35.6478805542,
            "min": 1.13667488098,
            "var": 1471.1484375
        },
        "gfcc": {
            "cov": [
                [
                    19531.8496094,
                    -1480.17211914,
                    -1694.70666504,
                    820.75982666,
                    -1089.78198242,
                    316.137481689,
                    -462.313812256,
                    519.221008301,
                    -877.597900391,
                    230.109817505,
                    -273.21987915,
                    544.332885742,
                    357.618011475
                ],
                [
                    -1480.17211914,
                    5471.66210938,
                    1371.97619629,
                    111.010185242,
                    1648.10949707,
                    -122.310157776,
                    1006.52380371,
                    -22.0530338287,
                    722.559387207,
                    -26.6237487793,
                    429.378845215,
                    -355.396606445,
                    103.312461853
                ],
                [
                    -1694.70666504,
                    1371.97619629,
                    3052.90893555,
                    1014.15185547,
                    593.189453125,
                    722.773132324,
                    426.66885376,
                    294.923370361,
                    681.663696289,
                    29.2381401062,
                    251.518478394,
                    -103.018539429,
                    -144.045639038
                ],
                [
                    820.75982666,
                    111.010185242,
                    1014.15185547,
                    1693.7590332,
                    670.188598633,
                    588.701660156,
                    469.592498779,
                    278.754577637,
                    516.698486328,
                    -10.9714565277,
                    131.755767822,
                    51.200340271,
                    -13.6355161667
                ],
                [
                    -1089.78198242,
                    1648.10949707,
                    593.189453125,
                    670.188598633,
                    1806.89477539,
                    467.46673584,
                    774.837646484,
                    263.026916504,
                    448.008880615,
                    5.68466949463,
                    138.864532471,
                    -82.4246673584,
                    106.983535767
                ],
                [
                    316.137481689,
                    -122.310157776,
                    722.773132324,
                    588.701660156,
                    467.46673584,
                    958.674255371,
                    454.017913818,
                    176.373428345,
                    245.489837646,
                    70.5950546265,
                    95.2269210815,
                    53.0911636353,
                    -51.6387939453
                ],
                [
                    -462.313812256,
                    1006.52380371,
                    426.66885376,
                    469.592498779,
                    774.837646484,
                    454.017913818,
                    940.414306641,
                    155.538314819,
                    315.15335083,
                    60.9556655884,
                    183.938262939,
                    -29.2196960449,
                    24.8281517029
                ],
                [
                    519.221008301,
                    -22.0530338287,
                    294.923370361,
                    278.754577637,
                    263.026916504,
                    176.373428345,
                    155.538314819,
                    442.924530029,
                    154.812133789,
                    88.222442627,
                    41.9732398987,
                    44.4568367004,
                    76.9468917847
                ],
                [
                    -877.597900391,
                    722.559387207,
                    681.663696289,
                    516.698486328,
                    448.008880615,
                    245.489837646,
                    315.15335083,
                    154.812133789,
                    629.774963379,
                    73.0718460083,
                    159.287628174,
                    -3.1209833622,
                    -57.839756012
                ],
                [
                    230.109817505,
                    -26.6237487793,
                    29.2381401062,
                    -10.9714565277,
                    5.68466949463,
                    70.5950546265,
                    60.9556655884,
                    88.222442627,
                    73.0718460083,
                    242.861129761,
                    54.6446533203,
                    27.5240497589,
                    42.918548584
                ],
                [
                    -273.21987915,
                    429.378845215,
                    251.518478394,
                    131.755767822,
                    138.864532471,
                    95.2269210815,
                    183.938262939,
                    41.9732398987,
                    159.287628174,
                    54.6446533203,
                    241.485870361,
                    18.941116333,
                    16.7086982727
                ],
                [
                    544.332885742,
                    -355.396606445,
                    -103.018539429,
                    51.200340271,
                    -82.4246673584,
                    53.0911636353,
                    -29.2196960449,
                    44.4568367004,
                    -3.1209833622,
                    27.5240497589,
                    18.941116333,
                    172.764892578,
                    23.4950847626
                ],
                [
                    357.618011475,
                    103.312461853,
                    -144.045639038,
                    -13.6355161667,
                    106.983535767,
                    -51.6387939453,
                    24.8281517029,
                    76.9468917847,
                    -57.839756012,
                    42.918548584,
                    16.7086982727,
                    23.4950847626,
                    219.542404175
                ]
            ],
            "icov": [
                [
                    9.88259926089e-05,
                    -0.000125952356029,
                    0.000113549212983,
                    -0.000185981451068,
                    0.000148732870002,
                    -0.000157401445904,
                    0.000101129320683,
                    -0.000192441337276,
                    0.000243044167291,
                    -0.000120126758702,
                    0.000137960450957,
                    -0.000254926941125,
                    1.20496188174e-05
                ],
                [
                    -0.000125952356029,
                    0.000700184784364,
                    -0.000379058910767,
                    0.000493525411002,
                    -0.00055275647901,
                    0.000649154302664,
                    -0.000488911697175,
                    0.000558403844479,
                    -0.000630063179415,
                    0.000301038759062,
                    -0.000619593483862,
                    0.000828394433483,
                    -0.000327098619891
                ],
                [
                    0.000113549212983,
                    -0.000379058910767,
                    0.00080116360914,
                    -0.000466038327431,
                    0.000362449063687,
                    -0.000676654162817,
                    0.000423146499088,
                    -0.00056356494315,
                    8.20644418127e-05,
                    -6.65934276185e-05,
                    -9.28007830225e-06,
                    4.33497116319e-05,
                    0.000334723008564
                ],
                [
                    -0.000185981451068,
                    0.000493525411002,
                    -0.000466038327431,
                    0.00150899915025,
                    -0.000524983450305,
                    0.000195755870664,
                    -0.000454981520306,
                    0.000304112094454,
                    -0.00114506890532,
                    0.000754554523155,
                    -0.000325958331814,
                    0.000353649258614,
                    -0.000356834614649
                ],
                [
                    0.000148732870002,
                    -0.00055275647901,
                    0.000362449063687,
                    -0.000524983450305,
                    0.00154231628403,
                    -0.000708779320121,
                    -0.000223632669076,
                    -0.000701315875631,
                    0.000112832254672,
                    0.00012248478015,
                    0.000687310181092,
                    -0.000168986312929,
                    -0.000452591484645
                ],
                [
                    -0.000157401445904,
                    0.000649154302664,
                    -0.000676654162817,
                    0.000195755870664,
                    -0.000708779320121,
                    0.00249122059904,
                    -0.00109501089901,
                    0.000457274727523,
                    -0.0002733352012,
                    -0.000195200991584,
                    -0.000356361299055,
                    -2.73255700449e-05,
                    0.000410221575294
                ],
                [
                    0.000101129320683,
                    -0.000488911697175,
                    0.000423146499088,
                    -0.000454981520306,
                    -0.000223632669076,
                    -0.00109501089901,
                    0.00249503413215,
                    -0.000450407766039,
                    0.000273745332379,
                    -0.000343607418472,
                    -0.000583411485422,
                    -7.76766901254e-05,
                    0.000233838363783
                ],
                [
                    -0.000192441337276,
                    0.000558403844479,
                    -0.00056356494315,
                    0.000304112094454,
                    -0.000701315875631,
                    0.000457274727523,
                    -0.000450407766039,
                    0.00374965416268,
                    -0.000971753848717,
                    -0.000522273185197,
                    -3.24148386426e-05,
                    5.47927775187e-05,
                    -0.001271451707
                ],
                [
                    0.000243044167291,
                    -0.000630063179415,
                    8.20644418127e-05,
                    -0.00114506890532,
                    0.000112832254672,
                    -0.0002733352012,
                    0.000273745332379,
                    -0.000971753848717,
                    0.0040225381963,
                    -0.00125219544861,
                    -0.000449836370535,
                    -0.00112640683074,
                    0.0015330115566
                ],
                [
                    -0.000120126758702,
                    0.000301038759062,
                    -6.65934276185e-05,
                    0.000754554523155,
                    0.00012248478015,
                    -0.000195200991584,
                    -0.000343607418472,
                    -0.000522273185197,
                    -0.00125219544861,
                    0.00540870800614,
                    -0.000995929120108,
                    0.000313325843308,
                    -0.00117149204016
                ],
                [
                    0.000137960450957,
                    -0.000619593483862,
                    -9.28007830225e-06,
                    -0.000325958331814,
                    0.000687310181092,
                    -0.000356361299055,
                    -0.000583411485422,
                    -3.24148386426e-05,
                    -0.000449836370535,
                    -0.000995929120108,
                    0.00647829240188,
                    -0.0017587847542,
                    -0.000529538257979
                ],
                [
                    -0.000254926941125,
                    0.000828394433483,
                    4.33497116319e-05,
                    0.000353649258614,
                    -0.000168986312929,
                    -2.73255700449e-05,
                    -7.76766901254e-05,
                    5.47927775187e-05,
                    -0.00112640683074,
                    0.000313325843308,
                    -0.0017587847542,
                    0.00837277341634,
                    -0.000978858442977
                ],
                [
                    1.20496188174e-05,
                    -0.000327098619891,
                    0.000334723008564,
                    -0.000356834614649,
                    -0.000452591484645,
                    0.000410221575294,
                    0.000233838363783,
                    -0.001271451707,
                    0.0015330115566,
                    -0.00117149204016,
                    -0.000529538257979,
                    -0.000978858442977,
                    0.00640085758641
                ]
            ],
            "mean": [
                -94.090927124,
                58.5944480896,
                -77.0857543945,
                15.3066759109,
                -68.5610656738,
                9.02274513245,
                -40.2273483276,
                12.0162706375,
                -16.5832691193,
                14.410443306,
                -10.4378185272,
                0.524949729443,
                -4.07691335678
            ]
        },
        "hfc": {
            "dmean": 15.3177928925,
            "dmean2": 23.8751850128,
            "dvar": 769.878479004,
            "dvar2": 1792.78076172,
            "max": 274.301513672,
            "mean": 21.8674030304,
            "median": 11.4398488998,
            "min": 1.18288640775e-16,
            "var": 879.620239258
        },
        "melbands": {
            "dmean": [
                0.00566507736221,
                0.00482144486159,
                0.00115630798973,
                0.000556920247618,
                0.000267326890025,
                0.000304882472847,
                0.000166249039466,
                0.000119234995509,
                0.000148320177686,
                0.000100659461168,
                3.94983107981e-05,
                5.66914859519e-05,
                7.40213145036e-05,
                5.01893664477e-05,
                4.13621419284e-05,
                2.29734323511e-05,
                2.80661079159e-05,
                3.24225184158e-05,
                1.8720400476e-05,
                9.84982307273e-06,
                1.34382826218e-05,
                1.50719961312e-05,
                1.49543920998e-05,
                1.4957609892e-05,
                7.15270425644e-06,
                5.16795125804e-06,
