{
    "lowlevel": {
        "average_loudness": 0.877813458443,
        "barkbands": {
            "dmean": [
                0.000286489608698,
                0.0107021490112,
                0.00304216938093,
                0.0011511532357,
                0.00128653098363,
                0.000521842157468,
                0.000306951493258,
                0.000626980443485,
                0.000909360358492,
                0.000667119689751,
                0.000600070343353,
                0.000514402985573,
                0.000845011381898,
                0.000630726455711,
                0.00055846356554,
                0.0003792969801,
                0.000209711201023,
                0.000272503530141,
                0.000242731373874,
                0.000183020209079,
                0.000123586127302,
                0.000171009771293,
                0.000121537916129,
                0.000115380338684,
                9.70407636487e-05,
                3.22615742334e-05,
                9.94675247057e-06
            ],
            "dmean2": [
                0.000447038240964,
                0.0172413866967,
                0.00500047346577,
                0.001922264928,
                0.00217114761472,
                0.00085768068675,
                0.000477488996694,
                0.000965865561739,
                0.00144301576074,
                0.00103535910603,
                0.000896343553904,
                0.000812601123471,
                0.00130469084252,
                0.000983058125712,
                0.000909652269911,
                0.00062719732523,
                0.000342574436218,
                0.000429391307989,
                0.000388387212297,
                0.000289273622911,
                0.000194557782379,
                0.000282261695247,
                0.000190116610611,
                0.000177132809767,
                0.000153555578436,
                5.20322828379e-05,
                1.65048004419e-05
            ],
            "dvar": [
                3.2875971101e-07,
                0.000197596848011,
                4.42995842604e-05,
                9.00390477909e-06,
                8.55313373904e-06,
                1.1426261608e-06,
                4.79522839214e-07,
                3.19595187648e-06,
                4.13361931351e-06,
                2.5852800718e-06,
                1.96526843865e-06,
                1.33046364681e-06,
                3.34764422405e-06,
                2.08381993616e-06,
                1.47270372963e-06,
                6.91326704327e-07,
                2.08044397709e-07,
                3.55346088554e-07,
                2.88570021212e-07,
                1.04406652213e-07,
                6.80133211972e-08,
                1.45490972159e-07,
                6.39061426e-08,
                6.52257838851e-08,
                5.95949671833e-08,
                4.72216798997e-09,
                5.52764389816e-10
            ],
            "dvar2": [
                8.02214287887e-07,
                0.000505756528582,
                0.000114640497486,
                2.26304928219e-05,
                2.29043853324e-05,
                3.04111199512e-06,
                1.08651340724e-06,
                6.91996228852e-06,
                1.00548559203e-05,
                6.16089482719e-06,
                3.79764173886e-06,
                3.20155709232e-06,
                7.39331335353e-06,
                4.61295439891e-06,
                3.59935984307e-06,
                1.75504987965e-06,
                5.46119451883e-07,
                8.69231712386e-07,
                7.03525756762e-07,
                2.55231697111e-07,
                1.58134525918e-07,
                3.76375794531e-07,
                1.5466262937e-07,
                1.44635180277e-07,
                1.34880124847e-07,
                1.01798764973e-08,
                1.24768229082e-09
            ],
            "max": [
                0.0274203307927,
                0.134384453297,
                0.0758339613676,
                0.0328611023724,
                0.0382965728641,
                0.0199085120112,
                0.0230521988124,
                0.0576816946268,
                0.0474420599639,
                0.0425002723932,
                0.0473109707236,
                0.0304874759167,
                0.0482400357723,
                0.0396066531539,
                0.0237856078893,
                0.0139534110203,
                0.0182481240481,
                0.0166727174073,
                0.0174529850483,
                0.0073440275155,
                0.0111462296918,
                0.00610775733367,
                0.00511440029368,
                0.00833695288748,
                0.0106392959133,
                0.00162978156004,
                0.000464976008516
            ],
            "mean": [
                0.00043949089013,
                0.0158458165824,
                0.00344120175578,
                0.00102879945189,
                0.00152897462249,
                0.000768273836002,
                0.000475421344163,
                0.00103244034108,
                0.00142805010546,
                0.00108184432611,
                0.00111507636029,
                0.000798915571067,
                0.00139198813122,
                0.000994589412585,
                0.00082140165614,
                0.000539514236152,
                0.000375733186956,
                0.000501089147292,
                0.000467199948616,
                0.000374165101675,
                0.000235767627601,
                0.000277013663435,
                0.000222447080887,
                0.000224667004659,
                0.000176168861799,
                7.46345322113e-05,
                2.47497737291e-05
            ],
            "median": [
                0.000224785675528,
                0.0100318491459,
                0.00113586965017,
                0.000250605808105,
                0.000681538425852,
                0.000314205302857,
                0.000192728432012,
                0.000157707370818,
                0.000329214555677,
                0.000287987699267,
                0.000281684275251,
                0.000232913123909,
                0.000354055577191,
                0.000272558041615,
                0.000274025573162,
                0.000189374797628,
                0.00018291050219,
                0.000242899463046,
                0.000188013989828,
                0.000203417352168,
                0.000141947093653,
                0.000154375695274,
                0.000133742752951,
                0.00012141658226,
                8.96268320503e-05,
                4.24965146522e-05,
                1.15169214041e-05
            ],
            "min": [
                6.95827935427e-24,
                2.36593064324e-23,
                2.92646001929e-23,
                2.94776462799e-23,
                9.23813044217e-23,
                2.62161450435e-23,
                4.70199595924e-24,
                2.42552514032e-23,
                1.90369917355e-23,
                8.38486314611e-23,
                1.78971555695e-23,
                9.14197271544e-23,
                9.28311002881e-23,
                3.90806709602e-23,
                1.55842501052e-22,
                2.27923221074e-22,
                1.43325701867e-22,
                2.39711125404e-22,
                3.87860667531e-22,
                2.42872476016e-22,
                5.14697384187e-22,
                6.06585669475e-22,
                6.22215414766e-22,
                6.38941790312e-22,
                1.26344245308e-21,
                2.06085708438e-21,
                2.24355959244e-21
            ],
            "var": [
                5.5374761132e-07,
                0.000317029247526,
                4.36919581261e-05,
                7.23365110389e-06,
                7.42474594517e-06,
                1.73770717993e-06,
                9.21325067793e-07,
                9.37778168009e-06,
                9.88735700957e-06,
                5.65784057471e-06,
                8.75189743965e-06,
                2.67483369498e-06,
                8.37887819216e-06,
                5.02704915561e-06,
                2.78987909041e-06,
                1.10279233922e-06,
                5.25697316789e-07,
                6.78932735809e-07,
                6.83696669057e-07,
                2.56405883192e-07,
                1.11708295947e-07,
                1.75371681621e-07,
                9.19813771816e-08,
                1.35999911777e-07,
                1.16120396854e-07,
                1.24168089144e-08,
                1.47109491255e-09
            ]
        },
        "barkbands_crest": {
            "dmean": 3.68774271011,
            "dmean2": 5.80794620514,
            "dvar": 10.5799598694,
            "dvar2": 24.5215682983,
            "max": 26.2763252258,
            "mean": 12.7812538147,
            "median": 11.9768571854,
            "min": 2.53155660629,
            "var": 31.8032722473
        },
        "barkbands_flatness_db": {
            "dmean": 0.0292456150055,
            "dmean2": 0.0433000549674,
            "dvar": 0.000727436854504,
            "dvar2": 0.00158806471154,
            "max": 0.455921620131,
            "mean": 0.12820096314,
            "median": 0.114086546004,
            "min": 0.0215874426067,
            "var": 0.00370584893972
        },
        "barkbands_kurtosis": {
            "dmean": 4.8345117569,
            "dmean2": 7.56951713562,
            "dvar": 139.347961426,
            "dvar2": 334.44418335,
            "max": 288.301971436,
            "mean": 5.68563461304,
            "median": 1.34449625015,
            "min": -1.9636785984,
            "var": 220.059814453
        },
        "barkbands_skewness": {
            "dmean": 0.782031595707,
            "dmean2": 1.17512965202,
            "dvar": 0.808211505413,
            "dvar2": 1.82330548763,
            "max": 15.5397253036,
            "mean": 1.62955260277,
            "median": 1.33313369751,
            "min": -8.46397209167,
            "var": 2.97569847107
        },
        "barkbands_spread": {
            "dmean": 7.7393488884,
            "dmean2": 11.8321285248,
            "dvar": 74.6831817627,
            "dvar2": 166.742965698,
            "max": 117.659622192,
            "mean": 27.2930850983,
            "median": 26.1761283875,
            "min": 0.419468253851,
            "var": 232.493087769
        },
        "dissonance": {
            "dmean": 0.0173838548362,
            "dmean2": 0.0294809956104,
            "dvar": 0.000353820709279,
            "dvar2": 0.00097269192338,
            "max": 0.500000059605,
            "mean": 0.470752358437,
            "median": 0.477611064911,
            "min": 0.216149240732,
            "var": 0.000684514816385
        },
        "dynamic_complexity": 2.98226666451,
        "erbbands": {
            "dmean": [
                0.323485255241,
                2.4284889698,
                3.6009824276,
                3.52716588974,
                3.71085166931,
                4.85997962952,
                5.22301006317,
                4.00068378448,
                3.9062731266,
                8.29481220245,
                14.0161437988,
                23.0725402832,
                18.3946666718,
                18.3527984619,
                25.3290710449,
                22.1517105103,
                39.5399742126,
                30.4184417725,
                26.223772049,
                31.2022247314,
                12.8914642334,
                9.57095241547,
                12.7576065063,
                15.1343574524,
                9.73830986023,
                9.36953449249,
                5.45349359512,
                4.92126607895,
                5.8554558754,
                4.97624015808,
                3.44302845001,
                2.73341727257,
                1.8525043726,
                1.50357830524,
                0.47733181715,
                0.156764432788,
                0.0675144270062,
                0.0129623748362,
                0.00180655438453,
                9.35947755352e-05
            ],
            "dmean2": [
                0.496512800455,
                3.97258734703,
                5.89637899399,
                5.5125579834,
                6.25394582748,
                8.48159694672,
                8.85010433197,
                6.57003116608,
                6.05392408371,
                12.4760293961,
                22.1685428619,
                36.4951477051,
                28.7394771576,
                27.7897663116,
                37.591999054,
                34.6467208862,
                61.1308021545,
                46.650390625,
                40.9404067993,
                52.3588638306,
                20.5213031769,
                15.2019634247,
                20.0483512878,
                23.9289588928,
                15.318151474,
                14.835641861,
                8.66103744507,
                7.73411369324,
                9.61710548401,
                8.12769126892,
                5.43134307861,
                4.1798324585,
                2.90188694,
                2.4324889183,
                0.738200366497,
                0.248870134354,
                0.109599657357,
                0.0214687082916,
                0.00297281797975,
                0.000153775094077
            ],
            "dvar": [
                0.163222774863,
                11.5150556564,
                47.5150604248,
                78.3838729858,
                80.5729980469,
                150.561904907,
                157.05632019,
                69.6942749023,
                66.7742614746,
                642.478088379,
                1385.2520752,
                3038.73046875,
                2125.89111328,
                2113.11938477,
                3333.54882813,
                2418.86572266,
                7461.375,
                4974.06982422,
                3592.60009766,
                5586.03369141,
                705.447509766,
                487.739349365,
                867.252075195,
                1165.34777832,
                488.969360352,
                294.042449951,
                148.467895508,
                90.5558242798,
                155.702819824,
                134.501617432,
                51.3350028992,
                33.6272621155,
                18.062538147,
                14.0084924698,
                1.54263043404,
                0.141927674413,
                0.0192527566105,
                0.000831934798043,
                1.78630252776e-05,
                4.44861605331e-08
            ],
            "dvar2": [
                0.363184660673,
                30.3528404236,
                121.451591492,
                187.821060181,
                211.200195313,
                425.500030518,
                423.721740723,
                184.338623047,
                151.624664307,
                1284.40002441,
                3316.91845703,
                7404.13818359,
                5324.15771484,
                4561.79833984,
                6467.53955078,
                5832.52490234,
                16788.7714844,
                10884.5595703,
                8643.45898438,
                14849.0380859,
                1698.45739746,
                1272.14819336,
                2150.01416016,
                2730.96728516,
                1231.90283203,
                726.653503418,
                364.447845459,
                197.034561157,
                397.261444092,
                344.359832764,
                126.227973938,
                74.2026824951,
                40.3369255066,
                33.7207946777,
                3.26961755753,
                0.306882053614,
                0.0431158207357,
                0.001911307103,
                3.96494215238e-05,
                1.00436508887e-07
            ],
            "max": [
                4.66659975052,
                35.4194068909,
                82.1238098145,
                90.746673584,
                100.298034668,
                160.289627075,
                352.440948486,
                191.785583496,
                300.041015625,
                814.754699707,
                1459.96887207,
                1466.74279785,
                1503.33728027,
                1528.56933594,
                1974.35595703,
                1236.83129883,
                2164.0402832,
                2189.59204102,
                1493.30749512,
                1082.45300293,
                803.420410156,
                1204.77661133,
                1144.3145752,
                908.745544434,
                855.667419434,
                381.91293335,
                617.358520508,
                173.290603638,
                235.607589722,
                232.149505615,
                134.809448242,
                157.118560791,
                173.663864136,
                169.732131958,
                54.8223228455,
                9.76006031036,
                3.0377202034,
                0.527842581272,
                0.101648434997,
                0.00381780788302
            ],
            "mean": [
                0.483081758022,
                3.39616918564,
                4.73440504074,
                3.63861680031,
                3.79579257965,
                5.3140130043,
                6.75476884842,
                5.97459077835,
                6.37732410431,
                13.5769901276,
                23.7445659637,
                37.40675354,
                31.3715667725,
                31.6767501831,
                51.4037132263,
                39.9437599182,
                67.5845413208,
                51.5162620544,
                45.9127311707,
                43.1015205383,
                22.8388404846,
                18.9473781586,
                25.6617927551,
                28.6435489655,
                20.8724822998,
                19.1198635101,
                10.4209508896,
                9.58218383789,
                9.70782184601,
                7.89736843109,
                6.39144420624,
                5.32308244705,
                3.40766811371,
                2.43415760994,
                0.962049603462,
                0.360691636801,
                0.141255572438,
                0.0302352719009,
                0.00450991047546,
                0.000251405523159
            ],
            "median": [
                0.290087461472,
                2.09662008286,
                2.03615140915,
                1.10400629044,
                1.52108943462,
                2.170378685,
                2.44045114517,
                2.64577198029,
                2.93463563919,
                3.60919475555,
                5.25644779205,
                9.42825698853,
                9.65436840057,
                11.3425788879,
                16.4334964752,
                15.5756177902,
                20.3297538757,
                18.6637744904,
                17.1365242004,
                14.0744485855,
                10.136051178,
                9.86895275116,
                14.2623767853,
                12.233297348,
                9.30330848694,
                10.1260890961,
                6.54340267181,
                5.7632894516,
                5.43082380295,
                4.354388237,
                3.88256549835,
                2.94706130028,
                1.77322375774,
                1.12766766548,
                0.528247237206,
                0.210954070091,
                0.0725768953562,
                0.0154598383233,
                0.00209693075158,
                0.000143774348544
            ],
            "min": [
                4.96140649392e-22,
                6.38816400556e-21,
                3.47950099626e-20,
                5.24820766259e-20,
                3.44290794767e-19,
                1.9836280935e-19,
                2.21025942547e-19,
                1.3251479942e-19,
                1.0145092332e-19,
                1.43772753406e-19,
                6.15705426605e-19,
                4.97023310075e-19,
                1.25510875058e-18,
                2.713611908e-18,
                1.39595848035e-18,
                3.72177012601e-18,
                4.18194269489e-18,
                2.32826692451e-18,
                3.51712936477e-18,
                1.18775269475e-17,
                1.27582451708e-17,
                9.21494422507e-18,
                1.32571757009e-17,
                1.54968069141e-17,
                1.92912696723e-17,
                1.1540616284e-17,
                2.10991142601e-17,
                1.81078538028e-17,
                1.64305846378e-17,
                2.32423127574e-17,
                1.84744569416e-17,
                1.31082831907e-17,
                1.13515922791e-17,
                1.42110737659e-17,
                8.3575955084e-18,
                6.25056506975e-18,
                3.72156953471e-18,
                1.61714533537e-18,
                3.22782496179e-19,
                3.18797766835e-20
            ],
            "var": [
                0.328009694815,
                16.4578113556,
                56.7238426208,
                73.2262573242,
                63.5383491516,
                112.502410889,
                194.86328125,
                97.7723236084,
                123.052604675,
                1758.41784668,
                4072.73486328,
                7307.15576172,
                5111.32421875,
                4548.453125,
                17267.4472656,
                5392.44921875,
                18319.7167969,
                12362.5791016,
                8005.02636719,
                7487.31640625,
                1698.25183105,
                1259.26257324,
                1616.57861328,
                2381.41186523,
                1362.10107422,
                712.557800293,
                213.719268799,
                173.704330444,
                205.433242798,
                155.8802948,
                74.2413024902,
                69.9771652222,
                34.2692260742,
                22.2025737762,
                3.65908956528,
                0.385633111,
                0.0467477552593,
                0.00202768645249,
                4.7959107178e-05,
                1.07468466126e-07
            ]
        },
        "erbbands_crest": {
            "dmean": 2.88506579399,
            "dmean2": 4.69644117355,
            "dvar": 7.42374420166,
            "dvar2": 18.4990825653,
            "max": 30.5477199554,
            "mean": 9.42905139923,
            "median": 8.36229991913,
            "min": 2.1348426342,
            "var": 21.8820705414
        },
        "erbbands_flatness_db": {
            "dmean": 0.0161699596792,
            "dmean2": 0.0241691377014,
            "dvar": 0.000271646684268,
            "dvar2": 0.000569669238757,
            "max": 0.403915375471,
            "mean": 0.137473702431,
            "median": 0.124569289386,
            "min": 0.041055098176,
            "var": 0.00339007424191
        },
        "erbbands_kurtosis": {
            "dmean": 0.986983180046,
            "dmean2": 1.52882349491,
            "dvar": 2.04466176033,
            "dvar2": 4.3273806572,
            "max": 47.0578804016,
            "mean": 0.835124015808,
            "median": 0.187466204166,
            "min": -1.86850738525,
            "var": 5.48768854141
        },
        "erbbands_skewness": {
            "dmean": 0.354079335928,
            "dmean2": 0.537461876869,
            "dvar": 0.117718555033,
            "dvar2": 0.249829098582,
            "max": 4.21114969254,
            "mean": 0.120214372873,
            "median": 0.06465741992,
            "min": -6.02559566498,
            "var": 0.623596906662
        },
        "erbbands_spread": {
            "dmean": 8.85243988037,
            "dmean2": 13.5378332138,
            "dvar": 96.5777359009,
            "dvar2": 226.451660156,
            "max": 148.153594971,
            "mean": 38.7985420227,
            "median": 34.4667701721,
            "min": 3.01726341248,
            "var": 422.863616943
        },
        "gfcc": {
            "cov": [
                [
                    8546.76464844,
                    1723.81213379,
                    753.700805664,
                    81.0563201904,
                    36.0577163696,
                    -68.1055908203,
                    128.608810425,
                    133.619796753,
                    25.2588615417,
                    39.1654129028,
                    -130.438079834,
                    -134.453186035,
                    -182.751403809
                ],
                [
                    1723.81213379,
                    3152.0690918,
                    929.311706543,
                    272.577728271,
                    89.9333648682,
                    -167.565872192,
                    150.104034424,
                    32.9093818665,
                    54.319606781,
                    -68.727897644,
                    29.5322628021,
                    -56.6214370728,
                    -11.5778694153
                ],
                [
                    753.700805664,
                    929.311706543,
                    1285.88574219,
                    556.175598145,
                    271.736572266,
                    27.5546302795,
                    72.8626327515,
                    111.879112244,
                    121.318977356,
                    99.5035629272,
                    -38.1578865051,
                    14.913187027,
                    1.58288443089
                ],
                [
                    81.0563201904,
                    272.577728271,
                    556.175598145,
                    664.725463867,
                    269.32824707,
                    151.996704102,
                    90.6156692505,
                    104.363059998,
                    132.062911987,
                    76.6229476929,
                    -2.76440834999,
                    18.1561050415,
                    67.3952865601
                ],
                [
                    36.0577163696,
                    89.9333648682,
                    271.736572266,
                    269.32824707,
                    403.635223389,
                    161.645431519,
                    121.903076172,
                    107.140792847,
                    114.543952942,
                    84.2830734253,
                    20.9499664307,
                    31.0573425293,
                    46.457611084
                ],
                [
                    -68.1055908203,
                    -167.565872192,
                    27.5546302795,
                    151.996704102,
                    161.645431519,
                    310.063171387,
                    179.484863281,
                    35.0221595764,
                    44.4177474976,
                    42.2932548523,
                    32.7800788879,
                    31.5345039368,
                    15.0847291946
                ],
                [
                    128.608810425,
                    150.104034424,
                    72.8626327515,
                    90.6156692505,
                    121.903076172,
                    179.484863281,
                    302.553924561,
                    66.2927322388,
                    32.6494369507,
                    41.0408744812,
                    43.9320411682,
                    24.809047699,
                    -14.2263765335
                ],
                [
                    133.619796753,
                    32.9093818665,
                    111.879112244,
                    104.363059998,
                    107.140792847,
                    35.0221595764,
                    66.2927322388,
                    173.799301147,
                    98.9081420898,
                    45.3200759888,
                    4.68624544144,
                    2.69165921211,
                    21.1711597443
                ],
                [
                    25.2588615417,
                    54.319606781,
                    121.318977356,
                    132.062911987,
                    114.543952942,
                    44.4177474976,
                    32.6494369507,
                    98.9081420898,
                    151.398971558,
                    62.2913589478,
                    -5.2003364563,
                    6.98523712158,
                    27.8589420319
                ],
                [
                    39.1654129028,
                    -68.727897644,
                    99.5035629272,
                    76.6229476929,
                    84.2830734253,
                    42.2932548523,
                    41.0408744812,
                    45.3200759888,
                    62.2913589478,
                    108.085227966,
                    33.4930267334,
                    13.3817892075,
                    9.00327205658
                ],
                [
                    -130.438079834,
                    29.5322628021,
                    -38.1578865051,
                    -2.76440834999,
                    20.9499664307,
                    32.7800788879,
                    43.9320411682,
                    4.68624544144,
                    -5.2003364563,
                    33.4930267334,
                    102.79108429,
                    33.8517379761,
                    8.04051876068
                ],
                [
                    -134.453186035,
                    -56.6214370728,
                    14.913187027,
                    18.1561050415,
                    31.0573425293,
                    31.5345039368,
                    24.809047699,
                    2.69165921211,
                    6.98523712158,
                    13.3817892075,
                    33.8517379761,
                    84.7908782959,
                    33.1271095276
                ],
                [
                    -182.751403809,
                    -11.5778694153,
                    1.58288443089,
                    67.3952865601,
                    46.457611084,
                    15.0847291946,
                    -14.2263765335,
                    21.1711597443,
                    27.8589420319,
                    9.00327205658,
                    8.04051876068,
                    33.1271095276,
                    90.2967681885
                ]
            ],
            "icov": [
                [
                    0.00015042918676,
                    -0.000102967918792,
                    -8.22255572075e-07,
                    2.85655423795e-05,
                    2.32586171478e-05,
                    -9.17308279895e-05,
                    5.65608861507e-05,
                    -0.000213208069908,
                    0.000205231452128,
                    -0.000292274926323,
                    0.000324654916767,
                    -3.0252875149e-05,
                    0.000280215172097
                ],
                [
                    -0.000102967918792,
                    0.000680852681398,
                    -0.000578718958423,
                    0.000112969071779,
                    -5.96040881646e-05,
                    0.000741075666156,
                    -0.000783475115895,
                    0.000641388469376,
                    -0.000883894448634,
                    0.00154864799697,
                    -0.0012548386585,
                    0.000914294854738,
                    -0.000667620624881
                ],
                [
                    -8.22255572075e-07,
                    -0.000578718958423,
                    0.0020492982585,
                    -0.00141793920193,
                    -0.000398886040784,
                    0.000212294748053,
                    0.000503272516653,
                    -0.000615266442765,
                    0.00100610975642,
                    -0.00204015756026,
                    0.00184478238225,
                    -0.00165763241239,
                    0.00167670508381
                ],
                [
                    2.85655423795e-05,
                    0.000112969071779,
                    -0.00141793920193,
                    0.00345580419526,
                    -0.000598639599048,
                    -0.00109822605737,
                    6.86585690346e-06,
                    0.000148507795529,
                    -0.00116880889982,
                    0.000588976079598,
                    -0.000472609855933,
                    0.00128369149752,
                    -0.00215142406523
                ],
                [
                    2.32586171478e-05,
                    -5.96040881646e-05,
                    -0.000398886040784,
                    -0.000598639599048,
                    0.00475842412561,
                    -0.00155263440683,
                    -0.000271278026048,
                    -0.000947107910179,
                    -0.000883658882231,
                    -0.00126111856662,
                    8.54355748743e-05,
                    -0.000213827050175,
                    -0.00104705884587
                ],
                [
                    -9.17308279895e-05,
                    0.000741075666156,
                    0.000212294748053,
                    -0.00109822605737,
                    -0.00155263440683,
                    0.0071783112362,
                    -0.00401923293248,
                    0.00199342262931,
                    -0.0013377063442,
                    0.00132248178124,
                    -0.00111454876605,
                    6.99951706338e-05,
                    -0.000421219883719
                ],
                [
                    5.65608861507e-05,
                    -0.000783475115895,
                    0.000503272516653,
                    6.86585690346e-06,
                    -0.000271278026048,
                    -0.00401923293248,
                    0.00698375282809,
                    -0.00284357508644,
                    0.00188591005281,
                    -0.00176410016138,
                    3.50870650436e-05,
                    -0.00189200870227,
                    0.00286313006654
                ],
                [
                    -0.000213208069908,
                    0.000641388469376,
                    -0.000615266442765,
                    0.000148507795529,
                    -0.000947107910179,
                    0.00199342262931,
                    -0.00284357508644,
                    0.0110554136336,
                    -0.00682864477858,
                    0.00177050579805,
                    -0.00185392959975,
                    0.00205550901592,
                    -0.00199387641624
                ],
                [
                    0.000205231452128,
                    -0.000883894448634,
                    0.00100610975642,
                    -0.00116880889982,
                    -0.000883658882231,
                    -0.0013377063442,
                    0.00188591005281,
                    -0.00682864477858,
                    0.0156377200037,
                    -0.00766061106697,
                    0.0048093595542,
                    -0.00164511369076,
                    -0.000152471155161
                ],
                [
                    -0.000292274926323,
                    0.00154864799697,
                    -0.00204015756026,
                    0.000588976079598,
                    -0.00126111856662,
                    0.00132248178124,
                    -0.00176410016138,
                    0.00177050579805,
                    -0.00766061106697,
                    0.0189616680145,
                    -0.00838428083807,
                    0.00251878914423,
                    -0.000766543496866
                ],
                [
                    0.000324654916767,
                    -0.0012548386585,
                    0.00184478238225,
                    -0.000472609855933,
                    8.54355748743e-05,
                    -0.00111454876605,
                    3.50870650436e-05,
                    -0.00185392959975,
                    0.0048093595542,
                    -0.00838428083807,
                    0.0165464188904,
                    -0.00643353257328,
                    0.00163806241471
                ],
                [
                    -3.0252875149e-05,
                    0.000914294854738,
                    -0.00165763241239,
                    0.00128369149752,
                    -0.000213827050175,
                    6.99951706338e-05,
                    -0.00189200870227,
                    0.00205550901592,
                    -0.00164511369076,
                    0.00251878914423,
                    -0.00643353257328,
                    0.018097512424,
                    -0.00736488727853
                ],
                [
                    0.000280215172097,
                    -0.000667620624881,
                    0.00167670508381,
                    -0.00215142406523,
                    -0.00104705884587,
                    -0.000421219883719,
                    0.00286313006654,
                    -0.00199387641624,
                    -0.000152471155161,
                    -0.000766543496866,
                    0.00163806241471,
                    -0.00736488727853,
                    0.0173397120088
                ]
            ],
            "mean": [
                21.204782486,
                46.9379997253,
                -110.152641296,
                31.0570411682,
                -42.5986404419,
                28.3860702515,
                -24.9963054657,
                12.4850215912,
                -19.6289024353,
                5.61902093887,
                -10.1287174225,
                1.88353312016,
                -10.719461441
            ]
        },
        "hfc": {
            "dmean": 8.45279788971,
            "dmean2": 12.6961650848,
            "dvar": 172.742095947,
            "dvar2": 409.104217529,
            "max": 178.425735474,
            "mean": 28.0466346741,
            "median": 22.4325218201,
            "min": 1.16912768101e-16,
            "var": 506.8253479
        },
        "melbands": {
            "dmean": [
                0.00295347999781,
                0.00221379264258,
                0.000581658619922,
                0.00028381193988,
                0.000196517634322,
                9.07444773475e-05,
                5.92132273596e-05,
                0.000101203106169,
                0.000125996870338,
                0.000140702759381,
                9.26009743125e-05,
                7.6921627624e-05,
                8.475791401e-05,
                6.20969440206e-05,
                8.25902097858e-05,
                7.44558492443e-05,
                6.27697590971e-05,
                4.58573995274e-05,
                4.02928453695e-05,
                3.88906883018e-05,
                1.33387457026e-05,
                1.02397716546e-05,
                1.34108840939e-05,
                1.4052275219e-05,
                1.35418722493e-05,
                8.19664910523e-06,
                6.58717181068e-06,
                6.55735539112e-06,
                3.97787061956e-06,
