{
    "lowlevel": {
        "average_loudness": 0.950501799583,
        "barkbands": {
            "dmean": [
                0.000243298956775,
                0.00536573445424,
                0.00469971308485,
                0.00225859275088,
                0.00119193864521,
                0.000759008049499,
                0.000899082049727,
                0.000533189799171,
                0.000620067294221,
                0.00129772059154,
                0.00071524863597,
                0.000661574536934,
                0.000911507348064,
                0.000358721881639,
                0.000385384541005,
                0.000294473546091,
                0.000250071374467,
                0.000213357590837,
                0.000208914469113,
                0.000111796580313,
                8.20237692096e-05,
                8.0622616224e-05,
                6.89497755957e-05,
                8.0708268797e-05,
                6.13738302491e-05,
                2.23416609515e-05,
                1.61956108968e-06
            ],
            "dmean2": [
                0.000367305241525,
                0.00871945172548,
                0.00785702187568,
                0.00402211211622,
                0.00203517102636,
                0.00115858449135,
                0.00143529183697,
                0.000828081392683,
                0.000977285089903,
                0.00196348060854,
                0.00108681234997,
                0.00100840174127,
                0.00133452855516,
                0.000533861923032,
                0.000600100436714,
                0.000450277904747,
                0.000388609798392,
                0.000335963180987,
                0.000332098861691,
                0.000170853934833,
                0.00012849959603,
                0.000127454899484,
                0.000100077333627,
                0.000124232785311,
                8.72785094543e-05,
                3.25309083564e-05,
                2.2768144845e-06
            ],
            "dvar": [
                2.85000083977e-07,
                0.000108033542347,
                0.000202703144168,
                4.50355000794e-05,
                8.53321944305e-06,
                1.77828758297e-06,
                4.72731426271e-06,
                2.00144791052e-06,
                2.28305702876e-06,
                8.78218907019e-06,
                3.63350932275e-06,
                4.90067213832e-06,
                6.11578798271e-06,
                1.43190345625e-06,
                1.51379413182e-06,
                6.7427401973e-07,
                4.58410795545e-07,
                2.01474875894e-07,
                1.62503127399e-07,
                4.35000409027e-08,
                2.28028600446e-08,
                2.58045869117e-08,
                2.7812077974e-08,
                1.12889090076e-07,
                4.42867111872e-08,
                2.57929144709e-09,
                1.66175562893e-11
            ],
            "dvar2": [
                6.66463790822e-07,
                0.000231436773902,
                0.000537024636287,
                0.000130519940285,
                2.42300593527e-05,
                4.29577858085e-06,
                1.1881550563e-05,
                4.53634174846e-06,
                5.34113087269e-06,
                1.7566324459e-05,
                6.89471289661e-06,
                1.05761291707e-05,
                1.24924381453e-05,
                2.86037925434e-06,
                3.68719565813e-06,
                1.57796739586e-06,
                9.60951979323e-07,
                4.23136185645e-07,
                3.56016045089e-07,
                9.62651398595e-08,
                5.24340073582e-08,
                6.45529638632e-08,
                6.0120605383e-08,
                2.86905134317e-07,
                1.00535508807e-07,
                5.37658495503e-09,
                3.02741547109e-11
            ],
            "max": [
                0.0059714964591,
                0.11587330699,
                0.137286245823,
                0.07683634758,
                0.0357843488455,
                0.0253001805395,
                0.0419210381806,
                0.0383492521942,
                0.033914797008,
                0.071680366993,
                0.052253253758,
                0.0723220482469,
                0.061411216855,
                0.0318909846246,
                0.0379747226834,
                0.0181180387735,
                0.01270835381,
                0.012920614332,
                0.0131493257359,
                0.00373109267093,
                0.00194019859191,
                0.00173738400918,
                0.00414071697742,
                0.0111777763814,
                0.00543554173782,
                0.00096545292763,
                5.66394010093e-05
            ],
            "mean": [
                0.000303269276628,
                0.0144672319293,
                0.0054217716679,
                0.00254153041169,
                0.00155272823758,
                0.00147462356836,
                0.00133011245634,
                0.00084833195433,
                0.00101474102121,
                0.00249813287519,
                0.00131109321956,
                0.00115837168414,
                0.00174094852991,
                0.000681616074871,
                0.000677887641359,
                0.000451385829365,
                0.000381989550078,
                0.000381226534955,
                0.000369200453861,
                0.000197390603716,
                0.000126014259877,
                9.47837834246e-05,
                9.63110869634e-05,
                0.000112811743747,
                8.66686095833e-05,
                3.07027185045e-05,
                2.33415084949e-06
            ],
            "median": [
                8.06988973636e-05,
                0.00923827383667,
                0.00175100902561,
                0.0006436961703,
                0.000682565500028,
                0.000763145741075,
                0.000382976257242,
                0.000229497381952,
                0.00037422135938,
                0.00061402056599,
                0.000235683444771,
                0.000206175231142,
                0.000314143719152,
                9.43169216043e-05,
                0.000141655502375,
                0.000135074733407,
                8.78902501427e-05,
                0.000134251895361,
                0.000180799630471,
                9.53768612817e-05,
                4.7486180847e-05,
                2.49661861744e-05,
                2.64002483163e-05,
                3.17447083944e-05,
                2.0078068701e-05,
                7.43625560062e-06,
                4.79524942421e-07
            ],
            "min": [
                9.53277346126e-24,
                2.76623542747e-23,
                1.46455592706e-23,
                1.72331618792e-23,
                6.3788252051e-23,
                4.48063433171e-23,
                6.46355328394e-23,
                1.28717566158e-23,
                8.55652054127e-23,
                7.63639823013e-23,
                3.94833844523e-23,
                4.50862690316e-23,
                4.98795709075e-23,
                1.08507034963e-22,
                2.27232002216e-22,
                1.5006522457e-22,
                1.66970362308e-22,
                1.76529917597e-22,
                2.28399011485e-22,
                2.86659330209e-22,
                2.91222959965e-22,
                4.0149650062e-22,
                7.34927709443e-22,
                6.32839717707e-22,
                1.16944961311e-21,
                1.68935979016e-21,
                2.21613439499e-21
            ],
            "var": [
                3.88936427953e-07,
                0.000332969793817,
                0.000163220873219,
                3.44089239661e-05,
                7.33724664315e-06,
                4.04934053222e-06,
                6.84835185893e-06,
                4.2779352043e-06,
                4.8340534704e-06,
                3.48586472683e-05,
                1.46745660459e-05,
                1.61964635481e-05,
                1.75581080839e-05,
                5.45383954886e-06,
                3.46574643117e-06,
                1.08894619189e-06,
                9.73994701781e-07,
                5.46352680431e-07,
                3.42773660122e-07,
                9.17027662695e-08,
                4.15448724311e-08,
                3.2025820218e-08,
                4.71107099997e-08,
                1.089497772e-07,
                7.34045642048e-08,
                4.66193084137e-09,
                2.84753661622e-11
            ]
        },
        "barkbands_crest": {
            "dmean": 2.50433492661,
            "dmean2": 3.95697498322,
            "dvar": 6.09206438065,
            "dvar2": 13.9955348969,
            "max": 26.7584953308,
            "mean": 12.3862190247,
            "median": 11.5006837845,
            "min": 2.41164898872,
            "var": 23.4753570557
        },
        "barkbands_flatness_db": {
            "dmean": 0.023402845487,
            "dmean2": 0.0342228598893,
            "dvar": 0.000844530994073,
            "dvar2": 0.00168298557401,
            "max": 0.721835315228,
            "mean": 0.175192594528,
            "median": 0.153022632003,
            "min": 0.0196683425456,
            "var": 0.00835780799389
        },
        "barkbands_kurtosis": {
            "dmean": 5.36467218399,
            "dmean2": 8.38047981262,
            "dvar": 1173.50085449,
            "dvar2": 3190.03515625,
            "max": 1998.4621582,
            "mean": 7.68339443207,
            "median": 1.23446893692,
            "min": -1.94558238983,
            "var": 1263.28808594
        },
        "barkbands_skewness": {
            "dmean": 0.624774575233,
            "dmean2": 0.918571174145,
            "dvar": 0.899414718151,
            "dvar2": 2.08641815186,
            "max": 23.4359378815,
            "mean": 1.56911873817,
            "median": 1.20596778393,
            "min": -4.96283721924,
            "var": 3.37160992622
        },
        "barkbands_spread": {
            "dmean": 5.07565879822,
            "dmean2": 7.62419605255,
            "dvar": 56.9481697083,
            "dvar2": 121.755577087,
            "max": 111.852561951,
            "mean": 20.3594112396,
            "median": 18.8284721375,
            "min": 0.0153402946889,
            "var": 200.993530273
        },
        "dissonance": {
            "dmean": 0.0275169368833,
            "dmean2": 0.0459730736911,
            "dvar": 0.000779351452366,
            "dvar2": 0.00208531809039,
            "max": 0.5,
            "mean": 0.442493826151,
            "median": 0.456182539463,
            "min": 0.0948260352015,
            "var": 0.00254762894474
        },
        "dynamic_complexity": 3.77705669403,
        "erbbands": {
            "dmean": [
                0.150068819523,
                1.42994809151,
                4.44471073151,
                7.12949752808,
                5.6296544075,
                3.41481304169,
                4.40388059616,
                7.42988872528,
                11.8868083954,
                10.5876283646,
                11.2519865036,
                16.0831508636,
                19.5825805664,
                45.6095161438,
                28.1901435852,
                31.2676830292,
                40.9630508423,
                21.1147251129,
                19.9273796082,
                13.3098220825,
                15.170375824,
                11.6576290131,
                10.6634654999,
                13.2109594345,
                7.43679237366,
                5.09226131439,
                3.8264067173,
                2.9089949131,
                2.80336260796,
                2.40444564819,
                2.01050972939,
                1.49844706059,
                1.4992172718,
                0.883486270905,
                0.355977654457,
                0.131247505546,
                0.0358673743904,
                0.00475589558482,
                0.000275414437056,
                2.02190112759e-05
            ],
            "dmean2": [
                0.204214185476,
                2.23455119133,
                7.10998678207,
                12.2648677826,
                9.65275669098,
                5.94539260864,
                6.97973108292,
                11.1623001099,
                18.6314926147,
                17.2275180817,
                17.1949863434,
                25.1420135498,
                29.523431778,
                68.8182067871,
                41.2002792358,
                45.6562461853,
                58.5320968628,
                30.1135749817,
                30.1252651215,
                20.4741249084,
                22.9634513855,
                17.9241580963,
                16.5394649506,
                20.5873069763,
                11.8542785645,
                7.85658788681,
                5.83637619019,
                4.62797737122,
                4.47369909286,
                3.61710810661,
                2.90706920624,
                2.23495173454,
                2.32792520523,
                1.29317510128,
                0.502125442028,
                0.188536003232,
                0.053395178169,
                0.00684425421059,
                0.000377937074518,
                2.81007069134e-05
            ],
            "dvar": [
                0.0653442069888,
                7.84273815155,
                161.842773438,
                476.003112793,
                219.960174561,
                72.3151702881,
                78.7618408203,
                194.089233398,
                872.29284668,
                682.848388672,
                951.682189941,
                1311.10131836,
                3399.36230469,
                9913.078125,
                5672.38037109,
                10239.9833984,
                12574.0507812,
                3522.37963867,
                3638.99804688,
                1640.10717773,
                2032.41235352,
                1017.03259277,
                667.744689941,
                729.284851074,
                167.464050293,
                98.9351348877,
                52.3982543945,
                32.2750015259,
                31.1365413666,
                26.6453399658,
                27.7773075104,
                13.8229265213,
                55.52161026,
                16.4271869659,
                1.10211730003,
                0.109708875418,
                0.00678077200428,
                0.000114130882139,
                4.29099912935e-07,
                1.15896059416e-09
            ],
            "dvar2": [
                0.109688177705,
                16.3441677094,
                405.930755615,
                1341.54638672,
                614.272094727,
                212.310714722,
                201.807235718,
                449.332092285,
                2117.80297852,
                1742.35668945,
                2016.52648926,
                3057.86572266,
                7812.69775391,
                19412.8925781,
                11151.8544922,
                21185.7402344,
                25820.6640625,
                6686.47070312,
                8617.11230469,
                3744.65844727,
                4488.04736328,
                2159.20727539,
                1381.23718262,
                1546.62963867,
                408.862030029,
                229.36151123,
                114.96660614,
                77.9157714844,
                78.9163208008,
                59.2444343567,
                63.268196106,
                30.5082645416,
                145.579376221,
                41.629322052,
                2.30954480171,
                0.220532044768,
                0.0157913248986,
                0.000232907419559,
                8.03143450412e-07,
                2.27155694255e-09
            ],
            "max": [
                3.86964917183,
                30.7606201172,
                143.34727478,
                251.866912842,
                147.972290039,
                113.269393921,
                159.302749634,
                301.357330322,
                689.577819824,
                572.093383789,
                833.990905762,
                964.069946289,
                1743.18286133,
                2819.02441406,
                2547.27807617,
                3569.88012695,
                2200.1640625,
                1804.21887207,
                1830.92114258,
                1140.87304688,
                970.423156738,
                747.807434082,
                825.88104248,
                842.817687988,
                243.285598755,
                232.978027344,
                114.712272644,
                72.278503418,
                55.9041099548,
                106.134788513,
                142.36882019,
                99.580619812,
                247.839935303,
                140.366867065,
                29.9914588928,
                8.49769687653,
                1.57743442059,
                0.135375052691,
                0.00946434680372,
                0.000478294619825
            ],
            "mean": [
                0.392718166113,
                3.29566526413,
                6.32189273834,
                8.06841278076,
                6.74535179138,
                4.37636947632,
                8.25844287872,
                14.0807914734,
                18.8848190308,
                15.9714097977,
                19.4102916718,
                27.9414825439,
                37.1438751221,
                91.6611175537,
                56.8128051758,
                62.4867858887,
                83.2816772461,
                46.4925231934,
                37.6879119873,
                23.64610672,
                26.18009758,
                19.234046936,
                19.8057975769,
                24.4475669861,
                14.708070755,
                9.47064971924,
                6.70550537109,
                4.05876731873,
                3.34510755539,
                3.04389381409,
                2.78579330444,
                2.2538626194,
                1.93693780899,
                1.17300963402,
                0.511436343193,
                0.185556307435,
                0.0461542904377,
                0.00653323018923,
                0.000422582088504,
                6.11173163634e-05
            ],
            "median": [
                0.137373119593,
                2.27238154411,
                3.28639245033,
                2.01475644112,
                2.35727214813,
                1.74949812889,
                3.31271052361,
                6.39443397522,
                6.34028911591,
                5.6153459549,
                5.74906730652,
                11.3867807388,
                12.596113205,
                25.1029243469,
                14.8273124695,
                14.4028873444,
                16.7347202301,
                10.9102201462,
                9.94274044037,
                7.58636140823,
                7.63460588455,
                5.21097230911,
                7.25425720215,
                9.58164405823,
                7.88668394089,
                4.83523035049,
                2.73619747162,
                1.42075788975,
                0.97968429327,
                0.710402905941,
                0.775602161884,
                0.691252052784,
                0.491061240435,
                0.274271756411,
                0.113818690181,
                0.0436422117054,
                0.011470541358,
                0.00143855495844,
                0.000111506444227,
                5.13944214617e-05
            ],
            "min": [
                5.86983851754e-22,
                7.19083696908e-21,
                2.35677230513e-20,
                3.28285528461e-20,
                5.87852252053e-20,
                2.4743510532e-19,
                6.11694479514e-19,
                1.85883419792e-19,
                4.1996187174e-19,
                1.17738013938e-18,
                7.37948762468e-19,
                2.29003629096e-18,
                2.51790862649e-18,
                1.1899445993e-18,
                1.90453579752e-18,
                2.03529671555e-18,
                2.78195605176e-18,
                3.93144179973e-18,
                9.22468344961e-18,
                1.2080943895e-17,
                8.15340597419e-18,
                8.61500418886e-18,
                1.0470293375e-17,
                8.97228500212e-18,
                1.11611140908e-17,
                1.32441575324e-17,
                9.30785811456e-18,
                1.4787491267e-17,
                1.45388854426e-17,
                1.81816631288e-17,
                1.79363792618e-17,
                1.35885674154e-17,
                1.21731786692e-17,
                1.24277567376e-17,
                8.45764383067e-18,
                5.00973169878e-18,
                3.40056782914e-18,
                1.20073144807e-18,
                2.88792946875e-19,
                3.34876316174e-20
            ],
            "var": [
                0.373063534498,
                17.4624271393,
                152.128738403,
                353.103271484,
                190.020721436,
                64.1338424683,
                186.743972778,
                463.873474121,
                1322.01147461,
                912.322570801,
                2586.92407227,
                3245.24243164,
                9518.30273438,
                42227.046875,
                25373.6503906,
                39653.8007812,
                39315.5703125,
                16400.1425781,
                9113.79101562,
                3377.09887695,
                3856.72387695,
                2075.68066406,
                1820.30908203,
                1739.85339355,
                401.965881348,
                191.311538696,
                112.478691101,
                47.2160491943,
                36.1995429993,
                46.5336723328,
                41.6150512695,
                21.6011619568,
                48.0969810486,
                18.1951255798,
                2.35813784599,
                0.224332690239,
                0.00960532575846,
                0.000183140014997,
                7.60623663609e-07,
                2.77130740578e-09
            ]
        },
        "erbbands_crest": {
            "dmean": 3.1901473999,
            "dmean2": 5.03314638138,
            "dvar": 8.90582275391,
            "dvar2": 21.5039901733,
            "max": 34.3095741272,
            "mean": 12.0692548752,
            "median": 10.8300056458,
            "min": 2.35263180733,
            "var": 35.5249061584
        },
        "erbbands_flatness_db": {
            "dmean": 0.020350208506,
            "dmean2": 0.0285053346306,
            "dvar": 0.000451890897239,
            "dvar2": 0.000871193653438,
            "max": 0.468928128481,
            "mean": 0.179763063788,
            "median": 0.171485990286,
            "min": 0.0534625090659,
            "var": 0.00412644725293
        },
        "erbbands_kurtosis": {
            "dmean": 1.38598239422,
            "dmean2": 2.13190603256,
            "dvar": 9.93331432343,
            "dvar2": 22.2538452148,
            "max": 186.293457031,
            "mean": 1.71416437626,
            "median": 0.542493104935,
            "min": -1.90861785412,
            "var": 22.2787971497
        },
        "erbbands_skewness": {
            "dmean": 0.401366829872,
            "dmean2": 0.59754127264,
            "dvar": 0.181162387133,
            "dvar2": 0.386110961437,
            "max": 9.50015735626,
            "mean": 0.276401370764,
            "median": 0.233350396156,
            "min": -4.51167106628,
            "var": 0.731457054615
        },
        "erbbands_spread": {
            "dmean": 8.18617725372,
            "dmean2": 12.0694923401,
            "dvar": 117.092666626,
            "dvar2": 241.890167236,
            "max": 185.080230713,
            "mean": 30.8099651337,
            "median": 26.4976978302,
            "min": 0.957861304283,
            "var": 425.712097168
        },
        "gfcc": {
            "cov": [
                [
                    20587.5214844,
                    -1150.79089355,
                    -1334.33703613,
                    1448.46557617,
                    -35.3771095276,
                    623.551147461,
                    -208.373840332,
                    959.400024414,
                    193.706008911,
                    177.951965332,
                    -104.094055176,
                    399.084411621,
                    -428.805236816
                ],
                [
                    -1150.79089355,
                    2241.45898438,
                    628.988769531,
                    -240.987731934,
                    361.565338135,
                    -61.7422027588,
                    315.647094727,
                    -191.8046875,
                    17.0563983917,
                    -88.1148910522,
                    165.2134552,
                    -282.320587158,
                    183.712249756
                ],
                [
                    -1334.33703613,
                    628.988769531,
                    1351.43237305,
                    215.627487183,
                    147.334136963,
                    69.4321289062,
                    30.5134391785,
                    -35.7250862122,
                    48.4196624756,
                    -85.2615432739,
                    -43.6865348816,
                    -65.4626998901,
                    -40.2268981934
                ],
                [
                    1448.46557617,
                    -240.987731934,
                    215.627487183,
                    583.66418457,
                    93.7045898438,
                    28.3174495697,
                    -63.1700592041,
                    126.585014343,
                    98.5938720703,
                    -31.030796051,
                    -52.3730621338,
                    40.4545173645,
                    -78.6502151489
                ],
                [
                    -35.3771095276,
                    361.565338135,
                    147.334136963,
                    93.7045898438,
                    319.848327637,
                    64.8668518066,
                    114.374961853,
                    28.9956016541,
                    55.0410957336,
                    0.506759226322,
                    33.8134498596,
                    -36.6290931702,
                    27.4784469604
                ],
                [
                    623.551147461,
                    -61.7422027588,
                    69.4321289062,
                    28.3174495697,
                    64.8668518066,
                    271.458496094,
                    96.1204147339,
                    10.5694236755,
                    -12.0652227402,
                    38.5474243164,
                    17.4109268188,
                    -13.3190593719,
                    -39.961265564
                ],
                [
                    -208.373840332,
                    315.647094727,
                    30.5134391785,
                    -63.1700592041,
                    114.374961853,
                    96.1204147339,
                    260.24786377,
                    -8.87653636932,
                    -12.1425256729,
                    22.9848518372,
                    72.7749023438,
                    -32.8354721069,
                    12.9326457977
                ],
                [
                    959.400024414,
                    -191.8046875,
                    -35.7250862122,
                    126.585014343,
                    28.9956016541,
                    10.5694236755,
                    -8.87653636932,
                    274.384887695,
                    87.4370727539,
                    -9.68852901459,
                    5.24568367004,
                    67.9805679321,
                    -10.5142478943
                ],
                [
                    193.706008911,
                    17.0563983917,
                    48.4196624756,
                    98.5938720703,
                    55.0410957336,
                    -12.0652227402,
                    -12.1425256729,
                    87.4370727539,
                    154.141677856,
                    5.69737100601,
                    -6.49051332474,
                    22.6387348175,
                    15.564455986
                ],
                [
                    177.951965332,
                    -88.1148910522,
                    -85.2615432739,
                    -31.030796051,
                    0.506759226322,
                    38.5474243164,
                    22.9848518372,
                    -9.68852901459,
                    5.69737100601,
                    159.239440918,
                    62.6588172913,
                    2.550542593,
                    -1.92372810841
                ],
                [
                    -104.094055176,
                    165.2134552,
                    -43.6865348816,
                    -52.3730621338,
                    33.8134498596,
                    17.4109268188,
                    72.7749023438,
                    5.24568367004,
                    -6.49051332474,
                    62.6588172913,
                    164.761505127,
                    5.61562681198,
                    5.03868150711
                ],
                [
                    399.084411621,
                    -282.320587158,
                    -65.4626998901,
                    40.4545173645,
                    -36.6290931702,
                    -13.3190593719,
                    -32.8354721069,
                    67.9805679321,
                    22.6387348175,
                    2.550542593,
                    5.61562681198,
                    148.312026978,
                    -4.6258392334
                ],
                [
                    -428.805236816,
                    183.712249756,
                    -40.2268981934,
                    -78.6502151489,
                    27.4784469604,
                    -39.961265564,
                    12.9326457977,
                    -10.5142478943,
                    15.564455986,
                    -1.92372810841,
                    5.03868150711,
                    -4.6258392334,
                    147.999588013
                ]
            ],
            "icov": [
                [
                    0.000140596384881,
                    -0.000337920122547,
                    0.000313664379064,
                    -0.000426087499363,
                    0.000236239779042,
                    -0.000511305581313,
                    0.000293640099699,
                    -0.000444219564088,
                    0.000254690414295,
                    -0.000367426982848,
                    0.000421210395871,
                    -0.000522374350112,
                    0.000384275335819
                ],
                [
                    -0.000337920122547,
                    0.00229467521422,
                    -0.00132326048333,
                    0.00147174356971,
                    -0.00141758727841,
                    0.0020251206588,
                    -0.00163797091227,
                    0.00156831182539,
                    -0.00115940766409,
                    0.00202571321279,
                    -0.00251135509461,
                    0.00321675068699,
                    -0.00200615823269
                ],
                [
                    0.000313664379064,
                    -0.00132326048333,
                    0.00180798571091,
                    -0.00139452109579,
                    0.000604290282354,
                    -0.00164278107695,
                    0.00100584409665,
                    -0.000860905274749,
                    0.000487324898131,
                    -0.000757567060646,
                    0.00151323422324,
                    -0.00163947907276,
                    0.00143302301876
                ],
                [
                    -0.000426087499363,
                    0.00147174356971,
                    -0.00139452109579,
                    0.00404323870316,
                    -0.0018714441685,
                    0.00165471807122,
                    -0.000408123742091,
                    0.000815490493551,
                    -0.00182612182107,
                    0.00154736847617,
                    -0.00118293007836,
                    0.00174586335197,
                    -9.692140884e-05
                ],
                [
                    0.000236239779042,
                    -0.00141758727841,
                    0.000604290282354,
                    -0.0018714441685,
                    0.00566340750083,
                    -0.00185135158245,
                    -0.000776691187639,
                    -0.00106862629764,
                    -0.00054792809533,
                    -0.000935929536354,
                    0.000911707989872,
                    -0.000940197729506,
                    3.94448725274e-05
                ],
                [
                    -0.000511305581313,
                    0.0020251206588,
                    -0.00164278107695,
                    0.00165471807122,
                    -0.00185135158245,
                    0.00715862214565,
                    -0.00328558706678,
                    0.00147666432895,
                    -0.000443591678049,
                    0.000536770676263,
                    -0.00153581460472,
                    0.0029306281358,
                    -0.000696223985869
                ],
                [
                    0.000293640099699,
                    -0.00163797091227,
                    0.00100584409665,
                    -0.000408123742091,
                    -0.000776691187639,
                    -0.00328558706678,
                    0.00729385623708,
                    -0.00137174443807,
                    0.00128266063984,
                    -0.00101912673563,
                    -0.000248366326559,
                    -0.00172540650237,
                    0.00126914260909
                ],
                [
                    -0.000444219564088,
                    0.00156831182539,
                    -0.000860905274749,
                    0.000815490493551,
                    -0.00106862629764,
                    0.00147666432895,
                    -0.00137174443807,
                    0.00688338186592,
                    -0.00351390079595,
                    0.00236566341482,
                    -0.00238786940463,
                    0.000532795034815,
                    -0.00133019429632
                ],
                [
                    0.000254690414295,
                    -0.00115940766409,
                    0.000487324898131,
                    -0.00182612182107,
                    -0.00054792809533,
                    -0.000443591678049,
                    0.00128266063984,
                    -0.00351390079595,
                    0.010063781403,
                    -0.00241659535095,
                    0.00196978333406,
                    -0.00203700945713,
                    -0.000261149223661
                ],
                [
                    -0.000367426982848,
                    0.00202571321279,
                    -0.000757567060646,
                    0.00154736847617,
                    -0.000935929536354,
                    0.000536770676263,
                    -0.00101912673563,
                    0.00236566341482,
                    -0.00241659535095,
                    0.0100209321827,
                    -0.0054159113206,
                    0.00294317211956,
                    -0.00172609486617
                ],
                [
                    0.000421210395871,
                    -0.00251135509461,
                    0.00151323422324,
                    -0.00118293007836,
                    0.000911707989872,
                    -0.00153581460472,
                    -0.000248366326559,
                    -0.00238786940463,
                    0.00196978333406,
                    -0.0054159113206,
                    0.0112460944802,
                    -0.00434907712042,
                    0.00259215547703
                ],
                [
                    -0.000522374350112,
                    0.00321675068699,
                    -0.00163947907276,
                    0.00174586335197,
                    -0.000940197729506,
                    0.0029306281358,
                    -0.00172540650237,
                    0.000532795034815,
                    -0.00203700945713,
                    0.00294317211956,
                    -0.00434907712042,
                    0.0128056285903,
                    -0.00306900846772
                ],
                [
                    0.000384275335819,
                    -0.00200615823269,
                    0.00143302301876,
                    -9.692140884e-05,
                    3.94448725274e-05,
                    -0.000696223985869,
                    0.00126914260909,
                    -0.00133019429632,
                    -0.000261149223661,
                    -0.00172609486617,
                    0.00259215547703,
                    -0.00306900846772,
                    0.0101185375825
                ]
            ],
            "mean": [
                -26.0535526276,
                100.725502014,
                -107.437774658,
                22.9690113068,
                -45.9770126343,
                24.3568153381,
                -26.5471343994,
                15.8760108948,
                -26.6273059845,
                4.40593528748,
                -6.1257314682,
                -1.61205840111,
                -7.79310274124
            ]
        },
        "hfc": {
            "dmean": 6.81701087952,
            "dmean2": 9.79395580292,
            "dvar": 103.541145325,
            "dvar2": 221.344573975,
            "max": 183.890838623,
            "mean": 23.3794269562,
            "median": 18.1200847626,
            "min": 1.18616958686e-16,
            "var": 384.610565186
        },
        "melbands": {
            "dmean": [
                0.0013417940354,
                0.00200288300402,
                0.00118852220476,
                0.00030172089464,
                0.000147371785715,
                0.000156932117534,
                0.000187627752894,
                0.000111665773147,
                8.61592634465e-05,
                0.00010758866847,
                0.000105233120848,
                0.000197217450477,
                8.97706704563e-05,
                8.21373832878e-05,
                9.24817359191e-05,
                8.19348206278e-05,
                3.99698619731e-05,
                3.30393086188e-05,
                2.48023607128e-05,
                1.91052185983e-05,
                1.84319487744e-05,
                1.30214802994e-05,
                1.32282521008e-05,
                9.08308174985e-06,
                1.20778786368e-05,
                6.5906092459e-06,
                4.22670927946e-06,
                3.51428775502e-06,
