{
    "lowlevel": {
        "average_loudness": 0.921735703945,
        "barkbands": {
            "dmean": [
                0.00621678400785,
                0.0226061586291,
                0.00423973472789,
                0.0010788567597,
                0.00116040569264,
                0.0010990871815,
                0.00054320221534,
                0.000429171195719,
                0.000393373775296,
                0.000296925252769,
                0.000193790561752,
                0.000310597388307,
                0.000327562564053,
                0.000302930129692,
                0.000283305329503,
                0.000313037249725,
                0.000264386559138,
                0.00026051493478,
                0.000333626783686,
                0.000150240302901,
                9.91330525721e-05,
                0.000114909664262,
                0.000255584978731,
                0.000275065045571,
                5.57560524612e-05,
                1.3030206901e-05,
                5.24633492205e-07
            ],
            "dmean2": [
                0.00993228610605,
                0.0346872620285,
                0.00759212626144,
                0.0018974293489,
                0.00190899928566,
                0.00194279756397,
                0.000855425663758,
                0.000646846659947,
                0.000563074252568,
                0.000443007185822,
                0.000283535337076,
                0.000453890272183,
                0.000473942200188,
                0.000434149085777,
                0.00040498218732,
                0.000481524213683,
                0.000371644302504,
                0.000402270903578,
                0.000502994458657,
                0.000248979049502,
                0.00015578395687,
                0.00019152124878,
                0.000445611512987,
                0.000482763251057,
                9.73701462499e-05,
                2.28264325415e-05,
                9.12399684694e-07
            ],
            "dvar": [
                9.32730617933e-05,
                0.00261805369519,
                0.000142002172652,
                1.60723593581e-05,
                9.63054208114e-06,
                1.05275930764e-05,
                1.32483955895e-06,
                1.25212079638e-06,
                1.38049404086e-06,
                1.21813661735e-06,
                3.84757896654e-07,
                9.89486011349e-07,
                9.67159394349e-07,
                7.60823013479e-07,
                6.4827395363e-07,
                1.44649800404e-06,
                5.91229763813e-07,
                1.26973964143e-06,
                1.61842467605e-06,
                6.39815539216e-07,
                2.59066723629e-07,
                2.16248039919e-07,
                2.06739656505e-07,
                2.39954204062e-07,
                9.62083568368e-09,
                5.00371133416e-10,
                8.34545323472e-13
            ],
            "dvar2": [
                0.000225667608902,
                0.00597495632246,
                0.000418017152697,
                4.52026615676e-05,
                2.45840492425e-05,
                2.95826939691e-05,
                3.0482949569e-06,
                2.68362123279e-06,
                2.75949901152e-06,
                2.72496231446e-06,
                7.76810395564e-07,
                2.10738335227e-06,
                1.98786256078e-06,
                1.4424863366e-06,
                1.25537985696e-06,
                3.59411683348e-06,
                1.23419863485e-06,
                3.13101259053e-06,
                3.77992978429e-06,
                1.61652326369e-06,
                6.00945838869e-07,
                5.37665414413e-07,
                5.27238228187e-07,
                6.20189211986e-07,
                2.4634960738e-08,
                1.28099619801e-09,
                2.13609902336e-12
            ],
            "max": [
                0.113724783063,
                0.56046205759,
                0.14960642159,
                0.0522681623697,
                0.0354123227298,
                0.0373702347279,
                0.0271327104419,
                0.0224680602551,
                0.0234271250665,
                0.0281196944416,
                0.0130982398987,
                0.0231725778431,
                0.0171710345894,
                0.0166602190584,
                0.0132952425629,
                0.0149511760101,
                0.0103094615042,
                0.0153143228963,
                0.0192095525563,
                0.00861092004925,
                0.00592604838312,
                0.00529068522155,
                0.00356966024265,
                0.00372474011965,
                0.000719945819583,
                0.00013955324539,
                6.185046459e-06
            ],
            "mean": [
                0.0261356178671,
                0.0549717545509,
                0.00511141493917,
                0.00100393267348,
                0.00149393314496,
                0.00107753532939,
                0.000802301394287,
                0.000553412828594,
                0.000571228913032,
                0.000362115330063,
                0.000254246348049,
                0.000365352927474,
                0.000364448409528,
                0.000387903797673,
                0.000359135214239,
                0.000326618494,
                0.000328621710651,
                0.000253960752161,
                0.00036151704262,
                0.000116889292258,
                8.00442503532e-05,
                8.8052576757e-05,
                0.000174772780156,
                0.000183151525562,
                3.76059615519e-05,
                8.73688895808e-06,
                3.57928826134e-07
            ],
            "median": [
                0.0103853996843,
                0.0197450313717,
                0.00114986184053,
                0.000296501850244,
                0.00063529307954,
                0.000333170202794,
                0.000328258960508,
                5.66635462746e-05,
                7.40520335967e-05,
                4.54460241599e-05,
                1.59258597705e-05,
                2.03882664209e-05,
                1.73437765625e-05,
                3.36724078807e-05,
                2.60106207861e-05,
                2.16765001824e-05,
                2.54398801189e-05,
                2.11217011383e-05,
                2.77983599517e-05,
                4.69044061902e-06,
                7.99889448899e-07,
                3.10355358124e-06,
                2.88256774184e-06,
                2.55468648902e-06,
                3.87016427794e-07,
                1.5794999797e-07,
                1.30202391091e-08
            ],
            "min": [
                8.71236620565e-25,
                7.75986064159e-24,
                6.25387182681e-25,
                1.08029343792e-24,
                1.6970974491e-23,
                1.40746827216e-23,
                6.03944769846e-24,
                1.33453634597e-23,
                1.37405212421e-23,
                1.60868191884e-23,
                2.0308185864e-23,
                2.66546917533e-23,
                4.39471949053e-23,
                5.50968413437e-23,
                5.69492508322e-23,
                8.331565179e-23,
                8.711310197e-23,
                1.33778124642e-22,
                1.96093668046e-22,
                1.50361129451e-22,
                2.99452230711e-22,
                4.03334609638e-22,
                4.13409486735e-22,
                5.46612298275e-22,
                9.2328977069e-22,
                1.37623113474e-21,
                2.06664775257e-21
            ],
            "var": [
                0.000902120606042,
                0.00609080446884,
                0.000116782008263,
                1.02743824755e-05,
                8.43039106257e-06,
                7.36999436413e-06,
                2.13299381358e-06,
                2.00480030799e-06,
                2.61901323029e-06,
                1.58313332577e-06,
                6.69248038321e-07,
                1.46995955674e-06,
                1.30130626985e-06,
                1.2705880863e-06,
                1.036333515e-06,
                1.32272020892e-06,
                8.1849742628e-07,
                1.08414030819e-06,
                1.56352450631e-06,
                4.94300820719e-07,
                2.30275489344e-07,
                1.72494637241e-07,
                1.59829582458e-07,
                1.75929869783e-07,
                7.3281603008e-09,
                3.73242048379e-10,
                6.24402276845e-13
            ]
        },
        "barkbands_crest": {
            "dmean": 2.4404425621,
            "dmean2": 3.82035088539,
            "dvar": 6.53887033463,
            "dvar2": 17.4237689972,
            "max": 26.3083286285,
            "mean": 12.5349187851,
            "median": 13.1027326584,
            "min": 2.24535107613,
            "var": 19.6314544678
        },
        "barkbands_flatness_db": {
            "dmean": 0.0477203577757,
            "dmean2": 0.0616474114358,
            "dvar": 0.00224074418657,
            "dvar2": 0.00330854114145,
            "max": 0.609493255615,
            "mean": 0.272682100534,
            "median": 0.255121231079,
            "min": 0.0230846721679,
            "var": 0.0145262982696
        },
        "barkbands_kurtosis": {
            "dmean": 25.9099349976,
            "dmean2": 43.8942184448,
            "dvar": 2972.41308594,
            "dvar2": 8148.93994141,
            "max": 958.293151855,
            "mean": 36.1326560974,
            "median": 11.5771656036,
            "min": -1.9442024231,
            "var": 3578.09008789
        },
        "barkbands_skewness": {
            "dmean": 1.47903108597,
            "dmean2": 2.34540557861,
            "dvar": 3.6203482151,
            "dvar2": 9.64702606201,
            "max": 25.7577495575,
            "mean": 3.65298295021,
            "median": 2.85026550293,
            "min": -2.58792901039,
            "var": 9.39367961884
        },
        "barkbands_spread": {
            "dmean": 8.35760116577,
            "dmean2": 13.0592355728,
            "dvar": 199.543319702,
            "dvar2": 446.675598145,
            "max": 108.519874573,
            "mean": 14.4731044769,
            "median": 7.65274238586,
            "min": 0.0661096870899,
            "var": 329.952758789
        },
        "dissonance": {
            "dmean": 0.0227092653513,
            "dmean2": 0.0370094142854,
            "dvar": 0.000558099884074,
            "dvar2": 0.00145932275336,
            "max": 0.499999403954,
            "mean": 0.452096730471,
            "median": 0.46218585968,
            "min": 0.185769304633,
            "var": 0.00145456800237
        },
        "dynamic_complexity": 3.78223824501,
        "erbbands": {
            "dmean": [
                0.90027320385,
                4.29422330856,
                4.49242973328,
                4.59699869156,
                2.97274422646,
                3.66001391411,
                8.56101036072,
                8.47761917114,
                8.35897922516,
                7.13193655014,
                9.51330184937,
                8.73669624329,
                8.41070270538,
                8.43553066254,
                9.0989112854,
                11.7186927795,
                13.6687574387,
                15.9510316849,
                14.4477319717,
                15.3308563232,
                15.2462110519,
                16.2786159515,
                15.6038427353,
                15.5525856018,
                14.5420503616,
                6.84902524948,
                3.71570324898,
                3.88028788567,
                4.50729608536,
                4.10005664825,
                10.0332107544,
                7.76180410385,
                2.79578542709,
                0.845408558846,
                0.318797945976,
                0.0814563035965,
                0.0198579821736,
                0.00339168752544,
                8.53492674651e-05,
                3.2350220863e-05
            ],
            "dmean2": [
                1.35158193111,
                6.9639544487,
                7.52181720734,
                8.37003517151,
                4.91062545776,
                6.10757112503,
                14.7850494385,
                14.9154176712,
                13.6095170975,
                10.9631414413,
                13.7923784256,
                12.3427295685,
                11.4085769653,
                12.4363384247,
                13.013086319,
                16.4274654388,
                18.9947738647,
                22.0962467194,
                20.0799999237,
                22.4747409821,
                22.8769226074,
                23.273431778,
                23.5678482056,
                24.2533588409,
                21.8385238647,
                11.1742591858,
                5.74474430084,
                6.22654342651,
                7.61926078796,
                6.85548496246,
                17.8329620361,
                13.6923856735,
                4.8388504982,
                1.4651068449,
                0.55727827549,
                0.142729923129,
                0.0348696447909,
                0.00611240137368,
                0.000148864623043,
                4.6768309403e-05
            ],
            "dvar": [
                2.47322320938,
                155.721710205,
                141.653244019,
                268.428619385,
                78.063911438,
                97.8751678467,
                594.798950195,
                598.833129883,
                311.686584473,
                321.052703857,
                640.061889648,
                699.53692627,
                1086.67651367,
                767.186340332,
                832.552368164,
                1409.19458008,
                1542.734375,
                2243.2019043,
                1655.49145508,
                2474.16186523,
                3170.81469727,
                2737.39794922,
                4494.16601562,
                3758.75683594,
                3561.34716797,
                1352.80541992,
                357.234588623,
                376.761871338,
                410.963104248,
                110.301635742,
                330.057922363,
                190.085342407,
                24.2866268158,
                2.21259570122,
                0.304149150848,
                0.020124880597,
                0.00116457627155,
                3.74557057512e-05,
                1.93521714209e-08,
                2.58056553903e-09
            ],
            "dvar2": [
                4.9834394455,
                401.769287109,
                372.414703369,
                779.683532715,
                192.978347778,
                259.103088379,
                1651.52099609,
                1668.52734375,
                742.771911621,
                699.668640137,
                1306.31494141,
                1379.20324707,
                2060.63989258,
                1789.5567627,
                1669.62756348,
                2814.22143555,
                2985.60864258,
                4253.76904297,
                3284.99731445,
                5038.17333984,
                7858.60302734,
                5927.63720703,
                10863.1748047,
                9475.47363281,
                8151.65087891,
                3435.5534668,
                814.074523926,
                890.920837402,
                1059.88684082,
                266.743041992,
                863.663696289,
                492.400024414,
                61.9272499084,
                5.64119338989,
                0.778626859188,
                0.05140324682,
                0.0029988642782,
                9.89736145129e-05,
                5.01558830024e-08,
                4.88593299153e-09
            ],
            "max": [
                19.0107727051,
                115.479484558,
                155.165054321,
                201.980484009,
                119.544258118,
                116.679656982,
                325.085906982,
                351.230194092,
                376.201171875,
                339.40032959,
                483.088562012,
                602.545227051,
                927.308837891,
                792.07824707,
                720.018859863,
                1179.97094727,
                845.790710449,
                940.39831543,
                657.680175781,
                752.89276123,
                709.977172852,
                684.681640625,
                926.824707031,
                894.288208008,
                900.687011719,
                462.773773193,
                237.263168335,
                211.617019653,
                234.192779541,
                109.459861755,
                141.056808472,
                101.426750183,
                38.5310401917,
                11.4422626495,
                3.6541492939,
                1.06125676632,
                0.197829008102,
                0.0323813036084,
                0.00111760338768,
                0.000634256517515
            ],
            "mean": [
                3.40420627594,
                5.40407466888,
                6.31512498856,
                4.6881275177,
                3.47750353813,
                4.39522361755,
                9.07178401947,
                8.78108978271,
                11.852180481,
                10.4564180374,
                12.8783979416,
                13.0001106262,
                12.0904684067,
                10.6009235382,
                11.5222225189,
                14.7610054016,
                16.5251407623,
                19.9869346619,
                19.0632781982,
                18.9823188782,
                16.9767551422,
                19.5687465668,
                15.7248010635,
                16.2780361176,
                15.109744072,
                5.44475889206,
                3.09677004814,
                3.06689143181,
                3.33502364159,
                3.1314740181,
                6.56970214844,
                5.13391399384,
                1.91196513176,
                0.578194379807,
                0.214373975992,
                0.0548256859183,
                0.0132380304858,
                0.00214794650674,
                9.64033752098e-05,
                0.000108148538857
            ],
            "median": [
                1.36975646019,
                1.23170733452,
                1.40625107288,
                1.44572377205,
                1.08656489849,
                1.82130467892,
                2.81501841545,
                3.13768196106,
                5.77319908142,
                1.94732785225,
                1.57065415382,
                1.77934455872,
                1.56398773193,
                0.945497632027,
                0.726014792919,
                0.886889874935,
                0.913003802299,
                1.38112342358,
                2.04234361649,
                1.49448239803,
                1.35310506821,
                1.52663636208,
                1.22180843353,
                1.58944988251,
                0.944706559181,
                0.26656460762,
                0.0674852281809,
                0.0358335003257,
                0.0880987644196,
                0.132692798972,
                0.0703443810344,
                0.0656563043594,
                0.0299869067967,
                0.00649942550808,
                0.00228526815772,
                0.000891948991921,
                0.000276624748949,
                3.94055532524e-05,
                5.12553160661e-05,
                5.82966276852e-05
            ],
            "min": [
                2.67519898574e-22,
                1.58205481514e-21,
                1.32459505143e-21,
                1.15858131613e-20,
                2.9418187347e-20,
                7.49540664777e-20,
                1.56408247456e-19,
                1.26965955549e-19,
                1.30927905114e-19,
                3.29426591804e-19,
                2.99500360465e-19,
                3.54281689001e-19,
                5.55861184034e-19,
                6.46378317695e-19,
                8.72903744695e-19,
                1.29773254036e-18,
                2.22417885893e-18,
                2.74918832576e-18,
                3.06982359032e-18,
                4.69981690176e-18,
                4.34864316297e-18,
                5.30033100132e-18,
                6.2428574008e-18,
                7.95119422883e-18,
                9.36104830949e-18,
                8.95079898571e-18,
                1.07646671027e-17,
                1.15109899832e-17,
                1.41744478627e-17,
                1.29360029758e-17,
                1.10897763804e-17,
                1.32325861028e-17,
                9.42581655145e-18,
                8.95762653448e-18,
                7.68543516008e-18,
                4.48631083231e-18,
                2.63263340758e-18,
                1.16157488922e-18,
                2.75296228561e-19,
                2.98400300723e-20
            ],
            "var": [
                16.1932086945,
                165.120101929,
                160.131134033,
                171.770904541,
                70.4020843506,
                78.844367981,
                449.380554199,
                441.171630859,
                426.818664551,
                594.518493652,
                1060.40734863,
                1350.48425293,
                2001.2935791,
                960.155761719,
                1342.96337891,
                2304.31762695,
                2350.69726562,
                3633.95532227,
                2603.17456055,
                3309.29980469,
                3032.6628418,
                3373.29345703,
                4011.72314453,
                3139.73364258,
                3511.30249023,
                1045.43835449,
                330.356079102,
                322.841278076,
                304.324554443,
                94.3379364014,
                236.795944214,
                137.912368774,
                18.688873291,
                1.7176040411,
                0.229784488678,
                0.0151208089665,
                0.000857375503983,
                2.55685081356e-05,
                1.70803673427e-08,
                1.32398705333e-08
            ]
        },
        "erbbands_crest": {
            "dmean": 2.69622564316,
            "dmean2": 4.45173549652,
            "dvar": 5.81807565689,
            "dvar2": 15.0687131882,
            "max": 25.539484024,
            "mean": 9.2396440506,
            "median": 8.65238571167,
            "min": 2.5064496994,
            "var": 12.057091713
        },
        "erbbands_flatness_db": {
            "dmean": 0.0329298451543,
            "dmean2": 0.0482015386224,
            "dvar": 0.00094416498905,
            "dvar2": 0.0017318839673,
            "max": 0.36168307066,
            "mean": 0.188538610935,
            "median": 0.189863279462,
            "min": 0.0569192878902,
            "var": 0.00328455935232
        },
        "erbbands_kurtosis": {
            "dmean": 1.60974383354,
            "dmean2": 2.58947706223,
            "dvar": 6.04695892334,
            "dvar2": 13.1102705002,
            "max": 32.2006378174,
            "mean": 0.827230930328,
            "median": -0.173107266426,
            "min": -1.91859972477,
            "var": 10.9543333054
        },
        "erbbands_skewness": {
            "dmean": 0.655041635036,
            "dmean2": 1.00722646713,
            "dvar": 0.472083628178,
            "dvar2": 1.07597339153,
            "max": 4.83357906342,
            "mean": 0.324973165989,
            "median": 0.196897953749,
            "min": -3.30095076561,
            "var": 1.19011104107
        },
        "erbbands_spread": {
            "dmean": 19.6969547272,
            "dmean2": 30.842092514,
            "dvar": 662.424072266,
            "dvar2": 1407.33520508,
            "max": 202.919189453,
            "mean": 46.7840957642,
            "median": 36.3615264893,
            "min": 4.44267654419,
            "var": 1112.04394531
        },
        "gfcc": {
            "cov": [
                [
                    13254.8867188,
                    -1529.75512695,
                    -656.128173828,
                    1402.19726562,
                    -710.013305664,
                    997.898803711,
                    -373.440887451,
                    502.581237793,
                    172.581802368,
                    -107.782142639,
                    209.442520142,
                    254.540237427,
                    -118.759101868
                ],
                [
                    -1529.75512695,
                    2929.80493164,
                    -502.478820801,
                    -735.675231934,
                    1147.23937988,
                    -791.161560059,
                    530.961914062,
                    -145.761245728,
                    112.75163269,
                    -276.043823242,
                    235.225158691,
                    -239.223464966,
                    101.478805542
                ],
                [
                    -656.128173828,
                    -502.478820801,
                    2237.28198242,
                    498.043273926,
                    69.2388916016,
                    673.209777832,
                    176.322738647,
                    -21.6054363251,
                    192.371017456,
                    188.059616089,
                    24.309545517,
                    89.8060760498,
                    140.817260742
                ],
                [
                    1402.19726562,
                    -735.675231934,
                    498.043273926,
                    868.518432617,
                    -42.8787155151,
                    212.762557983,
                    -59.3810539246,
                    84.333946228,
                    111.210533142,
                    71.5778961182,
                    60.4373168945,
                    47.8917999268,
                    53.7670936584
                ],
                [
                    -710.013305664,
                    1147.23937988,
                    69.2388916016,
                    -42.8787155151,
                    873.742370605,
                    -238.026641846,
                    334.897064209,
                    25.7019023895,
                    182.756622314,
                    -43.0629806519,
                    202.414291382,
                    -142.842178345,
                    107.332740784
                ],
                [
                    997.898803711,
                    -791.161560059,
                    673.209777832,
                    212.762557983,
                    -238.026641846,
                    657.37713623,
                    34.5603981018,
                    56.5758323669,
                    42.127204895,
                    143.001708984,
                    -31.3444023132,
                    87.3022842407,
                    12.4167795181
                ],
                [
                    -373.440887451,
                    530.961914062,
                    176.322738647,
                    -59.3810539246,
                    334.897064209,
                    34.5603981018,
                    461.328704834,
                    28.651517868,
                    73.8892974854,
                    -10.1274137497,
                    104.286506653,
                    -3.04676938057,
                    65.2476959229
                ],
                [
                    502.581237793,
                    -145.761245728,
                    -21.6054363251,
                    84.333946228,
                    25.7019023895,
                    56.5758323669,
                    28.651517868,
                    186.598464966,
                    80.359413147,
                    -3.34577131271,
                    60.3057899475,
                    20.7034873962,
                    -15.641459465
                ],
                [
                    172.581802368,
                    112.75163269,
                    192.371017456,
                    111.210533142,
                    182.756622314,
                    42.127204895,
                    73.8892974854,
                    80.359413147,
                    201.104537964,
                    29.6466827393,
                    71.0095291138,
                    -19.1065616608,
                    40.1678657532
                ],
                [
                    -107.782142639,
                    -276.043823242,
                    188.059616089,
                    71.5778961182,
                    -43.0629806519,
                    143.001708984,
                    -10.1274137497,
                    -3.34577131271,
                    29.6466827393,
                    166.841827393,
                    -8.96814537048,
                    0.633643269539,
                    29.9464912415
                ],
                [
                    209.442520142,
                    235.225158691,
                    24.309545517,
                    60.4373168945,
                    202.414291382,
                    -31.3444023132,
                    104.286506653,
                    60.3057899475,
                    71.0095291138,
                    -8.96814537048,
                    163.606735229,
                    -4.40437173843,
                    20.7390995026
                ],
                [
                    254.540237427,
                    -239.223464966,
                    89.8060760498,
                    47.8917999268,
                    -142.842178345,
                    87.3022842407,
                    -3.04676938057,
                    20.7034873962,
                    -19.1065616608,
                    0.633643269539,
                    -4.40437173843,
                    157.740982056,
                    18.5440063477
                ],
                [
                    -118.759101868,
                    101.478805542,
                    140.817260742,
                    53.7670936584,
                    107.332740784,
                    12.4167795181,
                    65.2476959229,
                    -15.641459465,
                    40.1678657532,
                    29.9464912415,
                    20.7390995026,
                    18.5440063477,
                    132.757461548
                ]
            ],
            "icov": [
                [
                    0.000208904777537,
                    -0.000343279971275,
                    0.000293123070151,
                    -0.000534571358003,
                    0.000291472650133,
                    -0.000775169231929,
                    0.000297645048704,
                    -0.000307006092044,
                    -4.58595895907e-05,
                    0.000212372688111,
                    -0.000180666291271,
                    -0.00013739404676,
                    2.26380707318e-05
                ],
                [
                    -0.000343279971275,
                    0.00271680066362,
                    -0.000571717333514,
                    0.00218882178888,
                    -0.0019594526384,
                    0.00242210668512,
                    -0.00140851968899,
                    0.00220634578727,
                    -0.000785708485637,
                    0.0015381135745,
                    -0.000710052030627,
                    0.00083736772649,
                    -0.000469243794214
                ],
                [
                    0.000293123070151,
                    -0.000571717333514,
                    0.00127418071497,
                    -0.00108920317143,
                    0.000229265395319,
                    -0.0019742238801,
                    0.000362165330444,
                    0.00023789909028,
                    -0.000602581189014,
                    0.000184663294931,
                    -4.49111939815e-05,
                    -0.000517048581969,
                    -0.000141948432429
                ],
                [
                    -0.000534571358003,
                    0.00218882178888,
                    -0.00108920317143,
                    0.00373611156829,
                    -0.00144697190262,
                    0.00256132381037,
                    -0.000815875187982,
                    0.00136373157147,
                    -0.000788132834714,
                    0.000555713078938,
                    -0.00088060752023,
                    0.00072498730151,
                    -0.000867762195412
                ],
                [
                    0.000291472650133,
                    -0.0019594526384,
                    0.000229265395319,
                    -0.00144697190262,
                    0.00502191437408,
                    -0.000776928965934,
                    -0.000480068585603,
                    -0.00125350581948,
                    -0.00106922327541,
                    -0.000468523707241,
                    -0.00198882771656,
                    0.00197327788919,
                    -0.00133360631298
                ],
                [
                    -0.000775169231929,
                    0.00242210668512,
                    -0.0019742238801,
                    0.00256132381037,
                    -0.000776928965934,
                    0.00686545483768,
                    -0.00242021470331,
                    0.000912511080969,
                    -0.000306396948872,
                    -0.00152322428767,
                    0.000393420021283,
                    0.000570089148823,
                    9.00897721294e-05
                ],
                [
                    0.000297645048704,
                    -0.00140851968899,
                    0.000362165330444,
                    -0.000815875187982,
                    -0.000480068585603,
                    -0.00242021470331,
                    0.00447311159223,
                    -0.00134871620685,
                    0.000652233487926,
                    -8.1318699813e-05,
                    -0.000609766400885,
                    -0.00130262505263,
                    -0.000355448311893
                ],
                [
                    -0.000307006092044,
                    0.00220634578727,
                    0.00023789909028,
                    0.00136373157147,
                    -0.00125350581948,
                    0.000912511080969,
                    -0.00134871620685,
                    0.0103842020035,
                    -0.00430292077363,
                    0.00198422581889,
                    -0.00277637364343,
                    -0.000509338569827,
                    0.0014078184031
                ],
                [
                    -4.58595895907e-05,
                    -0.000785708485637,
                    -0.000602581189014,
                    -0.000788132834714,
                    -0.00106922327541,
                    -0.000306396948872,
                    0.000652233487926,
                    -0.00430292077363,
                    0.00953290984035,
                    -0.0019079336198,
                    -0.000107578503957,
                    0.000511577411089,
                    -0.000925100175664
                ],
                [
                    0.000212372688111,
                    0.0015381135745,
                    0.000184663294931,
                    0.000555713078938,
                    -0.000468523707241,
                    -0.00152322428767,
                    -8.1318699813e-05,
                    0.00198422581889,
                    -0.0019079336198,
                    0.0101307090372,
                    -0.00137539533898,
                    0.00184030609671,
                    -0.00236180960201
                ],
                [
                    -0.000180666291271,
                    -0.000710052030627,
                    -4.49111939815e-05,
                    -0.00088060752023,
                    -0.00198882771656,
                    0.000393420021283,
                    -0.000609766400885,
                    -0.00277637364343,
                    -0.000107578503957,
                    -0.00137539533898,
                    0.0114144328982,
                    -0.00198434130289,
                    0.00116599188186
                ],
                [
                    -0.00013739404676,
                    0.00083736772649,
                    -0.000517048581969,
                    0.00072498730151,
                    0.00197327788919,
                    0.000570089148823,
                    -0.00130262505263,
                    -0.000509338569827,
                    0.000511577411089,
                    0.00184030609671,
                    -0.00198434130289,
                    0.00979436840862,
                    -0.00320468260907
                ],
                [
                    2.26380707318e-05,
                    -0.000469243794214,
                    -0.000141948432429,
                    -0.000867762195412,
                    -0.00133360631298,
                    9.00897721294e-05,
                    -0.000355448311893,
                    0.0014078184031,
                    -0.000925100175664,
                    -0.00236180960201,
                    0.00116599188186,
                    -0.00320468260907,
                    0.0109019810334
                ]
            ],
            "mean": [
                -86.981262207,
                129.946212769,
                -89.9758682251,
                34.8652534485,
                -32.7434005737,
                14.4845466614,
                -35.9245300293,
                13.4221763611,
                -1.71975111961,
                -3.77658104897,
                4.97852325439,
                -0.375915616751,
                -9.09735679626
            ]
        },
        "hfc": {
            "dmean": 11.2587032318,
            "dmean2": 16.9001274109,
            "dvar": 749.210632324,
            "dvar2": 1657.70727539,
            "max": 304.958374023,
            "mean": 16.7297115326,
            "median": 9.18033885956,
            "min": 1.09405634204e-16,
            "var": 845.915771484
        },
        "melbands": {
            "dmean": [
                0.00698690349236,
                0.00293905008584,
                0.000737559865229,
                0.000223447903409,
                0.000273242854746,
                0.000195704284124,
                0.000119077631098,
                8.00278503448e-05,
                7.75593143771e-05,
                5.42318230146e-05,
                4.19936332037e-05,
                3.51925009454e-05,
                2.82312703348e-05,
                3.42234525306e-05,
                2.78521874861e-05,
                3.62830251106e-05,
                2.97669230349e-05,
                2.37316635321e-05,
                2.29752877203e-05,
                1.93804644368e-05,
                1.88384710782e-05,
                1.65507099155e-05,
                1.62470478244e-05,
                1.19245878523e-05,
                1.29898189698e-05,
                1.33317371365e-05,
