{
    "lowlevel": {
        "average_loudness": 0.600598633289,
        "barkbands": {
            "dmean": [
                0.000195664571947,
                0.00168457184918,
                0.000970533292275,
                0.00073559442535,
                0.00125262094662,
                0.000630498048849,
                0.000331554212607,
                0.00085211370606,
                0.000904609565623,
                0.000591588148382,
                0.000416178168962,
                0.000266476476099,
                0.00024539680453,
                0.000272317265626,
                0.000242021706072,
                0.000160610288731,
                0.000132440502057,
                0.000112725996587,
                0.000156010501087,
                0.000109215572593,
                4.2410192691e-05,
                6.49257053738e-05,
                8.19885754026e-05,
                5.57867351745e-05,
                2.40884437517e-05,
                1.43483994179e-05,
                1.33852506679e-06
            ],
            "dmean2": [
                0.000277093786281,
                0.00272750039585,
                0.00166216120124,
                0.00122031045612,
                0.00209531816654,
                0.00100974587258,
                0.000508152181283,
                0.00120908988174,
                0.0012804705184,
                0.000872611417435,
                0.000600577215664,
                0.000389756198274,
                0.000377393822419,
                0.000419871270424,
                0.00037105724914,
                0.000248893455137,
                0.000203636023798,
                0.00016923979274,
                0.000230490550166,
                0.00016547627456,
                6.84903134243e-05,
                0.000101551617263,
                0.000118428586575,
                7.85822994658e-05,
                3.4027692891e-05,
                2.18590139411e-05,
                2.01384341381e-06
            ],
            "dvar": [
                8.23174048037e-07,
                4.0157163312e-05,
                9.68867880147e-06,
                5.93972208662e-06,
                9.30046826397e-06,
                1.99404348677e-06,
                5.25581356214e-07,
                4.07846482631e-06,
                6.41627912046e-06,
                2.12565851143e-06,
                1.06144614165e-06,
                4.81870017666e-07,
                4.28993189416e-07,
                4.31422250813e-07,
                3.66564165688e-07,
                1.87729327195e-07,
                1.00499121913e-07,
                6.36353050254e-08,
                1.08404847765e-07,
                6.23275369094e-08,
                1.53039110273e-08,
                4.86347175865e-08,
                9.4490459901e-08,
                3.30703784357e-08,
                7.84221132477e-09,
                2.26824736771e-09,
                2.93998471401e-11
            ],
            "dvar2": [
                1.56531677931e-06,
                0.000101820915006,
                2.78142197203e-05,
                1.50690329974e-05,
                2.59743046627e-05,
                5.10993777425e-06,
                1.2412893966e-06,
                7.77254717832e-06,
                1.26585373437e-05,
                4.4784264901e-06,
                2.04908019441e-06,
                9.32235820983e-07,
                9.68031713455e-07,
                1.01889861526e-06,
                8.64114156229e-07,
                4.24648050057e-07,
                2.22412722906e-07,
                1.39434774837e-07,
                2.29084804459e-07,
                1.34036753252e-07,
                3.77073519076e-08,
                1.12124567409e-07,
                2.03898636641e-07,
                6.04607848231e-08,
                1.56096842119e-08,
                5.46852296779e-09,
                6.56585757985e-11
            ],
            "max": [
                0.011647365056,
                0.128524899483,
                0.0528908185661,
                0.0444823056459,
                0.0679691508412,
                0.0338414981961,
                0.0185466483235,
                0.0546117573977,
                0.0624367035925,
                0.0584185868502,
                0.0324644707143,
                0.0191215742379,
                0.0205386821181,
                0.0198889579624,
                0.0114206634462,
                0.00961977057159,
                0.00833080243319,
                0.00601889425889,
                0.00738336052746,
                0.00528979860246,
                0.0026563629508,
                0.00635558506474,
                0.0135652180761,
                0.00618594978005,
                0.00355511438102,
                0.00101589469705,
                0.00017420174845
            ],
            "mean": [
                0.000224659073865,
                0.00364697352052,
                0.00208972301334,
                0.00106941384729,
                0.00248895189725,
                0.00148927571718,
                0.000717541202903,
                0.00215611397289,
                0.00229694251902,
                0.00138223450631,
                0.000939726596698,
                0.000531935482286,
                0.000444706529379,
                0.000509359699208,
                0.000466763798613,
                0.000322552514262,
                0.000294986763038,
                0.00024696791661,
                0.000374568538973,
                0.00023396591132,
                8.63025634317e-05,
                0.000130683911266,
                0.000182254399988,
                0.000116776747745,
                4.14988680859e-05,
                1.78072041308e-05,
                1.56695841724e-06
            ],
            "median": [
                4.93124446166e-07,
                0.00155524676666,
                0.000821679306682,
                0.000395133567508,
                0.00123005139176,
                0.000600141938776,
                0.000316044373903,
                0.000650261703413,
                0.000283421599306,
                0.000422984594479,
                0.000189115788089,
                0.000144824909512,
                0.000105994098703,
                0.000162488649949,
                0.000127467093989,
                8.17171167e-05,
                8.37359693833e-05,
                6.54460527585e-05,
                0.000107317035145,
                6.20625287411e-05,
                1.63493659784e-05,
                1.82550793397e-05,
                3.32290765073e-05,
                2.7021891583e-05,
                8.05982926977e-06,
                2.40843405663e-06,
                8.76176287079e-08
            ],
            "min": [
                3.67945489014e-23,
                1.49231430148e-22,
                1.45822531829e-23,
                8.9034620407e-24,
                1.21607515488e-22,
                7.28781952877e-23,
                4.24273313091e-23,
                1.48221246427e-22,
                5.9932148485e-23,
                3.94169276542e-23,
                5.71080264443e-23,
                4.27671915197e-23,
                7.50338618409e-23,
                1.47034231646e-22,
                1.36783419634e-22,
                2.19030272182e-22,
                1.75488065844e-22,
                2.11319226253e-22,
                1.98711045421e-22,
                2.41128399217e-22,
                4.95303472335e-22,
                4.6463690223e-22,
                6.82804728562e-22,
                9.77969519185e-22,
                1.24386062825e-21,
                1.90040646182e-21,
                2.29490012427e-21
            ],
            "var": [
                1.03515992578e-06,
                4.91712307849e-05,
                1.2585091099e-05,
                6.02581940257e-06,
                1.45471931319e-05,
                6.17742443865e-06,
                1.56195392265e-06,
                1.50561818373e-05,
                3.24143147736e-05,
                8.65597121447e-06,
                4.92569370181e-06,
                1.59249032095e-06,
                1.09049972252e-06,
                1.06982508896e-06,
                8.63500474679e-07,
                4.69448679041e-07,
                3.3716619896e-07,
                2.05763143413e-07,
                4.19797203222e-07,
                2.06450422979e-07,
                3.41413119997e-08,
                1.05644645032e-07,
                2.25078693461e-07,
                8.30772393101e-08,
                1.5134382636e-08,
                2.76461009641e-09,
                3.51355090855e-11
            ]
        },
        "barkbands_crest": {
            "dmean": 1.73945820332,
            "dmean2": 2.74225068092,
            "dvar": 3.25564932823,
            "dvar2": 8.02259349823,
            "max": 25.5870094299,
            "mean": 9.71111488342,
            "median": 8.9519071579,
            "min": 2.70783853531,
            "var": 14.2747535706
        },
        "barkbands_flatness_db": {
            "dmean": 0.0149436173961,
            "dmean2": 0.0217546280473,
            "dvar": 0.000274222897133,
            "dvar2": 0.000547449395526,
            "max": 0.402132004499,
            "mean": 0.162136882544,
            "median": 0.150647297502,
            "min": 0.0288660414517,
            "var": 0.00462451810017
        },
        "barkbands_kurtosis": {
            "dmean": 1.65463936329,
            "dmean2": 2.55257058144,
            "dvar": 11.2236433029,
            "dvar2": 27.5278835297,
            "max": 141.258865356,
            "mean": 3.6477253437,
            "median": 1.61189222336,
            "min": -1.94861578941,
            "var": 77.9622573853
        },
        "barkbands_skewness": {
            "dmean": 0.339647591114,
            "dmean2": 0.506013214588,
            "dvar": 0.181765943766,
            "dvar2": 0.396189659834,
            "max": 8.7684431076,
            "mean": 1.19286823273,
            "median": 1.12528717518,
            "min": -7.39696264267,
            "var": 1.42512369156
        },
        "barkbands_spread": {
            "dmean": 3.48627877235,
            "dmean2": 5.13914299011,
            "dvar": 31.7939968109,
            "dvar2": 63.1621398926,
            "max": 102.003822327,
            "mean": 18.4474811554,
            "median": 15.7732229233,
            "min": 0.949627220631,
            "var": 163.898803711
        },
        "dissonance": {
            "dmean": 0.0224831346422,
            "dmean2": 0.0377165600657,
            "dvar": 0.000547493924387,
            "dvar2": 0.00148137367796,
            "max": 0.499999970198,
            "mean": 0.437691807747,
            "median": 0.452817648649,
            "min": 0.11207652092,
            "var": 0.00273345224559
        },
        "dynamic_complexity": 5.56963634491,
        "erbbands": {
            "dmean": [
                0.056520935148,
                0.379709810019,
                1.10104179382,
                1.58678245544,
                3.87222957611,
                4.1682510376,
                5.36529445648,
                4.97401571274,
                4.1265206337,
                10.9626369476,
                17.6068248749,
                22.9345111847,
                18.7626399994,
                12.2496414185,
                16.4219894409,
                11.0409812927,
                10.5417823792,
                12.7643909454,
                11.3240623474,
                11.4104995728,
                6.79953241348,
                5.58278846741,
                5.82709693909,
                5.85920715332,
                8.21576690674,
                5.03534221649,
                1.81119394302,
                1.81805467606,
                2.21077632904,
                2.81244397163,
                2.14912033081,
                1.42881572247,
                0.783938586712,
                0.290987998247,
                0.175529718399,
                0.0980596244335,
                0.0169880632311,
                0.00254742638208,
                0.000249775970588,
                1.23746422105e-05
            ],
            "dmean2": [
                0.0864264667034,
                0.646951675415,
                1.89860498905,
                2.62590122223,
                6.68613290787,
                6.88173866272,
                8.50326919556,
                8.011677742,
                6.05903768539,
                16.3113079071,
                24.6252250671,
                31.9293117523,
                27.3377075195,
                17.5284614563,
                23.64569664,
                15.9249200821,
                15.9191894531,
                19.650182724,
                17.3243331909,
                17.5378112793,
                10.3982095718,
                8.49478912354,
                8.71046066284,
                8.47842979431,
                12.0593194962,
                7.54539728165,
                2.860247612,
                2.95008563995,
                3.52315831184,
                4.17688512802,
                3.07210922241,
                2.02827095985,
                1.10198628902,
                0.410003751516,
                0.252343952656,
                0.149175852537,
                0.0261818971485,
                0.003822354367,
                0.000374957773602,
                1.84956370504e-05
            ],
            "dvar": [
                0.0590293779969,
                2.04910993576,
                13.7456989288,
                19.7828865051,
                137.349502563,
                106.732681274,
                169.626617432,
                133.284088135,
                82.6375427246,
                582.372558594,
                2199.75170898,
                4292.16943359,
                2374.86914063,
                1385.96313477,
                1624.97155762,
                745.277709961,
                735.285217285,
                923.291015625,
                799.515991211,
                1013.02484131,
                267.902648926,
                203.117996216,
                160.093856812,
                158.827560425,
                342.094207764,
                147.512664795,
                23.7285423279,
                31.2092075348,
                59.3545150757,
                101.951042175,
                68.7176818848,
                25.4968566895,
                6.39378595352,
                1.10352957249,
                0.531204819679,
                0.111374169588,
                0.00355431693606,
                8.70767617016e-05,
                1.05913386506e-06,
                1.10726228186e-09
            ],
            "dvar2": [
                0.122361958027,
                5.89249038696,
                39.6429595947,
                50.6881866455,
                384.590270996,
                291.881744385,
                416.207977295,
                359.018920898,
                174.705459595,
                1291.93945313,
                4078.6940918,
                8635.72070313,
                5015.53417969,
                2819.57348633,
                3179.25,
                1416.12219238,
                1555.0904541,
                2172.7043457,
                1840.27124023,
                2408.03662109,
                621.462585449,
                463.369995117,
                345.50994873,
                323.499694824,
                723.329589844,
                321.660644531,
                58.007358551,
                77.5943527222,
                142.430801392,
                219.541931152,
                147.943328857,
                48.8636474609,
                12.1084394455,
                2.11333322525,
                1.17397511005,
                0.266470491886,
                0.00862075947225,
                0.000197375833523,
                2.36121195485e-06,
                2.4826012357e-09
            ],
            "max": [
                4.03196763992,
                32.2046585083,
                59.9854927063,
                87.8568649292,
                308.683166504,
                240.336685181,
                402.073913574,
                246.015563965,
                288.472442627,
                549.783630371,
                1488.67492676,
                1850.61230469,
                1397.81140137,
                2179.37890625,
                1270.55407715,
                750.165649414,
                941.903808594,
                966.97869873,
                600.480163574,
                791.454711914,
                351.655487061,
                575.840393066,
                282.229736328,
                350.764038086,
                451.115905762,
                285.864837646,
                161.552871704,
                115.747787476,
                225.768310547,
                336.333709717,
                345.17666626,
                219.677993774,
                86.0558013916,
                43.045135498,
                34.6906661987,
                8.6968755722,
                0.99669110775,
                0.202926144004,
                0.0326193012297,
                0.000816728686914
            ],
            "mean": [
                0.0972268953919,
                0.832974672318,
                2.51613521576,
                2.92149686813,
                5.69854974747,
                8.32292747498,
                11.7278356552,
                11.4289121628,
                10.855963707,
                27.4926929474,
                46.6130371094,
                61.8028907776,
                47.1113739014,
                28.2809753418,
                40.6328048706,
                26.7310199738,
                21.6583156586,
                25.8343372345,
                24.1090164185,
                23.1897335052,
                16.7808818817,
                13.4727125168,
                14.4333715439,
                15.3137779236,
                19.8417415619,
                11.7339448929,
                4.08959197998,
                3.60500860214,
                4.34154367447,
                6.00505065918,
                4.70446252823,
                2.97389507294,
                1.60776090622,
                0.543642163277,
                0.27582025528,
                0.124517045915,
                0.0208937581629,
                0.0031585439574,
                0.000304996035993,
                3.68990622519e-05
            ],
            "median": [
                0.0133356880397,
                0.411904126406,
                1.19929289818,
                1.46780955791,
                2.20828390121,
                3.48214507103,
                4.46862077713,
                4.77501392365,
                5.1737203598,
                9.48145866394,
                15.2654256821,
                10.3472099304,
                14.7173843384,
                8.36853504181,
                9.63751506805,
                8.91341590881,
                6.30669927597,
                9.3214673996,
                7.77777862549,
                6.40515613556,
                5.03894472122,
                4.24819231033,
                4.39134550095,
                4.94466924667,
                5.1505522728,
                3.50565814972,
                1.23940837383,
                0.543820083141,
                0.609053492546,
                0.835908651352,
                0.921183824539,
                0.65973752737,
                0.373502343893,
                0.131062209606,
                0.0409761592746,
                0.0179246980697,
                0.0026569745969,
                0.000306252390146,
                3.02646913042e-05,
                2.36564519582e-05
            ],
            "min": [
                4.71083438206e-21,
                3.12616982825e-20,
                2.91871034569e-20,
                2.2314381249e-20,
                2.14808361925e-19,
                5.25128994434e-19,
                4.38246647482e-19,
                5.99437730787e-19,
                6.02553254866e-19,
                9.74911554437e-19,
                3.75850356265e-18,
                1.62440374185e-18,
                9.90618163306e-19,
                1.81416238649e-18,
                1.99700218229e-18,
                1.82806811977e-18,
                4.15632491132e-18,
                7.20471004811e-18,
                5.75371407173e-18,
                9.14920156435e-18,
                1.28256132415e-17,
                1.02746403447e-17,
                8.57279398938e-18,
                1.42357899226e-17,
                9.34589849657e-18,
                1.24192301599e-17,
                1.99321675566e-17,
                1.53839348108e-17,
                1.62117655873e-17,
                1.80185563469e-17,
                1.81350084879e-17,
                2.3841595185e-17,
                1.29861979497e-17,
                1.07555193123e-17,
                1.09665090983e-17,
                6.6653725723e-18,
                3.55114634028e-18,
                1.44773719496e-18,
                3.4832045682e-19,
                3.25740590984e-20
            ],
            "var": [
                0.0783729553223,
                2.07055258751,
                16.8965187073,
                25.6764507294,
                133.132766724,
                193.759887695,
                416.91192627,
                379.391235352,
                325.541748047,
                2299.61572266,
                8665.83398438,
                22658.5371094,
                10407.9746094,
                4762.77978516,
                8723.02832031,
                3315.53125,
                2257.38769531,
                2422.53710938,
                2044.96398926,
                2384.45947266,
                894.826049805,
                610.257873535,
                604.023986816,
                684.001586914,
                1279.15539551,
                519.50201416,
                63.6181716919,
                62.7547950745,
                118.617202759,
                247.716964722,
                158.122192383,
                55.6852340698,
                17.2027301788,
                2.46768331528,
                0.79823923111,
                0.138792008162,
                0.00419064005837,
                0.000108112137241,
                1.26708175685e-06,
                2.13245132663e-09
            ]
        },
        "erbbands_crest": {
            "dmean": 2.03502655029,
            "dmean2": 3.13773417473,
            "dvar": 4.14105367661,
            "dvar2": 9.77687168121,
            "max": 32.3635482788,
            "mean": 10.4796686172,
            "median": 9.42413330078,
            "min": 2.45053696632,
            "var": 23.9011249542
        },
        "erbbands_flatness_db": {
            "dmean": 0.0141208264977,
            "dmean2": 0.0193342640996,
            "dvar": 0.000269196374575,
            "dvar2": 0.000485138531076,
            "max": 0.468521207571,
            "mean": 0.194482758641,
            "median": 0.178406089544,
            "min": 0.0353852622211,
            "var": 0.00505119981244
        },
        "erbbands_kurtosis": {
            "dmean": 0.746136546135,
            "dmean2": 1.11391532421,
            "dvar": 1.25972104073,
            "dvar2": 2.65225410461,
            "max": 75.053276062,
            "mean": 1.19617021084,
            "median": 0.191889166832,
            "min": -1.7944047451,
            "var": 21.590385437
        },
        "erbbands_skewness": {
            "dmean": 0.266875445843,
            "dmean2": 0.392802596092,
            "dvar": 0.0775594040751,
            "dvar2": 0.158604711294,
            "max": 7.08920621872,
            "mean": 0.518447101116,
            "median": 0.486101359129,
            "min": -3.47380518913,
            "var": 0.683977842331
        },
        "erbbands_spread": {
            "dmean": 5.16777849197,
            "dmean2": 7.63182735443,
            "dvar": 54.9302635193,
            "dvar2": 118.872573853,
            "max": 139.376754761,
            "mean": 30.3853931427,
            "median": 27.8069992065,
            "min": 1.3047914505,
            "var": 311.980529785
        },
        "gfcc": {
            "cov": [
                [
                    29161.734375,
                    -1428.92675781,
                    -984.434997559,
                    3634.5168457,
                    -735.400024414,
                    1550.78295898,
                    20.3717136383,
                    1190.88183594,
                    311.786560059,
                    92.2987670898,
                    -205.038009644,
                    186.226013184,
                    4.09525108337
                ],
                [
                    -1428.92675781,
                    2223.4609375,
                    -456.394287109,
                    -572.577880859,
                    238.870681763,
                    -371.462249756,
                    94.6678771973,
                    -328.085571289,
                    13.9722003937,
                    -143.835891724,
                    73.3108673096,
                    -156.974456787,
                    31.5801200867
                ],
                [
                    -984.434997559,
                    -456.394287109,
                    990.493408203,
                    284.931793213,
                    60.3866195679,
                    157.841003418,
                    49.0357666016,
                    16.5783481598,
                    24.4162273407,
                    175.832244873,
                    -78.8421783447,
                    153.345092773,
                    8.38778018951
                ],
                [
                    3634.5168457,
                    -572.577880859,
                    284.931793213,
                    1149.4967041,
                    55.8421897888,
                    339.212219238,
                    92.0271682739,
                    164.407989502,
                    157.440628052,
                    116.391052246,
                    -71.5006103516,
                    103.685188293,
                    65.6504974365
                ],
                [
                    -735.400024414,
                    238.870681763,
                    60.3866195679,
                    55.8421897888,
                    354.34866333,
                    -0.135638594627,
                    89.2041931152,
                    -22.0442218781,
                    43.1863479614,
                    41.129196167,
                    -6.16504716873,
                    35.8853149414,
                    42.5924835205
                ],
                [
                    1550.78295898,
                    -371.462249756,
                    157.841003418,
                    339.212219238,
                    -0.135638594627,
                    373.810668945,
                    122.752540588,
                    129.880844116,
                    78.0389938354,
                    53.639503479,
                    -13.4420156479,
                    70.9811172485,
                    21.8731021881
                ],
                [
                    20.3717136383,
                    94.6678771973,
                    49.0357666016,
                    92.0271682739,
                    89.2041931152,
                    122.752540588,
                    289.606231689,
                    29.9613189697,
                    67.178817749,
                    46.0381698608,
                    12.9960069656,
                    62.0952720642,
                    22.0136966705
                ],
                [
                    1190.88183594,
                    -328.085571289,
                    16.5783481598,
                    164.407989502,
                    -22.0442218781,
                    129.880844116,
                    29.9613189697,
                    240.374191284,
                    51.6712684631,
                    15.0755157471,
                    29.0722618103,
                    23.4573001862,
                    2.4013736248
                ],
                [
                    311.786560059,
                    13.9722003937,
                    24.4162273407,
                    157.440628052,
                    43.1863479614,
                    78.0389938354,
                    67.178817749,
                    51.6712684631,
                    175.158279419,
                    55.1548690796,
                    -9.36050796509,
                    33.9639053345,
                    28.873003006
                ],
                [
                    92.2987670898,
                    -143.835891724,
                    175.832244873,
                    116.391052246,
                    41.129196167,
                    53.639503479,
                    46.0381698608,
                    15.0755157471,
                    55.1548690796,
                    161.581176758,
                    -23.7893714905,
                    62.8614959717,
                    28.7837924957
                ],
                [
                    -205.038009644,
                    73.3108673096,
                    -78.8421783447,
                    -71.5006103516,
                    -6.16504716873,
                    -13.4420156479,
                    12.9960069656,
                    29.0722618103,
                    -9.36050796509,
                    -23.7893714905,
                    135.2631073,
                    9.77815532684,
                    -3.39008021355
                ],
                [
                    186.226013184,
                    -156.974456787,
                    153.345092773,
                    103.685188293,
                    35.8853149414,
                    70.9811172485,
                    62.0952720642,
                    23.4573001862,
                    33.9639053345,
                    62.8614959717,
                    9.77815532684,
                    153.331130981,
                    37.2555999756
                ],
                [
                    4.09525108337,
                    31.5801200867,
                    8.38778018951,
                    65.6504974365,
                    42.5924835205,
                    21.8731021881,
                    22.0136966705,
                    2.4013736248,
                    28.873003006,
                    28.7837924957,
                    -3.39008021355,
                    37.2555999756,
                    93.876411438
                ]
            ],
            "icov": [
                [
                    0.000184194461326,
                    -0.000306914414978,
                    0.000451743020676,
                    -0.000621918472461,
                    0.000451351748779,
                    -0.000507942168042,
                    0.000357063458068,
                    -0.000774207233917,
                    0.000574266305193,
                    -0.000380563287763,
                    0.000511914782692,
                    -0.00059987383429,
                    0.000536029343493
                ],
                [
                    -0.000306914414978,
                    0.00146832386963,
                    -0.000651562702842,
                    0.00123148481362,
                    -0.00123609008733,
                    0.00134001043625,
                    -0.00118660042062,
                    0.00232655392028,
                    -0.00168039696291,
                    0.00122555356938,
                    -0.00136553612538,
                    0.00179432984442,
                    -0.00143655855209
                ],
                [
                    0.000451743020676,
                    -0.000651562702842,
                    0.00266320467927,
                    -0.00165187648963,
                    0.000886691443156,
                    -0.00156393018551,
                    0.00103419669904,
                    -0.00164282508194,
                    0.00185509561561,
                    -0.00211975537241,
                    0.00184833211824,
                    -0.00256959581748,
                    0.00204423000105
                ],
                [
                    -0.000621918472461,
                    0.00123148481362,
                    -0.00165187648963,
                    0.00352737121284,
                    -0.00174145237543,
                    0.000882724067196,
                    -0.00107705232222,
                    0.00243502808735,
                    -0.00268425024115,
                    0.00127983884886,
                    -0.00128982763272,
                    0.0020728521049,
                    -0.00236767134629
                ],
                [
                    0.000451351748779,
                    -0.00123609008733,
                    0.000886691443156,
                    -0.00174145237543,
                    0.00471077719703,
                    -0.000908414251171,
                    0.000133492008899,
                    -0.00209556263871,
                    0.00135896576103,
                    -0.00140278297476,
                    0.00150570785627,
                    -0.00186680955812,
                    0.000438774877694
                ],
                [
                    -0.000507942168042,
                    0.00134001043625,
                    -0.00156393018551,
                    0.000882724067196,
                    -0.000908414251171,
                    0.00659945001826,
                    -0.00290019297972,
                    0.000967759930063,
                    -0.0022422564216,
                    0.00165121781174,
                    -0.0012740760576,
                    0.00148515147157,
                    -0.00182843359653
                ],
                [
                    0.000357063458068,
                    -0.00118660042062,
                    0.00103419669904,
                    -0.00107705232222,
                    0.000133492008899,
                    -0.00290019297972,
                    0.00588196283206,
                    -0.00174588139635,
                    0.000565208145417,
                    -0.00152215571143,
                    0.000757690228056,
                    -0.00272726849653,
                    0.00172751781065
                ],
                [
                    -0.000774207233917,
                    0.00232655392028,
                    -0.00164282508194,
                    0.00243502808735,
                    -0.00209556263871,
                    0.000967759930063,
                    -0.00174588139635,
                    0.0100985411555,
                    -0.00419080024585,
                    0.00220574415289,
                    -0.00431179115549,
                    0.00338447722606,
                    -0.00231485138647
                ],
                [
                    0.000574266305193,
                    -0.00168039696291,
                    0.00185509561561,
                    -0.00268425024115,
                    0.00135896576103,
                    -0.0022422564216,
                    0.000565208145417,
                    -0.00419080024585,
                    0.0102296331897,
                    -0.00364153925329,
                    0.00241058715619,
                    -0.00254380563274,
                    0.00119904999156
                ],
                [
                    -0.000380563287763,
                    0.00122555356938,
                    -0.00211975537241,
                    0.00127983884886,
                    -0.00140278297476,
                    0.00165121781174,
                    -0.00152215571143,
                    0.00220574415289,
                    -0.00364153925329,
                    0.010581520386,
                    -0.000483282696223,
                    -3.6042980355e-05,
                    -0.00267664785497
                ],
                [
                    0.000511914782692,
                    -0.00136553612538,
                    0.00184833211824,
                    -0.00128982763272,
                    0.00150570785627,
                    -0.0012740760576,
                    0.000757690228056,
                    -0.00431179115549,
                    0.00241058715619,
                    -0.000483282696223,
                    0.0105168800801,
                    -0.00391275016591,
                    0.00205959472805
                ],
                [
                    -0.00059987383429,
                    0.00179432984442,
                    -0.00256959581748,
                    0.0020728521049,
                    -0.00186680955812,
                    0.00148515147157,
                    -0.00272726849653,
                    0.00338447722606,
                    -0.00254380563274,
                    -3.6042980355e-05,
                    -0.00391275016591,
                    0.0126625755802,
                    -0.00511665968224
                ],
                [
                    0.000536029343493,
                    -0.00143655855209,
                    0.00204423000105,
                    -0.00236767134629,
                    0.000438774877694,
                    -0.00182843359653,
                    0.00172751781065,
                    -0.00231485138647,
                    0.00119904999156,
                    -0.00267664785497,
                    0.00205959472805,
                    -0.00511665968224,
                    0.0150232510641
                ]
            ],
            "mean": [
                -64.8833999634,
                108.446304321,
                -126.370079041,
                11.351149559,
                -64.3288040161,
                9.89531517029,
                -39.8271255493,
                7.39274024963,
                -23.3818321228,
                -6.26865816116,
                -11.1005306244,
                -9.30895709991,
                -14.5724945068
            ]
        },
        "hfc": {
            "dmean": 3.64955163002,
            "dmean2": 5.20877313614,
            "dvar": 44.2332763672,
            "dvar2": 90.341506958,
            "max": 141.653106689,
            "mean": 18.273109436,
            "median": 11.8774957657,
            "min": 1.17639270907e-16,
            "var": 347.486175537
        },
        "melbands": {
            "dmean": [
                0.000461125804577,
                0.000545528426301,
                0.000339903315762,
                0.000279026688077,
                0.000187607787666,
                0.000112050700409,
                6.24861495453e-05,
                0.0001336663845,
                0.000152734748553,
                0.000136192480568,
                9.26821376197e-05,
                5.08622179041e-05,
                5.7363693486e-05,
                3.53847426595e-05,
                2.7310281439e-05,
                1.88337362488e-05,
                2.8073643989e-05,
                1.97051685973e-05,
                1.60171948664e-05,
                1.60709587362e-05,
                8.33694502944e-06,
                6.56102929497e-06,
                6.13165002505e-06,
                6.3606112235e-06,
                5.17296712133e-06,
                6.23844243819e-06,
                5.80636742598e-06,
