{
    "lowlevel": {
        "average_loudness": 0.88642013073,
        "barkbands": {
            "dmean": [
                0.00108905218076,
                0.0106999082491,
                0.00500728935003,
                0.00169433059637,
                0.00125364749692,
                0.000603169668466,
                0.000839111278765,
                0.000906897999812,
                0.00089502427727,
                0.000621983606834,
                0.000429587787949,
                0.000316653895425,
                0.000507305085193,
                0.000549659016542,
                0.000322754378431,
                0.000379877892556,
                0.000353461655322,
                0.000194612526684,
                0.000194114967599,
                0.000123815436382,
                0.00010078928608,
                7.14691122994e-05,
                5.12898550369e-05,
                4.80870985484e-05,
                4.27719278377e-05,
                2.80095118796e-05,
                3.4426889215e-06
            ],
            "dmean2": [
                0.00171779969241,
                0.0177036952227,
                0.00911378953606,
                0.00304691051133,
                0.0021780282259,
                0.00104583706707,
                0.00139549095184,
                0.00147840555292,
                0.00146115629468,
                0.00101780309342,
                0.000718195340596,
                0.000513218692504,
                0.000830006087199,
                0.000885822053533,
                0.000504484050907,
                0.000606555782724,
                0.000560497166589,
                0.000304380519083,
                0.000303009903291,
                0.000192375169718,
                0.000162836047821,
                0.000112419424113,
                8.0517907918e-05,
                7.38945527701e-05,
                6.53242386761e-05,
                4.36144218838e-05,
                5.89289584241e-06
            ],
            "dvar": [
                3.19347168443e-06,
                0.000284335168544,
                0.000181098424946,
                2.32303664234e-05,
                9.00638679013e-06,
                2.25079747906e-06,
                3.83634233003e-06,
                4.25652979175e-06,
                3.60037802238e-06,
                2.23900883611e-06,
                8.1720537537e-07,
                4.23083633905e-07,
                1.29857141928e-06,
                1.50075345573e-06,
                4.58561146388e-07,
                6.79036361362e-07,
                5.8291084315e-07,
                2.25680452104e-07,
                1.54210823666e-07,
                1.16480258328e-07,
                1.09474953547e-07,
                4.56849029717e-08,
                2.68252993152e-08,
                3.2137940309e-08,
                2.4754841732e-08,
                9.97681048887e-09,
                2.20957099839e-10
            ],
            "dvar2": [
                7.52256437409e-06,
                0.00074404629413,
                0.00051813578466,
                6.49978974252e-05,
                2.54579445027e-05,
                6.09948347119e-06,
                9.73153510131e-06,
                1.04926175482e-05,
                8.84811106516e-06,
                5.55641099709e-06,
                2.09810696106e-06,
                1.07572225261e-06,
                3.3378887565e-06,
                3.69545682588e-06,
                1.11791530344e-06,
                1.68317080806e-06,
                1.41166560752e-06,
                5.0831141607e-07,
                3.72394225678e-07,
                2.60334729774e-07,
                2.83944672219e-07,
                1.0994752131e-07,
                6.50103260114e-08,
                7.88024152598e-08,
                5.8090186883e-08,
                2.30406751456e-08,
                5.77328684859e-10
            ],
            "max": [
                0.0252077393234,
                0.158333063126,
                0.134178668261,
                0.0878813564777,
                0.0406413935125,
                0.0182988028973,
                0.0527557656169,
                0.0315186269581,
                0.0303449518979,
                0.0423326604068,
                0.0176013223827,
                0.0128152538091,
                0.0196619816124,
                0.0263086929917,
                0.0125821726397,
                0.0146465571597,
                0.0143286809325,
                0.0104405861348,
                0.00656734872609,
                0.0063392939046,
                0.00607570027933,
                0.00277089769952,
                0.00229621515609,
                0.00267410674132,
                0.00433447863907,
                0.00234196637757,
                0.000463358213892
            ],
            "mean": [
                0.00226253969595,
                0.0254265069962,
                0.00645083282143,
                0.00206288113259,
                0.00180062477011,
                0.000741091673262,
                0.00104447035119,
                0.00126396678388,
                0.00133292807732,
                0.000921765924431,
                0.000605012348387,
                0.000467872800073,
                0.00079211301636,
                0.000828836928122,
                0.000505833537318,
                0.000571020529605,
                0.000569642172195,
                0.00030780211091,
                0.000312231451971,
                0.000171154373675,
                0.000137158756843,
                9.94590445771e-05,
                6.72301903251e-05,
                5.70718948438e-05,
                5.39909742656e-05,
                3.40758851962e-05,
                3.17323451782e-06
            ],
            "median": [
                0.00063119106926,
                0.0180736798793,
                0.00238741189241,
                0.000756399589591,
                0.000810835976154,
                0.000240088207647,
                0.000258843123447,
                0.000350925547536,
                0.000371536065359,
                0.000324275461026,
                0.000246999785304,
                0.000195451400941,
                0.000275487458566,
                0.00022732646903,
                0.00018574326532,
                0.000218037646846,
                0.000229910423514,
                0.000116100069135,
                0.000133202294819,
                6.0658530856e-05,
                5.11814578203e-05,
                2.86908616545e-05,
                1.47860155266e-05,
                8.48297167977e-06,
                5.69218764213e-06,
                4.54260407423e-06,
                1.85505683703e-07
            ],
            "min": [
                1.42797806405e-24,
                4.46191718679e-24,
                1.46800476777e-24,
                9.07959653703e-24,
                1.29849171349e-23,
                1.58772929989e-23,
                1.36789017391e-23,
                1.00631088706e-23,
                2.10966302506e-23,
                4.57799522909e-23,
                2.40761878664e-23,
                3.96040012847e-23,
                1.98853248643e-23,
                3.79916358588e-23,
                6.12610888095e-23,
                6.7343023373e-23,
                9.8837285272e-23,
                9.96348425799e-23,
                1.58231348578e-22,
                2.16310077833e-22,
                3.01355745764e-22,
                3.344379468e-22,
                4.97563678735e-22,
                6.4012778273e-22,
                8.41809955999e-22,
                1.47189156355e-21,
                2.04017070282e-21
            ],
            "var": [
                1.29028894662e-05,
                0.000657458556816,
                0.000140024960274,
                1.83983847819e-05,
                9.59175577009e-06,
                2.26586575991e-06,
                4.94193318445e-06,
                6.79075264998e-06,
                6.19108186584e-06,
                4.42418377133e-06,
                1.2485646721e-06,
                6.63071432427e-07,
                2.26710494644e-06,
                2.57882129517e-06,
                8.26018265343e-07,
                1.04016737623e-06,
                1.02744274955e-06,
                3.94277662963e-07,
                2.40188995804e-07,
                1.42099892741e-07,
                1.07024177964e-07,
                5.52469678894e-08,
                3.32053389229e-08,
                3.74342263854e-08,
                3.45108581712e-08,
                1.53735602026e-08,
                2.34876368355e-10
            ]
        },
        "barkbands_crest": {
            "dmean": 2.90362358093,
            "dmean2": 4.75336790085,
            "dvar": 9.30251979828,
            "dvar2": 24.4944915771,
            "max": 26.0216159821,
            "mean": 14.8329696655,
            "median": 14.7668819427,
            "min": 2.22765254974,
            "var": 28.0979194641
        },
        "barkbands_flatness_db": {
            "dmean": 0.0295833460987,
            "dmean2": 0.0445789135993,
            "dvar": 0.00093772308901,
            "dvar2": 0.00193826272152,
            "max": 0.697604000568,
            "mean": 0.192550644279,
            "median": 0.180427163839,
            "min": 0.019478969276,
            "var": 0.00726482830942
        },
        "barkbands_kurtosis": {
            "dmean": 9.58843135834,
            "dmean2": 15.4406137466,
            "dvar": 448.936004639,
            "dvar2": 1100.81274414,
            "max": 707.790344238,
            "mean": 16.2823410034,
            "median": 5.04790687561,
            "min": -1.94325828552,
            "var": 1072.62219238
        },
        "barkbands_skewness": {
            "dmean": 0.944017589092,
            "dmean2": 1.48823809624,
            "dvar": 1.23172533512,
            "dvar2": 2.84161520004,
            "max": 19.1776218414,
            "mean": 2.80444383621,
            "median": 2.29945659637,
            "min": -3.12483644485,
            "var": 4.77406167984
        },
        "barkbands_spread": {
            "dmean": 5.70718955994,
            "dmean2": 8.78328132629,
            "dvar": 63.5650482178,
            "dvar2": 133.507156372,
            "max": 111.897346497,
            "mean": 17.6528110504,
            "median": 14.8080406189,
            "min": 0.153276085854,
            "var": 203.831481934
        },
        "dissonance": {
            "dmean": 0.0189322065562,
            "dmean2": 0.0321270003915,
            "dvar": 0.000450330844615,
            "dvar2": 0.00124904711265,
            "max": 0.500000059605,
            "mean": 0.467570930719,
            "median": 0.476800978184,
            "min": 0.230339646339,
            "var": 0.000973777787294
        },
        "dynamic_complexity": 4.18979549408,
        "erbbands": {
            "dmean": [
                0.426363438368,
                2.19244217873,
                5.25693941116,
                6.01385068893,
                4.33953905106,
                4.40749406815,
                4.03953647614,
                5.52509689331,
                9.5959072113,
                18.7008857727,
                16.9960174561,
                21.6246795654,
                17.3354949951,
                18.5188846588,
                16.9166870117,
                13.3771762848,
                22.6711540222,
                27.438035965,
                18.0458431244,
                17.2482242584,
                18.1444282532,
                17.0920352936,
                11.0742053986,
                10.0473718643,
                8.41492938995,
                5.69651508331,
                4.7505698204,
                3.37107825279,
                2.74386072159,
                1.84726846218,
                1.44176435471,
                0.993436634541,
                0.807685911655,
                0.455450415611,
                0.336809903383,
                0.142456263304,
                0.0479380860925,
                0.0109582990408,
                0.000328179681674,
                2.14365663851e-05
            ],
            "dmean2": [
                0.685661256313,
                3.61789298058,
                9.43158435822,
                10.7602720261,
                7.73106622696,
                7.57794713974,
                6.9912314415,
                9.66407394409,
                16.2303066254,
                30.8061237335,
                26.9283828735,
                35.2171554565,
                28.4380111694,
                30.3448009491,
                27.9671134949,
                21.4412231445,
                37.0438423157,
                44.6352462769,
                28.3750286102,
                27.3760623932,
                27.8147926331,
                26.8756427765,
                17.3654556274,
                15.6464824677,
                13.0809221268,
                8.83512973785,
                7.7025718689,
                5.33966398239,
                4.3267083168,
                2.93598389626,
                2.25937962532,
                1.49021732807,
                1.25522542,
                0.685459971428,
                0.53360837698,
                0.223245248199,
                0.0751009657979,
                0.017860006541,
                0.000544315844309,
                3.45798143826e-05
            ],
            "dvar": [
                0.400030225515,
                16.0011367798,
                200.853378296,
                239.463043213,
                133.72442627,
                107.104148865,
                97.2560501099,
                193.120437622,
                549.715515137,
                1934.87841797,
                2022.82470703,
                2319.92138672,
                1433.45373535,
                2842.39038086,
                1285.25231934,
                856.718505859,
                2464.71142578,
                4043.17407227,
                1433.07006836,
                1515.77502441,
                1303.52172852,
                1439.74719238,
                587.604003906,
                476.046600342,
                288.97088623,
                258.36328125,
                232.158554077,
                123.815368652,
                69.6300735474,
                29.8077926636,
                23.1970672607,
                13.3183307648,
                8.80806159973,
                2.38343405724,
                1.78169429302,
                0.267196565866,
                0.0293824579567,
                0.00178685050923,
                2.0062702788e-06,
                1.38463729371e-09
            ],
            "dvar2": [
                1.09024345875,
                39.8741607666,
                563.516296387,
                665.943969727,
                382.223449707,
                297.136688232,
                266.20413208,
                528.897460938,
                1458.10559082,
                4998.57470703,
                4703.19580078,
                5576.41455078,
                3566.93041992,
                7137.39648438,
                3244.4909668,
                2177.39282227,
                6298.45751953,
                9938.32519531,
                3548.81396484,
                3789.71386719,
                2941.86645508,
                3572.92895508,
                1368.31762695,
                1094.02050781,
                667.284973145,
                583.505126953,
                598.854919434,
                305.625335693,
                168.165740967,
                74.4460830688,
                56.0015983582,
                32.2341041565,
                21.4827098846,
                5.21295261383,
                4.47795772552,
                0.629325330257,
                0.0675776973367,
                0.00427664024755,
                5.13460690854e-06,
                3.36987682203e-09
            ],
            "max": [
                6.10033655167,
                37.9519805908,
                144.615097046,
                207.557144165,
                169.931045532,
                147.01399231,
                183.280929565,
                167.415664673,
                440.280151367,
                1454.97521973,
                848.111877441,
                931.145019531,
                1229.87878418,
                1543.73498535,
                955.625671387,
                642.703979492,
                898.171264648,
                1575.97412109,
                757.224182129,
                866.555603027,
                578.559020996,
                901.671936035,
                467.554748535,
                423.813018799,
                220.101364136,
                279.017913818,
                237.167221069,
                223.436065674,
                109.273513794,
                90.0607833862,
                71.6024932861,
                63.7162628174,
                57.2434539795,
                36.4536437988,
                37.2364425659,
                11.3935136795,
                4.10536384583,
                1.34990406036,
                0.0453068241477,
                0.000890242808964
            ],
            "mean": [
                0.939125061035,
                4.89549303055,
                7.15121173859,
                8.85306453705,
                5.44405603409,
                6.13749980927,
                5.37515163422,
                6.77614021301,
                11.426530838,
                26.0330867767,
                24.9813537598,
                33.4978713989,
                28.3803119659,
                25.235830307,
                26.1362419128,
                21.9599189758,
                37.1573371887,
                44.8838233948,
                30.0754375458,
                28.1738872528,
                30.7090625763,
                28.6320037842,
                18.814157486,
                16.948091507,
                13.5987195969,
                8.20982456207,
                6.37350416183,
                4.6760892868,
                3.65180420876,
                2.68251776695,
                1.81840479374,
                1.20688891411,
                0.949738442898,
                0.596896052361,
                0.389305144548,
                0.169126167893,
                0.0577029660344,
                0.0121032008901,
                0.000350485526724,
                6.39256395516e-05
            ],
            "median": [
                0.643655896187,
                3.01591205597,
                4.36761283875,
                2.81160593033,
                2.57564473152,
                2.42378234863,
                2.05584669113,
                2.18016958237,
                3.17371940613,
                7.34760665894,
                7.83925533295,
                9.76549339294,
                10.8079872131,
                9.56006813049,
                12.2442331314,
                9.91180610657,
                13.9112987518,
                13.989648819,
                11.1274394989,
                12.1887044907,
                12.8132610321,
                11.964258194,
                8.13723564148,
                7.00198221207,
                6.11521148682,
                3.13385629654,
                2.35510110855,
                1.54111993313,
                0.989105820656,
                0.845397293568,
                0.328071057796,
                0.139933794737,
                0.151733160019,
                0.0665846019983,
                0.0373404100537,
                0.0186376385391,
                0.00743167381734,
                0.00140804692637,
                5.98260885454e-05,
                5.74380428588e-05
            ],
            "min": [
                1.15621184555e-22,
                1.31358462316e-21,
                1.40825075906e-21,
                1.67994404737e-20,
                2.98369507632e-20,
                2.63770723652e-20,
                4.68716950407e-20,
                1.73131021858e-19,
                2.67764568138e-19,
                2.26518757857e-19,
                2.9861357115e-19,
                5.58651729529e-19,
                8.71965825278e-19,
                1.50617843581e-18,
                8.30170250082e-19,
                1.83029943947e-18,
                1.15225390789e-18,
                2.67066282944e-18,
                3.01140685469e-18,
                2.9582834546e-18,
                4.61870522526e-18,
                5.6490649709e-18,
                6.15079840248e-18,
                6.96191599472e-18,
                7.8916082734e-18,
                1.08182146396e-17,
                1.01724612052e-17,
                1.06008282659e-17,
                1.15881361558e-17,
                1.17547948513e-17,
                1.21405794813e-17,
                1.22416634337e-17,
                1.19533620389e-17,
                9.38848837195e-18,
                5.08133658851e-18,
                4.56233121215e-18,
                2.86171135885e-18,
                1.13531428292e-18,
                2.8052796499e-19,
                3.18981362157e-20
            ],
            "var": [
                1.02206087112,
                31.8854045868,
                150.521194458,
                239.768035889,
                101.752601624,
                130.677810669,
                107.343444824,
                184.509963989,
                602.731872559,
                2826.14306641,
                3108.35009766,
                4105.28076172,
                3583.69140625,
                3935.91748047,
                2082.60424805,
                1423.85168457,
                4543.34423828,
                7454.11669922,
                2631.79516602,
                2304.70166016,
                2542.90893555,
                2455.00927734,
                1059.33056641,
                849.29095459,
                461.618499756,
                313.543426514,
                225.383499146,
                132.355804443,
                80.6990509033,
                37.170879364,
                27.6869163513,
                15.9659986496,
                10.5365886688,
                3.70565390587,
                2.09051990509,
                0.376332193613,
                0.0459173470736,
                0.00249684276059,
                2.24172140406e-06,
                2.7044739781e-09
            ]
        },
        "erbbands_crest": {
            "dmean": 2.717212677,
            "dmean2": 4.471763134,
            "dvar": 6.78006267548,
            "dvar2": 17.0810127258,
            "max": 28.6609649658,
            "mean": 9.20463466644,
            "median": 7.83535289764,
            "min": 2.07570910454,
            "var": 23.1982517242
        },
        "erbbands_flatness_db": {
            "dmean": 0.0187844913453,
            "dmean2": 0.0281751044095,
            "dvar": 0.000323118933011,
            "dvar2": 0.000656453892589,
            "max": 0.443881303072,
            "mean": 0.160957574844,
            "median": 0.155186891556,
            "min": 0.0408149398863,
            "var": 0.00246229604818
        },
        "erbbands_kurtosis": {
            "dmean": 1.22015738487,
            "dmean2": 1.94640004635,
            "dvar": 8.93640136719,
            "dvar2": 18.3894176483,
            "max": 166.531326294,
            "mean": 1.18778181076,
            "median": 0.0919032096863,
            "min": -1.81200039387,
            "var": 29.8683662415
        },
        "erbbands_skewness": {
            "dmean": 0.406773000956,
            "dmean2": 0.635473310947,
            "dvar": 0.203431770205,
            "dvar2": 0.444728255272,
            "max": 11.0760936737,
            "mean": 0.165985256433,
            "median": -0.00397077854723,
            "min": -4.7849111557,
            "var": 1.06402552128
        },
        "erbbands_spread": {
            "dmean": 8.54912853241,
            "dmean2": 13.3800916672,
            "dvar": 124.6326828,
            "dvar2": 266.624938965,
            "max": 197.948013306,
            "mean": 37.4223937988,
            "median": 32.865486145,
            "min": 1.17416906357,
            "var": 514.788879395
        },
        "gfcc": {
            "cov": [
                [
                    18991.3867188,
                    121.123428345,
                    -2572.01831055,
                    303.355957031,
                    43.2244338989,
                    364.401519775,
                    272.547180176,
                    570.067504883,
                    287.704376221,
                    596.367675781,
                    -11.6315116882,
                    297.984283447,
                    -57.3614768982
                ],
                [
                    121.123428345,
                    1705.95117188,
                    -197.763534546,
                    -42.6032142639,
                    332.848358154,
                    -174.227920532,
                    356.438568115,
                    -118.255645752,
                    207.747848511,
                    -164.400283813,
                    224.552139282,
                    -127.977073669,
                    152.471664429
                ],
                [
                    -2572.01831055,
                    -197.763534546,
                    1386.34094238,
                    164.272964478,
                    43.483707428,
                    78.0219573975,
                    -195.124282837,
                    -73.5114212036,
                    -163.615783691,
                    -96.4508895874,
                    -102.551391602,
                    3.27796912193,
                    -45.3595542908
                ],
                [
                    303.355957031,
                    -42.6032142639,
                    164.272964478,
                    465.493377686,
                    151.583496094,
                    38.481716156,
                    21.1312618256,
                    5.74558448792,
                    63.7430381775,
                    -36.5765151978,
                    14.6625070572,
                    25.7284965515,
                    65.2173309326
                ],
                [
                    43.2244338989,
                    332.848358154,
                    43.483707428,
                    151.583496094,
                    375.750427246,
                    18.1608181,
                    145.627838135,
                    17.8657245636,
                    82.5797958374,
                    -20.7811470032,
                    49.9132843018,
                    2.39137578011,
                    78.2778015137
                ],
                [
                    364.401519775,
                    -174.227920532,
                    78.0219573975,
                    38.481716156,
                    18.1608181,
                    270.300354004,
                    83.8218917847,
                    70.1472244263,
                    8.54332447052,
                    54.7457389832,
                    12.0651578903,
                    -9.47780227661,
                    12.2665624619
                ],
                [
                    272.547180176,
                    356.438568115,
                    -195.124282837,
                    21.1312618256,
                    145.627838135,
                    83.8218917847,
                    359.627868652,
                    67.4279556274,
                    120.672981262,
                    37.1311950684,
                    116.17616272,
                    -28.6005268097,
                    76.9589538574
                ],
                [
                    570.067504883,
                    -118.255645752,
                    -73.5114212036,
                    5.74558448792,
                    17.8657245636,
                    70.1472244263,
                    67.4279556274,
                    170.075180054,
                    49.0004806519,
                    75.8512268066,
                    22.8069648743,
                    22.8323116302,
                    10.9682331085
                ],
                [
                    287.704376221,
                    207.747848511,
                    -163.615783691,
                    63.7430381775,
                    82.5797958374,
                    8.54332447052,
                    120.672981262,
                    49.0004806519,
                    235.399429321,
                    41.8841552734,
                    106.515052795,
                    -9.09132099152,
                    45.5825042725
                ],
                [
                    596.367675781,
                    -164.400283813,
                    -96.4508895874,
                    -36.5765151978,
                    -20.7811470032,
                    54.7457389832,
                    37.1311950684,
                    75.8512268066,
                    41.8841552734,
                    177.141433716,
                    28.9323368073,
                    32.8568344116,
                    -6.15865850449
                ],
                [
                    -11.6315116882,
                    224.552139282,
                    -102.551391602,
                    14.6625070572,
                    49.9132843018,
                    12.0651578903,
                    116.17616272,
                    22.8069648743,
                    106.515052795,
                    28.9323368073,
                    166.339080811,
                    -6.17440605164,
                    48.9264259338
                ],
                [
                    297.984283447,
                    -127.977073669,
                    3.27796912193,
                    25.7284965515,
                    2.39137578011,
                    -9.47780227661,
                    -28.6005268097,
                    22.8323116302,
                    -9.09132099152,
                    32.8568344116,
                    -6.17440605164,
                    125.9842453,
                    19.6621265411
                ],
                [
                    -57.3614768982,
                    152.471664429,
                    -45.3595542908,
                    65.2173309326,
                    78.2778015137,
                    12.2665624619,
                    76.9589538574,
                    10.9682331085,
                    45.5825042725,
                    -6.15865850449,
                    48.9264259338,
                    19.6621265411,
                    127.299369812
                ]
            ],
            "icov": [
                [
                    0.000128385989228,
                    -0.000254282756941,
                    0.000295847188681,
                    -0.000302393309539,
                    7.65720324125e-05,
                    -0.000347024586517,
                    0.000229073804803,
                    -0.000314725708449,
                    0.000130281143356,
                    -0.000366371037671,
                    0.000303706969135,
                    -0.000364806008292,
                    0.000372982147383
                ],
                [
                    -0.000254282756941,
                    0.00211170362309,
                    -0.000663491489831,
                    0.00126655469649,
                    -0.00103377574123,
                    0.00172153883614,
                    -0.00153524416965,
                    0.00150751147885,
                    -0.000817918218672,
                    0.00184051843826,
                    -0.00163011893164,
                    0.00164888170548,
                    -0.00150734721683
                ],
                [
                    0.000295847188681,
                    -0.000663491489831,
                    0.00164707854856,
                    -0.00103229226079,
                    -9.74356298684e-05,
                    -0.00135490181856,
                    0.00110245333053,
                    -0.000594334909692,
                    0.000841371249408,
                    -0.000597557576839,
                    0.000648337882012,
                    -0.00088307011174,
                    0.00117597111966
                ],
                [
                    -0.000302393309539,
                    0.00126655469649,
                    -0.00103229226079,
                    0.00389219867066,
                    -0.00142336671706,
                    0.000749055820052,
                    -0.0005306826788,
                    0.00108533527236,
                    -0.00154636334628,
                    0.00198684446514,
                    -0.000822921574581,
                    0.000660901889205,
                    -0.00212070997804
                ],
                [
                    7.65720324125e-05,
                    -0.00103377574123,
                    -9.74356298684e-05,
                    -0.00142336671706,
                    0.00450223311782,
                    -0.000370823167032,
                    -0.000826688599773,
                    -0.000705976213794,
                    -0.000252356403507,
                    -0.000422788842116,
                    0.00114709767513,
                    -0.000894517695997,
                    -0.000437751674326
                ],
                [
                    -0.000347024586517,
                    0.00172153883614,
                    -0.00135490181856,
                    0.000749055820052,
                    -0.000370823167032,
                    0.00657453946769,
                    -0.00265291682445,
                    -8.5014027718e-05,
                    -7.77806999395e-05,
                    0.000385344523238,
                    -0.00115461659152,
                    0.00248051085509,
                    -0.00177208054811
                ],
                [
                    0.000229073804803,
                    -0.00153524416965,
                    0.00110245333053,
                    -0.0005306826788,
                    -0.000826688599773,
                    -0.00265291682445,
                    0.00648750737309,
                    -0.00203025224619,
                    9.36393043958e-05,
                    -0.00137478695251,
                    -0.000765125209,
                    -8.77151796885e-06,
                    -0.00018099125009
                ],
                [
                    -0.000314725708449,
                    0.00150751147885,
                    -0.000594334909692,
                    0.00108533527236,
                    -0.000705976213794,
                    -8.5014027718e-05,
                    -0.00203025224619,
                    0.00966133270413,
                    -0.00170057464857,
                    -0.000968244450632,
                    -0.000622668070719,
                    0.000135309310281,
                    -0.00109746085946
                ],
                [
                    0.000130281143356,
                    -0.000817918218672,
                    0.000841371249408,
                    -0.00154636334628,
                    -0.000252356403507,
                    -7.77806999395e-05,
                    9.36393043958e-05,
                    -0.00170057464857,
                    0.00766497850418,
                    -0.00175070436671,
                    -0.00274278456345,
                    0.000270237855148,
                    0.000566071888898
                ],
                [
                    -0.000366371037671,
                    0.00184051843826,
                    -0.000597557576839,
                    0.00198684446514,
                    -0.000422788842116,
                    0.000385344523238,
                    -0.00137478695251,
                    -0.000968244450632,
                    -0.00175070436671,
                    0.01011343766,
                    -0.00242650369182,
                    -0.000585957139265,
                    -0.000323692860547
                ],
                [
                    0.000303706969135,
                    -0.00163011893164,
                    0.000648337882012,
                    -0.000822921574581,
                    0.00114709767513,
                    -0.00115461659152,
                    -0.000765125209,
                    -0.000622668070719,
                    -0.00274278456345,
                    -0.00242650369182,
                    0.0113855907694,
                    -0.001298719435,
                    -0.00064660893986
                ],
                [
                    -0.000364806008292,
                    0.00164888170548,
                    -0.00088307011174,
                    0.000660901889205,
                    -0.000894517695997,
                    0.00248051085509,
                    -8.77151796885e-06,
                    0.000135309310281,
                    0.000270237855148,
                    -0.000585957139265,
                    -0.001298719435,
                    0.0112501708791,
                    -0.00385150709189
                ],
                [
                    0.000372982147383,
                    -0.00150734721683,
                    0.00117597111966,
                    -0.00212070997804,
                    -0.000437751674326,
                    -0.00177208054811,
                    -0.00018099125009,
                    -0.00109746085946,
                    0.000566071888898,
                    -0.000323692860547,
                    -0.00064660893986,
                    -0.00385150709189,
                    0.0126034356654
                ]
            ],
            "mean": [
                -33.2978096008,
                109.435752869,
                -107.510673523,
                34.863155365,
                -32.6901855469,
                19.8388900757,
                -22.1570510864,
                15.2118635178,
                -15.4186296463,
                5.27088975906,
                -15.167719841,
                -0.564805090427,
                -12.6066846848
            ]
        },
        "hfc": {
            "dmean": 6.8037405014,
            "dmean2": 9.96954059601,
            "dvar": 156.706558228,
            "dvar2": 338.511413574,
            "max": 161.403411865,
            "mean": 19.2484512329,
            "median": 14.1627063751,
            "min": 1.13275688035e-16,
            "var": 358.833618164
        },
        "melbands": {
            "dmean": [
                0.00324135599658,
                0.0025571663864,
                0.000972108158749,
                0.000298590253806,
                0.000155798872584,
                0.000123156074551,
                0.000151119020302,
                0.000203247342142,
                0.000141912794788,
                0.00013452731946,
                8.71006122907e-05,
                7.85493684816e-05,
                5.76276361244e-05,
                3.97986441385e-05,
                4.35407891928e-05,
                4.85837590531e-05,
                5.61475753784e-05,
                3.18097336276e-05,
                2.24519026233e-05,
                2.94067085633e-05,
                2.2356172849e-05,
                1.96487653739e-05,
                1.46782604133e-05,
                1.01224386526e-05,
                8.58403018356e-06,
                7.49556147639e-06,
                5.14841121912e-06,
