{
    "lowlevel": {
        "average_loudness": 0.928806602955,
        "barkbands": {
            "dmean": [
                0.000542680907529,
                0.0077808839269,
                0.00177730200812,
                0.000962544640061,
                0.00170732464176,
                0.00083437882131,
                0.00172340555582,
                0.00112423824612,
                0.00100565596949,
                0.000660085934214,
                0.000636392214801,
                0.000569797528442,
                0.000606568239164,
                0.000665568222757,
                0.000528379459865,
                0.000539860862773,
                0.000485456403112,
                0.000249386357609,
                0.000181706302101,
                0.000107469815703,
                0.000112349640403,
                0.000144757228554,
                0.000111204186396,
                0.000105754508695,
                0.000114270813356,
                6.14227028564e-05,
                2.27474572512e-08
            ],
            "dmean2": [
                0.000858536281157,
                0.0116018950939,
                0.00303635327145,
                0.00168260128703,
                0.00267629441805,
                0.00135028234217,
                0.00279624457471,
                0.00184100714978,
                0.00158967729658,
                0.00109478284139,
                0.0010318494169,
                0.000923746847548,
                0.000999274780042,
                0.00108478066977,
                0.00083610904403,
                0.000875113648362,
                0.000784827861935,
                0.000403803016525,
                0.00028819029103,
                0.000165211953572,
                0.000174228203832,
                0.000220845860895,
                0.000174586166395,
                0.000160009774845,
                0.00018040802388,
                9.38347729971e-05,
                4.43253753701e-08
            ],
            "dvar": [
                1.23023494325e-06,
                0.000317350990372,
                2.89339659503e-05,
                7.28073246137e-06,
                9.44555995375e-06,
                4.45545947514e-06,
                1.46889833559e-05,
                5.99983695793e-06,
                5.94352695771e-06,
                4.91352875542e-06,
                2.75751676782e-06,
                2.32914476328e-06,
                2.36960386246e-06,
                2.33107743952e-06,
                1.38717302889e-06,
                1.10427197342e-06,
                7.4806689554e-07,
                2.16445343426e-07,
                8.94133052043e-08,
                4.72636330073e-08,
                5.26373895582e-08,
                1.06773967445e-07,
                7.43937604852e-08,
                1.15542015067e-07,
                1.30734434833e-07,
                2.63461821248e-08,
                2.67001129322e-13
            ],
            "dvar2": [
                2.86301587948e-06,
                0.000626080611255,
                7.5466450653e-05,
                2.00311733352e-05,
                2.20247220568e-05,
                1.04214177554e-05,
                3.5512726754e-05,
                1.46049969771e-05,
                1.42515564221e-05,
                1.3060081983e-05,
                6.87162446411e-06,
                5.53825793759e-06,
                5.93826962358e-06,
                6.08873142482e-06,
                3.27660745825e-06,
                2.79306868833e-06,
                1.93465803022e-06,
                5.7308579926e-07,
                2.16432653133e-07,
                1.03443944965e-07,
                1.22847367834e-07,
                2.48530426461e-07,
                1.84250794177e-07,
                2.45888742256e-07,
                3.13463687007e-07,
                5.70844669312e-08,
                7.99738801658e-13
            ],
            "max": [
                0.0121217472479,
                0.188207954168,
                0.0766711086035,
                0.0362986139953,
                0.0496769994497,
                0.0453125871718,
                0.0650874823332,
                0.0422365888953,
                0.0404832959175,
                0.061889346689,
                0.0378514491022,
                0.0310616511852,
                0.0337568335235,
                0.0267550665885,
                0.020804695785,
                0.0172888301313,
                0.0158410519361,
                0.00958949979395,
                0.00435865018517,
                0.00311791524291,
                0.00391043769196,
                0.00503748748451,
                0.00451625464484,
                0.013635517098,
                0.00810079090297,
                0.00269779493101,
                3.14673088724e-05
            ],
            "mean": [
                0.001240533893,
                0.0141628189012,
                0.00184872315731,
                0.000905434426386,
                0.00322561315261,
                0.00123768218327,
                0.00270639220253,
                0.00143927882891,
                0.00141094287392,
                0.000895816774573,
                0.000915302080102,
                0.000793244806118,
                0.000811781617813,
                0.000989777152427,
                0.000833508500364,
                0.000922717736103,
                0.000872097036336,
                0.00045236540609,
                0.000353926705429,
                0.000190749866306,
                0.000193663712707,
                0.000226316056796,
                0.00015978232841,
                0.000142383898492,
                0.000149281491758,
                7.63117859606e-05,
                1.24027170756e-08
            ],
            "median": [
                0.000216834945604,
                0.00716802850366,
                0.000436091970187,
                0.000199249625439,
                0.00176928029396,
                0.000331135321176,
                0.000560967309866,
                0.000381952093448,
                0.00025672983611,
                0.000182613701327,
                0.000233195198234,
                0.000223254741286,
                0.000243812290137,
                0.000310305447783,
                0.00028739872505,
                0.000392031215597,
                0.000328290479956,
                0.00017545670562,
                0.00016084490926,
                7.15595233487e-05,
                9.09493246581e-05,
                9.56759322435e-05,
                5.26782750967e-05,
                2.42014320975e-05,
                2.58699728874e-05,
                1.09783959488e-05,
                3.88814952457e-10
            ],
            "min": [
                8.68850907972e-25,
                1.68095490951e-24,
                1.09516198687e-24,
                6.67751281266e-25,
                5.6759776698e-24,
                5.56201054039e-24,
                7.89981403251e-24,
                4.18954757647e-24,
                7.65899767511e-24,
                1.44908794243e-23,
                1.16995763638e-23,
                2.56383564952e-23,
                2.61161869004e-23,
                2.39346472873e-23,
                4.51134626448e-23,
                4.98908863283e-23,
                5.52997300576e-23,
                7.85702937245e-23,
                1.09212150395e-22,
                1.37195066187e-22,
                1.98655080473e-22,
                3.32878526562e-22,
                3.8044635952e-22,
                6.10404866973e-22,
                8.74542458151e-22,
                1.30351123543e-21,
                1.88497699884e-21
            ],
            "var": [
                3.40158203471e-06,
                0.000498705136124,
                2.34258131968e-05,
                5.70998781768e-06,
                2.08914898394e-05,
                1.03071224657e-05,
                4.30624641012e-05,
                8.95140510693e-06,
                1.0058335647e-05,
                6.70787449053e-06,
                4.49950812254e-06,
                3.98398651669e-06,
                3.03705269289e-06,
                3.83147244065e-06,
                2.57403507931e-06,
                2.17874662667e-06,
                1.9503081603e-06,
                4.74597044331e-07,
                2.30078128993e-07,
                1.01149630893e-07,
                8.80927117919e-08,
                1.51927793013e-07,
                9.81408163625e-08,
                1.825566045e-07,
                1.60277153327e-07,
                3.72617101618e-08,
                1.34135798714e-13
            ]
        },
        "barkbands_crest": {
            "dmean": 3.30118441582,
            "dmean2": 5.10747909546,
            "dvar": 9.70344638824,
            "dvar2": 20.5548362732,
            "max": 26.4717197418,
            "mean": 12.9655570984,
            "median": 12.1393861771,
            "min": 2.37520384789,
            "var": 28.2010612488
        },
        "barkbands_flatness_db": {
            "dmean": 0.0312078632414,
            "dmean2": 0.045701559633,
            "dvar": 0.00109478295781,
            "dvar2": 0.00216570147313,
            "max": 0.580815136433,
            "mean": 0.172908291221,
            "median": 0.156962305307,
            "min": 0.0189206674695,
            "var": 0.005607154686
        },
        "barkbands_kurtosis": {
            "dmean": 7.83492565155,
            "dmean2": 12.1717891693,
            "dvar": 559.601013184,
            "dvar2": 1257.98815918,
            "max": 960.684814453,
            "mean": 10.4039907455,
            "median": 1.47348284721,
            "min": -1.9620770216,
            "var": 1032.9161377
        },
        "barkbands_skewness": {
            "dmean": 0.873497366905,
            "dmean2": 1.28148949146,
            "dvar": 1.21211397648,
            "dvar2": 2.52038836479,
            "max": 25.6705379486,
            "mean": 1.90240967274,
            "median": 1.32349812984,
            "min": -4.64515924454,
            "var": 4.8135175705
        },
        "barkbands_spread": {
            "dmean": 6.78905296326,
            "dmean2": 10.2591180801,
            "dvar": 74.065864563,
            "dvar2": 155.894317627,
            "max": 105.470176697,
            "mean": 23.0411434174,
            "median": 21.2717399597,
            "min": 0.201974675059,
            "var": 252.247344971
        },
        "dissonance": {
            "dmean": 0.0206662695855,
            "dmean2": 0.0342344082892,
            "dvar": 0.000604116823524,
            "dvar2": 0.00160946510732,
            "max": 0.500000119209,
            "mean": 0.459302455187,
            "median": 0.474197119474,
            "min": 0.169767394662,
            "var": 0.00176519865636
        },
        "dynamic_complexity": 3.69228339195,
        "erbbands": {
            "dmean": [
                0.286216825247,
                1.68159520626,
                2.11366128922,
                2.76660633087,
                3.23628854752,
                7.07973480225,
                8.60813808441,
                7.04909181595,
                17.6177806854,
                27.8327941895,
                24.4151344299,
                22.6529178619,
                13.8403596878,
                28.4910392761,
                22.559709549,
                19.9954929352,
                25.7798938751,
                29.1074848175,
                25.9396781921,
                26.2175045013,
                29.6486625671,
                25.9748401642,
                14.8282823563,
                9.56732845306,
                7.85737609863,
                4.69460439682,
                4.47341585159,
                4.68353891373,
                5.29990005493,
                4.02212142944,
                3.31261491776,
                2.22446513176,
                1.88288426399,
                1.33190751076,
                0.77182161808,
                0.325848311186,
                0.110864117742,
                0.00786423683167,
                0.000153995351866,
                2.04835105251e-05
            ],
            "dmean2": [
                0.424059182405,
                2.60039281845,
                3.4473836422,
                4.82835006714,
                5.26560688019,
                11.0282096863,
                13.4311161041,
                11.4410037994,
                28.4065742493,
                45.1978225708,
                39.3312263489,
                35.8827629089,
                22.719537735,
                46.171710968,
                36.4951210022,
                32.3874092102,
                41.9831924438,
                46.4198074341,
                42.1368713379,
                40.4280776978,
                47.2826385498,
                41.4886741638,
                23.5773963928,
                15.0218648911,
                12.3789052963,
                7.1579914093,
                7.02965259552,
                7.17583560944,
                8.14905261993,
                6.18705129623,
                5.21533870697,
                3.41274523735,
                2.8736166954,
                2.10703372955,
                1.20438432693,
                0.498726159334,
                0.169268265367,
                0.0122087737545,
                0.000236610227148,
                2.94675737678e-05
            ],
            "dvar": [
                0.410067021847,
                17.1666107178,
                33.7295341492,
                79.3840637207,
                39.3916358948,
                195.235229492,
                423.999359131,
                401.291381836,
                1599.88256836,
                3131.51489258,
                2591.80908203,
                3012.67114258,
                1185.58044434,
                7108.08789062,
                3929.69189453,
                3066.48461914,
                4205.25390625,
                4382.67382812,
                3411.65942383,
                3135.86572266,
                2908.11523438,
                2321.61035156,
                726.32220459,
                237.96534729,
                197.019592285,
                92.9419250488,
                103.28213501,
                83.1127319336,
                140.474761963,
                83.741104126,
                76.2986221313,
                44.4748649597,
                40.2026596069,
                18.4738445282,
                5.32690668106,
                0.72602212429,
                0.0947196632624,
                0.000517017673701,
                1.82491831424e-07,
                9.66970059579e-10
            ],
            "dvar2": [
                0.754561841488,
                38.4131355286,
                83.3536071777,
                212.911209106,
                97.7229537964,
                455.398529053,
                993.790405273,
                917.196533203,
                3841.16601562,
                7607.79003906,
                6355.94677734,
                7477.16113281,
                2879.93017578,
                18587.4003906,
                9589.31445312,
                7388.65087891,
                10507.9912109,
                10608.4306641,
                8796.34863281,
                6997.70019531,
                7526.24462891,
                5972.44677734,
                1865.70471191,
                584.228637695,
                478.513458252,
                198.438873291,
                252.822769165,
                179.082061768,
                329.151855469,
                202.593063354,
                190.020339966,
                97.455039978,
                88.4482803345,
                45.8923683167,
                11.9264383316,
                1.58490097523,
                0.206012576818,
                0.00113100733142,
                3.95488342519e-07,
                2.05757233473e-09
            ],
            "max": [
                6.14047718048,
                43.9779815674,
                94.5672302246,
                134.695281982,
                96.2342453003,
                299.992889404,
                520.210693359,
                543.413757324,
                885.761108398,
                996.801574707,
                817.219299316,
                930.638183594,
                991.396911621,
                1936.94763184,
                1784.76196289,
                1307.64257812,
                1589.72119141,
                1363.50756836,
                1350.98168945,
                1288.03662109,
                908.992858887,
                956.897460938,
                510.68963623,
                246.127868652,
                194.31942749,
                147.43812561,
                200.548583984,
                149.182312012,
                172.781921387,
                160.917098999,
                187.146575928,
                286.239562988,
                213.386154175,
                101.146499634,
                73.9124221802,
                17.1452636719,
                5.29962682724,
                0.584504783154,
                0.0102299228311,
                0.000607181107625
            ],
            "mean": [
                0.589415371418,
                2.43056464195,
                2.52759432793,
                2.70244073868,
                4.56705093384,
                12.8669710159,
                13.6716976166,
                11.2877225876,
                27.5736408234,
                41.5590705872,
                33.8344764709,
                31.212688446,
                20.480430603,
                42.6417541504,
                34.3546104431,
                30.0207939148,
                37.140296936,
                46.593082428,
                43.3599891663,
                46.3555183411,
                54.1171112061,
                49.7678833008,
                29.055929184,
                19.6456775665,
                14.9843578339,
                8.68591117859,
                7.56975793839,
                8.04964447021,
                8.25816631317,
                6.15415430069,
                4.55890512466,
                2.91457629204,
                2.50792598724,
                1.69845175743,
                1.01376581192,
                0.418968468904,
                0.133923828602,
                0.00901586562395,
                0.000201135451789,
                5.51507146156e-05
            ],
            "median": [
                0.234107360244,
                1.16348671913,
                0.809739410877,
                0.778955221176,
                2.02432346344,
                5.7005739212,
                5.2263841629,
                2.89933681488,
                6.71617221832,
                13.2058258057,
                10.1427745819,
                6.95845317841,
                7.02781963348,
                10.045583725,
                10.8867435455,
                10.05701828,
                12.2837181091,
                16.3671665192,
                17.7528247833,
                18.5785369873,
                24.9958133698,
                20.0517616272,
                11.9309101105,
                8.45450592041,
                7.05781173706,
                3.46512985229,
                3.30052137375,
                3.74403452873,
                3.50043058395,
                2.36259317398,
                1.39038074017,
                0.582859516144,
                0.406189113855,
                0.309790194035,
                0.160434633493,
                0.0640530288219,
                0.018207706511,
                0.00098661147058,
                4.55076478829e-05,
                4.57334463135e-05
            ],
            "min": [
                6.94919435877e-23,
                3.63414612762e-22,
                1.26581706324e-21,
                4.08043914867e-21,
                5.95914524605e-21,
                1.65277326451e-20,
                4.25329033144e-20,
                6.03812831219e-20,
                1.37298023011e-19,
                1.42902016565e-19,
                2.35668667901e-19,
                2.57791406589e-19,
                2.63901040141e-19,
                7.4171987888e-19,
                5.70034717035e-19,
                1.23524473195e-18,
                1.61117702046e-18,
                1.40398647499e-18,
                2.54007996204e-18,
                3.29977897343e-18,
                3.51759093156e-18,
                4.72883315688e-18,
                5.24158049831e-18,
                6.01963733583e-18,
                5.68689524903e-18,
                6.76233385652e-18,
                9.29513607674e-18,
                7.25770006533e-18,
                1.06052495463e-17,
                1.02170181161e-17,
                1.0050933484e-17,
                1.09527365411e-17,
                9.6248974182e-18,
                8.25537749138e-18,
                5.70875763262e-18,
                4.2738271581e-18,
                2.33961356777e-18,
                9.72223010651e-19,
                2.27965703543e-19,
                2.54242620815e-20
            ],
            "var": [
                0.754081249237,
                20.4923458099,
                31.9564037323,
                60.6801452637,
                56.5285835266,
                438.548950195,
                681.990112305,
                1143.60266113,
                4307.36572266,
                7263.33105469,
                4064.85839844,
                4599.22314453,
                1803.87219238,
                11419.3066406,
                5910.37109375,
                4872.34619141,
                5715.23925781,
                8084.72119141,
                5084.42724609,
                6879.94824219,
                6168.36962891,
                6147.11816406,
                1834.50354004,
                720.854492188,
                410.649383545,
                206.420425415,
                158.551132202,
                152.534881592,
                197.251205444,
                116.573646545,
                95.3486404419,
                67.120010376,
                59.7659034729,
                21.1817035675,
                7.51897954941,
                1.06574594975,
                0.128727123141,
                0.00066824053647,
                2.47833980893e-07,
                2.28965801874e-09
            ]
        },
        "erbbands_crest": {
            "dmean": 3.08711051941,
            "dmean2": 5.05220270157,
            "dvar": 8.91784477234,
            "dvar2": 22.1489391327,
            "max": 30.6887512207,
            "mean": 9.93241691589,
            "median": 8.53914642334,
            "min": 2.07550501823,
            "var": 27.5979557037
        },
        "erbbands_flatness_db": {
            "dmean": 0.0220317468047,
            "dmean2": 0.0328589268029,
            "dvar": 0.000508481403813,
            "dvar2": 0.00108305632602,
            "max": 0.480593234301,
            "mean": 0.169957861304,
            "median": 0.157348498702,
            "min": 0.0555642172694,
            "var": 0.00370937818661
        },
        "erbbands_kurtosis": {
            "dmean": 1.60563242435,
            "dmean2": 2.54252839088,
            "dvar": 13.6507549286,
            "dvar2": 30.8857364655,
            "max": 144.519302368,
            "mean": 1.44147181511,
            "median": 0.102897524834,
            "min": -1.8502099514,
            "var": 28.2105903625
        },
        "erbbands_skewness": {
            "dmean": 0.47711750865,
            "dmean2": 0.728400111198,
            "dvar": 0.284792006016,
            "dvar2": 0.59253513813,
            "max": 10.0965824127,
            "mean": 0.277865588665,
            "median": 0.0552556663752,
            "min": -4.10471725464,
            "var": 1.29364204407
        },
        "erbbands_spread": {
            "dmean": 9.36457538605,
            "dmean2": 14.5806074142,
            "dvar": 139.067230225,
            "dvar2": 315.875518799,
            "max": 159.043991089,
            "mean": 35.5303649902,
            "median": 32.4842681885,
            "min": 1.63863015175,
            "var": 405.754180908
        },
        "gfcc": {
            "cov": [
                [
                    36088.3710938,
                    -262.769165039,
                    -2289.09448242,
                    1357.59985352,
                    -658.066711426,
                    1228.02905273,
                    -1132.99975586,
                    1244.22412109,
                    -319.088897705,
                    649.49432373,
                    -843.093811035,
                    333.328399658,
                    -499.176452637
                ],
                [
                    -262.769165039,
                    1782.22094727,
                    -186.968276978,
                    97.8383407593,
                    309.231964111,
                    -87.9276428223,
                    364.766571045,
                    -141.607681274,
                    204.351028442,
                    -104.313819885,
                    231.665176392,
                    -98.6861724854,
                    94.0533981323
                ],
                [
                    -2289.09448242,
                    -186.968276978,
                    1090.4239502,
                    332.745697021,
                    273.656494141,
                    95.7921142578,
                    54.5918960571,
                    7.33268213272,
                    47.5161323547,
                    8.75603675842,
                    42.9896354675,
                    3.30618929863,
                    10.3475189209
                ],
                [
                    1357.59985352,
                    97.8383407593,
                    332.745697021,
                    811.533630371,
                    397.029052734,
                    263.682128906,
                    51.5700111389,
                    107.021484375,
                    154.829421997,
                    59.2276649475,
                    7.47481632233,
                    -67.0539703369,
                    -18.7465858459
                ],
                [
                    -658.066711426,
                    309.231964111,
                    273.656494141,
                    397.029052734,
                    671.493652344,
                    302.545806885,
                    277.454650879,
                    143.998657227,
                    207.945953369,
                    93.8312683105,
                    76.0965499878,
                    -60.3704452515,
                    37.0757675171
                ],
                [
                    1228.02905273,
                    -87.9276428223,
                    95.7921142578,
                    263.682128906,
                    302.545806885,
                    444.98928833,
                    185.926422119,
                    191.864898682,
                    72.2200698853,
                    133.145401001,
                    3.70329451561,
                    -26.7660598755,
                    -18.0620536804
                ],
                [
                    -1132.99975586,
                    364.766571045,
                    54.5918960571,
                    51.5700111389,
                    277.454650879,
                    185.926422119,
                    439.890869141,
                    118.383987427,
                    145.862365723,
                    53.4144935608,
                    139.28704834,
                    -38.4789047241,
                    39.5962982178
                ],
                [
                    1244.22412109,
                    -141.607681274,
                    7.33268213272,
                    107.021484375,
                    143.998657227,
                    191.864898682,
                    118.383987427,
                    320.634155273,
                    111.78377533,
                    128.830276489,
                    4.93752336502,
                    39.3553085327,
                    -0.724677443504
                ],
                [
                    -319.088897705,
                    204.351028442,
                    47.5161323547,
                    154.829421997,
                    207.945953369,
                    72.2200698853,
                    145.862365723,
                    111.78377533,
                    235.813919067,
                    79.2329177856,
                    76.3582305908,
                    -6.9832701683,
                    20.8257751465
                ],
                [
                    649.49432373,
                    -104.313819885,
                    8.75603675842,
                    59.2276649475,
                    93.8312683105,
                    133.145401001,
                    53.4144935608,
                    128.830276489,
                    79.2329177856,
                    171.333251953,
                    18.8988208771,
                    19.3821372986,
                    -13.8543519974
                ],
                [
                    -843.093811035,
                    231.665176392,
                    42.9896354675,
                    7.47481632233,
                    76.0965499878,
                    3.70329451561,
                    139.28704834,
                    4.93752336502,
                    76.3582305908,
                    18.8988208771,
                    153.466156006,
                    15.5808029175,
                    44.4451942444
                ],
                [
                    333.328399658,
                    -98.6861724854,
                    3.30618929863,
                    -67.0539703369,
                    -60.3704452515,
                    -26.7660598755,
                    -38.4789047241,
                    39.3553085327,
                    -6.9832701683,
                    19.3821372986,
                    15.5808029175,
                    130.6769104,
                    36.2531394958
                ],
                [
                    -499.176452637,
                    94.0533981323,
                    10.3475189209,
                    -18.7465858459,
                    37.0757675171,
                    -18.0620536804,
                    39.5962982178,
                    -0.724677443504,
                    20.8257751465,
                    -13.8543519974,
                    44.4451942444,
                    36.2531394958,
                    110.763053894
                ]
            ],
            "icov": [
                [
                    0.000138970193802,
                    -0.000320403458318,
                    0.000247360934736,
                    -0.00035486323759,
                    0.000340663362294,
                    -0.000461466319393,
                    0.000471104489407,
                    -0.000583964749239,
                    0.000393822643673,
                    -0.000294488709187,
                    0.000421874428866,
                    -0.00048511030036,
                    0.00033229435212
                ],
                [
                    -0.000320403458318,
                    0.00185787875671,
                    -0.000167956939549,
                    0.000613370968495,
                    -0.00123594526667,
                    0.00154928152915,
                    -0.00174342188984,
                    0.00194641342387,
                    -0.00137059681583,
                    0.00129795365501,
                    -0.00180811644532,
                    0.00138796307147,
                    -0.000908431131393
                ],
                [
                    0.000247360934736,
                    -0.000167956939549,
                    0.00172616366763,
                    -0.00113251828589,
                    -2.41121524596e-05,
                    -0.000459945411421,
                    0.000576820515562,
                    -0.000682871672325,
                    0.000937817792874,
                    -0.000284209381789,
                    0.000183528769412,
                    -0.00125028134789,
                    0.000750559382141
                ],
                [
                    -0.00035486323759,
                    0.000613370968495,
                    -0.00113251828589,
                    0.00337961222976,
                    -0.00161981838755,
                    -0.000200755574042,
                    0.000321862637065,
                    0.00120184465777,
                    -0.00225880253129,
                    0.00156925432384,
                    -0.00136597594246,
                    0.00203277240507,
                    -0.000536268285941
                ],
                [
                    0.000340663362294,
                    -0.00123594526667,
                    -2.41121524596e-05,
                    -0.00161981838755,
                    0.00487701175734,
                    -0.00272787432186,
                    0.000272840319667,
                    -0.00132657354698,
                    -0.00064439419657,
                    -0.00102485832758,
                    0.00190064206254,
                    -0.000429035455454,
                    -0.000499937683344
                ],
                [
                    -0.000461466319393,
                    0.00154928152915,
                    -0.000459945411421,
                    -0.000200755574042,
                    -0.00272787432186,
                    0.00764932483435,
                    -0.003973799292,
                    0.000730394676793,
                    0.00125708652195,
                    -0.00176626734901,
                    -0.000372330861865,
                    0.00173316337168,
                    -0.000675581744872
                ],
                [
                    0.000471104489407,
                    -0.00174342188984,
                    0.000576820515562,
                    0.000321862637065,
                    0.000272840319667,
                    -0.003973799292,
                    0.00795106682926,
                    -0.00365790957585,
                    0.00023139512632,
                    0.000427991210017,
                    -0.00256673246622,
                    0.000389458757127,
                    0.000910955481231
                ],
                [
                    -0.000583964749239,
                    0.00194641342387,
                    -0.000682871672325,
                    0.00120184465777,
                    -0.00132657354698,
                    0.000730394676793,
                    -0.00365790957585,
                    0.00909104943275,
                    -0.00389422755688,
                    -0.00079626578372,
                    0.000128626968944,
                    -0.000409497704823,
                    -0.00137203279883
                ],
                [
                    0.000393822643673,
                    -0.00137059681583,
                    0.000937817792874,
                    -0.00225880253129,
                    -0.00064439419657,
                    0.00125708652195,
                    0.00023139512632,
                    -0.00389422755688,
                    0.0105833299458,
                    -0.00399742461741,
                    -0.000641182530671,
                    -0.00103274278808,
                    0.000886665191501
                ],
                [
                    -0.000294488709187,
                    0.00129795365501,
                    -0.000284209381789,
                    0.00156925432384,
                    -0.00102485832758,
                    -0.00176626734901,
                    0.000427991210017,
                    -0.00079626578372,
                    -0.00399742461741,
                    0.0119072748348,
                    -0.00324111175723,
                    0.00013213584316,
                    0.00125790922903
                ],
                [
                    0.000421874428866,
                    -0.00180811644532,
                    0.000183528769412,
                    -0.00136597594246,
                    0.00190064206254,
                    -0.000372330861865,
                    -0.00256673246622,
                    0.000128626968944,
                    -0.000641182530671,
                    -0.00324111175723,
                    0.0144951529801,
                    -0.00404204893857,
                    -0.0013684798032
                ],
                [
                    -0.00048511030036,
                    0.00138796307147,
                    -0.00125028134789,
                    0.00203277240507,
                    -0.000429035455454,
                    0.00173316337168,
                    0.000389458757127,
                    -0.000409497704823,
                    -0.00103274278808,
                    0.00013213584316,
                    -0.00404204893857,
                    0.0132347932085,
                    -0.00511880824342
                ],
                [
                    0.00033229435212,
                    -0.000908431131393,
                    0.000750559382141,
                    -0.000536268285941,
                    -0.000499937683344,
                    -0.000675581744872,
                    0.000910955481231,
                    -0.00137203279883,
                    0.000886665191501,
                    0.00125790922903,
                    -0.0013684798032,
                    -0.00511880824342,
                    0.0130740404129
                ]
            ],
            "mean": [
                -32.2041168213,
                85.5788040161,
                -122.696258545,
                31.3949623108,
                -53.8065185547,
                15.1773862839,
                -40.5570983887,
                10.2397279739,
                -17.1192817688,
                6.83133506775,
                -15.5908765793,
                6.2708697319,
                -9.41618919373
            ]
        },
        "hfc": {
            "dmean": 9.42680644989,
            "dmean2": 13.8274288177,
            "dvar": 244.039978027,
            "dvar2": 538.548095703,
            "max": 246.434860229,
            "mean": 26.8264141083,
            "median": 21.9429092407,
            "min": 1.08399517881e-16,
            "var": 607.774169922
        },
        "melbands": {
            "dmean": [
                0.00228488445282,
                0.00140585540794,
                0.00047509741853,
                0.000338199286489,
                0.000314998003887,
                0.00015521372552,
                0.000306114990963,
                0.000300140498439,
                0.000202752969926,
                0.000137529350468,
                7.12632390787e-05,
                0.00011785566312,
                7.65273798606e-05,
                6.75271949149e-05,
                5.56836967007e-05,
                5.85043962928e-05,
                6.07157417107e-05,
                4.80612179672e-05,
                4.49555591331e-05,
                3.51616072294e-05,
                3.64156985597e-05,
                3.00810988847e-05,
                2.13336188608e-05,
                9.84699181572e-06,
                8.50713786349e-06,
                6.92117009748e-06,
                4.97946530231e-06,
