{
    "lowlevel": {
        "average_loudness": 0.954523861408,
        "barkbands": {
            "dmean": [
                0.000499356421642,
                0.00395322497934,
                0.00166396889836,
                0.000905391469132,
                0.00130898458883,
                0.000433450040873,
                0.000514285173267,
                0.000437957671238,
                0.000509274017531,
                0.000307722832076,
                0.000243205897277,
                0.00025591821759,
                0.000218899222091,
                0.000368885754142,
                0.000363248109352,
                0.000337286008289,
                0.000354691437678,
                0.000587340386119,
                0.000339086778695,
                0.000413258094341,
                0.000254061451415,
                0.000525059236679,
                0.000548083742615,
                0.000488826888613,
                0.000382130325306,
                0.000163563832757,
                9.07858793653e-06
            ],
            "dmean2": [
                0.000633637013379,
                0.00529233925045,
                0.00314107071608,
                0.00171696930192,
                0.00216097990051,
                0.000690109562129,
                0.000858250481542,
                0.000765336793847,
                0.000846951326821,
                0.000516677740961,
                0.000387862324715,
                0.000397469790187,
                0.000340352766216,
                0.000612312287558,
                0.000564594520256,
                0.000521741865668,
                0.000542548717931,
                0.000871067866683,
                0.000493215920869,
                0.000618864083663,
                0.000394830130972,
                0.000921821221709,
                0.00092442240566,
                0.000826014496852,
                0.000651281734463,
                0.000272614473943,
                1.61761890922e-05
            ],
            "dvar": [
                6.65897175622e-07,
                5.07713484694e-05,
                4.10970096709e-05,
                1.18205043691e-05,
                9.52658956521e-06,
                1.28405304167e-06,
                1.20171341678e-06,
                1.56414887442e-06,
                1.24262896861e-06,
                5.88475131735e-07,
                5.75461115204e-07,
                6.18395176843e-07,
                4.03498489732e-07,
                1.40150143579e-06,
                7.81576375175e-07,
                6.1278137764e-07,
                6.03267892529e-07,
                1.45275635077e-06,
                5.68442658277e-07,
                7.20764433026e-07,
                2.27348948556e-07,
                8.18884416276e-07,
                7.13794634066e-07,
                4.835345635e-07,
                2.91312801437e-07,
                7.90594398836e-08,
                6.27154383981e-10
            ],
            "dvar2": [
                1.05054959931e-06,
                0.000116350522148,
                0.000118800635391,
                3.47932327713e-05,
                2.62122230197e-05,
                2.8852766718e-06,
                2.8334450235e-06,
                4.38767256128e-06,
                3.25223186337e-06,
                1.67170389886e-06,
                1.20694028283e-06,
                1.32289585508e-06,
                8.98177574982e-07,
                3.47328318639e-06,
                1.75679701897e-06,
                1.53366352151e-06,
                1.27022929064e-06,
                3.16279306389e-06,
                1.14162810405e-06,
                1.49256413806e-06,
                4.98586757658e-07,
                2.22575999942e-06,
                1.81159134627e-06,
                1.23217955661e-06,
                7.39349047763e-07,
                1.93172965623e-07,
                1.68979086279e-09
            ],
            "max": [
                0.0190838035196,
                0.0898618549109,
                0.0509841814637,
                0.028075678274,
                0.0390529222786,
                0.0379215665162,
                0.0209646709263,
                0.0141469566151,
                0.0136985499412,
                0.0101148588583,
                0.0208048019558,
                0.0137155475095,
                0.0103982165456,
                0.0265713948756,
                0.0112140299752,
                0.0158509202302,
                0.0238117631525,
                0.0178549662232,
                0.0151983415708,
                0.0185179729015,
                0.0107552418485,
                0.00648866407573,
                0.00662213144824,
                0.00615796912462,
                0.00643951678649,
                0.00480963895097,
                0.00067682552617
            ],
            "mean": [
                0.00308301695623,
                0.0325348898768,
                0.00115006160922,
                0.000585085013881,
                0.00150153518189,
                0.000452327512903,
                0.000529013283085,
                0.000446657213615,
                0.000713450601324,
                0.000398641335778,
                0.000251758436207,
                0.000284346577246,
                0.000250499841059,
                0.000362025457434,
                0.000388829881558,
                0.000378065829864,
                0.000444646051619,
                0.00084767001681,
                0.000478151952848,
                0.000619138241746,
                0.00031750445487,
                0.000463991600554,
                0.000610661692917,
                0.000557316525374,
                0.000472164014354,
                0.000194681269932,
                7.80114078225e-06
            ],
            "median": [
                0.00322990166023,
                0.0419680252671,
                0.00013632667833,
                6.23506202828e-05,
                0.000418703682953,
                5.95454475842e-05,
                9.5830167993e-05,
                3.90477507608e-05,
                0.000111284170998,
                5.74408477405e-05,
                3.65003979823e-05,
                4.21612567152e-05,
                3.83040169254e-05,
                3.96841132897e-05,
                5.10196587129e-05,
                5.3592997574e-05,
                6.50720612612e-05,
                0.000117364761536,
                8.00317211542e-05,
                8.56947444845e-05,
                8.2902261056e-05,
                9.70044784481e-05,
                0.000240662513534,
                0.000256549683399,
                0.000219925714191,
                6.27451809123e-05,
                3.76892160148e-07
            ],
            "min": [
                1.12130905767e-23,
                4.62251790749e-23,
                1.17846226691e-23,
                1.45680895798e-24,
                2.96467307263e-23,
                7.5281791357e-23,
                5.17812179383e-23,
                1.448620779e-23,
                4.64458771127e-23,
                3.98074327349e-23,
                2.9625816446e-23,
                7.74679962936e-23,
                6.80564249995e-23,
                5.32727551171e-23,
                1.6843371822e-22,
                9.41779887759e-23,
                1.4577278626e-22,
                2.40798996147e-22,
                2.26820279932e-22,
                2.44605066999e-22,
                4.55740469729e-22,
                5.21094907288e-22,
                5.9671872349e-22,
                6.3002849512e-22,
                1.21484821742e-21,
                1.8339076837e-21,
                2.05370245676e-21
            ],
            "var": [
                1.03065794974e-05,
                0.00057881133398,
                2.31965586863e-05,
                6.49334560876e-06,
                8.94616550795e-06,
                1.71161207163e-06,
                1.47967546127e-06,
                1.54908582317e-06,
                1.68452629623e-06,
                6.64781225623e-07,
                7.62527179177e-07,
                8.67350536282e-07,
                5.41044414604e-07,
                1.50438927449e-06,
                9.93843286778e-07,
                7.3890873864e-07,
                1.01550051568e-06,
                3.06259471472e-06,
                1.18640764413e-06,
                2.0473053155e-06,
                3.51854680503e-07,
                7.11235657036e-07,
                7.39576648812e-07,
                5.40335122423e-07,
                4.08514409855e-07,
                1.14840389642e-07,
                6.77378986236e-10
            ]
        },
        "barkbands_crest": {
            "dmean": 2.61537146568,
            "dmean2": 4.14200353622,
            "dvar": 10.5181589127,
            "dvar2": 24.0891399384,
            "max": 26.2799663544,
            "mean": 16.9781990051,
            "median": 18.8261795044,
            "min": 2.17607879639,
            "var": 40.6315994263
        },
        "barkbands_flatness_db": {
            "dmean": 0.0375775694847,
            "dmean2": 0.0513268746436,
            "dvar": 0.00155187328346,
            "dvar2": 0.00283729494549,
            "max": 0.78606325388,
            "mean": 0.198342740536,
            "median": 0.182993859053,
            "min": 0.0381827875972,
            "var": 0.0074912160635
        },
        "barkbands_kurtosis": {
            "dmean": 19.9351558685,
            "dmean2": 29.721862793,
            "dvar": 2558.01416016,
            "dvar2": 5115.84228516,
            "max": 1133.07995605,
            "mean": 30.2713832855,
            "median": 3.74518156052,
            "min": -1.94088280201,
            "var": 5971.85791016
        },
        "barkbands_skewness": {
            "dmean": 1.49712085724,
            "dmean2": 2.20439767838,
            "dvar": 4.49943113327,
            "dvar2": 8.49052906036,
            "max": 23.2395019531,
            "mean": 3.31000328064,
            "median": 2.15210056305,
            "min": -6.17194366455,
            "var": 15.4103946686
        },
        "barkbands_spread": {
            "dmean": 13.2192564011,
            "dmean2": 20.9522590637,
            "dvar": 221.794494629,
            "dvar2": 525.641479492,
            "max": 134.639480591,
            "mean": 29.3097400665,
            "median": 26.6752090454,
            "min": 0.0683879703283,
            "var": 457.68057251
        },
        "dissonance": {
            "dmean": 0.0179599002004,
            "dmean2": 0.0299631226808,
            "dvar": 0.000336467201123,
            "dvar2": 0.000917878758628,
            "max": 0.499999970198,
            "mean": 0.47143882513,
            "median": 0.478250980377,
            "min": 0.325543582439,
            "var": 0.00059600698296
        },
        "dynamic_complexity": 3.87159276009,
        "erbbands": {
            "dmean": [
                0.217434674501,
                0.823666393757,
                1.9138828516,
                2.54675889015,
                3.82106232643,
                4.74753332138,
                3.67579746246,
                3.45852851868,
                6.91040945053,
                7.16536474228,
                10.775639534,
                12.7088022232,
                9.08568382263,
                9.59244918823,
                8.87520885468,
                10.8687839508,
                9.88052940369,
                16.3109989166,
                18.3294296265,
                19.0851783752,
                15.3452186584,
                19.3684272766,
                27.627363205,
                26.5736064911,
                13.1757946014,
                19.6075057983,
                13.7955827713,
                9.29406356812,
                15.7331476212,
                22.1902198792,
                16.9051837921,
                11.1108007431,
                7.51227378845,
                4.9905371666,
                2.33692407608,
                1.04488956928,
                0.232211008668,
                0.0332147702575,
                0.00102598289959,
                4.06516883231e-05
            ],
            "dmean2": [
                0.248610541224,
                1.24847745895,
                3.52887988091,
                4.82085371017,
                6.80202198029,
                7.57058382034,
                6.04701185226,
                5.57957172394,
                11.5303201675,
                12.1090316772,
                18.380645752,
                21.028881073,
                15.2690410614,
                15.3700809479,
                13.9392299652,
                16.3075847626,
                14.9793930054,
                26.1339683533,
                29.2077007294,
                27.898475647,
                22.7425441742,
                29.085641861,
                40.3586845398,
                38.0198669434,
                19.2314167023,
                29.1481990814,
                20.6191959381,
                14.9293994904,
                27.4727840424,
                39.1799240112,
                28.5446109772,
                18.9045639038,
                12.6532249451,
                8.41481494904,
                4.00527238846,
                1.74605894089,
                0.393013775349,
                0.0568109862506,
                0.00177520990837,
                6.79626973579e-05
            ],
            "dvar": [
                0.120774500072,
                3.72997426987,
                49.2874450684,
                98.2684707642,
                127.843345642,
                112.108901978,
                137.809417725,
                68.9339294434,
                234.463699341,
                355.345581055,
                752.548034668,
                811.688110352,
                456.416107178,
                517.792480469,
                802.738952637,
                1105.59350586,
                776.187744141,
                3066.26513672,
                2135.26782227,
                2301.63891602,
                977.874694824,
                1941.89685059,
                3202.8894043,
                3389.79321289,
                625.038696289,
                1710.96130371,
                736.904724121,
                320.846069336,
                677.447998047,
                1465.10119629,
                738.489868164,
                281.89630127,
                107.963821411,
                48.8957176208,
                12.6706819534,
                3.20459938049,
                0.186267837882,
                0.00559224328026,
                6.63441232973e-06,
                4.31883595553e-09
            ],
            "dvar2": [
                0.223336607218,
                10.158036232,
                141.18711853,
                287.682373047,
                366.150787354,
                290.394958496,
                299.825164795,
                166.455444336,
                597.731872559,
                969.394592285,
                1995.86755371,
                2106.38305664,
                1234.09033203,
                1290.84094238,
                1766.07458496,
                2334.4609375,
                1683.2833252,
                7407.18408203,
                5305.21972656,
                4983.24902344,
                2192.86938477,
                3996.76269531,
                6775.71875,
                6999.89794922,
                1301.10900879,
                3503.02978516,
                1567.93762207,
                748.899047852,
                1815.03759766,
                4036.42993164,
                1834.77526855,
                736.060241699,
                273.014678955,
                121.924110413,
                32.6116523743,
                7.90054416656,
                0.45652359724,
                0.0146637493744,
                1.72859508893e-05,
                1.11475753073e-08
            ],
            "max": [
                4.83285284042,
                20.1415653229,
                56.7814178467,
                76.0650787354,
                123.352279663,
                152.283981323,
                380.625762939,
                144.28578186,
                217.478042603,
                367.543212891,
                388.902862549,
                357.316864014,
                301.849151611,
                488.901611328,
                753.161560059,
                612.921264648,
                531.359741211,
                1275.58654785,
                500.751739502,
                917.951049805,
                454.728271484,
                1582.87475586,
                1065.53027344,
                1400.06652832,
                465.694763184,
                868.234863281,
                752.149169922,
                379.393890381,
                200.657928467,
                283.403717041,
                238.69493103,
                178.273376465,
                76.8860626221,
                79.7600021362,
                40.5194625854,
                30.7209739685,
                9.6893529892,
                1.57183265686,
                0.0683934241533,
                0.00142036704347
            ],
            "mean": [
                1.72081279755,
                4.14914751053,
                1.74213778973,
                1.7079603672,
                3.40393447876,
                5.8311662674,
                4.00362110138,
                3.52312803268,
                6.85832738876,
                7.10326242447,
                12.6896915436,
                18.5360374451,
                11.2172651291,
                12.7449884415,
                9.95240592957,
                12.658829689,
                12.1621198654,
                17.0416202545,
                19.3142700195,
                22.4658374786,
                19.8573646545,
                26.2139778137,
                41.1605300903,
                39.8454780579,
                19.4718799591,
                29.8119659424,
                19.3049526215,
                10.6462564468,
                14.3538751602,
                21.4117355347,
                17.8330078125,
                12.3702831268,
                8.50821113586,
                6.3084359169,
                2.71564912796,
                1.22760212421,
                0.270302563906,
                0.033887244761,
                0.0010354887927,
                9.50133689912e-05
            ],
            "median": [
                2.19133329391,
                5.0719203949,
                0.660630226135,
                0.267406612635,
                1.01244056225,
                1.21439123154,
                0.532572448254,
                0.666174829006,
                1.72583460808,
                1.11997270584,
                2.70845651627,
                3.14115023613,
                3.51714944839,
                2.47463989258,
                1.804489851,
                1.99303221703,
                2.08204507828,
                2.12064623833,
                2.54055070877,
                3.19212436676,
                3.34648704529,
                3.93176174164,
                6.04317998886,
                6.00571203232,
                3.43876791,
                4.21236658096,
                4.09577178955,
                2.9929227829,
                3.25846338272,
                6.18720436096,
                6.37845802307,
                5.89007568359,
                3.32579684258,
                2.94989013672,
                1.0854729414,
                0.404744446278,
                0.0804835706949,
                0.00604698527604,
                0.000202448456548,
                8.16691463115e-05
            ],
            "min": [
                7.24448455935e-22,
                1.12250816348e-20,
                1.23592359197e-20,
                7.31522667708e-21,
                5.7873445988e-20,
                7.34432340136e-20,
                1.15656457871e-19,
                5.75242904665e-19,
                6.491641586e-19,
                5.45330451053e-19,
                2.98021128885e-19,
                8.29428734362e-19,
                2.07154790589e-18,
                1.06543003227e-18,
                1.4656124646e-18,
                3.2305121097e-18,
                2.71435161427e-18,
                4.52641254841e-18,
                7.85229072453e-18,
                5.04149915662e-18,
                5.66377017424e-18,
                9.66354081487e-18,
                1.28949301496e-17,
                1.08045057754e-17,
                1.30697125859e-17,
                1.01241852903e-17,
                1.30768660438e-17,
                2.01546940306e-17,
                1.95187162166e-17,
                1.34466736803e-17,
                1.77740252143e-17,
                1.06145056974e-17,
                1.27373117111e-17,
                1.17103446467e-17,
                9.34658753802e-18,
                6.27242786693e-18,
                3.37204891637e-18,
                1.07259362317e-18,
                2.99635992236e-19,
                3.38804325484e-20
            ],
            "var": [
                1.67401063442,
                11.4902734756,
                29.3611907959,
                54.2847099304,
                81.0170288086,
                146.334976196,
                206.058578491,
                78.3141326904,
                232.193511963,
                343.666809082,
                889.443725586,
                1134.390625,
                446.861541748,
                729.585693359,
                1033.26831055,
                1613.4395752,
                1107.92004395,
                3425.29223633,
                2344.73022461,
                3200.54907227,
                1541.8112793,
                3437.05541992,
                6483.17480469,
                8130.39501953,
                1275.82312012,
                5037.89892578,
                1521.50463867,
                410.897705078,
                635.795288086,
                1215.85192871,
                738.568054199,
                288.297851563,
                129.15687561,
                71.5508880615,
                16.4379081726,
                4.38179349899,
                0.269154757261,
                0.00660144723952,
                7.83072846389e-06,
                6.81947209813e-09
            ]
        },
        "erbbands_crest": {
            "dmean": 3.25764369965,
            "dmean2": 5.24271392822,
            "dvar": 9.79888916016,
            "dvar2": 21.4033489227,
            "max": 28.6690998077,
            "mean": 9.58309745789,
            "median": 8.63172340393,
            "min": 2.61603355408,
            "var": 20.3315544128
        },
        "erbbands_flatness_db": {
            "dmean": 0.0230622924864,
            "dmean2": 0.0344007015228,
            "dvar": 0.000436900445493,
            "dvar2": 0.000922217965126,
            "max": 0.403787463903,
            "mean": 0.140295758843,
            "median": 0.131093740463,
            "min": 0.0401543229818,
            "var": 0.00250271335244
        },
        "erbbands_kurtosis": {
            "dmean": 2.04055070877,
            "dmean2": 3.35496068001,
            "dvar": 22.2155036926,
            "dvar2": 52.591632843,
            "max": 238.127639771,
            "mean": 1.24081170559,
            "median": -0.089200168848,
            "min": -1.91640627384,
            "var": 59.257194519
        },
        "erbbands_skewness": {
            "dmean": 0.687946200371,
            "dmean2": 1.06785571575,
            "dvar": 0.49078053236,
            "dvar2": 1.18374109268,
            "max": 12.8032016754,
            "mean": -0.310945630074,
            "median": -0.2941416502,
            "min": -4.45104169846,
            "var": 1.26270413399
        },
        "erbbands_spread": {
            "dmean": 21.6012382507,
            "dmean2": 33.3709449768,
            "dvar": 550.875671387,
            "dvar2": 1229.85742188,
            "max": 208.852584839,
            "mean": 62.0648536682,
            "median": 51.4943313599,
            "min": 1.28303134441,
            "var": 1600.72460938
        },
        "gfcc": {
            "cov": [
                [
                    18931.171875,
                    -708.35925293,
                    114.918533325,
                    980.203979492,
                    -439.881256104,
                    1251.91296387,
                    264.965362549,
                    882.030456543,
                    288.201080322,
                    483.786773682,
                    212.528503418,
                    533.881713867,
                    68.2845230103
                ],
                [
                    -708.35925293,
                    1811.71264648,
                    -9.74240684509,
                    146.758026123,
                    432.742828369,
                    -74.1262054443,
                    237.238708496,
                    -67.3555450439,
                    190.838485718,
                    -18.1604785919,
                    209.827224731,
                    -97.0604705811,
                    132.876159668
                ],
                [
                    114.918533325,
                    -9.74240684509,
                    2251.46313477,
                    790.497802734,
                    368.636810303,
                    804.914001465,
                    417.964294434,
                    296.933959961,
                    417.04397583,
                    246.607971191,
                    196.175949097,
                    361.079071045,
                    21.5984382629
                ],
                [
                    980.203979492,
                    146.758026123,
                    790.497802734,
                    941.907653809,
                    390.225708008,
                    393.50189209,
                    339.544281006,
                    260.477355957,
                    308.827606201,
                    172.982330322,
                    250.551681519,
                    212.876373291,
                    108.151893616
                ],
                [
                    -439.881256104,
                    432.742828369,
                    368.636810303,
                    390.225708008,
                    692.556152344,
                    379.299133301,
                    361.645507813,
                    184.568405151,
                    241.911331177,
                    151.835800171,
                    185.038787842,
                    135.011779785,
                    123.679321289
                ],
                [
                    1251.91296387,
                    -74.1262054443,
                    804.914001465,
                    393.50189209,
                    379.299133301,
                    854.249023438,
                    433.071044922,
                    211.577270508,
                    272.356994629,
                    223.717773438,
                    146.573303223,
                    250.129058838,
                    59.0690574646
                ],
                [
                    264.965362549,
                    237.238708496,
                    417.964294434,
                    339.544281006,
                    361.645507813,
                    433.071044922,
                    538.628601074,
                    235.873641968,
                    217.829956055,
                    149.301330566,
                    167.974349976,
                    159.761001587,
                    115.677284241
                ],
                [
                    882.030456543,
                    -67.3555450439,
                    296.933959961,
                    260.477355957,
                    184.568405151,
                    211.577270508,
                    235.873641968,
                    401.987182617,
                    195.990127563,
                    96.9540786743,
                    92.8577575684,
                    124.069564819,
                    81.5264511108
                ],
                [
                    288.201080322,
                    190.838485718,
                    417.04397583,
                    308.827606201,
                    241.911331177,
                    272.356994629,
                    217.829956055,
                    195.990127563,
                    315.514160156,
                    134.104736328,
                    95.7689666748,
                    97.508682251,
                    56.9787445068
                ],
                [
                    483.786773682,
                    -18.1604785919,
                    246.607971191,
                    172.982330322,
                    151.835800171,
                    223.717773438,
                    149.301330566,
                    96.9540786743,
                    134.104736328,
                    207.711151123,
                    103.754547119,
                    87.3932189941,
                    25.3071212769
                ],
                [
                    212.528503418,
                    209.827224731,
                    196.175949097,
                    250.551681519,
                    185.038787842,
                    146.573303223,
                    167.974349976,
                    92.8577575684,
                    95.7689666748,
                    103.754547119,
                    211.337280273,
                    99.5680541992,
                    56.9114151001
                ],
                [
                    533.881713867,
                    -97.0604705811,
                    361.079071045,
                    212.876373291,
                    135.011779785,
                    250.129058838,
                    159.761001587,
                    124.069564819,
                    97.508682251,
                    87.3932189941,
                    99.5680541992,
                    199.648803711,
                    50.6115188599
                ],
                [
                    68.2845230103,
                    132.876159668,
                    21.5984382629,
                    108.151893616,
                    123.679321289,
                    59.0690574646,
                    115.677284241,
                    81.5264511108,
                    56.9787445068,
                    25.3071212769,
                    56.9114151001,
                    50.6115188599,
                    126.425209045
                ]
            ],
            "icov": [
                [
                    0.000119333613839,
                    -0.000176436762558,
                    0.000183838114026,
                    -0.000264912756393,
                    0.000374010909582,
                    -0.000405285332818,
                    0.00025609738077,
                    -0.000417333270889,
                    0.000290143332677,
                    -0.000325648812577,
                    0.000277652405202,
                    -0.00031073691207,
                    0.000108299333078
                ],
                [
                    -0.000176436762558,
                    0.00153260561638,
                    -0.000441690819571,
                    0.000795895757619,
                    -0.00115427281708,
                    0.00106982374564,
                    -0.000912146701012,
                    0.00154718209524,
                    -0.00174516474362,
                    0.00157298112754,
                    -0.00216553313658,
                    0.00186121149454,
                    -0.000953271635808
                ],
                [
                    0.000183838114026,
                    -0.000441690819571,
                    0.00123659288511,
                    -0.000938663200941,
                    0.000767046236433,
                    -0.00113221863285,
                    0.000497969740536,
                    -0.000690425455105,
                    0.000100175995613,
                    -0.000522960210219,
                    0.0009078750154,
                    -0.00153543427587,
                    0.000990396016277
                ],
                [
                    -0.000264912756393,
                    0.000795895757619,
                    -0.000938663200941,
                    0.00308745284565,
                    -0.00131181546021,
                    0.00118415046018,
                    -0.00071102171205,
                    0.00102285190951,
                    -0.002028580755,
                    0.00141171761788,
                    -0.00279377796687,
                    0.000831259123515,
                    -0.000896679703146
                ],
                [
                    0.000374010909582,
                    -0.00115427281708,
                    0.000767046236433,
                    -0.00131181546021,
                    0.00427445210516,
                    -0.00203407625668,
                    0.000328951136908,
                    -0.00150461087469,
                    0.000664636492729,
                    -0.00154897058383,
                    0.000805124000181,
                    -0.00115440774243,
                    -0.000449412269518
                ],
                [
                    -0.000405285332818,
                    0.00106982374564,
                    -0.00113221863285,
                    0.00118415046018,
                    -0.00203407625668,
                    0.00488411029801,
                    -0.00268748006783,
                    0.00218689301983,
                    -0.00192587112542,
                    0.000217347944272,
                    -0.000495772110298,
                    -0.000545771676116,
                    0.000297737366054
                ],
                [
                    0.00025609738077,
                    -0.000912146701012,
                    0.000497969740536,
                    -0.00071102171205,
                    0.000328951136908,
                    -0.00268748006783,
                    0.00556618114933,
                    -0.00233576353639,
                    0.000949766719714,
                    -0.00105300091673,
                    7.88280431152e-06,
                    -0.000832217163406,
                    -0.00119699747302
                ],
                [
                    -0.000417333270889,
                    0.00154718209524,
                    -0.000690425455105,
                    0.00102285190951,
                    -0.00150461087469,
                    0.00218689301983,
                    -0.00233576353639,
                    0.00645951041952,
                    -0.00387934991159,
                    0.00186721782666,
                    -0.00183234422002,
                    0.000600356026553,
                    -0.00177677487954
                ],
                [
                    0.000290143332677,
                    -0.00174516474362,
                    0.000100175995613,
                    -0.002028580755,
                    0.000664636492729,
                    -0.00192587112542,
                    0.000949766719714,
                    -0.00387934991159,
                    0.00959648191929,
                    -0.00418019713834,
                    0.00333306146786,
                    -0.000691211549565,
                    0.000566008791793
                ],
                [
                    -0.000325648812577,
                    0.00157298112754,
                    -0.000522960210219,
                    0.00141171761788,
                    -0.00154897058383,
                    0.000217347944272,
                    -0.00105300091673,
                    0.00186721782666,
                    -0.00418019713834,
                    0.0106108728796,
                    -0.00526193482801,
                    0.00153097358998,
                    9.32490656851e-05
                ],
                [
                    0.000277652405202,
                    -0.00216553313658,
                    0.0009078750154,
                    -0.00279377796687,
                    0.000805124000181,
                    -0.000495772110298,
                    7.88280431152e-06,
                    -0.00183234422002,
                    0.00333306146786,
                    -0.00526193482801,
                    0.0127899097279,
                    -0.00516552431509,
                    0.000840862980112
                ],
                [
                    -0.00031073691207,
                    0.00186121149454,
                    -0.00153543427587,
                    0.000831259123515,
                    -0.00115440774243,
                    -0.000545771676116,
                    -0.000832217163406,
                    0.000600356026553,
                    -0.000691211549565,
                    0.00153097358998,
                    -0.00516552431509,
                    0.0135407559574,
                    -0.0035688620992
                ],
                [
                    0.000108299333078,
                    -0.000953271635808,
                    0.000990396016277,
                    -0.000896679703146,
                    -0.000449412269518,
                    0.000297737366054,
                    -0.00119699747302,
                    -0.00177677487954,
                    0.000566008791793,
                    9.32490656851e-05,
                    0.000840862980112,
                    -0.0035688620992,
                    0.0127690872177
                ]
            ],
            "mean": [
                -26.1732120514,
                33.5356712341,
                -91.4542541504,
                48.8068275452,
                -56.6346244812,
                28.0646114349,
                -36.1455993652,
                27.3311882019,
                -18.1356811523,
                6.50878047943,
                -13.2542314529,
                5.73738431931,
                -8.48510742188
            ]
        },
        "hfc": {
            "dmean": 20.2745914459,
            "dmean2": 33.444858551,
            "dvar": 687.397888184,
            "dvar2": 1721.67041016,
            "max": 205.560745239,
            "mean": 35.4464263916,
            "median": 25.5608901978,
            "min": 1.13477665688e-16,
            "var": 1143.09265137
        },
        "melbands": {
            "dmean": [
                0.00135232973844,
                0.0010003867792,
                0.000481149880216,
                0.000318412552588,
                0.000139055060572,
                8.11341960798e-05,
                0.000105681079731,
                7.98035689513e-05,
                9.19253434404e-05,
                7.70408587414e-05,
                4.55480076198e-05,
                4.02473269787e-05,
                3.19504470099e-05,
                2.80519980151e-05,
                2.76259379461e-05,
                2.07315333682e-05,
                3.36187222274e-05,
                3.13845957862e-05,
                2.70894743153e-05,
                2.62165995082e-05,
                1.88325429917e-05,
                2.07213579415e-05,
                2.28511926252e-05,
                3.05843022943e-05,
                2.28508342843e-05,
                1.02047215478e-05,
                1.11484232548e-05,
                1.46527972902e-05,
                1.0645072507e-05,
