{
    "lowlevel": {
        "average_loudness": 0.931494355202,
        "barkbands": {
            "dmean": [
                0.000124933052575,
                0.00659828959033,
                0.00317178061232,
                0.00256084441207,
                0.00263710203581,
                0.00131853308994,
                0.000522854563314,
                0.000958871212788,
                0.000499665853567,
                0.00029251165688,
                0.00021089411166,
                0.000246284645982,
                0.000303028820781,
                0.000250866811257,
                0.000267795374384,
                0.000254057638813,
                0.000239058339503,
                0.000254564831266,
                0.000150548919919,
                0.00015849310148,
                0.000241875590291,
                0.000222007496632,
                0.000178321221028,
                0.000172005195054,
                0.000136168077006,
                3.69626650354e-05,
                4.27620034316e-06
            ],
            "dmean2": [
                0.000202197959879,
                0.0101915253326,
                0.00535608874634,
                0.00458338810131,
                0.00440212152898,
                0.00211948365904,
                0.000850588839967,
                0.00150447315536,
                0.000782861199696,
                0.000462035357486,
                0.00032303322223,
                0.000359271652997,
                0.000456824083813,
                0.000382767873816,
                0.000415655929828,
                0.00039289650158,
                0.000368325301679,
                0.000397688738303,
                0.000233398881392,
                0.000253697100561,
                0.000374597380869,
                0.000346745888237,
                0.000279773492366,
                0.000260090135271,
                0.000205558520975,
                5.59065229027e-05,
                7.1342069532e-06
            ],
            "dvar": [
                6.07146830589e-08,
                0.00015150620311,
                5.7557143009e-05,
                3.37825258612e-05,
                1.94969125005e-05,
                7.30828105588e-06,
                1.88798094314e-06,
                5.12213364345e-06,
                1.24369535115e-06,
                5.22229584021e-07,
                3.27959355673e-07,
                5.34506853e-07,
                1.03667980511e-06,
                4.92384685913e-07,
                5.34974162747e-07,
                4.74958426366e-07,
                4.33736573768e-07,
                3.75486450821e-07,
                1.21022068811e-07,
                9.0611550263e-08,
                2.08407740843e-07,
                2.09506282545e-07,
                1.84283933891e-07,
                1.66916152011e-07,
                1.02430192328e-07,
                9.965560821e-09,
                1.93858998299e-10
            ],
            "dvar2": [
                1.606426423e-07,
                0.000320698454743,
                0.000149517640239,
                9.66260413406e-05,
                5.12137303303e-05,
                1.74575834535e-05,
                4.69210272058e-06,
                1.18928646771e-05,
                3.02200260194e-06,
                1.24760549625e-06,
                6.66844300667e-07,
                9.46233001287e-07,
                2.16713033296e-06,
                1.04689377167e-06,
                1.2274291521e-06,
                1.05651349713e-06,
                1.01329590052e-06,
                8.81001767539e-07,
                2.57766203049e-07,
                2.1724463295e-07,
                4.5206439836e-07,
                4.62602542939e-07,
                3.94418833594e-07,
                3.53863072178e-07,
                2.18387100404e-07,
                2.16058904101e-08,
                4.92820284581e-10
            ],
            "max": [
                0.00439546816051,
                0.123380288482,
                0.0788605511189,
                0.0598670504987,
                0.0541649982333,
                0.0466465875506,
                0.0317862480879,
                0.0326964333653,
                0.0250764638186,
                0.0181207358837,
                0.0197924375534,
                0.0225531719625,
                0.0266468469054,
                0.0186598077416,
                0.021453294903,
                0.0158197116107,
                0.0166163519025,
                0.0133334901184,
                0.00960933044553,
                0.00435196049511,
                0.00725357048213,
                0.00790252257138,
                0.00672819558531,
                0.00784420501441,
                0.00610278686509,
                0.00253143720329,
                0.000194876571186
            ],
            "mean": [
                0.000142338481965,
                0.0105357170105,
                0.00408854242414,
                0.00268805259839,
                0.00417765276507,
                0.00208117999136,
                0.000723906385247,
                0.0015647993423,
                0.000830773962662,
                0.000496540626045,
                0.00036087303306,
                0.000417897303123,
                0.000455020548543,
                0.000419321382651,
                0.000445650803158,
                0.000450311723398,
                0.000419938849518,
                0.000440911040641,
                0.000249207630986,
                0.00025080924388,
                0.000440398784121,
                0.000383182341466,
                0.000245590636041,
                0.000261710869381,
                0.000211664839298,
                4.65178345621e-05,
                3.75789363716e-06
            ],
            "median": [
                2.5010209356e-05,
                0.00270286155865,
                0.00164132332429,
                0.00114749767818,
                0.00232070148923,
                0.000700715580024,
                0.000209880527109,
                0.00029137765523,
                0.000206235097721,
                0.000105804647319,
                6.35492178844e-05,
                8.47380579216e-05,
                8.99500519154e-05,
                7.07526196493e-05,
                7.4432886322e-05,
                8.30695353216e-05,
                0.000106352723378,
                0.000110541237518,
                7.39460374461e-05,
                9.23259212868e-05,
                0.000139721698361,
                7.18240335118e-05,
                4.74726839457e-05,
                6.07845795457e-05,
                5.66127637285e-05,
                1.03573220258e-05,
                3.55076565484e-07
            ],
            "min": [
                2.09173889242e-25,
                3.67946853743e-24,
                4.33932307452e-24,
                2.94139765274e-24,
                8.20595596147e-24,
                1.43683567039e-23,
                1.0994791465e-23,
                2.49081600201e-23,
                3.93753988607e-23,
                3.19116418931e-23,
                2.22702501738e-23,
                4.00897628975e-23,
                4.48664229637e-23,
                6.35647204249e-23,
                6.24784400258e-23,
                1.00304699084e-22,
                1.12160193017e-22,
                1.30330007315e-22,
                1.80095089261e-22,
                2.25847368311e-22,
                2.82573232668e-22,
                4.12841355422e-22,
                4.42529359351e-22,
                7.35541985964e-22,
                8.99383725922e-22,
                1.46437655902e-21,
                2.08226522949e-21
            ],
            "var": [
                7.42528953879e-08,
                0.000326720473822,
                5.24626593688e-05,
                2.41665875365e-05,
                2.84104698949e-05,
                1.56886908371e-05,
                2.62794310402e-06,
                1.03184383988e-05,
                2.51688334174e-06,
                1.32219213356e-06,
                1.22119286061e-06,
                1.64720017892e-06,
                1.87930322681e-06,
                1.31933200009e-06,
                1.22343681142e-06,
                1.23796087337e-06,
                1.21901393868e-06,
                7.98578241756e-07,
                2.59903089272e-07,
                1.59464732974e-07,
                5.17036255587e-07,
                4.85318139454e-07,
                3.43565716321e-07,
                3.2870201494e-07,
                1.89647749949e-07,
                1.42886324994e-08,
                1.60024035689e-10
            ]
        },
        "barkbands_crest": {
            "dmean": 2.98043489456,
            "dmean2": 4.62613344193,
            "dvar": 7.26138591766,
            "dvar2": 17.0689487457,
            "max": 26.6953277588,
            "mean": 11.4518108368,
            "median": 10.4587182999,
            "min": 2.31653547287,
            "var": 24.544927597
        },
        "barkbands_flatness_db": {
            "dmean": 0.0295954942703,
            "dmean2": 0.0435805208981,
            "dvar": 0.00100800767541,
            "dvar2": 0.00207701558247,
            "max": 0.606816530228,
            "mean": 0.171874448657,
            "median": 0.14524358511,
            "min": 0.0198306776583,
            "var": 0.00965802371502
        },
        "barkbands_kurtosis": {
            "dmean": 6.85438680649,
            "dmean2": 10.6468906403,
            "dvar": 166.449142456,
            "dvar2": 387.343048096,
            "max": 338.306762695,
            "mean": 11.396027565,
            "median": 3.24140787125,
            "min": -1.93674182892,
            "var": 564.172607422
        },
        "barkbands_skewness": {
            "dmean": 0.831016838551,
            "dmean2": 1.24221980572,
            "dvar": 0.873337864876,
            "dvar2": 1.8524813652,
            "max": 16.5254917145,
            "mean": 2.16565489769,
            "median": 1.78768801689,
            "min": -5.00555801392,
            "var": 4.04382944107
        },
        "barkbands_spread": {
            "dmean": 7.79908227921,
            "dmean2": 12.0666427612,
            "dvar": 122.729995728,
            "dvar2": 267.423309326,
            "max": 115.036338806,
            "mean": 23.0692806244,
            "median": 18.7643051147,
            "min": 0.305302411318,
            "var": 373.428131104
        },
        "dissonance": {
            "dmean": 0.0227284543216,
            "dmean2": 0.0368426442146,
            "dvar": 0.000684462080244,
            "dvar2": 0.00162230955902,
            "max": 0.500000059605,
            "mean": 0.451086819172,
            "median": 0.466029018164,
            "min": 0.0952020585537,
            "var": 0.0025366556365
        },
        "dynamic_complexity": 3.91107201576,
        "erbbands": {
            "dmean": [
                0.156335860491,
                1.64882278442,
                3.78012990952,
                5.95628499985,
                8.89208984375,
                8.14472961426,
                12.015668869,
                11.5390472412,
                7.996966362,
                12.203868866,
                18.1046237946,
                11.8862218857,
                10.2412490845,
                6.92786073685,
                10.0044746399,
                7.60912322998,
                13.873919487,
                10.0525817871,
                15.9640932083,
                11.2518644333,
                13.1372766495,
                14.5188503265,
                14.5764465332,
                8.68922996521,
                7.08085680008,
                7.48847198486,
                8.4341506958,
                10.2694387436,
                8.65491485596,
                5.85125875473,
                5.16756677628,
                3.77739953995,
                2.92060709,
                1.86949276924,
                0.800962746143,
                0.247835770249,
                0.0508892685175,
                0.00763896852732,
                0.000832694931887,
                3.22016567225e-05
            ],
            "dmean2": [
                0.237509548664,
                2.56011819839,
                6.11235141754,
                10.5065937042,
                15.7588014603,
                13.6084489822,
                18.7574977875,
                18.4609298706,
                12.984295845,
                19.40001297,
                27.9123039246,
                18.6164283752,
                15.8407020569,
                10.7963047028,
                14.8718624115,
                11.3176460266,
                20.3986549377,
                15.1250295639,
                24.7066993713,
                17.1701889038,
                20.0632781982,
                22.1486129761,
                22.9966907501,
                13.2757453918,
                11.0791711807,
                11.9076366425,
                13.176782608,
                15.8954105377,
                13.5936918259,
                9.22031974792,
                8.07244682312,
                5.73319005966,
                4.50231695175,
                2.8557715416,
                1.20410275459,
                0.375284790993,
                0.0769394040108,
                0.0116932541132,
                0.00141012470704,
                5.13811464771e-05
            ],
            "dvar": [
                0.0776106566191,
                10.4842882156,
                80.6552658081,
                191.349899292,
                357.138061523,
                198.825210571,
                522.103942871,
                652.055480957,
                437.64251709,
                717.784484863,
                2061.97949219,
                632.531738281,
                650.828796387,
                258.822021484,
                809.804016113,
                474.072998047,
                2445.40722656,
                763.044006348,
                2183.50463867,
                650.324768066,
                1208.55419922,
                1617.50866699,
                1113.37390137,
                424.111816406,
                236.270111084,
                205.390060425,
                319.936553955,
                383.13067627,
                330.827087402,
                182.25642395,
                159.16178894,
                91.2100372314,
                48.9832611084,
                18.5585479736,
                4.16595840454,
                0.469071954489,
                0.0182888694108,
                0.000412416440668,
                8.18050921225e-06,
                6.40963504495e-09
            ],
            "dvar2": [
                0.194377228618,
                20.9256019592,
                200.913131714,
                539.616821289,
                1002.26251221,
                518.79699707,
                1168.89257813,
                1515.8548584,
                1075.18310547,
                1769.67492676,
                4811.21240234,
                1521.81018066,
                1537.27294922,
                604.264770508,
                1600.27099609,
                835.671630859,
                5000.89941406,
                1578.16308594,
                5065.51611328,
                1454.56494141,
                2660.6730957,
                3821.27709961,
                2714.00683594,
                866.126342773,
                523.246398926,
                493.050842285,
                691.231262207,
                856.442749023,
                748.046386719,
                408.307220459,
                342.140838623,
                184.472961426,
                112.296791077,
                40.6622085571,
                8.77646827698,
                0.995567262173,
                0.0406351722777,
                0.000965458399151,
                2.11778715311e-05,
                1.59436783775e-08
            ],
            "max": [
                2.7499499321,
                32.1411590576,
                92.8531799316,
                157.859725952,
                279.279937744,
                221.563369751,
                346.898498535,
                484.893341064,
                506.603790283,
                577.679321289,
                747.266113281,
                419.456878662,
                554.456542969,
                510.958892822,
                994.528625488,
                706.891174316,
                1402.53759766,
                733.403747559,
                1438.46606445,
                482.645355225,
                773.320007324,
                1046.65661621,
                588.167175293,
                499.946594238,
                268.319030762,
                196.216445923,
                488.214935303,
                299.499664307,
                343.663726807,
                286.558776855,
                195.386291504,
                217.536376953,
                167.327102661,
                93.6974945068,
                42.9678268433,
                19.1312007904,
                2.10117435455,
                0.247971311212,
                0.0418640822172,
                0.0012096305145
            ],
            "mean": [
                0.244571089745,
                2.53505015373,
                5.28833198547,
                7.00029039383,
                10.1933698654,
                12.7330541611,
                20.6624355316,
                17.9537525177,
                11.582403183,
                19.9493122101,
                28.9078178406,
                20.5081672668,
                17.5501995087,
                11.9383850098,
                18.6875209808,
                13.9534950256,
                21.8871231079,
                18.8030338287,
                27.4035186768,
                20.880651474,
                24.2836170197,
                27.1066703796,
                25.6281433105,
                15.1354141235,
                12.1835126877,
                12.2485284805,
                14.8942050934,
                18.6583404541,
                15.0681037903,
                8.63900375366,
                7.00225257874,
                5.72733783722,
                4.26386737823,
                2.89544796944,
                1.16623294353,
                0.326604992151,
                0.0623505711555,
                0.00878625456244,
                0.000722751719877,
                6.29548958386e-05
            ],
            "median": [
                0.0436977222562,
                0.651409864426,
                1.97761833668,
                3.63526153564,
                4.99647712708,
                6.71876335144,
                7.64625740051,
                5.33447694778,
                4.0817899704,
                5.7575340271,
                7.39304351807,
                6.09024810791,
                4.95562934875,
                3.5722990036,
                3.65195608139,
                3.40946578979,
                4.31897163391,
                3.98862504959,
                4.94121408463,
                4.2861199379,
                5.70659589767,
                7.00551795959,
                6.75400829315,
                4.16974830627,
                4.24354743958,
                4.43837070465,
                5.19578838348,
                4.84782218933,
                2.7232427597,
                1.92502188683,
                1.29879486561,
                1.08777093887,
                1.06217300892,
                0.753552436829,
                0.305740177631,
                0.0763273239136,
                0.0134137328714,
                0.0016956118634,
                8.77160200616e-05,
                4.26929618698e-05
            ],
            "min": [
                1.76318692201e-22,
                5.06306176074e-22,
                5.71165628028e-21,
                7.85214282722e-21,
                2.76259777652e-20,
                2.5309629712e-20,
                5.89194546467e-20,
                1.0284738514e-19,
                1.40093596213e-19,
                3.80290082767e-19,
                5.89595160377e-19,
                7.68280751747e-19,
                1.06094505899e-18,
                1.01453784848e-18,
                7.29214355585e-19,
                1.71166881493e-18,
                1.86118863829e-18,
                3.02934385268e-18,
                3.32982899752e-18,
                4.24973469558e-18,
                6.67311870514e-18,
                6.97164612026e-18,
                6.98377341522e-18,
                9.24299061092e-18,
                9.01553910353e-18,
                1.07635578535e-17,
                1.04944032083e-17,
                1.00457652595e-17,
                1.54616848253e-17,
                1.35578757059e-17,
                1.36150760724e-17,
                1.24557410849e-17,
                1.12197173556e-17,
                9.9430815398e-18,
                5.9565486841e-18,
                4.01144298626e-18,
                2.629739723e-18,
                1.16424058215e-18,
                2.30962527204e-19,
                3.09811451144e-20
            ],
            "var": [
                0.182906731963,
                20.564458847,
                86.6126480103,
                142.19984436,
                279.926361084,
                307.305389404,
                1248.23449707,
                1423.18273926,
                600.472106934,
                1364.67810059,
                3562.22680664,
                1413.54675293,
                1315.16040039,
                607.608886719,
                3054.44824219,
                1556.9230957,
                4500.76757813,
                2200.98510742,
                4949.97949219,
                1771.83422852,
                2950.67260742,
                4841.58105469,
                2404.19360352,
                922.151428223,
                544.788452148,
                371.032562256,
                707.255004883,
                926.760559082,
                770.758605957,
                323.527557373,
                290.971466064,
                190.119094849,
                85.0706634521,
                34.7705535889,
                7.06284093857,
                0.723221838474,
                0.0241255443543,
                0.000459002039861,
                6.40632788418e-06,
                7.0964882859e-09
            ]
        },
        "erbbands_crest": {
            "dmean": 2.77184247971,
            "dmean2": 4.4397187233,
            "dvar": 6.7643289566,
            "dvar2": 15.8680334091,
            "max": 28.482591629,
            "mean": 9.51193714142,
            "median": 8.50771713257,
            "min": 2.1748726368,
            "var": 20.9010677338
        },
        "erbbands_flatness_db": {
            "dmean": 0.0188304241747,
            "dmean2": 0.0270293466747,
            "dvar": 0.000387564999983,
            "dvar2": 0.000691559747793,
            "max": 0.516516208649,
            "mean": 0.156024858356,
            "median": 0.142868578434,
            "min": 0.0377148985863,
            "var": 0.00459000607952
        },
        "erbbands_kurtosis": {
            "dmean": 1.6548718214,
            "dmean2": 2.56635785103,
            "dvar": 10.9086809158,
            "dvar2": 24.2499923706,
            "max": 120.336334229,
            "mean": 1.58785283566,
            "median": -0.0732766538858,
            "min": -1.89789617062,
            "var": 27.0507335663
        },
        "erbbands_skewness": {
            "dmean": 0.489746451378,
            "dmean2": 0.721669435501,
            "dvar": 0.309497028589,
            "dvar2": 0.622343599796,
            "max": 9.22766494751,
            "mean": 0.404342234135,
            "median": 0.334961086512,
            "min": -5.55720281601,
            "var": 1.4072521925
        },
        "erbbands_spread": {
            "dmean": 11.3720741272,
            "dmean2": 17.2132797241,
            "dvar": 169.254318237,
            "dvar2": 380.133544922,
            "max": 173.585205078,
            "mean": 45.9916915894,
            "median": 43.8722457886,
            "min": 0.503696382046,
            "var": 601.971679688
        },
        "gfcc": {
            "cov": [
                [
                    24643.796875,
                    -3830.43334961,
                    -2694.68920898,
                    1515.82104492,
                    -1287.4407959,
                    1035.47045898,
                    -843.251525879,
                    555.044311523,
                    -384.831054688,
                    537.760559082,
                    -407.60723877,
                    481.19644165,
                    114.247703552
                ],
                [
                    -3830.43334961,
                    2748.98681641,
                    572.952514648,
                    -502.426361084,
                    582.860656738,
                    -319.245483398,
                    377.004394531,
                    -191.380722046,
                    127.892875671,
                    -229.435073853,
                    183.503448486,
                    -266.416687012,
                    9.11877346039
                ],
                [
                    -2694.68920898,
                    572.952514648,
                    1160.0526123,
                    79.1890258789,
                    228.775848389,
                    -44.1045570374,
                    137.493606567,
                    -62.2465209961,
                    45.7062683105,
                    -90.9608917236,
                    97.1301574707,
                    -7.52102327347,
                    -34.4268226624
                ],
                [
                    1515.82104492,
                    -502.426361084,
                    79.1890258789,
                    639.07824707,
                    -2.60361099243,
                    56.9295272827,
                    -104.725120544,
                    107.528991699,
                    14.8860845566,
                    35.429523468,
                    2.55401611328,
                    71.2325820923,
                    45.4968986511
                ],
                [
                    -1287.4407959,
                    582.860656738,
                    228.775848389,
                    -2.60361099243,
                    410.418304443,
                    32.23204422,
                    184.876449585,
                    -1.38568496704,
                    67.2867889404,
                    -39.6716957092,
                    59.2473983765,
                    -3.83213925362,
                    -5.51726913452
                ],
                [
                    1035.47045898,
                    -319.245483398,
                    -44.1045570374,
                    56.9295272827,
                    32.23204422,
                    422.573059082,
                    147.953323364,
                    37.4875526428,
                    16.4048995972,
                    93.606552124,
                    -9.95038986206,
                    60.3668136597,
                    -32.7494049072
                ],
                [
                    -843.251525879,
                    377.004394531,
                    137.493606567,
                    -104.725120544,
                    184.876449585,
                    147.953323364,
                    343.305236816,
                    -18.7262477875,
                    44.9235076904,
                    10.0216207504,
                    37.3648223877,
                    2.10606789589,
                    -33.764831543
                ],
                [
                    555.044311523,
                    -191.380722046,
                    -62.2465209961,
                    107.528991699,
                    -1.38568496704,
                    37.4875526428,
                    -18.7262477875,
                    173.79208374,
                    42.9102134705,
                    37.2566947937,
                    -8.87444877625,
                    25.1562614441,
                    20.9633255005
                ],
                [
                    -384.831054688,
                    127.892875671,
                    45.7062683105,
                    14.8860845566,
                    67.2867889404,
                    16.4048995972,
                    44.9235076904,
                    42.9102134705,
                    143.919464111,
                    24.2690391541,
                    6.35633563995,
                    -9.81075572968,
                    7.7010345459
                ],
                [
                    537.760559082,
                    -229.435073853,
                    -90.9608917236,
                    35.429523468,
                    -39.6716957092,
                    93.606552124,
                    10.0216207504,
                    37.2566947937,
                    24.2690391541,
                    121.523422241,
                    4.04197978973,
                    22.4464206696,
                    9.07771682739
                ],
                [
                    -407.60723877,
                    183.503448486,
                    97.1301574707,
                    2.55401611328,
                    59.2473983765,
                    -9.95038986206,
                    37.3648223877,
                    -8.87444877625,
                    6.35633563995,
                    4.04197978973,
                    120.333473206,
                    22.7543735504,
                    10.2373332977
                ],
                [
                    481.19644165,
                    -266.416687012,
                    -7.52102327347,
                    71.2325820923,
                    -3.83213925362,
                    60.3668136597,
                    2.10606789589,
                    25.1562614441,
                    -9.81075572968,
                    22.4464206696,
                    22.7543735504,
                    156.613571167,
                    22.5345935822
                ],
                [
                    114.247703552,
                    9.11877346039,
                    -34.4268226624,
                    45.4968986511,
                    -5.51726913452,
                    -32.7494049072,
                    -33.764831543,
                    20.9633255005,
                    7.7010345459,
                    9.07771682739,
                    10.2373332977,
                    22.5345935822,
                    86.7283782959
                ]
            ],
            "icov": [
                [
                    0.000120551012515,
                    -0.000171126797795,
                    0.000229339857469,
                    -0.000321464845911,
                    0.000306458037812,
                    -0.000332877098117,
                    0.000221426278586,
                    -0.000180933857337,
                    0.000303302076645,
                    -0.000215407562791,
                    0.000272963923635,
                    -0.0003609128471,
                    0.000199771267944
                ],
                [
                    -0.000171126797795,
                    0.00164179643616,
                    -0.000463127566036,
                    0.0011103664292,
                    -0.00156828947365,
                    0.00109524861909,
                    -0.00115850486327,
                    0.000798362598289,
                    -0.00110474776011,
                    0.00163364131004,
                    -0.00177049648482,
                    0.00239211320877,
                    -0.00152916170191
                ],
                [
                    0.000229339857469,
                    -0.000463127566036,
                    0.00159411842469,
                    -0.00100765156094,
                    0.00041255063843,
                    -0.000565323862247,
                    0.000211337028304,
                    -5.06085189045e-06,
                    0.000287684059003,
                    0.000183729367564,
                    -3.80015080736e-05,
                    -0.000877150800079,
                    0.000991866807453
                ],
                [
                    -0.000321464845911,
                    0.0011103664292,
                    -0.00100765156094,
                    0.00326156243682,
                    -0.00163072790019,
                    0.000696099712513,
                    1.4196560187e-05,
                    -0.00028948567342,
                    -0.00102034443989,
                    0.000967514293734,
                    -0.00128100463189,
                    0.00132136396132,
                    -0.00177242571954
                ],
                [
                    0.000306458037812,
                    -0.00156828947365,
                    0.00041255063843,
                    -0.00163072790019,
                    0.00569376954809,
                    -0.00136321270838,
                    -0.000678878976032,
                    -0.00107517570723,
                    1.99015212274e-05,
                    7.04628473613e-05,
                    0.000676881172694,
                    -0.00227027572691,
                    0.001124299597
                ],
                [
                    -0.000332877098117,
                    0.00109524861909,
                    -0.000565323862247,
                    0.000696099712513,
                    -0.00136321270838,
                    0.00519787427038,
                    -0.00283743534237,
                    0.00051450409228,
                    -0.000699384487234,
                    -0.00145429291297,
                    -0.000407871673815,
                    0.000615105032921,
                    0.000483432115288
                ],
                [
                    0.000221426278586,
                    -0.00115850486327,
                    0.000211337028304,
                    1.4196560187e-05,
                    -0.000678878976032,
                    -0.00283743534237,
                    0.00633844314143,
                    -0.000343854451785,
                    0.000301577994833,
                    -0.00136306229979,
                    0.000655734853353,
                    -0.0017453165492,
                    0.00183468707837
                ],
                [
                    -0.000180933857337,
                    0.000798362598289,
                    -5.06085189045e-06,
                    -0.00028948567342,
                    -0.00107517570723,
                    0.00051450409228,
                    -0.000343854451785,
                    0.00804426521063,
                    -0.0028277062811,
                    -0.000229102835874,
                    -0.000388611864764,
                    0.000661169469822,
                    -0.0014989816118
                ],
                [
                    0.000303302076645,
                    -0.00110474776011,
                    0.000287684059003,
                    -0.00102034443989,
                    1.99015212274e-05,
                    -0.000699384487234,
                    0.000301577994833,
                    -0.0028277062811,
                    0.0100023280829,
                    -0.00346460542642,
                    0.00184144044761,
                    -0.000811011937913,
                    0.000371988833649
                ],
                [
                    -0.000215407562791,
                    0.00163364131004,
                    0.000183729367564,
                    0.000967514293734,
                    7.04628473613e-05,
                    -0.00145429291297,
                    -0.00136306229979,
                    -0.000229102835874,
                    -0.00346460542642,
                    0.0140333399177,
                    -0.00363626494072,
                    0.00231192982756,
                    -0.00267527578399
                ],
                [
                    0.000272963923635,
                    -0.00177049648482,
                    -3.80015080736e-05,
                    -0.00128100463189,
                    0.000676881172694,
                    -0.000407871673815,
                    0.000655734853353,
                    -0.000388611864764,
                    0.00184144044761,
                    -0.00363626494072,
                    0.012172321789,
                    -0.00426198448986,
                    0.00060943182325
                ],
                [
                    -0.0003609128471,
                    0.00239211320877,
                    -0.000877150800079,
                    0.00132136396132,
                    -0.00227027572691,
                    0.000615105032921,
                    -0.0017453165492,
                    0.000661169469822,
                    -0.000811011937913,
                    0.00231192982756,
                    -0.00426198448986,
                    0.011385329999,
                    -0.00419402541593
                ],
                [
                    0.000199771267944,
                    -0.00152916170191,
                    0.000991866807453,
                    -0.00177242571954,
                    0.001124299597,
                    0.000483432115288,
                    0.00183468707837,
                    -0.0014989816118,
                    0.000371988833649,
                    -0.00267527578399,
                    0.00060943182325,
                    -0.00419402541593,
                    0.0153468390927
                ]
            ],
            "mean": [
                -31.9019813538,
                89.2602844238,
                -91.10987854,
                43.684928894,
                -59.7391853333,
                13.4459342957,
                -40.9093818665,
                9.12469768524,
                -23.8475818634,
                2.02371621132,
                -19.1956348419,
                -4.54394483566,
                -8.52094650269
            ]
        },
        "hfc": {
            "dmean": 8.56276035309,
            "dmean2": 12.9074344635,
            "dvar": 205.368423462,
            "dvar2": 446.402587891,
            "max": 187.303314209,
            "mean": 24.8000526428,
            "median": 15.6940059662,
            "min": 1.10042073584e-16,
            "var": 625.83215332
        },
        "melbands": {
            "dmean": [
                0.00165993138216,
                0.00195904448628,
                0.00110198138282,
                0.000576763879508,
                0.000410555745475,
                0.000248235213803,
                0.000117948045954,
                0.00016453806893,
                0.000130117070512,
                7.71192571847e-05,
                5.22524023836e-05,
                3.06386427837e-05,
                2.9308752346e-05,
                3.01288055198e-05,
                2.02954215638e-05,
                3.50924819941e-05,
                1.94745498447e-05,
                2.87491639028e-05,
                1.8054359316e-05,
                1.82251842489e-05,
                1.48528779391e-05,
                1.70411312865e-05,
                1.3371123714e-05,
                1.23425897982e-05,
                7.14587804396e-06,
                5.36477182322e-06,
                5.33283355253e-06,
