{
    "lowlevel": {
        "average_loudness": 0.684303224087,
        "barkbands": {
            "dmean": [
                0.00155186664779,
                0.0113876005635,
                0.00724483421072,
                0.00313855009153,
                0.00206465250812,
                0.000785697076935,
                0.000776782282628,
                0.000583548389841,
                0.000406005681725,
                0.000244722818024,
                0.000229506767937,
                0.000375026662368,
                0.000292485492537,
                0.000219711160753,
                0.000135487673106,
                8.24048111099e-05,
                0.000125203107018,
                7.6135758718e-05,
                5.82896063861e-05,
                5.27422926098e-05,
                7.7028562373e-05,
                6.20244172751e-05,
                5.86529276916e-05,
                5.15777574037e-05,
                2.94529982057e-05,
                8.36584058561e-06,
                7.09917287622e-07
            ],
            "dmean2": [
                0.00244326377288,
                0.0184107664973,
                0.012953646481,
                0.00580839533359,
                0.00374557520263,
                0.00129858730361,
                0.00130264635663,
                0.00100416189525,
                0.000617317389697,
                0.000372206850443,
                0.000339240359608,
                0.000570774951484,
                0.000430257816333,
                0.000328167312546,
                0.000203018498723,
                0.000124604353914,
                0.000192111416254,
                0.000116512303066,
                8.6629857833e-05,
                7.74841901148e-05,
                0.000107781255792,
                9.00942541193e-05,
                8.95766715985e-05,
                7.80339905759e-05,
                4.32647066191e-05,
                1.23888285088e-05,
                1.04690059288e-06
            ],
            "dvar": [
                2.23540137085e-05,
                0.00124185474124,
                0.000961202254985,
                0.000188989681192,
                8.32602454466e-05,
                4.02677642342e-06,
                7.88886882219e-06,
                6.53676261209e-06,
                1.06079710349e-06,
                9.92476998363e-07,
                6.66168034513e-07,
                2.53497387348e-06,
                9.20161710383e-07,
                3.40905330631e-07,
                1.79200739581e-07,
                9.09587143383e-08,
                1.5239743334e-07,
                1.07723352016e-07,
                8.55227355601e-08,
                2.38578632406e-08,
                4.87972542373e-08,
                3.16013490931e-08,
                4.0744350116e-08,
                4.34976463737e-08,
                2.30561294501e-08,
                2.23209406514e-09,
                2.03064336179e-11
            ],
            "dvar2": [
                5.36184561497e-05,
                0.00300611322746,
                0.00274151400663,
                0.000558330095373,
                0.000242570051341,
                1.04040482256e-05,
                2.21797527047e-05,
                1.88106496353e-05,
                2.33050991483e-06,
                1.98608086066e-06,
                1.35692698677e-06,
                5.15522333444e-06,
                1.8084548401e-06,
                7.22702566236e-07,
                4.12297538332e-07,
                2.21754277163e-07,
                3.7064748426e-07,
                2.61284981207e-07,
                1.91869773403e-07,
                5.00800076964e-08,
                9.92612072537e-08,
                6.53833893693e-08,
                8.1409325503e-08,
                8.47035224183e-08,
                4.62861144968e-08,
                4.45976544583e-09,
                4.19619790304e-11
            ],
            "max": [
                0.102192178369,
                0.369552850723,
                0.32302159071,
                0.144944876432,
                0.132946163416,
                0.0251004584134,
                0.0444353632629,
                0.0416525155306,
                0.0206564832479,
                0.0179900825024,
                0.0145182562992,
                0.0254762992263,
                0.0150893758982,
                0.00943903718144,
                0.00753639731556,
                0.00692836381495,
                0.00980762485415,
                0.00836970470846,
                0.006239912007,
                0.00284559396096,
                0.00395284919068,
                0.00528474524617,
                0.0039905551821,
                0.0066032493487,
                0.00532972346991,
                0.00195869081654,
                0.000157485090313
            ],
            "mean": [
                0.00328153977171,
                0.0242846179754,
                0.0066030267626,
                0.00252557802014,
                0.00212115049362,
                0.00104782439303,
                0.00092144543305,
                0.0006072994438,
                0.000711763044819,
                0.000338922516676,
                0.00032248091884,
                0.000506330339704,
                0.000464045413537,
                0.000320779188769,
                0.000208059471333,
                0.000119428608741,
                0.000198936264496,
                0.000102073754533,
                7.9646728409e-05,
                7.66532393754e-05,
                0.000126019207528,
                0.000101632052974,
                7.81022463343e-05,
                6.98861695128e-05,
                3.79908997274e-05,
                1.08512867882e-05,
                8.52703863075e-07
            ],
            "median": [
                0.000173650958459,
                0.0144730918109,
                0.000336774566676,
                0.000336735509336,
                0.000559591688216,
                0.000373782619135,
                0.000189822778339,
                0.000107210245915,
                0.000119400967378,
                3.10307950713e-05,
                3.86074680137e-05,
                5.18951346749e-05,
                2.73986152024e-05,
                2.92092936434e-05,
                1.09273487396e-05,
                1.35886648422e-05,
                1.26536688185e-05,
                1.0260304407e-05,
                9.01676321519e-06,
                7.46059686207e-06,
                9.92756758933e-06,
                1.04512328107e-05,
                6.05854711466e-06,
                6.10521237832e-06,
                2.13247130887e-06,
                5.88043633343e-07,
                2.9562432502e-08
            ],
            "min": [
                5.17437154908e-23,
                4.06727027074e-23,
                1.38758424418e-23,
                2.92749942242e-23,
                2.88680208832e-23,
                6.8886350848e-23,
                5.78467094851e-23,
                2.73462482436e-23,
                3.77837205231e-23,
                6.69012423334e-23,
                3.9208090929e-23,
                1.39524200098e-22,
                4.58509055962e-23,
                1.26130591483e-22,
                1.86384569973e-22,
                1.28661926221e-22,
                2.11836996686e-22,
                3.25763985696e-22,
                2.11435232983e-22,
                2.73876451396e-22,
                3.53216269467e-22,
                5.84604495802e-22,
                6.34296371457e-22,
                1.14291420028e-21,
                1.21296010093e-21,
                1.72704103765e-21,
                2.01237573787e-21
            ],
            "var": [
                7.22179174772e-05,
                0.00166938698385,
                0.000717001617886,
                0.000112893940241,
                4.92363542435e-05,
                4.06389835916e-06,
                6.18700005361e-06,
                4.2440588004e-06,
                2.92616846309e-06,
                1.49255617998e-06,
                1.03550894437e-06,
                3.52077449861e-06,
                2.06478011933e-06,
                6.92773369337e-07,
                3.72017950667e-07,
                1.28414953338e-07,
                2.20649368998e-07,
                1.2442997388e-07,
                9.80104530868e-08,
                3.78405466961e-08,
                8.60038653627e-08,
                5.62780471114e-08,
                6.93609862878e-08,
                7.69799441969e-08,
                3.59626781687e-08,
                3.42310002566e-09,
                2.91756827031e-11
            ]
        },
        "barkbands_crest": {
            "dmean": 2.11950683594,
            "dmean2": 3.22184562683,
            "dvar": 5.52257728577,
            "dvar2": 12.0188312531,
            "max": 26.34167099,
            "mean": 15.4069566727,
            "median": 15.3686285019,
            "min": 3.09599161148,
            "var": 30.3723735809
        },
        "barkbands_flatness_db": {
            "dmean": 0.0325222797692,
            "dmean2": 0.0475935302675,
            "dvar": 0.00148530513979,
            "dvar2": 0.0028474831488,
            "max": 0.741487383842,
            "mean": 0.295804709196,
            "median": 0.243782639503,
            "min": 0.0485266819596,
            "var": 0.0224903039634
        },
        "barkbands_kurtosis": {
            "dmean": 10.5653152466,
            "dmean2": 16.6975040436,
            "dvar": 495.194549561,
            "dvar2": 1236.27514648,
            "max": 347.138702393,
            "mean": 16.813451767,
            "median": 5.68979597092,
            "min": -1.93402886391,
            "var": 867.028930664
        },
        "barkbands_skewness": {
            "dmean": 0.883437633514,
            "dmean2": 1.3230817318,
            "dvar": 1.38919222355,
            "dvar2": 3.14282631874,
            "max": 16.6021633148,
            "mean": 2.7054541111,
            "median": 2.20600008965,
            "min": -5.06015825272,
            "var": 4.6458978653
        },
        "barkbands_spread": {
            "dmean": 4.4962310791,
            "dmean2": 6.76238536835,
            "dvar": 77.3122940063,
            "dvar2": 177.141448975,
            "max": 139.995758057,
            "mean": 13.2232570648,
            "median": 8.1335735321,
            "min": 0.0327378064394,
            "var": 260.28036499
        },
        "dissonance": {
            "dmean": 0.0368762984872,
            "dmean2": 0.0608080103993,
            "dvar": 0.00185057683848,
            "dvar2": 0.00486550433561,
            "max": 0.500000178814,
            "mean": 0.414746671915,
            "median": 0.436334013939,
            "min": 0.0478188320994,
            "var": 0.00551572674885
        },
        "dynamic_complexity": 6.03403377533,
        "erbbands": {
            "dmean": [
                0.373608291149,
                2.61318874359,
                7.56802654266,
                9.9016160965,
                8.44676017761,
                6.45831871033,
                5.60656881332,
                6.56514883041,
                9.11330318451,
                13.4341859818,
                11.1110916138,
                9.50133228302,
                8.97854232788,
                7.58287811279,
                10.9610471725,
                13.3290481567,
                12.2240400314,
                12.152844429,
                7.44972658157,
                5.65495061874,
                4.12049436569,
                6.92962312698,
                4.49057817459,
                3.09588479996,
                2.76393938065,
                2.53963923454,
                2.53755283356,
                3.33380961418,
                2.31220340729,
                1.60627734661,
                1.67811965942,
                1.32020390034,
                0.739466428757,
                0.397147059441,
                0.179910480976,
                0.0563076175749,
                0.0118844565004,
                0.00162822636776,
                0.000124180456623,
                2.20027068281e-05
            ],
            "dmean2": [
                0.615840137005,
                4.22760677338,
                13.0449991226,
                17.9946174622,
                15.6130580902,
                11.5407485962,
                9.61121368408,
                10.6555566788,
                14.7674121857,
                22.9534320831,
                18.9629383087,
                14.5953617096,
                12.7937698364,
                10.9420499802,
                16.0347366333,
                19.4782962799,
                17.370059967,
                17.8240299225,
                10.7856435776,
                8.12584686279,
                6.05661487579,
                10.5676803589,
                6.67891216278,
                4.6877374649,
                4.08301353455,
                3.72775411606,
                3.55285835266,
                4.77506160736,
                3.33598971367,
                2.42460274696,
                2.55118727684,
                2.00441360474,
                1.11331892014,
                0.587230086327,
                0.265065252781,
                0.0826451033354,
                0.0176407024264,
                0.00238080671988,
                0.000180084898602,
                3.40663791576e-05
            ],
            "dvar": [
                1.31079661846,
                74.7822799683,
                927.552612305,
                1817.79931641,
                1501.55908203,
                736.91784668,
                354.772735596,
                288.051086426,
                837.378967285,
                3289.08642578,
                2104.31225586,
                618.305480957,
                998.536682129,
                869.001403809,
                2302.27832031,
                2671.36694336,
                1705.73657227,
                1120.06994629,
                477.596038818,
                363.617034912,
                193.428085327,
                479.890716553,
                301.135681152,
                329.763946533,
                145.185623169,
                62.4422836304,
                82.415512085,
                68.7900161743,
                43.7501792908,
                30.8402404785,
                34.5526008606,
                20.2378959656,
                13.1553983688,
                4.02483129501,
                0.968866586685,
                0.109488971531,
                0.00360466889106,
                7.96932290541e-05,
                5.58112617455e-07,
                2.92159008097e-09
            ],
            "dvar2": [
                3.53518271446,
                178.302322388,
                2542.7355957,
                5294.74414062,
                4435.47607422,
                2123.65722656,
                986.649902344,
                708.429504395,
                2193.18041992,
                9473.33496094,
                6046.75537109,
                1408.46582031,
                2109.19262695,
                1852.03112793,
                4749.42089844,
                5040.09667969,
                3238.3359375,
                2439.91308594,
                1041.46618652,
                829.955993652,
                465.598327637,
                1154.95568848,
                696.823669434,
                808.329345703,
                314.277526855,
                137.67829895,
                158.348648071,
                141.772888184,
                90.9689483643,
                60.9708709717,
                68.1870880127,
                40.2092590332,
                25.4943370819,
                8.26093482971,
                1.97994232178,
                0.21837747097,
                0.00708845676854,
                0.000163824064657,
                1.11289409688e-06,
                6.13691986118e-09
            ],
            "max": [
                18.5216655731,
                87.5026321411,
                312.311340332,
                415.023071289,
                503.721160889,
                436.325561523,
                229.520736694,
                245.720611572,
                440.277618408,
                969.64239502,
                766.033630371,
                503.591064453,
                727.971374512,
                576.947387695,
                778.348754883,
                945.608459473,
                803.690734863,
                612.454040527,
                428.383331299,
                374.465026855,
                343.587432861,
                541.390258789,
                463.213287354,
                379.682312012,
                270.945251465,
                162.189651489,
                164.704864502,
                152.199890137,
                213.120254517,
                126.939880371,
                120.722663879,
                94.7616653442,
                141.793533325,
                70.1584777832,
                31.5999393463,
                14.3437871933,
                2.05897712708,
                0.310485303402,
                0.0250703077763,
                0.000831410405226
            ],
            "mean": [
                0.798220872879,
                5.06398677826,
                8.28203582764,
                8.47090148926,
                7.5477437973,
                6.84486198425,
                7.10039949417,
                9.13335227966,
                11.7282171249,
                15.0610742569,
                12.4184446335,
                15.4132242203,
                14.6064748764,
                11.8751316071,
                15.7552099228,
                19.5076656342,
                19.980802536,
                19.8216247559,
                11.8013858795,
                9.24469184875,
                6.73273992538,
                11.2633581161,
                6.79974508286,
                4.04816102982,
                4.01595306396,
                3.67705512047,
                3.85233139992,
                5.86080312729,
                3.88374376297,
                2.30062508583,
                2.23558783531,
                1.81514573097,
                0.966595709324,
                0.50796431303,
                0.227785944939,
                0.0718337520957,
                0.015365823172,
                0.00206918688491,
                0.000167963531567,
                5.60017542739e-05
            ],
            "median": [
                0.471125721931,
                2.44222784042,
                1.72989344597,
                1.08908128738,
                1.6701836586,
                1.5956479311,
                1.91290092468,
                3.23851060867,
                2.87881159782,
                3.80221414566,
                2.93897390366,
                2.76420974731,
                1.72399163246,
                1.76635169983,
                1.94713187218,
                2.18727135658,
                1.54637384415,
                1.93468165398,
                0.977353036404,
                0.654538452625,
                0.828335523605,
                0.905860722065,
                0.695077180862,
                0.547535657883,
                0.389509022236,
                0.371914356947,
                0.389704525471,
                0.431509256363,
                0.421977877617,
                0.25298589468,
                0.175093263388,
                0.162239342928,
                0.0643734633923,
                0.0251895226538,
                0.0123421680182,
                0.00338984793052,
                0.000921322614886,
                0.00011993728549,
                2.89933104796e-05,
                3.91420180677e-05
            ],
            "min": [
                1.27913323727e-21,
                8.552620211e-21,
                2.26534235181e-20,
                5.25445384556e-20,
                1.4428264563e-19,
                5.60922611729e-20,
                7.90055260321e-20,
                7.7667425682e-19,
                1.07163916014e-18,
                5.56865226201e-19,
                5.0895844064e-19,
                8.41390127911e-19,
                1.67398246622e-18,
                2.01798237776e-18,
                2.12594909324e-18,
                5.32230670865e-18,
                3.23263031246e-18,
                4.7535997716e-18,
                1.10169695972e-17,
                7.30263003467e-18,
                7.73838547264e-18,
                1.03025080596e-17,
                1.7159223224e-17,
                1.62781914992e-17,
                8.66822250793e-18,
                1.54578599421e-17,
                1.41592773703e-17,
                1.44060683604e-17,
                2.23940886701e-17,
                1.91030298347e-17,
                1.84618391285e-17,
                1.86666937159e-17,
                2.09401913577e-17,
                1.44941448976e-17,
                9.18830818217e-18,
                4.87035217916e-18,
                3.54789427971e-18,
                1.28262780879e-18,
                2.54977312296e-19,
                3.18216446273e-20
            ],
            "var": [
                1.85552000999,
                87.4539031982,
                789.974304199,
                1194.9206543,
                860.112182617,
                463.967529297,
                274.973388672,
                327.896270752,
                884.007568359,
                2167.83789062,
                1419.17163086,
                1252.19836426,
                1975.59143066,
                1373.14550781,
                3233.56054688,
                4427.53027344,
                3566.24145508,
                2533.00463867,
                909.510925293,
                728.819152832,
                285.90512085,
                692.736022949,
                406.634521484,
                318.264099121,
                190.611694336,
                91.6823120117,
                125.899307251,
                144.24937439,
                77.9941101074,
                51.411113739,
                59.7813796997,
                36.5000953674,
                22.4298973083,
                6.11493349075,
                1.47060263157,
                0.16472093761,
                0.0058519942686,
                0.000122459998238,
                8.4805088818e-07,
                6.26053209274e-09
            ]
        },
        "erbbands_crest": {
            "dmean": 2.63313627243,
            "dmean2": 4.26887845993,
            "dvar": 6.19402551651,
            "dvar2": 15.7514152527,
            "max": 31.7057342529,
            "mean": 10.8765525818,
            "median": 10.2097024918,
            "min": 2.49452471733,
            "var": 17.2220821381
        },
        "erbbands_flatness_db": {
            "dmean": 0.0234096292406,
            "dmean2": 0.0359304770827,
            "dvar": 0.000729233783204,
            "dvar2": 0.00158435676713,
            "max": 0.670358300209,
            "mean": 0.234679624438,
            "median": 0.191487044096,
            "min": 0.0317566134036,
            "var": 0.0135555621237
        },
        "erbbands_kurtosis": {
            "dmean": 1.67153704166,
            "dmean2": 2.69680857658,
            "dvar": 10.0002965927,
            "dvar2": 25.5822124481,
            "max": 68.0767745972,
            "mean": 1.96286463737,
            "median": 0.443979740143,
            "min": -1.87556755543,
            "var": 25.1093769073
        },
        "erbbands_skewness": {
            "dmean": 0.491891235113,
            "dmean2": 0.741572499275,
            "dvar": 0.321994453669,
            "dvar2": 0.723882853985,
            "max": 7.05625104904,
            "mean": 0.503868997097,
            "median": 0.404570281506,
            "min": -4.02752304077,
            "var": 1.20820462704
        },
        "erbbands_spread": {
            "dmean": 9.2759103775,
            "dmean2": 14.5914812088,
            "dvar": 225.807266235,
            "dvar2": 545.613464355,
            "max": 214.799163818,
            "mean": 32.407371521,
            "median": 27.8256416321,
            "min": 0.286717414856,
            "var": 658.145874023
        },
        "gfcc": {
            "cov": [
                [
                    48583.8007812,
                    -6252.27539062,
                    -7292.4296875,
                    3437.70507812,
                    -2516.61914062,
                    3505.02905273,
                    -23.7313976288,
                    1522.24975586,
                    175.654647827,
                    1056.39477539,
                    -466.48336792,
                    786.706481934,
                    42.0475120544
                ],
                [
                    -6252.27539062,
                    4910.51855469,
                    1572.4597168,
                    -1565.58532715,
                    930.085388184,
                    -1066.12878418,
                    472.291015625,
                    -672.362243652,
                    139.355453491,
                    -461.478637695,
                    280.24798584,
                    -346.659545898,
                    83.1368103027
                ],
                [
                    -7292.4296875,
                    1572.4597168,
                    4007.68432617,
                    326.90032959,
                    722.810974121,
                    -328.390625,
                    92.657043457,
                    39.9819946289,
                    112.218826294,
                    -121.433921814,
                    122.161056519,
                    -83.8345718384,
                    97.5417022705
                ],
                [
                    3437.70507812,
                    -1565.58532715,
                    326.90032959,
                    1935.72399902,
                    221.354110718,
                    470.027374268,
                    -106.718086243,
                    464.449523926,
                    169.647338867,
                    182.976989746,
                    -42.850933075,
                    134.880813599,
                    146.797515869
                ],
                [
                    -2516.61914062,
                    930.085388184,
                    722.810974121,
                    221.354110718,
                    917.516845703,
                    -123.091819763,
                    142.505096436,
                    -13.8473863602,
                    137.801742554,
                    -50.9659309387,
                    82.6784820557,
                    -73.3331069946,
                    87.7656021118
                ],
                [
                    3505.02905273,
                    -1066.12878418,
                    -328.390625,
                    470.027374268,
                    -123.091819763,
                    801.811157227,
                    142.078186035,
                    257.545074463,
                    80.4153900146,
                    201.647247314,
                    -12.8209848404,
                    117.76738739,
                    -3.95954632759
                ],
                [
                    -23.7313976288,
                    472.291015625,
                    92.657043457,
                    -106.718086243,
                    142.505096436,
                    142.078186035,
                    510.785949707,
                    10.78789711,
                    31.632024765,
                    -37.2230911255,
                    62.0072212219,
                    57.9023284912,
                    -0.278087347746
                ],
                [
                    1522.24975586,
                    -672.362243652,
                    39.9819946289,
                    464.449523926,
                    -13.8473863602,
                    257.545074463,
                    10.78789711,
                    348.953887939,
                    91.8476791382,
                    117.893531799,
                    22.7027664185,
                    118.312667847,
                    36.8683662415
                ],
                [
                    175.654647827,
                    139.355453491,
                    112.218826294,
                    169.647338867,
                    137.801742554,
                    80.4153900146,
                    31.632024765,
                    91.8476791382,
                    246.146469116,
                    93.9839096069,
                    71.7191390991,
                    11.9521484375,
                    61.4363746643
                ],
                [
                    1056.39477539,
                    -461.478637695,
                    -121.433921814,
                    182.976989746,
                    -50.9659309387,
                    201.647247314,
                    -37.2230911255,
                    117.893531799,
                    93.9839096069,
                    246.16595459,
                    47.7563018799,
                    46.3446502686,
                    13.3373775482
                ],
                [
                    -466.48336792,
                    280.24798584,
                    122.161056519,
                    -42.850933075,
                    82.6784820557,
                    -12.8209848404,
                    62.0072212219,
                    22.7027664185,
                    71.7191390991,
                    47.7563018799,
                    180.270217896,
                    25.177690506,
                    43.1769065857
                ],
                [
                    786.706481934,
                    -346.659545898,
                    -83.8345718384,
                    134.880813599,
                    -73.3331069946,
                    117.76738739,
                    57.9023284912,
                    118.312667847,
                    11.9521484375,
                    46.3446502686,
                    25.177690506,
                    191.765991211,
                    39.5483474731
                ],
                [
                    42.0475120544,
                    83.1368103027,
                    97.5417022705,
                    146.797515869,
                    87.7656021118,
                    -3.95954632759,
                    -0.278087347746,
                    36.8683662415,
                    61.4363746643,
                    13.3373775482,
                    43.1769065857,
                    39.5483474731,
                    153.91418457
                ]
            ],
            "icov": [
                [
                    8.53983365232e-05,
                    -0.000232722741202,
                    0.000171870415215,
                    -0.000243484930252,
                    0.000252604077104,
                    -0.000328629219439,
                    0.000122740166262,
                    -0.000234068575082,
                    0.000197247471078,
                    -0.000184354357771,
                    0.00023644718749,
                    -0.000124329366372,
                    3.23347157973e-05
                ],
                [
                    -0.000232722741202,
                    0.00164566165768,
                    -0.000675265968312,
                    0.00121267233044,
                    -0.00113260513172,
                    0.00144740508404,
                    -0.00103504210711,
                    0.00131936662365,
                    -0.00150162028149,
                    0.00131459312979,
                    -0.00135671719909,
                    0.00103333371226,
                    -0.000588270311709
                ],
                [
                    0.000171870415215,
                    -0.000675265968312,
                    0.000698268588167,
                    -0.000658895995002,
                    0.000418466341216,
                    -0.000639309757389,
                    0.00035108832526,
                    -0.000742046744563,
                    0.000599151651841,
                    -0.000426943326602,
                    0.000474904285511,
                    -0.000283039349597,
                    0.000164361161296
                ],
                [
                    -0.000243484930252,
                    0.00121267233044,
                    -0.000658895995002,
                    0.00196387339383,
                    -0.00126162008382,
                    0.000877360289451,
                    -0.000380509067327,
                    5.95318015257e-05,
                    -0.00110783823766,
                    0.000909341208171,
                    -0.000497254426591,
                    0.000698044605087,
                    -0.000993442023173
                ],
                [
                    0.000252604077104,
                    -0.00113260513172,
                    0.000418466341216,
                    -0.00126162008382,
                    0.00262775737792,
                    -0.000940095109399,
                    0.00010574983753,
                    -0.000798576045781,
                    0.000330412411131,
                    -0.000618737831246,
                    0.000676096766256,
                    9.9376491562e-05,
                    -0.00014372834994
                ],
                [
                    -0.000328629219439,
                    0.00144740508404,
                    -0.000639309757389,
                    0.000877360289451,
                    -0.000940095109399,
                    0.00394137063995,
                    -0.00184950698167,
                    0.000452476990176,
                    -0.00130836048629,
                    -0.000284640234895,
                    -0.000669010332786,
                    0.000820893736091,
                    -7.42870397517e-05
                ],
                [
                    0.000122740166262,
                    -0.00103504210711,
                    0.00035108832526,
                    -0.000380509067327,
                    0.00010574983753,
                    -0.00184950698167,
                    0.0034646964632,
                    -0.000590891635511,
                    0.000652104150504,
                    0.000372957932996,
                    -1.95329739654e-05,
                    -0.00176701042801,
                    0.000872785167303
                ],
                [
                    -0.000234068575082,
                    0.00131936662365,
                    -0.000742046744563,
                    5.95318015257e-05,
                    -0.000798576045781,
                    0.000452476990176,
                    -0.000590891635511,
                    0.00717579992488,
                    -0.00231814268045,
                    0.000479106762214,
                    -0.00146910268813,
                    -0.00168087193742,
                    0.000239649758441
                ],
                [
                    0.000197247471078,
                    -0.00150162028149,
                    0.000599151651841,
                    -0.00110783823766,
                    0.000330412411131,
                    -0.00130836048629,
                    0.000652104150504,
                    -0.00231814268045,
                    0.00774862384424,
                    -0.00312269409187,
                    -2.00149806915e-05,
                    0.000180695205927,
                    -0.00109464186244
                ],
                [
                    -0.000184354357771,
                    0.00131459312979,
                    -0.000426943326602,
                    0.000909341208171,
                    -0.000618737831246,
                    -0.000284640234895,
                    0.000372957932996,
                    0.000479106762214,
                    -0.00312269409187,
                    0.00803323835135,
                    -0.00294350436889,
                    0.000426337966928,
                    0.000241486020968
                ],
                [
                    0.00023644718749,
                    -0.00135671719909,
                    0.000474904285511,
                    -0.000497254426591,
                    0.000676096766256,
                    -0.000669010332786,
                    -1.95329739654e-05,
                    -0.00146910268813,
                    -2.00149806915e-05,
                    -0.00294350436889,
                    0.00891572609544,
                    -0.00152375036851,
                    -0.00105583877303
                ],
                [
                    -0.000124329366372,
                    0.00103333371226,
                    -0.000283039349597,
                    0.000698044605087,
                    9.9376491562e-05,
                    0.000820893736091,
                    -0.00176701042801,
                    -0.00168087193742,
                    0.000180695205927,
                    0.000426337966928,
                    -0.00152375036851,
                    0.00869678147137,
                    -0.00256295572035
                ],
                [
                    3.23347157973e-05,
                    -0.000588270311709,
                    0.000164361161296,
                    -0.000993442023173,
                    -0.00014372834994,
                    -7.42870397517e-05,
                    0.000872785167303,
                    0.000239649758441,
                    -0.00109464186244,
                    0.000241486020968,
                    -0.00105583877303,
                    -0.00256295572035,
                    0.00904436502606
                ]
            ],
            "mean": [
                -153.262054443,
                140.443435669,
                -78.5681228638,
                26.6203918457,
                -46.2955474854,
                9.67899799347,
                -24.2887897491,
                -1.24489223957,
                -8.5261888504,
                1.22289144993,
                -5.0242023468,
                -1.47738170624,
                -4.86395454407
            ]
        },
        "hfc": {
            "dmean": 5.12399768829,
            "dmean2": 7.39265584946,
            "dvar": 158.896224976,
            "dvar2": 331.260894775,
            "max": 210.940719604,
            "mean": 12.1082210541,
            "median": 7.03053617477,
            "min": 1.13226771882e-16,
            "var": 288.223022461
        },
        "melbands": {
            "dmean": [
                0.00316605740227,
                0.00343050714582,
                0.00164335325826,
                0.000526144227479,
                0.000202231894946,
                0.000147060200106,
                0.000149027953739,
                0.000147066937643,
                8.44540554681e-05,
                5.95334277023e-05,
                4.4923981477e-05,
                3.16506811942e-05,
                3.35531622113e-05,
                4.52634849353e-05,
                2.98401955661e-05,
                2.90228526865e-05,
                2.25201856665e-05,
                1.28323981698e-05,
                1.01320811154e-05,
                6.11856421529e-06,
                4.9094901442e-06,
                7.46478326619e-06,
                6.4191635829e-06,
                2.88095475298e-06,
                2.58742261394e-06,
                2.19624962483e-06,
