{
    "lowlevel": {
        "average_loudness": 0.971253156662,
        "barkbands": {
            "dmean": [
                0.00118448445573,
                0.00976697355509,
                0.00523527245969,
                0.00177660502959,
                0.00330048473552,
                0.00159499386791,
                0.00130263599567,
                0.000888634589501,
                0.000929712376092,
                0.000683770689648,
                0.000334143231157,
                0.000330856186338,
                0.000207756093005,
                0.000329034490278,
                0.000390500761569,
                0.000254557526205,
                0.000123701742268,
                9.48293600231e-05,
                8.00426641945e-05,
                8.23983282316e-05,
                8.97435966181e-05,
                0.000151250846102,
                0.00024973845575,
                0.000288901152089,
                0.000139150331961,
                4.46936176957e-09,
                2.63898036756e-09
            ],
            "dmean2": [
                0.00180341699161,
                0.0115057108924,
                0.00815081968904,
                0.00294254999608,
                0.00493750302121,
                0.00239480496384,
                0.00204947520979,
                0.00131597311702,
                0.00141729833558,
                0.00105798686855,
                0.000540998589713,
                0.000540686713066,
                0.000343942694599,
                0.000519992900081,
                0.000652773538604,
                0.000396664283471,
                0.000201169314096,
                0.000155400965014,
                0.000131226406666,
                0.00013271078933,
                0.000143107754411,
                0.000238204040215,
                0.000385827268474,
                0.000421970122261,
                0.000216226195334,
                8.24405343991e-09,
                4.84519180333e-09
            ],
            "dvar": [
                2.71039493782e-06,
                0.000149693150888,
                0.000160192765179,
                1.17573690659e-05,
                2.02693681786e-05,
                7.80849859439e-06,
                8.34937600303e-06,
                5.25718178324e-06,
                4.89507783641e-06,
                2.54248720921e-06,
                6.73282784192e-07,
                5.906226761e-07,
                1.92606378846e-07,
                5.98357303261e-07,
                8.66498510277e-07,
                4.22578466441e-07,
                5.94460196623e-08,
                2.87533499232e-08,
                2.01885494988e-08,
                1.15069154205e-08,
                1.55093236032e-08,
                5.58900907777e-08,
                2.13020044271e-07,
                3.62138706578e-07,
                1.25959218167e-07,
                6.15494532359e-16,
                3.04432012311e-17
            ],
            "dvar2": [
                5.54593452762e-06,
                0.000239138506004,
                0.000364546576748,
                3.11588228215e-05,
                4.76522109238e-05,
                1.73503140104e-05,
                2.00298472919e-05,
                1.14383346954e-05,
                1.11450799523e-05,
                5.65513573747e-06,
                1.50332562043e-06,
                1.30981675284e-06,
                4.97203757277e-07,
                1.36066807954e-06,
                2.14032866097e-06,
                7.96265169356e-07,
                1.41274611565e-07,
                6.43330366756e-08,
                5.16294313968e-08,
                2.75498841518e-08,
                3.68671031481e-08,
                1.28093347485e-07,
                4.62448952021e-07,
                7.3305091064e-07,
                2.57860563124e-07,
                1.72388261892e-15,
                8.83047861729e-17
            ],
            "max": [
                0.039165686816,
                0.12213525176,
                0.0959418341517,
                0.0444443449378,
                0.0722107961774,
                0.0716366171837,
                0.0941422730684,
                0.0959583222866,
                0.0435400865972,
                0.0371585898101,
                0.025496782735,
                0.0285946484655,
                0.0178953912109,
                0.0180603452027,
                0.024316817522,
                0.0247553400695,
                0.00672849453986,
                0.00854816194624,
                0.00386171787977,
                0.00294582825154,
                0.00298166950233,
                0.00571735668927,
                0.012635178864,
                0.0218197032809,
                0.0141540234908,
                9.62741296462e-07,
                1.99726102323e-07
            ],
            "mean": [
                0.0022934905719,
                0.0216367393732,
                0.00547885661945,
                0.00245597306639,
                0.00767685333267,
                0.00401127431542,
                0.00248671066947,
                0.001630059327,
                0.00185736769345,
                0.00137652282137,
                0.000557571416721,
                0.000561483262572,
                0.000380617391784,
                0.000614126736764,
                0.000575802405365,
                0.000469677179353,
                0.000254869490163,
                0.000195537693799,
                0.000166581186932,
                0.000194484688109,
                0.000198121793801,
                0.000289914692985,
                0.000400104210712,
                0.000471248378744,
                0.000213622217416,
                3.22027182698e-09,
                2.14264295195e-09
            ],
            "median": [
                0.00107038160786,
                0.0155098335817,
                0.00106039794628,
                0.000819293782115,
                0.00519639952108,
                0.00181137537584,
                0.000938705052249,
                0.000565563328564,
                0.00049009086797,
                0.000357971061021,
                0.00017524859868,
                0.000208711921005,
                0.000223683804506,
                0.000208418350667,
                0.000211062651942,
                0.000171208113898,
                0.000151108542923,
                0.000129545514937,
                0.000122633195133,
                0.000146257341839,
                0.0001502623345,
                0.000172524160007,
                0.000207686825888,
                0.000195210741367,
                7.65752920415e-05,
                8.86234863273e-10,
                8.56752946365e-10
            ],
            "min": [
                1.5684202529e-24,
                5.58218486918e-23,
                9.79346595802e-24,
                2.00804606533e-23,
                3.32634150076e-23,
                2.92011442217e-23,
                4.42941169987e-23,
                2.47888747849e-23,
                9.06844583037e-23,
                7.80579506547e-23,
                3.89642445569e-23,
                4.87647495208e-23,
                9.87457269199e-23,
                5.42273146777e-23,
                7.90758904559e-23,
                7.60184612248e-23,
                1.41678042804e-22,
                2.04330940997e-22,
                1.12554661335e-22,
                2.93608551073e-22,
                2.44654291919e-22,
                4.35604902408e-22,
                4.01566904878e-22,
                6.73559581675e-22,
                1.17368861083e-21,
                1.47129359436e-21,
                2.4279568514e-21
            ],
            "var": [
                1.00324195955e-05,
                0.000479253445519,
                0.000157913353178,
                1.54470635607e-05,
                6.61996236886e-05,
                4.1161878471e-05,
                2.13755229197e-05,
                1.22653273138e-05,
                1.58565508173e-05,
                9.70421478996e-06,
                2.16024636757e-06,
                1.65243943684e-06,
                3.70757192059e-07,
                1.87181183264e-06,
                1.62886442467e-06,
                1.23919676298e-06,
                1.53767331312e-07,
                8.34488389501e-08,
                3.89968448644e-08,
                3.8875722197e-08,
                3.76995714646e-08,
                1.18319171349e-07,
                3.56216020236e-07,
                8.12147504803e-07,
                2.52054860539e-07,
                3.92801232545e-16,
                2.16986365701e-17
            ]
        },
        "barkbands_crest": {
            "dmean": 2.66378068924,
            "dmean2": 4.03420305252,
            "dvar": 6.5177989006,
            "dvar2": 14.5009059906,
            "max": 26.4685916901,
            "mean": 12.2581768036,
            "median": 11.421087265,
            "min": 2.73561477661,
            "var": 25.0421485901
        },
        "barkbands_flatness_db": {
            "dmean": 0.0227672178298,
            "dmean2": 0.0345987677574,
            "dvar": 0.000489888014272,
            "dvar2": 0.00109189248178,
            "max": 0.472809821367,
            "mean": 0.192747473717,
            "median": 0.1872151196,
            "min": 0.0682899430394,
            "var": 0.0026257536374
        },
        "barkbands_kurtosis": {
            "dmean": 3.89768242836,
            "dmean2": 5.82827997208,
            "dvar": 60.1585426331,
            "dvar2": 145.178237915,
            "max": 349.093933105,
            "mean": 8.18123817444,
            "median": 5.17147684097,
            "min": -1.87272334099,
            "var": 140.582458496
        },
        "barkbands_skewness": {
            "dmean": 0.549689114094,
            "dmean2": 0.794553518295,
            "dvar": 0.381508350372,
            "dvar2": 0.821029305458,
            "max": 15.8906679153,
            "mean": 2.23336458206,
            "median": 2.11933732033,
            "min": -2.13493561745,
            "var": 1.82326126099
        },
        "barkbands_spread": {
            "dmean": 6.43239402771,
            "dmean2": 9.57723236084,
            "dvar": 75.5841674805,
            "dvar2": 156.014694214,
            "max": 110.831169128,
            "mean": 20.3270664215,
            "median": 16.4351119995,
            "min": 0.293695509434,
            "var": 219.819961548
        },
        "dissonance": {
            "dmean": 0.0190111044794,
            "dmean2": 0.0316894613206,
            "dvar": 0.00036297790939,
            "dvar2": 0.000990667729639,
            "max": 0.5,
            "mean": 0.456693440676,
            "median": 0.462758302689,
            "min": 0.200066193938,
            "var": 0.00087289797375
        },
        "dynamic_complexity": 2.73845076561,
        "erbbands": {
            "dmean": [
                0.404867380857,
                2.1588177681,
                5.58823394775,
                6.21203422546,
                7.88982009888,
                12.0018987656,
                12.657248497,
                14.3311862946,
                18.9915084839,
                15.5995016098,
                19.5724430084,
                20.8404312134,
                20.0887355804,
                17.7562961578,
                13.9224596024,
                10.3728780746,
                9.07221126556,
                11.000916481,
                23.841627121,
                13.330321312,
                12.7393960953,
                6.65049886703,
                5.35023117065,
                4.31905460358,
                3.740899086,
                3.91266107559,
                3.34702682495,
                3.95979619026,
                5.96211671829,
                6.14100074768,
                7.5634469986,
                5.57616758347,
                4.97636365891,
                3.01985287666,
                0.155022501945,
                0.00450455024838,
                0.00034298709943,
                5.0711852964e-05,
                1.43266806845e-05,
                1.50466885316e-05
            ],
            "dmean2": [
                0.462644845247,
                2.70517516136,
                8.21999073029,
                10.155257225,
                11.7558450699,
                18.1103534698,
                19.0566730499,
                21.3722839355,
                29.7128295898,
                23.6177406311,
                29.0530166626,
                31.4145622253,
                30.2559337616,
                26.6021728516,
                22.2667865753,
                17.0383682251,
                15.0236911774,
                17.2349910736,
                38.9610977173,
                21.8472118378,
                19.7069721222,
                10.793598175,
                8.65750694275,
                7.09942483902,
                6.03587675095,
                6.27699995041,
                5.37336015701,
                6.32922840118,
                9.53374385834,
                9.46181869507,
                11.7507133484,
                8.32626819611,
                7.23853969574,
                4.63283967972,
                0.237524107099,
                0.00680628744885,
                0.000510062847752,
                7.46200603317e-05,
                1.98438210646e-05,
                2.01430448215e-05
            ],
            "dvar": [
                0.219958797097,
                10.7591228485,
                156.78263855,
                188.211975098,
                147.514648438,
                320.09753418,
                472.1277771,
                812.829833984,
                1699.3605957,
                1594.42333984,
                2191.29174805,
                2662.13476562,
                2716.94677734,
                1472.51147461,
                768.871704102,
                717.72088623,
                454.229919434,
                500.991607666,
                2966.98339844,
                983.767700195,
                1080.51574707,
                151.400436401,
                94.6025619507,
                61.7646141052,
                34.6893043518,
                28.372467041,
                23.6587619781,
                30.5824127197,
                88.9441070557,
                118.455108643,
                195.281997681,
                122.45009613,
                119.439804077,
                56.9804229736,
                0.147031515837,
                0.000118156152894,
                6.2417262825e-07,
                1.21981749146e-08,
                5.75806902159e-10,
                2.27473997971e-10
            ],
            "dvar2": [
                0.288773685694,
                18.6890182495,
                335.936798096,
                493.09942627,
                341.378692627,
                762.118591309,
                1099.65454102,
                1802.22192383,
                3997.59741211,
                3561.48999023,
                4663.17529297,
                5924.6484375,
                5966.55273438,
                2934.34106445,
                1703.60644531,
                1613.36938477,
                1206.11560059,
                1124.8515625,
                7312.25146484,
                2156.66918945,
                1941.47900391,
                352.382843018,
                204.151535034,
                153.567306519,
                88.7375259399,
                67.9261398315,
                57.6598930359,
                72.9426422119,
                209.326751709,
                269.402069092,
                427.077178955,
                265.215423584,
                228.189559937,
                117.432357788,
                0.310996472836,
                0.000243315080297,
                1.25254962313e-06,
                2.41819257951e-08,
                1.15448073323e-09,
                4.38640290756e-10
            ],
            "max": [
                5.66398286819,
                28.8726387024,
                101.123413086,
                113.257827759,
                238.313522339,
                297.292144775,
                543.628173828,
                858.115661621,
                1310.19445801,
                1452.14782715,
                1250.83508301,
                1132.19250488,
                1676.96984863,
                1151.79650879,
                720.189758301,
                1195.65344238,
                1046.00622559,
                559.555419922,
                1447.77062988,
                897.541442871,
                1330.96252441,
                347.27722168,
                525.690002441,
                252.707122803,
                232.606018066,
                194.490585327,
                154.380584717,
                111.303916931,
                161.455154419,
                374.176147461,
                302.097015381,
                355.840484619,
                440.400817871,
                291.809204102,
                10.1822929382,
                0.321106731892,
                0.0242849737406,
                0.00325143733062,
                0.000665322702844,
                0.000253958889516
            ],
            "mean": [
                0.868283987045,
                3.86803102493,
                6.69507408142,
                7.64411449432,
                15.380657196,
                26.4159355164,
                29.3850364685,
                37.4762496948,
                39.2822036743,
                30.9376049042,
                37.8076057434,
                41.5202713013,
                40.6099090576,
                36.6822357178,
                25.978761673,
                19.2424888611,
                17.6656856537,
                22.7512950897,
                40.5236816406,
                23.2229728699,
                25.0733203888,
                15.2974014282,
                11.8435630798,
                8.9373998642,
                8.53023338318,
                9.49151611328,
                7.75130987167,
                8.28056907654,
                10.7364645004,
                10.8022851944,
                11.7861671448,
                9.07844638824,
                8.08699321747,
                4.77781200409,
                0.228655800223,
                0.00701615167782,
                0.000576103921048,
                8.8460452389e-05,
                4.61459021608e-05,
                6.98703734088e-05
            ],
            "median": [
                0.598792672157,
                2.21273779869,
                1.66938889027,
                2.97108697891,
                8.22506427765,
                15.9688863754,
                16.08984375,
                14.9569177628,
                15.6180934906,
                12.6714248657,
                15.5954799652,
                11.7329673767,
                12.8177499771,
                13.209107399,
                10.8189125061,
                8.53786945343,
                10.6301250458,
                11.0155220032,
                12.1809463501,
                11.1003894806,
                9.8619594574,
                9.03618049622,
                7.80766010284,
                6.18512248993,
                6.63458442688,
                6.88013935089,
                6.1027712822,
                5.94406318665,
                6.10508775711,
                6.02948665619,
                5.93863105774,
                4.07806253433,
                3.17831707001,
                1.78386473656,
                0.0784414559603,
                0.00258656474762,
                0.000240334717091,
                3.96646137233e-05,
                4.05050523113e-05,
                7.2815513704e-05
            ],
            "min": [
                1.13210077267e-21,
                1.20567891225e-20,
                1.76934789286e-20,
                3.39381671702e-20,
                7.61449351411e-20,
                1.43281369348e-19,
                8.31410090423e-20,
                3.35125400936e-19,
                5.97840703518e-19,
                7.60759663726e-19,
                6.67993736173e-19,
                1.91292713124e-18,
                1.8149428314e-18,
                2.90896074262e-18,
                2.37707761169e-18,
                2.34937099028e-18,
                3.96120003585e-18,
                2.41435347202e-18,
                4.24175281626e-18,
                6.53739780537e-18,
                4.40693788945e-18,
                9.08404123878e-18,
                1.12155897244e-17,
                8.73930544669e-18,
                5.10469740978e-18,
                1.33921839846e-17,
                1.17278312449e-17,
                7.153831823e-18,
                1.21726707803e-17,
                1.73269307845e-17,
                1.19770160957e-17,
                1.13998169089e-17,
                1.29506887403e-17,
                1.06918470846e-17,
                8.66148346748e-18,
                5.38436965642e-18,
                2.69287118133e-18,
                1.32260689536e-18,
                3.20771697658e-19,
                3.3799640267e-20
            ],
            "var": [
                0.731544315815,
                24.3429260254,
                182.890869141,
                178.868972778,
                383.76739502,
                992.803161621,
                1386.97058105,
                4972.32324219,
                4446.28808594,
                3693.74536133,
                5472.18847656,
                8367.578125,
                7781.69482422,
                5590.06591797,
                2660.29907227,
                1813.97277832,
                767.245666504,
                1532.70996094,
                7459.66796875,
                1935.25695801,
                3538.29052734,
                485.287475586,
                280.194732666,
                130.226547241,
                74.8566513062,
                114.89604187,
                57.679271698,
                69.4451904297,
                168.746520996,
                207.523376465,
                326.31842041,
                244.010726929,
                290.197937012,
                115.877311707,
                0.282836377621,
                0.000241541230935,
                1.35708592097e-06,
                2.75465144028e-08,
                1.52080914528e-09,
                1.212662748e-09
            ]
        },
        "erbbands_crest": {
            "dmean": 2.52817606926,
            "dmean2": 3.94655966759,
            "dvar": 5.96173238754,
            "dvar2": 13.4382953644,
            "max": 31.9426212311,
            "mean": 9.39060878754,
            "median": 8.38101482391,
            "min": 2.20615696907,
            "var": 21.5554199219
        },
        "erbbands_flatness_db": {
            "dmean": 0.0148266591132,
            "dmean2": 0.0216679126024,
            "dvar": 0.000249458098551,
            "dvar2": 0.000487134879222,
            "max": 0.431638300419,
            "mean": 0.165251508355,
            "median": 0.154695987701,
            "min": 0.0472847670317,
            "var": 0.00234846398234
        },
        "erbbands_kurtosis": {
            "dmean": 1.01856422424,
            "dmean2": 1.54939770699,
            "dvar": 5.81202840805,
            "dvar2": 13.3842535019,
            "max": 133.316497803,
            "mean": 0.826954483986,
            "median": -0.012610912323,
            "min": -1.82154715061,
            "var": 14.7973499298
        },
        "erbbands_skewness": {
            "dmean": 0.355218499899,
            "dmean2": 0.519933700562,
            "dvar": 0.126080229878,
            "dvar2": 0.274724036455,
            "max": 7.17193651199,
            "mean": 0.616927623749,
            "median": 0.577299952507,
            "min": -2.70133161545,
            "var": 0.655120968819
        },
        "erbbands_spread": {
            "dmean": 10.2374353409,
            "dmean2": 14.6142349243,
            "dvar": 132.576263428,
            "dvar2": 253.209503174,
            "max": 144.564941406,
            "mean": 49.3527641296,
            "median": 46.8405303955,
            "min": 0.830881655216,
            "var": 633.101196289
        },
        "gfcc": {
            "cov": [
                [
                    10300.1542969,
                    -727.945800781,
                    1166.82666016,
                    1484.1784668,
                    -1033.81665039,
                    1042.21960449,
                    -538.970825195,
                    285.926025391,
                    -15.3371171951,
                    -16.8095932007,
                    21.2045154572,
                    -82.362953186,
                    294.750274658
                ],
                [
                    -727.945800781,
                    1192.52246094,
                    121.40120697,
                    -255.937774658,
                    280.551269531,
                    -329.182800293,
                    157.952026367,
                    -135.705474854,
                    70.5977172852,
                    -141.027877808,
                    40.4643363953,
                    -72.6108322144,
                    23.1249103546
                ],
                [
                    1166.82666016,
                    121.40120697,
                    872.408203125,
                    250.395858765,
                    -148.472366333,
                    159.939361572,
                    -143.421432495,
                    38.6719779968,
                    -40.0544815063,
                    -7.85055780411,
                    36.4335899353,
                    -25.4552364349,
                    42.2487068176
                ],
                [
                    1484.1784668,
                    -255.937774658,
                    250.395858765,
                    560.511352539,
                    -40.6192398071,
                    175.072875977,
                    17.4092388153,
                    46.0621833801,
                    29.3041934967,
                    36.929889679,
                    21.5157661438,
                    3.77225351334,
                    17.0041847229
                ],
                [
                    -1033.81665039,
                    280.551269531,
                    -148.472366333,
                    -40.6192398071,
                    400.505096436,
                    -75.7983016968,
                    193.920883179,
                    -7.62349557877,
                    70.7883911133,
                    -5.56270027161,
                    3.60270118713,
                    -1.98878908157,
                    -32.5966835022
                ],
                [
                    1042.21960449,
                    -329.182800293,
                    159.939361572,
                    175.072875977,
                    -75.7983016968,
                    348.731933594,
                    -18.7450771332,
                    78.9620056152,
                    10.1985454559,
                    26.3496017456,
                    -5.76625823975,
                    -0.30908420682,
                    34.6745414734
                ],
                [
                    -538.970825195,
                    157.952026367,
                    -143.421432495,
                    17.4092388153,
                    193.920883179,
                    -18.7450771332,
                    272.960327148,
                    24.7315807343,
                    86.9966125488,
                    12.9548063278,
                    10.093998909,
                    -1.12463331223,
                    -7.36278247833
                ],
                [
                    285.926025391,
                    -135.705474854,
                    38.6719779968,
                    46.0621833801,
                    -7.62349557877,
                    78.9620056152,
                    24.7315807343,
                    142.720352173,
                    58.3057327271,
                    34.2586174011,
                    5.32074069977,
                    5.6511054039,
                    20.9565658569
                ],
                [
                    -15.3371171951,
                    70.5977172852,
                    -40.0544815063,
                    29.3041934967,
                    70.7883911133,
                    10.1985454559,
                    86.9966125488,
                    58.3057327271,
                    140.45942688,
                    37.6957550049,
                    31.4167671204,
                    5.14339733124,
                    18.3714408875
                ],
                [
                    -16.8095932007,
                    -141.027877808,
                    -7.85055780411,
                    36.929889679,
                    -5.56270027161,
                    26.3496017456,
                    12.9548063278,
                    34.2586174011,
                    37.6957550049,
                    116.657707214,
                    48.8720588684,
                    33.3228988647,
                    3.35683727264
                ],
                [
                    21.2045154572,
                    40.4643363953,
                    36.4335899353,
                    21.5157661438,
                    3.60270118713,
                    -5.76625823975,
                    10.093998909,
                    5.32074069977,
                    31.4167671204,
                    48.8720588684,
                    107.781646729,
                    43.7872695923,
                    28.8448028564
                ],
                [
                    -82.362953186,
                    -72.6108322144,
                    -25.4552364349,
                    3.77225351334,
                    -1.98878908157,
                    -0.30908420682,
                    -1.12463331223,
                    5.6511054039,
                    5.14339733124,
                    33.3228988647,
                    43.7872695923,
                    81.6148834229,
                    36.862537384
                ],
                [
                    294.750274658,
                    23.1249103546,
                    42.2487068176,
                    17.0041847229,
                    -32.5966835022,
                    34.6745414734,
                    -7.36278247833,
                    20.9565658569,
                    18.3714408875,
                    3.35683727264,
                    28.8448028564,
                    36.862537384,
                    94.6253814697
                ]
            ],
            "icov": [
                [
                    0.000744582677726,
                    -0.00183465343434,
                    0.00101043027826,
                    -0.00231952010654,
                    0.00194088893477,
                    -0.00228160549887,
                    0.00158831547014,
                    -0.00180883950088,
                    0.000812851067167,
                    -0.000806366093457,
                    0.000705341692083,
                    -0.000331846968038,
                    -9.13607582333e-05
                ],
                [
                    -0.00183465343434,
                    0.00902175437659,
                    -0.00461914716288,
                    0.00744911376387,
                    -0.00668631959707,
                    0.00878476817161,
                    -0.00572023680434,
                    0.00789081212133,
                    -0.00492239696905,
                    0.00608423864469,
                    -0.00478037027642,
                    0.00558940367773,
                    -0.00346164684743
                ],
                [
                    0.00101043027826,
                    -0.00461914716288,
                    0.00406435970217,
                    -0.00461036479101,
                    0.00351443816908,
                    -0.00490531977266,
                    0.00381432799622,
                    -0.00452534062788,
                    0.00301853101701,
                    -0.00262891594321,
                    0.00117190938909,
                    -0.00136652693618,
                    0.000984756508842
                ],
                [
                    -0.00231952010654,
                    0.00744911376387,
                    -0.00461036479101,
                    0.0103119043633,
                    -0.00657739164308,
                    0.00736635085195,
                    -0.00620829127729,
                    0.00721150450408,
                    -0.00407841568813,
                    0.00369891477749,
                    -0.00331164570525,
                    0.00251456419937,
                    -0.000744713877793
                ],
                [
                    0.00194088893477,
                    -0.00668631959707,
                    0.00351443816908,
                    -0.00657739164308,
                    0.010083982721,
                    -0.00689402082935,
                    0.00222286279313,
                    -0.0056644664146,
                    0.00222800392658,
                    -0.00306374602951,
                    0.00314683932811,
                    -0.00380182103254,
                    0.00282650371082
                ],
                [
                    -0.00228160549887,
                    0.00878476817161,
                    -0.00490531977266,
                    0.00736635085195,
                    -0.00689402082935,
                    0.0133659914136,
                    -0.0062875575386,
                    0.00617307284847,
                    -0.00395698752254,
                    0.00458559021354,
                    -0.00335542229004,
                    0.00478693796322,
                    -0.00353890657425
                ],
                [
                    0.00158831547014,
                    -0.00572023680434,
                    0.00381432799622,
                    -0.00620829127729,
                    0.00222286279313,
                    -0.0062875575386,
                    0.0109006613493,
                    -0.0055818813853,
                    0.000583129876759,
                    -0.0031841439195,
                    0.0024146696087,
                    -0.00194363237824,
                    0.00103803782258
                ],
                [
                    -0.00180883950088,
                    0.00789081212133,
                    -0.00452534062788,
                    0.00721150450408,
                    -0.0056644664146,
                    0.00617307284847,
                    -0.0055818813853,
                    0.0174138750881,
                    -0.0083879576996,
                    0.00301907095127,
                    -0.00193130155094,
                    0.00397036504,
                    -0.00351030775346
                ],
                [
                    0.000812851067167,
                    -0.00492239696905,
                    0.00301853101701,
                    -0.00407841568813,
                    0.00222800392658,
                    -0.00395698752254,
                    0.000583129876759,
                    -0.0083879576996,
                    0.0153319966048,
                    -0.00580893689767,
                    -9.62689082371e-05,
                    -0.000107714280603,
                    -0.000522610265762
                ],
                [
                    -0.000806366093457,
                    0.00608423864469,
                    -0.00262891594321,
                    0.00369891477749,
                    -0.00306374602951,
                    0.00458559021354,
                    -0.0031841439195,
                    0.00301907095127,
                    -0.00580893689767,
                    0.017952490598,
                    -0.00830803252757,
                    0.000464492157334,
                    0.000724349753
                ],
                [
                    0.000705341692083,
                    -0.00478037027642,
                    0.00117190938909,
                    -0.00331164570525,
                    0.00314683932811,
                    -0.00335542229004,
                    0.0024146696087,
                    -0.00193130155094,
                    -9.62689082371e-05,
                    -0.00830803252757,
                    0.0182879585773,
                    -0.00936783943325,
                    0.000360258651199
                ],
                [
                    -0.000331846968038,
                    0.00558940367773,
                    -0.00136652693618,
                    0.00251456419937,
                    -0.00380182103254,
                    0.00478693796322,
                    -0.00194363237824,
                    0.00397036504,
                    -0.000107714280603,
                    0.000464492157334,
                    -0.00936783943325,
                    0.0260313116014,
                    -0.0115491328761
                ],
                [
                    -9.13607582333e-05,
                    -0.00346164684743,
                    0.000984756508842,
                    -0.000744713877793,
                    0.00282650371082,
                    -0.00353890657425,
                    0.00103803782258,
                    -0.00351030775346,
                    -0.000522610265762,
                    0.000724349753,
                    0.000360258651199,
                    -0.0115491328761,
                    0.0189864207059
                ]
            ],
            "mean": [
                6.12394523621,
                118.500816345,
                -124.185020447,
                57.9778022766,
                -76.4833984375,
                31.1310882568,
                -39.3717727661,
                3.29281830788,
                -2.53935837746,
                -11.0774297714,
                8.10295772552,
                -14.1634750366,
                12.7883167267
            ]
        },
        "hfc": {
            "dmean": 8.24962520599,
            "dmean2": 12.1226148605,
            "dvar": 146.378158569,
            "dvar2": 305.63760376,
            "max": 245.79977417,
            "mean": 28.9537200928,
            "median": 25.5228652954,
            "min": 1.17222610106e-16,
            "var": 451.813049316
        },
        "melbands": {
            "dmean": [
                0.0029718412552,
                0.00251347827725,
                0.00102435378358,
                0.000743006996345,
                0.000455404107925,
                0.000310497329338,
                0.000284510315396,
                0.000179360547918,
                0.000158499256941,
                0.000129417938297,
                0.00010485171515,
                8.02133290563e-05,
                4.87657198391e-05,
                4.02711011702e-05,
                2.44066341111e-05,
                1.82880648936e-05,
                2.30996665778e-05,
                4.27630584454e-05,
                2.35304269154e-05,
                1.81560244528e-05,
                1.41955870276e-05,
                7.06223590896e-06,
                7.26738880985e-06,
                4.38171582573e-06,
                3.80679716727e-06,
                3.01065324493e-06,
                3.16223577101e-06,
                2.73155001196e-06,
