{
    "lowlevel": {
        "average_loudness": 0.580999672413,
        "barkbands": {
            "dmean": [
                0.00513021554798,
                0.0114510748535,
                0.00200554914773,
                0.000539518252481,
                0.000576546473894,
                0.00052456924459,
                0.000763900112361,
                0.000660511897877,
                0.000590845651459,
                0.000481947121443,
                0.000260064553004,
                0.000316490244586,
                0.000233073238633,
                0.000297633727314,
                0.000188026082469,
                0.000267247989541,
                0.000224434174015,
                0.000182488904102,
                8.87512796908e-05,
                7.47784579289e-05,
                0.000135034526465,
                0.000577057013288,
                0.00126077060122,
                0.000465070042992,
                0.000136913877213,
                4.2762098019e-05,
                4.22096672992e-06
            ],
            "dmean2": [
                0.00776206795126,
                0.017116535455,
                0.00337423430756,
                0.000899169128388,
                0.000892192532774,
                0.000805038551334,
                0.00117916439194,
                0.000964599254075,
                0.000826718052849,
                0.000674983020872,
                0.000378110882593,
                0.000442788004875,
                0.000340238912031,
                0.00043230553274,
                0.00026786988019,
                0.000400355755119,
                0.000345522799762,
                0.000313216325594,
                0.00014003731485,
                0.000122318655485,
                0.000221832335228,
                0.00102099927608,
                0.00235654180869,
                0.000858505023643,
                0.000237087486312,
                6.84804399498e-05,
                6.99171278029e-06
            ],
            "dvar": [
                0.000148032093421,
                0.00129743432626,
                0.000125713602756,
                9.6332787507e-06,
                5.80147752771e-06,
                2.51796427619e-06,
                2.78537618215e-06,
                3.39496568813e-06,
                2.79885853161e-06,
                2.61627496911e-06,
                8.67230085078e-07,
                1.52108759721e-06,
                7.68825373143e-07,
                1.67907251125e-06,
                4.21979962084e-07,
                1.31413423787e-06,
                8.45225201829e-07,
                8.33344529383e-07,
                1.85236771699e-07,
                7.50615640754e-08,
                1.54633937655e-07,
                2.31818648899e-06,
                8.95023640624e-06,
                1.23218956105e-06,
                1.12585517797e-07,
                1.82338837362e-08,
                5.12550224485e-10
            ],
            "dvar2": [
                0.000339089310728,
                0.00315229361877,
                0.000361270300345,
                2.52974150499e-05,
                1.40564015965e-05,
                5.59119871468e-06,
                6.0998927438e-06,
                7.01942190062e-06,
                5.37154255653e-06,
                4.63340620627e-06,
                1.77777042154e-06,
                2.84318525701e-06,
                1.48722187987e-06,
                3.82045391234e-06,
                7.37749587643e-07,
                2.50998118645e-06,
                1.80613631073e-06,
                2.14974920709e-06,
                3.52164903461e-07,
                1.61123750786e-07,
                3.09433943357e-07,
                6.40358666715e-06,
                2.56210350926e-05,
                3.51555468114e-06,
                2.80114306861e-07,
                3.88095209303e-08,
                1.37550149049e-09
            ],
            "max": [
                0.143320053816,
                0.41167896986,
                0.134622424841,
                0.0452470593154,
                0.0482991151512,
                0.029794190079,
                0.0403412245214,
                0.0306934975088,
                0.029909748584,
                0.0303298793733,
                0.0239103958011,
                0.0155201014131,
                0.0134757710621,
                0.0168450288475,
                0.0115696620196,
                0.016830816865,
                0.0106681603938,
                0.00998278241605,
                0.00526547105983,
                0.00305372010916,
                0.00459752604365,
                0.0132070472464,
                0.0230855122209,
                0.00771802570671,
                0.00747243640944,
                0.00289595546201,
                0.000883115571924
            ],
            "mean": [
                0.0202648937702,
                0.041911251843,
                0.00253005558625,
                0.000468534126412,
                0.000734066066798,
                0.000707634666469,
                0.000984224374406,
                0.000817813444883,
                0.000822625937872,
                0.000621250306722,
                0.000347340101143,
                0.000352253759047,
                0.000252736732364,
                0.000283497851342,
                0.000221599591896,
                0.000328211986925,
                0.000271404249361,
                0.000172214393388,
                9.93346184259e-05,
                7.92447681306e-05,
                0.000146265039803,
                0.000439373980043,
                0.00081809994299,
                0.000339130900102,
                0.000124147365568,
                4.32933047705e-05,
                3.88742637369e-06
            ],
            "median": [
                1.42149787052e-07,
                2.35352985101e-07,
                2.35313927988e-06,
                2.77173626273e-06,
                0.000144696503412,
                1.90510054381e-05,
                9.00672166608e-05,
                1.65250894497e-05,
                6.70878653182e-05,
                2.16843509406e-05,
                1.32066697915e-05,
                9.5484610938e-06,
                9.43562736211e-06,
                7.56359531806e-06,
                1.20380736917e-05,
                7.68274276197e-06,
                8.66074697115e-06,
                3.42032649314e-06,
                2.68540452453e-06,
                3.72557542505e-06,
                1.27925504785e-05,
                2.78025381704e-05,
                1.71170868271e-05,
                1.89018137462e-05,
                1.3173201296e-05,
                4.01894658353e-06,
                2.47047069024e-07
            ],
            "min": [
                8.65451903547e-25,
                1.1712279391e-23,
                1.64376729647e-23,
                1.89081533947e-23,
                5.8833940509e-23,
                4.492603876e-23,
                3.29359367577e-23,
                9.8517594657e-23,
                8.73230525667e-23,
                8.90601873889e-23,
                1.09872862424e-22,
                9.34719140895e-23,
                4.97353040251e-23,
                8.13022957441e-23,
                1.44181029037e-22,
                1.74100352227e-22,
                1.38278708635e-22,
                3.33428078623e-22,
                1.68435346429e-22,
                3.08566186873e-22,
                3.77012353336e-22,
                6.92963742408e-22,
                6.59322573467e-22,
                9.96101657486e-22,
                1.16251521021e-21,
                1.7353984699e-21,
                2.57967401381e-21
            ],
            "var": [
                0.00125364144333,
                0.00552471773699,
                9.32503098738e-05,
                7.31773116058e-06,
                5.63086132388e-06,
                4.52319136457e-06,
                4.20540118284e-06,
                5.6736789702e-06,
                5.42749830856e-06,
                5.33339061803e-06,
                1.42474777931e-06,
                2.20428637476e-06,
                1.02247827272e-06,
                1.70607199834e-06,
                6.13960537521e-07,
                1.76526543783e-06,
                1.11526992441e-06,
                8.42273266244e-07,
                2.44224906965e-07,
                9.65536983699e-08,
                2.09025628806e-07,
                1.66107327004e-06,
                5.58318151889e-06,
                8.00100963261e-07,
                1.14059467649e-07,
                2.53444873977e-08,
                3.85286275106e-10
            ]
        },
        "barkbands_crest": {
            "dmean": 2.59056162834,
            "dmean2": 4.20406007767,
            "dvar": 7.99280452728,
            "dvar2": 20.7528400421,
            "max": 25.5040149689,
            "mean": 12.9258594513,
            "median": 13.2675876617,
            "min": 2.54300570488,
            "var": 20.4611911774
        },
        "barkbands_flatness_db": {
            "dmean": 0.0431620143354,
            "dmean2": 0.0618032068014,
            "dvar": 0.00247786054388,
            "dvar2": 0.00461578788236,
            "max": 0.675768077374,
            "mean": 0.257021248341,
            "median": 0.226884543896,
            "min": 0.0415834933519,
            "var": 0.0152005841956
        },
        "barkbands_kurtosis": {
            "dmean": 25.1934375763,
            "dmean2": 42.808795929,
            "dvar": 3422.28491211,
            "dvar2": 9664.171875,
            "max": 1113.53173828,
            "mean": 31.5451717377,
            "median": 6.03288412094,
            "min": -1.96402823925,
            "var": 4239.58544922
        },
        "barkbands_skewness": {
            "dmean": 1.68885302544,
            "dmean2": 2.71413040161,
            "dvar": 5.47498273849,
            "dvar2": 14.6266365051,
            "max": 23.5297489166,
            "mean": 2.57261514664,
            "median": 1.83802914619,
            "min": -7.18484592438,
            "var": 12.5509777069
        },
        "barkbands_spread": {
            "dmean": 9.99783039093,
            "dmean2": 17.2097854614,
            "dvar": 247.514724731,
            "dvar2": 651.196960449,
            "max": 139.707015991,
            "mean": 15.1833133698,
            "median": 9.50601291656,
            "min": 0.100954473019,
            "var": 307.997192383
        },
        "dissonance": {
            "dmean": 0.0336398147047,
            "dmean2": 0.0540456660092,
            "dvar": 0.00113382819109,
            "dvar2": 0.00278269615956,
            "max": 0.500000119209,
            "mean": 0.42956840992,
            "median": 0.439703762531,
            "min": 0.140731692314,
            "var": 0.00280123436823
        },
        "dynamic_complexity": 8.83260059357,
        "erbbands": {
            "dmean": [
                0.634330809116,
                2.03675556183,
                2.4992878437,
                2.00518226624,
                1.58652436733,
                2.19174861908,
                1.85630989075,
                5.05723810196,
                8.47737789154,
                18.1646728516,
                8.49085330963,
                11.7805156708,
                17.9891529083,
                8.80832386017,
                11.3443307877,
                13.6776361465,
                9.96986579895,
                12.7743606567,
                11.0213804245,
                11.5688247681,
                13.5399866104,
                11.3725757599,
                11.1573820114,
                5.03928565979,
                4.90798950195,
                3.65853619576,
                4.88123989105,
                6.31169891357,
                16.2618408203,
                32.744178772,
                33.8675041199,
                15.3833341599,
                5.35019540787,
                2.13906264305,
                0.69530326128,
                0.241862550378,
                0.0746119916439,
                0.0108610186726,
                0.000717079499736,
                3.72879039787e-05
            ],
            "dmean2": [
                0.955504417419,
                3.18039631844,
                4.14413356781,
                3.30673909187,
                2.44157719612,
                3.36008262634,
                3.02479887009,
                7.73951101303,
                12.5717468262,
                27.0753517151,
                12.2739038467,
                16.4314861298,
                22.9215278625,
                12.8460426331,
                16.1206054688,
                19.2279205322,
                14.7608604431,
                17.8195838928,
                15.7488718033,
                16.7539653778,
                20.6290569305,
                17.4417667389,
                19.0164928436,
                7.38424348831,
                8.19621276855,
                5.9697470665,
                7.89055299759,
                10.4210853577,
                28.1925868988,
                60.3258972168,
                63.2425956726,
                28.6635189056,
                9.7198009491,
                3.74918723106,
                1.17854070663,
                0.392170399427,
                0.120041429996,
                0.0176101159304,
                0.00118944153655,
                5.75525700697e-05
            ],
            "dvar": [
                3.71640229225,
                62.0795211792,
                183.847167969,
                126.597511292,
                67.64012146,
                63.5091934204,
                59.9834480286,
                228.420547485,
                471.715057373,
                1677.53759766,
                668.653930664,
                1195.93225098,
                3338.33544922,
                852.663757324,
                1876.1661377,
                3143.69165039,
                1405.72314453,
                2673.22607422,
                1719.57885742,
                2114.74804688,
                3614.56713867,
                2238.23193359,
                3145.91479492,
                589.094238281,
                569.995239258,
                191.995407104,
                300.620117188,
                226.658432007,
                1579.0625,
                6266.85253906,
                6508.39404297,
                1462.46435547,
                151.685211182,
                27.8599224091,
                2.88610744476,
                0.546063661575,
                0.0533956773579,
                0.00212440476753,
                9.17175748327e-06,
                7.45180273043e-09
            ],
            "dvar2": [
                10.3628587723,
                155.864654541,
                509.671234131,
                340.142150879,
                162.936325073,
                154.41217041,
                156.122650146,
                483.293579102,
                926.225036621,
                3513.85571289,
                1392.09399414,
                2382.99194336,
                4927.23046875,
                1936.62609863,
                3688.46875,
                5818.484375,
                2574.24584961,
                5712.06396484,
                3155.58349609,
                3676.10253906,
                7047.58203125,
                4723.31640625,
                7947.05175781,
                1217.84472656,
                1277.59375,
                425.625,
                641.874572754,
                493.503845215,
                4252.87255859,
                17713.7734375,
                18621.3242188,
                4199.81933594,
                424.914642334,
                72.843421936,
                6.75005054474,
                1.1899561882,
                0.111798219383,
                0.00543316453695,
                2.39317869273e-05,
                1.85420354626e-08
            ],
            "max": [
                19.7430419922,
                92.8115386963,
                162.13835144,
                147.774917603,
                132.81930542,
                176.261154175,
                130.668792725,
                284.495513916,
                475.633514404,
                519.678649902,
                885.532531738,
                686.560974121,
                1163.58044434,
                478.494659424,
                1162.21386719,
                683.592224121,
                569.698059082,
                686.148986816,
                500.516418457,
                733.741821289,
                765.037719727,
                579.261535645,
                584.37109375,
                330.643280029,
                283.011932373,
                154.088867188,
                226.983657837,
                169.441940308,
                365.958251953,
                734.123901367,
                563.20526123,
                240.892837524,
                106.235458374,
                113.282806396,
                36.3863563538,
                18.1577987671,
                4.74757242203,
                1.70125615597,
                0.103105992079,
                0.00192095176317
            ],
            "mean": [
                2.71667003632,
                3.53893589973,
                3.24498295784,
                2.18115615845,
                1.56662893295,
                3.01790046692,
                2.11990356445,
                7.10205698013,
                11.5934267044,
                24.5179080963,
                11.2967834473,
                17.0308952332,
                27.2718162537,
                11.1873788834,
                15.3546848297,
                15.7040605545,
                11.4995603561,
                13.1050786972,
                12.7951097488,
                14.5013008118,
                17.1487121582,
                14.2867279053,
                10.9852571487,
                5.21905994415,
                5.11996507645,
                3.77161312103,
                5.42830610275,
                6.35256242752,
                13.0095748901,
                22.4159049988,
                22.013343811,
                10.5277118683,
                4.12508916855,
                1.816578269,
                0.674402296543,
                0.240433856845,
                0.0742369666696,
                0.0108133982867,
                0.000692510453518,
                0.000103199927253
            ],
            "median": [
                1.05829867607e-05,
                0.00019834896375,
                0.00285020237789,
                0.018861092627,
                0.124864168465,
                0.528309464455,
                0.195137172937,
                0.29574033618,
                0.879590928555,
                1.4060382843,
                0.549272358418,
                1.85221648216,
                0.850862264633,
                0.827884078026,
                0.583518743515,
                0.418376415968,
                0.474227249622,
                0.477345049381,
                0.584325611591,
                0.554475545883,
                0.469610005617,
                0.515485405922,
                0.26602691412,
                0.162123650312,
                0.132586926222,
                0.188458397985,
                0.396546006203,
                0.632172822952,
                0.964637994766,
                0.771551132202,
                0.389997422695,
                0.251246392727,
                0.312220394611,
                0.168585926294,
                0.0760277360678,
                0.0225199908018,
                0.0058068074286,
                0.000982302241027,
                0.000102906560642,
                2.63569490926e-05
            ],
            "min": [
                1.92410066272e-22,
                3.43271755105e-21,
                1.35104726152e-20,
                5.02083089871e-20,
                9.30673896504e-20,
                2.70963740856e-19,
                2.49591978767e-19,
                4.13284637191e-19,
                2.66428051063e-19,
                7.46438634082e-19,
                2.7288994465e-18,
                1.99549402524e-18,
                3.67186259734e-18,
                2.52199303756e-18,
                5.8148344472e-18,
                2.44312612245e-18,
                2.56132816403e-18,
                4.64189316578e-18,
                5.47476023145e-18,
                1.04838103334e-17,
                8.0088197662e-18,
                9.20151081193e-18,
                1.1467709412e-17,
                1.53134639857e-17,
                1.02924338269e-17,
                1.81335642306e-17,
                1.25219916345e-17,
                1.77211154336e-17,
                2.48873682006e-17,
                2.25749070433e-17,
                2.1334207262e-17,
                1.64837161029e-17,
                1.95638141036e-17,
                1.11553155547e-17,
                9.11497448496e-18,
                5.93971928095e-18,
                3.64705007409e-18,
                1.37303244589e-18,
                3.53152561615e-19,
                3.60202680137e-20
            ],
            "var": [
                20.9694004059,
                88.1450576782,
                148.292022705,
                99.0418624878,
                60.2754898071,
                68.6245803833,
                49.6340904236,
                443.478088379,
                874.02166748,
                2999.11035156,
                1136.96203613,
                2289.91333008,
                8972.49804688,
                1153.24621582,
                3061.29711914,
                4490.58447266,
                1988.17749023,
                3066.17480469,
                2347.04052734,
                3037.94360352,
                4755.29931641,
                3053.05029297,
                3219.43383789,
                721.932434082,
                655.7578125,
                232.838928223,
                387.896820068,
                275.203979492,
                1247.33544922,
                4122.25244141,
                4058.1328125,
                912.68762207,
                107.219940186,
                24.2016105652,
                3.51200222969,
                0.710521221161,
                0.0781890973449,
                0.00187719857786,
                7.85872998676e-06,
                2.07796322371e-08
            ]
        },
        "erbbands_crest": {
            "dmean": 3.22470760345,
            "dmean2": 5.21333742142,
            "dvar": 8.78076267242,
            "dvar2": 21.5113773346,
            "max": 30.3373260498,
            "mean": 11.5426702499,
            "median": 10.9504823685,
            "min": 2.90512728691,
            "var": 21.3302707672
        },
        "erbbands_flatness_db": {
            "dmean": 0.0304277874529,
            "dmean2": 0.0480690263212,
            "dvar": 0.00105894473381,
            "dvar2": 0.00268052890897,
            "max": 0.409495830536,
            "mean": 0.217060416937,
            "median": 0.206997618079,
            "min": 0.0445777103305,
            "var": 0.00494166975841
        },
        "erbbands_kurtosis": {
            "dmean": 3.93253278732,
            "dmean2": 6.75293016434,
            "dvar": 55.4704971313,
            "dvar2": 149.411499023,
            "max": 69.0134735107,
            "mean": 3.2076458931,
            "median": 0.813234627247,
            "min": -1.90376520157,
            "var": 50.140411377
        },
        "erbbands_skewness": {
            "dmean": 0.978847980499,
            "dmean2": 1.54683434963,
            "dvar": 1.61892068386,
            "dvar2": 3.73649573326,
            "max": 5.2847070694,
            "mean": 0.393763780594,
            "median": 0.497820794582,
            "min": -7.20023441315,
            "var": 2.59605789185
        },
        "erbbands_spread": {
            "dmean": 19.2035388947,
            "dmean2": 32.4879379272,
            "dvar": 752.723205566,
            "dvar2": 2120.39355469,
            "max": 233.635513306,
            "mean": 37.9050483704,
            "median": 28.3915424347,
            "min": 2.23759365082,
            "var": 1028.49890137
        },
        "gfcc": {
            "cov": [
                [
                    40370.2539063,
                    -4818.81103516,
                    3948.84228516,
                    4079.93383789,
                    -2089.6159668,
                    2122.31518555,
                    -407.951507568,
                    1612.21386719,
                    790.506225586,
                    605.276916504,
                    -253.94821167,
                    1297.90637207,
                    -258.359466553
                ],
                [
                    -4818.81103516,
                    5503.5078125,
                    561.383666992,
                    -333.761291504,
                    2191.76757813,
                    -45.3004837036,
                    968.80657959,
                    9.47411441803,
                    492.698944092,
                    -104.284622192,
                    336.376708984,
                    -342.052947998,
                    539.699401855
                ],
                [
                    3948.84228516,
                    561.383666992,
                    3977.11376953,
                    1914.88208008,
                    1150.05456543,
                    1303.6373291,
                    967.462280273,
                    692.81463623,
                    604.812927246,
                    230.660583496,
                    351.22833252,
                    327.666442871,
                    195.432754517
                ],
                [
                    4079.93383789,
                    -333.761291504,
                    1914.88208008,
                    1856.43688965,
                    577.949890137,
                    871.539001465,
                    562.360717773,
                    501.993835449,
                    466.203308105,
                    141.905197144,
                    277.689697266,
                    263.632659912,
                    77.6560134888
                ],
                [
                    -2089.6159668,
                    2191.76757813,
                    1150.05456543,
                    577.949890137,
                    1883.91357422,
                    589.343994141,
                    987.841247559,
                    374.00982666,
                    491.965087891,
                    73.1597366333,
                    275.800140381,
                    -60.8133888245,
                    299.874572754
                ],
                [
                    2122.31518555,
                    -45.3004837036,
                    1303.6373291,
                    871.539001465,
                    589.343994141,
                    1013.35791016,
                    699.279174805,
                    449.273712158,
                    365.876556396,
                    140.527191162,
                    160.589141846,
                    165.735931396,
                    87.5482711792
                ],
                [
                    -407.951507568,
                    968.80657959,
                    967.462280273,
                    562.360717773,
                    987.841247559,
                    699.279174805,
                    998.785217285,
                    363.498626709,
                    374.622039795,
                    103.059623718,
                    221.048370361,
                    46.314655304,
                    188.245941162
                ],
                [
                    1612.21386719,
                    9.47411441803,
                    692.81463623,
                    501.993835449,
                    374.00982666,
                    449.273712158,
                    363.498626709,
                    410.077636719,
                    269.863128662,
                    118.342987061,
                    93.9885787964,
                    116.222137451,
                    61.9181861877
                ],
                [
                    790.506225586,
                    492.698944092,
                    604.812927246,
                    466.203308105,
                    491.965087891,
                    365.876556396,
                    374.622039795,
                    269.863128662,
                    414.035003662,
                    104.794723511,
                    124.25806427,
                    62.8514251709,
                    116.15776062
                ],
                [
                    605.276916504,
                    -104.284622192,
                    230.660583496,
                    141.905197144,
                    73.1597366333,
                    140.527191162,
                    103.059623718,
                    118.342987061,
                    104.794723511,
                    206.486541748,
                    86.5304718018,
                    42.6431655884,
                    -16.4847450256
                ],
                [
                    -253.94821167,
                    336.376708984,
                    351.22833252,
                    277.689697266,
                    275.800140381,
                    160.589141846,
                    221.048370361,
                    93.9885787964,
                    124.25806427,
                    86.5304718018,
                    272.264038086,
                    18.2012081146,
                    9.89472866058
                ],
                [
                    1297.90637207,
                    -342.052947998,
                    327.666442871,
                    263.632659912,
                    -60.8133888245,
                    165.735931396,
                    46.314655304,
                    116.222137451,
                    62.8514251709,
                    42.6431655884,
                    18.2012081146,
                    192.652450562,
                    7.65733098984
                ],
                [
                    -258.359466553,
                    539.699401855,
                    195.432754517,
                    77.6560134888,
                    299.874572754,
                    87.5482711792,
                    188.245941162,
                    61.9181861877,
                    116.15776062,
                    -16.4847450256,
                    9.89472866058,
                    7.65733098984,
                    173.007858276
                ]
            ],
            "icov": [
                [
                    5.87022550462e-05,
                    -6.63370883558e-05,
                    9.01561998035e-06,
                    -0.000141841999721,
                    0.000154803943587,
                    -9.84861253528e-05,
                    0.000104121805634,
                    -0.000204122072319,
                    2.81345473923e-05,
                    -0.000105134124169,
                    0.000182766423677,
                    -0.000108142543468,
                    5.47876770725e-05
                ],
                [
                    -6.63370883558e-05,
                    0.000763829390053,
                    -0.000174507760676,
                    0.000555046484806,
                    -0.000760857947171,
                    0.000528992328327,
                    -0.000253170583164,
                    0.000612381263636,
                    -0.000593461736571,
                    0.000526096264366,
                    -0.000790487625636,
                    0.000526360177901,
                    -0.000955944880843
                ],
                [
                    9.01561998035e-06,
                    -0.000174507760676,
                    0.000668968015816,
                    -0.000539429252967,
                    -3.49140645994e-05,
                    -0.000485737778945,
                    0.000141812633956,
                    -0.000119555799756,
                    0.000338223355357,
                    -0.000296045152936,
                    0.000124681537272,
                    -0.00038164635771,
                    -6.43757721264e-06
                ],
                [
                    -0.000141841999721,
                    0.000555046484806,
                    -0.000539429252967,
                    0.00205878727138,
                    -0.000665647094138,
                    1.16648625408e-05,
                    -4.14935893787e-05,
                    0.000389402761357,
                    -0.00108509906568,
                    0.00108936347533,
                    -0.00148677942343,
                    -0.00013936405594,
                    -0.000280861539068
                ],
                [
                    0.000154803943587,
                    -0.000760857947171,
                    -3.49140645994e-05,
                    -0.000665647094138,
                    0.00246622459963,
                    -0.000287771341391,
                    -0.000673294649459,
                    -0.00122366903815,
                    2.24236773647e-05,
                    -0.000324948399793,
                    0.000511104997713,
                    0.000523451890331,
                    -0.000114065071102
                ],
                [
                    -9.84861253528e-05,
                    0.000528992328327,
                    -0.000485737778945,
                    1.16648625408e-05,
                    -0.000287771341391,
                    0.0039864112623,
                    -0.00220099743456,
                    -0.000664149294607,
                    -0.000684977974743,
                    0.000334158336045,
                    2.22977632802e-05,
                    -4.41983320343e-05,
                    0.000352683680831
                ],
                [
                    0.000104121805634,
                    -0.000253170583164,
                    0.000141812633956,
                    -4.14935893787e-05,
                    -0.000673294649459,
                    -0.00220099743456,
                    0.00399494450539,
                    -0.000844810856506,
                    0.0001841330959,
                    -0.000230877922149,
                    -0.000673632253893,
                    -8.12148846308e-06,
                    -0.00106670311652
                ],
                [
                    -0.000204122072319,
                    0.000612381263636,
                    -0.000119555799756,
                    0.000389402761357,
                    -0.00122366903815,
                    -0.000664149294607,
                    -0.000844810856506,
                    0.00772864837199,
                    -0.00239645456895,
                    -0.000858550949488,
                    -9.45232022787e-05,
                    -0.00115816807374,
                    -6.07762485743e-05
                ],
                [
                    2.81345473923e-05,
                    -0.000593461736571,
                    0.000338223355357,
                    -0.00108509906568,
                    2.24236773647e-05,
                    -0.000684977974743,
                    0.0001841330959,
                    -0.00239645456895,
                    0.0066971485503,
                    -0.00183237390593,
                    8.06123425718e-05,
                    -5.47485942661e-05,
                    -0.00170986400917
                ],
                [
                    -0.000105134124169,
                    0.000526096264366,
                    -0.000296045152936,
                    0.00108936347533,
                    -0.000324948399793,
                    0.000334158336045,
                    -0.000230877922149,
                    -0.000858550949488,
                    -0.00183237390593,
                    0.00755227776244,
                    -0.0024619079195,
                    -4.61494455521e-05,
                    0.00109261332545
                ],
                [
                    0.000182766423677,
                    -0.000790487625636,
                    0.000124681537272,
                    -0.00148677942343,
                    0.000511104997713,
                    2.22977632802e-05,
                    -0.000673632253893,
                    -9.45232022787e-05,
                    8.06123425718e-05,
                    -0.0024619079195,
                    0.00692554656416,
                    -0.000685442006215,
                    0.00248053437099
                ],
                [
                    -0.000108142543468,
                    0.000526360177901,
                    -0.00038164635771,
                    -0.00013936405594,
                    0.000523451890331,
                    -4.41983320343e-05,
                    -8.12148846308e-06,
                    -0.00115816807374,
                    -5.47485942661e-05,
                    -4.61494455521e-05,
                    -0.000685442006215,
                    0.00877335947007,
                    -0.00208815210499
                ],
                [
                    5.47876770725e-05,
                    -0.000955944880843,
                    -6.43757721264e-06,
                    -0.000280861539068,
                    -0.000114065071102,
                    0.000352683680831,
                    -0.00106670311652,
                    -6.07762485743e-05,
                    -0.00170986400917,
                    0.00109261332545,
                    0.00248053437099,
                    -0.00208815210499,
                    0.0113816298544
                ]
            ],
            "mean": [
                -162.554168701,
                56.9412460327,
                -114.770095825,
                -1.43061995506,
                -74.1015625,
                15.3660230637,
                -39.4395484924,
                1.2672123909,
                -10.0162639618,
                2.01479291916,
                -19.4519405365,
                1.48165476322,
                -4.93074703217
            ]
        },
        "hfc": {
            "dmean": 21.4720592499,
            "dmean2": 37.4396781921,
            "dvar": 2067.17236328,
            "dvar2": 5310.19921875,
            "max": 442.17010498,
            "mean": 23.5463695526,
            "median": 8.26911640167,
            "min": 1.18085763149e-16,
            "var": 2086.92163086
        },
        "melbands": {
            "dmean": [
                0.00411666417494,
                0.00164756120648,
                0.000333428877639,
                0.00013689964544,
                7.09573869244e-05,
                0.000114443842904,
                0.000135921582114,
                0.00019573586178,
                6.42732265987e-05,
                8.23648879305e-05,
                8.95949197002e-05,
                3.60273006663e-05,
                3.66032618331e-05,
                3.41910490533e-05,
                3.84354752896e-05,
                1.72960208147e-05,
                2.71437929769e-05,
                1.99193509616e-05,
                1.51049089254e-05,
                1.85094086191e-05,
                1.56201203936e-05,
                1.21246430353e-05,
                1.30147382151e-05,
                7.02989791534e-06,
                3.82732469006e-06,
                3.50726077158e-06,
