{
    "lowlevel": {
        "average_loudness": 0.890879869461,
        "barkbands": {
            "dmean": [
                0.000248402910074,
                0.00754562439397,
                0.00473290821537,
                0.00139351491816,
                0.00186546100304,
                0.000706329301465,
                0.00112572812941,
                0.000890438095666,
                0.000920910970308,
                0.000677523436025,
                0.000636526674498,
                0.000586175825447,
                0.000415144924773,
                0.000206049691769,
                0.000150216714246,
                0.000132053173729,
                0.000128635132569,
                0.000177591849933,
                0.000148484949023,
                0.000107380299596,
                0.000148215156514,
                0.000146346981637,
                0.000180699353223,
                0.000164733748534,
                0.000148620369146,
                8.77132479218e-05,
                1.9521541617e-05
            ],
            "dmean2": [
                0.000420717231464,
                0.010632914491,
                0.00804020836949,
                0.00241916719824,
                0.00280143343844,
                0.0011842692038,
                0.00181508541573,
                0.00141004484612,
                0.00135090132244,
                0.000983991660178,
                0.00095018511638,
                0.000855912512634,
                0.0006294058403,
                0.000318565056659,
                0.000244372000452,
                0.000223313560127,
                0.000206073949812,
                0.00029014723259,
                0.00024818899692,
                0.000188808902749,
                0.000249472126598,
                0.00024079218565,
                0.000315033801598,
                0.000281629472738,
                0.000255561753875,
                0.0001386993099,
                3.20601029671e-05
            ],
            "dvar": [
                2.78844794366e-07,
                0.000699679891113,
                0.000355663738446,
                1.44402729347e-05,
                2.71116241493e-05,
                3.64014726983e-06,
                6.86450175635e-06,
                5.11653433932e-06,
                3.71866099158e-06,
                1.98803786589e-06,
                1.55628526954e-06,
                1.5104162685e-06,
                8.21123137484e-07,
                5.93686081629e-07,
                2.03781041819e-07,
                1.39208665928e-07,
                8.32513151749e-08,
                1.72129333009e-07,
                1.85852783829e-07,
                1.42737121678e-07,
                3.89019078284e-07,
                1.69325275579e-07,
                3.33921690299e-07,
                2.81768336663e-07,
                3.18163841939e-07,
                1.19912797913e-07,
                8.09758216036e-09
            ],
            "dvar2": [
                7.33040906198e-07,
                0.00101029942743,
                0.000939742312767,
                3.98454758397e-05,
                4.92107246828e-05,
                9.9519647847e-06,
                1.74582346517e-05,
                1.29828722493e-05,
                8.35241098684e-06,
                3.67091183762e-06,
                3.3672004065e-06,
                3.1304462027e-06,
                1.80175891273e-06,
                1.23896143123e-06,
                5.05546552176e-07,
                3.73160588651e-07,
                1.96835273414e-07,
                4.48021722832e-07,
                5.17788180332e-07,
                4.04439219892e-07,
                1.06303912162e-06,
                4.43666550609e-07,
                9.409027939e-07,
                7.89248758792e-07,
                8.85899908099e-07,
                3.10077439281e-07,
                2.1921815474e-08
            ],
            "max": [
                0.00838665384799,
                0.257098048925,
                0.182842701674,
                0.0499746315181,
                0.0778777971864,
                0.0368365906179,
                0.0451800264418,
                0.0512659922242,
                0.0315469093621,
                0.0330947227776,
                0.022083716467,
                0.0241482146084,
                0.0223401952535,
                0.0475822873414,
                0.00795349478722,
                0.00456578796729,
                0.0058622751385,
                0.00543340994045,
                0.00694518536329,
                0.00442173331976,
                0.00848572235554,
                0.00482801627368,
                0.00637667207047,
                0.00551197491586,
                0.00536727998406,
                0.00375500321388,
                0.00105747382622
            ],
            "mean": [
                0.000524088856764,
                0.0167729780078,
                0.00520592182875,
                0.00183074525557,
                0.00275524007156,
                0.00107597652823,
                0.00182421214413,
                0.00137622328475,
                0.00185621762648,
                0.00135866727214,
                0.00134690687992,
                0.00112494954374,
                0.000695039576385,
                0.000294278841466,
                0.000176544941496,
                0.000158325405209,
                0.000184244374395,
                0.000273655517958,
                0.000216634289245,
                0.000102293663076,
                0.000129751628265,
                0.000193903455511,
                0.00019070628332,
                0.000187878729776,
                0.000136274145916,
                8.35016835481e-05,
                1.71093961399e-05
            ],
            "median": [
                0.000153853383381,
                0.00662816269323,
                0.00129290123004,
                0.000675054849125,
                0.000959581928328,
                0.00045087756007,
                0.000655927578919,
                0.000409864413086,
                0.000492294726428,
                0.00029538711533,
                0.000301715161186,
                0.000259536434896,
                0.000137388182338,
                7.00803066138e-05,
                2.61414861598e-05,
                3.24471548083e-05,
                4.23287856393e-05,
                9.80417753453e-05,
                9.357163799e-05,
                2.44789680437e-05,
                1.02087897176e-05,
                6.80439115968e-05,
                5.44745416846e-05,
                7.73113570176e-05,
                3.50175469066e-05,
                1.28641204356e-05,
                1.64370817402e-06
            ],
            "min": [
                9.24397779474e-24,
                1.58382002078e-23,
                8.33740148752e-24,
                8.79497788901e-24,
                2.99461917923e-23,
                2.5540491989e-23,
                8.2536011091e-23,
                2.63365930596e-23,
                3.33894623585e-23,
                1.23388447867e-22,
                5.49448310027e-23,
                9.60842806197e-23,
                6.96961260335e-23,
                7.35048600799e-23,
                7.59105513638e-23,
                1.42149933087e-22,
                2.18520680659e-22,
                1.27895393234e-22,
                2.55066170396e-22,
                1.62038896178e-22,
                5.09355344354e-22,
                6.02808174321e-22,
                6.68293020054e-22,
                5.86553903628e-22,
                1.07666089043e-21,
                1.69143440599e-21,
                2.57672213417e-21
            ],
            "var": [
                1.13087526188e-06,
                0.00139274180401,
                0.000260045693722,
                1.49858597069e-05,
                4.4439570047e-05,
                4.42461259809e-06,
                9.61527712207e-06,
                6.98578196534e-06,
                8.73497629073e-06,
                6.94093114362e-06,
                5.76662887397e-06,
                4.71152134196e-06,
                1.87616694802e-06,
                8.83608493041e-07,
                2.55243776337e-07,
                1.58758069801e-07,
                1.29306073404e-07,
                2.01676357392e-07,
                1.6494225008e-07,
                9.44634166444e-08,
                2.84618209889e-07,
                1.62814870919e-07,
                2.3608170352e-07,
                2.00510058335e-07,
                2.1565814734e-07,
                1.01014663301e-07,
                6.12102279973e-09
            ]
        },
        "barkbands_crest": {
            "dmean": 2.54877400398,
            "dmean2": 3.77449727058,
            "dvar": 7.65244531631,
            "dvar2": 15.6391868591,
            "max": 26.3568649292,
            "mean": 12.0051584244,
            "median": 10.8440933228,
            "min": 2.13091826439,
            "var": 27.6717224121
        },
        "barkbands_flatness_db": {
            "dmean": 0.0256242696196,
            "dmean2": 0.0368944779038,
            "dvar": 0.00105237727985,
            "dvar2": 0.00207357411273,
            "max": 0.572240591049,
            "mean": 0.171495452523,
            "median": 0.150037258863,
            "min": 0.0204332973808,
            "var": 0.0069441748783
        },
        "barkbands_kurtosis": {
            "dmean": 6.93219184875,
            "dmean2": 10.614027977,
            "dvar": 676.665466309,
            "dvar2": 1610.66381836,
            "max": 997.951660156,
            "mean": 9.8964099884,
            "median": 3.09891986847,
            "min": -1.92902588844,
            "var": 795.342651367
        },
        "barkbands_skewness": {
            "dmean": 0.763886332512,
            "dmean2": 1.11630940437,
            "dvar": 1.43670928478,
            "dvar2": 2.86013817787,
            "max": 29.6005477905,
            "mean": 2.04566240311,
            "median": 1.58560562134,
            "min": -7.25721740723,
            "var": 3.80588960648
        },
        "barkbands_spread": {
            "dmean": 5.82493162155,
            "dmean2": 9.15256690979,
            "dvar": 118.860237122,
            "dvar2": 296.69152832,
            "max": 128.65335083,
            "mean": 17.3846225739,
            "median": 15.6150846481,
            "min": 0.343559116125,
            "var": 173.445343018
        },
        "dissonance": {
            "dmean": 0.0331140160561,
            "dmean2": 0.0553110092878,
            "dvar": 0.000922475999687,
            "dvar2": 0.00249617244117,
            "max": 0.500000059605,
            "mean": 0.435123622417,
            "median": 0.443607866764,
            "min": 0.188368573785,
            "var": 0.00199906341732
        },
        "dynamic_complexity": 4.67276287079,
        "erbbands": {
            "dmean": [
                0.246664196253,
                1.8981423378,
                5.3542265892,
                4.79814767838,
                5.11101961136,
                7.72406339645,
                4.82493591309,
                5.84462738037,
                15.1523828506,
                16.0213909149,
                19.9242305756,
                20.3541564941,
                19.3060054779,
                17.5569705963,
                25.1617736816,
                22.1494960785,
                18.1360092163,
                12.0573606491,
                8.19770431519,
                7.42078208923,
                6.46568536758,
                7.70105218887,
                9.02283573151,
                9.38451385498,
                5.37139081955,
                5.30747556686,
                4.92126464844,
                6.20808315277,
                4.61993217468,
                7.25521230698,
                4.42017030716,
                3.80251479149,
                2.60108494759,
                1.64822626114,
                1.03791999817,
                0.37036767602,
                0.165241703391,
                0.0390785224736,
                0.00283369328827,
                0.000204760755878
            ],
            "dmean2": [
                0.339359462261,
                2.53370523453,
                8.68589401245,
                8.0930223465,
                8.27765464783,
                11.422249794,
                7.7260055542,
                9.52162456512,
                24.234998703,
                25.9853515625,
                30.871799469,
                29.9461364746,
                27.008102417,
                25.5511264801,
                37.4097061157,
                32.3636741638,
                27.1043434143,
                18.3234367371,
                13.0569410324,
                12.4214220047,
                10.5378379822,
                12.31245327,
                14.8303050995,
                15.6385879517,
                8.71615123749,
                9.40474414825,
                8.37603282928,
                10.3974990845,
                7.42283821106,
                12.7478599548,
                7.64022684097,
                6.58555030823,
                4.43200874329,
                2.83973932266,
                1.78896701336,
                0.587359428406,
                0.266662210226,
                0.0633085519075,
                0.00453345058486,
                0.000325260829413
            ],
            "dvar": [
                0.717824876308,
                41.7586326599,
                441.047943115,
                203.294555664,
                171.81362915,
                813.037475586,
                150.894683838,
                229.243438721,
                1307.19250488,
                1677.70117188,
                2286.62670898,
                1947.63684082,
                1727.9107666,
                1270.87768555,
                2667.61108398,
                1937.06933594,
                1574.08898926,
                989.553344727,
                782.463623047,
                494.389984131,
                328.610961914,
                302.461791992,
                419.708343506,
                805.258728027,
                197.867782593,
                380.987731934,
                364.850585938,
                630.357543945,
                161.536758423,
                619.143859863,
                166.113113403,
                141.011199951,
                73.3638076782,
                38.3891181946,
                15.7615823746,
                2.02949810028,
                0.442047953606,
                0.0280106980354,
                0.0001498847123,
                7.43404370951e-07
            ],
            "dvar2": [
                1.38945436478,
                64.3151855469,
                1095.47497559,
                541.249450684,
                396.965789795,
                1432.36022949,
                365.856933594,
                605.57043457,
                3223.86669922,
                4386.56054688,
                5800.13427734,
                4352.23974609,
                2976.78881836,
                2597.38012695,
                5996.35839844,
                4074.83178711,
                3471.18676758,
                2201.84790039,
                1687.68249512,
                1319.16381836,
                844.183776855,
                731.481994629,
                1110.46826172,
                2197.55004883,
                533.912231445,
                1081.05639648,
                987.654907227,
                1721.03759766,
                402.948791504,
                1753.21411133,
                464.830200195,
                396.771057129,
                204.736907959,
                107.015075684,
                43.9637451172,
                5.24877643585,
                1.16470682621,
                0.0739877745509,
                0.000396811519749,
                1.97258418666e-06
            ],
            "max": [
                9.03449630737,
                66.2511062622,
                207.696777344,
                171.531204224,
                230.634155273,
                471.483184814,
                214.160568237,
                269.497009277,
                658.028381348,
                904.907592773,
                891.658996582,
                891.988891602,
                1089.0213623,
                923.244873047,
                910.161743164,
                755.454772949,
                1158.23059082,
                1191.52758789,
                1357.84851074,
                434.859466553,
                245.542953491,
                346.310577393,
                263.228973389,
                416.911682129,
                200.881225586,
                211.574645996,
                224.833435059,
                333.228515625,
                159.236114502,
                253.966140747,
                112.63394928,
                129.815475464,
                92.4685134888,
                68.254737854,
                37.2240753174,
                19.4246177673,
                7.86174917221,
                2.06569266319,
                0.137863650918,
                0.00973218493164
            ],
            "mean": [
                0.493285983801,
                3.68559479713,
                6.38967037201,
                6.46217393875,
                7.58724021912,
                10.4466552734,
                7.75905561447,
                9.36052131653,
                25.0707168579,
                25.3069286346,
                35.4537963867,
                41.79296875,
                42.9929046631,
                41.4103546143,
                50.2805900574,
                44.7102775574,
                34.1029586792,
                20.2243900299,
                11.2858343124,
                9.05552005768,
                8.45878791809,
                11.7998466492,
                14.8641986847,
                12.549287796,
                9.04158401489,
                4.80499076843,
                4.31104421616,
                5.70175981522,
                6.39378356934,
                7.69872045517,
                4.89424276352,
                4.28954267502,
                2.84286785126,
                1.52626872063,
                0.954589307308,
                0.359812945127,
                0.15301977098,
                0.0351664200425,
                0.00265854713507,
                0.000229103519814
            ],
            "median": [
                0.216831788421,
                1.14436483383,
                1.76016283035,
                2.52218532562,
                2.77328276634,
                2.85872745514,
                2.76852226257,
                4.62782287598,
                9.02920150757,
                8.85240745544,
                12.0839176178,
                13.5014286041,
                11.7112569809,
                11.3342323303,
                13.673997879,
                12.7089338303,
                8.06609153748,
                4.85555171967,
                2.80068850517,
                1.54310274124,
                1.95612180233,
                3.49913406372,
                5.89489507675,
                4.68440914154,
                4.42198419571,
                1.19251716137,
                0.425769299269,
                0.52597796917,
                1.91707372665,
                2.61270403862,
                1.43849647045,
                1.74513149261,
                1.01883769035,
                0.407822191715,
                0.24481767416,
                0.0697595477104,
                0.0228938609362,
                0.00482965726405,
                0.000326162204146,
                6.12830626778e-05
            ],
            "min": [
                4.30430075844e-22,
                3.05000656751e-21,
                8.29313510687e-21,
                1.87502134703e-20,
                6.30603983413e-20,
                1.12918309097e-19,
                1.99001160139e-19,
                2.03217416043e-19,
                6.83094280146e-19,
                1.38761222797e-18,
                5.79059205819e-19,
                6.77527458021e-19,
                3.41221970205e-18,
                2.84400411027e-18,
                2.64673911177e-18,
                4.32615915315e-18,
                3.61629880764e-18,
                3.47182633699e-18,
                4.18462855034e-18,
                6.55948973158e-18,
                8.50720601143e-18,
                1.00047155944e-17,
                8.55488552912e-18,
                7.69608345611e-18,
                1.37811292717e-17,
                8.54915068593e-18,
                1.44278447172e-17,
                2.35785616764e-17,
                2.3090483756e-17,
                1.97224855431e-17,
                2.03058695593e-17,
                1.33904932274e-17,
                1.02628960344e-17,
                9.74580640833e-18,
                9.52578298284e-18,
                6.59946364827e-18,
                2.90389653612e-18,
                1.01635681864e-18,
                4.36235306123e-19,
                3.93509753737e-20
            ],
            "var": [
                1.02849400043,
                80.5221939087,
                378.391540527,
                178.197875977,
                268.870483398,
                1220.30407715,
                265.70111084,
                255.747665405,
                2000.1237793,
                2190.64550781,
                3396.81323242,
                4883.39257813,
                7027.078125,
                6165.86279297,
                7614.95214844,
                5826.25195313,
                3742.33935547,
                1900.69616699,
                1085.41796875,
                590.870361328,
                394.352661133,
                465.494018555,
                530.326416016,
                701.172119141,
                215.428421021,
                246.316894531,
                271.594848633,
                472.538604736,
                183.863021851,
                414.416015625,
                128.912704468,
                99.0357666016,
                52.8459739685,
                25.877746582,
                10.6983909607,
                1.69796490669,
                0.354899942875,
                0.0220292825252,
                0.000122856654343,
                6.33545425899e-07
            ]
        },
        "erbbands_crest": {
            "dmean": 2.78632044792,
            "dmean2": 4.46851158142,
            "dvar": 7.01341962814,
            "dvar2": 16.4373283386,
            "max": 31.018283844,
            "mean": 10.1115055084,
            "median": 9.27189445496,
            "min": 2.40223145485,
            "var": 19.5394363403
        },
        "erbbands_flatness_db": {
            "dmean": 0.0183049421757,
            "dmean2": 0.0268770325929,
            "dvar": 0.000402588950237,
            "dvar2": 0.000793817220256,
            "max": 0.479252845049,
            "mean": 0.162631645799,
            "median": 0.153877064586,
            "min": 0.0286168064922,
            "var": 0.00390357873403
        },
        "erbbands_kurtosis": {
            "dmean": 1.34265124798,
            "dmean2": 2.02585554123,
            "dvar": 4.71475791931,
            "dvar2": 9.74609375,
            "max": 76.3377532959,
            "mean": 2.05031967163,
            "median": 1.22117424011,
            "min": -1.80692875385,
            "var": 11.1930856705
        },
        "erbbands_skewness": {
            "dmean": 0.402247995138,
            "dmean2": 0.609959959984,
            "dvar": 0.193983376026,
            "dvar2": 0.44883108139,
            "max": 5.78664112091,
            "mean": 0.746774613857,
            "median": 0.775546431541,
            "min": -3.81988930702,
            "var": 0.710724532604
        },
        "erbbands_spread": {
            "dmean": 9.32641983032,
            "dmean2": 13.7983341217,
            "dvar": 165.0078125,
            "dvar2": 368.575866699,
            "max": 158.337036133,
            "mean": 33.8882293701,
            "median": 28.2190761566,
            "min": 1.59765291214,
            "var": 438.47946167
        },
        "gfcc": {
            "cov": [
                [
                    24239.9277344,
                    -2951.19726563,
                    -827.231445313,
                    1379.6138916,
                    -1460.4074707,
                    1250.11352539,
                    -115.323570251,
                    488.535858154,
                    -660.898132324,
                    78.8319702148,
                    -406.180084229,
                    417.309143066,
                    -496.698303223
                ],
                [
                    -2951.19726563,
                    2952.18164063,
                    188.458740234,
                    -531.577697754,
                    690.236328125,
                    -226.968292236,
                    302.211090088,
                    -25.7394256592,
                    239.954177856,
                    -162.582717896,
                    279.197235107,
                    -96.6563796997,
                    217.23789978
                ],
                [
                    -827.231445313,
                    188.458740234,
                    1158.33203125,
                    157.81930542,
                    202.106704712,
                    117.980178833,
                    69.8820419312,
                    91.9345626831,
                    43.9036941528,
                    47.7373008728,
                    -14.0024299622,
                    20.977722168,
                    14.574048996
                ],
                [
                    1379.6138916,
                    -531.577697754,
                    157.81930542,
                    569.047058105,
                    -38.0217590332,
                    126.37033844,
                    -39.6940803528,
                    -17.4128704071,
                    18.8971805573,
                    78.539855957,
                    -95.5814208984,
                    12.5171632767,
                    -24.6272296906
                ],
                [
                    -1460.4074707,
                    690.236328125,
                    202.106704712,
                    -38.0217590332,
                    606.727661133,
                    0.372463196516,
                    91.0576705933,
                    -29.2402458191,
                    130.061462402,
                    25.8822498322,
                    43.2659454346,
                    -55.5561714172,
                    96.1181411743
                ],
                [
                    1250.11352539,
                    -226.968292236,
                    117.980178833,
                    126.37033844,
                    0.372463196516,
                    322.531066895,
                    122.956031799,
                    111.562850952,
                    -28.2277851105,
                    7.88219594955,
                    15.1793003082,
                    39.1678352356,
                    -55.2319831848
                ],
                [
                    -115.323570251,
                    302.211090088,
                    69.8820419312,
                    -39.6940803528,
                    91.0576705933,
                    122.956031799,
                    378.028900146,
                    100.594985962,
                    -16.0605602264,
                    -47.4115524292,
                    78.7249679565,
                    27.0953330994,
                    41.6276893616
                ],
                [
                    488.535858154,
                    -25.7394256592,
                    91.9345626831,
                    -17.4128704071,
                    -29.2402458191,
                    111.562850952,
                    100.594985962,
                    208.558135986,
                    2.60944533348,
                    -12.5786914825,
                    52.3238372803,
                    33.2302093506,
                    -50.839630127
                ],
                [
                    -660.898132324,
                    239.954177856,
                    43.9036941528,
                    18.8971805573,
                    130.061462402,
                    -28.2277851105,
                    -16.0605602264,
                    2.60944533348,
                    165.641296387,
                    54.9980773926,
                    19.1837902069,
                    -21.1771469116,
                    22.8490715027
                ],
                [
                    78.8319702148,
                    -162.582717896,
                    47.7373008728,
                    78.539855957,
                    25.8822498322,
                    7.88219594955,
                    -47.4115524292,
                    -12.5786914825,
                    54.9980773926,
                    137.137084961,
                    -2.38581037521,
                    9.29870986938,
                    17.0748462677
                ],
                [
                    -406.180084229,
                    279.197235107,
                    -14.0024299622,
                    -95.5814208984,
                    43.2659454346,
                    15.1793003082,
                    78.7249679565,
                    52.3238372803,
                    19.1837902069,
                    -2.38581037521,
                    145.895431519,
                    27.1542243958,
                    12.4662504196
                ],
                [
                    417.309143066,
                    -96.6563796997,
                    20.977722168,
                    12.5171632767,
                    -55.5561714172,
                    39.1678352356,
                    27.0953330994,
                    33.2302093506,
                    -21.1771469116,
                    9.29870986938,
                    27.1542243958,
                    93.8855285645,
                    13.7804918289
                ],
                [
                    -496.698303223,
                    217.23789978,
                    14.574048996,
                    -24.6272296906,
                    96.1181411743,
                    -55.2319831848,
                    41.6276893616,
                    -50.839630127,
                    22.8490715027,
                    17.0748462677,
                    12.4662504196,
                    13.7804918289,
                    160.9662323
                ]
            ],
            "icov": [
                [
                    0.000100605451735,
                    -0.000123366946355,
                    0.000146814476466,
                    -0.0002147895284,
                    0.00014283398923,
                    -0.000337888719514,
                    0.000137684794026,
                    -0.000247796153417,
                    0.000402190547902,
                    -0.000258338463027,
                    0.000391171692172,
                    -0.000313850236125,
                    8.25675742817e-05
                ],
                [
                    -0.000123366946355,
                    0.00112247967627,
                    -0.000381990103051,
                    0.000678826065268,
                    -0.000707442872226,
                    0.000800327630714,
                    -0.000538624823093,
                    0.000661733967718,
                    -0.00163600058295,
                    0.00174543936737,
                    -0.00178120529745,
                    0.000929800793529,
                    -0.000606344081461
                ],
                [
                    0.000146814476466,
                    -0.000381990103051,
                    0.00129482033662,
                    -0.0006370365154,
                    -0.000118641459267,
                    -0.000644337676931,
                    0.000279800733551,
                    -0.00100602780003,
                    0.000919114216231,
                    -0.000869941548444,
                    0.00116719165817,
                    -0.000843453744892,
                    0.000157138128998
                ],
                [
                    -0.0002147895284,
                    0.000678826065268,
                    -0.0006370365154,
                    0.00319758872502,
                    -0.000270906137303,
                    -0.000259477965301,
                    -0.000475808454212,
                    0.00130269769579,
                    -0.00188951252494,
                    9.33121409616e-05,
                    0.000203837931622,
                    0.000532822741661,
                    -0.000227878481383
                ],
                [
                    0.00014283398923,
                    -0.000707442872226,
                    -0.000118641459267,
                    -0.000270906137303,
                    0.00317597831599,
                    -0.00126245291904,
                    -6.31159200566e-05,
                    0.000181236464414,
                    -0.000578321982175,
                    -0.000972781796008,
                    0.000675641465932,
                    0.000953313079663,
                    -0.000839958433062
                ],
                [
                    -0.000337888719514,
                    0.000800327630714,
                    -0.000644337676931,
                    -0.000259477965301,
                    -0.00126245291904,
                    0.00660200044513,
                    -0.00202956143767,
                    -0.000779606983997,
                    -0.000588589056861,
                    0.000645047461148,
                    -0.00165945198387,
                    -4.88698933623e-05,
                    0.00134153966792
                ],
                [
                    0.000137684794026,
                    -0.000538624823093,
                    0.000279800733551,
                    -0.000475808454212,
                    -6.31159200566e-05,
                    -0.00202956143767,
                    0.00464390125126,
                    -0.00192488753237,
                    0.00151347310748,
                    0.000628388952464,
                    -0.000436932052253,
                    -0.000370402471162,
                    -0.00162992929108
                ],
                [
                    -0.000247796153417,
                    0.000661733967718,
                    -0.00100602780003,
                    0.00130269769579,
                    0.000181236464414,
                    -0.000779606983997,
                    -0.00192488753237,
                    0.00886154547334,
                    -0.00298960693181,
                    0.00161735818256,
                    -0.00295852031559,
                    -0.000599852239247,
                    0.00208688853309
                ],
                [
                    0.000402190547902,
                    -0.00163600058295,
                    0.000919114216231,
                    -0.00188951252494,
                    -0.000578321982175,
                    -0.000588589056861,
                    0.00151347310748,
                    -0.00298960693181,
                    0.0121660353616,
                    -0.00593102257699,
                    0.00187478912994,
                    -0.000208078039577,
                    0.00065920612542
                ],
                [
                    -0.000258338463027,
                    0.00174543936737,
                    -0.000869941548444,
                    9.33121409616e-05,
                    -0.000972781796008,
                    0.000645047461148,
                    0.000628388952464,
                    0.00161735818256,
                    -0.00593102257699,
                    0.0128364209086,
                    -0.00365946185775,
                    0.000296505488222,
                    -0.00217092921957
                ],
                [
                    0.000391171692172,
                    -0.00178120529745,
                    0.00116719165817,
                    0.000203837931622,
                    0.000675641465932,
                    -0.00165945198387,
                    -0.000436932052253,
                    -0.00295852031559,
                    0.00187478912994,
                    -0.00365946185775,
                    0.0133576029912,
                    -0.00485595641658,
                    0.00124545907602
                ],
                [
                    -0.000313850236125,
                    0.000929800793529,
                    -0.000843453744892,
                    0.000532822741661,
                    0.000953313079663,
                    -4.88698933623e-05,
                    -0.000370402471162,
                    -0.000599852239247,
                    -0.000208078039577,
                    0.000296505488222,
                    -0.00485595641658,
                    0.0159006603062,
                    -0.00373221910559
                ],
                [
                    8.25675742817e-05,
                    -0.000606344081461,
                    0.000157138128998,
                    -0.000227878481383,
                    -0.000839958433062,
                    0.00134153966792,
                    -0.00162992929108,
                    0.00208688853309,
                    0.00065920612542,
                    -0.00217092921957,
                    0.00124545907602,
                    -0.00373221910559,
                    0.00963878910989
                ]
            ],
            "mean": [
                -36.7859306335,
                100.289131165,
                -86.8036193848,
                13.4230470657,
                -53.7462615967,
                23.3214931488,
                -27.952299118,
                18.1881160736,
                -17.1805477142,
                -4.68299722672,
                -3.94638967514,
                5.52563238144,
                -20.3286190033
            ]
        },
        "hfc": {
            "dmean": 10.6519842148,
            "dmean2": 16.4495849609,
            "dvar": 811.685974121,
            "dvar2": 2162.55493164,
            "max": 267.759185791,
            "mean": 21.6638870239,
            "median": 16.8940162659,
            "min": 1.1770491596e-16,
            "var": 820.221496582
        },
        "melbands": {
            "dmean": [
                0.00217669014819,
                0.00252425251529,
                0.000837135419715,
                0.000471380830277,
                0.000186547695193,
                0.000141543117934,
                0.00022477467428,
                0.000179610986379,
                0.000173723994521,
                0.000127527338918,
                0.000100452001789,
                7.42673219065e-05,
                7.95607993496e-05,
                6.28490524832e-05,
                6.05745590292e-05,
                4.00057615479e-05,
                2.25172425417e-05,
                1.4101978195e-05,
                1.19425922094e-05,
                1.00682109405e-05,
                7.04021204001e-06,
                7.71430859459e-06,
                8.32990554045e-06,
                8.84931796463e-06,
                7.95808227849e-06,
                5.05554680785e-06,
                2.80197173197e-06,
