{
    "lowlevel": {
        "average_loudness": 0.895038425922,
        "barkbands": {
            "dmean": [
                0.000335351331159,
                0.0039202356711,
                0.00131973135285,
                0.00227214279585,
                0.00182765931822,
                0.00121622008737,
                0.000641140446533,
                0.00045422866242,
                0.00130536057986,
                0.00119176809676,
                0.00073047290789,
                0.000345926324371,
                0.000240597262746,
                0.000337468401995,
                0.000419514486566,
                0.000309732364258,
                0.000251636723988,
                0.000247115938691,
                0.000143340497743,
                0.000189150334336,
                0.000135032139951,
                8.78204737091e-05,
                9.86478771665e-05,
                9.33018964133e-05,
                0.000102383870399,
                2.73869609373e-05,
                1.08752010419e-05
            ],
            "dmean2": [
                0.000524718605448,
                0.00570664508268,
                0.00214848574251,
                0.00408655917272,
                0.00307041313499,
                0.00189399917144,
                0.000992957968265,
                0.000723830948118,
                0.00190108153038,
                0.00175767135806,
                0.00111537706107,
                0.000522482092492,
                0.00036667130189,
                0.000512048136443,
                0.000644065381493,
                0.000480003276607,
                0.000388755841414,
                0.000383002479794,
                0.000225521929679,
                0.000290233758278,
                0.000210286292713,
                0.000141319309478,
                0.000149292769493,
                0.000145306170452,
                0.000149839848746,
                4.16256771132e-05,
                1.829897883e-05
            ],
            "dvar": [
                2.38565235122e-07,
                5.97356665821e-05,
                5.77765786147e-06,
                3.01693289657e-05,
                1.35505570142e-05,
                8.45850809128e-06,
                2.74266312772e-06,
                1.66419943071e-06,
                1.29057661979e-05,
                1.14949225463e-05,
                8.77357888385e-06,
                1.06990307813e-06,
                4.50331157253e-07,
                8.84568009951e-07,
                8.77127945387e-07,
                6.39540076008e-07,
                4.58910932366e-07,
                1.87205984048e-07,
                6.61936141455e-08,
                1.38816119488e-07,
                7.78560362846e-08,
                6.22601490363e-08,
                6.88884256306e-08,
                5.65098865479e-08,
                1.10857740765e-07,
                6.0130820323e-09,
                6.53942511253e-10
            ],
            "dvar2": [
                5.50748950445e-07,
                0.000114418478915,
                1.43871420732e-05,
                8.38786436361e-05,
                3.42482926499e-05,
                1.83897991519e-05,
                5.80675987294e-06,
                3.98152269554e-06,
                2.63874080701e-05,
                2.28525932471e-05,
                1.88451813301e-05,
                2.26353745347e-06,
                1.01535931663e-06,
                1.831291911e-06,
                2.02018691198e-06,
                1.52869267822e-06,
                1.09661664283e-06,
                4.15902547957e-07,
                1.64896832189e-07,
                3.24089000969e-07,
                1.77095230924e-07,
                1.60623514489e-07,
                1.65379219652e-07,
                1.24778878785e-07,
                2.31646922089e-07,
                1.11180327167e-08,
                1.75128889168e-09
            ],
            "max": [
                0.0125295501202,
                0.0962636694312,
                0.0348163433373,
                0.047806289047,
                0.0708011463284,
                0.0727866590023,
                0.0438682325184,
                0.0480749346316,
                0.078329436481,
                0.0862352997065,
                0.0636847764254,
                0.0295255593956,
                0.0179269630462,
                0.0357334315777,
                0.0175629295409,
                0.0200863443315,
                0.0234929230064,
                0.00771372905001,
                0.00617536250502,
                0.0139532722533,
                0.00888123456389,
                0.00776216620579,
                0.00655452767387,
                0.0102334786206,
                0.0173640884459,
                0.00442978041247,
                0.000381712510716
            ],
            "mean": [
                0.000388513144571,
                0.0060663567856,
                0.00206965417601,
                0.00203212420456,
                0.00297304126434,
                0.00210272637196,
                0.0011465564603,
                0.000833970669191,
                0.00217211688869,
                0.00230738660321,
                0.00119995733257,
                0.000625662505627,
                0.000371253554476,
                0.00052561663324,
                0.000759347225539,
                0.000456326000858,
                0.00041866369429,
                0.000442181102699,
                0.000262886111159,
                0.000381446501706,
                0.00025666662259,
                0.000136278744321,
                0.000140184711199,
                0.00014832582383,
                0.000165081626619,
                4.65134617116e-05,
                1.46388665598e-05
            ],
            "median": [
                0.000144003191963,
                0.00210542767309,
                0.0010071026627,
                0.000502028036863,
                0.001359097776,
                0.000669766508508,
                0.00032848250703,
                0.000141605094541,
                0.000334061565809,
                0.00022360427829,
                0.000103556092654,
                0.000133944602567,
                0.000100217766885,
                0.000134529051138,
                0.000208478290006,
                0.000173803506186,
                0.000210289013921,
                0.000220280780923,
                0.000163968303241,
                0.000210884754779,
                0.000133467750857,
                4.66326746391e-05,
                3.86841929867e-05,
                5.33466154593e-05,
                5.15469691891e-05,
                1.65865367308e-05,
                4.67443624075e-06
            ],
            "min": [
                4.12583814425e-23,
                3.07241979714e-23,
                1.67461144232e-23,
                2.18507654988e-23,
                9.95921052515e-23,
                1.06764813566e-22,
                4.58009454573e-23,
                5.96107854849e-23,
                1.47325611621e-23,
                6.99625843147e-23,
                7.71604099603e-23,
                1.1132017606e-22,
                1.06543528616e-22,
                8.21036395843e-23,
                7.93640203238e-23,
                1.97095925293e-22,
                8.62540198224e-23,
                3.23006203702e-22,
                2.25887227875e-22,
                2.90650537249e-22,
                3.24120050056e-22,
                7.84657500908e-22,
                1.04851241483e-21,
                1.00501626534e-21,
                1.32901388419e-21,
                1.38748571861e-21,
                2.30800859438e-21
            ],
            "var": [
                4.04016930133e-07,
                0.000113245107059,
                8.16802730697e-06,
                2.08429428312e-05,
                3.51335947926e-05,
                2.17360266106e-05,
                7.90295416664e-06,
                3.66680524166e-06,
                2.95419013128e-05,
                4.49918697996e-05,
                2.36083287746e-05,
                3.01089676213e-06,
                8.15264172616e-07,
                1.86348484021e-06,
                2.19636490328e-06,
                9.71381723502e-07,
                6.97488587775e-07,
                3.98909435262e-07,
                1.15558911773e-07,
                3.10811230975e-07,
                1.8063525431e-07,
                8.17006053921e-08,
                9.4535103301e-08,
                9.06714703319e-08,
                2.54136125477e-07,
                1.37982070214e-08,
                6.85716150528e-10
            ]
        },
        "barkbands_crest": {
            "dmean": 3.15101480484,
            "dmean2": 4.97169303894,
            "dvar": 8.08589172363,
            "dvar2": 18.314037323,
            "max": 26.4550056458,
            "mean": 11.2908143997,
            "median": 10.2277517319,
            "min": 2.51182460785,
            "var": 24.0803070068
        },
        "barkbands_flatness_db": {
            "dmean": 0.0258630197495,
            "dmean2": 0.0379277952015,
            "dvar": 0.000722512835637,
            "dvar2": 0.00153750949539,
            "max": 0.528774797916,
            "mean": 0.135614410043,
            "median": 0.122297242284,
            "min": 0.0205153152347,
            "var": 0.00433536805212
        },
        "barkbands_kurtosis": {
            "dmean": 4.51386260986,
            "dmean2": 6.98462438583,
            "dvar": 240.627166748,
            "dvar2": 519.782653809,
            "max": 825.114807129,
            "mean": 6.67735671997,
            "median": 1.56905698776,
            "min": -1.94242990017,
            "var": 644.15637207
        },
        "barkbands_skewness": {
            "dmean": 0.651363313198,
            "dmean2": 0.971448540688,
            "dvar": 0.618640124798,
            "dvar2": 1.34392750263,
            "max": 25.972114563,
            "mean": 1.47570693493,
            "median": 1.21583974361,
            "min": -10.6991167068,
            "var": 2.93628287315
        },
        "barkbands_spread": {
            "dmean": 7.40950250626,
            "dmean2": 11.1675510406,
            "dvar": 90.2607498169,
            "dvar2": 197.95690918,
            "max": 138.318511963,
            "mean": 24.9876060486,
            "median": 22.0098457336,
            "min": 0.146508559585,
            "var": 266.70010376
        },
        "dissonance": {
            "dmean": 0.0204442553222,
            "dmean2": 0.0338030084968,
            "dvar": 0.000503411283717,
            "dvar2": 0.00130654242821,
            "max": 0.500000178814,
            "mean": 0.460666120052,
            "median": 0.469433784485,
            "min": 0.149480268359,
            "var": 0.00111407972872
        },
        "dynamic_complexity": 3.71221446991,
        "erbbands": {
            "dmean": [
                0.131443291903,
                0.87793058157,
                1.43405985832,
                4.97017431259,
                6.45610427856,
                7.05854415894,
                6.38331747055,
                11.523352623,
                9.19172286987,
                10.2649707794,
                10.6391067505,
                23.1067314148,
                40.0957298279,
                35.1033821106,
                23.9158763885,
                11.2060604095,
                8.65251159668,
                16.8698368073,
                16.9257736206,
                18.0440826416,
                17.4438209534,
                12.894320488,
                11.0919055939,
                10.0732336044,
                6.43653440475,
                9.04879665375,
                7.68071079254,
                3.56165409088,
                3.29103040695,
                2.4141998291,
                3.13906955719,
                1.86912095547,
                1.65321218967,
                1.36654794216,
                0.624027311802,
                0.189702510834,
                0.0381743349135,
                0.00951784942299,
                0.00193907995708,
                9.78476819e-05
            ],
            "dmean2": [
                0.190108731389,
                1.29448401928,
                2.28450965881,
                8.74690151215,
                11.6058645248,
                11.3745756149,
                10.4614009857,
                17.923658371,
                14.3112277985,
                15.9332017899,
                16.5785179138,
                34.3158798218,
                57.084186554,
                51.0731658936,
                36.1086845398,
                16.7646255493,
                13.0065174103,
                24.7093296051,
                25.9421386719,
                27.2071743011,
                26.619134903,
                19.7374458313,
                16.9827709198,
                15.3213233948,
                9.97823047638,
                13.7275161743,
                11.6516141891,
                5.59467077255,
                5.34094715118,
                3.63088512421,
                4.91558694839,
                2.85356640816,
                2.53593182564,
                2.03941249847,
                0.9332254529,
                0.286774158478,
                0.0590627044439,
                0.015687264502,
                0.00331791676581,
                0.00015352225455
            ],
            "dvar": [
                0.0549621805549,
                3.62015390396,
                7.77347612381,
                132.627029419,
                215.891159058,
                259.153137207,
                197.820083618,
                908.2265625,
                497.823059082,
                964.508972168,
                869.705993652,
                5594.65234375,
                12651.3691406,
                11986.3330078,
                7114.01953125,
                796.061096191,
                613.686645508,
                2499.5612793,
                1606.16796875,
                1944.17370605,
                2457.94775391,
                1328.33874512,
                410.760650635,
                376.059143066,
                93.0422592163,
                272.900939941,
                271.274200439,
                65.3352890015,
                84.1276321411,
                43.7922821045,
                78.1881484985,
                19.8065662384,
                21.2364177704,
                28.302532196,
                3.10822081566,
                0.321517348289,
                0.00939366687089,
                0.000426856480772,
                1.95196862478e-05,
                5.39554747547e-08
            ],
            "dvar2": [
                0.112192265689,
                7.17237138748,
                19.3349781036,
                365.486694336,
                605.244812012,
                586.118896484,
                508.879852295,
                1959.41589355,
                1154.23901367,
                2054.2175293,
                2045.70812988,
                12442.1425781,
                23444.1933594,
                24165.4335938,
                16402.5546875,
                1650.8692627,
                1369.96960449,
                5121.33935547,
                3627.22363281,
                4253.25585938,
                5840.57470703,
                3275.4519043,
                887.66583252,
                837.330322266,
                220.940490723,
                597.870666504,
                576.60357666,
                163.408569336,
                218.475509644,
                103.216941833,
                197.690856934,
                44.7686386108,
                44.1097717285,
                63.9185600281,
                6.26722955704,
                0.616407573223,
                0.0168727226555,
                0.00111747800838,
                5.32857993676e-05,
                1.34539959618e-07
            ],
            "max": [
                2.76250505447,
                21.5613975525,
                36.3456878662,
                108.521705627,
                133.367797852,
                432.370513916,
                217.458267212,
                796.570251465,
                535.232727051,
                988.699462891,
                871.890136719,
                2042.26098633,
                3327.52832031,
                2651.03564453,
                2771.48120117,
                755.708984375,
                850.216796875,
                2123.65063477,
                1137.04516602,
                1099.07788086,
                1369.23120117,
                1436.17297363,
                425.362640381,
                526.908752441,
                154.598754883,
                491.419281006,
                550.341674805,
                181.536499023,
                271.390899658,
                221.766723633,
                233.408676147,
                121.978752136,
                210.930206299,
                314.153503418,
                78.5465087891,
                32.3552093506,
                4.86361122131,
                0.30445510149,
                0.0500823333859,
                0.00402922974899
            ],
            "mean": [
                0.199918985367,
                1.26361107826,
                2.34556555748,
                5.08373689651,
                6.92388343811,
                12.5754394531,
                10.0238866806,
                20.3193588257,
                16.2881088257,
                18.5643939972,
                21.5140190125,
                37.9714736938,
                67.2071914673,
                82.0189361572,
                45.4565238953,
                21.2714481354,
                16.2513942719,
                30.5132446289,
                32.0031166077,
                31.4659137726,
                28.6505203247,
                23.1064949036,
                21.5299568176,
                19.8133735657,
                13.6310796738,
                19.1669406891,
                15.3110847473,
                6.34296941757,
                5.1025557518,
                3.95693969727,
                4.16546344757,
                3.04942011833,
                2.5659840107,
                2.06934475899,
                1.01738202572,
                0.317638993263,
                0.0646119862795,
                0.0144864348695,
                0.00252202828415,
                0.000173468317371
            ],
            "median": [
                0.0463941916823,
                0.456242114305,
                1.2224650383,
                1.8320991993,
                3.13089942932,
                4.27106237411,
                4.22644805908,
                5.74754428864,
                5.65212917328,
                4.72293519974,
                4.35452795029,
                7.74013137817,
                11.6959676743,
                8.48610115051,
                7.2769203186,
                6.32515048981,
                5.37330579758,
                7.85130739212,
                9.91015148163,
                11.0528898239,
                11.9636774063,
                12.2533693314,
                11.7326011658,
                11.0269870758,
                9.42486858368,
                10.701051712,
                8.000041008,
                3.13907909393,
                1.84597241879,
                1.19597887993,
                1.14093124866,
                1.07511818409,
                0.847124099731,
                0.591105401516,
                0.330834835768,
                0.10971609503,
                0.0234536975622,
                0.00532225333154,
                0.000800075707957,
                8.42202207423e-05
            ],
            "min": [
                1.56752876829e-21,
                4.67661341929e-21,
                1.35486335911e-20,
                5.8991160866e-20,
                8.66702009751e-20,
                3.72239108015e-19,
                8.29434111036e-19,
                7.49193610811e-19,
                7.08718267572e-19,
                7.8688973059e-19,
                1.31300022652e-18,
                3.89049977152e-19,
                1.11035720986e-18,
                3.41691519279e-18,
                2.82864791579e-18,
                5.16846724474e-18,
                5.02629888568e-18,
                4.59333476869e-18,
                3.97750955599e-18,
                7.49083678508e-18,
                9.15986805835e-18,
                5.39567804258e-18,
                1.33227264557e-17,
                1.41346753645e-17,
                1.23946422162e-17,
                1.32485333179e-17,
                1.50833191782e-17,
                1.26825118227e-17,
                2.97359584986e-17,
                2.33822353211e-17,
                3.23143003203e-17,
                2.354105069e-17,
                1.66356145875e-17,
                1.03468945712e-17,
                9.43862213451e-18,
                6.22774894691e-18,
                2.6818814665e-18,
                1.27700318742e-18,
                3.17173901433e-19,
                3.22031881472e-20
            ],
            "var": [
                0.11742580682,
                5.62020683289,
                10.6947174072,
                99.8801498413,
                156.985015869,
                1038.22753906,
                316.904144287,
                2375.19604492,
                1314.72644043,
                2688.40356445,
                2226.86279297,
                9602.14941406,
                28468.4277344,
                59833.1679688,
                20267.2480469,
                2385.19335938,
                1344.40478516,
                6615.60839844,
                4261.25146484,
                4340.09179688,
                3888.72143555,
                1890.87036133,
                947.586242676,
                755.400634766,
                221.816864014,
                772.757019043,
                699.477600098,
                110.480995178,
                108.390777588,
                67.4951782227,
                91.8499221802,
                34.7288513184,
                33.8833656311,
                50.82081604,
                7.88201379776,
                0.725793242455,
                0.0223128683865,
                0.00056443066569,
                1.93429059436e-05,
                7.25658964029e-08
            ]
        },
        "erbbands_crest": {
            "dmean": 3.21632623672,
            "dmean2": 4.97771644592,
            "dvar": 9.47927379608,
            "dvar2": 21.3003559113,
            "max": 31.5043354034,
            "mean": 11.3874092102,
            "median": 9.95478057861,
            "min": 2.27485346794,
            "var": 35.1321411133
        },
        "erbbands_flatness_db": {
            "dmean": 0.0216555837542,
            "dmean2": 0.0305743347853,
            "dvar": 0.000524235307239,
            "dvar2": 0.001002214849,
            "max": 0.499785244465,
            "mean": 0.161913186312,
            "median": 0.150571867824,
            "min": 0.0392220430076,
            "var": 0.00427205068991
        },
        "erbbands_kurtosis": {
            "dmean": 1.83946239948,
            "dmean2": 2.88369321823,
            "dvar": 40.4875793457,
            "dvar2": 104.265823364,
            "max": 266.470916748,
            "mean": 2.19545793533,
            "median": 0.180911228061,
            "min": -1.93461191654,
            "var": 126.473693848
        },
        "erbbands_skewness": {
            "dmean": 0.470080077648,
            "dmean2": 0.689970552921,
            "dvar": 0.260846853256,
            "dvar2": 0.603550434113,
            "max": 13.9119911194,
            "mean": 0.432707220316,
            "median": 0.310137838125,
            "min": -10.1961278915,
            "var": 1.77379512787
        },
        "erbbands_spread": {
            "dmean": 9.58661937714,
            "dmean2": 13.994386673,
            "dvar": 131.378723145,
            "dvar2": 273.37286377,
            "max": 222.401855469,
            "mean": 38.9936714172,
            "median": 33.8440513611,
            "min": 0.595783829689,
            "var": 572.186828613
        },
        "gfcc": {
            "cov": [
                [
                    17538.2011719,
                    620.176818848,
                    644.053955078,
                    1335.23022461,
                    587.260986328,
                    1108.23840332,
                    230.145080566,
                    191.204620361,
                    -496.395751953,
                    -273.557037354,
                    -769.414367676,
                    -337.835479736,
                    -351.746307373
                ],
                [
                    620.176818848,
                    1373.09155273,
                    204.948623657,
                    303.63092041,
                    375.25112915,
                    4.78256988525,
                    188.463897705,
                    13.3453435898,
                    4.44050741196,
                    -73.6050796509,
                    -11.9295749664,
                    -100.054206848,
                    -26.5427684784
                ],
                [
                    644.053955078,
                    204.948623657,
                    1777.84631348,
                    601.998291016,
                    277.059936523,
                    184.272476196,
                    0.970260202885,
                    2.58368372917,
                    142.285430908,
                    13.0765857697,
                    -170.021514893,
                    -25.2809009552,
                    -225.038604736
                ],
                [
                    1335.23022461,
                    303.63092041,
                    601.998291016,
                    865.188171387,
                    359.496765137,
                    130.292572021,
                    6.71443462372,
                    35.3464126587,
                    9.38964748383,
                    -94.4694747925,
                    -90.0037460327,
                    -47.1808357239,
                    -78.4281921387
                ],
                [
                    587.260986328,
                    375.25112915,
                    277.059936523,
                    359.496765137,
                    514.307312012,
                    194.265686035,
                    137.845687866,
                    85.5106506348,
                    -10.8699245453,
                    -56.6996078491,
                    -58.7821083069,
                    -38.7371940613,
                    -29.7863101959
                ],
                [
                    1108.23840332,
                    4.78256988525,
                    184.272476196,
                    130.292572021,
                    194.265686035,
                    389.781341553,
                    171.336791992,
                    55.2276344299,
                    -21.0297794342,
                    -17.8160037994,
                    -76.9256591797,
                    -51.2017097473,
                    -60.1358070374
                ],
                [
                    230.145080566,
                    188.463897705,
                    0.970260202885,
                    6.71443462372,
                    137.845687866,
                    171.336791992,
                    303.320678711,
                    43.8167648315,
                    43.6468391418,
                    17.9686374664,
                    -7.60850858688,
                    -17.4846801758,
                    -7.0072145462
                ],
                [
                    191.204620361,
                    13.3453435898,
                    2.58368372917,
                    35.3464126587,
                    85.5106506348,
                    55.2276344299,
                    43.8167648315,
                    204.393981934,
                    45.8354949951,
                    27.0605640411,
                    7.04950809479,
                    -5.23996925354,
                    31.2895069122
                ],
                [
                    -496.395751953,
                    4.44050741196,
                    142.285430908,
                    9.38964748383,
                    -10.8699245453,
                    -21.0297794342,
                    43.6468391418,
                    45.8354949951,
                    176.466598511,
                    74.9869613647,
                    39.0054016113,
                    32.4823303223,
                    -7.75873756409
                ],
                [
                    -273.557037354,
                    -73.6050796509,
                    13.0765857697,
                    -94.4694747925,
                    -56.6996078491,
                    -17.8160037994,
                    17.9686374664,
                    27.0605640411,
                    74.9869613647,
                    158.003143311,
                    77.5567855835,
                    29.7904319763,
                    16.6727352142
                ],
                [
                    -769.414367676,
                    -11.9295749664,
                    -170.021514893,
                    -90.0037460327,
                    -58.7821083069,
                    -76.9256591797,
                    -7.60850858688,
                    7.04950809479,
                    39.0054016113,
                    77.5567855835,
                    176.913589478,
                    71.3296585083,
                    53.3392524719
                ],
                [
                    -337.835479736,
                    -100.054206848,
                    -25.2809009552,
                    -47.1808357239,
                    -38.7371940613,
                    -51.2017097473,
                    -17.4846801758,
                    -5.23996925354,
                    32.4823303223,
                    29.7904319763,
                    71.3296585083,
                    121.546722412,
                    44.8771781921
                ],
                [
                    -351.746307373,
                    -26.5427684784,
                    -225.038604736,
                    -78.4281921387,
                    -29.7863101959,
                    -60.1358070374,
                    -7.0072145462,
                    31.2895069122,
                    -7.75873756409,
                    16.6727352142,
                    53.3392524719,
                    44.8771781921,
                    144.25340271
                ]
            ],
            "icov": [
                [
                    0.000112689529487,
                    -0.000105815561255,
                    8.72662931215e-05,
                    -0.000210039521335,
                    0.000191858256585,
                    -0.000285059795715,
                    5.22539012309e-05,
                    -0.000168175174622,
                    0.000348993082298,
                    -0.000319478102028,
                    0.000533714715857,
                    -0.00029298797017,
                    0.00018654896121
                ],
                [
                    -0.000105815561255,
                    0.0013265182497,
                    -0.000236517589656,
                    0.00012131818221,
                    -0.00100952410139,
                    0.00114500964992,
                    -0.000943234248552,
                    0.000404375052312,
                    -0.000328446447384,
                    0.000846880080644,
                    -0.00127101701219,
                    0.00158211507369,
                    -0.000319379323628
                ],
                [
                    8.72662931215e-05,
                    -0.000236517589656,
                    0.00120218086522,
                    -0.000710368040018,
                    2.14103820326e-05,
                    -0.000524758768734,
                    0.00051564804744,
                    3.17661215377e-05,
                    -0.000508288969286,
                    -0.00106667086948,
                    0.00160061393399,
                    -0.00114715390373,
                    0.00132328493055
                ],
                [
                    -0.000210039521335,
                    0.00012131818221,
                    -0.000710368040018,
                    0.00256261602044,
                    -0.00154208368622,
                    0.000362494261935,
                    0.000535979343113,
                    0.000337808480253,
                    -0.00104001071304,
                    0.00169748766348,
                    -0.00139620341361,
                    0.000965383194853,
                    -0.000455516419606
                ],
                [
                    0.000191858256585,
                    -0.00100952410139,
                    2.14103820326e-05,
                    -0.00154208368622,
                    0.00464581884444,
                    -0.00171376566868,
                    -0.000629731453955,
                    -0.00156013458036,
                    0.00136017380282,
                    -0.000210162470466,
                    0.00111751013901,
                    -0.00130287604406,
                    0.000119310556329
                ],
                [
                    -0.000285059795715,
                    0.00114500964992,
                    -0.000524758768734,
                    0.000362494261935,
                    -0.00171376566868,
                    0.00599256996065,
                    -0.00310268066823,
                    -0.000384735380067,
                    0.00079421477858,
                    0.000410186505178,
                    -0.000779254420195,
                    0.00155728647951,
                    0.000770044222008
                ],
                [
                    5.22539012309e-05,
                    -0.000943234248552,
                    0.00051564804744,
                    0.000535979343113,
                    -0.000629731453955,
                    -0.00310268066823,
                    0.00614703586325,
                    0.000242528010858,
                    -0.0020701054018,
                    -0.000588327588048,
                    0.00061959750019,
                    -0.000505366129801,
                    -0.000243014917942
                ],
                [
                    -0.000168175174622,
                    0.000404375052312,
                    3.17661215377e-05,
                    0.000337808480253,
                    -0.00156013458036,
                    -0.000384735380067,
                    0.000242528010858,
                    0.00673024868593,
                    -0.00269295345061,
                    -9.85466249404e-05,
                    -0.00079183006892,
                    0.00177286297549,
                    -0.00242524291389
                ],
                [
                    0.000348993082298,
                    -0.000328446447384,
                    -0.000508288969286,
                    -0.00104001071304,
                    0.00136017380282,
                    0.00079421477858,
                    -0.0020701054018,
                    -0.00269295345061,
                    0.0106074716896,
                    -0.00422823848203,
                    0.00133116124198,
                    -0.00275597418658,
                    0.00195207353681
                ],
                [
                    -0.000319478102028,
                    0.000846880080644,
                    -0.00106667086948,
                    0.00169748766348,
                    -0.000210162470466,
                    0.000410186505178,
                    -0.000588327588048,
                    -9.85466249404e-05,
                    -0.00422823848203,
                    0.0121522499248,
                    -0.00649945670739,
                    0.00271524419077,
                    -0.00131735845935
                ],
                [
                    0.000533714715857,
                    -0.00127101701219,
                    0.00160061393399,
                    -0.00139620341361,
                    0.00111751013901,
                    -0.000779254420195,
                    0.00061959750019,
                    -0.00079183006892,
                    0.00133116124198,
                    -0.00649945670739,
                    0.0139198722318,
                    -0.0068911886774,
                    0.000732811167836
                ],
                [
                    -0.00029298797017,
                    0.00158211507369,
                    -0.00114715390373,
                    0.000965383194853,
                    -0.00130287604406,
                    0.00155728647951,
                    -0.000505366129801,
                    0.00177286297549,
                    -0.00275597418658,
                    0.00271524419077,
                    -0.0068911886774,
                    0.0147714838386,
                    -0.00422632554546
                ],
                [
                    0.00018654896121,
                    -0.000319379323628,
                    0.00132328493055,
                    -0.000455516419606,
                    0.000119310556329,
                    0.000770044222008,
                    -0.000243014917942,
                    -0.00242524291389,
                    0.00195207353681,
                    -0.00131735845935,
                    0.000732811167836,
                    -0.00422632554546,
                    0.0113060483709
                ]
            ],
            "mean": [
                -10.3715362549,
                64.1818084717,
                -115.34210968,
                24.7639770508,
                -52.7864074707,
                5.77666187286,
                -36.2990684509,
                14.1560602188,
                -25.8940582275,
                2.36157655716,
                -13.0911092758,
                -0.68200314045,
                -0.5656670928
            ]
        },
        "hfc": {
            "dmean": 7.3234500885,
            "dmean2": 10.5744161606,
            "dvar": 99.3617172241,
            "dvar2": 205.924499512,
            "max": 209.633209229,
            "mean": 24.2013912201,
            "median": 20.3690757751,
            "min": 1.19875279069e-16,
            "var": 387.698699951
        },
        "melbands": {
            "dmean": [
                0.0011327433167,
                0.000830398115795,
                0.000893996562809,
                0.000454778812127,
                0.000244333146838,
                0.000247852411121,
                0.000142465811223,
                0.000106426734419,
                8.81171145011e-05,
                0.000173392749275,
                0.000202689989237,
                0.000145466794493,
                9.90073967841e-05,
                4.68154794362e-05,
                1.86384058907e-05,
                2.50973062066e-05,
                3.22141640936e-05,
                2.69084575848e-05,
                3.02730823023e-05,
                1.93054620468e-05,
                2.2448168238e-05,
                1.43576971823e-05,
                1.21934772324e-05,
                1.33693556563e-05,
                8.35605078464e-06,
                5.49731976207e-06,
