{
    "lowlevel": {
        "average_loudness": 0.770028114319,
        "barkbands": {
            "dmean": [
                0.00588857289404,
                0.01301819738,
                0.00278905057348,
                0.000927311659325,
                0.00059362949105,
                0.000428736297181,
                0.000276874401607,
                0.00119982787874,
                0.000574568926822,
                0.000659588607959,
                0.000515035353601,
                0.000781003735028,
                0.000573516241275,
                0.000455014058389,
                0.000603511754889,
                0.000471127801575,
                0.000386711850297,
                0.000394973671064,
                0.000235292187426,
                0.00024057693372,
                4.0908333176e-05,
                7.09118467057e-05,
                0.000350593472831,
                0.000198105786694,
                9.55262439675e-05,
                9.42284314078e-05,
                4.25083221955e-08
            ],
            "dmean2": [
                0.00895143393427,
                0.0182093270123,
                0.0050188228488,
                0.00170266989153,
                0.00103163335007,
                0.000687038176693,
                0.000448699720437,
                0.00192853610497,
                0.000911627546884,
                0.000996884540655,
                0.000755138171371,
                0.00116499047726,
                0.000884281471372,
                0.000711619737558,
                0.000947923457716,
                0.000716244685464,
                0.000594645331148,
                0.000589119212236,
                0.000362375227269,
                0.000405687984312,
                6.48877539788e-05,
                0.000117111914733,
                0.000646758824587,
                0.000351214344846,
                0.000161586387549,
                0.000161759322509,
                8.32028632658e-08
            ],
            "dvar": [
                0.000196124034119,
                0.00100101705175,
                0.000161290416145,
                2.19669400394e-05,
                6.46719627184e-06,
                1.88365891063e-06,
                8.25443351005e-07,
                7.11835946277e-06,
                6.78363403495e-06,
                2.57255669567e-06,
                2.27388522944e-06,
                4.21646836912e-06,
                2.21819846047e-06,
                1.35297887027e-06,
                1.87731825463e-06,
                1.2109741192e-06,
                6.05092623118e-07,
                7.01519297763e-07,
                2.49274989983e-07,
                1.23042741507e-06,
                9.78625092074e-09,
                3.64113326157e-08,
                1.91057552001e-06,
                4.19328529233e-07,
                6.85192631522e-08,
                6.84359591219e-08,
                7.43864442699e-13
            ],
            "dvar2": [
                0.000431533961091,
                0.00182676932309,
                0.000465974822873,
                6.40529251541e-05,
                1.87572422874e-05,
                3.67092843589e-06,
                1.94629319594e-06,
                1.67268699443e-05,
                1.73048720171e-05,
                5.41942290511e-06,
                4.7221915338e-06,
                9.49253808358e-06,
                5.09421943207e-06,
                3.2307696074e-06,
                4.37072048953e-06,
                2.6996053748e-06,
                1.35131040224e-06,
                1.53100540956e-06,
                5.66382993838e-07,
                3.34890114573e-06,
                2.32830981162e-08,
                9.12482320814e-08,
                5.44707972949e-06,
                1.17249248888e-06,
                1.78976733878e-07,
                1.80979483844e-07,
                2.22884926661e-12
            ],
            "max": [
                0.184153407812,
                0.370079576969,
                0.142588108778,
                0.0763739347458,
                0.0516100749373,
                0.0597564652562,
                0.0169091839343,
                0.0420450009406,
                0.113375350833,
                0.0426022447646,
                0.0324771031737,
                0.0529983639717,
                0.0274632778019,
                0.0246148724109,
                0.0229243934155,
                0.0207586791366,
                0.0137695604935,
                0.0159782059491,
                0.00738598732278,
                0.0155164860189,
                0.00162470061332,
                0.00447843130678,
                0.0112451231107,
                0.00741261569783,
                0.0028892357368,
                0.00258067855611,
                4.39696996182e-05
            ],
            "mean": [
                0.03108673729,
                0.0831247866154,
                0.00308243650943,
                0.000775862310547,
                0.000623823318165,
                0.000562670931686,
                0.000296647165669,
                0.00134269380942,
                0.000770415761508,
                0.00110655988101,
                0.000725546560716,
                0.00123249809258,
                0.000697488721926,
                0.000519737077411,
                0.000738672097214,
                0.000616876699496,
                0.000516109750606,
                0.000523955735844,
                0.000314982258715,
                0.00020815692551,
                4.58994072687e-05,
                7.1165850386e-05,
                0.000229771510931,
                0.000150046238559,
                8.51545919431e-05,
                8.35522587295e-05,
                2.33543548944e-08
            ],
            "median": [
                5.87798331253e-06,
                4.15467693529e-05,
                3.34771611961e-05,
                1.95091470232e-05,
                0.000162862212164,
                8.43835732667e-05,
                2.76983046206e-05,
                0.000183145486517,
                6.59976067254e-05,
                0.000143927289173,
                4.42858799943e-05,
                7.14520865586e-05,
                5.697641609e-05,
                7.55785295041e-05,
                0.000142469580169,
                8.80085572135e-05,
                0.000127623497974,
                0.000110980821773,
                8.63122113515e-05,
                2.66858660325e-05,
                7.53955191612e-06,
                8.579489986e-06,
                9.46953878156e-06,
                1.09854454422e-05,
                9.37073127716e-06,
                9.2571881396e-06,
                5.18406706451e-10
            ],
            "min": [
                3.59686572876e-24,
                1.4936907691e-23,
                1.46881782698e-23,
                5.13109921522e-24,
                1.07512811476e-23,
                1.88527942918e-23,
                5.970069354e-24,
                1.29263734006e-23,
                4.08930978226e-23,
                4.29970182558e-23,
                6.59238689154e-23,
                5.49560833146e-23,
                5.61092528077e-23,
                8.88370533487e-23,
                9.75144538864e-23,
                6.97439499371e-23,
                8.17705825101e-23,
                1.29630672656e-22,
                1.16244435157e-22,
                1.67675679688e-22,
                2.99561863444e-22,
                4.36017937356e-22,
                5.45216733914e-22,
                7.08271682937e-22,
                1.08657160873e-21,
                1.53278576893e-21,
                2.30708750777e-21
            ],
            "var": [
                0.00191748642828,
                0.0104284929112,
                0.000106526327727,
                1.34613273985e-05,
                4.60555384052e-06,
                3.68404539586e-06,
                1.06891889118e-06,
                8.97873906069e-06,
                1.20315544336e-05,
                5.74956493438e-06,
                4.91469336339e-06,
                1.20375334518e-05,
                3.57944736606e-06,
                1.83540964827e-06,
                2.5958624974e-06,
                1.99984901883e-06,
                9.98024916044e-07,
                1.18119021408e-06,
                3.88762174452e-07,
                8.56169492636e-07,
                1.25725163613e-08,
                4.23427231055e-08,
                1.11638576072e-06,
                2.7623917731e-07,
                6.26868725817e-08,
                5.9712377265e-08,
                3.73166693943e-13
            ]
        },
        "barkbands_crest": {
            "dmean": 2.5484046936,
            "dmean2": 4.12765026093,
            "dvar": 9.15052890778,
            "dvar2": 22.1862926483,
            "max": 26.4629306793,
            "mean": 13.9592418671,
            "median": 15.2205171585,
            "min": 2.8691163063,
            "var": 31.820356369
        },
        "barkbands_flatness_db": {
            "dmean": 0.0394055619836,
            "dmean2": 0.053621917963,
            "dvar": 0.00169475644361,
            "dvar2": 0.00311544677243,
            "max": 0.711334228516,
            "mean": 0.266951978207,
            "median": 0.249818220735,
            "min": 0.0433560237288,
            "var": 0.0121153490618
        },
        "barkbands_kurtosis": {
            "dmean": 18.070022583,
            "dmean2": 27.5421218872,
            "dvar": 1753.19213867,
            "dvar2": 3959.20263672,
            "max": 1114.54992676,
            "mean": 32.4660797119,
            "median": 6.65970230103,
            "min": -1.90719330311,
            "var": 3789.60180664
        },
        "barkbands_skewness": {
            "dmean": 1.22489643097,
            "dmean2": 1.79298603535,
            "dvar": 2.38705468178,
            "dvar2": 5.12794017792,
            "max": 29.708650589,
            "mean": 3.06596088409,
            "median": 1.89104962349,
            "min": -7.81550645828,
            "var": 13.2245197296
        },
        "barkbands_spread": {
            "dmean": 5.57482767105,
            "dmean2": 8.87486076355,
            "dvar": 81.8168106079,
            "dvar2": 206.665985107,
            "max": 93.2249908447,
            "mean": 11.3074007034,
            "median": 7.78277587891,
            "min": 0.093620352447,
            "var": 137.063171387
        },
        "dissonance": {
            "dmean": 0.0279619377106,
            "dmean2": 0.0463399216533,
            "dvar": 0.000833192840219,
            "dvar2": 0.00217175623402,
            "max": 0.5,
            "mean": 0.453524082899,
            "median": 0.465287446976,
            "min": 0.161287173629,
            "var": 0.00174753635656
        },
        "dynamic_complexity": 4.58318662643,
        "erbbands": {
            "dmean": [
                0.734500646591,
                2.39740490913,
                3.38207221031,
                3.34492635727,
                2.17951416969,
                1.98786759377,
                2.88301277161,
                3.73341536522,
                3.20503783226,
                8.80234146118,
                29.5892028809,
                14.2468099594,
                12.6107826233,
                26.0312519073,
                18.9220924377,
                33.2299308777,
                25.0533885956,
                23.2050819397,
                28.2429561615,
                28.1536922455,
                21.9773216248,
                19.625579834,
                22.3148384094,
                13.7702598572,
                10.4555101395,
                12.7148418427,
                3.03638839722,
                1.84453940392,
                2.48273563385,
                5.06981801987,
                9.82846736908,
                6.58387231827,
                2.28219676018,
                1.18963396549,
                0.654140710831,
                0.369048565626,
                0.215324610472,
                0.0154200056568,
                0.000286476250039,
                3.11086769216e-05
            ],
            "dmean2": [
                1.04794859886,
                3.53488016129,
                6.00171899796,
                6.11016988754,
                3.99411320686,
                3.44136881828,
                4.75191354752,
                5.87845754623,
                5.22118806839,
                13.9119272232,
                47.5992088318,
                22.0157489777,
                19.6804523468,
                37.7993621826,
                27.4407978058,
                49.2769889832,
                37.018737793,
                35.3665390015,
                43.4309425354,
                42.9376525879,
                32.9309844971,
                28.8620376587,
                33.1732673645,
                20.4530487061,
                15.8661880493,
                21.8668651581,
                5.11166763306,
                2.90308761597,
                4.10982751846,
                9.0121307373,
                18.0818977356,
                11.9444293976,
                3.94739747047,
                2.00837993622,
                1.11714744568,
                0.630209803581,
                0.371701300144,
                0.0266402512789,
                0.00049255794147,
                4.82322539028e-05
            ],
            "dvar": [
                3.56412696838,
                49.3574943542,
                215.153259277,
                266.433563232,
                129.906448364,
                65.726020813,
                57.2936668396,
                232.959136963,
                124.759231567,
                431.005249023,
                4835.06445312,
                4852.65185547,
                1314.50500488,
                4032.97973633,
                2693.07226562,
                7677.65869141,
                3970.33374023,
                3461.57226562,
                4332.11816406,
                4445.27441406,
                2714.00610352,
                1363.67919922,
                2080.05175781,
                910.341796875,
                524.057983398,
                4309.12792969,
                163.248046875,
                22.8326587677,
                44.9597053528,
                283.526397705,
                1497.01940918,
                587.790710449,
                43.3672142029,
                10.856962204,
                3.29865050316,
                0.999232470989,
                0.382414549589,
                0.00210869289003,
                6.88533589255e-07,
                3.22166138211e-09
            ],
            "dvar2": [
                7.2223405838,
                117.332794189,
                612.237731934,
                776.859313965,
                376.167999268,
                191.917861938,
                146.353286743,
                434.306365967,
                286.157562256,
                1002.36157227,
                11712.546875,
                12449.9150391,
                3148.1315918,
                8304.66894531,
                5461.56640625,
                16989.9140625,
                8969.87304688,
                8287.88183594,
                10051.1484375,
                10076.1035156,
                6177.23876953,
                2894.58374023,
                4581.34570312,
                1980.31347656,
                1168.65661621,
                11958.7001953,
                445.966339111,
                53.9811210632,
                113.484939575,
                799.370605469,
                4259.14941406,
                1659.69226074,
                118.840736389,
                28.530418396,
                8.66290187836,
                2.61431741714,
                1.02206921577,
                0.00547345960513,
                1.80875338174e-06,
                7.1192727269e-09
            ],
            "max": [
                18.3518295288,
                85.5576477051,
                159.944000244,
                251.377380371,
                202.028411865,
                198.578979492,
                142.681747437,
                746.63079834,
                259.363586426,
                374.052734375,
                1529.13122559,
                3447.04248047,
                1023.590271,
                1554.72473145,
                1246.65649414,
                2210.10058594,
                1376.49377441,
                1457.67871094,
                1027.77929688,
                1487.0012207,
                1147.74023438,
                585.845947266,
                714.869689941,
                882.755065918,
                366.079864502,
                930.379272461,
                172.821609497,
                92.6161956787,
                156.218887329,
                161.557693481,
                311.513885498,
                269.147247314,
                61.9648399353,
                40.0397987366,
                21.6917705536,
                12.423037529,
                7.41765022278,
                1.01977539062,
                0.0159747693688,
                0.000885174318682
            ],
            "mean": [
                5.1184220314,
                7.9498128891,
                4.86537265778,
                3.38848114014,
                1.88231420517,
                2.0928132534,
                3.73761916161,
                4.78016519547,
                3.80975437164,
                9.87913799286,
                34.2503547668,
                19.7199382782,
                20.1864070892,
                44.3755722046,
                27.4982318878,
                53.6849479675,
                35.2779464722,
                28.8191890717,
                36.6631736755,
                37.2274284363,
                30.9236240387,
                29.0418243408,
                31.0920467377,
                19.4127845764,
                13.6648311615,
                10.4879894257,
                2.78695893288,
                2.01685476303,
                2.46151065826,
                3.97793960571,
                6.41694974899,
                4.5197687149,
                1.89506220818,
                1.04925906658,
                0.5682528615,
                0.333650439978,
                0.184001654387,
                0.0129971662536,
                0.000302018190268,
                0.000155147266923
            ],
            "median": [
                0.00116159953177,
                0.00989433377981,
                0.0420762449503,
                0.098543420434,
                0.155192822218,
                0.485464274883,
                0.833009600639,
                0.62758743763,
                0.618681192398,
                1.82600617409,
                4.88852405548,
                3.06116938591,
                3.67626905441,
                6.95587921143,
                3.58732414246,
                3.82151412964,
                3.38459587097,
                5.03073835373,
                8.19191932678,
                6.03963041306,
                6.00984477997,
                7.64314889908,
                7.4105014801,
                5.6058921814,
                3.55683469772,
                1.35037410259,
                0.459893763065,
                0.267541319132,
                0.283682763577,
                0.341818928719,
                0.241734012961,
                0.19811911881,
                0.186719328165,
                0.108522385359,
                0.0590478666127,
                0.0404630377889,
                0.0173618234694,
                0.00111199938692,
                0.000125005637528,
                5.43121423107e-05
            ],
            "min": [
                4.8206933984e-22,
                3.31745611231e-21,
                2.12843022795e-20,
                1.67015956701e-20,
                1.50134395933e-20,
                4.65661228901e-20,
                1.0454760319e-19,
                1.83567120207e-19,
                1.75973059346e-19,
                2.74281588142e-19,
                5.40145889769e-19,
                8.73158102733e-19,
                7.97921011239e-19,
                1.32006476254e-18,
                2.7109452845e-18,
                1.70833476008e-18,
                2.73370681342e-18,
                3.90556924453e-18,
                4.1549687487e-18,
                7.17725261486e-18,
                5.37693247554e-18,
                5.62115589703e-18,
                7.92239510862e-18,
                6.22261008736e-18,
                7.69501225722e-18,
                8.46950808219e-18,
                1.23186301081e-17,
                1.12200267212e-17,
                1.53719191852e-17,
                1.52118646997e-17,
                1.32633597032e-17,
                1.22859870796e-17,
                1.02598329846e-17,
                1.00788516568e-17,
                8.7212571929e-18,
                5.19006038104e-18,
                2.66469037863e-18,
                1.27105100253e-18,
                2.95197185973e-19,
                3.43880888e-20
            ],
            "var": [
                42.259262085,
                212.184265137,
                200.393554688,
                168.445770264,
                80.2510910034,
                50.7936439514,
                76.9357070923,
                417.131835938,
                182.93119812,
                546.661315918,
                6012.27539062,
                8030.35253906,
                2228.34643555,
                9296.52246094,
                5389.578125,
                22043.6835938,
                7516.45654297,
                4951.78857422,
                6312.16064453,
                6617.19628906,
                4443.109375,
                2659.87329102,
                3607.81835938,
                1588.08691406,
                775.370666504,
                2788.45507812,
                114.868347168,
                30.7305011749,
                51.62865448,
                187.530380249,
                878.879638672,
                357.650909424,
                32.8913459778,
                9.78509235382,
                2.89722704887,
                0.904423713684,
                0.318686664104,
                0.00185805815272,
                6.03085311468e-07,
                2.41208688578e-08
            ]
        },
        "erbbands_crest": {
            "dmean": 3.69041895866,
            "dmean2": 5.93898296356,
            "dvar": 11.3103847504,
            "dvar2": 27.7192687988,
            "max": 33.499382019,
            "mean": 12.1878223419,
            "median": 10.9884681702,
            "min": 2.78475117683,
            "var": 29.1259212494
        },
        "erbbands_flatness_db": {
            "dmean": 0.0306921452284,
            "dmean2": 0.0444942899048,
            "dvar": 0.00090504164109,
            "dvar2": 0.00186985603068,
            "max": 0.481525957584,
            "mean": 0.215965777636,
            "median": 0.208898499608,
            "min": 0.0646585598588,
            "var": 0.00468920636922
        },
        "erbbands_kurtosis": {
            "dmean": 2.09105157852,
            "dmean2": 3.32000994682,
            "dvar": 9.40775680542,
            "dvar2": 22.9052906036,
            "max": 66.3185348511,
            "mean": 1.8796377182,
            "median": 0.622642278671,
            "min": -1.93136131763,
            "var": 18.421005249
        },
        "erbbands_skewness": {
            "dmean": 0.607025265694,
            "dmean2": 0.906814813614,
            "dvar": 0.342729955912,
            "dvar2": 0.755551874638,
            "max": 5.62867832184,
            "mean": 0.0182719416916,
            "median": -0.0173162259161,
            "min": -5.01034927368,
            "var": 1.28096938133
        },
        "erbbands_spread": {
            "dmean": 11.7211389542,
            "dmean2": 18.1465167999,
            "dvar": 244.200759888,
            "dvar2": 540.643005371,
            "max": 236.900314331,
            "mean": 31.9925918579,
            "median": 25.5336303711,
            "min": 0.610980510712,
            "var": 673.276062012
        },
        "gfcc": {
            "cov": [
                [
                    14220.7705078,
                    -1174.42858887,
                    466.846954346,
                    1216.63769531,
                    481.082550049,
                    934.754577637,
                    398.767730713,
                    498.788024902,
                    248.768539429,
                    250.788879395,
                    93.3770828247,
                    275.8253479,
                    -162.104782104
                ],
                [
                    -1174.42858887,
                    4421.89013672,
                    1812.56079102,
                    643.35369873,
                    1468.8157959,
                    186.933410645,
                    853.873596191,
                    -32.279132843,
                    452.669708252,
                    -121.612014771,
                    336.42388916,
                    -278.92590332,
                    267.038726807
                ],
                [
                    466.846954346,
                    1812.56079102,
                    3148.15991211,
                    1577.08520508,
                    1245.40771484,
                    735.918334961,
                    857.944274902,
                    192.426040649,
                    493.435241699,
                    129.137176514,
                    177.92036438,
                    -27.1774845123,
                    162.992507935
                ],
                [
                    1216.63769531,
                    643.35369873,
                    1577.08520508,
                    1609.91064453,
                    931.735595703,
                    416.740356445,
                    449.69631958,
                    197.193695068,
                    386.015625,
                    111.524459839,
                    48.883518219,
                    -38.8925476074,
                    126.583892822
                ],
                [
                    481.082550049,
                    1468.8157959,
                    1245.40771484,
                    931.735595703,
                    1449.97229004,
                    476.93536377,
                    702.458740234,
                    276.528930664,
                    420.979827881,
                    50.2351493835,
                    172.481536865,
                    -90.1613006592,
                    209.80581665
                ],
                [
                    934.754577637,
                    186.933410645,
                    735.918334961,
                    416.740356445,
                    476.93536377,
                    622.921325684,
                    474.477294922,
                    149.922775269,
                    138.341766357,
                    55.5296859741,
                    68.1699981689,
                    22.0094223022,
                    54.5029602051
                ],
                [
                    398.767730713,
                    853.873596191,
                    857.944274902,
                    449.69631958,
                    702.458740234,
                    474.477294922,
                    846.374023438,
                    217.411605835,
                    198.592575073,
                    -3.9539706707,
                    145.120803833,
                    -12.5298805237,
                    136.898040771
                ],
                [
                    498.788024902,
                    -32.279132843,
                    192.426040649,
                    197.193695068,
                    276.528930664,
                    149.922775269,
                    217.411605835,
                    314.920379639,
                    143.434326172,
                    32.840511322,
                    39.8867454529,
                    6.98516893387,
                    29.0370197296
                ],
                [
                    248.768539429,
                    452.669708252,
                    493.435241699,
                    386.015625,
                    420.979827881,
                    138.341766357,
                    198.592575073,
                    143.434326172,
                    352.581939697,
                    63.1204223633,
                    41.304019928,
                    -33.9555053711,
                    84.849861145
                ],
                [
                    250.788879395,
                    -121.612014771,
                    129.137176514,
                    111.524459839,
                    50.2351493835,
                    55.5296859741,
                    -3.9539706707,
                    32.840511322,
                    63.1204223633,
                    208.577590942,
                    64.5129013062,
                    -0.0139051014557,
                    -35.4024848938
                ],
                [
                    93.3770828247,
                    336.42388916,
                    177.92036438,
                    48.883518219,
                    172.481536865,
                    68.1699981689,
                    145.120803833,
                    39.8867454529,
                    41.304019928,
                    64.5129013062,
                    210.399795532,
                    14.0135002136,
                    0.632203936577
                ],
                [
                    275.8253479,
                    -278.92590332,
                    -27.1774845123,
                    -38.8925476074,
                    -90.1613006592,
                    22.0094223022,
                    -12.5298805237,
                    6.98516893387,
                    -33.9555053711,
                    -0.0139051014557,
                    14.0135002136,
                    163.744674683,
                    6.59125947952
                ],
                [
                    -162.104782104,
                    267.038726807,
                    162.992507935,
                    126.583892822,
                    209.80581665,
                    54.5029602051,
                    136.898040771,
                    29.0370197296,
                    84.849861145,
                    -35.4024848938,
                    0.632203936577,
                    6.59125947952,
                    200.345916748
                ]
            ],
            "icov": [
                [
                    9.44397688727e-05,
                    -1.37243387144e-05,
                    7.29072271497e-05,
                    -0.000117549512652,
                    3.14417666232e-05,
                    -0.000172971587745,
                    3.50224327121e-05,
                    -8.85350164026e-05,
                    -1.44983578139e-05,
                    -2.24333725782e-05,
                    -1.15189186545e-05,
                    -0.000158118607942,
                    0.000120108110423
                ],
                [
                    -1.37243387144e-05,
                    0.000749294355046,
                    -0.000394191214582,
                    0.000382787402486,
                    -0.000600041705184,
                    0.000645538559183,
                    -0.000365205429262,
                    0.000764577009249,
                    -0.000397160125431,
                    0.000674778071698,
                    -0.000741996685974,
                    0.000831550685689,
                    -7.70697806729e-05
                ],
                [
                    7.29072271497e-05,
                    -0.000394191214582,
                    0.00107748503797,
                    -0.000857787381392,
                    0.000259550433839,
                    -0.000757596979383,
                    -0.000118331743579,
                    8.64522098709e-06,
                    -0.00015268928837,
                    -0.00035060357186,
                    0.000178152899025,
                    -0.00064235937316,
                    0.00028696472873
                ],
                [
                    -0.000117549512652,
                    0.000382787402486,
                    -0.000857787381392,
                    0.00187322497368,
                    -0.000888596463483,
                    0.000484151270939,
                    2.71131011687e-05,
                    0.000289287272608,
                    -0.000456594629213,
                    -5.28653690708e-05,
                    0.000303075299598,
                    0.000474820350064,
                    -0.000185175609658
                ],
                [
                    3.14417666232e-05,
                    -0.000600041705184,
                    0.000259550433839,
                    -0.000888596463483,
                    0.00258102454245,
                    -0.000867947994266,
                    -0.000282259541564,
                    -0.000998702598736,
                    -0.000535153318197,
                    -0.000162288692081,
                    -0.000378906959668,
                    0.000267934170552,
                    -0.000763299176469
                ],
                [
                    -0.000172971587745,
                    0.000645538559183,
                    -0.000757596979383,
                    0.000484151270939,
                    -0.000867947994266,
                    0.00420190440491,
                    -0.00191733206157,
                    0.000537405081559,
                    5.77424943913e-05,
                    -0.000278593070107,
                    0.000206617216463,
                    0.000152961321874,
                    0.000228759672609
                ],
                [
                    3.50224327121e-05,
                    -0.000365205429262,
                    -0.000118331743579,
                    2.71131011687e-05,
                    -0.000282259541564,
                    -0.00191733206157,
                    0.00349021190777,
                    -0.00136213423684,
                    0.00044118243386,
                    0.000671401561704,
                    -0.000920092046726,
                    -6.2745071773e-05,
                    -0.00083926942898
                ],
                [
                    -8.85350164026e-05,
                    0.000764577009249,
                    8.64522098709e-06,
                    0.000289287272608,
                    -0.000998702598736,
                    0.000537405081559,
                    -0.00136213423684,
                    0.0056062345393,
                    -0.00193173252046,
                    0.000427317398135,
                    -0.000501692760736,
                    0.000173307416844,
                    0.000626850640401
                ],
                [
                    -1.44983578139e-05,
                    -0.000397160125431,
                    -0.00015268928837,
                    -0.000456594629213,
                    -0.000535153318197,
                    5.77424943913e-05,
                    0.00044118243386,
                    -0.00193173252046,
                    0.00576138496399,
                    -0.00163299962878,
                    0.000717969902325,
                    0.00021268017008,
                    -0.0012842946453
                ],
                [
                    -2.24333725782e-05,
                    0.000674778071698,
                    -0.00035060357186,
                    -5.28653690708e-05,
                    -0.000162288692081,
                    -0.000278593070107,
                    0.000671401561704,
                    0.000427317398135,
                    -0.00163299962878,
                    0.00712384982035,
                    -0.0030128818471,
                    0.000975097995251,
                    0.0010539785726
                ],
                [
                    -1.15189186545e-05,
                    -0.000741996685974,
                    0.000178152899025,
                    0.000303075299598,
                    -0.000378906959668,
                    0.000206617216463,
                    -0.000920092046726,
                    -0.000501692760736,
                    0.000717969902325,
                    -0.0030128818471,
                    0.00760792335495,
                    -0.00196665688418,
                    0.000889483955689
                ],
                [
                    -0.000158118607942,
                    0.000831550685689,
                    -0.00064235937316,
                    0.000474820350064,
                    0.000267934170552,
                    0.000152961321874,
                    -6.2745071773e-05,
                    0.000173307416844,
                    0.00021268017008,
                    0.000975097995251,
                    -0.00196665688418,
                    0.00818366929889,
                    -0.00149895169307
                ],
                [
                    0.000120108110423,
                    -7.70697806729e-05,
                    0.00028696472873,
                    -0.000185175609658,
                    -0.000763299176469,
                    0.000228759672609,
                    -0.00083926942898,
                    0.000626850640401,
                    -0.0012842946453,
                    0.0010539785726,
                    0.000889483955689,
                    -0.00149895169307,
                    0.00707122078165
                ]
            ],
            "mean": [
                -72.906791687,
                66.4508285522,
                -130.29725647,
                8.314453125,
                -38.1367263794,
                15.3297863007,
                -34.9144325256,
                25.0626087189,
                -17.18724823,
                2.70010995865,
                -9.59340667725,
                5.16225814819,
                -9.44713306427
            ]
        },
        "hfc": {
            "dmean": 12.0345239639,
            "dmean2": 18.6369552612,
            "dvar": 586.927612305,
            "dvar2": 1538.98400879,
            "max": 248.208831787,
            "mean": 24.9255084991,
            "median": 18.7471141815,
            "min": 1.15349568797e-16,
            "var": 745.726806641
        },
        "melbands": {
            "dmean": [
                0.00465712044388,
                0.00220025633462,
                0.000550940341782,
                0.000142797580338,
                9.48158049141e-05,
                8.12736980151e-05,
                5.07820332132e-05,
                0.000131237975438,
                0.000231109705055,
                8.00931884442e-05,
                6.57249765936e-05,
                0.000109010805318,
                6.4424755692e-05,
                8.07085016277e-05,
                8.52441953612e-05,
                5.29597855348e-05,
                4.42716627731e-05,
                4.6471675887e-05,
                4.31287371612e-05,
                3.72908361896e-05,
                2.59593525698e-05,
                2.02561586775e-05,
                2.55245340668e-05,
                1.7082586055e-05,
                1.14251388368e-05,
                8.63681179908e-06,
                6.60766772853e-06,
