{
    "lowlevel": {
        "average_loudness": 0.968804776669,
        "barkbands": {
            "dmean": [
                0.000477072637295,
                0.0060635022819,
                0.00164514104836,
                0.0017002474051,
                0.0014088829048,
                0.00130808691029,
                0.000825529859867,
                0.00119775999337,
                0.000824890972581,
                0.000611434108578,
                0.000584800902288,
                0.000663284154143,
                0.000590782321524,
                0.000601598003414,
                0.000305307708913,
                0.000337982783094,
                0.00029539121897,
                0.000282435008558,
                0.000314645469189,
                0.000167193444213,
                0.000177201523911,
                0.000236859166762,
                0.000143622601172,
                0.000118634277896,
                9.43751947489e-05,
                5.94404555159e-05,
                2.76525929621e-06
            ],
            "dmean2": [
                0.000774059270043,
                0.00968213472515,
                0.00277570239268,
                0.00293985009193,
                0.00238993624225,
                0.00209435424767,
                0.00129634491168,
                0.00198985589668,
                0.00120256096125,
                0.000933804316446,
                0.000866498216055,
                0.00110908946954,
                0.000952227215748,
                0.000952211616095,
                0.000486404111143,
                0.000521074049175,
                0.000452262465842,
                0.000434734218288,
                0.000470735918498,
                0.000259632070083,
                0.000264415866695,
                0.000350367103238,
                0.000215307649341,
                0.000178234360646,
                0.000144240824739,
                9.61772311712e-05,
                4.4035814426e-06
            ],
            "dvar": [
                6.14013401901e-07,
                0.000143733690493,
                3.49185720552e-05,
                2.43407939706e-05,
                1.1302713574e-05,
                4.73800537293e-06,
                3.20482081406e-06,
                1.00550296338e-05,
                3.46230126524e-06,
                1.61388936704e-06,
                2.33638684222e-06,
                2.9999812341e-06,
                2.93874063573e-06,
                1.80864776667e-06,
                4.59410301801e-07,
                1.03374986793e-06,
                4.51843817473e-07,
                2.07354091231e-07,
                3.14127390766e-07,
                1.48510139297e-07,
                2.1843425202e-07,
                2.59042366224e-07,
                1.10606649173e-07,
                1.0182062482e-07,
                8.30409376817e-08,
                9.90472344142e-08,
                5.7830568112e-10
            ],
            "dvar2": [
                1.52713482748e-06,
                0.000417073955759,
                9.34102063184e-05,
                7.11398533895e-05,
                3.01242926071e-05,
                1.1401244592e-05,
                7.68299742049e-06,
                2.66757360805e-05,
                6.3624224822e-06,
                3.34972878591e-06,
                4.51120513389e-06,
                8.53765959619e-06,
                7.65432650951e-06,
                4.6328427743e-06,
                1.10016674171e-06,
                2.35255311054e-06,
                1.08286610612e-06,
                4.6933277531e-07,
                6.71991358558e-07,
                3.50627175294e-07,
                4.98718918607e-07,
                5.62080344935e-07,
                2.50847421057e-07,
                2.38069304714e-07,
                1.88583570093e-07,
                2.36525792729e-07,
                1.38489564261e-09
            ],
            "max": [
                0.0132311824709,
                0.112716779113,
                0.060996696353,
                0.045179605484,
                0.035093896091,
                0.0393757261336,
                0.0319303199649,
                0.0421337969601,
                0.0434657856822,
                0.0257215630263,
                0.029962696135,
                0.0375865846872,
                0.0169994868338,
                0.0226661153138,
                0.0108453510329,
                0.0312068928033,
                0.0158926378936,
                0.00630091456696,
                0.00921455211937,
                0.00728726061061,
                0.00744702061638,
                0.00895925331861,
                0.0046193129383,
                0.00659377500415,
                0.00704380031675,
                0.00711293844506,
                0.000729776336811
            ],
            "mean": [
                0.0024817478843,
                0.0337085090578,
                0.00208849366754,
                0.00261188065633,
                0.00198880396783,
                0.00262344093062,
                0.0015004912857,
                0.0016380099114,
                0.00152382301167,
                0.00118919578381,
                0.00110777688678,
                0.00102144025732,
                0.000736326095648,
                0.00091796903871,
                0.000437666370999,
                0.000465917488327,
                0.000445517827757,
                0.000518172164448,
                0.00056986999698,
                0.000275895581581,
                0.000312509480864,
                0.000457938847831,
                0.000251023797318,
                0.000177593465196,
                0.000127237450215,
                7.22629702068e-05,
                2.67600012194e-06
            ],
            "median": [
                0.00240806792863,
                0.0381502397358,
                0.000736300542485,
                0.00152214732952,
                0.000699608819559,
                0.00108329893555,
                0.000560584128834,
                0.000256415747572,
                0.000323830056004,
                0.00023360963678,
                0.000159639952471,
                0.000176302652108,
                0.000154279026901,
                0.000191936938791,
                0.000122302066302,
                0.000131489679916,
                0.00014867860591,
                0.000267990340944,
                0.000253278616583,
                0.00010511270375,
                0.000126763639855,
                0.000193531566765,
                0.0001044387609,
                6.32368464721e-05,
                3.7097481254e-05,
                1.69777540577e-05,
                4.28230464422e-07
            ],
            "min": [
                1.21342727533e-10,
                9.65518776042e-10,
                4.3867953714e-10,
                2.22579385478e-10,
                1.41600253745e-09,
                3.34275246372e-10,
                3.72007757932e-10,
                2.85858586802e-10,
                2.48907161549e-09,
                1.64638414013e-09,
                2.06017825022e-09,
                2.90817947501e-09,
                3.75033226696e-10,
                8.3740048229e-10,
                1.0357844582e-09,
                1.75962244775e-09,
                1.60647750658e-09,
                5.07480113487e-10,
                1.25897059444e-09,
                2.46776155066e-09,
                1.70332636884e-09,
                1.80254866589e-09,
                9.69120339533e-10,
                1.32033972644e-09,
                1.12515408102e-09,
                1.82026382856e-09,
                3.48188283761e-11
            ],
            "var": [
                5.00716487295e-06,
                0.000480881455587,
                2.57048122876e-05,
                1.66969621205e-05,
                1.29828831632e-05,
                1.23694508147e-05,
                5.81142649025e-06,
                1.44739888128e-05,
                1.18852376545e-05,
                7.86616965343e-06,
                8.46472994454e-06,
                5.04022500536e-06,
                3.22981713907e-06,
                3.24709139932e-06,
                8.75773707776e-07,
                1.54238171035e-06,
                8.31856368677e-07,
                4.63696522957e-07,
                6.42647023597e-07,
                2.36043433688e-07,
                4.36262496351e-07,
                6.9927949653e-07,
                1.87639031424e-07,
                1.36949182661e-07,
                1.1059762528e-07,
                1.08396598364e-07,
                5.17232146002e-10
            ]
        },
        "barkbands_crest": {
            "dmean": 2.1793923378,
            "dmean2": 3.43743681908,
            "dvar": 7.59571933746,
            "dvar2": 18.9255390167,
            "max": 26.0751571655,
            "mean": 15.4946203232,
            "median": 16.120136261,
            "min": 2.45696139336,
            "var": 28.0036029816
        },
        "barkbands_flatness_db": {
            "dmean": 0.023472327739,
            "dmean2": 0.0332008525729,
            "dvar": 0.000886122696102,
            "dvar2": 0.00171995651908,
            "max": 0.456582546234,
            "mean": 0.17225317657,
            "median": 0.158465072513,
            "min": 0.0229733996093,
            "var": 0.00517273973674
        },
        "barkbands_kurtosis": {
            "dmean": 8.85425567627,
            "dmean2": 13.433298111,
            "dvar": 791.667907715,
            "dvar2": 1874.2578125,
            "max": 673.057800293,
            "mean": 17.6086826324,
            "median": 3.98338079453,
            "min": -1.88614869118,
            "var": 1859.06335449
        },
        "barkbands_skewness": {
            "dmean": 0.749284446239,
            "dmean2": 1.0901402235,
            "dvar": 1.39050495625,
            "dvar2": 2.97892069817,
            "max": 20.9869689941,
            "mean": 2.68233919144,
            "median": 2.05103635788,
            "min": -4.99457836151,
            "var": 5.98406267166
        },
        "barkbands_spread": {
            "dmean": 5.47752809525,
            "dmean2": 7.8011932373,
            "dvar": 56.0637359619,
            "dvar2": 110.352401733,
            "max": 86.452507019,
            "mean": 20.5425739288,
            "median": 19.102022171,
            "min": 0.333609521389,
            "var": 207.229263306
        },
        "dissonance": {
            "dmean": 0.0190182887018,
            "dmean2": 0.03146577999,
            "dvar": 0.000323732354445,
            "dvar2": 0.00084261939628,
            "max": 0.499924004078,
            "mean": 0.459343016148,
            "median": 0.464204192162,
            "min": 0.27746450901,
            "var": 0.00072630844079
        },
        "dynamic_complexity": 2.0924475193,
        "erbbands": {
            "dmean": [
                0.272709429264,
                1.07868790627,
                1.44648694992,
                4.42113018036,
                4.5269818306,
                5.05730676651,
                9.01018619537,
                9.7162399292,
                11.9355812073,
                13.7525196075,
                27.7911510468,
                15.4072008133,
                16.2587051392,
                22.7044200897,
                19.6929340363,
                25.9692783356,
                25.0129489899,
                25.7766246796,
                20.595287323,
                16.616268158,
                17.0701522827,
                16.2677059174,
                13.4555778503,
                16.4218978882,
                13.8058443069,
                7.65819787979,
                6.4927854538,
                7.834897995,
                8.31309700012,
                6.83841562271,
                3.87735414505,
                2.70628738403,
                1.82995486259,
                1.09797298908,
                0.656844258308,
                0.337716460228,
                0.0902197882533,
                0.0154252247885,
                0.00030949365464,
                1.8924671167e-05
            ],
            "dmean2": [
                0.429923802614,
                1.76208496094,
                2.25547385216,
                7.65683507919,
                7.95637989044,
                8.37336349487,
                14.5288314819,
                15.5882568359,
                18.6156635284,
                22.228761673,
                45.1018409729,
                22.9585227966,
                23.2774944305,
                34.1755905151,
                29.9717025757,
                44.1065788269,
                39.7554740906,
                40.9441680908,
                32.4560012817,
                26.1634235382,
                25.5019855499,
                24.5365524292,
                20.8724250793,
                24.7050819397,
                21.1195335388,
                11.7981119156,
                9.75282669067,
                11.5829153061,
                12.2854785919,
                10.4810676575,
                5.87119674683,
                4.0501241684,
                2.74091029167,
                1.67900156975,
                1.02052640915,
                0.541110336781,
                0.146086335182,
                0.0231311488897,
                0.000459938164568,
                2.94901201414e-05
            ],
            "dvar": [
                0.215922653675,
                5.60011959076,
                19.4330654144,
                202.036819458,
                173.776016235,
                143.655960083,
                264.999633789,
                294.275695801,
                607.023254395,
                1526.27893066,
                4487.45361328,
                1006.09454346,
                1622.94372559,
                2085.99121094,
                2730.62011719,
                4526.97607422,
                5412.8671875,
                3670.50244141,
                1823.32177734,
                1599.91223145,
                2399.7980957,
                1073.48010254,
                475.144836426,
                885.66986084,
                693.882202148,
                335.619049072,
                313.530151367,
                377.304260254,
                342.039611816,
                215.387741089,
                82.8495101929,
                62.909198761,
                21.2827320099,
                8.28840732574,
                6.05768013,
                2.83949327469,
                0.274959951639,
                0.00989193096757,
                3.9479014049e-06,
                3.21417004123e-09
            ],
            "dvar2": [
                0.591847360134,
                15.8723983765,
                45.3319778442,
                582.629272461,
                503.223297119,
                359.249725342,
                638.290771484,
                697.895324707,
                1446.58203125,
                3862.96191406,
                11898.0048828,
                2142.56396484,
                2879.80371094,
                4157.96972656,
                6515.26855469,
                12915.8017578,
                14065.8505859,
                9580.82617188,
                4479.08154297,
                3906.46362305,
                4937.84521484,
                2354.77832031,
                1089.18981934,
                1952.44213867,
                1504.20568848,
                801.965942383,
                746.198669434,
                869.528747559,
                742.395324707,
                514.930664063,
                183.261505127,
                151.359039307,
                47.4031105042,
                18.4962673187,
                14.308221817,
                7.4646396637,
                0.658397912979,
                0.0197563674301,
                7.78642970545e-06,
                5.90140958323e-09
            ],
            "max": [
                3.29837441444,
                24.9179267883,
                48.5808753967,
                130.804779053,
                138.890762329,
                138.303192139,
                218.796890259,
                291.543273926,
                412.584472656,
                980.93939209,
                943.176208496,
                679.989074707,
                942.558288574,
                907.265319824,
                1053.58959961,
                795.029785156,
                876.737609863,
                1115.32312012,
                707.459411621,
                723.30065918,
                1605.35192871,
                524.373962402,
                253.461669922,
                508.381561279,
                275.40625,
                316.76184082,
                298.794464111,
                363.552612305,
                402.439575195,
                247.713043213,
                144.786560059,
                214.582519531,
                92.7777099609,
                52.364982605,
                72.3062973022,
                38.547580719,
                13.1096944809,
                2.98488545418,
                0.0597864985466,
                0.00142789946403
            ],
            "mean": [
                1.62284386158,
                4.97592782974,
                2.67612338066,
                6.7623758316,
                6.24038696289,
                7.14597558975,
                17.1944828033,
                19.2648487091,
                22.9609413147,
                20.2708740234,
                42.7311820984,
                28.7216968536,
                35.1805419922,
                47.375579834,
                34.6267967224,
                39.5022392273,
                36.1790657043,
                41.0621261597,
                32.9540596008,
                23.8304634094,
                26.4942188263,
                25.8788375854,
                25.5366973877,
                31.4719734192,
                24.764799118,
                13.0938148499,
                11.1890535355,
                13.8635177612,
                16.1688728333,
                12.3251123428,
                6.87788248062,
                4.19936323166,
                2.64536380768,
                1.52174973488,
                0.852618992329,
                0.38124614954,
                0.113204203546,
                0.0185288526118,
                0.00040286933654,
                8.26384421089e-05
            ],
            "median": [
                1.89630913734,
                4.79984617233,
                1.66117107868,
                4.09020757675,
                3.55723452568,
                2.18672728539,
                7.82611036301,
                10.3282432556,
                8.10261058807,
                6.69882297516,
                9.29114151001,
                8.22904109955,
                8.21660518646,
                9.42316055298,
                9.03230285645,
                8.25406551361,
                8.83723640442,
                9.99847793579,
                10.2014093399,
                7.85630893707,
                7.99466753006,
                10.4872894287,
                14.2684516907,
                16.2641639709,
                11.0690383911,
                5.63816213608,
                4.15538930893,
                5.67591428757,
                6.80956077576,
                5.21563625336,
                2.85011482239,
                1.54432833195,
                0.875106215477,
                0.456477224827,
                0.210990652442,
                0.0814215391874,
                0.0272270664573,
                0.0045610954985,
                0.000121763761854,
                8.09698249213e-05
            ],
            "min": [
                3.14565866688e-08,
                2.0130605094e-07,
                5.13080465225e-07,
                6.63382877519e-07,
                2.59315584117e-06,
                6.1223809098e-06,
                2.23203483074e-06,
                3.23130575453e-06,
                2.49970867117e-06,
                9.23767584027e-06,
                1.32513905555e-05,
                5.63544199395e-05,
                5.54314065084e-05,
                4.97144283145e-05,
                0.000108682535938,
                0.00010565280536,
                2.75476013485e-05,
                2.00352824322e-05,
                4.55993395008e-05,
                7.43830896681e-05,
                9.40765821724e-05,
                8.28733900562e-05,
                4.96586872032e-05,
                6.81076053297e-05,
                4.06122926506e-05,
                7.80017217039e-05,
                0.000130504689878,
                5.63402645639e-05,
                5.93662225583e-05,
                4.46989615739e-05,
                2.6900874218e-05,
                3.71332207578e-05,
                1.6586833226e-05,
                1.12872176032e-05,
                9.03778072825e-06,
                5.64393258173e-06,
                3.37541973749e-06,
                7.85017164162e-07,
                1.66791913614e-08,
                6.49306164391e-10
            ],
            "var": [
                1.08869111538,
                14.3004789352,
                19.8064308167,
                129.552642822,
                118.940299988,
                212.936294556,
                593.580444336,
                707.683837891,
                1283.79748535,
                1908.88269043,
                7512.4921875,
                3004.18432617,
                7329.70068359,
                8798.88476563,
                6606.87988281,
                6475.48095703,
                6468.11962891,
                6393.31982422,
                3406.03369141,
                2255.16186523,
                4722.34423828,
                2212.46118164,
                977.016540527,
                1860.98132324,
                1256.34655762,
                537.086425781,
                537.278320313,
                850.193115234,
                930.847717285,
                437.555236816,
                141.803787231,
                78.4753036499,
                31.5114994049,
                12.0892019272,
                7.03867292404,
                2.62698674202,
                0.300930023193,
                0.012183749117,
                4.925617759e-06,
                4.8811887865e-09
            ]
        },
        "erbbands_crest": {
            "dmean": 2.59356927872,
            "dmean2": 4.11915302277,
            "dvar": 5.87987565994,
            "dvar2": 15.0580883026,
            "max": 27.2033557892,
            "mean": 9.23316192627,
            "median": 8.55953502655,
            "min": 2.7203476429,
            "var": 14.0211744308
        },
        "erbbands_flatness_db": {
            "dmean": 0.0154444761574,
            "dmean2": 0.0228132363409,
            "dvar": 0.000288541719783,
            "dvar2": 0.000597466831096,
            "max": 0.36097484827,
            "mean": 0.142684444785,
            "median": 0.135756194592,
            "min": 0.0624795109034,
            "var": 0.00168511644006
        },
        "erbbands_kurtosis": {
            "dmean": 0.955973029137,
            "dmean2": 1.53027570248,
            "dvar": 2.48354649544,
            "dvar2": 5.78505182266,
            "max": 21.497341156,
            "mean": 0.469663649797,
            "median": -0.218713313341,
            "min": -1.79530954361,
            "var": 5.55140590668
        },
        "erbbands_skewness": {
            "dmean": 0.386365026236,
            "dmean2": 0.581497907639,
            "dvar": 0.176218599081,
            "dvar2": 0.378801435232,
            "max": 4.20114183426,
            "mean": 0.333113998175,
            "median": 0.403637290001,
            "min": -4.24253463745,
            "var": 0.729516625404
        },
        "erbbands_spread": {
            "dmean": 9.46852588654,
            "dmean2": 14.2320699692,
            "dvar": 124.050346375,
            "dvar2": 279.653594971,
            "max": 165.461532593,
            "mean": 45.3000068665,
            "median": 43.9491577148,
            "min": 3.67572999001,
            "var": 413.656463623
        },
        "gfcc": {
            "cov": [
                [
                    4302.66992188,
                    -448.469573975,
                    -418.903839111,
                    125.197128296,
                    -448.327301025,
                    377.673706055,
                    113.819328308,
                    416.478637695,
                    111.361671448,
                    219.958267212,
                    82.9763336182,
                    63.6007194519,
                    -56.2770614624
                ],
                [
                    -448.469573975,
                    1288.31384277,
                    565.977294922,
                    101.713470459,
                    428.695037842,
                    4.85515022278,
                    270.54977417,
                    -6.24981689453,
                    107.05355835,
                    -92.6449890137,
                    87.5618591309,
                    26.9607925415,
                    36.5907440186
                ],
                [
                    -418.903839111,
                    565.977294922,
                    1344.73815918,
                    494.422821045,
                    417.376220703,
                    181.806686401,
                    201.197525024,
                    59.5296783447,
                    26.1684951782,
                    -6.14430522919,
                    59.7377166748,
                    48.1980056763,
                    27.2794075012
                ],
                [
                    125.197128296,
                    101.713470459,
                    494.422821045,
                    558.714904785,
                    184.281692505,
                    47.1516418457,
                    38.2705497742,
                    6.84591293335,
                    46.6290473938,
                    -4.53694486618,
                    34.7568283081,
                    52.6469535828,
                    39.3104476929
                ],
                [
                    -448.327301025,
                    428.695037842,
                    417.376220703,
                    184.281692505,
                    521.008605957,
                    116.864128113,
                    128.669311523,
                    6.09593296051,
                    60.5278244019,
                    -16.3784503937,
                    35.3321418762,
                    35.7710609436,
                    17.3061752319
                ],
                [
                    377.673706055,
                    4.85515022278,
                    181.806686401,
                    47.1516418457,
                    116.864128113,
                    437.709777832,
                    274.261901855,
                    139.029724121,
                    42.6597251892,
                    83.9737091064,
                    63.5292129517,
                    2.01886844635,
                    -17.0962257385
                ],
                [
                    113.819328308,
                    270.54977417,
                    201.197525024,
                    38.2705497742,
                    128.669311523,
                    274.261901855,
                    418.262939453,
                    108.207748413,
                    46.5241470337,
                    51.1462669373,
                    68.1428451538,
                    42.9156913757,
                    -1.99899184704
                ],
                [
                    416.478637695,
                    -6.24981689453,
                    59.5296783447,
                    6.84591293335,
                    6.09593296051,
                    139.029724121,
                    108.207748413,
                    215.054153442,
                    84.5486679077,
                    44.9416770935,
                    29.8138713837,
                    -15.3124685287,
                    -26.2637405396
                ],
                [
                    111.361671448,
                    107.05355835,
                    26.1684951782,
                    46.6290473938,
                    60.5278244019,
                    42.6597251892,
                    46.5241470337,
                    84.5486679077,
                    171.201293945,
                    47.0883903503,
                    30.9899139404,
                    7.89248895645,
                    -3.37066435814
                ],
                [
                    219.958267212,
                    -92.6449890137,
                    -6.14430522919,
                    -4.53694486618,
                    -16.3784503937,
                    83.9737091064,
                    51.1462669373,
                    44.9416770935,
                    47.0883903503,
                    120.342849731,
                    27.9512405396,
                    5.27159309387,
                    -2.45514130592
                ],
                [
                    82.9763336182,
                    87.5618591309,
                    59.7377166748,
                    34.7568283081,
                    35.3321418762,
                    63.5292129517,
                    68.1428451538,
                    29.8138713837,
                    30.9899139404,
                    27.9512405396,
                    98.4096679688,
                    30.6499652863,
                    -10.0248756409
                ],
                [
                    63.6007194519,
                    26.9607925415,
                    48.1980056763,
                    52.6469535828,
                    35.7710609436,
                    2.01886844635,
                    42.9156913757,
                    -15.3124685287,
                    7.89248895645,
                    5.27159309387,
                    30.6499652863,
                    109.684425354,
                    37.6346893311
                ],
                [
                    -56.2770614624,
                    36.5907440186,
                    27.2794075012,
                    39.3104476929,
                    17.3061752319,
                    -17.0962257385,
                    -1.99899184704,
                    -26.2637405396,
                    -3.37066435814,
                    -2.45514130592,
                    -10.0248756409,
                    37.6346893311,
                    104.498649597
                ]
            ],
            "icov": [
                [
                    0.000478678179206,
                    -0.000372201116988,
                    0.000370514229871,
                    -0.000547589326743,
                    0.000568171089981,
                    -0.000605418521445,
                    0.000531633093487,
                    -0.00102403771598,
                    0.000509001489263,
                    -0.000749902566895,
                    0.00038563736598,
                    -0.000857314851601,
                    0.000401593890274
                ],
                [
                    -0.000372201116988,
                    0.00244995672256,
                    -0.0010309581412,
                    0.0012327543227,
                    -0.00146130577195,
                    0.00181391090155,
                    -0.00220483774319,
                    0.00154659966938,
                    -0.00202287384309,
                    0.0026290777605,
                    -0.00215371558443,
                    0.0020720071625,
                    -0.00132393464446
                ],
                [
                    0.000370514229871,
                    -0.0010309581412,
                    0.00195329682902,
                    -0.00173480517697,
                    2.74030389846e-05,
                    -0.000909111578949,
                    0.000702529447153,
                    -0.00145226786844,
                    0.00159320514649,
                    -0.00130761205219,
                    0.000792460166849,
                    -0.000948606641032,
                    0.000636721437331
                ],
                [
                    -0.000547589326743,
                    0.0012327543227,
                    -0.00173480517697,
                    0.00384099176154,
                    -0.00111921306234,
                    0.000981463585049,
                    -0.000766326265875,
                    0.00171073281672,
                    -0.00200848607346,
                    0.00191606825683,
                    -0.00144473684486,
                    0.000750525097828,
                    -0.00138603302184
                ],
                [
                    0.000568171089981,
                    -0.00146130577195,
                    2.74030389846e-05,
                    -0.00111921306234,
                    0.00417312514037,
                    -0.00204603676684,
                    0.00115470832679,
                    -0.00050953583559,
                    -0.000130478059873,
                    -0.000656124087982,
                    0.00129352277145,
                    -0.00191907619592,
                    0.000895328819752
                ],
                [
                    -0.000605418521445,
                    0.00181391090155,
                    -0.000909111578949,
                    0.000981463585049,
                    -0.00204603676684,
                    0.00662673125044,
                    -0.00423901015893,
                    -9.40587560763e-05,
                    -0.000308569491608,
                    -4.03792109864e-05,
                    -0.00246134027839,
                    0.00313061149791,
                    -0.00114931282587
                ],
                [
                    0.000531633093487,
                    -0.00220483774319,
                    0.000702529447153,
                    -0.000766326265875,
                    0.00115470832679,
                    -0.00423901015893,
                    0.00674857152626,
                    -0.00244505563751,
                    0.00177286239341,
                    -0.00226829596795,
                    0.00113049417268,
                    -0.00375338457525,
                    0.00125716533512
                ],
                [
                    -0.00102403771598,
                    0.00154659966938,
                    -0.00145226786844,
                    0.00171073281672,
                    -0.00050953583559,
                    -9.40587560763e-05,
                    -0.00244505563751,
                    0.010335364379,
                    -0.00535902567208,
                    0.00252883858047,
                    -0.00152829405852,
                    0.00336061464623,
                    -0.000208016703255
                ],
                [
                    0.000509001489263,
                    -0.00202287384309,
                    0.00159320514649,
                    -0.00200848607346,
                    -0.000130478059873,
                    -0.000308569491608,
                    0.00177286239341,
                    -0.00535902567208,
                    0.0108322240412,
                    -0.00529820192605,
                    0.000547738396563,
                    -0.00193264964037,
                    0.000953740382101
                ],
                [
                    -0.000749902566895,
                    0.0026290777605,
                    -0.00130761205219,
                    0.00191606825683,
                    -0.000656124087982,
                    -4.03792109864e-05,
                    -0.00226829596795,
                    0.00252883858047,
                    -0.00529820192605,
                    0.0145076597109,
                    -0.00393395172432,
                    0.00239569111727,
                    -0.00207987660542
                ],
                [
                    0.00038563736598,
                    -0.00215371558443,
                    0.000792460166849,
                    -0.00144473684486,
                    0.00129352277145,
                    -0.00246134027839,
                    0.00113049417268,
                    -0.00152829405852,
                    0.000547738396563,
                    -0.00393395172432,
                    0.0157959926873,
                    -0.00598945841193,
                    0.00391671713442
                ],
                [
                    -0.000857314851601,
                    0.0020720071625,
                    -0.000948606641032,
                    0.000750525097828,
                    -0.00191907619592,
                    0.00313061149791,
                    -0.00375338457525,
                    0.00336061464623,
                    -0.00193264964037,
                    0.00239569111727,
                    -0.00598945841193,
                    0.015327654779,
                    -0.00571992387995
                ],
                [
                    0.000401593890274,
                    -0.00132393464446,
                    0.000636721437331,
                    -0.00138603302184,
                    0.000895328819752,
                    -0.00114931282587,
                    0.00125716533512,
                    -0.000208016703255,
                    0.000953740382101,
                    -0.00207987660542,
                    0.00391671713442,
                    -0.00571992387995,
                    0.0126576479524
                ]
            ],
            "mean": [
                23.1524410248,
                79.5174789429,
                -102.85773468,
                43.4161071777,
                -50.445514679,
                22.0924625397,
                -28.4341392517,
                14.0873241425,
                -17.20819664,
                8.73652267456,
                -9.37807178497,
                11.2363367081,
                -12.9233942032
            ]
        },
        "hfc": {
            "dmean": 9.64483451843,
            "dmean2": 14.2714500427,
            "dvar": 320.918182373,
            "dvar2": 765.766479492,
            "max": 201.680236816,
            "mean": 29.5461578369,
            "median": 24.4350757599,
            "min": 0.000112548135803,
            "var": 633.785705566
        },
        "melbands": {
            "dmean": [
                0.00198987452313,
                0.00073751976015,
                0.000743623415474,
                0.000332198513206,
                0.000284073496005,
                0.000228336604778,
                0.000171955834958,
                0.00017492135521,
                0.000224163784878,
                9.3290102086e-05,
                8.57190680108e-05,
                9.52845730353e-05,
                7.41412659409e-05,
                6.85425329721e-05,
                8.15779858385e-05,
                4.64684453618e-05,
                5.34674218216e-05,
                4.06279650633e-05,
                2.38596821873e-05,
                2.34861854551e-05,
                2.01268958335e-05,
                1.89407619473e-05,
                1.32340410346e-05,
                1.43124034366e-05,
                1.42903190863e-05,
                1.30794578581e-05,
                7.51556808609e-06,
                4.98069584864e-06,
                4.14672285842e-06,
