{
    "lowlevel": {
        "average_loudness": 0.887805640697,
        "barkbands": {
            "dmean": [
                0.000163099030033,
                0.00477097602561,
                0.0037394487299,
                0.0016084149247,
                0.00150851323269,
                0.00143224711064,
                0.000862434040755,
                0.000853019300848,
                0.000986250350252,
                0.000642227008939,
                0.000345472857589,
                0.000388685410144,
                0.000482428702526,
                0.000460901937913,
                0.000638967147097,
                0.000444381003035,
                0.000330022652633,
                0.000303834531223,
                0.000176872912562,
                0.000154820489115,
                0.000179560491233,
                0.000149085404701,
                0.000133804147481,
                0.00011678460578,
                0.000108831023681,
                6.50986621622e-05,
                1.49235002027e-05
            ],
            "dmean2": [
                0.000250785000389,
                0.00752504449338,
                0.00673801405355,
                0.00302094034851,
                0.00263852020726,
                0.00246321503073,
                0.0013781968737,
                0.00132253323682,
                0.0014375053579,
                0.000957147334702,
                0.00055182504002,
                0.000628280336969,
                0.000819123990368,
                0.000743736221921,
                0.00100746005774,
                0.000686629791744,
                0.000508677738253,
                0.00047673744848,
                0.000286129448796,
                0.000246490177233,
                0.000279028346995,
                0.000233708924497,
                0.00020467939612,
                0.000168976592249,
                0.000158096154337,
                9.54645875026e-05,
                2.40514946199e-05
            ],
            "dvar": [
                1.16300086006e-07,
                0.000136324684718,
                0.000178584072273,
                5.86010028201e-05,
                1.7346776076e-05,
                2.31538797379e-05,
                4.80071048514e-06,
                6.04411889071e-06,
                7.33227352612e-06,
                1.95859865926e-06,
                6.91898151217e-07,
                8.85462441147e-07,
                2.42139185502e-06,
                1.80330334842e-06,
                2.7709954793e-06,
                1.37587403515e-06,
                7.33278568532e-07,
                6.53706763387e-07,
                3.3355243545e-07,
                2.0508042553e-07,
                3.96380130496e-07,
                2.5017260441e-07,
                1.49659413751e-07,
                8.12095848346e-08,
                6.19375057909e-08,
                2.40598296841e-08,
                3.8993865914e-09
            ],
            "dvar2": [
                3.21205362752e-07,
                0.000347201363184,
                0.000501669419464,
                0.000170460989466,
                4.89358426421e-05,
                6.53115348541e-05,
                1.1963338693e-05,
                1.42662383951e-05,
                1.5851279386e-05,
                4.12459121435e-06,
                1.66756694853e-06,
                2.23333950089e-06,
                6.68085067446e-06,
                4.3254854063e-06,
                6.57831105855e-06,
                3.06644051307e-06,
                1.74160663846e-06,
                1.58241300596e-06,
                8.7712982122e-07,
                5.29206488409e-07,
                9.11044708118e-07,
                5.97191501583e-07,
                3.70759096313e-07,
                1.67716081023e-07,
                1.28494733076e-07,
                5.12600664138e-08,
                1.04352411157e-08
            ],
            "max": [
                0.00368245667778,
                0.143434882164,
                0.125870019197,
                0.102953486145,
                0.0613793283701,
                0.0702570006251,
                0.0387857742608,
                0.044823307544,
                0.0644331201911,
                0.0418589413166,
                0.014884009026,
                0.0255756117404,
                0.0265723392367,
                0.0220381189138,
                0.0276042055339,
                0.0224808659405,
                0.0157539360225,
                0.00968946795911,
                0.00697225891054,
                0.00552088674158,
                0.00937873218209,
                0.00579131627455,
                0.00525173731148,
                0.00592827470973,
                0.00499959755689,
                0.00389070017263,
                0.00150139152538
            ],
            "mean": [
                0.00081483105896,
                0.0153393130749,
                0.00278011127375,
                0.00103933061473,
                0.00189630209934,
                0.0018152797129,
                0.00125712831505,
                0.00143157620914,
                0.00197839690372,
                0.0012207304826,
                0.000456224574009,
                0.000518303771969,
                0.000633723801002,
                0.000652739719953,
                0.000977163435891,
                0.000649357563816,
                0.0005104157608,
                0.000436394650023,
                0.000261093897279,
                0.000225631461944,
                0.000244352442678,
                0.000185649303603,
                0.000209293531952,
                0.000190376260434,
                0.000172565094545,
                9.40786267165e-05,
                1.45329095176e-05
            ],
            "median": [
                0.000457345478935,
                0.00601735478267,
                0.000263843452558,
                9.7784519312e-05,
                0.000656878168229,
                0.000458967697341,
                0.00041736732237,
                0.000325076718582,
                0.000440616277047,
                0.000323240761645,
                0.000103289436083,
                0.00017300019681,
                0.000119130178064,
                0.000134234476718,
                0.000197561996174,
                0.000120883523778,
                0.00011715501023,
                0.000146865961142,
                0.000131869921461,
                0.000107336563815,
                7.53929416533e-05,
                3.85657804145e-05,
                5.43139431102e-05,
                5.11801918037e-05,
                5.19750428793e-05,
                2.89669169433e-05,
                2.82287419395e-06
            ],
            "min": [
                1.7826072891e-23,
                1.10316296916e-23,
                2.11446434808e-23,
                2.02789207021e-23,
                5.92854150714e-23,
                2.8791384624e-23,
                1.41969687836e-23,
                1.04341761031e-22,
                5.53051069335e-23,
                1.78882840397e-23,
                1.14335379145e-22,
                9.08527318011e-23,
                2.15140014094e-22,
                7.11474849487e-23,
                7.42252983457e-23,
                1.00360903846e-22,
                2.81372624236e-22,
                2.07826793876e-22,
                1.86613894994e-22,
                2.99954804527e-22,
                4.23629312291e-22,
                5.20937589491e-22,
                5.2160164629e-22,
                5.97780669108e-22,
                1.01412161345e-21,
                1.89340046821e-21,
                2.05102966979e-21
            ],
            "var": [
                7.44384806239e-07,
                0.000424258469138,
                0.000113790818432,
                3.22369560308e-05,
                1.43173811011e-05,
                1.81459163286e-05,
                5.8429791352e-06,
                1.19193273349e-05,
                1.96614037122e-05,
                6.30542172075e-06,
                1.18340415156e-06,
                1.18754678624e-06,
                2.68708595286e-06,
                2.98584154734e-06,
                5.17050966664e-06,
                2.52826862379e-06,
                1.36972334985e-06,
                8.29227758459e-07,
                3.20313176871e-07,
                2.16890114757e-07,
                4.5543424676e-07,
                2.72787502809e-07,
                2.09115086136e-07,
                1.63189696423e-07,
                1.29125453441e-07,
                4.21270591744e-08,
                2.88829271611e-09
            ]
        },
        "barkbands_crest": {
            "dmean": 2.43479657173,
            "dmean2": 3.81016516685,
            "dvar": 6.01441287994,
            "dvar2": 14.3485660553,
            "max": 25.791185379,
            "mean": 12.0526342392,
            "median": 10.9425354004,
            "min": 2.44658041,
            "var": 29.0046920776
        },
        "barkbands_flatness_db": {
            "dmean": 0.0219104401767,
            "dmean2": 0.032618869096,
            "dvar": 0.000602510583121,
            "dvar2": 0.00137980526779,
            "max": 0.485979408026,
            "mean": 0.133668243885,
            "median": 0.128029987216,
            "min": 0.0225331690162,
            "var": 0.00249155145139
        },
        "barkbands_kurtosis": {
            "dmean": 4.73797369003,
            "dmean2": 7.81455945969,
            "dvar": 798.983825684,
            "dvar2": 2315.08496094,
            "max": 1233.28320312,
            "mean": 5.78951931,
            "median": 1.46215772629,
            "min": -1.93328082561,
            "var": 549.15411377
        },
        "barkbands_skewness": {
            "dmean": 0.625489234924,
            "dmean2": 0.940146207809,
            "dvar": 0.897202551365,
            "dvar2": 2.20338845253,
            "max": 29.4237346649,
            "mean": 1.5640090704,
            "median": 1.181686759,
            "min": -3.75872755051,
            "var": 2.65549135208
        },
        "barkbands_spread": {
            "dmean": 6.62423563004,
            "dmean2": 9.76149749756,
            "dvar": 71.4078674316,
            "dvar2": 141.752090454,
            "max": 138.717819214,
            "mean": 25.4115829468,
            "median": 21.2147884369,
            "min": 0.152075335383,
            "var": 296.339569092
        },
        "dissonance": {
            "dmean": 0.0191601254046,
            "dmean2": 0.0318636447191,
            "dvar": 0.000371369242202,
            "dvar2": 0.000971146626398,
            "max": 0.5,
            "mean": 0.463821083307,
            "median": 0.470576971769,
            "min": 0.171838507056,
            "var": 0.000773516832851
        },
        "dynamic_complexity": 4.46254253387,
        "erbbands": {
            "dmean": [
                0.164269551635,
                1.04822146893,
                3.46698617935,
                5.45666122437,
                4.86800527573,
                4.9290060997,
                8.20541381836,
                12.6831464767,
                11.8469696045,
                12.9924240112,
                22.0346679688,
                24.7201747894,
                16.292722702,
                21.079410553,
                14.4581661224,
                16.5515918732,
                21.0165042877,
                21.2253551483,
                29.9148464203,
                27.5693511963,
                23.6451625824,
                14.5809803009,
                17.8250732422,
                10.490114212,
                7.60901737213,
                6.91305303574,
                8.75059700012,
                5.45469760895,
                5.06512022018,
                5.20813941956,
                3.85403609276,
                2.35726952553,
                2.01095509529,
                1.26435911655,
                0.797219455242,
                0.362215667963,
                0.106517143548,
                0.0191560070962,
                0.00250498135574,
                0.000136210059281
            ],
            "dmean2": [
                0.253501147032,
                1.66013741493,
                6.1289806366,
                10.0329704285,
                8.92788410187,
                8.5235490799,
                13.7534894943,
                21.9062767029,
                19.174249649,
                21.0395088196,
                33.8861503601,
                36.4212989807,
                24.1601276398,
                30.9041938782,
                23.1227741241,
                27.2055187225,
                35.6947822571,
                34.2758750916,
                46.9107513428,
                43.3938369751,
                35.823474884,
                22.2698383331,
                27.9999294281,
                16.5672416687,
                11.7446956635,
                10.9308414459,
                14.0822191238,
                8.4366312027,
                7.89789819717,
                8.41460227966,
                5.97520637512,
                3.34570908546,
                2.99307537079,
                1.84133398533,
                1.16794335842,
                0.529910326004,
                0.15771009028,
                0.0292927715927,
                0.00403234781697,
                0.000221036418225
            ],
            "dvar": [
                0.155186653137,
                6.02886629105,
                132.339691162,
                556.294067383,
                354.082977295,
                173.790008545,
                431.117034912,
                2098.07617188,
                825.534179688,
                1390.86157227,
                4003.69995117,
                5582.92041016,
                1953.01550293,
                1798.55505371,
                1075.22741699,
                1765.3527832,
                5150.46630859,
                3848.73266602,
                5271.59179688,
                6270.90576172,
                3558.44018555,
                1453.19104004,
                2594.35131836,
                1040.2878418,
                359.63067627,
                411.426544189,
                1103.46057129,
                325.154510498,
                259.389678955,
                327.821655273,
                125.123527527,
                30.4993209839,
                28.9429321289,
                8.65598583221,
                3.66370844841,
                0.722373008728,
                0.0708490386605,
                0.00322806974873,
                0.000106005187263,
                3.43523424817e-07
            ],
            "dvar2": [
                0.374390095472,
                15.1817188263,
                362.458221436,
                1601.28491211,
                1025.60974121,
                475.187652588,
                1148.41394043,
                5949.33642578,
                2129.40966797,
                3607.38769531,
                9379.20507812,
                12478.5644531,
                4080.41723633,
                3642.23901367,
                2701.81762695,
                4653.79492188,
                14331.5488281,
                9849.67285156,
                12474.3203125,
                14347.6503906,
                8048.57958984,
                3476.29638672,
                6406.90576172,
                2648.01806641,
                859.037353516,
                1043.46252441,
                2823.68408203,
                648.918395996,
                573.168640137,
                849.362487793,
                318.066497803,
                59.407371521,
                63.7209815979,
                18.0719509125,
                7.92191886902,
                1.51354026794,
                0.156689912081,
                0.00795819051564,
                0.00028360626311,
                9.26474740481e-07
            ],
            "max": [
                4.26006650925,
                30.8295898438,
                110.511978149,
                305.28817749,
                260.812072754,
                221.849807739,
                364.349487305,
                661.241638184,
                566.046813965,
                701.928283691,
                1263.16320801,
                1988.02832031,
                1683.36010742,
                943.905212402,
                547.823364258,
                688.066650391,
                1307.25878906,
                856.18347168,
                1473.1607666,
                1762.98095703,
                1514.4185791,
                495.289550781,
                592.916320801,
                483.523620605,
                236.873825073,
                238.537979126,
                425.468719482,
                245.054626465,
                176.210266113,
                203.796173096,
                160.50881958,
                136.317321777,
                128.181182861,
                68.8679656982,
                41.9348716736,
                24.9314994812,
                5.1916475296,
                1.23488247395,
                0.262583494186,
                0.0150150023401
            ],
            "mean": [
                0.720804989338,
                2.35630297661,
                2.9167766571,
                3.8151948452,
                4.01547384262,
                6.58753585815,
                12.0080375671,
                14.914475441,
                17.043844223,
                18.9606113434,
                40.2660522461,
                48.4359741211,
                31.0874137878,
                41.0307312012,
                21.817943573,
                22.5244026184,
                28.6946563721,
                30.9041805267,
                50.96068573,
                41.1187553406,
                37.0624389648,
                24.1877593994,
                26.1399040222,
                15.8176851273,
                12.8614196777,
                10.5606575012,
                11.593711853,
                7.58870172501,
                6.33642196655,
                7.07328081131,
                5.97205734253,
                4.14250564575,
                3.01757144928,
                1.92148303986,
                1.24746358395,
                0.546974956989,
                0.143740534782,
                0.022867878899,
                0.0024632953573,
                0.000162116877618
            ],
            "median": [
                0.300523430109,
                0.892549514771,
                0.509115815163,
                0.378840923309,
                0.879171848297,
                2.1361951828,
                3.99126267433,
                3.50403285027,
                5.71806621552,
                7.20064210892,
                10.9839572906,
                13.3145236969,
                9.5428276062,
                13.2148694992,
                8.62009334564,
                8.48042583466,
                6.32778310776,
                7.71342992783,
                11.0669803619,
                9.18103122711,
                8.28568744659,
                6.36531734467,
                8.44308853149,
                7.11503076553,
                6.86311388016,
                5.50785207748,
                3.85938692093,
                2.09154558182,
                1.21648514271,
                1.85286593437,
                1.40343987942,
                0.98062312603,
                0.827556908131,
                0.49920168519,
                0.398883908987,
                0.190079420805,
                0.0367009602487,
                0.00540604582056,
                0.000523878552485,
                6.70304943924e-05
            ],
            "min": [
                8.4218154104e-22,
                1.22651719939e-21,
                1.86432438306e-20,
                6.24843639799e-20,
                1.14678045378e-19,
                2.67565527803e-19,
                2.31219289236e-19,
                1.4087516557e-19,
                1.26709452011e-19,
                1.14682718948e-18,
                1.89297553487e-18,
                1.09546237537e-18,
                1.10328657339e-18,
                2.20706883475e-18,
                3.94665985504e-18,
                5.25766337096e-18,
                8.75869704179e-18,
                4.82426002106e-18,
                4.12743893715e-18,
                5.27222671283e-18,
                6.76583531205e-18,
                1.68333736196e-17,
                1.07454723766e-17,
                7.58872533877e-18,
                1.35087097447e-17,
                1.09294836669e-17,
                1.78735664748e-17,
                1.54825645183e-17,
                1.71311917274e-17,
                1.72263671287e-17,
                1.59765716693e-17,
                1.19789599701e-17,
                1.02950262109e-17,
                9.6215010146e-18,
                8.73037685916e-18,
                6.59483888146e-18,
                3.37838511986e-18,
                1.3914632707e-18,
                3.06091542381e-19,
                2.9760388089e-20
            ],
            "var": [
                0.812299489975,
                12.8086175919,
                92.4537353516,
                319.550933838,
                205.269241333,
                182.352249146,
                582.693664551,
                1584.84326172,
                994.531311035,
                1621.45910645,
                8412.84570312,
                12452.1787109,
                5147.74804688,
                6445.17626953,
                1670.42712402,
                2086.23779297,
                5651.48974609,
                5222.09960938,
                12222.0185547,
                10429.3388672,
                6762.87158203,
                2532.35595703,
                3076.34912109,
                1083.08178711,
                495.505462646,
                447.950195312,
                1065.20874023,
                441.304321289,
                316.869262695,
                325.810821533,
                175.46875,
                74.1896209717,
                48.4042701721,
                17.6784706116,
                6.76206827164,
                1.38491094112,
                0.109684988856,
                0.00328736542724,
                7.8564065916e-05,
                2.53583436916e-07
            ]
        },
        "erbbands_crest": {
            "dmean": 3.03573346138,
            "dmean2": 4.80640220642,
            "dvar": 8.33936023712,
            "dvar2": 19.4383239746,
            "max": 30.9252071381,
            "mean": 10.2571973801,
            "median": 9.24576759338,
            "min": 2.25873398781,
            "var": 24.4879436493
        },
        "erbbands_flatness_db": {
            "dmean": 0.018417108804,
            "dmean2": 0.0263616107404,
            "dvar": 0.000324332679156,
            "dvar2": 0.000611774506979,
            "max": 0.387406080961,
            "mean": 0.147864371538,
            "median": 0.141964808106,
            "min": 0.0243434719741,
            "var": 0.00229143141769
        },
        "erbbands_kurtosis": {
            "dmean": 1.22891879082,
            "dmean2": 1.89451229572,
            "dvar": 4.46554088593,
            "dvar2": 10.1716270447,
            "max": 62.7188186646,
            "mean": 1.11023509502,
            "median": 0.309443950653,
            "min": -1.86012423038,
            "var": 9.44589710236
        },
        "erbbands_skewness": {
            "dmean": 0.41430413723,
            "dmean2": 0.613161444664,
            "dvar": 0.188552573323,
            "dvar2": 0.429031759501,
            "max": 6.30175924301,
            "mean": 0.270152539015,
            "median": 0.309714049101,
            "min": -5.19338989258,
            "var": 0.75888890028
        },
        "erbbands_spread": {
            "dmean": 9.20990276337,
            "dmean2": 13.8238687515,
            "dvar": 118.532691956,
            "dvar2": 260.755462646,
            "max": 169.693145752,
            "mean": 36.4897766113,
            "median": 32.3446388245,
            "min": 1.08138954639,
            "var": 424.169708252
        },
        "gfcc": {
            "cov": [
                [
                    18112.2460938,
                    -909.881835938,
                    -143.973052979,
                    1036.2265625,
                    -737.555358887,
                    846.652954102,
                    -140.167648315,
                    458.716278076,
                    391.974731445,
                    293.310241699,
                    168.012237549,
                    283.746032715,
                    275.581390381
                ],
                [
                    -909.881835938,
                    1265.27807617,
                    -137.605667114,
                    -257.415618896,
                    181.179962158,
                    -193.581085205,
                    93.431388855,
                    -52.7251358032,
                    -110.592811584,
                    -95.1024169922,
                    1.42833352089,
                    -105.792991638,
                    -50.0688514709
                ],
                [
                    -143.973052979,
                    -137.605667114,
                    870.951538086,
                    216.431838989,
                    26.310503006,
                    220.447036743,
                    43.2639923096,
                    93.9233093262,
                    81.4894790649,
                    -11.7887868881,
                    22.8402347565,
                    110.500213623,
                    15.166179657
                ],
                [
                    1036.2265625,
                    -257.415618896,
                    216.431838989,
                    945.737182617,
                    -117.825843811,
                    258.611572266,
                    4.85023736954,
                    7.1388669014,
                    216.690032959,
                    -49.6838989258,
                    77.0894317627,
                    91.1581192017,
                    116.211654663
                ],
                [
                    -737.555358887,
                    181.179962158,
                    26.310503006,
                    -117.825843811,
                    396.896514893,
                    -94.3142700195,
                    28.6363773346,
                    45.0185966492,
                    -20.530298233,
                    14.1588840485,
                    -19.0518283844,
                    14.82310009,
                    -16.6271591187
                ],
                [
                    846.652954102,
                    -193.581085205,
                    220.447036743,
                    258.611572266,
                    -94.3142700195,
                    453.146759033,
                    66.2828903198,
                    48.8179397583,
                    123.961723328,
                    31.3052349091,
                    75.5372467041,
                    27.4666595459,
                    49.3890037537
                ],
                [
                    -140.167648315,
                    93.431388855,
                    43.2639923096,
                    4.85023736954,
                    28.6363773346,
                    66.2828903198,
                    206.38571167,
                    42.2359962463,
                    -6.08893918991,
                    14.8908147812,
                    18.0206241608,
                    -15.145324707,
                    -5.6834564209
                ],
                [
                    458.716278076,
                    -52.7251358032,
                    93.9233093262,
                    7.1388669014,
                    45.0185966492,
                    48.8179397583,
                    42.2359962463,
                    207.531570435,
                    85.9208526611,
                    8.54444980621,
                    14.9248752594,
                    62.2939872742,
                    36.1357002258
                ],
                [
                    391.974731445,
                    -110.592811584,
                    81.4894790649,
                    216.690032959,
                    -20.530298233,
                    123.961723328,
                    -6.08893918991,
                    85.9208526611,
                    241.4715271,
                    24.7865810394,
                    38.194152832,
                    73.6287307739,
                    64.255241394
                ],
                [
                    293.310241699,
                    -95.1024169922,
                    -11.7887868881,
                    -49.6838989258,
                    14.1588840485,
                    31.3052349091,
                    14.8908147812,
                    8.54444980621,
                    24.7865810394,
                    121.171653748,
                    33.3646659851,
                    12.6243314743,
                    9.77824497223
                ],
                [
                    168.012237549,
                    1.42833352089,
                    22.8402347565,
                    77.0894317627,
                    -19.0518283844,
                    75.5372467041,
                    18.0206241608,
                    14.9248752594,
                    38.194152832,
                    33.3646659851,
                    122.363235474,
                    62.1645011902,
                    30.8258094788
                ],
                [
                    283.746032715,
                    -105.792991638,
                    110.500213623,
                    91.1581192017,
                    14.82310009,
                    27.4666595459,
                    -15.145324707,
                    62.2939872742,
                    73.6287307739,
                    12.6243314743,
                    62.1645011902,
                    170.016693115,
                    69.9624786377
                ],
                [
                    275.581390381,
                    -50.0688514709,
                    15.166179657,
                    116.211654663,
                    -16.6271591187,
                    49.3890037537,
                    -5.6834564209,
                    36.1357002258,
                    64.255241394,
                    9.77824497223,
                    30.8258094788,
                    69.9624786377,
                    113.666679382
                ]
            ],
            "icov": [
                [
                    8.5387386207e-05,
                    -4.94965861435e-05,
                    9.56047442742e-05,
                    -0.000126133556478,
                    0.000161028510774,
                    -0.000165272082086,
                    0.00015477843408,
                    -0.000294884841423,
                    0.000165510777151,
                    -0.000338345154887,
                    0.0002001496905,
                    -0.000185956276255,
                    7.99540284788e-05
                ],
                [
                    -4.94965861435e-05,
                    0.0012502190657,
                    -0.0001146449722,
                    0.000438911345555,
                    -0.000614240008872,
                    0.00057793664746,
                    -0.000738871283829,
                    0.000562973320484,
                    -0.000429816282121,
                    0.00163561466616,
                    -0.001388941193,
                    0.0011983201839,
                    -0.000578250212129
                ],
                [
                    9.56047442742e-05,
                    -0.0001146449722,
                    0.0017124278238,
                    -0.000418949202867,
                    1.30542075567e-05,
                    -0.0010644615395,
                    0.000104159829789,
                    -0.000719886214938,
                    0.000481615395984,
                    -0.000321046245517,
                    0.00107003666926,
                    -0.0017205538461,
                    0.00114023312926
                ],
                [
                    -0.000126133556478,
                    0.000438911345555,
                    -0.000418949202867,
                    0.00211073528044,
                    -0.000227898679441,
                    -5.76924758207e-05,
                    -0.000582964101341,
                    0.00144186860416,
                    -0.00173472799361,
                    0.0022219712846,
                    -0.00123415037524,
                    0.000685281993356,
                    -0.00139636709355
                ],
                [
                    0.000161028510774,
                    -0.000614240008872,
                    1.30542075567e-05,
                    -0.000227898679441,
                    0.00343318842351,
                    0.000178046553629,
                    7.80131886131e-05,
                    -0.00128831889015,
                    0.000480529328343,
                    -0.00170274707489,
                    0.00125277624466,
                    -0.00120916950982,
                    0.000687941850629
                ],
                [
                    -0.000165272082086,
                    0.00057793664746,
                    -0.0010644615395,
                    -5.76924758207e-05,
                    0.000178046553629,
                    0.0042940475978,
                    -0.00137017248198,
                    0.000504190684296,
                    -0.00152704666834,
                    0.000613605021499,
                    -0.00264661782421,
                    0.00240470375866,
                    -0.00116417708341
                ],
                [
                    0.00015477843408,
                    -0.000738871283829,
                    0.000104159829789,
                    -0.000582964101341,
                    7.80131886131e-05,
                    -0.00137017248198,
                    0.00640359846875,
                    -0.00232544145547,
                    0.00150290876627,
                    -0.00186735519674,
                    3.10815157718e-05,
                    0.000388874468626,
                    0.000610896735452
                ],
                [
                    -0.000294884841423,
                    0.000562973320484,
                    -0.000719886214938,
                    0.00144186860416,
                    -0.00128831889015,
                    0.000504190684296,
                    -0.00232544145547,
                    0.00825985521078,
                    -0.00327659677714,
                    0.00238684448414,
                    -0.000489800295327,
                    -0.000683007936459,
                    -0.00136472517624
                ],
                [
                    0.000165510777151,
                    -0.000429816282121,
                    0.000481615395984,
                    -0.00173472799361,
                    0.000480529328343,
                    -0.00152704666834,
                    0.00150290876627,
                    -0.00327659677714,
                    0.00786428898573,
                    -0.0027654110454,
                    0.00135227665305,
                    -0.00190393452067,
                    -0.000433282053564
                ],
                [
                    -0.000338345154887,
                    0.00163561466616,
                    -0.000321046245517,
                    0.0022219712846,
                    -0.00170274707489,
                    0.000613605021499,
                    -0.00186735519674,
                    0.00238684448414,
                    -0.0027654110454,
                    0.0131878834218,
                    -0.00506633892655,
                    0.00238804332912,
                    -0.00172308261972
                ],
                [
                    0.0002001496905,
                    -0.001388941193,
                    0.00107003666926,
                    -0.00123415037524,
                    0.00125277624466,
                    -0.00264661782421,
                    3.10815157718e-05,
                    -0.000489800295327,
                    0.00135227665305,
                    -0.00506633892655,
                    0.0144305285066,
                    -0.00682184658945,
                    0.00146923912689
                ],
                [
                    -0.000185956276255,
                    0.0011983201839,
                    -0.0017205538461,
                    0.000685281993356,
                    -0.00120916950982,
                    0.00240470375866,
                    0.000388874468626,
                    -0.000683007936459,
                    -0.00190393452067,
                    0.00238804332912,
                    -0.00682184658945,
                    0.0132698323578,
                    -0.00592428073287
                ],
                [
                    7.99540284788e-05,
                    -0.000578250212129,
                    0.00114023312926,
                    -0.00139636709355,
                    0.000687941850629,
                    -0.00116417708341,
                    0.000610896735452,
                    -0.00136472517624,
                    -0.000433282053564,
                    -0.00172308261972,
                    0.00146923912689,
                    -0.00592428073287,
                    0.014336607419
                ]
            ],
            "mean": [
                -11.8389444351,
                73.1533126831,
                -105.673492432,
                19.0197849274,
                -48.1188850403,
                14.8146400452,
                -32.7205162048,
                21.7136592865,
                -18.7878284454,
                11.2137737274,
                -13.0702171326,
                5.22728776932,
                -6.40436553955
            ]
        },
        "hfc": {
            "dmean": 10.680437088,
            "dmean2": 15.8434448242,
            "dvar": 808.016296387,
            "dvar2": 1947.09997559,
            "max": 327.208221436,
            "mean": 25.3897399902,
            "median": 18.608505249,
            "min": 1.14837206508e-16,
            "var": 1097.1595459
        },
        "melbands": {
            "dmean": [
                0.00138424395118,
                0.00153312063776,
                0.000929970934521,
                0.000341675855452,
                0.000265783746727,
                0.00028003344778,
                0.000185000681086,
                0.000141437267303,
                0.000181080322363,
                0.000150260530063,
                8.24104645289e-05,
                9.00860541151e-05,
                5.06700198457e-05,
                4.74035150546e-05,
                4.89789345011e-05,
                4.18503077526e-05,
                4.16511720687e-05,
                4.85323835164e-05,
                4.53715292679e-05,
                3.24706197716e-05,
                2.96353337035e-05,
                1.51523490786e-05,
                1.86170873349e-05,
                1.69994655153e-05,
                8.126135981e-06,
                6.71031239108e-06,
                4.53755365015e-06,
                4.88197929371e-06,
                6.43323619443e-06,
