{
    "lowlevel": {
        "average_loudness": 0.585833609104,
        "barkbands": {
            "dmean": [
                0.000490080739837,
                0.00515391305089,
                0.0017571473727,
                0.000806108408142,
                0.000732328044251,
                0.000739574548788,
                0.000447587633971,
                0.000925390340853,
                0.000848947733175,
                0.000533439859282,
                0.000761917384807,
                0.000421755539719,
                0.000337436416885,
                0.000283352215774,
                0.000291825912427,
                0.000185298471479,
                0.000203758041607,
                0.00023294040875,
                0.000150882202433,
                0.000139872310683,
                0.00012992201664,
                0.000105326573248,
                0.000141078402521,
                0.000102205762232,
                7.13843110134e-05,
                3.21173683915e-05,
                8.98651978787e-06
            ],
            "dmean2": [
                0.000821352063213,
                0.00816089753062,
                0.00305371754803,
                0.00127211771905,
                0.00113161979243,
                0.00120662839618,
                0.000728064333089,
                0.00136166962329,
                0.0012780034449,
                0.00080229883315,
                0.00116622739006,
                0.000634520838503,
                0.00052460480947,
                0.000445451150881,
                0.000459111877717,
                0.000304899556795,
                0.000321626488585,
                0.000366462219972,
                0.000237640400883,
                0.000224623887334,
                0.00021270175057,
                0.000168536513229,
                0.000235273619182,
                0.000165076125995,
                0.000119379874377,
                5.56852355658e-05,
                1.60277013492e-05
            ],
            "dvar": [
                4.39716359324e-06,
                0.000372611626517,
                0.000106401719677,
                1.06153620436e-05,
                4.05079299526e-06,
                1.95981169782e-06,
                7.40793950627e-07,
                3.53236737283e-06,
                3.77553010367e-06,
                1.84593670838e-06,
                4.34717230746e-06,
                1.50181165282e-06,
                1.13475221042e-06,
                8.82480662767e-07,
                6.35885271549e-07,
                3.79567183018e-07,
                4.45473574473e-07,
                4.0138689883e-07,
                2.83485235286e-07,
                6.95319386068e-07,
                7.57377335958e-07,
                4.39637972249e-07,
                4.13676133348e-07,
                2.29969316479e-07,
                6.72675426472e-08,
                1.6099283684e-08,
                6.59554233451e-09
            ],
            "dvar2": [
                1.19957958304e-05,
                0.000944489438552,
                0.000294366909657,
                2.36404066527e-05,
                1.06239995148e-05,
                5.26771509612e-06,
                1.84197847375e-06,
                6.99934616932e-06,
                8.17318050395e-06,
                3.96315226681e-06,
                9.43603845371e-06,
                3.09535062115e-06,
                2.53561756836e-06,
                1.90406001366e-06,
                1.53394557856e-06,
                9.87722160062e-07,
                1.0550315892e-06,
                1.00149384252e-06,
                7.02922932305e-07,
                1.74744661763e-06,
                1.87211924185e-06,
                1.10770918127e-06,
                1.07714379283e-06,
                5.82864913667e-07,
                1.75838010819e-07,
                4.3670649319e-08,
                1.85598878488e-08
            ],
            "max": [
                0.049877628684,
                0.212900310755,
                0.138588041067,
                0.0549481995404,
                0.0307719781995,
                0.0307491142303,
                0.0187864899635,
                0.0902322456241,
                0.0473298020661,
                0.0348870903254,
                0.0384457595646,
                0.0387634262443,
                0.0365303792059,
                0.0293010380119,
                0.0206971112639,
                0.0132735148072,
                0.0122619336471,
                0.0133330533281,
                0.00929535645992,
                0.0155260143802,
                0.0145496279001,
                0.0121025433764,
                0.00894657056779,
                0.00839083828032,
                0.00436372868717,
                0.00216016289778,
                0.00268800230697
            ],
            "mean": [
                0.00202612904832,
                0.0288872383535,
                0.00178002100438,
                0.00170010409784,
                0.00183349277359,
                0.00131802528631,
                0.00077910273103,
                0.00243148952723,
                0.00148155819625,
                0.000875176570844,
                0.00126279878896,
                0.00074261816917,
                0.000520076428074,
                0.000434714253061,
                0.000483018724481,
                0.000264660920948,
                0.000312170304824,
                0.000377081567422,
                0.000223792274483,
                0.000162784461281,
                0.000141110096592,
                0.000119944743346,
                0.000181130526471,
                0.000116159651952,
                7.15241912985e-05,
                2.81901175185e-05,
                7.19807530913e-06
            ],
            "median": [
                4.76058994536e-05,
                0.00123862409964,
                0.000225815776503,
                0.000398389354814,
                0.00119618023746,
                0.000710788182914,
                0.00031931308331,
                0.000460358132841,
                0.000351417431375,
                0.000217342720134,
                0.000217806285946,
                0.000159107890795,
                0.000105641127448,
                9.57888260018e-05,
                5.10761456098e-05,
                3.39569814969e-05,
                5.02222210343e-05,
                7.19414238119e-05,
                4.91702958243e-05,
                2.16915650526e-05,
                1.98394009203e-05,
                1.10541186586e-05,
                7.52937012294e-06,
                8.97180143511e-06,
                5.74218483962e-06,
                1.24290534131e-06,
                1.01885220261e-07
            ],
            "min": [
                1.18277662609e-23,
                1.68527952388e-23,
                2.85535442444e-24,
                1.00954742558e-23,
                1.99566915327e-23,
                4.88650673844e-23,
                3.00878806772e-23,
                4.90441198772e-23,
                7.94647357733e-23,
                9.21671697067e-23,
                6.04204281418e-23,
                5.49961574486e-23,
                1.75085267155e-22,
                1.0768987604e-22,
                6.28163691049e-23,
                9.33226805389e-23,
                2.2557095145e-22,
                3.48062697971e-22,
                2.21471550559e-22,
                2.54796468319e-22,
                4.81362116572e-22,
                4.39510937714e-22,
                8.02085091757e-22,
                8.26470360059e-22,
                1.33708111659e-21,
                1.64973963616e-21,
                2.42101124036e-21
            ],
            "var": [
                1.53162181959e-05,
                0.00156145158689,
                7.19444142305e-05,
                1.54120407387e-05,
                5.98387077844e-06,
                3.49520473719e-06,
                1.79929043043e-06,
                4.21705444751e-05,
                1.05446379166e-05,
                4.20139940616e-06,
                1.12668831207e-05,
                4.16227749156e-06,
                2.56992348113e-06,
                1.72452325842e-06,
                1.58035459208e-06,
                6.45301724944e-07,
                7.74156205807e-07,
                6.57061661968e-07,
                3.22714640788e-07,
                5.85211637372e-07,
                6.20960065589e-07,
                3.67478918406e-07,
                4.62851431848e-07,
                2.16008700704e-07,
                5.90182125393e-08,
                1.17842740011e-08,
                4.00399757794e-09
            ]
        },
        "barkbands_crest": {
            "dmean": 2.07387638092,
            "dmean2": 3.31892704964,
            "dvar": 4.9615149498,
            "dvar2": 12.4774532318,
            "max": 26.1242408752,
            "mean": 14.1283893585,
            "median": 13.6584129333,
            "min": 2.28593802452,
            "var": 28.5014305115
        },
        "barkbands_flatness_db": {
            "dmean": 0.0229910127819,
            "dmean2": 0.0334677807987,
            "dvar": 0.000676783674862,
            "dvar2": 0.00141975586303,
            "max": 0.554576218128,
            "mean": 0.210174039006,
            "median": 0.201137170196,
            "min": 0.0198957957327,
            "var": 0.00570693705231
        },
        "barkbands_kurtosis": {
            "dmean": 6.37391662598,
            "dmean2": 9.82190704346,
            "dvar": 348.068054199,
            "dvar2": 880.297790527,
            "max": 704.199279785,
            "mean": 10.3838672638,
            "median": 3.48167896271,
            "min": -1.89983403683,
            "var": 504.929748535
        },
        "barkbands_skewness": {
            "dmean": 0.64661771059,
            "dmean2": 0.973647594452,
            "dvar": 0.836163341999,
            "dvar2": 1.90782999992,
            "max": 16.9408550262,
            "mean": 2.06780982018,
            "median": 1.63139438629,
            "min": -3.18073487282,
            "var": 3.60149288177
        },
        "barkbands_spread": {
            "dmean": 4.2178068161,
            "dmean2": 6.25275421143,
            "dvar": 52.4897460938,
            "dvar2": 109.677101135,
            "max": 114.394721985,
            "mean": 13.6324005127,
            "median": 9.80068206787,
            "min": 0.317641913891,
            "var": 142.500518799
        },
        "dissonance": {
            "dmean": 0.029120285064,
            "dmean2": 0.049462530762,
            "dvar": 0.000901935563888,
            "dvar2": 0.00247525121085,
            "max": 0.500000119209,
            "mean": 0.435301750898,
            "median": 0.455621063709,
            "min": 0.0992206335068,
            "var": 0.00355859543197
        },
        "dynamic_complexity": 4.67884159088,
        "erbbands": {
            "dmean": [
                0.138318091631,
                1.22992038727,
                2.19807219505,
                2.42557430267,
                2.42808675766,
                2.32725691795,
                4.14455223083,
                6.56453418732,
                6.18790578842,
                12.7101774216,
                19.5226860046,
                19.8250713348,
                19.551197052,
                16.9033756256,
                27.3278980255,
                17.8565292358,
                15.2672929764,
                15.5915222168,
                11.8358449936,
                12.7629432678,
                10.2905817032,
                10.2056694031,
                12.7433347702,
                9.73334789276,
                6.41989040375,
                6.33206748962,
                5.52664756775,
                4.55624818802,
                3.7857401371,
                3.44965004921,
                4.10708856583,
                2.64247870445,
                1.58319616318,
                0.909075915813,
                0.451386779547,
                0.170010998845,
                0.0555638857186,
                0.0113390479237,
                0.00150617805775,
                9.87821840681e-05
            ],
            "dmean2": [
                0.210398256779,
                1.94235301018,
                3.57355713844,
                3.98478722572,
                3.68950152397,
                3.61560511589,
                6.86756706238,
                10.6599617004,
                9.98488044739,
                18.8499984741,
                29.5421524048,
                29.997926712,
                29.0234775543,
                25.0897464752,
                41.6936798096,
                26.390745163,
                23.378194809,
                23.8239555359,
                18.8711280823,
                19.869354248,
                16.4472026825,
                16.2277374268,
                19.844997406,
                15.1667432785,
                10.1704874039,
                10.153635025,
                8.78365707397,
                7.44236183167,
                6.07650613785,
                5.68932628632,
                6.83885145187,
                4.2768573761,
                2.59927749634,
                1.51090788841,
                0.756055176258,
                0.291838407516,
                0.0964279174805,
                0.0198157746345,
                0.00269224424846,
                0.000173631837242
            ],
            "dvar": [
                0.226884365082,
                25.3262214661,
                138.570388794,
                141.991088867,
                53.1187171936,
                36.3697433472,
                145.54335022,
                155.409408569,
                163.514358521,
                798.307250977,
                1810.04211426,
                2396.49389648,
                2226.61743164,
                3608.61743164,
                5826.73974609,
                2929.95581055,
                2238.1003418,
                2593.79077148,
                1042.10510254,
                1331.40771484,
                1132.78527832,
                1150.29931641,
                1249.16101074,
                758.19128418,
                910.748046875,
                1563.7911377,
                1266.77331543,
                897.523071289,
                558.941955566,
                483.379302979,
                332.334686279,
                127.947952271,
                50.7901115417,
                11.7509565353,
                2.62571048737,
                0.420192748308,
                0.0482326932251,
                0.00386144849472,
                0.000159987728694,
                9.00849727259e-07
            ],
            "dvar2": [
                0.522648394108,
                61.704410553,
                343.451324463,
                371.937255859,
                120.747390747,
                101.008995056,
                407.18170166,
                415.939727783,
                403.270996094,
                1534.53613281,
                4001.40991211,
                5257.59423828,
                4593.20898438,
                7123.20019531,
                13481.3037109,
                5962.83642578,
                5010.140625,
                5205.89599609,
                2495.18164063,
                2938.38842773,
                2939.76196289,
                2888.63256836,
                3013.87817383,
                1830.19250488,
                2337.66064453,
                3897.12744141,
                3049.03222656,
                2188.05883789,
                1422.65405273,
                1265.16162109,
                852.303405762,
                314.739501953,
                132.198883057,
                30.7511043549,
                6.80565261841,
                1.13363087177,
                0.130364790559,
                0.0105817066506,
                0.000450523773907,
                2.5440895115e-06
            ],
            "max": [
                7.95622158051,
                57.8393135071,
                147.040817261,
                179.178451538,
                139.713226318,
                97.2152633667,
                147.683013916,
                328.204193115,
                245.471862793,
                1715.83312988,
                1591.49255371,
                1141.42480469,
                1394.63317871,
                1766.79089355,
                1767.92895508,
                1823.36157227,
                1504.8170166,
                1692.36828613,
                1217.53540039,
                1323.29919434,
                796.279846191,
                559.708496094,
                805.774047852,
                466.965911865,
                504.17098999,
                714.224243164,
                628.428222656,
                539.367858887,
                448.147796631,
                376.068572998,
                244.952468872,
                176.229446411,
                124.295127869,
                56.0107421875,
                27.0989704132,
                10.318271637,
                4.55889987946,
                1.82222020626,
                0.402505964041,
                0.0323661193252
            ],
            "mean": [
                1.21174895763,
                4.91018486023,
                3.01366376877,
                4.52407217026,
                6.31697273254,
                5.18432235718,
                6.76258325577,
                11.9402141571,
                11.061624527,
                35.7607841492,
                43.6216087341,
                35.2243385315,
                34.2087593079,
                29.2637481689,
                47.6843452454,
                33.763053894,
                25.596036911,
                25.9375152588,
                20.8511276245,
                21.7254867554,
                16.2922897339,
                16.3840293884,
                21.1363525391,
                16.1680088043,
                9.2285451889,
                7.32772827148,
                6.27427244186,
                4.961145401,
                4.34045219421,
                3.84050774574,
                5.36204957962,
                3.23571228981,
                1.79203951359,
                0.935936689377,
                0.441030412912,
                0.156543046236,
                0.047456599772,
                0.00950680486858,
                0.00121960323304,
                0.000124662197777
            ],
            "median": [
                0.050446100533,
                0.23919942975,
                0.283677786589,
                0.939694404602,
                2.6033205986,
                3.98108291626,
                3.82207012177,
                6.13090848923,
                5.15379905701,
                7.82331848145,
                9.99285125732,
                9.6520986557,
                9.69616508484,
                6.5116724968,
                10.1026563644,
                7.65647888184,
                6.66585254669,
                6.89594316483,
                4.04143762589,
                2.69581508636,
                2.254799366,
                3.06201219559,
                3.7094502449,
                3.61240243912,
                1.9330728054,
                0.956438481808,
                0.840387761593,
                0.670849621296,
                0.40710273385,
                0.301834464073,
                0.206496030092,
                0.167544394732,
                0.159188091755,
                0.0784767568111,
                0.0312167443335,
                0.00891960225999,
                0.00170021154918,
                0.000195840213564,
                4.37873677583e-05,
                3.18111269735e-05
            ],
            "min": [
                8.87082241587e-22,
                1.91357107358e-21,
                4.32206837989e-21,
                2.0838382459e-20,
                3.66842129335e-20,
                6.2443334529e-20,
                1.90334052153e-19,
                4.61601988679e-19,
                4.45446686027e-19,
                5.4608747641e-19,
                1.21334957133e-18,
                1.94642132861e-18,
                1.96092035718e-18,
                4.21442400959e-18,
                1.30418661709e-18,
                3.16904514557e-18,
                8.19125775902e-18,
                6.12895214891e-18,
                4.22280872587e-18,
                3.67278242218e-18,
                5.48586637195e-18,
                1.50724268639e-17,
                2.17406738888e-17,
                1.026020108e-17,
                1.37673385165e-17,
                1.03054619215e-17,
                1.30211289598e-17,
                2.24293265642e-17,
                1.63152078316e-17,
                2.57982743804e-17,
                2.04805320544e-17,
                1.57589288697e-17,
                1.45251707881e-17,
                1.03038431291e-17,
                1.23527099494e-17,
                6.887375441e-18,
                2.84253028122e-18,
                1.43025669726e-18,
                3.15706250382e-19,
                3.38771787559e-20
            ],
            "var": [
                2.63928079605,
                66.5234985352,
                122.87726593,
                142.773223877,
                107.508865356,
                41.830329895,
                133.963256836,
                337.493408203,
                332.264953613,
                12456.1669922,
                9890.06640625,
                6223.05517578,
                5799.71142578,
                9753.95117188,
                16394.4863281,
                8797.69140625,
                4973.50976563,
                5316.81542969,
                2492.91577148,
                3366.5703125,
                2060.89624023,
                1734.19494629,
                2277.48413086,
                1192.8001709,
                840.975769043,
                1315.06494141,
                1104.25378418,
                756.096130371,
                462.40322876,
                376.268493652,
                403.270507813,
                145.442718506,
                46.3911628723,
                10.4676294327,
                2.31013393402,
                0.324390023947,
                0.0349519141018,
                0.00258718896657,
                9.75505972747e-05,
                5.47469369394e-07
            ]
        },
        "erbbands_crest": {
            "dmean": 3.07320713997,
            "dmean2": 4.91363477707,
            "dvar": 7.80549621582,
            "dvar2": 19.2445735931,
            "max": 33.2283592224,
            "mean": 11.7328214645,
            "median": 10.5446720123,
            "min": 2.37096786499,
            "var": 31.2838973999
        },
        "erbbands_flatness_db": {
            "dmean": 0.0200529042631,
            "dmean2": 0.0294333640486,
            "dvar": 0.000393469672417,
            "dvar2": 0.000797898450401,
            "max": 0.533797621727,
            "mean": 0.211236774921,
            "median": 0.190181612968,
            "min": 0.0408054217696,
            "var": 0.00828847568482
        },
        "erbbands_kurtosis": {
            "dmean": 1.59934508801,
            "dmean2": 2.55041122437,
            "dvar": 7.79182815552,
            "dvar2": 18.7964611053,
            "max": 100.607757568,
            "mean": 2.03665757179,
            "median": 0.739063501358,
            "min": -1.81566512585,
            "var": 24.8721218109
        },
        "erbbands_skewness": {
            "dmean": 0.437116116285,
            "dmean2": 0.662127494812,
            "dvar": 0.190551698208,
            "dvar2": 0.404489785433,
            "max": 6.7661356926,
            "mean": 0.475787878036,
            "median": 0.364953577518,
            "min": -3.5861082077,
            "var": 1.01177036762
        },
        "erbbands_spread": {
            "dmean": 7.68590688705,
            "dmean2": 11.8665533066,
            "dvar": 118.462478638,
            "dvar2": 259.946014404,
            "max": 163.814086914,
            "mean": 29.9956245422,
            "median": 24.1399803162,
            "min": 0.744544744492,
            "var": 564.505859375
        },
        "gfcc": {
            "cov": [
                [
                    22107.6835938,
                    -2938.09375,
                    1394.88330078,
                    4686.39208984,
                    1847.74108887,
                    2941.56738281,
                    811.366760254,
                    1476.32409668,
                    724.510559082,
                    879.833740234,
                    231.198394775,
                    701.921447754,
                    -248.350234985
                ],
                [
                    -2938.09375,
                    2236.4765625,
                    -38.7517623901,
                    -725.681762695,
                    122.21862793,
                    -628.184204102,
                    62.2457351685,
                    -229.620346069,
                    -136.929916382,
                    -254.3097229,
                    144.095214844,
                    -249.323471069,
                    61.6007652283
                ],
                [
                    1394.88330078,
                    -38.7517623901,
                    1744.76489258,
                    923.336364746,
                    433.471405029,
                    650.066772461,
                    132.16394043,
                    241.579055786,
                    152.634841919,
                    92.0252761841,
                    -20.665184021,
                    168.687026978,
                    -79.0122909546
                ],
                [
                    4686.39208984,
                    -725.681762695,
                    923.336364746,
                    2031.53833008,
                    825.156860352,
                    862.218322754,
                    325.968261719,
                    431.986114502,
                    335.718139648,
                    283.468200684,
                    118.908531189,
                    244.748825073,
                    -47.200466156
                ],
                [
                    1847.74108887,
                    122.21862793,
                    433.471405029,
                    825.156860352,
                    963.706726074,
                    482.84979248,
                    347.077911377,
                    269.696258545,
                    226.590393066,
                    128.447692871,
                    80.6663818359,
                    151.35786438,
                    18.4235916138
                ],
                [
                    2941.56738281,
                    -628.184204102,
                    650.066772461,
                    862.218322754,
                    482.84979248,
                    884.988220215,
                    271.218841553,
                    274.759429932,
                    197.399597168,
                    199.504318237,
                    20.5305976868,
                    195.577774048,
                    -19.6551132202
                ],
                [
                    811.366760254,
                    62.2457351685,
                    132.16394043,
                    325.968261719,
                    347.077911377,
                    271.218841553,
                    390.541748047,
                    156.608047485,
                    105.062110901,
                    86.3859100342,
                    54.1808929443,
                    72.9663009644,
                    21.3126277924
                ],
                [
                    1476.32409668,
                    -229.620346069,
                    241.579055786,
                    431.986114502,
                    269.696258545,
                    274.759429932,
                    156.608047485,
                    297.815765381,
                    133.914794922,
                    89.2683639526,
                    27.5578155518,
                    86.2600860596,
                    -8.14395523071
                ],
                [
                    724.510559082,
                    -136.929916382,
                    152.634841919,
                    335.718139648,
                    226.590393066,
                    197.399597168,
                    105.062110901,
                    133.914794922,
                    244.421325684,
                    105.992515564,
                    9.30767154694,
                    74.4909896851,
                    23.8515110016
                ],
                [
                    879.833740234,
                    -254.3097229,
                    92.0252761841,
                    283.468200684,
                    128.447692871,
                    199.504318237,
                    86.3859100342,
                    89.2683639526,
                    105.992515564,
                    180.103561401,
                    38.38306427,
                    43.8501930237,
                    -1.17158305645
                ],
                [
                    231.198394775,
                    144.095214844,
                    -20.665184021,
                    118.908531189,
                    80.6663818359,
                    20.5305976868,
                    54.1808929443,
                    27.5578155518,
                    9.30767154694,
                    38.38306427,
                    170.828918457,
                    15.3012866974,
                    -6.35524606705
                ],
                [
                    701.921447754,
                    -249.323471069,
                    168.687026978,
                    244.748825073,
                    151.35786438,
                    195.577774048,
                    72.9663009644,
                    86.2600860596,
                    74.4909896851,
                    43.8501930237,
                    15.3012866974,
                    171.10635376,
                    38.837802887
                ],
                [
                    -248.350234985,
                    61.6007652283,
                    -79.0122909546,
                    -47.200466156,
                    18.4235916138,
                    -19.6551132202,
                    21.3126277924,
                    -8.14395523071,
                    23.8515110016,
                    -1.17158305645,
                    -6.35524606705,
                    38.837802887,
                    120.141143799
                ]
            ],
            "icov": [
                [
                    0.000158001537784,
                    -0.000128680490889,
                    0.000244874274358,
                    -0.000313752912916,
                    0.000117480070912,
                    -0.000443085795268,
                    0.000226675401791,
                    -0.000433861569036,
                    0.000252002006164,
                    -0.00020019945805,
                    0.00020383761148,
                    -0.000250710232649,
                    0.000310092902509
                ],
                [
                    -0.000128680490889,
                    0.00173989019822,
                    -0.000977155519649,
                    0.000809282588307,
                    -0.00111226271838,
                    0.00139618653338,
                    -0.00107017590199,
                    0.00106022704858,
                    -0.000667883956339,
                    0.00174751551822,
                    -0.00209627416916,
                    0.00257595884614,
                    -0.00161608180497
                ],
                [
                    0.000244874274358,
                    -0.000977155519649,
                    0.00166554364841,
                    -0.0009816250531,
                    0.000594980083406,
                    -0.0016638681991,
                    0.000971822533756,
                    -0.00106752477586,
                    0.000585926347412,
                    -0.000621157407295,
                    0.00148739875294,
                    -0.0017673104303,
                    0.00163632945623
                ],
                [
                    -0.000313752912916,
                    0.000809282588307,
                    -0.0009816250531,
                    0.0020328599494,
                    -0.00105217774399,
                    0.000801725778729,
                    -0.000493379717227,
                    0.000631514296401,
                    -0.000963344878983,
                    0.000388737767935,
                    -0.00149170530494,
                    0.00104696478229,
                    -0.000709912448656
                ],
                [
                    0.000117480070912,
                    -0.00111226271838,
                    0.000594980083406,
                    -0.00105217774399,
                    0.00293493806385,
                    -0.00119751354214,
                    -0.000430739368312,
                    -0.00101378851105,
                    -0.000304042681819,
                    -0.000442847551312,
                    0.000944425410125,
                    -0.00174199067988,
                    0.000821905443445
                ],
                [
                    -0.000443085795268,
                    0.00139618653338,
                    -0.0016638681991,
                    0.000801725778729,
                    -0.00119751354214,
                    0.00494971079752,
                    -0.00199510063976,
                    0.00124167499598,
                    -0.00067184783984,
                    -0.000122684039525,
                    -0.000967853644397,
                    0.000633031479083,
                    -0.00110323459376
                ],
                [
                    0.000226675401791,
                    -0.00107017590199,
                    0.000971822533756,
                    -0.000493379717227,
                    -0.000430739368312,
                    -0.00199510063976,
                    0.00522453989834,
                    -0.0020469231531,
                    0.000685338920448,
                    -0.00151674845256,
                    0.000613871961832,
                    -0.00134346319828,
                    0.00045259212493
                ],
                [
                    -0.000433861569036,
                    0.00106022704858,
                    -0.00106752477586,
                    0.000631514296401,
                    -0.00101378851105,
                    0.00124167499598,
                    -0.0020469231531,
                    0.00770031381398,
                    -0.00240562134422,
                    0.00115715223365,
                    -0.00137225771323,
                    0.000937728269491,
                    -0.0005376006593
                ],
                [
                    0.000252002006164,
                    -0.000667883956339,
                    0.000585926347412,
                    -0.000963344878983,
                    -0.000304042681819,
                    -0.00067184783984,
                    0.000685338920448,
                    -0.00240562134422,
                    0.00792903546244,
                    -0.00376873929054,
                    0.00192135677207,
                    -0.0018164155772,
                    -0.000399762619054
                ],
                [
                    -0.00020019945805,
                    0.00174751551822,
                    -0.000621157407295,
                    0.000388737767935,
                    -0.000442847551312,
                    -0.000122684039525,
                    -0.00151674845256,
                    0.00115715223365,
                    -0.00376873929054,
                    0.0114879338071,
                    -0.00377284688875,
                    0.00342002278194,
                    -0.0016152295284
                ],
                [
                    0.00020383761148,
                    -0.00209627416916,
                    0.00148739875294,
                    -0.00149170530494,
                    0.000944425410125,
                    -0.000967853644397,
                    0.000613871961832,
                    -0.00137225771323,
                    0.00192135677207,
                    -0.00377284688875,
                    0.00945035740733,
                    -0.00385236577131,
                    0.0027102814056
                ],
                [
                    -0.000250710232649,
                    0.00257595884614,
                    -0.0017673104303,
                    0.00104696478229,
                    -0.00174199067988,
                    0.000633031479083,
                    -0.00134346319828,
                    0.000937728269491,
                    -0.0018164155772,
                    0.00342002278194,
                    -0.00385236577131,
                    0.0134244691581,
                    -0.00606694677845
                ],
                [
                    0.000310092902509,
                    -0.00161608180497,
                    0.00163632945623,
                    -0.000709912448656,
                    0.000821905443445,
                    -0.00110323459376,
                    0.00045259212493,
                    -0.0005376006593,
                    -0.000399762619054,
                    -0.0016152295284,
                    0.0027102814056,
                    -0.00606694677845,
                    0.0123353963718
                ]
            ],
            "mean": [
                -64.8837051392,
                111.715309143,
                -119.319122314,
                5.50388431549,
                -59.1727867126,
                3.82698345184,
                -33.2255249023,
                7.85882043839,
                -21.8457660675,
                -3.41924595833,
                -6.18937397003,
                -3.9286608696,
                -8.77262115479
            ]
        },
        "hfc": {
            "dmean": 7.87223005295,
            "dmean2": 12.0163650513,
            "dvar": 781.865356445,
            "dvar2": 1996.49316406,
            "max": 496.348876953,
            "mean": 19.654132843,
            "median": 10.8645439148,
            "min": 1.14859692586e-16,
            "var": 941.094360352
        },
        "melbands": {
            "dmean": [
                0.00134689710103,
                0.00127693684772,
                0.00041026197141,
                0.000154753521201,
                0.000136188566103,
                0.000145719968714,
                9.19745798456e-05,
                0.000152637279825,
                0.000166290978086,
                0.000124596452224,
                9.58144228207e-05,
                6.33004601696e-05,
                8.76583653735e-05,
                5.87606700719e-05,
                3.6085555621e-05,
                3.76035532099e-05,
                3.12142547045e-05,
                1.84068649105e-05,
                2.34400959016e-05,
                1.58826678671e-05,
                1.22560859381e-05,
                1.18219968499e-05,
                1.22463843581e-05,
                1.01261921372e-05,
                8.43334692036e-06,
                4.87134911964e-06,
                5.28244208908e-06,
                4.04959973821e-06,
