{
    "lowlevel": {
        "average_loudness": 0.620199322701,
        "barkbands": {
            "dmean": [
                0.000143197976286,
                0.003358441405,
                0.0013176453067,
                0.000720254553016,
                0.00121767504606,
                0.000545112881809,
                0.00101175066084,
                0.00112435990013,
                0.00090816518059,
                0.000956459844019,
                0.000379948614864,
                0.000342685030773,
                0.000213293344132,
                0.000337180128554,
                0.00037813076051,
                0.000215266234591,
                0.000133756067953,
                8.40147113195e-05,
                5.40109685971e-05,
                6.23065716354e-05,
                4.93113730045e-05,
                5.22580376128e-05,
                9.20850216062e-05,
                6.54320247122e-05,
                3.7478403101e-05,
                2.06971617445e-05,
                6.22848619969e-06
            ],
            "dmean2": [
                0.000165346558788,
                0.00497557455674,
                0.00215953704901,
                0.00130723614711,
                0.00210286350921,
                0.000904602755327,
                0.00160011567641,
                0.00169551721774,
                0.00128597207367,
                0.00139460945502,
                0.000559205596801,
                0.000538570457138,
                0.000343059917213,
                0.000536307808943,
                0.00058393884683,
                0.000346858578268,
                0.000204183612368,
                0.000134109272039,
                8.64031753736e-05,
                9.44667190197e-05,
                7.65957811382e-05,
                8.06456955615e-05,
                0.00013773534738,
                9.94300062303e-05,
                5.36457664566e-05,
                2.9849647035e-05,
                9.99084113573e-06
            ],
            "dvar": [
                1.08825204848e-07,
                0.000106011138996,
                2.27202126553e-05,
                6.14368673268e-06,
                8.45402064442e-06,
                1.22781852951e-06,
                5.14632665727e-06,
                7.26505231796e-06,
                5.47922536498e-06,
                4.90519960294e-06,
                7.58394094191e-07,
                5.73151169192e-07,
                3.37588915045e-07,
                1.08922347408e-06,
                1.44659043144e-06,
                2.68398707703e-07,
                1.10627766503e-07,
                3.12519006229e-08,
                2.27945555764e-08,
                3.48413422557e-08,
                1.72922511865e-08,
                1.32698350086e-08,
                4.13047551717e-08,
                4.48187797986e-08,
                1.24282824032e-08,
                2.22557861029e-09,
                6.33743002521e-10
            ],
            "dvar2": [
                1.32456420943e-07,
                0.000237917483901,
                5.92192773183e-05,
                1.76729827217e-05,
                2.4062632292e-05,
                3.13033729071e-06,
                1.19971600725e-05,
                1.5640482161e-05,
                9.80865661404e-06,
                1.00202778412e-05,
                1.51847768848e-06,
                1.37441406878e-06,
                8.27856695196e-07,
                2.44291027229e-06,
                3.07278105538e-06,
                6.58211661175e-07,
                2.21239105258e-07,
                7.50866675503e-08,
                5.83260479914e-08,
                8.15222165329e-08,
                3.9143948527e-08,
                2.83431518255e-08,
                8.6799992971e-08,
                8.94380249861e-08,
                2.20527187622e-08,
                4.2912331466e-09,
                1.59641677655e-09
            ],
            "max": [
                0.0037358799018,
                0.11233061552,
                0.0522979646921,
                0.0333396308124,
                0.0413716547191,
                0.0232692304999,
                0.061671257019,
                0.0632205456495,
                0.0593045726418,
                0.0504383407533,
                0.0274506043643,
                0.016253368929,
                0.0141991712153,
                0.0355893522501,
                0.0375493764877,
                0.0116522600874,
                0.0113789914176,
                0.00591524131596,
                0.00455810502172,
                0.00776584027335,
                0.00405010674149,
                0.00225944630802,
                0.00540866982192,
                0.00602767197415,
                0.00469748210162,
                0.0010350436205,
                0.000319519778714
            ],
            "mean": [
                0.000429786363384,
                0.00837238971144,
                0.00210394151509,
                0.000811523525044,
                0.00201828288846,
                0.000998989678919,
                0.00192469567992,
                0.00210987403989,
                0.00202380539849,
                0.00184837880079,
                0.000750915962271,
                0.000612840754911,
                0.000335696531693,
                0.000579149811529,
                0.000582057051361,
                0.000372020323994,
                0.000275047874311,
                0.000168915852555,
                0.000104222017399,
                0.000123043631902,
                0.000101042467577,
                0.000112714988063,
                0.00019529540441,
                0.000141700307722,
                9.56491203397e-05,
                5.43678397662e-05,
                1.08678295874e-05
            ],
            "median": [
                3.84213080906e-06,
                0.00180868781172,
                0.000170238665305,
                0.000184081087355,
                0.000907350331545,
                0.000623299274594,
                0.000908749760129,
                0.000461406016257,
                0.000435459980508,
                0.000477364344988,
                0.000227068987442,
                0.000179908791324,
                9.82773271971e-05,
                0.00014154764358,
                0.000106736944872,
                9.05591368792e-05,
                7.33970227884e-05,
                5.80192718189e-05,
                2.89863382932e-05,
                3.89599081245e-05,
                2.29954712267e-05,
                2.96674370475e-05,
                3.53222567355e-05,
                2.56908133451e-05,
                1.22166675283e-05,
                3.99495547754e-06,
                5.91195821187e-08
            ],
            "min": [
                6.84079913143e-25,
                3.40727918184e-24,
                1.4771870101e-24,
                2.26365234197e-24,
                1.28485830378e-23,
                3.156881241e-23,
                1.89895764619e-23,
                1.11796689068e-23,
                1.21739065932e-23,
                9.61226381923e-24,
                1.77752292279e-23,
                3.93488047819e-23,
                4.51650857024e-23,
                4.45342525692e-23,
                3.71245641279e-23,
                7.22398553541e-23,
                7.92728027596e-23,
                1.52972940623e-22,
                1.31553852434e-22,
                1.92306176446e-22,
                3.08256700963e-22,
                3.39469289032e-22,
                4.66163026226e-22,
                5.66343918325e-22,
                9.20228535994e-22,
                1.47284344729e-21,
                2.15162339489e-21
            ],
            "var": [
                6.32896046682e-07,
                0.000288730108878,
                3.04960631183e-05,
                4.62028265247e-06,
                1.05968993012e-05,
                1.9864087335e-06,
                1.0090102478e-05,
                2.12460799958e-05,
                2.17430188059e-05,
                1.30577427626e-05,
                2.69199267677e-06,
                1.43502211358e-06,
                6.19618560904e-07,
                2.40804615714e-06,
                3.08528046844e-06,
                5.86164333072e-07,
                4.30035385079e-07,
                1.02666682267e-07,
                4.00854425209e-08,
                6.07914714124e-08,
                3.73799053932e-08,
                3.50472788568e-08,
                1.112034127e-07,
                1.01479507464e-07,
                4.31047801897e-08,
                1.30464350434e-08,
                1.05208175505e-09
            ]
        },
        "barkbands_crest": {
            "dmean": 2.16855978966,
            "dmean2": 3.27011394501,
            "dvar": 5.75100517273,
            "dvar2": 11.1450586319,
            "max": 25.4389133453,
            "mean": 10.7510185242,
            "median": 9.47687149048,
            "min": 2.09663701057,
            "var": 24.9477748871
        },
        "barkbands_flatness_db": {
            "dmean": 0.0187899582088,
            "dmean2": 0.027540916577,
            "dvar": 0.000476615066873,
            "dvar2": 0.000890636874828,
            "max": 0.514910638332,
            "mean": 0.170479640365,
            "median": 0.158150970936,
            "min": 0.0211074370891,
            "var": 0.00760758668184
        },
        "barkbands_kurtosis": {
            "dmean": 2.42054271698,
            "dmean2": 3.6017100811,
            "dvar": 16.2417621613,
            "dvar2": 32.2079391479,
            "max": 75.3515014648,
            "mean": 4.47084474564,
            "median": 2.14405941963,
            "min": -1.88546848297,
            "var": 49.9204025269
        },
        "barkbands_skewness": {
            "dmean": 0.444309443235,
            "dmean2": 0.642112135887,
            "dvar": 0.279417067766,
            "dvar2": 0.494436353445,
            "max": 7.85037660599,
            "mean": 1.49133014679,
            "median": 1.26300311089,
            "min": -2.11623954773,
            "var": 1.41178631783
        },
        "barkbands_spread": {
            "dmean": 4.21278142929,
            "dmean2": 6.19076013565,
            "dvar": 45.2505683899,
            "dvar2": 81.1651306152,
            "max": 103.185440063,
            "mean": 18.3203849792,
            "median": 15.059211731,
            "min": 0.549580216408,
            "var": 187.65461731
        },
        "dissonance": {
            "dmean": 0.0251977276057,
            "dmean2": 0.0421379134059,
            "dvar": 0.000641288002953,
            "dvar2": 0.00176394998562,
            "max": 0.499973088503,
            "mean": 0.443821579218,
            "median": 0.457075208426,
            "min": 0.172698184848,
            "var": 0.00216568913311
        },
        "dynamic_complexity": 5.15947437286,
        "erbbands": {
            "dmean": [
                0.114817470312,
                0.806322336197,
                1.64974200726,
                1.92464005947,
                3.26044940948,
                4.49691486359,
                3.67957854271,
                4.89103317261,
                13.2664575577,
                20.4044189453,
                20.4882335663,
                22.0141048431,
                30.0314350128,
                17.305770874,
                13.6006793976,
                12.6579217911,
                10.2179737091,
                14.0389728546,
                17.9845314026,
                13.7166252136,
                9.23369789124,
                6.49330854416,
                4.81111526489,
                3.15874266624,
                2.63602209091,
                2.91287851334,
                2.05887913704,
                2.03945469856,
                1.88697350025,
                2.51685118675,
                2.36476945877,
                1.71048951149,
                0.973032534122,
                0.499361813068,
                0.253866106272,
                0.129593789577,
                0.0285661127418,
                0.00628277566284,
                0.000885218731128,
                7.48604361434e-05
            ],
            "dmean2": [
                0.125519663095,
                1.25111544132,
                2.71460413933,
                3.31723570824,
                5.79883241653,
                7.73870658875,
                5.93587207794,
                8.20330619812,
                21.571647644,
                31.0923423767,
                29.7578697205,
                30.5514640808,
                43.2244110107,
                24.3092556,
                21.1953048706,
                19.8030261993,
                16.2504577637,
                21.7150878906,
                27.8107318878,
                21.266462326,
                14.4208936691,
                10.0344905853,
                7.66181850433,
                5.02099990845,
                4.07641410828,
                4.48991823196,
                3.08370685577,
                3.19903492928,
                2.89207339287,
                3.7762594223,
                3.59317111969,
                2.64317512512,
                1.46813380718,
                0.728290081024,
                0.367147833109,
                0.18902425468,
                0.0427190884948,
                0.00987611059099,
                0.00140630255919,
                0.000121220386063
            ],
            "dvar": [
                0.0878805667162,
                7.59200763702,
                39.8853759766,
                43.735294342,
                86.5833282471,
                105.895606995,
                72.1252593994,
                92.2126083374,
                586.431213379,
                3081.14794922,
                2389.28051758,
                4482.51269531,
                5170.87207031,
                1421.7166748,
                1254.07714844,
                727.076965332,
                621.891479492,
                1940.53088379,
                2926.91040039,
                1051.0657959,
                505.584655762,
                194.341110229,
                99.8294296265,
                56.5460548401,
                73.6602630615,
                80.0706710815,
                24.2249069214,
                28.9420509338,
                18.1801605225,
                23.9338417053,
                32.2178916931,
                30.1218700409,
                9.6077003479,
                2.95711946487,
                0.403704553843,
                0.0889805406332,
                0.00517811719328,
                0.000426676095231,
                1.15349257612e-05,
                1.06680786871e-07
            ],
            "dvar2": [
                0.104452848434,
                18.9914340973,
                104.763336182,
                122.405822754,
                248.856216431,
                295.488647461,
                171.017791748,
                252.88104248,
                1441.34362793,
                6376.78222656,
                4380.79980469,
                7747.27783203,
                9989.52050781,
                2387.94311523,
                3022.65917969,
                1674.00024414,
                1520.41699219,
                4170.47558594,
                6301.48291016,
                2401.21606445,
                1077.42150879,
                429.029693604,
                240.358322144,
                132.181335449,
                173.685012817,
                185.098648071,
                50.1081008911,
                66.2264251709,
                38.4541091919,
                51.7299041748,
                66.797492981,
                66.2524719238,
                18.2005748749,
                5.47366333008,
                0.759950935841,
                0.173788145185,
                0.0106213558465,
                0.000944716506638,
                2.85221376544e-05,
                2.79663453284e-07
            ],
            "max": [
                3.66907978058,
                30.4047393799,
                65.8028411865,
                93.9982376099,
                126.68637085,
                147.828735352,
                186.187179565,
                179.150619507,
                444.088409424,
                1772.57910156,
                1306.69091797,
                1907.26379395,
                2217.9765625,
                1561.15661621,
                942.515686035,
                676.174255371,
                627.578979492,
                2041.54199219,
                1953.93237305,
                728.957580566,
                625.441650391,
                451.99005127,
                334.746307373,
                137.755477905,
                319.564361572,
                342.714141846,
                134.69190979,
                139.679214478,
                88.1692047119,
                78.5270996094,
                179.541137695,
                167.496871948,
                93.2965774536,
                79.100112915,
                18.5155944824,
                6.17973423004,
                1.37987554073,
                0.3296482265,
                0.0426304638386,
                0.00389808719046
            ],
            "mean": [
                0.315557926893,
                1.57560288906,
                2.5204975605,
                2.72441053391,
                4.19413471222,
                7.59269046783,
                7.08424758911,
                9.10546302795,
                24.8941173553,
                37.8413276672,
                44.5126075745,
                50.0768585205,
                59.8828277588,
                40.047958374,
                24.0651836395,
                24.4593048096,
                19.5345249176,
                26.4274578094,
                30.7297840118,
                24.3564624786,
                19.4830570221,
                14.7084035873,
                10.1039962769,
                6.47923803329,
                5.27377223969,
                5.69982910156,
                4.45245790482,
                4.09989213943,
                3.98680138588,
                5.64585971832,
                4.90353441238,
                3.51496624947,
                2.05823087692,
                1.15220117569,
                0.653998196125,
                0.311577290297,
                0.0788622573018,
                0.0154497316107,
                0.00174805603456,
                0.000128237865283
            ],
            "median": [
                0.0359803363681,
                0.343072712421,
                0.320554554462,
                0.543475031853,
                1.23451852798,
                3.28247833252,
                3.43263101578,
                5.61629104614,
                13.0874919891,
                10.3263511658,
                12.0616407394,
                10.6410064697,
                16.60389328,
                10.8688907623,
                7.52812194824,
                8.21861457825,
                6.7158946991,
                7.15556335449,
                7.42609977722,
                5.98654460907,
                4.8225030899,
                4.51212596893,
                3.58950376511,
                1.96580708027,
                1.6250654459,
                1.82906365395,
                1.21127557755,
                0.85490489006,
                0.930710673332,
                1.2592818737,
                0.944677710533,
                0.605050981045,
                0.37362653017,
                0.155380278826,
                0.0732851922512,
                0.0295845121145,
                0.00431282632053,
                0.000316440709867,
                2.92655313388e-05,
                2.38832944888e-05
            ],
            "min": [
                1.19934663363e-22,
                1.46479832823e-22,
                2.52428542646e-21,
                1.15838033709e-20,
                1.41638572496e-20,
                3.60929112736e-20,
                8.03412934745e-20,
                2.50039173286e-19,
                3.16340258472e-19,
                3.44992916011e-19,
                3.09807211843e-19,
                3.79018447671e-19,
                8.33422465757e-19,
                6.57521216027e-19,
                1.18194503899e-18,
                1.65026171799e-18,
                2.11337119164e-18,
                3.32704718912e-18,
                3.03395062831e-18,
                4.11213278709e-18,
                4.43638055618e-18,
                5.00762983285e-18,
                7.03696940042e-18,
                8.34199322769e-18,
                6.95454664264e-18,
                8.68045320047e-18,
                1.14523734834e-17,
                1.03020853703e-17,
                1.25455398122e-17,
                1.35165034404e-17,
                1.28614740026e-17,
                9.96621199127e-18,
                1.11114567842e-17,
                8.75367770983e-18,
                5.66230523737e-18,
                3.30154024775e-18,
                2.49346585298e-18,
                9.94428777593e-19,
                3.07586852284e-19,
                2.99291232404e-20
            ],
            "var": [
                0.42177310586,
                12.4012823105,
                42.9017601013,
                42.2388839722,
                76.3236694336,
                165.144699097,
                139.277069092,
                126.70501709,
                1175.54785156,
                6795.14355469,
                10035.5283203,
                16923.0976563,
                14630.6494141,
                7432.86962891,
                2645.31762695,
                1974.54284668,
                1469.43115234,
                5004.59912109,
                7249.9453125,
                2563.13037109,
                1848.98498535,
                837.187255859,
                339.186828613,
                151.976959229,
                117.407463074,
                133.006500244,
                67.0147705078,
                61.4758148193,
                47.0601043701,
                72.727973938,
                83.5454177856,
                61.5925559998,
                22.2723331451,
                7.77203512192,
                1.78630363941,
                0.379382431507,
                0.0331439375877,
                0.00175107223913,
                2.48511569225e-05,
                1.14905617465e-07
            ]
        },
        "erbbands_crest": {
            "dmean": 2.6169552803,
            "dmean2": 4.05257177353,
            "dvar": 6.24506616592,
            "dvar2": 14.0726737976,
            "max": 30.6375484467,
            "mean": 10.5113601685,
            "median": 9.37995052338,
            "min": 2.43047094345,
            "var": 26.6162204742
        },
        "erbbands_flatness_db": {
            "dmean": 0.0154550923035,
            "dmean2": 0.0220824964345,
            "dvar": 0.000264549860731,
            "dvar2": 0.000493555271532,
            "max": 0.495137035847,
            "mean": 0.18723538518,
            "median": 0.172147572041,
            "min": 0.057156290859,
            "var": 0.00692593725398
        },
        "erbbands_kurtosis": {
            "dmean": 1.14986217022,
            "dmean2": 1.730047822,
            "dvar": 3.0355360508,
            "dvar2": 6.70824670792,
            "max": 56.2942314148,
            "mean": 1.49168205261,
            "median": 0.501845240593,
            "min": -1.89067018032,
            "var": 12.1369638443
        },
        "erbbands_skewness": {
            "dmean": 0.359223812819,
            "dmean2": 0.530853927135,
            "dvar": 0.12052770704,
            "dvar2": 0.257758498192,
            "max": 4.94702863693,
            "mean": 0.715349197388,
            "median": 0.667842268944,
            "min": -2.92154121399,
            "var": 0.627171576023
        },
        "erbbands_spread": {
            "dmean": 7.05480957031,
            "dmean2": 10.2348470688,
            "dvar": 117.420181274,
            "dvar2": 222.747024536,
            "max": 172.038711548,
            "mean": 32.1989364624,
            "median": 27.4339866638,
            "min": 1.64585316181,
            "var": 522.00378418
        },
        "gfcc": {
            "cov": [
                [
                    29799.8183594,
                    -3636.97949219,
                    1091.39318848,
                    2958.58837891,
                    -497.432128906,
                    1732.25598145,
                    -309.612823486,
                    911.410217285,
                    -781.947875977,
                    420.866546631,
                    -460.312713623,
                    720.610961914,
                    -453.158996582
                ],
                [
                    -3636.97949219,
                    3620.62231445,
                    -259.24041748,
                    -432.017425537,
                    599.175964355,
                    -696.40222168,
                    373.671630859,
                    -556.278259277,
                    45.1279373169,
                    -366.870513916,
                    368.294067383,
                    -239.178146362,
                    256.010192871
                ],
                [
                    1091.39318848,
                    -259.24041748,
                    1054.35327148,
                    327.970031738,
                    47.9909515381,
                    303.623168945,
                    17.177740097,
                    116.356651306,
                    -49.8826446533,
                    42.0242805481,
                    -5.83272409439,
                    117.393875122,
                    -38.8182144165
                ],
                [
                    2958.58837891,
                    -432.017425537,
                    327.970031738,
                    957.20135498,
                    57.9550056458,
                    260.537200928,
                    65.0133895874,
                    166.613067627,
                    -26.828918457,
                    92.6260528564,
                    46.4798316956,
                    135.699386597,
                    32.3054695129
                ],
                [
                    -497.432128906,
                    599.175964355,
                    47.9909515381,
                    57.9550056458,
                    645.370239258,
                    -31.3384532928,
                    371.843475342,
                    51.2494163513,
                    157.486587524,
                    38.7619934082,
                    136.190872192,
                    64.1235046387,
                    111.913696289
                ],
                [
                    1732.25598145,
                    -696.40222168,
                    303.623168945,
                    260.537200928,
                    -31.3384532928,
                    450.397216797,
                    48.0375862122,
                    201.995513916,
                    19.4076194763,
                    128.465286255,
                    -10.6010160446,
                    120.419036865,
                    -41.397102356
                ],
                [
                    -309.612823486,
                    373.671630859,
                    17.177740097,
                    65.0133895874,
                    371.843475342,
                    48.0375862122,
                    441.394256592,
                    69.5795211792,
                    119.268836975,
                    46.3871841431,
                    124.595146179,
                    61.1194572449,
                    80.1212539673
                ],
                [
                    911.410217285,
                    -556.278259277,
                    116.356651306,
                    166.613067627,
                    51.2494163513,
                    201.995513916,
                    69.5795211792,
                    282.463653564,
                    78.7695617676,
                    116.642547607,
                    5.11057758331,
                    92.8816757202,
                    -0.489561289549
                ],
                [
                    -781.947875977,
                    45.1279373169,
                    -49.8826446533,
                    -26.828918457,
                    157.486587524,
                    19.4076194763,
                    119.268836975,
                    78.7695617676,
                    224.945495605,
                    75.1355743408,
                    36.7365913391,
                    20.4039268494,
                    51.4250602722
                ],
                [
                    420.866546631,
                    -366.870513916,
                    42.0242805481,
                    92.6260528564,
                    38.7619934082,
                    128.465286255,
                    46.3871841431,
                    116.642547607,
                    75.1355743408,
                    165.047866821,
                    14.2929334641,
                    52.2465705872,
                    2.2252407074
                ],
                [
                    -460.312713623,
                    368.294067383,
                    -5.83272409439,
                    46.4798316956,
                    136.190872192,
                    -10.6010160446,
                    124.595146179,
                    5.11057758331,
                    36.7365913391,
                    14.2929334641,
                    170.30682373,
                    30.4175796509,
                    77.0357208252
                ],
                [
                    720.610961914,
                    -239.178146362,
                    117.393875122,
                    135.699386597,
                    64.1235046387,
                    120.419036865,
                    61.1194572449,
                    92.8816757202,
                    20.4039268494,
                    52.2465705872,
                    30.4175796509,
                    145.15574646,
                    18.0477104187
                ],
                [
                    -453.158996582,
                    256.010192871,
                    -38.8182144165,
                    32.3054695129,
                    111.913696289,
                    -41.397102356,
                    80.1212539673,
                    -0.489561289549,
                    51.4250602722,
                    2.2252407074,
                    77.0357208252,
                    18.0477104187,
                    122.615409851
                ]
            ],
            "icov": [
                [
                    8.25961251394e-05,
                    -8.52453958942e-05,
                    9.49056266109e-05,
                    -0.00020425679395,
                    -2.85980331682e-05,
                    -0.000209506208193,
                    6.03848420724e-05,
                    -0.000171844571014,
                    0.000345248030499,
                    -0.00014424850815,
                    0.000348841480445,
                    -0.00025475025177,
                    0.000158478113008
                ],
                [
                    -8.52453958942e-05,
                    0.00122124725021,
                    -0.000325050234096,
                    0.000294324563583,
                    -0.000529540935531,
                    0.000729512656108,
                    -0.000425723497756,
                    0.00145428918768,
                    -0.000717975723092,
                    0.00159144005738,
                    -0.00218103919178,
                    0.00135905528441,
                    -0.00058926420752
                ],
                [
                    9.49056266109e-05,
                    -0.000325050234096,
                    0.00146847846918,
                    -0.000467426085379,
                    -0.00030579106533,
                    -0.00119581562467,
                    0.000408730615163,
                    -0.00037234876072,
                    0.00074161431985,
                    -5.90442105022e-05,
                    0.000767363526393,
                    -0.000877718615811,
                    0.000561401655432
                ],
                [
                    -0.00020425679395,
                    0.000294324563583,
                    -0.000467426085379,
                    0.00194626196753,
                    -5.32903904968e-05,
                    0.000131859109388,
                    -0.000131629116368,
                    0.000159400704433,
                    -0.000254331360338,
                    0.000178853908437,
                    -0.0011077420786,
                    0.000264128670096,
                    -0.00108986138366
                ],
                [
                    -2.85980331682e-05,
                    -0.000529540935531,
                    -0.00030579106533,
                    -5.32903904968e-05,
                    0.00387937901542,
                    0.000802156573627,
                    -0.0023525217548,
                    -0.000566169270314,
                    -0.00104155647568,
                    -0.000680274795741,
                    0.000460750481579,
                    -0.00110346497968,
                    -0.000495716638397
                ],
                [
                    -0.000209506208193,
                    0.000729512656108,
                    -0.00119581562467,
                    0.000131859109388,
                    0.000802156573627,
                    0.00581602659076,
                    -0.0012392278295,
                    -0.000708586128894,
                    -0.000892978801858,
                    -0.000797954795416,
                    -0.00158118840773,
                    -0.000470916711492,
                    0.000779335328843
                ],
                [
                    6.03848420724e-05,
                    -0.000425723497756,
                    0.000408730615163,
                    -0.000131629116368,
                    -0.0023525217548,
                    -0.0012392278295,
                    0.00525548774749,
                    -0.000738291244488,
                    -0.000204051961191,
                    -0.000205091346288,
                    -0.000833938713185,
                    -0.000638892990537,
                    0.000275142199825
                ],
                [
                    -0.000171844571014,
                    0.00145428918768,
                    -0.00037234876072,
                    0.000159400704433,
                    -0.000566169270314,
                    -0.000708586128894,
                    -0.000738291244488,
                    0.00864881463349,
                    -0.00258926651441,
                    -0.000160197698278,
                    -0.00212148088031,
                    -4.19502066507e-05,
                    -0.000609034148511
                ],
                [
                    0.000345248030499,
                    -0.000717975723092,
                    0.00074161431985,
                    -0.000254331360338,
                    -0.00104155647568,
                    -0.000892978801858,
                    -0.000204051961191,
                    -0.00258926651441,
                    0.008958238177,
                    -0.00380224292167,
                    0.00274633732624,
                    -0.000597929407377,
                    -0.00147654407192
                ],
                [
                    -0.00014424850815,
                    0.00159144005738,
                    -5.90442105022e-05,
                    0.000178853908437,
                    -0.000680274795741,
                    -0.000797954795416,
                    -0.000205091346288,
                    -0.000160197698278,
                    -0.00380224292167,
                    0.0125120375305,
                    -0.00371300568804,
                    0.00116790062748,
                    9.1626890935e-05
                ],
                [
                    0.000348841480445,
                    -0.00218103919178,
                    0.000767363526393,
                    -0.0011077420786,
                    0.000460750481579,
                    -0.00158118840773,
                    -0.000833938713185,
                    -0.00212148088031,
                    0.00274633732624,
                    -0.00371300568804,
                    0.0139554850757,
                    -0.00365062523633,
                    -0.00335499597713
                ],
                [
                    -0.00025475025177,
                    0.00135905528441,
                    -0.000877718615811,
                    0.000264128670096,
                    -0.00110346497968,
                    -0.000470916711492,
                    -0.000638892990537,
                    -4.19502066507e-05,
                    -0.000597929407377,
                    0.00116790062748,
                    -0.00365062523633,
                    0.0127338338643,
                    -0.0022122040391
                ],
                [
                    0.000158478113008,
                    -0.00058926420752,
                    0.000561401655432,
                    -0.00108986138366,
                    -0.000495716638397,
                    0.000779335328843,
                    0.000275142199825,
                    -0.000609034148511,
                    -0.00147654407192,
                    9.1626890935e-05,
                    -0.00335499597713,
                    -0.0022122040391,
                    0.0140209011734
                ]
            ],
            "mean": [
                -55.3175163269,
                105.349754333,
                -115.389099121,
                8.85883140564,
                -65.2695159912,
                14.5748023987,
                -37.9051017761,
                9.75537586212,
                -12.0497665405,
                1.10999917984,
                -12.5684480667,
                -0.574851870537,
                -6.8871512413
            ]
        },
        "hfc": {
            "dmean": 4.59048080444,
            "dmean2": 6.54649782181,
            "dvar": 61.1976127625,
            "dvar2": 118.514183044,
            "max": 150.890548706,
            "mean": 18.9731998444,
            "median": 11.9454078674,
            "min": 1.10191363141e-16,
            "var": 413.949707031
        },
        "melbands": {
            "dmean": [
                0.000905900029466,
                0.000919996469747,
                0.000356283679139,
                0.000286423077341,
                0.000142278251587,
                0.000121769931866,
                0.000196244829567,
                0.000232235572184,
                0.000171824402059,
                0.000138030882226,
                0.000153936009156,
                7.74145955802e-05,
                4.57272326457e-05,
                3.41228442267e-05,
                3.41921986546e-05,
                2.13114035432e-05,
                3.05887224386e-05,
                2.87797338387e-05,
                3.13123418891e-05,
                1.70326911757e-05,
                1.06603374661e-05,
                8.09104676591e-06,
                5.47680429008e-06,
                3.48654975824e-06,
                2.75216711998e-06,
