{
    "lowlevel": {
        "average_loudness": 0.848564088345,
        "barkbands": {
            "dmean": [
                0.000184202217497,
                0.00143711618148,
                0.000723145029042,
                0.000874426623341,
                0.00184045347851,
                0.0014530478511,
                0.000889601011295,
                0.000793478451669,
                0.000826713978313,
                0.000202019087737,
                0.000266299670329,
                0.000285380025161,
                0.000210008598515,
                0.000236999374465,
                0.000276755134109,
                0.000274278922006,
                0.000249758973951,
                7.84637231845e-05,
                7.72723433329e-05,
                5.04666932102e-05,
                1.411192261e-05,
                3.19526843668e-05,
                2.95999343507e-05,
                2.36896812567e-05,
                2.45683877438e-05,
                8.59662486619e-06,
                4.39432401578e-09
            ],
            "dmean2": [
                0.000309080729494,
                0.00240764673799,
                0.00118474499322,
                0.00153178744949,
                0.00304022571072,
                0.00231580226682,
                0.00133740005549,
                0.00119281781372,
                0.00115890207235,
                0.000301621912513,
                0.000387371343095,
                0.000426548649557,
                0.000330098904669,
                0.000369391433196,
                0.000425102916779,
                0.000395003909944,
                0.000368582055671,
                0.000117422328913,
                0.000115237489808,
                7.46766017983e-05,
                2.04055013455e-05,
                4.56792004115e-05,
                4.12811968999e-05,
                3.32260024152e-05,
                3.53848809027e-05,
                1.25283713714e-05,
                8.15566814083e-09
            ],
            "dvar": [
                2.76469421578e-07,
                7.40574159863e-06,
                1.57375927756e-06,
                2.56998646364e-06,
                7.76367778599e-06,
                7.11539769327e-06,
                3.20067442772e-06,
                4.68054213343e-06,
                4.2766050683e-06,
                3.17002275096e-07,
                1.00899342215e-06,
                6.30659485523e-07,
                8.28211057069e-07,
                7.11251004759e-07,
                7.70468204792e-07,
                5.82557959206e-07,
                5.9809542563e-07,
                9.51348866352e-08,
                6.57710970131e-08,
                2.50089868814e-08,
                3.49336093386e-09,
                1.32439348377e-08,
                1.79504251463e-08,
                1.65288902565e-08,
                1.90939193345e-08,
                1.98429495057e-09,
                6.05475794895e-15
            ],
            "dvar2": [
                7.8453081187e-07,
                2.08583860513e-05,
                4.16795001001e-06,
                7.5027787716e-06,
                2.0741181288e-05,
                1.68394744833e-05,
                6.80072753312e-06,
                9.37386357691e-06,
                7.99634108262e-06,
                7.14704697202e-07,
                1.77075173724e-06,
                1.3798942291e-06,
                1.9877570594e-06,
                1.66241488841e-06,
                1.73292949057e-06,
                1.14610736546e-06,
                1.28266378852e-06,
                2.03813669941e-07,
                1.53849271101e-07,
                5.33226831578e-08,
                6.91711488088e-09,
                2.58116390484e-08,
                3.21096109701e-08,
                3.1842514403e-08,
                4.06620515037e-08,
                3.82249609743e-09,
                1.76740031302e-14
            ],
            "max": [
                0.0101160574704,
                0.0553618445992,
                0.0336025506258,
                0.0298360362649,
                0.0578402541578,
                0.0550325848162,
                0.0444675460458,
                0.0563521683216,
                0.0570112355053,
                0.0226380992681,
                0.053232267499,
                0.0279161762446,
                0.0313423760235,
                0.02361398004,
                0.0252263452858,
                0.0226437877864,
                0.0213734582067,
                0.010404555127,
                0.00795243680477,
                0.00405698269606,
                0.00166163488757,
                0.00338019174524,
                0.00464274687693,
                0.00459538120776,
                0.00665811868384,
                0.00171100278385,
                5.07180084242e-06
            ],
            "mean": [
                0.000312173942802,
                0.00326339504682,
                0.00166934449226,
                0.00149491394404,
                0.00430546095595,
                0.00356147601269,
                0.00226846337318,
                0.00157022324856,
                0.00201136199757,
                0.000391864276025,
                0.00053460377967,
                0.00053388660308,
                0.000316948484397,
                0.000374331721105,
                0.000463113072328,
                0.000532497826498,
                0.000514533894602,
                0.000149476705701,
                0.000134479749249,
                8.85829867912e-05,
                2.43218746618e-05,
                5.49215292267e-05,
                5.03442352056e-05,
                3.91043104173e-05,
                3.83500555472e-05,
                1.36415128509e-05,
                3.11203196546e-09
            ],
            "median": [
                1.44758705574e-05,
                0.00158264674246,
                0.000778912974056,
                0.00068242684938,
                0.00301715359092,
                0.00189317169134,
                0.00119694159366,
                0.000465607270598,
                0.000659697223455,
                0.000130769811221,
                0.000163736607647,
                0.000227019438171,
                9.34431518544e-05,
                0.000101307072327,
                9.23351763049e-05,
                7.5793817814e-05,
                3.43866995536e-05,
                1.79189300979e-05,
                1.33765006467e-05,
                7.65094955568e-06,
                2.80601352642e-06,
                3.48640242009e-06,
                2.50385301115e-06,
                2.52601512329e-06,
                2.56416160482e-06,
                1.00724207641e-06,
                4.95336438533e-10
            ],
            "min": [
                5.14474019799e-24,
                2.18506377033e-23,
                1.0602728384e-23,
                2.87660117018e-23,
                6.13184800181e-23,
                7.4138654597e-24,
                2.21569224161e-23,
                1.24958580836e-23,
                2.44044092232e-23,
                2.58943260817e-23,
                6.56119028264e-23,
                9.01408889637e-23,
                6.5798806063e-23,
                6.7031057284e-23,
                8.96371097679e-23,
                1.38674476996e-22,
                1.9570156e-22,
                2.49052677404e-22,
                2.23801807808e-22,
                2.86413129876e-22,
                3.27737829277e-22,
                6.85424806996e-22,
                5.50531662174e-22,
                9.53735813151e-22,
                9.54239775363e-22,
                1.73005976221e-21,
                2.48797409588e-21
            ],
            "var": [
                5.90506203935e-07,
                2.20370038733e-05,
                5.76386992179e-06,
                4.88672776555e-06,
                2.02885767067e-05,
                2.103215229e-05,
                1.12996203825e-05,
                1.496027744e-05,
                1.8284896214e-05,
                7.60195177918e-07,
                3.55863085133e-06,
                1.30095543227e-06,
                1.05797676042e-06,
                1.23702420751e-06,
                1.67985933786e-06,
                1.81534323929e-06,
                2.25652411245e-06,
                2.65298581326e-07,
                1.35445105798e-07,
                6.61701236027e-08,
                7.83053710762e-09,
                3.34256142764e-08,
                4.65415723738e-08,
                3.65544359227e-08,
                3.67937431633e-08,
                3.82828035939e-09,
                3.31647428399e-15
            ]
        },
        "barkbands_crest": {
            "dmean": 2.02662038803,
            "dmean2": 3.37083172798,
            "dvar": 3.54842710495,
            "dvar2": 9.77149105072,
            "max": 24.7682437897,
            "mean": 10.1436710358,
            "median": 9.45964813232,
            "min": 2.84100008011,
            "var": 12.759469986
        },
        "barkbands_flatness_db": {
            "dmean": 0.0181909054518,
            "dmean2": 0.0277803055942,
            "dvar": 0.00030654805596,
            "dvar2": 0.000652572489344,
            "max": 0.586147964001,
            "mean": 0.226977393031,
            "median": 0.210381627083,
            "min": 0.0509550236166,
            "var": 0.00704553583637
        },
        "barkbands_kurtosis": {
            "dmean": 1.77640521526,
            "dmean2": 2.82725691795,
            "dvar": 14.1174373627,
            "dvar2": 30.6341762543,
            "max": 216.672531128,
            "mean": 3.58199214935,
            "median": 2.5445022583,
            "min": -1.88184607029,
            "var": 41.8697547913
        },
        "barkbands_skewness": {
            "dmean": 0.363153725863,
            "dmean2": 0.563955545425,
            "dvar": 0.167348235846,
            "dvar2": 0.378093510866,
            "max": 12.7057886124,
            "mean": 1.34025597572,
            "median": 1.32265138626,
            "min": -2.99407815933,
            "var": 0.77655184269
        },
        "barkbands_spread": {
            "dmean": 2.93036317825,
            "dmean2": 4.3846950531,
            "dvar": 32.0414237976,
            "dvar2": 59.0684394836,
            "max": 136.521728516,
            "mean": 12.8509378433,
            "median": 8.85706710815,
            "min": 0.254802078009,
            "var": 147.408584595
        },
        "dissonance": {
            "dmean": 0.0261508226395,
            "dmean2": 0.0438202396035,
            "dvar": 0.000638235069346,
            "dvar2": 0.00174984964542,
            "max": 0.5,
            "mean": 0.434144407511,
            "median": 0.442534565926,
            "min": 0.158455148339,
            "var": 0.00193665642291
        },
        "dynamic_complexity": 2.44165968895,
        "erbbands": {
            "dmean": [
                0.0563627444208,
                0.291926771402,
                0.725043058395,
                1.79003715515,
                4.55207395554,
                7.7204618454,
                8.93919658661,
                11.309469223,
                9.42385482788,
                18.2025909424,
                17.6423130035,
                18.2755203247,
                8.08935832977,
                6.79760408401,
                8.88515472412,
                10.0092039108,
                9.79166507721,
                9.99783420563,
                10.9925956726,
                16.8006248474,
                13.5419607162,
                15.1295957565,
                4.99081850052,
                2.84107494354,
                4.22593784332,
                2.13072943687,
                0.724335968494,
                0.569407165051,
                1.05841267109,
                1.25357401371,
                0.769004523754,
                0.501538395882,
                0.406101465225,
                0.28869625926,
                0.175585508347,
                0.0584316700697,
                0.0138357607648,
                0.000858319690451,
                1.89015681826e-05,
                6.48312288831e-06
            ],
            "dmean2": [
                0.0950866788626,
                0.489751785994,
                1.19651257992,
                3.06048798561,
                7.65540552139,
                12.7735376358,
                14.743303299,
                17.6128482819,
                14.8016939163,
                26.2015533447,
                25.9177703857,
                25.6209411621,
                11.8885393143,
                9.95652008057,
                12.8847742081,
                14.9261302948,
                14.72407341,
                15.5049114227,
                16.5398578644,
                24.6543560028,
                18.8149013519,
                21.5498752594,
                7.19594430923,
                4.13285207748,
                6.28518247604,
                3.1188659668,
                1.03820753098,
                0.810879468918,
                1.51912152767,
                1.79092991352,
                1.06369948387,
                0.712300896645,
                0.573183059692,
                0.422016769648,
                0.256372064352,
                0.0870304629207,
                0.0198990739882,
                0.00122767721768,
                2.68705862254e-05,
                1.00907564047e-05
            ],
            "dvar": [
                0.017406269908,
                0.254832088947,
                1.37288117409,
                9.77981472015,
                62.4196052551,
                172.242797852,
                301.825073242,
                434.472625732,
                466.745574951,
                1627.46008301,
                2478.98632813,
                2460.0078125,
                376.483551025,
                462.975646973,
                1293.70910645,
                711.103210449,
                1616.17602539,
                1455.14990234,
                1748.80249023,
                2683.16674805,
                1528.4588623,
                2263.0480957,
                292.507629395,
                96.2375106812,
                201.282562256,
                43.265625,
                7.74678087234,
                6.25281906128,
                16.3878059387,
                24.590877533,
                13.0171003342,
                7.95611095428,
                4.50644922256,
                2.4667904377,
                1.1159940958,
                0.104592069983,
                0.00525150122121,
                2.08061264857e-05,
                8.12176992326e-09,
                7.25405638335e-11
            ],
            "dvar2": [
                0.0500732176006,
                0.709556519985,
                3.67522406578,
                28.1673278809,
                161.623519897,
                480.442779541,
                738.496887207,
                969.818054199,
                1126.18579102,
                3064.10253906,
                4956.12744141,
                4539.61572266,
                834.261169434,
                909.214233398,
                2467.96630859,
                1612.31274414,
                3790.15527344,
                3449.93798828,
                3847.6484375,
                5690.43652344,
                2754.31445313,
                4541.14257813,
                609.159423828,
                219.140975952,
                469.3671875,
                90.1122665405,
                15.8877401352,
                12.0786800385,
                32.5181541443,
                51.6061286926,
                22.5319786072,
                14.5250234604,
                9.09821224213,
                5.24972105026,
                2.37454319,
                0.222669914365,
                0.0107091637328,
                4.1377483285e-05,
                1.53024206639e-08,
                1.56047869071e-10
            ],
            "max": [
                2.26281714439,
                10.6572999954,
                27.9940319061,
                53.4160461426,
                160.289520264,
                271.986633301,
                473.702362061,
                487.494262695,
                691.581115723,
                1301.05639648,
                1198.11413574,
                1454.43115234,
                598.716186523,
                770.108947754,
                2063.89770508,
                745.875793457,
                1665.52270508,
                1354.16845703,
                1081.91711426,
                1778.76855469,
                1533.50854492,
                1384.43969727,
                485.75177002,
                351.57598877,
                455.603515625,
                210.538787842,
                85.3441390991,
                79.0977020264,
                128.843154907,
                165.754089355,
                120.218856812,
                105.75793457,
                71.4627380371,
                57.2722473145,
                60.1544151306,
                12.9304323196,
                3.11248421669,
                0.192676573992,
                0.00373117928393,
                0.000300322455587
            ],
            "mean": [
                0.101506978273,
                0.704747676849,
                1.76275908947,
                3.67166280746,
                9.46764183044,
                17.1203365326,
                20.8183517456,
                29.033033371,
                22.6231307983,
                46.1013946533,
                39.4356155396,
                44.2339096069,
                18.8718128204,
                15.4722881317,
                19.1690597534,
                19.7417964935,
                17.4829177856,
                16.929977417,
                19.5575771332,
                31.5061359406,
                29.6080684662,
                32.8490180969,
                10.6279573441,
                5.76579046249,
                7.63020372391,
                3.87867021561,
                1.30426442623,
                0.995715916157,
                1.80989325047,
                2.08503556252,
                1.31492733955,
                0.8184030056,
                0.661972463131,
                0.454446673393,
                0.259639203548,
                0.0883485898376,
                0.0213578492403,
                0.00120349461213,
                4.00632961828e-05,
                3.06129113596e-05
            ],
            "median": [
                0.0293404813856,
                0.36017870903,
                0.940327644348,
                2.14510583878,
                5.58763408661,
                10.8109436035,
                11.0534477234,
                16.2978553772,
                11.8963088989,
                21.8168315887,
                12.7670135498,
                14.0510520935,
                8.50754737854,
                5.96104860306,
                6.6590681076,
                9.01599121094,
                6.92983531952,
                5.04557228088,
                5.08551883698,
                5.26804113388,
                3.41072797775,
                2.20869779587,
                1.18374156952,
                0.842917621136,
                0.644816637039,
                0.36153191328,
                0.151367381215,
                0.107231244445,
                0.119576260448,
                0.106642201543,
                0.0712280645967,
                0.0557218194008,
                0.0342404618859,
                0.0234163701534,
                0.0175561569631,
                0.00736797787249,
                0.00108543760143,
                4.10723296227e-05,
                1.44364630614e-05,
                2.63699621428e-05
            ],
            "min": [
                1.15923486151e-21,
                2.85741060774e-21,
                1.74141196794e-20,
                6.77784232978e-20,
                9.2038797021e-20,
                1.58167143631e-19,
                1.16766017265e-19,
                7.97260649692e-20,
                2.9627505401e-19,
                2.5384265314e-19,
                6.62053752194e-19,
                5.92745581138e-19,
                7.7378791347e-19,
                1.67254586029e-18,
                2.23015420488e-18,
                3.01432742264e-18,
                2.63113538349e-18,
                2.92919771631e-18,
                4.6341226311e-18,
                6.60271529526e-18,
                7.08774422796e-18,
                1.21587592568e-17,
                1.28391980287e-17,
                1.20160672924e-17,
                9.77422998854e-18,
                1.2992899767e-17,
                1.41937492951e-17,
                1.59144570228e-17,
                2.13169191872e-17,
                1.51288074944e-17,
                1.79414713857e-17,
                1.90558441438e-17,
                1.48648855938e-17,
                9.82530011956e-18,
                7.36659342989e-18,
                5.60215431759e-18,
                3.48912516514e-18,
                1.45883340928e-18,
                3.5697522172e-19,
                3.27975271108e-20
            ],
            "var": [
                0.0366301760077,
                0.871030807495,
                4.98180246353,
                20.3441009521,
                143.970565796,
                402.749969482,
                792.223083496,
                1288.48425293,
                1090.66931152,
                6354.95263672,
                8013.47851563,
                10752.1259766,
                1021.75,
                1594.12780762,
                4252.25878906,
                1429.67443848,
                2193.21069336,
                2484.51171875,
                3375.83862305,
                7416.2578125,
                6032.29296875,
                9644.66894531,
                997.26171875,
                247.224243164,
                403.859100342,
                121.263191223,
                17.8397693634,
                14.3916311264,
                39.003704071,
                55.1122016907,
                34.2889862061,
                17.624332428,
                10.3288183212,
                5.13589763641,
                1.94638264179,
                0.179010391235,
                0.00945568550378,
                3.57121134584e-05,
                1.628824009e-08,
                3.70142777539e-10
            ]
        },
        "erbbands_crest": {
            "dmean": 2.02060198784,
            "dmean2": 3.2351629734,
            "dvar": 3.78351187706,
            "dvar2": 9.43869018555,
            "max": 28.5395698547,
            "mean": 9.87634849548,
            "median": 9.00973415375,
            "min": 2.7713162899,
            "var": 14.7013111115
        },
        "erbbands_flatness_db": {
            "dmean": 0.0153281791136,
            "dmean2": 0.0209928099066,
            "dvar": 0.000269062322332,
            "dvar2": 0.000453849526821,
            "max": 0.403349727392,
            "mean": 0.232330873609,
            "median": 0.226240605116,
            "min": 0.0581182911992,
            "var": 0.00445349188522
        },
        "erbbands_kurtosis": {
            "dmean": 0.823629438877,
            "dmean2": 1.28359901905,
            "dvar": 1.95137524605,
            "dvar2": 4.36364793777,
            "max": 88.2310638428,
            "mean": 0.639620006084,
            "median": 0.0548530183733,
            "min": -1.79773235321,
            "var": 6.6955909729
        },
        "erbbands_skewness": {
            "dmean": 0.312048107386,
            "dmean2": 0.468969762325,
            "dvar": 0.10172007978,
            "dvar2": 0.213660508394,
            "max": 7.06401872635,
            "mean": 0.458398550749,
            "median": 0.516914308071,
            "min": -3.42478489876,
            "var": 0.58317309618
        },
        "erbbands_spread": {
            "dmean": 4.51924800873,
            "dmean2": 6.76711845398,
            "dvar": 51.2995529175,
            "dvar2": 108.229354858,
            "max": 131.703643799,
            "mean": 24.9792022705,
            "median": 21.4491615295,
            "min": 1.48940038681,
            "var": 229.525909424
        },
        "gfcc": {
            "cov": [
                [
                    10355.0009766,
                    -3803.75415039,
                    -1641.94580078,
                    1249.39013672,
                    -1323.07751465,
                    328.289367676,
                    -861.089050293,
                    800.886169434,
                    -274.026824951,
                    422.077789307,
                    -529.069824219,
                    532.287963867,
                    -147.237365723
                ],
                [
                    -3803.75415039,
                    3902.03149414,
                    368.444366455,
                    -992.65234375,
                    1038.04589844,
                    -360.314239502,
                    651.559997559,
                    -673.498901367,
                    257.360656738,
                    -378.635192871,
                    492.444915771,
                    -421.071350098,
                    185.338134766
                ],
                [
                    -1641.94580078,
                    368.444366455,
                    1189.5904541,
                    -48.7220230103,
                    72.7785415649,
                    161.679931641,
                    102.40977478,
                    -26.5293979645,
                    -46.2405471802,
                    30.3697776794,
                    16.0434608459,
                    -13.9651098251,
                    -16.1248874664
                ],
                [
                    1249.39013672,
                    -992.65234375,
                    -48.7220230103,
                    750.725158691,
                    -240.420043945,
                    16.8652534485,
                    -100.027374268,
                    228.534973145,
                    13.1306495667,
                    60.0756034851,
                    -47.2637786865,
                    151.93927002,
                    55.4241828918
                ],
                [
                    -1323.07751465,
                    1038.04589844,
                    72.7785415649,
                    -240.420043945,
                    511.650726318,
                    -110.185142517,
                    148.758056641,
                    -155.732940674,
                    84.0648193359,
                    -81.5229263306,
                    135.926757813,
                    -87.3960189819,
                    44.2241210938
                ],
                [
                    328.289367676,
                    -360.314239502,
                    161.679931641,
                    16.8652534485,
                    -110.185142517,
                    273.406433105,
                    -18.6198234558,
                    58.4640579224,
                    -49.8051948547,
                    96.6569900513,
                    -55.0828704834,
                    25.2295074463,
                    -44.6137161255
                ],
                [
                    -861.089050293,
                    651.559997559,
                    102.40977478,
                    -100.027374268,
                    148.758056641,
                    -18.6198234558,
                    313.732147217,
                    -98.5666275024,
                    65.5274887085,
                    -48.220867157,
                    119.100097656,
                    -65.3390731812,
                    40.6468200684
                ],
                [
                    800.886169434,
                    -673.498901367,
                    -26.5293979645,
                    228.534973145,
                    -155.732940674,
                    58.4640579224,
                    -98.5666275024,
                    266.554199219,
                    -7.74466943741,
                    73.5687179565,
                    -79.8478927612,
                    103.686737061,
                    -5.85971641541
                ],
                [
                    -274.026824951,
                    257.360656738,
                    -46.2405471802,
                    13.1306495667,
                    84.0648193359,
                    -49.8051948547,
                    65.5274887085,
                    -7.74466943741,
                    168.132919312,
                    -2.63843750954,
                    47.6008758545,
                    -13.2807435989,
                    50.7273406982
                ],
                [
                    422.077789307,
                    -378.635192871,
                    30.3697776794,
                    60.0756034851,
                    -81.5229263306,
                    96.6569900513,
                    -48.220867157,
                    73.5687179565,
                    -2.63843750954,
                    152.045776367,
                    -36.8385543823,
                    51.2340354919,
                    -26.6378612518
                ],
                [
                    -529.069824219,
                    492.444915771,
                    16.0434608459,
                    -47.2637786865,
                    135.926757813,
                    -55.0828704834,
                    119.100097656,
                    -79.8478927612,
                    47.6008758545,
                    -36.8385543823,
                    170.587417603,
                    -25.0643196106,
                    48.087059021
                ],
                [
                    532.287963867,
                    -421.071350098,
                    -13.9651098251,
                    151.93927002,
                    -87.3960189819,
                    25.2295074463,
                    -65.3390731812,
                    103.686737061,
                    -13.2807435989,
                    51.2340354919,
                    -25.0643196106,
                    157.576599121,
                    13.7389640808
                ],
                [
                    -147.237365723,
                    185.338134766,
                    -16.1248874664,
                    55.4241828918,
                    44.2241210938,
                    -44.6137161255,
                    40.6468200684,
                    -5.85971641541,
                    50.7273406982,
                    -26.6378612518,
                    48.087059021,
                    13.7389640808,
                    116.477813721
                ]
            ],
            "icov": [
                [
                    0.00045571292867,
                    -0.000769047008362,
                    0.000812662707176,
                    -0.000854763959069,
                    0.00099963566754,
                    -0.000588427763432,
                    0.000731429783627,
                    -0.000631812727079,
                    0.000701734505128,
                    -0.000926015258301,
                    0.000806434371043,
                    -0.000901595456526,
                    0.000683062593453
                ],
                [
                    -0.000769047008362,
                    0.00380074931309,
                    -0.00200059893541,
                    0.00307989306748,
                    -0.00350819155574,
                    0.00174438185059,
                    -0.0025019980967,
                    0.00238788384013,
                    -0.00234910962172,
                    0.00338775804266,
                    -0.00340800592676,
                    0.00318812252954,
                    -0.00294021167792
                ],
                [
                    0.000812662707176,
                    -0.00200059893541,
                    0.00259160599671,
                    -0.00199811020866,
                    0.00196822709404,
                    -0.00188275205437,
                    0.00129052065313,
                    -0.00140561943408,
                    0.00188730645459,
                    -0.00212552421726,
                    0.00201556645334,
                    -0.00205328129232,
                    0.00163269392215
                ],
                [
                    -0.000854763959069,
                    0.00307989306748,
                    -0.00199811020866,
                    0.00486666150391,
                    -0.00230918941088,
                    0.00185953185428,
                    -0.00208141165785,
                    0.000778945686761,
                    -0.00235152966343,
                    0.00300516863354,
                    -0.00320050050505,
                    0.00190670986194,
                    -0.00341121340171
                ],
                [
                    0.00099963566754,
                    -0.00350819155574,
                    0.00196822709404,
                    -0.00230918941088,
                    0.00685633067042,
                    -0.00112906296272,
                    0.0023178611882,
                    -0.00195161846932,
                    0.00138490099926,
                    -0.00299884774722,
                    0.00184949289542,
                    -0.00295967212878,
                    0.00257098046131
                ],
                [
                    -0.000588427763432,
                    0.00174438185059,
                    -0.00188275205437,
                    0.00185953185428,
                    -0.00112906296272,
                    0.00686846068129,
                    -0.00216876901686,
                    0.000773869047407,
                    -0.000142394666909,
                    -0.00145930668805,
                    -0.000896786397789,
                    0.00195666449144,
                    -0.000941998150665
                ],
                [
                    0.000731429783627,
                    -0.0025019980967,
                    0.00129052065313,
                    -0.00208141165785,
                    0.0023178611882,
                    -0.00216876901686,
                    0.00698931561783,
                    -0.00131303572562,
                    0.000445330399089,
                    -0.00158912700135,
                    -0.000355147902155,
                    -0.00128202117048,
                    0.00159944710322
                ],
                [
                    -0.000631812727079,
                    0.00238788384013,
                    -0.00140561943408,
                    0.000778945686761,
                    -0.00195161846932,
                    0.000773869047407,
                    -0.00131303572562,
                    0.00864961650223,
                    -0.00239823269658,
                    0.00120343035087,
                    -0.000362944236258,
                    -0.000303395470837,
                    -0.00172743143048
                ],
                [
                    0.000701734505128,
                    -0.00234910962172,
                    0.00188730645459,
                    -0.00235152966343,
                    0.00138490099926,
                    -0.000142394666909,
                    0.000445330399089,
                    -0.00239823269658,
                    0.009920142591,
                    -0.00425649806857,
                    0.00193318305537,
                    -0.00106052611955,
                    -0.000818050233647
                ],
                [
                    -0.000926015258301,
                    0.00338775804266,
                    -0.00212552421726,
                    0.00300516863354,
                    -0.00299884774722,
                    -0.00145930668805,
                    -0.00158912700135,
                    0.00120343035087,
                    -0.00425649806857,
                    0.0136851938441,
                    -0.00353909796104,
                    0.00090871786233,
                    -0.000753203581553
                ],
                [
                    0.000806434371043,
                    -0.00340800592676,
                    0.00201556645334,
                    -0.00320050050505,
                    0.00184949289542,
                    -0.000896786397789,
                    -0.000355147902155,
                    -0.000362944236258,
                    0.00193318305537,
                    -0.00353909796104,
                    0.0133969103917,
                    -0.00391163630411,
                    0.00058336375514
                ],
                [
                    -0.000901595456526,
                    0.00318812252954,
                    -0.00205328129232,
                    0.00190670986194,
                    -0.00295967212878,
                    0.00195666449144,
                    -0.00128202117048,
                    -0.000303395470837,
                    -0.00106052611955,
                    0.00090871786233,
                    -0.00391163630411,
                    0.0129754533991,
                    -0.00434474973008
                ],
                [
                    0.000683062593453,
                    -0.00294021167792,
                    0.00163269392215,
                    -0.00341121340171,
                    0.00257098046131,
                    -0.000941998150665,
                    0.00159944710322,
                    -0.00172743143048,
                    -0.000818050233647,
                    -0.000753203581553,
                    0.00058336375514,
                    -0.00434474973008,
                    0.0144500499591
                ]
            ],
            "mean": [
                -65.967048645,
                160.086700439,
                -110.05355835,
                4.99063920975,
                -49.5764503479,
                3.92083120346,
                -45.2193756104,
                3.66389417648,
                -15.8322658539,
                -2.50452828407,
                -9.83983898163,
                -5.2798781395,
                -6.85641431808
            ]
        },
        "hfc": {
            "dmean": 3.4899725914,
            "dmean2": 4.88554382324,
            "dvar": 32.1977806091,
            "dvar2": 59.9180641174,
            "max": 136.001617432,
            "mean": 14.894238472,
            "median": 9.08194828033,
            "min": 1.14735734608e-16,
            "var": 215.514801025
        },
        "melbands": {
            "dmean": [
                0.000433767825598,
                0.000356220989488,
                0.000370359572116,
                0.000432962522609,
                0.000307634967612,
                0.000259488297161,
                0.000147677972564,
                0.000192677951418,
                0.000154700654093,
                0.000107464991743,
                4.11918808823e-05,
                2.84536781692e-05,
                3.63467697753e-05,
                2.21753925871e-05,
                3.72586546291e-05,
                1.80238766916e-05,
                1.985662675e-05,
                2.04628304346e-05,
                1.88657013496e-05,
                2.01800394279e-05,
                1.68228052644e-05,
                1.81252835318e-05,
                8.45168051455e-06,
                2.79744926956e-06,
                2.31329886446e-06,
                3.36023981617e-06,
