{
    "lowlevel": {
        "average_loudness": 0.905484557152,
        "barkbands": {
            "dmean": [
                0.00146550382487,
                0.0100012244657,
                0.00370832183398,
                0.00196472019888,
                0.00126980722416,
                0.00106600450817,
                0.000570669129957,
                0.000652982096653,
                0.00113298790529,
                0.00076480419375,
                0.000664939929266,
                0.000372972746845,
                0.000360062491382,
                0.000436004105723,
                0.00046582496725,
                0.000332865485689,
                0.000229873490753,
                0.000306702742819,
                0.000201935705263,
                0.000119000898849,
                9.02112224139e-05,
                9.1065041488e-05,
                8.75748883118e-05,
                6.41655860818e-05,
                4.36090558651e-05,
                1.92023544514e-05,
                7.11036818757e-06
            ],
            "dmean2": [
                0.00227310555056,
                0.0160450097173,
                0.00653961207718,
                0.00355286384001,
                0.00213185907342,
                0.00170490867458,
                0.000918613164686,
                0.00103304488584,
                0.00166230008472,
                0.00112782535143,
                0.00101665745024,
                0.000598273996729,
                0.000571759010199,
                0.000695775204804,
                0.00076089927461,
                0.000538644671906,
                0.000364004314179,
                0.000467412173748,
                0.000307910784613,
                0.000183634037967,
                0.000131564651383,
                0.000134697387693,
                0.000121316283185,
                9.22918479773e-05,
                6.16873730905e-05,
                2.52089685091e-05,
                9.79783817456e-06
            ],
            "dvar": [
                9.74594513536e-06,
                0.000408989435527,
                0.000157885850058,
                6.68612119625e-05,
                1.21516777654e-05,
                4.83286339659e-06,
                2.35870993492e-06,
                3.41008399118e-06,
                7.76270644565e-06,
                4.39274708697e-06,
                3.12152997139e-06,
                1.15815657864e-06,
                1.10405278519e-06,
                1.302922783e-06,
                1.18262539672e-06,
                5.49054675503e-07,
                3.10140478632e-07,
                3.81963019436e-07,
                1.93012951399e-07,
                7.66306129663e-08,
                5.51862378018e-08,
                6.02497181035e-08,
                4.3953914286e-08,
                2.4662066167e-08,
                1.28995125692e-08,
                2.47002818199e-09,
                5.76517000805e-10
            ],
            "dvar2": [
                2.32523671002e-05,
                0.00103493162896,
                0.000439655355876,
                0.000191559884115,
                3.25213295582e-05,
                1.18314646897e-05,
                5.74573687118e-06,
                8.02013892098e-06,
                1.55726338562e-05,
                8.43167163112e-06,
                7.04441799826e-06,
                2.81665029433e-06,
                2.44763214141e-06,
                3.04707441501e-06,
                2.96139342026e-06,
                1.38607606459e-06,
                7.17341492873e-07,
                8.4237711917e-07,
                4.12387493043e-07,
                1.73928356162e-07,
                1.0336820111e-07,
                1.28664993326e-07,
                7.88477834135e-08,
                5.35886997e-08,
                2.60005741382e-08,
                4.29629354315e-09,
                1.18128939963e-09
            ],
            "max": [
                0.0362761095166,
                0.223123908043,
                0.148881018162,
                0.0869148820639,
                0.0424994640052,
                0.035617467016,
                0.0383253693581,
                0.0543937087059,
                0.0706729143858,
                0.0615571923554,
                0.0616619102657,
                0.0236544329673,
                0.0274676252156,
                0.0240329969674,
                0.0213707908988,
                0.0122625948861,
                0.0133481454104,
                0.0175766795874,
                0.0124742928892,
                0.00940446089953,
                0.00608262000605,
                0.00735344970599,
                0.00715093128383,
                0.00382486148737,
                0.00272635859437,
                0.00115151435602,
                0.00065819878364
            ],
            "mean": [
                0.0025589519646,
                0.0214580576867,
                0.00413553323597,
                0.00164072285406,
                0.00162510445807,
                0.0018753974,
                0.000809497665614,
                0.000993246329017,
                0.00238523702137,
                0.00169669999741,
                0.00123919069301,
                0.000549601449165,
                0.000585622619838,
                0.000779913330916,
                0.000674435577821,
                0.000507246877532,
                0.000426325685112,
                0.000602785206866,
                0.000369752029656,
                0.00021981127793,
                0.000162514988915,
                0.000169416860444,
                0.000172934524016,
                0.000119813557831,
                7.08677907824e-05,
                3.07626942231e-05,
                1.14327249321e-05
            ],
            "median": [
                0.000173197418917,
                0.0129088358954,
                0.0010205572471,
                0.000258885178482,
                0.000699201773386,
                0.000505363801494,
                0.000209110308788,
                0.000243119007791,
                0.000341316335835,
                0.000187387457117,
                0.000252566183917,
                0.000153310611495,
                0.00013554978068,
                0.000154854351422,
                0.000158629147336,
                0.000148871098645,
                0.000131382868858,
                0.000181736264494,
                0.000133553461637,
                8.74080651556e-05,
                5.13728809892e-05,
                4.53798202216e-05,
                5.02879847772e-05,
                3.77181750082e-05,
                1.84316813829e-05,
                6.64000162942e-06,
                2.07673247132e-06
            ],
            "min": [
                1.40597338074e-24,
                1.18091925309e-24,
                1.94455080884e-24,
                9.58084585596e-25,
                9.54268076536e-24,
                1.07069992296e-23,
                1.90595594682e-23,
                2.1138136956e-23,
                2.52607461348e-23,
                3.11841322782e-23,
                1.78924066268e-23,
                4.29237646321e-23,
                2.7077745235e-23,
                3.49031128862e-23,
                5.93782734662e-23,
                6.39822613466e-23,
                1.00727667369e-22,
                6.25905466267e-23,
                1.48793176894e-22,
                2.09732050734e-22,
                2.79956587356e-22,
                3.12124769971e-22,
                4.24876596045e-22,
                5.57783729896e-22,
                1.00282138925e-21,
                1.47950612863e-21,
                1.89779951003e-21
            ],
            "var": [
                2.8545033274e-05,
                0.000618336547632,
                0.000115898677905,
                4.0625094698e-05,
                1.03024121927e-05,
                1.0345534065e-05,
                3.90287686969e-06,
                6.43364091957e-06,
                3.01488198602e-05,
                2.54960450548e-05,
                8.68404458743e-06,
                1.77028380222e-06,
                2.79449341178e-06,
                4.2079841478e-06,
                1.98037537302e-06,
                1.02442720618e-06,
                1.08223639472e-06,
                1.37321580951e-06,
                4.21739599687e-07,
                1.56873795731e-07,
                1.27545035866e-07,
                1.44565476035e-07,
                1.26022897007e-07,
                4.98606134158e-08,
                2.35894095368e-08,
                5.31681321192e-09,
                1.05621000834e-09
            ]
        },
        "barkbands_crest": {
            "dmean": 2.53578019142,
            "dmean2": 4.03021240234,
            "dvar": 7.22608566284,
            "dvar2": 17.6217765808,
            "max": 26.7497634888,
            "mean": 13.8168544769,
            "median": 12.2450256348,
            "min": 2.72794151306,
            "var": 41.0954055786
        },
        "barkbands_flatness_db": {
            "dmean": 0.0260229762644,
            "dmean2": 0.0378139093518,
            "dvar": 0.00101802812424,
            "dvar2": 0.00204992457293,
            "max": 0.761771202087,
            "mean": 0.194828644395,
            "median": 0.158051639795,
            "min": 0.0165861919522,
            "var": 0.019291030243
        },
        "barkbands_kurtosis": {
            "dmean": 17.496761322,
            "dmean2": 28.208486557,
            "dvar": 5288.11523438,
            "dvar2": 12789.8359375,
            "max": 2273.95654297,
            "mean": 36.2986183167,
            "median": 2.31475639343,
            "min": -1.88538217545,
            "var": 16655.5683594
        },
        "barkbands_skewness": {
            "dmean": 0.95105701685,
            "dmean2": 1.46417117119,
            "dvar": 2.63639688492,
            "dvar2": 6.05280590057,
            "max": 40.0765037537,
            "mean": 2.84382796288,
            "median": 1.58601880074,
            "min": -4.14304018021,
            "var": 17.3663330078
        },
        "barkbands_spread": {
            "dmean": 5.65207672119,
            "dmean2": 8.48138618469,
            "dvar": 62.1785507202,
            "dvar2": 129.815536499,
            "max": 130.254318237,
            "mean": 20.9315681458,
            "median": 19.1223945618,
            "min": 0.0320550352335,
            "var": 247.04776001
        },
        "dissonance": {
            "dmean": 0.0207731090486,
            "dmean2": 0.0344092473388,
            "dvar": 0.000529022829141,
            "dvar2": 0.00140746647958,
            "max": 0.500000178814,
            "mean": 0.459500998259,
            "median": 0.468380331993,
            "min": 0.156067937613,
            "var": 0.00119037588593
        },
        "dynamic_complexity": 3.25096321106,
        "erbbands": {
            "dmean": [
                0.387123882771,
                2.09434056282,
                3.76048183441,
                6.02227163315,
                4.76926851273,
                4.2356133461,
                5.63173627853,
                9.50225639343,
                9.09180641174,
                9.95708656311,
                14.3307409286,
                24.8496112823,
                30.2392559052,
                16.4170761108,
                25.3288917542,
                14.3001861572,
                14.5580444336,
                24.1142063141,
                17.8769931793,
                22.184595108,
                15.6630735397,
                11.2033243179,
                16.1737804413,
                13.3899326324,
                7.20087528229,
                5.15004253387,
                4.36541557312,
                3.0193567276,
                2.87040138245,
                3.53671598434,
                2.28082036972,
                1.42495119572,
                1.04801428318,
                0.555195450783,
                0.286760002375,
                0.0996144413948,
                0.0321538038552,
                0.00875156465918,
                0.00128266494721,
                6.94945410942e-05
            ],
            "dmean2": [
                0.621206700802,
                3.41565418243,
                6.31457614899,
                10.8326568604,
                8.28701114655,
                6.93980646133,
                9.21286582947,
                15.1629667282,
                14.7369022369,
                15.4619512558,
                22.5219345093,
                35.6913032532,
                43.5401535034,
                25.2349395752,
                38.7612571716,
                22.603931427,
                22.5126876831,
                37.913192749,
                28.8639984131,
                36.1990356445,
                24.9758663177,
                17.6673851013,
                24.6392631531,
                20.3818264008,
                10.7643690109,
                7.92402267456,
                6.38265037537,
                4.33406114578,
                4.18895483017,
                5.06628417969,
                3.20122909546,
                2.04271459579,
                1.51993179321,
                0.79151904583,
                0.407331973314,
                0.135078310966,
                0.0424098148942,
                0.0118444589898,
                0.00177887908649,
                0.000100849712908
            ],
            "dvar": [
                0.491475075483,
                21.723859787,
                121.8516922,
                646.169311523,
                279.001190186,
                126.03377533,
                162.884872437,
                441.891967773,
                782.846984863,
                852.285949707,
                1337.33129883,
                3709.22998047,
                6920.84326172,
                2834.25512695,
                4924.06445312,
                1650.15856934,
                1461.18762207,
                3927.87524414,
                1459.46459961,
                2593.671875,
                1207.3560791,
                653.046936035,
                1333.51037598,
                704.070861816,
                323.660644531,
                154.281356812,
                130.884902954,
                71.4222869873,
                68.0765914917,
                78.4494400024,
                29.7266101837,
                15.1710453033,
                6.46750116348,
                2.16864466667,
                0.548535108566,
                0.061207331717,
                0.00741686671972,
                0.000631389615592,
                1.97043482331e-05,
                5.65468312175e-08
            ],
            "dvar2": [
                1.23064279556,
                56.1162338257,
                315.772399902,
                1852.21435547,
                773.73626709,
                327.647491455,
                410.0809021,
                1066.55297852,
                1987.4263916,
                1894.45812988,
                3112.38916016,
                7166.07763672,
                13461.5957031,
                6231.14550781,
                10985.3847656,
                3969.76757812,
                3151.40649414,
                9268.87695312,
                3582.7890625,
                6626.28857422,
                2924.87304688,
                1589.93969727,
                2928.40161133,
                1489.83679199,
                696.448425293,
                360.579559326,
                239.91897583,
                135.99458313,
                137.822921753,
                161.054763794,
                54.2069015503,
                33.0354270935,
                14.0021867752,
                4.57545137405,
                1.08422076702,
                0.108346231282,
                0.0134950438514,
                0.0012559723109,
                4.05667960877e-05,
                1.21750943549e-07
            ],
            "max": [
                7.32765007019,
                50.4228858948,
                151.047012329,
                256.914123535,
                165.076644897,
                181.908279419,
                208.048446655,
                312.341217041,
                642.878662109,
                808.273620605,
                983.153198242,
                1391.26953125,
                2490.83056641,
                2151.35693359,
                1712.72509766,
                1067.65734863,
                1066.54345703,
                1402.6673584,
                679.524108887,
                956.46282959,
                752.987854004,
                742.92956543,
                1016.33288574,
                583.424560547,
                532.904968262,
                474.992645264,
                274.886352539,
                287.633148193,
                282.831604004,
                340.324493408,
                135.915176392,
                139.665542603,
                56.4190635681,
                32.8379211426,
                22.6316566467,
                5.06679821014,
                2.34055566788,
                0.643356025219,
                0.114751279354,
                0.00608329335228
            ],
            "mean": [
                0.739278197289,
                4.31776237488,
                5.36221504211,
                5.8074836731,
                4.65950393677,
                5.69502592087,
                9.38135433197,
                16.3454322815,
                13.748041153,
                16.3838100433,
                24.9474163055,
                54.6761169434,
                74.6204833984,
                32.3387451172,
                46.2896575928,
                24.2531166077,
                26.6817817688,
                47.3352088928,
                28.4351730347,
                35.1376419067,
                27.2582550049,
                22.6032085419,
                32.9354972839,
                27.3948097229,
                14.0014915466,
                9.81925392151,
                8.15934371948,
                5.41460227966,
                5.36924791336,
                7.04012727737,
                4.53416585922,
                2.70228362083,
                1.8519705534,
                0.905280828476,
                0.456784874201,
                0.158322945237,
                0.0512166656554,
                0.0145123377442,
                0.0020278536249,
                0.00013950340508
            ],
            "median": [
                0.37650591135,
                2.31080365181,
                2.52612924576,
                1.29295706749,
                1.44848227501,
                2.1691429615,
                3.27875995636,
                4.06988334656,
                3.72109389305,
                5.09337186813,
                6.6492395401,
                9.11057662964,
                10.0238876343,
                7.74653434753,
                11.5877084732,
                8.42287540436,
                7.92468976974,
                10.3359651566,
                10.0708990097,
                9.56928825378,
                9.22212409973,
                7.78909683228,
                9.82590484619,
                9.63911342621,
                6.02049732208,
                4.14860153198,
                2.66727876663,
                1.69101285934,
                1.50577759743,
                1.77977609634,
                1.42145562172,
                0.820195615292,
                0.558604717255,
                0.258404135704,
                0.101118557155,
                0.035388045013,
                0.0103953396901,
                0.00276748137549,
                0.000388265587389,
                7.06921782694e-05
            ],
            "min": [
                6.28986315201e-23,
                2.96304713564e-22,
                2.91595080169e-21,
                6.8041195314e-21,
                1.84515592639e-20,
                3.93642425752e-20,
                5.07687529327e-20,
                1.0109709035e-19,
                2.44775797198e-19,
                4.47083417965e-19,
                4.07349926488e-19,
                5.24718350959e-19,
                9.8631599694e-19,
                7.36900517837e-19,
                1.37884359648e-18,
                1.93374871483e-18,
                1.42276078655e-18,
                2.06223922887e-18,
                2.30560651843e-18,
                2.82605036187e-18,
                3.70554001521e-18,
                5.64390336388e-18,
                4.9824843694e-18,
                6.03260132398e-18,
                6.60592310167e-18,
                9.39684206895e-18,
                1.18538414578e-17,
                1.03442525564e-17,
                1.02986666328e-17,
                1.23466963463e-17,
                1.19443432887e-17,
                1.25254997075e-17,
                9.30395713079e-18,
                8.57608120514e-18,
                7.76207592538e-18,
                4.41675031947e-18,
                2.49102815172e-18,
                9.80534935037e-19,
                2.67384892237e-19,
                2.59749688834e-20
            ],
            "var": [
                0.859130263329,
                28.8756523132,
                111.530204773,
                403.147064209,
                186.01751709,
                132.644882202,
                320.929962158,
                912.432067871,
                1134.19006348,
                1871.16271973,
                3497.00561523,
                15911.2158203,
                44322.671875,
                7530.03125,
                11950.3837891,
                2937.53149414,
                4118.09521484,
                15551.0996094,
                2472.53881836,
                4652.88037109,
                2656.01342773,
                2493.4753418,
                5264.18554688,
                2139.51660156,
                642.372070312,
                315.211273193,
                292.555358887,
                171.800064087,
                163.534179688,
                234.169616699,
                79.7651748657,
                29.0034732819,
                12.5451183319,
                3.81204605103,
                1.00627553463,
                0.129483118653,
                0.015627771616,
                0.00129805773031,
                3.4583357774e-05,
                9.00147085758e-08
            ]
        },
        "erbbands_crest": {
            "dmean": 2.8162047863,
            "dmean2": 4.52332019806,
            "dvar": 7.40397405624,
            "dvar2": 17.8512153625,
            "max": 32.702922821,
            "mean": 11.472864151,
            "median": 10.0721473694,
            "min": 2.27390050888,
            "var": 33.4384841919
        },
        "erbbands_flatness_db": {
            "dmean": 0.0190333612263,
            "dmean2": 0.0274132136256,
            "dvar": 0.000415052025346,
            "dvar2": 0.000852909462992,
            "max": 0.465161055326,
            "mean": 0.174355611205,
            "median": 0.159669607878,
            "min": 0.0467917881906,
            "var": 0.0054613314569
        },
        "erbbands_kurtosis": {
            "dmean": 1.73687338829,
            "dmean2": 2.77163267136,
            "dvar": 18.2469997406,
            "dvar2": 43.656665802,
            "max": 97.3845977783,
            "mean": 2.64169430733,
            "median": 0.377447485924,
            "min": -1.94234776497,
            "var": 59.2395401001
        },
        "erbbands_skewness": {
            "dmean": 0.443588227034,
            "dmean2": 0.663281261921,
            "dvar": 0.266667544842,
            "dvar2": 0.569444596767,
            "max": 8.40982151031,
            "mean": 0.328653454781,
            "median": 0.181837022305,
            "min": -4.51043558121,
            "var": 1.85860824585
        },
        "erbbands_spread": {
            "dmean": 8.6138086319,
            "dmean2": 12.9593849182,
            "dvar": 133.108825684,
            "dvar2": 299.62399292,
            "max": 203.967437744,
            "mean": 34.9180870056,
            "median": 32.2286224365,
            "min": 1.45025527477,
            "var": 467.320587158
        },
        "gfcc": {
            "cov": [
                [
                    26851.890625,
                    -1767.12512207,
                    -2918.65673828,
                    180.744262695,
                    -2151.76074219,
                    637.580078125,
                    -835.674072266,
                    669.265930176,
                    -304.235595703,
                    168.279281616,
                    -691.39855957,
                    129.074539185,
                    -441.858642578
                ],
                [
                    -1767.12512207,
                    2749.02709961,
                    922.279663086,
                    124.208129883,
                    1015.44421387,
                    46.6290969849,
                    555.678039551,
                    -219.859375,
                    229.324554443,
                    -111.963279724,
                    192.746520996,
                    -129.195724487,
                    177.348236084
                ],
                [
                    -2918.65673828,
                    922.279663086,
                    2138.32714844,
                    478.839172363,
                    767.302856445,
                    217.110168457,
                    409.1953125,
                    -100.359764099,
                    121.903190613,
                    81.4099273682,
                    58.3161735535,
                    -2.39025831223,
                    62.9111061096
                ],
                [
                    180.744262695,
                    124.208129883,
                    478.839172363,
                    663.593078613,
                    244.207580566,
                    44.8422203064,
                    52.1229934692,
                    -8.2083272934,
                    46.7725524902,
                    9.53276157379,
                    -22.0845088959,
                    -3.3512468338,
                    52.3956413269
                ],
                [
                    -2151.76074219,
                    1015.44421387,
                    767.302856445,
                    244.207580566,
                    911.713745117,
                    80.2960891724,
                    331.447631836,
                    -90.0454101562,
                    126.883392334,
                    5.54902553558,
                    45.0533370972,
                    -65.6841659546,
                    110.697372437
                ],
                [
                    637.580078125,
                    46.6290969849,
                    217.110168457,
                    44.8422203064,
                    80.2960891724,
                    479.583587646,
                    284.642730713,
                    51.2098274231,
                    60.4832763672,
                    84.6215744019,
                    3.19727683067,
                    25.0385532379,
                    5.79373264313
                ],
                [
                    -835.674072266,
                    555.678039551,
                    409.1953125,
                    52.1229934692,
                    331.447631836,
                    284.642730713,
                    492.864440918,
                    -8.08341121674,
                    87.0954437256,
                    59.3312759399,
                    67.1307830811,
                    -14.883641243,
                    41.744934082
                ],
                [
                    669.265930176,
                    -219.859375,
                    -100.359764099,
                    -8.2083272934,
                    -90.0454101562,
                    51.2098274231,
                    -8.08341121674,
                    190.184188843,
                    34.5406799316,
                    26.9263000488,
                    -19.8322811127,
                    12.0005741119,
                    -3.65985512733
                ],
                [
                    -304.235595703,
                    229.324554443,
                    121.903190613,
                    46.7725524902,
                    126.883392334,
                    60.4832763672,
                    87.0954437256,
                    34.5406799316,
                    156.150115967,
                    37.3189811707,
                    21.032207489,
                    3.0709707737,
                    55.1047019958
                ],
                [
                    168.279281616,
                    -111.963279724,
                    81.4099273682,
                    9.53276157379,
                    5.54902553558,
                    84.6215744019,
                    59.3312759399,
                    26.9263000488,
                    37.3189811707,
                    143.211517334,
                    15.3408508301,
                    20.291431427,
                    5.62617874146
                ],
                [
                    -691.39855957,
                    192.746520996,
                    58.3161735535,
                    -22.0845088959,
                    45.0533370972,
                    3.19727683067,
                    67.1307830811,
                    -19.8322811127,
                    21.032207489,
                    15.3408508301,
                    159.555465698,
                    36.1110076904,
                    25.4161949158
                ],
                [
                    129.074539185,
                    -129.195724487,
                    -2.39025831223,
                    -3.3512468338,
                    -65.6841659546,
                    25.0385532379,
                    -14.883641243,
                    12.0005741119,
                    3.0709707737,
                    20.291431427,
                    36.1110076904,
                    111.472511292,
                    29.0453033447
                ],
                [
                    -441.858642578,
                    177.348236084,
                    62.9111061096,
                    52.3956413269,
                    110.697372437,
                    5.79373264313,
                    41.744934082,
                    -3.65985512733,
                    55.1047019958,
                    5.62617874146,
                    25.4161949158,
                    29.0453033447,
                    134.265594482
                ]
            ],
            "icov": [
                [
                    9.77769304882e-05,
                    -0.000205537988222,
                    0.000142188713653,
                    -0.000188867255929,
                    0.00020524210413,
                    -0.000250460841926,
                    0.000206506811082,
                    -0.00027184211649,
                    0.000243644986767,
                    -0.000319604005199,
                    0.000440541742137,
                    -0.000279211322777,
                    0.000260728178546
                ],
                [
                    -0.000205537988222,
                    0.00143468251918,
                    -0.000410554086557,
                    0.000590048206504,
                    -0.000970339286141,
                    0.00073681329377,
                    -0.00104510062374,
                    0.00121508038137,
                    -0.00142782449257,
                    0.00175372662488,
                    -0.00169124675449,
                    0.00141955958679,
                    -0.000957492680755
                ],
                [
                    0.000142188713653,
                    -0.000410554086557,
                    0.00102909049019,
                    -0.000687552441377,
                    -0.00017067482986,
                    -0.000437192153186,
                    0.000121295146528,
                    -0.000222103539272,
                    0.000399559212383,
                    -0.000856362108607,
                    0.000720173469745,
                    -0.000909812108148,
                    0.000844549504109
                ],
                [
                    -0.000188867255929,
                    0.000590048206504,
                    -0.000687552441377,
                    0.00233063311316,
                    -0.000786834571045,
                    0.000344105821569,
                    -0.000110849628982,
                    0.000486169941723,
                    -0.000694504764397,
                    0.000892334326636,
                    -0.000611170893535,
                    0.000689140055329,
                    -0.00109243160114
                ],
                [
                    0.00020524210413,
                    -0.000970339286141,
                    -0.00017067482986,
                    -0.000786834571045,
                    0.00315711437725,
                    -0.000170135099324,
                    -0.000419449672336,
                    -0.00024466891773,
                    0.000175328081241,
                    -0.000868426519446,
                    0.00133716268465,
                    0.000326233537635,
                    -0.000486950710183
                ],
                [
                    -0.000250460841926,
                    0.00073681329377,
                    -0.000437192153186,
                    0.000344105821569,
                    -0.000170135099324,
                    0.00458568381146,
                    -0.00323261809535,
                    0.000261439679889,
                    -0.00113341887482,
                    4.9225109251e-05,
                    -0.000170393686858,
                    -0.000313106633257,
                    -0.00020924115961
                ],
                [
                    0.000206506811082,
                    -0.00104510062374,
                    0.000121295146528,
                    -0.000110849628982,
                    -0.000419449672336,
                    -0.00323261809535,
                    0.00565436342731,
                    -0.00089633197058,
                    0.000727376609575,
                    -0.00156417861581,
                    -0.000261671782937,
                    8.61544976942e-05,
                    0.000547251198441
                ],
                [
                    -0.00027184211649,
                    0.00121508038137,
                    -0.000222103539272,
                    0.000486169941723,
                    -0.00024466891773,
                    0.000261439679889,
                    -0.00089633197058,
                    0.00758629199117,
                    -0.00327782332897,
                    0.00100250076503,
                    -0.000891953764949,
                    0.000958315620665,
                    -0.000644530577119
                ],
                [
                    0.000243644986767,
                    -0.00142782449257,
                    0.000399559212383,
                    -0.000694504764397,
                    0.000175328081241,
                    -0.00113341887482,
                    0.000727376609575,
                    -0.00327782332897,
                    0.0108717409894,
                    -0.00338850845583,
                    0.00116716232151,
                    -0.000671911693644,
                    -0.0020350695122
                ],
                [
                    -0.000319604005199,
                    0.00175372662488,
                    -0.000856362108607,
                    0.000892334326636,
                    -0.000868426519446,
                    4.9225109251e-05,
                    -0.00156417861581,
                    0.00100250076503,
                    -0.00338850845583,
                    0.0107097094879,
                    -0.00267327064648,
                    0.000792772043496,
                    -0.000811234640423
                ],
                [
                    0.000440541742137,
                    -0.00169124675449,
                    0.000720173469745,
                    -0.000611170893535,
                    0.00133716268465,
                    -0.000170393686858,
                    -0.000261671782937,
                    -0.000891953764949,
                    0.00116716232151,
                    -0.00267327064648,
                    0.0105012236163,
                    -0.00485703488812,
                    0.00124257837888
                ],
                [
                    -0.000279211322777,
                    0.00141955958679,
                    -0.000909812108148,
                    0.000689140055329,
                    0.000326233537635,
                    -0.000313106633257,
                    8.61544976942e-05,
                    0.000958315620665,
                    -0.000671911693644,
                    0.000792772043496,
                    -0.00485703488812,
                    0.0137871857733,
                    -0.00471325358376
                ],
                [
                    0.000260728178546,
                    -0.000957492680755,
                    0.000844549504109,
                    -0.00109243160114,
                    -0.000486950710183,
                    -0.00020924115961,
                    0.000547251198441,
                    -0.000644530577119,
                    -0.0020350695122,
                    -0.000811234640423,
                    0.00124257837888,
                    -0.00471325358376,
                    0.0114776734263
                ]
            ],
            "mean": [
                -31.0893821716,
                90.5974731445,
                -103.05141449,
                32.1224212646,
                -38.7487373352,
                17.439289093,
                -23.7318973541,
                13.3755130768,
                -12.4682044983,
                0.618352532387,
                -6.16815471649,
                1.53365254402,
                -7.54243612289
            ]
        },
        "hfc": {
            "dmean": 6.23240804672,
            "dmean2": 9.18229389191,
            "dvar": 70.5581588745,
            "dvar2": 140.203262329,
            "max": 198.486740112,
            "mean": 23.6085090637,
            "median": 21.1747245789,
            "min": 1.11008624204e-16,
            "var": 347.1434021
        },
        "melbands": {
            "dmean": [
                0.00301727559417,
                0.00197318033315,
                0.000977764138952,
                0.000305380643113,
                0.000193053943804,
                0.000212943763472,
                0.000131755296024,
                0.000115544986329,
                0.000124149097246,
                0.000169840102899,
                0.000149074068759,
                6.4175503212e-05,
                8.28604315757e-05,
                4.68293910671e-05,
                3.76677671738e-05,
                3.85579878639e-05,
                4.8531434004e-05,
                2.68424610113e-05,
                3.65827108908e-05,
                2.92669228656e-05,
                1.74910219357e-05,
                1.3211397345e-05,
                1.38538061947e-05,
                1.44333343997e-05,
                1.19563355838e-05,
                6.1409805312e-06,
                4.62208299723e-06,
