{
    "lowlevel": {
        "average_loudness": 0.851144433022,
        "barkbands": {
            "dmean": [
                0.000124008627608,
                0.00235588639043,
                0.00181219552178,
                0.000720636162441,
                0.000909628346562,
                0.000758845009841,
                0.000814156839624,
                0.00195225863717,
                0.000773327716161,
                0.000825247145258,
                0.000504187133629,
                0.000824634043965,
                0.000500749214552,
                0.000367609289242,
                0.000506706128363,
                0.000412784575019,
                0.000365532760043,
                0.000307776441332,
                0.00020831276197,
                0.000113846464956,
                8.23288719403e-05,
                9.94946021819e-05,
                0.000103060752735,
                9.34594208957e-05,
                7.71986087784e-05,
                5.93427212152e-05,
                2.20570473175e-05
            ],
            "dmean2": [
                0.000174195258296,
                0.00325866485946,
                0.00319970212877,
                0.00133012235165,
                0.00152695481665,
                0.00124805758242,
                0.00127735629212,
                0.00296423607506,
                0.00118005881086,
                0.00129675422795,
                0.000813676684629,
                0.00130916351918,
                0.000803063099738,
                0.000583092914894,
                0.000812020618469,
                0.000671368907206,
                0.000594099925365,
                0.000496874912642,
                0.000341142324032,
                0.000189171885722,
                0.000134383037221,
                0.000157260292326,
                0.000165229284903,
                0.000144338671817,
                0.000116804912977,
                8.96835044841e-05,
                3.32314775733e-05
            ],
            "dvar": [
                5.42899165623e-08,
                2.98495051538e-05,
                3.32010968123e-05,
                7.3650126069e-06,
                4.68207872473e-06,
                2.76774449048e-06,
                4.58615295429e-06,
                1.58862185344e-05,
                3.7942952531e-06,
                4.33884497397e-06,
                1.76223079507e-06,
                2.67862810688e-06,
                2.08194046536e-06,
                6.74152943247e-07,
                1.1355452898e-06,
                1.0403041415e-06,
                3.9904790583e-07,
                3.43942701875e-07,
                1.87134006069e-07,
                5.32092485628e-08,
                3.5690167266e-08,
                5.80875578748e-08,
                7.09496390527e-08,
                6.6133701182e-08,
                4.2801620026e-08,
                2.92592936546e-08,
                3.89032184245e-09
            ],
            "dvar2": [
                1.13651402955e-07,
                6.01622014074e-05,
                9.34480776777e-05,
                2.15696763917e-05,
                1.30190937853e-05,
                7.19090257917e-06,
                1.05619892565e-05,
                3.45517073583e-05,
                8.77428101376e-06,
                9.86985833151e-06,
                4.29032388638e-06,
                6.17923888058e-06,
                4.49522167401e-06,
                1.51281369654e-06,
                2.65748872152e-06,
                2.68858639174e-06,
                1.03147874597e-06,
                8.22505114684e-07,
                4.71097195032e-07,
                1.44329419527e-07,
                8.87934206162e-08,
                1.30877779725e-07,
                1.61913703778e-07,
                1.41032074907e-07,
                9.29762080659e-08,
                6.96510227272e-08,
                9.28637788888e-09
            ],
            "max": [
                0.0061615393497,
                0.0541223250329,
                0.0532669611275,
                0.0343067497015,
                0.0296434927732,
                0.0302321650088,
                0.0719269439578,
                0.0787307992578,
                0.043921019882,
                0.067381426692,
                0.0436923019588,
                0.0344284325838,
                0.0447662957013,
                0.0253022871912,
                0.0239815358073,
                0.0198611058295,
                0.0111571773887,
                0.0135274445638,
                0.00818702857941,
                0.00579116074368,
                0.00413821870461,
                0.00601848913357,
                0.00672434270382,
                0.00740890530869,
                0.00492701167241,
                0.00357611500658,
                0.00115366466343
            ],
            "mean": [
                0.000361122773029,
                0.00771835772321,
                0.00228768773377,
                0.000643958512228,
                0.00130970973987,
                0.00121398223564,
                0.00124836794566,
                0.00354027887806,
                0.00139626709279,
                0.00131614424754,
                0.000720136449672,
                0.00128244853113,
                0.000749156461097,
                0.00058658409398,
                0.000840543827508,
                0.000657675904222,
                0.000663855811581,
                0.000510149460752,
                0.000396509596612,
                0.000236600346398,
                0.00017819160712,
                0.000212272949284,
                0.000209691701457,
                0.000202651979635,
                0.000167862672242,
                0.00010865512013,
                3.75030176656e-05
            ],
            "median": [
                8.53618403198e-05,
                0.000681563746184,
                0.00027836044319,
                0.000137442984851,
                0.000603002554271,
                0.000568469404243,
                0.000489369384013,
                0.00104841100983,
                0.000440181116574,
                0.000479567999719,
                0.000219861947699,
                0.000482487725094,
                0.000217184075154,
                0.000222297006985,
                0.000290038704406,
                0.000204606418265,
                0.000354342162609,
                0.000252449390246,
                0.000177639987669,
                9.35924181249e-05,
                5.20947360201e-05,
                7.72199055064e-05,
                6.052703975e-05,
                4.82790019305e-05,
                4.43390017608e-05,
                2.97082879115e-05,
                8.88145586941e-06
            ],
            "min": [
                5.61765994409e-25,
                9.01466224048e-24,
                3.81278090282e-24,
                3.99853200802e-24,
                2.42442278609e-23,
                1.66606429218e-23,
                9.86456993571e-24,
                2.22108189709e-23,
                3.05371306518e-23,
                2.82110228115e-23,
                4.25867537871e-23,
                3.26751393425e-23,
                4.55407885971e-23,
                5.69949164123e-23,
                7.96852003082e-23,
                8.55254909992e-23,
                7.44295880766e-23,
                1.33348315356e-22,
                1.78880495903e-22,
                2.17722883538e-22,
                3.56778815802e-22,
                3.79825721625e-22,
                4.90644320989e-22,
                6.66051039496e-22,
                1.02609422483e-21,
                1.48937989037e-21,
                2.13510522814e-21
            ],
            "var": [
                2.69301438038e-07,
                0.000136530696182,
                2.94905039482e-05,
                4.27882378062e-06,
                4.88051318825e-06,
                3.96273026126e-06,
                6.78351807437e-06,
                4.49081126135e-05,
                9.67093001236e-06,
                9.13605799724e-06,
                2.81982124761e-06,
                5.16621867064e-06,
                4.23094934376e-06,
                1.5275052192e-06,
                2.34775666286e-06,
                1.94474182535e-06,
                8.82335314145e-07,
                6.2024946601e-07,
                4.0041160787e-07,
                1.28426435708e-07,
                8.98120120496e-08,
                1.25361353298e-07,
                1.41010758625e-07,
                1.64125935953e-07,
                9.67199795809e-08,
                4.44048069426e-08,
                5.55421886261e-09
            ]
        },
        "barkbands_crest": {
            "dmean": 2.53601551056,
            "dmean2": 3.93965959549,
            "dvar": 6.18714427948,
            "dvar2": 14.0479879379,
            "max": 25.3457717896,
            "mean": 10.8923416138,
            "median": 9.67254829407,
            "min": 2.25490379333,
            "var": 24.4913444519
        },
        "barkbands_flatness_db": {
            "dmean": 0.0186802316457,
            "dmean2": 0.0282491073012,
            "dvar": 0.00039254251169,
            "dvar2": 0.000826493953355,
            "max": 0.419877737761,
            "mean": 0.130810305476,
            "median": 0.11807642132,
            "min": 0.0108428951353,
            "var": 0.00434521352872
        },
        "barkbands_kurtosis": {
            "dmean": 2.14307165146,
            "dmean2": 3.4166533947,
            "dvar": 19.6813278198,
            "dvar2": 52.4349441528,
            "max": 125.994766235,
            "mean": 2.88479042053,
            "median": 1.11961150169,
            "min": -1.89266479015,
            "var": 36.7419967651
        },
        "barkbands_skewness": {
            "dmean": 0.477279245853,
            "dmean2": 0.719188272953,
            "dvar": 0.286938279867,
            "dvar2": 0.656467378139,
            "max": 8.93119335175,
            "mean": 1.27072250843,
            "median": 1.10364723206,
            "min": -4.04329156876,
            "var": 1.14584863186
        },
        "barkbands_spread": {
            "dmean": 5.28958320618,
            "dmean2": 8.06605052948,
            "dvar": 45.005065918,
            "dvar2": 91.8038330078,
            "max": 98.8437042236,
            "mean": 24.3296146393,
            "median": 20.9773101807,
            "min": 0.672326087952,
            "var": 234.306381226
        },
        "dissonance": {
            "dmean": 0.0202863421291,
            "dmean2": 0.0340849682689,
            "dvar": 0.000383884442272,
            "dvar2": 0.00104037672281,
            "max": 0.500000059605,
            "mean": 0.459785968065,
            "median": 0.467531949282,
            "min": 0.235903248191,
            "var": 0.0009560532053
        },
        "dynamic_complexity": 3.7170009613,
        "erbbands": {
            "dmean": [
                0.0835127457976,
                0.578200995922,
                1.88941717148,
                2.35720682144,
                2.49600219727,
                3.20273852348,
                5.24168729782,
                6.22584819794,
                10.3574771881,
                15.3740921021,
                49.5876731873,
                17.493598938,
                18.5563278198,
                26.9553661346,
                21.2325325012,
                34.5630912781,
                22.7007484436,
                17.5604152679,
                26.2064170837,
                20.5962123871,
                24.0527114868,
                16.9016628265,
                16.0096511841,
                10.799987793,
                10.3970003128,
                5.4008231163,
                3.81652808189,
                3.1517291069,
                3.42785644531,
                3.41747426987,
                3.02846860886,
                2.13679385185,
                1.54048621655,
                0.939289987087,
                0.523348808289,
                0.290502876043,
                0.0994385480881,
                0.0232809670269,
                0.00395831279457,
                0.000237300453591
            ],
            "dmean2": [
                0.0969760939479,
                0.841450989246,
                3.26645874977,
                4.27950429916,
                4.41262626648,
                5.28493928909,
                8.5077753067,
                10.2912521362,
                16.5056285858,
                23.7632312775,
                74.7275543213,
                25.9937839508,
                29.4911651611,
                42.0157394409,
                33.6485824585,
                55.0496292114,
                35.9414710999,
                28.5029220581,
                41.2434234619,
                33.839931488,
                38.9212417603,
                27.364616394,
                25.7830810547,
                17.3932266235,
                17.1073894501,
                8.98721408844,
                6.29992580414,
                5.09601926804,
                5.38169050217,
                5.48807096481,
                4.89532232285,
                3.32762861252,
                2.39531302452,
                1.43233513832,
                0.78817909956,
                0.441730469465,
                0.152342379093,
                0.0359022952616,
                0.00615308433771,
                0.000352195929736
            ],
            "dvar": [
                0.0291030425578,
                2.02074360847,
                34.2730636597,
                69.162651062,
                69.5651702881,
                56.4468193054,
                131.147888184,
                216.540863037,
                932.073974609,
                1346.05493164,
                10619.8925781,
                1920.20568848,
                1499.27954102,
                5278.40380859,
                2019.57531738,
                5281.21435547,
                4563.72363281,
                1459.96679688,
                3193.05151367,
                2214.24316406,
                3742.99609375,
                806.997497559,
                841.235351562,
                411.627655029,
                578.849243164,
                142.082519531,
                75.7119293213,
                55.6176147461,
                71.7244033813,
                82.0101623535,
                58.2233963013,
                33.1903495789,
                18.901008606,
                6.64702177048,
                1.86139714718,
                0.715298175812,
                0.0810112729669,
                0.00445240084082,
                0.0001274151291,
                4.60995806861e-07
            ],
            "dvar2": [
                0.0395332686603,
                4.70642948151,
                95.0864944458,
                200.05581665,
                202.114517212,
                149.674041748,
                330.500183105,
                556.87701416,
                2239.06494141,
                2950.03979492,
                22842.7910156,
                4334.59228516,
                3692.8034668,
                11875.2382812,
                4899.3359375,
                12339.9150391,
                9655.20214844,
                3684.04589844,
                7214.39746094,
                5813.73681641,
                9535.13085938,
                2016.95251465,
                2048.04614258,
                937.531188965,
                1500.15429688,
                385.200714111,
                196.941116333,
                131.591384888,
                155.683380127,
                192.236587524,
                136.423980713,
                74.3926849365,
                40.8998718262,
                14.6006202698,
                3.95321297646,
                1.62722659111,
                0.198260247707,
                0.0109325805679,
                0.00031499718898,
                1.05669732875e-06
            ],
            "max": [
                2.03780436516,
                15.0584573746,
                55.8696861267,
                90.808921814,
                101.17616272,
                116.270240784,
                230.508255005,
                341.393218994,
                1054.20080566,
                1511.2244873,
                2101.09619141,
                1230.38391113,
                989.11505127,
                2490.11108398,
                1379.02734375,
                1740.27148438,
                2345.49731445,
                837.696594238,
                1341.29040527,
                957.371582031,
                1265.27636719,
                520.843322754,
                697.977050781,
                486.187103271,
                554.498596191,
                350.583892822,
                243.458267212,
                176.17628479,
                239.655441284,
                277.285003662,
                168.749130249,
                161.137832642,
                131.628829956,
                72.8666763306,
                34.227230072,
                24.8061256409,
                4.26755475998,
                0.935603320599,
                0.171977043152,
                0.0182577576488
            ],
            "mean": [
                0.304374337196,
                1.42120087147,
                2.6198117733,
                2.48916125298,
                2.66155385971,
                4.47093153,
                8.60103034973,
                9.40154457092,
                15.4630842209,
                27.4297485352,
                91.3014297485,
                35.5244178772,
                32.6423988342,
                43.5838165283,
                35.330280304,
                55.0893440247,
                36.6123657227,
                29.9521884918,
                44.4783630371,
                35.1648902893,
                41.3085975647,
                33.1288337708,
                29.6654491425,
                21.6038036346,
                19.5544509888,
                11.4383106232,
                7.82347106934,
                6.91636371613,
                7.26185274124,
                7.02493238449,
                5.98175668716,
                4.53383684158,
                3.18035268784,
                2.01757121086,
                1.11428487301,
                0.550886571407,
                0.178777053952,
                0.0390341170132,
                0.00622187368572,
                0.000443133088993
            ],
            "median": [
                0.0190877914429,
                0.139834851027,
                0.546821951866,
                0.49501144886,
                0.852927327156,
                1.77645254135,
                3.90758109093,
                4.10950469971,
                6.01501083374,
                12.3360071182,
                27.0994682312,
                12.9148521423,
                15.9026956558,
                16.7138729095,
                15.5099430084,
                21.0520248413,
                11.6450061798,
                13.455368042,
                16.0335388184,
                13.0783052444,
                14.9392261505,
                18.2064170837,
                16.1746311188,
                11.4494037628,
                8.88326454163,
                4.70180892944,
                2.54113197327,
                1.94265854359,
                2.6605489254,
                2.39754009247,
                1.57179260254,
                1.14490556717,
                0.704048573971,
                0.4781447649,
                0.30852419138,
                0.149747818708,
                0.0472668521106,
                0.0101280864328,
                0.00144134240691,
                0.00011890103633
            ],
            "min": [
                1.40774437347e-22,
                1.47380007682e-21,
                4.39169897367e-21,
                1.78866352952e-20,
                2.18761112337e-20,
                8.98752479678e-20,
                3.53887576213e-20,
                1.56201025788e-19,
                1.53910743617e-19,
                6.03954860715e-19,
                6.39957431587e-19,
                7.82925415806e-19,
                7.34674368013e-19,
                1.45075506002e-18,
                2.18832885118e-18,
                1.64779671976e-18,
                2.04634764173e-18,
                3.50231580077e-18,
                3.01846828878e-18,
                6.8473461032e-18,
                4.39976209764e-18,
                5.20534833312e-18,
                6.58998498563e-18,
                9.1444080527e-18,
                1.15783721159e-17,
                1.06049600331e-17,
                9.71998348397e-18,
                1.36415466792e-17,
                1.144059195e-17,
                1.19481847154e-17,
                1.21736377545e-17,
                1.29052053872e-17,
                1.15069740213e-17,
                1.00349010693e-17,
                7.66301277522e-18,
                4.88064933701e-18,
                2.5205748364e-18,
                1.14822977761e-18,
                2.96664371735e-19,
                2.80226237937e-20
            ],
            "var": [
                0.238047659397,
                5.07948160172,
                33.4408187866,
                44.8809318542,
                45.8360176086,
                70.8893737793,
                208.533309937,
                303.27130127,
                1154.88305664,
                2802.91870117,
                30079.9511719,
                5798.86962891,
                2899.16748047,
                10506.4404297,
                3648.93212891,
                10101.2646484,
                9968.42578125,
                2483.53051758,
                6804.14746094,
                4130.53466797,
                7638.17089844,
                1959.75415039,
                1671.9597168,
                932.747558594,
                1110.58154297,
                310.842773438,
                174.830322266,
                143.420074463,
                159.474014282,
                144.664733887,
                117.114006042,
                79.804069519,
                41.3039398193,
                14.6920566559,
                4.30992650986,
                1.20489227772,
                0.116623707116,
                0.00585526786745,
                0.000160233015777,
                7.43754128507e-07
            ]
        },
        "erbbands_crest": {
            "dmean": 2.93077158928,
            "dmean2": 4.72508525848,
            "dvar": 7.80456590652,
            "dvar2": 19.4600582123,
            "max": 32.1068840027,
            "mean": 9.92235660553,
            "median": 8.72438621521,
            "min": 2.44055962563,
            "var": 22.8708362579
        },
        "erbbands_flatness_db": {
            "dmean": 0.0165062397718,
            "dmean2": 0.0245044529438,
            "dvar": 0.000257935666014,
            "dvar2": 0.000508955738042,
            "max": 0.39073330164,
            "mean": 0.165008336306,
            "median": 0.158724531531,
            "min": 0.0383796952665,
            "var": 0.00394718069583
        },
        "erbbands_kurtosis": {
            "dmean": 1.00565195084,
            "dmean2": 1.58614349365,
            "dvar": 1.95825409889,
            "dvar2": 4.59178638458,
            "max": 35.8625679016,
            "mean": 0.802878558636,
            "median": 0.153279066086,
            "min": -1.79443895817,
            "var": 5.08517503738
        },
        "erbbands_skewness": {
            "dmean": 0.374786913395,
            "dmean2": 0.567913413048,
            "dvar": 0.125175535679,
            "dvar2": 0.272150725126,
            "max": 5.29243755341,
            "mean": 0.413487076759,
            "median": 0.404474765062,
            "min": -3.30185031891,
            "var": 0.603395581245
        },
        "erbbands_spread": {
            "dmean": 6.60000038147,
            "dmean2": 10.2005214691,
            "dvar": 54.3956222534,
            "dvar2": 119.796661377,
            "max": 135.978622437,
            "mean": 31.8426895142,
            "median": 29.3508529663,
            "min": 2.36895728111,
            "var": 236.133560181
        },
        "gfcc": {
            "cov": [
                [
                    21414.1230469,
                    -3571.21923828,
                    -72.6251525879,
                    801.962768555,
                    -18.0683193207,
                    1711.78271484,
                    238.786590576,
                    734.55065918,
                    -39.4839782715,
                    401.248809814,
                    -297.906860352,
                    11.7750587463,
                    -582.555664062
                ],
                [
                    -3571.21923828,
                    3327.77099609,
                    -375.857330322,
                    90.1740493774,
                    253.862426758,
                    -784.07409668,
                    17.3336963654,
                    -237.696746826,
                    17.2368755341,
                    -404.498962402,
                    20.937789917,
                    -79.8555221558,
                    219.187179565
                ],
                [
                    -72.6251525879,
                    -375.857330322,
                    1122.44958496,
                    366.946289062,
                    187.012924194,
                    566.839294434,
                    147.463394165,
                    187.624237061,
                    132.949569702,
                    198.600906372,
                    74.6690292358,
                    78.3061828613,
                    -21.8972187042
                ],
                [
                    801.962768555,
                    90.1740493774,
                    366.946289062,
                    618.630615234,
                    233.872665405,
                    271.663360596,
                    129.895080566,
                    125.276473999,
                    118.979827881,
                    96.827911377,
                    23.5472812653,
                    34.9487228394,
                    50.0055809021
                ],
                [
                    -18.0683193207,
                    253.862426758,
                    187.012924194,
                    233.872665405,
                    439.847991943,
                    150.466278076,
                    188.088912964,
                    113.294326782,
                    116.073829651,
                    77.0365829468,
                    66.8507461548,
                    34.373046875,
                    70.516418457
                ],
                [
                    1711.78271484,
                    -784.07409668,
                    566.839294434,
                    271.663360596,
                    150.466278076,
                    767.57043457,
                    218.274246216,
                    249.047531128,
                    112.108291626,
                    255.447570801,
                    84.8505935669,
                    45.0973892212,
                    -89.325881958
                ],
                [
                    238.786590576,
                    17.3336963654,
                    147.463394165,
                    129.895080566,
                    188.088912964,
                    218.274246216,
                    315.441162109,
                    151.510360718,
                    92.3997192383,
                    102.856781006,
                    86.9755249023,
                    23.7161483765,
                    30.6263370514
                ],
                [
                    734.55065918,
                    -237.696746826,
                    187.624237061,
                    125.276473999,
                    113.294326782,
                    249.047531128,
                    151.510360718,
                    229.965789795,
                    106.051307678,
                    121.503746033,
                    52.9008674622,
                    31.6349697113,
                    0.394469380379
                ],
                [
                    -39.4839782715,
                    17.2368755341,
                    132.949569702,
                    118.979827881,
                    116.073829651,
                    112.108291626,
                    92.3997192383,
                    106.051307678,
                    180.322616577,
                    103.818077087,
                    60.2053031921,
                    24.9011039734,
                    27.5905609131
                ],
                [
                    401.248809814,
                    -404.498962402,
                    198.600906372,
                    96.827911377,
                    77.0365829468,
                    255.447570801,
                    102.856781006,
                    121.503746033,
                    103.818077087,
                    228.194641113,
                    89.6392745972,
                    38.4169998169,
                    -2.7264881134
                ],
                [
                    -297.906860352,
                    20.937789917,
                    74.6690292358,
                    23.5472812653,
                    66.8507461548,
                    84.8505935669,
                    86.9755249023,
                    52.9008674622,
                    60.2053031921,
                    89.6392745972,
                    147.895217896,
                    59.8845329285,
                    33.955116272
                ],
                [
                    11.7750587463,
                    -79.8555221558,
                    78.3061828613,
                    34.9487228394,
                    34.373046875,
                    45.0973892212,
                    23.7161483765,
                    31.6349697113,
                    24.9011039734,
                    38.4169998169,
                    59.8845329285,
                    115.927330017,
                    49.0605049133
                ],
                [
                    -582.555664062,
                    219.187179565,
                    -21.8972187042,
                    50.0055809021,
                    70.516418457,
                    -89.325881958,
                    30.6263370514,
                    0.394469380379,
                    27.5905609131,
                    -2.7264881134,
                    33.955116272,
                    49.0605049133,
                    136.985534668
                ]
            ],
            "icov": [
                [
                    9.44126295508e-05,
                    4.47926140623e-05,
                    0.000190068210941,
                    -0.000163377000717,
                    -5.33784123036e-06,
                    -0.000186908742762,
                    2.38179218286e-05,
                    -0.000227196607739,
                    0.000110193424916,
                    3.04924196826e-05,
                    0.000246003444772,
                    -0.000209385616472,
                    0.000288479233859
                ],
                [
                    4.47926140623e-05,
                    0.000711845408659,
                    -1.42344206324e-05,
                    -0.000338095822372,
                    -0.000338472571457,
                    0.000479695678223,
                    -0.000259255088167,
                    0.000203803429031,
                    -0.00044457547483,
                    0.00134647462983,
                    -0.000859337451402,
                    0.000686060346197,
                    -0.000199318717932
                ],
                [
                    0.000190068210941,
                    -1.42344206324e-05,
                    0.00200018589385,
                    -0.000716933107469,
                    -8.10790006653e-05,
                    -0.00155822990928,
                    0.000377625547117,
                    -0.000325292319758,
                    -6.90900051268e-05,
                    -7.1368238423e-05,
                    0.000692015688401,
                    -0.00108918605838,
                    0.000585717672948
                ],
                [
                    -0.000163377000717,
                    -0.000338095822372,
                    -0.000716933107469,
                    0.00301102106459,
                    -0.000672248250339,
                    -0.000584318942856,
                    0.00013149039296,
                    0.00032415962778,
                    -0.000804345298093,
                    -0.000338318757713,
                    0.000869544688612,
                    0.00016396396677,
                    -0.00155185407493
                ],
                [
                    -5.33784123036e-06,
                    -0.000338472571457,
                    -8.10790006653e-05,
                    -0.000672248250339,
                    0.00400327285752,
                    -0.000326265348122,
                    -0.00138584419619,
                    -0.000145802827319,
                    -0.000799396133516,
                    -0.000218001194298,
                    0.000175334949745,
                    -0.000110299828521,
                    -0.00105923810042
                ],
                [
                    -0.000186908742762,
                    0.000479695678223,
                    -0.00155822990928,
                    -0.000584318942856,
                    -0.000326265348122,
                    0.00519774900749,
                    -0.00139556033537,
                    -0.00113416207023,
                    0.000714016437996,
                    -0.00158819730859,
                    -0.00112020841334,
                    0.000228267075727,
                    0.00229489104822
                ],
                [
                    2.38179218286e-05,
                    -0.000259255088167,
                    0.000377625547117,
                    0.00013149039296,
                    -0.00138584419619,
                    -0.00139556033537,
                    0.00646407809108,
                    -0.00268851453438,
                    0.000310952804284,
                    6.02769796387e-05,
                    -0.00196759100072,
                    0.00130410818383,
                    -0.00114637275692
                ],
                [
                    -0.000227196607739,
                    0.000203803429031,
                    -0.000325292319758,
                    0.00032415962778,
                    -0.000145802827319,
                    -0.00113416207023,
                    -0.00268851453438,
                    0.0103555060923,
                    -0.00359928188846,
                    -0.000513695355039,
                    0.000340724742273,
                    -0.00040885960334,
                    -0.000779188296292
                ],
                [
                    0.000110193424916,
                    -0.00044457547483,
                    -6.90900051268e-05,
                    -0.000804345298093,
                    -0.000799396133516,
                    0.000714016437996,
                    0.000310952804284,
                    -0.00359928188846,
                    0.0106524070725,
                    -0.0040069911629,
                    -0.000464497046778,
                    6.73669856042e-05,
                    0.000146228310768
                ],
                [
                    3.04924196826e-05,
                    0.00134647462983,
                    -7.1368238423e-05,
                    -0.000338318757713,
                    -0.000218001194298,
                    -0.00158819730859,
                    6.02769796387e-05,
                    -0.000513695355039,
                    -0.0040069911629,
                    0.0126425419003,
                    -0.00539180310443,
                    0.00180680805352,
                    -0.00110002851579
                ],
                [
                    0.000246003444772,
                    -0.000859337451402,
                    0.000692015688401,
                    0.000869544688612,
                    0.000175334949745,
                    -0.00112020841334,
                    -0.00196759100072,
                    0.000340724742273,
                    -0.000464497046778,
                    -0.00539180310443,
                    0.0144341085106,
                    -0.00645710807294,
                    0.000553546764422
                ],
                [
                    -0.000209385616472,
                    0.000686060346197,
                    -0.00108918605838,
                    0.00016396396677,
                    -0.000110299828521,
                    0.000228267075727,
                    0.00130410818383,
                    -0.00040885960334,
                    6.73669856042e-05,
                    0.00180680805352,
                    -0.00645710807294,
                    0.0148587999865,
                    -0.00600556237623
                ],
                [
                    0.000288479233859,
                    -0.000199318717932,
                    0.000585717672948,
                    -0.00155185407493,
                    -0.00105923810042,
                    0.00229489104822,
                    -0.00114637275692,
                    -0.000779188296292,
                    0.000146228310768,
                    -0.00110002851579,
                    0.000553546764422,
                    -0.00600556237623,
                    0.0137684615329
                ]
            ],
            "mean": [
                -8.04571151733,
                70.9313812256,
                -122.556663513,
                6.12129402161,
                -52.7268943787,
                4.43636798859,
                -33.1103935242,
                14.3268795013,
                -14.7365951538,
                0.854264259338,
                -12.5230998993,
                2.91197156906,
                -13.1526527405
            ]
        },
        "hfc": {
            "dmean": 7.60538959503,
            "dmean2": 11.6575641632,
            "dvar": 137.711090088,
            "dvar2": 316.927124023,
            "max": 189.775787354,
            "mean": 27.9914360046,
            "median": 22.3400287628,
            "min": 1.13446960744e-16,
            "var": 581.347045898
        },
        "melbands": {
            "dmean": [
                0.000674810726196,
                0.000851124641486,
                0.000412479392253,
                0.000197572197067,
                0.00017051078612,
                0.000144230914884,
                0.000159447823535,
                0.000201119415578,
                0.000378960015951,
                9.97259558062e-05,
                9.64604041656e-05,
                0.000116088565846,
                7.68598765717e-05,
                9.90504049696e-05,
                6.45034160698e-05,
                4.47376987722e-05,
                3.32789677486e-05,
                4.44443285232e-05,
                2.88818373519e-05,
                2.58954933088e-05,
                3.22062696796e-05,
                1.93034084077e-05,
                1.78879872692e-05,
                1.82912262972e-05,
                8.50439755595e-06,
                9.61557088885e-06,
