{
    "lowlevel": {
        "average_loudness": 0.924668133259,
        "barkbands": {
            "dmean": [
                0.000211232516449,
                0.00277703814209,
                0.00470205536112,
                0.00381609098986,
                0.00273755774833,
                0.00143600208685,
                0.00127965817228,
                0.00100569159258,
                0.00087277329294,
                0.000752899679355,
                0.000653831230011,
                0.000582837266847,
                0.000439970724983,
                0.000439059600467,
                0.000526725547388,
                0.000379681412596,
                0.000457675108919,
                0.000356753531378,
                0.000155385190737,
                5.57146267965e-05,
                5.88735347264e-05,
                4.03203048336e-05,
                5.64042238693e-05,
                8.36574690766e-05,
                6.50272413623e-05,
                1.18215675684e-05,
                9.74471845439e-07
            ],
            "dmean2": [
                0.000370625319192,
                0.00433915527537,
                0.00856077391654,
                0.00659851357341,
                0.00450002541766,
                0.00225394894369,
                0.00211815116927,
                0.00162069452927,
                0.00137343036477,
                0.0011765002273,
                0.00104542588815,
                0.000940670317505,
                0.000721083779354,
                0.000705337501131,
                0.000844041700475,
                0.000596872763708,
                0.000721086806152,
                0.00055322929984,
                0.000244268245297,
                9.22956387512e-05,
                9.2967900855e-05,
                6.13248121226e-05,
                8.30103090266e-05,
                0.000120221928228,
                9.23602565308e-05,
                1.73874177563e-05,
                1.50665266574e-06
            ],
            "dvar": [
                4.08533168184e-07,
                3.09567694785e-05,
                7.40522227716e-05,
                5.4130476201e-05,
                1.80269180419e-05,
                8.36720118969e-06,
                1.0520201613e-05,
                6.15917224422e-06,
                4.64287359137e-06,
                2.59116791312e-06,
                2.41214002017e-06,
                3.83765063816e-06,
                2.6771094781e-06,
                1.32582624701e-06,
                1.38569612318e-06,
                1.11506176381e-06,
                1.14674821816e-06,
                7.16611282314e-07,
                1.14652202399e-07,
                8.91537510483e-09,
                1.97513596589e-08,
                2.49123637275e-08,
                6.84914240878e-08,
                1.64624964327e-07,
                1.0558491681e-07,
                4.37406377785e-09,
                1.80976067465e-10
            ],
            "dvar2": [
                1.27877433442e-06,
                7.28555751266e-05,
                0.000226351476158,
                0.000145668353071,
                4.65492812509e-05,
                1.83817046491e-05,
                2.5187522624e-05,
                1.44175091918e-05,
                1.04665768959e-05,
                5.8539649217e-06,
                5.4767065194e-06,
                9.61423211265e-06,
                6.95804419593e-06,
                3.2264699712e-06,
                3.39126677318e-06,
                2.582004754e-06,
                2.84890074909e-06,
                1.59765977514e-06,
                2.87437273983e-07,
                2.34374724073e-08,
                4.30269402329e-08,
                5.43260618713e-08,
                1.42890897337e-07,
                2.93679931929e-07,
                2.01657002208e-07,
                9.57730428297e-09,
                3.86312815071e-10
            ],
            "max": [
                0.00824855361134,
                0.0714636817575,
                0.0876838564873,
                0.0736672282219,
                0.0649935156107,
                0.0603880211711,
                0.0879689529538,
                0.0629117414355,
                0.0470164939761,
                0.0432633794844,
                0.0401051267982,
                0.0634074136615,
                0.059844840318,
                0.0312454923987,
                0.0246015209705,
                0.0249905586243,
                0.0197445247322,
                0.0205172989517,
                0.0138178560883,
                0.00196388200857,
                0.00449875742197,
                0.00558601040393,
                0.00894132256508,
                0.0129221109673,
                0.0101642888039,
                0.00238826218992,
                0.000883046945091
            ],
            "mean": [
                0.000292507203994,
                0.00511592393741,
                0.00586500950158,
                0.00437237555161,
                0.00391996558756,
                0.00201590056531,
                0.00163508346304,
                0.00126655830536,
                0.00119427207392,
                0.0012320188107,
                0.000975402595941,
                0.000673995295074,
                0.000498399778735,
                0.000538978318218,
                0.000783102179412,
                0.000506432901602,
                0.000663142534904,
                0.000560767250136,
                0.000256030412856,
                0.000119419448311,
                0.000128813859192,
                6.45995969535e-05,
                7.9386663856e-05,
                0.000119223230286,
                8.8362088718e-05,
                1.67701564351e-05,
                1.11033409667e-06
            ],
            "median": [
                3.53351388185e-05,
                0.0010683380533,
                0.00126389414072,
                0.0015423069708,
                0.00193685968406,
                0.000764430325944,
                0.000720170442946,
                0.000466558500193,
                0.00041382224299,
                0.000488765072078,
                0.000425983802415,
                0.000179674825631,
                0.000133209687192,
                0.00011778260523,
                0.000232389487792,
                0.000171392035554,
                0.000226682008361,
                0.000224049756071,
                0.000109738844912,
                5.43074711459e-05,
                6.82240788592e-05,
                2.69941047009e-05,
                1.85766439245e-05,
                1.46928177855e-05,
                1.30140342662e-05,
                3.49280799128e-06,
                1.39607521987e-07
            ],
            "min": [
                1.18401326417e-24,
                1.36703599532e-24,
                1.80160763509e-24,
                5.54062619758e-25,
                1.3124603102e-23,
                1.3202862837e-23,
                8.30272868415e-24,
                6.90362864848e-24,
                1.77196082232e-23,
                1.01146703971e-23,
                2.64312185029e-23,
                2.18180246158e-23,
                3.63519790009e-23,
                2.95241543634e-23,
                5.88227828603e-23,
                7.16465877771e-23,
                8.95306135457e-23,
                8.92206164535e-23,
                1.66247437553e-22,
                2.09593981143e-22,
                3.18941285499e-22,
                3.76604619533e-22,
                3.95544702862e-22,
                6.92187907174e-22,
                9.77686892411e-22,
                1.45236779888e-21,
                1.89849865536e-21
            ],
            "var": [
                5.12027384048e-07,
                6.55652183923e-05,
                9.09925802262e-05,
                5.55906663067e-05,
                2.94627989206e-05,
                1.28979681904e-05,
                1.23582258311e-05,
                8.26767518447e-06,
                6.64150184093e-06,
                4.77551157019e-06,
                3.4611882711e-06,
                3.86627334592e-06,
                2.39553151005e-06,
                1.69311317677e-06,
                2.07480456993e-06,
                1.44729494878e-06,
                1.9323952074e-06,
                1.13016301384e-06,
                1.65626488524e-07,
                2.12415667278e-08,
                6.02630194635e-08,
                3.80110094511e-08,
                1.11689445248e-07,
                3.41239797308e-07,
                1.88438633586e-07,
                6.11494188618e-09,
                2.46196840692e-10
            ]
        },
        "barkbands_crest": {
            "dmean": 2.7607729435,
            "dmean2": 4.61426782608,
            "dvar": 5.67670106888,
            "dvar2": 15.3772249222,
            "max": 25.9792060852,
            "mean": 9.82303714752,
            "median": 9.20230770111,
            "min": 2.78783321381,
            "var": 12.5882349014
        },
        "barkbands_flatness_db": {
            "dmean": 0.0242495182902,
            "dmean2": 0.0389282107353,
            "dvar": 0.000564264308196,
            "dvar2": 0.00138460029848,
            "max": 0.583569467068,
            "mean": 0.160282641649,
            "median": 0.144053682685,
            "min": 0.0218919683248,
            "var": 0.00465553952381
        },
        "barkbands_kurtosis": {
            "dmean": 3.60860157013,
            "dmean2": 5.93489027023,
            "dvar": 41.2721443176,
            "dvar2": 108.009513855,
            "max": 122.165298462,
            "mean": 4.23482131958,
            "median": 1.89298677444,
            "min": -1.95909035206,
            "var": 59.8497428894
        },
        "barkbands_skewness": {
            "dmean": 0.669613718987,
            "dmean2": 1.04975199699,
            "dvar": 0.476709008217,
            "dvar2": 1.14045083523,
            "max": 8.31366825104,
            "mean": 1.43051946163,
            "median": 1.39169216156,
            "min": -6.25107526779,
            "var": 1.71883118153
        },
        "barkbands_spread": {
            "dmean": 5.76555585861,
            "dmean2": 8.84876060486,
            "dvar": 57.441493988,
            "dvar2": 115.306526184,
            "max": 116.095695496,
            "mean": 18.7805519104,
            "median": 16.1927909851,
            "min": 0.476599156857,
            "var": 166.663482666
        },
        "dissonance": {
            "dmean": 0.0227457564324,
            "dmean2": 0.0384156368673,
            "dvar": 0.000677893578541,
            "dvar2": 0.00190961605404,
            "max": 0.5,
            "mean": 0.457311749458,
            "median": 0.468653827906,
            "min": 0.0807057842612,
            "var": 0.00153513532132
        },
        "dynamic_complexity": 4.0451169014,
        "erbbands": {
            "dmean": [
                0.0576433613896,
                0.742496728897,
                4.21545124054,
                10.5594215393,
                10.5595111847,
                8.20878219604,
                8.72570800781,
                12.3175563812,
                14.6935567856,
                22.0929965973,
                21.8115539551,
                19.1885795593,
                24.0424861908,
                25.485124588,
                23.1632289886,
                21.9325847626,
                19.5301570892,
                22.4567718506,
                23.7946929932,
                24.0485458374,
                21.9045143127,
                22.3567504883,
                19.8038101196,
                12.9519662857,
                4.47910118103,
                2.47987222672,
                2.31820487976,
                2.4957652092,
                1.50348436832,
                1.43528401852,
                1.63500487804,
                1.42182135582,
                1.63582313061,
                0.956390917301,
                0.344500571489,
                0.0856888666749,
                0.0162108112127,
                0.0018983973423,
                0.000165949764778,
                2.13925923163e-05
            ],
            "dmean2": [
                0.0914700105786,
                1.19041192532,
                7.65730476379,
                18.5341396332,
                17.8603019714,
                13.7998809814,
                13.8526916504,
                19.3625354767,
                24.0279159546,
                36.6078720093,
                34.6066017151,
                30.139333725,
                37.0424423218,
                40.2234725952,
                36.6326713562,
                34.9711685181,
                31.5460472107,
                35.9742431641,
                37.645526886,
                37.7952346802,
                34.1982498169,
                34.2867546082,
                30.1863899231,
                20.2911682129,
                6.99450063705,
                4.09088468552,
                3.74368071556,
                3.92665910721,
                2.29020380974,
                2.13385057449,
                2.43421030045,
                2.05910301208,
                2.39216351509,
                1.37901008129,
                0.491946488619,
                0.126908913255,
                0.0236720331013,
                0.00268991431221,
                0.000253593345406,
                3.41516933986e-05
            ],
            "dvar": [
                0.0159373618662,
                2.29356908798,
                60.8229179382,
                440.509613037,
                232.391403198,
                186.535293579,
                312.392028809,
                886.581237793,
                1790.71582031,
                2858.55859375,
                2953.90283203,
                2500.58398438,
                2779.08129883,
                2771.32861328,
                4335.78417969,
                5154.61425781,
                4866.44042969,
                3929.73974609,
                2794.91357422,
                3705.53076172,
                3352.29174805,
                2738.52563477,
                2340.21679688,
                740.989624023,
                105.488616943,
                17.3717136383,
                22.29986763,
                45.5042800903,
                33.6145324707,
                46.296710968,
                56.712928772,
                41.5456619263,
                72.8555526733,
                24.2496547699,
                2.9896607399,
                0.234422624111,
                0.00808505155146,
                0.000216663887841,
                5.17604166816e-06,
                2.76533249632e-08
            ],
            "dvar2": [
                0.0358425974846,
                5.7064666748,
                186.538742065,
                1210.8770752,
                608.375244141,
                487.25604248,
                692.423400879,
                1967.5135498,
                4138.55615234,
                7355.07958984,
                6992.90869141,
                5836.55322266,
                5918.41845703,
                6327.5546875,
                9980.03320312,
                12855.2685547,
                12549.09375,
                9843.92578125,
                6766.91210938,
                8674.63671875,
                7986.13574219,
                6285.26464844,
                5157.08007812,
                1801.90136719,
                258.41394043,
                44.8976745605,
                52.0830192566,
                102.322860718,
                73.4820175171,
                101.472229004,
                119.241386414,
                76.7292785645,
                136.467636108,
                45.4994926453,
                6.10493278503,
                0.520406663418,
                0.0177537277341,
                0.000402356119594,
                1.16415421871e-05,
                7.41743590993e-08
            ],
            "max": [
                2.00705766678,
                19.4819507599,
                86.1697311401,
                226.129638672,
                157.763931274,
                268.811340332,
                505.223388672,
                684.141662598,
                1048.08679199,
                1509.56616211,
                1536.19213867,
                1235.81921387,
                1906.59667969,
                1533.48571777,
                1572.37646484,
                1814.63867188,
                3200.15649414,
                1989.00048828,
                1177.63916016,
                1473.06079102,
                1583.80981445,
                1096.22692871,
                1294.60339355,
                808.658203125,
                342.869842529,
                68.2530288696,
                139.705032349,
                256.729431152,
                226.758071899,
                290.504486084,
                245.855377197,
                214.032867432,
                270.19152832,
                155.406234741,
                53.9328575134,
                17.9171657562,
                3.21907639503,
                0.869343698025,
                0.15581920743,
                0.0105291120708
            ],
            "mean": [
                0.1386911273,
                1.20109033585,
                5.62780284882,
                13.1352367401,
                14.6020612717,
                11.1049213409,
                12.074760437,
                16.5096931458,
                19.3214378357,
                28.0149402618,
                29.1492958069,
                27.3353767395,
                38.9638824463,
                42.6418113708,
                32.8481407166,
                27.4019451141,
                23.6748580933,
                29.2927074432,
                34.3051528931,
                36.5584945679,
                32.6184310913,
                33.9415359497,
                31.5471363068,
                22.2257919312,
                8.34853935242,
                5.49624967575,
                5.1442193985,
                4.97716665268,
                2.49974536896,
                2.15219426155,
                2.28229904175,
                2.04354953766,
                2.2459423542,
                1.30197072029,
                0.457934856415,
                0.118233464658,
                0.0232606716454,
                0.00277362670749,
                0.000207282035262,
                4.81282913825e-05
            ],
            "median": [
                0.0215831939131,
                0.286583036184,
                1.63529849052,
                4.42117595673,
                8.29197692871,
                4.98171138763,
                4.45012617111,
                6.02620077133,
                8.88182258606,
                12.2765808105,
                11.359172821,
                10.9796676636,
                15.74376297,
                22.3163013458,
                11.6036109924,
                8.4872379303,
                7.18366146088,
                8.08619880676,
                9.74171638489,
                13.7286701202,
                11.9079227448,
                12.5926837921,
                12.843044281,
                8.99977874756,
                4.36607694626,
                2.49575185776,
                2.9625954628,
                2.37006998062,
                1.10278940201,
                0.742344737053,
                0.49574649334,
                0.277409136295,
                0.242704957724,
                0.17878139019,
                0.0711006075144,
                0.0222700964659,
                0.0049651269801,
                0.000649237539619,
                4.37157068518e-05,
                3.82414509659e-05
            ],
            "min": [
                6.95545412783e-23,
                8.4111197187e-22,
                1.66393923343e-21,
                3.22835486629e-21,
                2.76675759028e-20,
                3.77646756033e-20,
                6.94259538205e-20,
                1.20130406385e-19,
                2.09393056024e-19,
                1.61562461551e-19,
                3.02301633459e-19,
                3.81021258729e-19,
                6.00284298445e-19,
                5.74383360611e-19,
                1.44513261e-18,
                1.47359186238e-18,
                1.39903135292e-18,
                2.04218444171e-18,
                2.20850089119e-18,
                4.40822374172e-18,
                4.5660282959e-18,
                5.44442586403e-18,
                6.26644073365e-18,
                6.33597022722e-18,
                7.797078073e-18,
                9.75273818187e-18,
                1.26704018985e-17,
                1.37368163791e-17,
                1.40857261246e-17,
                8.88522506983e-18,
                1.10792976564e-17,
                1.25080577771e-17,
                1.10406765936e-17,
                1.02401857907e-17,
                6.93550494494e-18,
                4.84937281087e-18,
                2.69419653146e-18,
                1.02202497039e-18,
                2.63114882517e-19,
                2.82863619309e-20
            ],
            "var": [
                0.076246380806,
                3.7127532959,
                77.7134170532,
                476.790618896,
                329.159698486,
                274.046844482,
                475.068359375,
                1254.31115723,
                2086.80029297,
                3119.51977539,
                4025.67163086,
                3411.82397461,
                5564.12841797,
                4588.67431641,
                5770.24365234,
                5379.37402344,
                4503.42578125,
                4558.90527344,
                4233.30419922,
                5094.74316406,
                5102.35644531,
                4359.57958984,
                3678.85131836,
                1374.42541504,
                156.192047119,
                45.0696678162,
                57.1601982117,
                120.301811218,
                50.6728782654,
                69.9182739258,
                92.6107940674,
                85.4347076416,
                138.315139771,
                44.6884040833,
                4.77322149277,
                0.313497394323,
                0.0117717953399,
                0.000384872575523,
                6.53306324239e-06,
                2.30437713356e-08
            ]
        },
        "erbbands_crest": {
            "dmean": 3.0816783905,
            "dmean2": 5.08035993576,
            "dvar": 8.26765918732,
            "dvar2": 21.0844650269,
            "max": 34.8027648926,
            "mean": 9.94067382812,
            "median": 8.64992904663,
            "min": 2.4354724884,
            "var": 25.9612922668
        },
        "erbbands_flatness_db": {
            "dmean": 0.0185243859887,
            "dmean2": 0.0272548273206,
            "dvar": 0.000365234678611,
            "dvar2": 0.000711328582838,
            "max": 0.638969659805,
            "mean": 0.1894980371,
            "median": 0.170616000891,
            "min": 0.0483087748289,
            "var": 0.00573831098154
        },
        "erbbands_kurtosis": {
            "dmean": 1.27095639706,
            "dmean2": 2.03303265572,
            "dvar": 4.80072259903,
            "dvar2": 11.4003314972,
            "max": 87.1069488525,
            "mean": 1.21867513657,
            "median": -0.0339620113373,
            "min": -1.87750041485,
            "var": 41.2100219727
        },
        "erbbands_skewness": {
            "dmean": 0.451279193163,
            "dmean2": 0.683615624905,
            "dvar": 0.207286551595,
            "dvar2": 0.433914214373,
            "max": 5.50582790375,
            "mean": 0.123701363802,
            "median": 0.157491773367,
            "min": -7.44636964798,
            "var": 1.16518414021
        },
        "erbbands_spread": {
            "dmean": 9.04742717743,
            "dmean2": 13.9746789932,
            "dvar": 142.200317383,
            "dvar2": 314.274475098,
            "max": 176.716262817,
            "mean": 34.0615921021,
            "median": 31.4456367493,
            "min": 0.524433076382,
            "var": 411.708282471
        },
        "gfcc": {
            "cov": [
                [
                    22358.5019531,
                    2906.9987793,
                    2304.04589844,
                    3777.62084961,
                    831.385498047,
                    1544.32946777,
                    75.513961792,
                    -131.209503174,
                    -550.945251465,
                    -685.835754395,
                    -306.606994629,
                    -336.927246094,
                    -737.395202637
                ],
                [
                    2906.9987793,
                    1845.1229248,
                    537.258728027,
                    670.798278809,
                    522.295410156,
                    119.500907898,
                    268.315338135,
                    -110.037826538,
                    -41.9133911133,
                    -249.306045532,
                    -24.167634964,
                    -129.655075073,
                    -99.0262069702
                ],
                [
                    2304.04589844,
                    537.258728027,
                    1648.92004395,
                    925.758422852,
                    170.895843506,
                    479.043334961,
                    100.864883423,
                    -5.42484617233,
                    -102.370124817,
                    -124.898872375,
                    -24.3653774261,
                    -63.3446769714,
                    -212.264953613
                ],
                [
                    3777.62084961,
                    670.798278809,
                    925.758422852,
                    1377.55700684,
                    509.634277344,
                    420.78024292,
                    162.789199829,
                    19.8997135162,
                    -35.9523277283,
                    -202.67539978,
                    -127.39427948,
                    -140.70010376,
                    -187.428665161
                ],
                [
                    831.385498047,
                    522.295410156,
                    170.895843506,
                    509.634277344,
                    613.083007812,
                    164.315612793,
                    190.400802612,
                    24.1715049744,
                    77.5352020264,
                    -96.5754165649,
                    -79.9354248047,
                    -105.489967346,
                    -73.6960754395
                ],
                [
                    1544.32946777,
                    119.500907898,
                    479.043334961,
                    420.78024292,
                    164.315612793,
                    385.8800354,
                    112.538925171,
                    9.16400909424,
                    -37.1026496887,
                    -30.1838226318,
                    -18.1968631744,
                    -52.4369926453,
                    -111.388641357
                ],
                [
                    75.513961792,
                    268.315338135,
                    100.864883423,
                    162.789199829,
                    190.400802612,
                    112.538925171,
                    281.473327637,
                    39.4696006775,
                    -5.41031980515,
                    -10.9385766983,
                    -18.1393432617,
                    -50.1496772766,
                    -19.8746814728
                ],
                [
                    -131.209503174,
                    -110.037826538,
                    -5.42484617233,
                    19.8997135162,
                    24.1715049744,
                    9.16400909424,
                    39.4696006775,
                    144.502441406,
                    33.8598556519,
                    23.614402771,
                    6.90953540802,
                    11.0464105606,
                    14.7337331772
                ],
                [
                    -550.945251465,
                    -41.9133911133,
                    -102.370124817,
                    -35.9523277283,
                    77.5352020264,
                    -37.1026496887,
                    -5.41031980515,
                    33.8598556519,
                    201.548095703,
                    7.8774471283,
                    -12.6239204407,
                    -0.0468048192561,
                    -2.08247613907
                ],
                [
                    -685.835754395,
                    -249.306045532,
                    -124.898872375,
                    -202.67539978,
                    -96.5754165649,
                    -30.1838226318,
                    -10.9385766983,
                    23.614402771,
                    7.8774471283,
                    181.711669922,
                    54.3276443481,
                    21.6274642944,
                    45.2289924622
                ],
                [
                    -306.606994629,
                    -24.167634964,
                    -24.3653774261,
                    -127.39427948,
                    -79.9354248047,
                    -18.1968631744,
                    -18.1393432617,
                    6.90953540802,
                    -12.6239204407,
                    54.3276443481,
                    127.410217285,
                    66.2297134399,
                    23.3986225128
                ],
                [
                    -336.927246094,
                    -129.655075073,
                    -63.3446769714,
                    -140.70010376,
                    -105.489967346,
                    -52.4369926453,
                    -50.1496772766,
                    11.0464105606,
                    -0.0468048192561,
                    21.6274642944,
                    66.2297134399,
                    120.532196045,
                    44.8750267029
                ],
                [
                    -737.395202637,
                    -99.0262069702,
                    -212.264953613,
                    -187.428665161,
                    -73.6960754395,
                    -111.388641357,
                    -19.8746814728,
                    14.7337331772,
                    -2.08247613907,
                    45.2289924622,
                    23.3986225128,
                    44.8750267029,
                    135.819656372
                ]
            ],
            "icov": [
                [
                    0.000209278587135,
                    -0.000432884844486,
                    0.000363651372027,
                    -0.000557071820367,
                    0.000456417794339,
                    -0.000783037801739,
                    0.000590106355958,
                    -0.000327515881509,
                    0.000359647179721,
                    -0.000206478594919,
                    0.000451043393696,
                    -0.000392519577872,
                    0.000473789987154
                ],
                [
                    -0.000432884844486,
                    0.00213177222759,
                    -0.00108856800944,
                    0.000970174209215,
                    -0.00163685216103,
                    0.00246736011468,
                    -0.00208807527088,
                    0.00172318250407,
                    -0.000607406429481,
                    0.00165436789393,
                    -0.00237699691206,
                    0.00172713666689,
                    -0.00123687437735
                ],
                [
                    0.000363651372027,
                    -0.00108856800944,
                    0.00203678896651,
                    -0.0016544534592,
                    0.00146611605305,
                    -0.00243435543962,
                    0.00121651764493,
                    -0.000817372754682,
                    0.000752341700718,
                    -0.000541211746167,
                    0.000802180613391,
                    -0.00114061031491,
                    0.00157689570915
                ],
                [
                    -0.000557071820367,
                    0.000970174209215,
                    -0.0016544534592,
                    0.00361802265979,
                    -0.00231405766681,
                    0.00119417742826,
                    -0.00106039515231,
                    0.000234943130636,
                    -0.00055596762104,
                    0.00126304465812,
                    -0.000336886325385,
                    0.00125983124599,
                    -0.00115419842768
                ],
                [
                    0.000456417794339,
                    -0.00163685216103,
                    0.00146611605305,
                    -0.00231405766681,
                    0.00490175466985,
                    -0.00248595816083,
                    0.000187306606676,
                    -0.00108467089012,
                    -0.000789465324488,
                    -0.000434472283814,
                    0.00158636062406,
                    -0.000226937612751,
                    0.00108277192339
                ],
                [
                    -0.000783037801739,
                    0.00246736011468,
                    -0.00243435543962,
                    0.00119417742826,
                    -0.00248595816083,
                    0.00907178223133,
                    -0.0039887893945,
                    0.00188396673184,
                    -0.000637646240648,
                    0.00034660359961,
                    -0.00289141968824,
                    0.00187871814705,
                    0.00044630857883
                ],
                [
                    0.000590106355958,
                    -0.00208807527088,
                    0.00121651764493,
                    -0.00106039515231,
                    0.000187306606676,
                    -0.0039887893945,
                    0.00752686476335,
                    -0.00298361061141,
                    0.00168262317311,
                    -0.00145331770182,
                    0.00182386883534,
                    -0.000358474790119,
                    0.000688717758749
                ],
                [
                    -0.000327515881509,
                    0.00172318250407,
                    -0.000817372754682,
                    0.000234943130636,
                    -0.00108467089012,
                    0.00188396673184,
                    -0.00298361061141,
                    0.00942998938262,
                    -0.00194718444254,
                    0.000204694399145,
                    -0.00175539485645,
                    0.000153787739691,
                    -0.0018244353123
                ],
                [
                    0.000359647179721,
                    -0.000607406429481,
                    0.000752341700718,
                    -0.00055596762104,
                    -0.000789465324488,
                    -0.000637646240648,
                    0.00168262317311,
                    -0.00194718444254,
                    0.00680540408939,
                    -0.000821763940621,
                    0.00148258625995,
                    -0.00140479055699,
                    0.00201117782854
                ],
                [
                    -0.000206478594919,
                    0.00165436789393,
                    -0.000541211746167,
                    0.00126304465812,
                    -0.000434472283814,
                    0.00034660359961,
                    -0.00145331770182,
                    0.000204694399145,
                    -0.000821763940621,
                    0.00951031036675,
                    -0.00495702400804,
                    0.00356441084296,
                    -0.00270733959042
                ],
                [
                    0.000451043393696,
                    -0.00237699691206,
                    0.000802180613391,
                    -0.000336886325385,
                    0.00158636062406,
                    -0.00289141968824,
                    0.00182386883534,
                    -0.00175539485645,
                    0.00148258625995,
                    -0.00495702400804,
                    0.0156374871731,
                    -0.008789206855,
                    0.00233473838307
                ],
                [
                    -0.000392519577872,
                    0.00172713666689,
                    -0.00114061031491,
                    0.00125983124599,
                    -0.000226937612751,
                    0.00187871814705,
                    -0.000358474790119,
                    0.000153787739691,
                    -0.00140479055699,
                    0.00356441084296,
                    -0.008789206855,
                    0.016303870827,
                    -0.00464853085577
                ],
                [
                    0.000473789987154,
                    -0.00123687437735,
                    0.00157689570915,
                    -0.00115419842768,
                    0.00108277192339,
                    0.00044630857883,
                    0.000688717758749,
                    -0.0018244353123,
                    0.00201117782854,
                    -0.00270733959042,
                    0.00233473838307,
                    -0.00464853085577,
                    0.0132231786847
                ]
            ],
            "mean": [
                -37.2399978638,
                97.7377471924,
                -132.402832031,
                17.7682571411,
                -58.74036026,
                5.64959430695,
                -40.7323722839,
                13.4527235031,
                -24.5234184265,
                -2.0451900959,
                -19.6625041962,
                -3.14972519875,
                -6.32752799988
            ]
        },
        "hfc": {
            "dmean": 7.14398956299,
            "dmean2": 9.99691486359,
            "dvar": 115.119659424,
            "dvar2": 211.344512939,
            "max": 213.123260498,
            "mean": 20.7512454987,
            "median": 18.9596691132,
            "min": 1.10572448558e-16,
            "var": 336.872802734
        },
        "melbands": {
            "dmean": [
                0.00063796073664,
                0.00170416710898,
                0.00167875678744,
                0.000709638756234,
                0.00027248589322,
                0.000274038175121,
                0.000237472224399,
                0.00023303591297,
                0.000177804118721,
                0.000124104728457,
                0.000120367418276,
                0.000103222555481,
                7.7926684753e-05,
                6.91672394169e-05,
                4.92370272696e-05,
                4.41344927822e-05,
                4.51075029559e-05,
                3.848106644e-05,
                3.84552149626e-05,
                2.90764237434e-05,
                2.78075149254e-05,
                2.52599202213e-05,
                2.40086355916e-05,
                1.51383337652e-05,
                1.10282553578e-05,
                4.48895298177e-06,
                2.04726143238e-06,
