{
    "lowlevel": {
        "average_loudness": 0.730825722218,
        "barkbands": {
            "dmean": [
                0.0014624815667,
                0.00632169563323,
                0.00158164161257,
                0.00348628382199,
                0.00347183714621,
                0.00198546005413,
                0.000338113750331,
                0.000533511862159,
                0.000513347971719,
                0.000496922468301,
                0.000591513060499,
                0.000340358237736,
                0.000150123218191,
                0.000155129455379,
                0.000151669271872,
                0.000170890649315,
                0.000104505677882,
                0.000103010723251,
                6.16620236542e-05,
                6.44273604848e-05,
                7.06917198841e-05,
                2.97252481687e-05,
                5.65257760172e-05,
                6.96931238053e-05,
                5.12997503392e-05,
                2.79907253571e-05,
                3.73479406335e-06
            ],
            "dmean2": [
                0.00255510606803,
                0.00923342071474,
                0.00299884355627,
                0.00553607754409,
                0.00524424016476,
                0.00303320772946,
                0.000529269629624,
                0.000840381253511,
                0.000762749870773,
                0.000772833940573,
                0.000941406819038,
                0.000506815034896,
                0.000226216958254,
                0.000229511875659,
                0.000223344410188,
                0.000265153328655,
                0.000150995343574,
                0.000152089094627,
                8.46158582135e-05,
                9.50342437136e-05,
                0.000102951591543,
                3.95979877794e-05,
                7.95818850747e-05,
                9.81834236882e-05,
                6.91542518325e-05,
                4.00209137297e-05,
                5.26329222339e-06
            ],
            "dvar": [
                1.10034306999e-05,
                0.000309520866722,
                3.43195169989e-05,
                7.1096495958e-05,
                6.45805266686e-05,
                2.25373059948e-05,
                8.23431321351e-07,
                1.68642259268e-06,
                1.74902481831e-06,
                1.64392236002e-06,
                2.57325996245e-06,
                7.11452855739e-07,
                1.96439557953e-07,
                2.51781926863e-07,
                1.43576869505e-07,
                3.08640807134e-07,
                8.68437126655e-08,
                4.86576503533e-08,
                1.45172833754e-08,
                1.7594469881e-08,
                2.34957830969e-08,
                8.81231088101e-09,
                1.67313807253e-08,
                2.07090504745e-08,
                1.32574387024e-08,
                3.79910858328e-09,
                8.96613200352e-11
            ],
            "dvar2": [
                3.63770741387e-05,
                0.000737536058296,
                0.000100030199974,
                0.000178996226168,
                0.000134357600473,
                4.66025448986e-05,
                1.85150236121e-06,
                4.00001135858e-06,
                3.67611664842e-06,
                3.73202851733e-06,
                6.71376847095e-06,
                1.39885173667e-06,
                4.28266218933e-07,
                5.15472947882e-07,
                3.29850166736e-07,
                7.75479691129e-07,
                1.64973101846e-07,
                1.13567324433e-07,
                2.93963680065e-08,
                3.47357591579e-08,
                5.22494723043e-08,
                1.36012952012e-08,
                3.49590152382e-08,
                4.31169908666e-08,
                2.30578489635e-08,
                8.4050721938e-09,
                2.05536809794e-10
            ],
            "max": [
                0.0635047852993,
                0.246754765511,
                0.0683604329824,
                0.100236073136,
                0.129240721464,
                0.0838983431458,
                0.0220668371767,
                0.0311855264008,
                0.0386901199818,
                0.0355450585485,
                0.0479018688202,
                0.0333199203014,
                0.0157609898597,
                0.0173963531852,
                0.0111400522292,
                0.011811199598,
                0.00894791260362,
                0.00565414456651,
                0.00261211884208,
                0.00415824726224,
                0.0038706259802,
                0.00365835125558,
                0.0033417341765,
                0.00257302518003,
                0.00416488898918,
                0.000987794832326,
                0.000165724311955
            ],
            "mean": [
                0.00293356343172,
                0.0134374108166,
                0.00110495090485,
                0.00316287111491,
                0.00405520759523,
                0.00257385522127,
                0.000474335276522,
                0.000642481609248,
                0.000827780226246,
                0.000721771968529,
                0.000985834049061,
                0.000596029160079,
                0.000239821558353,
                0.000247591553489,
                0.000258732325165,
                0.000266929884674,
                0.000193062456674,
                0.000188440739294,
                8.29265263746e-05,
                0.000106153565866,
                0.000106334548036,
                5.03107112308e-05,
                9.22536346479e-05,
                0.000104741287942,
                7.72465864429e-05,
                3.52599854523e-05,
                4.40231679022e-06
            ],
            "median": [
                0.000414165435359,
                0.00074373325333,
                1.16248047561e-05,
                5.78219624003e-06,
                9.83560894383e-05,
                0.000209815538255,
                4.17649171141e-05,
                6.10706556472e-05,
                0.000120276017697,
                0.000124944053823,
                0.000161467323778,
                0.000136835165904,
                5.42796988157e-05,
                5.09488672833e-05,
                6.95991620887e-05,
                4.69843580504e-05,
                4.59334041807e-05,
                5.45605798834e-05,
                2.38336069742e-05,
                2.61653494817e-05,
                2.3414957468e-05,
                7.3394166975e-06,
                2.89393101411e-05,
                2.4553073672e-05,
                1.60114650498e-05,
                4.3682280193e-06,
                5.0850644584e-07
            ],
            "min": [
                1.93071911894e-24,
                1.48110749102e-23,
                9.13597327049e-24,
                6.2029706755e-24,
                3.71015893429e-23,
                2.50074918075e-23,
                2.86159388032e-23,
                3.82208188844e-23,
                6.27548316434e-23,
                3.95978891904e-23,
                5.89718333952e-23,
                7.63932269527e-23,
                5.14061682204e-23,
                8.87746954719e-23,
                1.16359356414e-22,
                1.36940421887e-22,
                1.647463804e-22,
                1.1763709651e-22,
                2.90747371503e-22,
                2.20355911913e-22,
                4.33723500704e-22,
                5.06066665282e-22,
                7.72618095099e-22,
                8.17629059469e-22,
                1.08875154065e-21,
                1.53318481895e-21,
                2.04831750289e-21
            ],
            "var": [
                2.92581971735e-05,
                0.000507315970026,
                2.52902318607e-05,
                7.57594389142e-05,
                0.000110109409434,
                3.72528484149e-05,
                1.92446236724e-06,
                2.44511284109e-06,
                4.97137989441e-06,
                3.81386257686e-06,
                7.35516232453e-06,
                2.38389475271e-06,
                4.6100177542e-07,
                5.0494207926e-07,
                3.26215769064e-07,
                5.86779947298e-07,
                3.71665578314e-07,
                1.53587365048e-07,
                2.4166975976e-08,
                5.29804360383e-08,
                4.73286263514e-08,
                2.05313988033e-08,
                3.28884404155e-08,
                3.95442540935e-08,
                3.48277389151e-08,
                5.43167377742e-09,
                1.13033721272e-10
            ]
        },
        "barkbands_crest": {
            "dmean": 3.11066842079,
            "dmean2": 4.86772489548,
            "dvar": 10.1277427673,
            "dvar2": 24.0018672943,
            "max": 26.9216842651,
            "mean": 14.1460666656,
            "median": 13.3497514725,
            "min": 2.37754917145,
            "var": 31.3642883301
        },
        "barkbands_flatness_db": {
            "dmean": 0.0353661365807,
            "dmean2": 0.0484397895634,
            "dvar": 0.0014393053716,
            "dvar2": 0.00270398985595,
            "max": 0.769005894661,
            "mean": 0.221239537001,
            "median": 0.208423167467,
            "min": 0.0161649398506,
            "var": 0.00930209085345
        },
        "barkbands_kurtosis": {
            "dmean": 12.4812746048,
            "dmean2": 18.9026088715,
            "dvar": 1833.09509277,
            "dvar2": 3902.24511719,
            "max": 1817.64916992,
            "mean": 20.0444736481,
            "median": 5.14097881317,
            "min": -1.97643947601,
            "var": 3809.86425781
        },
        "barkbands_skewness": {
            "dmean": 1.04822778702,
            "dmean2": 1.50763297081,
            "dvar": 2.20707440376,
            "dvar2": 4.37474632263,
            "max": 29.612953186,
            "mean": 2.53373408318,
            "median": 1.96314263344,
            "min": -9.01168060303,
            "var": 8.43673324585
        },
        "barkbands_spread": {
            "dmean": 5.9590678215,
            "dmean2": 8.78698825836,
            "dvar": 69.6977615356,
            "dvar2": 170.256988525,
            "max": 134.501678467,
            "mean": 16.0760326385,
            "median": 12.7394104004,
            "min": 0.0540537312627,
            "var": 184.514511108
        },
        "dissonance": {
            "dmean": 0.0313948504627,
            "dmean2": 0.0515510030091,
            "dvar": 0.00109324685764,
            "dvar2": 0.00284583261237,
            "max": 0.500000178814,
            "mean": 0.440513849258,
            "median": 0.455069839954,
            "min": 0.0969521924853,
            "var": 0.00280794641003
        },
        "dynamic_complexity": 4.62645339966,
        "erbbands": {
            "dmean": [
                0.310301661491,
                1.02100992203,
                1.67902588844,
                6.68054628372,
                14.3347177505,
                10.2391796112,
                15.1368618011,
                13.8987350464,
                6.49901580811,
                7.85963487625,
                11.1261119843,
                11.3298969269,
                15.7884931564,
                13.9903020859,
                23.296131134,
                13.7888326645,
                6.84909391403,
                8.72949981689,
                6.44023609161,
                7.81338262558,
                8.23585319519,
                5.15407276154,
                5.48628282547,
                4.24090862274,
                2.61976480484,
                2.89677095413,
                3.5333211422,
                2.19672393799,
                0.975384533405,
                1.67512714863,
                1.59316802025,
                1.18108427525,
                1.31224250793,
                0.681214094162,
                0.327580332756,
                0.113714277744,
                0.0616378039122,
                0.00911946129054,
                0.000652307586279,
                4.05162027164e-05
            ],
            "dmean2": [
                0.456976383924,
                1.54533267021,
                3.08931446075,
                11.2219762802,
                22.0302829742,
                15.5719881058,
                21.693687439,
                22.1320972443,
                10.2156219482,
                12.4116678238,
                17.3303356171,
                16.6275806427,
                24.1054267883,
                22.3808898926,
                36.6580924988,
                20.7035636902,
                10.3160657883,
                12.7472648621,
                9.35976314545,
                11.7423362732,
                12.2014665604,
                7.18654632568,
                7.90420722961,
                6.15818738937,
                3.44486904144,
                4.20528507233,
                5.45494365692,
                3.05151081085,
                1.32880294323,
                2.29583120346,
                2.24941706657,
                1.62231206894,
                1.89707410336,
                0.950362920761,
                0.439204663038,
                0.15089122951,
                0.0918799340725,
                0.0137557610869,
                0.000901510589756,
                5.51312950847e-05
            ],
            "dvar": [
                0.684124171734,
                10.1077957153,
                36.1701927185,
                323.782531738,
                1067.96374512,
                724.173461914,
                1875.97265625,
                1045.67199707,
                398.882476807,
                411.293457031,
                812.580505371,
                1081.05285645,
                2019.79345703,
                1167.35168457,
                4774.26416016,
                1176.12133789,
                335.212402344,
                707.349182129,
                319.406982422,
                447.835449219,
                530.201049805,
                194.852233887,
                171.993835449,
                70.9412460327,
                24.1210269928,
                36.3703269958,
                58.5902786255,
                28.3371448517,
                9.66784286499,
                14.7070827484,
                15.582408905,
                6.95059013367,
                8.5772190094,
                2.940346241,
                0.476860284805,
                0.0561476536095,
                0.0236093271524,
                0.000649395165965,
                2.46383615377e-06,
                8.0407058789e-09
            ],
            "dvar2": [
                1.69101524353,
                25.1600341797,
                104.097480774,
                925.917175293,
                2465.76806641,
                1496.11645508,
                3598.0065918,
                2435.05126953,
                895.669067383,
                970.824462891,
                1937.7286377,
                2116.23852539,
                4535.92382813,
                2871.16674805,
                12633.4296875,
                2431.25268555,
                719.36517334,
                1451.92687988,
                727.136108398,
                1083.12036133,
                1244.76757813,
                350.247619629,
                400.828674316,
                161.313690186,
                46.5337944031,
                71.4168243408,
                134.698913574,
                63.4440994263,
                14.9688444138,
                28.2906455994,
                32.84582901,
                13.7753000259,
                19.3044433594,
                5.36630153656,
                0.916747748852,
                0.101040229201,
                0.0584511607885,
                0.00165656104218,
                5.12072892889e-06,
                1.73667782377e-08
            ],
            "max": [
                11.6129398346,
                37.4147987366,
                64.3143539429,
                247.518249512,
                383.072967529,
                504.779846191,
                766.866394043,
                410.275665283,
                547.598632813,
                590.042419434,
                847.311279297,
                1090.5904541,
                1503.98986816,
                753.408508301,
                2297.65917969,
                1300.11120605,
                714.403564453,
                1045.19763184,
                694.121704102,
                491.240386963,
                605.601074219,
                515.195922852,
                371.319580078,
                164.29447937,
                72.554145813,
                162.495285034,
                189.895858765,
                170.430755615,
                112.726280212,
                115.893074036,
                115.846931458,
                69.6616134644,
                60.8680038452,
                68.9891586304,
                17.6755065918,
                9.11396026611,
                2.43392181396,
                0.45217898488,
                0.0278675574809,
                0.00166984531097
            ],
            "mean": [
                0.728022515774,
                1.66719508171,
                1.28489995003,
                5.80500793457,
                14.0426292419,
                11.826002121,
                20.2945671082,
                17.4340629578,
                9.41601276398,
                9.92666625977,
                14.7432107925,
                18.9461536407,
                24.5829639435,
                23.8438282013,
                40.9728927612,
                24.7253074646,
                12.4723081589,
                15.575709343,
                11.115480423,
                13.177485466,
                15.1409187317,
                10.9544868469,
                10.882730484,
                6.14432144165,
                3.87602901459,
                4.76470804214,
                5.26067590714,
                3.35050988197,
                1.78181326389,
                2.56535816193,
                2.57006931305,
                1.87816405296,
                1.8916336298,
                1.00483632088,
                0.487434238195,
                0.147011131048,
                0.0763937607408,
                0.0108621008694,
                0.00081374286674,
                7.07454819349e-05
            ],
            "median": [
                0.0375301986933,
                0.124545410275,
                0.0722301453352,
                0.044972024858,
                0.0813088417053,
                0.295352905989,
                1.28166127205,
                1.57541704178,
                0.901066541672,
                1.2879140377,
                1.89023828506,
                2.85584592819,
                5.00742292404,
                5.0887966156,
                8.46652793884,
                6.51300191879,
                4.07945728302,
                4.29524707794,
                3.714812994,
                3.76274681091,
                3.49881839752,
                2.81863236427,
                3.22008228302,
                1.86290073395,
                1.22724699974,
                1.2230091095,
                1.27868378162,
                0.609389305115,
                0.270037591457,
                0.588587164879,
                0.792684197426,
                0.547184109688,
                0.397716641426,
                0.196709766984,
                0.0932609066367,
                0.0205434691161,
                0.00780867878348,
                0.00125266821124,
                0.000110738765216,
                3.5118067899e-05
            ],
            "min": [
                5.39332513136e-22,
                2.1173038813e-21,
                9.76759989683e-21,
                1.21239434251e-20,
                1.0626212888e-19,
                7.04100984167e-20,
                8.97998194357e-20,
                2.74157769544e-19,
                4.90328782281e-19,
                3.90918035319e-19,
                9.84884250697e-19,
                1.81219555779e-18,
                1.05062442988e-18,
                1.50430673288e-18,
                2.39852123509e-18,
                2.67518357829e-18,
                2.74924105853e-18,
                3.47581127959e-18,
                5.25249101059e-18,
                5.26217853634e-18,
                8.03200398441e-18,
                9.33825286617e-18,
                7.7485713747e-18,
                1.07323739716e-17,
                1.22589523357e-17,
                1.14105975538e-17,
                1.49764772215e-17,
                1.71089604212e-17,
                1.91936954472e-17,
                2.23420176505e-17,
                2.20162921233e-17,
                1.64244717731e-17,
                1.18675089631e-17,
                8.94138318879e-18,
                9.20339926526e-18,
                5.65533334558e-18,
                2.79838220436e-18,
                1.07954462865e-18,
                2.46252004399e-19,
                2.98498496109e-20
            ],
            "var": [
                1.29932522774,
                11.7310771942,
                23.7522583008,
                295.508636475,
                1312.79772949,
                1173.9095459,
                3312.17993164,
                1636.18041992,
                748.690246582,
                743.103149414,
                1290.11132813,
                3530.33666992,
                4996.39941406,
                3091.64208984,
                14242.2226563,
                3798.33691406,
                838.190063477,
                1634.51586914,
                586.721923828,
                1007.45477295,
                1430.18041992,
                1124.02868652,
                636.124755859,
                124.07208252,
                47.672996521,
                92.0611190796,
                110.618759155,
                63.1177406311,
                23.9280796051,
                31.4058551788,
                27.1291713715,
                13.3205451965,
                14.4582433701,
                7.56122255325,
                1.01094019413,
                0.109025470912,
                0.0283513516188,
                0.000672648835462,
                3.5208315694e-06,
                1.20768479661e-08
            ]
        },
        "erbbands_crest": {
            "dmean": 3.5403907299,
            "dmean2": 5.52940702438,
            "dvar": 11.2944784164,
            "dvar2": 24.9736194611,
            "max": 33.3016052246,
            "mean": 12.1780662537,
            "median": 10.9688282013,
            "min": 2.49730801582,
            "var": 35.9474220276
        },
        "erbbands_flatness_db": {
            "dmean": 0.027741484344,
            "dmean2": 0.0374532192945,
            "dvar": 0.000830391363706,
            "dvar2": 0.00144682324026,
            "max": 0.541845142841,
            "mean": 0.201209589839,
            "median": 0.194678276777,
            "min": 0.0424007736146,
            "var": 0.00710885133594
        },
        "erbbands_kurtosis": {
            "dmean": 2.57017493248,
            "dmean2": 3.89605808258,
            "dvar": 32.5456428528,
            "dvar2": 69.3534622192,
            "max": 229.688796997,
            "mean": 3.60450196266,
            "median": 0.984972059727,
            "min": -1.8957234621,
            "var": 96.1746520996
        },
        "erbbands_skewness": {
            "dmean": 0.595137000084,
            "dmean2": 0.878109455109,
            "dvar": 0.409620314837,
            "dvar2": 0.873881399632,
            "max": 13.6622142792,
            "mean": 0.777232527733,
            "median": 0.617927014828,
            "min": -7.71433115005,
            "var": 1.83757781982
        },
        "erbbands_spread": {
            "dmean": 11.4569187164,
            "dmean2": 16.5969409943,
            "dvar": 226.830734253,
            "dvar2": 493.106719971,
            "max": 218.773513794,
            "mean": 34.3109321594,
            "median": 27.4576301575,
            "min": 0.849628448486,
            "var": 659.92767334
        },
        "gfcc": {
            "cov": [
                [
                    16094.0527344,
                    -1234.6953125,
                    340.470947266,
                    938.898376465,
                    95.1525268555,
                    1194.76501465,
                    326.159057617,
                    765.157836914,
                    -174.519561768,
                    259.49621582,
                    -304.662658691,
                    279.839385986,
                    -221.17350769
                ],
                [
                    -1234.6953125,
                    4039.59375,
                    1281.07958984,
                    360.768157959,
                    923.263000488,
                    -360.247558594,
                    501.453552246,
                    -344.653137207,
                    -8.21012783051,
                    -307.783111572,
                    -4.59759902954,
                    -370.260864258,
                    67.4329986572
                ],
                [
                    340.470947266,
                    1281.07958984,
                    2971.38769531,
                    1055.0177002,
                    855.256591797,
                    369.333129883,
                    278.520324707,
                    188.524963379,
                    9.62790393829,
                    89.9790039063,
                    -92.7686767578,
                    -13.992638588,
                    -106.374023438
                ],
                [
                    938.898376465,
                    360.768157959,
                    1055.0177002,
                    1230.4810791,
                    537.454711914,
                    281.148406982,
                    261.957885742,
                    186.208007813,
                    111.811843872,
                    86.321685791,
                    7.67901611328,
                    51.26978302,
                    13.8401575089
                ],
                [
                    95.1525268555,
                    923.263000488,
                    855.256591797,
                    537.454711914,
                    1010.55194092,
                    568.798706055,
                    604.351074219,
                    253.440460205,
                    181.16506958,
                    117.557891846,
                    14.777261734,
                    40.4318733215,
                    -6.11284589767
                ],
                [
                    1194.76501465,
                    -360.247558594,
                    369.333129883,
                    281.148406982,
                    568.798706055,
                    1050.02661133,
                    652.200805664,
                    451.247589111,
                    223.424560547,
                    247.111877441,
                    15.5052509308,
                    133.606048584,
                    -42.9758415222
                ],
                [
                    326.159057617,
                    501.453552246,
                    278.520324707,
                    261.957885742,
                    604.351074219,
                    652.200805664,
                    835.399658203,
                    344.70223999,
                    229.145462036,
                    131.36656189,
                    11.1847400665,
                    22.0503768921,
                    -0.184121891856
                ],
                [
                    765.157836914,
                    -344.653137207,
                    188.524963379,
                    186.208007813,
                    253.440460205,
                    451.247589111,
                    344.70223999,
                    511.036254883,
                    269.519042969,
                    219.348953247,
                    39.6382369995,
                    101.053222656,
                    -6.14169073105
                ],
                [
                    -174.519561768,
                    -8.21012783051,
                    9.62790393829,
                    111.811843872,
                    181.16506958,
                    223.424560547,
                    229.145462036,
                    269.519042969,
                    369.463653564,
                    204.916976929,
                    105.424224854,
                    55.341091156,
                    26.0784015656
                ],
                [
                    259.49621582,
                    -307.783111572,
                    89.9790039063,
                    86.321685791,
                    117.557891846,
                    247.111877441,
                    131.36656189,
                    219.348953247,
                    204.916976929,
                    305.757781982,
                    126.080787659,
                    111.034347534,
                    16.0409584045
                ],
                [
                    -304.662658691,
                    -4.59759902954,
                    -92.7686767578,
                    7.67901611328,
                    14.777261734,
                    15.5052509308,
                    11.1847400665,
                    39.6382369995,
                    105.424224854,
                    126.080787659,
                    268.878051758,
                    141.07359314,
                    85.1599731445
                ],
                [
                    279.839385986,
                    -370.260864258,
                    -13.992638588,
                    51.26978302,
                    40.4318733215,
                    133.606048584,
                    22.0503768921,
                    101.053222656,
                    55.341091156,
                    111.034347534,
                    141.07359314,
                    267.120574951,
                    92.7569732666
                ],
                [
                    -221.17350769,
                    67.4329986572,
                    -106.374023438,
                    13.8401575089,
                    -6.11284589767,
                    -42.9758415222,
                    -0.184121891856,
                    -6.14169073105,
                    26.0784015656,
                    16.0409584045,
                    85.1599731445,
                    92.7569732666,
                    165.499313354
                ]
            ],
            "icov": [
                [
                    9.83690770227e-05,
                    -0.000113245048851,
                    8.13563747215e-05,
                    -0.000138962466735,
                    0.000170345825609,
                    -0.000195808112039,
                    0.000130949381855,
                    -0.000239197703195,
                    0.000262927060248,
                    -0.000159586998052,
                    0.000212898259633,
                    -0.000243533038883,
                    0.000189209575183
                ],
                [
                    -0.000113245048851,
                    0.00112442672253,
                    -0.000499245361425,
                    0.000442660239059,
                    -0.00110537279397,
                    0.00112250482198,
                    -0.00105252023786,
                    0.00095124024665,
                    -0.00070618634345,
                    0.000932907743845,
                    -0.0010604201816,
                    0.00156184553634,
                    -0.000991464359686
                ],
                [
                    8.13563747215e-05,
                    -0.000499245361425,
                    0.000839880551212,
                    -0.00060015154304,
                    3.48407811543e-05,
                    -0.000465179153252,
                    0.000685830309521,
                    -0.000610381131992,
                    0.000712808745448,
                    -0.000671416695695,
                    0.000626042892691,
                    -0.000684759754222,
                    0.000775168591645
                ],
                [
                    -0.000138962466735,
                    0.000442660239059,
                    -0.00060015154304,
                    0.00159266463015,
                    -0.000877732236404,
                    0.000552149489522,
                    -0.000373191578547,
                    0.000369071698515,
                    -0.000657472992316,
                    0.000536406238098,
                    -0.00048958347179,
                    0.000621425861027,
                    -0.000805523770396
                ],
                [
                    0.000170345825609,
                    -0.00110537279397,
                    3.48407811543e-05,
                    -0.000877732236404,
                    0.00372838624753,
                    -0.00163215270732,
                    -0.000305099791149,
                    -0.000497692439239,
                    0.000332268333295,
                    -0.000708385021426,
                    0.000981051591225,
                    -0.00168933102395,
                    0.000927211134695
                ],
                [
                    -0.000195808112039,
                    0.00112250482198,
                    -0.000465179153252,
                    0.000552149489522,
                    -0.00163215270732,
                    0.00403152452782,
                    -0.00256037269719,
                    0.000131015171064,
                    -0.000203712057555,
                    -0.000149090759805,
                    -0.000487700424856,
                    0.000382162485039,
                    7.71250779508e-06
                ],
                [
                    0.000130949381855,
                    -0.00105252023786,
                    0.000685830309521,
                    -0.000373191578547,
                    -0.000305099791149,
                    -0.00256037269719,
                    0.00457141082734,
                    -0.00172031798866,
                    0.000135171620059,
                    -9.28274021135e-05,
                    0.00071160774678,
                    -0.000298644677969,
                    0.000129900145112
                ],
                [
                    -0.000239197703195,
                    0.00095124024665,
                    -0.000610381131992,
                    0.000369071698515,
                    -0.000497692439239,
                    0.000131015171064,
                    -0.00172031798866,
                    0.00616028299555,
                    -0.00338229350746,
                    -0.000207798308111,
                    0.000225290132221,
                    0.000139507537824,
                    -0.000529112876393
                ],
                [
                    0.000262927060248,
                    -0.00070618634345,
                    0.000712808745448,
                    -0.000657472992316,
                    0.000332268333295,
                    -0.000203712057555,
                    0.000135171620059,
                    -0.00338229350746,
                    0.0072685983032,
                    -0.00334340473637,
                    -0.000468289217679,
                    0.000272465258604,
                    0.000253229780355
                ],
                [
                    -0.000159586998052,
                    0.000932907743845,
                    -0.000671416695695,
                    0.000536406238098,
                    -0.000708385021426,
                    -0.000149090759805,
                    -9.28274021135e-05,
                    -0.000207798308111,
                    -0.00334340473637,
                    0.00833817943931,
                    -0.00317749404348,
                    0.000523685652297,
                    -8.23158407002e-05
                ],
                [
                    0.000212898259633,
                    -0.0010604201816,
                    0.000626042892691,
                    -0.00048958347179,
                    0.000981051591225,
                    -0.000487700424856,
                    0.00071160774678,
                    0.000225290132221,
                    -0.000468289217679,
                    -0.00317749404348,
                    0.00815582461655,
                    -0.00441284291446,
                    -0.000263009278569
                ],
                [
                    -0.000243533038883,
                    0.00156184553634,
                    -0.000684759754222,
                    0.000621425861027,
                    -0.00168933102395,
                    0.000382162485039,
                    -0.000298644677969,
                    0.000139507537824,
                    0.000272465258604,
                    0.000523685652297,
                    -0.00441284291446,
                    0.00972933042794,
                    -0.00468821823597
                ],
                [
                    0.000189209575183,
                    -0.000991464359686,
                    0.000775168591645,
                    -0.000805523770396,
                    0.000927211134695,
                    7.71250779508e-06,
                    0.000129900145112,
                    -0.000529112876393,
                    0.000253229780355,
                    -8.23158407002e-05,
                    -0.000263009278569,
                    -0.00468821823597,
                    0.0100125186145
                ]
            ],
            "mean": [
                -81.5543670654,
                61.3673019409,
                -120.292205811,
                9.31245613098,
                -56.4804801941,
                17.1577682495,
                -34.9868431091,
                12.1420154572,
                -19.4893913269,
                2.75911712646,
                -3.77256822586,
                8.80032730103,
                2.41394257545
            ]
        },
        "hfc": {
            "dmean": 5.55290699005,
            "dmean2": 7.6590719223,
            "dvar": 56.2335128784,
            "dvar2": 100.732192993,
            "max": 99.7173995972,
            "mean": 13.8398790359,
            "median": 9.51198959351,
            "min": 1.13540266717e-16,
            "var": 184.885925293
        },
        "melbands": {
            "dmean": [
                0.00219670799561,
                0.0009655241156,
                0.00148210267071,
                0.000821533147246,
                0.000507647637278,
                0.000325830711517,
                9.09533264348e-05,
                9.22244289541e-05,
                9.69460306806e-05,
                7.14450361556e-05,
                7.88389297668e-05,
                5.51236407773e-05,
                8.1491903984e-05,
                3.97188050556e-05,
                2.9283521144e-05,
                1.53652399604e-05,
                1.72898926394e-05,
                1.01198547782e-05,
                1.22852161439e-05,
                1.18026528071e-05,
                9.74898739514e-06,
                6.66064443067e-06,
                4.35773699792e-06,
                5.26464691575e-06,
                3.51794301423e-06,
                2.17858769247e-06,
