{
    "lowlevel": {
        "average_loudness": 0.921947300434,
        "barkbands": {
            "dmean": [
                0.000806580472272,
                0.0104740606621,
                0.00380067597143,
                0.00186309043784,
                0.00187301402912,
                0.00125303328969,
                0.000680137891322,
                0.000925820728298,
                0.000703288533259,
                0.000377773016226,
                0.000411416374845,
                0.000484104355564,
                0.000459140486782,
                0.000482160336105,
                0.000364822190022,
                0.000221332258661,
                0.000199235364562,
                0.000209179124795,
                0.000170105864527,
                0.00015853876539,
                0.000191811879631,
                0.000154942303197,
                0.000193377854885,
                0.000214303203393,
                0.00014849321451,
                6.92419998813e-05,
                8.17673389975e-06
            ],
            "dmean2": [
                0.00116435310338,
                0.0126672368497,
                0.00686359452084,
                0.00348730548285,
                0.00309613347054,
                0.00193386012688,
                0.00101529201493,
                0.00136816047598,
                0.00104690273292,
                0.000546939612832,
                0.00062651745975,
                0.000710286316462,
                0.000716983398888,
                0.000751993677113,
                0.000552113517188,
                0.000349511246895,
                0.000306766480207,
                0.000313277501846,
                0.000275008933386,
                0.000243284172029,
                0.000295180914691,
                0.000234722640016,
                0.00029854074819,
                0.000319908052916,
                0.000220805741264,
                0.000103451951873,
                1.24945881907e-05
            ],
            "dvar": [
                2.41294037551e-06,
                0.000487939658342,
                0.000185230746865,
                4.27078812208e-05,
                1.25980295707e-05,
                4.67228619527e-06,
                2.88087062472e-06,
                4.41308748123e-06,
                3.58166334991e-06,
                1.34365234317e-06,
                2.49943968811e-06,
                1.45941442042e-06,
                1.46883905927e-06,
                1.40679674132e-06,
                1.11849010409e-06,
                2.97107959568e-07,
                2.41735762074e-07,
                2.21240981091e-07,
                2.58059770886e-07,
                1.64488156429e-07,
                2.51304840049e-07,
                1.58264100492e-07,
                2.29066117186e-07,
                3.23350406006e-07,
                1.57644635124e-07,
                3.28210099099e-08,
                7.7254747044e-10
            ],
            "dvar2": [
                4.37031030742e-06,
                0.000768078200053,
                0.000514970859513,
                0.000125807535369,
                3.38290956279e-05,
                1.05377766886e-05,
                6.34618800177e-06,
                8.90695173439e-06,
                7.77045352152e-06,
                2.38877555603e-06,
                6.11374480286e-06,
                2.89719196189e-06,
                3.01797058455e-06,
                2.90532079816e-06,
                2.2874314709e-06,
                6.63347009322e-07,
                5.52055837488e-07,
                4.58920567326e-07,
                6.48625473332e-07,
                3.70043807152e-07,
                5.67552262964e-07,
                3.49266315425e-07,
                4.99422526445e-07,
                7.17070747669e-07,
                3.47321304162e-07,
                7.92175285369e-08,
                1.94157423472e-09
            ],
            "max": [
                0.0178841706365,
                0.218383848667,
                0.125103414059,
                0.0560404732823,
                0.0353081449866,
                0.0416671000421,
                0.0438693091273,
                0.0375120714307,
                0.0410304069519,
                0.0375417768955,
                0.0575180612504,
                0.0285522509366,
                0.0349363237619,
                0.0339124202728,
                0.0254524536431,
                0.0146240536124,
                0.00959121063352,
                0.0111076394096,
                0.00699303019792,
                0.00802009459585,
                0.0108977062628,
                0.00649149855599,
                0.0081732859835,
                0.0155707141384,
                0.0111751481891,
                0.00271252449602,
                0.000461922958493
            ],
            "mean": [
                0.00145986652933,
                0.0237825959921,
                0.00323797552846,
                0.00146512011997,
                0.0029215910472,
                0.00258592050523,
                0.00147181516513,
                0.00191990938038,
                0.00139891717117,
                0.000721598626114,
                0.000741799187381,
                0.000868633331265,
                0.000645207066555,
                0.000710113032255,
                0.000686359766405,
                0.000316441291943,
                0.000290401396342,
                0.00033445697045,
                0.000194420499611,
                0.000187771132914,
                0.000233937520534,
                0.000200268535991,
                0.000247426185524,
                0.000254502141615,
                0.00017486399156,
                7.57785892347e-05,
                7.55023938837e-06
            ],
            "median": [
                0.000169400751474,
                0.00924723036587,
                0.000238790002186,
                0.000222587725148,
                0.00137563084718,
                0.0009049809305,
                0.000310550327413,
                0.000404777034419,
                0.000176301327883,
                0.000137827693834,
                5.91242787777e-05,
                0.00016428460367,
                9.66403313214e-05,
                0.000108665561129,
                8.51648437674e-05,
                5.51191551494e-05,
                4.66357050755e-05,
                6.76923518768e-05,
                4.51582200185e-05,
                3.93331029045e-05,
                4.07354091294e-05,
                3.65669839084e-05,
                4.55026965938e-05,
                4.40512922069e-05,
                2.12226168514e-05,
                7.84541225585e-06,
                2.57519616298e-07
            ],
            "min": [
                1.02841120397e-22,
                2.2561259384e-23,
                1.29127663388e-23,
                1.42901600778e-23,
                3.71691253028e-23,
                1.62495533046e-23,
                2.83680313751e-23,
                8.05325126511e-23,
                3.26906167934e-23,
                4.28069879746e-23,
                1.06705352386e-22,
                5.94610407524e-23,
                1.0199406049e-22,
                7.92181062999e-23,
                8.70549345223e-23,
                1.38947183055e-22,
                1.72182726029e-22,
                1.75924690889e-22,
                2.5842293132e-22,
                3.40294500647e-22,
                5.96181793204e-22,
                5.21302207313e-22,
                9.10524309926e-22,
                1.01488265597e-21,
                9.7081650715e-22,
                1.55720274313e-21,
                2.16575816673e-21
            ],
            "var": [
                6.08089248999e-06,
                0.00147733825725,
                0.000117177143693,
                2.35795141634e-05,
                1.63294607773e-05,
                1.47647269841e-05,
                1.16631463243e-05,
                1.51325020852e-05,
                1.11217123049e-05,
                4.97626297147e-06,
                9.07597404876e-06,
                4.29486544817e-06,
                3.22579217027e-06,
                3.14612134389e-06,
                4.3350382839e-06,
                5.95093410993e-07,
                4.73922540323e-07,
                4.94391883876e-07,
                2.54675768474e-07,
                2.08167435289e-07,
                3.2020824392e-07,
                2.39038627114e-07,
                3.87254345924e-07,
                4.47038217999e-07,
                2.15807304471e-07,
                3.75288280452e-08,
                7.03486713327e-10
            ]
        },
        "barkbands_crest": {
            "dmean": 2.92746210098,
            "dmean2": 4.36848592758,
            "dvar": 9.80204391479,
            "dvar2": 20.2783985138,
            "max": 26.5150356293,
            "mean": 13.524977684,
            "median": 12.4774494171,
            "min": 2.41315531731,
            "var": 32.2821617126
        },
        "barkbands_flatness_db": {
            "dmean": 0.033453963697,
            "dmean2": 0.0468539334834,
            "dvar": 0.00147175195161,
            "dvar2": 0.0030626389198,
            "max": 0.523222982883,
            "mean": 0.182576179504,
            "median": 0.175934165716,
            "min": 0.0226300396025,
            "var": 0.00557525875047
        },
        "barkbands_kurtosis": {
            "dmean": 10.904633522,
            "dmean2": 14.4786376953,
            "dvar": 980.09387207,
            "dvar2": 1649.4699707,
            "max": 984.148132324,
            "mean": 16.9326438904,
            "median": 4.21145391464,
            "min": -1.94296491146,
            "var": 2328.48388672
        },
        "barkbands_skewness": {
            "dmean": 0.953943431377,
            "dmean2": 1.23330521584,
            "dvar": 1.53520691395,
            "dvar2": 2.56850218773,
            "max": 22.5251274109,
            "mean": 2.48256587982,
            "median": 1.84939360619,
            "min": -5.07921886444,
            "var": 6.61307907104
        },
        "barkbands_spread": {
            "dmean": 7.10050201416,
            "dmean2": 10.6588459015,
            "dvar": 113.457260132,
            "dvar2": 238.70715332,
            "max": 123.182159424,
            "mean": 19.0333194733,
            "median": 13.3776502609,
            "min": 0.107275769114,
            "var": 352.483612061
        },
        "dissonance": {
            "dmean": 0.0260008331388,
            "dmean2": 0.0419124476612,
            "dvar": 0.000648358603939,
            "dvar2": 0.00167171517387,
            "max": 0.500000059605,
            "mean": 0.440564244986,
            "median": 0.448707699776,
            "min": 0.194002896547,
            "var": 0.00190030585509
        },
        "dynamic_complexity": 3.68611836433,
        "erbbands": {
            "dmean": [
                0.47322756052,
                2.26956892014,
                4.17157649994,
                5.58803939819,
                5.34903860092,
                6.54805183411,
                10.7013559341,
                9.96066951752,
                7.42244005203,
                15.2492895126,
                20.9117393494,
                15.9662628174,
                13.6245155334,
                12.9478826523,
                17.694278717,
                17.182477951,
                18.372220993,
                22.7402381897,
                18.857624054,
                15.3068733215,
                12.1163444519,
                10.2055845261,
                11.3399963379,
                9.91944313049,
                6.35970497131,
                7.46836233139,
                7.9013633728,
                7.80621194839,
                5.25427246094,
                5.65053701401,
                5.88711118698,
                4.26437807083,
                3.69537973404,
                2.021443367,
                0.900641024113,
                0.363555938005,
                0.119444802403,
                0.0182272065431,
                0.00136487814598,
                6.95441995049e-05
            ],
            "dmean2": [
                0.524619162083,
                3.05541563034,
                7.10118436813,
                10.3106374741,
                9.73666095734,
                10.4106006622,
                16.9870624542,
                15.2566108704,
                11.2201070786,
                22.4103717804,
                30.4786472321,
                23.8880634308,
                19.8281593323,
                18.9581890106,
                26.1099452972,
                25.2095680237,
                28.5677928925,
                35.2524642944,
                28.4072475433,
                22.6640262604,
                18.7514801025,
                15.6069860458,
                16.9271831512,
                15.6904392242,
                9.93573665619,
                11.3379154205,
                12.2071323395,
                12.0892591476,
                7.97429609299,
                8.6071805954,
                9.13683986664,
                6.35936498642,
                5.61853265762,
                3.02428984642,
                1.34454166889,
                0.543918251991,
                0.181046813726,
                0.0271643605083,
                0.0021086987108,
                0.000104715611087
            ],
            "dvar": [
                0.834561169147,
                28.8900375366,
                195.541259766,
                407.836547852,
                246.123138428,
                145.954833984,
                331.794586182,
                395.610534668,
                307.069030762,
                1402.8651123,
                2569.7644043,
                2315.23217773,
                1369.85681152,
                1651.51257324,
                2702.54370117,
                1673.79882813,
                2637.6262207,
                2705.00976563,
                2313.62451172,
                1798.3347168,
                874.521728516,
                554.327453613,
                670.909545898,
                719.75592041,
                264.379364014,
                384.929107666,
                396.21862793,
                510.518249512,
                193.883300781,
                210.163574219,
                203.531326294,
                114.833465576,
                111.943061829,
                31.4819850922,
                5.56207561493,
                0.845324516296,
                0.103312559426,
                0.00262658228166,
                2.2583790269e-05,
                5.19204661487e-08
            ],
            "dvar2": [
                0.898201942444,
                61.3447341919,
                510.810760498,
                1178.99865723,
                715.221435547,
                364.614105225,
                786.481262207,
                877.207214355,
                692.070617676,
                2972.24780273,
                5199.90234375,
                5206.68798828,
                2724.94580078,
                3215.28027344,
                6288.75048828,
                3358.49804688,
                5439.01708984,
                5840.83691406,
                4637.33251953,
                3817.30249023,
                1845.36804199,
                1261.97143555,
                1409.71777344,
                1775.90283203,
                610.978088379,
                856.437438965,
                895.235595703,
                1196.09936523,
                434.727294922,
                457.424285889,
                465.878234863,
                255.679122925,
                247.201843262,
                68.7874755859,
                12.7658987045,
                1.98151791096,
                0.255247443914,
                0.00639114435762,
                5.87680806348e-05,
                1.36395158279e-07
            ],
            "max": [
                9.15419960022,
                54.7633018494,
                119.336410522,
                189.250793457,
                153.495162964,
                164.766296387,
                268.87612915,
                477.447143555,
                373.837463379,
                1244.27172852,
                1017.62414551,
                1220.64172363,
                1126.2199707,
                1472.15966797,
                1983.296875,
                1267.03491211,
                1548.35229492,
                1844.99182129,
                1229.83972168,
                922.931335449,
                915.269287109,
                509.336364746,
                597.567626953,
                417.80480957,
                233.59022522,
                369.335510254,
                263.902770996,
                660.985961914,
                283.49520874,
                244.639953613,
                221.066070557,
                179.6459198,
                300.858734131,
                167.016784668,
                54.9569320679,
                14.352976799,
                5.16821956635,
                0.659337878227,
                0.0809550955892,
                0.00377625506371
            ],
            "mean": [
                0.991189241409,
                4.08415412903,
                4.2152504921,
                4.75519275665,
                5.17432546616,
                10.5328235626,
                20.0046310425,
                20.2309799194,
                15.9410562515,
                32.7440681458,
                45.1887016296,
                30.5721530914,
                29.0063419342,
                26.230014801,
                35.7955474854,
                30.5364284515,
                28.2367687225,
                37.1411628723,
                34.132106781,
                27.3325309753,
                19.275270462,
                15.8200302124,
                18.1483478546,
                13.6900424957,
                8.02737522125,
                9.01607036591,
                9.22584724426,
                9.5361032486,
                6.67037153244,
                7.60375881195,
                7.1508603096,
                5.20512342453,
                4.29152488708,
                2.34701776505,
                1.03377020359,
                0.412623018026,
                0.12755946815,
                0.0183185711503,
                0.0012972811237,
                0.000107768290036
            ],
            "median": [
                0.315084576607,
                1.3694589138,
                0.896636784077,
                0.806975662708,
                1.52295875549,
                4.34392499924,
                7.68632221222,
                6.09998226166,
                5.02991437912,
                8.13283061981,
                10.6398420334,
                6.14070177078,
                5.89730215073,
                6.46356105804,
                6.55128002167,
                7.83599090576,
                5.4541478157,
                6.54769897461,
                5.17441129684,
                4.22772407532,
                3.7789709568,
                2.99775624275,
                3.54719877243,
                3.38706946373,
                2.31100344658,
                1.92039477825,
                1.50505053997,
                1.7624322176,
                1.19026064873,
                1.48967313766,
                1.22027099133,
                0.856008827686,
                0.715654551983,
                0.303477585316,
                0.113530278206,
                0.0449592731893,
                0.0124238692224,
                0.00119044468738,
                8.47160918056e-05,
                5.19465975231e-05
            ],
            "min": [
                1.16790682837e-21,
                4.30256864708e-21,
                1.26764516067e-20,
                3.5386082209e-20,
                3.82046032111e-20,
                1.10014943921e-19,
                2.70043579973e-19,
                1.53675488281e-19,
                4.30648114676e-19,
                1.12709924206e-18,
                1.03162719314e-18,
                7.73651428669e-19,
                7.87619924276e-19,
                3.01336644556e-18,
                3.79492308425e-18,
                3.11474135874e-18,
                4.85458859822e-18,
                3.88235772936e-18,
                4.69357706481e-18,
                3.79114121449e-18,
                9.20004256634e-18,
                8.8629077369e-18,
                9.55823493263e-18,
                1.25703965896e-17,
                1.30241283167e-17,
                1.90103277034e-17,
                1.98453549513e-17,
                2.17591944627e-17,
                1.73246576921e-17,
                2.31155704896e-17,
                2.92120487684e-17,
                2.15209151611e-17,
                1.58010207823e-17,
                8.99599613438e-18,
                7.94192070698e-18,
                4.63798142866e-18,
                3.14121651501e-18,
                1.33853384446e-18,
                3.12052128327e-19,
                3.18560857138e-20
            ],
            "var": [
                2.77887916565,
                52.8841934204,
                148.155029297,
                234.185653687,
                154.519271851,
                265.24810791,
                910.068725586,
                1332.88269043,
                1002.50183105,
                6144.61914063,
                8661.12207031,
                5364.33300781,
                4924.23486328,
                6282.59130859,
                10127.5859375,
                4195.48681641,
                6197.76123047,
                6974.22900391,
                7457.72558594,
                5322.28515625,
                2007.64990234,
                1183.34191895,
                1404.71643066,
                898.052429199,
                318.954406738,
                491.468902588,
                499.489685059,
                604.681030273,
                270.936340332,
                375.604675293,
                302.67980957,
                167.148468018,
                148.027053833,
                42.3800468445,
                7.24533414841,
                1.05004513264,
                0.112408176064,
                0.00272440514527,
                1.94839849428e-05,
                4.77136659072e-08
            ]
        },
        "erbbands_crest": {
            "dmean": 2.93041992188,
            "dmean2": 4.51511669159,
            "dvar": 8.19670963287,
            "dvar2": 18.9258594513,
            "max": 30.9435195923,
            "mean": 11.0131502151,
            "median": 10.027338028,
            "min": 2.37647104263,
            "var": 26.6499042511
        },
        "erbbands_flatness_db": {
            "dmean": 0.0226689018309,
            "dmean2": 0.0310058537871,
            "dvar": 0.000576590246055,
            "dvar2": 0.00106617331039,
            "max": 0.412090241909,
            "mean": 0.166907116771,
            "median": 0.163314759731,
            "min": 0.0338096804917,
            "var": 0.00375615106896
        },
        "erbbands_kurtosis": {
            "dmean": 1.53422665596,
            "dmean2": 2.34524726868,
            "dvar": 5.13071250916,
            "dvar2": 11.9833345413,
            "max": 44.0317955017,
            "mean": 1.80177092552,
            "median": 0.768296182156,
            "min": -1.88239824772,
            "var": 12.4544286728
        },
        "erbbands_skewness": {
            "dmean": 0.479972362518,
            "dmean2": 0.689329326153,
            "dvar": 0.265551745892,
            "dvar2": 0.527936518192,
            "max": 5.65000772476,
            "mean": 0.607253134251,
            "median": 0.638089239597,
            "min": -4.87575864792,
            "var": 1.15991473198
        },
        "erbbands_spread": {
            "dmean": 11.2112255096,
            "dmean2": 15.7761745453,
            "dvar": 196.375442505,
            "dvar2": 387.966522217,
            "max": 166.70425415,
            "mean": 38.2005767822,
            "median": 31.6883487701,
            "min": 3.04297041893,
            "var": 631.193969727
        },
        "gfcc": {
            "cov": [
                [
                    13532.703125,
                    -348.178283691,
                    -153.389083862,
                    783.608032227,
                    12.0447034836,
                    904.149658203,
                    -225.663040161,
                    565.032653809,
                    133.852676392,
                    351.90536499,
                    -23.2515621185,
                    312.698516846,
                    0.506596803665
                ],
                [
                    -348.178283691,
                    2284.24853516,
                    142.69102478,
                    -55.8077125549,
                    288.382415771,
                    -185.730606079,
                    247.093856812,
                    -135.412857056,
                    124.232933044,
                    -106.993583679,
                    160.301971436,
                    -159.109191895,
                    61.6886901855
                ],
                [
                    -153.389083862,
                    142.69102478,
                    1728.7421875,
                    698.320007324,
                    340.03805542,
                    347.736633301,
                    290.49041748,
                    153.116394043,
                    75.3140716553,
                    144.638458252,
                    2.99877691269,
                    57.4572525024,
                    -8.25868797302
                ],
                [
                    783.608032227,
                    -55.8077125549,
                    698.320007324,
                    825.756286621,
                    289.079742432,
                    199.748809814,
                    178.291946411,
                    137.667404175,
                    90.4923477173,
                    91.1782836914,
                    -5.31364297867,
                    35.5974655151,
                    54.3416252136
                ],
                [
                    12.0447034836,
                    288.382415771,
                    340.03805542,
                    289.079742432,
                    638.108947754,
                    271.588317871,
                    259.386932373,
                    189.136245728,
                    147.376464844,
                    65.9059143066,
                    57.6361045837,
                    31.2598991394,
                    10.8918380737
                ],
                [
                    904.149658203,
                    -185.730606079,
                    347.736633301,
                    199.748809814,
                    271.588317871,
                    538.993225098,
                    218.171508789,
                    222.748825073,
                    121.43396759,
                    125.783950806,
                    77.0824432373,
                    85.6508331299,
                    6.27264690399
                ],
                [
                    -225.663040161,
                    247.093856812,
                    290.49041748,
                    178.291946411,
                    259.386932373,
                    218.171508789,
                    364.594238281,
                    127.274276733,
                    99.8710098267,
                    80.3712768555,
                    101.143875122,
                    28.9509620667,
                    10.0454273224
                ],
                [
                    565.032653809,
                    -135.412857056,
                    153.116394043,
                    137.667404175,
                    189.136245728,
                    222.748825073,
                    127.274276733,
                    277.056640625,
                    135.083847046,
                    81.6590042114,
                    52.7781982422,
                    94.6174240112,
                    23.7305927277
                ],
                [
                    133.852676392,
                    124.232933044,
                    75.3140716553,
                    90.4923477173,
                    147.376464844,
                    121.43396759,
                    99.8710098267,
                    135.083847046,
                    226.826400757,
                    82.8950119019,
                    58.3406562805,
                    61.9780845642,
                    47.6030845642
                ],
                [
                    351.90536499,
                    -106.993583679,
                    144.638458252,
                    91.1782836914,
                    65.9059143066,
                    125.783950806,
                    80.3712768555,
                    81.6590042114,
                    82.8950119019,
                    177.678070068,
                    71.7337188721,
                    63.1198196411,
                    28.3795146942
                ],
                [
                    -23.2515621185,
                    160.301971436,
                    2.99877691269,
                    -5.31364297867,
                    57.6361045837,
                    77.0824432373,
                    101.143875122,
                    52.7781982422,
                    58.3406562805,
                    71.7337188721,
                    159.564804077,
                    57.2690696716,
                    36.4038658142
                ],
                [
                    312.698516846,
                    -159.109191895,
                    57.4572525024,
                    35.5974655151,
                    31.2598991394,
                    85.6508331299,
                    28.9509620667,
                    94.6174240112,
                    61.9780845642,
                    63.1198196411,
                    57.2690696716,
                    167.3306427,
                    63.883026123
                ],
                [
                    0.506596803665,
                    61.6886901855,
                    -8.25868797302,
                    54.3416252136,
                    10.8918380737,
                    6.27264690399,
                    10.0454273224,
                    23.7305927277,
                    47.6030845642,
                    28.3795146942,
                    36.4038658142,
                    63.883026123,
                    128.973495483
                ]
            ],
            "icov": [
                [
                    0.000165280172951,
                    -0.000247932679486,
                    0.000231359299505,
                    -0.000355414493242,
                    0.000230379169807,
                    -0.000474517524708,
                    0.000430139363743,
                    -0.000365275685908,
                    0.000347722205333,
                    -0.000491560494993,
                    0.000416207331,
                    -0.000458556751255,
                    0.000409308733651
                ],
                [
                    -0.000247932679486,
                    0.00130676582921,
                    -0.000626763445325,
                    0.000840554654133,
                    -0.000806787691545,
                    0.00124030339066,
                    -0.00109836237971,
                    0.00115564768203,
                    -0.00139599258546,
                    0.00173640006687,
                    -0.00191953557078,
                    0.00183791830204,
                    -0.00137300766073
                ],
                [
                    0.000231359299505,
                    -0.000626763445325,
                    0.00142506463453,
                    -0.00131434190553,
                    0.000425531557994,
                    -0.00108555646148,
                    0.000307333364617,
                    -0.000434570218204,
                    0.000935888208915,
                    -0.00136452110019,
                    0.00138369970955,
                    -0.00135239888914,
                    0.00125092407688
                ],
                [
                    -0.000355414493242,
                    0.000840554654133,
                    -0.00131434190553,
                    0.00305675365962,
                    -0.00111940247007,
                    0.00126119260676,
                    -0.00125892064534,
                    0.000545879011042,
                    -0.000964266131632,
                    0.000953176640905,
                    -0.000551378761884,
                    0.00181686354335,
                    -0.00234006019309
                ],
                [
                    0.000230379169807,
                    -0.000806787691545,
                    0.000425531557994,
                    -0.00111940247007,
                    0.00331686041318,
                    -0.00141763407737,
                    -0.000309310795274,
                    -0.00147028232459,
                    0.000102372643596,
                    -0.000562029948924,
                    0.00121092027985,
                    -0.000772865896579,
                    0.00109424500261
                ],
                [
                    -0.000474517524708,
                    0.00124030339066,
                    -0.00108555646148,
                    0.00126119260676,
                    -0.00141763407737,
                    0.00520428549498,
                    -0.00228264369071,
                    -0.000363732862752,
                    -0.00122743425891,
                    0.000956800475251,
                    -0.00198495667428,
                    0.0015432103537,
                    -0.00104256952181
                ],
                [
                    0.000430139363743,
                    -0.00109836237971,
                    0.000307333364617,
                    -0.00125892064534,
                    -0.000309310795274,
                    -0.00228264369071,
                    0.00672072079033,
                    -0.00167119002435,
                    0.000936069351155,
                    -0.00168523751199,
                    -0.00110576546285,
                    -0.000639778387267,
                    0.00164927798323
                ],
                [
                    -0.000365275685908,
                    0.00115564768203,
                    -0.000434570218204,
                    0.000545879011042,
                    -0.00147028232459,
                    -0.000363732862752,
                    -0.00167119002435,
                    0.00903671141714,
                    -0.00390990264714,
                    0.00170034181792,
                    -0.00126242241822,
                    -0.00124638201669,
                    -0.000157188012963
                ],
                [
                    0.000347722205333,
                    -0.00139599258546,
                    0.000935888208915,
                    -0.000964266131632,
                    0.000102372643596,
                    -0.00122743425891,
                    0.000936069351155,
                    -0.00390990264714,
                    0.00905016530305,
                    -0.00384093262255,
                    0.00180189148523,
                    -0.00185873266309,
                    -0.00025300719426
                ],
                [
                    -0.000491560494993,
                    0.00173640006687,
                    -0.00136452110019,
                    0.000953176640905,
                    -0.000562029948924,
                    0.000956800475251,
                    -0.00168523751199,
                    0.00170034181792,
                    -0.00384093262255,
                    0.0115435393527,
                    -0.00538314413279,
                    0.00137114373501,
                    -0.00178036757279
                ],
                [
                    0.000416207331,
                    -0.00191953557078,
                    0.00138369970955,
                    -0.000551378761884,
                    0.00121092027985,
                    -0.00198495667428,
                    -0.00110576546285,
                    -0.00126242241822,
                    0.00180189148523,
                    -0.00538314413279,
                    0.0131300436333,
                    -0.00465120188892,
                    0.000667305837851
                ],
                [
                    -0.000458556751255,
                    0.00183791830204,
                    -0.00135239888914,
                    0.00181686354335,
                    -0.000772865896579,
                    0.0015432103537,
                    -0.000639778387267,
                    -0.00124638201669,
                    -0.00185873266309,
                    0.00137114373501,
                    -0.00465120188892,
                    0.0129499705508,
                    -0.00617721676826
                ],
                [
                    0.000409308733651,
                    -0.00137300766073,
                    0.00125092407688,
                    -0.00234006019309,
                    0.00109424500261,
                    -0.00104256952181,
                    0.00164927798323,
                    -0.000157188012963,
                    -0.00025300719426,
                    -0.00178036757279,
                    0.000667305837851,
                    -0.00617721676826,
                    0.0126899387687
                ]
            ],
            "mean": [
                -23.093460083,
                81.7576370239,
                -102.883460999,
                22.8794384003,
                -62.3386917114,
                16.9856319427,
                -37.3470993042,
                9.38412666321,
                -18.6807193756,
                6.38523292542,
                -8.53909111023,
                3.65981912613,
                -7.34246110916
            ]
        },
        "hfc": {
            "dmean": 11.360408783,
            "dmean2": 16.7772865295,
            "dvar": 458.358764648,
            "dvar2": 1038.02368164,
            "max": 284.606933594,
            "mean": 24.9856491089,
            "median": 16.2307243347,
            "min": 1.10977045757e-16,
            "var": 783.502258301
        },
        "melbands": {
            "dmean": [
                0.0033474159427,
                0.00220551504754,
                0.000952394737396,
                0.000399973010644,
                0.000349191337591,
                0.000221224894631,
                0.000122007215396,
                0.000170774335857,
                0.000160847092047,
                0.000101462210296,
                6.88904401613e-05,
                5.32165722689e-05,
                6.44337560516e-05,
                6.08211048529e-05,
                3.44930776919e-05,
                4.7727880883e-05,
                4.30199943366e-05,
                3.34918549925e-05,
                2.78957650153e-05,
                1.62703381648e-05,
                1.50594469233e-05,
                1.12349252959e-05,
                9.72457746684e-06,
                1.22650490084e-05,
                8.10674828244e-06,
                6.02735008215e-06,
                3.64552556675e-06,
                5.48210073248e-06,
                5.38927406524e-06,
