{
    "lowlevel": {
        "average_loudness": 0.925898849964,
        "barkbands": {
            "dmean": [
                0.00104383414146,
                0.00688698282465,
                0.00417881505564,
                0.00312482612208,
                0.00180063804146,
                0.000387418898754,
                0.000352252973244,
                0.000562849862035,
                0.00100951129571,
                0.00141515629366,
                0.000485007010866,
                0.000376126001356,
                0.000526407151483,
                0.000470643310109,
                0.000380253826734,
                0.000152189226355,
                7.04849226167e-05,
                8.19962151581e-05,
                6.32086303085e-05,
                6.5575222834e-05,
                5.32871781616e-05,
                3.18114143738e-05,
                2.66609731625e-05,
                3.02897951769e-05,
                4.75283959531e-05,
                3.0054958188e-05,
                5.83948485655e-06
            ],
            "dmean2": [
                0.0014012134634,
                0.0101769156754,
                0.00753147760406,
                0.00532108731568,
                0.00293262861669,
                0.000611635332461,
                0.000565531547181,
                0.000852679484524,
                0.001592923305,
                0.0021399538964,
                0.000784062489402,
                0.00058748543961,
                0.00080773269292,
                0.000744187971577,
                0.000605479814112,
                0.000234756153077,
                0.000110969725938,
                0.000128788626171,
                9.56625735853e-05,
                9.31810718612e-05,
                7.51883490011e-05,
                4.19639800384e-05,
                3.53716277459e-05,
                4.17344708694e-05,
                6.38655110379e-05,
                3.96190771426e-05,
                7.76858723839e-06
            ],
            "dvar": [
                1.31428041641e-05,
                0.000345767824911,
                0.000140337302582,
                8.42156077852e-05,
                1.96477012651e-05,
                7.18138323919e-07,
                9.01821408661e-07,
                2.25750068239e-06,
                7.21019250705e-06,
                2.36602427321e-05,
                4.86200542582e-06,
                1.95284360416e-06,
                3.56869873031e-06,
                3.08926587422e-06,
                1.5190440763e-06,
                3.28411147166e-07,
                5.37815374457e-08,
                3.1357480168e-08,
                3.20456905456e-08,
                1.53610795195e-08,
                1.16462386401e-08,
                7.61888774292e-09,
                4.04406064192e-09,
                4.66835015089e-09,
                9.07516373161e-09,
                3.812343774e-09,
                1.49790124748e-10
            ],
            "dvar2": [
                2.3497541406e-05,
                0.000661735713948,
                0.000403504964197,
                0.000213576611714,
                5.12943843205e-05,
                1.64428422522e-06,
                2.25345434046e-06,
                4.68777079732e-06,
                1.75143068191e-05,
                5.36716725037e-05,
                1.30828148031e-05,
                5.06570313519e-06,
                8.66466416483e-06,
                6.99065594745e-06,
                3.66326958101e-06,
                6.96201027495e-07,
                1.27839271613e-07,
                7.57578533239e-08,
                7.43048005347e-08,
                3.28667972838e-08,
                2.5178133356e-08,
                1.14637463966e-08,
                7.20291781775e-09,
                8.91299922756e-09,
                1.71719616304e-08,
                6.36964747613e-09,
                2.5624294353e-10
            ],
            "max": [
                0.046368021518,
                0.199174016714,
                0.119026787579,
                0.117599844933,
                0.0551155395806,
                0.0204086583108,
                0.0233196709305,
                0.028440348804,
                0.058110781014,
                0.10529974848,
                0.0647512972355,
                0.0283512491733,
                0.0788782685995,
                0.0680318847299,
                0.0225436240435,
                0.0193366333842,
                0.00843768194318,
                0.0036495688837,
                0.00354424258694,
                0.00317870895378,
                0.00231809704565,
                0.0030250842683,
                0.00213504140265,
                0.00170205265749,
                0.00141704757698,
                0.00068633077899,
                0.000142751669046
            ],
            "mean": [
                0.00108438765164,
                0.018449999392,
                0.00810761284083,
                0.00367183703929,
                0.00309425126761,
                0.000641914608423,
                0.000553976045921,
                0.000949124689214,
                0.00155270285904,
                0.00218670628965,
                0.000705089536496,
                0.000628038134892,
                0.000795646046754,
                0.000701394048519,
                0.000520209490787,
                0.000224626710406,
                0.00011417085625,
                0.000139551528264,
                9.87833263935e-05,
                0.000120070202684,
                9.54631104833e-05,
                4.83512412757e-05,
                3.84467857657e-05,
                4.40630392404e-05,
                6.53431561659e-05,
                3.77336036763e-05,
                7.11287657396e-06
            ],
            "median": [
                1.46992297232e-05,
                0.0150074046105,
                0.00307775405236,
                0.00113475788385,
                0.00155789125711,
                0.000235008323216,
                0.000127498671645,
                0.000146878068335,
                0.000231191894272,
                0.000150804393343,
                3.67002721759e-05,
                4.18130912294e-05,
                6.43145758659e-05,
                7.27583974367e-05,
                6.09182388871e-05,
                2.59991720668e-05,
                2.56275652646e-05,
                4.08725645684e-05,
                2.81368902506e-05,
                3.37312994816e-05,
                1.91714971152e-05,
                6.21188564764e-06,
                4.75907472719e-06,
                7.83447922004e-06,
                1.00615752672e-05,
                1.92201673599e-06,
                2.06896615396e-07
            ],
            "min": [
                1.38463368253e-25,
                3.96664388365e-24,
                2.27014545608e-25,
                1.09935044384e-24,
                1.14330533961e-23,
                5.89727169194e-24,
                1.21587068213e-23,
                8.64891713697e-24,
                1.55011451866e-23,
                2.18002799786e-23,
                1.42484530018e-23,
                2.01749188581e-23,
                3.1208066318e-23,
                4.57308977644e-23,
                4.76394709939e-23,
                6.67291255057e-23,
                7.43148435247e-23,
                1.01444199196e-22,
                1.24208320472e-22,
                1.47788963273e-22,
                2.38640975633e-22,
                3.4941663572e-22,
                4.63218164291e-22,
                5.59503774835e-22,
                7.86697028204e-22,
                1.23254253161e-21,
                1.82914634646e-21
            ],
            "var": [
                1.85431545106e-05,
                0.000567024631891,
                0.000128112180391,
                8.68000206538e-05,
                2.51111687248e-05,
                1.56751775648e-06,
                2.04394291359e-06,
                6.35023934592e-06,
                1.34731062644e-05,
                5.02954208059e-05,
                1.01505820567e-05,
                4.34181310993e-06,
                7.09478945282e-06,
                5.36577636012e-06,
                2.3489853902e-06,
                6.33085051049e-07,
                1.0052941235e-07,
                6.33627763591e-08,
                5.66277229552e-08,
                4.04921323138e-08,
                3.12166825722e-08,
                2.35232597845e-08,
                9.47092981818e-09,
                1.04491180153e-08,
                1.72812431032e-08,
                7.25927229439e-09,
                2.7350580134e-10
            ]
        },
        "barkbands_crest": {
            "dmean": 2.20288705826,
            "dmean2": 3.49309182167,
            "dvar": 6.39117336273,
            "dvar2": 15.4685974121,
            "max": 25.7687263489,
            "mean": 13.4637823105,
            "median": 12.8245859146,
            "min": 3.26708674431,
            "var": 21.819726944
        },
        "barkbands_flatness_db": {
            "dmean": 0.0357902981341,
            "dmean2": 0.0436718948185,
            "dvar": 0.00208990764804,
            "dvar2": 0.00310590257868,
            "max": 0.725901007652,
            "mean": 0.256106436253,
            "median": 0.212145477533,
            "min": 0.0261328630149,
            "var": 0.0198301821947
        },
        "barkbands_kurtosis": {
            "dmean": 12.9777698517,
            "dmean2": 19.0862751007,
            "dvar": 1015.92565918,
            "dvar2": 2288.76074219,
            "max": 847.375244141,
            "mean": 21.0843715668,
            "median": 6.96726751328,
            "min": -1.8579300642,
            "var": 1919.10791016
        },
        "barkbands_skewness": {
            "dmean": 0.946662247181,
            "dmean2": 1.33980202675,
            "dvar": 1.58547317982,
            "dvar2": 3.03959751129,
            "max": 22.1340484619,
            "mean": 2.83410048485,
            "median": 2.26290297508,
            "min": -2.80340838432,
            "var": 6.26148557663
        },
        "barkbands_spread": {
            "dmean": 3.69042158127,
            "dmean2": 5.31973934174,
            "dvar": 25.3028049469,
            "dvar2": 51.277053833,
            "max": 93.4448928833,
            "mean": 12.273062706,
            "median": 10.791768074,
            "min": 0.10488307476,
            "var": 103.754997253
        },
        "dissonance": {
            "dmean": 0.0300787333399,
            "dmean2": 0.04804494977,
            "dvar": 0.00094844592968,
            "dvar2": 0.00230669300072,
            "max": 0.499999940395,
            "mean": 0.432578623295,
            "median": 0.447977244854,
            "min": 0.0698532760143,
            "var": 0.00306714395992
        },
        "dynamic_complexity": 5.47755289078,
        "erbbands": {
            "dmean": [
                0.265130609274,
                1.57865190506,
                4.54278039932,
                7.88524103165,
                8.80318832397,
                5.25845479965,
                4.18205547333,
                2.70821833611,
                4.5600399971,
                5.79111194611,
                15.0007839203,
                21.0663108826,
                24.6099071503,
                48.3042030334,
                18.4676437378,
                13.6282539368,
                21.7322635651,
                24.980348587,
                18.8891067505,
                12.8700656891,
                7.19295978546,
                3.36826109886,
                3.83702898026,
                4.38710212708,
                2.51988792419,
                3.00445437431,
                2.81789302826,
                1.51368784904,
                1.22772264481,
                0.983494281769,
                0.678850889206,
                0.651880919933,
                0.50910449028,
                0.506571948528,
                0.360701739788,
                0.142962753773,
                0.050630018115,
                0.0133062163368,
                0.000941952341236,
                4.04179991165e-05
            ],
            "dmean2": [
                0.367124676704,
                2.54178738594,
                8.08880805969,
                13.7594614029,
                14.4295597076,
                8.73942756653,
                6.73456287384,
                4.27987480164,
                7.25960636139,
                9.06252098083,
                22.8404254913,
                33.3409881592,
                37.4473381042,
                73.0988540649,
                29.1501426697,
                21.0324764252,
                32.7565460205,
                38.974773407,
                29.7709674835,
                20.1777553558,
                11.0539360046,
                5.16083288193,
                5.98223781586,
                6.73876333237,
                3.66267156601,
                4.26337385178,
                4.0755739212,
                2.04633665085,
                1.6301445961,
                1.31912016869,
                0.896309375763,
                0.887115716934,
                0.713656663895,
                0.696715474129,
                0.485818564892,
                0.190791800618,
                0.066676132381,
                0.0173515211791,
                0.00123303115834,
                5.08575467393e-05
            ],
            "dvar": [
                0.724963188171,
                19.3359394073,
                168.293518066,
                472.256774902,
                668.517700195,
                155.508209229,
                69.0595703125,
                49.3344039917,
                145.557144165,
                202.762878418,
                1582.81201172,
                3223.52685547,
                5626.375,
                28098.5253906,
                4098.31152344,
                2245.16894531,
                7497.29443359,
                9349.16796875,
                3109.14648438,
                2489.73291016,
                667.744689941,
                104.25692749,
                77.1625442505,
                149.62940979,
                39.0573196411,
                31.4617958069,
                32.4361610413,
                11.3640737534,
                11.4777565002,
                6.43703842163,
                2.70062303543,
                2.06816864014,
                1.48928177357,
                1.10719227791,
                0.533535063267,
                0.0836196243763,
                0.0112775983289,
                0.000832744583022,
                3.66817380382e-06,
                5.06393682542e-09
            ],
            "dvar2": [
                1.22250413895,
                47.6228141785,
                480.797821045,
                1273.42333984,
                1584.15026855,
                416.843719482,
                178.78288269,
                110.386276245,
                358.650177002,
                456.310821533,
                3310.99438477,
                7913.60205078,
                13185.5039063,
                63862.8242188,
                10971.2402344,
                5912.17138672,
                17494.5253906,
                20298.671875,
                7710.96728516,
                5584.95751953,
                1538.75268555,
                247.693450928,
                193.217956543,
                350.171356201,
                84.5752182007,
                66.3050231934,
                73.6082305908,
                21.4136791229,
                17.2507286072,
                11.5884971619,
                4.80653333664,
                4.10429573059,
                2.95077466965,
                2.22603225708,
                0.984335124493,
                0.147438377142,
                0.0192889459431,
                0.00141784804873,
                6.19712636762e-06,
                7.82225573204e-09
            ],
            "max": [
                8.6519651413,
                51.4013404846,
                141.742279053,
                258.803192139,
                349.927520752,
                171.553787231,
                204.225234985,
                232.561462402,
                348.374084473,
                543.885070801,
                772.076049805,
                1459.48693848,
                1929.17407227,
                3600.72485352,
                2053.76928711,
                1103.46789551,
                4320.69970703,
                4102.22558594,
                1099.7298584,
                1198.13635254,
                655.940246582,
                311.65057373,
                217.871536255,
                268.807678223,
                260.542358398,
                116.102973938,
                108.769042969,
                105.112625122,
                127.037475586,
                99.6313171387,
                51.5657958984,
                33.2778129578,
                35.7005577087,
                17.6465969086,
                9.75323867798,
                3.21377253532,
                1.11151707172,
                0.403859198093,
                0.0207959357649,
                0.000831735436805
            ],
            "mean": [
                0.421731323004,
                4.43252182007,
                10.871386528,
                10.3318605423,
                12.0837268829,
                9.24669933319,
                7.40883350372,
                4.44109964371,
                7.2493686676,
                9.68956184387,
                26.019744873,
                33.2476844788,
                40.7382774353,
                77.913520813,
                30.5635871887,
                24.0586910248,
                35.5345802307,
                40.8062820435,
                29.6328048706,
                18.9671154022,
                11.7942323685,
                6.11629724503,
                6.8477730751,
                7.23627996445,
                4.5848903656,
                5.69901800156,
                5.36301374435,
                2.59176874161,
                1.8669719696,
                1.41886937618,
                0.985595405102,
                0.910335302353,
                0.735560357571,
                0.71029073,
                0.474671542645,
                0.183192044497,
                0.061972964555,
                0.0160203389823,
                0.00117023172788,
                8.8185450295e-05
            ],
            "median": [
                0.141521751881,
                4.04410171509,
                4.55640220642,
                5.2161822319,
                4.57815408707,
                4.00511932373,
                3.47881770134,
                1.32199668884,
                1.63579154015,
                3.07500338554,
                5.21616363525,
                6.52569770813,
                7.00179481506,
                6.4599981308,
                3.58528327942,
                2.59407734871,
                3.20923113823,
                5.12139177322,
                4.58255767822,
                2.44947361946,
                1.64857304096,
                1.55060374737,
                2.28883075714,
                1.91673445702,
                1.62136185169,
                1.69954848289,
                1.04194438457,
                0.558227956295,
                0.266509026289,
                0.159754484892,
                0.124604128301,
                0.126589432359,
                0.14619448781,
                0.128828525543,
                0.0547818429768,
                0.0129474112764,
                0.00268140248954,
                0.000431656924775,
                6.11831928836e-05,
                5.0061440561e-05
            ],
            "min": [
                7.54783186966e-23,
                8.68688984016e-22,
                2.83783736572e-21,
                5.7102858585e-21,
                6.3109591354e-21,
                3.99508687259e-20,
                6.15420824776e-20,
                7.47993384667e-20,
                1.28617473341e-19,
                1.9273285008e-19,
                1.15281137592e-19,
                3.25141356792e-19,
                3.28152992155e-19,
                7.58144222027e-19,
                6.77475604137e-19,
                1.06092076055e-18,
                1.59921019854e-18,
                2.1780070847e-18,
                2.44541823992e-18,
                2.8868224943e-18,
                3.51648044158e-18,
                4.83515853923e-18,
                5.49032032595e-18,
                6.2797207048e-18,
                7.90948281926e-18,
                7.64019499802e-18,
                9.05629015641e-18,
                1.08219477057e-17,
                1.1473828067e-17,
                1.01288572064e-17,
                1.16472911502e-17,
                1.073800459e-17,
                9.71099037635e-18,
                7.64225219621e-18,
                5.99387231411e-18,
                4.49676970398e-18,
                2.37466431225e-18,
                9.72819614668e-19,
                2.56570358758e-19,
                2.82731464282e-20
            ],
            "var": [
                1.1107224226,
                22.9050216675,
                187.273681641,
                402.9503479,
                793.231323242,
                216.306549072,
                136.702468872,
                115.627548218,
                337.478027344,
                475.023376465,
                4232.22265625,
                6185.63232422,
                11988.578125,
                62607.1679688,
                9286.12695313,
                4912.39550781,
                15300.0058594,
                17729.2929688,
                5848.10400391,
                4000.0378418,
                1402.79772949,
                224.590423584,
                142.86555481,
                255.262588501,
                105.126457214,
                84.044342041,
                95.9794464111,
                28.590883255,
                35.1742019653,
                15.537320137,
                6.27128076553,
                4.24781799316,
                3.24054026604,
                2.11125397682,
                0.986422181129,
                0.156595617533,
                0.0207480881363,
                0.00149889325257,
                6.89825401423e-06,
                1.26788330945e-08
            ]
        },
        "erbbands_crest": {
            "dmean": 3.1587126255,
            "dmean2": 4.94031906128,
            "dvar": 10.0233631134,
            "dvar2": 23.5448474884,
            "max": 32.424030304,
            "mean": 12.2453136444,
            "median": 10.9277353287,
            "min": 2.57685351372,
            "var": 34.1182861328
        },
        "erbbands_flatness_db": {
            "dmean": 0.0322259515524,
            "dmean2": 0.0379153192043,
            "dvar": 0.00134281872306,
            "dvar2": 0.00174461957067,
            "max": 0.490698128939,
            "mean": 0.192772686481,
            "median": 0.1777741611,
            "min": 0.0324150435627,
            "var": 0.00874153431505
        },
        "erbbands_kurtosis": {
            "dmean": 4.38583374023,
            "dmean2": 6.41044092178,
            "dvar": 125.380950928,
            "dvar2": 226.881835938,
            "max": 276.904541016,
            "mean": 6.90751171112,
            "median": 1.10774540901,
            "min": -1.89633321762,
            "var": 362.780670166
        },
        "erbbands_skewness": {
            "dmean": 0.614147245884,
            "dmean2": 0.86666226387,
            "dvar": 0.529149532318,
            "dvar2": 0.948062419891,
            "max": 11.1138477325,
            "mean": 0.841520488262,
            "median": 0.515531420708,
            "min": -3.8209862709,
            "var": 2.83449053764
        },
        "erbbands_spread": {
            "dmean": 12.2647390366,
            "dmean2": 16.5376682281,
            "dvar": 289.90524292,
            "dvar2": 431.284790039,
            "max": 188.286071777,
            "mean": 36.4577980042,
            "median": 27.809135437,
            "min": 0.554885268211,
            "var": 1030.49743652
        },
        "gfcc": {
            "cov": [
                [
                    49629.53125,
                    -1700.59643555,
                    -7727.41162109,
                    -1605.92663574,
                    -2215.07275391,
                    1532.43530273,
                    -883.70892334,
                    1708.08178711,
                    -867.342346191,
                    616.888000488,
                    -740.92791748,
                    -231.37550354,
                    -551.158935547
                ],
                [
                    -1700.59643555,
                    2443.0300293,
                    -10.1460142136,
                    -213.547225952,
                    465.274749756,
                    -235.365539551,
                    217.628616333,
                    -212.190109253,
                    163.326126099,
                    -240.98588562,
                    219.501342773,
                    -272.707061768,
                    246.126754761
                ],
                [
                    -7727.41162109,
                    -10.1460142136,
                    2938.33374023,
                    802.334350586,
                    301.627258301,
                    -361.672119141,
                    74.6616744995,
                    -410.028747559,
                    191.279022217,
                    -80.808921814,
                    29.152923584,
                    206.417205811,
                    -43.6947059631
                ],
                [
                    -1605.92663574,
                    -213.547225952,
                    802.334350586,
                    647.333129883,
                    83.4249267578,
                    -163.505203247,
                    -51.9984397888,
                    -119.548210144,
                    27.9089317322,
                    9.50850105286,
                    -21.0489845276,
                    50.407989502,
                    23.6440849304
                ],
                [
                    -2215.07275391,
                    465.274749756,
                    301.627258301,
                    83.4249267578,
                    414.344848633,
                    -75.0346832275,
                    113.963630676,
                    -126.975395203,
                    26.5689525604,
                    -46.4008979797,
                    70.4347229004,
                    -26.9313392639,
                    109.390945435
                ],
                [
                    1532.43530273,
                    -235.365539551,
                    -361.672119141,
                    -163.505203247,
                    -75.0346832275,
                    300.179199219,
                    49.4883003235,
                    40.9620285034,
                    -83.6647796631,
                    30.8832759857,
                    -1.24317383766,
                    12.8532924652,
                    -40.6005325317
                ],
                [
                    -883.70892334,
                    217.628616333,
                    74.6616744995,
                    -51.9984397888,
                    113.963630676,
                    49.4883003235,
                    253.501144409,
                    -43.1912651062,
                    -41.4795761108,
                    -16.6532554626,
                    44.5635261536,
                    -43.6062240601,
                    39.2282752991
                ],
                [
                    1708.08178711,
                    -212.190109253,
                    -410.028747559,
                    -119.548210144,
                    -126.975395203,
                    40.9620285034,
                    -43.1912651062,
                    243.69190979,
                    20.7747840881,
                    42.8102607727,
                    -31.0986042023,
                    -15.7221431732,
                    -21.334815979
                ],
                [
                    -867.342346191,
                    163.326126099,
                    191.279022217,
                    27.9089317322,
                    26.5689525604,
                    -83.6647796631,
                    -41.4795761108,
                    20.7747840881,
                    208.333999634,
                    -14.9342918396,
                    8.69566822052,
                    4.18702459335,
                    6.95773029327
                ],
                [
                    616.888000488,
                    -240.98588562,
                    -80.808921814,
                    9.50850105286,
                    -46.4008979797,
                    30.8832759857,
                    -16.6532554626,
                    42.8102607727,
                    -14.9342918396,
                    119.273712158,
                    1.858700037,
                    0.721198856831,
                    -20.7784557343
                ],
                [
                    -740.92791748,
                    219.501342773,
                    29.152923584,
                    -21.0489845276,
                    70.4347229004,
                    -1.24317383766,
                    44.5635261536,
                    -31.0986042023,
                    8.69566822052,
                    1.858700037,
                    122.802978516,
                    -11.9216070175,
                    22.3019256592
                ],
                [
                    -231.37550354,
                    -272.707061768,
                    206.417205811,
                    50.407989502,
                    -26.9313392639,
                    12.8532924652,
                    -43.6062240601,
                    -15.7221431732,
                    4.18702459335,
                    0.721198856831,
                    -11.9216070175,
                    149.043884277,
                    -27.499546051
                ],
                [
                    -551.158935547,
                    246.126754761,
                    -43.6947059631,
                    23.6440849304,
                    109.390945435,
                    -40.6005325317,
                    39.2282752991,
                    -21.334815979,
                    6.95773029327,
                    -20.7784557343,
                    22.3019256592,
                    -27.499546051,
                    140.306396484
                ]
            ],
            "icov": [
                [
                    7.29533203412e-05,
                    -0.000193777712411,
                    0.000135060137836,
                    -0.000153349756147,
                    0.00016952092119,
                    -0.000240452965954,
                    0.000136365313665,
                    -0.00027365385904,
                    0.000242101872573,
                    -0.000354113202775,
                    0.000432274653576,
                    -0.000241727466346,
                    0.000232386562857
                ],
                [
                    -0.000193777712411,
                    0.0018443405861,
                    -0.000292693497613,
                    0.000962486607023,
                    -0.000856920960359,
                    0.00127209734637,
                    -0.000532350444701,
                    0.00152804004028,
                    -0.00144585955422,
                    0.00275769969448,
                    -0.00258316122927,
                    0.00244532828219,
                    -0.00146254035644
                ],
                [
                    0.000135060137836,
                    -0.000292693497613,
                    0.00118937902153,
                    -0.00105481944047,
                    0.000109323547804,
                    0.00019007048104,
                    -0.000519002904184,
                    0.000446385878604,
                    -0.000325110420818,
                    -0.000452323642094,
                    0.000768366095144,
                    -0.00140003033448,
                    0.00132750486955
                ],
                [
                    -0.000153349756147,
                    0.000962486607023,
                    -0.00105481944047,
                    0.00335699180141,
                    -0.00058324780548,
                    0.00129173032474,
                    0.000541779329069,
                    0.00110178533942,
                    -0.000175908644451,
                    0.000541677116416,
                    -0.000910598260816,
                    0.00150153483264,
                    -0.00181244604755
                ],
                [
                    0.00016952092119,
                    -0.000856920960359,
                    0.000109323547804,
                    -0.00058324780548,
                    0.00475745135918,
                    -0.00043623635429,
                    -0.000757813628297,
                    0.000361470330972,
                    0.000375295436243,
                    -0.000997035065666,
                    0.000267396389972,
                    -0.000831945042592,
                    -0.00163892866112
                ],
                [
                    -0.000240452965954,
                    0.00127209734637,
                    0.00019007048104,
                    0.00129173032474,
                    -0.00043623635429,
                    0.00635082647204,
                    -0.00208456604742,
                    0.00163900037296,
                    -0.000152984459419,
                    0.00119521154556,
                    -0.00210108049214,
                    5.90378003835e-05,
                    0.000205464428291
                ],
                [
                    0.000136365313665,
                    -0.000532350444701,
                    -0.000519002904184,
                    0.000541779329069,
                    -0.000757813628297,
                    -0.00208456604742,
                    0.00634811073542,
                    -0.000982830533758,
                    0.00196402822621,
                    -0.00056199048413,
                    -3.04043423967e-05,
                    0.00140009692404,
                    -0.00062146683922
                ],
                [
                    -0.00027365385904,
                    0.00152804004028,
                    0.000446385878604,
                    0.00110178533942,
                    0.000361470330972,
                    0.00163900037296,
                    -0.000982830533758,
                    0.00834749639034,
                    -0.00319269765168,
                    0.000693347887136,
                    -0.00141648994759,
                    0.00163802446332,
                    -0.00125837849919
                ],
                [
                    0.000242101872573,
                    -0.00144585955422,
                    -0.000325110420818,
                    -0.000175908644451,
                    0.000375295436243,
                    -0.000152984459419,
                    0.00196402822621,
                    -0.00319269765168,
                    0.00767662841827,
                    -0.00167079432867,
                    0.00153950217646,
                    -0.00135848147329,
                    0.00090522429673
                ],
                [
                    -0.000354113202775,
                    0.00275769969448,
                    -0.000452323642094,
                    0.000541677116416,
                    -0.000997035065666,
                    0.00119521154556,
                    -0.00056199048413,
                    0.000693347887136,
                    -0.00167079432867,
                    0.0140381725505,
                    -0.00538438372314,
                    0.00387360574678,
                    -0.00129812874366
                ],
                [
                    0.000432274653576,
                    -0.00258316122927,
                    0.000768366095144,
                    -0.000910598260816,
                    0.000267396389972,
                    -0.00210108049214,
                    -3.04043423967e-05,
                    -0.00141648994759,
                    0.00153950217646,
                    -0.00538438372314,
                    0.0138176623732,
                    -0.00330525427125,
                    0.00188097788487
                ],
                [
                    -0.000241727466346,
                    0.00244532828219,
                    -0.00140003033448,
                    0.00150153483264,
                    -0.000831945042592,
                    5.90378003835e-05,
                    0.00140009692404,
                    0.00163802446332,
                    -0.00135848147329,
                    0.00387360574678,
                    -0.00330525427125,
                    0.0120762707666,
                    -0.00187157921027
                ],
                [
                    0.000232386562857,
                    -0.00146254035644,
                    0.00132750486955,
                    -0.00181244604755,
                    -0.00163892866112,
                    0.000205464428291,
                    -0.00062146683922,
                    -0.00125837849919,
                    0.00090522429673,
                    -0.00129812874366,
                    0.00188097788487,
                    -0.00187157921027,
                    0.0117413038388
                ]
            ],
            "mean": [
                -99.6852722168,
                117.502693176,
                -67.5600509644,
                35.7105789185,
                -29.8171844482,
                19.5363388062,
                -19.8970394135,
                11.5303859711,
                -25.4929885864,
                1.17890429497,
                -16.9666805267,
                -12.001616478,
                -5.63896846771
            ]
        },
        "hfc": {
            "dmean": 5.24583721161,
            "dmean2": 7.3361825943,
            "dvar": 58.8914108276,
            "dvar2": 112.429077148,
            "max": 123.119361877,
            "mean": 16.7501754761,
            "median": 11.4367656708,
            "min": 1.09695114331e-16,
            "var": 286.084899902
        },
        "melbands": {
            "dmean": [
                0.00200813240372,
                0.00214050873183,
                0.00139772181865,
                0.000497504079249,
                0.00014981161803,
                6.220931391e-05,
                7.17450966476e-05,
                7.30513493181e-05,
                0.000131326116389,
                0.000137095194077,
                0.000132016299176,
                0.000210755039006,
                6.898988795e-05,
                4.72049978271e-05,
                3.92335314245e-05,
                5.30335892108e-05,
                4.70040577056e-05,
                3.08880698867e-05,
                2.59949847532e-05,
                1.19521318993e-05,
                8.15932162368e-06,
                3.48988533005e-06,
                3.90729746869e-06,
                4.33915147369e-06,
                3.81012705475e-06,
                2.18186346501e-06,
                1.88614160379e-06,
