{
    "lowlevel": {
        "average_loudness": 0.908859372139,
        "barkbands": {
            "dmean": [
                0.000511474849191,
                0.0087577374652,
                0.00357334478758,
                0.00208436651155,
                0.00132524233777,
                0.0012744612759,
                0.00100186851341,
                0.000735284411348,
                0.00102624087594,
                0.000796661828645,
                0.000590315263253,
                0.000755722110625,
                0.000501404108945,
                0.000302513130009,
                0.000390300847357,
                0.000276109960396,
                0.000234432751313,
                0.000168410580955,
                0.000227993295994,
                0.000208050871151,
                0.000222263319301,
                0.000194800304598,
                0.00021309586009,
                0.000175122913788,
                0.000184885459021,
                7.32093685656e-05,
                2.94290948659e-05
            ],
            "dmean2": [
                0.000598188955337,
                0.0142041547224,
                0.006454707589,
                0.00335977552459,
                0.00225491565652,
                0.00201566447504,
                0.00161705445498,
                0.00116142816842,
                0.00159759994131,
                0.00123524223454,
                0.000913954048883,
                0.00120554503519,
                0.000768146419432,
                0.000465512188384,
                0.000621474988293,
                0.000437192065874,
                0.000381878140615,
                0.000277091487078,
                0.000363566767192,
                0.000322755426168,
                0.000340169994161,
                0.000290389842121,
                0.000282391498331,
                0.000248705648119,
                0.000265579321422,
                0.000107189924165,
                4.39807517978e-05
            ],
            "dvar": [
                7.09207427008e-07,
                0.000242989059188,
                0.000100925804873,
                2.47759999183e-05,
                5.75995682084e-06,
                5.794090157e-06,
                5.18127717442e-06,
                3.82317148251e-06,
                7.31793943487e-06,
                3.72257841263e-06,
                2.68011149274e-06,
                3.17217813972e-06,
                1.5116626173e-06,
                6.93049230449e-07,
                8.15966245682e-07,
                3.72568308649e-07,
                3.10418386107e-07,
                1.41508181173e-07,
                2.11636503877e-07,
                1.69070901279e-07,
                1.11669038461e-07,
                9.91187860677e-08,
                1.46447234783e-07,
                7.82820848144e-08,
                1.08821517131e-07,
                1.86739814723e-08,
                3.32400107439e-09
            ],
            "dvar2": [
                9.68997369455e-07,
                0.00052771269111,
                0.000294086028589,
                5.75480044063e-05,
                1.5299037841e-05,
                1.25916603793e-05,
                1.26006816572e-05,
                8.77833554114e-06,
                1.64995635714e-05,
                8.58378098201e-06,
                5.68814402868e-06,
                7.39319693821e-06,
                3.11585972668e-06,
                1.56483520186e-06,
                1.94470294446e-06,
                8.89997579634e-07,
                8.06069635928e-07,
                3.63393439784e-07,
                5.04269394241e-07,
                4.10969306586e-07,
                2.56620523942e-07,
                2.20284533725e-07,
                2.5204539611e-07,
                1.49668451854e-07,
                2.24951051564e-07,
                4.13989660331e-08,
                7.02651581364e-09
            ],
            "max": [
                0.00968114007264,
                0.13583534956,
                0.0810259729624,
                0.0482431799173,
                0.0405068024993,
                0.0434250086546,
                0.0429993420839,
                0.0693365484476,
                0.0683467388153,
                0.0433100834489,
                0.035969145596,
                0.0347449816763,
                0.0400688685477,
                0.0270403623581,
                0.0188276879489,
                0.013364372775,
                0.00967091880739,
                0.00583908380941,
                0.0164228640497,
                0.0105828158557,
                0.00652908952907,
                0.00461322348565,
                0.00600347761065,
                0.0045713186264,
                0.00495307194069,
                0.00171676382888,
                0.000821391819045
            ],
            "mean": [
                0.00115590111818,
                0.012783523649,
                0.0030473312363,
                0.00198897742666,
                0.00169013463892,
                0.00189963728189,
                0.00146592827514,
                0.00108823250048,
                0.00142431817949,
                0.00113926816266,
                0.000748088292312,
                0.0011172874365,
                0.000748953723814,
                0.000422782293754,
                0.000579106272198,
                0.000369823799701,
                0.000310051662382,
                0.000255500053754,
                0.000408963358495,
                0.000384672690416,
                0.000446060294053,
                0.000375865260139,
                0.000461609859485,
                0.000386417697882,
                0.000354314834112,
                0.000127757535665,
                5.74452569708e-05
            ],
            "median": [
                0.000113624657388,
                0.00494725629687,
                0.000608361209743,
                0.000244830589509,
                0.000731306732632,
                0.000754655629862,
                0.000214969157241,
                0.000328311958583,
                0.000329966977006,
                0.000192585459445,
                0.0001125747076,
                0.000259532593191,
                0.000200762427994,
                0.000148954452015,
                0.000207352961297,
                0.00013104059326,
                0.00011364222155,
                0.000130982793053,
                0.000180783827091,
                0.000165927252965,
                0.000223136885324,
                0.000136304675834,
                0.000150999170728,
                0.000141825687024,
                0.000135957729071,
                6.24859749223e-05,
                2.77920880762e-05
            ],
            "min": [
                2.10574980166e-25,
                1.46316500751e-23,
                7.44220055455e-24,
                1.75691491772e-24,
                1.91127839135e-23,
                2.21443006416e-23,
                2.91099077249e-23,
                2.36953242436e-23,
                1.62571579237e-23,
                2.24994221553e-23,
                2.26584991123e-23,
                3.48506347033e-23,
                5.44810943864e-23,
                6.99409947694e-23,
                7.32690979543e-23,
                4.66230079403e-23,
                1.09390130037e-22,
                1.00024672396e-22,
                1.31903816375e-22,
                1.86557803828e-22,
                2.83040314055e-22,
                3.83589509532e-22,
                4.78613195064e-22,
                6.78867088333e-22,
                9.1015959113e-22,
                1.49525941585e-21,
                2.29743114347e-21
            ],
            "var": [
                3.89167735193e-06,
                0.000356409233063,
                6.5664658905e-05,
                2.61130280705e-05,
                7.06190940036e-06,
                1.17251338452e-05,
                1.2409320334e-05,
                8.57425311551e-06,
                1.336632522e-05,
                7.91913771536e-06,
                5.11672442371e-06,
                6.91337299941e-06,
                3.61261822945e-06,
                1.0052028756e-06,
                1.32137074615e-06,
                5.20406103988e-07,
                3.61812880101e-07,
                1.66667120993e-07,
                4.59325349311e-07,
                3.63513720458e-07,
                3.42997680036e-07,
                3.0750598512e-07,
                6.04518731961e-07,
                3.19291501683e-07,
                2.92110058808e-07,
                3.57183864708e-08,
                7.37669481055e-09
            ]
        },
        "barkbands_crest": {
            "dmean": 3.72115731239,
            "dmean2": 6.02154541016,
            "dvar": 10.4844236374,
            "dvar2": 26.8558063507,
            "max": 26.8022785187,
            "mean": 12.0392713547,
            "median": 11.556599617,
            "min": 2.24367332458,
            "var": 25.2401981354
        },
        "barkbands_flatness_db": {
            "dmean": 0.0279012620449,
            "dmean2": 0.0434080734849,
            "dvar": 0.000734935805667,
            "dvar2": 0.00162556476425,
            "max": 0.443398088217,
            "mean": 0.120338834822,
            "median": 0.112241886556,
            "min": 0.0191472638398,
            "var": 0.00345506891608
        },
        "barkbands_kurtosis": {
            "dmean": 5.0838599205,
            "dmean2": 8.15501785278,
            "dvar": 157.390548706,
            "dvar2": 374.244781494,
            "max": 465.952636719,
            "mean": 6.1439371109,
            "median": 1.89629745483,
            "min": -1.92452013493,
            "var": 276.268432617
        },
        "barkbands_skewness": {
            "dmean": 0.795469760895,
            "dmean2": 1.20848095417,
            "dvar": 0.872191846371,
            "dvar2": 1.87720096111,
            "max": 19.8521728516,
            "mean": 1.71740579605,
            "median": 1.44207966328,
            "min": -4.39375448227,
            "var": 2.90699124336
        },
        "barkbands_spread": {
            "dmean": 9.5812664032,
            "dmean2": 14.6738986969,
            "dvar": 112.176208496,
            "dvar2": 247.493652344,
            "max": 122.971260071,
            "mean": 30.3244419098,
            "median": 26.5590400696,
            "min": 0.334239393473,
            "var": 367.592010498
        },
        "dissonance": {
            "dmean": 0.0217281654477,
            "dmean2": 0.0357290096581,
            "dvar": 0.000539505272172,
            "dvar2": 0.00140293664299,
            "max": 0.500000119209,
            "mean": 0.461969703436,
            "median": 0.471432209015,
            "min": 0.224397435784,
            "var": 0.0011368712876
        },
        "dynamic_complexity": 3.25549817085,
        "erbbands": {
            "dmean": [
                0.320565849543,
                1.79716968536,
                3.83432245255,
                5.87048912048,
                4.26353931427,
                4.98189258575,
                7.54560756683,
                12.0414600372,
                14.533703804,
                12.0499668121,
                18.3188915253,
                23.1541824341,
                21.0960083008,
                27.3147621155,
                25.3350715637,
                28.5912952423,
                22.610918045,
                15.4173669815,
                19.8796100616,
                14.3880910873,
                14.8992204666,
                11.7762212753,
                8.34702396393,
                9.62253379822,
                11.6668481827,
                10.492231369,
                8.63208961487,
                9.41724967957,
                7.04709720612,
                7.33208274841,
                5.34300470352,
                3.67425942421,
                3.10728549957,
                1.77114665508,
                1.65409636497,
                0.48525211215,
                0.0949038937688,
                0.0218880195171,
                0.00562828499824,
                0.000375139788957
            ],
            "dmean2": [
                0.499124437571,
                2.98120617867,
                6.80260276794,
                9.69031524658,
                6.38233184814,
                8.68401908875,
                11.9770622253,
                19.3960952759,
                23.3930015564,
                19.379776001,
                28.2117176056,
                36.1718864441,
                32.8704185486,
                42.352180481,
                38.8391952515,
                45.0630493164,
                33.5992164612,
                23.4890880585,
                30.9071922302,
                22.8388347626,
                23.3995552063,
                19.0472660065,
                13.415555954,
                15.4163970947,
                18.747838974,
                16.4587421417,
                13.222111702,
                14.7776994705,
                10.5805807114,
                10.1560115814,
                6.9625749588,
                5.15393447876,
                4.47664403915,
                2.54820513725,
                2.4268283844,
                0.71328741312,
                0.139264434576,
                0.0327834412456,
                0.00836007297039,
                0.000571190030314
            ],
            "dvar": [
                0.278253465891,
                12.5870056152,
                111.818511963,
                170.89276123,
                80.7255401611,
                90.3891983032,
                241.885269165,
                595.453063965,
                986.513549805,
                1356.98974609,
                2029.29504395,
                3654.76879883,
                3375.37060547,
                3952.79443359,
                4111.7421875,
                4344.93505859,
                3420.75976562,
                1626.11425781,
                2449.6652832,
                988.043823242,
                1232.21850586,
                833.131225586,
                339.568695068,
                341.040435791,
                594.022399902,
                563.560974121,
                179.765167236,
                241.035461426,
                131.779464722,
                177.569854736,
                80.2151412964,
                39.0726737976,
                24.3182678223,
                8.47623920441,
                11.1808052063,
                0.829217493534,
                0.0325850397348,
                0.00184121809434,
                0.000122367157019,
                5.79534628287e-07
            ],
            "dvar2": [
                0.669278860092,
                26.361284256,
                329.284912109,
                434.506866455,
                168.89050293,
                242.184921265,
                538.787475586,
                1373.71557617,
                2391.69848633,
                3067.15454102,
                4333.12890625,
                8222.15625,
                8248.66308594,
                9296.08789062,
                9117.31152344,
                9977.02148438,
                6581.94140625,
                3755.09667969,
                5621.57617188,
                2373.63256836,
                2936.0168457,
                2161.06469727,
                842.886901855,
                823.085327148,
                1466.18676758,
                1451.52478027,
                399.798858643,
                595.991821289,
                298.753295898,
                320.281066895,
                130.510391235,
                72.2578201294,
                50.4322853088,
                17.4406757355,
                23.3961486816,
                1.78609752655,
                0.0766574144363,
                0.00430499343202,
                0.000255496153841,
                1.26871930206e-06
            ],
            "max": [
                4.13730764389,
                29.9977703094,
                84.5731277466,
                99.3551940918,
                112.801551819,
                127.093643188,
                315.807098389,
                383.405029297,
                602.44152832,
                1156.58068848,
                1753.8548584,
                1459.3425293,
                1370.67138672,
                1606.28491211,
                1299.01538086,
                1435.27783203,
                2137.77661133,
                1246.02233887,
                1189.47802734,
                679.595825195,
                908.798095703,
                394.785064697,
                277.471710205,
                317.128051758,
                853.176757812,
                722.518249512,
                254.577667236,
                225.440383911,
                217.392929077,
                222.851913452,
                125.904579163,
                127.620132446,
                87.8547668457,
                46.8214797974,
                42.5346374512,
                12.3261041641,
                3.02997970581,
                0.544012784958,
                0.15576505661,
                0.0107492906973
            ],
            "mean": [
                0.489660412073,
                2.36765837669,
                3.72706532478,
                5.64656066895,
                5.13370609283,
                5.73451852798,
                11.0535888672,
                16.5292835236,
                21.543428421,
                17.647769928,
                29.0355300903,
                31.9285736084,
                29.5906124115,
                40.9633026123,
                38.6158561707,
                45.5054283142,
                35.8502082825,
                24.0550117493,
                31.4174785614,
                22.5811309814,
                20.8826713562,
                16.3423614502,
                13.6778945923,
                17.3298015594,
                21.2620944977,
                19.2032299042,
                17.8393516541,
                16.914806366,
                13.4869012833,
                15.2977323532,
                11.7260274887,
                8.16236782074,
                6.4612455368,
                3.77673506737,
                2.70554852486,
                0.801272034645,
                0.180895090103,
                0.0424423441291,
                0.0105985105038,
                0.00071553257294
            ],
            "median": [
                0.147340357304,
                0.929136574268,
                1.01943778992,
                0.963529586792,
                1.16638886929,
                2.33818626404,
                4.82930326462,
                5.71756792068,
                4.7469587326,
                3.99176692963,
                9.77979755402,
                8.69508457184,
                8.06380367279,
                9.26508522034,
                9.38304901123,
                13.7077722549,
                10.1834383011,
                9.71206569672,
                11.4461374283,
                8.66457366943,
                8.00457000732,
                6.39959144592,
                7.03608846664,
                8.62021160126,
                9.63663482666,
                8.40787315369,
                9.0936088562,
                7.76401805878,
                5.09411525726,
                4.25858449936,
                4.10897731781,
                2.84672904015,
                2.43474984169,
                1.57817041874,
                0.872302532196,
                0.346569865942,
                0.0997321531177,
                0.0230304356664,
                0.00516488263384,
                0.000330516428221
            ],
            "min": [
                1.53244901998e-22,
                1.72292472358e-21,
                6.1281429304e-21,
                7.71743113303e-21,
                2.71358700211e-20,
                4.22344559032e-20,
                5.00080440372e-20,
                2.55943976239e-19,
                3.34467766499e-19,
                3.43741081552e-19,
                6.81980584849e-19,
                4.54035302327e-19,
                6.57605278257e-19,
                9.87580756097e-19,
                1.64014643647e-18,
                1.68298539661e-18,
                2.83627079873e-18,
                3.8360294112e-18,
                3.29498566857e-18,
                4.1590988615e-18,
                3.73605264005e-18,
                5.32601289139e-18,
                5.29234415892e-18,
                5.74605644721e-18,
                7.52776709071e-18,
                8.95883504536e-18,
                1.0078426486e-17,
                1.44295470549e-17,
                1.13965958676e-17,
                1.22446867788e-17,
                1.56610734032e-17,
                1.49439789496e-17,
                1.13450112302e-17,
                9.30894254834e-18,
                6.66934221206e-18,
                4.39480149551e-18,
                2.803978288e-18,
                1.18814175915e-18,
                2.92529166606e-19,
                3.10359910664e-20
            ],
            "var": [
                0.520906627178,
                16.5487518311,
                79.2519454956,
                160.030639648,
                123.041969299,
                96.0785140991,
                454.510253906,
                1039.4375,
                2242.57519531,
                3158.60864258,
                5155.46289062,
                6027.68896484,
                5587.94433594,
                9150.09960938,
                9069.54394531,
                10391.5214844,
                8119.66259766,
                2568.49243164,
                4248.55371094,
                1742.96777344,
                1698.60168457,
                945.595703125,
                454.243377686,
                630.248901367,
                1316.5078125,
                1019.58563232,
                555.181030273,
                548.101989746,
                392.970245361,
                678.027160645,
                355.734161377,
                159.356689453,
                85.7042312622,
                28.6462860107,
                22.4622688293,
                1.54098498821,
                0.0662945285439,
                0.00387593219057,
                0.000259693944827,
                1.17067008887e-06
            ]
        },
        "erbbands_crest": {
            "dmean": 3.2096927166,
            "dmean2": 5.08257007599,
            "dvar": 9.90244007111,
            "dvar2": 23.7114467621,
            "max": 32.9053649902,
            "mean": 9.89664554596,
            "median": 8.62696361542,
            "min": 2.23157119751,
            "var": 29.5251293182
        },
        "erbbands_flatness_db": {
            "dmean": 0.0208466369659,
            "dmean2": 0.0294628534466,
            "dvar": 0.000481558468891,
            "dvar2": 0.000890054565389,
            "max": 0.42935949564,
            "mean": 0.12877984345,
            "median": 0.114209786057,
            "min": 0.0377619825304,
            "var": 0.00347777479328
        },
        "erbbands_kurtosis": {
            "dmean": 1.34154558182,
            "dmean2": 2.08041620255,
            "dvar": 7.1635184288,
            "dvar2": 17.8288555145,
            "max": 63.0589752197,
            "mean": 0.822616636753,
            "median": -0.19508600235,
            "min": -1.87522530556,
            "var": 10.3503637314
        },
        "erbbands_skewness": {
            "dmean": 0.464133530855,
            "dmean2": 0.683769106865,
            "dvar": 0.243324637413,
            "dvar2": 0.539425313473,
            "max": 6.64202451706,
            "mean": 0.428681015968,
            "median": 0.38585999608,
            "min": -4.46168518066,
            "var": 0.885830640793
        },
        "erbbands_spread": {
            "dmean": 11.6889314651,
            "dmean2": 16.8464984894,
            "dvar": 149.388931274,
            "dvar2": 324.515777588,
            "max": 160.132034302,
            "mean": 46.7814598083,
            "median": 43.9854202271,
            "min": 1.50728559494,
            "var": 565.628112793
        },
        "gfcc": {
            "cov": [
                [
                    16185.2460938,
                    1081.54748535,
                    970.530395508,
                    1597.12072754,
                    301.411132812,
                    958.694458008,
                    174.775161743,
                    60.2097129822,
                    -94.7458953857,
                    -308.366119385,
                    -164.04208374,
                    -200.932907104,
                    -102.468910217
                ],
                [
                    1081.54748535,
                    1387.30700684,
                    431.767547607,
                    413.091308594,
                    266.8515625,
                    -21.7994823456,
                    81.3803329468,
                    -71.9108886719,
                    -6.19809389114,
                    -73.1085739136,
                    10.9429225922,
                    20.4443836212,
                    147.116470337
                ],
                [
                    970.530395508,
                    431.767547607,
                    1295.86535645,
                    734.090148926,
                    295.421783447,
                    244.161849976,
                    17.6849880219,
                    -12.1937446594,
                    69.3218917847,
                    -113.158988953,
                    -10.5532941818,
                    30.8787956238,
                    -3.32756757736
                ],
                [
                    1597.12072754,
                    413.091308594,
                    734.090148926,
                    891.81427002,
                    294.263519287,
                    194.930267334,
                    20.4273090363,
                    -5.61262178421,
                    9.94876480103,
                    -130.579620361,
                    -41.7586517334,
                    -8.68401527405,
                    11.578663826
                ],
                [
                    301.411132812,
                    266.8515625,
                    295.421783447,
                    294.263519287,
                    461.51083374,
                    201.586380005,
                    139.992843628,
                    43.031036377,
                    50.7229766846,
                    -13.1742544174,
                    37.0086975098,
                    -6.08947944641,
                    10.7629098892
                ],
                [
                    958.694458008,
                    -21.7994823456,
                    244.161849976,
                    194.930267334,
                    201.586380005,
                    404.953643799,
                    153.196807861,
                    42.1708564758,
                    9.81209373474,
                    -12.6482133865,
                    9.09776496887,
                    -20.4555797577,
                    -44.0685768127
                ],
                [
                    174.775161743,
                    81.3803329468,
                    17.6849880219,
                    20.4273090363,
                    139.992843628,
                    153.196807861,
                    251.566894531,
                    80.2024307251,
                    36.6889266968,
                    30.8040733337,
                    40.5542449951,
                    -5.26280784607,
                    -3.18162059784
                ],
                [
                    60.2097129822,
                    -71.9108886719,
                    -12.1937446594,
                    -5.61262178421,
                    43.031036377,
                    42.1708564758,
                    80.2024307251,
                    181.898773193,
                    90.2182312012,
                    24.3939380646,
                    31.8064289093,
                    1.28529298306,
                    -16.426322937
                ],
                [
                    -94.7458953857,
                    -6.19809389114,
                    69.3218917847,
                    9.94876480103,
                    50.7229766846,
                    9.81209373474,
                    36.6889266968,
                    90.2182312012,
                    144.58114624,
                    57.5457649231,
                    27.3281974792,
                    12.419593811,
                    -11.4197254181
                ],
                [
                    -308.366119385,
                    -73.1085739136,
                    -113.158988953,
                    -130.579620361,
                    -13.1742544174,
                    -12.6482133865,
                    30.8040733337,
                    24.3939380646,
                    57.5457649231,
                    148.83140564,
                    77.0432434082,
                    10.0265474319,
                    -6.32968711853
                ],
                [
                    -164.04208374,
                    10.9429225922,
                    -10.5532941818,
                    -41.7586517334,
                    37.0086975098,
                    9.09776496887,
                    40.5542449951,
                    31.8064289093,
                    27.3281974792,
                    77.0432434082,
                    138.394927979,
                    34.9406738281,
                    9.99558258057
                ],
                [
                    -200.932907104,
                    20.4443836212,
                    30.8787956238,
                    -8.68401527405,
                    -6.08947944641,
                    -20.4555797577,
                    -5.26280784607,
                    1.28529298306,
                    12.419593811,
                    10.0265474319,
                    34.9406738281,
                    92.7829589844,
                    45.8882369995
                ],
                [
                    -102.468910217,
                    147.116470337,
                    -3.32756757736,
                    11.578663826,
                    10.7629098892,
                    -44.0685768127,
                    -3.18162059784,
                    -16.426322937,
                    -11.4197254181,
                    -6.32968711853,
                    9.99558258057,
                    45.8882369995,
                    139.473709106
                ]
            ],
            "icov": [
                [
                    9.74027279881e-05,
                    -9.52405462158e-05,
                    7.58830356062e-05,
                    -0.000183258802281,
                    0.000171501364093,
                    -0.000287878210656,
                    7.84844596637e-05,
                    -8.21871362859e-05,
                    6.79651384417e-06,
                    3.78941076633e-05,
                    -1.4078708773e-05,
                    0.000123620280647,
                    3.95739189116e-05
                ],
                [
                    -9.52405462158e-05,
                    0.00125632679556,
                    -0.000284457928501,
                    -0.00012055865227,
                    -0.000569443625864,
                    0.000944787752815,
                    -0.000787489581853,
                    0.000772329280153,
                    -0.000197055836907,
                    0.000311438750941,
                    -0.000269780633971,
                    0.000339835736668,
                    -0.0010709380731
                ],
                [
                    7.58830356062e-05,
                    -0.000284457928501,
                    0.00182123901322,
                    -0.00124309922103,
                    0.000150123494677,
                    -0.000913852418307,
                    0.000448002596386,
                    0.000648428802378,
                    -0.00144466583151,
                    0.000920049089473,
                    -0.000488210556796,
                    -0.000615184719209,
                    0.000449562736321
                ],
                [
                    -0.000183258802281,
                    -0.00012055865227,
                    -0.00124309922103,
                    0.00298670423217,
                    -0.00111964857206,
                    0.000161881151143,
                    0.000432787201134,
                    -0.000261089706328,
                    0.000287836795906,
                    0.000834342150483,
                    0.00026862177765,
                    0.000174248154508,
                    -0.000183552634553
                ],
                [
                    0.000171501364093,
                    -0.000569443625864,
                    0.000150123494677,
                    -0.00111964857206,
                    0.00429885787889,
                    -0.0016963359667,
                    -0.000970352382865,
                    0.000256192928646,
                    -0.00136042246595,
                    0.000677501840983,
                    -0.00120743119624,
                    0.000920143444091,
                    -0.000333343807142
                ],
                [
                    -0.000287878210656,
                    0.000944787752815,
                    -0.000913852418307,
                    0.000161881151143,
                    -0.0016963359667,
                    0.00554603990167,
                    -0.00272717652842,
                    0.00014726354857,
                    0.00128891912755,
                    -0.000508531520609,
                    0.000443683471531,
                    -0.000193125422811,
                    0.000709278101567
                ],
                [
                    7.84844596637e-05,
                    -0.000787489581853,
                    0.000448002596386,
                    0.000432787201134,
                    -0.000970352382865,
                    -0.00272717652842,
                    0.00728282053024,
                    -0.00274757179432,
                    0.000572145334445,
                    -0.000913564232178,
                    -0.000404624501243,
                    0.000261303212028,
                    -0.000132791014039
                ],
                [
                    -8.21871362859e-05,
                    0.000772329280153,
                    0.000648428802378,
                    -0.000261089706328,
                    0.000256192928646,
                    0.00014726354857,
                    -0.00274757179432,
                    0.0105481594801,
                    -0.00725452881306,
                    0.00340738263912,
                    -0.00253850780427,
                    0.000791596714407,
                    -0.000149371102452
                ],
                [
                    6.79651384417e-06,
                    -0.000197055836907,
                    -0.00144466583151,
                    0.000287836795906,
                    -0.00136042246595,
                    0.00128891912755,
                    0.000572145334445,
                    -0.00725452881306,
                    0.0148447547108,
                    -0.00709794880822,
                    0.00325336470269,
                    -0.00213983096182,
                    0.00118956959341
                ],
                [
                    3.78941076633e-05,
                    0.000311438750941,
                    0.000920049089473,
                    0.000834342150483,
                    0.000677501840983,
                    -0.000508531520609,
                    -0.000913564232178,
                    0.00340738263912,
                    -0.00709794880822,
                    0.0144972251728,
                    -0.0074572651647,
                    0.00190784898587,
                    -0.000196981083718
                ],
                [
                    -1.4078708773e-05,
                    -0.000269780633971,
                    -0.000488210556796,
                    0.00026862177765,
                    -0.00120743119624,
                    0.000443683471531,
                    -0.000404624501243,
                    -0.00253850780427,
                    0.00325336470269,
                    -0.0074572651647,
                    0.0128831546754,
                    -0.00456646177918,
                    0.000672503723763
                ],
                [
                    0.000123620280647,
                    0.000339835736668,
                    -0.000615184719209,
                    0.000174248154508,
                    0.000920143444091,
                    -0.000193125422811,
                    0.000261303212028,
                    0.000791596714407,
                    -0.00213983096182,
                    0.00190784898587,
                    -0.00456646177918,
                    0.0155961094424,
                    -0.00522224837914
                ],
                [
                    3.95739189116e-05,
                    -0.0010709380731,
                    0.000449562736321,
                    -0.000183552634553,
                    -0.000333343807142,
                    0.000709278101567,
                    -0.000132791014039,
                    -0.000149371102452,
                    0.00118956959341,
                    -0.000196981083718,
                    0.000672503723763,
                    -0.00522224837914,
                    0.0103421136737
                ]
            ],
            "mean": [
                16.0559463501,
                38.6964111328,
                -97.8667907715,
                19.5676708221,
                -54.5787467957,
                16.8167648315,
                -26.1828174591,
                10.6371269226,
                -18.3434238434,
                10.7880496979,
                -9.439661026,
                3.06887412071,
                -5.66929149628
            ]
        },
        "hfc": {
            "dmean": 9.98972892761,
            "dmean2": 13.7506484985,
            "dvar": 179.381744385,
            "dvar2": 289.126312256,
            "max": 183.272094727,
            "mean": 33.1257896423,
            "median": 24.4873771667,
            "min": 1.14474530823e-16,
            "var": 942.608398438
        },
        "melbands": {
            "dmean": [
                0.00263970415108,
                0.00190060364548,
                0.000981168705039,
                0.000298316736007,
                0.000248045282206,
                0.000260552420514,
                0.000219210982323,
                0.000130794520373,
                0.000151611719048,
                0.000150549225509,
                0.000108817461296,
                0.000116131763207,
                8.51358709042e-05,
                9.50445028138e-05,
                5.90172749071e-05,
                4.51389496448e-05,
                2.87361690425e-05,
                3.31930241373e-05,
                2.5339275453e-05,
                1.91102099052e-05,
                1.81633968168e-05,
                1.3554889847e-05,
                9.4684501164e-06,
                8.8535807663e-06,
                8.17988711788e-06,
                1.03203465187e-05,
                7.4082795436e-06,
