{
    "lowlevel": {
        "average_loudness": 0.94165045023,
        "barkbands": {
            "dmean": [
                0.00155297934543,
                0.0158906895667,
                0.00458844657987,
                0.00254967459477,
                0.00162877235562,
                0.000562472909223,
                0.000856256112456,
                0.000608174421359,
                0.00112161785364,
                0.00120187597349,
                0.000798158056568,
                0.000414690934122,
                0.000423443096224,
                0.000537945015822,
                0.000641755585093,
                0.000566103321034,
                0.000304438406602,
                0.000353032402927,
                0.000283562549157,
                0.000240653491346,
                0.000136810485856,
                0.000138617717312,
                0.000144317440572,
                0.000148593404447,
                9.79156757239e-05,
                5.0076712796e-05,
                4.03415797336e-05
            ],
            "dmean2": [
                0.00203033909202,
                0.0227722879499,
                0.00828306842595,
                0.00452285446227,
                0.00280180270784,
                0.000911217241082,
                0.0014247042127,
                0.000981172081083,
                0.00176875165198,
                0.00188895873725,
                0.00128944218159,
                0.000704645528458,
                0.000690349843353,
                0.000897399673704,
                0.00102948152926,
                0.00093176367227,
                0.000511799065862,
                0.000567425682675,
                0.000472201645607,
                0.0003953834821,
                0.000225789888646,
                0.00023153454822,
                0.000233122918871,
                0.00023018605134,
                0.000156616879394,
                7.9834528151e-05,
                7.49008031562e-05
            ],
            "dvar": [
                6.25671327725e-06,
                0.000644343206659,
                0.000165059100254,
                3.26907538692e-05,
                8.85936697159e-06,
                1.53620442234e-06,
                4.23658866566e-06,
                1.98551697395e-06,
                4.95082122143e-06,
                6.80524135532e-06,
                1.97789017875e-06,
                6.40831217424e-07,
                6.4606314254e-07,
                8.19214733383e-07,
                1.77419133252e-06,
                1.56020337272e-06,
                2.74803511502e-07,
                3.57041500365e-07,
                2.95693979524e-07,
                1.45108629113e-07,
                5.9011316722e-08,
                1.36432305453e-07,
                9.42712290453e-08,
                9.33373343059e-08,
                3.83167808593e-08,
                8.70145644427e-09,
                2.87182277958e-08
            ],
            "dvar2": [
                1.16374876598e-05,
                0.00121206277981,
                0.000467200181447,
                8.70854346431e-05,
                2.39450309891e-05,
                3.83575843443e-06,
                1.13296082418e-05,
                4.64128925159e-06,
                1.17092040455e-05,
                1.59000373969e-05,
                4.76449440612e-06,
                1.72090494743e-06,
                1.58403599926e-06,
                2.03821673495e-06,
                4.22531729782e-06,
                3.89164006265e-06,
                6.97250754911e-07,
                8.65042352416e-07,
                7.37193602163e-07,
                3.63466540421e-07,
                1.42851490637e-07,
                3.74423166249e-07,
                2.36904753592e-07,
                2.07369765803e-07,
                9.38489250757e-08,
                2.12250252929e-08,
                8.31862934092e-08
            ],
            "max": [
                0.0612715184689,
                0.262351870537,
                0.108560442924,
                0.0427010804415,
                0.0401642434299,
                0.0357775650918,
                0.0477091111243,
                0.0227486956865,
                0.0629907399416,
                0.0617973841727,
                0.0354534126818,
                0.0171382781118,
                0.0154016744345,
                0.0134768523276,
                0.0418914780021,
                0.0256905462593,
                0.01027976349,
                0.0107339257374,
                0.0158081836998,
                0.010611818172,
                0.00782221462578,
                0.00778690073639,
                0.00728518376127,
                0.00659201992676,
                0.00435967184603,
                0.00189046317246,
                0.00226291548461
            ],
            "mean": [
                0.00395531160757,
                0.0430377461016,
                0.00364515045658,
                0.00219931779429,
                0.00199218769558,
                0.000848246214446,
                0.00118176918477,
                0.000846050388645,
                0.00182199268602,
                0.00198944681324,
                0.00117406540085,
                0.000577991944738,
                0.000630992697552,
                0.000845709524583,
                0.00098066451028,
                0.000818432250526,
                0.00045326401596,
                0.000599880993832,
                0.000426633952884,
                0.000385394203477,
                0.000235738567426,
                0.00021159593598,
                0.000234783728956,
                0.000251158431638,
                0.000174941873411,
                0.000104285973066,
                3.38125028065e-05
            ],
            "median": [
                0.0015176513698,
                0.01619014889,
                0.000695685623214,
                0.000504382653162,
                0.000815320236143,
                0.000375307688955,
                0.000416830036556,
                0.000244940107223,
                0.000606712186709,
                0.000461667659692,
                0.00046265439596,
                0.000265917216893,
                0.000287993811071,
                0.000409954052884,
                0.0003334361827,
                0.000291230331641,
                0.000213542196434,
                0.00030096899718,
                0.0002009839518,
                0.000220450354391,
                0.000122951358208,
                0.000117136296467,
                0.00011660438031,
                0.00012412534852,
                9.67413070612e-05,
                4.4677479309e-05,
                3.78895038011e-06
            ],
            "min": [
                6.12147069437e-24,
                6.30290199725e-24,
                1.26251997176e-23,
                5.42997415752e-24,
                5.80613995582e-23,
                2.64662754816e-23,
                2.79803441056e-23,
                5.89214409606e-23,
                3.43232969654e-23,
                5.3520085099e-23,
                3.10372589994e-23,
                1.98948675569e-22,
                1.02264551428e-22,
                4.80000750909e-23,
                1.14506050779e-22,
                1.33240272966e-22,
                7.78073263897e-23,
                1.62211334861e-22,
                3.66630413709e-22,
                3.3861338126e-22,
                4.74889367695e-22,
                5.20344214629e-22,
                6.89239056758e-22,
                7.4772704705e-22,
                8.7100533207e-22,
                2.20050459922e-21,
                2.44558533041e-21
            ],
            "var": [
                3.11022085953e-05,
                0.00276254606433,
                0.000102915415482,
                2.50773555308e-05,
                1.03056709122e-05,
                2.69759334515e-06,
                5.18467822985e-06,
                3.51131598109e-06,
                1.15737202577e-05,
                1.9356397388e-05,
                3.83034421247e-06,
                8.86526891009e-07,
                1.20161291761e-06,
                1.59528872246e-06,
                3.61614092981e-06,
                2.75954334938e-06,
                4.58296199213e-07,
                7.1303935556e-07,
                4.63342360035e-07,
                2.55415045558e-07,
                1.41267520348e-07,
                1.2148991857e-07,
                1.39528324894e-07,
                1.68155281699e-07,
                5.78435219722e-08,
                2.2806744937e-08,
                1.80640018499e-08
            ]
        },
        "barkbands_crest": {
            "dmean": 2.86935758591,
            "dmean2": 4.35669136047,
            "dvar": 10.4678840637,
            "dvar2": 19.1660842896,
            "max": 26.4023685455,
            "mean": 13.8539123535,
            "median": 12.3272953033,
            "min": 1.97803092003,
            "var": 46.4199256897
        },
        "barkbands_flatness_db": {
            "dmean": 0.0298342369497,
            "dmean2": 0.0441216826439,
            "dvar": 0.00122180196922,
            "dvar2": 0.00234101014212,
            "max": 0.510513365269,
            "mean": 0.142059370875,
            "median": 0.123746313155,
            "min": 0.0157206207514,
            "var": 0.0058621885255
        },
        "barkbands_kurtosis": {
            "dmean": 10.6648454666,
            "dmean2": 15.8235321045,
            "dvar": 1208.52050781,
            "dvar2": 2067.04223633,
            "max": 1259.11987305,
            "mean": 17.1088085175,
            "median": 2.83280515671,
            "min": -1.92092871666,
            "var": 3170.39477539
        },
        "barkbands_skewness": {
            "dmean": 0.966844081879,
            "dmean2": 1.40941977501,
            "dvar": 1.86339700222,
            "dvar2": 3.39584302902,
            "max": 28.8481330872,
            "mean": 2.56898450851,
            "median": 1.77426433563,
            "min": -5.93225860596,
            "var": 8.67812538147
        },
        "barkbands_spread": {
            "dmean": 7.62362003326,
            "dmean2": 11.9536514282,
            "dvar": 85.2089920044,
            "dvar2": 193.228210449,
            "max": 117.245315552,
            "mean": 24.0936393738,
            "median": 22.7566719055,
            "min": 0.265077829361,
            "var": 235.882720947
        },
        "dissonance": {
            "dmean": 0.0157259758562,
            "dmean2": 0.0267741456628,
            "dvar": 0.00022807973437,
            "dvar2": 0.000622435472906,
            "max": 0.500000119209,
            "mean": 0.474818974733,
            "median": 0.479454278946,
            "min": 0.321717351675,
            "var": 0.000378155265935
        },
        "dynamic_complexity": 2.55641007423,
        "erbbands": {
            "dmean": [
                0.673853874207,
                3.33591580391,
                5.88511419296,
                6.95159196854,
                6.77608823776,
                5.13030433655,
                4.59359264374,
                5.32518482208,
                9.09484958649,
                15.5712757111,
                11.9825534821,
                27.8535938263,
                34.1794128418,
                33.1543197632,
                24.8879909515,
                15.6317176819,
                18.6067733765,
                24.1170864105,
                28.273021698,
                31.3565349579,
                24.2198467255,
                16.6388683319,
                21.0469055176,
                13.5052461624,
                14.3032112122,
                10.8219604492,
                6.45605516434,
                5.10859203339,
                4.92023611069,
                4.737200737,
                4.13376426697,
                3.20406508446,
                2.50327372551,
                1.25685203075,
                0.67897439003,
                0.285550892353,
                0.0780928060412,
                0.0369354709983,
                0.00685541052371,
                0.000265419454081
            ],
            "dmean2": [
                0.856286048889,
                4.9934220314,
                10.3266487122,
                11.9884595871,
                12.1679010391,
                8.72566890717,
                7.63465738297,
                8.64605045319,
                15.0498352051,
                25.7478904724,
                19.0507946014,
                43.8291816711,
                54.5788383484,
                52.0481910706,
                40.8875999451,
                26.5373001099,
                30.2815437317,
                40.5685691833,
                44.900604248,
                51.08543396,
                40.1472434998,
                27.6362609863,
                34.1071853638,
                22.0404434204,
                23.9901752472,
                17.6354789734,
                10.5946550369,
                8.4605474472,
                8.16585826874,
                7.78749608994,
                6.72726869583,
                5.04885005951,
                3.88420581818,
                1.99560236931,
                1.10492634773,
                0.465464234352,
                0.123174071312,
                0.0649620071054,
                0.0127478139475,
                0.000492177787237
            ],
            "dvar": [
                1.03615868092,
                36.4075927734,
                262.917327881,
                247.029342651,
                207.069900513,
                90.7359542847,
                97.8454971313,
                163.023193359,
                333.216186523,
                1938.49560547,
                746.992126465,
                3177.84521484,
                5531.25634766,
                4219.49121094,
                1824.03649902,
                910.981872559,
                1327.89941406,
                1812.57080078,
                2574.67553711,
                4764.11523438,
                2137.11621094,
                827.364807129,
                1475.37316895,
                499.75012207,
                830.747680664,
                302.423919678,
                133.172576904,
                94.2428665161,
                148.078048706,
                136.005722046,
                90.4535369873,
                41.2927017212,
                29.9156856537,
                6.78049325943,
                1.72010219097,
                0.293017745018,
                0.0216528996825,
                0.0123749841005,
                0.000955059076659,
                1.57329100148e-06
            ],
            "dvar2": [
                1.62038755417,
                77.353477478,
                725.44329834,
                667.081420898,
                582.295166016,
                233.919219971,
                249.505859375,
                400.013366699,
                859.970825195,
                5213.25634766,
                1769.98779297,
                7303.09521484,
                13551.4023438,
                9712.81640625,
                4538.13037109,
                2480.41113281,
                3166.69946289,
                4703.86523438,
                5955.63085938,
                12327.8134766,
                5386.26953125,
                2125.37817383,
                3615.65869141,
                1238.71069336,
                2095.90625,
                750.053222656,
                318.300933838,
                238.089675903,
                401.149383545,
                365.237457275,
                232.42628479,
                94.9584197998,
                66.8303451538,
                16.1737689972,
                4.36303710938,
                0.734009385109,
                0.0518765710294,
                0.0353911742568,
                0.00275759748183,
                4.55904410046e-06
            ],
            "max": [
                12.3851861954,
                53.3031349182,
                131.951278687,
                111.713859558,
                120.741172791,
                135.672897339,
                280.008880615,
                413.367095947,
                309.375762939,
                1106.36206055,
                695.792724609,
                1335.99645996,
                1560.32226563,
                1379.69995117,
                979.612426758,
                797.814575195,
                708.744873047,
                860.618469238,
                1096.60522461,
                1734.56396484,
                1023.23852539,
                579.33001709,
                675.28338623,
                491.217681885,
                865.888305664,
                496.016815186,
                496.547149658,
                193.217575073,
                194.691894531,
                377.118652344,
                283.430053711,
                122.470367432,
                133.615402222,
                53.8259811401,
                26.2623348236,
                11.0455951691,
                2.81282377243,
                1.59950184822,
                0.458551794291,
                0.0170318987221
            ],
            "mean": [
                1.89732301235,
                6.94027233124,
                5.60485506058,
                6.15113306046,
                6.53874969482,
                6.65797662735,
                6.16368961334,
                8.08821201324,
                13.304394722,
                22.0606117249,
                17.9014606476,
                45.5552253723,
                59.598690033,
                54.4385643005,
                38.0332107544,
                23.3074321747,
                29.4383621216,
                40.2753067017,
                50.4976425171,
                49.7932472229,
                37.0668869019,
                26.6965351105,
                35.0320358276,
                22.9306182861,
                22.0041561127,
                17.5367565155,
                11.4401464462,
                8.1911687851,
                7.4686088562,
                7.6292514801,
                6.63367557526,
                5.2768497467,
                4.11129617691,
                2.19914579391,
                1.15499043465,
                0.513739347458,
                0.167098522186,
                0.054904166609,
                0.00523195182905,
                0.000258581159869
            ],
            "median": [
                0.542474031448,
                2.49670481682,
                1.68832027912,
                1.46516060829,
                2.3096075058,
                2.46948242188,
                2.73028802872,
                3.5409681797,
                5.51180839539,
                7.14994049072,
                7.36125183105,
                15.2666149139,
                18.3396873474,
                17.714756012,
                18.5922412872,
                12.1633472443,
                15.0881443024,
                23.6706924438,
                22.8261146545,
                20.634098053,
                15.6638069153,
                13.5408592224,
                17.4793739319,
                11.8205938339,
                11.0934782028,
                10.1037664413,
                6.1253194809,
                4.35962581635,
                4.06862163544,
                4.02716159821,
                3.30344390869,
                2.52613258362,
                2.08544278145,
                1.1563937664,
                0.642870485783,
                0.245895966887,
                0.0681237280369,
                0.0129487542436,
                0.000519902503584,
                0.000102937614429
            ],
            "min": [
                2.36447639394e-22,
                1.40649017299e-21,
                8.99124807889e-21,
                2.55270699688e-20,
                2.55300281088e-20,
                2.02238008349e-19,
                3.09122306296e-19,
                2.84677594081e-19,
                3.89887368276e-19,
                6.08315550109e-19,
                1.43728897324e-18,
                8.68294487527e-19,
                9.08414194802e-19,
                1.96626849343e-18,
                2.65658132029e-18,
                7.71231935717e-18,
                5.53011019496e-18,
                2.71180389798e-18,
                4.03365774879e-18,
                6.06855224776e-18,
                7.66398388526e-18,
                5.62372760156e-18,
                8.8912891309e-18,
                1.28906701695e-17,
                1.96859191969e-17,
                1.75298861652e-17,
                1.54585547738e-17,
                2.01003234489e-17,
                1.7673198515e-17,
                2.2798247463e-17,
                1.79560165295e-17,
                1.64561279751e-17,
                1.10029662566e-17,
                8.40724702467e-18,
                7.33946521452e-18,
                6.53505729782e-18,
                4.47260072725e-18,
                1.38700776573e-18,
                3.58219740801e-19,
                3.76126391605e-20
            ],
            "var": [
                5.74366283417,
                91.6312103271,
                183.376373291,
                189.999328613,
                150.509933472,
                143.090835571,
                137.188323975,
                288.643096924,
                492.137298584,
                2342.6730957,
                1150.39294434,
                7965.54052734,
                13683.3095703,
                9486.34082031,
                3487.12597656,
                1236.35351563,
                2280.92895508,
                3152.65087891,
                6663.49462891,
                7549.42285156,
                3571.54199219,
                1377.90966797,
                2709.62231445,
                1014.50933838,
                1232.26391602,
                518.985961914,
                338.074829102,
                144.475234985,
                140.686477661,
                150.095001221,
                121.042739868,
                71.7880249023,
                50.656578064,
                10.5680732727,
                2.4312517643,
                0.506410777569,
                0.0658028125763,
                0.0155623331666,
                0.000572066055611,
                9.1430217708e-07
            ]
        },
        "erbbands_crest": {
            "dmean": 2.79070138931,
            "dmean2": 4.5412940979,
            "dvar": 7.0008687973,
            "dvar2": 17.3941307068,
            "max": 29.2209701538,
            "mean": 8.66191101074,
            "median": 7.65528869629,
            "min": 2.27240633965,
            "var": 17.2153701782
        },
        "erbbands_flatness_db": {
            "dmean": 0.0169939771295,
            "dmean2": 0.0250258930027,
            "dvar": 0.000254100799793,
            "dvar2": 0.000523661030456,
            "max": 0.322551697493,
            "mean": 0.125273674726,
            "median": 0.122900545597,
            "min": 0.0326727107167,
            "var": 0.00128222443163
        },
        "erbbands_kurtosis": {
            "dmean": 0.850784897804,
            "dmean2": 1.35439920425,
            "dvar": 1.18741941452,
            "dvar2": 2.78571224213,
            "max": 28.4217090607,
            "mean": 0.416587173939,
            "median": 0.043357398361,
            "min": -1.78535509109,
            "var": 2.56050229073
        },
        "erbbands_skewness": {
            "dmean": 0.381377875805,
            "dmean2": 0.589360535145,
            "dvar": 0.128575786948,
            "dvar2": 0.302615076303,
            "max": 3.76642584801,
            "mean": 0.0917783230543,
            "median": 0.0927499383688,
            "min": -3.90636730194,
            "var": 0.455324143171
        },
        "erbbands_spread": {
            "dmean": 10.457616806,
            "dmean2": 15.9977893829,
            "dvar": 143.303985596,
            "dvar2": 317.864562988,
            "max": 189.551635742,
            "mean": 43.6494750977,
            "median": 37.5214233398,
            "min": 5.88620758057,
            "var": 520.746032715
        },
        "gfcc": {
            "cov": [
                [
                    20704.7363281,
                    1602.5,
                    -53.3967437744,
                    130.235122681,
                    -450.108428955,
                    436.474090576,
                    -691.688232422,
                    270.217926025,
                    -399.52154541,
                    -14.1772794724,
                    -89.3698730469,
                    65.2730255127,
                    -185.025314331
                ],
                [
                    1602.5,
                    1141.73034668,
                    -50.3581619263,
                    156.028076172,
                    152.256835938,
                    12.6493434906,
                    64.4972763062,
                    23.149679184,
                    80.1093826294,
                    -35.3845252991,
                    97.7716674805,
                    -40.0105895996,
                    48.2528877258
                ],
                [
                    -53.3967437744,
                    -50.3581619263,
                    789.282470703,
                    206.646957397,
                    111.72845459,
                    144.471923828,
                    50.4070892334,
                    -17.8503570557,
                    -16.5039043427,
                    43.6830978394,
                    41.0087547302,
                    37.4866333008,
                    -16.4656066895
                ],
                [
                    130.235122681,
                    156.028076172,
                    206.646957397,
                    409.364654541,
                    66.209854126,
                    34.5285377502,
                    -15.5485010147,
                    4.22962856293,
                    64.6239089966,
                    24.3752841949,
                    85.1515960693,
                    36.5032539368,
                    58.2540283203
                ],
                [
                    -450.108428955,
                    152.256835938,
                    111.72845459,
                    66.209854126,
                    323.700958252,
                    71.7397079468,
                    153.113067627,
                    39.1546020508,
                    81.6185684204,
                    17.2690544128,
                    67.6258010864,
                    30.9735126495,
                    54.3831520081
                ],
                [
                    436.474090576,
                    12.6493434906,
                    144.471923828,
                    34.5285377502,
                    71.7397079468,
                    253.128250122,
                    100.614601135,
                    49.3331947327,
                    4.80519533157,
                    41.7650527954,
                    24.0165653229,
                    34.8569145203,
                    18.8306503296
                ],
                [
                    -691.688232422,
                    64.4972763062,
                    50.4070892334,
                    -15.5485010147,
                    153.113067627,
                    100.614601135,
                    289.128417969,
                    53.1643562317,
                    84.3926391602,
                    22.2750148773,
                    22.9137554169,
                    10.4512176514,
                    39.2090377808
                ],
                [
                    270.217926025,
                    23.149679184,
                    -17.8503570557,
                    4.22962856293,
                    39.1546020508,
                    49.3331947327,
                    53.1643562317,
                    153.14541626,
                    65.9633102417,
                    29.0923500061,
                    28.591960907,
                    20.9990901947,
                    27.0421161652
                ],
                [
                    -399.52154541,
                    80.1093826294,
                    -16.5039043427,
                    64.6239089966,
                    81.6185684204,
                    4.80519533157,
                    84.3926391602,
                    65.9633102417,
                    182.963500977,
                    53.4660339355,
                    60.1210174561,
                    20.3707523346,
                    53.9901313782
                ],
                [
                    -14.1772794724,
                    -35.3845252991,
                    43.6830978394,
                    24.3752841949,
                    17.2690544128,
                    41.7650527954,
                    22.2750148773,
                    29.0923500061,
                    53.4660339355,
                    110.703445435,
                    53.9445762634,
                    38.1010360718,
                    12.7978544235
                ],
                [
                    -89.3698730469,
                    97.7716674805,
                    41.0087547302,
                    85.1515960693,
                    67.6258010864,
                    24.0165653229,
                    22.9137554169,
                    28.591960907,
                    60.1210174561,
                    53.9445762634,
                    156.394104004,
                    57.944316864,
                    44.5487518311
                ],
                [
                    65.2730255127,
                    -40.0105895996,
                    37.4866333008,
                    36.5032539368,
                    30.9735126495,
                    34.8569145203,
                    10.4512176514,
                    20.9990901947,
                    20.3707523346,
                    38.1010360718,
                    57.944316864,
                    98.2715148926,
                    47.8129920959
                ],
                [
                    -185.025314331,
                    48.2528877258,
                    -16.4656066895,
                    58.2540283203,
                    54.3831520081,
                    18.8306503296,
                    39.2090377808,
                    27.0421161652,
                    53.9901313782,
                    12.7978544235,
                    44.5487518311,
                    47.8129920959,
                    103.432723999
                ]
            ],
            "icov": [
                [
                    8.6217711214e-05,
                    -0.000181120180059,
                    1.54309636855e-05,
                    -9.44613839238e-06,
                    8.27477269922e-05,
                    -0.000209445075598,
                    0.000249267905019,
                    -0.000245289760642,
                    0.000148222738062,
                    -5.92379292357e-05,
                    0.000175504319486,
                    -0.000260876666289,
                    0.000185726908967
                ],
                [
                    -0.000181120180059,
                    0.00152081914712,
                    0.000172624830157,
                    -0.000342493149219,
                    -0.000553691468667,
                    0.000268708914518,
                    -0.000524585542735,
                    0.000517684442457,
                    -0.000443667784566,
                    0.000754346023314,
                    -0.00126940500923,
                    0.00166020949837,
                    -0.000589857110754
                ],
                [
                    1.54309636855e-05,
                    0.000172624830157,
                    0.00187691568863,
                    -0.00107568921521,
                    -0.000570520351175,
                    -0.000786895281635,
                    -0.000145275815157,
                    0.000331439601723,
                    0.00050774787087,
                    -0.000390062021324,
                    8.05931631476e-05,
                    -0.000447248952696,
                    0.00121860438958
                ],
                [
                    -9.44613839238e-06,
                    -0.000342493149219,
                    -0.00107568921521,
                    0.00379313132726,
                    1.41292521221e-05,
                    -0.000264490139671,
                    0.00109124998562,
                    0.000470596773084,
                    -0.00129257270601,
                    0.000478022731841,
                    -0.00107262830716,
                    0.000291904550977,
                    -0.00171805673745
                ],
                [
                    8.27477269922e-05,
                    -0.000553691468667,
                    -0.000570520351175,
                    1.41292521221e-05,
                    0.0051122456789,
                    -0.000406876497436,
                    -0.00179164926521,
                    -0.000173740656464,
                    -0.000722326745745,
                    0.000924277061131,
                    -0.000939926190767,
                    -0.000666928710416,
                    -0.000605904788245
                ],
                [
                    -0.000209445075598,
                    0.000268708914518,
                    -0.000786895281635,
                    -0.000264490139671,
                    -0.000406876497436,
                    0.00650621531531,
                    -0.0025575067848,
                    -0.0011224282207,
                    0.00182454951573,
                    -0.00188110675663,
                    0.000125096179545,
                    -0.000358081277227,
                    -0.000791935191955
                ],
                [
                    0.000249267905019,
                    -0.000524585542735,
                    -0.000145275815157,
                    0.00109124998562,
                    -0.00179164926521,
                    -0.0025575067848,
                    0.00674440991133,
                    -0.000841324275825,
                    -0.00182832765859,
                    0.00020979445253,
                    0.000941767473705,
                    0.000154259047122,
                    -0.000424692727393
                ],
                [
                    -0.000245289760642,
                    0.000517684442457,
                    0.000331439601723,
                    0.000470596773084,
                    -0.000173740656464,
                    -0.0011224282207,
                    -0.000841324275825,
                    0.00927824433893,
                    -0.00335464510135,
                    0.00011080178956,
                    -0.00069749657996,
                    2.56847743003e-05,
                    -0.000677816104144
                ],
                [
                    0.000148222738062,
                    -0.000443667784566,
                    0.00050774787087,
                    -0.00129257270601,
                    -0.000722326745745,
                    0.00182454951573,
                    -0.00182832765859,
                    -0.00335464510135,
                    0.0110182855278,
                    -0.00465966947377,
                    -0.000634002790321,
                    0.00176772824489,
                    -0.00282020494342
                ],
                [
                    -5.92379292357e-05,
                    0.000754346023314,
                    -0.000390062021324,
                    0.000478022731841,
                    0.000924277061131,
                    -0.00188110675663,
                    0.00020979445253,
                    0.00011080178956,
                    -0.00465966947377,
                    0.0146302348003,
                    -0.00364788947627,
                    -0.00318460352719,
                    0.00262412941083
                ],
                [
                    0.000175504319486,
                    -0.00126940500923,
                    8.05931631476e-05,
                    -0.00107262830716,
                    -0.000939926190767,
                    0.000125096179545,
                    0.000941767473705,
                    -0.00069749657996,
                    -0.000634002790321,
                    -0.00364788947627,
                    0.0116960927844,
                    -0.00532932579517,
                    2.81665652437e-05
                ],
                [
                    -0.000260876666289,
                    0.00166020949837,
                    -0.000447248952696,
                    0.000291904550977,
                    -0.000666928710416,
                    -0.000358081277227,
                    0.000154259047122,
                    2.56847743003e-05,
                    0.00176772824489,
                    -0.00318460352719,
                    -0.00532932579517,
                    0.0194836296141,
                    -0.008365993388
                ],
                [
                    0.000185726908967,
                    -0.000589857110754,
                    0.00121860438958,
                    -0.00171805673745,
                    -0.000605904788245,
                    -0.000791935191955,
                    -0.000424692727393,
                    -0.000677816104144,
                    -0.00282020494342,
                    0.00262412941083,
                    2.81665652437e-05,
                    -0.008365993388,
                    0.0172406621277
                ]
            ],
            "mean": [
                25.0790615082,
                63.13230896,
                -103.80014801,
                33.7064552307,
                -41.0076599121,
                29.4791679382,
                -26.3079509735,
                22.0550117493,
                -16.3710746765,
                8.85737609863,
                -13.621673584,
                4.2953414917,
                -7.92266654968
            ]
        },
        "hfc": {
            "dmean": 9.92760944366,
            "dmean2": 15.6958112717,
            "dvar": 202.994171143,
            "dvar2": 519.4296875,
            "max": 157.745925903,
            "mean": 31.4280910492,
            "median": 28.1543235779,
            "min": 1.18703316342e-16,
            "var": 431.15145874
        },
        "melbands": {
            "dmean": [
                0.00504468940198,
                0.0034067388624,
                0.00119321956299,
                0.000408546475228,
                0.000173964624992,
                0.000116377043014,
                0.000149711573613,
                0.000163990000146,
                0.000100051605841,
                0.000187812154763,
                0.000176297558937,
                0.000141771393828,
                9.08840229386e-05,
                5.13273371325e-05,
                3.52897623088e-05,
                5.07559925609e-05,
                4.96207139804e-05,
                4.713205999e-05,
                5.19518180226e-05,
                4.75234555779e-05,
                2.71063672699e-05,
                1.99008427444e-05,
                1.80032166099e-05,
                1.66100326169e-05,
                1.15800939966e-05,
                1.079536014e-05,
                1.02224312286e-05,
                7.47556214264e-06,
                4.38398637925e-06,
