{
    "lowlevel": {
        "average_loudness": 0.784780085087,
        "barkbands": {
            "dmean": [
                0.000179784561624,
                0.00329328374937,
                0.00219081132673,
                0.00150402786676,
                0.000727084989194,
                0.000889350427315,
                0.000577759405132,
                0.000721951830201,
                0.000942463462707,
                0.00106494617648,
                0.000666408217512,
                0.000254612765275,
                0.00054003240075,
                0.000264480884653,
                0.000371688278392,
                0.000301224994473,
                0.000221988928388,
                0.000114779315481,
                7.69525795477e-05,
                4.44601319032e-05,
                5.32545891474e-05,
                5.48239586351e-05,
                4.15606918978e-05,
                4.69808364869e-05,
                4.38580900664e-05,
                1.44630248542e-05,
                1.45665774198e-06
            ],
            "dmean2": [
                0.000274704623735,
                0.00552127696574,
                0.00373781402595,
                0.00249260594137,
                0.00119389849715,
                0.00142171676271,
                0.000933270901442,
                0.00110045494512,
                0.00146404642146,
                0.00166552385781,
                0.00101469922811,
                0.000415486516431,
                0.000853032164741,
                0.000419623887865,
                0.000579614017624,
                0.00046825161553,
                0.000350844900822,
                0.000187768077012,
                0.000127351275296,
                7.25322024664e-05,
                8.47519622766e-05,
                8.67623093654e-05,
                6.3666186179e-05,
                6.91733148415e-05,
                6.46273038001e-05,
                2.1881347493e-05,
                2.38353004534e-06
            ],
            "dvar": [
                4.89639262469e-07,
                9.13619805942e-05,
                3.80039236916e-05,
                2.50302473432e-05,
                2.04235493584e-06,
                4.72858891953e-06,
                3.29100657837e-06,
                5.42191673958e-06,
                6.68710663376e-06,
                8.92387106433e-06,
                4.92168101118e-06,
                9.3228516107e-07,
                2.59914190792e-06,
                7.53389656438e-07,
                1.57598287842e-06,
                1.05433866793e-06,
                6.3410459461e-07,
                9.34343589165e-08,
                2.35879440424e-08,
                9.01641872275e-09,
                1.42265426106e-08,
                2.07612753655e-08,
                1.18467440302e-08,
                3.38189742877e-08,
                3.46376900495e-08,
                3.81290243823e-09,
                8.76847969233e-11
            ],
            "dvar2": [
                1.14477654733e-06,
                0.000230608304264,
                0.000102266101749,
                6.18558115093e-05,
                5.54691087018e-06,
                1.1916299627e-05,
                8.10705932963e-06,
                1.21470520753e-05,
                1.50076102727e-05,
                2.05284122785e-05,
                1.01702453321e-05,
                2.17186743612e-06,
                6.03514217801e-06,
                1.66580957739e-06,
                3.48831576957e-06,
                2.12109443964e-06,
                1.44957550674e-06,
                2.41161842496e-07,
                5.95509277446e-08,
                2.00683167861e-08,
                3.20615285432e-08,
                4.92495928484e-08,
                2.65741721961e-08,
                6.14861264125e-08,
                6.5796101012e-08,
                8.31363689002e-09,
                2.19640472476e-10
            ],
            "max": [
                0.00990762934089,
                0.130414605141,
                0.0693853795528,
                0.0759655386209,
                0.0335388928652,
                0.0401956737041,
                0.0549365580082,
                0.0657563731074,
                0.0502030439675,
                0.0765396133065,
                0.0624179430306,
                0.0407080873847,
                0.0454296320677,
                0.0363616943359,
                0.0524567961693,
                0.0400802455842,
                0.0331315286458,
                0.0118391271681,
                0.0035440674983,
                0.00353016424924,
                0.00371895753779,
                0.00631416076794,
                0.00502804387361,
                0.00722600053996,
                0.00596066750586,
                0.00238611060195,
                0.000733784632757
            ],
            "mean": [
                0.000189934304217,
                0.00680804392323,
                0.00308355223387,
                0.00184552383143,
                0.00163015781436,
                0.00163585157134,
                0.000886882888153,
                0.00119103852194,
                0.00163370068185,
                0.00222896761261,
                0.00136521854438,
                0.000369630259229,
                0.00101022864692,
                0.000453173386632,
                0.000623476225883,
                0.00056586280698,
                0.000477014982607,
                0.000242206486291,
                0.000182483374374,
                0.000110954606498,
                0.000136088739964,
                0.000135500798933,
                0.000107098392618,
                0.000102806538052,
                8.75716068549e-05,
                2.42584283114e-05,
                1.65093558735e-06
            ],
            "median": [
                8.2153646872e-06,
                0.00444252090529,
                0.00115878426004,
                0.000644103158265,
                0.000943090883084,
                0.000683888501953,
                0.000272585602943,
                0.000282885244815,
                0.000254188780673,
                0.000295401259791,
                0.000201384871616,
                0.00012833152141,
                0.000219520850806,
                0.000120506178064,
                0.000198438414373,
                0.000199660120416,
                0.000154795328854,
                0.000117863542982,
                9.99516487354e-05,
                6.19579805061e-05,
                5.16561303812e-05,
                3.28415226249e-05,
                2.48273227044e-05,
                2.08892142837e-05,
                1.60487761605e-05,
                4.10049824495e-06,
                1.07423154816e-07
            ],
            "min": [
                8.32509715067e-23,
                1.20112908062e-23,
                2.03170573937e-23,
                3.51849003124e-23,
                2.75761096896e-23,
                2.19489755261e-23,
                4.24804374252e-23,
                2.97694522396e-23,
                3.51823033823e-23,
                5.08984226319e-23,
                5.19100136805e-23,
                9.71555600398e-23,
                1.69105045161e-22,
                1.11109606996e-22,
                8.3284703199e-23,
                1.39265908105e-22,
                2.22882816408e-22,
                9.80758577936e-23,
                2.75322452368e-22,
                2.81780989127e-22,
                3.82981215733e-22,
                5.89772960992e-22,
                6.53877691417e-22,
                1.16416018084e-21,
                1.36517607587e-21,
                1.58145321088e-21,
                2.69777161576e-21
            ],
            "var": [
                5.7988251001e-07,
                0.000118174524687,
                3.67166612705e-05,
                2.43348058575e-05,
                4.60009960079e-06,
                9.0378925961e-06,
                4.78556330563e-06,
                1.04856508187e-05,
                1.85543503903e-05,
                4.24919599027e-05,
                2.13498769881e-05,
                1.35998232054e-06,
                8.29131931823e-06,
                2.329471954e-06,
                3.19834839502e-06,
                2.51917549576e-06,
                2.27199598157e-06,
                2.14605464066e-07,
                6.81796805679e-08,
                3.09559453626e-08,
                4.88910067986e-08,
                6.3013736451e-08,
                4.34296119067e-08,
                1.03584113731e-07,
                9.20326570508e-08,
                7.95857246771e-09,
                1.26742463746e-10
            ]
        },
        "barkbands_crest": {
            "dmean": 2.39803957939,
            "dmean2": 3.87014651299,
            "dvar": 5.81652069092,
            "dvar2": 14.6455974579,
            "max": 25.636051178,
            "mean": 10.9743452072,
            "median": 10.0243339539,
            "min": 2.84062314034,
            "var": 19.5545196533
        },
        "barkbands_flatness_db": {
            "dmean": 0.0189449395984,
            "dmean2": 0.0294666737318,
            "dvar": 0.000449132203357,
            "dvar2": 0.00106604525354,
            "max": 0.419790387154,
            "mean": 0.167030155659,
            "median": 0.150657832623,
            "min": 0.0224520154297,
            "var": 0.00543832127005
        },
        "barkbands_kurtosis": {
            "dmean": 3.26473426819,
            "dmean2": 5.38200855255,
            "dvar": 68.7763900757,
            "dvar2": 190.439147949,
            "max": 258.900726318,
            "mean": 5.58179569244,
            "median": 1.96424925327,
            "min": -1.91972875595,
            "var": 160.852493286
        },
        "barkbands_skewness": {
            "dmean": 0.497803002596,
            "dmean2": 0.78319811821,
            "dvar": 0.408348888159,
            "dvar2": 0.990394353867,
            "max": 13.3703126907,
            "mean": 1.54824125767,
            "median": 1.3566634655,
            "min": -3.42241621017,
            "var": 2.05391478539
        },
        "barkbands_spread": {
            "dmean": 4.33850765228,
            "dmean2": 6.71591663361,
            "dvar": 38.1805992126,
            "dvar2": 79.0311355591,
            "max": 106.540939331,
            "mean": 19.1217308044,
            "median": 16.5080223083,
            "min": 0.55624628067,
            "var": 204.937911987
        },
        "dissonance": {
            "dmean": 0.0217658635229,
            "dmean2": 0.037119332701,
            "dvar": 0.000546599389054,
            "dvar2": 0.00151813635603,
            "max": 0.5,
            "mean": 0.456398516893,
            "median": 0.466471046209,
            "min": 0.162589073181,
            "var": 0.00137238693424
        },
        "dynamic_complexity": 4.78606843948,
        "erbbands": {
            "dmean": [
                0.0882233604789,
                0.806824207306,
                2.21676254272,
                4.26379585266,
                2.81312251091,
                2.67672657967,
                4.91203355789,
                7.92007112503,
                8.6654586792,
                10.2285871506,
                14.8463468552,
                24.3160037994,
                23.1739749908,
                34.0827102661,
                24.0249271393,
                11.7132959366,
                24.5770378113,
                14.7017154694,
                16.5763092041,
                15.6305265427,
                14.9010219574,
                9.48304843903,
                6.5535326004,
                4.1923160553,
                3.42441940308,
                2.09834623337,
                2.21582341194,
                2.14291334152,
                1.74273002148,
                1.8000408411,
                1.10155200958,
                0.890342116356,
                0.883656680584,
                0.625448167324,
                0.25288388133,
                0.0817058905959,
                0.0245708432049,
                0.0038534689229,
                0.000226359930821,
                1.36326198117e-05
            ],
            "dmean2": [
                0.143722817302,
                1.3506270647,
                3.76447892189,
                7.09358024597,
                4.70763874054,
                4.34154987335,
                7.8591799736,
                12.6754961014,
                13.8105449677,
                16.1560173035,
                22.5359592438,
                37.8503990173,
                36.2066192627,
                52.7572975159,
                36.6788215637,
                18.8372077942,
                38.7793807983,
                23.1330356598,
                26.3183727264,
                23.6269264221,
                22.742521286,
                14.917339325,
                10.6404161453,
                6.94577455521,
                5.63256883621,
                3.47149825096,
                3.57225084305,
                3.4291613102,
                2.72746658325,
                2.80153369904,
                1.6885535717,
                1.34726536274,
                1.28256118298,
                0.918861806393,
                0.383630633354,
                0.124223396182,
                0.0373901501298,
                0.00590081233531,
                0.000372303358745,
                2.15522341023e-05
            ],
            "dvar": [
                0.0713313668966,
                5.86173248291,
                41.7613334656,
                169.675430298,
                50.7563018799,
                34.1477355957,
                153.424026489,
                398.423156738,
                693.763366699,
                1256.27050781,
                2383.17089844,
                4421.06640625,
                5884.97607422,
                10455.6103516,
                6335.23730469,
                1920.23242188,
                5638.49560547,
                2033.74450684,
                3522.20849609,
                3059.24975586,
                2883.5390625,
                978.111450195,
                303.227935791,
                82.1754684448,
                50.1995391846,
                17.9771728516,
                26.0981502533,
                26.8246040344,
                22.7592048645,
                20.7275905609,
                10.680603981,
                9.69921970367,
                14.3491096497,
                7.73990774155,
                1.06946384907,
                0.124228313565,
                0.0118503542617,
                0.000302861211821,
                2.27070199799e-06,
                1.72188530101e-09
            ],
            "dvar2": [
                0.168392494321,
                14.8061523438,
                112.86680603,
                429.753692627,
                130.022171021,
                90.4463806152,
                386.849334717,
                979.862731934,
                1716.68774414,
                2942.4699707,
                5230.09814453,
                9889.93652344,
                13221.2802734,
                23220.6972656,
                13504.4638672,
                4551.94921875,
                13033.734375,
                4358.29150391,
                8529.77539063,
                5758.359375,
                5969.56835938,
                2190.91015625,
                758.564697266,
                215.795257568,
                121.323371887,
                44.2617950439,
                60.2307624817,
                64.1325836182,
                52.7532920837,
                46.8368721008,
                24.5481567383,
                19.5553283691,
                25.9931240082,
                15.1221752167,
                2.08706903458,
                0.276578694582,
                0.0250502042472,
                0.000622292631306,
                5.61762317375e-06,
                4.21363832714e-09
            ],
            "max": [
                3.99971222878,
                31.7446022034,
                80.7728042603,
                176.32510376,
                108.83631134,
                156.661270142,
                287.54196167,
                400.385650635,
                1029.234375,
                1361.23913574,
                1504.48999023,
                1466.85083008,
                3012.26806641,
                2065.16723633,
                2817.02978516,
                2089.81665039,
                2120.53710938,
                2173.21899414,
                3292.06494141,
                2865.59936523,
                2717.70483398,
                1669.90075684,
                648.359619141,
                253.714813232,
                196.780975342,
                156.617553711,
                190.080459595,
                228.982467651,
                198.755218506,
                243.60635376,
                179.048934937,
                131.291152954,
                128.697174072,
                92.3506469727,
                35.0626068115,
                13.3658008575,
                5.74580669403,
                1.14575850964,
                0.113300107419,
                0.00288466410711
            ],
            "mean": [
                0.162036806345,
                1.63004493713,
                3.48394703865,
                5.74457263947,
                4.43888616562,
                5.77015399933,
                9.47941303253,
                14.4711589813,
                14.8773069382,
                17.465921402,
                26.4561519623,
                43.3832168579,
                51.9200325012,
                69.3862457275,
                50.092124939,
                21.0055370331,
                46.7942657471,
                28.6431865692,
                28.7767448425,
                31.6464576721,
                33.0064086914,
                22.3250541687,
                14.8417139053,
                10.0338802338,
                8.21470165253,
                5.46306085587,
                5.50223493576,
                5.21176624298,
                4.38048791885,
                4.57918405533,
                2.79091119766,
                2.0296330452,
                1.80120396614,
                1.21547675133,
                0.483043879271,
                0.14376142621,
                0.0389196462929,
                0.005531007424,
                0.000268235628027,
                4.03589656344e-05
            ],
            "median": [
                0.0720145329833,
                1.09466981888,
                1.77835476398,
                2.15263700485,
                2.289239645,
                2.96354556084,
                4.09718418121,
                5.89898347855,
                4.71986055374,
                5.56540822983,
                6.96386766434,
                7.60677671432,
                9.34632587433,
                10.6050777435,
                9.9203748703,
                7.9029250145,
                11.104095459,
                9.08356285095,
                10.6352910995,
                10.5866575241,
                11.6032915115,
                9.05554580688,
                7.4629368782,
                5.67889213562,
                4.35015487671,
                3.12745380402,
                2.46659374237,
                1.75054132938,
                1.148858428,
                0.961991727352,
                0.654240906239,
                0.387247413397,
                0.358950525522,
                0.21937635541,
                0.0845535621047,
                0.0262885633856,
                0.00570800248533,
                0.000669057713822,
                3.70857451344e-05,
                3.11067633447e-05
            ],
            "min": [
                7.13733730601e-22,
                2.74970143301e-21,
                2.53044436773e-20,
                6.12384296446e-20,
                1.12014032667e-19,
                6.56264806225e-20,
                1.05238505796e-19,
                2.25753951832e-19,
                3.83089184411e-19,
                1.03092150468e-18,
                4.91722788409e-19,
                7.92552712461e-19,
                1.31090880374e-18,
                2.58966447668e-18,
                1.75551652183e-18,
                4.65432403602e-18,
                8.98375717003e-18,
                6.26856824219e-18,
                3.7679648545e-18,
                6.55413870019e-18,
                7.26307343059e-18,
                1.35274420768e-17,
                6.36871251741e-18,
                1.06012674988e-17,
                1.25907907276e-17,
                1.22812324455e-17,
                1.81473913817e-17,
                1.59438632936e-17,
                2.23860517832e-17,
                1.6452779548e-17,
                2.0760822205e-17,
                1.93496818584e-17,
                2.14689616012e-17,
                1.39412391782e-17,
                1.02662758944e-17,
                6.29315659949e-18,
                2.94676723931e-18,
                1.45398406294e-18,
                3.81899853787e-19,
                3.6580204665e-20
            ],
            "var": [
                0.111290581524,
                6.51766395569,
                38.6970176697,
                170.053390503,
                56.3325767517,
                78.8378372192,
                285.163085938,
                832.237792969,
                1309.21704102,
                2408.5859375,
                5437.12011719,
                12502.8525391,
                32219.0976563,
                39635.1171875,
                27314.4335938,
                3192.55664063,
                17412.5058594,
                7102.97314453,
                5658.00292969,
                9187.16796875,
                8115.14697266,
                3335.73144531,
                782.577453613,
                199.690078735,
                158.307769775,
                63.5930099487,
                72.3896408081,
                82.1173477173,
                68.543296814,
                71.7078094482,
                34.3094673157,
                29.0211791992,
                40.6390190125,
                19.2363090515,
                2.77476167679,
                0.236554980278,
                0.0262454748154,
                0.000698614865541,
                3.04850573229e-06,
                2.97035662733e-09
            ]
        },
        "erbbands_crest": {
            "dmean": 2.70887422562,
            "dmean2": 4.34679937363,
            "dvar": 7.53883695602,
            "dvar2": 18.0400562286,
            "max": 32.5009460449,
            "mean": 10.5366754532,
            "median": 8.86896419525,
            "min": 2.05610060692,
            "var": 33.5746803284
        },
        "erbbands_flatness_db": {
            "dmean": 0.0159214045852,
            "dmean2": 0.0236582029611,
            "dvar": 0.000312445219606,
            "dvar2": 0.000638644676656,
            "max": 0.399702697992,
            "mean": 0.183162555099,
            "median": 0.173065215349,
            "min": 0.0332491248846,
            "var": 0.00433625793085
        },
        "erbbands_kurtosis": {
            "dmean": 1.12387537956,
            "dmean2": 1.77850794792,
            "dvar": 4.02537488937,
            "dvar2": 9.92590332031,
            "max": 83.0497360229,
            "mean": 1.22069406509,
            "median": 0.13785149157,
            "min": -1.78746080399,
            "var": 11.3733158112
        },
        "erbbands_skewness": {
            "dmean": 0.348177611828,
            "dmean2": 0.539464473724,
            "dvar": 0.122801870108,
            "dvar2": 0.279001742601,
            "max": 5.4812951088,
            "mean": 0.439919352531,
            "median": 0.389521211386,
            "min": -5.13100767136,
            "var": 0.662452161312
        },
        "erbbands_spread": {
            "dmean": 6.4260559082,
            "dmean2": 9.82552528381,
            "dvar": 67.8155288696,
            "dvar2": 149.448257446,
            "max": 144.376602173,
            "mean": 32.1693496704,
            "median": 28.1527175903,
            "min": 1.2970508337,
            "var": 366.12802124
        },
        "gfcc": {
            "cov": [
                [
                    19269.3300781,
                    -4366.86523438,
                    -171.508987427,
                    2346.52270508,
                    -1079.48718262,
                    2294.796875,
                    -48.7601852417,
                    1021.67407227,
                    -2.0275387764,
                    524.970336914,
                    -225.249160767,
                    594.227355957,
                    27.1521472931
                ],
                [
                    -4366.86523438,
                    2784.57202148,
                    -353.7215271,
                    -650.477050781,
                    718.701904297,
                    -893.043029785,
                    235.722198486,
                    -412.473358154,
                    111.306663513,
                    -268.260864258,
                    156.124588013,
                    -285.585784912,
                    61.594909668
                ],
                [
                    -171.508987427,
                    -353.7215271,
                    879.593322754,
                    152.301940918,
                    -4.91944360733,
                    212.686401367,
                    -140.799133301,
                    84.3135604858,
                    -9.44132614136,
                    113.741950989,
                    -4.14305925369,
                    70.3391418457,
                    -18.8745956421
                ],
                [
                    2346.52270508,
                    -650.477050781,
                    152.301940918,
                    907.564208984,
                    -12.2112426758,
                    338.647338867,
                    86.6443786621,
                    173.88822937,
                    129.474838257,
                    90.5823059082,
                    -8.77942848206,
                    79.1067962646,
                    36.5230178833
                ],
                [
                    -1079.48718262,
                    718.701904297,
                    -4.91944360733,
                    -12.2112426758,
                    446.887420654,
                    -179.991256714,
                    126.646255493,
                    -63.708656311,
                    63.3928108215,
                    -40.5963249207,
                    44.7143325806,
                    -56.498916626,
                    29.5800533295
                ],
                [
                    2294.796875,
                    -893.043029785,
                    212.686401367,
                    338.647338867,
                    -179.991256714,
                    579.714294434,
                    34.9368171692,
                    192.009246826,
                    7.32830142975,
                    121.022224426,
                    -18.9900951385,
                    113.221572876,
                    -12.8240747452
                ],
                [
                    -48.7601852417,
                    235.722198486,
                    -140.799133301,
                    86.6443786621,
                    126.646255493,
                    34.9368171692,
                    289.567443848,
                    25.30194664,
                    63.2389602661,
                    -21.1860561371,
                    36.5733985901,
                    -10.5930366516,
                    -4.81862783432
                ],
                [
                    1021.67407227,
                    -412.473358154,
                    84.3135604858,
                    173.88822937,
                    -63.708656311,
                    192.009246826,
                    25.30194664,
                    206.794326782,
                    36.2085037231,
                    69.5987167358,
                    -12.2159957886,
                    57.9309959412,
                    9.04124069214
                ],
                [
                    -2.0275387764,
                    111.306663513,
                    -9.44132614136,
                    129.474838257,
                    63.3928108215,
                    7.32830142975,
                    63.2389602661,
                    36.2085037231,
                    148.883773804,
                    18.6048374176,
                    14.3509569168,
                    -15.9540758133,
                    14.955201149
                ],
                [
                    524.970336914,
                    -268.260864258,
                    113.741950989,
                    90.5823059082,
                    -40.5963249207,
                    121.022224426,
                    -21.1860561371,
                    69.5987167358,
                    18.6048374176,
                    129.065093994,
                    21.3026809692,
                    44.6666259766,
                    -7.3942732811
                ],
                [
                    -225.249160767,
                    156.124588013,
                    -4.14305925369,
                    -8.77942848206,
                    44.7143325806,
                    -18.9900951385,
                    36.5733985901,
                    -12.2159957886,
                    14.3509569168,
                    21.3026809692,
                    92.8121566772,
                    10.9019393921,
                    6.59908485413
                ],
                [
                    594.227355957,
                    -285.585784912,
                    70.3391418457,
                    79.1067962646,
                    -56.498916626,
                    113.221572876,
                    -10.5930366516,
                    57.9309959412,
                    -15.9540758133,
                    44.6666259766,
                    10.9019393921,
                    101.670715332,
                    13.9008779526
                ],
                [
                    27.1521472931,
                    61.594909668,
                    -18.8745956421,
                    36.5230178833,
                    29.5800533295,
                    -12.8240747452,
                    -4.81862783432,
                    9.04124069214,
                    14.955201149,
                    -7.3942732811,
                    6.59908485413,
                    13.9008779526,
                    80.9966049194
                ]
            ],
            "icov": [
                [
                    0.000195377899217,
                    -0.000207929260796,
                    0.000366313441191,
                    -0.000416066352045,
                    0.000180815230124,
                    -0.000667895248625,
                    0.000377555261366,
                    -0.000380312994821,
                    0.000351149210474,
                    -0.00025513759465,
                    0.000421629782068,
                    -0.000462888536276,
                    0.000215697058593
                ],
                [
                    -0.000207929260796,
                    0.00242572068237,
                    -0.000672445865348,
                    0.00128410302568,
                    -0.00181054591667,
                    0.00207850919105,
                    -0.00144419958815,
                    0.00165765616111,
                    -0.00159426720347,
                    0.00160869886167,
                    -0.00272824754938,
                    0.00263084541075,
                    -0.00157935626339
                ],
                [
                    0.000366313441191,
                    -0.000672445865348,
                    0.00233055860735,
                    -0.000974434136879,
                    -0.000162269658176,
                    -0.00198759534396,
                    0.00199276348576,
                    -0.00100468518212,
                    0.000825109425932,
                    -0.00124386372045,
                    0.00104049476795,
                    -0.00158974493388,
                    0.00126848428044
                ],
                [
                    -0.000416066352045,
                    0.00128410302568,
                    -0.000974434136879,
                    0.00295529072173,
                    -0.00115732243285,
                    0.00113421538845,
                    -0.00137829093728,
                    0.00101829320192,
                    -0.00251989625394,
                    0.00098611053545,
                    -0.00134748790879,
                    0.00131119065918,
                    -0.00155008817092
                ],
                [
                    0.000180815230124,
                    -0.00181054591667,
                    -0.000162269658176,
                    -0.00115732243285,
                    0.00503870937973,
                    -0.00042279434274,
                    -0.000775729538873,
                    -0.000752194435336,
                    0.000695407681633,
                    -0.00130135507789,
                    0.00138117966708,
                    -0.000941862002946,
                    -0.000267069670372
                ],
                [
                    -0.000667895248625,
                    0.00207850919105,
                    -0.00198759534396,
                    0.00113421538845,
                    -0.00042279434274,
                    0.00706117646769,
                    -0.0032608222682,
                    0.000630610331427,
                    -0.0011678582523,
                    0.000280894717434,
                    -0.00206036888994,
                    0.00151189451572,
                    -0.00117366923951
                ],
                [
                    0.000377555261366,
                    -0.00144419958815,
                    0.00199276348576,
                    -0.00137829093728,
                    -0.000775729538873,
                    -0.0032608222682,
                    0.00710827158764,
                    -0.00229013687931,
                    -0.000173547799932,
                    0.000853525823914,
                    -0.000225663694437,
                    -0.00211119698361,
                    0.00299378042109
                ],
                [
                    -0.000380312994821,
                    0.00165765616111,
                    -0.00100468518212,
                    0.00101829320192,
                    -0.000752194435336,
                    0.000630610331427,
                    -0.00229013687931,
                    0.0100263366476,
                    -0.00298352981918,
                    -0.00116041896399,
                    -6.55286130495e-05,
                    6.88850923325e-05,
                    -0.00226881401613
                ],
                [
                    0.000351149210474,
                    -0.00159426720347,
                    0.000825109425932,
                    -0.00251989625394,
                    0.000695407681633,
                    -0.0011678582523,
                    -0.000173547799932,
                    -0.00298352981918,
                    0.0111445980147,
                    -0.00307477661408,
                    0.00129630207084,
                    0.00123655819334,
                    -0.00034921625047
                ],
                [
                    -0.00025513759465,
                    0.00160869886167,
                    -0.00124386372045,
                    0.00098611053545,
                    -0.00130135507789,
                    0.000280894717434,
                    0.000853525823914,
                    -0.00116041896399,
                    -0.00307477661408,
                    0.0142868505791,
                    -0.00592961907387,
                    -0.000478878762806,
                    0.00126498157624
                ],
                [
                    0.000421629782068,
                    -0.00272824754938,
                    0.00104049476795,
                    -0.00134748790879,
                    0.00138117966708,
                    -0.00206036888994,
                    -0.000225663694437,
                    -6.55286130495e-05,
                    0.00129630207084,
                    -0.00592961907387,
                    0.0170922148973,
                    -0.00585403619334,
                    0.000778183399234
                ],
                [
                    -0.000462888536276,
                    0.00263084541075,
                    -0.00158974493388,
                    0.00131119065918,
                    -0.000941862002946,
                    0.00151189451572,
                    -0.00211119698361,
                    6.88850923325e-05,
                    0.00123655819334,
                    -0.000478878762806,
                    -0.00585403619334,
                    0.0193241517991,
                    -0.00546868517995
                ],
                [
                    0.000215697058593,
                    -0.00157935626339,
                    0.00126848428044,
                    -0.00155008817092,
                    -0.000267069670372,
                    -0.00117366923951,
                    0.00299378042109,
                    -0.00226881401613,
                    -0.00034921625047,
                    0.00126498157624,
                    0.000778183399234,
                    -0.00546868517995,
                    0.0158676728606
                ]
            ],
            "mean": [
                -44.7579612732,
                117.144989014,
                -119.418373108,
                21.4921340942,
                -49.2343215942,
                14.24563694,
                -36.3785934448,
                7.9357676506,
                -20.0066795349,
                -0.555197954178,
                -16.3102817535,
                -1.91342055798,
                -7.8796377182
            ]
        },
        "hfc": {
            "dmean": 4.29376792908,
            "dmean2": 6.43809461594,
            "dvar": 47.3927993774,
            "dvar2": 102.133613586,
            "max": 135.321151733,
            "mean": 19.6495876312,
            "median": 13.4677820206,
            "min": 1.26739898771e-16,
            "var": 396.694946289
        },
        "melbands": {
            "dmean": [
                0.000850945478305,
                0.00110143458005,
                0.000677452830132,
                0.000164382203366,
                0.000161187548656,
                0.000176053159521,
                0.000127944615087,
                0.000119764903502,
                0.000124349229736,
                0.000154577908688,
                0.000117144554679,
                0.000143295590533,
                8.56322440086e-05,
                3.71728165192e-05,
                4.13178240706e-05,
                5.28871132701e-05,
                2.81908360193e-05,
                2.71739281743e-05,
                2.39415949181e-05,
                2.4592731279e-05,
                1.88485009858e-05,
                1.23873896882e-05,
                9.00020950212e-06,
                4.4073162826e-06,
                3.73624698113e-06,
                3.31819296662e-06,
                1.82726978437e-06,
