{
    "lowlevel": {
        "average_loudness": 0.938633978367,
        "barkbands": {
            "dmean": [
                0.000463756936369,
                0.00758260907605,
                0.00239389878698,
                0.00165279803332,
                0.00391705473885,
                0.001535292482,
                0.000837147061247,
                0.000849841511808,
                0.00076865387382,
                0.000717390154023,
                0.000484136136947,
                0.000326832116116,
                0.00022378245194,
                0.000349825102603,
                0.000243972885073,
                0.000319340848364,
                0.000252683239523,
                0.000247656629654,
                0.000206598313525,
                0.000149620856973,
                0.000134865171276,
                0.000125471313368,
                0.000153513057739,
                0.0003002906451,
                0.000336168159265,
                0.000291934789857,
                8.06043972261e-05
            ],
            "dmean2": [
                0.000808517623227,
                0.0122106065974,
                0.00382351479493,
                0.00296238739975,
                0.00688078347594,
                0.0025994956959,
                0.00141032459214,
                0.00142438430339,
                0.00124846887775,
                0.00110975105781,
                0.00071776623372,
                0.000502889510244,
                0.000365441781469,
                0.000615098688286,
                0.000401284283726,
                0.000522461370565,
                0.000409619067796,
                0.00040770979831,
                0.000336252676789,
                0.000234600578551,
                0.00022063664801,
                0.000191596409422,
                0.000225517142098,
                0.000413458765252,
                0.000461959221866,
                0.000401124125347,
                0.000114455564471
            ],
            "dvar": [
                6.69478879445e-07,
                0.000269012525678,
                3.13206437568e-05,
                3.01216041407e-05,
                6.67040876579e-05,
                1.03100510387e-05,
                3.22925848195e-06,
                3.13697978527e-06,
                3.5297591694e-06,
                3.64681022802e-06,
                2.91832111543e-06,
                1.39493465667e-06,
                5.32149272203e-07,
                4.62133073142e-07,
                3.97824322818e-07,
                6.2367882947e-07,
                4.51203248986e-07,
                4.28662247032e-07,
                1.8766357357e-07,
                6.88030610263e-08,
                6.11462454003e-08,
                5.14210256597e-08,
                9.4160142794e-08,
                6.9603618158e-07,
                7.92288176399e-07,
                8.0573215655e-07,
                4.21369641401e-08
            ],
            "dvar2": [
                1.92254606191e-06,
                0.000708200328518,
                7.78467292548e-05,
                8.57037957758e-05,
                0.000190960810869,
                2.73264959105e-05,
                8.44968235469e-06,
                8.01916667115e-06,
                8.4761177277e-06,
                8.29192867968e-06,
                5.62113791602e-06,
                2.53402004091e-06,
                1.24377413613e-06,
                1.2536407894e-06,
                9.31594058784e-07,
                1.57937552103e-06,
                1.15503382858e-06,
                1.12235932193e-06,
                4.87390252601e-07,
                1.63970696576e-07,
                1.53895229005e-07,
                1.17235032349e-07,
                1.79709402914e-07,
                1.19811500099e-06,
                1.3594108168e-06,
                1.30188550429e-06,
                6.76239508834e-08
            ],
            "max": [
                0.0121267717332,
                0.188292339444,
                0.0598772205412,
                0.0575459599495,
                0.0890563502908,
                0.0416173860431,
                0.0323052033782,
                0.0328646637499,
                0.0505669750273,
                0.0529907010496,
                0.0712160766125,
                0.0454403311014,
                0.028540186584,
                0.0112737352028,
                0.0201370902359,
                0.0199714638293,
                0.0151470908895,
                0.0171676240861,
                0.0120645025745,
                0.00441042101011,
                0.00467768823728,
                0.00372203509323,
                0.00757891638204,
                0.0230438262224,
                0.0294923614711,
                0.0211601983756,
                0.00615671928972
            ],
            "mean": [
                0.000607056776062,
                0.00983316358179,
                0.00275355926715,
                0.00140966707841,
                0.0053906836547,
                0.0022888625972,
                0.00115999463014,
                0.00108831666876,
                0.0012944751652,
                0.00114421790931,
                0.00092384807067,
                0.000533432234079,
                0.000308216491248,
                0.000374783761799,
                0.00034646547283,
                0.000447926257038,
                0.000429694773629,
                0.000451717089163,
                0.000374278402887,
                0.000298764120089,
                0.000217173059355,
                0.000200470298296,
                0.000268796400633,
                0.000566163333133,
                0.000600038969424,
                0.000485349388327,
                0.000126765706227
            ],
            "median": [
                0.000241142231971,
                0.00453450530767,
                0.00090188451577,
                0.000335768709192,
                0.00259399972856,
                0.000703093479387,
                0.00036797428038,
                0.000340153812431,
                0.00027770435554,
                0.000247900432441,
                0.000137280323543,
                0.000144352161442,
                0.000103458893136,
                0.000141288750456,
                0.000130246233311,
                0.000195110827917,
                0.00019386652275,
                0.000205442629522,
                0.00020563423459,
                0.000168997867149,
                0.000123503239593,
                9.47737280512e-05,
                0.000125241014757,
                0.000232538019191,
                0.000212794941035,
                0.000149396306369,
                4.39992327301e-05
            ],
            "min": [
                5.8351469235e-25,
                1.21954882499e-23,
                4.76757365075e-23,
                1.66502694009e-23,
                2.85269205832e-23,
                1.36874056596e-23,
                1.18020079013e-22,
                4.73693492428e-23,
                1.07416374808e-22,
                2.0624242039e-22,
                1.35945851301e-22,
                7.67414175345e-23,
                6.80074651363e-23,
                1.05599520858e-22,
                1.52757903452e-22,
                5.66751374449e-23,
                3.1347514838e-22,
                2.65201253358e-22,
                2.58974174698e-22,
                2.66195192855e-22,
                4.89759988981e-22,
                3.71559923464e-22,
                8.00638686888e-22,
                8.45712457208e-22,
                1.29092672043e-21,
                1.35292215039e-21,
                2.44992802862e-21
            ],
            "var": [
                9.03180307432e-07,
                0.000249453674769,
                2.93831180898e-05,
                1.81477262231e-05,
                6.41497754259e-05,
                1.65948295034e-05,
                5.64570973438e-06,
                4.62034176962e-06,
                1.23636800708e-05,
                9.27398104977e-06,
                1.78184654942e-05,
                4.78531364934e-06,
                1.00603006103e-06,
                4.74137380024e-07,
                6.54616712836e-07,
                9.14718555123e-07,
                7.37020798169e-07,
                9.44842611261e-07,
                3.22966513977e-07,
                1.58945624662e-07,
                9.43095841421e-08,
                9.77884795361e-08,
                2.34540891597e-07,
                1.79072571882e-06,
                2.00076487999e-06,
                2.07851257983e-06,
                1.14151326613e-07
            ]
        },
        "barkbands_crest": {
            "dmean": 3.14465785027,
            "dmean2": 5.02891683578,
            "dvar": 8.51813411713,
            "dvar2": 21.0945262909,
            "max": 26.4845371246,
            "mean": 11.1987085342,
            "median": 10.609826088,
            "min": 2.53409981728,
            "var": 20.482208252
        },
        "barkbands_flatness_db": {
            "dmean": 0.0265625715256,
            "dmean2": 0.0408028848469,
            "dvar": 0.000819969922304,
            "dvar2": 0.00182698713616,
            "max": 0.707879066467,
            "mean": 0.115617625415,
            "median": 0.100936166942,
            "min": 0.0128725068644,
            "var": 0.00509758573025
        },
        "barkbands_kurtosis": {
            "dmean": 4.47182512283,
            "dmean2": 7.19651937485,
            "dvar": 113.553413391,
            "dvar2": 297.85043335,
            "max": 275.967834473,
            "mean": 5.94671010971,
            "median": 2.47098731995,
            "min": -1.97494626045,
            "var": 136.656860352
        },
        "barkbands_skewness": {
            "dmean": 0.717561006546,
            "dmean2": 1.07508921623,
            "dvar": 0.726375162601,
            "dvar2": 1.61118638515,
            "max": 13.6167411804,
            "mean": 1.82373249531,
            "median": 1.66489064693,
            "min": -7.46508264542,
            "var": 1.99611318111
        },
        "barkbands_spread": {
            "dmean": 9.58529949188,
            "dmean2": 14.2407274246,
            "dvar": 143.239028931,
            "dvar2": 272.994934082,
            "max": 135.537445068,
            "mean": 32.9390907288,
            "median": 28.0994911194,
            "min": 0.113694123924,
            "var": 525.965759277
        },
        "dissonance": {
            "dmean": 0.0186771657318,
            "dmean2": 0.0309398975223,
            "dvar": 0.000406402919907,
            "dvar2": 0.00106805399992,
            "max": 0.500000059605,
            "mean": 0.459592908621,
            "median": 0.469251990318,
            "min": 0.177275136113,
            "var": 0.00133868481498
        },
        "dynamic_complexity": 3.25566935539,
        "erbbands": {
            "dmean": [
                0.256422609091,
                1.59628045559,
                2.62540698051,
                3.98106193542,
                9.17919254303,
                13.9742927551,
                15.4217176437,
                12.8258914948,
                11.5971698761,
                12.8559379578,
                18.2079753876,
                17.8547401428,
                20.8960227966,
                20.3432064056,
                15.8512401581,
                10.3221940994,
                10.189535141,
                16.3234844208,
                13.2212142944,
                13.9842252731,
                15.0993366241,
                14.194776535,
                13.7406206131,
                12.1348838806,
                7.8261680603,
                6.93540334702,
                6.54133272171,
                4.1288766861,
                4.17613697052,
                4.71708393097,
                4.44482898712,
                6.14489936829,
                5.119328022,
                3.76363515854,
                2.49658894539,
                1.39515960217,
                0.530756592751,
                0.122475489974,
                0.0137187158689,
                0.000588543596677
            ],
            "dmean2": [
                0.401894986629,
                2.61900949478,
                4.22103977203,
                6.81448078156,
                16.607875824,
                24.5470943451,
                25.2509212494,
                21.9822235107,
                19.7159786224,
                21.2771587372,
                30.5630016327,
                29.0119018555,
                33.1341896057,
                30.382358551,
                24.0346794128,
                16.0648021698,
                16.4592609406,
                28.952495575,
                22.0438461304,
                22.5280685425,
                24.708366394,
                22.8914546967,
                22.4188995361,
                19.7434005737,
                12.5401325226,
                10.96118927,
                10.5341691971,
                6.57843065262,
                6.45470142365,
                7.19052886963,
                6.49323987961,
                8.53809833527,
                7.24905967712,
                5.32936763763,
                3.46485686302,
                1.93918573856,
                0.734573066235,
                0.170010074973,
                0.0194161180407,
                0.000840197899379
            ],
            "dvar": [
                0.255876421928,
                13.3263435364,
                33.856174469,
                151.054122925,
                601.642822266,
                803.052490234,
                873.809997559,
                795.836242676,
                693.998413086,
                680.820617676,
                1546.2454834,
                1962.18273926,
                3015.18847656,
                4268.70019531,
                3016.95605469,
                1039.59472656,
                1093.59350586,
                1033.26403809,
                887.381774902,
                1256.22460938,
                1086.80737305,
                1464.74560547,
                1419.8302002,
                872.513366699,
                216.980407715,
                141.604034424,
                147.523025513,
                54.7228965759,
                57.6379966736,
                74.6267166138,
                84.189743042,
                341.727020264,
                181.842910767,
                96.6093902588,
                45.4869613647,
                19.9290485382,
                2.70027518272,
                0.131337672472,
                0.00113251479343,
                1.64757716448e-06
            ],
            "dvar2": [
                0.654537200928,
                35.7320823669,
                77.9660797119,
                412.440887451,
                1725.65466309,
                2279.67602539,
                2313.43603516,
                2097.3515625,
                1860.33874512,
                1761.37243652,
                3990.00537109,
                4812.52099609,
                7593.04589844,
                7837.33007812,
                6244.50097656,
                1936.23937988,
                2512.27954102,
                2810.47094727,
                2119.88623047,
                3065.67724609,
                2812.26025391,
                3754.98632812,
                3719.73242188,
                2399.66015625,
                532.499755859,
                340.695648193,
                361.497619629,
                133.97026062,
                133.203872681,
                159.216995239,
                154.919204712,
                596.643676758,
                336.024139404,
                166.49798584,
                81.8062362671,
                35.0324325562,
                4.48092126846,
                0.204653590918,
                0.00177707860712,
                2.80098356598e-06
            ],
            "max": [
                5.15686130524,
                42.1215591431,
                56.9409637451,
                124.039855957,
                194.953598022,
                345.279022217,
                532.335266113,
                486.358673096,
                487.997283936,
                429.163909912,
                736.799560547,
                1468.08947754,
                1220.14953613,
                3123.67651367,
                2103.34936523,
                1273.85583496,
                1263.83239746,
                364.840881348,
                902.883666992,
                1309.31970215,
                612.843139648,
                1022.78387451,
                1111.57629395,
                869.395202637,
                482.423797607,
                209.470306396,
                270.35067749,
                124.401626587,
                146.494842529,
                182.283798218,
                207.622390747,
                639.551879883,
                365.503814697,
                254.727584839,
                231.594039917,
                126.636871338,
                45.7688941956,
                11.0506763458,
                0.978305220604,
                0.0318914316595
            ],
            "mean": [
                0.36322426796,
                1.88011395931,
                3.3073785305,
                3.99319934845,
                8.7076883316,
                18.6923999786,
                27.5569972992,
                17.3354663849,
                15.3403129578,
                19.2445068359,
                24.0332527161,
                31.6029224396,
                34.9299659729,
                40.3224258423,
                28.9805145264,
                17.2894039154,
                15.018954277,
                17.5579299927,
                18.8151397705,
                21.3324127197,
                23.8668746948,
                25.3464679718,
                25.2252445221,
                22.9319591522,
                15.5637626648,
                13.8442115784,
                11.3016338348,
                6.74997711182,
                6.86572360992,
                7.43307065964,
                7.97469568253,
                11.1255331039,
                9.6038312912,
                6.96916007996,
                4.02266740799,
                2.27585053444,
                0.847615540028,
                0.193079724908,
                0.0218196455389,
                0.000959526456427
            ],
            "median": [
                0.167641371489,
                0.776599049568,
                1.09568071365,
                1.32060801983,
                3.13976597786,
                8.68607139587,
                9.519572258,
                5.51557350159,
                5.48128318787,
                7.58234167099,
                8.25884246826,
                7.38152456284,
                9.39168453217,
                8.18484687805,
                6.95866060257,
                5.87766122818,
                5.39012002945,
                6.78156709671,
                8.02465820312,
                9.50718784332,
                11.3479957581,
                12.2859487534,
                11.8671684265,
                11.3322944641,
                9.21103954315,
                8.02785873413,
                6.5448884964,
                3.79503178596,
                3.34229755402,
                3.20532846451,
                3.74679064751,
                4.37364864349,
                3.99838709831,
                2.63480210304,
                1.21140539646,
                0.668538868427,
                0.256592512131,
                0.0582589842379,
                0.00766959134489,
                0.00037192821037
            ],
            "min": [
                2.85246398286e-22,
                3.61717559647e-21,
                3.5418788155e-20,
                8.33248822451e-20,
                8.31239419798e-20,
                7.58637131199e-20,
                8.92505068854e-20,
                1.43878787621e-19,
                9.95253890254e-19,
                1.76325955275e-18,
                1.42368412691e-18,
                2.4685356633e-18,
                5.42444862505e-18,
                5.82552244789e-18,
                5.21391254759e-18,
                2.9757464781e-18,
                3.17957598195e-18,
                5.20904872559e-18,
                6.99244888549e-18,
                5.99675627931e-18,
                5.37954140319e-18,
                1.78828060823e-17,
                1.71732505528e-17,
                9.77627229747e-18,
                1.38950924262e-17,
                1.01034544898e-17,
                1.58366292533e-17,
                2.29944679392e-17,
                1.29718786261e-17,
                2.25646533124e-17,
                2.09894698155e-17,
                1.76548003638e-17,
                1.38790318875e-17,
                1.11168483475e-17,
                1.11433214358e-17,
                5.52987899798e-18,
                2.60513957838e-18,
                1.06070383244e-18,
                3.37442127036e-19,
                3.62573521945e-20
            ],
            "var": [
                0.276972264051,
                11.4397888184,
                36.9382324219,
                103.173171997,
                379.39630127,
                804.26373291,
                1973.81726074,
                1096.82177734,
                871.11920166,
                1209.12280273,
                2086.87011719,
                8597.59082031,
                6825.79003906,
                26829.4707031,
                10181.5214844,
                3186.94750977,
                2157.54077148,
                1001.99298096,
                1481.54528809,
                1902.12255859,
                1746.58520508,
                2227.44482422,
                2817.34765625,
                1707.74951172,
                430.651000977,
                319.904266357,
                259.261474609,
                89.2139511108,
                111.328155518,
                150.221206665,
                223.188980103,
                858.632751465,
                431.993560791,
                238.857910156,
                109.955169678,
                45.8690719604,
                6.92306423187,
                0.361299484968,
                0.00312252622098,
                4.16789634983e-06
            ]
        },
        "erbbands_crest": {
            "dmean": 2.77029299736,
            "dmean2": 4.4317317009,
            "dvar": 7.24410438538,
            "dvar2": 17.786195755,
            "max": 31.0278148651,
            "mean": 9.11619853973,
            "median": 7.90920305252,
            "min": 2.13211083412,
            "var": 23.2950401306
        },
        "erbbands_flatness_db": {
            "dmean": 0.0173135511577,
            "dmean2": 0.0250727403909,
            "dvar": 0.000339230697136,
            "dvar2": 0.000682005076669,
            "max": 0.423386067152,
            "mean": 0.111999720335,
            "median": 0.0992726311088,
            "min": 0.0267733559012,
            "var": 0.00255723390728
        },
        "erbbands_kurtosis": {
            "dmean": 1.21918225288,
            "dmean2": 1.88369441032,
            "dvar": 6.55534076691,
            "dvar2": 13.7479839325,
            "max": 98.3828964233,
            "mean": 0.911305487156,
            "median": -0.194005489349,
            "min": -1.80119538307,
            "var": 14.6368026733
        },
        "erbbands_skewness": {
            "dmean": 0.424035251141,
            "dmean2": 0.631135165691,
            "dvar": 0.245594531298,
            "dvar2": 0.476687729359,
            "max": 5.6734290123,
            "mean": 0.405870139599,
            "median": 0.376378327608,
            "min": -8.51635360718,
            "var": 1.08730638027
        },
        "erbbands_spread": {
            "dmean": 11.75461483,
            "dmean2": 17.8055229187,
            "dvar": 169.729415894,
            "dvar2": 396.877532959,
            "max": 170.70652771,
            "mean": 50.6110153198,
            "median": 48.6865844727,
            "min": 3.2670404911,
            "var": 523.09979248
        },
        "gfcc": {
            "cov": [
                [
                    17514.5761719,
                    -2214.1574707,
                    -821.841918945,
                    350.73260498,
                    -465.409942627,
                    -20.4725818634,
                    -497.644989014,
                    273.879608154,
                    -172.277587891,
                    -11.2412700653,
                    -159.87562561,
                    244.5184021,
                    -4.71410989761
                ],
                [
                    -2214.1574707,
                    2014.88818359,
                    41.1615943909,
                    -158.143676758,
                    185.906951904,
                    -123.162811279,
                    118.703895569,
                    -112.70135498,
                    -0.906130731106,
                    -25.2230529785,
                    99.5570449829,
                    -130.709594727,
                    61.8846855164
                ],
                [
                    -821.841918945,
                    41.1615943909,
                    733.520751953,
                    46.4087791443,
                    10.721452713,
                    71.461807251,
                    -20.1460189819,
                    -44.3137702942,
                    21.7618198395,
                    61.1933250427,
                    -6.93507814407,
                    20.1284198761,
                    -45.6150665283
                ],
                [
                    350.73260498,
                    -158.143676758,
                    46.4087791443,
                    442.791625977,
                    32.5358695984,
                    14.06001091,
                    7.60177183151,
                    18.4714679718,
                    61.9969825745,
                    3.19358992577,
                    11.7631311417,
                    49.6596450806,
                    -40.1506843567
                ],
                [
                    -465.409942627,
                    185.906951904,
                    10.721452713,
                    32.5358695984,
                    234.919998169,
                    38.0706329346,
                    71.8920440674,
                    14.6465463638,
                    21.0031661987,
                    14.5586919785,
                    26.2437858582,
                    7.32377958298,
                    14.7557582855
                ],
                [
                    -20.4725818634,
                    -123.162811279,
                    71.461807251,
                    14.06001091,
                    38.0706329346,
                    240.422943115,
                    83.0122451782,
                    -6.70306396484,
                    14.3660926819,
                    33.1251068115,
                    -6.42375612259,
                    9.03517818451,
                    4.6487569809
                ],
                [
                    -497.644989014,
                    118.703895569,
                    -20.1460189819,
                    7.60177183151,
                    71.8920440674,
                    83.0122451782,
                    181.476867676,
                    31.4755191803,
                    40.9586372375,
                    3.75668859482,
                    7.99938392639,
                    1.39752531052,
                    3.09266090393
                ],
                [
                    273.879608154,
                    -112.70135498,
                    -44.3137702942,
                    18.4714679718,
                    14.6465463638,
                    -6.70306396484,
                    31.4755191803,
                    184.819458008,
                    23.9514217377,
                    -14.5790624619,
                    21.0445194244,
                    12.5394668579,
                    16.7502975464
                ],
                [
                    -172.277587891,
                    -0.906130731106,
                    21.7618198395,
                    61.9969825745,
                    21.0031661987,
                    14.3660926819,
                    40.9586372375,
                    23.9514217377,
                    147.445159912,
                    27.9176254272,
                    6.96830606461,
                    20.1458187103,
                    -16.1780433655
                ],
                [
                    -11.2412700653,
                    -25.2230529785,
                    61.1933250427,
                    3.19358992577,
                    14.5586919785,
                    33.1251068115,
                    3.75668859482,
                    -14.5790624619,
                    27.9176254272,
                    111.913208008,
                    24.617898941,
                    12.8623209,
                    -0.839053034782
                ],
                [
                    -159.87562561,
                    99.5570449829,
                    -6.93507814407,
                    11.7631311417,
                    26.2437858582,
                    -6.42375612259,
                    7.99938392639,
                    21.0445194244,
                    6.96830606461,
                    24.617898941,
                    119.938652039,
                    27.0721759796,
                    20.7933216095
                ],
                [
                    244.5184021,
                    -130.709594727,
                    20.1284198761,
                    49.6596450806,
                    7.32377958298,
                    9.03517818451,
                    1.39752531052,
                    12.5394668579,
                    20.1458187103,
                    12.8623209,
                    27.0721759796,
                    97.9664916992,
                    15.6179018021
                ],
                [
                    -4.71410989761,
                    61.8846855164,
                    -45.6150665283,
                    -40.1506843567,
                    14.7557582855,
                    4.6487569809,
                    3.09266090393,
                    16.7502975464,
                    -16.1780433655,
                    -0.839053034782,
                    20.7933216095,
                    15.6179018021,
                    96.4140701294
                ]
            ],
            "icov": [
                [
                    8.3255530626e-05,
                    2.61717141257e-05,
                    0.000114942471555,
                    -6.04943124927e-05,
                    8.40469583636e-05,
                    -9.1593246907e-05,
                    0.000233816797845,
                    -0.000150939027662,
                    0.000106096413219,
                    -9.17080178624e-05,
                    0.000139965224662,
                    -0.000203557676286,
                    4.65298253403e-05
                ],
                [
                    2.61717141257e-05,
                    0.000867981405463,
                    -0.000178085145308,
                    0.000142605582369,
                    -0.000496867636684,
                    0.000744707183912,
                    -0.000717452494428,
                    0.000750710023567,
                    -0.000199088870431,
                    0.000346364366123,
                    -0.00087432336295,
                    0.00128810061142,
                    -0.000698473886587
                ],
                [
                    0.000114942471555,
                    -0.000178085145308,
                    0.00176098675001,
                    -0.000165031626238,
                    0.000114211201435,
                    -0.000804153911304,
                    0.000944503524806,
                    -0.000211688718991,
                    0.00014973373618,
                    -0.000863107386976,
                    0.000539114989806,
                    -0.000943919119891,
                    0.000966374587733
                ],
                [
                    -6.04943124927e-05,
                    0.000142605582369,
                    -0.000165031626238,
                    0.00276355515234,
                    -0.000566400703974,
                    2.21147402044e-05,
                    2.34628350881e-05,
                    8.32503938e-05,
                    -0.00098537246231,
                    0.000567467475776,
                    -0.000414872047259,
                    -0.000933589821216,
                    0.00112898752559
                ],
                [
                    8.40469583636e-05,
                    -0.000496867636684,
                    0.000114211201435,
                    -0.000566400703974,
                    0.00547598442063,
                    -0.000598242506385,
                    -0.00122359232046,
                    -0.000577750965022,
                    0.000222998540266,
                    -0.000668492459226,
                    -0.00010722137813,
                    -0.000744016608223,
                    -0.000353166629793
                ],
                [
                    -9.1593246907e-05,
                    0.000744707183912,
                    -0.000804153911304,
                    2.21147402044e-05,
                    -0.000598242506385,
                    0.00629158457741,
                    -0.00369529286399,
                    0.0012427874608,
                    0.00022452196572,
                    -0.00106552033685,
                    -0.000103977901745,
                    0.00106150179636,
                    -0.00128403201234
                ],
                [
                    0.000233816797845,
                    -0.000717452494428,
                    0.000944503524806,
                    2.34628350881e-05,
                    -0.00122359232046,
                    -0.00369529286399,
                    0.00953874271363,
                    -0.00212112232111,
                    -0.00144540367182,
                    0.000330317474436,
                    0.000888526381459,
                    -0.00135320913978,
                    0.00114446261432
                ],
                [
                    -0.000150939027662,
                    0.000750710023567,
                    -0.000211688718991,
                    8.32503938e-05,
                    -0.000577750965022,
                    0.0012427874608,
                    -0.00212112232111,
                    0.00707471137866,
                    -0.00134389998857,
                    0.00157907779794,
                    -0.0020050755702,
                    0.0013240580447,
                    -0.00168110395316
                ],
                [
                    0.000106096413219,
                    -0.000199088870431,
                    0.00014973373618,
                    -0.00098537246231,
                    0.000222998540266,
                    0.00022452196572,
                    -0.00144540367182,
                    -0.00134389998857,
                    0.00871525984257,
                    -0.00244439765811,
                    0.000848431023769,
                    -0.00186545669567,
                    0.00158868648577
                ],
                [
                    -9.17080178624e-05,
                    0.000346364366123,
                    -0.000863107386976,
                    0.000567467475776,
                    -0.000668492459226,
                    -0.00106552033685,
                    0.000330317474436,
                    0.00157907779794,
                    -0.00244439765811,
                    0.0112650590017,
                    -0.00293857976794,
                    0.000401416997192,
                    -0.000273483252386
                ],
                [
                    0.000139965224662,
                    -0.00087432336295,
                    0.000539114989806,
                    -0.000414872047259,
                    -0.00010722137813,
                    -0.000103977901745,
                    0.000888526381459,
                    -0.0020050755702,
                    0.000848431023769,
                    -0.00293857976794,
                    0.0111887278035,
                    -0.00392881734297,
                    -0.000668221910018
                ],
                [
                    -0.000203557676286,
                    0.00128810061142,
                    -0.000943919119891,
                    -0.000933589821216,
                    -0.000744016608223,
                    0.00106150179636,
                    -0.00135320913978,
                    0.0013240580447,
                    -0.00186545669567,
                    0.000401416997192,
                    -0.00392881734297,
                    0.0149112557992,
                    -0.00367369595915
                ],
                [
                    4.65298253403e-05,
                    -0.000698473886587,
                    0.000966374587733,
                    0.00112898752559,
                    -0.000353166629793,
                    -0.00128403201234,
                    0.00114446261432,
                    -0.00168110395316,
                    0.00158868648577,
                    -0.000273483252386,
                    -0.000668221910018,
                    -0.00367369595915,
                    0.0131246130913
                ]
            ],
            "mean": [
                20.4487342834,
                52.8399734497,
                -74.0218887329,
                20.8749008179,
                -45.4232521057,
                10.9760770798,
                -36.7234687805,
                16.9134292603,
                -23.3053951263,
                3.61755275726,
                -12.6601858139,
                3.39607524872,
                -5.58735132217
            ]
        },
        "hfc": {
            "dmean": 15.7257404327,
            "dmean2": 22.0065307617,
            "dvar": 840.521789551,
            "dvar2": 1435.74291992,
            "max": 705.704650879,
            "mean": 39.2095451355,
            "median": 25.5325775146,
            "min": 1.1367146418e-16,
            "var": 2496.6171875
        },
        "melbands": {
            "dmean": [
                0.00216660089791,
                0.00156371644698,
                0.000809917168226,
                0.000839588639792,
                0.000564729445614,
                0.000281802931568,
                0.000177615700522,
                0.000153142769705,
                0.000143539655255,
                0.000115391274448,
                0.000108934662421,
                8.85613699211e-05,
                5.37622981938e-05,
                4.15792346757e-05,
                2.28303870244e-05,
                2.60764809354e-05,
                3.29026370309e-05,
                2.28637818509e-05,
                1.9351076844e-05,
                2.46713807428e-05,
                1.6576534108e-05,
                1.71739920916e-05,
                1.1908747183e-05,
                1.20087124742e-05,
                1.07558116724e-05,
                7.34008335712e-06,
                5.45771717952e-06,
                5.06585683979e-06,
                4.64595586891e-06,
