{
    "lowlevel": {
        "average_loudness": 0.662719726562,
        "barkbands": {
            "dmean": [
                8.47960137662e-08,
                3.101557013e-05,
                0.000172282321728,
                0.000161764066434,
                0.000891698407941,
                0.000854808837175,
                0.000916188640986,
                0.00159734406043,
                0.000603823340498,
                0.000363123894203,
                0.00020497837977,
                0.000271739671007,
                0.000174497865373,
                0.000135512731504,
                0.000125709615531,
                8.24870294309e-05,
                9.8808130133e-05,
                4.7843754146e-05,
                2.55479426414e-05,
                1.60405434144e-05,
                1.88761296158e-05,
                3.54014227923e-05,
                3.62011123798e-05,
                1.61418029165e-05,
                9.0078510766e-06,
                4.65497123514e-06,
                1.72529144038e-06
            ],
            "dmean2": [
                1.49230288571e-07,
                4.4793861889e-05,
                0.000251439254498,
                0.000256935862126,
                0.00137272919528,
                0.00125780946109,
                0.0013806449715,
                0.00230657099746,
                0.000804510258604,
                0.00049171410501,
                0.000277912302408,
                0.000394532660721,
                0.000265239184955,
                0.000210297628655,
                0.000189255282748,
                0.000112622059532,
                0.000145357393194,
                7.26580619812e-05,
                3.76120515284e-05,
                2.43525228143e-05,
                2.85969035758e-05,
                5.1932875067e-05,
                5.20982102898e-05,
                2.30440218729e-05,
                1.34039710247e-05,
                6.63129003442e-06,
                2.49087725024e-06
            ],
            "dvar": [
                1.28457639491e-12,
                3.22502824446e-09,
                1.20409424653e-07,
                1.73569546291e-07,
                3.96907626055e-06,
                5.07857384946e-06,
                8.63154491526e-06,
                2.98455779557e-05,
                6.47632350592e-06,
                2.73250702776e-06,
                1.8608911887e-06,
                1.14962813313e-06,
                6.18185538315e-07,
                2.36856934066e-07,
                2.74306529491e-07,
                9.28115611032e-08,
                5.5540077426e-08,
                1.6454944074e-08,
                4.20092627351e-09,
                2.01208516515e-09,
                4.50552173348e-09,
                1.22179750761e-08,
                1.82853483466e-08,
                4.19353174408e-09,
                7.73475172799e-10,
                3.70217412282e-10,
                1.024194618e-10
            ],
            "dvar2": [
                3.57728950628e-12,
                6.31325480782e-09,
                2.76419683587e-07,
                4.12254649973e-07,
                9.58036798693e-06,
                1.05909875856e-05,
                1.63570894074e-05,
                5.82687644055e-05,
                1.01039859146e-05,
                4.34909225078e-06,
                3.00391593555e-06,
                2.26406018555e-06,
                1.2963756717e-06,
                5.53833672257e-07,
                5.78243771088e-07,
                1.67377137927e-07,
                1.13387230272e-07,
                3.56179015171e-08,
                9.39313515858e-09,
                4.46283721089e-09,
                9.95759741329e-09,
                2.5640975565e-08,
                3.38877050865e-08,
                7.72399300075e-09,
                1.43475198389e-09,
                7.3301853476e-10,
                2.14823464573e-10
            ],
            "max": [
                7.347331848e-05,
                0.00229025585577,
                0.0147027401254,
                0.00924891978502,
                0.0366132929921,
                0.0540651604533,
                0.0847548767924,
                0.114877812564,
                0.1060070768,
                0.0729014277458,
                0.0692315027118,
                0.033177562058,
                0.0307231415063,
                0.0128916548565,
                0.0153768723831,
                0.0077750897035,
                0.00515232793987,
                0.00243378570303,
                0.00129506038502,
                0.00172138819471,
                0.00176890101284,
                0.00365702365525,
                0.00333207845688,
                0.00229961238801,
                0.000944828905631,
                0.000669223198202,
                0.000527324504219
            ],
            "mean": [
                9.37614004215e-08,
                8.56489350554e-05,
                0.000710689695552,
                0.000361675891327,
                0.00214944197796,
                0.00205382797867,
                0.00206655613147,
                0.00379044585861,
                0.00151877943426,
                0.000941063743085,
                0.00037944765063,
                0.000507828546688,
                0.000272806384601,
                0.000218926463276,
                0.000198929614271,
                0.000160156807397,
                0.000203046176466,
                9.57635202212e-05,
                4.42774871772e-05,
                2.76478585874e-05,
                3.33515999955e-05,
                6.86668790877e-05,
                6.54187460896e-05,
                2.80318454315e-05,
                1.63881722983e-05,
                8.23837490316e-06,
                2.91723972623e-06
            ],
            "median": [
                1.00231449807e-08,
                3.04216609948e-05,
                0.000217275708565,
                0.000121770091937,
                0.00102136388887,
                0.000698759919032,
                0.000684700964484,
                0.000514236395247,
                0.000113463989692,
                0.000120292461361,
                3.92353758798e-05,
                0.000115328555694,
                4.79951704619e-05,
                2.87036127702e-05,
                1.90501450561e-05,
                1.46751181092e-05,
                2.19757821469e-05,
                1.14789227155e-05,
                8.55622602103e-06,
                3.09680171995e-06,
                4.32328215538e-06,
                9.56101757765e-06,
                6.64288472763e-06,
                3.18197544402e-06,
                3.52136521542e-06,
                1.30729608827e-06,
                4.24988911618e-07
            ],
            "min": [
                2.94844701239e-25,
                3.21659264727e-23,
                3.36537212954e-24,
                1.53696294519e-23,
                1.88749076407e-23,
                3.71691505463e-23,
                5.5182341244e-23,
                1.36254466309e-22,
                4.96979782825e-23,
                1.152506345e-22,
                4.83727676924e-23,
                3.90847730369e-23,
                3.24607111712e-23,
                4.3766346965e-23,
                1.01303314949e-22,
                9.48942744778e-23,
                1.30627565648e-22,
                1.48712826678e-22,
                2.45404176785e-22,
                2.58908213305e-22,
                4.3692720999e-22,
                3.97784386257e-22,
                3.40581847965e-22,
                9.65139232987e-22,
                1.26644784905e-21,
                1.89339683314e-21,
                2.65778300692e-21
            ],
            "var": [
                8.42491386984e-13,
                1.79872756689e-08,
                1.19325022752e-06,
                4.79276252463e-07,
                1.15939828902e-05,
                1.73949247255e-05,
                2.85740861727e-05,
                0.000128613624838,
                4.09231615777e-05,
                1.9706079911e-05,
                6.59843044559e-06,
                2.95837367048e-06,
                1.48141600675e-06,
                5.48216121388e-07,
                5.13626446264e-07,
                2.89240546181e-07,
                1.92518257336e-07,
                5.43730145353e-08,
                8.56422044393e-09,
                4.45520598191e-09,
                9.19059583993e-09,
                2.91096835525e-08,
                4.16208187914e-08,
                9.77304903671e-09,
                1.94206006832e-09,
                8.42567404735e-10,
                2.01512584397e-10
            ]
        },
        "barkbands_crest": {
            "dmean": 2.08459615707,
            "dmean2": 3.28273630142,
            "dvar": 5.00382947922,
            "dvar2": 11.8258829117,
            "max": 26.4815883636,
            "mean": 11.884057045,
            "median": 10.7892513275,
            "min": 2.95155453682,
            "var": 26.4058685303
        },
        "barkbands_flatness_db": {
            "dmean": 0.0199704971164,
            "dmean2": 0.0295357387513,
            "dvar": 0.000484489573864,
            "dvar2": 0.000921388156712,
            "max": 0.512235581875,
            "mean": 0.223182454705,
            "median": 0.211884021759,
            "min": 0.0564567372203,
            "var": 0.00690938392654
        },
        "barkbands_kurtosis": {
            "dmean": 3.97741270065,
            "dmean2": 6.2458615303,
            "dvar": 111.002601624,
            "dvar2": 297.882629395,
            "max": 518.651733398,
            "mean": 11.7579650879,
            "median": 3.87355113029,
            "min": -1.91820824146,
            "var": 1628.5098877
        },
        "barkbands_skewness": {
            "dmean": 0.474713563919,
            "dmean2": 0.722614228725,
            "dvar": 0.302241951227,
            "dvar2": 0.648959755898,
            "max": 10.5408067703,
            "mean": 1.44071853161,
            "median": 1.46266484261,
            "min": -20.4383640289,
            "var": 5.97933864594
        },
        "barkbands_spread": {
            "dmean": 3.09960460663,
            "dmean2": 4.5604634285,
            "dvar": 40.0434799194,
            "dvar2": 66.7364807129,
            "max": 84.8203811646,
            "mean": 11.7271747589,
            "median": 7.17439651489,
            "min": 0.503789842129,
            "var": 165.222473145
        },
        "dissonance": {
            "dmean": 0.0331319235265,
            "dmean2": 0.0551018640399,
            "dvar": 0.00109706399962,
            "dvar2": 0.00289479945786,
            "max": 0.500000059605,
            "mean": 0.409670591354,
            "median": 0.421967685223,
            "min": 0.125225141644,
            "var": 0.00427595805377
        },
        "dynamic_complexity": 4.91698980331,
        "erbbands": {
            "dmean": [
                0.000262259563897,
                0.0103942556307,
                0.135315448046,
                0.416992247105,
                0.960388600826,
                3.82551074028,
                6.72341108322,
                6.80501413345,
                10.7443208694,
                17.8347949982,
                36.7195281982,
                13.3381185532,
                10.4152097702,
                10.0497493744,
                7.67872142792,
                11.913687706,
                6.84955883026,
                8.10377693176,
                6.33302021027,
                4.71708297729,
                3.74377536774,
                4.55569267273,
                3.00832653046,
                0.94389975071,
                1.36026918888,
                0.737057209015,
                0.493529140949,
                1.00404930115,
                1.3179255724,
                1.1938726902,
                1.00235080719,
                0.506505846977,
                0.186524271965,
                0.0944267213345,
                0.0725452452898,
                0.0285563897341,
                0.00693218689412,
                0.00193816388492,
                0.000308470247546,
                1.62487813213e-05
            ],
            "dmean2": [
                0.00040348150651,
                0.0148734301329,
                0.194042608142,
                0.662198841572,
                1.51117146015,
                5.86907052994,
                10.0504198074,
                10.0698280334,
                16.493057251,
                25.9933547974,
                53.2407989502,
                17.3093719482,
                13.5751066208,
                12.8297233582,
                10.6730508804,
                16.9354763031,
                10.2386608124,
                12.0976676941,
                9.63118362427,
                6.65245246887,
                5.10104465485,
                6.59803771973,
                4.37730693817,
                1.37923884392,
                2.0221092701,
                1.11287236214,
                0.747871696949,
                1.49140238762,
                1.93337345123,
                1.72921383381,
                1.44916117191,
                0.714341461658,
                0.266169309616,
                0.140349686146,
                0.107959873974,
                0.0416891239583,
                0.00982357095927,
                0.00285287573934,
                0.00044761018944,
                2.29316883633e-05
            ],
            "dvar": [
                2.73520839755e-07,
                0.000340051570674,
                0.0677089765668,
                0.957111775875,
                4.62000751495,
                86.9496231079,
                353.961639404,
                475.805969238,
                1287.35620117,
                2959.11645508,
                17619.7070312,
                2934.9831543,
                3127.20141602,
                1909.62597656,
                2452.15234375,
                2159.33789062,
                845.242980957,
                888.12701416,
                731.08001709,
                306.528594971,
                179.922653198,
                116.139144897,
                48.5061454773,
                6.36382246017,
                11.7966842651,
                5.07648897171,
                4.13827562332,
                13.2359209061,
                14.1008815765,
                21.966178894,
                14.1160945892,
                4.7271194458,
                0.438251197338,
                0.116238415241,
                0.0442441515625,
                0.0109200756997,
                0.0010715884855,
                0.000118104937428,
                3.22034657074e-06,
                7.13565917465e-09
            ],
            "dvar2": [
                6.55027236007e-07,
                0.000637444725726,
                0.142491340637,
                2.58524107933,
                11.2604026794,
                211.11428833,
                781.964233398,
                961.679260254,
                2927.96630859,
                5537.11132812,
                32978.4921875,
                4743.09814453,
                4814.65136719,
                2687.57299805,
                4449.31298828,
                3765.50219727,
                1654.78979492,
                1953.31262207,
                1578.88037109,
                584.868286133,
                375.653503418,
                233.903823853,
                101.37462616,
                15.5957574844,
                25.4908638,
                11.487821579,
                9.91474819183,
                30.0928993225,
                29.1927490234,
                43.9852256775,
                26.2374477386,
                8.84149932861,
                0.798100829124,
                0.223979577422,
                0.0862735435367,
                0.022846614942,
                0.00205047614872,
                0.000254574115388,
                6.52221660857e-06,
                1.49665755345e-08
            ],
            "max": [
                0.0200935043395,
                0.768571555614,
                10.0186023712,
                26.0488319397,
                40.8556404114,
                179.692398071,
                618.605102539,
                612.801757812,
                1267.43908691,
                1332.02185059,
                2998.1484375,
                3123.18774414,
                2793.45092773,
                1465.77722168,
                2304.06347656,
                1713.2076416,
                1365.1854248,
                764.313110352,
                908.648986816,
                675.923461914,
                477.193572998,
                261.146575928,
                140.978683472,
                84.5049514771,
                71.1961288452,
                102.436645508,
                71.5144348145,
                114.553108215,
                94.9606170654,
                145.227890015,
                102.38079071,
                72.2119827271,
                20.8666267395,
                11.7922382355,
                6.41382169724,
                3.20944166183,
                1.37023973465,
                0.484898746014,
                0.0901608020067,
                0.00492588430643
            ],
            "mean": [
                0.000958681979682,
                0.036295235157,
                0.578300952911,
                1.23179996014,
                2.37567448616,
                8.89354705811,
                14.3885250092,
                16.8553981781,
                27.2569904327,
                38.6773681641,
                95.7369537354,
                37.3643722534,
                29.1154403687,
                21.9128074646,
                15.6991844177,
                22.8829116821,
                12.3063306808,
                14.7371864319,
                10.9079236984,
                9.07356834412,
                8.03646850586,
                9.98213768005,
                7.32212638855,
                2.0485637188,
                2.34755921364,
                1.30698645115,
                0.920216262341,
                1.81044435501,
                2.57948970795,
                2.17357039452,
                1.76905584335,
                0.870176315308,
                0.327800422907,
                0.164915040135,
                0.127179205418,
                0.0502714961767,
                0.0121594099328,
                0.00322319357656,
                0.000510028738063,
                4.22450684709e-05
            ],
            "median": [
                0.000384264392778,
                0.0174339748919,
                0.199075132608,
                0.563039958477,
                1.1420249939,
                3.37477731705,
                3.73378825188,
                5.8084487915,
                10.4145565033,
                12.2140159607,
                11.3635187149,
                4.29606485367,
                2.97418451309,
                4.25551652908,
                2.11445403099,
                5.63619041443,
                3.06109809875,
                1.96841847897,
                1.47170162201,
                0.884813547134,
                0.891179442406,
                1.24264025688,
                0.93087130785,
                0.552688360214,
                0.47476541996,
                0.201046466827,
                0.142165392637,
                0.225373595953,
                0.351705431938,
                0.263481974602,
                0.169097438455,
                0.0884459987283,
                0.0456134937704,
                0.0312938168645,
                0.0247175209224,
                0.00822232384235,
                0.00191147008445,
                0.000449554587249,
                8.00861598691e-05,
                1.89351176232e-05
            ],
            "min": [
                6.01236510962e-22,
                8.21654981438e-21,
                6.59399465318e-21,
                2.98707488461e-20,
                4.31887153685e-20,
                8.7373827946e-20,
                1.1837258296e-19,
                4.2931932657e-19,
                6.82538931763e-19,
                1.24004620522e-18,
                2.99311003313e-18,
                1.56443717994e-18,
                2.21605263659e-18,
                3.04358976399e-18,
                1.9233349245e-18,
                1.9091744196e-18,
                1.55464677361e-18,
                2.47421922129e-18,
                3.56309000115e-18,
                5.84271787846e-18,
                5.56396959256e-18,
                6.97575968945e-18,
                7.7032005181e-18,
                1.01092844587e-17,
                1.16028012409e-17,
                1.30294164823e-17,
                1.54574827477e-17,
                1.72331169225e-17,
                1.57094667777e-17,
                1.00559643965e-17,
                1.15810265385e-17,
                1.50142049293e-17,
                1.85717714319e-17,
                1.34038612933e-17,
                9.57647095642e-18,
                5.79354447259e-18,
                4.0272661242e-18,
                1.66363495375e-18,
                3.97460232633e-19,
                3.37195943869e-20
            ],
            "var": [
                2.10018743019e-06,
                0.0026059912052,
                0.760503411293,
                3.37170815468,
                13.1699256897,
                252.468795776,
                1006.91784668,
                1743.21264648,
                3306.78149414,
                9861.06347656,
                91908.7421875,
                18876.9492188,
                25221.9101562,
                6917.44580078,
                9374.20605469,
                5888.09521484,
                2183.30688477,
                2311.23608398,
                1450.38623047,
                765.630615234,
                489.843658447,
                389.978271484,
                217.590087891,
                14.588511467,
                23.0124969482,
                10.3005180359,
                7.40005254745,
                25.0856304169,
                36.3601989746,
                44.7333641052,
                32.0370635986,
                10.8311777115,
                1.0388160944,
                0.258864969015,
                0.110622279346,
                0.0240793731064,
                0.00247601768933,
                0.000235925443121,
                6.37702805761e-06,
                1.36307267695e-08
            ]
        },
        "erbbands_crest": {
            "dmean": 2.57772135735,
            "dmean2": 4.06816196442,
            "dvar": 7.77817201614,
            "dvar2": 17.8758411407,
            "max": 32.55286026,
            "mean": 12.8430404663,
            "median": 11.394733429,
            "min": 3.30315971375,
            "var": 36.4975700378
        },
        "erbbands_flatness_db": {
            "dmean": 0.0191830713302,
            "dmean2": 0.0280171651393,
            "dvar": 0.000510395504534,
            "dvar2": 0.00095115241129,
            "max": 0.500532567501,
            "mean": 0.240692183375,
            "median": 0.230392575264,
            "min": 0.0551342740655,
            "var": 0.00575691927224
        },
        "erbbands_kurtosis": {
            "dmean": 1.77130830288,
            "dmean2": 2.69734740257,
            "dvar": 8.20976543427,
            "dvar2": 17.7513885498,
            "max": 85.9001693726,
            "mean": 3.14370465279,
            "median": 1.27525115013,
            "min": -1.91963517666,
            "var": 31.7377891541
        },
        "erbbands_skewness": {
            "dmean": 0.399623125792,
            "dmean2": 0.590428411961,
            "dvar": 0.19430449605,
            "dvar2": 0.39477699995,
            "max": 6.53444004059,
            "mean": 1.06068062782,
            "median": 0.896619558334,
            "min": -2.27145600319,
            "var": 1.18657922745
        },
        "erbbands_spread": {
            "dmean": 5.39166212082,
            "dmean2": 8.04365825653,
            "dvar": 86.8759994507,
            "dvar2": 160.075942993,
            "max": 120.561813354,
            "mean": 23.6062011719,
            "median": 16.4194030762,
            "min": 1.41541922092,
            "var": 401.077056885
        },
        "gfcc": {
            "cov": [
                [
                    23797.6445312,
                    -1287.0769043,
                    -1574.33862305,
                    1628.39257812,
                    -1739.1451416,
                    -85.5786819458,
                    -993.810852051,
                    454.053894043,
                    -535.623535156,
                    61.2886428833,
                    -782.51159668,
                    327.829406738,
                    -766.724609375
                ],
                [
                    -1287.0769043,
                    5331.25732422,
                    1061.0246582,
                    -909.638793945,
                    777.80657959,
                    -288.132995605,
                    306.168334961,
                    -389.301330566,
                    195.586135864,
                    0.487699627876,
                    397.167663574,
                    -196.540130615,
                    36.3643188477
                ],
                [
                    -1574.33862305,
                    1061.0246582,
                    1648.64916992,
                    101.467498779,
                    191.22253418,
                    78.1781692505,
                    209.777038574,
                    -94.9134521484,
                    8.10963821411,
                    62.2449264526,
                    166.353561401,
                    -15.373295784,
                    -1.91904199123
                ],
                [
                    1628.39257812,
                    -909.638793945,
                    101.467498779,
                    894.139282227,
                    -151.394882202,
                    67.3860168457,
                    -90.2706985474,
                    29.7137031555,
                    -0.787108302116,
                    -7.83349132538,
                    -93.6230697632,
                    49.2361335754,
                    -62.0867576599
                ],
                [
                    -1739.1451416,
                    777.80657959,
                    191.22253418,
                    -151.394882202,
                    562.735900879,
                    11.5814981461,
                    116.420150757,
                    -20.461517334,
                    111.500267029,
                    26.5598716736,
                    72.9534301758,
                    -84.1787796021,
                    50.1685142517
                ],
                [
                    -85.5786819458,
                    -288.132995605,
                    78.1781692505,
                    67.3860168457,
                    11.5814981461,
                    283.268768311,
                    116.280387878,
                    28.8627243042,
                    -21.2381725311,
                    22.5699443817,
                    -6.21671533585,
                    -2.07227778435,
                    -1.59624826908
                ],
                [
                    -993.810852051,
                    306.168334961,
                    209.777038574,
                    -90.2706985474,
                    116.420150757,
                    116.280387878,
                    327.726104736,
                    51.6460266113,
                    -11.2809286118,
                    35.0129890442,
                    83.7978057861,
                    -42.8779449463,
                    -12.2191333771
                ],
                [
                    454.053894043,
                    -389.301330566,
                    -94.9134521484,
                    29.7137031555,
                    -20.461517334,
                    28.8627243042,
                    51.6460266113,
                    231.138778687,
                    -43.002494812,
                    8.0001115799,
                    -19.7331600189,
                    -0.807271897793,
                    -54.972858429
                ],
                [
                    -535.623535156,
                    195.586135864,
                    8.10963821411,
                    -0.787108302116,
                    111.500267029,
                    -21.2381725311,
                    -11.2809286118,
                    -43.002494812,
                    174.07244873,
                    26.3677043915,
                    0.481530219316,
                    -18.0273208618,
                    24.8265419006
                ],
                [
                    61.2886428833,
                    0.487699627876,
                    62.2449264526,
                    -7.83349132538,
                    26.5598716736,
                    22.5699443817,
                    35.0129890442,
                    8.0001115799,
                    26.3677043915,
                    115.857521057,
                    10.8009767532,
                    -19.4330711365,
                    -18.7752475739
                ],
                [
                    -782.51159668,
                    397.167663574,
                    166.353561401,
                    -93.6230697632,
                    72.9534301758,
                    -6.21671533585,
                    83.7978057861,
                    -19.7331600189,
                    0.481530219316,
                    10.8009767532,
                    161.802215576,
                    -10.4292440414,
                    -2.03189253807
                ],
                [
                    327.829406738,
                    -196.540130615,
                    -15.373295784,
                    49.2361335754,
                    -84.1787796021,
                    -2.07227778435,
                    -42.8779449463,
                    -0.807271897793,
                    -18.0273208618,
                    -19.4330711365,
                    -10.4292440414,
                    115.560028076,
                    18.0673313141
                ],
                [
                    -766.724609375,
                    36.3643188477,
                    -1.91904199123,
                    -62.0867576599,
                    50.1685142517,
                    -1.59624826908,
                    -12.2191333771,
                    -54.972858429,
                    24.8265419006,
                    -18.7752475739,
                    -2.03189253807,
                    18.0673313141,
                    131.563919067
                ]
            ],
            "icov": [
                [
                    0.00016830554523,
                    -0.000251940015005,
                    0.000183336189366,
                    -0.000325293163769,
                    0.000380372744985,
                    -0.000250965298619,
                    0.000436431233538,
                    -0.000399535929319,
                    0.000402030156692,
                    -0.000472108600661,
                    0.000613863754552,
                    -0.000357008801075,
                    0.000540417444427
                ],
                [
                    -0.000251940015005,
                    0.000838039151859,
                    -0.00047616311349,
                    0.000825034920126,
                    -0.000930421869271,
                    0.000830280070659,
                    -0.000911252573133,
                    0.00125776277855,
                    -0.000773104606196,
                    0.00104192190338,
                    -0.00125647184905,
                    0.000726764032152,
                    -0.000336337601766
                ],
                [
                    0.000183336189366,
                    -0.00047616311349,
                    0.00107642658986,
                    -0.000729841995053,
                    0.000356855336577,
                    -0.00048671674449,
                    0.00020229598158,
                    -0.000288504903438,
                    0.000714863825124,
                    -0.000972246110905,
                    0.000233242419199,
                    -0.000652351416647,
                    0.000447131984401
                ],
                [
                    -0.000325293163769,
                    0.000825034920126,
                    -0.000729841995053,
                    0.00228307698853,
                    -0.0007691605133,
                    0.000356081058271,
                    -0.000627574161626,
                    0.00111808150541,
                    -0.00127417268232,
                    0.00137142639142,
                    -0.000764434225857,
                    0.000437940703705,
                    1.3714960005e-05
                ],
                [
                    0.000380372744985,
                    -0.000930421869271,
                    0.000356855336577,
                    -0.0007691605133,
                    0.00383416377008,
                    -0.000948136264924,
                    0.000743927259464,
                    -0.00177950481884,
                    -0.000510740035679,
                    -0.00114545878023,
                    0.00105872435961,
                    0.000602353946306,
                    -0.000165354722412
                ],
                [
                    -0.000250965298619,
                    0.000830280070659,
                    -0.00048671674449,
                    0.000356081058271,
                    -0.000948136264924,
                    0.00537564279512,
                    -0.00284505751915,
                    0.00126190227456,
                    -0.000187014462426,
                    0.000362522754585,
                    -0.000292057637125,
                    0.000399146752898,
                    -0.00081361096818
                ],
                [
                    0.000436431233538,
                    -0.000911252573133,
                    0.00020229598158,
                    -0.000627574161626,
                    0.000743927259464,
                    -0.00284505751915,
                    0.00643824227154,
                    -0.00266642263159,
                    0.00142181455158,
                    -0.00186678150203,
                    -0.000188128688023,
                    8.3519043983e-05,
                    0.00111862190533
                ],
                [
                    -0.000399535929319,
                    0.00125776277855,
                    -0.000288504903438,
                    0.00111808150541,
                    -0.00177950481884,
                    0.00126190227456,
                    -0.00266642263159,
                    0.00748247979209,
                    -2.37718268181e-05,
                    0.00130581925623,
                    -0.000971470668446,
                    0.000435137742897,
                    0.00153617805336
                ],
                [
                    0.000402030156692,
                    -0.000773104606196,
                    0.000714863825124,
                    -0.00127417268232,
                    -0.000510740035679,
                    -0.000187014462426,
                    0.00142181455158,
                    -2.37718268181e-05,
                    0.0085478592664,
                    -0.00315250316635,
                    0.00199551414698,
                    -0.000736617832445,
                    0.000349443056621
                ],
                [
                    -0.000472108600661,
                    0.00104192190338,
                    -0.000972246110905,
                    0.00137142639142,
                    -0.00114545878023,
                    0.000362522754585,
                    -0.00186678150203,
                    0.00130581925623,
                    -0.00315250316635,
                    0.0114649906754,
                    -0.00200831936672,
                    0.0020912187174,
                    0.000319956569001
                ],
                [
                    0.000613863754552,
                    -0.00125647184905,
                    0.000233242419199,
                    -0.000764434225857,
                    0.00105872435961,
                    -0.000292057637125,
                    -0.000188128688023,
                    -0.000971470668446,
                    0.00199551414698,
                    -0.00200831936672,
                    0.0110561260954,
                    -0.0022603366524,
                    0.00255474401638
                ],
                [
                    -0.000357008801075,
                    0.000726764032152,
                    -0.000652351416647,
                    0.000437940703705,
                    0.000602353946306,
                    0.000399146752898,
                    8.3519043983e-05,
                    0.000435137742897,
                    -0.000736617832445,
                    0.0020912187174,
                    -0.0022603366524,
                    0.0116605153307,
                    -0.00331834424287
                ],
                [
                    0.000540417444427,
                    -0.000336337601766,
                    0.000447131984401,
                    1.3714960005e-05,
                    -0.000165354722412,
                    -0.00081361096818,
                    0.00111862190533,
                    0.00153617805336,
                    0.000349443056621,
                    0.000319956569001,
                    0.00255474401638,
                    -0.00331834424287,
                    0.0121300853789
                ]
            ],
            "mean": [
                -114.838867188,
                110.086257935,
                -115.350364685,
                -15.6468772888,
                -72.2720718384,
                -6.29048013687,
                -45.9459037781,
                -8.87889385223,
                -18.4824962616,
                -7.2481470108,
                -16.3000869751,
                -1.37890958786,
                -19.5480422974
            ]
        },
        "hfc": {
            "dmean": 2.87927174568,
            "dmean2": 4.07055902481,
            "dvar": 24.1824417114,
            "dvar2": 43.4446640015,
            "max": 97.3128814697,
            "mean": 11.2891492844,
            "median": 6.0381526947,
            "min": 1.20008064718e-16,
            "var": 176.839874268
        },
        "melbands": {
            "dmean": [
                5.17925309396e-06,
                5.19002205692e-05,
                7.45214056224e-05,
                0.000164673576364,
                0.000219350025873,
                0.000153864399181,
                0.000175998153281,
                0.000224383402383,
                0.000283119501546,
                7.55942819524e-05,
                5.25280338479e-05,
                4.24465397373e-05,
                2.58873387793e-05,
                3.12269876304e-05,
                1.94350905076e-05,
                1.95488228201e-05,
                1.5350189642e-05,
                1.02746816992e-05,
                8.68103961693e-06,
                7.07634853825e-06,
                4.40893518316e-06,
                4.85847658638e-06,
