{
    "lowlevel": {
        "average_loudness": 0.538912594318,
        "barkbands": {
            "dmean": [
                9.30985770538e-05,
                0.000490795762744,
                0.000312732066959,
                0.000273263140116,
                0.000989436055534,
                0.000937841541599,
                0.000730919302441,
                0.00123128981795,
                0.000786170887295,
                0.000511765363626,
                0.000377568183467,
                0.000475029635709,
                0.000351191061782,
                0.00014997375547,
                0.000197208690224,
                0.000189634898561,
                0.000159885166795,
                3.30911534547e-05,
                5.99357190367e-05,
                2.45665432885e-05,
                7.58833539294e-06,
                1.08464009827e-05,
                1.18414009194e-05,
                9.09367554414e-06,
                5.63200956094e-06,
                7.47200544993e-07,
                3.14838537463e-08
            ],
            "dmean2": [
                0.000161098098033,
                0.000814194499981,
                0.000508978439029,
                0.000413956789998,
                0.0014419099316,
                0.00137302046642,
                0.00107252853923,
                0.00177840597462,
                0.00119687488768,
                0.000713491288479,
                0.000549864489585,
                0.000694293237757,
                0.000518866698258,
                0.000229553479585,
                0.000288882612949,
                0.000294473284157,
                0.000253418897046,
                5.3635907534e-05,
                9.26973807509e-05,
                4.00489589083e-05,
                1.22456640383e-05,
                1.59978080774e-05,
                1.71113733813e-05,
                1.28178953673e-05,
                8.42421559355e-06,
                1.0862805766e-06,
                4.62828460002e-08
            ],
            "dvar": [
                4.81863473567e-08,
                1.14344550184e-06,
                4.20097080678e-07,
                5.69931387417e-07,
                3.20068193105e-06,
                3.21700827044e-06,
                4.8510137276e-06,
                1.4529314285e-05,
                1.06740726551e-05,
                2.43075623985e-06,
                1.0441727909e-06,
                3.69331223737e-06,
                1.44437944982e-06,
                2.55073587141e-07,
                4.31409461044e-07,
                5.7128448816e-07,
                1.74169727529e-07,
                4.76045736164e-09,
                1.70168394931e-08,
                3.77113851258e-09,
                5.68700142534e-10,
                1.9322652367e-09,
                3.04641134541e-09,
                2.82111178862e-09,
                1.04131170353e-09,
                1.18015102898e-11,
                2.13967688375e-14
            ],
            "dvar2": [
                1.42513286505e-07,
                3.09604297399e-06,
                1.2389556332e-06,
                1.26755651308e-06,
                7.45487432141e-06,
                7.58346914154e-06,
                1.16197570605e-05,
                3.32359304593e-05,
                2.68380808848e-05,
                4.70220629722e-06,
                2.15527825276e-06,
                7.51246079744e-06,
                3.01330828734e-06,
                5.44751742382e-07,
                8.42148267566e-07,
                1.32186721657e-06,
                3.94539938497e-07,
                1.23676793251e-08,
                4.0039530802e-08,
                9.75139435866e-09,
                1.40076983346e-09,
                3.76992215223e-09,
                5.75538861014e-09,
                5.24929433254e-09,
                2.34753372297e-09,
                2.33977021785e-11,
                4.65463442529e-14
            ],
            "max": [
                0.00549809075892,
                0.0343161784112,
                0.0168364793062,
                0.0256805736572,
                0.0484579950571,
                0.0439041294158,
                0.0598947964609,
                0.078522361815,
                0.109457924962,
                0.0467126965523,
                0.0255608297884,
                0.0568583123386,
                0.0342669263482,
                0.0142324352637,
                0.0168860256672,
                0.0251961629838,
                0.0137187419459,
                0.00144900765736,
                0.00328099983744,
                0.00154290534556,
                0.000873789249454,
                0.00185721681919,
                0.00226958235726,
                0.00221467600204,
                0.000945620296989,
                0.000146069563925,
                6.63343371343e-06
            ],
            "mean": [
                0.00012608410907,
                0.00229542818852,
                0.000907082983758,
                0.000739791314118,
                0.00296273641288,
                0.00241660466418,
                0.00165482459124,
                0.00280164065771,
                0.00157592399046,
                0.00133348407689,
                0.000749794708099,
                0.0010315667605,
                0.000695751921739,
                0.000287225819193,
                0.000364503415767,
                0.000394867529394,
                0.000354676158167,
                7.59444155847e-05,
                0.000140509699122,
                5.50557961105e-05,
                1.79238413693e-05,
                2.33218142967e-05,
                2.33690079767e-05,
                1.65988367371e-05,
                1.02214380604e-05,
                1.61580862823e-06,
                7.98073003239e-08
            ],
            "median": [
                4.87201032229e-05,
                0.00101155252196,
                0.000407400832046,
                0.000218796325498,
                0.00138774653897,
                0.00100501941051,
                0.000455231551314,
                0.0005343342782,
                0.000206167023862,
                0.000235394298215,
                0.00013467433746,
                0.000140578355058,
                0.000112340938358,
                7.15602000128e-05,
                9.62477570283e-05,
                9.16119170142e-05,
                0.000106578030682,
                2.88160081254e-05,
                4.42748205387e-05,
                1.54131375893e-05,
                6.48417426419e-06,
                7.35258754503e-06,
                4.87811212224e-06,
                2.43602721639e-06,
                1.79286485036e-06,
                3.24211725911e-07,
                2.61439669913e-08
            ],
            "min": [
                2.82652239651e-25,
                2.26782403565e-24,
                2.01045777089e-24,
                7.42710175683e-25,
                1.2420522656e-23,
                7.55884231686e-24,
                1.01928386242e-23,
                6.81211841689e-24,
                1.77579847286e-23,
                1.06556854054e-23,
                1.99083974681e-23,
                2.64020069836e-23,
                3.58804358171e-23,
                3.32543620398e-23,
                4.79894538677e-23,
                7.18290860144e-23,
                5.30582796142e-23,
                1.02879023586e-22,
                1.31178354643e-22,
                1.56808647402e-22,
                2.61258968315e-22,
                3.03143064762e-22,
                4.06410561323e-22,
                5.3921467625e-22,
                8.54385282352e-22,
                1.33442206212e-21,
                1.90500543254e-21
            ],
            "var": [
                5.85528461272e-08,
                1.00919824035e-05,
                2.02151136364e-06,
                2.89010722554e-06,
                1.66474619618e-05,
                1.26007189465e-05,
                1.62346514117e-05,
                4.26866681664e-05,
                2.61578625214e-05,
                1.37865908982e-05,
                3.48277922058e-06,
                1.35015143314e-05,
                4.52374706583e-06,
                8.23233392566e-07,
                1.23403947327e-06,
                1.7194904558e-06,
                7.65062395658e-07,
                1.44100633648e-08,
                5.81569956637e-08,
                1.11095737054e-08,
                1.35631650355e-09,
                4.57728122072e-09,
                5.97767213506e-09,
                5.42862244046e-09,
                1.57104695919e-09,
                2.66035353469e-11,
                4.63237406062e-14
            ]
        },
        "barkbands_crest": {
            "dmean": 1.87259352207,
            "dmean2": 2.87974596024,
            "dvar": 3.44137072563,
            "dvar2": 7.99285364151,
            "max": 25.5284748077,
            "mean": 10.4387865067,
            "median": 9.70682621002,
            "min": 2.70905208588,
            "var": 15.1228370667
        },
        "barkbands_flatness_db": {
            "dmean": 0.0137699069455,
            "dmean2": 0.0201405417174,
            "dvar": 0.000211161022889,
            "dvar2": 0.000416552531533,
            "max": 0.376275062561,
            "mean": 0.176119804382,
            "median": 0.169671565294,
            "min": 0.020885668695,
            "var": 0.00242863222957
        },
        "barkbands_kurtosis": {
            "dmean": 1.85008645058,
            "dmean2": 2.77931070328,
            "dvar": 15.849114418,
            "dvar2": 36.9118690491,
            "max": 200.060928345,
            "mean": 4.39639186859,
            "median": 2.27063703537,
            "min": -1.85819339752,
            "var": 63.2745323181
        },
        "barkbands_skewness": {
            "dmean": 0.343055307865,
            "dmean2": 0.501571118832,
            "dvar": 0.151997029781,
            "dvar2": 0.323666840792,
            "max": 12.9950675964,
            "mean": 1.35251557827,
            "median": 1.26255750656,
            "min": -2.19450569153,
            "var": 1.35244846344
        },
        "barkbands_spread": {
            "dmean": 2.58704948425,
            "dmean2": 3.81196188927,
            "dvar": 18.0717887878,
            "dvar2": 34.6064224243,
            "max": 111.874397278,
            "mean": 13.9448099136,
            "median": 11.872754097,
            "min": 1.01195716858,
            "var": 117.745475769
        },
        "dissonance": {
            "dmean": 0.0229882001877,
            "dmean2": 0.0381452962756,
            "dvar": 0.00055532931583,
            "dvar2": 0.00147502683103,
            "max": 0.5,
            "mean": 0.441102534533,
            "median": 0.450566083193,
            "min": 0.126329764724,
            "var": 0.0017198973801
        },
        "dynamic_complexity": 5.84963512421,
        "erbbands": {
            "dmean": [
                0.0152394007891,
                0.115232355893,
                0.315807074308,
                0.652495086193,
                1.56522345543,
                4.16997432709,
                5.24775266647,
                9.81126689911,
                9.96928787231,
                15.8020629883,
                23.6817817688,
                21.1529331207,
                13.1639709473,
                14.2621850967,
                18.4757766724,
                19.9409542084,
                16.5541858673,
                8.42049026489,
                10.2122011185,
                8.07775783539,
                8.47537136078,
                6.68695354462,
                2.19933176041,
                2.42860817909,
                2.83355855942,
                1.10026681423,
                0.43711078167,
                0.249251037836,
                0.399365752935,
                0.356801897287,
                0.338792979717,
                0.224359080195,
                0.141718432307,
                0.0903920382261,
                0.023584863171,
                0.00581229617819,
                0.000893564312719,
                8.06254392955e-05,
                6.44350484436e-06,
                4.42025566372e-06
            ],
            "dmean2": [
                0.0255732759833,
                0.188347190619,
                0.517628669739,
                1.01046025753,
                2.24051046371,
                6.16269874573,
                7.61454725266,
                14.4989690781,
                14.5226898193,
                22.5099067688,
                34.368019104,
                32.3169822693,
                18.2551517487,
                19.9891223907,
                26.2900238037,
                28.2882499695,
                24.1077899933,
                12.6910171509,
                14.9180660248,
                12.2055397034,
                12.8189764023,
                10.4947872162,
                3.52597165108,
                3.85482239723,
                4.47277021408,
                1.78258061409,
                0.698576509953,
                0.381332278252,
                0.593865394592,
                0.520192027092,
                0.490951955318,
                0.313853412867,
                0.201356515288,
                0.133931547403,
                0.0350585952401,
                0.0084605300799,
                0.00131152139511,
                0.000119469725178,
                9.25646054384e-06,
                6.58583394397e-06
            ],
            "dvar": [
                0.00186304142699,
                0.0504316575825,
                0.337134599686,
                2.25168371201,
                9.6389503479,
                75.7832946777,
                137.224945068,
                400.135162354,
                1124.0916748,
                2607.30126953,
                6205.87841797,
                8632.34570312,
                2005.26953125,
                1867.56994629,
                2702.40112305,
                7197.04785156,
                2928.57861328,
                674.325500488,
                1047.83239746,
                1015.84301758,
                698.825378418,
                311.731933594,
                21.2630767822,
                26.806022644,
                40.0738487244,
                7.10740232468,
                1.57538545132,
                0.722956418991,
                2.58447575569,
                2.52672314644,
                2.51959109306,
                1.41680812836,
                0.761681675911,
                0.27530503273,
                0.0154805285856,
                0.000722697935998,
                1.56340811373e-05,
                1.41021075706e-07,
                7.1889039166e-10,
                5.12448139478e-11
            ],
            "dvar2": [
                0.00532354274765,
                0.132255062461,
                0.965338647366,
                5.61635828018,
                21.7601566315,
                183.058685303,
                267.355621338,
                969.510864258,
                2687.16650391,
                5634.1796875,
                14975.9101562,
                22421.4609375,
                3636.79394531,
                3827.78173828,
                5434.47460938,
                14333.0498047,
                6217.48388672,
                1409.4152832,
                1872.04016113,
                2107.24072266,
                1583.46643066,
                709.656982422,
                54.7504501343,
                67.3601303101,
                97.9397201538,
                18.0600414276,
                3.99244308472,
                1.60435962677,
                5.07813739777,
                4.73395586014,
                4.88790988922,
                2.56461238861,
                1.4822281599,
                0.610422194004,
                0.0341788604856,
                0.00144686223939,
                3.06738147628e-05,
                2.88458323894e-07,
                1.45573453292e-09,
                1.21238075135e-10
            ],
            "max": [
                1.40728211403,
                6.06646108627,
                15.136059761,
                41.8358154297,
                84.8341064453,
                244.707717896,
                411.406219482,
                535.580444336,
                1053.3840332,
                1384.4777832,
                1997.28344727,
                3379.8581543,
                1422.83459473,
                1851.96313477,
                1391.60375977,
                2684.27392578,
                1739.43469238,
                786.36907959,
                1036.17712402,
                1161.83410645,
                873.723327637,
                612.424255371,
                147.248214722,
                111.172401428,
                138.5131073,
                87.42137146,
                46.8370857239,
                33.2683334351,
                78.1194534302,
                53.9046440125,
                64.1528625488,
                47.2931900024,
                33.2340507507,
                16.4139728546,
                3.44928431511,
                0.969737708569,
                0.186372563243,
                0.0185643956065,
                0.000977269606665,
                0.000167410355061
            ],
            "mean": [
                0.063133507967,
                0.52180147171,
                1.01351761818,
                1.94930553436,
                4.49705410004,
                11.4692630768,
                15.3089485168,
                23.9331378937,
                24.5690593719,
                37.4703941345,
                54.7669944763,
                44.4721565247,
                33.1010475159,
                36.0518341064,
                40.7656860352,
                46.3191719055,
                35.2929077148,
                18.5684814453,
                20.6145515442,
                17.8629074097,
                20.4129447937,
                15.5639610291,
                5.82013845444,
                5.82793188095,
                6.34995746613,
                2.68837952614,
                1.10916280746,
                0.619626283646,
                0.833697080612,
                0.737323105335,
                0.653460383415,
                0.416606754065,
                0.257006824017,
                0.156912520528,
                0.0459852218628,
                0.0121993655339,
                0.0020486835856,
                0.000205061165616,
                2.59100979747e-05,
                2.51878936979e-05
            ],
            "median": [
                0.0217288695276,
                0.209430411458,
                0.509780108929,
                0.887081742287,
                1.79211163521,
                4.53699827194,
                5.98696994781,
                9.79424381256,
                7.56048631668,
                9.35979747772,
                11.0571041107,
                7.85767221451,
                6.26949167252,
                8.47174167633,
                8.09369087219,
                7.19846057892,
                6.26910591125,
                5.63118314743,
                6.43500328064,
                4.78234481812,
                6.1610918045,
                4.97274255753,
                2.29359912872,
                2.0242266655,
                1.94002532959,
                0.829788029194,
                0.361715197563,
                0.23454451561,
                0.261456012726,
                0.196276396513,
                0.133381173015,
                0.0691318064928,
                0.0358428694308,
                0.0234254598618,
                0.00788983516395,
                0.00213568471372,
                0.000522755319253,
                6.12743824604e-05,
                1.60189410963e-05,
                1.98941361305e-05
            ],
            "min": [
                1.23477090589e-22,
                4.72440894906e-22,
                2.76582519455e-21,
                3.32485731892e-21,
                1.34376532563e-20,
                5.00275700233e-20,
                5.31770666679e-20,
                8.56344351389e-20,
                1.19131779666e-19,
                2.51428526522e-19,
                2.04091758875e-19,
                4.03520416294e-19,
                3.06008720922e-19,
                3.63545956765e-19,
                8.8886223006e-19,
                1.4770083251e-18,
                1.84327045865e-18,
                1.89410442961e-18,
                3.32720931652e-18,
                3.81725075693e-18,
                4.67571203153e-18,
                3.74668439247e-18,
                6.14269120529e-18,
                6.66047400871e-18,
                6.18500025286e-18,
                6.90018888227e-18,
                1.05830885505e-17,
                1.11917892566e-17,
                1.06941458196e-17,
                1.1352324334e-17,
                1.18100397629e-17,
                1.18707936973e-17,
                9.98867573517e-18,
                8.09996266199e-18,
                6.88829195711e-18,
                4.75205666617e-18,
                2.27256189373e-18,
                1.0299306457e-18,
                2.33638456485e-19,
                2.99190969066e-20
            ],
            "var": [
                0.00705719226971,
                0.583567678928,
                2.02340531349,
                10.8665857315,
                49.193523407,
                316.190490723,
                876.080993652,
                1365.33154297,
                3580.46289062,
                8130.61035156,
                18412.2167969,
                19000.0195312,
                9368.04785156,
                11339.3994141,
                10074.0703125,
                27903.109375,
                9654.9765625,
                2313.61035156,
                3334.33911133,
                3345.16113281,
                2944.13623047,
                1286.13867188,
                90.6145706177,
                90.0584335327,
                124.892288208,
                23.9502429962,
                4.7725186348,
                1.8792039156,
                5.9478096962,
                5.44466924667,
                4.78956460953,
                2.81982970238,
                1.43762993813,
                0.430062800646,
                0.0256386995316,
                0.00162712100428,
                3.41209524777e-05,
                3.07905651198e-07,
                2.00141547779e-09,
                5.21669818454e-10
            ]
        },
        "erbbands_crest": {
            "dmean": 2.35657811165,
            "dmean2": 3.60906147957,
            "dvar": 5.66047096252,
            "dvar2": 13.0025339127,
            "max": 31.2409114838,
            "mean": 10.9115180969,
            "median": 9.7160987854,
            "min": 2.65158462524,
            "var": 26.2575778961
        },
        "erbbands_flatness_db": {
            "dmean": 0.0128114465624,
            "dmean2": 0.0181810129434,
            "dvar": 0.000197019675397,
            "dvar2": 0.000359359022696,
            "max": 0.374951064587,
            "mean": 0.211286440492,
            "median": 0.211036816239,
            "min": 0.0492027811706,
            "var": 0.00222924724221
        },
        "erbbands_kurtosis": {
            "dmean": 0.920225679874,
            "dmean2": 1.40373945236,
            "dvar": 2.00998592377,
            "dvar2": 4.43162107468,
            "max": 49.4952087402,
            "mean": 1.16326034069,
            "median": 0.191217422485,
            "min": -1.77162206173,
            "var": 9.03740024567
        },
        "erbbands_skewness": {
            "dmean": 0.304017722607,
            "dmean2": 0.450196564198,
            "dvar": 0.0933473482728,
            "dvar2": 0.198642686009,
            "max": 5.14354467392,
            "mean": 0.57647973299,
            "median": 0.543517231941,
            "min": -4.17906618118,
            "var": 0.695826351643
        },
        "erbbands_spread": {
            "dmean": 4.37683677673,
            "dmean2": 6.33166599274,
            "dvar": 38.8086547852,
            "dvar2": 70.1156387329,
            "max": 137.497024536,
            "mean": 25.8216094971,
            "median": 23.6851119995,
            "min": 2.7990424633,
            "var": 193.127838135
        },
        "gfcc": {
            "cov": [
                [
                    22516.7753906,
                    885.554382324,
                    -1964.57885742,
                    765.378601074,
                    -967.16229248,
                    575.034667969,
                    -319.069580078,
                    520.872619629,
                    -84.3465881348,
                    120.078666687,
                    158.033615112,
                    -153.329849243,
                    -146.420089722
                ],
                [
                    885.554382324,
                    1441.83459473,
                    43.1153640747,
                    -73.731010437,
                    349.529785156,
                    -128.877746582,
                    247.876922607,
                    -54.1979866028,
                    -13.4504299164,
                    -158.018951416,
                    32.6514282227,
                    -70.0060195923,
                    -7.71772766113
                ],
                [
                    -1964.57885742,
                    43.1153640747,
                    1114.48474121,
                    181.857940674,
                    93.435760498,
                    265.53137207,
                    39.9959716797,
                    19.1280994415,
                    -35.8201675415,
                    -72.9008026123,
                    -36.9295959473,
                    -4.31226873398,
                    -72.2164154053
                ],
                [
                    765.378601074,
                    -73.731010437,
                    181.857940674,
                    487.947570801,
                    36.460105896,
                    119.27848053,
                    21.2488555908,
                    3.78105139732,
                    26.3990592957,
                    -3.00716781616,
                    3.83012771606,
                    -33.9717979431,
                    -6.12416696548
                ],
                [
                    -967.16229248,
                    349.529785156,
                    93.435760498,
                    36.460105896,
                    346.338165283,
                    -22.0424098969,
                    117.465415955,
                    -7.65037679672,
                    16.0104541779,
                    -44.1454849243,
                    12.776011467,
                    -21.1756496429,
                    17.1249141693
                ],
                [
                    575.034667969,
                    -128.877746582,
                    265.53137207,
                    119.27848053,
                    -22.0424098969,
                    328.79296875,
                    55.4509506226,
                    64.1802978516,
                    -6.34591627121,
                    1.83834886551,
                    13.2654485703,
                    13.0570077896,
                    -36.1347732544
                ],
                [
                    -319.069580078,
                    247.876922607,
                    39.9959716797,
                    21.2488555908,
                    117.465415955,
                    55.4509506226,
                    309.006072998,
                    30.8372917175,
                    -4.00612974167,
                    -10.6339445114,
                    26.8468513489,
                    -4.92086315155,
                    -17.7482471466
                ],
                [
                    520.872619629,
                    -54.1979866028,
                    19.1280994415,
                    3.78105139732,
                    -7.65037679672,
                    64.1802978516,
                    30.8372917175,
                    150.785751343,
                    7.20876550674,
                    16.0059394836,
                    32.7823905945,
                    -13.5973558426,
                    -14.6296644211
                ],
                [
                    -84.3465881348,
                    -13.4504299164,
                    -35.8201675415,
                    26.3990592957,
                    16.0104541779,
                    -6.34591627121,
                    -4.00612974167,
                    7.20876550674,
                    137.946914673,
                    42.3454475403,
                    8.13715934753,
                    21.4171218872,
                    19.6070423126
                ],
                [
                    120.078666687,
                    -158.018951416,
                    -72.9008026123,
                    -3.00716781616,
                    -44.1454849243,
                    1.83834886551,
                    -10.6339445114,
                    16.0059394836,
                    42.3454475403,
                    144.969573975,
                    23.3728713989,
                    23.0473709106,
                    20.6466598511
                ],
                [
                    158.033615112,
                    32.6514282227,
                    -36.9295959473,
                    3.83012771606,
                    12.776011467,
                    13.2654485703,
                    26.8468513489,
                    32.7823905945,
                    8.13715934753,
                    23.3728713989,
                    97.776260376,
                    5.57745170593,
                    3.54058074951
                ],
                [
                    -153.329849243,
                    -70.0060195923,
                    -4.31226873398,
                    -33.9717979431,
                    -21.1756496429,
                    13.0570077896,
                    -4.92086315155,
                    -13.5973558426,
                    21.4171218872,
                    23.0473709106,
                    5.57745170593,
                    95.5705413818,
                    36.5589179993
                ],
                [
                    -146.420089722,
                    -7.71772766113,
                    -72.2164154053,
                    -6.12416696548,
                    17.1249141693,
                    -36.1347732544,
                    -17.7482471466,
                    -14.6296644211,
                    19.6070423126,
                    20.6466598511,
                    3.54058074951,
                    36.5589179993,
                    102.238441467
                ]
            ],
            "icov": [
                [
                    0.000267046882072,
                    -0.000758161419071,
                    0.000783369294368,
                    -0.000735673005693,
                    0.000918886857107,
                    -0.000936231401283,
                    0.000734129920602,
                    -0.00102381140459,
                    0.000451935717138,
                    -0.000410719803767,
                    0.000358013261575,
                    -0.000316095800372,
                    0.000427520513767
                ],
                [
                    -0.000758161419071,
                    0.00338526419364,
                    -0.00229526823387,
                    0.00236216909252,
                    -0.00335510470904,
                    0.00305392686278,
                    -0.00282632606104,
                    0.00338486139663,
                    -0.00155461358372,
                    0.00222794665024,
                    -0.00164492835756,
                    0.00159457919654,
                    -0.00133998249657
                ],
                [
                    0.000783369294368,
                    -0.00229526823387,
                    0.00359190697782,
                    -0.00243024621159,
                    0.00223704264499,
                    -0.00371961877681,
                    0.00240663997829,
                    -0.00298042665236,
                    0.00157813343685,
                    -0.000939355173614,
                    0.00160450697877,
                    -0.00139831879642,
                    0.00197366625071
                ],
                [
                    -0.000735673005693,
                    0.00236216909252,
                    -0.00243024621159,
                    0.00460482435301,
                    -0.00278328754939,
                    0.00171351572499,
                    -0.00218134722672,
                    0.00345681095496,
                    -0.00202761706896,
                    0.0013193693012,
                    -0.00135056965519,
                    0.00253451173194,
                    -0.00186538370326
                ],
                [
                    0.000918886857107,
                    -0.00335510470904,
                    0.00223704264499,
                    -0.00278328754939,
                    0.0076018688269,
                    -0.00276389555074,
                    0.00139666313771,
                    -0.00348197482526,
                    0.000807214120869,
                    -0.000859691761434,
                    0.000907108886167,
                    -0.000282234715996,
                    5.84798690397e-05
                ],
                [
                    -0.000936231401283,
                    0.00305392686278,
                    -0.00371961877681,
                    0.00171351572499,
                    -0.00276389555074,
                    0.00826484523714,
                    -0.00353405531496,
                    0.00201360578649,
                    -0.00136384658981,
                    0.00162277580239,
                    -0.00168532226235,
                    -0.000260329397861,
                    -0.000491028942633
                ],
                [
                    0.000734129920602,
                    -0.00282632606104,
                    0.00240663997829,
                    -0.00218134722672,
                    0.00139666313771,
                    -0.00353405531496,
                    0.00654992181808,
                    -0.00356730329804,
                    0.00175188994035,
                    -0.00184540089685,
                    0.000763054471463,
                    -0.00176848762203,
                    0.00219353893772
                ],
                [
                    -0.00102381140459,
                    0.00338486139663,
                    -0.00298042665236,
                    0.00345681095496,
                    -0.00348197482526,
                    0.00201360578649,
                    -0.00356730329804,
                    0.0123723363504,
                    -0.00251173786819,
                    0.00144335499499,
                    -0.00400264794007,
                    0.00351862818934,
                    -0.00159223424271
                ],
                [
                    0.000451935717138,
                    -0.00155461358372,
                    0.00157813343685,
                    -0.00202761706896,
                    0.000807214120869,
                    -0.00136384658981,
                    0.00175188994035,
                    -0.00251173786819,
                    0.00945199746639,
                    -0.00324612110853,
                    0.00102045258973,
                    -0.00258259568363,
                    0.000581632019021
                ],
                [
                    -0.000410719803767,
                    0.00222794665024,
                    -0.000939355173614,
                    0.0013193693012,
                    -0.000859691761434,
                    0.00162277580239,
                    -0.00184540089685,
                    0.00144335499499,
                    -0.00324612110853,
                    0.0102552548051,
                    -0.00269868853502,
                    0.00020999921253,
                    -0.00183089810889
                ],
                [
                    0.000358013261575,
                    -0.00164492835756,
                    0.00160450697877,
                    -0.00135056965519,
                    0.000907108886167,
                    -0.00168532226235,
                    0.000763054471463,
                    -0.00400264794007,
                    0.00102045258973,
                    -0.00269868853502,
                    0.0127315921709,
                    -0.00176067394204,
                    0.00079109572107
                ],
                [
                    -0.000316095800372,
                    0.00159457919654,
                    -0.00139831879642,
                    0.00253451173194,
                    -0.000282234715996,
                    -0.000260329397861,
                    -0.00176848762203,
                    0.00351862818934,
                    -0.00258259568363,
                    0.00020999921253,
                    -0.00176067394204,
                    0.0152545738965,
                    -0.00595741253346
                ],
                [
                    0.000427520513767,
                    -0.00133998249657,
                    0.00197366625071,
                    -0.00186538370326,
                    5.84798690397e-05,
                    -0.000491028942633,
                    0.00219353893772,
                    -0.00159223424271,
                    0.000581632019021,
                    -0.00183089810889,
                    0.00079109572107,
                    -0.00595741253346,
                    0.0139052346349
                ]
            ],
            "mean": [
                -86.7461471558,
                134.545623779,
                -129.886459351,
                12.8203849792,
                -56.416633606,
                2.41678357124,
                -40.1223602295,
                3.76039910316,
                -17.2889671326,
                -3.95737123489,
                -5.81695508957,
                -0.613458871841,
                -4.7330493927
            ]
        },
        "hfc": {
            "dmean": 2.69137597084,
            "dmean2": 3.8816845417,
            "dvar": 23.4016590118,
            "dvar2": 50.9588279724,
            "max": 114.460075378,
            "mean": 13.7133789062,
            "median": 8.32213878632,
            "min": 1.07919303139e-16,
            "var": 222.727142334
        },
        "melbands": {
            "dmean": [
                0.000135100563057,
                0.000156040288857,
                0.0001239599369,
                0.00020819499332,
                0.000184833770618,
                0.000202173221624,
                0.000152659296873,
                0.000195582935703,
                0.000185827273526,
                0.000129487903905,
                6.48235436529e-05,
                6.18643243797e-05,
                5.33673155587e-05,
                5.41377412446e-05,
                5.21215442859e-05,
                2.93119301205e-05,
                1.65754408954e-05,
                1.63194781635e-05,
                1.24809848785e-05,
                1.5893167074e-05,
                1.03973907244e-05,
                8.87408714334e-06,
                3.77904711968e-06,
                1.58185719101e-06,
