{
    "lowlevel": {
        "average_loudness": 0.923368453979,
        "barkbands": {
            "dmean": [
                0.00020418879285,
                0.00156343309209,
                0.000739011215046,
                0.000280623004073,
                0.00106962490827,
                0.000365106650861,
                0.000337416859111,
                0.000509031349793,
                0.000574936449993,
                0.000290617346764,
                0.000221528956899,
                0.00022480856569,
                0.000323993212078,
                0.000412267254433,
                0.0004348695511,
                0.000273584941169,
                0.000312233780278,
                0.000293781457003,
                0.000306666042889,
                0.000331573450239,
                0.000415343471104,
                0.000260710949078,
                0.000165814693901,
                0.000144308345625,
                8.89513466973e-05,
                2.9805532904e-05,
                3.49761376128e-06
            ],
            "dmean2": [
                0.00027771902387,
                0.00240496522747,
                0.00115491158795,
                0.000455768051324,
                0.00181548134424,
                0.000607685244177,
                0.000546137394849,
                0.000824445742182,
                0.000858316197991,
                0.000440680043539,
                0.000340518861776,
                0.000348322093487,
                0.000482701725559,
                0.000631413771771,
                0.000677644158714,
                0.000431891879998,
                0.000500043446664,
                0.000432727887528,
                0.000434017769294,
                0.00048618807341,
                0.000623918953352,
                0.000374791387003,
                0.000236670253798,
                0.000210502708796,
                0.000128321102238,
                4.1917355702e-05,
                5.53425570615e-06
            ],
            "dvar": [
                1.81547022748e-07,
                1.48719991557e-05,
                6.24493668511e-06,
                3.72942167814e-07,
                6.45828322376e-06,
                5.17804551237e-07,
                4.7292473937e-07,
                8.19291244625e-07,
                1.83460235803e-06,
                5.2118991789e-07,
                3.52926264213e-07,
                2.40309930177e-07,
                6.39182644591e-07,
                9.85743099591e-07,
                1.31475178478e-06,
                4.38761304622e-07,
                5.16901479841e-07,
                3.10569305384e-07,
                3.04761954339e-07,
                3.35080102332e-07,
                6.0915715494e-07,
                3.40313420111e-07,
                1.31179817231e-07,
                8.14398717353e-08,
                3.68227937031e-08,
                6.7687637717e-09,
                1.07900424706e-10
            ],
            "dvar2": [
                4.21808607598e-07,
                4.13530651713e-05,
                1.47007176565e-05,
                9.51180368247e-07,
                1.73591124621e-05,
                1.34678418817e-06,
                1.07058940557e-06,
                1.99504211196e-06,
                3.75364129468e-06,
                1.13166220217e-06,
                7.46891316794e-07,
                5.68953282709e-07,
                1.42315332141e-06,
                2.2130770958e-06,
                3.12035535899e-06,
                1.06354184481e-06,
                1.33367382205e-06,
                6.37648099655e-07,
                5.81356118801e-07,
                6.16537647602e-07,
                1.40749182265e-06,
                6.26172209195e-07,
                2.64809926875e-07,
                1.65651542261e-07,
                6.99459334896e-08,
                1.20883631993e-08,
                2.42443454201e-10
            ],
            "max": [
                0.00807410478592,
                0.0415275916457,
                0.0335903763771,
                0.0126996152103,
                0.0265776384622,
                0.012202847749,
                0.0149087915197,
                0.0131582207978,
                0.0276905745268,
                0.0133955227211,
                0.0161876361817,
                0.00810727477074,
                0.016492376104,
                0.0139185423031,
                0.0229399781674,
                0.0180393178016,
                0.0231497157365,
                0.00851020589471,
                0.00578096136451,
                0.00861817784607,
                0.0104188974947,
                0.0101179657504,
                0.00643342873082,
                0.00823613535613,
                0.00323907122947,
                0.0018026974285,
                0.00037552692811
            ],
            "mean": [
                0.000834065431263,
                0.00324189616367,
                0.000757071597036,
                0.000341766222846,
                0.00127656583209,
                0.000497679400723,
                0.000498893263284,
                0.000764662516303,
                0.00117689627223,
                0.000465635384899,
                0.000319656071952,
                0.000341730570653,
                0.00046051616664,
                0.000566498783883,
                0.000579437066335,
                0.000366440450307,
                0.000424037280027,
                0.000466195429908,
                0.0004795177083,
                0.000595374614932,
                0.000711056753062,
                0.000358438148396,
                0.000232365899137,
                0.000220859597903,
                0.000148856503074,
                4.29055762652e-05,
                3.64015681953e-06
            ],
            "median": [
                3.68725632143e-05,
                0.000589596689679,
                4.98888766742e-05,
                0.000140671123518,
                0.000549856631551,
                0.000246502488153,
                0.000200085502001,
                0.000287672446575,
                0.000198408408323,
                0.000129280801048,
                7.70145416027e-05,
                0.000111420667963,
                0.000100553304947,
                0.000115641851153,
                0.000152427775902,
                0.000104342092527,
                0.000111572764581,
                0.000111148416181,
                0.000151267260662,
                0.000217372842599,
                0.000261993613094,
                7.37886221032e-05,
                4.86194476252e-05,
                7.89399491623e-05,
                4.48701357527e-05,
                8.7894477474e-06,
                4.17079718318e-07
            ],
            "min": [
                2.56191083877e-25,
                1.2590278423e-23,
                2.05004438883e-23,
                9.87593584364e-24,
                6.03158314967e-23,
                4.07030170543e-23,
                6.03193024846e-23,
                9.95978102935e-23,
                1.01626268293e-22,
                1.02346681315e-22,
                3.72172552843e-23,
                1.05103819598e-22,
                1.27062835746e-22,
                7.84154750387e-23,
                1.39564084905e-22,
                2.54489784442e-22,
                2.14550728687e-22,
                1.29707930537e-22,
                1.95688231406e-22,
                3.80748095661e-22,
                3.25756488362e-22,
                6.41490883887e-22,
                6.17935825423e-22,
                1.02945070808e-21,
                1.15709329979e-21,
                1.86707891873e-21,
                2.65625829656e-21
            ],
            "var": [
                1.45613967106e-06,
                2.76560513157e-05,
                6.51731261314e-06,
                3.75814522613e-07,
                5.34235914529e-06,
                6.42661120764e-07,
                8.67632365953e-07,
                1.65849814948e-06,
                7.28401846573e-06,
                1.05944195639e-06,
                6.08935238233e-07,
                3.84881872151e-07,
                1.22034953165e-06,
                1.56901182891e-06,
                1.90294474578e-06,
                5.74405987663e-07,
                6.75514058912e-07,
                6.20613832325e-07,
                6.08313200701e-07,
                8.16934459635e-07,
                1.10360849703e-06,
                5.69360736336e-07,
                2.32178010151e-07,
                1.53952115056e-07,
                8.31245472455e-08,
                1.34599318358e-08,
                1.53709642237e-10
            ]
        },
        "barkbands_crest": {
            "dmean": 2.66060328484,
            "dmean2": 4.26449251175,
            "dvar": 6.66910219193,
            "dvar2": 16.6029319763,
            "max": 26.2425327301,
            "mean": 9.24120521545,
            "median": 8.44171237946,
            "min": 2.01507759094,
            "var": 18.5072479248
        },
        "barkbands_flatness_db": {
            "dmean": 0.021849328652,
            "dmean2": 0.0333654247224,
            "dvar": 0.000600617611781,
            "dvar2": 0.00127649342176,
            "max": 0.469769537449,
            "mean": 0.119865693152,
            "median": 0.113140955567,
            "min": 0.0221851244569,
            "var": 0.00251766247675
        },
        "barkbands_kurtosis": {
            "dmean": 2.79229402542,
            "dmean2": 4.43563938141,
            "dvar": 44.1346511841,
            "dvar2": 110.596138,
            "max": 122.6042099,
            "mean": 2.65917015076,
            "median": 0.0526184216142,
            "min": -1.95871973038,
            "var": 67.0981521606
        },
        "barkbands_skewness": {
            "dmean": 0.620238900185,
            "dmean2": 0.894272387028,
            "dvar": 0.559772193432,
            "dvar2": 1.21115326881,
            "max": 10.5999031067,
            "mean": 0.994857728481,
            "median": 0.791095018387,
            "min": -3.64460587502,
            "var": 1.93926179409
        },
        "barkbands_spread": {
            "dmean": 8.17705917358,
            "dmean2": 12.2143774033,
            "dvar": 94.5126342773,
            "dvar2": 195.576721191,
            "max": 121.82988739,
            "mean": 31.6715545654,
            "median": 29.6817188263,
            "min": 0.479333937168,
            "var": 293.632080078
        },
        "dissonance": {
            "dmean": 0.0169841758907,
            "dmean2": 0.0278512425721,
            "dvar": 0.000330778566422,
            "dvar2": 0.000843109737616,
            "max": 0.5,
            "mean": 0.468595176935,
            "median": 0.476629585028,
            "min": 0.2540332973,
            "var": 0.000793333339971
        },
        "dynamic_complexity": 2.83477878571,
        "erbbands": {
            "dmean": [
                0.0598080381751,
                0.330707043409,
                0.850099623203,
                0.771800339222,
                2.69026446342,
                3.66019558907,
                3.26646709442,
                3.03375673294,
                4.09928226471,
                6.85960388184,
                10.7737569809,
                12.8826780319,
                9.5809841156,
                8.24097156525,
                9.13508415222,
                8.71016788483,
                13.7815856934,
                16.5490875244,
                20.6868457794,
                19.2216396332,
                16.1587734222,
                15.2323322296,
                14.3826570511,
                16.9843730927,
                13.7545509338,
                15.595700264,
                20.1187553406,
                12.8748054504,
                10.003616333,
                6.93666648865,
                4.94878101349,
                3.55224347115,
                2.10706543922,
                1.14144659042,
                0.581607580185,
                0.200608506799,
                0.0393854491413,
                0.00660757068545,
                0.000636699493043,
                2.61408313236e-05
            ],
            "dmean2": [
                0.0910587459803,
                0.504459619522,
                1.28021562099,
                1.22913396358,
                4.34652280807,
                6.48601865768,
                5.4546546936,
                5.02033662796,
                6.66497516632,
                11.0014371872,
                17.3451366425,
                19.338010788,
                14.0036764145,
                12.344783783,
                14.0524835587,
                13.036482811,
                20.0717639923,
                24.9966907501,
                31.9069976807,
                29.0169830322,
                25.0675773621,
                23.6809368134,
                20.3427181244,
                24.3582897186,
                19.4791469574,
                22.7058048248,
                30.2883644104,
                19.0476417542,
                14.1260089874,
                10.2608985901,
                7.39682149887,
                5.04761075974,
                3.11248111725,
                1.67050635815,
                0.835026860237,
                0.281141489744,
                0.0559710226953,
                0.00941787660122,
                0.00103505910374,
                4.07577790611e-05
            ],
            "dvar": [
                0.0183766745031,
                0.851482689381,
                6.91786003113,
                4.77698516846,
                42.6627578735,
                79.3436355591,
                40.5353012085,
                32.8838043213,
                84.6585693359,
                170.36807251,
                380.04208374,
                1002.25976563,
                706.567077637,
                308.501068115,
                487.900268555,
                419.179595947,
                1250.18859863,
                1630.77868652,
                3182.97216797,
                1996.98596191,
                1615.77441406,
                1163.77929688,
                711.898254395,
                927.887573242,
                688.530700684,
                728.157409668,
                1412.2935791,
                598.361755371,
                488.186828613,
                251.872344971,
                121.027664185,
                49.6855125427,
                19.0517082214,
                5.96421146393,
                1.74159729481,
                0.306120485067,
                0.0121877081692,
                0.000303874694509,
                3.72243539459e-06,
                4.04353306394e-09
            ],
            "dvar2": [
                0.0495124571025,
                2.15290594101,
                14.6516132355,
                12.0023012161,
                106.077415466,
                222.963439941,
                110.285240173,
                83.9229660034,
                189.490631104,
                400.940856934,
                926.578125,
                2165.75976563,
                1472.95898438,
                640.629943848,
                1072.48828125,
                1007.90179443,
                2636.21582031,
                3751.40625,
                7881.83984375,
                4542.04003906,
                3905.92822266,
                2912.30541992,
                1401.89233398,
                1778.84680176,
                1365.64758301,
                1367.0625,
                3310.74926758,
                1220.70556641,
                941.900695801,
                503.836364746,
                267.552307129,
                101.931266785,
                38.6017837524,
                12.336268425,
                3.1136598587,
                0.552162826061,
                0.0213617831469,
                0.000530549965333,
                8.65281162987e-06,
                9.83528458676e-09
            ],
            "max": [
                1.37139511108,
                10.8350391388,
                33.1419219971,
                27.2376747131,
                77.7953948975,
                90.7639846802,
                132.15512085,
                87.029335022,
                252.300674438,
                205.588577271,
                325.035400391,
                678.894348145,
                737.555175781,
                421.401824951,
                636.565979004,
                394.379974365,
                854.969970703,
                661.696228027,
                1384.640625,
                830.708862305,
                1187.30310059,
                1050.73168945,
                468.18572998,
                402.26373291,
                250.376312256,
                342.488586426,
                474.947479248,
                299.124938965,
                398.497833252,
                246.653945923,
                160.541809082,
                171.934783936,
                146.816955566,
                46.2763633728,
                34.4414367676,
                11.1705818176,
                2.65910744667,
                0.584433734417,
                0.0582274533808,
                0.00142182805575
            ],
            "mean": [
                0.15280546248,
                0.483105748892,
                1.01529705524,
                0.8759547472,
                3.07440972328,
                3.93415117264,
                4.52622795105,
                4.15687274933,
                6.10329723358,
                10.6940174103,
                18.1061248779,
                24.5722408295,
                20.8169288635,
                13.9613389969,
                14.6174983978,
                13.608962059,
                20.58618927,
                24.0996952057,
                29.8620262146,
                28.003616333,
                22.7729415894,
                22.7734699249,
                23.8928642273,
                26.8333759308,
                22.2407493591,
                28.8824062347,
                34.093952179,
                21.8607807159,
                13.6618747711,
                9.36733055115,
                6.62447738647,
                5.01408338547,
                3.3562939167,
                1.79900169373,
                0.991969525814,
                0.303777873516,
                0.0565724298358,
                0.00886636879295,
                0.000644633313641,
                4.30025174865e-05
            ],
            "median": [
                0.0194240752608,
                0.0649234801531,
                0.0733007788658,
                0.303286582232,
                0.990139365196,
                1.65096545219,
                2.21200752258,
                2.00567865372,
                2.94582509995,
                4.79516839981,
                7.61122989655,
                5.32002210617,
                4.93715667725,
                5.25682210922,
                5.51329278946,
                4.72627210617,
                5.04931259155,
                5.36853694916,
                8.51992321014,
                7.61563587189,
                6.81796884537,
                6.67273283005,
                6.14200019836,
                8.81854629517,
                7.2946600914,
                10.9328956604,
                12.7928085327,
                7.21421098709,
                3.12313127518,
                1.68273794651,
                1.40167987347,
                1.41529917717,
                1.23873436451,
                0.566487848759,
                0.278743594885,
                0.0682354420424,
                0.0121308611706,
                0.001821056474,
                7.8193974332e-05,
                2.50292687269e-05
            ],
            "min": [
                1.03838789629e-22,
                3.79871912271e-21,
                2.28462115308e-20,
                2.63622800494e-20,
                6.07196775406e-20,
                3.06958582759e-19,
                1.78672614974e-19,
                3.58866725287e-19,
                8.14883125181e-19,
                1.24724526148e-18,
                2.27010909642e-18,
                2.02074619498e-18,
                4.26911016066e-18,
                1.78497945448e-18,
                2.93452455266e-18,
                3.69517751008e-18,
                6.92310137165e-18,
                3.46720632647e-18,
                5.90394578741e-18,
                1.0389074165e-17,
                1.46647757144e-17,
                1.17231585016e-17,
                8.22617884294e-18,
                7.07750869506e-18,
                1.37199402402e-17,
                1.39091098289e-17,
                1.25022129189e-17,
                1.75300962691e-17,
                2.64672815162e-17,
                1.68933921905e-17,
                1.87980351079e-17,
                1.83707930128e-17,
                1.99220908423e-17,
                1.31756644962e-17,
                8.27417351644e-18,
                6.89959124428e-18,
                3.47488318294e-18,
                1.31953557374e-18,
                3.81281717225e-19,
                4.09628208078e-20
            ],
            "var": [
                0.0523040853441,
                1.19660031796,
                9.16292762756,
                4.26801729202,
                43.3850059509,
                55.6203117371,
                46.458656311,
                43.0581665039,
                156.371612549,
                292.767120361,
                877.905700684,
                2494.17651367,
                2933.70141602,
                678.417236328,
                819.308959961,
                603.334777832,
                2488.59594727,
                2824.20336914,
                4884.57958984,
                3164.91943359,
                2217.41992188,
                1691.13879395,
                1559.10949707,
                1883.00158691,
                1318.9519043,
                1804.67370605,
                2582.45874023,
                1190.47766113,
                793.979736328,
                403.180206299,
                192.350067139,
                89.3213882446,
                36.0922393799,
                11.3249988556,
                4.29428005219,
                0.620749890804,
                0.0249997209758,
                0.000617453362793,
                4.88675959787e-06,
                4.95997776184e-09
            ]
        },
        "erbbands_crest": {
            "dmean": 2.70223450661,
            "dmean2": 4.37316846848,
            "dvar": 7.52316188812,
            "dvar2": 18.40467453,
            "max": 29.5897636414,
            "mean": 8.62008571625,
            "median": 7.6227850914,
            "min": 2.48745584488,
            "var": 16.6086864471
        },
        "erbbands_flatness_db": {
            "dmean": 0.0181972049177,
            "dmean2": 0.0269046071917,
            "dvar": 0.000356206059223,
            "dvar2": 0.000754605454858,
            "max": 0.370916008949,
            "mean": 0.157366961241,
            "median": 0.155120775104,
            "min": 0.0437939576805,
            "var": 0.00159236346371
        },
        "erbbands_kurtosis": {
            "dmean": 1.09789550304,
            "dmean2": 1.72076141834,
            "dvar": 3.09210348129,
            "dvar2": 7.53311014175,
            "max": 43.764667511,
            "mean": 0.537730336189,
            "median": -0.138052433729,
            "min": -1.81733429432,
            "var": 6.0652794838
        },
        "erbbands_skewness": {
            "dmean": 0.436591058969,
            "dmean2": 0.632622897625,
            "dvar": 0.204267784953,
            "dvar2": 0.401431947947,
            "max": 5.66550302505,
            "mean": 0.0100486967713,
            "median": 0.0116187110543,
            "min": -5.25724315643,
            "var": 0.860444664955
        },
        "erbbands_spread": {
            "dmean": 9.82103729248,
            "dmean2": 14.841586113,
            "dvar": 126.783325195,
            "dvar2": 275.340148926,
            "max": 180.941497803,
            "mean": 39.5547409058,
            "median": 35.811882019,
            "min": 4.65650129318,
            "var": 359.068023682
        },
        "gfcc": {
            "cov": [
                [
                    5170.73828125,
                    -1415.5032959,
                    -510.957305908,
                    330.619445801,
                    -64.8057937622,
                    245.9115448,
                    -7.83079957962,
                    167.580978394,
                    18.3338756561,
                    47.1053009033,
                    -141.446411133,
                    155.530105591,
                    -107.924819946
                ],
                [
                    -1415.5032959,
                    1890.86120605,
                    384.809631348,
                    13.4426841736,
                    374.85244751,
                    126.124862671,
                    278.869354248,
                    12.9235229492,
                    112.536552429,
                    45.3200454712,
                    154.360198975,
                    -99.7653808594,
                    147.264648438
                ],
                [
                    -510.957305908,
                    384.809631348,
                    1207.19934082,
                    260.900512695,
                    184.456619263,
                    160.432434082,
                    19.680267334,
                    129.67868042,
                    180.772460938,
                    51.4371566772,
                    70.0604248047,
                    139.596130371,
                    -22.526134491
                ],
                [
                    330.619445801,
                    13.4426841736,
                    260.900512695,
                    572.323913574,
                    189.260803223,
                    101.497413635,
                    64.9023895264,
                    96.9584579468,
                    113.385993958,
                    51.7330284119,
                    65.7674102783,
                    47.6342849731,
                    63.9627456665
                ],
                [
                    -64.8057937622,
                    374.85244751,
                    184.456619263,
                    189.260803223,
                    472.33972168,
                    234.30291748,
                    154.999176025,
                    118.510490417,
                    118.472602844,
                    116.355766296,
                    106.844596863,
                    41.3690071106,
                    82.4251022339
                ],
                [
                    245.9115448,
                    126.124862671,
                    160.432434082,
                    101.497413635,
                    234.30291748,
                    371.305358887,
                    212.995956421,
                    118.856040955,
                    91.9028930664,
                    93.5076065063,
                    96.0600128174,
                    59.678188324,
                    51.1539993286
                ],
                [
                    -7.83079957962,
                    278.869354248,
                    19.680267334,
                    64.9023895264,
                    154.999176025,
                    212.995956421,
                    320.536407471,
                    83.1632766724,
                    61.9327850342,
                    72.433883667,
                    94.0510482788,
                    25.4530239105,
                    65.3595428467
                ],
                [
                    167.580978394,
                    12.9235229492,
                    129.67868042,
                    96.9584579468,
                    118.510490417,
                    118.856040955,
                    83.1632766724,
                    234.051544189,
                    92.0723266602,
                    79.1956787109,
                    58.9353065491,
                    39.6301727295,
                    69.486579895
                ],
                [
                    18.3338756561,
                    112.536552429,
                    180.772460938,
                    113.385993958,
                    118.472602844,
                    91.9028930664,
                    61.9327850342,
                    92.0723266602,
                    236.716812134,
                    34.7466049194,
                    48.995677948,
                    76.4723358154,
                    2.28350830078
                ],
                [
                    47.1053009033,
                    45.3200454712,
                    51.4371566772,
                    51.7330284119,
                    116.355766296,
                    93.5076065063,
                    72.433883667,
                    79.1956787109,
                    34.7466049194,
                    169.9271698,
                    70.1329574585,
                    0.381430745125,
                    67.3557128906
                ],
                [
                    -141.446411133,
                    154.360198975,
                    70.0604248047,
                    65.7674102783,
                    106.844596863,
                    96.0600128174,
                    94.0510482788,
                    58.9353065491,
                    48.995677948,
                    70.1329574585,
                    148.999038696,
                    44.869468689,
                    49.9548530579
                ],
                [
                    155.530105591,
                    -99.7653808594,
                    139.596130371,
                    47.6342849731,
                    41.3690071106,
                    59.678188324,
                    25.4530239105,
                    39.6301727295,
                    76.4723358154,
                    0.381430745125,
                    44.869468689,
                    171.854476929,
                    -6.99526548386
                ],
                [
                    -107.924819946,
                    147.264648438,
                    -22.526134491,
                    63.9627456665,
                    82.4251022339,
                    51.1539993286,
                    65.3595428467,
                    69.486579895,
                    2.28350830078,
                    67.3557128906,
                    49.9548530579,
                    -6.99526548386,
                    155.819641113
                ]
            ],
            "icov": [
                [
                    0.000330508104526,
                    9.79954129434e-05,
                    0.000253694946878,
                    -0.000309619208565,
                    0.000115478185762,
                    -0.000403839134378,
                    8.74190518516e-05,
                    -0.000280268373899,
                    0.000111272202048,
                    -0.000256015599007,
                    0.000530004093889,
                    -0.000370117137209,
                    0.000382385769626
                ],
                [
                    9.79954129434e-05,
                    0.00122159032617,
                    -0.000527988537215,
                    0.000478579837363,
                    -0.000919213925954,
                    0.000610842194874,
                    -0.0010215487564,
                    0.000663319660816,
                    -0.000578433042392,
                    0.000929213361815,
                    -0.000799307366833,
                    0.00134679686744,
                    -0.00101750215981
                ],
                [
                    0.000253694946878,
                    -0.000527988537215,
                    0.00160398765001,
                    -0.000865643785801,
                    0.000451882660855,
                    -0.000981662422419,
                    0.000976654118858,
                    -0.000865088833962,
                    8.17913605715e-05,
                    -0.000814000843093,
                    0.000807988515589,
                    -0.00150290038437,
                    0.00134544784669
                ],
                [
                    -0.000309619208565,
                    0.000478579837363,
                    -0.000865643785801,
                    0.00283875595778,
                    -0.0011462343391,
                    0.000858026614878,
                    -0.000543332425877,
                    0.000453357293736,
                    -0.000935686519369,
                    0.000986848725006,
                    -0.00114660034887,
                    0.00107650121208,
                    -0.00160374911502
                ],
                [
                    0.000115478185762,
                    -0.000919213925954,
                    0.000451882660855,
                    -0.0011462343391,
                    0.00462396955118,
                    -0.002321572043,
                    0.000824562739581,
                    -0.000582336215302,
                    -0.000286704307655,
                    -0.00174968468491,
                    0.000332781899488,
                    -0.000924334162846,
                    0.000326917186612
                ],
                [
                    -0.000403839134378,
                    0.000610842194874,
                    -0.000981662422419,
                    0.000858026614878,
                    -0.002321572043,
                    0.00688683474436,
                    -0.00360096176155,
                    -0.000144153571455,
                    -0.000337194971507,
                    0.000186345932889,
                    -0.00136404146906,
                    0.000502030598,
                    -0.000424997968366
                ],
                [
                    8.74190518516e-05,
                    -0.0010215487564,
                    0.000976654118858,
                    -0.000543332425877,
                    0.000824562739581,
                    -0.00360096176155,
                    0.00664664944634,
                    -0.000787736731581,
                    9.36642900342e-05,
                    -0.000735820562113,
                    -0.000709467625711,
                    -0.000912222720217,
                    0.000202721610549
                ],
                [
                    -0.000280268373899,
                    0.000663319660816,
                    -0.000865088833962,
                    0.000453357293736,
                    -0.000582336215302,
                    -0.000144153571455,
                    -0.000787736731581,
                    0.00743717327714,
                    -0.00217477162369,
                    -0.000556975428481,
                    -0.000911099254154,
                    0.000885925139301,
                    -0.00315844849683
                ],
                [
                    0.000111272202048,
                    -0.000578433042392,
                    8.17913605715e-05,
                    -0.000935686519369,
                    -0.000286704307655,
                    -0.000337194971507,
                    9.36642900342e-05,
                    -0.00217477162369,
                    0.00680671446025,
                    -0.000687367341015,
                    0.000462256401079,
                    -0.00263061770238,
                    0.00214363541454
                ],
                [
                    -0.000256015599007,
                    0.000929213361815,
                    -0.000814000843093,
                    0.000986848725006,
                    -0.00174968468491,
                    0.000186345932889,
                    -0.000735820562113,
                    -0.000556975428481,
                    -0.000687367341015,
                    0.0103402063251,
                    -0.00386976357549,
                    0.00291387876496,
                    -0.00324511877261
                ],
                [
                    0.000530004093889,
                    -0.000799307366833,
                    0.000807988515589,
                    -0.00114660034887,
                    0.000332781899488,
                    -0.00136404146906,
                    -0.000709467625711,
                    -0.000911099254154,
                    0.000462256401079,
                    -0.00386976357549,
                    0.0124321579933,
                    -0.00400888361037,
                    0.000185999742826
                ],
                [
                    -0.000370117137209,
                    0.00134679686744,
                    -0.00150290038437,
                    0.00107650121208,
                    -0.000924334162846,
                    0.000502030598,
                    -0.000912222720217,
                    0.000885925139301,
                    -0.00263061770238,
                    0.00291387876496,
                    -0.00400888361037,
                    0.00999235268682,
                    -0.00136387092061
                ],
                [
                    0.000382385769626,
                    -0.00101750215981,
                    0.00134544784669,
                    -0.00160374911502,
                    0.000326917186612,
                    -0.000424997968366,
                    0.000202721610549,
                    -0.00315844849683,
                    0.00214363541454,
                    -0.00324511877261,
                    0.000185999742826,
                    -0.00136387092061,
                    0.0110375247896
                ]
            ],
            "mean": [
                -12.7383146286,
                54.4714164734,
                -128.082092285,
                34.4298973083,
                -70.7529296875,
                10.8134412766,
                -39.7730369568,
                12.9990129471,
                -27.2629547119,
                9.2550907135,
                -16.9162502289,
                -4.15824651718,
                -4.32293748856
            ]
        },
        "hfc": {
            "dmean": 10.6694583893,
            "dmean2": 14.6737098694,
            "dvar": 330.045349121,
            "dvar2": 578.833007813,
            "max": 175.264816284,
            "mean": 24.4622802734,
            "median": 14.412560463,
            "min": 1.24307021623e-16,
            "var": 782.421569824
        },
        "melbands": {
            "dmean": [
                0.000460838637082,
                0.000396663497668,
                0.000171065446921,
                0.000250792189036,
                0.000119807787996,
                6.74613620504e-05,
                6.40505531919e-05,
                8.73326571309e-05,
                8.80541410879e-05,
                8.09232005849e-05,
                4.86610515509e-05,
                3.53453870048e-05,
                3.29513095494e-05,
                2.66097467829e-05,
                2.88886276394e-05,
                3.08242379106e-05,
                3.30548245984e-05,
                3.68255241483e-05,
                3.25562432408e-05,
                1.89425481949e-05,
                2.08641995414e-05,
                1.59737483045e-05,
                1.61647385539e-05,
                1.48846183947e-05,
                1.45897756738e-05,
                1.1826186892e-05,
