{
    "lowlevel": {
        "average_loudness": 0.568827390671,
        "barkbands": {
            "dmean": [
                0.000825629686005,
                0.00789703987539,
                0.00414545368403,
                0.00228879903443,
                0.00412792339921,
                0.000632375886198,
                0.000805504794698,
                0.000653332856018,
                0.000770809769165,
                0.000797476444859,
                0.000606268877164,
                0.000392466783524,
                0.000512974860612,
                0.00027183254133,
                0.000305685127387,
                0.000189786514966,
                0.00013016401499,
                0.000120365388284,
                0.000118062293041,
                0.00012604353833,
                0.000104788297904,
                9.52341943048e-05,
                8.88536742423e-05,
                0.00015435309615,
                0.000209536330658,
                0.000158862458193,
                6.32672438883e-08
            ],
            "dmean2": [
                0.0013418183662,
                0.0119351390749,
                0.00680402712896,
                0.00418527936563,
                0.0070515316911,
                0.00108229322359,
                0.0013043305371,
                0.00106554687954,
                0.00123697100207,
                0.00127865560353,
                0.000936384312809,
                0.000614991935436,
                0.000805155315902,
                0.000433671579231,
                0.000488152174512,
                0.000306568632368,
                0.000208852899959,
                0.000187622470548,
                0.000183635303983,
                0.000190353719518,
                0.000157183618285,
                0.000145314101246,
                0.00013153225882,
                0.000226959353313,
                0.000322006439092,
                0.000253240577877,
                1.22468122754e-07
            ],
            "dvar": [
                4.4535095185e-06,
                0.000264394329861,
                0.000218178334762,
                8.50016804179e-05,
                0.000152589171194,
                2.78643028651e-06,
                4.4948019422e-06,
                4.47004731541e-06,
                5.39309303349e-06,
                7.26461303202e-06,
                6.05572358836e-06,
                2.82657197204e-06,
                3.47525383404e-06,
                9.96189214675e-07,
                1.01050136436e-06,
                2.98083620009e-07,
                1.84806310699e-07,
                9.65991020507e-08,
                8.7955960737e-08,
                2.75538724281e-07,
                1.53765270738e-07,
                9.17143623269e-08,
                5.57270780632e-08,
                2.16676326659e-07,
                3.12101633426e-07,
                2.06626936006e-07,
                4.58913614575e-13
            ],
            "dvar2": [
                1.12893631012e-05,
                0.000616133387666,
                0.000518289743923,
                0.000240902663791,
                0.00041866506217,
                7.42806059861e-06,
                1.11471263153e-05,
                1.14610102173e-05,
                1.37049682962e-05,
                1.80593760888e-05,
                1.52084348883e-05,
                5.92097012486e-06,
                8.44339592732e-06,
                2.48482319876e-06,
                2.45012461164e-06,
                7.38192454719e-07,
                4.57790633845e-07,
                2.3207607569e-07,
                2.03399281418e-07,
                6.42942950435e-07,
                3.72399000526e-07,
                2.13213155575e-07,
                1.12312598333e-07,
                4.77695323298e-07,
                7.01509975443e-07,
                5.05330604028e-07,
                1.36103129635e-12
            ],
            "max": [
                0.0408379510045,
                0.1653123945,
                0.146937057376,
                0.0915308371186,
                0.10827665776,
                0.0508228316903,
                0.0671968311071,
                0.0509323216975,
                0.0557953156531,
                0.0675586462021,
                0.0779699236155,
                0.0936491712928,
                0.0734739527106,
                0.0299381911755,
                0.0342013277113,
                0.0179035291076,
                0.0153492428362,
                0.012209338136,
                0.00749436439946,
                0.0153238875791,
                0.0119566963986,
                0.00882438477129,
                0.00875101331621,
                0.0158032346517,
                0.0176534820348,
                0.00506245205179,
                2.37841250055e-05
            ],
            "mean": [
                0.00141343439464,
                0.0193138960749,
                0.00383333815262,
                0.00164448656142,
                0.00500103784725,
                0.000754311331548,
                0.0010651104385,
                0.000821930821985,
                0.00115471577737,
                0.00106479879469,
                0.000862458953634,
                0.000585527392104,
                0.000714948633686,
                0.000352897972334,
                0.000424879021011,
                0.000292337383144,
                0.000204301453778,
                0.000193118961761,
                0.000198163281311,
                0.00017938115343,
                0.000160791925737,
                0.000138791758218,
                0.000139572512126,
                0.000243381116888,
                0.000295014673611,
                0.000145906655234,
                3.4755114342e-08
            ],
            "median": [
                0.000170352577697,
                0.00383268063888,
                0.000186099408893,
                0.000119306176202,
                0.00117531244177,
                0.000171448642504,
                0.000254322367255,
                0.000163471151609,
                0.000214090177906,
                0.000138973380672,
                0.000137317241752,
                8.90100200195e-05,
                0.000117435934953,
                7.32728876756e-05,
                9.92691057036e-05,
                8.90777882887e-05,
                6.41005462967e-05,
                5.71186828893e-05,
                6.1679747887e-05,
                4.78642177768e-05,
                3.89021297451e-05,
                1.81282284757e-05,
                1.2263481949e-05,
                2.94325509458e-05,
                4.21944532718e-05,
                9.22946674109e-06,
                5.15256171063e-10
            ],
            "min": [
                7.9263737959e-25,
                3.37832759218e-24,
                1.98492273782e-24,
                5.60709463138e-25,
                7.8081610171e-24,
                6.73178003344e-24,
                2.55005381563e-24,
                7.01704712513e-24,
                1.22207404763e-23,
                1.910802866e-23,
                1.952618016e-23,
                1.46264120387e-23,
                3.79045708584e-23,
                4.10182364057e-23,
                4.76293104655e-23,
                6.5014293359e-23,
                6.91990489999e-23,
                9.22623946843e-23,
                1.35486822606e-22,
                1.60987275171e-22,
                2.34297949251e-22,
                3.32355025844e-22,
                4.36787259755e-22,
                5.94461950213e-22,
                8.42022910578e-22,
                1.29620040073e-21,
                1.72050497795e-21
            ],
            "var": [
                9.80816821539e-06,
                0.000975843751803,
                0.000193574436707,
                5.06003707414e-05,
                0.00012136818259,
                3.0531093671e-06,
                6.41335464024e-06,
                5.45963894183e-06,
                8.00552152214e-06,
                1.05928629637e-05,
                8.77629645402e-06,
                8.6959798864e-06,
                6.38863048152e-06,
                1.20800143577e-06,
                1.43859449508e-06,
                4.84964630232e-07,
                2.85512697928e-07,
                1.99874577334e-07,
                1.62300054285e-07,
                3.31964741918e-07,
                1.94893644334e-07,
                1.29065128363e-07,
                1.24748780195e-07,
                3.7586568169e-07,
                4.86813860334e-07,
                1.87134176599e-07,
                2.36778749819e-13
            ]
        },
        "barkbands_crest": {
            "dmean": 3.13014626503,
            "dmean2": 4.95569181442,
            "dvar": 9.33320140839,
            "dvar2": 21.4794788361,
            "max": 26.860496521,
            "mean": 13.5007295609,
            "median": 12.2022485733,
            "min": 2.16747236252,
            "var": 43.1758880615
        },
        "barkbands_flatness_db": {
            "dmean": 0.0333042666316,
            "dmean2": 0.0477400012314,
            "dvar": 0.0014841229422,
            "dvar2": 0.00292556546628,
            "max": 0.803296864033,
            "mean": 0.207408368587,
            "median": 0.186115562916,
            "min": 0.0357618965209,
            "var": 0.00985922850668
        },
        "barkbands_kurtosis": {
            "dmean": 26.4990177155,
            "dmean2": 43.0054550171,
            "dvar": 14978.6601562,
            "dvar2": 38250.671875,
            "max": 3165.29980469,
            "mean": 31.6971435547,
            "median": 3.0423977375,
            "min": -1.97613036633,
            "var": 16727.3398438
        },
        "barkbands_skewness": {
            "dmean": 1.27722346783,
            "dmean2": 1.91475939751,
            "dvar": 6.3326792717,
            "dvar2": 14.915719986,
            "max": 42.0372085571,
            "mean": 2.62429213524,
            "median": 1.55532312393,
            "min": -4.90564250946,
            "var": 14.4026651382
        },
        "barkbands_spread": {
            "dmean": 7.85478830338,
            "dmean2": 11.8816518784,
            "dvar": 135.749771118,
            "dvar2": 294.593353271,
            "max": 133.380905151,
            "mean": 20.1730155945,
            "median": 16.6753768921,
            "min": 0.0327227823436,
            "var": 319.520172119
        },
        "dissonance": {
            "dmean": 0.0225273165852,
            "dmean2": 0.0369690321386,
            "dvar": 0.0006470058579,
            "dvar2": 0.00172119424678,
            "max": 0.500000119209,
            "mean": 0.458605766296,
            "median": 0.46923455596,
            "min": 0.0988856777549,
            "var": 0.00147308828309
        },
        "dynamic_complexity": 3.68128490448,
        "erbbands": {
            "dmean": [
                0.30185893178,
                1.64119887352,
                4.08703899384,
                6.76970672607,
                9.55707836151,
                16.8076992035,
                8.20873832703,
                5.12577056885,
                10.0525512695,
                13.5076856613,
                13.7153491974,
                19.0161151886,
                17.4604549408,
                25.6511764526,
                22.8961715698,
                15.7673149109,
                23.4232292175,
                14.1276102066,
                16.1209545135,
                11.6437864304,
                9.143658638,
                6.60920238495,
                6.14356279373,
                6.71441268921,
                5.51054573059,
                6.15078544617,
                4.86724901199,
                3.90519618988,
                3.59257769585,
                2.52515411377,
                2.81942915916,
                2.97212290764,
                2.82380771637,
                2.52114486694,
                1.38409531116,
                0.836034357548,
                0.29437354207,
                0.019413150847,
                0.000380602257792,
                3.22295200021e-05
            ],
            "dmean2": [
                0.453917056322,
                2.40536618233,
                6.28550100327,
                11.7636966705,
                16.4510326385,
                28.8778514862,
                13.9950065613,
                8.70333957672,
                16.2994918823,
                21.7669067383,
                22.2160606384,
                30.5768623352,
                27.2486457825,
                39.8163299561,
                34.6324310303,
                24.1755561829,
                36.7858772278,
                22.0664043427,
                25.685459137,
                18.4295959473,
                14.466044426,
                10.5605182648,
                9.47166156769,
                10.5082044601,
                8.47675704956,
                9.2744808197,
                7.24481105804,
                5.9359498024,
                5.54564762115,
                3.79593253136,
                4.21051454544,
                4.42170381546,
                4.15304946899,
                3.79060697556,
                2.1619207859,
                1.36572337151,
                0.465190172195,
                0.0300333183259,
                0.000589814619161,
                4.79553236801e-05
            ],
            "dvar": [
                0.410514324903,
                12.9211654663,
                181.706420898,
                652.451538086,
                1067.91101074,
                2480.52392578,
                484.062347412,
                192.584106445,
                741.792358398,
                1395.66943359,
                2077.98974609,
                3460.72558594,
                3910.51269531,
                8196.14257812,
                7968.06396484,
                4310.62597656,
                7248.7890625,
                2600.01879883,
                3420.26074219,
                1191.54614258,
                833.56036377,
                554.702331543,
                256.962219238,
                273.681518555,
                248.448562622,
                708.736755371,
                390.870056152,
                160.467422485,
                132.885925293,
                52.6274795532,
                56.8092422485,
                84.3335571289,
                70.9005813599,
                58.5149536133,
                11.5579328537,
                5.73848581314,
                0.726958811283,
                0.00301960669458,
                1.13050680284e-06,
                3.79170295162e-09
            ],
            "dvar2": [
                0.92299413681,
                30.0016269684,
                407.672821045,
                1715.45385742,
                2864.31835938,
                6943.171875,
                1323.34179688,
                501.284820557,
                1814.79272461,
                3504.71704102,
                5370.65429688,
                8898.79394531,
                8827.15332031,
                20179.5253906,
                19673.5488281,
                8575.20898438,
                17811.6445312,
                6384.33349609,
                8604.43359375,
                2721.16894531,
                2055.37402344,
                1423.83422852,
                609.292053223,
                657.496276855,
                567.920471191,
                1652.05773926,
                950.910095215,
                359.122406006,
                313.039489746,
                115.138656616,
                119.680526733,
                189.610061646,
                153.66394043,
                131.615280151,
                26.8171482086,
                14.5348386765,
                1.78272867203,
                0.00705592567101,
                2.68771759693e-06,
                9.08794550725e-09
            ],
            "max": [
                8.05992889404,
                35.6443939209,
                140.993438721,
                241.513076782,
                307.587097168,
                470.497924805,
                318.270385742,
                446.353424072,
                1064.42163086,
                1044.40966797,
                1331.59985352,
                1444.6418457,
                2260.42333984,
                2951.31689453,
                3386.42480469,
                4488.22460938,
                2865.59130859,
                1889.39404297,
                2002.02661133,
                1132.92077637,
                967.768676758,
                1022.36071777,
                542.182678223,
                659.074584961,
                367.831878662,
                884.617553711,
                677.537902832,
                401.411987305,
                408.452667236,
                147.718231201,
                285.200866699,
                290.904144287,
                235.550750732,
                304.571716309,
                70.2606811523,
                29.5934829712,
                8.47388935089,
                0.49533611536,
                0.00994676351547,
                0.00069042830728
            ],
            "mean": [
                0.775740206242,
                3.48095679283,
                4.58599853516,
                5.55500936508,
                9.01201057434,
                20.8337173462,
                10.8532943726,
                6.34236335754,
                13.3089160919,
                17.8400154114,
                18.6278972626,
                29.429517746,
                25.2413578033,
                36.5956459045,
                34.9382743835,
                25.7596130371,
                33.9085502625,
                20.6979141235,
                22.6084804535,
                18.9831466675,
                14.5656490326,
                10.9195957184,
                10.3197288513,
                11.292383194,
                9.20515346527,
                8.82405853271,
                7.29373836517,
                5.96382665634,
                5.10735607147,
                3.95068597794,
                4.27318096161,
                4.42949438095,
                4.46339035034,
                3.77347874641,
                1.73994207382,
                0.777016282082,
                0.268420904875,
                0.0180467143655,
                0.000379591656383,
                6.90947854309e-05
            ],
            "median": [
                0.105738222599,
                0.703194737434,
                0.630973935127,
                0.492618411779,
                1.72376203537,
                4.00054645538,
                2.89290547371,
                1.88633036613,
                3.07356548309,
                5.3214673996,
                4.92447042465,
                5.57599449158,
                4.91927957535,
                5.07440471649,
                6.6819486618,
                4.605219841,
                5.75844669342,
                4.74014234543,
                5.39805221558,
                5.82417154312,
                4.70432186127,
                3.70909070969,
                3.38524341583,
                3.76328158379,
                2.47610759735,
                2.4202466011,
                1.89037287235,
                1.30102396011,
                0.707770824432,
                0.381513953209,
                0.38240224123,
                0.458959877491,
                0.576620101929,
                0.546900749207,
                0.227761074901,
                0.0584752708673,
                0.0144009590149,
                0.000841950299218,
                4.78217043565e-05,
                3.98027295887e-05
            ],
            "min": [
                5.36922208594e-23,
                8.05076704745e-22,
                3.49553036712e-21,
                4.93287138812e-21,
                1.03414871429e-20,
                2.5772377488e-20,
                3.53373981063e-20,
                6.83458627357e-20,
                7.08581524277e-20,
                1.73931370799e-19,
                2.37463985873e-19,
                2.65313476887e-19,
                4.57328256647e-19,
                5.16224240044e-19,
                9.98864120038e-19,
                8.22059278887e-19,
                1.85772068357e-18,
                2.56300113682e-18,
                2.89817348025e-18,
                3.6266555225e-18,
                4.4110617984e-18,
                3.98193910817e-18,
                5.95876097865e-18,
                7.52109836061e-18,
                8.79985341317e-18,
                7.75077911975e-18,
                9.73321341069e-18,
                1.02581331284e-17,
                1.04839972762e-17,
                1.20299763344e-17,
                1.09772227416e-17,
                1.19993408732e-17,
                1.05007923514e-17,
                7.48791270161e-18,
                6.34669007437e-18,
                3.80791726449e-18,
                2.4416901369e-18,
                8.63713923186e-19,
                2.07148281712e-19,
                2.67547352448e-20
            ],
            "var": [
                1.80075764656,
                33.779209137,
                192.586914062,
                468.975860596,
                760.225280762,
                2081.91625977,
                485.03805542,
                225.670669556,
                1098.04040527,
                1683.7857666,
                2670.0925293,
                5217.49023438,
                5526.21972656,
                13460.8710938,
                12562.6240234,
                15541.1308594,
                13485.0898438,
                3990.43774414,
                4199.68017578,
                2337.36669922,
                1368.03955078,
                757.701721191,
                521.875610352,
                586.096923828,
                409.337799072,
                844.196838379,
                461.637969971,
                245.152526855,
                176.401702881,
                103.295166016,
                115.013778687,
                141.592636108,
                125.816833496,
                88.4986801147,
                16.9005451202,
                5.01534748077,
                0.657239735126,
                0.00292204157449,
                1.09395080017e-06,
                6.83921586031e-09
            ]
        },
        "erbbands_crest": {
            "dmean": 3.27345919609,
            "dmean2": 5.23021745682,
            "dvar": 9.63799667358,
            "dvar2": 23.4489555359,
            "max": 33.4383392334,
            "mean": 10.6151704788,
            "median": 9.4105796814,
            "min": 2.23877692223,
            "var": 28.1988639832
        },
        "erbbands_flatness_db": {
            "dmean": 0.0231222119182,
            "dmean2": 0.0335342995822,
            "dvar": 0.00063420337392,
            "dvar2": 0.00129649066366,
            "max": 0.48619773984,
            "mean": 0.178300097585,
            "median": 0.170623332262,
            "min": 0.0479193329811,
            "var": 0.0046476488933
        },
        "erbbands_kurtosis": {
            "dmean": 2.68966841698,
            "dmean2": 4.30116176605,
            "dvar": 67.7349319458,
            "dvar2": 172.953704834,
            "max": 194.213500977,
            "mean": 2.59689950943,
            "median": 0.303539037704,
            "min": -1.94303393364,
            "var": 88.0691986084
        },
        "erbbands_skewness": {
            "dmean": 0.606567323208,
            "dmean2": 0.905435979366,
            "dvar": 0.688566982746,
            "dvar2": 1.48226201534,
            "max": 11.7868432999,
            "mean": 0.514182925224,
            "median": 0.37596103549,
            "min": -6.36507463455,
            "var": 1.87152159214
        },
        "erbbands_spread": {
            "dmean": 13.0705089569,
            "dmean2": 19.72498703,
            "dvar": 359.321472168,
            "dvar2": 808.805297852,
            "max": 234.395690918,
            "mean": 42.2849235535,
            "median": 33.2767982483,
            "min": 0.927551984787,
            "var": 1017.55529785
        },
        "gfcc": {
            "cov": [
                [
                    23467.0703125,
                    -288.888763428,
                    -263.927001953,
                    916.370666504,
                    -797.49230957,
                    661.904174805,
                    -1006.13995361,
                    693.870849609,
                    -680.852172852,
                    285.209899902,
                    -572.759216309,
                    151.213500977,
                    -269.396759033
                ],
                [
                    -288.888763428,
                    3418.24365234,
                    -520.964477539,
                    -371.182281494,
                    485.27154541,
                    -328.242523193,
                    457.695587158,
                    -290.311828613,
                    286.950256348,
                    -233.710952759,
                    250.453186035,
                    -259.606384277,
                    162.632019043
                ],
                [
                    -263.927001953,
                    -520.964477539,
                    2946.42504883,
                    1146.93530273,
                    462.178833008,
                    445.190490723,
                    185.21206665,
                    258.01461792,
                    69.708732605,
                    221.929428101,
                    45.7584381104,
                    233.57371521,
                    25.5086994171
                ],
                [
                    916.370666504,
                    -371.182281494,
                    1146.93530273,
                    1316.3626709,
                    367.251098633,
                    261.194152832,
                    158.210525513,
                    164.803909302,
                    131.836502075,
                    75.4061355591,
                    5.49195098877,
                    103.900115967,
                    6.62254333496
                ],
                [
                    -797.49230957,
                    485.27154541,
                    462.178833008,
                    367.251098633,
                    627.557922363,
                    230.319168091,
                    352.162780762,
                    73.0025100708,
                    193.421478271,
                    19.3140697479,
                    71.1948013306,
                    10.6839904785,
                    32.0692481995
                ],
                [
                    661.904174805,
                    -328.242523193,
                    445.190490723,
                    261.194152832,
                    230.319168091,
                    603.851806641,
                    273.583892822,
                    164.040008545,
                    95.2227859497,
                    150.015396118,
                    35.2754058838,
                    48.6657752991,
                    -32.9890518188
                ],
                [
                    -1006.13995361,
                    457.695587158,
                    185.21206665,
                    158.210525513,
                    352.162780762,
                    273.583892822,
                    566.397460938,
                    82.2441940308,
                    211.214385986,
                    59.7802085876,
                    144.503082275,
                    4.05295372009,
                    29.0042228699
                ],
                [
                    693.870849609,
                    -290.311828613,
                    258.01461792,
                    164.803909302,
                    73.0025100708,
                    164.040008545,
                    82.2441940308,
                    312.076293945,
                    47.5708580017,
                    80.5125350952,
                    9.16233062744,
                    55.0493659973,
                    7.91036367416
                ],
                [
                    -680.852172852,
                    286.950256348,
                    69.708732605,
                    131.836502075,
                    193.421478271,
                    95.2227859497,
                    211.214385986,
                    47.5708580017,
                    308.086639404,
                    47.7487983704,
                    81.7559356689,
                    11.2730607986,
                    1.07322943211
                ],
                [
                    285.209899902,
                    -233.710952759,
                    221.929428101,
                    75.4061355591,
                    19.3140697479,
                    150.015396118,
                    59.7802085876,
                    80.5125350952,
                    47.7487983704,
                    204.967376709,
                    54.7859230042,
                    41.9155960083,
                    -8.104388237
                ],
                [
                    -572.759216309,
                    250.453186035,
                    45.7584381104,
                    5.49195098877,
                    71.1948013306,
                    35.2754058838,
                    144.503082275,
                    9.16233062744,
                    81.7559356689,
                    54.7859230042,
                    182.219177246,
                    15.5879230499,
                    32.0385246277
                ],
                [
                    151.213500977,
                    -259.606384277,
                    233.57371521,
                    103.900115967,
                    10.6839904785,
                    48.6657752991,
                    4.05295372009,
                    55.0493659973,
                    11.2730607986,
                    41.9155960083,
                    15.5879230499,
                    167.519104004,
                    -1.52085459232
                ],
                [
                    -269.396759033,
                    162.632019043,
                    25.5086994171,
                    6.62254333496,
                    32.0692481995,
                    -32.9890518188,
                    29.0042228699,
                    7.91036367416,
                    1.07322943211,
                    -8.104388237,
                    32.0385246277,
                    -1.52085459232,
                    140.487960815
                ]
            ],
            "icov": [
                [
                    0.000119345975691,
                    -0.000247829419095,
                    0.000116939663712,
                    -0.000244712457061,
                    0.000257171108387,
                    -0.000349340814864,
                    0.00031434991979,
                    -0.000357274198905,
                    0.000319609855069,
                    -0.000311020674417,
                    0.000366474880138,
                    -0.000284029985778,
                    0.00021349954477
                ],
                [
                    -0.000247829419095,
                    0.00117008015513,
                    -0.00028129274142,
                    0.000725114659872,
                    -0.00100229983218,
                    0.00113107729703,
                    -0.0009583075298,
                    0.00107121607289,
                    -0.000979243544862,
                    0.00113211560529,
                    -0.00133168231696,
                    0.00128533528186,
                    -0.000790531863458
                ],
                [
                    0.000116939663712,
                    -0.00028129274142,
                    0.000737244670745,
                    -0.000665692437906,
                    -1.45010869801e-06,
                    -0.000489786325488,
                    0.000440798146883,
                    -0.000422979413997,
                    0.000600661907811,
                    -0.000707346771378,
                    0.000342625979101,
                    -0.000779936788604,
                    0.000133548572194
                ],
                [
                    -0.000244712457061,
                    0.000725114659872,
                    -0.000665692437906,
                    0.00186870561447,
                    -0.00108683179133,
                    0.000748250982724,
                    -0.000598046579398,
                    0.000635089061689,
                    -0.00108905159868,
                    0.000963416765444,
                    -0.000696726201568,
                    0.000663687707856,
                    -0.000534408958629
                ],
                [
                    0.000257171108387,
                    -0.00100229983218,
                    -1.45010869801e-06,
                    -0.00108683179133,
                    0.00408115563914,
                    -0.00140661443584,
                    -0.000511420948897,
                    -0.000881582789589,
                    4.36995014752e-06,
                    -0.000176048022695,
                    0.00141621776856,
                    -0.000744579767343,
                    0.000257024570601
                ],
                [
                    -0.000349340814864,
                    0.00113107729703,
                    -0.000489786325488,
                    0.000748250982724,
                    -0.00140661443584,
                    0.0043369885534,
                    -0.00242124916986,
                    0.000556018843781,
                    -0.00073703948874,
                    -0.000439505471149,
                    -0.000592503231019,
                    0.0012074514525,
                    1.09372667794e-05
                ],
                [
                    0.00031434991979,
                    -0.0009583075298,
                    0.000440798146883,
                    -0.000598046579398,
                    -0.000511420948897,
                    -0.00242124916986,
                    0.00512289535254,
                    -0.00129307131283,
                    -0.000156380658154,
                    -0.000507653981913,
                    -0.00089837575797,
                    -0.000750843260903,
                    0.00039232042036
                ],
                [
                    -0.000357274198905,
                    0.00107121607289,
                    -0.000422979413997,
                    0.000635089061689,
                    -0.000881582789589,
                    0.000556018843781,
                    -0.00129307131283,
                    0.00538860540837,
                    -0.00137351092417,
                    0.000266471586656,
                    -0.000774784595706,
                    0.000419000396505,
                    -0.00137586146593
                ],
                [
                    0.000319609855069,
                    -0.000979243544862,
                    0.000600661907811,
                    -0.00108905159868,
                    4.36995014752e-06,
                    -0.00073703948874,
                    -0.000156380658154,
                    -0.00137351092417,
                    0.00598698994145,
                    -0.00185018929187,
                    0.000299603765598,
                    -0.00125432293862,
                    0.00138992781285
                ],
                [
                    -0.000311020674417,
                    0.00113211560529,
                    -0.000707346771378,
                    0.000963416765444,
                    -0.000176048022695,
                    -0.000439505471149,
                    -0.000507653981913,
                    0.000266471586656,
                    -0.00185018929187,
                    0.0086056413129,
                    -0.00358577119187,
                    0.000788286328316,
                    -0.000460317649413
                ],
                [
                    0.000366474880138,
                    -0.00133168231696,
                    0.000342625979101,
                    -0.000696726201568,
                    0.00141621776856,
                    -0.000592503231019,
                    -0.00089837575797,
                    -0.000774784595706,
                    0.000299603765598,
                    -0.00358577119187,
                    0.00993488263339,
                    -0.00213407585397,
                    -0.000516263360623
                ],
                [
                    -0.000284029985778,
                    0.00128533528186,
                    -0.000779936788604,
                    0.000663687707856,
                    -0.000744579767343,
                    0.0012074514525,
                    -0.000750843260903,
                    0.000419000396505,
                    -0.00125432293862,
                    0.000788286328316,
                    -0.00213407585397,
                    0.00855014100671,
                    -0.000703039986547
                ],
                [
                    0.00021349954477,
                    -0.000790531863458,
                    0.000133548572194,
                    -0.000534408958629,
                    0.000257024570601,
                    1.09372667794e-05,
                    0.00039232042036,
                    -0.00137586146593,
                    0.00138992781285,
                    -0.000460317649413,
                    -0.000516263360623,
                    -0.000703039986547,
                    0.00845685321838
                ]
            ],
            "mean": [
                -52.6826553345,
                80.1538467407,
                -105.67010498,
                27.7558708191,
                -54.6715049744,
                19.8517665863,
                -36.8913040161,
                16.0381851196,
                -27.2776088715,
                6.46647930145,
                -12.8440961838,
                -1.56389272213,
                -3.32986855507
            ]
        },
        "hfc": {
            "dmean": 10.2199926376,
            "dmean2": 14.8552064896,
            "dvar": 291.754272461,
            "dvar2": 642.902526855,
            "max": 303.541564941,
            "mean": 22.5810470581,
            "median": 13.2262868881,
            "min": 1.08379281734e-16,
            "var": 648.547607422
        },
        "melbands": {
            "dmean": [
                0.0023534684442,
                0.00186372490134,
                0.001118008513,
                0.00101005460601,
                0.000377991324058,
                0.000115393995657,
                0.000156941852765,
                0.000148988998262,
                0.000118801035569,
                0.000114558264613,
                8.94131371751e-05,
                0.000108769105282,
                8.11131467344e-05,
                5.02275142935e-05,
                4.97356741107e-05,
                4.645228546e-05,
                2.699270226e-05,
                2.69529646175e-05,
                1.91391827684e-05,
                1.51742751768e-05,
                1.02818839878e-05,
                6.92488129062e-06,
                7.67118126532e-06,
                5.74397836317e-06,
                5.82628172197e-06,
                4.47953971161e-06,
                3.86270403396e-06,
