{
    "lowlevel": {
        "average_loudness": 0.812391400337,
        "barkbands": {
            "dmean": [
                0.000571784563363,
                0.0129510136321,
                0.00420067226514,
                0.00130594079383,
                0.00161777669564,
                0.000469532649731,
                0.00179030350409,
                0.000639079953544,
                0.000852365163155,
                0.000650172645692,
                0.000626042310614,
                0.000755314424168,
                0.000556911341846,
                0.000379644072382,
                0.000453756423667,
                0.000354681076715,
                0.000266796210781,
                0.000192156483536,
                0.00018342747353,
                0.000210544196307,
                0.000338106125128,
                0.000476515677292,
                0.000455244095065,
                0.000461649789941,
                0.000265707087237,
                0.000108023101347,
                1.21382663565e-05
            ],
            "dmean2": [
                0.000727961247321,
                0.0209484025836,
                0.00662757782266,
                0.00230505969375,
                0.00273411720991,
                0.000788616540376,
                0.00263012875803,
                0.000970979919657,
                0.00124062108807,
                0.000946090207435,
                0.00102393166162,
                0.00113806605805,
                0.000853498931974,
                0.000571315002162,
                0.000741283060052,
                0.000556139508262,
                0.00040968117537,
                0.000307569425786,
                0.000270171149168,
                0.000332800496835,
                0.000529846933205,
                0.000796643493231,
                0.000697629118804,
                0.000740658142604,
                0.000415072427131,
                0.000171393156052,
                2.03096533369e-05
            ],
            "dvar": [
                3.17357444146e-06,
                0.001424375223,
                0.000155353889568,
                2.49747117778e-05,
                2.34784147324e-05,
                1.61303967161e-06,
                8.38380401547e-06,
                2.84780321635e-06,
                3.95666211261e-06,
                2.24575023822e-06,
                3.20681988342e-06,
                3.64229958905e-06,
                1.63532638453e-06,
                6.60865850932e-07,
                5.98888209424e-06,
                5.93312108776e-07,
                2.85731601934e-07,
                2.958338996e-07,
                1.70180683767e-07,
                2.60471438196e-07,
                5.16474131018e-07,
                9.80283175522e-07,
                1.15381340038e-06,
                1.39314352054e-06,
                4.55725739812e-07,
                8.38624671928e-08,
                1.86516024847e-09
            ],
            "dvar2": [
                6.33396393823e-06,
                0.00366970477626,
                0.000419232266722,
                7.24335186533e-05,
                6.78483847878e-05,
                4.30833915743e-06,
                1.72186119016e-05,
                5.80914320381e-06,
                7.86847067502e-06,
                4.74573926112e-06,
                8.00700763648e-06,
                7.71619215811e-06,
                3.43223064192e-06,
                1.45346325553e-06,
                1.68189380929e-05,
                1.32954460241e-06,
                6.2123507405e-07,
                5.72620933781e-07,
                3.06553090468e-07,
                5.41161966794e-07,
                1.23922552575e-06,
                2.41770294451e-06,
                2.80212270809e-06,
                3.52684583049e-06,
                9.97251845547e-07,
                1.8953305414e-07,
                4.6405523868e-09
            ],
            "max": [
                0.0287457704544,
                0.417499393225,
                0.136467412114,
                0.0827577114105,
                0.118607163429,
                0.0295796636492,
                0.0374455675483,
                0.0271368492395,
                0.0387371703982,
                0.0291071273386,
                0.0316586606205,
                0.0328303948045,
                0.0192729979753,
                0.015273315832,
                0.0734194815159,
                0.00812420062721,
                0.0111282831058,
                0.00837844889611,
                0.00675975298509,
                0.00698486855254,
                0.00653710821643,
                0.00911847222596,
                0.0134956464171,
                0.0128316646442,
                0.00829130224884,
                0.0041687800549,
                0.000702405581251
            ],
            "mean": [
                0.00211026659235,
                0.0292811151594,
                0.00674884021282,
                0.00137526518665,
                0.00207255990244,
                0.000607645430136,
                0.003015775932,
                0.000934199197218,
                0.00130271341186,
                0.00106036674697,
                0.000647505396046,
                0.000919290585443,
                0.000702374440152,
                0.000435248715803,
                0.000466900062747,
                0.000368917186279,
                0.000338973477483,
                0.000234578663367,
                0.000227684970014,
                0.000280039326753,
                0.000328866328346,
                0.000496020598803,
                0.000487214245368,
                0.000482162431581,
                0.000307417794829,
                0.000120456024888,
                1.11196022772e-05
            ],
            "median": [
                4.85370674141e-06,
                0.00343084614724,
                0.00178017280996,
                0.000307173380861,
                0.000897912716027,
                0.000119052252558,
                0.000900690909475,
                0.000105443767097,
                0.000271617813269,
                0.000215613181354,
                6.44865649519e-05,
                0.000144459394505,
                9.82713245321e-05,
                6.0961512645e-05,
                5.67126808164e-05,
                6.17660043645e-05,
                8.33646699903e-05,
                4.57056521554e-05,
                4.84890842927e-05,
                4.8708581744e-05,
                4.88430596306e-05,
                7.8345365182e-05,
                8.48901472636e-05,
                8.47907867865e-05,
                3.41492886946e-05,
                1.12487077786e-05,
                3.06535611116e-07
            ],
            "min": [
                8.21544990246e-24,
                1.42132319401e-23,
                3.95954255778e-24,
                4.36672455249e-24,
                2.35303450293e-23,
                3.67865687845e-23,
                6.84966156955e-23,
                1.31490664675e-23,
                2.81876094198e-23,
                4.99083517088e-23,
                3.54077472073e-23,
                2.58195941327e-22,
                1.39063177163e-22,
                3.44779244313e-22,
                1.99089269515e-22,
                1.96153911776e-22,
                1.81282129286e-22,
                4.29771168729e-22,
                2.34877844058e-22,
                2.58511687638e-22,
                6.12902514194e-22,
                4.45526626894e-22,
                5.39530321586e-22,
                7.20754264492e-22,
                1.2663278917e-21,
                1.53075285544e-21,
                2.37389324744e-21
            ],
            "var": [
                2.73366840702e-05,
                0.00387240387499,
                0.000207188801141,
                1.63946970133e-05,
                1.6744421373e-05,
                2.26275142268e-06,
                2.09759509744e-05,
                6.21577146376e-06,
                8.79307935975e-06,
                5.81027143198e-06,
                3.76204388886e-06,
                5.75272360948e-06,
                2.82928795059e-06,
                9.66785705714e-07,
                3.86213650927e-06,
                6.95423636898e-07,
                4.4342581873e-07,
                3.93125986875e-07,
                2.6342951287e-07,
                3.97680565811e-07,
                5.30906049789e-07,
                1.01228545191e-06,
                1.25875419599e-06,
                1.30606679249e-06,
                6.69092685257e-07,
                1.24839772297e-07,
                2.17800377733e-09
            ]
        },
        "barkbands_crest": {
            "dmean": 2.76964497566,
            "dmean2": 4.44898796082,
            "dvar": 8.73759555817,
            "dvar2": 19.963514328,
            "max": 25.8259429932,
            "mean": 13.0177698135,
            "median": 12.0680494308,
            "min": 2.10923981667,
            "var": 32.6735877991
        },
        "barkbands_flatness_db": {
            "dmean": 0.0310662463307,
            "dmean2": 0.0463702753186,
            "dvar": 0.00124211283401,
            "dvar2": 0.00239363289438,
            "max": 0.66646283865,
            "mean": 0.176254242659,
            "median": 0.163931310177,
            "min": 0.0196883548051,
            "var": 0.00616886932403
        },
        "barkbands_kurtosis": {
            "dmean": 13.4256772995,
            "dmean2": 21.672580719,
            "dvar": 1789.56066895,
            "dvar2": 4197.83349609,
            "max": 1034.70703125,
            "mean": 22.0240535736,
            "median": 4.38817071915,
            "min": -1.95839369297,
            "var": 4199.33154297
        },
        "barkbands_skewness": {
            "dmean": 1.10161292553,
            "dmean2": 1.68779540062,
            "dvar": 2.38259291649,
            "dvar2": 5.25654888153,
            "max": 21.9019851685,
            "mean": 2.60358214378,
            "median": 1.91649830341,
            "min": -7.31804561615,
            "var": 8.61545276642
        },
        "barkbands_spread": {
            "dmean": 9.65249252319,
            "dmean2": 15.1458091736,
            "dvar": 202.938796997,
            "dvar2": 440.474945068,
            "max": 128.890090942,
            "mean": 22.7665920258,
            "median": 16.4661331177,
            "min": 0.101507820189,
            "var": 424.711730957
        },
        "dissonance": {
            "dmean": 0.0317854322493,
            "dmean2": 0.0501765720546,
            "dvar": 0.00115573266521,
            "dvar2": 0.00277970195748,
            "max": 0.5,
            "mean": 0.439935028553,
            "median": 0.455737531185,
            "min": 0.0953426361084,
            "var": 0.00287447986193
        },
        "dynamic_complexity": 3.35508298874,
        "erbbands": {
            "dmean": [
                0.439736902714,
                2.90580105782,
                5.29975557327,
                4.06075429916,
                5.36733579636,
                5.18130207062,
                3.51715922356,
                4.59164905548,
                24.4831905365,
                18.872674942,
                13.8886728287,
                20.6210803986,
                13.2471055984,
                23.8996448517,
                29.8164024353,
                24.0420646667,
                25.8264923096,
                19.1014041901,
                23.3114452362,
                19.2700138092,
                18.0742282867,
                14.2471218109,
                9.45964813232,
                10.5029392242,
                9.36570930481,
                10.1121177673,
                9.94913387299,
                16.7834587097,
                17.3815765381,
                14.5382242203,
                12.7183132172,
                9.88671588898,
                7.80315637589,
                3.56017398834,
                1.61475038528,
                0.639369785786,
                0.163280591369,
                0.0308852605522,
                0.00210203090683,
                6.87902211212e-05
            ],
            "dmean2": [
                0.663589417934,
                4.89640712738,
                8.29382514954,
                6.94781351089,
                9.2062253952,
                8.73449516296,
                5.94571208954,
                7.51052570343,
                35.8499031067,
                28.0856571198,
                20.699180603,
                29.7878093719,
                19.5443210602,
                37.157043457,
                45.4212684631,
                35.7447776794,
                38.9151115417,
                28.5524253845,
                37.2850723267,
                29.919878006,
                28.2829227448,
                21.7434692383,
                14.7937269211,
                15.8025922775,
                13.9427156448,
                15.974694252,
                15.5856533051,
                27.4664325714,
                29.1174278259,
                22.6204395294,
                19.9277515411,
                15.6427812576,
                12.6099386215,
                5.60995101929,
                2.52135038376,
                0.998426675797,
                0.259314596653,
                0.0513909049332,
                0.00355499889702,
                0.000108059175545
            ],
            "dvar": [
                1.83915805817,
                72.2820510864,
                232.471115112,
                193.877883911,
                303.005493164,
                239.596511841,
                117.242393494,
                126.147033691,
                1828.58081055,
                1446.97277832,
                1001.00268555,
                2698.95727539,
                1092.98596191,
                3658.23632813,
                5374.80859375,
                3439.23852539,
                3593.36938477,
                1659.68103027,
                11558.1777344,
                3595.39868164,
                1214.56860352,
                844.176696777,
                595.95690918,
                767.645629883,
                457.503723145,
                634.503723145,
                490.731262207,
                1429.69372559,
                1432.51049805,
                984.663574219,
                957.597351074,
                618.072265625,
                415.701904297,
                81.4678649902,
                19.834192276,
                2.99042916298,
                0.194920182228,
                0.00995953287929,
                6.1985294451e-05,
                3.11153272037e-08
            ],
            "dvar2": [
                4.05365514755,
                200.695129395,
                632.902099609,
                561.65045166,
                880.202148438,
                685.873596191,
                329.342498779,
                331.391479492,
                3711.88330078,
                2991.2824707,
                2102.32983398,
                5460.03759766,
                2205.29443359,
                9190.09863281,
                11900.5595703,
                7357.98974609,
                7412.21533203,
                3450.2722168,
                31947.6972656,
                9087.57226563,
                2510.80883789,
                1803.40527344,
                1200.99316406,
                1403.55310059,
                964.54473877,
                1331.3815918,
                1088.17456055,
                3640.34863281,
                3595.68408203,
                2225.37084961,
                2361.11450195,
                1529.77966309,
                1062.3026123,
                188.649093628,
                41.7522354126,
                6.4579911232,
                0.455278933048,
                0.0252891257405,
                0.000153377273818,
                7.14133889801e-08
            ],
            "max": [
                17.3263778687,
                98.7173843384,
                182.709106445,
                198.021148682,
                311.073913574,
                443.93572998,
                214.390579224,
                265.889953613,
                510.679962158,
                561.247070313,
                761.279785156,
                863.857299805,
                891.46307373,
                1018.40759277,
                1362.2434082,
                1149.95654297,
                988.135864258,
                894.350830078,
                3181.18041992,
                1343.13293457,
                522.563049316,
                678.852783203,
                543.564575195,
                271.971893311,
                471.590179443,
                402.947631836,
                349.059631348,
                297.669189453,
                374.766418457,
                487.388641357,
                322.043426514,
                313.164093018,
                226.854385376,
                118.811798096,
                75.1039505005,
                26.6275596619,
                8.15901088715,
                1.53598344326,
                0.134307816625,
                0.00374510581605
            ],
            "mean": [
                1.26283740997,
                4.85612773895,
                8.64969444275,
                5.44845628738,
                6.21348381042,
                6.70145130157,
                4.6443862915,
                6.46873950958,
                41.2002334595,
                30.2722473145,
                22.3785572052,
                31.4046764374,
                23.4170703888,
                32.3883171082,
                37.1595458984,
                30.7195720673,
                34.162322998,
                24.4168491364,
                24.7054576874,
                20.8389320374,
                21.0323066711,
                18.6854610443,
                12.126704216,
                13.0076055527,
                11.5227575302,
                13.4205331802,
                11.753780365,
                15.1308631897,
                17.6335296631,
                16.5390911102,
                13.2669906616,
                10.4030160904,
                8.017578125,
                3.89220261574,
                1.9422069788,
                0.75280636549,
                0.171169564128,
                0.0291688665748,
                0.00197347113863,
                0.000115997594548
            ],
            "median": [
                0.031140089035,
                1.04251265526,
                2.8446996212,
                1.65273404121,
                2.35005402565,
                2.80394506454,
                1.07673740387,
                2.21221065521,
                10.4929914474,
                9.96732521057,
                5.86246728897,
                7.49132680893,
                5.55448246002,
                7.69639968872,
                7.22930002213,
                5.41664648056,
                5.31989479065,
                4.07539653778,
                3.64346337318,
                3.12812590599,
                4.58550739288,
                5.27043819427,
                3.02426409721,
                2.75793814659,
                2.78829288483,
                2.33059430122,
                2.01127767563,
                2.07089304924,
                2.62996959686,
                3.01772499084,
                2.16333675385,
                1.69121134281,
                1.35858893394,
                0.490711987019,
                0.176801979542,
                0.0672329887748,
                0.0157236419618,
                0.00214799260721,
                9.10162707441e-05,
                4.08047635574e-05
            ],
            "min": [
                2.38379301004e-22,
                3.98237583692e-21,
                5.49454721888e-21,
                1.19714530023e-20,
                6.85802779665e-20,
                5.31017641516e-20,
                1.18259453087e-19,
                4.01348524349e-19,
                1.25191976252e-18,
                2.81142611884e-19,
                3.39766220214e-19,
                6.81051919515e-19,
                1.26907745298e-18,
                1.24040809673e-18,
                3.70672122912e-18,
                1.15291159919e-17,
                6.17456371507e-18,
                1.60980183269e-17,
                1.21055657531e-17,
                1.0605367006e-17,
                9.30099830574e-18,
                1.26732366465e-17,
                2.14877766514e-17,
                1.51259437952e-17,
                1.06140606742e-17,
                1.41971407356e-17,
                2.01201790923e-17,
                2.41153522631e-17,
                1.70848133648e-17,
                1.26477388041e-17,
                1.72084239268e-17,
                1.41886770236e-17,
                1.29145285399e-17,
                1.21322555628e-17,
                1.06032461149e-17,
                6.28681253778e-18,
                2.33650709098e-18,
                1.53545587321e-18,
                3.20520596643e-19,
                3.09754259359e-20
            ],
            "var": [
                9.17061424255,
                101.61240387,
                289.685058594,
                150.695755005,
                201.548965454,
                180.907180786,
                118.099990845,
                189.379577637,
                4590.85644531,
                3344.51879883,
                2267.89233398,
                5750.84130859,
                2868.20727539,
                5250.1171875,
                7973.10791016,
                5151.0390625,
                6524.39355469,
                2802.60327148,
                7962.77587891,
                3210.87402344,
                1727.15783691,
                1325.70947266,
                852.40625,
                1062.44384766,
                642.942749023,
                953.965270996,
                651.724487305,
                1241.75097656,
                1370.84863281,
                1212.0480957,
                979.057983398,
                632.170410156,
                377.66305542,
                97.120475769,
                33.6348991394,
                5.08039426804,
                0.249433904886,
                0.00999872758985,
                7.62374547776e-05,
                5.33127000324e-08
            ]
        },
        "erbbands_crest": {
            "dmean": 3.49097323418,
            "dmean2": 5.4660782814,
            "dvar": 10.8034887314,
            "dvar2": 23.9808635712,
            "max": 30.6779403687,
            "mean": 10.7075767517,
            "median": 9.79022216797,
            "min": 2.03272676468,
            "var": 27.9388637543
        },
        "erbbands_flatness_db": {
            "dmean": 0.0230603963137,
            "dmean2": 0.0337364599109,
            "dvar": 0.00057901267428,
            "dvar2": 0.00112497899681,
            "max": 0.362393826246,
            "mean": 0.150511264801,
            "median": 0.145637080073,
            "min": 0.0272647384554,
            "var": 0.00217984290794
        },
        "erbbands_kurtosis": {
            "dmean": 2.05069494247,
            "dmean2": 3.20328593254,
            "dvar": 13.4840116501,
            "dvar2": 29.9328365326,
            "max": 116.466896057,
            "mean": 1.92981374264,
            "median": 0.306754440069,
            "min": -1.88743579388,
            "var": 22.7638759613
        },
        "erbbands_skewness": {
            "dmean": 0.632310807705,
            "dmean2": 0.943507432938,
            "dvar": 0.49344882369,
            "dvar2": 1.01154518127,
            "max": 10.0511732101,
            "mean": 0.480264902115,
            "median": 0.464468419552,
            "min": -4.81295633316,
            "var": 1.39477574825
        },
        "erbbands_spread": {
            "dmean": 15.1230144501,
            "dmean2": 23.3582382202,
            "dvar": 314.300537109,
            "dvar2": 708.098388672,
            "max": 186.448074341,
            "mean": 47.3081245422,
            "median": 41.7376708984,
            "min": 1.78799033165,
            "var": 779.273925781
        },
        "gfcc": {
            "cov": [
                [
                    14763.2382813,
                    -557.800964355,
                    -1261.13024902,
                    -318.524719238,
                    -689.363464355,
                    385.391296387,
                    -508.085510254,
                    260.076721191,
                    105.374847412,
                    29.9317989349,
                    -27.7795410156,
                    129.291381836,
                    -312.337982178
                ],
                [
                    -557.800964355,
                    1753.88879395,
                    21.0108852386,
                    -149.410766602,
                    65.2735061646,
                    -173.451843262,
                    232.400665283,
                    -21.5706748962,
                    54.8197441101,
                    -53.2288246155,
                    137.696075439,
                    -65.0495758057,
                    86.1697463989
                ],
                [
                    -1261.13024902,
                    21.0108852386,
                    1110.6862793,
                    357.58215332,
                    135.926239014,
                    -11.9185791016,
                    124.099159241,
                    43.6208572388,
                    -21.7331352234,
                    43.2013969421,
                    52.5697288513,
                    10.2018222809,
                    115.36895752
                ],
                [
                    -318.524719238,
                    -149.410766602,
                    357.58215332,
                    725.994750977,
                    262.823883057,
                    -31.6442718506,
                    38.6997680664,
                    -42.9059143066,
                    102.244529724,
                    93.2175292969,
                    15.8145484924,
                    -24.4841842651,
                    104.173866272
                ],
                [
                    -689.363464355,
                    65.2735061646,
                    135.926239014,
                    262.823883057,
                    512.999328613,
                    90.8227920532,
                    103.633766174,
                    8.61576557159,
                    100.720413208,
                    93.438621521,
                    9.99029254913,
                    -50.2639160156,
                    72.86378479
                ],
                [
                    385.391296387,
                    -173.451843262,
                    -11.9185791016,
                    -31.6442718506,
                    90.8227920532,
                    295.702056885,
                    135.717224121,
                    35.8452758789,
                    28.6927471161,
                    40.0663223267,
                    -6.52677679062,
                    -3.11223721504,
                    -23.6103992462
                ],
                [
                    -508.085510254,
                    232.400665283,
                    124.099159241,
                    38.6997680664,
                    103.633766174,
                    135.717224121,
                    448.552612305,
                    47.9284248352,
                    15.195142746,
                    15.4448385239,
                    16.9724617004,
                    -0.515452742577,
                    44.5354499817
                ],
                [
                    260.076721191,
                    -21.5706748962,
                    43.6208572388,
                    -42.9059143066,
                    8.61576557159,
                    35.8452758789,
                    47.9284248352,
                    204.308151245,
                    64.4497680664,
                    -13.4259872437,
                    42.9034881592,
                    24.9918518066,
                    10.0810632706
                ],
                [
                    105.374847412,
                    54.8197441101,
                    -21.7331352234,
                    102.244529724,
                    100.720413208,
                    28.6927471161,
                    15.195142746,
                    64.4497680664,
                    262.154663086,
                    81.8755569458,
                    28.7327861786,
                    -1.99755716324,
                    32.5212173462
                ],
                [
                    29.9317989349,
                    -53.2288246155,
                    43.2013969421,
                    93.2175292969,
                    93.438621521,
                    40.0663223267,
                    15.4448385239,
                    -13.4259872437,
                    81.8755569458,
                    173.297744751,
                    30.310798645,
                    -33.9504508972,
                    -2.07393717766
                ],
                [
                    -27.7795410156,
                    137.696075439,
                    52.5697288513,
                    15.8145484924,
                    9.99029254913,
                    -6.52677679062,
                    16.9724617004,
                    42.9034881592,
                    28.7327861786,
                    30.310798645,
                    162.842773438,
                    28.8851013184,
                    4.33232116699
                ],
                [
                    129.291381836,
                    -65.0495758057,
                    10.2018222809,
                    -24.4841842651,
                    -50.2639160156,
                    -3.11223721504,
                    -0.515452742577,
                    24.9918518066,
                    -1.99755716324,
                    -33.9504508972,
                    28.8851013184,
                    114.407112122,
                    18.2784309387
                ],
                [
                    -312.337982178,
                    86.1697463989,
                    115.36895752,
                    104.173866272,
                    72.86378479,
                    -23.6103992462,
                    44.5354499817,
                    10.0810632706,
                    32.5212173462,
                    -2.07393717766,
                    4.33232116699,
                    18.2784309387,
                    119.178970337
                ]
            ],
            "icov": [
                [
                    0.000102054415038,
                    -6.85434570187e-05,
                    0.000117740863061,
                    -0.000144192614243,
                    0.000182997900993,
                    -0.000273000594461,
                    0.000183083800948,
                    -0.000233553131693,
                    6.11327996012e-05,
                    -0.000138257892104,
                    0.000111438399472,
                    -0.000157387636136,
                    0.000115453563922
                ],
                [
                    -6.85434570187e-05,
                    0.00107175065205,
                    -0.000115151364298,
                    0.000662860285956,
                    -0.000355852331268,
                    0.00107916095294,
                    -0.000878887367435,
                    0.000793635612354,
                    -0.000619926198851,
                    0.000829573255032,
                    -0.00123568926938,
                    0.00119126937352,
                    -0.000684011611156
                ],
                [
                    0.000117740863061,
                    -0.000115151364298,
                    0.00137745728716,
                    -0.000768264348153,
                    0.00027648647665,
                    -0.000317262980388,
                    5.18552988069e-05,
                    -0.000787899189163,
                    0.000757689995226,
                    -0.000527205818798,
                    -5.84000154049e-05,
                    -0.000227843454923,
                    -0.000633543822914
                ],
                [
                    -0.000144192614243,
                    0.000662860285956,
                    -0.000768264348153,
                    0.00277666584589,
                    -0.00117700907867,
                    0.00127721414901,
                    -0.000617467099801,
                    0.00143716274761,
                    -0.00105087354314,
                    0.000213376843021,
                    -0.000768071447965,
                    0.00084527983563,
                    -0.00126997404732
                ],
                [
                    0.000182997900993,
                    -0.000355852331268,
                    0.00027648647665,
                    -0.00117700907867,
                    0.00342208542861,
                    -0.00160366145428,
                    0.000315579556627,
                    -0.000654121919069,
                    -9.15808268473e-05,
                    -0.001019837684,
                    0.000332431169227,
                    0.000704012985807,
                    -0.00108725635801
                ],
                [
                    -0.000273000594461,
                    0.00107916095294,
                    -0.000317262980388,
                    0.00127721414901,
                    -0.00160366145428,
                    0.00620395503938,
                    -0.00251135835424,
                    0.000613386160694,
                    -0.000778371992055,
                    4.54090804851e-05,
                    -0.000522634363733,
                    0.000523828726728,
                    0.000942912243772
                ],
                [
                    0.000183083800948,
                    -0.000878887367435,
                    5.18552988069e-05,
                    -0.000617467099801,
                    0.000315579556627,
                    -0.00251135835424,
                    0.00377041008323,
                    -0.00125600246247,
                    0.000782088842243,
                    -0.000668890948873,
                    0.000774045591243,
                    -0.000778545974754,
                    -0.000522148562595
                ],
                [
                    -0.000233553131693,
                    0.000793635612354,
                    -0.000787899189163,
                    0.00143716274761,
                    -0.000654121919069,
                    0.000613386160694,
                    -0.00125600246247,
                    0.00742916064337,
                    -0.00267974450253,
                    0.00239642639644,
                    -0.00241500651464,
                    0.000554348400328,
                    -0.000541330024134
                ],
                [
                    6.11327996012e-05,
                    -0.000619926198851,
                    0.000757689995226,
                    -0.00105087354314,
                    -9.15808268473e-05,
                    -0.000778371992055,
                    0.000782088842243,
                    -0.00267974450253,
                    0.00613098172471,
                    -0.00310198473744,
                    0.000693371228408,
                    -0.00102074118331,
                    -0.000965898565482
                ],
                [
                    -0.000138257892104,
                    0.000829573255032,
                    -0.000527205818798,
                    0.000213376843021,
                    -0.001019837684,
                    4.54090804851e-05,
                    -0.000668890948873,
                    0.00239642639644,
                    -0.00310198473744,
                    0.00943018961698,
                    -0.00284918444231,
                    0.00310227600858,
                    0.000679789111018
                ],
                [
                    0.000111438399472,
                    -0.00123568926938,
                    -5.84000154049e-05,
                    -0.000768071447965,
                    0.000332431169227,
                    -0.000522634363733,
                    0.000774045591243,
                    -0.00241500651464,
                    0.000693371228408,
                    -0.00284918444231,
                    0.00882370676845,
                    -0.00362861528993,
                    0.00151861959603
                ],
                [
                    -0.000157387636136,
                    0.00119126937352,
                    -0.000227843454923,
                    0.00084527983563,
                    0.000704012985807,
                    0.000523828726728,
                    -0.000778545974754,
                    0.000554348400328,
                    -0.00102074118331,
                    0.00310227600858,
                    -0.00362861528993,
                    0.0123427491635,
                    -0.00330327055417
                ],
                [
                    0.000115453563922,
                    -0.000684011611156,
                    -0.000633543822914,
                    -0.00126997404732,
                    -0.00108725635801,
                    0.000942912243772,
                    -0.000522148562595,
                    -0.000541330024134,
                    -0.000965898565482,
                    0.000679789111018,
                    0.00151861959603,
                    -0.00330327055417,
                    0.0127305006608
                ]
            ],
            "mean": [
                -13.8116960526,
                73.484588623,
                -90.6306304932,
                38.8820762634,
                -61.2562713623,
                29.3389205933,
                -30.9701156616,
                14.3732748032,
                -17.5065021515,
                4.38865756989,
                -15.4508991241,
                0.0995209366083,
                -15.1239395142
            ]
        },
        "hfc": {
            "dmean": 19.1082820892,
            "dmean2": 29.2843494415,
            "dvar": 1405.12524414,
            "dvar2": 2901.2878418,
            "max": 435.4921875,
            "mean": 32.4955940247,
            "median": 19.5015163422,
            "min": 1.0880737748e-16,
            "var": 1964.18469238
        },
        "melbands": {
            "dmean": [
                0.00375019363128,
                0.00304825184867,
                0.000741655356251,
                0.000409882311942,
                0.000132284345455,
                0.000110588545795,
                0.000370316993212,
                0.000189084094018,
                0.000127885796246,
                0.000120488584798,
                6.95443886798e-05,
                0.000101872894447,
                9.6409174148e-05,
                9.23813277041e-05,
                6.0370315623e-05,
                4.9448099162e-05,
                3.57564313163e-05,
                3.74935807486e-05,
                3.14909084409e-05,
                2.49652111961e-05,
                2.1787276637e-05,
                1.74417982635e-05,
                9.45915962802e-06,
                9.17517263588e-06,
                8.74345096236e-06,
                7.15867008694e-06,
                6.67572703605e-06,
