{
    "lowlevel": {
        "average_loudness": 0.862413883209,
        "barkbands": {
            "dmean": [
                0.000779334746767,
                0.00940161664039,
                0.00169697450474,
                0.00118352822028,
                0.00205434509553,
                0.000926256994717,
                0.00144936237484,
                0.000799294677563,
                0.00143692479469,
                0.000636538141407,
                0.000647277978715,
                0.000561534950975,
                0.00041940601659,
                0.000449430634035,
                0.000291004835162,
                0.000192073770449,
                0.000144503981574,
                0.000175813649548,
                8.92510797712e-05,
                0.000113079142466,
                8.00921989139e-05,
                0.000172280808329,
                0.000288388226181,
                0.000365905580111,
                0.000333210889949,
                0.000125540376757,
                3.82748403354e-05
            ],
            "dmean2": [
                0.000988350715488,
                0.0128071121871,
                0.00304592750035,
                0.00200599594973,
                0.0034318882972,
                0.0015141449403,
                0.00220707594417,
                0.00122407695744,
                0.00208720727824,
                0.000909762748051,
                0.00099045119714,
                0.000865081849042,
                0.000621660321485,
                0.000657531141769,
                0.000443135795649,
                0.000286359718302,
                0.00022141757654,
                0.000266570685199,
                0.000133927504066,
                0.00017663120525,
                0.000119130818348,
                0.000256549217738,
                0.000436230911873,
                0.000530103279743,
                0.000507381686475,
                0.000191754006664,
                5.7807603298e-05
            ],
            "dvar": [
                2.85381133835e-06,
                0.0004652699281,
                4.95599852002e-05,
                2.02249884751e-05,
                5.1757444453e-05,
                4.82261066281e-06,
                7.96875247033e-06,
                3.60300691682e-06,
                9.18649584492e-06,
                2.82501900983e-06,
                2.37875883613e-06,
                1.82586495612e-06,
                9.25648407701e-07,
                9.86780491985e-07,
                3.82957267675e-07,
                2.39402567104e-07,
                1.00660273006e-07,
                1.70098189756e-07,
                4.91760516752e-08,
                4.80176822748e-08,
                4.44172272296e-08,
                1.91734258692e-07,
                4.60206138087e-07,
                9.87873249869e-07,
                7.68657287153e-07,
                8.47230836598e-08,
                1.38592888277e-08
            ],
            "dvar2": [
                5.64556830795e-06,
                0.00104246044066,
                0.000139975032653,
                4.94611304021e-05,
                0.000139181691338,
                1.24157031678e-05,
                1.75989262061e-05,
                7.80475875217e-06,
                1.98686884687e-05,
                5.54066627956e-06,
                5.49437436348e-06,
                4.11927430832e-06,
                2.09159065889e-06,
                2.18579475586e-06,
                7.94233187662e-07,
                4.91676132697e-07,
                2.21085414864e-07,
                3.81349167355e-07,
                1.02559425841e-07,
                1.09946022064e-07,
                8.47761469913e-08,
                3.9271856167e-07,
                1.01288514998e-06,
                1.89788966054e-06,
                1.54432598265e-06,
                1.93523518988e-07,
                3.20860458203e-08
            ],
            "max": [
                0.0239319372922,
                0.273013681173,
                0.0834826827049,
                0.052552305162,
                0.0806785300374,
                0.0370633527637,
                0.0524541810155,
                0.0600106269121,
                0.057994633913,
                0.0411737076938,
                0.0306964721531,
                0.0226082745939,
                0.0180506035686,
                0.0212157145143,
                0.0167697630823,
                0.00831825658679,
                0.00818470679224,
                0.00612759776413,
                0.00483871018514,
                0.00507135922089,
                0.00570389209315,
                0.0102051263675,
                0.0190796665847,
                0.0233662799001,
                0.0173244606704,
                0.00617963960394,
                0.0015213341685
            ],
            "mean": [
                0.00407467503101,
                0.0456190370023,
                0.00158355315216,
                0.00133732217364,
                0.00228960439563,
                0.00119608920068,
                0.00226718327031,
                0.00117862026673,
                0.00251478143036,
                0.00104775663931,
                0.000983595731668,
                0.000967771804426,
                0.000621788960416,
                0.000821620866191,
                0.000498101348057,
                0.000301965628751,
                0.000243795060669,
                0.000310289004119,
                0.000154350622324,
                0.000218532222789,
                0.000147240818478,
                0.000284471170744,
                0.000545826216694,
                0.000619953323621,
                0.000503153598402,
                0.00018395385996,
                5.50246040802e-05
            ],
            "median": [
                0.000749591563363,
                0.0363942459226,
                0.00054616102716,
                0.000264136528131,
                0.000770121288951,
                0.000426632526796,
                0.000667651824187,
                0.00020472498727,
                0.000688711588737,
                0.000202863884624,
                0.000303341890685,
                0.000217750202864,
                0.000146904683788,
                0.000165501769516,
                0.000144353121868,
                7.35150824767e-05,
                9.63150159805e-05,
                0.000109476088255,
                5.82407265028e-05,
                9.37685399549e-05,
                6.64593826514e-05,
                0.000102586629509,
                0.000143507772009,
                0.000177984926268,
                0.000154409586685,
                5.4237749282e-05,
                3.58821080226e-06
            ],
            "min": [
                1.00491507658e-23,
                8.38750993222e-23,
                1.19344352437e-23,
                1.84719559126e-23,
                1.70669425756e-23,
                4.49505281579e-23,
                4.32543920147e-23,
                2.32542878887e-23,
                1.15542449926e-22,
                9.5635002246e-23,
                5.64811533928e-23,
                1.02425163508e-22,
                5.5034698037e-23,
                8.27317811242e-23,
                7.5431340452e-23,
                3.1987443853e-22,
                2.68032847489e-22,
                2.28898909485e-22,
                2.63321568214e-22,
                2.5459141497e-22,
                6.51619353039e-22,
                5.28799137459e-22,
                4.98916581498e-22,
                7.02928279953e-22,
                1.25814686138e-21,
                1.76618186715e-21,
                2.36371343291e-21
            ],
            "var": [
                3.83508777304e-05,
                0.0021195707377,
                3.08640337607e-05,
                2.12355116673e-05,
                3.91862085962e-05,
                5.59764339414e-06,
                1.70309031091e-05,
                8.11430436443e-06,
                1.97714634851e-05,
                7.87463523011e-06,
                3.83753376809e-06,
                3.81981453756e-06,
                1.71221483924e-06,
                2.82368046101e-06,
                1.04900061615e-06,
                4.8723626378e-07,
                2.07298626265e-07,
                3.46819433616e-07,
                9.94277300492e-08,
                1.14213122515e-07,
                8.2614008079e-08,
                3.65213992382e-07,
                9.67134383245e-07,
                1.94471545001e-06,
                1.39030964874e-06,
                1.31424030769e-07,
                1.85647053286e-08
            ]
        },
        "barkbands_crest": {
            "dmean": 2.18580579758,
            "dmean2": 3.36219000816,
            "dvar": 6.97640562057,
            "dvar2": 16.9955883026,
            "max": 26.7207374573,
            "mean": 15.50228405,
            "median": 14.9978666306,
            "min": 2.82249927521,
            "var": 41.1406936646
        },
        "barkbands_flatness_db": {
            "dmean": 0.02336374484,
            "dmean2": 0.0322353392839,
            "dvar": 0.000671987072565,
            "dvar2": 0.00126206199639,
            "max": 0.761372685432,
            "mean": 0.17347201705,
            "median": 0.157690912485,
            "min": 0.0251861494035,
            "var": 0.0074233203195
        },
        "barkbands_kurtosis": {
            "dmean": 13.0847520828,
            "dmean2": 19.4057369232,
            "dvar": 3649.86376953,
            "dvar2": 7081.43310547,
            "max": 2335.49023438,
            "mean": 23.357000351,
            "median": 5.91773939133,
            "min": -1.96531534195,
            "var": 9667.71777344
        },
        "barkbands_skewness": {
            "dmean": 0.917638659477,
            "dmean2": 1.29717028141,
            "dvar": 2.19991064072,
            "dvar2": 4.27442646027,
            "max": 40.2874603271,
            "mean": 2.96597504616,
            "median": 2.26825237274,
            "min": -9.35756969452,
            "var": 8.9838514328
        },
        "barkbands_spread": {
            "dmean": 7.3675775528,
            "dmean2": 10.7235126495,
            "dvar": 113.203643799,
            "dvar2": 220.674163818,
            "max": 124.930610657,
            "mean": 22.449596405,
            "median": 17.2792339325,
            "min": 0.0340471640229,
            "var": 349.059265137
        },
        "dissonance": {
            "dmean": 0.0260412618518,
            "dmean2": 0.0429379343987,
            "dvar": 0.000749994243961,
            "dvar2": 0.00199090735987,
            "max": 0.500000059605,
            "mean": 0.446327477694,
            "median": 0.458287358284,
            "min": 0.132592111826,
            "var": 0.0019647621084
        },
        "dynamic_complexity": 3.40499353409,
        "erbbands": {
            "dmean": [
                0.3786059618,
                1.85631132126,
                2.13583707809,
                3.04972600937,
                5.51589393616,
                8.10848808289,
                4.52003240585,
                9.0643453598,
                18.53556633,
                17.5655517578,
                25.4183769226,
                30.9228076935,
                19.7674236298,
                23.169670105,
                19.413143158,
                20.7987117767,
                16.0370292664,
                19.9652328491,
                16.2976398468,
                12.5972709656,
                9.0708990097,
                8.69757270813,
                8.92402744293,
                5.80875921249,
                5.62721347809,
                4.39588308334,
                3.11985993385,
                3.66347169876,
                5.75972890854,
                7.11932659149,
                8.75435733795,
                7.4165186882,
                6.57940101624,
                4.3443903923,
                2.13154578209,
                0.773052752018,
                0.198292821646,
                0.0451687499881,
                0.0049159033224,
                0.000350486749085
            ],
            "dmean2": [
                0.502025961876,
                2.63641214371,
                3.65121722221,
                5.29463195801,
                8.72290039063,
                14.1086702347,
                7.51786184311,
                14.8508472443,
                28.7008247375,
                26.7565498352,
                37.5636177063,
                45.0127563477,
                28.3758049011,
                35.1567077637,
                28.8678627014,
                30.9617004395,
                23.9058322906,
                29.834608078,
                23.6114616394,
                18.5013713837,
                13.2140522003,
                13.1669301987,
                13.4545898438,
                8.4719581604,
                8.64907550812,
                6.6311340332,
                4.68870306015,
                5.42001771927,
                8.59755325317,
                10.6038618088,
                13.2838907242,
                10.8627471924,
                9.66086769104,
                6.5551199913,
                3.27350521088,
                1.18073344231,
                0.304286211729,
                0.0683539286256,
                0.00742777017877,
                0.000532891135663
            ],
            "dvar": [
                0.713093876839,
                22.3144321442,
                67.8257293701,
                156.475006104,
                313.818145752,
                907.008178711,
                193.575668335,
                457.611816406,
                1360.35644531,
                1523.4720459,
                2808.40625,
                5373.06884766,
                2000.99755859,
                2329.4284668,
                2937.35546875,
                2316.94311523,
                1409.07641602,
                2129.08813477,
                1153.64428711,
                658.716674805,
                475.802368164,
                363.926544189,
                449.148956299,
                200.052536011,
                137.1847229,
                93.7693099976,
                48.3118972778,
                113.092010498,
                228.019378662,
                292.26574707,
                434.247253418,
                409.086120605,
                330.963989258,
                139.216140747,
                33.5175323486,
                3.68421936035,
                0.208460450172,
                0.0180693063885,
                0.000193229876459,
                1.05732920019e-06
            ],
            "dvar2": [
                1.5045068264,
                54.4436569214,
                185.010070801,
                427.467895508,
                723.677307129,
                2541.29003906,
                511.191711426,
                1166.46862793,
                3095.79736328,
                3442.63012695,
                6004.40234375,
                11724.9580078,
                4081.4296875,
                5288.57226563,
                5928.20800781,
                4960.44189453,
                3219.19165039,
                5088.49462891,
                2399.19091797,
                1294.2076416,
                964.773071289,
                793.829223633,
                1002.69830322,
                406.377197266,
                313.563659668,
                205.890609741,
                99.8072967529,
                221.730194092,
                469.808013916,
                613.023071289,
                966.523132324,
                857.895629883,
                632.424499512,
                272.377502441,
                73.7642364502,
                8.30476093292,
                0.483812063932,
                0.0424380972981,
                0.000443022116087,
                2.43578620029e-06
            ],
            "max": [
                11.8918180466,
                62.2981414795,
                105.508918762,
                142.324111938,
                218.044525146,
                323.311004639,
                196.751968384,
                429.13861084,
                558.759277344,
                710.409423828,
                1224.88537598,
                1254.19824219,
                977.248352051,
                852.777648926,
                2001.07617188,
                683.270812988,
                902.309631348,
                920.910461426,
                677.316894531,
                552.24432373,
                440.652435303,
                407.389984131,
                318.85055542,
                304.213104248,
                267.44152832,
                251.498809814,
                149.004150391,
                373.764892578,
                360.719512939,
                386.303222656,
                533.607666016,
                670.588562012,
                435.386291504,
                254.367263794,
                153.256072998,
                43.7802848816,
                7.71640348434,
                1.79869663715,
                0.235228985548,
                0.0133423414081
            ],
            "mean": [
                1.9553334713,
                7.70734596252,
                3.20094156265,
                3.29465079308,
                6.7938451767,
                8.4564409256,
                5.53957986832,
                11.9478445053,
                27.9716873169,
                26.0571708679,
                43.5071716309,
                52.491733551,
                34.8600273132,
                38.8201789856,
                32.3304252625,
                37.3381996155,
                28.6739749908,
                36.3522796631,
                33.3666000366,
                22.9381256104,
                15.7181749344,
                15.1233644485,
                15.93201828,
                11.4065608978,
                10.2646808624,
                8.76609516144,
                6.10538673401,
                6.1698641777,
                9.53781223297,
                12.9129657745,
                16.1385726929,
                12.5412368774,
                10.6859130859,
                6.65290164948,
                3.01134586334,
                1.0848351717,
                0.298069417477,
                0.062811434269,
                0.00767974369228,
                0.000595686782617
            ],
            "median": [
                2.04302310944,
                2.65028452873,
                1.29199004173,
                1.01040554047,
                2.07545995712,
                2.34113073349,
                1.8526109457,
                4.39663887024,
                9.14781570435,
                8.20407772064,
                10.8738527298,
                13.3622694016,
                9.03958320618,
                12.3609142303,
                8.74359893799,
                8.95032691956,
                8.11876583099,
                9.47836589813,
                8.23243141174,
                7.00419187546,
                5.12233304977,
                6.13531541824,
                5.87129640579,
                4.25670385361,
                4.36565876007,
                3.85077762604,
                2.8297867775,
                2.67682886124,
                3.59987783432,
                3.62038254738,
                4.23495531082,
                3.28597784042,
                3.03621172905,
                1.80962526798,
                0.992837131023,
                0.348075091839,
                0.0736696645617,
                0.00924966577441,
                0.000651485926937,
                0.000158067516168
            ],
            "min": [
                2.16517978653e-21,
                1.83893882398e-20,
                2.12228081864e-20,
                5.16650774434e-20,
                3.11901503907e-20,
                9.32233455076e-20,
                1.77320885531e-19,
                4.33214468376e-19,
                4.70776869239e-19,
                6.28019043999e-19,
                6.70027411407e-19,
                2.33363884221e-18,
                4.30613848719e-18,
                1.81807495079e-18,
                3.39640669707e-18,
                3.51381650642e-18,
                2.62490526591e-18,
                3.06497837988e-18,
                5.26388418276e-18,
                7.99656922133e-18,
                1.85733711992e-17,
                1.47401252508e-17,
                1.37688903074e-17,
                1.5143511457e-17,
                1.09487131346e-17,
                1.19784851684e-17,
                2.45552717283e-17,
                2.2463780291e-17,
                2.00768282108e-17,
                1.91509930753e-17,
                1.35530143654e-17,
                1.45940616982e-17,
                1.17003721573e-17,
                1.15359377505e-17,
                9.00235384456e-18,
                4.937728108e-18,
                3.65428294137e-18,
                1.18838805218e-18,
                3.85340330599e-19,
                3.66361007486e-20
            ],
            "var": [
                3.26506400108,
                88.3666381836,
                49.6680984497,
                123.591796875,
                348.105621338,
                612.171936035,
                175.728103638,
                569.194519043,
                2477.47241211,
                2696.07958984,
                7543.80078125,
                10616.6621094,
                5682.68847656,
                4570.546875,
                5587.19042969,
                5252.99169922,
                2916.53979492,
                5163.65576172,
                3818.8605957,
                1725.05004883,
                1008.54510498,
                752.618286133,
                887.613098145,
                504.889801025,
                276.788970947,
                218.024520874,
                104.238365173,
                189.916320801,
                417.554077148,
                607.164611816,
                881.445556641,
                720.969421387,
                645.97052002,
                269.026245117,
                49.9187088013,
                5.45074129105,
                0.34445130825,
                0.0236364100128,
                0.000295272067888,
                1.48825006363e-06
            ]
        },
        "erbbands_crest": {
            "dmean": 2.76177930832,
            "dmean2": 4.33366060257,
            "dvar": 6.87532758713,
            "dvar2": 16.3328437805,
            "max": 29.4751911163,
            "mean": 9.72595214844,
            "median": 8.76305961609,
            "min": 2.08607006073,
            "var": 19.8439903259
        },
        "erbbands_flatness_db": {
            "dmean": 0.0173068139702,
            "dmean2": 0.0251133646816,
            "dvar": 0.000335857504979,
            "dvar2": 0.000689051288646,
            "max": 0.498032659292,
            "mean": 0.135842055082,
            "median": 0.124017201364,
            "min": 0.0331299677491,
            "var": 0.00328021100722
        },
        "erbbands_kurtosis": {
            "dmean": 1.70469200611,
            "dmean2": 2.58986949921,
            "dvar": 22.1843528748,
            "dvar2": 52.0510253906,
            "max": 193.12272644,
            "mean": 2.1406018734,
            "median": 0.513232171535,
            "min": -1.89312899113,
            "var": 40.956829071
        },
        "erbbands_skewness": {
            "dmean": 0.496562361717,
            "dmean2": 0.712475955486,
            "dvar": 0.362061589956,
            "dvar2": 0.674259662628,
            "max": 10.2074308395,
            "mean": 0.492718398571,
            "median": 0.463385850191,
            "min": -6.63595199585,
            "var": 1.41841614246
        },
        "erbbands_spread": {
            "dmean": 11.9384698868,
            "dmean2": 17.7793178558,
            "dvar": 241.00831604,
            "dvar2": 551.583984375,
            "max": 219.711730957,
            "mean": 47.180305481,
            "median": 41.4496269226,
            "min": 1.89342808723,
            "var": 826.359802246
        },
        "gfcc": {
            "cov": [
                [
                    12240.8837891,
                    -1372.82983398,
                    -478.584747314,
                    525.270385742,
                    68.5021438599,
                    724.065551758,
                    379.970947266,
                    552.39666748,
                    392.55770874,
                    273.851837158,
                    171.738800049,
                    329.936981201,
                    -159.320724487
                ],
                [
                    -1372.82983398,
                    1968.90856934,
                    -8.47397422791,
                    -281.217987061,
                    255.137893677,
                    -110.261917114,
                    136.308288574,
                    -103.806442261,
                    -21.2940120697,
                    -53.3014602661,
                    70.3116531372,
                    -112.088859558,
                    104.635192871
                ],
                [
                    -478.584747314,
                    -8.47397422791,
                    1139.40002441,
                    529.432373047,
                    341.964263916,
                    115.922874451,
                    149.19090271,
                    127.558685303,
                    131.52204895,
                    13.1880149841,
                    153.504119873,
                    107.610420227,
                    49.8963279724
                ],
                [
                    525.270385742,
                    -281.217987061,
                    529.432373047,
                    861.973449707,
                    407.063751221,
                    120.798423767,
                    208.474822998,
                    160.864013672,
                    259.993896484,
                    50.7069396973,
                    205.62953186,
                    133.336196899,
                    79.0773849487
                ],
                [
                    68.5021438599,
                    255.137893677,
                    341.964263916,
                    407.063751221,
                    678.123596191,
                    126.775192261,
                    327.341918945,
                    144.493423462,
                    256.630279541,
                    33.8154678345,
                    215.429718018,
                    103.633224487,
                    82.7967376709
                ],
                [
                    724.065551758,
                    -110.261917114,
                    115.922874451,
                    120.798423767,
                    126.775192261,
                    392.962677002,
                    167.352249146,
                    82.9636611938,
                    73.3638916016,
                    45.3508033752,
                    59.3259849548,
                    56.2365150452,
                    12.1587591171
                ],
                [
                    379.970947266,
                    136.308288574,
                    149.19090271,
                    208.474822998,
                    327.341918945,
                    167.352249146,
                    455.483917236,
                    108.093551636,
                    160.727310181,
                    22.1921195984,
                    164.307891846,
                    118.398323059,
                    34.4275779724
                ],
                [
                    552.39666748,
                    -103.806442261,
                    127.558685303,
                    160.864013672,
                    144.493423462,
                    82.9636611938,
                    108.093551636,
                    274.411132813,
                    137.525985718,
                    27.3630046844,
                    91.4702453613,
                    44.5940971375,
                    15.614692688
                ],
                [
                    392.55770874,
                    -21.2940120697,
                    131.52204895,
                    259.993896484,
                    256.630279541,
                    73.3638916016,
                    160.727310181,
                    137.525985718,
                    302.890106201,
                    54.5582008362,
                    118.555282593,
                    64.2786254883,
                    27.5154838562
                ],
                [
                    273.851837158,
                    -53.3014602661,
                    13.1880149841,
                    50.7069396973,
                    33.8154678345,
                    45.3508033752,
                    22.1921195984,
                    27.3630046844,
                    54.5582008362,
                    141.032318115,
                    32.3638801575,
                    7.74794816971,
                    7.56785535812
                ],
                [
                    171.738800049,
                    70.3116531372,
                    153.504119873,
                    205.62953186,
                    215.429718018,
                    59.3259849548,
                    164.307891846,
                    91.4702453613,
                    118.555282593,
                    32.3638801575,
                    207.329559326,
                    78.5186233521,
                    20.2757759094
                ],
                [
                    329.936981201,
                    -112.088859558,
                    107.610420227,
                    133.336196899,
                    103.633224487,
                    56.2365150452,
                    118.398323059,
                    44.5940971375,
                    64.2786254883,
                    7.74794816971,
                    78.5186233521,
                    146.85484314,
                    20.9139404297
                ],
                [
                    -159.320724487,
                    104.635192871,
                    49.8963279724,
                    79.0773849487,
                    82.7967376709,
                    12.1587591171,
                    34.4275779724,
                    15.614692688,
                    27.5154838562,
                    7.56785535812,
                    20.2757759094,
                    20.9139404297,
                    95.8215866089
                ]
            ],
            "icov": [
                [
                    0.000124435973703,
                    7.99384361017e-06,
                    0.000132649744046,
                    -0.000112213107059,
                    4.34778085037e-05,
                    -0.000172128609847,
                    2.09733138945e-06,
                    -0.000202582275961,
                    -9.48368779063e-06,
                    -0.000146472695633,
                    9.53540802584e-05,
                    -0.000253808713751,
                    0.000287741771899
                ],
                [
                    7.99384361017e-06,
                    0.000858508283272,
                    -0.000141629468999,
                    0.000624611566309,
                    -0.000399823416956,
                    0.000228070552112,
                    -0.000334424199536,
                    0.00039765422116,
                    -5.17930384376e-05,
                    0.000271216238616,
                    -0.000673285627272,
                    0.00104054843541,
                    -0.00108519662172
                ],
                [
                    0.000132649744046,
                    -0.000141629468999,
                    0.00147730635945,
                    -0.000935329822823,
                    -0.000271133816568,
                    -0.000362784805475,
                    0.000257820240222,
                    -0.000484101299662,
                    0.00043212849414,
                    -7.28591548977e-05,
                    0.00014132677461,
                    -0.000724042998627,
                    0.000654192641377
                ],
                [
                    -0.000112213107059,
                    0.000624611566309,
                    -0.000935329822823,
                    0.00294073950499,
                    -0.000713470217306,
                    0.000230057121371,
                    6.54032992315e-05,
                    0.000439159630332,
                    -0.00106486072764,
                    0.000276711129118,
                    -0.001315231435,
                    0.00039012148045,
                    -0.00183914194349
                ],
                [
                    4.34778085037e-05,
                    -0.000399823416956,
                    -0.000271133816568,
                    -0.000713470217306,
                    0.00378111447208,
                    -0.000164380253409,
                    -0.00124699610751,
                    -9.07673020265e-05,
                    -0.00139110174496,
                    0.000229781551752,
                    -0.00105531839654,
                    0.000171419684193,
                    -0.000977402436547
                ],
                [
                    -0.000172128609847,
                    0.000228070552112,
                    -0.000362784805475,
                    0.000230057121371,
                    -0.000164380253409,
                    0.00354186818004,
                    -0.00121685501654,
                    -0.000176541565452,
                    0.000216337401071,
                    -0.000624289212283,
                    0.000211068763747,
                    0.000309066585032,
                    -0.000502544280607
                ],
                [
                    2.09733138945e-06,
                    -0.000334424199536,
                    0.000257820240222,
                    6.54032992315e-05,
                    -0.00124699610751,
                    -0.00121685501654,
                    0.0046242326498,
                    -0.000220943213208,
                    -0.000413375499193,
                    0.000332771072863,
                    -0.00113005808089,
                    -0.00213916762732,
                    0.000585348985624
                ],
                [
                    -0.000202582275961,
                    0.00039765422116,
                    -0.000484101299662,
                    0.000439159630332,
                    -9.07673020265e-05,
                    -0.000176541565452,
                    -0.000220943213208,
                    0.00561514031142,
                    -0.00180408870801,
                    0.000505730917212,
                    -0.00154778861906,
                    0.00105819664896,
                    -0.0010415466968
                ],
                [
                    -9.48368779063e-06,
                    -5.17930384376e-05,
                    0.00043212849414,
                    -0.00106486072764,
                    -0.00139110174496,
                    0.000216337401071,
                    -0.000413375499193,
                    -0.00180408870801,
                    0.00655665807426,
                    -0.00149236596189,
                    -0.000167000674992,
                    -0.000384785002097,
                    0.000666041392833
                ],
                [
                    -0.000146472695633,
                    0.000271216238616,
                    -7.28591548977e-05,
                    0.000276711129118,
                    0.000229781551752,
                    -0.000624289212283,
                    0.000332771072863,
                    0.000505730917212,
                    -0.00149236596189,
                    0.00830444134772,
                    -0.00151285273023,
                    0.00119077414274,
                    -0.00121853710152
                ],
                [
                    9.53540802584e-05,
                    -0.000673285627272,
                    0.00014132677461,
                    -0.001315231435,
                    -0.00105531839654,
                    0.000211068763747,
                    -0.00113005808089,
                    -0.00154778861906,
                    -0.000167000674992,
                    -0.00151285273023,
                    0.0100988252088,
                    -0.0031476796139,
                    0.00216643931344
                ],
                [
                    -0.000253808713751,
                    0.00104054843541,
                    -0.000724042998627,
                    0.00039012148045,
                    0.000171419684193,
                    0.000309066585032,
                    -0.00213916762732,
                    0.00105819664896,
                    -0.000384785002097,
                    0.00119077414274,
                    -0.0031476796139,
                    0.0117259249091,
                    -0.00297118118033
                ],
                [
                    0.000287741771899,
                    -0.00108519662172,
                    0.000654192641377,
                    -0.00183914194349,
                    -0.000977402436547,
                    -0.000502544280607,
                    0.000585348985624,
                    -0.0010415466968,
                    0.000666041392833,
                    -0.00121853710152,
                    0.00216643931344,
                    -0.00297118118033,
                    0.0142393922433
                ]
            ],
            "mean": [
                12.1758623123,
                62.3880310059,
                -82.0714416504,
                19.3070774078,
                -55.4304542542,
                30.0448875427,
                -33.843963623,
                19.7772331238,
                -14.0172433853,
                8.28079223633,
                -10.0182924271,
                1.74531424046,
                -9.49111366272
            ]
        },
        "hfc": {
            "dmean": 13.4609537125,
            "dmean2": 19.2250938416,
            "dvar": 558.685241699,
            "dvar2": 1065.81140137,
            "max": 331.193603516,
            "mean": 37.262966156,
            "median": 25.8830699921,
            "min": 1.14072931327e-16,
            "var": 1474.50756836
        },
        "melbands": {
            "dmean": [
                0.00293467892334,
                0.00145943835378,
                0.00056162517285,
                0.000539875763934,
                0.000178769158083,
                0.000203236500965,
                0.000287455768557,
                0.000178868431249,
                0.00024300464429,
                0.000191083818208,
                0.000102235389932,
                9.6473195299e-05,
                7.21893520677e-05,
                5.7938410464e-05,
                5.63682879147e-05,
                3.91510657209e-05,
                3.87215295632e-05,
                3.06696056214e-05,
                2.59913813352e-05,
                1.41817472468e-05,
                1.06562911242e-05,
                9.7300262496e-06,
                8.11025620351e-06,
                9.05560500541e-06,
                4.60998899143e-06,
                3.43921692547e-06,
                5.32162493982e-06,
                2.81217057818e-06,
                2.15035788642e-06,
