{
    "lowlevel": {
        "average_loudness": 0.924439668655,
        "barkbands": {
            "dmean": [
                0.00665621180087,
                0.0145986359566,
                0.00359309790656,
                0.00149403361138,
                0.000684832397383,
                0.000838410342112,
                0.00147905305494,
                0.000688953092322,
                0.000416223309003,
                0.000265027716523,
                0.000346806220477,
                0.000656172225717,
                0.000426920829341,
                0.000421161850682,
                0.00040669424925,
                0.000243913687882,
                0.000189998638234,
                0.000172984102392,
                0.000184658943908,
                0.000228843069635,
                0.000350462709321,
                0.000284183915937,
                0.000865332374815,
                0.000494723150041,
                0.000259165011812,
                9.20261300053e-05,
                1.71482406586e-05
            ],
            "dmean2": [
                0.0102083077654,
                0.0223051011562,
                0.00664250878617,
                0.00276049203239,
                0.00122439896222,
                0.00139454111923,
                0.00237771589309,
                0.00103223358747,
                0.00063386047259,
                0.000419818417868,
                0.000521814159583,
                0.0010117830243,
                0.000650560599752,
                0.000649198598694,
                0.000614855845924,
                0.000374875002308,
                0.000278628751403,
                0.000257356383372,
                0.000275552418316,
                0.000353157054633,
                0.000555394159164,
                0.000458580296254,
                0.00149893632624,
                0.000836197112221,
                0.000418600044213,
                0.000150848587509,
                2.84726902464e-05
            ],
            "dvar": [
                0.000164579338161,
                0.000954441376962,
                0.000198431414901,
                3.14627286571e-05,
                4.70486156701e-06,
                4.92175058753e-06,
                1.12255747808e-05,
                4.96938400829e-06,
                1.8408759388e-06,
                4.99661041431e-07,
                1.61243156072e-06,
                4.19410844188e-06,
                1.72965098955e-06,
                1.30996716052e-06,
                9.26274935864e-07,
                4.40268053126e-07,
                3.01711622797e-07,
                3.91696630686e-07,
                3.94721894281e-07,
                6.13972872543e-07,
                1.81381790298e-06,
                5.76730940338e-07,
                2.34242293118e-06,
                7.78575952154e-07,
                4.74929322536e-07,
                9.14492872539e-08,
                4.22999546501e-09
            ],
            "dvar2": [
                0.000401818426326,
                0.00208117999136,
                0.000569032446947,
                9.29580564843e-05,
                1.36176877277e-05,
                1.18657371786e-05,
                2.69484535238e-05,
                1.01736250144e-05,
                3.74225487576e-06,
                1.07572691377e-06,
                3.61710135621e-06,
                9.43374561757e-06,
                3.99279997509e-06,
                2.96885195894e-06,
                1.96164955923e-06,
                1.02616718323e-06,
                6.06458741004e-07,
                8.15354269434e-07,
                7.32684895866e-07,
                1.3257624687e-06,
                4.22177936343e-06,
                1.22193443985e-06,
                5.92857577431e-06,
                1.8065503582e-06,
                1.09040695406e-06,
                2.14469594084e-07,
                1.01300257072e-08
            ],
            "max": [
                0.223957896233,
                0.298356860876,
                0.156409844756,
                0.0626039803028,
                0.0299840979278,
                0.036567017436,
                0.0478621199727,
                0.0525435470045,
                0.0352832339704,
                0.0194455683231,
                0.0552556067705,
                0.0552579052746,
                0.031632900238,
                0.0234171710908,
                0.0193829536438,
                0.0098489895463,
                0.0070543885231,
                0.00640231231228,
                0.00598086696118,
                0.00664222519845,
                0.0132162766531,
                0.0206429511309,
                0.0142641840503,
                0.0129939634353,
                0.00737497396767,
                0.00286537944339,
                0.00116381107364
            ],
            "mean": [
                0.0327789224684,
                0.0931367278099,
                0.00321830622852,
                0.00125139870215,
                0.000721860909835,
                0.0010354288388,
                0.00191913289018,
                0.00095557491295,
                0.000526166695636,
                0.00038372373092,
                0.000454182911199,
                0.00074677891098,
                0.000476934743347,
                0.000476031447761,
                0.000537942629308,
                0.000283472298179,
                0.000226669595577,
                0.000183529075002,
                0.000200574359042,
                0.000232137157582,
                0.000308892864268,
                0.00029333186103,
                0.000662228034344,
                0.000418711773818,
                0.000214201048948,
                7.4854666309e-05,
                1.33917228595e-05
            ],
            "median": [
                0.0277763325721,
                0.0972019657493,
                0.00128731119912,
                0.000295993551845,
                0.000272797711659,
                0.000132710192702,
                0.000242726920987,
                7.58385358495e-05,
                6.19236961938e-05,
                0.000105614693894,
                7.14818233973e-05,
                4.86952194478e-05,
                4.64737786388e-05,
                5.41938607057e-05,
                6.61320591462e-05,
                5.21667825524e-05,
                2.76485625363e-05,
                1.82563962881e-05,
                1.49514989971e-05,
                2.3479342417e-05,
                2.29507222684e-05,
                3.03916294797e-05,
                2.58072086581e-05,
                2.99830571748e-05,
                1.17592862807e-05,
                4.87200532007e-06,
                4.51569832194e-07
            ],
            "min": [
                1.75850605017e-24,
                5.83874610138e-24,
                7.86771843772e-24,
                4.71456977098e-23,
                1.67829289839e-23,
                1.17078475704e-23,
                6.8299356293e-23,
                7.21587415204e-23,
                6.35704002234e-23,
                8.34699277395e-23,
                4.71943325623e-23,
                1.44747014648e-22,
                1.22839804574e-22,
                7.33134003828e-23,
                1.03964433083e-22,
                1.21530181875e-22,
                2.24306350621e-22,
                3.06009318285e-22,
                2.38648271018e-22,
                3.14168765375e-22,
                4.67754631989e-22,
                4.25738208859e-22,
                5.58483834483e-22,
                9.67835445965e-22,
                1.05086016585e-21,
                1.55472968312e-21,
                2.22591940042e-21
            ],
            "var": [
                0.00114358460996,
                0.00443709967658,
                0.000116737683129,
                1.90486462088e-05,
                3.09968459078e-06,
                7.48588399802e-06,
                1.73483695107e-05,
                1.10642276923e-05,
                3.17170201924e-06,
                8.86035024905e-07,
                2.30392720368e-06,
                6.54398718325e-06,
                2.1577084226e-06,
                1.81930613508e-06,
                1.75257207502e-06,
                5.34614343906e-07,
                4.05489515742e-07,
                4.46516310149e-07,
                4.92235017191e-07,
                6.40994073819e-07,
                1.70038958913e-06,
                8.50437970712e-07,
                2.11680048778e-06,
                8.47012984195e-07,
                4.7323831609e-07,
                8.24603461069e-08,
                3.60151752865e-09
            ]
        },
        "barkbands_crest": {
            "dmean": 1.93664336205,
            "dmean2": 3.13268494606,
            "dvar": 7.60713529587,
            "dvar2": 17.2598247528,
            "max": 25.5188121796,
            "mean": 17.082490921,
            "median": 19.0143909454,
            "min": 2.68437385559,
            "var": 21.9329395294
        },
        "barkbands_flatness_db": {
            "dmean": 0.0428598225117,
            "dmean2": 0.0590756461024,
            "dvar": 0.00236408109777,
            "dvar2": 0.00362512748688,
            "max": 0.55371338129,
            "mean": 0.275736898184,
            "median": 0.278062134981,
            "min": 0.0295586381108,
            "var": 0.0128087811172
        },
        "barkbands_kurtosis": {
            "dmean": 45.756526947,
            "dmean2": 77.2007293701,
            "dvar": 4773.09472656,
            "dvar2": 12624.8085938,
            "max": 606.060424805,
            "mean": 78.4195556641,
            "median": 36.419921875,
            "min": -1.95354759693,
            "var": 8169.87988281
        },
        "barkbands_skewness": {
            "dmean": 2.10540390015,
            "dmean2": 3.48591303825,
            "dvar": 6.15960073471,
            "dvar2": 16.2481155396,
            "max": 20.6103134155,
            "mean": 5.93227291107,
            "median": 5.55536746979,
            "min": -5.43136835098,
            "var": 16.6272010803
        },
        "barkbands_spread": {
            "dmean": 8.49018764496,
            "dmean2": 13.7432842255,
            "dvar": 197.204406738,
            "dvar2": 414.563354492,
            "max": 132.83883667,
            "mean": 12.4611997604,
            "median": 5.60608959198,
            "min": 0.195226490498,
            "var": 303.904785156
        },
        "dissonance": {
            "dmean": 0.0272988192737,
            "dmean2": 0.045691870153,
            "dvar": 0.000848144525662,
            "dvar2": 0.00217007123865,
            "max": 0.499877631664,
            "mean": 0.452223390341,
            "median": 0.464109033346,
            "min": 0.205277994275,
            "var": 0.00172311242204
        },
        "dynamic_complexity": 4.09358167648,
        "erbbands": {
            "dmean": [
                0.881276071072,
                2.17443084717,
                3.75336384773,
                5.09535217285,
                2.76081562042,
                2.46696162224,
                2.7892935276,
                8.40841770172,
                19.8173885345,
                18.6506900787,
                15.5411996841,
                9.92063999176,
                8.18768978119,
                9.89598274231,
                16.8664836884,
                25.7431869507,
                20.206073761,
                22.4755325317,
                19.9456138611,
                18.5265007019,
                11.3322257996,
                10.7015514374,
                8.23926258087,
                7.94688129425,
                10.5738687515,
                9.90019035339,
                12.7466039658,
                13.8580951691,
                9.67552661896,
                16.9539909363,
                24.1369018555,
                15.6308164597,
                6.04083538055,
                3.49693799019,
                1.52513110638,
                0.499856024981,
                0.16138882935,
                0.0266209095716,
                0.00315996073186,
                0.000138209172292
            ],
            "dmean2": [
                1.29870045185,
                3.47225189209,
                6.8472738266,
                9.48627376556,
                4.92980575562,
                4.43425655365,
                4.88997173309,
                14.0618419647,
                32.2831077576,
                28.8579616547,
                22.835773468,
                14.9184579849,
                12.4883356094,
                15.3698387146,
                24.7018127441,
                39.6040000916,
                30.2320766449,
                34.122127533,
                30.0528755188,
                28.1135215759,
                16.9517498016,
                15.8550977707,
                12.4769077301,
                11.7104330063,
                15.9402656555,
                15.163061142,
                20.4186172485,
                21.8741054535,
                15.4535808563,
                28.4423866272,
                41.8015098572,
                26.7159366608,
                9.95550632477,
                5.63716936111,
                2.5039191246,
                0.816154062748,
                0.265836060047,
                0.0438816919923,
                0.00531315663829,
                0.000230476027355
            ],
            "dvar": [
                3.09072399139,
                32.7751846313,
                207.542251587,
                391.005065918,
                88.2590408325,
                57.9689712524,
                68.5783920288,
                513.680419922,
                1970.32165527,
                3191.44482422,
                2955.55932617,
                1094.00439453,
                646.356933594,
                791.842590332,
                2808.75878906,
                6326.76904297,
                3415.99829102,
                3932.90454102,
                2581.96655273,
                2352.60522461,
                893.867675781,
                1060.50720215,
                860.91796875,
                738.752075195,
                1344.97692871,
                1033.22839355,
                2448.70410156,
                2605.76269531,
                744.193054199,
                1179.70715332,
                1825.65441895,
                760.493408203,
                134.523086548,
                77.5059051514,
                17.782989502,
                2.50886750221,
                0.281753867865,
                0.00830491352826,
                0.000144262608956,
                2.33531920912e-07
            ],
            "dvar2": [
                6.60205554962,
                79.1107635498,
                586.704101563,
                1144.51672363,
                253.688949585,
                167.680999756,
                191.118255615,
                1264.21008301,
                4833.53027344,
                7349.40136719,
                5848.04736328,
                2293.34838867,
                1303.02978516,
                1903.93041992,
                5981.51416016,
                14683.9863281,
                7617.03857422,
                8866.14941406,
                5498.39160156,
                5323.89306641,
                1996.53894043,
                2093.91821289,
                1602.68017578,
                1458.8918457,
                2523.51196289,
                2143.65429688,
                5842.28369141,
                5979.62695313,
                1609.80200195,
                2695.07519531,
                4705.81201172,
                1892.69641113,
                290.829345703,
                174.937713623,
                41.0704498291,
                5.92969989777,
                0.672248542309,
                0.0189456753433,
                0.000351711641997,
                5.79886261676e-07
            ],
            "max": [
                16.9762325287,
                57.7488975525,
                144.891799927,
                198.538284302,
                110.70249176,
                99.0410461426,
                97.6025314331,
                424.839935303,
                611.522094727,
                1508.61572266,
                1429.44946289,
                1029.10620117,
                841.43359375,
                774.798400879,
                2106.71020508,
                1284.96057129,
                1028.52319336,
                1474.84851074,
                1154.56286621,
                714.179992676,
                596.519897461,
                409.141998291,
                290.795928955,
                256.749603271,
                347.807403564,
                288.59576416,
                489.902832031,
                512.346069336,
                913.558532715,
                388.723327637,
                479.60824585,
                404.8175354,
                229.859054565,
                119.381248474,
                37.8795051575,
                14.6214141846,
                5.34627485275,
                1.20990014076,
                0.174389719963,
                0.00836808141321
            ],
            "mean": [
                6.026907444,
                7.64721679688,
                3.76176261902,
                4.80240154266,
                2.64771366119,
                2.53385519981,
                2.93067288399,
                10.2466783524,
                24.7003898621,
                25.6249637604,
                22.150270462,
                12.8611545563,
                12.2169055939,
                14.6219463348,
                22.6946239471,
                29.0073013306,
                23.9764881134,
                26.5108089447,
                27.2768821716,
                22.9808349609,
                14.7809362411,
                13.0407505035,
                9.47025299072,
                8.72891521454,
                11.5376396179,
                10.7698802948,
                11.1330709457,
                12.5098333359,
                10.0183801651,
                14.4985761642,
                18.419719696,
                12.4431638718,
                5.28503656387,
                2.91338324547,
                1.24926304817,
                0.412024527788,
                0.127330720425,
                0.0215920135379,
                0.00248863734305,
                0.000252628262388
            ],
            "median": [
                6.59922552109,
                6.69191884995,
                1.67545843124,
                1.7343211174,
                0.782442390919,
                0.895112812519,
                0.758217692375,
                1.54782164097,
                3.64897871017,
                3.67672920227,
                1.69776928425,
                1.58296906948,
                2.24629068375,
                4.03460741043,
                3.59375190735,
                2.19704198837,
                2.40528678894,
                3.39575839043,
                3.48901581764,
                3.9014210701,
                2.37250256538,
                1.72104895115,
                1.04709041119,
                1.09260320663,
                0.838012158871,
                1.41677844524,
                0.831503808498,
                1.01581370831,
                0.984531402588,
                0.784768521786,
                0.772889733315,
                0.700617909431,
                0.433129757643,
                0.156679481268,
                0.0689816698432,
                0.0299906861037,
                0.00687736459076,
                0.00104602740612,
                0.000148955659824,
                0.00019465162768
            ],
            "min": [
                3.46971116427e-22,
                7.18357086595e-22,
                8.22896156253e-21,
                8.65165263269e-20,
                1.19681505807e-19,
                3.47090995011e-20,
                6.38737753774e-20,
                1.28028675841e-19,
                6.44744687684e-19,
                1.65254504667e-18,
                1.43266038073e-18,
                1.12988446258e-18,
                2.47273277773e-18,
                2.62583708487e-18,
                1.93244755972e-18,
                6.55719141024e-18,
                5.38643967591e-18,
                4.41169872747e-18,
                5.18341522559e-18,
                6.27554840579e-18,
                7.69716706271e-18,
                1.10936012635e-17,
                1.38994582855e-17,
                1.43409212697e-17,
                1.57935546501e-17,
                1.49646716998e-17,
                1.62032208116e-17,
                1.91001975683e-17,
                1.47349073955e-17,
                1.43039694574e-17,
                1.61243375596e-17,
                2.21947397968e-17,
                1.37134882315e-17,
                9.55699747043e-18,
                8.95995752945e-18,
                5.53774962151e-18,
                2.99690265624e-18,
                9.94050756053e-19,
                3.40718511895e-19,
                3.55474761325e-20
            ],
            "var": [
                17.2403316498,
                57.3678665161,
                129.029205322,
                235.261581421,
                57.5905570984,
                38.9681129456,
                56.8609199524,
                714.997375488,
                2773.66918945,
                5499.88964844,
                6737.59765625,
                1781.43493652,
                1204.17504883,
                1373.56567383,
                4650.28320313,
                8754.17871094,
                4736.46142578,
                5607.24316406,
                5268.73876953,
                3206.45068359,
                1308.67663574,
                1414.12109375,
                1092.15185547,
                886.014038086,
                1629.72497559,
                1162.70324707,
                2217.38818359,
                2536.90332031,
                1107.24194336,
                1382.91564941,
                1593.75744629,
                716.692932129,
                163.180725098,
                80.6730041504,
                17.0501823425,
                2.27408647537,
                0.246863991022,
                0.00762665783986,
                0.000119211457786,
                2.0068755191e-07
            ]
        },
        "erbbands_crest": {
            "dmean": 3.25446224213,
            "dmean2": 5.38453149796,
            "dvar": 8.35610866547,
            "dvar2": 21.3368816376,
            "max": 30.1984348297,
            "mean": 9.82505893707,
            "median": 9.17168045044,
            "min": 2.12932181358,
            "var": 17.0219993591
        },
        "erbbands_flatness_db": {
            "dmean": 0.0252456888556,
            "dmean2": 0.0396523140371,
            "dvar": 0.000535900588147,
            "dvar2": 0.00119263923261,
            "max": 0.334972083569,
            "mean": 0.146578252316,
            "median": 0.140730053186,
            "min": 0.0225617811084,
            "var": 0.00166695925873
        },
        "erbbands_kurtosis": {
            "dmean": 1.73976039886,
            "dmean2": 2.97772622108,
            "dvar": 7.85961914063,
            "dvar2": 20.9343147278,
            "max": 44.3427505493,
            "mean": 0.713130891323,
            "median": -0.183707535267,
            "min": -1.88031470776,
            "var": 9.19059944153
        },
        "erbbands_skewness": {
            "dmean": 0.716219425201,
            "dmean2": 1.16147899628,
            "dvar": 0.616405308247,
            "dvar2": 1.57930958271,
            "max": 3.83468985558,
            "mean": 0.0806154161692,
            "median": 0.152583137155,
            "min": -5.93846035004,
            "var": 1.02859568596
        },
        "erbbands_spread": {
            "dmean": 21.3138713837,
            "dmean2": 34.7198829651,
            "dvar": 581.793457031,
            "dvar2": 1431.01574707,
            "max": 197.204742432,
            "mean": 56.7883758545,
            "median": 51.5902366638,
            "min": 3.04344129562,
            "var": 1118.02404785
        },
        "gfcc": {
            "cov": [
                [
                    16838.6953125,
                    -1865.6315918,
                    -493.713470459,
                    -233.632965088,
                    -1175.42053223,
                    463.091003418,
                    -704.123168945,
                    410.347229004,
                    -468.336669922,
                    563.81640625,
                    -51.9918632507,
                    253.630645752,
                    -238.86114502
                ],
                [
                    -1865.6315918,
                    2253.10449219,
                    -85.2707443237,
                    -257.247344971,
                    631.787963867,
                    -401.09588623,
                    355.670288086,
                    -127.628990173,
                    291.098999023,
                    -137.007492065,
                    193.703521729,
                    -173.984573364,
                    166.44921875
                ],
                [
                    -493.713470459,
                    -85.2707443237,
                    1345.73535156,
                    441.096984863,
                    78.1821975708,
                    397.220306396,
                    79.418762207,
                    17.5035095215,
                    234.808654785,
                    -60.6032371521,
                    94.6985092163,
                    112.385101318,
                    53.127822876
                ],
                [
                    -233.632965088,
                    -257.247344971,
                    441.096984863,
                    585.632568359,
                    244.365066528,
                    156.906890869,
                    91.1635818481,
                    -22.0273094177,
                    148.141708374,
                    -29.0932273865,
                    29.8815879822,
                    26.5451164246,
                    74.7645568848
                ],
                [
                    -1175.42053223,
                    631.787963867,
                    78.1821975708,
                    244.365066528,
                    673.925292969,
                    -45.4689483643,
                    303.411712646,
                    -26.3016548157,
                    187.069595337,
                    -25.9404373169,
                    98.8302078247,
                    -66.6550750732,
                    120.844238281
                ],
                [
                    463.091003418,
                    -401.09588623,
                    397.220306396,
                    156.906890869,
                    -45.4689483643,
                    395.219055176,
                    33.0497894287,
                    77.798324585,
                    64.3460845947,
                    23.4026794434,
                    28.5328502655,
                    62.7010536194,
                    -16.6593341827
                ],
                [
                    -704.123168945,
                    355.670288086,
                    79.418762207,
                    91.1635818481,
                    303.411712646,
                    33.0497894287,
                    409.300140381,
                    32.0537338257,
                    71.9993057251,
                    -27.5856685638,
                    57.0371437073,
                    -9.32265377045,
                    55.6243972778
                ],
                [
                    410.347229004,
                    -127.628990173,
                    17.5035095215,
                    -22.0273094177,
                    -26.3016548157,
                    77.798324585,
                    32.0537338257,
                    130.929885864,
                    -2.39670467377,
                    37.3489570618,
                    14.9582920074,
                    22.73072052,
                    -1.58671593666
                ],
                [
                    -468.336669922,
                    291.098999023,
                    234.808654785,
                    148.141708374,
                    187.069595337,
                    64.3460845947,
                    71.9993057251,
                    -2.39670467377,
                    290.088195801,
                    10.0266971588,
                    86.8464126587,
                    -3.7032828331,
                    42.0881118774
                ],
                [
                    563.81640625,
                    -137.007492065,
                    -60.6032371521,
                    -29.0932273865,
                    -25.9404373169,
                    23.4026794434,
                    -27.5856685638,
                    37.3489570618,
                    10.0266971588,
                    144.258575439,
                    27.9734916687,
                    15.1486663818,
                    -17.6978435516
                ],
                [
                    -51.9918632507,
                    193.703521729,
                    94.6985092163,
                    29.8815879822,
                    98.8302078247,
                    28.5328502655,
                    57.0371437073,
                    14.9582920074,
                    86.8464126587,
                    27.9734916687,
                    125.388587952,
                    17.6452541351,
                    19.6811847687
                ],
                [
                    253.630645752,
                    -173.984573364,
                    112.385101318,
                    26.5451164246,
                    -66.6550750732,
                    62.7010536194,
                    -9.32265377045,
                    22.73072052,
                    -3.7032828331,
                    15.1486663818,
                    17.6452541351,
                    109.843696594,
                    7.74135732651
                ],
                [
                    -238.86114502,
                    166.44921875,
                    53.127822876,
                    74.7645568848,
                    120.844238281,
                    -16.6593341827,
                    55.6243972778,
                    -1.58671593666,
                    42.0881118774,
                    -17.6978435516,
                    19.6811847687,
                    7.74135732651,
                    100.813850403
                ]
            ],
            "icov": [
                [
                    9.20617749216e-05,
                    -0.000107958221633,
                    8.37519910419e-05,
                    -0.000187031400856,
                    0.000145218495163,
                    -0.000162864889717,
                    0.00012725997658,
                    -0.000223357463256,
                    0.000180768503924,
                    -0.000322381500155,
                    3.09554307023e-05,
                    -0.000146669088281,
                    8.93787364475e-05
                ],
                [
                    -0.000107958221633,
                    0.00229518627748,
                    -0.000682272366248,
                    0.00248026731424,
                    -0.00112201378215,
                    0.00174238602631,
                    -0.000969594169874,
                    0.00134986778721,
                    -0.0017140537966,
                    0.00184892606921,
                    -0.00209977966733,
                    0.002115173731,
                    -0.00204834411852
                ],
                [
                    8.37519910419e-05,
                    -0.000682272366248,
                    0.00176178046968,
                    -0.00143706903327,
                    0.000676850788295,
                    -0.00167068885639,
                    0.000307999260258,
                    -0.00015853124205,
                    -8.81079613464e-05,
                    0.000165750694578,
                    -1.80943989108e-05,
                    -0.00135538785253,
                    0.000375856703613
                ],
                [
                    -0.000187031400856,
                    0.00248026731424,
                    -0.00143706903327,
                    0.00579777313396,
                    -0.00245993281715,
                    0.00112186791375,
                    -0.000786029384471,
                    0.00234623206779,
                    -0.00232090125792,
                    0.0020759718027,
                    -0.00106670835521,
                    0.00176745594945,
                    -0.0030699656345
                ],
                [
                    0.000145218495163,
                    -0.00112201378215,
                    0.000676850788295,
                    -0.00245993281715,
                    0.00466309301555,
                    -0.00040508271195,
                    -0.00155509461183,
                    -0.000260483240709,
                    -2.7764490369e-05,
                    -0.00133358128369,
                    -0.000612219795585,
                    0.001147282077,
                    -0.00132950174157
                ],
                [
                    -0.000162864889717,
                    0.00174238602631,
                    -0.00167068885639,
                    0.00112186791375,
                    -0.00040508271195,
                    0.00616563903168,
                    -0.00125323527027,
                    -0.00116717524361,
                    -0.00165649305563,
                    0.00109206081834,
                    -0.00137661758345,
                    0.000955711235292,
                    4.19565694756e-05
                ],
                [
                    0.00012725997658,
                    -0.000969594169874,
                    0.000307999260258,
                    -0.000786029384471,
                    -0.00155509461183,
                    -0.00125323527027,
                    0.00459943944588,
                    -0.0019611150492,
                    0.00117566133849,
                    -2.57618103205e-05,
                    0.000408099818742,
                    -0.00147617736366,
                    0.000949683657382
                ],
                [
                    -0.000223357463256,
                    0.00134986778721,
                    -0.00015853124205,
                    0.00234623206779,
                    -0.000260483240709,
                    -0.00116717524361,
                    -0.0019611150492,
                    0.0113765290007,
                    -0.000920813996345,
                    -0.000638364057522,
                    -0.0015373476781,
                    0.000717852963135,
                    -0.00251652346924
                ],
                [
                    0.000180768503924,
                    -0.0017140537966,
                    -8.81079613464e-05,
                    -0.00232090125792,
                    -2.7764490369e-05,
                    -0.00165649305563,
                    0.00117566133849,
                    -0.000920813996345,
                    0.00706551177427,
                    -0.00218162988313,
                    -0.00117195083294,
                    -0.000610003480688,
                    0.00106522720307
                ],
                [
                    -0.000322381500155,
                    0.00184892606921,
                    0.000165750694578,
                    0.0020759718027,
                    -0.00133358128369,
                    0.00109206081834,
                    -2.57618103205e-05,
                    -0.000638364057522,
                    -0.00218162988313,
                    0.0109601123258,
                    -0.00373142235912,
                    0.000724075478502,
                    -0.000152544234879
                ],
                [
                    3.09554307023e-05,
                    -0.00209977966733,
                    -1.80943989108e-05,
                    -0.00106670835521,
                    -0.000612219795585,
                    -0.00137661758345,
                    0.000408099818742,
                    -0.0015373476781,
                    -0.00117195083294,
                    -0.00373142235912,
                    0.0142318140715,
                    -0.00430495617911,
                    0.00198423536494
                ],
                [
                    -0.000146669088281,
                    0.002115173731,
                    -0.00135538785253,
                    0.00176745594945,
                    0.001147282077,
                    0.000955711235292,
                    -0.00147617736366,
                    0.000717852963135,
                    -0.000610003480688,
                    0.000724075478502,
                    -0.00430495617911,
                    0.0145331034437,
                    -0.00472155399621
                ],
                [
                    8.93787364475e-05,
                    -0.00204834411852,
                    0.000375856703613,
                    -0.0030699656345,
                    -0.00132950174157,
                    4.19565694756e-05,
                    0.000949683657382,
                    -0.00251652346924,
                    0.00106522720307,
                    -0.000152544234879,
                    0.00198423536494,
                    -0.00472155399621,
                    0.0161323025823
                ]
            ],
            "mean": [
                -41.4425392151,
                87.0628662109,
                -80.9097671509,
                41.760093689,
                -38.2743263245,
                38.1540603638,
                -19.3721866608,
                14.4630422592,
                2.65245199203,
                10.1205348969,
                -0.792349219322,
                3.92480516434,
                -3.1146440506
            ]
        },
        "hfc": {
            "dmean": 21.6910266876,
            "dmean2": 34.937789917,
            "dvar": 1906.6619873,
            "dvar2": 3874.73657227,
            "max": 379.156768799,
            "mean": 30.3058414459,
            "median": 14.43400383,
            "min": 1.14347819988e-16,
            "var": 2430.83569336
        },
        "melbands": {
            "dmean": [
                0.0055049653165,
                0.00194918585476,
                0.000805480522104,
                0.000170479048393,
                9.97513634502e-05,
                0.000189844780834,
                0.000304427841911,
                0.000184612028534,
                0.000121534219943,
                5.86926580581e-05,
                4.0911261749e-05,
                3.92318615923e-05,
                5.40487890248e-05,
                7.38590169931e-05,
                5.50634649699e-05,
                4.34806606791e-05,
                4.29638930655e-05,
                3.19921782648e-05,
                2.8179221772e-05,
                2.02918163268e-05,
                1.23454037748e-05,
                1.15650154839e-05,
                1.03356105683e-05,
                7.02307625033e-06,
                6.39168365524e-06,
                7.52510459279e-06,
                8.46305647428e-06,
                6.13012161921e-06,
