{
    "lowlevel": {
        "average_loudness": 0.932398974895,
        "barkbands": {
            "dmean": [
                0.00147694896441,
                0.00601793499663,
                0.00197022454813,
                0.00112873013131,
                0.00125212257262,
                0.000490295584314,
                0.000712129636668,
                0.000445363548351,
                0.000607778900303,
                0.000330226874212,
                0.000585151195992,
                0.000831917161122,
                0.000330226146616,
                0.000171601772308,
                0.000361907033948,
                0.000270799238933,
                0.000145912388689,
                0.000183904441656,
                0.000196231587324,
                0.000153230590513,
                0.000206984201213,
                0.000164293174748,
                0.000138602772495,
                0.000126758750412,
                0.000122965400806,
                8.64422690938e-05,
                1.56315290951e-05
            ],
            "dmean2": [
                0.00243795197457,
                0.00967023056,
                0.00342315738089,
                0.00201171729714,
                0.00207590707578,
                0.000762279436458,
                0.0010644113645,
                0.000646068307105,
                0.000888165144715,
                0.000480250135297,
                0.000878763094079,
                0.0013698952971,
                0.000557428284083,
                0.000248814700171,
                0.00059622147819,
                0.000410457374528,
                0.000220855799853,
                0.000267377065029,
                0.000292415177682,
                0.000224540854106,
                0.000280810083495,
                0.000224735224037,
                0.00020182460139,
                0.00016690287157,
                0.000168547776411,
                0.00012029428035,
                2.17842371057e-05
            ],
            "dvar": [
                9.83660356724e-06,
                0.000175344801391,
                4.39091709268e-05,
                1.20974891615e-05,
                9.22223443922e-06,
                1.92096422325e-06,
                3.96703990191e-06,
                3.07771028929e-06,
                2.40191207013e-06,
                6.75257297189e-07,
                1.42654153024e-06,
                1.72310183189e-06,
                9.65637127592e-07,
                1.64588641383e-07,
                1.45185504152e-06,
                5.78013839458e-07,
                1.48913898101e-07,
                2.19526370415e-07,
                4.39620464476e-07,
                1.9581301558e-07,
                4.8157630772e-07,
                2.74856290616e-07,
                1.41598107462e-07,
                9.55068131248e-08,
                8.10216320701e-08,
                4.35089795303e-08,
                1.90191973282e-09
            ],
            "dvar2": [
                2.37698550336e-05,
                0.000437095179223,
                0.000125186794321,
                3.54008661816e-05,
                2.4400131224e-05,
                4.03903732149e-06,
                8.26627638162e-06,
                6.62841466692e-06,
                5.04339550389e-06,
                1.26901898057e-06,
                3.26654617311e-06,
                4.53199936601e-06,
                2.57877945842e-06,
                3.12760562338e-07,
                3.83200222132e-06,
                1.07102266611e-06,
                3.3361047258e-07,
                4.27840689099e-07,
                9.91502702163e-07,
                4.15775303964e-07,
                9.39114102039e-07,
                5.25744155766e-07,
                2.4808431931e-07,
                1.66955615555e-07,
                1.37756572371e-07,
                7.84053497682e-08,
                3.54770368638e-09
            ],
            "max": [
                0.0462913960218,
                0.182603985071,
                0.07203386724,
                0.0461844541132,
                0.0507658682764,
                0.057333368808,
                0.0698358342052,
                0.056123521179,
                0.0418657287955,
                0.0211910046637,
                0.0372816622257,
                0.0297485440969,
                0.0152500113472,
                0.00553681934252,
                0.0168134495616,
                0.0103174541146,
                0.00527313351631,
                0.00832516420633,
                0.0104436511174,
                0.00487886369228,
                0.0077705970034,
                0.00593898864463,
                0.00410115439445,
                0.00450895959511,
                0.00409286515787,
                0.00275039603002,
                0.000562704342883
            ],
            "mean": [
                0.005354040768,
                0.022678328678,
                0.00186415319331,
                0.000951886468101,
                0.00212357798591,
                0.000903653446585,
                0.00154494703747,
                0.000797204964329,
                0.00118596910033,
                0.000637235818431,
                0.00124284019694,
                0.0014363352675,
                0.00035854318412,
                0.000248229771387,
                0.000376398384105,
                0.000404710299335,
                0.000212132275919,
                0.000275813014014,
                0.000231890633586,
                0.000200944545213,
                0.000230748526519,
                0.000182790943654,
                0.000160521856742,
                0.000171660780325,
                0.00017836758343,
                0.00011493191414,
                1.91595936485e-05
            ],
            "median": [
                0.00170748645905,
                0.0183043070138,
                0.000168889455381,
                0.000168527767528,
                0.000682576443069,
                0.000197114713956,
                0.000218839326408,
                7.9397133959e-05,
                0.000166896526935,
                0.000118961004773,
                0.000356464413926,
                0.000456724257674,
                4.70282211609e-05,
                3.98064767069e-05,
                4.71211751574e-05,
                5.63355024497e-05,
                4.00241624448e-05,
                6.82867830619e-05,
                3.79023731512e-05,
                4.11648288718e-05,
                2.25769872486e-05,
                1.43751512951e-05,
                1.79253238457e-05,
                3.08844246319e-05,
                2.85874011752e-05,
                1.72804157046e-05,
                1.89426032193e-06
            ],
            "min": [
                1.94420410447e-24,
                4.48731052072e-25,
                8.72880271426e-24,
                1.3616321009e-24,
                1.83461262873e-23,
                1.56643147539e-23,
                1.40180030655e-23,
                1.1190862843e-23,
                3.81286389099e-23,
                3.71915699732e-23,
                2.24611403133e-23,
                5.11617791119e-23,
                4.51167916378e-23,
                3.20847305974e-23,
                6.54894842357e-23,
                8.36270688318e-23,
                1.10427564169e-22,
                1.66234563343e-22,
                1.03968257481e-22,
                2.23784844143e-22,
                3.88236594462e-22,
                2.9809579385e-22,
                4.8903282331e-22,
                6.56006227465e-22,
                8.65307964042e-22,
                1.30387878151e-21,
                2.01270875077e-21
            ],
            "var": [
                5.89738956478e-05,
                0.000535794941243,
                3.37502460752e-05,
                7.68186146161e-06,
                2.08184064832e-05,
                7.21477363186e-06,
                2.74599915429e-05,
                7.27557562641e-06,
                7.09847017788e-06,
                2.31039894061e-06,
                5.05865727973e-06,
                3.87947875424e-06,
                1.02251260614e-06,
                3.17273389783e-07,
                1.31611432153e-06,
                1.08822325728e-06,
                2.48208010589e-07,
                3.73987717239e-07,
                5.13969041549e-07,
                2.66400434157e-07,
                6.43123712507e-07,
                3.87446021932e-07,
                2.1802276251e-07,
                1.78860730671e-07,
                1.66727573969e-07,
                7.8291421346e-08,
                3.04883740476e-09
            ]
        },
        "barkbands_crest": {
            "dmean": 2.25218915939,
            "dmean2": 3.56144523621,
            "dvar": 6.65736293793,
            "dvar2": 15.6026000977,
            "max": 26.9284343719,
            "mean": 14.4834260941,
            "median": 13.9093456268,
            "min": 1.91200017929,
            "var": 29.0864925385
        },
        "barkbands_flatness_db": {
            "dmean": 0.0314951166511,
            "dmean2": 0.043516676873,
            "dvar": 0.0013167395955,
            "dvar2": 0.0025039203465,
            "max": 0.743194401264,
            "mean": 0.213268667459,
            "median": 0.19250240922,
            "min": 0.0181353781372,
            "var": 0.0126658501104
        },
        "barkbands_kurtosis": {
            "dmean": 17.1156349182,
            "dmean2": 27.4217567444,
            "dvar": 13214.3759766,
            "dvar2": 37756.3398438,
            "max": 5921.91210938,
            "mean": 24.7360286713,
            "median": 4.92946195602,
            "min": -1.95169913769,
            "var": 10254.6855469
        },
        "barkbands_skewness": {
            "dmean": 0.990197777748,
            "dmean2": 1.50165808201,
            "dvar": 2.33070921898,
            "dvar2": 5.49633407593,
            "max": 32.3965301514,
            "mean": 2.6338019371,
            "median": 1.97911083698,
            "min": -17.9400444031,
            "var": 8.15325450897
        },
        "barkbands_spread": {
            "dmean": 6.41059923172,
            "dmean2": 9.35096168518,
            "dvar": 102.422264099,
            "dvar2": 200.976654053,
            "max": 135.289794922,
            "mean": 18.5725402832,
            "median": 14.2780170441,
            "min": 0.00963830109686,
            "var": 308.475738525
        },
        "dissonance": {
            "dmean": 0.0313339717686,
            "dmean2": 0.0527065321803,
            "dvar": 0.00177267787512,
            "dvar2": 0.00486164400354,
            "max": 0.500000178814,
            "mean": 0.446375876665,
            "median": 0.461142241955,
            "min": 0.0138245597482,
            "var": 0.00282290834002
        },
        "dynamic_complexity": 4.01076030731,
        "erbbands": {
            "dmean": [
                0.280309766531,
                1.10447990894,
                2.11216425896,
                3.3322224617,
                3.45261049271,
                4.79077482224,
                4.46024227142,
                4.10910367966,
                7.77695512772,
                11.8613176346,
                8.89706039429,
                14.7306852341,
                10.45840168,
                14.2109031677,
                32.089389801,
                19.7516975403,
                14.4058713913,
                9.56280326843,
                14.1540327072,
                16.9702033997,
                14.7189922333,
                8.67632293701,
                10.2158060074,
                10.5031414032,
                8.46125507355,
                7.66519212723,
                8.37493038177,
                7.42165708542,
                6.10072422028,
                4.70385694504,
                3.99022889137,
                3.0243473053,
                1.99606800079,
                1.4502273798,
                0.850799381733,
                0.465671539307,
                0.1387989223,
                0.0257145967335,
                0.00313176400959,
                0.000108016232844
            ],
            "dmean2": [
                0.430771380663,
                1.84554946423,
                3.72850799561,
                5.80669736862,
                6.2127904892,
                7.74858283997,
                7.01280021667,
                6.27864265442,
                11.4799842834,
                17.7024059296,
                12.8200855255,
                21.5305137634,
                14.9891462326,
                20.610830307,
                51.059261322,
                31.5845050812,
                23.9969158173,
                14.0107965469,
                22.3373641968,
                27.3751354218,
                23.6148891449,
                13.1493034363,
                14.8659753799,
                15.6995916367,
                12.3250589371,
                11.5722808838,
                11.5152578354,
                10.3517427444,
                8.43529605865,
                6.65536832809,
                5.77080774307,
                3.97793340683,
                2.70077323914,
                1.91580593586,
                1.19356918335,
                0.652804851532,
                0.197776123881,
                0.0358442924917,
                0.00441956100985,
                0.000154160487
            ],
            "dvar": [
                0.372211784124,
                8.34692001343,
                53.8886871338,
                105.137290955,
                119.104057312,
                126.284507751,
                126.79221344,
                166.312835693,
                526.487854004,
                1299.2244873,
                903.572937012,
                1558.49450684,
                547.91418457,
                1102.80224609,
                3164.52783203,
                983.296936035,
                1642.81774902,
                576.082580566,
                1949.55249023,
                3030.22045898,
                1839.48999023,
                502.019561768,
                702.319396973,
                1243.18078613,
                658.15045166,
                574.92376709,
                778.035583496,
                619.832702637,
                395.043334961,
                210.908309937,
                117.375663757,
                56.9089202881,
                23.1905651093,
                11.2658443451,
                3.9618241787,
                1.22720372677,
                0.124031305313,
                0.00454520201311,
                7.77242748882e-05,
                8.52474215662e-08
            ],
            "dvar2": [
                0.84710675478,
                22.7339820862,
                154.881652832,
                302.957061768,
                347.547973633,
                307.066711426,
                271.769866943,
                324.004272461,
                978.052124023,
                2946.39648438,
                1992.83203125,
                3192.25561523,
                976.548522949,
                2224.48852539,
                8117.83935547,
                2395.47705078,
                4271.42724609,
                1113.86901855,
                4879.79394531,
                7781.12744141,
                4412.70410156,
                1097.15515137,
                1364.46728516,
                2943.57788086,
                1182.73840332,
                1368.28491211,
                1650.40319824,
                1207.30444336,
                811.162780762,
                388.165435791,
                212.391464233,
                97.7349777222,
                40.3625335693,
                18.0412330627,
                7.87846231461,
                2.34288573265,
                0.236958414316,
                0.00797470472753,
                0.000150164443767,
                1.70719005155e-07
            ],
            "max": [
                8.24508476257,
                45.8127288818,
                86.1756973267,
                127.970954895,
                134.849136353,
                215.154846191,
                264.302154541,
                563.025024414,
                1250.69055176,
                1098.10766602,
                1093.67944336,
                1144.46289062,
                817.528869629,
                1457.43859863,
                1946.73632812,
                617.667541504,
                733.676818848,
                335.020080566,
                593.224975586,
                786.289428711,
                492.126678467,
                287.799987793,
                460.114990234,
                547.62713623,
                363.752288818,
                276.292694092,
                320.445404053,
                258.377410889,
                247.728424072,
                183.732315063,
                126.621185303,
                80.5537033081,
                84.3939971924,
                48.2163505554,
                30.7215232849,
                15.9591827393,
                4.79344463348,
                0.955854356289,
                0.115356825292,
                0.00513615272939
            ],
            "mean": [
                1.27514755726,
                2.62960982323,
                2.15005350113,
                3.10740494728,
                3.40763092041,
                8.61869907379,
                9.09457111359,
                8.0384979248,
                19.245639801,
                21.2470092773,
                17.2110652924,
                28.6150054932,
                20.9940452576,
                31.2126998901,
                69.9818115234,
                35.5086669922,
                17.4272708893,
                14.3014631271,
                16.3346576691,
                19.2706680298,
                20.7120056152,
                13.4169340134,
                15.3407964706,
                12.8558740616,
                11.3578147888,
                9.55786418915,
                9.71406555176,
                8.05202388763,
                6.69172716141,
                5.23192644119,
                4.52878093719,
                3.87297964096,
                2.736287117,
                1.98904466629,
                1.23668539524,
                0.623972475529,
                0.183700278401,
                0.0330444797873,
                0.00375475687906,
                0.000167320424225
            ],
            "median": [
                1.10154104233,
                1.38562107086,
                0.474565118551,
                0.57984316349,
                0.991410195827,
                2.32477355003,
                2.48780465126,
                1.74451589584,
                3.13737845421,
                3.80375313759,
                3.43119049072,
                4.65318965912,
                6.08370304108,
                10.0055093765,
                29.0462665558,
                15.0963850021,
                3.35012173653,
                2.57593202591,
                2.56742501259,
                2.93581724167,
                3.39621448517,
                2.96769571304,
                3.74589014053,
                2.37747693062,
                2.14023566246,
                1.91890406609,
                1.24006438255,
                0.66646361351,
                0.509134054184,
                0.515982329845,
                0.516994059086,
                0.544032454491,
                0.54445618391,
                0.337050646544,
                0.186783745885,
                0.0915406197309,
                0.028120495379,
                0.00399785488844,
                0.000398387812311,
                6.90858360031e-05
            ],
            "min": [
                3.04128187949e-23,
                3.30545442036e-22,
                9.0501879287e-21,
                1.03230541015e-20,
                3.10549031294e-20,
                5.51278332022e-20,
                9.24578221624e-20,
                1.38199313837e-19,
                1.58014192766e-19,
                2.6428379212e-19,
                5.04720535868e-19,
                6.19553057225e-19,
                7.35273867162e-19,
                9.50806063822e-19,
                8.49020972459e-19,
                2.20455006979e-18,
                2.1781522549e-18,
                2.525891333e-18,
                3.06848293734e-18,
                4.2215146018e-18,
                5.7629698092e-18,
                5.51991478032e-18,
                7.82537509457e-18,
                6.9021033918e-18,
                9.49414828749e-18,
                1.05528989397e-17,
                1.08837695304e-17,
                1.46525218608e-17,
                1.02351755577e-17,
                1.22498516946e-17,
                1.32476349997e-17,
                1.38737867352e-17,
                1.143567767e-17,
                9.35974550002e-18,
                7.01888475068e-18,
                4.22905559386e-18,
                2.44824285492e-18,
                9.58370320331e-19,
                2.7729728186e-19,
                2.90510516331e-20
            ],
            "var": [
                1.57617735863,
                12.4882183075,
                38.8587799072,
                73.7507019043,
                80.9929199219,
                398.855560303,
                501.375915527,
                699.711242676,
                6815.57128906,
                3087.50952148,
                2187.04956055,
                4599.48193359,
                1866.13452148,
                3993.96362305,
                9772.78515625,
                2261.83813477,
                2021.8894043,
                1091.48608398,
                2155.85522461,
                2957.40869141,
                2715.80029297,
                891.622314453,
                1197.35595703,
                1356.00280762,
                1008.99157715,
                675.303405762,
                1015.3850708,
                807.081542969,
                525.56463623,
                294.167877197,
                175.387329102,
                104.654846191,
                42.4117889404,
                22.0466594696,
                8.06926441193,
                2.25027084351,
                0.209986701608,
                0.00793834216893,
                0.000117709969345,
                1.27391928118e-07
            ]
        },
        "erbbands_crest": {
            "dmean": 3.02797174454,
            "dmean2": 4.70585155487,
            "dvar": 9.48528862,
            "dvar2": 21.4657440186,
            "max": 34.2197990417,
            "mean": 12.6792259216,
            "median": 10.9942407608,
            "min": 2.5795788765,
            "var": 47.4918937683
        },
        "erbbands_flatness_db": {
            "dmean": 0.0254531390965,
            "dmean2": 0.0365098826587,
            "dvar": 0.000800478504971,
            "dvar2": 0.00153569586109,
            "max": 0.736607789993,
            "mean": 0.177542373538,
            "median": 0.155337721109,
            "min": 0.0422098860145,
            "var": 0.0100324563682
        },
        "erbbands_kurtosis": {
            "dmean": 3.78451013565,
            "dmean2": 5.91263628006,
            "dvar": 109.063087463,
            "dvar2": 252.333068848,
            "max": 248.801849365,
            "mean": 5.45358133316,
            "median": 1.45106124878,
            "min": -1.94676291943,
            "var": 227.721969604
        },
        "erbbands_skewness": {
            "dmean": 0.605370461941,
            "dmean2": 0.912743628025,
            "dvar": 0.699269354343,
            "dvar2": 1.58909785748,
            "max": 11.4090604782,
            "mean": 0.605947673321,
            "median": 0.488178133965,
            "min": -10.2230491638,
            "var": 2.10201263428
        },
        "erbbands_spread": {
            "dmean": 10.0529594421,
            "dmean2": 15.6818246841,
            "dvar": 209.761810303,
            "dvar2": 504.447570801,
            "max": 256.747161865,
            "mean": 30.9541301727,
            "median": 27.1748161316,
            "min": 0.167125821114,
            "var": 482.839538574
        },
        "gfcc": {
            "cov": [
                [
                    28133.0742188,
                    1113.07263184,
                    141.829101562,
                    1735.80102539,
                    -697.745422363,
                    -279.499084473,
                    -1164.90539551,
                    583.366760254,
                    291.675842285,
                    411.083404541,
                    -430.451538086,
                    -93.0403594971,
                    -208.560684204
                ],
                [
                    1113.07263184,
                    2793.62695312,
                    772.663024902,
                    5.75247097015,
                    328.048858643,
                    -152.848266602,
                    45.668056488,
                    129.84262085,
                    69.245880127,
                    -113.98600769,
                    86.8672332764,
                    -66.3198165894,
                    61.4719810486
                ],
                [
                    141.829101562,
                    772.663024902,
                    1698.03369141,
                    598.226745605,
                    84.0327682495,
                    -140.109146118,
                    -201.980514526,
                    111.922828674,
                    -19.601978302,
                    82.7719268799,
                    -0.929574728012,
                    26.2190589905,
                    -40.3408203125
                ],
                [
                    1735.80102539,
                    5.75247097015,
                    598.226745605,
                    1049.1574707,
                    186.998718262,
                    -8.56453418732,
                    -83.1621627808,
                    140.178817749,
                    217.684432983,
                    134.636749268,
                    -22.7399291992,
                    -37.3191680908,
                    48.9341545105
                ],
                [
                    -697.745422363,
                    328.048858643,
                    84.0327682495,
                    186.998718262,
                    529.717590332,
                    258.927124023,
                    271.515228271,
                    72.7007293701,
                    140.232192993,
                    25.2312068939,
                    63.1412239075,
                    28.0782260895,
                    71.9847183228
                ],
                [
                    -279.499084473,
                    -152.848266602,
                    -140.109146118,
                    -8.56453418732,
                    258.927124023,
                    507.45690918,
                    372.705200195,
                    17.5067157745,
                    54.8993911743,
                    21.6734542847,
                    89.3783493042,
                    75.6028518677,
                    49.0396575928
                ],
                [
                    -1164.90539551,
                    45.668056488,
                    -201.980514526,
                    -83.1621627808,
                    271.515228271,
                    372.705200195,
                    518.370300293,
                    42.5750007629,
                    84.0902328491,
                    1.28915143013,
                    124.461074829,
                    55.572303772,
                    65.0889892578
                ],
                [
                    583.366760254,
                    129.84262085,
                    111.922828674,
                    140.178817749,
                    72.7007293701,
                    17.5067157745,
                    42.5750007629,
                    272.314819336,
                    144.975814819,
                    92.7770233154,
                    35.4941101074,
                    9.46391105652,
                    33.8404655457
                ],
                [
                    291.675842285,
                    69.245880127,
                    -19.601978302,
                    217.684432983,
                    140.232192993,
                    54.8993911743,
                    84.0902328491,
                    144.975814819,
                    366.38067627,
                    128.27746582,
                    1.58830094337,
                    -37.7633094788,
                    47.0698013306
                ],
                [
                    411.083404541,
                    -113.98600769,
                    82.7719268799,
                    134.636749268,
                    25.2312068939,
                    21.6734542847,
                    1.28915143013,
                    92.7770233154,
                    128.27746582,
                    187.10748291,
                    36.940990448,
                    9.40976142883,
                    15.8425941467
                ],
                [
                    -430.451538086,
                    86.8672332764,
                    -0.929574728012,
                    -22.7399291992,
                    63.1412239075,
                    89.3783493042,
                    124.461074829,
                    35.4941101074,
                    1.58830094337,
                    36.940990448,
                    188.902130127,
                    91.4109802246,
                    42.2840576172
                ],
                [
                    -93.0403594971,
                    -66.3198165894,
                    26.2190589905,
                    -37.3191680908,
                    28.0782260895,
                    75.6028518677,
                    55.572303772,
                    9.46391105652,
                    -37.7633094788,
                    9.40976142883,
                    91.4109802246,
                    149.749343872,
                    34.2725753784
                ],
                [
                    -208.560684204,
                    61.4719810486,
                    -40.3408203125,
                    48.9341545105,
                    71.9847183228,
                    49.0396575928,
                    65.0889892578,
                    33.8404655457,
                    47.0698013306,
                    15.8425941467,
                    42.2840576172,
                    34.2725753784,
                    123.782409668
                ]
            ],
            "icov": [
                [
                    7.53515050747e-05,
                    -0.000137737108162,
                    0.000159711504239,
                    -0.000223784489208,
                    0.000209885838558,
                    -0.00024639480398,
                    0.000211043254239,
                    -0.000150012085214,
                    9.2458249128e-05,
                    -0.0002056852245,
                    0.000257823936408,
                    -0.000251904624747,
                    0.000214315892663
                ],
                [
                    -0.000137737108162,
                    0.000886925845407,
                    -0.000685062957928,
                    0.000733782304451,
                    -0.000864312518388,
                    0.000824044749606,
                    -0.00037637798232,
                    5.48816205992e-05,
                    -0.000436632282799,
                    0.00113859656267,
                    -0.00111384154297,
                    0.00116163899656,
                    -0.000747635611333
                ],
                [
                    0.000159711504239,
                    -0.000685062957928,
                    0.00145082524978,
                    -0.00117176584899,
                    0.000461785966763,
                    -0.000531862024218,
                    0.000621034996584,
                    -0.000471681560157,
                    0.000823480891995,
                    -0.0011145855533,
                    0.000905205495656,
                    -0.00131238275208,
                    0.00117358006537
                ],
                [
                    -0.000223784489208,
                    0.000733782304451,
                    -0.00117176584899,
                    0.00241473130882,
                    -0.00127615116071,
                    0.000656620191876,
                    -3.76443313144e-05,
                    0.000263779831585,
                    -0.00104489910882,
                    0.000644256360829,
                    -0.00101657572668,
                    0.00153763603885,
                    -0.00141185708344
                ],
                [
                    0.000209885838558,
                    -0.000864312518388,
                    0.000461785966763,
                    -0.00127615116071,
                    0.00428896117955,
                    -0.00186362490058,
                    -0.000471498788102,
                    -0.000325843284372,
                    -0.000330036709784,
                    -0.000423584511736,
                    0.00113377592061,
                    -0.00109385198448,
                    0.000114256785309
                ],
                [
                    -0.00024639480398,
                    0.000824044749606,
                    -0.000531862024218,
                    0.000656620191876,
                    -0.00186362490058,
                    0.00586175499484,
                    -0.00384160759859,
                    0.000817468913738,
                    -2.30993355217e-05,
                    0.000144105331856,
                    -0.000332018651534,
                    -0.000473275489639,
                    -0.000464445591206
                ],
                [
                    0.000211043254239,
                    -0.00037637798232,
                    0.000621034996584,
                    -3.76443313144e-05,
                    -0.000471498788102,
                    -0.00384160759859,
                    0.00616717990488,
                    -0.000831211917102,
                    -0.000544364098459,
                    0.000600905681495,
                    -0.00162431097124,
                    0.000430298183346,
                    0.000106076033262
                ],
                [
                    -0.000150012085214,
                    5.48816205992e-05,
                    -0.000471681560157,
                    0.000263779831585,
                    -0.000325843284372,
                    0.000817468913738,
                    -0.000831211917102,
                    0.00562312128022,
                    -0.00160915229935,
                    -0.00114479893818,
                    -0.000687979219947,
                    -5.83684814046e-05,
                    -0.000762992654927
                ],
                [
                    9.2458249128e-05,
                    -0.000436632282799,
                    0.000823480891995,
                    -0.00104489910882,
                    -0.000330036709784,
                    -2.30993355217e-05,
                    -0.000544364098459,
                    -0.00160915229935,
                    0.00557599682361,
                    -0.00334141985513,
                    0.00144672673196,
                    0.000658503442537,
                    -0.000387894135201
                ],
                [
                    -0.0002056852245,
                    0.00113859656267,
                    -0.0011145855533,
                    0.000644256360829,
                    -0.000423584511736,
                    0.000144105331856,
                    0.000600905681495,
                    -0.00114479893818,
                    -0.00334141985513,
                    0.010085772723,
                    -0.00352027453482,
                    0.001385399024,
                    -0.000544994079974
                ],
                [
                    0.000257823936408,
                    -0.00111384154297,
                    0.000905205495656,
                    -0.00101657572668,
                    0.00113377592061,
                    -0.000332018651534,
                    -0.00162431097124,
                    -0.000687979219947,
                    0.00144672673196,
                    -0.00352027453482,
                    0.0109343677759,
                    -0.00625412771478,
                    9.57050433499e-05
                ],
                [
                    -0.000251904624747,
                    0.00116163899656,
                    -0.00131238275208,
                    0.00153763603885,
                    -0.00109385198448,
                    -0.000473275489639,
                    0.000430298183346,
                    -5.83684814046e-05,
                    0.000658503442537,
                    0.001385399024,
                    -0.00625412771478,
                    0.0125644095242,
                    -0.0031936885789
                ],
                [
                    0.000214315892663,
                    -0.000747635611333,
                    0.00117358006537,
                    -0.00141185708344,
                    0.000114256785309,
                    -0.000464445591206,
                    0.000106076033262,
                    -0.000762992654927,
                    -0.000387894135201,
                    -0.000544994079974,
                    9.57050433499e-05,
                    -0.0031936885789,
                    0.0110908830538
                ]
            ],
            "mean": [
                -53.5775222778,
                68.9174957275,
                -90.2318649292,
                12.9517631531,
                -42.2356758118,
                26.9859046936,
                -20.463760376,
                23.5301265717,
                -25.7905597687,
                4.9628162384,
                -4.82801675797,
                12.9650449753,
                -2.66178417206
            ]
        },
        "hfc": {
            "dmean": 10.6870927811,
            "dmean2": 14.4510793686,
            "dvar": 649.751037598,
            "dvar2": 1065.53674316,
            "max": 298.666809082,
            "mean": 21.6788578033,
            "median": 12.4437742233,
            "min": 1.08643331021e-16,
            "var": 1228.78845215
        },
        "melbands": {
            "dmean": [
                0.00198713457212,
                0.00119115691632,
                0.000574604549911,
                0.000288973853458,
                0.000167362348293,
                9.44703933783e-05,
                0.000126675789943,
                0.000126563289086,
                7.27930091671e-05,
                9.65649742284e-05,
                5.31668665644e-05,
                5.59436120966e-05,
                8.93998367246e-05,
                0.000109014516056,
                2.41943489527e-05,
                3.44108884747e-05,
                1.64034827321e-05,
                1.90246555576e-05,
                3.25481851178e-05,
                1.87257810467e-05,
                1.88595477084e-05,
                8.57497707329e-06,
                9.71245390247e-06,
                8.63599871082e-06,
                8.90500177775e-06,
                6.15887392996e-06,
                5.84361578149e-06,
