{
    "lowlevel": {
        "average_loudness": 0.848137319088,
        "barkbands": {
            "dmean": [
                0.00149031879846,
                0.0209806337953,
                0.00452639395371,
                0.00218450417742,
                0.00169552047737,
                0.000460350274807,
                0.000762227922678,
                0.000610688643064,
                0.000599868886638,
                0.000375873612938,
                0.000305427704006,
                0.000345815933542,
                0.000316128833219,
                0.000351614959072,
                0.000256525876466,
                0.000186754085007,
                0.000139483337989,
                0.000207966470043,
                0.000141609169077,
                0.000174770917511,
                0.000184625445399,
                0.000174952147063,
                0.000157381116878,
                9.2070113169e-05,
                7.98807595856e-05,
                2.06710319617e-05,
                3.57391468242e-06
            ],
            "dmean2": [
                0.00243490096182,
                0.0329331122339,
                0.00795769412071,
                0.00388286355883,
                0.00297443475574,
                0.000767603458371,
                0.00123436364811,
                0.000998178380542,
                0.000898806378245,
                0.000603373686317,
                0.000502982467879,
                0.000532540900167,
                0.00051140517462,
                0.000582756299991,
                0.000393740308937,
                0.000300367624732,
                0.000217469467316,
                0.000317915924825,
                0.000219113760977,
                0.000262515910435,
                0.0002669741516,
                0.000254407234024,
                0.000229871773627,
                0.000135730835609,
                0.000110612840217,
                2.94816763926e-05,
                5.74338400838e-06
            ],
            "dvar": [
                8.60924137669e-06,
                0.00249568605796,
                0.00021474629466,
                6.65915576974e-05,
                2.09430727409e-05,
                1.10483131266e-06,
                2.06814752346e-06,
                1.41831208111e-06,
                1.30015439481e-06,
                7.12704263606e-07,
                6.93467654855e-07,
                6.44651549919e-07,
                6.72882265462e-07,
                6.79904360368e-07,
                5.62137529414e-07,
                2.7902044053e-07,
                1.53326055852e-07,
                1.99572809834e-07,
                1.12298714328e-07,
                3.2636268088e-07,
                3.67441145954e-07,
                2.85607455908e-07,
                2.62808413254e-07,
                6.32889154417e-08,
                5.87560009535e-08,
                2.47430098632e-09,
                8.4330681327e-11
            ],
            "dvar2": [
                2.36297473748e-05,
                0.00532424356788,
                0.000611271243542,
                0.000185763186892,
                5.9452100686e-05,
                3.01533555103e-06,
                5.30720762981e-06,
                3.54744884135e-06,
                2.67952145805e-06,
                1.59189187343e-06,
                1.72636680418e-06,
                1.39257872434e-06,
                1.7145481479e-06,
                1.6818144104e-06,
                1.25768576709e-06,
                6.35857873021e-07,
                3.48843826714e-07,
                4.51125856671e-07,
                2.6926838359e-07,
                7.90879369106e-07,
                7.90652677551e-07,
                5.91247726334e-07,
                6.13850659192e-07,
                1.302189645e-07,
                1.13022885273e-07,
                4.78117279101e-09,
                2.01756403251e-10
            ],
            "max": [
                0.0544868186116,
                0.442449986935,
                0.174374938011,
                0.0869733244181,
                0.0927607268095,
                0.0141656659544,
                0.0197248607874,
                0.0218864046037,
                0.0231645591557,
                0.0173036400229,
                0.0146397883072,
                0.0220362190157,
                0.0245691929013,
                0.0131031796336,
                0.0235715974122,
                0.0157971885055,
                0.00993732362986,
                0.0101349595934,
                0.00533088296652,
                0.00918213557452,
                0.0125080272555,
                0.0132898632437,
                0.0099419420585,
                0.00385068752803,
                0.00371205690317,
                0.00121120340191,
                0.000142783377669
            ],
            "mean": [
                0.00260522402823,
                0.0337593927979,
                0.00487907370552,
                0.0018533654511,
                0.00222668261267,
                0.00065178994555,
                0.00118555885274,
                0.000905810913537,
                0.0011959890835,
                0.000579160638154,
                0.000450585561339,
                0.000596509547904,
                0.000440096860984,
                0.000489320605993,
                0.000380490004318,
                0.000276485137874,
                0.00021539577574,
                0.000359212601325,
                0.000211705439142,
                0.000201616014238,
                0.000235339684878,
                0.000242814377998,
                0.000200729235075,
                0.000150331848999,
                0.000110127934022,
                2.69837673841e-05,
                3.68036990039e-06
            ],
            "median": [
                0.00123889336828,
                0.0158697105944,
                0.00222383718938,
                0.000438285729615,
                0.00112542323768,
                0.000310637173243,
                0.000475933338748,
                0.000283546280116,
                0.000280955806375,
                0.000135921611218,
                7.21273609088e-05,
                0.000120309603517,
                8.27133189887e-05,
                0.000109927350422,
                6.74364855513e-05,
                3.69834160665e-05,
                2.42705355049e-05,
                6.12999356235e-05,
                3.14498465741e-05,
                1.75225886778e-05,
                7.43880582377e-06,
                1.00400220617e-05,
                1.090763908e-05,
                7.51120524001e-06,
                3.44078080161e-06,
                8.57470809024e-07,
                1.41826834721e-08
            ],
            "min": [
                2.56069692975e-24,
                3.01848916358e-23,
                1.07103968535e-23,
                2.55209235054e-23,
                6.15611714978e-23,
                1.41888965278e-22,
                1.23546851137e-22,
                2.3719016892e-23,
                6.43544774761e-23,
                9.74885161398e-23,
                2.69227561552e-23,
                8.50919141131e-23,
                2.08214257109e-22,
                1.62768434743e-22,
                1.58107920245e-22,
                1.11735609145e-22,
                1.07279554773e-22,
                1.62389238772e-22,
                2.93867347937e-22,
                1.91272390007e-22,
                3.18342331812e-22,
                5.18812839975e-22,
                8.02621163763e-22,
                8.35017320869e-22,
                1.2142542872e-21,
                1.706523283e-21,
                2.25352433193e-21
            ],
            "var": [
                1.39670255521e-05,
                0.00325906299986,
                0.000140758129419,
                4.38836468675e-05,
                1.64313532878e-05,
                1.11195743102e-06,
                3.17327408084e-06,
                2.62329535872e-06,
                4.95937365486e-06,
                1.95527172764e-06,
                1.27414500639e-06,
                1.91839467334e-06,
                1.04063826711e-06,
                1.19423305023e-06,
                1.15227726383e-06,
                7.09727032699e-07,
                3.86517456263e-07,
                5.15822705438e-07,
                2.00496998559e-07,
                3.8331964447e-07,
                5.88651175804e-07,
                5.67464041978e-07,
                4.11800812117e-07,
                1.4003653348e-07,
                1.05693189312e-07,
                4.74658712335e-09,
                1.04358188757e-10
            ]
        },
        "barkbands_crest": {
            "dmean": 2.96405005455,
            "dmean2": 4.6581158638,
            "dvar": 10.1498384476,
            "dvar2": 23.2261829376,
            "max": 26.4749031067,
            "mean": 14.3556632996,
            "median": 14.1617870331,
            "min": 2.69266915321,
            "var": 30.1330795288
        },
        "barkbands_flatness_db": {
            "dmean": 0.0347025468946,
            "dmean2": 0.0522880367935,
            "dvar": 0.00173123157583,
            "dvar2": 0.00385054340586,
            "max": 0.546301662922,
            "mean": 0.21281735599,
            "median": 0.199704229832,
            "min": 0.0269269905984,
            "var": 0.00807435251772
        },
        "barkbands_kurtosis": {
            "dmean": 12.9535417557,
            "dmean2": 21.3179035187,
            "dvar": 1745.42871094,
            "dvar2": 4849.66552734,
            "max": 1590.70361328,
            "mean": 16.8815937042,
            "median": 4.74839735031,
            "min": -1.90728104115,
            "var": 1850.44384766
        },
        "barkbands_skewness": {
            "dmean": 1.04481709003,
            "dmean2": 1.60841274261,
            "dvar": 2.69748902321,
            "dvar2": 6.36299514771,
            "max": 36.0830841064,
            "mean": 2.73275232315,
            "median": 2.13389825821,
            "min": -3.51655578613,
            "var": 6.322681427
        },
        "barkbands_spread": {
            "dmean": 5.78381109238,
            "dmean2": 9.12073993683,
            "dvar": 70.3657226563,
            "dvar2": 163.889907837,
            "max": 125.447944641,
            "mean": 16.2962932587,
            "median": 12.3341960907,
            "min": 0.190523743629,
            "var": 214.11366272
        },
        "dissonance": {
            "dmean": 0.0268369410187,
            "dmean2": 0.0454494692385,
            "dvar": 0.000873042910825,
            "dvar2": 0.00239986903034,
            "max": 0.500000119209,
            "mean": 0.455526947975,
            "median": 0.465248286724,
            "min": 0.174591809511,
            "var": 0.00141099118628
        },
        "dynamic_complexity": 4.55641460419,
        "erbbands": {
            "dmean": [
                0.727377533913,
                4.62165594101,
                5.67124891281,
                5.90258550644,
                6.87209892273,
                5.5109462738,
                4.81839418411,
                3.65540289879,
                8.38607215881,
                14.922337532,
                10.7371253967,
                12.0617170334,
                14.2606163025,
                10.5761585236,
                12.483288765,
                12.362657547,
                13.5845623016,
                14.9550266266,
                16.6490116119,
                10.6546468735,
                9.45083618164,
                8.75440979004,
                11.5357875824,
                6.64734888077,
                8.14868450165,
                7.72940301895,
                6.8425116539,
                7.74228048325,
                7.14609003067,
                6.14338970184,
                3.51303195953,
                2.32519841194,
                1.37551379204,
                1.01757979393,
                0.485928148031,
                0.127458527684,
                0.03161553666,
                0.00584200862795,
                0.000599265971687,
                4.49207473139e-05
            ],
            "dmean2": [
                1.16206395626,
                7.13594913483,
                9.05467700958,
                10.3871145248,
                12.5269088745,
                9.41375732422,
                8.09885025024,
                6.03925466537,
                13.8032436371,
                24.0398311615,
                17.3143215179,
                18.4537239075,
                22.1540660858,
                17.1685771942,
                19.8921871185,
                19.1444282532,
                21.6699466705,
                23.9896678925,
                26.6157169342,
                16.5530433655,
                14.6482906342,
                13.3596372604,
                17.9425067902,
                10.194026947,
                12.4326334,
                11.5282344818,
                9.6183681488,
                11.3481178284,
                10.8609170914,
                9.02063274384,
                4.99695205688,
                3.51202464104,
                2.0012948513,
                1.40046048164,
                0.683027923107,
                0.176642164588,
                0.0464830547571,
                0.00870394147933,
                0.000973834772594,
                6.63969040033e-05
            ],
            "dvar": [
                2.25284981728,
                136.259521484,
                286.781463623,
                389.394500732,
                727.885070801,
                131.522628784,
                103.598258972,
                70.820854187,
                344.412567139,
                731.676513672,
                438.410095215,
                624.154846191,
                889.605041504,
                600.640686035,
                887.764099121,
                792.967895508,
                1081.46838379,
                1326.42285156,
                1948.10827637,
                1021.87158203,
                727.70324707,
                606.868225098,
                678.549072266,
                206.577957153,
                429.686859131,
                657.476379395,
                508.541290283,
                627.447265625,
                554.59942627,
                393.051147461,
                112.644439697,
                41.6894760132,
                14.0595331192,
                9.23732471466,
                2.09555268288,
                0.103684611619,
                0.00624357350171,
                0.00020232143288,
                2.5241251933e-06,
                7.65511032341e-09
            ],
            "dvar2": [
                5.65869617462,
                280.649017334,
                757.676879883,
                1095.16638184,
                2091.85498047,
                363.468444824,
                284.894592285,
                191.596466064,
                872.58203125,
                1889.73669434,
                1061.23986816,
                1387.93774414,
                1993.09143066,
                1451.63354492,
                2152.09741211,
                1775.12805176,
                2658.65869141,
                2997.79345703,
                4409.50390625,
                2329.78491211,
                1475.80566406,
                1297.22131348,
                1543.94909668,
                480.419952393,
                999.136291504,
                1577.89941406,
                1100.0958252,
                1347.30175781,
                1261.84814453,
                859.767822266,
                256.501953125,
                91.3593063354,
                26.9378051758,
                17.1988945007,
                4.21487140656,
                0.187500074506,
                0.0133229829371,
                0.000410027918406,
                6.08053505857e-06,
                1.51497232537e-08
            ],
            "max": [
                16.4400939941,
                101.031059265,
                188.137649536,
                196.043334961,
                406.779876709,
                275.219543457,
                138.570953369,
                125.137893677,
                283.891204834,
                410.828582764,
                503.194061279,
                703.528442383,
                540.155883789,
                606.752319336,
                524.698120117,
                666.969909668,
                826.644287109,
                711.677490234,
                1507.5378418,
                1052.13586426,
                1097.50366211,
                751.809448242,
                634.216369629,
                258.907928467,
                338.627716064,
                400.108276367,
                447.146148682,
                583.260009766,
                555.956970215,
                391.316253662,
                232.926239014,
                104.461952209,
                63.2924308777,
                47.2922744751,
                24.8692264557,
                8.32041358948,
                1.81395506859,
                0.221922427416,
                0.0263428222388,
                0.00147393986117
            ],
            "mean": [
                1.11086082458,
                6.88276338577,
                7.58888530731,
                5.74106025696,
                6.45790052414,
                7.90678930283,
                6.99519491196,
                5.3883690834,
                11.5974731445,
                24.0702228546,
                18.2310504913,
                23.4614334106,
                25.4900035858,
                17.5777225494,
                21.4561138153,
                21.6917648315,
                21.4451904297,
                24.7163028717,
                23.2556762695,
                17.3525562286,
                15.6928100586,
                14.9591007233,
                19.6781864166,
                11.0970811844,
                11.8121833801,
                9.11031532288,
                8.55678462982,
                10.0014152527,
                9.08341693878,
                7.81591892242,
                4.97608184814,
                3.79481649399,
                2.08452486992,
                1.41984713078,
                0.651755392551,
                0.175038129091,
                0.0389319173992,
                0.00703547056764,
                0.000626669789199,
                8.79746148712e-05
            ],
            "median": [
                0.445160388947,
                3.29274749756,
                3.9175863266,
                2.1256403923,
                2.29147672653,
                3.48898124695,
                3.43805456161,
                2.48135471344,
                4.73901844025,
                9.86497211456,
                7.06449270248,
                6.76675510406,
                6.28463125229,
                5.11777257919,
                5.07587623596,
                4.54208087921,
                4.38820505142,
                5.9996805191,
                5.21361684799,
                2.95887637138,
                2.04625368118,
                1.93599307537,
                3.54489278793,
                1.98883664608,
                1.68561422825,
                0.861948609352,
                0.364852547646,
                0.294125318527,
                0.32271412015,
                0.384109020233,
                0.293648868799,
                0.217221736908,
                0.0782666653395,
                0.0455363541842,
                0.0187636148185,
                0.00616032071412,
                0.00100184557959,
                8.24559101602e-05,
                2.49979002547e-05,
                4.39048089902e-05
            ],
            "min": [
                8.07276680038e-22,
                7.16770337691e-21,
                1.03075816236e-20,
                5.10724897762e-20,
                1.23679566975e-19,
                1.9533505689e-19,
                2.95489284127e-19,
                1.43123049564e-18,
                2.24705660672e-18,
                1.32009102553e-18,
                5.50384059307e-19,
                1.4951027976e-18,
                2.93728257961e-18,
                1.7708050943e-18,
                1.79652648224e-18,
                4.07783911967e-18,
                9.29608402572e-18,
                1.0323889024e-17,
                7.20550993176e-18,
                5.78667515119e-18,
                7.30026429811e-18,
                7.13435337393e-18,
                8.10003876261e-18,
                1.58049647795e-17,
                1.13897112433e-17,
                8.74903060915e-18,
                1.13208228147e-17,
                1.2794641945e-17,
                1.55348191719e-17,
                2.60903353111e-17,
                2.14356543467e-17,
                1.60295376983e-17,
                1.54768453915e-17,
                1.34895754027e-17,
                8.61119915804e-18,
                5.12392398235e-18,
                3.86121251136e-18,
                1.16734499099e-18,
                3.79782529913e-19,
                2.97440124978e-20
            ],
            "var": [
                2.89401912689,
                170.591384888,
                251.009109497,
                252.429733276,
                458.542877197,
                162.438812256,
                116.827888489,
                77.4189910889,
                415.287017822,
                1286.69726563,
                993.188903809,
                2042.6796875,
                2374.21777344,
                1544.68151855,
                1989.63049316,
                2319.2722168,
                1999.89489746,
                3271.76147461,
                3357.87060547,
                2741.54199219,
                2525.171875,
                1923.21435547,
                1703.30578613,
                429.48815918,
                711.480712891,
                787.042297363,
                786.270507813,
                1060.92614746,
                892.195129395,
                650.919189453,
                213.326080322,
                88.9895324707,
                30.1805305481,
                17.44739151,
                3.62016582489,
                0.211644425988,
                0.0101299360394,
                0.000339843449183,
                3.01706381833e-06,
                1.60201238941e-08
            ]
        },
        "erbbands_crest": {
            "dmean": 2.67491698265,
            "dmean2": 4.33467912674,
            "dvar": 6.60855913162,
            "dvar2": 16.4784469604,
            "max": 31.3203353882,
            "mean": 8.96603965759,
            "median": 8.09932613373,
            "min": 2.20849347115,
            "var": 17.4342937469
        },
        "erbbands_flatness_db": {
            "dmean": 0.0212438497692,
            "dmean2": 0.0306493118405,
            "dvar": 0.000542751222383,
            "dvar2": 0.000963558151852,
            "max": 0.464759469032,
            "mean": 0.177653804421,
            "median": 0.174799874425,
            "min": 0.0387626737356,
            "var": 0.00457560969517
        },
        "erbbands_kurtosis": {
            "dmean": 1.19720578194,
            "dmean2": 1.90020287037,
            "dvar": 3.3752348423,
            "dvar2": 7.95843696594,
            "max": 83.2527542114,
            "mean": 1.04878401756,
            "median": 0.209548711777,
            "min": -1.94667136669,
            "var": 11.7798995972
        },
        "erbbands_skewness": {
            "dmean": 0.4387614429,
            "dmean2": 0.663258910179,
            "dvar": 0.166865617037,
            "dvar2": 0.375453352928,
            "max": 6.21736478806,
            "mean": 0.216444537044,
            "median": 0.227385282516,
            "min": -3.55750536919,
            "var": 0.810243666172
        },
        "erbbands_spread": {
            "dmean": 10.5336484909,
            "dmean2": 15.4727964401,
            "dvar": 222.82208252,
            "dvar2": 417.980407715,
            "max": 226.244873047,
            "mean": 37.617893219,
            "median": 30.5936832428,
            "min": 1.91816174984,
            "var": 736.889465332
        },
        "gfcc": {
            "cov": [
                [
                    21283.5195313,
                    -2843.00244141,
                    125.743469238,
                    2615.52832031,
                    506.116333008,
                    1357.64001465,
                    34.5112724304,
                    813.970214844,
                    -20.6564998627,
                    306.874786377,
                    -79.2258453369,
                    254.455093384,
                    -276.839385986
                ],
                [
                    -2843.00244141,
                    3265.43408203,
                    -196.064575195,
                    -1003.37091064,
                    617.051879883,
                    -553.03704834,
                    201.727722168,
                    -271.622619629,
                    318.300689697,
                    -265.913085938,
                    332.73651123,
                    -235.831069946,
                    169.19972229
                ],
                [
                    125.743469238,
                    -196.064575195,
                    1284.6739502,
                    203.078720093,
                    154.705993652,
                    158.09866333,
                    37.996963501,
                    29.5248355865,
                    41.4816207886,
                    129.305892944,
                    -43.644317627,
                    61.7481842041,
                    30.1558971405
                ],
                [
                    2615.52832031,
                    -1003.37091064,
                    203.078720093,
                    1048.73291016,
                    99.3751068115,
                    223.028137207,
                    66.5866317749,
                    179.864318848,
                    11.0215396881,
                    103.073036194,
                    -66.673324585,
                    54.3732223511,
                    -2.98959517479
                ],
                [
                    506.116333008,
                    617.051879883,
                    154.705993652,
                    99.3751068115,
                    640.514404297,
                    -26.9353847504,
                    100.468772888,
                    75.5666275024,
                    171.946334839,
                    4.23075389862,
                    85.1381530762,
                    -43.6467475891,
                    81.0521087646
                ],
                [
                    1357.64001465,
                    -553.03704834,
                    158.09866333,
                    223.028137207,
                    -26.9353847504,
                    423.41696167,
                    47.2577972412,
                    73.2718734741,
                    -32.4546127319,
                    61.9008216858,
                    -18.3185424805,
                    41.8148117065,
                    -32.6164512634
                ],
                [
                    34.5112724304,
                    201.727722168,
                    37.996963501,
                    66.5866317749,
                    100.468772888,
                    47.2577972412,
                    288.119903564,
                    10.9045286179,
                    9.03605461121,
                    -4.58618211746,
                    64.9326095581,
                    0.487746983767,
                    -0.53095471859
                ],
                [
                    813.970214844,
                    -271.622619629,
                    29.5248355865,
                    179.864318848,
                    75.5666275024,
                    73.2718734741,
                    10.9045286179,
                    212.316040039,
                    21.4355316162,
                    44.9157028198,
                    8.00628566742,
                    31.7777805328,
                    -1.21320712566
                ],
                [
                    -20.6564998627,
                    318.300689697,
                    41.4816207886,
                    11.0215396881,
                    171.946334839,
                    -32.4546127319,
                    9.03605461121,
                    21.4355316162,
                    200.524917603,
                    -3.96371006966,
                    35.4496650696,
                    -22.1299705505,
                    48.7226333618
                ],
                [
                    306.874786377,
                    -265.913085938,
                    129.305892944,
                    103.073036194,
                    4.23075389862,
                    61.9008216858,
                    -4.58618211746,
                    44.9157028198,
                    -3.96371006966,
                    137.298965454,
                    -15.1224718094,
                    15.3974323273,
                    6.80730628967
                ],
                [
                    -79.2258453369,
                    332.73651123,
                    -43.644317627,
                    -66.673324585,
                    85.1381530762,
                    -18.3185424805,
                    64.9326095581,
                    8.00628566742,
                    35.4496650696,
                    -15.1224718094,
                    147.12411499,
                    -5.3639998436,
                    10.0675153732
                ],
                [
                    254.455093384,
                    -235.831069946,
                    61.7481842041,
                    54.3732223511,
                    -43.6467475891,
                    41.8148117065,
                    0.487746983767,
                    31.7777805328,
                    -22.1299705505,
                    15.3974323273,
                    -5.3639998436,
                    93.4804077148,
                    -1.20876634121
                ],
                [
                    -276.839385986,
                    169.19972229,
                    30.1558971405,
                    -2.98959517479,
                    81.0521087646,
                    -32.6164512634,
                    -0.53095471859,
                    -1.21320712566,
                    48.7226333618,
                    6.80730628967,
                    10.0675153732,
                    -1.20876634121,
                    98.6901092529
                ]
            ],
            "icov": [
                [
                    9.47270600591e-05,
                    -8.81115483935e-05,
                    6.3350504206e-05,
                    -0.000235674116993,
                    -6.58040662529e-05,
                    -0.000248734548222,
                    0.000150350795593,
                    -0.000138342380524,
                    5.69350304431e-05,
                    -8.4032995801e-05,
                    5.74568221055e-05,
                    -0.000223231327254,
                    0.00033032806823
                ],
                [
                    -8.81115483935e-05,
                    0.00178381125443,
                    -0.000229169425438,
                    0.00130167265888,
                    -0.000848373456392,
                    0.00115615420509,
                    -0.00094626727514,
                    0.00099146424327,
                    -0.00102467450779,
                    0.00161494722124,
                    -0.0019645888824,
                    0.00224835192785,
                    -0.00148759223521
                ],
                [
                    6.3350504206e-05,
                    -0.000229169425438,
                    0.00103359774221,
                    -0.000291528354865,
                    -0.000270893477136,
                    -0.000497972301673,
                    0.000103041667899,
                    0.000174605156644,
                    -1.47332984852e-05,
                    -0.000994063797407,
                    0.000609522801824,
                    -0.00102818431333,
                    0.0003076212015
                ],
                [
                    -0.000235674116993,
                    0.00130167265888,
                    -0.000291528354865,
                    0.00260024913587,
                    -0.0005948622711,
                    0.000801079440862,
                    -0.0012137623271,
                    0.000103090103948,
                    -0.000826540228445,
                    0.000768155849073,
                    -0.0005638859584,
                    0.0015661540674,
                    -0.00154509418644
                ],
                [
                    -6.58040662529e-05,
                    -0.000848373456392,
                    -0.000270893477136,
                    -0.0005948622711,
                    0.00312871392816,
                    -0.000142396340379,
                    -0.000256151164649,
                    -0.00121647224296,
                    -0.000930111156777,
                    -0.0004486971593,
                    0.000131109321956,
                    0.000353852257831,
                    -0.000817178864963
                ],
                [
                    -0.000248734548222,
                    0.00115615420509,
                    -0.000497972301673,
                    0.000801079440862,
                    -0.000142396340379,
                    0.0042033563368,
                    -0.00127634673845,
                    0.000321355066262,
                    -0.000479243084555,
                    0.000388029235182,
                    -0.00113912881352,
                    0.00115623068996,
                    -0.000660067540593
                ],
                [
                    0.000150350795593,
                    -0.00094626727514,
                    0.000103041667899,
                    -0.0012137623271,
                    -0.000256151164649,
                    -0.00127634673845,
                    0.00485377106816,
                    -0.000244156515691,
                    0.00104542076588,
                    -0.000513700186275,
                    -0.000886443478521,
                    -0.00135047535878,
                    0.00138069514651
                ],
                [
                    -0.000138342380524,
                    0.00099146424327,
                    0.000174605156644,
                    0.000103090103948,
                    -0.00121647224296,
                    0.000321355066262,
                    -0.000244156515691,
                    0.00711488444358,
                    -0.00103201600723,
                    -0.000571045442484,
                    -0.00157139333896,
                    -0.000670165289193,
                    -0.000245720730163
                ],
                [
                    5.69350304431e-05,
                    -0.00102467450779,
                    -1.47332984852e-05,
                    -0.000826540228445,
                    -0.000930111156777,
                    -0.000479243084555,
                    0.00104542076588,
                    -0.00103201600723,
                    0.00769191747531,
                    -0.000525565992575,
                    0.000215392588871,
                    -0.000220893096412,
                    -0.00129150925204
                ],
                [
                    -8.4032995801e-05,
                    0.00161494722124,
                    -0.000994063797407,
                    0.000768155849073,
                    -0.0004486971593,
                    0.000388029235182,
                    -0.000513700186275,
                    -0.000571045442484,
                    -0.000525565992575,
                    0.0106368232518,
                    -0.00160467915703,
                    0.00232597091235,
                    -0.00247253687121
                ],
                [
                    5.74568221055e-05,
                    -0.0019645888824,
                    0.000609522801824,
                    -0.0005638859584,
                    0.000131109321956,
                    -0.00113912881352,
                    -0.000886443478521,
                    -0.00157139333896,
                    0.000215392588871,
                    -0.00160467915703,
                    0.011011518538,
                    -0.00310907280073,
                    0.00166077318136
                ],
                [
                    -0.000223231327254,
                    0.00224835192785,
                    -0.00102818431333,
                    0.0015661540674,
                    0.000353852257831,
                    0.00115623068996,
                    -0.00135047535878,
                    -0.000670165289193,
                    -0.000220893096412,
                    0.00232597091235,
                    -0.00310907280073,
                    0.015968138352,
                    -0.003581907833
                ],
                [
                    0.00033032806823,
                    -0.00148759223521,
                    0.0003076212015,
                    -0.00154509418644,
                    -0.000817178864963,
                    -0.000660067540593,
                    0.00138069514651,
                    -0.000245720730163,
                    -0.00129150925204,
                    -0.00247253687121,
                    0.00166077318136,
                    -0.003581907833,
                    0.0145212085918
                ]
            ],
            "mean": [
                -62.720664978,
                125.791694641,
                -99.4497528076,
                29.4902877808,
                -45.2363929749,
                21.7080574036,
                -25.3142414093,
                14.3527669907,
                -10.4071569443,
                1.23759686947,
                -4.30383014679,
                -3.17595243454,
                -9.87956142426
            ]
        },
        "hfc": {
            "dmean": 8.43111991882,
            "dmean2": 11.5043125153,
            "dvar": 337.530792236,
            "dvar2": 597.955444336,
            "max": 374.009155273,
            "mean": 19.8684368134,
            "median": 10.0851669312,
            "min": 1.18205035976e-16,
            "var": 890.506530762
        },
        "melbands": {
            "dmean": [
                0.006205603946,
                0.00360980886035,
                0.00109538878314,
                0.000417293253122,
                0.000183544412721,
                8.26505565783e-05,
                0.000133399662445,
                0.000161193907843,
                8.17149702925e-05,
                8.16843166831e-05,
                7.25957943359e-05,
                4.52282947663e-05,
                4.44001489086e-05,
                3.70145426132e-05,
                3.49743386323e-05,
                3.03360939142e-05,
                2.94818419206e-05,
                3.1331255741e-05,
                1.47125338117e-05,
                1.29111203933e-05,
                1.10832961582e-05,
                9.03751151782e-06,
                1.11118124551e-05,
                9.59521184996e-06,
                5.18900469615e-06,
                6.2743183662e-06,
                6.53908273307e-06,
