{
    "lowlevel": {
        "average_loudness": 0.88982218504,
        "barkbands": {
            "dmean": [
                0.00163284793962,
                0.008678779006,
                0.00241283373907,
                0.00138080271427,
                0.00166427379008,
                0.00132566411048,
                0.000736765156034,
                0.00104982138146,
                0.000833845115267,
                0.000416155409766,
                0.000229335550102,
                0.000221168505959,
                0.000247172982199,
                0.000214070852962,
                0.00022553637973,
                0.000164919940289,
                0.000238517735852,
                0.000159385890584,
                0.000230362027651,
                0.000158261478646,
                0.000131905966555,
                0.000120418990264,
                0.000152348584379,
                0.000217600303586,
                0.000147499566083,
                6.42653103569e-05,
                3.1906478398e-05
            ],
            "dmean2": [
                0.00241571199149,
                0.0125540504232,
                0.00427938764915,
                0.00237482972443,
                0.00269134715199,
                0.00209267763421,
                0.0011201571906,
                0.00160934310406,
                0.00124111620244,
                0.000627443077974,
                0.000347952998709,
                0.000353568291757,
                0.000408076622989,
                0.000355177995516,
                0.000372604554286,
                0.000269651238341,
                0.000405734637752,
                0.000262586196186,
                0.000375585892471,
                0.000268778589088,
                0.000226370466407,
                0.000203417206649,
                0.000237630491029,
                0.000334505282808,
                0.000211742997635,
                9.08406145754e-05,
                5.18640154041e-05
            ],
            "dvar": [
                2.11929782381e-05,
                0.000517207896337,
                7.21162650734e-05,
                1.09514630822e-05,
                9.88130341284e-06,
                4.05480113841e-06,
                1.59873559369e-06,
                4.30940553997e-06,
                3.5488942558e-06,
                7.67335336604e-07,
                3.02341504721e-07,
                2.136822701e-07,
                2.59653717194e-07,
                1.96602741198e-07,
                2.29978112998e-07,
                1.2139066996e-07,
                2.67847099167e-07,
                1.03244239824e-07,
                3.90131503991e-07,
                2.44263816285e-07,
                1.69166881392e-07,
                1.47115542859e-07,
                1.32895010552e-07,
                3.09910376473e-07,
                9.89145902963e-08,
                1.96195593105e-08,
                1.68126153e-08
            ],
            "dvar2": [
                4.53524007753e-05,
                0.00120152311865,
                0.000198612440727,
                3.02550688502e-05,
                2.40776098508e-05,
                1.0091209333e-05,
                3.61541674465e-06,
                1.01326768345e-05,
                7.82234019425e-06,
                1.64544212566e-06,
                6.62183651912e-07,
                5.27496752056e-07,
                6.81667870595e-07,
                5.14965108778e-07,
                5.88651744238e-07,
                3.10079514065e-07,
                7.32999694719e-07,
                2.77278758176e-07,
                9.76986598289e-07,
                6.83673249569e-07,
                4.79348898352e-07,
                4.20336505158e-07,
                3.02801112184e-07,
                7.25150187009e-07,
                1.8948682623e-07,
                3.54782585532e-08,
                4.24927755205e-08
            ],
            "max": [
                0.0483180135489,
                0.249268770218,
                0.0822639986873,
                0.0376628935337,
                0.0385480187833,
                0.0415969677269,
                0.029136352241,
                0.0423267632723,
                0.0432133562863,
                0.0275271460414,
                0.0156436748803,
                0.00978387333453,
                0.0106728971004,
                0.00970537588,
                0.0109398914501,
                0.00838405638933,
                0.00713594257832,
                0.00729689514264,
                0.0112167838961,
                0.00791572034359,
                0.00574331497774,
                0.00513830827549,
                0.0101618533954,
                0.0100738024339,
                0.00546704605222,
                0.00193963013589,
                0.00238446728326
            ],
            "mean": [
                0.00337829906493,
                0.0272630099207,
                0.00240173540078,
                0.00167971511837,
                0.00275277392939,
                0.00265831244178,
                0.00141322531272,
                0.00183176761493,
                0.00156574544962,
                0.000759626447689,
                0.000382854836062,
                0.000379349599825,
                0.000403396232286,
                0.000322580861393,
                0.000338889920386,
                0.00025879079476,
                0.000379500561394,
                0.000286485912511,
                0.000355982279871,
                0.000243876114837,
                0.00018332315085,
                0.000178357717232,
                0.000274350633845,
                0.00038324308116,
                0.000300320360111,
                0.000130443382659,
                3.682694296e-05
            ],
            "median": [
                0.000750024162699,
                0.0240221824497,
                0.000673464266583,
                0.000568700372241,
                0.00141714431811,
                0.00149516051169,
                0.000677665986586,
                0.000592503813095,
                0.000471507693874,
                0.00023233666434,
                9.1290959972e-05,
                9.32492694119e-05,
                0.00011787495896,
                9.02716565179e-05,
                8.80021616467e-05,
                6.55008552712e-05,
                0.000106284212961,
                6.55423282296e-05,
                8.56694459799e-05,
                5.63516114198e-05,
                2.82857108687e-05,
                2.77782073681e-05,
                3.81638019462e-05,
                8.83914981387e-05,
                8.29611599329e-05,
                2.56256771536e-05,
                2.23936694965e-06
            ],
            "min": [
                2.20773752602e-23,
                3.51733553331e-24,
                2.8362048654e-23,
                1.49143604686e-23,
                2.22296333035e-23,
                2.4553772147e-23,
                1.32378906277e-23,
                1.53927067888e-23,
                4.45946793145e-23,
                2.73166154726e-23,
                9.27181795826e-23,
                5.66826158462e-23,
                6.14497149183e-23,
                8.92830563719e-23,
                6.43017437023e-23,
                9.6776307271e-23,
                1.78363179854e-22,
                1.4012696556e-22,
                2.02964053307e-22,
                3.84304255378e-22,
                3.75078722729e-22,
                3.99731193997e-22,
                7.33017277657e-22,
                7.62524108635e-22,
                1.11156151052e-21,
                1.70464899998e-21,
                1.99241273545e-21
            ],
            "var": [
                4.70660961582e-05,
                0.00100354489405,
                4.82017749164e-05,
                9.69743268797e-06,
                1.50789965119e-05,
                1.09808643174e-05,
                4.01013039664e-06,
                1.02235444501e-05,
                8.71433894645e-06,
                2.17170395445e-06,
                7.66039420341e-07,
                4.66890554662e-07,
                5.12248959694e-07,
                3.580070711e-07,
                3.92757158352e-07,
                2.05640404261e-07,
                4.13605846461e-07,
                2.47676581466e-07,
                5.5325995163e-07,
                2.79772848444e-07,
                1.89217757907e-07,
                1.77381977551e-07,
                4.17868818658e-07,
                6.97273037531e-07,
                2.90458302743e-07,
                6.97706781239e-08,
                1.74404952702e-08
            ]
        },
        "barkbands_crest": {
            "dmean": 2.1068508625,
            "dmean2": 3.21479201317,
            "dvar": 5.15713644028,
            "dvar2": 12.4190244675,
            "max": 26.1198692322,
            "mean": 13.7823905945,
            "median": 13.3492822647,
            "min": 2.96904754639,
            "var": 22.4587440491
        },
        "barkbands_flatness_db": {
            "dmean": 0.0245111696422,
            "dmean2": 0.0349289216101,
            "dvar": 0.000876747188158,
            "dvar2": 0.00185548630543,
            "max": 0.627075254917,
            "mean": 0.186092108488,
            "median": 0.16208575666,
            "min": 0.02869322896,
            "var": 0.0111411744729
        },
        "barkbands_kurtosis": {
            "dmean": 6.50713348389,
            "dmean2": 9.87772750854,
            "dvar": 318.558563232,
            "dvar2": 764.28112793,
            "max": 654.639709473,
            "mean": 11.7052783966,
            "median": 5.12002515793,
            "min": -1.92809545994,
            "var": 518.667236328
        },
        "barkbands_skewness": {
            "dmean": 0.671047389507,
            "dmean2": 0.993721425533,
            "dvar": 0.816692054272,
            "dvar2": 1.83873736858,
            "max": 19.5305080414,
            "mean": 2.50336694717,
            "median": 2.1229391098,
            "min": -3.02892065048,
            "var": 2.80689907074
        },
        "barkbands_spread": {
            "dmean": 6.29139852524,
            "dmean2": 9.39258480072,
            "dvar": 99.4824981689,
            "dvar2": 211.558151245,
            "max": 110.235488892,
            "mean": 20.0500640869,
            "median": 15.1284418106,
            "min": 0.200004786253,
            "var": 341.27947998
        },
        "dissonance": {
            "dmean": 0.0235426332802,
            "dmean2": 0.0392407625914,
            "dvar": 0.00061445531901,
            "dvar2": 0.00156156870071,
            "max": 0.5,
            "mean": 0.44247725606,
            "median": 0.460950165987,
            "min": 0.0975101664662,
            "var": 0.00353867514059
        },
        "dynamic_complexity": 4.10615205765,
        "erbbands": {
            "dmean": [
                0.384417802095,
                1.606128335,
                2.88737678528,
                3.6619348526,
                4.43380260468,
                4.90508127213,
                14.0898895264,
                8.54075145721,
                10.1035728455,
                11.3120174408,
                24.9503326416,
                20.8557415009,
                9.4189825058,
                13.5444469452,
                8.01109218597,
                9.33920097351,
                10.8325719833,
                9.82271099091,
                13.2705364227,
                9.09366893768,
                8.46199989319,
                11.3938550949,
                9.2123670578,
                8.45531177521,
                12.8471364975,
                7.96802997589,
                4.74885654449,
                5.34720420837,
                4.33974981308,
                4.28786182404,
                4.5483789444,
                5.08455896378,
                3.24707698822,
                1.8978317976,
                1.0175204277,
                0.386268258095,
                0.0995031669736,
                0.0452605746686,
                0.00384972989559,
                0.000103148711787
            ],
            "dmean2": [
                0.565204560757,
                2.5170238018,
                4.88895511627,
                6.27280378342,
                7.07748317719,
                8.27325534821,
                22.7071933746,
                13.5758466721,
                15.5893440247,
                17.4536151886,
                38.143447876,
                30.8976039886,
                13.9680776596,
                20.8779144287,
                12.0284967422,
                15.0780248642,
                17.739780426,
                16.3783721924,
                21.7336502075,
                15.0645904541,
                14.023308754,
                19.4154605865,
                15.0441331863,
                13.9208784103,
                21.0992412567,
                13.5445203781,
                7.86708402634,
                9.35587215424,
                7.48985433578,
                6.80692958832,
                7.05136060715,
                7.96582078934,
                4.9331536293,
                2.79417967796,
                1.47566246986,
                0.552512943745,
                0.138770833611,
                0.0721863806248,
                0.00612613558769,
                0.000158527909662
            ],
            "dvar": [
                1.05519771576,
                26.7618427277,
                102.127464294,
                96.2311935425,
                115.57194519,
                115.615478516,
                563.628723145,
                213.695388794,
                337.272033691,
                503.272705078,
                2510.51806641,
                2569.23828125,
                333.210479736,
                909.45123291,
                310.835571289,
                398.877593994,
                538.808837891,
                413.528930664,
                815.423278809,
                429.688232422,
                301.920257568,
                794.663391113,
                319.454376221,
                392.972839355,
                1496.54663086,
                705.856445313,
                161.148178101,
                327.339294434,
                201.785232544,
                124.386451721,
                116.49911499,
                176.455093384,
                63.7007522583,
                18.128944397,
                4.51392841339,
                0.751231253147,
                0.0485421083868,
                0.0273502543569,
                0.000192919120309,
                8.43770848746e-08
            ],
            "dvar2": [
                2.10603022575,
                68.5383300781,
                266.096374512,
                262.656585693,
                268.137786865,
                312.040252686,
                1428.7989502,
                539.103027344,
                756.049743652,
                1189.9810791,
                5915.02490234,
                5552.14794922,
                702.596740723,
                2045.65014648,
                675.592590332,
                1020.10205078,
                1381.2520752,
                1137.01965332,
                2048.44238281,
                1142.80725098,
                787.731445313,
                2225.90087891,
                820.557373047,
                1008.48199463,
                3775.65478516,
                1992.64880371,
                418.550079346,
                948.436035156,
                588.691162109,
                312.897521973,
                267.106781006,
                423.690948486,
                146.463409424,
                37.7119674683,
                8.87065029144,
                1.37597477436,
                0.0851072445512,
                0.0682090967894,
                0.000497705594171,
                2.09304630516e-07
            ],
            "max": [
                10.3888139725,
                61.6205978394,
                93.2967758179,
                105.382713318,
                141.564834595,
                139.207305908,
                628.881591797,
                275.927581787,
                422.31262207,
                395.671691895,
                1148.56689453,
                1307.72424316,
                557.793518066,
                1099.14697266,
                457.468658447,
                461.246612549,
                531.845947266,
                361.454650879,
                672.224609375,
                371.014526367,
                390.020446777,
                361.983886719,
                463.409576416,
                361.562530518,
                793.84979248,
                412.444488525,
                315.844146729,
                249.495223999,
                167.243682861,
                242.090560913,
                298.200683594,
                326.27746582,
                134.729400635,
                88.6917190552,
                52.6963195801,
                16.4872398376,
                3.26184391975,
                2.83651566505,
                0.260475546122,
                0.0056771193631
            ],
            "mean": [
                1.24856221676,
                4.25917863846,
                3.42284631729,
                4.54000473022,
                5.93180751801,
                7.81673192978,
                26.0558624268,
                16.8658943176,
                19.6979522705,
                21.1765060425,
                48.0102043152,
                39.89402771,
                20.0584278107,
                25.3371925354,
                16.0464820862,
                16.9379024506,
                18.5372428894,
                16.190164566,
                20.6248550415,
                15.0381994247,
                14.2815942764,
                18.48878479,
                18.0627059937,
                15.1817750931,
                19.5438766479,
                12.0723228455,
                7.67046546936,
                6.88880681992,
                6.17905044556,
                7.11106824875,
                8.11885166168,
                8.39214611053,
                5.86311864853,
                3.61517000198,
                1.98560702801,
                0.767162024975,
                0.209787875414,
                0.05878027156,
                0.00484897755086,
                0.00020171990036
            ],
            "median": [
                1.05456590652,
                2.64629721642,
                1.41644537449,
                1.64718806744,
                2.39023828506,
                3.94539046288,
                12.3846540451,
                9.13764858246,
                9.52671909332,
                10.6935586929,
                17.5695075989,
                12.7362070084,
                7.60502004623,
                8.62347412109,
                4.98879098892,
                4.68875312805,
                5.66763353348,
                5.05655097961,
                5.66341590881,
                4.13665676117,
                4.16227006912,
                5.64585971832,
                4.51330089569,
                3.66809988022,
                4.59855747223,
                2.67123603821,
                1.34982025623,
                1.0309677124,
                0.984608530998,
                0.985395371914,
                1.11801290512,
                1.51330220699,
                1.46135687828,
                0.98351842165,
                0.512519478798,
                0.166667044163,
                0.0381005816162,
                0.00570550048724,
                0.000424524303526,
                8.57275590533e-05
            ],
            "min": [
                4.20897076769e-22,
                6.09140114682e-22,
                2.08532555542e-20,
                5.77648591456e-20,
                5.4617514463e-20,
                5.96076689163e-20,
                7.54067087562e-20,
                2.56687198019e-19,
                1.40541243096e-19,
                5.34368395081e-19,
                5.98662404059e-19,
                7.58554917201e-19,
                1.54415967441e-18,
                2.61724867536e-18,
                3.47774853658e-18,
                2.00912058506e-18,
                2.98991339365e-18,
                3.68320076199e-18,
                5.21067206755e-18,
                5.11835498887e-18,
                6.07599191019e-18,
                1.15816568501e-17,
                7.62417995418e-18,
                1.1567206832e-17,
                1.19944472727e-17,
                1.64688218888e-17,
                1.62241501354e-17,
                1.46156196793e-17,
                1.66980468714e-17,
                1.45533247074e-17,
                2.10845641531e-17,
                1.7068926534e-17,
                1.26901582803e-17,
                1.07425441572e-17,
                8.57616971346e-18,
                6.40624128821e-18,
                3.31991627185e-18,
                1.20478266852e-18,
                2.83437960535e-19,
                2.7095205693e-20
            ],
            "var": [
                2.28073859215,
                33.6081695557,
                78.3360900879,
                78.6117782593,
                144.608779907,
                133.988830566,
                1521.72692871,
                482.494415283,
                855.803283691,
                944.592102051,
                6509.06396484,
                6090.48339844,
                1107.54064941,
                2294.73657227,
                909.102478027,
                885.298278809,
                1089.63452148,
                737.132141113,
                1491.78613281,
                686.898132324,
                549.313903809,
                1006.09588623,
                875.264892578,
                697.346496582,
                2010.79968262,
                719.260375977,
                300.252593994,
                289.47064209,
                220.757095337,
                268.150024414,
                379.797454834,
                388.14050293,
                148.257095337,
                46.3120193481,
                12.9310216904,
                2.40646266937,
                0.193699881434,
                0.0330976136029,
                0.000204567666515,
                1.33139849368e-07
            ]
        },
        "erbbands_crest": {
            "dmean": 2.48442578316,
            "dmean2": 3.89678215981,
            "dvar": 5.65381669998,
            "dvar2": 13.339217186,
            "max": 28.4596538544,
            "mean": 9.32399082184,
            "median": 8.35414218903,
            "min": 2.16339874268,
            "var": 18.996837616
        },
        "erbbands_flatness_db": {
            "dmean": 0.0170128792524,
            "dmean2": 0.0241733957082,
            "dvar": 0.000367415777873,
            "dvar2": 0.000725599587895,
            "max": 0.533864140511,
            "mean": 0.152496263385,
            "median": 0.133223071694,
            "min": 0.0413327813148,
            "var": 0.0070996270515
        },
        "erbbands_kurtosis": {
            "dmean": 1.2709966898,
            "dmean2": 1.93822550774,
            "dvar": 3.59280562401,
            "dvar2": 8.16432380676,
            "max": 43.3357429504,
            "mean": 1.4426548481,
            "median": 0.244248390198,
            "min": -1.85225188732,
            "var": 11.3947982788
        },
        "erbbands_skewness": {
            "dmean": 0.413455545902,
            "dmean2": 0.614383995533,
            "dvar": 0.194259509444,
            "dvar2": 0.404735654593,
            "max": 5.58772277832,
            "mean": 0.61325776577,
            "median": 0.548846721649,
            "min": -4.15116786957,
            "var": 0.950389742851
        },
        "erbbands_spread": {
            "dmean": 10.4330406189,
            "dmean2": 15.4826717377,
            "dvar": 206.80670166,
            "dvar2": 464.069793701,
            "max": 176.373153687,
            "mean": 42.5000190735,
            "median": 38.0975494385,
            "min": 2.87505960464,
            "var": 656.002746582
        },
        "gfcc": {
            "cov": [
                [
                    21187.2304688,
                    -5938.94775391,
                    -665.049072266,
                    2688.34960938,
                    332.529144287,
                    1483.10778809,
                    -106.365364075,
                    1788.84301758,
                    307.647125244,
                    1170.34411621,
                    566.995910645,
                    783.310791016,
                    -86.3807296753
                ],
                [
                    -5938.94775391,
                    2894.86499023,
                    93.5420074463,
                    -990.07421875,
                    166.612319946,
                    -369.839691162,
                    263.285797119,
                    -486.252716064,
                    36.2885818481,
                    -319.778198242,
                    -33.7382392883,
                    -240.816360474,
                    80.9640274048
                ],
                [
                    -665.049072266,
                    93.5420074463,
                    1072.83569336,
                    -58.3814201355,
                    -94.252166748,
                    158.080184937,
                    34.9492225647,
                    -34.7559356689,
                    26.8113517761,
                    -7.78560781479,
                    -70.9766845703,
                    16.3046627045,
                    -41.7883872986
                ],
                [
                    2688.34960938,
                    -990.07421875,
                    -58.3814201355,
                    1386.00341797,
                    372.618835449,
                    180.977828979,
                    66.2626647949,
                    308.541717529,
                    254.059295654,
                    233.49836731,
                    196.687896729,
                    188.467254639,
                    42.7976913452
                ],
                [
                    332.529144287,
                    166.612319946,
                    -94.252166748,
                    372.618835449,
                    496.819244385,
                    60.6277999878,
                    162.421691895,
                    112.255439758,
                    167.368057251,
                    121.761901855,
                    117.116424561,
                    97.1357269287,
                    71.9393920898
                ],
                [
                    1483.10778809,
                    -369.839691162,
                    158.080184937,
                    180.977828979,
                    60.6277999878,
                    335.844299316,
                    106.610328674,
                    154.182937622,
                    71.102142334,
                    129.464157104,
                    50.0263137817,
                    71.3361740112,
                    -7.80895805359
                ],
                [
                    -106.365364075,
                    263.285797119,
                    34.9492225647,
                    66.2626647949,
                    162.421691895,
                    106.610328674,
                    349.921936035,
                    3.51897788048,
                    108.955238342,
                    69.9854507446,
                    45.4377937317,
                    55.2820549011,
                    24.5717945099
                ],
                [
                    1788.84301758,
                    -486.252716064,
                    -34.7559356689,
                    308.541717529,
                    112.255439758,
                    154.182937622,
                    3.51897788048,
                    330.680541992,
                    59.2979888916,
                    145.151504517,
                    93.4188613892,
                    80.8760452271,
                    32.6955223083
                ],
                [
                    307.647125244,
                    36.2885818481,
                    26.8113517761,
                    254.059295654,
                    167.368057251,
                    71.102142334,
                    108.955238342,
                    59.2979888916,
                    233.757965088,
                    87.8074493408,
                    72.7046508789,
                    46.8443946838,
                    15.4255046844
                ],
                [
                    1170.34411621,
                    -319.778198242,
                    -7.78560781479,
                    233.49836731,
                    121.761901855,
                    129.464157104,
                    69.9854507446,
                    145.151504517,
                    87.8074493408,
                    216.553253174,
                    76.407585144,
                    84.9709625244,
                    23.0104103088
                ],
                [
                    566.995910645,
                    -33.7382392883,
                    -70.9766845703,
                    196.687896729,
                    117.116424561,
                    50.0263137817,
                    45.4377937317,
                    93.4188613892,
                    72.7046508789,
                    76.407585144,
                    167.012969971,
                    60.4749259949,
                    47.2954673767
                ],
                [
                    783.310791016,
                    -240.816360474,
                    16.3046627045,
                    188.467254639,
                    97.1357269287,
                    71.3361740112,
                    55.2820549011,
                    80.8760452271,
                    46.8443946838,
                    84.9709625244,
                    60.4749259949,
                    148.903701782,
                    41.0405921936
                ],
                [
                    -86.3807296753,
                    80.9640274048,
                    -41.7883872986,
                    42.7976913452,
                    71.9393920898,
                    -7.80895805359,
                    24.5717945099,
                    32.6955223083,
                    15.4255046844,
                    23.0104103088,
                    47.2954673767,
                    41.0405921936,
                    123.78968811
                ]
            ],
            "icov": [
                [
                    0.00020804318774,
                    0.000244344468229,
                    0.000156043082825,
                    -1.61787211255e-05,
                    2.59226981143e-05,
                    -0.000415159534896,
                    4.86545723106e-05,
                    -0.000416380673414,
                    1.09020120362e-05,
                    -0.00011569626804,
                    -0.000187472556718,
                    -0.000242839887505,
                    0.000274977530353
                ],
                [
                    0.000244344468229,
                    0.00157008424867,
                    -0.000144353267387,
                    0.000876766454894,
                    -0.00105275178794,
                    0.000328865251504,
                    -0.00083745655138,
                    0.000214991770918,
                    -0.000650309084449,
                    0.000842214794829,
                    -0.00128401408438,
                    0.00125779572409,
                    -0.000468210288091
                ],
                [
                    0.000156043082825,
                    -0.000144353267387,
                    0.00131862971466,
                    -0.000217364242417,
                    0.000504062336404,
                    -0.00125205842778,
                    0.00032033683965,
                    -0.000232771286392,
                    -0.000178304326255,
                    -0.000101976605947,
                    0.000652760150842,
                    -0.000918822479434,
                    0.000445967103587
                ],
                [
                    -1.61787211255e-05,
                    0.000876766454894,
                    -0.000217364242417,
                    0.00189915846568,
                    -0.00123515049927,
                    0.000566389469896,
                    -0.00022133870516,
                    -3.52221504727e-05,
                    -0.00125189439859,
                    0.000566937611438,
                    -0.00111105700489,
                    0.00031852023676,
                    -0.000138431962114
                ],
                [
                    2.59226981143e-05,
                    -0.00105275178794,
                    0.000504062336404,
                    -0.00123515049927,
                    0.00452445680276,
                    -0.000225101059186,
                    -0.000352006172761,
                    -0.000940046622418,
                    -0.000680161989294,
                    -0.0011714103166,
                    0.000434413028415,
                    -0.00174246565439,
                    -0.00030735519249
                ],
                [
                    -0.000415159534896,
                    0.000328865251504,
                    -0.00125205842778,
                    0.000566389469896,
                    -0.000225101059186,
                    0.00671914964914,
                    -0.00208873744123,
                    -0.000674950599205,
                    -0.00050233467482,
                    -0.000696856586728,
                    -0.000452356674941,
                    0.000922364357393,
                    8.34410529933e-05
                ],
                [
                    4.86545723106e-05,
                    -0.00083745655138,
                    0.00032033683965,
                    -0.00022133870516,
                    -0.000352006172761,
                    -0.00208873744123,
                    0.00493284268305,
                    0.000616635777988,
                    -0.000755988236051,
                    -0.00104605010711,
                    0.000611967931036,
                    -0.0018122921465,
                    0.000352806557203
                ],
                [
                    -0.000416380673414,
                    0.000214991770918,
                    -0.000232771286392,
                    -3.52221504727e-05,
                    -0.000940046622418,
                    -0.000674950599205,
                    0.000616635777988,
                    0.00698411138728,
                    0.000132365647005,
                    -0.00123899918981,
                    -0.00125405157451,
                    0.00115184462629,
                    -0.00164983223658
                ],
                [
                    1.09020120362e-05,
                    -0.000650309084449,
                    -0.000178304326255,
                    -0.00125189439859,
                    -0.000680161989294,
                    -0.00050233467482,
                    -0.000755988236051,
                    0.000132365647005,
                    0.00752511899918,
                    -0.00174070533831,
                    -0.00078412151197,
                    7.18157025403e-05,
                    0.000945879088249
                ],
                [
                    -0.00011569626804,
                    0.000842214794829,
                    -0.000101976605947,
                    0.000566937611438,
                    -0.0011714103166,
                    -0.000696856586728,
                    -0.00104605010711,
                    -0.00123899918981,
                    -0.00174070533831,
                    0.00969925802201,
                    -0.00137077225372,
                    -0.000879829749465,
                    -0.000460933573777
                ],
                [
                    -0.000187472556718,
                    -0.00128401408438,
                    0.000652760150842,
                    -0.00111105700489,
                    0.000434413028415,
                    -0.000452356674941,
                    0.000611967931036,
                    -0.00125405157451,
                    -0.00078412151197,
                    -0.00137077225372,
                    0.0105513343588,
                    -0.00214956072159,
                    -0.00172388553619
                ],
                [
                    -0.000242839887505,
                    0.00125779572409,
                    -0.000918822479434,
                    0.00031852023676,
                    -0.00174246565439,
                    0.000922364357393,
                    -0.0018122921465,
                    0.00115184462629,
                    7.18157025403e-05,
                    -0.000879829749465,
                    -0.00214956072159,
                    0.012798756361,
                    -0.00355346081778
                ],
                [
                    0.000274977530353,
                    -0.000468210288091,
                    0.000445967103587,
                    -0.000138431962114,
                    -0.00030735519249,
                    8.34410529933e-05,
                    0.000352806557203,
                    -0.00164983223658,
                    0.000945879088249,
                    -0.000460933573777,
                    -0.00172388553619,
                    -0.00355346081778,
                    0.0111288838089
                ]
            ],
            "mean": [
                -18.8593769073,
                93.8782272339,
                -77.9714050293,
                17.6392307281,
                -54.7966270447,
                13.7794132233,
                -36.7188262939,
                18.9559402466,
                -17.7045059204,
                6.08753681183,
                -8.25074768066,
                1.4253641367,
                -7.34855318069
            ]
        },
        "hfc": {
            "dmean": 8.62466907501,
            "dmean2": 13.1523399353,
            "dvar": 324.948577881,
            "dvar2": 807.68347168,
            "max": 268.316619873,
            "mean": 26.7934513092,
            "median": 16.4620189667,
            "min": 1.08899565105e-16,
            "var": 946.438842773
        },
        "melbands": {
            "dmean": [
                0.00273515889421,
                0.00159127893858,
                0.00064763543196,
                0.000297609047266,
                0.000428838044172,
                0.000200732712983,
                0.000154489534907,
                0.000139023410156,
                0.000200073758606,
                0.000119840849948,
                4.86965982418e-05,
                5.96732934355e-05,
                3.32367308147e-05,
                2.62865196419e-05,
                2.39329947362e-05,
                2.14873562072e-05,
                1.82895510079e-05,
                2.27220407396e-05,
                1.31600736495e-05,
                1.32787417897e-05,
                1.00827974165e-05,
                1.20462054838e-05,
                1.3805681192e-05,
                8.77206639416e-06,
                7.02200941305e-06,
                9.72836369328e-06,
                7.79940455686e-06,
                5.1079464356e-06,
