{
    "lowlevel": {
        "average_loudness": 0.862952709198,
        "barkbands": {
            "dmean": [
                0.00109994260129,
                0.00405135983601,
                0.00175452895928,
                0.000947740860283,
                0.000996016198769,
                0.000490234757308,
                0.000442304473836,
                0.000222628761549,
                0.000495701329783,
                0.00104477000423,
                0.00105415901635,
                0.000727288483176,
                0.000338540965458,
                0.000742296106182,
                0.000379617646104,
                0.000368635752238,
                0.00021386660228,
                0.000163075485034,
                0.000328174908645,
                0.00028237621882,
                0.000177017922397,
                9.45494175539e-05,
                9.01762105059e-05,
                0.000105402818008,
                0.000104786726297,
                4.4410378905e-05,
                8.13727365312e-06
            ],
            "dmean2": [
                0.00177799374796,
                0.00640783878043,
                0.00289535080083,
                0.00167640356813,
                0.00159693975002,
                0.000771733524743,
                0.000696258095559,
                0.000340073602274,
                0.000730887462851,
                0.00156066729687,
                0.0015615777811,
                0.00107185111847,
                0.000524895207491,
                0.00114635901991,
                0.00057944242144,
                0.00054439791711,
                0.000327598652802,
                0.000247772724833,
                0.000487634184537,
                0.000421525037382,
                0.000258573592873,
                0.000137235605507,
                0.000136652204674,
                0.000153117143782,
                0.000158702809131,
                6.64809776936e-05,
                1.21557077364e-05
            ],
            "dvar": [
                6.53915640214e-06,
                9.5042065368e-05,
                3.95651222789e-05,
                9.68472613749e-06,
                3.28493774759e-06,
                8.14673285277e-07,
                6.77246248415e-07,
                2.65225708063e-07,
                1.48159233504e-06,
                4.82135010316e-06,
                8.40776738187e-06,
                3.71591431758e-06,
                6.15946134985e-07,
                3.98939528168e-06,
                1.06903019059e-06,
                1.23364418414e-06,
                3.08127170001e-07,
                1.34296016086e-07,
                3.47287738123e-07,
                2.68013224058e-07,
                1.38628010404e-07,
                8.8746048732e-08,
                4.90632494632e-08,
                6.89875747639e-08,
                1.00627268296e-07,
                2.13674162808e-08,
                4.98919239256e-10
            ],
            "dvar2": [
                1.5883206288e-05,
                0.000223771610763,
                0.000101043842733,
                2.76359496638e-05,
                8.85747158463e-06,
                2.13786711356e-06,
                1.62122330494e-06,
                5.83490816553e-07,
                3.14558201353e-06,
                1.02163667179e-05,
                1.89067068277e-05,
                8.0919407992e-06,
                1.44442140027e-06,
                9.42485712585e-06,
                2.34382036979e-06,
                2.54464544014e-06,
                7.22401921394e-07,
                2.76990220982e-07,
                7.68998461353e-07,
                5.58004614959e-07,
                2.69752831628e-07,
                1.78316653887e-07,
                9.60422426033e-08,
                1.38254094395e-07,
                2.23116884968e-07,
                4.35027800449e-08,
                1.04451802763e-09
            ],
            "max": [
                0.0450905151665,
                0.148092791438,
                0.081770375371,
                0.0446123294532,
                0.0277451537549,
                0.0163081772625,
                0.0209477208555,
                0.0133591620252,
                0.0225019175559,
                0.0391751974821,
                0.0682198181748,
                0.0386526659131,
                0.0121225239709,
                0.0337708927691,
                0.0180061049759,
                0.0261764451861,
                0.00948233623058,
                0.00756969908252,
                0.0129787623882,
                0.00697390735149,
                0.00464746309444,
                0.00527654029429,
                0.00438892887905,
                0.00561275193468,
                0.00821978598833,
                0.00325507088564,
                0.00055654742755
            ],
            "mean": [
                0.00158228504006,
                0.0075447014533,
                0.00167410704307,
                0.000984497950412,
                0.00194284634199,
                0.000952213827986,
                0.000768199504819,
                0.000377711141482,
                0.000844108231831,
                0.00200463272631,
                0.00215654144995,
                0.00125242164358,
                0.000529687851667,
                0.0013096932089,
                0.000581890519243,
                0.000552741170395,
                0.000319942366332,
                0.00026674993569,
                0.000625429209322,
                0.000547394738533,
                0.000295347679639,
                0.000116140530736,
                0.000135731243063,
                0.000186940043932,
                0.000188319667359,
                7.39872048143e-05,
                1.68981805473e-05
            ],
            "median": [
                0.000290588533971,
                0.00385426566936,
                0.000275018071989,
                0.000254656770267,
                0.00123471720144,
                0.000510907848366,
                0.000401361612603,
                0.000156500987941,
                0.000222981179832,
                0.000420610827859,
                0.000250911398325,
                0.000264838861767,
                0.000122869343613,
                0.000204815296456,
                0.000107364969153,
                9.09467999008e-05,
                8.50135693327e-05,
                9.21240425669e-05,
                0.00026473327307,
                0.000221130350837,
                0.000110568427772,
                2.30046625802e-05,
                4.04076927225e-05,
                7.33207270969e-05,
                7.0806228905e-05,
                1.60876697919e-05,
                2.66020947493e-06
            ],
            "min": [
                1.40352061497e-24,
                9.87016453725e-24,
                3.79326053972e-24,
                2.56528711414e-24,
                3.20747972609e-23,
                1.33814475353e-23,
                1.59774467794e-23,
                8.18728756814e-24,
                3.21838020608e-23,
                1.83392079772e-23,
                2.93086501859e-23,
                7.2705459993e-23,
                4.85121878134e-23,
                3.12272861251e-23,
                6.39759946356e-23,
                8.93639871898e-23,
                8.6939432664e-23,
                1.03142667212e-22,
                2.3506351036e-22,
                2.79777610594e-22,
                2.73495879651e-22,
                2.9866816608e-22,
                4.72126915644e-22,
                6.43349818833e-22,
                1.03514878292e-21,
                1.29189637563e-21,
                2.23175146802e-21
            ],
            "var": [
                1.09028287625e-05,
                0.000179295384442,
                3.28394125972e-05,
                6.80881976223e-06,
                5.76698857913e-06,
                1.5529672055e-06,
                1.2210357454e-06,
                4.87031968532e-07,
                3.21849870488e-06,
                1.50895757542e-05,
                3.59152800229e-05,
                9.52972095547e-06,
                1.34338972657e-06,
                1.0857594134e-05,
                2.17311321649e-06,
                2.54599035543e-06,
                5.52716414859e-07,
                2.58742659298e-07,
                8.71982422268e-07,
                6.32643661902e-07,
                2.48565271477e-07,
                1.21394975849e-07,
                7.90821275132e-08,
                1.36816467489e-07,
                2.14823060674e-07,
                5.32470565417e-08,
                1.52726165048e-09
            ]
        },
        "barkbands_crest": {
            "dmean": 2.47304391861,
            "dmean2": 3.90253353119,
            "dvar": 5.2239613533,
            "dvar2": 12.3040685654,
            "max": 25.4104480743,
            "mean": 9.80007171631,
            "median": 8.88956832886,
            "min": 2.24439001083,
            "var": 17.6232337952
        },
        "barkbands_flatness_db": {
            "dmean": 0.0191330425441,
            "dmean2": 0.0282372683287,
            "dvar": 0.000350600923412,
            "dvar2": 0.000703160127159,
            "max": 0.368099093437,
            "mean": 0.116572894156,
            "median": 0.112725839019,
            "min": 0.0111653571948,
            "var": 0.00204206979834
        },
        "barkbands_kurtosis": {
            "dmean": 2.33547544479,
            "dmean2": 3.63552498817,
            "dvar": 41.2577056885,
            "dvar2": 99.8865432739,
            "max": 219.683334351,
            "mean": 2.74563908577,
            "median": 0.407979846001,
            "min": -1.93004131317,
            "var": 75.5652694702
        },
        "barkbands_skewness": {
            "dmean": 0.509336650372,
            "dmean2": 0.751504063606,
            "dvar": 0.373502373695,
            "dvar2": 0.741021811962,
            "max": 12.3691091537,
            "mean": 1.0374764204,
            "median": 0.812808215618,
            "min": -4.58574819565,
            "var": 1.72216022015
        },
        "barkbands_spread": {
            "dmean": 6.94311523438,
            "dmean2": 10.4099035263,
            "dvar": 82.54246521,
            "dvar2": 162.63130188,
            "max": 125.527046204,
            "mean": 28.5693397522,
            "median": 25.4747676849,
            "min": 0.534856140614,
            "var": 283.013366699
        },
        "dissonance": {
            "dmean": 0.0206985864788,
            "dmean2": 0.0345528572798,
            "dvar": 0.000403040205128,
            "dvar2": 0.00109367188998,
            "max": 0.500000119209,
            "mean": 0.458948373795,
            "median": 0.465075790882,
            "min": 0.255968570709,
            "var": 0.000877874321304
        },
        "dynamic_complexity": 4.21055078506,
        "erbbands": {
            "dmean": [
                0.189717799425,
                0.762944400311,
                1.60032784939,
                3.14139723778,
                2.74443674088,
                3.52607679367,
                4.72241592407,
                3.62223672867,
                6.43151664734,
                4.85648345947,
                4.92155981064,
                11.2315769196,
                28.8590354919,
                29.0076217651,
                39.3493804932,
                30.2355594635,
                15.6727085114,
                28.2396640778,
                27.9168624878,
                19.557767868,
                13.8334674835,
                11.3839740753,
                8.13686275482,
                16.4688301086,
                12.3375864029,
                12.3958930969,
                10.3232460022,
                4.871322155,
                3.2347984314,
                3.19916462898,
                2.39674282074,
                2.41069030762,
                1.69768357277,
                1.29933559895,
                0.702524065971,
                0.258214175701,
                0.0747091025114,
                0.0126821724698,
                0.0014545150334,
                8.3645034465e-05
            ],
            "dmean2": [
                0.312003701925,
                1.16159558296,
                2.53776431084,
                5.5898399353,
                4.5929017067,
                5.64237689972,
                7.45022392273,
                5.79421234131,
                10.4211244583,
                7.35644674301,
                7.32372713089,
                16.0603561401,
                42.6417007446,
                41.9255256653,
                56.8175888062,
                43.7415122986,
                23.7388534546,
                43.0014419556,
                41.7816772461,
                29.3594017029,
                20.6246891022,
                17.3591785431,
                12.2998685837,
                24.5882320404,
                18.374994278,
                18.2289295197,
                15.0939130783,
                7.15085506439,
                4.62599563599,
                4.52639389038,
                3.60961079597,
                3.55968165398,
                2.5230576992,
                1.95219922066,
                1.0790656805,
                0.3977637887,
                0.111612595618,
                0.0189158394933,
                0.00217410735786,
                0.000126859493321
            ],
            "dvar": [
                0.208182319999,
                3.73566126823,
                26.5366134644,
                135.294891357,
                38.8948059082,
                39.8542327881,
                72.1597061157,
                48.2298355103,
                127.983558655,
                122.202980042,
                120.980567932,
                798.266662598,
                3960.72143555,
                4150.24755859,
                15895.4160156,
                7833.4609375,
                1072.26257324,
                6759.96435547,
                4333.98144531,
                2357.62475586,
                1536.76953125,
                910.503967285,
                383.79006958,
                1034.67553711,
                399.775909424,
                540.806335449,
                436.983917236,
                157.248046875,
                107.6039505,
                84.2138977051,
                33.8725471497,
                27.5693798065,
                23.3797206879,
                13.6276416779,
                5.50437355042,
                0.742496371269,
                0.0649032890797,
                0.00179356883746,
                1.60205818247e-05,
                4.17549301801e-08
            ],
            "dvar2": [
                0.546794891357,
                8.18913459778,
                58.6901550293,
                383.733886719,
                108.762832642,
                101.826797485,
                185.418701172,
                128.039962769,
                325.989837646,
                287.644470215,
                253.207229614,
                1542.93322754,
                8505.49414062,
                8829.86914062,
                34210.9257812,
                16912.0273438,
                2425.57128906,
                16427.0898438,
                9647.2109375,
                5318.52392578,
                3277.91552734,
                2071.36206055,
                803.438293457,
                2221.98583984,
                865.293823242,
                1108.62939453,
                863.104431152,
                304.778045654,
                211.810150146,
                154.773529053,
                67.3860321045,
                55.805973053,
                49.0163040161,
                29.659828186,
                12.7954683304,
                1.57541263103,
                0.133055850863,
                0.00374819943681,
                3.3630971302e-05,
                9.27804535422e-08
            ],
            "max": [
                7.10580348969,
                27.4565582275,
                76.6095657349,
                162.463150024,
                88.203414917,
                124.497146606,
                123.909416199,
                152.715042114,
                231.750518799,
                246.098068237,
                273.90234375,
                614.91027832,
                1066.2052002,
                1405.50756836,
                3302.79711914,
                1942.20117188,
                581.142150879,
                1829.81152344,
                1258.0111084,
                697.379089355,
                994.143066406,
                563.689819336,
                415.398162842,
                754.736694336,
                351.559661865,
                414.23135376,
                279.018920898,
                172.476043701,
                154.724365234,
                247.527496338,
                108.742218018,
                93.7344589233,
                105.633369446,
                109.363349915,
                46.338218689,
                17.9962177277,
                5.92174482346,
                1.02306306362,
                0.114598751068,
                0.00467450870201
            ],
            "mean": [
                0.326995819807,
                1.26456594467,
                1.97959291935,
                3.04759216309,
                4.06027030945,
                6.81357526779,
                9.07842445374,
                7.01791954041,
                11.0497379303,
                9.11903858185,
                9.41377067566,
                20.6748065948,
                55.4884414673,
                57.4506149292,
                82.5005264282,
                55.8593788147,
                30.5699825287,
                47.9328689575,
                51.9664039612,
                35.2673873901,
                22.325750351,
                18.1635456085,
                14.4235029221,
                30.7054367065,
                25.291223526,
                24.4551715851,
                19.1439800262,
                7.56872558594,
                4.12169599533,
                4.30704784393,
                3.72051000595,
                4.10887718201,
                2.91928267479,
                2.29468941689,
                1.19693922997,
                0.412914186716,
                0.125557720661,
                0.0231314655393,
                0.00292270537466,
                0.000200602094992
            ],
            "median": [
                0.161589980125,
                0.486655235291,
                0.429916441441,
                0.757321715355,
                2.0724337101,
                3.8747882843,
                4.5212020874,
                4.24686527252,
                6.34772586823,
                4.33375167847,
                4.77709197998,
                6.17968177795,
                14.7584505081,
                15.1041927338,
                12.1344556808,
                12.6731510162,
                9.38307571411,
                11.0887594223,
                11.6143550873,
                8.12163639069,
                5.27630710602,
                5.31822252274,
                4.9186372757,
                11.7995576859,
                12.3364505768,
                10.2821617126,
                7.12746524811,
                2.68434333801,
                0.876785159111,
                1.13128376007,
                1.19483649731,
                1.60271859169,
                1.09629881382,
                0.857265233994,
                0.418036937714,
                0.0887215957046,
                0.0298496428877,
                0.00508568808436,
                0.000466800061986,
                6.53699826216e-05
            ],
            "min": [
                2.16408881083e-22,
                2.53400237528e-21,
                4.89292882351e-21,
                4.15865739586e-21,
                3.05333754467e-20,
                1.04931318059e-19,
                1.10309484843e-19,
                8.31649391189e-20,
                2.53473678888e-19,
                3.56777809897e-19,
                4.09534949926e-19,
                8.01985208083e-19,
                5.05551697287e-19,
                1.26846595971e-18,
                1.97469870464e-18,
                3.05458733703e-18,
                2.54906914056e-18,
                2.40919517372e-18,
                2.68767152399e-18,
                5.52983226227e-18,
                5.40544249612e-18,
                6.00923347167e-18,
                7.23507336686e-18,
                8.58423141571e-18,
                8.42217101728e-18,
                1.33419501332e-17,
                1.29616993415e-17,
                1.19803115832e-17,
                1.092213334e-17,
                1.44904110044e-17,
                1.43327669232e-17,
                1.42751868808e-17,
                9.80833299084e-18,
                9.28507921485e-18,
                8.05094145735e-18,
                4.55140787857e-18,
                2.47548852994e-18,
                1.08898782592e-18,
                2.77424771072e-19,
                3.2470794e-20
            ],
            "var": [
                0.341962695122,
                6.36587285995,
                30.481300354,
                88.562828064,
                39.0653419495,
                83.9071578979,
                149.724731445,
                77.1428222656,
                219.289016724,
                224.320327759,
                288.704650879,
                2028.41015625,
                11299.9335938,
                13735.8193359,
                73648.7109375,
                19857.6210938,
                2969.11547852,
                13516.3994141,
                13406.1738281,
                5462.15527344,
                2868.9597168,
                1774.14501953,
                742.658569336,
                2534.18408203,
                1079.90710449,
                1261.3704834,
                869.501159668,
                243.980728149,
                151.533538818,
                130.631698608,
                54.9767723083,
                51.9862861633,
                44.6647567749,
                26.7609233856,
                11.3553409576,
                1.74341273308,
                0.156108051538,
                0.00427001575008,
                4.65980083391e-05,
                1.44872700503e-07
            ]
        },
        "erbbands_crest": {
            "dmean": 2.88503503799,
            "dmean2": 4.52513217926,
            "dvar": 7.87455892563,
            "dvar2": 18.2889118195,
            "max": 33.1213798523,
            "mean": 10.3255577087,
            "median": 8.93477916718,
            "min": 2.58068299294,
            "var": 29.1531848907
        },
        "erbbands_flatness_db": {
            "dmean": 0.0175374466926,
            "dmean2": 0.0254993643612,
            "dvar": 0.000270816672128,
            "dvar2": 0.000515167834237,
            "max": 0.317546159029,
            "mean": 0.15260322392,
            "median": 0.152484789491,
            "min": 0.0382454060018,
            "var": 0.00218387972564
        },
        "erbbands_kurtosis": {
            "dmean": 1.12373411655,
            "dmean2": 1.70896744728,
            "dvar": 2.7160577774,
            "dvar2": 6.06608581543,
            "max": 44.9453201294,
            "mean": 1.15062534809,
            "median": 0.254765510559,
            "min": -1.79128503799,
            "var": 9.38118076324
        },
        "erbbands_skewness": {
            "dmean": 0.380376875401,
            "dmean2": 0.559548318386,
            "dvar": 0.136331513524,
            "dvar2": 0.278813272715,
            "max": 4.34695768356,
            "mean": 0.26702311635,
            "median": 0.291233658791,
            "min": -4.07344722748,
            "var": 0.66450625658
        },
        "erbbands_spread": {
            "dmean": 7.98584032059,
            "dmean2": 11.9919872284,
            "dvar": 94.7985076904,
            "dvar2": 194.628143311,
            "max": 173.04914856,
            "mean": 34.4678039551,
            "median": 30.4760971069,
            "min": 2.49696230888,
            "var": 375.112854004
        },
        "gfcc": {
            "cov": [
                [
                    13192.0498047,
                    -953.582275391,
                    109.191337585,
                    1000.29431152,
                    18.7473144531,
                    921.491821289,
                    284.913421631,
                    395.313690186,
                    -82.5255737305,
                    245.540313721,
                    334.922943115,
                    288.47177124,
                    197.989715576
                ],
                [
                    -953.582275391,
                    1228.38146973,
                    -206.02015686,
                    -95.4883651733,
                    199.70664978,
                    23.2471599579,
                    72.7983474731,
                    -52.1497879028,
                    13.8254022598,
                    -25.1871852875,
                    55.2099571228,
                    -90.7426300049,
                    8.16323375702
                ],
                [
                    109.191337585,
                    -206.02015686,
                    750.094543457,
                    98.375869751,
                    15.6684961319,
                    96.878112793,
                    24.3239555359,
                    -17.2560501099,
                    85.5139846802,
                    31.0849075317,
                    -14.1916074753,
                    90.7734146118,
                    -78.9775390625
                ],
                [
                    1000.29431152,
                    -95.4883651733,
                    98.375869751,
                    497.68927002,
                    99.0041809082,
                    92.7748184204,
                    61.6527252197,
                    62.3171882629,
                    113.345916748,
                    22.7218036652,
                    59.0711784363,
                    77.4966278076,
                    21.8402519226
                ],
                [
                    18.7473144531,
                    199.70664978,
                    15.6684961319,
                    99.0041809082,
                    328.794555664,
                    107.310897827,
                    75.4230270386,
                    -12.0341033936,
                    93.3771896362,
                    20.3272953033,
                    48.4195251465,
                    39.8653717041,
                    7.84199047089
                ],
                [
                    921.491821289,
                    23.2471599579,
                    96.878112793,
                    92.7748184204,
                    107.310897827,
                    375.41607666,
                    142.648406982,
                    -30.6986427307,
                    54.3752326965,
                    59.1033287048,
                    89.2276916504,
                    44.479598999,
                    2.20384693146
                ],
                [
                    284.913421631,
                    72.7983474731,
                    24.3239555359,
                    61.6527252197,
                    75.4230270386,
                    142.648406982,
                    242.813827515,
                    6.47691202164,
                    15.0747509003,
                    17.149766922,
                    68.8222808838,
                    0.0812221542001,
                    1.09540343285
                ],
                [
                    395.313690186,
                    -52.1497879028,
                    -17.2560501099,
                    62.3171882629,
                    -12.0341033936,
                    -30.6986427307,
                    6.47691202164,
                    203.090957642,
                    5.53837394714,
                    2.69132494926,
                    15.4752912521,
                    0.0806144550443,
                    46.4320602417
                ],
                [
                    -82.5255737305,
                    13.8254022598,
                    85.5139846802,
                    113.345916748,
                    93.3771896362,
                    54.3752326965,
                    15.0747509003,
                    5.53837394714,
                    202.794586182,
                    27.1859951019,
                    18.7200126648,
                    78.0419769287,
                    -11.4935703278
                ],
                [
                    245.540313721,
                    -25.1871852875,
                    31.0849075317,
                    22.7218036652,
                    20.3272953033,
                    59.1033287048,
                    17.149766922,
                    2.69132494926,
                    27.1859951019,
                    115.601966858,
                    43.2059020996,
                    8.20590114594,
                    12.495724678
                ],
                [
                    334.922943115,
                    55.2099571228,
                    -14.1916074753,
                    59.0711784363,
                    48.4195251465,
                    89.2276916504,
                    68.8222808838,
                    15.4752912521,
                    18.7200126648,
                    43.2059020996,
                    138.590759277,
                    30.8887214661,
                    22.475894928
                ],
                [
                    288.47177124,
                    -90.7426300049,
                    90.7734146118,
                    77.4966278076,
                    39.8653717041,
                    44.479598999,
                    0.0812221542001,
                    0.0806144550443,
                    78.0419769287,
                    8.20590114594,
                    30.8887214661,
                    144.398345947,
                    11.7634468079
                ],
                [
                    197.989715576,
                    8.16323375702,
                    -78.9775390625,
                    21.8402519226,
                    7.84199047089,
                    2.20384693146,
                    1.09540343285,
                    46.4320602417,
                    -11.4935703278,
                    12.495724678,
                    22.475894928,
                    11.7634468079,
                    111.369506836
                ]
            ],
            "icov": [
                [
                    0.000137848823215,
                    5.76389211346e-05,
                    6.25613465672e-05,
                    -0.000236325664446,
                    5.9406269429e-05,
                    -0.000359367026249,
                    6.08441332588e-05,
                    -0.000240644993028,
                    0.000340016558766,
                    -0.000149153085658,
                    8.35818900669e-06,
                    -0.00023590202909,
                    1.91367271327e-05
                ],
                [
                    5.76389211346e-05,
                    0.00112907600123,
                    0.000186071862117,
                    0.000180626855581,
                    -0.000677592528518,
                    -5.20960456925e-05,
                    -7.25897843949e-05,
                    0.000173929831362,
                    -0.000235512576182,
                    0.000436717469711,
                    -0.000626085849945,
                    0.000831870711409,
                    -0.000146575053805
                ],
                [
                    6.25613465672e-05,
                    0.000186071862117,
                    0.00177759793587,
                    -0.000266717164777,
                    9.16777862585e-05,
                    -0.000511645164806,
                    -0.000111603279947,
                    -0.00026098935632,
                    3.30072580255e-05,
                    -0.000568814517464,
                    0.000647451612167,
                    -0.00108406890649,
                    0.00135267421138
                ],
                [
                    -0.000236325664446,
                    0.000180626855581,
                    -0.000266717164777,
                    0.0030995241832,
                    -0.000566158036236,
                    0.000437082664575,
                    -0.000362701423001,
                    -0.000251684599789,
                    -0.00164503022097,
                    0.000603787542786,
                    -0.000661641475745,
                    0.00013819267042,
                    -0.000368952780263
                ],
                [
                    5.9406269429e-05,
                    -0.000677592528518,
                    9.16777862585e-05,
                    -0.000566158036236,
                    0.00443746102974,
                    -0.000742698670365,
                    -0.000579987710807,
                    0.000163750257343,
                    -0.00122340186499,
                    -0.000129690452013,
                    -4.17580704379e-05,
                    -0.000593972625211,
                    -0.000280773470877
                ],
                [
                    -0.000359367026249,
                    -5.20960456925e-05,
                    -0.000511645164806,
                    0.000437082664575,
                    -0.000742698670365,
                    0.00521089835092,
                    -0.00202115555294,
                    0.0015090968227,
                    -0.00101306824945,
                    -0.000748228805605,
                    -0.00125355285127,
                    0.000251845602179,
                    -0.000260183092905
                ],
                [
                    6.08441332588e-05,
                    -7.25897843949e-05,
                    -0.000111603279947,
                    -0.000362701423001,
                    -0.000579987710807,
                    -0.00202115555294,
                    0.00603882130235,
                    -0.000521702575497,
                    0.000359206285793,
                    0.000751764106099,
                    -0.00198547937907,
                    0.00103478727397,
                    0.000372204522137
                ],
                [
                    -0.000240644993028,
                    0.000173929831362,
                    -0.00026098935632,
                    -0.000251684599789,
                    0.000163750257343,
                    0.0015090968227,
                    -0.000521702575497,
                    0.00642336206511,
                    -0.00113893148955,
                    0.000543864734937,
                    -0.000787598604802,
                    0.00134045432787,
                    -0.0025961434003
                ],
                [
                    0.000340016558766,
                    -0.000235512576182,
                    3.30072580255e-05,
                    -0.00164503022097,
                    -0.00122340186499,
                    -0.00101306824945,
                    0.000359206285793,
                    -0.00113893148955,
                    0.00876702647656,
                    -0.00212962925434,
                    0.00117229425814,
                    -0.00432138564065,
                    0.00169988360722
                ],
                [
                    -0.000149153085658,
                    0.000436717469711,
                    -0.000568814517464,
                    0.000603787542786,
                    -0.000129690452013,
                    -0.000748228805605,
                    0.000751764106099,
                    0.000543864734937,
                    -0.00212962925434,
                    0.011187447235,
                    -0.00349484221078,
                    0.00225708144717,
                    -0.00150695280172
                ],
                [
                    8.35818900669e-06,
                    -0.000626085849945,
                    0.000647451612167,
                    -0.000661641475745,
                    -4.17580704379e-05,
                    -0.00125355285127,
                    -0.00198547937907,
                    -0.000787598604802,
                    0.00117229425814,
                    -0.00349484221078,
                    0.0113397641107,
                    -0.00288482918404,
                    -0.000475138571346
                ],
                [
                    -0.00023590202909,
                    0.000831870711409,
                    -0.00108406890649,
                    0.00013819267042,
                    -0.000593972625211,
                    0.000251845602179,
                    0.00103478727397,
                    0.00134045432787,
                    -0.00432138564065,
                    0.00225708144717,
                    -0.00288482918404,
                    0.0116246556863,
                    -0.00231454218738
                ],
                [
                    1.91367271327e-05,
                    -0.000146575053805,
                    0.00135267421138,
                    -0.000368952780263,
                    -0.000280773470877,
                    -0.000260183092905,
                    0.000372204522137,
                    -0.0025961434003,
                    0.00169988360722,
                    -0.00150695280172,
                    -0.000475138571346,
                    -0.00231454218738,
                    0.0117759583518
                ]
            ],
            "mean": [
                -2.94852232933,
                68.8267669678,
                -111.888336182,
                19.0590763092,
                -50.5284729004,
                16.0392475128,
                -31.7414283752,
                13.8279733658,
                -34.037273407,
                7.03197431564,
                -8.1134967804,
                -3.41608905792,
                -1.68890297413
            ]
        },
        "hfc": {
            "dmean": 7.91730976105,
            "dmean2": 11.3755187988,
            "dvar": 150.233840942,
            "dvar2": 290.538909912,
            "max": 169.535095215,
            "mean": 26.9208183289,
            "median": 21.6538314819,
            "min": 1.09936565043e-16,
            "var": 560.294799805
        },
        "melbands": {
            "dmean": [
                0.00134118902497,
                0.000787555647548,
                0.000502812268678,
                0.000215007341467,
                0.000164606142789,
                8.6185267719e-05,
                9.34588024393e-05,
                5.23664166394e-05,
                4.37427588622e-05,
                7.72817729739e-05,
                0.000152083171997,
                0.000124334765133,
                0.000125859020045,
                8.67074923008e-05,
                6.91566747264e-05,
                3.2485833799e-05,
                6.36462136754e-05,
                5.60892185604e-05,
                3.11599942506e-05,
                3.31299779646e-05,
                1.43208017107e-05,
                1.41964037539e-05,
                6.95607968737e-06,
                8.26832729217e-06,
                1.5424009689e-05,
                1.27868415802e-05,
                8.12590133137e-06,
