{
    "lowlevel": {
        "average_loudness": 0.889617145061,
        "barkbands": {
            "dmean": [
                0.00120217527729,
                0.00777479913086,
                0.00613328861073,
                0.00271651777439,
                0.00250110100023,
                0.00107319478411,
                0.000801291724201,
                0.000650145346299,
                0.00140187283978,
                0.00120177364442,
                0.000509672740009,
                0.000804849551059,
                0.000698895426467,
                0.000785514479503,
                0.000527087016962,
                0.000290429685265,
                0.000226133517572,
                0.000216943240957,
                0.000312463060254,
                0.000201671442483,
                0.000358944525942,
                0.000219892332098,
                0.000166485813679,
                0.000224879811867,
                0.000179678696441,
                8.83991160663e-05,
                1.83705778909e-05
            ],
            "dmean2": [
                0.00182867283002,
                0.0124366162345,
                0.0104897916317,
                0.00505813676864,
                0.00438480498269,
                0.00182152248453,
                0.00129086640663,
                0.00106901093386,
                0.00213177455589,
                0.00176759809256,
                0.00078594108345,
                0.0012467688648,
                0.00108685612213,
                0.00120359321591,
                0.000838698120788,
                0.000465603050543,
                0.000356084550731,
                0.000342561339494,
                0.000484593299916,
                0.000316062360071,
                0.000579868035857,
                0.000338627432939,
                0.00026117102243,
                0.000349404057488,
                0.000290740339551,
                0.000141354801599,
                3.12894444505e-05
            ],
            "dvar": [
                1.16121991596e-05,
                0.000195523520233,
                0.000266912888037,
                6.40604048385e-05,
                3.33795323968e-05,
                4.41158954345e-06,
                2.23255506171e-06,
                1.98339057533e-06,
                9.31283375394e-06,
                5.42589668839e-06,
                1.64051277807e-06,
                2.75236220659e-06,
                2.19407229451e-06,
                2.72293186754e-06,
                1.28979945657e-06,
                3.05521041355e-07,
                2.92409453095e-07,
                1.77627910602e-07,
                3.07650196874e-07,
                1.52741733928e-07,
                6.48875754905e-07,
                3.33438975986e-07,
                1.69100474068e-07,
                3.78183699468e-07,
                2.6131513664e-07,
                9.87139401332e-08,
                4.79742245929e-09
            ],
            "dvar2": [
                2.71988155873e-05,
                0.00050716655096,
                0.000720271957107,
                0.000182610849151,
                9.36711585382e-05,
                1.17070003398e-05,
                5.33690263183e-06,
                5.05878415424e-06,
                2.01363291126e-05,
                1.15735856525e-05,
                3.70147881767e-06,
                6.07805532127e-06,
                5.07426739205e-06,
                6.09333301327e-06,
                2.94012852464e-06,
                7.23357970855e-07,
                7.28653844817e-07,
                4.16480474996e-07,
                7.13047484169e-07,
                3.69507176856e-07,
                1.67838231846e-06,
                8.31731824746e-07,
                3.98626866627e-07,
                9.05918966509e-07,
                6.58347858007e-07,
                2.58695848743e-07,
                1.16880194412e-08
            ],
            "max": [
                0.0420557558537,
                0.135229721665,
                0.137463450432,
                0.0562215149403,
                0.0487282760441,
                0.0275585446507,
                0.0346709489822,
                0.0258098375052,
                0.0591075569391,
                0.0437763333321,
                0.0378441698849,
                0.0342085212469,
                0.0245069991797,
                0.0471027307212,
                0.0295297820121,
                0.0105605879799,
                0.0122812958434,
                0.00639832252637,
                0.007169181481,
                0.00574942259118,
                0.00802756659687,
                0.0130527243018,
                0.00794424302876,
                0.00935995671898,
                0.00786884501576,
                0.00707178516313,
                0.000913888507057
            ],
            "mean": [
                0.00134594389237,
                0.0132602583617,
                0.00754947634414,
                0.00189669057727,
                0.00257100141607,
                0.00132498412859,
                0.0011030602036,
                0.000800119771156,
                0.00211735349149,
                0.00185695663095,
                0.000825006049126,
                0.00126856169663,
                0.000941723934375,
                0.00108696555253,
                0.000652628950775,
                0.000373759947252,
                0.000303076114506,
                0.000280246691545,
                0.000483209762024,
                0.000281270913547,
                0.000447338301456,
                0.000267467228696,
                0.000184528704267,
                0.000236836334807,
                0.000196157081518,
                0.000103884725831,
                1.88370559044e-05
            ],
            "median": [
                0.000204047682928,
                0.00476273521781,
                0.000781346927397,
                0.000262945890427,
                0.000996618997306,
                0.000465760065708,
                0.000363828381523,
                0.000238770007854,
                0.000494366744533,
                0.000500983500388,
                0.000233579688938,
                0.000331377610564,
                0.000324486842146,
                0.000373271876015,
                0.000183375217603,
                0.00013402159675,
                9.23158513615e-05,
                0.000107272964669,
                0.000224092742428,
                0.000139298877912,
                0.000163891760167,
                7.84699223004e-05,
                3.28854002873e-05,
                3.97159383283e-05,
                3.99411910621e-05,
                1.46890943142e-05,
                1.93791811398e-06
            ],
            "min": [
                1.04816293603e-24,
                1.38213183482e-24,
                7.34623143461e-26,
                1.27790102392e-24,
                1.8618808681e-23,
                1.15861507874e-23,
                1.30916768367e-23,
                9.59985740377e-24,
                2.4571052934e-23,
                1.85666775969e-23,
                1.68504318115e-23,
                2.17584214412e-23,
                4.54306762365e-23,
                4.95989920162e-23,
                5.16024241918e-23,
                6.73009297551e-23,
                6.91826343822e-23,
                1.04940437038e-22,
                1.26146974546e-22,
                1.70392276832e-22,
                2.83642650376e-22,
                3.27456363706e-22,
                3.83129344878e-22,
                5.60834715711e-22,
                7.57957550627e-22,
                1.29945116399e-21,
                2.15826083268e-21
            ],
            "var": [
                1.30241269289e-05,
                0.000361414655345,
                0.000275315571344,
                3.7246649299e-05,
                2.40341196331e-05,
                5.26884696228e-06,
                3.68650671589e-06,
                2.29743318414e-06,
                1.76342418854e-05,
                1.15017101052e-05,
                3.67289840142e-06,
                6.63228547637e-06,
                3.34688706971e-06,
                4.3962518248e-06,
                1.78761945335e-06,
                4.35312216496e-07,
                5.29532144355e-07,
                2.30171920634e-07,
                5.14022133302e-07,
                1.79573206083e-07,
                6.28556506399e-07,
                3.23734553831e-07,
                1.9124573214e-07,
                3.92187274656e-07,
                2.61285720171e-07,
                9.48407929968e-08,
                5.10735365111e-09
            ]
        },
        "barkbands_crest": {
            "dmean": 3.12736797333,
            "dmean2": 4.96746110916,
            "dvar": 8.59812355042,
            "dvar2": 21.6113243103,
            "max": 26.7108325958,
            "mean": 11.2052183151,
            "median": 10.3502244949,
            "min": 2.04418087006,
            "var": 24.8759841919
        },
        "barkbands_flatness_db": {
            "dmean": 0.0296594556421,
            "dmean2": 0.0444025211036,
            "dvar": 0.00101050955709,
            "dvar2": 0.00225831009448,
            "max": 0.495244532824,
            "mean": 0.14276561141,
            "median": 0.135472506285,
            "min": 0.0150520512834,
            "var": 0.00400734972209
        },
        "barkbands_kurtosis": {
            "dmean": 6.44523096085,
            "dmean2": 10.3894939423,
            "dvar": 465.435821533,
            "dvar2": 1218.58569336,
            "max": 536.149658203,
            "mean": 6.48566913605,
            "median": 1.61212253571,
            "min": -1.96911299229,
            "var": 459.904541016
        },
        "barkbands_skewness": {
            "dmean": 0.868202447891,
            "dmean2": 1.28909218311,
            "dvar": 1.32727456093,
            "dvar2": 3.09222388268,
            "max": 20.4651756287,
            "mean": 1.59607887268,
            "median": 1.26918113232,
            "min": -6.5042386055,
            "var": 3.31429505348
        },
        "barkbands_spread": {
            "dmean": 8.66387557983,
            "dmean2": 13.40350914,
            "dvar": 125.801490784,
            "dvar2": 285.557342529,
            "max": 120.412605286,
            "mean": 24.2823734283,
            "median": 20.8433685303,
            "min": 0.165178611875,
            "var": 269.662994385
        },
        "dissonance": {
            "dmean": 0.0236621778458,
            "dmean2": 0.0380075238645,
            "dvar": 0.000567152397707,
            "dvar2": 0.0013678612886,
            "max": 0.500000119209,
            "mean": 0.455514937639,
            "median": 0.464676469564,
            "min": 0.20824213326,
            "var": 0.00139898178168
        },
        "dynamic_complexity": 3.0285410881,
        "erbbands": {
            "dmean": [
                0.244932025671,
                1.85418379307,
                6.3722653389,
                8.58693599701,
                7.75499629974,
                8.6189365387,
                8.4813451767,
                9.36363220215,
                13.1635875702,
                8.67479610443,
                18.0745487213,
                29.2479381561,
                34.5728302002,
                26.5266819,
                24.8558864594,
                27.4632282257,
                29.7771549225,
                33.4946784973,
                31.9470062256,
                22.1342525482,
                13.8634767532,
                13.2324342728,
                11.0490016937,
                14.2544965744,
                14.6443195343,
                8.78228664398,
                8.80013847351,
                17.995557785,
                9.16709136963,
                6.16641044617,
                4.84050369263,
                4.4850859642,
                3.84910392761,
                2.62835168839,
                0.906485497952,
                0.52259260416,
                0.117781400681,
                0.024310907349,
                0.00337252230383,
                0.0001361429604
            ],
            "dmean2": [
                0.387067168951,
                2.89417147636,
                10.6477403641,
                15.6104841232,
                13.7662172318,
                15.2461261749,
                14.7336616516,
                15.7281990051,
                20.9215240479,
                14.6199874878,
                28.648349762,
                44.5113716125,
                51.5563697815,
                39.3621482849,
                38.1757240295,
                42.5435333252,
                45.2092971802,
                50.9224815369,
                49.4851493835,
                34.6848564148,
                21.927236557,
                20.678232193,
                17.3804512024,
                22.1077957153,
                22.9971981049,
                13.6659765244,
                13.3896446228,
                29.5949726105,
                14.2186059952,
                9.71401882172,
                7.55936002731,
                7.14545297623,
                5.96894216537,
                4.3391957283,
                1.42378556728,
                0.828885018826,
                0.192730367184,
                0.0402233339846,
                0.00577328260988,
                0.000228806587984
            ],
            "dvar": [
                0.230936333537,
                12.1807041168,
                252.754257202,
                626.812133789,
                396.404571533,
                408.7862854,
                327.094329834,
                365.081604004,
                589.22442627,
                313.799468994,
                1241.2890625,
                4685.79443359,
                4723.44335938,
                2986.40649414,
                2608.71948242,
                3024.47998047,
                3708.67163086,
                7337.90673828,
                4686.6640625,
                1755.81506348,
                733.824462891,
                1069.21765137,
                536.022705078,
                552.52923584,
                960.48614502,
                283.023956299,
                233.803939819,
                2140.84765625,
                441.460906982,
                286.88369751,
                154.395828247,
                142.181091309,
                122.762413025,
                64.30809021,
                6.47470426559,
                3.67810177803,
                0.151027843356,
                0.00655981432647,
                0.000171177351149,
                2.25754504868e-07
            ],
            "dvar2": [
                0.651885271072,
                30.7150936127,
                656.413330078,
                1765.62231445,
                1112.76074219,
                1151.33984375,
                880.668762207,
                958.896362305,
                1398.39001465,
                822.266418457,
                2979.16210938,
                10272.9619141,
                9924.19628906,
                6427.85888672,
                6062.14257812,
                7088.14599609,
                8265.46289062,
                16614.8222656,
                10534.4365234,
                4248.96435547,
                1729.84631348,
                2699.03466797,
                1286.81225586,
                1197.81359863,
                2449.69702148,
                692.355651855,
                517.716369629,
                5674.16162109,
                1087.22558594,
                732.53918457,
                376.069976807,
                344.498840332,
                294.816864014,
                166.941436768,
                14.8714475632,
                9.66951751709,
                0.392246097326,
                0.0155204636976,
                0.000434645160567,
                5.81130791488e-07
            ],
            "max": [
                4.22839546204,
                32.0470237732,
                125.445861816,
                200.933120728,
                152.446212769,
                173.976730347,
                244.606735229,
                282.345367432,
                546.260498047,
                261.63659668,
                699.653503418,
                1494.12463379,
                1470.7520752,
                954.74029541,
                1397.75854492,
                1393.64868164,
                1232.6673584,
                2991.58984375,
                1840.8026123,
                591.170532227,
                479.02456665,
                810.64654541,
                267.107086182,
                372.91619873,
                437.846923828,
                233.018875122,
                279.653594971,
                478.849945068,
                402.318450928,
                330.034179688,
                311.41027832,
                143.520111084,
                205.697036743,
                148.363082886,
                60.9637565613,
                43.902179718,
                7.63059711456,
                1.08570361137,
                0.191501870751,
                0.00600404804572
            ],
            "mean": [
                0.387664705515,
                2.95692062378,
                8.89371681213,
                7.359790802,
                7.07595300674,
                8.2683801651,
                9.48817825317,
                12.0900812149,
                18.968875885,
                11.0580301285,
                25.7735271454,
                43.5615577698,
                55.8323097229,
                43.380443573,
                45.7583961487,
                43.6045722961,
                44.4566040039,
                48.8392944336,
                44.9709358215,
                29.8684883118,
                19.091178894,
                18.2014217377,
                14.9256477356,
                22.5454521179,
                21.2125015259,
                12.8660326004,
                14.2982273102,
                19.052110672,
                10.8233623505,
                6.98892021179,
                5.24192428589,
                4.66458511353,
                4.07824277878,
                2.65773558617,
                1.10196053982,
                0.614618718624,
                0.136819601059,
                0.0280019994825,
                0.00335221528076,
                0.000166536512552
            ],
            "median": [
                0.134380429983,
                0.872853159904,
                1.35845983028,
                1.28718864918,
                2.05333065987,
                2.9004201889,
                3.34842777252,
                4.14142751694,
                6.48827266693,
                5.01657390594,
                8.6878490448,
                11.4278688431,
                18.9641151428,
                16.3996829987,
                17.6095657349,
                15.3052854538,
                16.6746902466,
                18.724029541,
                16.7129669189,
                10.7078990936,
                7.6883687973,
                5.78705644608,
                5.78579807281,
                10.2305622101,
                10.2755012512,
                6.84003162384,
                6.9287071228,
                6.07062005997,
                3.20835638046,
                1.56925201416,
                0.908392488956,
                0.702651619911,
                0.709169745445,
                0.511837720871,
                0.233796820045,
                0.0894053280354,
                0.0198596864939,
                0.00522462511435,
                0.000342725863447,
                5.98703336436e-05
            ],
            "min": [
                2.09458505326e-23,
                4.40212253991e-22,
                3.89102852088e-22,
                6.0932212067e-21,
                2.37503037845e-20,
                3.99978015321e-20,
                8.40478639499e-20,
                1.09208145556e-19,
                2.03275913222e-19,
                2.67114636821e-19,
                2.11241778843e-19,
                5.72326162428e-19,
                5.54466867714e-19,
                7.21855653458e-19,
                7.41037403176e-19,
                1.07166345857e-18,
                1.97026005347e-18,
                2.6345607384e-18,
                3.02158572572e-18,
                4.08164911357e-18,
                3.51705326416e-18,
                4.03268208926e-18,
                4.9273263118e-18,
                7.69442247744e-18,
                8.02382813123e-18,
                8.47474827138e-18,
                1.02748711281e-17,
                1.07354841707e-17,
                1.07558816174e-17,
                1.0597847107e-17,
                1.18731610882e-17,
                1.01705785421e-17,
                1.07183631864e-17,
                8.89052481601e-18,
                5.56984712441e-18,
                4.23007468037e-18,
                2.33592516942e-18,
                1.0762787128e-18,
                2.53368782046e-19,
                3.0922622086e-20
            ],
            "var": [
                0.388978987932,
                21.2471981049,
                316.626800537,
                403.62902832,
                264.260955811,
                285.554443359,
                309.551055908,
                474.824584961,
                1049.22705078,
                325.788452148,
                2002.49816895,
                7964.33544922,
                9521.78808594,
                6051.64160156,
                7670.13183594,
                6180.04199219,
                6727.43896484,
                10775.9814453,
                7266.62841797,
                2500.93774414,
                1027.28491211,
                1987.34191895,
                684.822814941,
                995.497375488,
                1202.43945312,
                336.205657959,
                423.952972412,
                1699.83532715,
                452.08807373,
                273.196960449,
                163.60748291,
                149.696685791,
                122.518913269,
                56.0520515442,
                8.21615028381,
                3.46032571793,
                0.15259245038,
                0.00751578388736,
                0.000168900325662,
                2.24433748031e-07
            ]
        },
        "erbbands_crest": {
            "dmean": 3.11891555786,
            "dmean2": 5.05992507935,
            "dvar": 8.45332813263,
            "dvar2": 20.570734024,
            "max": 29.6777324677,
            "mean": 9.35474586487,
            "median": 8.53676319122,
            "min": 2.28317952156,
            "var": 18.3766288757
        },
        "erbbands_flatness_db": {
            "dmean": 0.0221878737211,
            "dmean2": 0.0310508199036,
            "dvar": 0.000510176527314,
            "dvar2": 0.000962201680522,
            "max": 0.372850120068,
            "mean": 0.155157059431,
            "median": 0.147721081972,
            "min": 0.0455983243883,
            "var": 0.00271427119151
        },
        "erbbands_kurtosis": {
            "dmean": 1.43928480148,
            "dmean2": 2.24501681328,
            "dvar": 10.0569543839,
            "dvar2": 23.7722797394,
            "max": 77.819519043,
            "mean": 1.01744961739,
            "median": 0.205703258514,
            "min": -1.91748762131,
            "var": 11.9969072342
        },
        "erbbands_skewness": {
            "dmean": 0.510913312435,
            "dmean2": 0.754789590836,
            "dvar": 0.309497326612,
            "dvar2": 0.626019001007,
            "max": 5.98171567917,
            "mean": 0.21877323091,
            "median": 0.245054483414,
            "min": -7.24125385284,
            "var": 0.791974246502
        },
        "erbbands_spread": {
            "dmean": 12.549200058,
            "dmean2": 18.5720539093,
            "dvar": 249.855392456,
            "dvar2": 558.156433105,
            "max": 195.274017334,
            "mean": 39.0780906677,
            "median": 33.9296340942,
            "min": 3.70649647713,
            "var": 592.514099121
        },
        "gfcc": {
            "cov": [
                [
                    18606.8320312,
                    1833.30200195,
                    -596.297241211,
                    802.088439941,
                    -107.88243103,
                    486.408996582,
                    -57.5615158081,
                    190.618148804,
                    -267.196014404,
                    119.152961731,
                    -234.164657593,
                    -45.9597206116,
                    -84.0593719482
                ],
                [
                    1833.30200195,
                    2070.04003906,
                    99.0173187256,
                    142.13835144,
                    351.355773926,
                    140.481933594,
                    248.263595581,
                    16.9568691254,
                    -102.629798889,
                    -19.0388851166,
                    39.51121521,
                    -215.280944824,
                    0.972483932972
                ],
                [
                    -596.297241211,
                    99.0173187256,
                    1404.70996094,
                    655.149902344,
                    393.296142578,
                    292.846069336,
                    9.58957958221,
                    29.3705234528,
                    132.770385742,
                    -47.6405029297,
                    -10.4183549881,
                    56.6067314148,
                    -111.842399597
                ],
                [
                    802.088439941,
                    142.13835144,
                    655.149902344,
                    847.995483398,
                    363.682037354,
                    196.312347412,
                    50.6255531311,
                    67.4288711548,
                    132.617294312,
                    -14.3054761887,
                    -39.8432121277,
                    46.1829719543,
                    -64.7299118042
                ],
                [
                    -107.88243103,
                    351.355773926,
                    393.296142578,
                    363.682037354,
                    659.697631836,
                    338.548492432,
                    244.125320435,
                    49.3145523071,
                    96.2726364136,
                    8.07620239258,
                    23.3242015839,
                    -39.8416290283,
                    -20.0103302002
                ],
                [
                    486.408996582,
                    140.481933594,
                    292.846069336,
                    196.312347412,
                    338.548492432,
                    550.398376465,
                    272.611938477,
                    42.0920219421,
                    37.5304336548,
                    29.9762401581,
                    34.7836341858,
                    -25.1828155518,
                    -14.8393115997
                ],
                [
                    -57.5615158081,
                    248.263595581,
                    9.58957958221,
                    50.6255531311,
                    244.125320435,
                    272.611938477,
                    386.756988525,
                    93.9006576538,
                    54.5816841125,
                    45.8353500366,
                    54.9942131042,
                    -15.0611572266,
                    21.4622859955
                ],
                [
                    190.618148804,
                    16.9568691254,
                    29.3705234528,
                    67.4288711548,
                    49.3145523071,
                    42.0920219421,
                    93.9006576538,
                    227.303619385,
                    78.1832809448,
                    35.1560668945,
                    17.0915126801,
                    33.1603050232,
                    13.2260723114
                ],
                [
                    -267.196014404,
                    -102.629798889,
                    132.770385742,
                    132.617294312,
                    96.2726364136,
                    37.5304336548,
                    54.5816841125,
                    78.1832809448,
                    190.025222778,
                    47.8546142578,
                    5.08438158035,
                    39.0945243835,
                    -7.5484919548
                ],
                [
                    119.152961731,
                    -19.0388851166,
                    -47.6405029297,
                    -14.3054761887,
                    8.07620239258,
                    29.9762401581,
                    45.8353500366,
                    35.1560668945,
                    47.8546142578,
                    120.377227783,
                    53.6766433716,
                    23.5139408112,
                    21.169549942
                ],
                [
                    -234.164657593,
                    39.51121521,
                    -10.4183549881,
                    -39.8432121277,
                    23.3242015839,
                    34.7836341858,
                    54.9942131042,
                    17.0915126801,
                    5.08438158035,
                    53.6766433716,
                    142.95022583,
                    43.5928955078,
                    27.3535308838
                ],
                [
                    -45.9597206116,
                    -215.280944824,
                    56.6067314148,
                    46.1829719543,
                    -39.8416290283,
                    -25.1828155518,
                    -15.0611572266,
                    33.1603050232,
                    39.0945243835,
                    23.5139408112,
                    43.5928955078,
                    142.130172729,
                    20.2095775604
                ],
                [
                    -84.0593719482,
                    0.972483932972,
                    -111.842399597,
                    -64.7299118042,
                    -20.0103302002,
                    -14.8393115997,
                    21.4622859955,
                    13.2260723114,
                    -7.5484919548,
                    21.169549942,
                    27.3535308838,
                    20.2095775604,
                    105.106994629
                ]
            ],
            "icov": [
                [
                    9.4281269412e-05,
                    -0.000127269100631,
                    0.000149083687575,
                    -0.000170097948285,
                    0.000110839238914,
                    -0.000250202545431,
                    0.000197888570256,
                    -0.000112040339445,
                    0.00016263667203,
                    -0.000217360167881,
                    0.000257817242527,
                    -0.000238031570916,
                    0.000124060592498
                ],
                [
                    -0.000127269100631,
                    0.000909025431611,
                    -0.000288730749162,
                    3.7673067709e-05,
                    -0.000386062514735,
                    0.000696898438036,
                    -0.000744771736208,
                    1.30655080284e-05,
                    0.000385818857467,
                    0.000257664796663,
                    -0.000802159425803,
                    0.00151535391342,
                    -0.000325697183143
                ],
                [
                    0.000149083687575,
                    -0.000288730749162,
                    0.00163083698135,
                    -0.000940044992603,
                    -0.000102151549072,
                    -0.00104185892269,
                    0.00101549748797,
                    -0.000125511855003,
                    -0.000265850365395,
                    0.000349045731127,
                    5.28723358002e-05,
                    -0.00095259124646,
                    0.00100022123661
                ],
                [
                    -0.000170097948285,
                    3.7673067709e-05,
                    -0.000940044992603,
                    0.00267801433802,
                    -0.00107062037569,
                    0.000289558578515,
                    8.02313588792e-05,
                    -8.54950849316e-05,
                    -0.000868597242516,
                    0.000312068965286,
                    0.000568717252463,
                    -0.000731284555513,
                    0.000211380349356
                ],
                [
                    0.000110839238914,
                    -0.000386062514735,
                    -0.000102151549072,
                    -0.00107062037569,
                    0.00347408885136,
                    -0.00123023043852,
                    -0.000813814694993,
                    0.000246977375355,
                    -0.000861902546603,
                    0.000336971221259,
                    -0.000278701016214,
                    0.000754783977754,
                    -0.000255376362475
                ],
                [
                    -0.000250202545431,
                    0.000696898438036,
                    -0.00104185892269,
                    0.000289558578515,
                    -0.00123023043852,
                    0.00457163341343,
                    -0.00295845861547,
                    0.000508665980306,
                    0.000703769270331,
                    -0.00029451129376,
                    -0.000755048706196,
                    0.00143734330777,
                    -0.000155537360115
                ],
                [
                    0.000197888570256,
                    -0.000744771736208,
                    0.00101549748797,
                    8.02313588792e-05,
                    -0.000813814694993,
                    -0.00295845861547,
                    0.00621589552611,
                    -0.0016505777603,
                    -0.000716339389328,
                    -0.000415980350226,
                    -0.000260517845163,
                    -0.000846560753416,
                    -7.6128031651e-05
                ],
                [
                    -0.000112040339445,
                    1.30655080284e-05,
                    -0.000125511855003,
                    -8.54950849316e-05,
                    0.000246977375355,
                    0.000508665980306,
                    -0.0016505777603,
                    0.00592256104574,
                    -0.00203923578374,
                    -0.000143904922879,
                    -2.25340536417e-05,
                    -0.000666340929456,
                    -0.000548802432604
                ],
                [
                    0.00016263667203,
                    0.000385818857467,
                    -0.000265850365395,
                    -0.000868597242516,
                    -0.000861902546603,
                    0.000703769270331,
                    -0.000716339389328,
                    -0.00203923578374,
                    0.00902882777154,
                    -0.00382298207842,
                    0.00170014880132,
                    -0.0011853761971,
                    0.000850713578984
                ],
                [
                    -0.000217360167881,
                    0.000257664796663,
                    0.000349045731127,
                    0.000312068965286,
                    0.000336971221259,
                    -0.00029451129376,
                    -0.000415980350226,
                    -0.000143904922879,
                    -0.00382298207842,
                    0.0126984948292,
                    -0.0047288085334,
                    0.000685975130182,
                    -0.00122039939743
                ],
                [
                    0.000257817242527,
                    -0.000802159425803,
                    5.28723358002e-05,
                    0.000568717252463,
                    -0.000278701016214,
                    -0.000755048706196,
                    -0.000260517845163,
                    -2.25340536417e-05,
                    0.00170014880132,
                    -0.0047288085334,
                    0.0113645959646,
                    -0.00467624654993,
                    -0.000467429315904
                ],
                [
                    -0.000238031570916,
                    0.00151535391342,
                    -0.00095259124646,
                    -0.000731284555513,
                    0.000754783977754,
                    0.00143734330777,
                    -0.000846560753416,
                    -0.000666340929456,
                    -0.0011853761971,
                    0.000685975130182,
                    -0.00467624654993,
                    0.0123990755528,
                    -0.00245541683398
                ],
                [
                    0.000124060592498,
                    -0.000325697183143,
                    0.00100022123661,
                    0.000211380349356,
                    -0.000255376362475,
                    -0.000155537360115,
                    -7.6128031651e-05,
                    -0.000548802432604,
                    0.000850713578984,
                    -0.00122039939743,
                    -0.000467429315904,
                    -0.00245541683398,
                    0.0117255263031
                ]
            ],
            "mean": [
                -0.910175144672,
                65.2279663086,
                -112.976226807,
                25.1509399414,
                -54.1613197327,
                20.4272041321,
                -26.7935771942,
                11.5729780197,
                -26.3349876404,
                10.5822553635,
                -14.2818012238,
                -0.0297239404172,
                -6.43754005432
            ]
        },
        "hfc": {
            "dmean": 13.8971748352,
            "dmean2": 20.8689556122,
            "dvar": 519.483276367,
            "dvar2": 1184.9140625,
            "max": 259.286102295,
            "mean": 29.5034828186,
            "median": 23.3775367737,
            "min": 1.08080894526e-16,
            "var": 737.324523926
        },
        "melbands": {
            "dmean": [
                0.00206213304773,
                0.00285653676838,
                0.00143971492071,
                0.000577748927753,
                0.000319913699059,
                0.00020966741431,
                0.000186162098544,
                0.000103163365566,
                0.000174020548002,
                0.000183730531717,
                0.000183385040145,
                0.000124863698147,
                7.6111391536e-05,
                9.77121671895e-05,
                7.09477462806e-05,
                6.89075095579e-05,
                6.54817777104e-05,
                5.88463553868e-05,
                4.07572297263e-05,
                2.3273511033e-05,
                1.55468533194e-05,
                1.41781083585e-05,
                1.20660806715e-05,
                9.93396861304e-06,
                1.23292938952e-05,
                1.39013673106e-05,
                7.78168487159e-06,
