{
    "lowlevel": {
        "average_loudness": 0.912919700146,
        "barkbands": {
            "dmean": [
                5.12698534294e-05,
                0.00253908615559,
                0.00183497427497,
                0.00160918675829,
                0.00212018890306,
                0.000864102737978,
                0.000725147663616,
                0.000363883242244,
                0.000367432308849,
                0.000356346659828,
                0.000371079717297,
                0.000352794537321,
                0.000220359535888,
                0.000427759776358,
                0.000415273738327,
                0.000398555217544,
                0.000429400592111,
                0.000255397491856,
                0.000214496089029,
                0.000108621999971,
                8.12073558336e-05,
                8.62919405336e-05,
                7.66535667935e-05,
                6.5308639023e-05,
                4.241311035e-05,
                1.40075017043e-05,
                7.58975374993e-06
            ],
            "dmean2": [
                7.57047673687e-05,
                0.00440330989659,
                0.00321395159699,
                0.00271441484801,
                0.00346970860846,
                0.0012697938364,
                0.00106531078927,
                0.000525936426129,
                0.000530323304702,
                0.000512723054271,
                0.00052377191605,
                0.000514099607244,
                0.000343614810845,
                0.000660990714096,
                0.000644987332635,
                0.000611877941992,
                0.000684433500282,
                0.000401994824642,
                0.00033696522587,
                0.000176460118382,
                0.000132417451823,
                0.000133485867991,
                0.000113312416943,
                9.46092914091e-05,
                6.042439054e-05,
                1.94185977307e-05,
                1.04278115032e-05
            ],
            "dvar": [
                3.32425074134e-08,
                8.14607265056e-05,
                1.81211216841e-05,
                9.32776765694e-06,
                1.48460303535e-05,
                2.24248697123e-06,
                2.57265514847e-06,
                9.77652121037e-07,
                1.09155098471e-06,
                9.04860144146e-07,
                9.37070979035e-07,
                6.98535359334e-07,
                4.03175533847e-07,
                9.64049149843e-07,
                8.86714758508e-07,
                5.43598901004e-07,
                6.44606529931e-07,
                2.49786751283e-07,
                1.42268518744e-07,
                3.52641897905e-08,
                2.82488539227e-08,
                6.40452313405e-08,
                4.09510256816e-08,
                3.25144782209e-08,
                1.44072265229e-08,
                8.5161061536e-10,
                2.60098609317e-10
            ],
            "dvar2": [
                6.43230109176e-08,
                0.000228575343499,
                5.20157773281e-05,
                2.48292035394e-05,
                3.92197616748e-05,
                4.9778545872e-06,
                5.33932143298e-06,
                1.90147864032e-06,
                2.54648830378e-06,
                1.94957101485e-06,
                2.01760076379e-06,
                1.48732999605e-06,
                1.00040267625e-06,
                2.39028054239e-06,
                2.09967197407e-06,
                1.20690901895e-06,
                1.52756672378e-06,
                5.79164463943e-07,
                3.21078005072e-07,
                8.6864254456e-08,
                7.01227378386e-08,
                1.4279319771e-07,
                8.1931212037e-08,
                5.6968726625e-08,
                2.77199969645e-08,
                1.73183323238e-09,
                5.118946933e-10
            ],
            "max": [
                0.00325065548532,
                0.0965136885643,
                0.0538619533181,
                0.0454923063517,
                0.0554989241064,
                0.0287598799914,
                0.0289916843176,
                0.022958047688,
                0.025941029191,
                0.0190413482487,
                0.0330977700651,
                0.0219593457878,
                0.014377463609,
                0.0225478503853,
                0.0164499823004,
                0.0193927641958,
                0.0177753381431,
                0.0110321966931,
                0.00823826808482,
                0.00321662751958,
                0.00250522862189,
                0.00745508121327,
                0.00475586112589,
                0.00459653325379,
                0.00317664258182,
                0.000594750687014,
                0.000286722934106
            ],
            "mean": [
                6.51084410492e-05,
                0.00341126904823,
                0.00289544789121,
                0.00235354760662,
                0.0042565963231,
                0.00236351974308,
                0.00175880140159,
                0.0007780190208,
                0.000794313964434,
                0.000735805777367,
                0.000810415425804,
                0.000633271643892,
                0.000392398476833,
                0.000756841618568,
                0.000701452721842,
                0.000810260942671,
                0.000824951916002,
                0.000525792303961,
                0.000460617331555,
                0.000233668280998,
                0.000160610899911,
                0.000158854149049,
                0.000154558234499,
                0.00014168585767,
                8.97267091204e-05,
                2.51977762673e-05,
                1.21355642477e-05
            ],
            "median": [
                3.81086442758e-06,
                0.00185608095489,
                0.00170446140692,
                0.00126067118254,
                0.00269259535708,
                0.00139194959775,
                0.000831868965179,
                0.000226020754781,
                0.000359412078978,
                0.00027783997939,
                0.000261040084297,
                0.000316484365612,
                0.000215854204725,
                0.00032812540303,
                0.000312506861519,
                0.000479074486066,
                0.000420909142122,
                0.000298569357255,
                0.000266318005743,
                0.000142089236761,
                9.62359117693e-05,
                6.22310108156e-05,
                4.81055940327e-05,
                5.31228070031e-05,
                3.70524649043e-05,
                8.21399498818e-06,
                2.55207419286e-06
            ],
            "min": [
                1.16456606792e-24,
                9.16688005189e-24,
                1.14031727255e-24,
                7.21826660939e-24,
                8.81405412342e-24,
                2.01775836302e-23,
                1.63490065766e-23,
                1.99180310375e-23,
                2.45717629088e-23,
                2.95733035532e-23,
                2.86412139066e-23,
                4.75808649396e-23,
                3.42240172428e-23,
                6.05093169886e-23,
                7.3749602598e-23,
                1.11829754961e-22,
                7.24107415588e-23,
                1.41784608446e-22,
                1.68064493451e-22,
                2.01198936011e-22,
                3.26658389879e-22,
                3.78296871325e-22,
                4.42633362773e-22,
                7.3048353216e-22,
                1.08145191408e-21,
                1.59423129341e-21,
                2.33910703112e-21
            ],
            "var": [
                4.80430841776e-08,
                6.2178412918e-05,
                1.67456910276e-05,
                1.09861985038e-05,
                2.46071140282e-05,
                7.88671331975e-06,
                9.33653154789e-06,
                3.90164223063e-06,
                2.72025476988e-06,
                2.49664071816e-06,
                3.18350839734e-06,
                1.48706931213e-06,
                5.70695817714e-07,
                1.8448723722e-06,
                1.78070354195e-06,
                1.33357093546e-06,
                1.85348835657e-06,
                6.01574583925e-07,
                3.82112318675e-07,
                8.24371682029e-08,
                4.62776377219e-08,
                1.21758404248e-07,
                1.16640201497e-07,
                1.10836225531e-07,
                4.45421406425e-08,
                1.79623893537e-09,
                5.00447683294e-10
            ]
        },
        "barkbands_crest": {
            "dmean": 2.03726291656,
            "dmean2": 3.32129859924,
            "dvar": 4.20171260834,
            "dvar2": 10.8647041321,
            "max": 26.5718688965,
            "mean": 8.58634185791,
            "median": 7.8736038208,
            "min": 2.50430512428,
            "var": 12.3204278946
        },
        "barkbands_flatness_db": {
            "dmean": 0.0169620420784,
            "dmean2": 0.0261442363262,
            "dvar": 0.000363119965186,
            "dvar2": 0.000835769227706,
            "max": 0.454588234425,
            "mean": 0.128403618932,
            "median": 0.107118345797,
            "min": 0.0294336341321,
            "var": 0.00486020045355
        },
        "barkbands_kurtosis": {
            "dmean": 2.22430825233,
            "dmean2": 3.54925847054,
            "dvar": 35.4339599609,
            "dvar2": 75.9946212769,
            "max": 290.15335083,
            "mean": 3.35619330406,
            "median": 0.702711820602,
            "min": -1.95845878124,
            "var": 78.063079834
        },
        "barkbands_skewness": {
            "dmean": 0.455510050058,
            "dmean2": 0.702818214893,
            "dvar": 0.349836319685,
            "dvar2": 0.76024967432,
            "max": 15.987446785,
            "mean": 1.32267475128,
            "median": 1.17856407166,
            "min": -5.42729520798,
            "var": 1.31152439117
        },
        "barkbands_spread": {
            "dmean": 4.7956662178,
            "dmean2": 7.34311532974,
            "dvar": 44.8862304688,
            "dvar2": 85.5222091675,
            "max": 107.629386902,
            "mean": 25.1837043762,
            "median": 24.042514801,
            "min": 0.542807757854,
            "var": 223.238540649
        },
        "dissonance": {
            "dmean": 0.0145379193127,
            "dmean2": 0.0236202552915,
            "dvar": 0.00027447330649,
            "dvar2": 0.000695619906764,
            "max": 0.500000178814,
            "mean": 0.461047530174,
            "median": 0.473037689924,
            "min": 0.201694622636,
            "var": 0.00142714870162
        },
        "dynamic_complexity": 2.8300948143,
        "erbbands": {
            "dmean": [
                0.0454391762614,
                0.665884613991,
                2.04173851013,
                3.57652521133,
                7.10704088211,
                7.08843994141,
                7.9872751236,
                6.15916824341,
                9.64392471313,
                9.36236000061,
                7.84452009201,
                7.59232616425,
                10.2605285645,
                12.2603740692,
                10.379278183,
                13.734003067,
                10.749505043,
                17.5290031433,
                17.0737819672,
                18.1964550018,
                21.4575328827,
                25.4694099426,
                14.0723409653,
                11.564789772,
                8.50230693817,
                4.57541751862,
                3.54070806503,
                3.10555028915,
                2.94203209877,
                2.96179032326,
                2.12320685387,
                1.48114168644,
                1.09114611149,
                0.598048269749,
                0.24819585681,
                0.0714589208364,
                0.0238708332181,
                0.0082208327949,
                0.00143312430009,
                5.85931738897e-05
            ],
            "dmean2": [
                0.0772564336658,
                1.1634323597,
                3.59559488297,
                6.0995054245,
                11.8202238083,
                11.8047533035,
                12.0843830109,
                9.29258441925,
                14.5775995255,
                13.3587636948,
                11.186750412,
                10.8924303055,
                14.648557663,
                17.0306339264,
                14.7543001175,
                20.0259284973,
                16.1788291931,
                26.9449100494,
                25.8987751007,
                28.0184936523,
                33.1529541016,
                40.7213478088,
                21.9765853882,
                17.9526557922,
                13.1919021606,
                7.3576874733,
                5.75894498825,
                5.060359478,
                4.59636354446,
                4.50949478149,
                3.1454949379,
                2.14233350754,
                1.59283304214,
                0.882777094841,
                0.351001173258,
                0.101310148835,
                0.0335294604301,
                0.0115083539858,
                0.00198430498131,
                7.96981912572e-05
            ],
            "dvar": [
                0.0274575203657,
                5.4436674118,
                29.7599163055,
                34.9229812622,
                300.240020752,
                155.332336426,
                186.389434814,
                172.357315063,
                426.190551758,
                632.877319336,
                386.778686523,
                619.733032227,
                799.251281738,
                1137.84460449,
                863.49621582,
                1109.43481445,
                778.431884766,
                2234.22460938,
                1122.66223145,
                1514.40393066,
                1514.9732666,
                2002.64526367,
                725.936279297,
                464.67364502,
                255.758163452,
                66.4496078491,
                53.5573387146,
                49.2036247253,
                85.2082138062,
                65.6384124756,
                34.9973907471,
                14.4583063126,
                11.4813365936,
                3.66165757179,
                0.342132329941,
                0.0275980867445,
                0.00242715794593,
                0.000308691582177,
                9.21640912566e-06,
                1.61262807552e-08
            ],
            "dvar2": [
                0.0738095417619,
                15.3353395462,
                85.2635574341,
                97.0298919678,
                788.914733887,
                413.500061035,
                459.333740234,
                393.325927734,
                953.683166504,
                1302.67626953,
                879.622436523,
                1413.94946289,
                1636.62634277,
                2312.72094727,
                1890.38830566,
                2278.12158203,
                1904.83447266,
                5543.02783203,
                2664.46069336,
                3309.31567383,
                3598.80322266,
                4961.90234375,
                1703.28039551,
                978.028076172,
                578.508911133,
                163.451324463,
                133.257675171,
                122.78565979,
                196.822158813,
                133.141220093,
                71.3902053833,
                25.2409343719,
                21.1819419861,
                7.08180236816,
                0.646343588829,
                0.0557151436806,
                0.00499543221667,
                0.000627235218417,
                1.79649414349e-05,
                3.1738906614e-08
            ],
            "max": [
                1.89503693581,
                24.8674354553,
                66.7183227539,
                80.9230041504,
                241.741714478,
                282.703643799,
                269.027038574,
                266.88583374,
                480.861328125,
                534.3046875,
                533.553588867,
                759.361694336,
                670.968811035,
                991.728515625,
                978.62677002,
                935.362854004,
                697.157165527,
                921.932495117,
                643.763000488,
                906.536010742,
                1104.53479004,
                1042.97094727,
                550.174072266,
                715.112182617,
                311.617919922,
                175.750289917,
                122.619499207,
                120.814506531,
                324.269317627,
                232.063827515,
                174.822097778,
                97.9435653687,
                90.7157287598,
                55.4917945862,
                13.4452190399,
                3.94033360481,
                0.7251765728,
                0.291011959314,
                0.0523310489953,
                0.00368970376439
            ],
            "mean": [
                0.0655700340867,
                0.899765968323,
                3.17656159401,
                6.25649738312,
                10.6587781906,
                14.3348426819,
                21.5831985474,
                15.1758422852,
                22.4906997681,
                23.7075939178,
                17.6236209869,
                16.3636608124,
                22.7211418152,
                27.8339538574,
                22.4788036346,
                26.0325336456,
                21.2346363068,
                32.3457450867,
                36.1622924805,
                37.3317947388,
                47.6384963989,
                49.3302574158,
                31.0016002655,
                26.033290863,
                19.8870563507,
                10.4688568115,
                7.11401462555,
                5.78438806534,
                5.32676267624,
                5.72181034088,
                4.25658941269,
                3.15533638,
                2.24627232552,
                1.23196065426,
                0.514061808586,
                0.135976091027,
                0.0411505401134,
                0.0130943255499,
                0.00231370236725,
                0.000121506738651
            ],
            "median": [
                0.0282859541476,
                0.488459378481,
                1.76444661617,
                3.99652171135,
                6.12046289444,
                8.54414558411,
                13.5116872787,
                9.23542022705,
                11.5255861282,
                7.59997987747,
                8.46040344238,
                7.28398227692,
                8.57584571838,
                10.2994737625,
                8.03977394104,
                13.4434833527,
                12.2553672791,
                14.8930492401,
                18.9192562103,
                21.0124740601,
                30.4369983673,
                27.3577289581,
                18.250459671,
                15.0049390793,
                11.7924385071,
                6.38611412048,
                4.39395236969,
                3.19329476357,
                2.17209148407,
                1.82338428497,
                1.39040386677,
                1.16831564903,
                0.795543551445,
                0.455262094736,
                0.218641504645,
                0.0514000803232,
                0.0128253940493,
                0.00302493292838,
                0.000485045777168,
                5.78831604798e-05
            ],
            "min": [
                3.99739372907e-22,
                2.27626170136e-21,
                5.58742772711e-21,
                1.20418594818e-20,
                2.52107751665e-20,
                3.96043640598e-20,
                9.77644055118e-20,
                1.68849677179e-19,
                2.45353686254e-19,
                3.08129224272e-19,
                4.65656569548e-19,
                4.95970257456e-19,
                1.23823013018e-18,
                1.07536757335e-18,
                1.17288896225e-18,
                2.5066231946e-18,
                1.75152123947e-18,
                3.41817726361e-18,
                4.23002711749e-18,
                4.84123624878e-18,
                5.48601030137e-18,
                4.36638577351e-18,
                9.42415557278e-18,
                8.21317887243e-18,
                1.16065400973e-17,
                1.09887188978e-17,
                9.6236086708e-18,
                1.2776190027e-17,
                1.49565289339e-17,
                1.12750755909e-17,
                1.38854359198e-17,
                1.47536298014e-17,
                1.23583380863e-17,
                9.12296504968e-18,
                8.42242330737e-18,
                4.70186500096e-18,
                3.10680187242e-18,
                1.14834227417e-18,
                3.17283218521e-19,
                3.1476564909e-20
            ],
            "var": [
                0.0243895314634,
                4.05827665329,
                25.0791702271,
                48.2805137634,
                286.934814453,
                308.263427734,
                601.519958496,
                403.432006836,
                1285.99194336,
                2627.73535156,
                991.145080566,
                1607.60852051,
                2571.5859375,
                3650.53735352,
                2586.91455078,
                2565.55297852,
                1278.52954102,
                3731.58447266,
                3078.375,
                3460.60717773,
                3863.73461914,
                4960.15820312,
                1868.00512695,
                1415.4387207,
                724.969543457,
                162.809860229,
                89.9367904663,
                74.1463851929,
                141.551925659,
                172.891052246,
                89.7256851196,
                46.0804862976,
                36.2922477722,
                10.5056123734,
                1.12690806389,
                0.0669113993645,
                0.00473826052621,
                0.000551320728846,
                1.81620980584e-05,
                3.2086148849e-08
            ]
        },
        "erbbands_crest": {
            "dmean": 2.09173750877,
            "dmean2": 3.3655860424,
            "dvar": 4.54794120789,
            "dvar2": 11.4121074677,
            "max": 26.9138031006,
            "mean": 8.17159461975,
            "median": 7.29012584686,
            "min": 2.10998821259,
            "var": 13.5194501877
        },
        "erbbands_flatness_db": {
            "dmean": 0.0149594917893,
            "dmean2": 0.0206260234118,
            "dvar": 0.000250646902714,
            "dvar2": 0.000454053544672,
            "max": 0.335777640343,
            "mean": 0.150994509459,
            "median": 0.140875414014,
            "min": 0.0399297550321,
            "var": 0.00252488418482
        },
        "erbbands_kurtosis": {
            "dmean": 0.799131691456,
            "dmean2": 1.20996439457,
            "dvar": 2.26623272896,
            "dvar2": 4.73347043991,
            "max": 48.3797912598,
            "mean": 0.458296209574,
            "median": -0.237553358078,
            "min": -1.8303347826,
            "var": 7.34408473969
        },
        "erbbands_skewness": {
            "dmean": 0.294683784246,
            "dmean2": 0.431667178869,
            "dvar": 0.112068846822,
            "dvar2": 0.204882413149,
            "max": 5.68343067169,
            "mean": -0.012220190838,
            "median": -0.126876875758,
            "min": -4.27905464172,
            "var": 0.814319431782
        },
        "erbbands_spread": {
            "dmean": 7.37268590927,
            "dmean2": 11.232252121,
            "dvar": 89.5919952393,
            "dvar2": 201.985412598,
            "max": 151.92300415,
            "mean": 38.6996116638,
            "median": 37.1176872253,
            "min": 3.46462249756,
            "var": 293.980621338
        },
        "gfcc": {
            "cov": [
                [
                    17172.5410156,
                    -1640.01049805,
                    -2020.86035156,
                    612.765563965,
                    -174.468933105,
                    22.0947608948,
                    -589.996887207,
                    254.372634888,
                    -121.712219238,
                    19.6093826294,
                    -213.509567261,
                    91.4983215332,
                    -132.336090088
                ],
                [
                    -1640.01049805,
                    1917.93493652,
                    70.488243103,
                    -282.436981201,
                    165.64906311,
                    -72.5338287354,
                    166.526428223,
                    -95.1614685059,
                    64.9137420654,
                    -68.2708511353,
                    147.481033325,
                    -125.463066101,
                    56.4525222778
                ],
                [
                    -2020.86035156,
                    70.488243103,
                    1049.10986328,
                    0.384472042322,
                    31.0269165039,
                    105.818840027,
                    129.826812744,
                    -47.5266685486,
                    46.1867103577,
                    77.9122314453,
                    -46.4276008606,
                    46.6233978271,
                    -29.838186264
                ],
                [
                    612.765563965,
                    -282.436981201,
                    0.384472042322,
                    415.79385376,
                    -19.5187606812,
                    37.9734153748,
                    -84.8134002686,
                    17.1349468231,
                    25.8841304779,
                    1.06578230858,
                    -36.7975769043,
                    32.6945266724,
                    8.67278862
                ],
                [
                    -174.468933105,
                    165.64906311,
                    31.0269165039,
                    -19.5187606812,
                    331.906646729,
                    -2.03755068779,
                    87.5464096069,
                    10.4945363998,
                    30.0864944458,
                    1.63980507851,
                    -17.6619987488,
                    -2.6923251152,
                    1.22339916229
                ],
                [
                    22.0947608948,
                    -72.5338287354,
                    105.818840027,
                    37.9734153748,
                    -2.03755068779,
                    215.735137939,
                    64.1035079956,
                    21.7782115936,
                    -0.995494961739,
                    24.9632110596,
                    -1.92354440689,
                    -5.03844690323,
                    -9.8583316803
                ],
                [
                    -589.996887207,
                    166.526428223,
                    129.826812744,
                    -84.8134002686,
                    87.5464096069,
                    64.1035079956,
                    238.038848877,
                    -0.308412522078,
                    0.565245628357,
                    16.7275867462,
                    -1.52362751961,
                    2.69829130173,
                    -4.95448970795
                ],
                [
                    254.372634888,
                    -95.1614685059,
                    -47.5266685486,
                    17.1349468231,
                    10.4945363998,
                    21.7782115936,
                    -0.308412522078,
                    134.400787354,
                    15.646232605,
                    -2.77751207352,
                    9.33258342743,
                    -6.2791724205,
                    2.34053730965
                ],
                [
                    -121.712219238,
                    64.9137420654,
                    46.1867103577,
                    25.8841304779,
                    30.0864944458,
                    -0.995494961739,
                    0.565245628357,
                    15.646232605,
                    118.362884521,
                    29.6652488708,
                    -10.3107585907,
                    -2.50987100601,
                    1.02315473557
                ],
                [
                    19.6093826294,
                    -68.2708511353,
                    77.9122314453,
                    1.06578230858,
                    1.63980507851,
                    24.9632110596,
                    16.7275867462,
                    -2.77751207352,
                    29.6652488708,
                    87.9606323242,
                    7.38530445099,
                    13.462474823,
                    -4.04123210907
                ],
                [
                    -213.509567261,
                    147.481033325,
                    -46.4276008606,
                    -36.7975769043,
                    -17.6619987488,
                    -1.92354440689,
                    -1.52362751961,
                    9.33258342743,
                    -10.3107585907,
                    7.38530445099,
                    110.101669312,
                    7.37877082825,
                    12.4098834991
                ],
                [
                    91.4983215332,
                    -125.463066101,
                    46.6233978271,
                    32.6945266724,
                    -2.6923251152,
                    -5.03844690323,
                    2.69829130173,
                    -6.2791724205,
                    -2.50987100601,
                    13.462474823,
                    7.37877082825,
                    85.1699981689,
                    20.4061069489
                ],
                [
                    -132.336090088,
                    56.4525222778,
                    -29.838186264,
                    8.67278862,
                    1.22339916229,
                    -9.8583316803,
                    -4.95448970795,
                    2.34053730965,
                    1.02315473557,
                    -4.04123210907,
                    12.4098834991,
                    20.4061069489,
                    74.053894043
                ]
            ],
            "icov": [
                [
                    0.00010689492774,
                    -4.15701470047e-05,
                    0.000246028852416,
                    -8.09655248304e-05,
                    3.91212461182e-06,
                    -0.000124598824186,
                    0.000197431654669,
                    -0.000190271850443,
                    0.000173298278241,
                    -0.00029817657196,
                    0.000378214637749,
                    -0.000372678390704,
                    0.000354545045411
                ],
                [
                    -4.15701470047e-05,
                    0.00111901608761,
                    -0.000312485703034,
                    0.000334506883519,
                    -0.000360980280675,
                    0.000383135396987,
                    -0.000722326571122,
                    0.00109489262104,
                    -0.00111556833144,
                    0.00138448900543,
                    -0.00194633740466,
                    0.00207231962122,
                    -0.00127229013015
                ],
                [
                    0.000246028852416,
                    -0.000312485703034,
                    0.00181118596811,
                    -0.0002100852289,
                    0.000135695037898,
                    -0.000768339028582,
                    9.6042676887e-05,
                    -0.000200637456146,
                    0.00023454616894,
                    -0.00156310386956,
                    0.00170382217038,
                    -0.00194825429935,
                    0.00150327989832
                ],
                [
                    -8.09655248304e-05,
                    0.000334506883519,
                    -0.0002100852289,
                    0.00317395152524,
                    -0.000180044167791,
                    -0.000808824959677,
                    0.00103084195871,
                    0.000163864984643,
                    -0.00106494582724,
                    0.000864433532115,
                    0.000288634153549,
                    -0.000620066595729,
                    -0.000712581269909
                ],
                [
                    3.91212461182e-06,
                    -0.000360980280675,
                    0.000135695037898,
                    -0.000180044167791,
                    0.00362834194675,
                    0.000337420147844,
                    -0.00127154332586,
                    -0.000579463550821,
                    -0.000529488257598,
                    -0.000154966634,
                    0.00107765686698,
                    -0.000552476150915,
                    0.000246658484684
                ],
                [
                    -0.000124598824186,
                    0.000383135396987,
                    -0.000768339028582,
                    -0.000808824959677,
                    0.000337420147844,
                    0.00610814942047,
                    -0.00221125897951,
                    -0.000539388565812,
                    0.000302335014567,
                    -0.000677422038279,
                    -0.00118927482981,
                    0.00216861837544,
                    -0.000492344668601
                ],
                [
                    0.000197431654669,
                    -0.000722326571122,
                    9.6042676887e-05,
                    0.00103084195871,
                    -0.00127154332586,
                    -0.00221125897951,
                    0.00674117729068,
                    -0.00094702153001,
                    0.00121679890435,
                    -0.00151146401186,
                    0.00189806672279,
                    -0.00237163132988,
                    0.00126515550073
                ],
                [
                    -0.000190271850443,
                    0.00109489262104,
                    -0.000200637456146,
                    0.000163864984643,
                    -0.000579463550821,
                    -0.000539388565812,
                    -0.00094702153001,
                    0.00935019738972,
                    -0.00263395905495,
                    0.00235443096608,
                    -0.00316528696567,
                    0.00278111454099,
                    -0.00176686572377
                ],
                [
                    0.000173298278241,
                    -0.00111556833144,
                    0.00023454616894,
                    -0.00106494582724,
                    -0.000529488257598,
                    0.000302335014567,
                    0.00121679890435,
                    -0.00263395905495,
                    0.0114584034309,
                    -0.00541106471792,
                    0.00313943461515,
                    -0.00107779714745,
                    0.00091027043527
                ],
                [
                    -0.00029817657196,
                    0.00138448900543,
                    -0.00156310386956,
                    0.000864433532115,
                    -0.000154966634,
                    -0.000677422038279,
                    -0.00151146401186,
                    0.00235443096608,
                    -0.00541106471792,
                    0.0164547115564,
                    -0.00461091008037,
                    0.000963375961874,
                    -0.00110253097955
                ],
                [
                    0.000378214637749,
                    -0.00194633740466,
                    0.00170382217038,
                    0.000288634153549,
                    0.00107765686698,
                    -0.00118927482981,
                    0.00189806672279,
                    -0.00316528696567,
                    0.00313943461515,
                    -0.00461091008037,
                    0.0144686298445,
                    -0.00547473691404,
                    0.00165218510665
                ],
                [
                    -0.000372678390704,
                    0.00207231962122,
                    -0.00194825429935,
                    -0.000620066595729,
                    -0.000552476150915,
                    0.00216861837544,
                    -0.00237163132988,
                    0.00278111454099,
                    -0.00107779714745,
                    0.000963375961874,
                    -0.00547473691404,
                    0.018887585029,
                    -0.0071265809238
                ],
                [
                    0.000354545045411,
                    -0.00127229013015,
                    0.00150327989832,
                    -0.000712581269909,
                    0.000246658484684,
                    -0.000492344668601,
                    0.00126515550073,
                    -0.00176686572377,
                    0.00091027043527,
                    -0.00110253097955,
                    0.00165218510665,
                    -0.0071265809238,
                    0.017481347546
                ]
            ],
            "mean": [
                0.324612796307,
                91.0802307129,
                -109.994659424,
                31.16938591,
                -46.9153327942,
                6.12190818787,
                -45.7589035034,
                4.26674699783,
                -22.9526004791,
                -4.83926868439,
                -13.2742166519,
                -2.04926562309,
                -9.61447906494
            ]
        },
        "hfc": {
            "dmean": 4.99033689499,
            "dmean2": 7.26360607147,
            "dvar": 47.8589859009,
            "dvar2": 94.8029556274,
            "max": 99.0376052856,
            "mean": 22.9470119476,
            "median": 19.8586654663,
            "min": 1.17017217851e-16,
            "var": 268.140533447
        },
        "melbands": {
            "dmean": [
                0.000562513014302,
                0.00101882417221,
                0.000705960264895,
                0.000511001446284,
                0.000267459836323,
                0.000145674741361,
                0.000144136545714,
                9.75155635388e-05,
                7.09674786776e-05,
                4.72833635285e-05,
                5.30795296072e-05,
                5.01015856571e-05,
                3.84832092095e-05,
                2.5617702704e-05,
                4.87622237415e-05,
                2.03114086617e-05,
                3.89411434298e-05,
                2.92222721328e-05,
                3.90238274122e-05,
                2.6849200367e-05,
                2.58209202002e-05,
                3.1225325074e-05,
                1.40605952765e-05,
                1.21032708194e-05,
                1.01355326478e-05,
                8.71530210134e-06,
