{
    "lowlevel": {
        "average_loudness": 0.8741492033,
        "barkbands": {
            "dmean": [
                0.000144668112625,
                0.00449719186872,
                0.00195551570505,
                0.00115577189717,
                0.00108643516432,
                0.000674040522426,
                0.000369913497707,
                0.000307212816551,
                0.000950654910412,
                0.000936297466978,
                0.00122551363893,
                0.000386388011975,
                0.000477866124129,
                0.00023886821873,
                0.000436526112026,
                0.000352677830961,
                0.000365077197785,
                0.000295316363918,
                0.000195307540707,
                0.000188547259313,
                0.000118424606626,
                6.15584795014e-05,
                7.93309591245e-05,
                5.27220690856e-05,
                4.23548663093e-05,
                2.12541581277e-05,
                5.31194928044e-06
            ],
            "dmean2": [
                0.000246816198342,
                0.0074511738494,
                0.00334516260773,
                0.00192116806284,
                0.00182575569488,
                0.00109617225826,
                0.000610871356912,
                0.000489358732011,
                0.00147464114707,
                0.00149177911226,
                0.00192210625391,
                0.00061717571225,
                0.000784846313763,
                0.000385893887142,
                0.000700128031895,
                0.000550127471797,
                0.000592957716435,
                0.000486831209855,
                0.000316900433972,
                0.00030331191374,
                0.000184308548342,
                9.03543332242e-05,
                0.00011821348744,
                7.79458714533e-05,
                6.03846056038e-05,
                3.07344125758e-05,
                7.43390774005e-06
            ],
            "dvar": [
                7.16912040843e-08,
                6.92197718308e-05,
                2.24041159527e-05,
                9.7826059573e-06,
                4.99057023262e-06,
                1.76307344191e-06,
                5.28133853095e-07,
                4.3731444066e-07,
                7.28308305042e-06,
                5.811641131e-06,
                8.55604957906e-06,
                7.87277770087e-07,
                1.6347997871e-06,
                4.23719029641e-07,
                9.35398361435e-07,
                1.02436956695e-06,
                6.30679835467e-07,
                2.78404144183e-07,
                1.006497925e-07,
                8.94439509125e-08,
                6.30501517662e-08,
                1.98354417336e-08,
                2.69393414243e-08,
                1.80669079697e-08,
                1.2504076885e-08,
                3.92882881783e-09,
                2.64375604742e-10
            ],
            "dvar2": [
                2.03169847168e-07,
                0.000193703031982,
                6.09569324297e-05,
                2.43241393036e-05,
                1.33268085847e-05,
                4.42787859356e-06,
                1.36666483286e-06,
                1.06733818939e-06,
                1.71057236003e-05,
                1.46139582284e-05,
                1.97325407498e-05,
                1.93925006897e-06,
                4.34698768004e-06,
                1.04919286059e-06,
                2.32256365962e-06,
                2.74056083072e-06,
                1.73393596015e-06,
                7.48141246731e-07,
                2.54104406849e-07,
                2.27713329082e-07,
                1.48929274246e-07,
                4.01240747294e-08,
                5.72324019288e-08,
                3.90184453636e-08,
                2.49435121447e-08,
                8.62549764946e-09,
                5.63941060516e-10
            ],
            "max": [
                0.00396806234494,
                0.0965756326914,
                0.0719223245978,
                0.0460575856268,
                0.0319942086935,
                0.0240451265126,
                0.0125441867858,
                0.0197511333972,
                0.0577256940305,
                0.0432922057807,
                0.0554354675114,
                0.0220170076936,
                0.0263666044921,
                0.0223278347403,
                0.0261472091079,
                0.0314129963517,
                0.0163206346333,
                0.0160349849612,
                0.00574859930202,
                0.00487646320835,
                0.00550159206614,
                0.00386974727735,
                0.00309476489201,
                0.00305594620295,
                0.00295379431918,
                0.00183922273573,
                0.000282618828351
            ],
            "mean": [
                0.00051470217295,
                0.0143665997311,
                0.00299806403928,
                0.00132024777122,
                0.00157719443087,
                0.00112609169446,
                0.000563651905395,
                0.000462523224996,
                0.00144571543206,
                0.00149737321772,
                0.00201202230528,
                0.000716855050996,
                0.000734516477678,
                0.00037535795127,
                0.000714641879313,
                0.000538069172762,
                0.000652242277283,
                0.000562449626159,
                0.00038742372999,
                0.000429871171946,
                0.000227960335906,
                0.000125880600535,
                0.000165467048646,
                0.000100105942693,
                8.55986145325e-05,
                3.69780645997e-05,
                1.09711590994e-05
            ],
            "median": [
                0.000211012826185,
                0.0133594367653,
                0.000938349985518,
                0.00025333405938,
                0.000832333986182,
                0.00053903774824,
                0.000282744178548,
                0.000198169029318,
                0.000287917733658,
                0.000324225926306,
                0.000397645519115,
                0.000205000018468,
                0.000183123454917,
                0.000114876340376,
                0.000276442267932,
                0.000171492662048,
                0.000277098908555,
                0.000306955626002,
                0.000225032650633,
                0.000259968568571,
                0.000112871901365,
                5.30509860255e-05,
                6.07150323049e-05,
                3.40883270837e-05,
                2.79678461084e-05,
                1.01283894764e-05,
                2.91813489639e-06
            ],
            "min": [
                8.95448733898e-25,
                2.00567648494e-24,
                1.05327189508e-24,
                7.14081427356e-25,
                1.34242716384e-23,
                1.59440574527e-23,
                7.51611524365e-24,
                1.17311773428e-23,
                1.84393175815e-23,
                1.75907635716e-23,
                1.19161478701e-23,
                2.01779149518e-23,
                2.19619443993e-23,
                4.09594284029e-23,
                4.28693963386e-23,
                7.51056355615e-23,
                6.46833378103e-23,
                1.14493694062e-22,
                1.19861469693e-22,
                1.20275325056e-22,
                2.36022361324e-22,
                3.08422601567e-22,
                4.13974412118e-22,
                6.44810915447e-22,
                8.97674838631e-22,
                1.35333897187e-21,
                1.90598710367e-21
            ],
            "var": [
                3.63412397064e-07,
                0.000115246388305,
                2.80289295915e-05,
                1.1626462765e-05,
                5.27683778273e-06,
                3.35905815518e-06,
                7.37902496439e-07,
                6.70249619361e-07,
                1.5771624021e-05,
                1.28102683448e-05,
                2.09486188396e-05,
                3.00003102893e-06,
                3.33065395353e-06,
                9.20047170894e-07,
                1.65306141753e-06,
                2.0312329525e-06,
                1.51854294472e-06,
                6.64915660309e-07,
                2.39441703798e-07,
                2.65505434527e-07,
                1.1285915491e-07,
                4.43415224538e-08,
                7.32321083774e-08,
                3.43444845896e-08,
                2.68733906239e-08,
                6.44628750379e-09,
                5.39381039832e-10
            ]
        },
        "barkbands_crest": {
            "dmean": 2.49547934532,
            "dmean2": 4.00682115555,
            "dvar": 5.56725072861,
            "dvar2": 14.3421669006,
            "max": 25.9840278625,
            "mean": 13.3383798599,
            "median": 12.9520549774,
            "min": 2.26969766617,
            "var": 24.2743186951
        },
        "barkbands_flatness_db": {
            "dmean": 0.0211318042129,
            "dmean2": 0.0306398775429,
            "dvar": 0.000543188711163,
            "dvar2": 0.00100439798553,
            "max": 0.37544849515,
            "mean": 0.137673288584,
            "median": 0.129119813442,
            "min": 0.0174800921232,
            "var": 0.00329901650548
        },
        "barkbands_kurtosis": {
            "dmean": 3.66919994354,
            "dmean2": 5.58807182312,
            "dvar": 72.1628723145,
            "dvar2": 154.392471313,
            "max": 222.232009888,
            "mean": 5.47811317444,
            "median": 1.20730090141,
            "min": -1.83971345425,
            "var": 155.523406982
        },
        "barkbands_skewness": {
            "dmean": 0.576187193394,
            "dmean2": 0.859977304935,
            "dvar": 0.483789235353,
            "dvar2": 1.0043451786,
            "max": 13.1418943405,
            "mean": 1.71313631535,
            "median": 1.34440922737,
            "min": -4.24375629425,
            "var": 2.19187903404
        },
        "barkbands_spread": {
            "dmean": 5.69277954102,
            "dmean2": 8.41154289246,
            "dvar": 45.2291374207,
            "dvar2": 88.6706085205,
            "max": 120.060623169,
            "mean": 25.1616687775,
            "median": 24.1546020508,
            "min": 0.796394228935,
            "var": 190.742492676
        },
        "dissonance": {
            "dmean": 0.018022140488,
            "dmean2": 0.0303069707006,
            "dvar": 0.000324598222505,
            "dvar2": 0.00088120973669,
            "max": 0.499999910593,
            "mean": 0.46914678812,
            "median": 0.475778341293,
            "min": 0.256746172905,
            "var": 0.000618828518782
        },
        "dynamic_complexity": 3.63957214355,
        "erbbands": {
            "dmean": [
                0.129546329379,
                1.05720508099,
                2.11935901642,
                3.14977359772,
                3.13386273384,
                4.19670438766,
                5.25295591354,
                5.5850148201,
                4.53959846497,
                5.90694475174,
                7.40162992477,
                23.1054706573,
                24.6001014709,
                51.5584754944,
                24.0189781189,
                17.4273910522,
                20.7307243347,
                15.0353679657,
                17.8844909668,
                18.3522720337,
                18.5011882782,
                14.721247673,
                17.3831119537,
                11.2738389969,
                9.61151123047,
                7.64103412628,
                6.12094211578,
                3.61703372002,
                2.32750248909,
                2.31455302238,
                2.25054311752,
                1.34233283997,
                0.775295734406,
                0.536091923714,
                0.285884708166,
                0.120257772505,
                0.033130992204,
                0.00695599336177,
                0.000868721399456,
                5.60432126804e-05
            ],
            "dmean2": [
                0.211151137948,
                1.75708973408,
                3.61298942566,
                5.15602350235,
                5.13380289078,
                7.24229049683,
                8.77340316772,
                9.0590801239,
                7.41880655289,
                9.6146478653,
                11.7110214233,
                35.3221206665,
                37.9452781677,
                81.3340148926,
                37.1062240601,
                27.8166389465,
                33.7968292236,
                23.9498939514,
                28.4412918091,
                29.2770061493,
                28.6558513641,
                23.419254303,
                28.7073287964,
                18.239566803,
                15.5949172974,
                12.2312030792,
                9.40700149536,
                5.58381175995,
                3.46197152138,
                3.50069594383,
                3.36803221703,
                1.97700417042,
                1.1466884613,
                0.780837476254,
                0.415579527617,
                0.175511643291,
                0.0474807210267,
                0.00992837920785,
                0.00120579311624,
                8.12752768979e-05
            ],
            "dvar": [
                0.0608794726431,
                3.96831417084,
                23.2984466553,
                76.117805481,
                54.9897422791,
                75.7891845703,
                87.0627975464,
                152.717468262,
                85.8430252075,
                155.048095703,
                237.328796387,
                4601.38330078,
                4900.0546875,
                15712.1259766,
                2721.19799805,
                1774.29663086,
                3181.88208008,
                1415.37109375,
                1467.27636719,
                1894.50915527,
                1728.89770508,
                846.364440918,
                920.215515137,
                464.883361816,
                239.434844971,
                151.696472168,
                146.534347534,
                55.1676940918,
                25.7267360687,
                29.895275116,
                21.254070282,
                11.0216083527,
                4.47121906281,
                2.30826091766,
                0.528099656105,
                0.125549301505,
                0.00897377636284,
                0.000437333335867,
                6.31072089163e-06,
                2.89565154077e-08
            ],
            "dvar2": [
                0.164905652404,
                11.1410608292,
                62.6864356995,
                187.762863159,
                140.993179321,
                211.264801025,
                235.517242432,
                362.011688232,
                222.842514038,
                390.033782959,
                582.623596191,
                10334.1708984,
                11700.5185547,
                39170.5117188,
                6411.76074219,
                4382.49511719,
                8217.5,
                3477.45532227,
                3422.48046875,
                5069.72119141,
                4308.29785156,
                2208.12426758,
                2482.84619141,
                1220.05664062,
                630.090087891,
                378.96295166,
                331.696807861,
                124.325950623,
                51.4008750916,
                63.9508056641,
                46.7384109497,
                24.4249820709,
                9.58675956726,
                4.81844711304,
                1.05091965199,
                0.277532815933,
                0.019379042089,
                0.000964738777839,
                1.30318576339e-05,
                6.62289636466e-08
            ],
            "max": [
                3.21830368042,
                23.8392467499,
                74.631477356,
                112.946090698,
                113.69065094,
                118.518135071,
                143.252304077,
                289.137878418,
                231.338058472,
                272.465118408,
                524.292175293,
                1694.04309082,
                1543.04187012,
                2361.60864258,
                1222.90234375,
                1115.93408203,
                1274.21386719,
                1239.98278809,
                1332.14379883,
                1036.40466309,
                960.637145996,
                673.51965332,
                720.405822754,
                879.178039551,
                309.58215332,
                246.243774414,
                228.464889526,
                138.719650269,
                117.694549561,
                174.290145874,
                71.2297058105,
                85.9689712524,
                55.1750411987,
                41.3577613831,
                21.6533412933,
                11.185426712,
                3.14754128456,
                0.397322833538,
                0.0469994544983,
                0.00345475575887
            ],
            "mean": [
                0.531207680702,
                2.74714446068,
                3.72155666351,
                4.28133773804,
                4.37835264206,
                5.50959682465,
                8.08820343018,
                8.76797771454,
                7.13440227509,
                9.26822662354,
                12.083855629,
                36.1306915283,
                41.6817131042,
                88.240737915,
                43.6670722961,
                33.6033706665,
                33.3794937134,
                26.4201850891,
                30.6550388336,
                32.3027229309,
                33.8708686829,
                30.3800792694,
                33.4007148743,
                22.926240921,
                20.9341697693,
                18.0599708557,
                12.2540502548,
                7.39024782181,
                4.76985645294,
                4.79821491241,
                4.52229213715,
                2.50378775597,
                1.49289166927,
                1.0545232296,
                0.5501562953,
                0.209245204926,
                0.0584755986929,
                0.012794777751,
                0.00180708977859,
                0.000147235710756
            ],
            "median": [
                0.534669399261,
                2.31600165367,
                1.60627746582,
                1.16826963425,
                1.58576798439,
                2.74887013435,
                4.29512739182,
                3.68611478806,
                3.69844508171,
                4.87498760223,
                5.47685670853,
                7.88785552979,
                9.69768619537,
                17.4172554016,
                12.7273044586,
                10.4848918915,
                9.43932342529,
                9.53185749054,
                12.6869125366,
                14.0050506592,
                14.7837753296,
                13.7286739349,
                17.7536697388,
                12.7404994965,
                12.2643222809,
                11.5168132782,
                6.80029010773,
                3.48545408249,
                2.07178592682,
                1.84468150139,
                1.60716450214,
                0.910180330276,
                0.473778307438,
                0.345153689384,
                0.168734669685,
                0.0600005611777,
                0.0155910467729,
                0.00296386843547,
                0.000488935387693,
                7.29165039957e-05
            ],
            "min": [
                1.0972304196e-22,
                3.98941197132e-22,
                2.04581495842e-21,
                3.10046357513e-21,
                1.51618151157e-20,
                4.35929029577e-20,
                6.8233934859e-20,
                1.45155644294e-19,
                1.10800519934e-19,
                1.96454464903e-19,
                3.03717766667e-19,
                4.25295170438e-19,
                5.02885125486e-19,
                4.75876747908e-19,
                8.0305408053e-19,
                1.1575654414e-18,
                1.43810633109e-18,
                2.60988552714e-18,
                3.04571892688e-18,
                4.16600871475e-18,
                4.07042303189e-18,
                3.79382086608e-18,
                4.31339575629e-18,
                6.7247161638e-18,
                9.06423357183e-18,
                6.53751650578e-18,
                1.02773195827e-17,
                1.01441178615e-17,
                1.11232714049e-17,
                1.15244258779e-17,
                1.10696361868e-17,
                1.17420033303e-17,
                1.06582221927e-17,
                9.39758984023e-18,
                7.2687305188e-18,
                4.33778228152e-18,
                2.28800701013e-18,
                1.0508326726e-18,
                2.51603811264e-19,
                2.77043531283e-20
            ],
            "var": [
                0.148594632745,
                5.92550420761,
                32.29895401,
                93.8757095337,
                67.8463287354,
                71.5667190552,
                126.721061707,
                286.968170166,
                132.953872681,
                219.082855225,
                401.58682251,
                10300.8623047,
                10987.1162109,
                40941.15625,
                7052.91992188,
                6917.59472656,
                6233.16796875,
                3181.68847656,
                2913.51049805,
                3683.58325195,
                4233.17041016,
                2830.88085938,
                2140.01586914,
                1141.40148926,
                658.643737793,
                451.487792969,
                300.001739502,
                120.672660828,
                59.1792030334,
                70.8579177856,
                53.6082611084,
                19.9111404419,
                8.70001792908,
                4.64411258698,
                1.09055137634,
                0.199585080147,
                0.0158166624606,
                0.000789541867562,
                1.42093158502e-05,
                5.50318723924e-08
            ]
        },
        "erbbands_crest": {
            "dmean": 3.28600668907,
            "dmean2": 5.23480415344,
            "dvar": 9.81116771698,
            "dvar2": 22.530921936,
            "max": 31.3368225098,
            "mean": 10.39935112,
            "median": 8.80018234253,
            "min": 2.34755897522,
            "var": 33.1668128967
        },
        "erbbands_flatness_db": {
            "dmean": 0.0176889616996,
            "dmean2": 0.0263011623174,
            "dvar": 0.000291248667054,
            "dvar2": 0.000605267821811,
            "max": 0.431144654751,
            "mean": 0.143863916397,
            "median": 0.136616900563,
            "min": 0.0298995189369,
            "var": 0.00214330130257
        },
        "erbbands_kurtosis": {
            "dmean": 1.16088700294,
            "dmean2": 1.8389428854,
            "dvar": 2.94870591164,
            "dvar2": 7.37138032913,
            "max": 39.3293113708,
            "mean": 0.912684679031,
            "median": 0.198790788651,
            "min": -1.81459760666,
            "var": 6.25175380707
        },
        "erbbands_skewness": {
            "dmean": 0.410333931446,
            "dmean2": 0.624851703644,
            "dvar": 0.161160498857,
            "dvar2": 0.345628470182,
            "max": 5.29561805725,
            "mean": 0.189756706357,
            "median": 0.126443952322,
            "min": -4.08936786652,
            "var": 0.70773434639
        },
        "erbbands_spread": {
            "dmean": 8.3947725296,
            "dmean2": 12.795217514,
            "dvar": 96.7089385986,
            "dvar2": 205.836776733,
            "max": 169.24407959,
            "mean": 36.0442962646,
            "median": 32.8440551758,
            "min": 3.10894680023,
            "var": 377.766601562
        },
        "gfcc": {
            "cov": [
                [
                    13596.1679688,
                    -1131.43347168,
                    -448.617736816,
                    545.052062988,
                    -112.869911194,
                    669.585571289,
                    -137.230209351,
                    374.992126465,
                    -163.7862854,
                    129.578567505,
                    -127.08215332,
                    177.030532837,
                    -161.363494873
                ],
                [
                    -1131.43347168,
                    1370.44567871,
                    -65.972946167,
                    61.6389923096,
                    135.743743896,
                    -231.731796265,
                    141.497680664,
                    -137.226272583,
                    42.1767845154,
                    -83.8021774292,
                    19.8111419678,
                    -143.766098022,
                    57.1042633057
                ],
                [
                    -448.617736816,
                    -65.972946167,
                    979.315368652,
                    222.405471802,
                    36.2595672607,
                    141.140472412,
                    -134.058227539,
                    131.117904663,
                    -19.5769004822,
                    34.8935012817,
                    29.5587711334,
                    43.0711593628,
                    16.58319664
                ],
                [
                    545.052062988,
                    61.6389923096,
                    222.405471802,
                    347.309692383,
                    66.7438964844,
                    1.35935223103,
                    -55.5756340027,
                    21.5854988098,
                    22.4049282074,
                    11.7507324219,
                    17.5219421387,
                    21.5444297791,
                    1.25608372688
                ],
                [
                    -112.869911194,
                    135.743743896,
                    36.2595672607,
                    66.7438964844,
                    199.467330933,
                    30.3308086395,
                    69.7284088135,
                    -13.783613205,
                    11.0645103455,
                    11.6334466934,
                    2.10374331474,
                    7.62229442596,
                    4.97824859619
                ],
                [
                    669.585571289,
                    -231.731796265,
                    141.140472412,
                    1.35935223103,
                    30.3308086395,
                    267.631866455,
                    47.3538131714,
                    60.2820854187,
                    -16.035030365,
                    30.5063457489,
                    10.418803215,
                    32.0790405273,
                    -7.89608240128
                ],
                [
                    -137.230209351,
                    141.497680664,
                    -134.058227539,
                    -55.5756340027,
                    69.7284088135,
                    47.3538131714,
                    215.407852173,
                    0.623519837856,
                    9.70543670654,
                    -14.039484024,
                    -10.6455602646,
                    -17.5018920898,
                    4.17048358917
                ],
                [
                    374.992126465,
                    -137.226272583,
                    131.117904663,
                    21.5854988098,
                    -13.783613205,
                    60.2820854187,
                    0.623519837856,
                    197.982940674,
                    23.7712574005,
                    -8.55944252014,
                    1.73974502087,
                    14.2150640488,
                    21.7238426208
                ],
                [
                    -163.7862854,
                    42.1767845154,
                    -19.5769004822,
                    22.4049282074,
                    11.0645103455,
                    -16.035030365,
                    9.70543670654,
                    23.7712574005,
                    96.1709289551,
                    22.6916999817,
                    9.88301753998,
                    -8.88653755188,
                    2.60406565666
                ],
                [
                    129.578567505,
                    -83.8021774292,
                    34.8935012817,
                    11.7507324219,
                    11.6334466934,
                    30.5063457489,
                    -14.039484024,
                    -8.55944252014,
                    22.6916999817,
                    100.112846375,
                    35.6038742065,
                    18.0921916962,
                    -10.046869278
                ],
                [
                    -127.08215332,
                    19.8111419678,
                    29.5587711334,
                    17.5219421387,
                    2.10374331474,
                    10.418803215,
                    -10.6455602646,
                    1.73974502087,
                    9.88301753998,
                    35.6038742065,
                    96.5531997681,
                    29.1816177368,
                    12.011806488
                ],
                [
                    177.030532837,
                    -143.766098022,
                    43.0711593628,
                    21.5444297791,
                    7.62229442596,
                    32.0790405273,
                    -17.5018920898,
                    14.2150640488,
                    -8.88653755188,
                    18.0921916962,
                    29.1816177368,
                    103.338935852,
                    23.1252994537
                ],
                [
                    -161.363494873,
                    57.1042633057,
                    16.58319664,
                    1.25608372688,
                    4.97824859619,
                    -7.89608240128,
                    4.17048358917,
                    21.7238426208,
                    2.60406565666,
                    -10.046869278,
                    12.011806488,
                    23.1252994537,
                    75.0796432495
                ]
            ],
            "icov": [
                [
                    0.000162492768141,
                    -0.000119342832477,
                    0.000367094442481,
                    -0.000449367769761,
                    0.000198910871404,
                    -0.000551088538487,
                    0.000291432312224,
                    -0.000504476134665,
                    0.00050127110444,
                    -0.00042334329919,
                    0.000460153707536,
                    -0.000325819186401,
                    0.000377773219952
                ],
                [
                    -0.000119342832477,
                    0.00174413633067,
                    -0.000651775801089,
                    8.61007138155e-05,
                    -0.000901248364244,
                    0.00163825717755,
                    -0.00137926102616,
                    0.00150604196824,
                    -0.00087833579164,
                    0.00152247375809,
                    -0.00167878263164,
                    0.00254764826968,
                    -0.00184955296572
                ],
                [
                    0.000367094442481,
                    -0.000651775801089,
                    0.00251450319774,
                    -0.00172762491275,
                    0.000259867025306,
                    -0.00228886888362,
                    0.00198389403522,
                    -0.0022439379245,
                    0.0018884941237,
                    -0.00153619481716,
                    0.00122690177523,
                    -0.00099945103284,
                    0.000879816652741
                ],
                [
                    -0.000449367769761,
                    8.61007138155e-05,
                    -0.00172762491275,
                    0.00519536808133,
                    -0.00195831386372,
                    0.00169722351711,
                    0.000323967426084,
                    0.00123086641543,
                    -0.00239564641379,
                    0.00152772676665,
                    -0.001440252061,
                    2.85050191451e-05,
                    -0.000293238874292
                ],
                [
                    0.000198910871404,
                    -0.000901248364244,
                    0.000259867025306,
                    -0.00195831386372,
                    0.00735653145239,
                    -0.0014618242858,
                    -0.00191235542297,
                    -7.25159188733e-05,
                    0.000425900041591,
                    -0.00182000978384,
                    0.00164707237855,
                    -0.00195353617892,
                    0.000653908587992
                ],
                [
                    -0.000551088538487,
                    0.00163825717755,
                    -0.00228886888362,
                    0.00169722351711,
                    -0.0014618242858,
                    0.00807642377913,
                    -0.00363285373896,
                    0.00110257673077,
                    -0.00064948189538,
                    0.000607910682447,
                    -0.00237812590785,
                    0.00140653748531,
                    -0.00107307732105
                ],
                [
                    0.000291432312224,
                    -0.00137926102616,
                    0.00198389403522,
                    0.000323967426084,
                    -0.00191235542297,
                    -0.00363285373896,
                    0.00841495394707,
                    -0.00205004657619,
                    0.000500680413097,
                    -0.000342634739354,
                    0.00162248057313,
                    -0.000930210750084,
                    0.00106598250568
                ],
                [
                    -0.000504476134665,
                    0.00150604196824,
                    -0.0022439379245,
                    0.00123086641543,
                    -7.25159188733e-05,
                    0.00110257673077,
                    -0.00205004657619,
                    0.00904702302068,
                    -0.00445915199816,
                    0.00369866122492,
                    -0.00209066341631,
                    0.00212074932642,
                    -0.00380685948767
                ],
                [
                    0.00050127110444,
                    -0.00087833579164,
                    0.0018884941237,
                    -0.00239564641379,
                    0.000425900041591,
                    -0.00064948189538,
                    0.000500680413097,
                    -0.00445915199816,
                    0.0146561944857,
                    -0.00563236279413,
                    0.00129699532408,
                    0.000152484528371,
                    0.00101771752816
                ],
                [
                    -0.00042334329919,
                    0.00152247375809,
                    -0.00153619481716,
                    0.00152772676665,
                    -0.00182000978384,
                    0.000607910682447,
                    -0.000342634739354,
                    0.00369866122492,
                    -0.00563236279413,
                    0.0158921927214,
                    -0.00644637458026,
                    0.00100263208151,
                    0.000423881021561
                ],
                [
                    0.000460153707536,
                    -0.00167878263164,
                    0.00122690177523,
                    -0.001440252061,
                    0.00164707237855,
                    -0.00237812590785,
                    0.00162248057313,
                    -0.00209066341631,
                    0.00129699532408,
                    -0.00644637458026,
                    0.0154436025769,
                    -0.00537800742313,
                    0.000452495645732
                ],
                [
                    -0.000325819186401,
                    0.00254764826968,
                    -0.00099945103284,
                    2.85050191451e-05,
                    -0.00195353617892,
                    0.00140653748531,
                    -0.000930210750084,
                    0.00212074932642,
                    0.000152484528371,
                    0.00100263208151,
                    -0.00537800742313,
                    0.0163121018559,
                    -0.00673718051985
                ],
                [
                    0.000377773219952,
                    -0.00184955296572,
                    0.000879816652741,
                    -0.000293238874292,
                    0.000653908587992,
                    -0.00107307732105,
                    0.00106598250568,
                    -0.00380685948767,
                    0.00101771752816,
                    0.000423881021561,
                    0.000452495645732,
                    -0.00673718051985,
                    0.0182586424053
                ]
            ],
            "mean": [
                2.86861085892,
                84.4715652466,
                -111.418296814,
                36.4395980835,
                -39.3045310974,
                17.7367305756,
                -20.4174690247,
                16.9780235291,
                -18.1845321655,
                2.74136781693,
                -9.3399810791,
                4.91803073883,
                -3.07930040359
            ]
        },
        "hfc": {
            "dmean": 5.95060873032,
            "dmean2": 8.74687957764,
            "dvar": 66.3994445801,
            "dvar2": 136.750137329,
            "max": 126.346298218,
            "mean": 23.4904556274,
            "median": 17.3972053528,
            "min": 1.05189435064e-16,
            "var": 429.209716797
        },
        "melbands": {
            "dmean": [
                0.00121027813293,
                0.00108225736767,
                0.00051195116248,
                0.000254093640251,
                0.000173169377376,
                0.000122564975754,
                7.29955208953e-05,
                6.15110693616e-05,
                6.25383472652e-05,
                0.000160705312737,
                0.000122812358313,
                0.000201619201107,
                0.000108355845441,
                4.95542735734e-05,
                3.14911485475e-05,
                5.86913738516e-05,
                2.72588404187e-05,
                2.65151084022e-05,
                3.5168541217e-05,
                2.80864824163e-05,
                2.45530172833e-05,
                1.93809282791e-05,
                1.59418850671e-05,
                1.29947229652e-05,
                1.01637360785e-05,
                6.83160260451e-06,
                7.91122965893e-06,
                5.59726959182e-06,
