{
    "lowlevel": {
        "average_loudness": 0.945127665997,
        "barkbands": {
            "dmean": [
                0.00283837970346,
                0.0209983997047,
                0.0096075348556,
                0.0038651956711,
                0.00170164939482,
                0.00179873255547,
                0.000846327864565,
                0.00129046896473,
                0.000568509392906,
                0.000389529683162,
                0.000271844823146,
                0.000258871092228,
                0.000356886244845,
                0.000321050378261,
                0.000171936801053,
                0.000105019113107,
                0.000124784826767,
                0.000196459659492,
                0.000160205294378,
                8.9559413027e-05,
                5.62593122595e-05,
                7.38480230211e-05,
                7.6864460425e-05,
                9.89100662991e-05,
                0.000118311771075,
                7.5826086686e-05,
                5.21661822859e-05
            ],
            "dmean2": [
                0.00491569610313,
                0.0360561870039,
                0.0175154805183,
                0.00720832077786,
                0.00289724767208,
                0.00293012405746,
                0.00150454207323,
                0.00218676752411,
                0.00087595905643,
                0.000589071365539,
                0.000409284461057,
                0.000410585838836,
                0.000568516959902,
                0.0005014881026,
                0.000272316363407,
                0.000168789571035,
                0.000194865788217,
                0.000298588623991,
                0.00024604331702,
                0.000140137999551,
                8.9355991804e-05,
                0.00011513906793,
                0.00011834246834,
                0.000151449872646,
                0.000182857373147,
                0.000121953249618,
                8.44640162541e-05
            ],
            "dvar": [
                4.73686777696e-05,
                0.00172926275991,
                0.000825114897452,
                0.000141176395118,
                1.12731540867e-05,
                1.35861628223e-05,
                6.04909473623e-06,
                7.74300588091e-06,
                2.48212904808e-06,
                1.00628631117e-06,
                2.91319537382e-07,
                8.19749004677e-07,
                1.28848296299e-06,
                5.09007122673e-07,
                1.23551146203e-07,
                4.84082214314e-08,
                8.1096182214e-08,
                1.71097667589e-07,
                1.25335589019e-07,
                7.68246408711e-08,
                2.29788810202e-08,
                4.50800214935e-08,
                5.12313178547e-08,
                8.461825729e-08,
                1.01386888218e-07,
                5.70223583907e-08,
                5.55110695188e-08
            ],
            "dvar2": [
                0.000127507781144,
                0.00503971008584,
                0.00229824287817,
                0.000400600518333,
                3.08653252432e-05,
                3.15374527418e-05,
                1.68499318534e-05,
                1.90666160051e-05,
                4.94567711939e-06,
                2.19659114009e-06,
                6.26162716344e-07,
                1.87262094187e-06,
                3.30164721163e-06,
                1.18775392366e-06,
                3.0827561659e-07,
                1.130183378e-07,
                1.73762828126e-07,
                4.02788629117e-07,
                2.96904659081e-07,
                1.89115354488e-07,
                5.4468870303e-08,
                1.04372546161e-07,
                1.10518769247e-07,
                1.84039251394e-07,
                2.1353046975e-07,
                1.44804360502e-07,
                1.3501203e-07
            ],
            "max": [
                0.0460820160806,
                0.287028580904,
                0.208039969206,
                0.0858940184116,
                0.0348367840052,
                0.0542175285518,
                0.0712147727609,
                0.0367586575449,
                0.0366088040173,
                0.0369562134147,
                0.0108206151053,
                0.0352690294385,
                0.0355450436473,
                0.0115589285269,
                0.00610552495345,
                0.00451930193231,
                0.00814086571336,
                0.0096388598904,
                0.00706464983523,
                0.0104568572715,
                0.00349784479477,
                0.00530053721741,
                0.00727852527052,
                0.0120637370273,
                0.00803942233324,
                0.00877970643342,
                0.00336298928596
            ],
            "mean": [
                0.00407399050891,
                0.0512598417699,
                0.00646700942889,
                0.00269031734206,
                0.00233959546313,
                0.00244864914566,
                0.000882328720763,
                0.00150432495866,
                0.000772194762249,
                0.00071672903141,
                0.00041512795724,
                0.000359938567271,
                0.000495403655805,
                0.00041738487198,
                0.000249839067692,
                0.000140953226946,
                0.000193645930267,
                0.000293149700155,
                0.000238743057707,
                0.000122592566186,
                6.83877879055e-05,
                8.95511038834e-05,
                0.000100499899418,
                0.000130464846734,
                0.00014775787713,
                7.73220817791e-05,
                4.28637467849e-05
            ],
            "median": [
                0.00235784798861,
                0.0508394688368,
                0.000877416227013,
                0.000443654484116,
                0.00115761812776,
                0.000492459046654,
                0.000245792150963,
                0.000163673772477,
                0.000142123113619,
                0.0001512717281,
                8.03483344498e-05,
                7.62920899433e-05,
                0.000102392485132,
                0.000106730083644,
                8.21786961751e-05,
                4.3226620619e-05,
                5.81678104936e-05,
                9.83139252639e-05,
                9.11314564291e-05,
                3.64341503882e-05,
                1.62246633408e-05,
                2.138148011e-05,
                2.1115238269e-05,
                2.14115534618e-05,
                3.03370397887e-05,
                1.26815057229e-05,
                1.10819757992e-06
            ],
            "min": [
                5.90538561939e-25,
                4.82320364847e-24,
                6.40806800276e-25,
                2.8233035975e-24,
                5.49394170503e-24,
                3.07410022864e-24,
                4.19809212337e-24,
                5.11005911158e-24,
                1.56484917819e-23,
                1.08182538607e-23,
                1.15010950158e-23,
                3.7531843547e-23,
                2.74077131299e-23,
                3.62184974249e-23,
                5.51458895593e-23,
                6.67647504642e-23,
                9.95068262322e-23,
                9.85280139318e-23,
                1.10379475208e-22,
                1.21900378521e-22,
                2.91726139627e-22,
                3.10130251924e-22,
                4.26762541589e-22,
                5.33178539795e-22,
                9.16762293798e-22,
                1.42205857645e-21,
                1.82173423464e-21
            ],
            "var": [
                4.21879449277e-05,
                0.00193481112365,
                0.000502031936776,
                8.17359104985e-05,
                1.10272976599e-05,
                2.6235506084e-05,
                4.9123050303e-06,
                1.1909954992e-05,
                4.64413960799e-06,
                2.43147019319e-06,
                6.99703377904e-07,
                1.06050640625e-06,
                1.8447169623e-06,
                6.80430503053e-07,
                2.0542825041e-07,
                7.80230848818e-08,
                2.10805140455e-07,
                2.84825432573e-07,
                2.04302153861e-07,
                8.81504433892e-08,
                2.72020272973e-08,
                5.77901673182e-08,
                7.99392267936e-08,
                1.35611827545e-07,
                1.65073544167e-07,
                5.78362531201e-08,
                4.95170660031e-08
            ]
        },
        "barkbands_crest": {
            "dmean": 3.06288385391,
            "dmean2": 4.91007661819,
            "dvar": 11.5297603607,
            "dvar2": 28.2773761749,
            "max": 26.7529468536,
            "mean": 18.1993999481,
            "median": 19.2657546997,
            "min": 3.58066439629,
            "var": 26.5091781616
        },
        "barkbands_flatness_db": {
            "dmean": 0.0481718853116,
            "dmean2": 0.0708668902516,
            "dvar": 0.00276718358509,
            "dvar2": 0.00586680928245,
            "max": 0.757056295872,
            "mean": 0.232375413179,
            "median": 0.215372309089,
            "min": 0.0318248011172,
            "var": 0.0107332384214
        },
        "barkbands_kurtosis": {
            "dmean": 27.0684566498,
            "dmean2": 45.0237541199,
            "dvar": 5717.09082031,
            "dvar2": 16338.9375,
            "max": 1852.66003418,
            "mean": 34.1241836548,
            "median": 12.7963933945,
            "min": -1.95585095882,
            "var": 5097.10791016
        },
        "barkbands_skewness": {
            "dmean": 1.55497968197,
            "dmean2": 2.43688845634,
            "dvar": 4.31824541092,
            "dvar2": 10.8254899979,
            "max": 33.1071434021,
            "mean": 4.00331830978,
            "median": 3.25442695618,
            "min": -2.65311574936,
            "var": 8.20527839661
        },
        "barkbands_spread": {
            "dmean": 6.15171575546,
            "dmean2": 9.53199481964,
            "dvar": 92.4935073853,
            "dvar2": 197.487457275,
            "max": 129.517730713,
            "mean": 12.3485660553,
            "median": 8.4483165741,
            "min": 0.0349854193628,
            "var": 181.164276123
        },
        "dissonance": {
            "dmean": 0.0250561293215,
            "dmean2": 0.0414135791361,
            "dvar": 0.000613985932432,
            "dvar2": 0.00163060601335,
            "max": 0.500000059605,
            "mean": 0.450648099184,
            "median": 0.460166037083,
            "min": 0.235254794359,
            "var": 0.00148400641046
        },
        "dynamic_complexity": 3.38617157936,
        "erbbands": {
            "dmean": [
                0.770710229874,
                4.36712121964,
                9.16596603394,
                14.5166788101,
                6.27900695801,
                5.86618375778,
                11.5248584747,
                15.3475170135,
                10.0163784027,
                20.1448097229,
                26.2594718933,
                15.1922206879,
                9.07437515259,
                12.0690259933,
                11.0195837021,
                12.3569812775,
                14.0267057419,
                19.1501960754,
                11.7229013443,
                6.1774930954,
                5.75799798965,
                5.5021572113,
                9.92986011505,
                8.77402114868,
                7.54579496384,
                4.49549245834,
                2.31027317047,
                2.24952173233,
                2.57616209984,
                2.5666077137,
                2.16496777534,
                1.70728695393,
                1.93884003162,
                1.37795698643,
                0.841291606426,
                0.369959205389,
                0.127234175801,
                0.0392685160041,
                0.00916174147278,
                0.000624317792244
            ],
            "dmean2": [
                1.33719289303,
                7.38369274139,
                15.7373323441,
                26.8573436737,
                11.2700271606,
                9.8249130249,
                18.7572460175,
                25.1950359344,
                17.4997463226,
                35.7722396851,
                43.1458740234,
                23.074224472,
                13.569103241,
                18.5356616974,
                16.5342025757,
                19.4494762421,
                22.0174121857,
                29.9904766083,
                18.2811756134,
                9.77245235443,
                8.96697425842,
                8.49461555481,
                15.0848083496,
                13.2904872894,
                11.6930322647,
                7.02784395218,
                3.64880466461,
                3.56582784653,
                4.04640197754,
                3.94060969353,
                3.34326052666,
                2.59916424751,
                2.99936366081,
                2.12156629562,
                1.32714784145,
                0.594395339489,
                0.205958634615,
                0.0642158538103,
                0.0148231601343,
                0.00102300022263
            ],
            "dvar": [
                1.87722456455,
                98.6798248291,
                628.62878418,
                2010.64648438,
                270.090545654,
                136.716369629,
                449.583496094,
                1156.02587891,
                818.675720215,
                2338.16992188,
                3539.57983398,
                1762.55004883,
                377.28137207,
                1208.53405762,
                499.58505249,
                1859.17749023,
                1413.47229004,
                2419.77563477,
                588.317810059,
                166.431869507,
                158.97895813,
                130.969055176,
                439.192047119,
                334.999298096,
                310.449859619,
                215.753265381,
                35.3131027222,
                38.9611587524,
                57.7542304993,
                48.3717765808,
                44.7301101685,
                33.5059242249,
                27.0955524445,
                14.7836294174,
                5.1940612793,
                1.53866386414,
                0.153741598129,
                0.0206894855946,
                0.00169493409339,
                9.22686922422e-06
            ],
            "dvar2": [
                5.67525529861,
                267.265716553,
                1663.01721191,
                5636.64648438,
                750.127929688,
                368.154144287,
                1072.80285645,
                2731.48657227,
                2205.28466797,
                6351.59667969,
                8241.52929688,
                3470.890625,
                754.87286377,
                2653.05859375,
                1098.79064941,
                4253.04052734,
                3468.75976563,
                5852.53027344,
                1421.88525391,
                400.14730835,
                348.290924072,
                284.88671875,
                1026.76806641,
                753.510803223,
                760.149902344,
                538.364562988,
                82.9888916016,
                92.6847915649,
                134.374710083,
                111.071083069,
                95.5969696045,
                71.8888931274,
                58.8531837463,
                30.9151039124,
                11.4836854935,
                4.11973142624,
                0.365709006786,
                0.0502644516528,
                0.0040978314355,
                2.28786193475e-05
            ],
            "max": [
                9.90687847137,
                69.3373718262,
                192.217681885,
                291.243133545,
                133.031661987,
                152.83291626,
                295.748077393,
                546.60168457,
                722.401977539,
                753.76361084,
                981.979492188,
                985.208740234,
                641.408325195,
                1363.39257813,
                515.477294922,
                1707.10449219,
                938.377197266,
                1186.73864746,
                388.864196777,
                358.467010498,
                324.351165771,
                351.886047363,
                478.590209961,
                415.462585449,
                421.441558838,
                569.291748047,
                145.120529175,
                125.791717529,
                203.53692627,
                145.84236145,
                236.568725586,
                263.12411499,
                184.727966309,
                125.270988464,
                48.4498519897,
                63.5121154785,
                6.65306854248,
                2.14572310448,
                0.648090362549,
                0.0449512861669
            ],
            "mean": [
                2.26033043861,
                8.40493392944,
                7.7156920433,
                9.86086368561,
                5.51886940002,
                8.65042114258,
                17.534198761,
                19.1348152161,
                11.6513109207,
                20.9579906464,
                32.9653587341,
                21.6876716614,
                16.6987037659,
                20.3592681885,
                18.3839454651,
                18.5501365662,
                21.088968277,
                25.7595310211,
                17.1487960815,
                8.97344398499,
                8.85348129272,
                8.97706222534,
                15.1916761398,
                13.7925376892,
                11.0978221893,
                6.20804834366,
                2.96612358093,
                2.64670443535,
                3.05706429482,
                3.39421725273,
                2.78557920456,
                2.16848707199,
                2.5693590641,
                1.78379487991,
                0.966120302677,
                0.405941903591,
                0.124940939248,
                0.0352229848504,
                0.00763475522399,
                0.000558999541681
            ],
            "median": [
                2.40568780899,
                7.07604980469,
                1.96500754356,
                1.36935555935,
                1.74526691437,
                4.07001018524,
                5.92760848999,
                3.87207126617,
                3.93806767464,
                4.84091424942,
                4.28844833374,
                4.73482847214,
                4.71332120895,
                4.79772520065,
                4.60873270035,
                4.44883060455,
                5.11592674255,
                6.48084974289,
                5.42941522598,
                3.45943927765,
                2.84366416931,
                2.9292640686,
                4.94533443451,
                5.73878145218,
                4.05620384216,
                1.97955107689,
                0.797606647015,
                0.557600855827,
                0.679751157761,
                0.83538967371,
                0.559377968311,
                0.356987327337,
                0.448693007231,
                0.375863075256,
                0.157172113657,
                0.0793606862426,
                0.0163429304957,
                0.00296346331015,
                0.000211535894778,
                9.79014439508e-05
            ],
            "min": [
                5.90410638283e-23,
                7.14006411417e-22,
                2.18988231576e-21,
                8.13388749088e-21,
                1.11494333829e-20,
                1.47417479206e-20,
                1.70035747548e-20,
                4.18953990938e-20,
                1.01282941032e-19,
                1.34677230487e-19,
                2.90632131268e-19,
                4.05536669038e-19,
                5.38560908317e-19,
                6.54635079473e-19,
                6.44097780746e-19,
                1.39640112537e-18,
                1.63668241086e-18,
                1.98247978587e-18,
                2.59190530896e-18,
                2.57830066943e-18,
                4.2047600585e-18,
                5.14193253146e-18,
                5.73678912922e-18,
                5.61408970665e-18,
                4.93230345754e-18,
                6.6619803046e-18,
                1.10060268249e-17,
                1.11396032589e-17,
                1.15132415688e-17,
                1.11116040224e-17,
                1.08644788513e-17,
                9.73631699235e-18,
                9.52114084524e-18,
                7.96294598379e-18,
                6.48003407066e-18,
                4.71332062526e-18,
                2.49303034239e-18,
                1.04916797162e-18,
                2.33265087836e-19,
                2.52496058032e-20
            ],
            "var": [
                2.78863739967,
                90.5676574707,
                445.638153076,
                1195.61218262,
                171.73651123,
                158.885177612,
                833.737609863,
                1894.82849121,
                839.241088867,
                2147.1262207,
                6530.10058594,
                3336.34960938,
                1052.6875,
                2561.91210938,
                1219.64025879,
                2430.42016602,
                2433.05541992,
                3246.94873047,
                961.371887207,
                246.8802948,
                342.566314697,
                344.208221436,
                779.570068359,
                588.147705078,
                472.880523682,
                227.723693848,
                44.8531036377,
                44.4773292542,
                72.0488357544,
                67.7559509277,
                71.0535354614,
                52.4554977417,
                45.3097953796,
                25.5070495605,
                7.19817781448,
                1.54427933693,
                0.16661337018,
                0.0200200974941,
                0.00153238652274,
                7.69761663832e-06
            ]
        },
        "erbbands_crest": {
            "dmean": 3.22352480888,
            "dmean2": 5.24956703186,
            "dvar": 8.79390907288,
            "dvar2": 21.513835907,
            "max": 30.1544094086,
            "mean": 10.8317222595,
            "median": 9.62395763397,
            "min": 2.37400078773,
            "var": 26.1531085968
        },
        "erbbands_flatness_db": {
            "dmean": 0.0260982364416,
            "dmean2": 0.0405586771667,
            "dvar": 0.001017204253,
            "dvar2": 0.00218144990504,
            "max": 0.46950596571,
            "mean": 0.156532645226,
            "median": 0.145603716373,
            "min": 0.0360339730978,
            "var": 0.00445258244872
        },
        "erbbands_kurtosis": {
            "dmean": 2.05025482178,
            "dmean2": 3.32854604721,
            "dvar": 21.9639415741,
            "dvar2": 57.6746826172,
            "max": 119.10823822,
            "mean": 1.99170935154,
            "median": 0.521143913269,
            "min": -1.87452733517,
            "var": 38.4972991943
        },
        "erbbands_skewness": {
            "dmean": 0.571412086487,
            "dmean2": 0.862132370472,
            "dvar": 0.398971647024,
            "dvar2": 0.887513637543,
            "max": 8.55501556396,
            "mean": 0.56857419014,
            "median": 0.418665796518,
            "min": -3.91853642464,
            "var": 1.31859266758
        },
        "erbbands_spread": {
            "dmean": 13.3800678253,
            "dmean2": 21.1102542877,
            "dvar": 330.621795654,
            "dvar2": 788.057006836,
            "max": 222.376556396,
            "mean": 42.0971832275,
            "median": 36.2044563293,
            "min": 0.938919246197,
            "var": 742.36730957
        },
        "gfcc": {
            "cov": [
                [
                    28312.9453125,
                    -2729.0324707,
                    -608.60345459,
                    1938.33032227,
                    -391.082061768,
                    1171.42871094,
                    -160.712493896,
                    1101.18310547,
                    -462.245178223,
                    406.403289795,
                    -280.016296387,
                    350.080108643,
                    -397.041656494
                ],
                [
                    -2729.0324707,
                    2328.2824707,
                    -210.976730347,
                    -314.947784424,
                    520.680541992,
                    -116.823127747,
                    386.296875,
                    -245.640258789,
                    162.872940063,
                    -108.155799866,
                    251.852737427,
                    -142.439422607,
                    125.472595215
                ],
                [
                    -608.60345459,
                    -210.976730347,
                    1596.78222656,
                    444.283477783,
                    116.684379578,
                    212.341491699,
                    76.338508606,
                    70.3678970337,
                    179.171661377,
                    91.4867706299,
                    34.5954627991,
                    24.2154750824,
                    62.780456543
                ],
                [
                    1938.33032227,
                    -314.947784424,
                    444.283477783,
                    816.927062988,
                    190.428253174,
                    209.549728394,
                    104.657363892,
                    141.401290894,
                    127.423065186,
                    68.5946884155,
                    49.3030891418,
                    53.7887458801,
                    39.1083068848
                ],
                [
                    -391.082061768,
                    520.680541992,
                    116.684379578,
                    190.428253174,
                    627.232543945,
                    187.615539551,
                    394.663757324,
                    -12.0909976959,
                    166.896743774,
                    59.6619606018,
                    118.705085754,
                    22.0815734863,
                    74.501663208
                ],
                [
                    1171.42871094,
                    -116.823127747,
                    212.341491699,
                    209.549728394,
                    187.615539551,
                    422.206329346,
                    221.70552063,
                    88.1612548828,
                    37.494720459,
                    130.280471802,
                    44.2569847107,
                    50.120136261,
                    5.35751104355
                ],
                [
                    -160.712493896,
                    386.296875,
                    76.338508606,
                    104.657363892,
                    394.663757324,
                    221.70552063,
                    456.864105225,
                    -12.5501155853,
                    111.697296143,
                    83.4478607178,
                    111.070655823,
                    25.179069519,
                    48.0229873657
                ],
                [
                    1101.18310547,
                    -245.640258789,
                    70.3678970337,
                    141.401290894,
                    -12.0909976959,
                    88.1612548828,
                    -12.5501155853,
                    263.703186035,
                    25.3442592621,
                    43.6369056702,
                    11.5390014648,
                    43.7930717468,
                    0.179550155997
                ],
                [
                    -462.245178223,
                    162.872940063,
                    179.171661377,
                    127.423065186,
                    166.896743774,
                    37.494720459,
                    111.697296143,
                    25.3442592621,
                    217.608734131,
                    45.7593460083,
                    72.290184021,
                    25.9734554291,
                    64.3109130859
                ],
                [
                    406.403289795,
                    -108.155799866,
                    91.4867706299,
                    68.5946884155,
                    59.6619606018,
                    130.280471802,
                    83.4478607178,
                    43.6369056702,
                    45.7593460083,
                    151.382476807,
                    56.393951416,
                    50.5831794739,
                    17.3707542419
                ],
                [
                    -280.016296387,
                    251.852737427,
                    34.5954627991,
                    49.3030891418,
                    118.705085754,
                    44.2569847107,
                    111.070655823,
                    11.5390014648,
                    72.290184021,
                    56.393951416,
                    168.283889771,
                    33.7177658081,
                    46.0618667603
                ],
                [
                    350.080108643,
                    -142.439422607,
                    24.2154750824,
                    53.7887458801,
                    22.0815734863,
                    50.120136261,
                    25.179069519,
                    43.7930717468,
                    25.9734554291,
                    50.5831794739,
                    33.7177658081,
                    135.048355103,
                    46.4666023254
                ],
                [
                    -397.041656494,
                    125.472595215,
                    62.780456543,
                    39.1083068848,
                    74.501663208,
                    5.35751104355,
                    48.0229873657,
                    0.179550155997,
                    64.3109130859,
                    17.3707542419,
                    46.0618667603,
                    46.4666023254,
                    116.350090027
                ]
            ],
            "icov": [
                [
                    7.03653640812e-05,
                    -2.90424686682e-05,
                    7.89251716924e-05,
                    -0.000197530229343,
                    6.02494801569e-05,
                    -0.000127255305415,
                    2.67331997748e-05,
                    -0.00016532940208,
                    0.000140882504638,
                    -0.000117587253044,
                    0.00014221839956,
                    -0.000147886457853,
                    0.000194192572962
                ],
                [
                    -2.90424686682e-05,
                    0.00105977850035,
                    1.41518676173e-05,
                    0.000531441648491,
                    -0.000577715400141,
                    0.000171293781023,
                    -0.000348273664713,
                    0.000428285828093,
                    -0.000259898399236,
                    0.00104450876825,
                    -0.00148818909656,
                    0.00125813344494,
                    -0.000848707568366
                ],
                [
                    7.89251716924e-05,
                    1.41518676173e-05,
                    0.000912188086659,
                    -0.000537831510883,
                    0.000165515230037,
                    -0.000492898572702,
                    0.000170724626514,
                    -4.59187322122e-05,
                    -0.000424168509198,
                    -0.000228172924835,
                    0.000239798886469,
                    0.000139074429171,
                    -9.29918460315e-05
                ],
                [
                    -0.000197530229343,
                    0.000531441648491,
                    -0.000537831510883,
                    0.00254240329377,
                    -0.000854838930536,
                    -0.000207477161894,
                    0.00017918687081,
                    -7.30887677491e-06,
                    -0.000976386421826,
                    0.001063083997,
                    -0.00107349234167,
                    0.000671893649269,
                    -0.000790940481238
                ],
                [
                    6.02494801569e-05,
                    -0.000577715400141,
                    0.000165515230037,
                    -0.000854838930536,
                    0.0044319764711,
                    -0.000440270930994,
                    -0.00280256872065,
                    -3.4016866266e-05,
                    -0.00109570217319,
                    0.000187252444448,
                    0.000546032912098,
                    -0.000445569807198,
                    -9.47324297158e-05
                ],
                [
                    -0.000127255305415,
                    0.000171293781023,
                    -0.000492898572702,
                    -0.000207477161894,
                    -0.000440270930994,
                    0.00525129958987,
                    -0.00216210843064,
                    -0.000629123300314,
                    0.00106950150803,
                    -0.00263173389249,
                    0.000441828771727,
                    -1.60234685609e-05,
                    0.00028344389284
                ],
                [
                    2.67331997748e-05,
                    -0.000348273664713,
                    0.000170724626514,
                    0.00017918687081,
                    -0.00280256872065,
                    -0.00216210843064,
                    0.00630530761555,
                    0.000537838321179,
                    -0.000344894244336,
                    -0.000730302301235,
                    -0.000828744028695,
                    -0.000187041296158,
                    0.000307704525767
                ],
                [
                    -0.00016532940208,
                    0.000428285828093,
                    -4.59187322122e-05,
                    -7.30887677491e-06,
                    -3.4016866266e-05,
                    -0.000629123300314,
                    0.000537838321179,
                    0.00527366669849,
                    -0.00104824348819,
                    0.000322980078636,
                    -0.000992102781311,
                    -0.000306173256831,
                    -0.000131970460643
                ],
                [
                    0.000140882504638,
                    -0.000259898399236,
                    -0.000424168509198,
                    -0.000976386421826,
                    -0.00109570217319,
                    0.00106950150803,
                    -0.000344894244336,
                    -0.00104824348819,
                    0.0080895293504,
                    -0.00186762318481,
                    -0.000544467999134,
                    -7.81676571933e-05,
                    -0.00183135294355
                ],
                [
                    -0.000117587253044,
                    0.00104450876825,
                    -0.000228172924835,
                    0.001063083997,
                    0.000187252444448,
                    -0.00263173389249,
                    -0.000730302301235,
                    0.000322980078636,
                    -0.00186762318481,
                    0.0123073365539,
                    -0.00403621513397,
                    -0.00117308844347,
                    -0.000198425041162
                ],
                [
                    0.00014221839956,
                    -0.00148818909656,
                    0.000239798886469,
                    -0.00107349234167,
                    0.000546032912098,
                    0.000441828771727,
                    -0.000828744028695,
                    -0.000992102781311,
                    -0.000544467999134,
                    -0.00403621513397,
                    0.0108928000554,
                    -0.00237741670571,
                    -0.000164109049365
                ],
                [
                    -0.000147886457853,
                    0.00125813344494,
                    0.000139074429171,
                    0.000671893649269,
                    -0.000445569807198,
                    -1.60234685609e-05,
                    -0.000187041296158,
                    -0.000306173256831,
                    -7.81676571933e-05,
                    -0.00117308844347,
                    -0.00237741670571,
                    0.0119447512552,
                    -0.00540942139924
                ],
                [
                    0.000194192572962,
                    -0.000848707568366,
                    -9.29918460315e-05,
                    -0.000790940481238,
                    -9.47324297158e-05,
                    0.00028344389284,
                    0.000307704525767,
                    -0.000131970460643,
                    -0.00183135294355,
                    -0.000198425041162,
                    -0.000164109049365,
                    -0.00540942139924,
                    0.0136767216027
                ]
            ],
            "mean": [
                -40.6448287964,
                99.5619125366,
                -79.2970657349,
                28.0762481689,
                -36.6297416687,
                16.5355167389,
                -28.1671352386,
                17.7676200867,
                -16.4671554565,
                7.58008766174,
                -0.960253357887,
                3.34044623375,
                -7.67502737045
            ]
        },
        "hfc": {
            "dmean": 9.24560928345,
            "dmean2": 13.3408689499,
            "dvar": 260.943572998,
            "dvar2": 580.36529541,
            "max": 251.225540161,
            "mean": 19.5767917633,
            "median": 13.9934635162,
            "min": 1.02626465567e-16,
            "var": 454.379882813
        },
        "melbands": {
            "dmean": [
                0.00615731673315,
                0.00449686916545,
                0.00222301366739,
                0.000370668713003,
                0.000383987353416,
                0.000336986442562,
                0.000158584138262,
                0.000240957393544,
                0.000202016817639,
                8.21130815893e-05,
                4.46607955382e-05,
                5.12127298862e-05,
                3.81721620215e-05,
                3.16030163958e-05,
                2.98239701806e-05,
                3.4482931369e-05,
                3.77079377358e-05,
                2.00889480766e-05,
                9.20091497392e-06,
                8.43332691147e-06,
                7.45734860175e-06,
                5.92210335526e-06,
                7.21773312762e-06,
                1.18707021102e-05,
                6.82996460455e-06,
                6.74257353239e-06,
                4.04082857131e-06,
                2.77467620435e-06,
