{
    "lowlevel": {
        "average_loudness": 0.750104606152,
        "barkbands": {
            "dmean": [
                0.00361426454037,
                0.0106344725937,
                0.00109488156158,
                0.000420822121669,
                0.000953168084379,
                0.000511696736794,
                0.000838504754938,
                0.00139669410419,
                0.00158337061293,
                0.000903234293219,
                0.000749552622437,
                0.000538834370673,
                0.000432422646554,
                0.000435617432231,
                0.000263861584244,
                0.000251263554674,
                0.000227821758017,
                0.000154499211931,
                8.85545086931e-05,
                9.10371381906e-05,
                6.74737093505e-05,
                0.000270898104645,
                0.000363657687558,
                0.000146177291754,
                9.54966671998e-05,
                3.01374802802e-05,
                1.43511772421e-06
            ],
            "dmean2": [
                0.00499154860154,
                0.0154195427895,
                0.00183585612103,
                0.000678788113873,
                0.00149132183287,
                0.000833973055705,
                0.00135066988878,
                0.00221757311374,
                0.00234264484607,
                0.0013675725786,
                0.001134556951,
                0.000803972012363,
                0.000658647215459,
                0.000661056779791,
                0.000396931980504,
                0.00037729536416,
                0.000342869490851,
                0.000246585317655,
                0.000132713728817,
                0.000139983763802,
                0.000102216865344,
                0.000448817241704,
                0.000597364152782,
                0.00023403299565,
                0.000156796420924,
                4.93502338941e-05,
                2.33145738093e-06
            ],
            "dvar": [
                6.0527559981e-05,
                0.00100145186298,
                3.11358271574e-05,
                2.61435161519e-06,
                7.84937128628e-06,
                2.26768975153e-06,
                4.40298617832e-06,
                9.45608007896e-06,
                1.99558035092e-05,
                7.4237464105e-06,
                4.04140791943e-06,
                2.58587556345e-06,
                1.46186880556e-06,
                1.2274291521e-06,
                4.8227627758e-07,
                5.33202126007e-07,
                3.4322485476e-07,
                2.3481061362e-07,
                7.04889515646e-08,
                6.60958079379e-08,
                3.64231880212e-08,
                2.96576359915e-07,
                4.82810719404e-07,
                7.79010775886e-08,
                6.21879436835e-08,
                3.46011708174e-09,
                1.53471384906e-11
            ],
            "dvar2": [
                0.000139289812068,
                0.00267904414795,
                8.24172966531e-05,
                6.50486299492e-06,
                1.87063815247e-05,
                5.61002070754e-06,
                1.10412593131e-05,
                2.2258318495e-05,
                4.22737684858e-05,
                1.60051349667e-05,
                8.59491774463e-06,
                5.30023817191e-06,
                3.20468393511e-06,
                2.69285237664e-06,
                1.03260572359e-06,
                1.09327413611e-06,
                7.80586105975e-07,
                5.54471455416e-07,
                1.38210509704e-07,
                1.53668395342e-07,
                7.50453281739e-08,
                6.97847553965e-07,
                1.17447712e-06,
                1.77079684249e-07,
                1.63038265555e-07,
                8.40479863484e-09,
                3.76247678846e-11
            ],
            "max": [
                0.0884811729193,
                0.312503069639,
                0.0798387303948,
                0.0221970174462,
                0.0369190424681,
                0.0237251594663,
                0.0367477759719,
                0.0543157309294,
                0.0900907665491,
                0.0507440641522,
                0.0453412607312,
                0.0382170155644,
                0.0192106496543,
                0.0205526612699,
                0.0125315357,
                0.0171160660684,
                0.0109047237784,
                0.00700456090271,
                0.00414399197325,
                0.0052174795419,
                0.00253231916577,
                0.00782033149153,
                0.00822905637324,
                0.00593595113605,
                0.00717942602932,
                0.000883945554961,
                7.05836137058e-05
            ],
            "mean": [
                0.0122269559652,
                0.0319254845381,
                0.00104338873643,
                0.000469038728625,
                0.00125048088375,
                0.000640595331788,
                0.00121819204651,
                0.00206910073757,
                0.00260145147331,
                0.0013575211633,
                0.00124232482631,
                0.000840692548081,
                0.000601796957199,
                0.000539804983418,
                0.000320440740325,
                0.00032042132807,
                0.000334969576215,
                0.000201832212042,
                0.000118959796964,
                0.000120861222968,
                6.78686919855e-05,
                0.000262279441813,
                0.000341267179465,
                0.000175476714503,
                9.93611101876e-05,
                3.19204518746e-05,
                1.80666859251e-06
            ],
            "median": [
                0.000260387343587,
                0.00185610249173,
                4.36014233856e-05,
                9.25208732951e-05,
                0.000290661875624,
                0.000208679557545,
                0.000419781834353,
                0.000589373521507,
                0.000242661160883,
                0.00014583398297,
                0.000228339165915,
                9.71293775365e-05,
                4.23649216827e-05,
                3.54435142071e-05,
                4.51871637779e-05,
                3.12592092087e-05,
                3.72721042368e-05,
                2.53549933404e-05,
                1.86179604498e-05,
                2.05655287573e-05,
                5.21544006915e-06,
                9.05756860448e-06,
                1.12618026833e-05,
                1.31693686853e-05,
                7.10622862243e-06,
                2.12238205677e-06,
                1.6952930082e-07
            ],
            "min": [
                1.17455643735e-12,
                3.23288895654e-11,
                1.24903091342e-11,
                2.44724778636e-11,
                1.66410163427e-10,
                8.1568751753e-11,
                6.68479938071e-10,
                4.58163680606e-11,
                6.33868435171e-12,
                1.58513185217e-11,
                8.74049530669e-12,
                9.76452599333e-12,
                1.19061560611e-09,
                4.44659864485e-11,
                2.57919630098e-10,
                1.72054800962e-10,
                1.17016341061e-10,
                1.26063838188e-11,
                2.86835888375e-10,
                6.31041829902e-10,
                4.29643293165e-10,
                1.73455000363e-10,
                3.790584166e-11,
                2.52516705462e-11,
                1.77562495957e-11,
                1.20199770276e-11,
                9.15108353677e-12
            ],
            "var": [
                0.000358371762559,
                0.00361341889948,
                2.40744411713e-05,
                2.61642730948e-06,
                9.0320390882e-06,
                2.41882457885e-06,
                5.44154909221e-06,
                1.57275717356e-05,
                4.39463365183e-05,
                1.55609341164e-05,
                8.46040620672e-06,
                4.92160552312e-06,
                2.94765641229e-06,
                1.96964469978e-06,
                8.40402549329e-07,
                9.33677654302e-07,
                6.10154415881e-07,
                3.53169696155e-07,
                1.02129938284e-07,
                8.96836027664e-08,
                4.89619189636e-08,
                4.64840667291e-07,
                7.18676972156e-07,
                1.66629575915e-07,
                7.42166790246e-08,
                5.54653567519e-09,
                3.16018808344e-11
            ]
        },
        "barkbands_crest": {
            "dmean": 2.40192580223,
            "dmean2": 3.79231572151,
            "dvar": 6.37696361542,
            "dvar2": 15.9461679459,
            "max": 26.4987831116,
            "mean": 13.3498506546,
            "median": 13.2060518265,
            "min": 2.53990840912,
            "var": 27.0807170868
        },
        "barkbands_flatness_db": {
            "dmean": 0.033217266202,
            "dmean2": 0.0471677780151,
            "dvar": 0.00125130242668,
            "dvar2": 0.00234156101942,
            "max": 0.544026732445,
            "mean": 0.216082751751,
            "median": 0.208805188537,
            "min": 0.039455357939,
            "var": 0.00641929637641
        },
        "barkbands_kurtosis": {
            "dmean": 8.77906703949,
            "dmean2": 13.6831474304,
            "dvar": 404.593505859,
            "dvar2": 962.230102539,
            "max": 438.501983643,
            "mean": 13.1431589127,
            "median": 3.28837823868,
            "min": -1.89894223213,
            "var": 807.224060059
        },
        "barkbands_skewness": {
            "dmean": 0.892706215382,
            "dmean2": 1.34088551998,
            "dvar": 1.15158498287,
            "dvar2": 2.64295649529,
            "max": 16.8726406097,
            "mean": 2.28474497795,
            "median": 1.62956357002,
            "min": -3.77466797829,
            "var": 5.52122879028
        },
        "barkbands_spread": {
            "dmean": 6.92116355896,
            "dmean2": 10.6334934235,
            "dvar": 107.605728149,
            "dvar2": 236.408187866,
            "max": 110.226051331,
            "mean": 15.9173927307,
            "median": 11.333322525,
            "min": 0.302656292915,
            "var": 223.904251099
        },
        "dissonance": {
            "dmean": 0.0334584191442,
            "dmean2": 0.0553798377514,
            "dvar": 0.00104491587263,
            "dvar2": 0.00271142553538,
            "max": 0.499999821186,
            "mean": 0.433376133442,
            "median": 0.443762362003,
            "min": 0,
            "var": 0.00227284431458
        },
        "dynamic_complexity": 4.62300872803,
        "erbbands": {
            "dmean": [
                0.53308314085,
                1.65821957588,
                1.48016393185,
                1.20991277695,
                2.09594416618,
                3.45296525955,
                4.71561098099,
                4.17013978958,
                8.19729709625,
                24.3246097565,
                24.2262916565,
                38.4750671387,
                29.1527481079,
                31.4775791168,
                23.2406177521,
                20.4029541016,
                18.0445270538,
                20.247013092,
                14.572810173,
                13.0871610641,
                13.2007045746,
                12.03474617,
                8.62146949768,
                4.96240568161,
                4.51588010788,
                4.47985076904,
                2.42529606819,
                3.10758829117,
                7.93142795563,
                13.494386673,
                9.28917217255,
                3.67147612572,
                2.37149572372,
                1.4151031971,
                0.453271746635,
                0.202946215868,
                0.0419265814126,
                0.00465480331331,
                0.000229031793424,
                2.68747407972e-05
            ],
            "dmean2": [
                0.716775417328,
                2.63860082626,
                2.4443936348,
                1.88385081291,
                3.38896298409,
                5.38292169571,
                7.40046453476,
                6.86235809326,
                13.3856096268,
                37.9014930725,
                38.2553596497,
                56.7586364746,
                44.0514259338,
                46.6722221375,
                34.3921127319,
                29.9192066193,
                27.1930866241,
                30.531835556,
                21.4985523224,
                19.2194690704,
                19.5227031708,
                17.6350383759,
                13.5732307434,
                7.31167602539,
                6.89265108109,
                6.93229818344,
                3.76252627373,
                4.820997715,
                13.040353775,
                22.5674114227,
                15.1773796082,
                5.90624189377,
                3.81399989128,
                2.33388876915,
                0.732208251953,
                0.337069988251,
                0.0677469670773,
                0.00764620024711,
                0.000363931350876,
                4.02582991228e-05
            ],
            "dvar": [
                2.09437155724,
                36.7720184326,
                53.5356063843,
                26.7879657745,
                51.0466995239,
                97.088142395,
                224.165267944,
                159.539886475,
                445.043426514,
                3013.30664062,
                3055.11303711,
                12956.7763672,
                7098.12011719,
                7680.00341797,
                3619.69287109,
                3669.99267578,
                2557.55249023,
                2744.69116211,
                1241.57507324,
                1190.53564453,
                1461.18896484,
                844.383239746,
                659.914550781,
                299.959472656,
                164.128982544,
                172.65083313,
                59.780872345,
                57.3748893738,
                267.934448242,
                641.177429199,
                333.158813477,
                49.5594596863,
                24.2435073853,
                15.2685852051,
                1.08564519882,
                0.149479076266,
                0.00733968289569,
                0.000106068138848,
                3.64944554576e-07,
                2.90822232962e-09
            ],
            "dvar2": [
                5.46005296707,
                98.1159973145,
                138.137954712,
                66.6852645874,
                129.594207764,
                230.384933472,
                545.231323242,
                403.599945068,
                1142.47839355,
                7120.87988281,
                7239.40380859,
                26866.8671875,
                15774.3583984,
                15532.2021484,
                8272.359375,
                7288.23291016,
                5518.46240234,
                6213.16455078,
                2623.99609375,
                2480.03173828,
                2991.74389648,
                1839.67687988,
                1500.59802246,
                671.307373047,
                342.800018311,
                404.577941895,
                128.445968628,
                116.592552185,
                631.449401855,
                1579.64501953,
                774.444091797,
                116.93196106,
                55.4526824951,
                40.3729019165,
                2.6819217205,
                0.367866694927,
                0.0176145099103,
                0.000254899729043,
                8.65960998908e-07,
                6.56268239752e-09
            ],
            "max": [
                15.9327344894,
                66.7301864624,
                99.3755950928,
                79.2659912109,
                86.4982223511,
                134.963500977,
                222.717315674,
                193.162078857,
                392.068572998,
                1007.29663086,
                890.255615234,
                2623.29663086,
                2355.05859375,
                1735.12915039,
                999.246643066,
                1348.81738281,
                908.708129883,
                1055.95031738,
                499.764709473,
                847.997802734,
                1101.90063477,
                425.615600586,
                365.844024658,
                300.709503174,
                222.641403198,
                228.852737427,
                113.32283783,
                130.459350586,
                207.510543823,
                300.079711914,
                246.451049805,
                103.579353333,
                124.359786987,
                114.387992859,
                26.6544971466,
                6.16986894608,
                1.26805102825,
                0.187459275126,
                0.010292539373,
                0.000984219950624
            ],
            "mean": [
                1.89079093933,
                3.37397766113,
                1.66342830658,
                1.38798093796,
                2.44285297394,
                4.44757318497,
                6.02661800385,
                5.2276096344,
                11.642575264,
                39.3040924072,
                35.7295570374,
                65.7660064697,
                48.8117713928,
                52.5090446472,
                37.3286247253,
                34.0375328064,
                27.7708358765,
                26.2315311432,
                20.0158882141,
                17.5286445618,
                18.1480121613,
                18.8989391327,
                12.7918920517,
                6.74529933929,
                6.2641916275,
                5.81782722473,
                2.78559660912,
                3.09165382385,
                7.59985208511,
                12.0740613937,
                9.37503623962,
                4.18141794205,
                2.80969357491,
                1.46087145805,
                0.49586969614,
                0.206187337637,
                0.0456905439496,
                0.00518148671836,
                0.000334496202413,
                8.34063102957e-05
            ],
            "median": [
                0.0904987677932,
                0.173345685005,
                0.0814728587866,
                0.219820305705,
                0.54467433691,
                1.02318251133,
                1.62462890148,
                1.60131752491,
                4.457675457,
                15.6860256195,
                10.6884841919,
                6.07108306885,
                6.0223531723,
                7.82534265518,
                9.50582122803,
                3.42916321754,
                2.37117552757,
                1.82479059696,
                2.42092633247,
                2.44417142868,
                2.07900953293,
                2.60473656654,
                1.86750900745,
                0.940634310246,
                1.22257566452,
                0.905817568302,
                0.393659621477,
                0.186323180795,
                0.279635578394,
                0.487749546766,
                0.247534707189,
                0.165362328291,
                0.230273708701,
                0.0982928797603,
                0.0377142578363,
                0.015035809949,
                0.00283240317367,
                0.000334322219715,
                6.14106684225e-05,
                4.60858136648e-05
            ],
            "min": [
                1.47861256572e-09,
                1.06174047332e-08,
                5.05691097885e-08,
                1.04947410762e-07,
                5.90569982251e-07,
                5.69845269638e-07,
                6.12204473782e-07,
                7.64794378938e-07,
                7.00934879205e-06,
                7.58196620154e-06,
                6.87685712819e-07,
                1.93061381992e-07,
                2.20938801476e-07,
                7.95325206582e-07,
                2.24454538511e-07,
                2.2280369194e-06,
                5.30126926606e-05,
                1.69382092281e-05,
                1.76931316673e-05,
                1.13970245366e-05,
                9.29476573219e-06,
                6.28096631772e-06,
                1.0954180425e-06,
                5.18867273058e-06,
                2.74369158433e-05,
                3.12449737976e-05,
                6.79512641e-06,
                8.54579229781e-06,
                6.99102702129e-06,
                3.47085597241e-06,
                7.68799395701e-07,
                7.6810789551e-07,
                2.7949428727e-07,
                2.01962492952e-07,
                7.86712064382e-08,
                4.42865193406e-08,
                2.40813555763e-08,
                5.87761128656e-09,
                1.31409982895e-09,
                1.41246805918e-10
            ],
            "var": [
                11.4128351212,
                64.0415039062,
                45.910320282,
                25.2440605164,
                53.5766677856,
                112.413291931,
                239.790557861,
                172.988327026,
                493.160186768,
                5025.67382812,
                4927.07861328,
                31372.7792969,
                15624.6738281,
                16697.7832031,
                5975.65478516,
                8145.52636719,
                5556.73730469,
                3968.63330078,
                2320.49316406,
                2037.30163574,
                2455.98852539,
                1808.50512695,
                1134.84020996,
                395.991882324,
                234.237228394,
                224.321090698,
                78.1166534424,
                82.3593292236,
                385.555297852,
                802.37689209,
                638.703918457,
                99.0774459839,
                49.2651672363,
                17.9391422272,
                1.52588284016,
                0.213722601533,
                0.012796215713,
                0.00019778132264,
                9.61550881584e-07,
                1.0541065798e-08
            ]
        },
        "erbbands_crest": {
            "dmean": 3.1006064415,
            "dmean2": 4.91046285629,
            "dvar": 7.84245872498,
            "dvar2": 18.3140354156,
            "max": 33.2236366272,
            "mean": 11.3473758698,
            "median": 10.3387622833,
            "min": 2.79279541969,
            "var": 24.2045402527
        },
        "erbbands_flatness_db": {
            "dmean": 0.0275095850229,
            "dmean2": 0.039116807282,
            "dvar": 0.000770631304476,
            "dvar2": 0.00141117488965,
            "max": 0.448178887367,
            "mean": 0.205336764455,
            "median": 0.201652511954,
            "min": 0.0524645596743,
            "var": 0.00434009311721
        },
        "erbbands_kurtosis": {
            "dmean": 1.66164398193,
            "dmean2": 2.71336960793,
            "dvar": 6.42845964432,
            "dvar2": 16.2599639893,
            "max": 79.659034729,
            "mean": 1.44575166702,
            "median": 0.472461938858,
            "min": -1.88106667995,
            "var": 11.1440038681
        },
        "erbbands_skewness": {
            "dmean": 0.56461673975,
            "dmean2": 0.879598617554,
            "dvar": 0.335701465607,
            "dvar2": 0.809045135975,
            "max": 7.80478096008,
            "mean": 0.456449598074,
            "median": 0.451248168945,
            "min": -3.61924266815,
            "var": 0.938594758511
        },
        "erbbands_spread": {
            "dmean": 12.4101190567,
            "dmean2": 19.2442913055,
            "dvar": 275.671966553,
            "dvar2": 628.293762207,
            "max": 171.790481567,
            "mean": 33.3152542114,
            "median": 25.5182094574,
            "min": 1.53680753708,
            "var": 666.331115723
        },
        "gfcc": {
            "cov": [
                [
                    9486.61132812,
                    -3077.97607422,
                    1200.23632812,
                    656.916992188,
                    -337.877563477,
                    1438.9588623,
                    -76.2257156372,
                    799.349365234,
                    73.4354171753,
                    370.921875,
                    -237.766143799,
                    656.431213379,
                    -103.90032959
                ],
                [
                    -3077.97607422,
                    3410.91137695,
                    -51.7555274963,
                    -64.6002655029,
                    1072.48510742,
                    -462.601135254,
                    644.366760254,
                    -91.0192947388,
                    386.089447021,
                    -65.201461792,
                    494.917022705,
                    -187.915374756,
                    329.728851318
                ],
                [
                    1200.23632812,
                    -51.7555274963,
                    2071.2668457,
                    800.627624512,
                    258.374328613,
                    854.09979248,
                    367.032470703,
                    275.654998779,
                    413.871398926,
                    324.124694824,
                    215.899551392,
                    333.014160156,
                    176.609176636
                ],
                [
                    656.916992188,
                    -64.6002655029,
                    800.627624512,
                    1068.93798828,
                    325.150054932,
                    325.522247314,
                    205.372589111,
                    183.922531128,
                    354.22869873,
                    199.334289551,
                    136.485839844,
                    187.795333862,
                    134.566101074
                ],
                [
                    -337.877563477,
                    1072.48510742,
                    258.374328613,
                    325.150054932,
                    793.846740723,
                    99.607925415,
                    374.787811279,
                    183.18347168,
                    318.33203125,
                    142.359115601,
                    243.828613281,
                    28.0767192841,
                    191.015472412
                ],
                [
                    1438.9588623,
                    -462.601135254,
                    854.09979248,
                    325.522247314,
                    99.607925415,
                    747.83605957,
                    253.282165527,
                    185.496078491,
                    201.715637207,
                    240.074493408,
                    53.0811157227,
                    225.15335083,
                    52.4737892151
                ],
                [
                    -76.2257156372,
                    644.366760254,
                    367.032470703,
                    205.372589111,
                    374.787811279,
                    253.282165527,
                    558.717529297,
                    137.004333496,
                    223.33354187,
                    147.036224365,
                    184.268585205,
                    106.830757141,
                    102.782569885
                ],
                [
                    799.349365234,
                    -91.0192947388,
                    275.654998779,
                    183.922531128,
                    183.18347168,
                    185.496078491,
                    137.004333496,
                    322.590148926,
                    147.413360596,
                    110.193572998,
                    87.4494400024,
                    92.0779724121,
                    68.2950134277
                ],
                [
                    73.4354171753,
                    386.089447021,
                    413.871398926,
                    354.22869873,
                    318.33203125,
                    201.715637207,
                    223.33354187,
                    147.413360596,
                    417.087860107,
                    174.420761108,
                    131.580657959,
                    91.1666259766,
                    115.824729919
                ],
                [
                    370.921875,
                    -65.201461792,
                    324.124694824,
                    199.334289551,
                    142.359115601,
                    240.074493408,
                    147.036224365,
                    110.193572998,
                    174.420761108,
                    233.098449707,
                    76.4832382202,
                    79.7351379395,
                    35.9796333313
                ],
                [
                    -237.766143799,
                    494.917022705,
                    215.899551392,
                    136.485839844,
                    243.828613281,
                    53.0811157227,
                    184.268585205,
                    87.4494400024,
                    131.580657959,
                    76.4832382202,
                    252.372467041,
                    57.5791168213,
                    101.773963928
                ],
                [
                    656.431213379,
                    -187.915374756,
                    333.014160156,
                    187.795333862,
                    28.0767192841,
                    225.15335083,
                    106.830757141,
                    92.0779724121,
                    91.1666259766,
                    79.7351379395,
                    57.5791168213,
                    222.302322388,
                    67.288520813
                ],
                [
                    -103.90032959,
                    329.728851318,
                    176.609176636,
                    134.566101074,
                    191.015472412,
                    52.4737892151,
                    102.782569885,
                    68.2950134277,
                    115.824729919,
                    35.9796333313,
                    101.773963928,
                    67.288520813,
                    189.206344604
                ]
            ],
            "icov": [
                [
                    0.000258790852968,
                    4.81180832139e-05,
                    8.09027187643e-05,
                    -5.63165413041e-05,
                    -4.21880104113e-05,
                    -0.000424125784775,
                    0.00020480947569,
                    -0.000549184391275,
                    0.00013948448759,
                    7.64962678659e-05,
                    0.000196400593268,
                    -0.000435012974776,
                    0.000219111490878
                ],
                [
                    4.81180832139e-05,
                    0.00194256962277,
                    -0.000539868080523,
                    0.000861316628288,
                    -0.00172677903902,
                    0.00138850789517,
                    -0.0014825060498,
                    0.00156503811013,
                    -0.00123118888587,
                    0.00149003602564,
                    -0.00152226886712,
                    0.00111763214227,
                    -0.000977201503702
                ],
                [
                    8.09027187643e-05,
                    -0.000539868080523,
                    0.00140194559935,
                    -0.000743138138205,
                    0.000733316643164,
                    -0.00169828964863,
                    0.00054380169604,
                    -0.000618009013124,
                    0.00014937420201,
                    -0.000256878032815,
                    -0.000104397011455,
                    -0.000504721421748,
                    5.65685440961e-05
                ],
                [
                    -5.63165413041e-05,
                    0.000861316628288,
                    -0.000743138138205,
                    0.00206715078093,
                    -0.00118041213136,
                    0.00101156777237,
                    -0.000470521714306,
                    0.000834622303955,
                    -0.00132391753141,
                    0.000424536236096,
                    -0.00049229740398,
                    -8.94051336218e-05,
                    -0.000416644761572
                ],
                [
                    -4.21880104113e-05,
                    -0.00172677903902,
                    0.000733316643164,
                    -0.00118041213136,
                    0.00465316371992,
                    -0.00118376105092,
                    0.000105657702079,
                    -0.00199259188958,
                    0.000155876958161,
                    -0.0014509044122,
                    0.000243808681262,
                    0.000559434702154,
                    -0.000716018781532
                ],
                [
                    -0.000424125784775,
                    0.00138850789517,
                    -0.00169828964863,
                    0.00101156777237,
                    -0.00118376105092,
                    0.00572381587699,
                    -0.0023015209008,
                    0.00166341103613,
                    -0.000907893001568,
                    -0.00109895481728,
                    -6.07448600931e-05,
                    -0.00012465659529,
                    -0.000687611871399
                ],
                [
                    0.00020480947569,
                    -0.0014825060498,
                    0.00054380169604,
                    -0.000470521714306,
                    0.000105657702079,
                    -0.0023015209008,
                    0.00478781852871,
                    -0.00160536100157,
                    0.000699437514413,
                    -0.00119668152183,
                    0.000201390706934,
                    -0.00193012773525,
                    0.00141076091677
                ],
                [
                    -0.000549184391275,
                    0.00156503811013,
                    -0.000618009013124,
                    0.000834622303955,
                    -0.00199259188958,
                    0.00166341103613,
                    -0.00160536100157,
                    0.00698893796653,
                    -0.00172645470593,
                    0.000491048092954,
                    -0.00210373033769,
                    0.00112489296589,
                    -0.0014509530738
                ],
                [
                    0.00013948448759,
                    -0.00123118888587,
                    0.00014937420201,
                    -0.00132391753141,
                    0.000155876958161,
                    -0.000907893001568,
                    0.000699437514413,
                    -0.00172645470593,
                    0.00622076261789,
                    -0.00313413306139,
                    0.00126538530458,
                    -0.00097858114168,
                    -0.000182767267688
                ],
                [
                    7.64962678659e-05,
                    0.00149003602564,
                    -0.000256878032815,
                    0.000424536236096,
                    -0.0014509044122,
                    -0.00109895481728,
                    -0.00119668152183,
                    0.000491048092954,
                    -0.00313413306139,
                    0.00982120167464,
                    -0.00231417221949,
                    0.000908839283511,
                    0.000598115555476
                ],
                [
                    0.000196400593268,
                    -0.00152226886712,
                    -0.000104397011455,
                    -0.00049229740398,
                    0.000243808681262,
                    -6.07448600931e-05,
                    0.000201390706934,
                    -0.00210373033769,
                    0.00126538530458,
                    -0.00231417221949,
                    0.00862078834325,
                    -0.00224631815217,
                    -0.000543866830412
                ],
                [
                    -0.000435012974776,
                    0.00111763214227,
                    -0.000504721421748,
                    -8.94051336218e-05,
                    0.000559434702154,
                    -0.00012465659529,
                    -0.00193012773525,
                    0.00112489296589,
                    -0.00097858114168,
                    0.000908839283511,
                    -0.00224631815217,
                    0.00975503586233,
                    -0.00337433605455
                ],
                [
                    0.000219111490878,
                    -0.000977201503702,
                    5.65685440961e-05,
                    -0.000416644761572,
                    -0.000716018781532,
                    -0.000687611871399,
                    0.00141076091677,
                    -0.0014509530738,
                    -0.000182767267688,
                    0.000598115555476,
                    -0.000543866830412,
                    -0.00337433605455,
                    0.00951369293034
                ]
            ],
            "mean": [
                -60.0190353394,
                97.778503418,
                -122.399833679,
                6.43130111694,
                -66.7012329102,
                13.2811307907,
                -32.2793884277,
                14.3521194458,
                -10.4753808975,
                -1.57478225231,
                -8.28604507446,
                -0.816254138947,
                -7.45391464233
            ]
        },
        "hfc": {
            "dmean": 10.7734727859,
            "dmean2": 16.2551116943,
            "dvar": 308.393066406,
            "dvar2": 605.17578125,
            "max": 200.639343262,
            "mean": 21.882484436,
            "median": 13.7585887909,
            "min": 2.33612172451e-05,
            "var": 682.716430664
        },
        "melbands": {
            "dmean": [
                0.00375582976267,
                0.00113535113633,
                0.000227839700528,
                0.000188370147953,
                0.000168918981217,
                9.53473936534e-05,
                0.000138352363138,
                0.00029226343031,
                0.000194569918676,
                0.000253615085967,
                0.000148294158862,
                0.000131739783683,
                8.2427970483e-05,
                6.7523731559e-05,
                4.25425132562e-05,
                4.44854995294e-05,
                4.15618851548e-05,
                2.71582121059e-05,
                2.27037380682e-05,
                1.80914939847e-05,
                1.52812317538e-05,
                1.33709845613e-05,
                1.15613192975e-05,
                5.3669564295e-06,
                4.05543369197e-06,
                3.5391349229e-06,
                3.57794783667e-06,
                2.90055913865e-06,
