{
    "lowlevel": {
        "average_loudness": 0.914671897888,
        "barkbands": {
            "dmean": [
                0.000896027777344,
                0.00719194673002,
                0.00331795145757,
                0.00147032097448,
                0.00173330644611,
                0.00118853780441,
                0.00120203150436,
                0.000725244288333,
                0.00187785062008,
                0.00218068878166,
                0.000582875451073,
                0.000303914712276,
                0.00053712161025,
                0.000199867019546,
                0.000370603142073,
                0.000185358585441,
                0.000116745468404,
                8.85489353095e-05,
                7.95197847765e-05,
                9.00059676496e-05,
                9.85117221717e-05,
                7.75876033003e-05,
                7.11774555384e-05,
                5.61384949833e-05,
                5.13118393428e-05,
                2.13975326915e-05,
                1.40160000228e-06
            ],
            "dmean2": [
                0.00141273252666,
                0.0113103482872,
                0.00590033410117,
                0.00258755218238,
                0.00289040408097,
                0.00193233287428,
                0.00197181617841,
                0.00117899477482,
                0.00287411850877,
                0.00318448035978,
                0.000821737223305,
                0.000467552716145,
                0.000843754387461,
                0.000318014499499,
                0.000597500125878,
                0.000286533322651,
                0.000181886658538,
                0.000136778209708,
                0.000118996438687,
                0.000130187225295,
                0.000135131005663,
                0.000103907688754,
                0.000100098237453,
                7.65305230743e-05,
                6.89484804752e-05,
                3.1195468182e-05,
                2.21139521273e-06
            ],
            "dvar": [
                4.42294867753e-06,
                0.000233808692428,
                6.270781887e-05,
                1.0907466276e-05,
                1.2776073163e-05,
                1.04501887108e-05,
                1.07261093945e-05,
                5.78712206334e-06,
                3.22619016515e-05,
                3.2116928196e-05,
                3.10701261697e-06,
                1.13603357477e-06,
                2.03520858122e-06,
                3.8512476408e-07,
                1.08635924789e-06,
                1.85239699135e-07,
                6.57010517102e-08,
                2.27524967755e-08,
                2.1725940158e-08,
                2.11133599493e-08,
                4.23042187947e-08,
                2.65239652464e-08,
                2.58408920928e-08,
                1.9503946902e-08,
                1.62915263502e-08,
                3.09208436633e-09,
                3.99914927562e-11
            ],
            "dvar2": [
                1.05972594611e-05,
                0.000525706913322,
                0.000185505559784,
                3.06369474856e-05,
                3.31771261699e-05,
                2.57567826338e-05,
                2.49521435762e-05,
                1.24642619994e-05,
                7.67268429627e-05,
                6.59036595607e-05,
                4.88599243909e-06,
                2.60207480096e-06,
                4.94683035868e-06,
                9.30859073378e-07,
                2.75328102362e-06,
                4.11461229533e-07,
                1.53567171424e-07,
                5.26884598173e-08,
                5.01081061088e-08,
                4.74804124906e-08,
                8.89881022204e-08,
                5.12846298761e-08,
                5.36085629221e-08,
                3.90792322946e-08,
                2.91319555146e-08,
                7.13453607304e-09,
                1.06813759226e-10
            ],
            "max": [
                0.0228938367218,
                0.129441484809,
                0.0728160589933,
                0.0423628985882,
                0.0451595112681,
                0.0343137085438,
                0.0856098532677,
                0.0748479217291,
                0.103198610246,
                0.102273106575,
                0.0614129081368,
                0.0369408205152,
                0.0315949246287,
                0.0209077745676,
                0.0197117216885,
                0.0187338795513,
                0.00821729470044,
                0.00271192425862,
                0.00203953171149,
                0.00313289836049,
                0.00450974749401,
                0.00322245014831,
                0.00370408082381,
                0.00494467793033,
                0.00212441920303,
                0.000816694169771,
                0.000162638287293
            ],
            "mean": [
                0.00102566787973,
                0.0112111866474,
                0.00466380175203,
                0.00183831178583,
                0.00250233639963,
                0.00145221420098,
                0.00151942798402,
                0.000972470268607,
                0.00292302737944,
                0.00432828627527,
                0.00108834076673,
                0.00044410279952,
                0.000835117010865,
                0.00027846643934,
                0.000519516528584,
                0.000287567614578,
                0.000186221339391,
                0.000142583419802,
                0.000122336830827,
                0.00017365172971,
                0.000154173569172,
                0.000129259453388,
                0.000119635296869,
                9.20191014302e-05,
                8.27669136925e-05,
                3.23457425111e-05,
                1.69941426975e-06
            ],
            "median": [
                0.000249745207839,
                0.00518218707293,
                0.00262506725267,
                0.00103210529778,
                0.00120474619325,
                0.000433113309555,
                0.000371765403543,
                0.000224943214562,
                0.000431317661423,
                0.000568235525861,
                0.00017538316024,
                0.000123886042275,
                0.000234396124142,
                0.000105976243503,
                0.000166159312357,
                0.000122533980175,
                9.27500732359e-05,
                7.49822502257e-05,
                5.85895795666e-05,
                9.55444847932e-05,
                5.08772100147e-05,
                3.45659136656e-05,
                3.21291699947e-05,
                1.87863079191e-05,
                2.10807975236e-05,
                1.01581908893e-05,
                3.38553121537e-07
            ],
            "min": [
                3.43632227935e-23,
                9.47926187061e-24,
                4.46175657471e-23,
                6.51703276795e-24,
                7.97342611456e-23,
                1.03915422733e-22,
                7.83861988328e-23,
                1.80651892532e-23,
                1.21188497818e-22,
                2.74239825972e-23,
                7.3512300616e-23,
                1.46879867344e-22,
                9.03979629555e-23,
                1.80181131898e-22,
                2.01250533825e-22,
                1.60519360748e-22,
                2.35014184466e-22,
                3.49562391972e-22,
                2.67754688823e-22,
                3.49755757557e-22,
                2.92722224825e-22,
                5.15948807883e-22,
                6.17191342677e-22,
                8.56201606188e-22,
                1.15412294187e-21,
                1.27799374347e-21,
                2.35222822398e-21
            ],
            "var": [
                4.91072114528e-06,
                0.00031286678859,
                5.09736564709e-05,
                8.7420521595e-06,
                1.38403092933e-05,
                1.05489325506e-05,
                1.68925489561e-05,
                1.33602452479e-05,
                7.24368146621e-05,
                0.000103249869426,
                1.35581194627e-05,
                2.08163851312e-06,
                3.91865614802e-06,
                5.31635237166e-07,
                1.59749743034e-06,
                3.807659823e-07,
                1.41699615597e-07,
                3.93624048911e-08,
                3.43113804036e-08,
                5.0150912756e-08,
                7.02367728422e-08,
                5.67997240353e-08,
                4.86187907711e-08,
                3.73618931349e-08,
                3.1765807762e-08,
                4.45175141195e-09,
                3.58434081027e-11
            ]
        },
        "barkbands_crest": {
            "dmean": 3.0918264389,
            "dmean2": 5.00192785263,
            "dvar": 9.01197528839,
            "dvar2": 22.7878360748,
            "max": 26.7116527557,
            "mean": 11.6016206741,
            "median": 10.7379436493,
            "min": 2.31782150269,
            "var": 21.304233551
        },
        "barkbands_flatness_db": {
            "dmean": 0.0260927062482,
            "dmean2": 0.0380885414779,
            "dvar": 0.000732672109734,
            "dvar2": 0.00150016869884,
            "max": 0.488268584013,
            "mean": 0.150468170643,
            "median": 0.145903483033,
            "min": 0.0218184571713,
            "var": 0.00318507966585
        },
        "barkbands_kurtosis": {
            "dmean": 4.41540241241,
            "dmean2": 6.94344568253,
            "dvar": 93.6677474976,
            "dvar2": 215.332351685,
            "max": 378.631500244,
            "mean": 5.34410953522,
            "median": 2.21130919456,
            "min": -1.92872929573,
            "var": 132.302886963
        },
        "barkbands_skewness": {
            "dmean": 0.753632247448,
            "dmean2": 1.10777628422,
            "dvar": 0.677321851254,
            "dvar2": 1.54103505611,
            "max": 18.5948734283,
            "mean": 1.50337827206,
            "median": 1.35851192474,
            "min": -6.28157520294,
            "var": 2.0702548027
        },
        "barkbands_spread": {
            "dmean": 6.6311340332,
            "dmean2": 9.51928806305,
            "dvar": 83.5988540649,
            "dvar2": 169.291275024,
            "max": 139.512710571,
            "mean": 20.762178421,
            "median": 17.1139774323,
            "min": 0.327878832817,
            "var": 260.863769531
        },
        "dissonance": {
            "dmean": 0.0279936082661,
            "dmean2": 0.0459651388228,
            "dvar": 0.000911406648811,
            "dvar2": 0.00234289630316,
            "max": 0.500000178814,
            "mean": 0.450047671795,
            "median": 0.463802993298,
            "min": 0.160469025373,
            "var": 0.00203680433333
        },
        "dynamic_complexity": 3.72014975548,
        "erbbands": {
            "dmean": [
                0.301630705595,
                1.52147638798,
                3.7446706295,
                4.30232334137,
                6.52773427963,
                5.14536857605,
                6.43057823181,
                10.0050668716,
                17.1326370239,
                14.3470888138,
                20.2992992401,
                48.9058761597,
                41.512008667,
                71.3907241821,
                13.9330339432,
                14.1875543594,
                24.9744529724,
                12.703576088,
                18.7411766052,
                11.6220808029,
                9.2957983017,
                5.52673864365,
                4.98147773743,
                4.12165737152,
                3.86058759689,
                4.41486167908,
                4.07116937637,
                3.78476047516,
                2.74048566818,
                2.67102646828,
                1.82894420624,
                1.32294201851,
                0.877749025822,
                0.597667634487,
                0.38530677557,
                0.155072882771,
                0.0217206906527,
                0.00261900108308,
                0.000249804958003,
                2.67112591246e-05
            ],
            "dmean2": [
                0.461761176586,
                2.59631633759,
                6.67883014679,
                7.5584769249,
                11.173043251,
                8.80745792389,
                10.8816184998,
                16.3655261993,
                28.1297111511,
                23.0088233948,
                32.5893211365,
                74.2823791504,
                62.2665138245,
                100.689125061,
                20.6048030853,
                21.6236305237,
                39.207698822,
                19.8017864227,
                30.1427268982,
                18.1729507446,
                14.3817176819,
                8.43314933777,
                7.6215338707,
                6.19736385345,
                5.68995571136,
                6.4685344696,
                5.79762268066,
                5.18350458145,
                3.69344544411,
                3.65814208984,
                2.50468659401,
                1.83782434464,
                1.24372279644,
                0.819809615612,
                0.530158519745,
                0.22492647171,
                0.0307299979031,
                0.00373826851137,
                0.000389565364458,
                3.96982686652e-05
            ],
            "dvar": [
                0.442123711109,
                11.6375865936,
                79.9305648804,
                94.8856887817,
                172.016448975,
                156.519943237,
                331.528533936,
                747.921264648,
                2234.92114258,
                1974.25744629,
                3400.91577148,
                24269.9394531,
                16725.4804688,
                35238.2734375,
                954.031433105,
                2660.1887207,
                4386.44921875,
                1330.67456055,
                3151.65795898,
                786.025634766,
                415.533508301,
                90.8467483521,
                74.0190505981,
                56.4523506165,
                47.2744560242,
                54.0804519653,
                60.7023124695,
                63.5811195374,
                35.2992324829,
                34.5458869934,
                15.7020435333,
                10.0232667923,
                5.02115345001,
                1.94817256927,
                1.07746851444,
                0.165386706591,
                0.00216932734475,
                3.96428222302e-05,
                1.64714981565e-06,
                6.4338867567e-09
            ],
            "dvar2": [
                0.904820501804,
                31.7274875641,
                237.825683594,
                269.88583374,
                457.128967285,
                426.945220947,
                864.492431641,
                1865.02746582,
                5417.22705078,
                4216.26220703,
                8314.30371094,
                57587.4296875,
                37112.3945313,
                67398.7109375,
                1858.96350098,
                6055.61035156,
                10788.3496094,
                3158.09594727,
                8120.88964844,
                1853.74475098,
                989.692443848,
                212.398010254,
                176.016967773,
                127.055793762,
                108.077667236,
                124.600097656,
                130.553878784,
                133.736358643,
                68.3981704712,
                68.883934021,
                31.645980835,
                20.0561199188,
                10.3092336655,
                3.68787527084,
                2.02061223984,
                0.375319361687,
                0.00453343987465,
                8.54965182953e-05,
                4.36294521933e-06,
                1.72360312689e-08
            ],
            "max": [
                6.10294532776,
                28.3530826569,
                87.7816772461,
                100.717880249,
                171.449462891,
                126.720611572,
                283.97265625,
                387.558258057,
                1270.3651123,
                1668.59924316,
                1059.12719727,
                3014.93823242,
                2854.90478516,
                3749.35742188,
                1049.19213867,
                1875.66699219,
                1590.03674316,
                1203.6829834,
                1161.14562988,
                857.528869629,
                659.898742676,
                189.008087158,
                184.768264771,
                124.704772949,
                121.621246338,
                128.299072266,
                186.501586914,
                172.040679932,
                98.3404922485,
                133.63218689,
                71.5339279175,
                92.6331253052,
                78.9135131836,
                28.205034256,
                16.5563678741,
                5.80865240097,
                1.09625148773,
                0.215642616153,
                0.0341277010739,
                0.00222506956197
            ],
            "mean": [
                0.425865620375,
                2.09795403481,
                5.15466308594,
                6.17083501816,
                8.66573143005,
                7.25128936768,
                7.87095308304,
                12.7205085754,
                21.1301326752,
                20.3378925323,
                26.6121025085,
                77.9478912354,
                75.819984436,
                152.992858887,
                27.6419734955,
                22.4368076324,
                39.5544471741,
                19.7792339325,
                27.3249568939,
                17.7215976715,
                16.2158508301,
                9.35555458069,
                8.14731025696,
                6.71320772171,
                6.44683074951,
                8.32651996613,
                6.72353076935,
                5.86256122589,
                4.5445895195,
                4.41282081604,
                3.11080098152,
                2.14462804794,
                1.41449511051,
                0.943132400513,
                0.603020250797,
                0.227775081992,
                0.0366968028247,
                0.00449928548187,
                0.000312746444251,
                5.63707908441e-05
            ],
            "median": [
                0.155887320638,
                1.06322014332,
                3.01048016548,
                3.55488681793,
                4.53482103348,
                2.95081400871,
                2.91650438309,
                3.71863150597,
                5.95116615295,
                5.78775596619,
                7.04424953461,
                12.5817050934,
                18.1869163513,
                18.6976680756,
                10.3017911911,
                8.38444137573,
                11.5866413116,
                9.17921447754,
                9.43272686005,
                7.61548137665,
                7.57805681229,
                4.99667453766,
                4.35091209412,
                3.53276896477,
                3.32072973251,
                4.51175785065,
                2.63248300552,
                1.82656848431,
                1.22184407711,
                1.22351431847,
                0.816866695881,
                0.436783850193,
                0.310956686735,
                0.252838879824,
                0.135666817427,
                0.0630515813828,
                0.0136473588645,
                0.00177012151107,
                7.98050532467e-05,
                4.2135885451e-05
            ],
            "min": [
                6.44060980094e-22,
                2.15364186907e-21,
                3.95634864741e-20,
                4.47104788952e-20,
                1.17064939659e-19,
                2.35996128026e-19,
                3.64215869664e-19,
                1.11237697812e-18,
                1.29052273075e-18,
                6.45729963191e-19,
                6.71530708773e-19,
                3.30448149521e-18,
                1.12299022237e-18,
                1.37650453651e-18,
                3.5431115214e-18,
                6.67297394854e-18,
                5.44721966655e-18,
                6.68876648079e-18,
                1.16974761979e-17,
                9.05197640951e-18,
                9.58859494265e-18,
                1.41831167155e-17,
                2.07136348597e-17,
                1.38286392174e-17,
                1.30135610843e-17,
                1.69027757274e-17,
                1.34961101296e-17,
                1.29696518559e-17,
                1.51029895332e-17,
                2.33363102535e-17,
                1.73172444995e-17,
                1.83474102713e-17,
                1.26718296122e-17,
                1.08955651259e-17,
                9.23441853823e-18,
                5.2082546322e-18,
                2.40429867808e-18,
                1.21779742488e-18,
                3.31927520688e-19,
                3.29121885609e-20
            ],
            "var": [
                0.606202602386,
                10.951748848,
                61.9079818726,
                81.8550567627,
                165.128799438,
                156.142120361,
                316.65246582,
                766.415527344,
                2812.20043945,
                4880.2734375,
                4763.33251953,
                54914.109375,
                36746.8671875,
                136375.53125,
                2883.61376953,
                4861.27392578,
                8549.44433594,
                1885.63085938,
                4779.71582031,
                1227.86242676,
                1018.04974365,
                189.444412231,
                129.886566162,
                92.7532196045,
                81.1369171143,
                118.594398499,
                107.423927307,
                107.884147644,
                74.189781189,
                68.6571960449,
                32.1981773376,
                19.6599025726,
                8.91195964813,
                3.60682630539,
                1.98620486259,
                0.235458701849,
                0.00446306867525,
                8.16883257357e-05,
                1.42450835483e-06,
                6.05425753974e-09
            ]
        },
        "erbbands_crest": {
            "dmean": 3.78762149811,
            "dmean2": 5.8557510376,
            "dvar": 15.0086669922,
            "dvar2": 31.1861076355,
            "max": 33.8475418091,
            "mean": 13.0143346786,
            "median": 10.8328123093,
            "min": 2.16768097878,
            "var": 61.5623512268
        },
        "erbbands_flatness_db": {
            "dmean": 0.0241623353213,
            "dmean2": 0.0333954244852,
            "dvar": 0.000625939981546,
            "dvar2": 0.00113418267574,
            "max": 0.402305006981,
            "mean": 0.163571402431,
            "median": 0.153154522181,
            "min": 0.021507255733,
            "var": 0.00354161136784
        },
        "erbbands_kurtosis": {
            "dmean": 2.91248989105,
            "dmean2": 4.48864364624,
            "dvar": 39.9660873413,
            "dvar2": 92.7521438599,
            "max": 154.629684448,
            "mean": 3.73488163948,
            "median": 0.763364970684,
            "min": -1.92223250866,
            "var": 77.8072738647
        },
        "erbbands_skewness": {
            "dmean": 0.578636825085,
            "dmean2": 0.852972507477,
            "dvar": 0.378721088171,
            "dvar2": 0.847177267075,
            "max": 10.4651641846,
            "mean": 0.622437357903,
            "median": 0.44304767251,
            "min": -5.53684711456,
            "var": 1.358304739
        },
        "erbbands_spread": {
            "dmean": 10.2583503723,
            "dmean2": 14.7865066528,
            "dvar": 141.323318481,
            "dvar2": 294.851165771,
            "max": 197.777633667,
            "mean": 33.9371147156,
            "median": 29.6289215088,
            "min": 1.05603587627,
            "var": 566.952270508
        },
        "gfcc": {
            "cov": [
                [
                    11063.8730469,
                    448.122009277,
                    -468.088562012,
                    594.431396484,
                    -419.963409424,
                    491.113861084,
                    -87.3766860962,
                    186.369506836,
                    -162.580749512,
                    -113.464706421,
                    -53.7091827393,
                    68.8625488281,
                    -89.1119918823
                ],
                [
                    448.122009277,
                    1476.64953613,
                    -167.326873779,
                    -145.584381104,
                    404.266937256,
                    -62.1830444336,
                    226.660888672,
                    -78.9721298218,
                    35.1649513245,
                    -87.0341796875,
                    58.7111167908,
                    -122.174430847,
                    -4.51882123947
                ],
                [
                    -468.088562012,
                    -167.326873779,
                    630.22869873,
                    208.969268799,
                    -8.93821048737,
                    22.6542663574,
                    -85.7178726196,
                    7.12760353088,
                    -13.4164476395,
                    -20.1889686584,
                    -2.30279493332,
                    7.67757606506,
                    -60.6219406128
                ],
                [
                    594.431396484,
                    -145.584381104,
                    208.969268799,
                    577.452880859,
                    50.0595779419,
                    21.9980983734,
                    -64.4431686401,
                    -32.485786438,
                    -12.8533296585,
                    0.27916482091,
                    -15.1161527634,
                    -30.278169632,
                    -31.0980892181
                ],
                [
                    -419.963409424,
                    404.266937256,
                    -8.93821048737,
                    50.0595779419,
                    395.969512939,
                    32.7288398743,
                    130.633743286,
                    -31.5330352783,
                    33.6640625,
                    -9.90125751495,
                    -1.98258495331,
                    -52.9925498962,
                    -11.5553703308
                ],
                [
                    491.113861084,
                    -62.1830444336,
                    22.6542663574,
                    21.9980983734,
                    32.7288398743,
                    269.673950195,
                    101.732292175,
                    37.4984092712,
                    -28.6961174011,
                    -4.21270465851,
                    -21.1436958313,
                    2.91573429108,
                    -1.7610783577
                ],
                [
                    -87.3766860962,
                    226.660888672,
                    -85.7178726196,
                    -64.4431686401,
                    130.633743286,
                    101.732292175,
                    257.976348877,
                    53.2533340454,
                    6.13229322433,
                    -21.9978275299,
                    -28.1385746002,
                    -35.6513442993,
                    29.0408878326
                ],
                [
                    186.369506836,
                    -78.9721298218,
                    7.12760353088,
                    -32.485786438,
                    -31.5330352783,
                    37.4984092712,
                    53.2533340454,
                    167.275650024,
                    60.4932289124,
                    18.8861236572,
                    -30.9954071045,
                    -2.21030545235,
                    6.44324922562
                ],
                [
                    -162.580749512,
                    35.1649513245,
                    -13.4164476395,
                    -12.8533296585,
                    33.6640625,
                    -28.6961174011,
                    6.13229322433,
                    60.4932289124,
                    136.693389893,
                    38.4480857849,
                    -2.13756394386,
                    -13.4510936737,
                    -1.00278031826
                ],
                [
                    -113.464706421,
                    -87.0341796875,
                    -20.1889686584,
                    0.27916482091,
                    -9.90125751495,
                    -4.21270465851,
                    -21.9978275299,
                    18.8861236572,
                    38.4480857849,
                    110.269271851,
                    31.1913433075,
                    2.84122729301,
                    -8.49640464783
                ],
                [
                    -53.7091827393,
                    58.7111167908,
                    -2.30279493332,
                    -15.1161527634,
                    -1.98258495331,
                    -21.1436958313,
                    -28.1385746002,
                    -30.9954071045,
                    -2.13756394386,
                    31.1913433075,
                    111.061752319,
                    40.0006141663,
                    -6.18256902695
                ],
                [
                    68.8625488281,
                    -122.174430847,
                    7.67757606506,
                    -30.278169632,
                    -52.9925498962,
                    2.91573429108,
                    -35.6513442993,
                    -2.21030545235,
                    -13.4510936737,
                    2.84122729301,
                    40.0006141663,
                    110.605606079,
                    28.853225708
                ],
                [
                    -89.1119918823,
                    -4.51882123947,
                    -60.6219406128,
                    -31.0980892181,
                    -11.5553703308,
                    -1.7610783577,
                    29.0408878326,
                    6.44324922562,
                    -1.00278031826,
                    -8.49640464783,
                    -6.18256902695,
                    28.853225708,
                    104.365562439
                ]
            ],
            "icov": [
                [
                    0.000198164168978,
                    -0.000331331510097,
                    0.00031536037568,
                    -0.00039605848724,
                    0.00041969618178,
                    -0.000505630858243,
                    0.000373396993382,
                    -0.000452983862488,
                    0.000237644999288,
                    4.7889938287e-05,
                    0.000275195750874,
                    -0.000451741769211,
                    0.000329396891175
                ],
                [
                    -0.000331331510097,
                    0.00199527922086,
                    -0.000383809325285,
                    0.00100796483457,
                    -0.00173509842716,
                    0.00131124211475,
                    -0.00132370844949,
                    0.00110911019146,
                    -0.000781679234933,
                    0.00137224467471,
                    -0.00213955459185,
                    0.00225135055371,
                    -0.000634186901152
                ],
                [
                    0.00031536037568,
                    -0.000383809325285,
                    0.0025411976967,
                    -0.00122988142539,
                    0.000419069867348,
                    -0.00100771035068,
                    0.00120984495152,
                    -0.00125900167041,
                    0.000472160114441,
                    0.000861406442709,
                    0.000211029109778,
                    -0.000970459601376,
                    0.00148819445167
                ],
                [
                    -0.00039605848724,
                    0.00100796483457,
                    -0.00122988142539,
                    0.00301813078113,
                    -0.00150443904568,
                    0.000762469833717,
                    -0.00016702846915,
                    0.00123406795319,
                    -0.000409245956689,
                    2.12629402085e-05,
                    -0.000672350579407,
                    0.00192021392286,
                    -0.000865915208124
                ],
                [
                    0.00041969618178,
                    -0.00173509842716,
                    0.000419069867348,
                    -0.00150443904568,
                    0.00541820283979,
                    -0.00139205937739,
                    -0.0011145711178,
                    0.000696489412803,
                    -0.000937227392569,
                    -0.000694570015185,
                    0.00136959401425,
                    -0.00125828722958,
                    0.00128537975252
                ],
                [
                    -0.000505630858243,
                    0.00131124211475,
                    -0.00100771035068,
                    0.000762469833717,
                    -0.00139205937739,
                    0.00640494842082,
                    -0.00343721709214,
                    0.000456998095615,
                    0.000848218798637,
                    -0.000516239611898,
                    -0.000372324429918,
                    0.000360025383998,
                    -6.38899109617e-06
                ],
                [
                    0.000373396993382,
                    -0.00132370844949,
                    0.00120984495152,
                    -0.00016702846915,
                    -0.0011145711178,
                    -0.00343721709214,
                    0.00859920773655,
                    -0.00373380654491,
                    0.00155909755267,
                    0.000774904212449,
                    0.000825854018331,
                    0.000689914333634,
                    -0.00149297190364
                ],
                [
                    -0.000452983862488,
                    0.00110911019146,
                    -0.00125900167041,
                    0.00123406795319,
                    0.000696489412803,
                    0.000456998095615,
                    -0.00373380654491,
                    0.0108310524374,
                    -0.0052084941417,
                    -0.00101652101148,
                    0.00162268197164,
                    0.000158261274919,
                    -0.000327648798702
                ],
                [
                    0.000237644999288,
                    -0.000781679234933,
                    0.000472160114441,
                    -0.000409245956689,
                    -0.000937227392569,
                    0.000848218798637,
                    0.00155909755267,
                    -0.0052084941417,
                    0.0113911293447,
                    -0.00330949225463,
                    0.000726219557691,
                    -2.38797438215e-05,
                    9.29417365114e-06
                ],
                [
                    4.7889938287e-05,
                    0.00137224467471,
                    0.000861406442709,
                    2.12629402085e-05,
                    -0.000694570015185,
                    -0.000516239611898,
                    0.000774904212449,
                    -0.00101652101148,
                    -0.00330949225463,
                    0.013297457248,
                    -0.00555765768513,
                    0.00250441324897,
                    0.00039765398833
                ],
                [
                    0.000275195750874,
                    -0.00213955459185,
                    0.000211029109778,
                    -0.000672350579407,
                    0.00136959401425,
                    -0.000372324429918,
                    0.000825854018331,
                    0.00162268197164,
                    0.000726219557691,
                    -0.00555765768513,
                    0.0152862295508,
                    -0.00771074742079,
                    0.00247176340781
                ],
                [
                    -0.000451741769211,
                    0.00225135055371,
                    -0.000970459601376,
                    0.00192021392286,
                    -0.00125828722958,
                    0.000360025383998,
                    0.000689914333634,
                    0.000158261274919,
                    -2.38797438215e-05,
                    0.00250441324897,
                    -0.00771074742079,
                    0.0161262080073,
                    -0.00532618677244
                ],
                [
                    0.000329396891175,
                    -0.000634186901152,
                    0.00148819445167,
                    -0.000865915208124,
                    0.00128537975252,
                    -6.38899109617e-06,
                    -0.00149297190364,
                    -0.000327648798702,
                    9.29417365114e-06,
                    0.00039765398833,
                    0.00247176340781,
                    -0.00532618677244,
                    0.0126711716875
                ]
            ],
            "mean": [
                -12.6214609146,
                93.526763916,
                -103.912658691,
                28.4450397491,
                -51.6572532654,
                25.6983146667,
                -26.2716732025,
                15.8796234131,
                -22.5221652985,
                6.56255626678,
                -20.771446228,
                -0.0452154204249,
                -7.38038015366
            ]
        },
        "hfc": {
            "dmean": 7.32326936722,
            "dmean2": 10.0330495834,
            "dvar": 86.9686126709,
            "dvar2": 173.598007202,
            "max": 98.4689865112,
            "mean": 20.6719169617,
            "median": 17.4748210907,
            "min": 1.13816320048e-16,
            "var": 272.364013672
        },
        "melbands": {
            "dmean": [
                0.0021970726084,
                0.00190604361705,
                0.000802293303423,
                0.000429507985245,
                0.000210787591641,
                0.000235857980442,
                0.000256922561675,
                0.000151947635459,
                0.000195535554667,
                0.000305477413349,
                0.000213612482185,
                0.000306878733682,
                5.63158027944e-05,
                3.52049501089e-05,
                4.19788702857e-05,
                5.65078262298e-05,
                2.09305471799e-05,
                2.93236589641e-05,
                2.25404728553e-05,
                1.39977109939e-05,
                1.11618019218e-05,
                6.55856092635e-06,
                5.02764123667e-06,
                4.19079788117e-06,
                3.4717068047e-06,
                3.04894206238e-06,
