{
    "lowlevel": {
        "average_loudness": 0.930130898952,
        "barkbands": {
            "dmean": [
                0.00119209440891,
                0.00773821212351,
                0.00228867842816,
                0.000849826610647,
                0.00147086381912,
                0.00101502798498,
                0.00117248063907,
                0.000560758810025,
                0.00100761128124,
                0.00156441691797,
                0.00111156492494,
                0.000851950433571,
                0.000531339959707,
                0.000853430479765,
                0.000550090160687,
                0.000644258630928,
                0.000471370614832,
                0.000390911212889,
                0.000273807556368,
                0.000173293301486,
                0.000150542342453,
                0.000115943948913,
                0.000156612208229,
                0.000132114670123,
                9.09951268113e-05,
                3.76514763047e-05,
                1.26290660774e-06
            ],
            "dmean2": [
                0.00194998271763,
                0.0125202443451,
                0.00410669343546,
                0.00149662385229,
                0.00268428493291,
                0.00160952960141,
                0.00192538020201,
                0.000967082625721,
                0.00161977717653,
                0.00240009534173,
                0.00177977001294,
                0.00131636206061,
                0.000824425776955,
                0.0013002109481,
                0.000850092153996,
                0.000987340114079,
                0.000720167532563,
                0.000578719424084,
                0.000424803438364,
                0.00026861866354,
                0.000238662425545,
                0.000191042214283,
                0.00026257277932,
                0.000212549421121,
                0.000137404291308,
                5.45805924048e-05,
                2.00345789381e-06
            ],
            "dvar": [
                5.7429519984e-06,
                0.000239485671045,
                5.59559193789e-05,
                9.81194534688e-06,
                2.27662221732e-05,
                6.25509483143e-06,
                7.81591097621e-06,
                4.38669394498e-06,
                1.09318189061e-05,
                1.44455370901e-05,
                1.1490767065e-05,
                5.62752347832e-06,
                2.29864122048e-06,
                4.81927054352e-06,
                2.22972835218e-06,
                2.44495822699e-06,
                1.4732827367e-06,
                6.56194856674e-07,
                2.27541434583e-07,
                8.49814583148e-08,
                8.11662985711e-08,
                6.95273953966e-08,
                1.54556190068e-07,
                1.01425598587e-07,
                2.64304418351e-08,
                1.04107975574e-08,
                2.02419660894e-11
            ],
            "dvar2": [
                1.48988674482e-05,
                0.00061333674239,
                0.000156399473781,
                2.76771570498e-05,
                6.57700365991e-05,
                1.36225089591e-05,
                1.93508021766e-05,
                1.21627545013e-05,
                2.63623351202e-05,
                3.35552613251e-05,
                2.65430171567e-05,
                1.31649294417e-05,
                5.60749913348e-06,
                1.01145988083e-05,
                4.68242114948e-06,
                5.71081363887e-06,
                3.16948944601e-06,
                1.3860699255e-06,
                5.14926398409e-07,
                2.0934342615e-07,
                1.98642879923e-07,
                1.68042276982e-07,
                4.19140548047e-07,
                2.92275387892e-07,
                5.69139579909e-08,
                2.07258548102e-08,
                4.43170014575e-11
            ],
            "max": [
                0.0290886964649,
                0.15609061718,
                0.0872678384185,
                0.0572483949363,
                0.055518809706,
                0.0440052971244,
                0.038986351341,
                0.0372304059565,
                0.0646202340722,
                0.0575179718435,
                0.053862310946,
                0.0458706393838,
                0.0329523533583,
                0.0328748002648,
                0.023565871641,
                0.0279045216739,
                0.0180352982134,
                0.0122728412971,
                0.00593922147527,
                0.0038767484948,
                0.00360364280641,
                0.00429922388867,
                0.00666119344532,
                0.00363375106826,
                0.00344192748889,
                0.0017194733955,
                8.02196227596e-05
            ],
            "mean": [
                0.00194900424685,
                0.0117926429957,
                0.00209322315641,
                0.000778465298936,
                0.00131471082568,
                0.00116256112233,
                0.00145016354509,
                0.000588819966651,
                0.00123121787328,
                0.00208573229611,
                0.00145733356476,
                0.0011796427425,
                0.00065943878144,
                0.00116732844617,
                0.000762532639783,
                0.00089562922949,
                0.000669738510624,
                0.000641918450128,
                0.000421388307586,
                0.000294857221888,
                0.00023297178268,
                0.000148299950524,
                0.000214455110836,
                0.000199612069991,
                0.00016267549654,
                5.39263419341e-05,
                1.38185555443e-06
            ],
            "median": [
                0.000819963286631,
                0.00577157409862,
                0.000477929948829,
                0.00018801666738,
                0.000263019319391,
                0.00024063597084,
                0.000254030077485,
                5.7980461861e-05,
                0.000135979178594,
                0.000318989914376,
                0.000136530783493,
                0.000167411621078,
                0.000123273406643,
                0.000123360558064,
                9.4636263384e-05,
                0.000147808983456,
                0.000140732081491,
                0.00018948566867,
                0.000182368647074,
                0.000167360398336,
                0.000123989404528,
                2.73594923783e-05,
                6.30230351817e-05,
                0.000118208845379,
                8.17718973849e-05,
                1.46234388012e-05,
                3.3001666111e-07
            ],
            "min": [
                1.14184339067e-11,
                1.39749080363e-11,
                5.56342125146e-12,
                2.75922123691e-12,
                6.69648364537e-12,
                3.45498074594e-11,
                7.04304461974e-11,
                7.55538964725e-11,
                5.90101439935e-11,
                1.08794882825e-11,
                1.85905436011e-12,
                4.96960675736e-12,
                1.07169752673e-12,
                3.14698245761e-12,
                2.5928684113e-12,
                4.54899052454e-12,
                4.72435025128e-12,
                6.01525079746e-12,
                1.46839083861e-12,
                5.80633457981e-12,
                4.38821288334e-12,
                5.03729523371e-12,
                1.42692602526e-11,
                7.45335217156e-12,
                4.60213160983e-12,
                1.3419626738e-12,
                2.72575907158e-13
            ],
            "var": [
                8.86877842277e-06,
                0.000345447711879,
                3.68421497114e-05,
                6.31666807749e-06,
                1.47036262206e-05,
                8.29926193546e-06,
                1.05899671325e-05,
                4.27768100053e-06,
                1.64278026205e-05,
                2.39584660449e-05,
                2.10581256397e-05,
                9.49230343394e-06,
                3.47942227563e-06,
                9.6027752079e-06,
                4.19699154008e-06,
                4.17571618527e-06,
                2.66674487648e-06,
                1.38948064432e-06,
                4.17274264919e-07,
                1.55109930233e-07,
                1.20639867873e-07,
                8.13843499259e-08,
                1.4222821676e-07,
                1.07739474231e-07,
                5.50447296632e-08,
                1.77318995043e-08,
                2.25121032926e-11
            ]
        },
        "barkbands_crest": {
            "dmean": 3.32330036163,
            "dmean2": 5.35511064529,
            "dvar": 8.85460948944,
            "dvar2": 22.332321167,
            "max": 25.8815536499,
            "mean": 12.0746917725,
            "median": 11.340303421,
            "min": 1.88761568069,
            "var": 24.628862381
        },
        "barkbands_flatness_db": {
            "dmean": 0.0294471457601,
            "dmean2": 0.0445106513798,
            "dvar": 0.000813376507722,
            "dvar2": 0.00180104083847,
            "max": 0.410691827536,
            "mean": 0.161615937948,
            "median": 0.151298001409,
            "min": 0.0178478155285,
            "var": 0.00413391040638
        },
        "barkbands_kurtosis": {
            "dmean": 6.19728660583,
            "dmean2": 9.84632015228,
            "dvar": 254.646011353,
            "dvar2": 581.024719238,
            "max": 322.649139404,
            "mean": 7.14738178253,
            "median": 1.21938359737,
            "min": -1.93616604805,
            "var": 420.920532227
        },
        "barkbands_skewness": {
            "dmean": 0.8717263937,
            "dmean2": 1.31513547897,
            "dvar": 1.02762138844,
            "dvar2": 2.26361131668,
            "max": 16.4595661163,
            "mean": 1.65667843819,
            "median": 1.20177173615,
            "min": -2.14758419991,
            "var": 3.83539152145
        },
        "barkbands_spread": {
            "dmean": 8.83131885529,
            "dmean2": 13.8815803528,
            "dvar": 118.022155762,
            "dvar2": 291.871337891,
            "max": 115.537658691,
            "mean": 26.1671047211,
            "median": 23.6653175354,
            "min": 0.681024849415,
            "var": 287.467010498
        },
        "dissonance": {
            "dmean": 0.0250203404576,
            "dmean2": 0.0419960767031,
            "dvar": 0.000661149970256,
            "dvar2": 0.00175345875323,
            "max": 0.500000119209,
            "mean": 0.45908716321,
            "median": 0.468903958797,
            "min": 0.0379660613835,
            "var": 0.00122977280989
        },
        "dynamic_complexity": 2.96009516716,
        "erbbands": {
            "dmean": [
                0.351536512375,
                1.389108181,
                2.67400574684,
                2.45163393021,
                4.53098249435,
                4.88144350052,
                5.03536748886,
                9.23564434052,
                17.5965957642,
                11.2100725174,
                16.5590934753,
                21.32056427,
                35.4561195374,
                58.0530204773,
                21.4044494629,
                33.2346763611,
                23.8296298981,
                28.9733963013,
                39.6514663696,
                30.0648612976,
                29.6021251678,
                26.6424274445,
                22.5258827209,
                16.2417316437,
                9.18465423584,
                7.48571491241,
                7.36930608749,
                4.63920021057,
                4.06574010849,
                4.89979791641,
                4.46363115311,
                3.23253750801,
                1.89712452888,
                1.05975961685,
                0.6796656847,
                0.234079301357,
                0.054108876735,
                0.00802582129836,
                0.00016625194985,
                1.99533751584e-05
            ],
            "dmean2": [
                0.566393733025,
                2.21392154694,
                4.68924093246,
                4.2497549057,
                8.48631477356,
                8.84487342834,
                7.91608572006,
                14.7351036072,
                28.2381763458,
                18.6964683533,
                27.4245700836,
                34.3639717102,
                54.4313201904,
                90.104385376,
                34.5085716248,
                50.9071998596,
                35.3831634521,
                45.1553344727,
                59.0030708313,
                45.0636711121,
                45.0790901184,
                39.6596412659,
                32.9136161804,
                25.0507602692,
                14.0813684464,
                11.6202688217,
                11.7636919022,
                7.23158311844,
                6.72430372238,
                8.20948600769,
                7.47788190842,
                5.23468542099,
                3.04100036621,
                1.60067379475,
                1.05218887329,
                0.343017965555,
                0.0780570060015,
                0.0120006063953,
                0.000248415046372,
                3.02135413222e-05
            ],
            "dvar": [
                0.469193786383,
                10.4284000397,
                69.2236022949,
                74.0142593384,
                260.65536499,
                237.127304077,
                176.933746338,
                618.923156738,
                1754.72412109,
                1031.07714844,
                3427.01245117,
                6255.83251953,
                9016.71582031,
                23591.0820313,
                3695.45166016,
                9105.77246094,
                3460.70581055,
                7545.95507813,
                9086.56542969,
                4115.25390625,
                5318.94384766,
                4993.84716797,
                2468.25439453,
                750.840332031,
                245.849334717,
                178.693710327,
                207.131271362,
                90.9906539917,
                89.1340255737,
                169.335098267,
                113.209754944,
                54.2242507935,
                19.9637546539,
                4.15364789963,
                1.4350476265,
                0.315776526928,
                0.0270851030946,
                0.000778424204327,
                2.9898777143e-07,
                7.49895867624e-10
            ],
            "dvar2": [
                1.25465738773,
                25.1563091278,
                189.908294678,
                197.546829224,
                761.681518555,
                680.633422852,
                399.435089111,
                1381.83898926,
                4227.51269531,
                2541.51586914,
                8837.515625,
                15073.1425781,
                20891.4511719,
                56383.6054688,
                9119.14257813,
                21917.015625,
                7850.08398438,
                17110.3457031,
                19337.625,
                8848.19824219,
                13369.4179688,
                10477.7802734,
                4996.97119141,
                1709.90270996,
                553.681274414,
                451.217346191,
                563.75982666,
                212.963150024,
                229.695739746,
                448.820892334,
                304.161010742,
                155.487503052,
                54.9464988708,
                9.00362682343,
                3.17559671402,
                0.647379755974,
                0.0539195463061,
                0.00155179272406,
                5.8828101146e-07,
                1.59269863964e-09
            ],
            "max": [
                6.74585342407,
                40.5550346375,
                108.478973389,
                162.521759033,
                173.877822876,
                201.510238647,
                230.285568237,
                511.580596924,
                601.413208008,
                712.477539063,
                1094.29077148,
                1948.72961426,
                1709.66601563,
                2656.32128906,
                1070.29174805,
                2080.54394531,
                1173.62304688,
                1592.86169434,
                1708.79528809,
                1017.65435791,
                1265.91271973,
                1255.54260254,
                870.851074219,
                340.72479248,
                232.738128662,
                172.328918457,
                172.805847168,
                113.201904297,
                135.455444336,
                235.791519165,
                175.249572754,
                81.8101196289,
                58.0313987732,
                44.3660430908,
                19.5442199707,
                10.9635753632,
                2.86898064613,
                0.373613446951,
                0.00740058068186,
                0.000325574976159
            ],
            "mean": [
                0.510879039764,
                1.95659828186,
                2.6618976593,
                2.56768035889,
                3.83144783974,
                4.33879709244,
                6.08694314957,
                10.3219451904,
                22.3280277252,
                12.3731050491,
                19.9594688416,
                25.4599742889,
                49.77759552,
                83.8987960815,
                28.0983924866,
                47.4731521606,
                35.887966156,
                38.6174163818,
                57.4182128906,
                44.6566085815,
                44.0288467407,
                41.3391838074,
                37.5238952637,
                28.1673202515,
                16.1559391022,
                12.9187755585,
                11.4670991898,
                7.0976023674,
                5.18104839325,
                5.91207695007,
                6.33197116852,
                4.98066854477,
                2.81346130371,
                1.76416909695,
                1.17364668846,
                0.364677906036,
                0.0740913450718,
                0.0103406645358,
                0.000239199609496,
                5.09769488417e-05
            ],
            "median": [
                0.256953477859,
                0.623533010483,
                0.66264539957,
                0.763286352158,
                0.751938760281,
                0.769222080708,
                1.19195234776,
                2.34179186821,
                3.79271459579,
                2.63305544853,
                2.19863152504,
                3.86124277115,
                10.313117981,
                15.6073045731,
                5.76248216629,
                8.51052951813,
                8.29403686523,
                7.19545125961,
                9.43506336212,
                9.29243564606,
                9.50362682343,
                9.22961997986,
                10.391705513,
                11.1787109375,
                9.36042499542,
                7.6513299942,
                6.10884714127,
                3.44077301025,
                1.17731225491,
                0.932476580143,
                2.11401867867,
                3.15488004684,
                1.49726104736,
                0.778727114201,
                0.543309748173,
                0.117858290672,
                0.0189571287483,
                0.00276479171589,
                9.18177320273e-05,
                4.57685819129e-05
            ],
            "min": [
                5.62678681426e-10,
                2.61043608951e-09,
                6.28481000575e-09,
                8.68429328449e-09,
                9.14314757239e-09,
                2.37894184352e-08,
                1.07129153548e-07,
                3.51283944156e-07,
                8.14821532913e-07,
                1.3776356127e-06,
                1.6776158418e-06,
                1.38012728712e-06,
                6.57505097479e-07,
                1.4142133864e-07,
                1.28199573624e-07,
                1.88656031241e-07,
                6.07722583368e-08,
                1.45680274954e-07,
                9.42719964314e-08,
                2.30104319598e-07,
                2.82475184576e-07,
                2.57025931205e-07,
                3.55056329226e-07,
                1.19850213309e-07,
                8.86219311269e-08,
                2.37833049255e-07,
                1.84105317658e-07,
                2.68840182116e-07,
                1.42433876249e-07,
                5.61228773677e-07,
                2.28589286166e-07,
                8.68461427217e-08,
                1.7192684254e-07,
                2.43781279607e-08,
                3.78084870079e-08,
                1.62603885911e-08,
                1.56651913663e-09,
                7.30185911735e-10,
                3.14184026018e-11,
                2.18889034502e-12
            ],
            "var": [
                0.618643581867,
                13.8143787384,
                49.9108047485,
                54.1413841248,
                157.13772583,
                156.884796143,
                253.675872803,
                725.594909668,
                2456.86352539,
                1305.33825684,
                4106.64257813,
                8619.29101563,
                14143.4873047,
                42536.6875,
                4771.06152344,
                14277.4833984,
                6841.31152344,
                11021.8886719,
                16871.5410156,
                7469.92089844,
                9176.34570313,
                10082.3203125,
                5414.01318359,
                1616.10327148,
                450.758209229,
                299.436706543,
                283.670684814,
                130.760894775,
                98.2028427124,
                150.163467407,
                110.382797241,
                58.500038147,
                23.207403183,
                7.80836868286,
                2.99825787544,
                0.571091890335,
                0.0441067814827,
                0.00107185123488,
                4.19506534399e-07,
                1.46870848816e-09
            ]
        },
        "erbbands_crest": {
            "dmean": 3.50549459457,
            "dmean2": 5.72029256821,
            "dvar": 10.9059991837,
            "dvar2": 27.3375473022,
            "max": 30.9284629822,
            "mean": 10.4077100754,
            "median": 9.37632656097,
            "min": 2.23810839653,
            "var": 26.6325206757
        },
        "erbbands_flatness_db": {
            "dmean": 0.0228469222784,
            "dmean2": 0.0332843586802,
            "dvar": 0.000502866518218,
            "dvar2": 0.000950932502747,
            "max": 0.424939274788,
            "mean": 0.173385441303,
            "median": 0.168364733458,
            "min": 0.0440696999431,
            "var": 0.00365352397785
        },
        "erbbands_kurtosis": {
            "dmean": 1.51661133766,
            "dmean2": 2.45432543755,
            "dvar": 4.67567300797,
            "dvar2": 11.8940629959,
            "max": 34.72996521,
            "mean": 1.07718324661,
            "median": 0.267864048481,
            "min": -1.84578216076,
            "var": 7.15784597397
        },
        "erbbands_skewness": {
            "dmean": 0.532286643982,
            "dmean2": 0.823527276516,
            "dvar": 0.277323693037,
            "dvar2": 0.671926021576,
            "max": 4.97431278229,
            "mean": 0.216266527772,
            "median": 0.143557414412,
            "min": -4.92209005356,
            "var": 0.854497849941
        },
        "erbbands_spread": {
            "dmean": 11.5034999847,
            "dmean2": 17.4504966736,
            "dvar": 201.965377808,
            "dvar2": 443.170837402,
            "max": 185.77645874,
            "mean": 37.709651947,
            "median": 31.3417854309,
            "min": 2.81629037857,
            "var": 613.493713379
        },
        "gfcc": {
            "cov": [
                [
                    5047.59960938,
                    -875.128845215,
                    478.862915039,
                    622.195007324,
                    -88.3507843018,
                    529.463684082,
                    -233.318115234,
                    198.320999146,
                    -63.3166542053,
                    123.472740173,
                    -16.7663421631,
                    163.65814209,
                    -190.959915161
                ],
                [
                    -875.128845215,
                    2373.55712891,
                    1006.1005249,
                    646.720397949,
                    825.306762695,
                    149.906524658,
                    476.903198242,
                    -65.5176239014,
                    195.937988281,
                    -115.280487061,
                    68.0702285767,
                    -191.990463257,
                    11.9995040894
                ],
                [
                    478.862915039,
                    1006.1005249,
                    1905.64709473,
                    1021.50958252,
                    470.361846924,
                    367.927185059,
                    209.809265137,
                    35.0681800842,
                    111.865249634,
                    -11.1943025589,
                    -46.3687400818,
                    -1.24870526791,
                    -161.812728882
                ],
                [
                    622.195007324,
                    646.720397949,
                    1021.50958252,
                    1234.54943848,
                    402.919342041,
                    338.194213867,
                    305.499206543,
                    -41.3446426392,
                    210.97706604,
                    -47.3831710815,
                    49.3555641174,
                    32.8108444214,
                    -88.7817611694
                ],
                [
                    -88.3507843018,
                    825.306762695,
                    470.361846924,
                    402.919342041,
                    846.50378418,
                    337.015045166,
                    257.584136963,
                    200.253631592,
                    103.815834045,
                    50.7351989746,
                    72.4000778198,
                    -13.8376703262,
                    46.7523994446
                ],
                [
                    529.463684082,
                    149.906524658,
                    367.927185059,
                    338.194213867,
                    337.015045166,
                    529.47644043,
                    238.191467285,
                    59.1750488281,
                    33.361995697,
                    27.549571991,
                    37.1448249817,
                    1.31010103226,
                    -42.6277885437
                ],
                [
                    -233.318115234,
                    476.903198242,
                    209.809265137,
                    305.499206543,
                    257.584136963,
                    238.191467285,
                    410.868865967,
                    14.518196106,
                    91.8860702515,
                    -1.63968849182,
                    56.2458076477,
                    -27.3945465088,
                    -0.774397611618
                ],
                [
                    198.320999146,
                    -65.5176239014,
                    35.0681800842,
                    -41.3446426392,
                    200.253631592,
                    59.1750488281,
                    14.518196106,
                    369.741455078,
                    61.4451599121,
                    74.3244094849,
                    41.2670135498,
                    30.3421802521,
                    65.5079498291
                ],
                [
                    -63.3166542053,
                    195.937988281,
                    111.865249634,
                    210.97706604,
                    103.815834045,
                    33.361995697,
                    91.8860702515,
                    61.4451599121,
                    215.955932617,
                    24.8128471375,
                    21.0910339355,
                    12.3175487518,
                    0.76212823391
                ],
                [
                    123.472740173,
                    -115.280487061,
                    -11.1943025589,
                    -47.3831710815,
                    50.7351989746,
                    27.549571991,
                    -1.63968849182,
                    74.3244094849,
                    24.8128471375,
                    187.938461304,
                    72.7651596069,
                    12.788646698,
                    13.5652561188
                ],
                [
                    -16.7663421631,
                    68.0702285767,
                    -46.3687400818,
                    49.3555641174,
                    72.4000778198,
                    37.1448249817,
                    56.2458076477,
                    41.2670135498,
                    21.0910339355,
                    72.7651596069,
                    170.174728394,
                    30.01704216,
                    24.2366085052
                ],
                [
                    163.65814209,
                    -191.990463257,
                    -1.24870526791,
                    32.8108444214,
                    -13.8376703262,
                    1.31010103226,
                    -27.3945465088,
                    30.3421802521,
                    12.3175487518,
                    12.788646698,
                    30.01704216,
                    136.171844482,
                    18.7451381683
                ],
                [
                    -190.959915161,
                    11.9995040894,
                    -161.812728882,
                    -88.7817611694,
                    46.7523994446,
                    -42.6277885437,
                    -0.774397611618,
                    65.5079498291,
                    0.76212823391,
                    13.5652561188,
                    24.2366085052,
                    18.7451381683,
                    149.830780029
                ]
            ],
            "icov": [
                [
                    0.000383424165193,
                    -0.000198577079573,
                    0.000257996929577,
                    -0.000509996898472,
                    0.000447747908765,
                    -0.000691828492563,
                    0.000645042047836,
                    -0.000537761603482,
                    0.000471231411211,
                    -0.000500297406688,
                    0.000388791610021,
                    -0.00045289870468,
                    0.000419587973738
                ],
                [
                    -0.000198577079573,
                    0.00213241856545,
                    -0.00131766684353,
                    0.00101977225859,
                    -0.00214857282117,
                    0.00182568642776,
                    -0.00167327735107,
                    0.00167064543348,
                    -0.00151623797137,
                    0.00207743281499,
                    -0.00187043333426,
                    0.00253276876174,
                    -0.000986554427072
                ],
                [
                    0.000257996929577,
                    -0.00131766684353,
                    0.00204103742726,
                    -0.0017704423517,
                    0.00113261467777,
                    -0.00134859676473,
                    0.00134194421116,
                    -0.00147348188329,
                    0.00155427563004,
                    -0.00179218268022,
                    0.00198841840029,
                    -0.00161862478126,
                    0.00153880775906
                ],
                [
                    -0.000509996898472,
                    0.00101977225859,
                    -0.0017704423517,
                    0.00327311479487,
                    -0.00155287166126,
                    0.00104319688398,
                    -0.00175466772635,
                    0.00201898114756,
                    -0.00270652677864,
                    0.00228056241758,
                    -0.00204711360857,
                    0.000865004200023,
                    -0.000784449337516
                ],
                [
                    0.000447747908765,
                    -0.00214857282117,
                    0.00113261467777,
                    -0.00155287166126,
                    0.00457379594445,
                    -0.00301176356152,
                    0.00155941187404,
                    -0.00281021883711,
                    0.00163657206576,
                    -0.00234263227321,
                    0.00167754176073,
                    -0.00207321927883,
                    0.000190234786714
                ],
                [
                    -0.000691828492563,
                    0.00182568642776,
                    -0.00134859676473,
                    0.00104319688398,
                    -0.00301176356152,
                    0.00573229650036,
                    -0.00357800512575,
                    0.0016233533388,
                    -0.000702798482962,
                    0.00164218991995,
                    -0.00159122573677,
                    0.00198112498038,
                    -0.0001594118512
                ],
                [
                    0.000645042047836,
                    -0.00167327735107,
                    0.00134194421116,
                    -0.00175466772635,
                    0.00155941187404,
                    -0.00357800512575,
                    0.0062512489967,
                    -0.0013710326748,
                    0.000416615279391,
                    -0.00138453382533,
                    0.000629546411801,
                    -0.00107913743705,
                    0.000649247027468
                ],
                [
                    -0.000537761603482,
                    0.00167064543348,
                    -0.00147348188329,
                    0.00201898114756,
                    -0.00281021883711,
                    0.0016233533388,
                    -0.0013710326748,
                    0.00570112885907,
                    -0.0028564275708,
                    0.00123376550619,
                    -0.00190618459601,
                    0.00154156668577,
                    -0.00235679629259
                ],
                [
                    0.000471231411211,
                    -0.00151623797137,
                    0.00155427563004,
                    -0.00270652677864,
                    0.00163657206576,
                    -0.000702798482962,
                    0.000416615279391,
                    -0.0028564275708,
                    0.00818139407784,
                    -0.00296442210674,
                    0.00232617533766,
                    -0.00232227682136,
                    0.00147827691399
                ],
                [
                    -0.000500297406688,
                    0.00207743281499,
                    -0.00179218268022,
                    0.00228056241758,
                    -0.00234263227321,
                    0.00164218991995,
                    -0.00138453382533,
                    0.00123376550619,
                    -0.00296442210674,
                    0.00962273404002,
                    -0.00532769551501,
                    0.00284549314529,
                    -0.00108687311877
                ],
                [
                    0.000388791610021,
                    -0.00187043333426,
                    0.00198841840029,
                    -0.00204711360857,
                    0.00167754176073,
                    -0.00159122573677,
                    0.000629546411801,
                    -0.00190618459601,
                    0.00232617533766,
                    -0.00532769551501,
                    0.0102634504437,
                    -0.00393042387441,
                    0.000742270611227
                ],
                [
                    -0.00045289870468,
                    0.00253276876174,
                    -0.00161862478126,
                    0.000865004200023,
                    -0.00207321927883,
                    0.00198112498038,
                    -0.00107913743705,
                    0.00154156668577,
                    -0.00232227682136,
                    0.00284549314529,
                    -0.00393042387441,
                    0.0116051416844,
                    -0.00254651531577
                ],
                [
                    0.000419587973738,
                    -0.000986554427072,
                    0.00153880775906,
                    -0.000784449337516,
                    0.000190234786714,
                    -0.0001594118512,
                    0.000649247027468,
                    -0.00235679629259,
                    0.00147827691399,
                    -0.00108687311877,
                    0.000742270611227,
                    -0.00254651531577,
                    0.00970348436385
                ]
            ],
            "mean": [
                -6.02899074554,
                61.9350624084,
                -127.262535095,
                29.3044471741,
                -51.8297843933,
                25.324640274,
                -35.2833824158,
                24.6199207306,
                -22.753282547,
                7.70222568512,
                -7.46209669113,
                4.68053913116,
                -1.89564538002
            ]
        },
        "hfc": {
            "dmean": 9.67040061951,
            "dmean2": 14.4407491684,
            "dvar": 166.630615234,
            "dvar2": 347.945007324,
            "max": 152.964385986,
            "mean": 28.0120735168,
            "median": 25.0348777771,
            "min": 5.1287105407e-07,
            "var": 486.680450439
        },
        "melbands": {
            "dmean": [
                0.00254668667912,
                0.00143092591316,
                0.000445786223281,
                0.000367243541405,
                0.000165167410159,
                0.00021372246556,
                0.00025532671134,
                0.000113901485747,
                0.000153863657033,
                0.000133488385472,
                0.000186726974789,
                0.000245325441938,
                0.000101297358924,
                7.04203048372e-05,
                0.000106841478555,
                4.40057301603e-05,
                6.22420629952e-05,
                7.69160033087e-05,
                4.90276215714e-05,
                5.05859243276e-05,
                3.32780982717e-05,
                3.33918433171e-05,
                1.64983739523e-05,
                2.29467823374e-05,
                1.40805741466e-05,
                8.88830618351e-06,
                6.3598563429e-06,
                5.32480635229e-06,
                4.82311907035e-06,
