{
    "lowlevel": {
        "average_loudness": 0.790315449238,
        "barkbands": {
            "dmean": [
                0.0156840160489,
                0.0169180184603,
                0.0080045517534,
                0.00349903129973,
                0.00177058088593,
                0.00233037327416,
                0.000911647337489,
                0.000770794402342,
                0.000253865029663,
                0.000206113603781,
                0.000140660442412,
                0.000209363628528,
                0.000185960248928,
                0.000140915013617,
                0.000143737561302,
                9.09526643227e-05,
                0.00011426279525,
                7.8943943663e-05,
                0.000107246924017,
                0.000130142609123,
                6.56220290693e-05,
                0.000517605745699,
                0.000461404386442,
                0.000225940239034,
                7.48628153815e-05,
                1.87686109712e-05,
                7.55917028528e-07
            ],
            "dmean2": [
                0.0252943299711,
                0.026138484478,
                0.0141972703859,
                0.00650124577805,
                0.00320414244197,
                0.00374758383259,
                0.00143254909199,
                0.0011727163801,
                0.000390900444472,
                0.000307868380332,
                0.000211915539694,
                0.00032062936225,
                0.000284511217615,
                0.000226904754527,
                0.000220570655074,
                0.00013689151092,
                0.000174417989911,
                0.000122792640468,
                0.000161214949912,
                0.000194521999219,
                9.49899040279e-05,
                0.000893800111953,
                0.000785694166552,
                0.000376108277123,
                0.000120044118376,
                2.93708344543e-05,
                1.25994927203e-06
            ],
            "dvar": [
                0.000622352061328,
                0.00213172822259,
                0.00109688506927,
                0.0002861575922,
                5.28161981492e-05,
                2.25096428039e-05,
                3.10575114781e-06,
                3.37526921612e-06,
                5.25813902641e-07,
                4.90781474127e-07,
                1.29792070425e-07,
                3.41288682648e-07,
                3.31809530962e-07,
                1.52345592142e-07,
                1.67533059425e-07,
                7.44315542534e-08,
                1.16348189749e-07,
                1.30797104703e-07,
                1.78486573077e-07,
                1.43299715205e-07,
                6.04468510801e-08,
                1.41606324178e-06,
                7.78991250172e-07,
                1.41741537618e-07,
                1.61482169858e-08,
                3.84530007835e-09,
                1.29420762301e-11
            ],
            "dvar2": [
                0.00151970330626,
                0.0046234880574,
                0.00308268354274,
                0.000830481818411,
                0.000152836728375,
                5.84406407143e-05,
                6.81784194967e-06,
                6.88378622726e-06,
                1.15232649023e-06,
                9.69122083916e-07,
                2.75907893865e-07,
                7.77683112574e-07,
                7.45359443499e-07,
                3.82798447163e-07,
                3.95768239514e-07,
                1.64128579172e-07,
                2.5057428843e-07,
                2.64118000359e-07,
                4.09034214499e-07,
                3.1224485042e-07,
                1.22451695006e-07,
                3.72814770344e-06,
                2.03090962714e-06,
                3.54930989488e-07,
                3.67735175644e-08,
                9.31159860329e-09,
                3.50432599605e-11
            ],
            "max": [
                0.270075201988,
                0.538922429085,
                0.311281770468,
                0.168572515249,
                0.0840670391917,
                0.0660285428166,
                0.02149239555,
                0.0296271778643,
                0.0159179251641,
                0.0183763820678,
                0.00837177596986,
                0.0112091954798,
                0.0116035435349,
                0.00767086492851,
                0.00630664778873,
                0.00438252091408,
                0.0061179199256,
                0.00598369305953,
                0.00763124693185,
                0.00544481631368,
                0.00380039494485,
                0.00800957158208,
                0.00552406953648,
                0.00292304623872,
                0.0016905402299,
                0.000974455033429,
                0.000166886893567
            ],
            "mean": [
                0.048521373421,
                0.0528195984662,
                0.00641959905624,
                0.00246320199221,
                0.00141605909448,
                0.00328610977158,
                0.00112692103721,
                0.00098672718741,
                0.00030621534097,
                0.000256257975707,
                0.000185098295333,
                0.000264704431174,
                0.000194570486201,
                0.000151038024342,
                0.000179272436071,
                0.000105248916952,
                0.000136531962198,
                8.02082722657e-05,
                0.000107352490886,
                0.000148492952576,
                6.56502525089e-05,
                0.000382686557714,
                0.000370237918105,
                0.000209944046219,
                7.97964603407e-05,
                2.05545056815e-05,
                6.13672682448e-07
            ],
            "median": [
                0.0111394394189,
                0.0287512671202,
                0.000343969091773,
                0.00032447927515,
                0.000247566931648,
                0.000865093956236,
                0.000183971002116,
                0.000129656531499,
                6.57515047351e-05,
                3.60322592314e-05,
                3.45252447005e-05,
                5.36683437531e-05,
                2.75558868452e-05,
                2.3401411454e-05,
                3.12845768349e-05,
                1.80673032446e-05,
                2.05131636903e-05,
                7.16095564712e-06,
                9.7143883977e-06,
                1.50663354361e-05,
                5.92202150074e-06,
                1.87124569493e-05,
                3.71086971427e-05,
                3.02162898151e-05,
                1.20647737276e-05,
                1.98664565687e-06,
                3.5225333761e-08
            ],
            "min": [
                5.66032055577e-25,
                7.88213171532e-24,
                8.63318409507e-24,
                6.26964874909e-24,
                3.75891148487e-23,
                5.63055845098e-23,
                3.60890705939e-23,
                1.80762326747e-22,
                4.34903087571e-23,
                7.14011510614e-23,
                6.99821859304e-23,
                1.25260395863e-22,
                9.63997303184e-23,
                5.06471041693e-23,
                1.44927240966e-22,
                1.19207535557e-22,
                1.91482479444e-22,
                2.47757405663e-22,
                2.6425873497e-22,
                2.47965134828e-22,
                4.09492268537e-22,
                5.17851767578e-22,
                7.64772097158e-22,
                9.6959471938e-22,
                1.33741756261e-21,
                2.39003639603e-21,
                2.20372890724e-21
            ],
            "var": [
                0.00385217112489,
                0.00489793438464,
                0.000718048133422,
                0.000161100513651,
                3.13828604703e-05,
                2.81770280708e-05,
                4.68875941806e-06,
                6.44397186988e-06,
                7.35100059046e-07,
                7.96384085788e-07,
                2.01291072699e-07,
                4.45078768507e-07,
                3.84410469678e-07,
                1.6301108019e-07,
                2.31450570709e-07,
                8.82173196715e-08,
                1.48932556954e-07,
                1.4307983065e-07,
                1.8229158627e-07,
                1.82005422289e-07,
                7.33561691391e-08,
                1.07058383492e-06,
                6.42353313651e-07,
                1.5313332824e-07,
                2.3702446228e-08,
                4.4191779125e-09,
                9.18717185661e-12
            ]
        },
        "barkbands_crest": {
            "dmean": 2.58943843842,
            "dmean2": 4.09896564484,
            "dvar": 7.00550794601,
            "dvar2": 15.7977390289,
            "max": 26.523809433,
            "mean": 14.1569299698,
            "median": 14.2430858612,
            "min": 2.30289554596,
            "var": 24.5108013153
        },
        "barkbands_flatness_db": {
            "dmean": 0.0412210896611,
            "dmean2": 0.0573301650584,
            "dvar": 0.00163123407401,
            "dvar2": 0.00295863836072,
            "max": 0.679840266705,
            "mean": 0.274359583855,
            "median": 0.26125228405,
            "min": 0.0273880772293,
            "var": 0.0130998641253
        },
        "barkbands_kurtosis": {
            "dmean": 30.1068534851,
            "dmean2": 48.6876792908,
            "dvar": 2839.3762207,
            "dvar2": 7486.28564453,
            "max": 678.285583496,
            "mean": 47.6903877258,
            "median": 20.1868743896,
            "min": -1.96766269207,
            "var": 5096.98095703
        },
        "barkbands_skewness": {
            "dmean": 1.65940487385,
            "dmean2": 2.54745364189,
            "dvar": 3.57798695564,
            "dvar2": 8.97556018829,
            "max": 22.4821224213,
            "mean": 4.34469270706,
            "median": 3.77296853065,
            "min": -7.12075281143,
            "var": 13.1828241348
        },
        "barkbands_spread": {
            "dmean": 7.25307369232,
            "dmean2": 11.7225036621,
            "dvar": 148.113098145,
            "dvar2": 351.200164795,
            "max": 127.858108521,
            "mean": 11.9586305618,
            "median": 6.16120386124,
            "min": 0.147677004337,
            "var": 253.144226074
        },
        "dissonance": {
            "dmean": 0.0326394960284,
            "dmean2": 0.0520242452621,
            "dvar": 0.00101868982892,
            "dvar2": 0.00258289091289,
            "max": 0.5,
            "mean": 0.431574165821,
            "median": 0.443726569414,
            "min": 0.155625864863,
            "var": 0.00274014193565
        },
        "dynamic_complexity": 4.63765096664,
        "erbbands": {
            "dmean": [
                0.887832701206,
                2.77021026611,
                8.25266075134,
                11.4751939774,
                8.00659370422,
                5.09245681763,
                8.62311077118,
                23.063167572,
                17.0028781891,
                13.5791482925,
                14.3513116837,
                5.72675514221,
                7.31976747513,
                4.76104021072,
                5.79500818253,
                8.84281730652,
                8.96593475342,
                7.52687835693,
                6.55699014664,
                6.28929615021,
                5.17034721375,
                6.59144973755,
                4.34136629105,
                5.05481529236,
                6.38058900833,
                5.95848226547,
                2.99739193916,
                4.059071064,
                16.580247879,
                18.0514373779,
                13.6978902817,
                6.82076072693,
                2.65915107727,
                1.19996953011,
                0.339021086693,
                0.0946789309382,
                0.0341993942857,
                0.004560821224,
                0.000189654732822,
                4.21087097493e-05
            ],
            "dmean2": [
                1.41310060024,
                4.22802639008,
                13.9845914841,
                20.9630584717,
                14.654545784,
                9.19855690002,
                13.7580537796,
                37.2547073364,
                26.7931652069,
                20.3963260651,
                22.2129478455,
                8.78797149658,
                10.8336839676,
                7.28684568405,
                8.59098243713,
                13.3657398224,
                13.379986763,
                11.9115886688,
                10.0760011673,
                9.36672115326,
                7.7186384201,
                10.1222743988,
                6.62102031708,
                7.59033060074,
                9.54120540619,
                8.93851184845,
                4.47783136368,
                6.15884876251,
                28.4480056763,
                31.3408489227,
                23.4315471649,
                11.5134220123,
                4.33507537842,
                1.94562518597,
                0.536123216152,
                0.14444680512,
                0.0543549843132,
                0.00719861453399,
                0.000314949691528,
                6.69960136293e-05
            ],
            "dvar": [
                4.73571968079,
                91.9585037231,
                1030.29284668,
                2800.32714844,
                1283.21118164,
                459.365386963,
                400.921844482,
                2513.89453125,
                1117.66113281,
                955.951049805,
                1343.52258301,
                268.770324707,
                712.357910156,
                181.258392334,
                234.206848145,
                609.612060547,
                795.583251953,
                392.35244751,
                324.40826416,
                323.831665039,
                233.528869629,
                444.621551514,
                357.837249756,
                529.823303223,
                514.304443359,
                294.379272461,
                128.980712891,
                99.1014480591,
                1430.24291992,
                1564.5645752,
                690.375610352,
                147.194107056,
                16.7524929047,
                4.02300596237,
                0.378826856613,
                0.0637560412288,
                0.0190934445709,
                0.00043314951472,
                1.19418621125e-06,
                5.73251712765e-09
            ],
            "dvar2": [
                12.0187911987,
                177.471710205,
                2753.91186523,
                8077.44287109,
                3722.25195313,
                1320.5604248,
                1009.86206055,
                6490.61474609,
                2586.37158203,
                1976.51525879,
                2885.46069336,
                587.100280762,
                1440.20544434,
                351.142547607,
                485.308441162,
                1396.59240723,
                1765.38171387,
                969.142028809,
                752.939025879,
                739.309265137,
                508.839508057,
                945.619812012,
                709.025939941,
                1179.9744873,
                1164.6619873,
                668.848022461,
                280.228820801,
                179.333618164,
                3670.63769531,
                4184.89453125,
                1803.09924316,
                377.663665771,
                39.2341346741,
                9.51884174347,
                0.819823920727,
                0.136706009507,
                0.0486755035818,
                0.00111835473217,
                3.32016543325e-06,
                1.31090001076e-08
            ],
            "max": [
                28.3942890167,
                108.777778625,
                321.64831543,
                532.175231934,
                410.175384521,
                232.23324585,
                199.365234375,
                738.856994629,
                446.342834473,
                584.901733398,
                769.796203613,
                376.521881104,
                716.81854248,
                593.517211914,
                332.390869141,
                542.117736816,
                587.997619629,
                431.410888672,
                344.603302002,
                280.799499512,
                248.199249268,
                359.880493164,
                286.699615479,
                438.978790283,
                338.77633667,
                231.651123047,
                186.731506348,
                143.837738037,
                250.018539429,
                265.510131836,
                166.436431885,
                89.885017395,
                39.9410133362,
                23.3370037079,
                12.3582134247,
                4.04761743546,
                2.65829443932,
                0.439248263836,
                0.0485387817025,
                0.00181016605347
            ],
            "mean": [
                3.4572994709,
                4.84377574921,
                7.41370487213,
                8.50688934326,
                6.16392946243,
                3.93678951263,
                11.1464653015,
                30.6859970093,
                22.0884475708,
                18.1779842377,
                18.0403366089,
                7.42064428329,
                9.43018627167,
                6.47170305252,
                7.71669197083,
                11.6193761826,
                10.079460144,
                8.60232639313,
                8.14086341858,
                8.01686096191,
                6.41169452667,
                7.78901720047,
                4.71292638779,
                4.82222747803,
                6.77160930634,
                6.74224948883,
                3.15074181557,
                3.82967877388,
                12.4796791077,
                13.6833620071,
                10.6943435669,
                5.83515024185,
                2.76119828224,
                1.23211956024,
                0.362091004848,
                0.0988554209471,
                0.0379013605416,
                0.00524507556111,
                0.000220009911573,
                0.000139394003781
            ],
            "median": [
                1.85158491135,
                1.10710394382,
                0.499226659536,
                0.937702775002,
                1.00734603405,
                0.623673498631,
                1.88348734379,
                6.0206451416,
                5.40870141983,
                3.07115530968,
                3.28569078445,
                1.72996222973,
                1.3184722662,
                1.2452133894,
                1.55901908875,
                2.44023156166,
                1.73405659199,
                1.56569969654,
                1.60787880421,
                1.63127601147,
                1.38275563717,
                1.11382043362,
                0.502753138542,
                0.452004700899,
                0.66317653656,
                0.724792182446,
                0.368815004826,
                0.23980922997,
                0.514786601067,
                1.26332163811,
                0.87237071991,
                0.519764363766,
                0.558379948139,
                0.215579807758,
                0.041765190661,
                0.0123819867149,
                0.00285061774775,
                0.000265210022917,
                8.24158196338e-05,
                0.000104143931821
            ],
            "min": [
                5.13997437372e-23,
                2.23884894425e-21,
                8.89648985451e-21,
                2.03680349612e-20,
                3.72601438973e-20,
                1.86158896786e-19,
                1.51938318522e-19,
                5.9970258368e-19,
                6.22564770136e-19,
                1.19917883006e-18,
                4.52502702088e-18,
                1.11129399191e-18,
                9.87162823092e-19,
                3.6243600963e-18,
                2.19013251851e-18,
                5.25416150184e-18,
                5.28386679841e-18,
                2.34133823935e-18,
                6.75308018701e-18,
                5.78204831644e-18,
                8.95885572487e-18,
                1.17309158014e-17,
                1.19984706792e-17,
                1.31522982982e-17,
                1.27458358073e-17,
                1.33834919707e-17,
                1.29991243011e-17,
                1.7521668953e-17,
                1.64516496193e-17,
                2.1668322055e-17,
                2.12257556119e-17,
                1.9420988136e-17,
                1.7642692094e-17,
                1.14958575411e-17,
                1.18626153626e-17,
                9.89191545583e-18,
                4.15874855051e-18,
                1.24338687752e-18,
                2.87719628332e-19,
                3.54393998156e-20
            ],
            "var": [
                16.2783794403,
                136.515594482,
                787.11895752,
                1648.26086426,
                742.767700195,
                276.39364624,
                507.66595459,
                3122.78198242,
                1675.7043457,
                1979.31542969,
                2002.1541748,
                392.001708984,
                1114.12927246,
                341.586914063,
                356.75289917,
                815.751342773,
                954.991699219,
                449.153839111,
                461.14541626,
                411.928436279,
                291.546478271,
                551.131591797,
                410.904388428,
                522.320495605,
                557.130981445,
                358.872955322,
                143.095687866,
                146.473510742,
                1143.97973633,
                1160.46350098,
                556.176208496,
                135.938262939,
                23.1681499481,
                5.36553764343,
                0.608551979065,
                0.0789072886109,
                0.0217306707054,
                0.00051710131811,
                8.68479901328e-07,
                1.92616074202e-08
            ]
        },
        "erbbands_crest": {
            "dmean": 3.50744342804,
            "dmean2": 5.61406135559,
            "dvar": 10.2380247116,
            "dvar2": 23.8897800446,
            "max": 33.9774436951,
            "mean": 11.3615617752,
            "median": 10.3362827301,
            "min": 2.30388569832,
            "var": 26.7785930634
        },
        "erbbands_flatness_db": {
            "dmean": 0.0285094548017,
            "dmean2": 0.0436151400208,
            "dvar": 0.000668523134664,
            "dvar2": 0.0015764933778,
            "max": 0.57731872797,
            "mean": 0.18618799746,
            "median": 0.177569434047,
            "min": 0.0564337223768,
            "var": 0.00389435421675
        },
        "erbbands_kurtosis": {
            "dmean": 3.0827152729,
            "dmean2": 5.04028367996,
            "dvar": 34.1037445068,
            "dvar2": 83.9888076782,
            "max": 273.387237549,
            "mean": 2.78449344635,
            "median": 0.645993709564,
            "min": -1.93506264687,
            "var": 77.2753753662
        },
        "erbbands_skewness": {
            "dmean": 0.844482541084,
            "dmean2": 1.28473997116,
            "dvar": 0.880767047405,
            "dvar2": 1.97682619095,
            "max": 13.1265869141,
            "mean": 0.602673470974,
            "median": 0.617083072662,
            "min": -7.04102659225,
            "var": 2.32225298882
        },
        "erbbands_spread": {
            "dmean": 21.6072750092,
            "dmean2": 34.476474762,
            "dvar": 633.608459473,
            "dvar2": 1425.73669434,
            "max": 217.568222046,
            "mean": 48.2084884644,
            "median": 38.2362976074,
            "min": 0.451398909092,
            "var": 1260.76501465
        },
        "gfcc": {
            "cov": [
                [
                    21534.7480469,
                    -739.100036621,
                    2007.26916504,
                    2498.765625,
                    -300.066070557,
                    1563.59814453,
                    -75.0261688232,
                    679.610107422,
                    209.807510376,
                    417.765716553,
                    88.1781997681,
                    331.966308594,
                    74.7989044189
                ],
                [
                    -739.100036621,
                    2770.07202148,
                    -173.633880615,
                    -472.337036133,
                    974.505004883,
                    -242.688934326,
                    419.517456055,
                    -82.3583679199,
                    189.342086792,
                    -192.533554077,
                    330.621032715,
                    -231.116271973,
                    187.302581787
                ],
                [
                    2007.26916504,
                    -173.633880615,
                    2720.34594727,
                    1273.83227539,
                    534.723571777,
                    932.390930176,
                    398.124298096,
                    303.208892822,
                    465.148468018,
                    274.785644531,
                    215.564727783,
                    215.304916382,
                    176.345703125
                ],
                [
                    2498.765625,
                    -472.337036133,
                    1273.83227539,
                    1279.45153809,
                    218.524856567,
                    485.957244873,
                    148.618804932,
                    170.440704346,
                    263.351593018,
                    183.21887207,
                    111.295471191,
                    126.219329834,
                    110.564155579
                ],
                [
                    -300.066070557,
                    974.505004883,
                    534.723571777,
                    218.524856567,
                    1223.67480469,
                    336.212860107,
                    541.496520996,
                    236.801055908,
                    307.257720947,
                    92.2088470459,
                    271.965454102,
                    27.5761222839,
                    207.269943237
                ],
                [
                    1563.59814453,
                    -242.688934326,
                    932.390930176,
                    485.957244873,
                    336.212860107,
                    858.09576416,
                    358.735076904,
                    201.984268188,
                    258.67678833,
                    115.021224976,
                    94.0109024048,
                    156.750411987,
                    59.537689209
                ],
                [
                    -75.0261688232,
                    419.517456055,
                    398.124298096,
                    148.618804932,
                    541.496520996,
                    358.735076904,
                    647.569458008,
                    188.030044556,
                    244.26499939,
                    63.1318626404,
                    191.313568115,
                    32.8825492859,
                    73.6894607544
                ],
                [
                    679.610107422,
                    -82.3583679199,
                    303.208892822,
                    170.440704346,
                    236.801055908,
                    201.984268188,
                    188.030044556,
                    320.174377441,
                    136.435180664,
                    122.798721313,
                    77.1359405518,
                    18.3384304047,
                    43.0767784119
                ],
                [
                    209.807510376,
                    189.342086792,
                    465.148468018,
                    263.351593018,
                    307.257720947,
                    258.67678833,
                    244.26499939,
                    136.435180664,
                    422.306945801,
                    113.415496826,
                    127.638259888,
                    49.9214439392,
                    85.2021102905
                ],
                [
                    417.765716553,
                    -192.533554077,
                    274.785644531,
                    183.21887207,
                    92.2088470459,
                    115.021224976,
                    63.1318626404,
                    122.798721313,
                    113.415496826,
                    233.841323853,
                    88.4224700928,
                    23.8229694366,
                    30.4654064178
                ],
                [
                    88.1781997681,
                    330.621032715,
                    215.564727783,
                    111.295471191,
                    271.965454102,
                    94.0109024048,
                    191.313568115,
                    77.1359405518,
                    127.638259888,
                    88.4224700928,
                    252.696243286,
                    31.6284656525,
                    92.9119262695
                ],
                [
                    331.966308594,
                    -231.116271973,
                    215.304916382,
                    126.219329834,
                    27.5761222839,
                    156.750411987,
                    32.8825492859,
                    18.3384304047,
                    49.9214439392,
                    23.8229694366,
                    31.6284656525,
                    186.834564209,
                    42.513507843
                ],
                [
                    74.7989044189,
                    187.302581787,
                    176.345703125,
                    110.564155579,
                    207.269943237,
                    59.537689209,
                    73.6894607544,
                    43.0767784119,
                    85.2021102905,
                    30.4654064178,
                    92.9119262695,
                    42.513507843,
                    154.984603882
                ]
            ],
            "icov": [
                [
                    9.63412749115e-05,
                    -0.000185164739378,
                    9.926972416e-05,
                    -0.000274598394753,
                    0.000188214937225,
                    -0.000241238216404,
                    0.000120052805869,
                    -0.000280728447251,
                    0.000152563821757,
                    -0.00017063022824,
                    0.000112863257527,
                    -0.000199590343982,
                    5.88883085584e-05
                ],
                [
                    -0.000185164739378,
                    0.00154018832836,
                    -0.000413237023167,
                    0.00102318974677,
                    -0.0011550913332,
                    0.000826758390758,
                    -0.000310449511744,
                    0.00117292103823,
                    -0.000744864868466,
                    0.00159467977937,
                    -0.00145629968029,
                    0.00179285753984,
                    -0.000505692849401
                ],
                [
                    9.926972416e-05,
                    -0.000413237023167,
                    0.00105365598574,
                    -0.000988209038042,
                    0.000271682627499,
                    -0.000846933340654,
                    0.000193639760255,
                    -0.000407957879361,
                    7.18722949387e-05,
                    -0.000596449070144,
                    0.000284679816104,
                    -0.000548759882804,
                    -1.47146238305e-06
                ],
                [
                    -0.000274598394753,
                    0.00102318974677,
                    -0.000988209038042,
                    0.00254156440496,
                    -0.000773351464886,
                    0.000651761656627,
                    -0.00017341178318,
                    0.000998948817141,
                    -0.000802900758572,
                    0.000687265011948,
                    -0.000814159808215,
                    0.00110192387365,
                    -0.000711948960088
                ],
                [
                    0.000188214937225,
                    -0.0011550913332,
                    0.000271682627499,
                    -0.000773351464886,
                    0.00261080311611,
                    -0.000790256191976,
                    -0.000628684065305,
                    -0.00135484314524,
                    0.000397594150854,
                    -0.000936274765991,
                    0.00056872429559,
                    -0.000864740926772,
                    -0.00110309734009
                ],
                [
                    -0.000241238216404,
                    0.000826758390758,
                    -0.000846933340654,
                    0.000651761656627,
                    -0.000790256191976,
                    0.00333297904581,
                    -0.00128045468591,
                    0.000447029218776,
                    -0.000802352442406,
                    0.00079306907719,
                    -5.03409719386e-05,
                    -0.000461991789052,
                    0.000319121958455
                ],
                [
                    0.000120052805869,
                    -0.000310449511744,
                    0.000193639760255,
                    -0.00017341178318,
                    -0.000628684065305,
                    -0.00128045468591,
                    0.00363586819731,
                    -0.00110449432395,
                    -0.000485907570692,
                    0.000509027217049,
                    -0.00131971819792,
                    -2.92264558084e-05,
                    0.0010977992788
                ],
                [
                    -0.000280728447251,
                    0.00117292103823,
                    -0.000407957879361,
                    0.000998948817141,
                    -0.00135484314524,
                    0.000447029218776,
                    -0.00110449432395,
                    0.0060541681014,
                    -0.000860989792272,
                    -0.000895259843674,
                    -0.000507913879119,
                    0.00172959989868,
                    -0.00056849559769
                ],
                [
                    0.000152563821757,
                    -0.000744864868466,
                    7.18722949387e-05,
                    -0.000802900758572,
                    0.000397594150854,
                    -0.000802352442406,
                    -0.000485907570692,
                    -0.000860989792272,
                    0.00432668859139,
                    -0.00161169958301,
                    0.000380992132705,
                    -0.000851452932693,
                    -0.000492212479003
                ],
                [
                    -0.00017063022824,
                    0.00159467977937,
                    -0.000596449070144,
                    0.000687265011948,
                    -0.000936274765991,
                    0.00079306907719,
                    0.000509027217049,
                    -0.000895259843674,
                    -0.00161169958301,
                    0.0082993991673,
                    -0.00362304202281,
                    0.00191007961985,
                    0.000200432928978
                ],
                [
                    0.000112863257527,
                    -0.00145629968029,
                    0.000284679816104,
                    -0.000814159808215,
                    0.00056872429559,
                    -5.03409719386e-05,
                    -0.00131971819792,
                    -0.000507913879119,
                    0.000380992132705,
                    -0.00362304202281,
                    0.00860895868391,
                    -0.00216474407353,
                    -0.00207465840504
                ],
                [
                    -0.000199590343982,
                    0.00179285753984,
                    -0.000548759882804,
                    0.00110192387365,
                    -0.000864740926772,
                    -0.000461991789052,
                    -2.92264558084e-05,
                    0.00172959989868,
                    -0.000851452932693,
                    0.00191007961985,
                    -0.00216474407353,
                    0.00907435175031,
                    -0.0024637831375
                ],
                [
                    5.88883085584e-05,
                    -0.000505692849401,
                    -1.47146238305e-06,
                    -0.000711948960088,
                    -0.00110309734009,
                    0.000319121958455,
                    0.0010977992788,
                    -0.00056849559769,
                    -0.000492212479003,
                    0.000200432928978,
                    -0.00207465840504,
                    -0.0024637831375,
                    0.0106840031222
                ]
            ],
            "mean": [
                -86.615272522,
                90.6139450073,
                -89.8697280884,
                31.0161380768,
                -64.6036148071,
                21.6413726807,
                -39.7107276917,
                3.89127659798,
                -4.98953676224,
                2.7966811657,
                0.775079548359,
                -1.61769092083,
                -7.46118354797
            ]
        },
        "hfc": {
            "dmean": 11.9378890991,
            "dmean2": 19.3528347015,
            "dvar": 441.042175293,
            "dvar2": 1011.3614502,
            "max": 180.812789917,
            "mean": 18.7272891998,
            "median": 11.8572940826,
            "min": 1.23557516579e-16,
            "var": 561.170227051
        },
        "melbands": {
            "dmean": [
                0.00637343851849,
                0.00378396455199,
                0.00187981547788,
                0.000437954236986,
                0.000280334730633,
                0.000496251508594,
                0.000247976684477,
                0.000155172790983,
                0.000105324150354,
                3.50220907421e-05,
                3.6122110032e-05,
                1.90389491763e-05,
                1.92598618014e-05,
                2.30246496358e-05,
                2.01005277631e-05,
                1.971243546e-05,
                1.47182863657e-05,
                1.05680655906e-05,
                1.06610823423e-05,
                6.83462303641e-06,
                6.20408491159e-06,
                7.1517406468e-06,
                5.13334543939e-06,
                3.39238363267e-06,
                4.30305499322e-06,
                3.70326756638e-06,
                5.82524853598e-06,
                3.57517046723e-06,
