{
    "lowlevel": {
        "average_loudness": 0.905728936195,
        "barkbands": {
            "dmean": [
                0.00423754472286,
                0.0153158875182,
                0.00158990907948,
                0.000663079321384,
                0.00166150031146,
                0.00120973156299,
                0.00103407783899,
                0.00103103381116,
                0.00230786739849,
                0.000848195806611,
                0.000206656201044,
                0.000368193170289,
                0.000380036275601,
                0.000238448672462,
                0.000158053837367,
                0.000124236554257,
                7.62985509937e-05,
                0.000138033079566,
                0.000104208251287,
                0.000156975147547,
                0.000257557985606,
                0.000342489802279,
                0.000298382161418,
                0.000255636987276,
                0.000262120156549,
                0.000280543696135,
                2.9298624213e-05
            ],
            "dmean2": [
                0.00659469794482,
                0.0237264856696,
                0.00276983575895,
                0.00115343893413,
                0.00288591952994,
                0.00187597505283,
                0.00154942134395,
                0.00159386871383,
                0.00339652295224,
                0.00131607451476,
                0.000335111748427,
                0.000573966593947,
                0.000570807838812,
                0.000380487239454,
                0.000254227867117,
                0.000195155182155,
                0.000117356488772,
                0.000220415837248,
                0.000158833208843,
                0.000248815398663,
                0.000408584513934,
                0.000533108599484,
                0.000464943703264,
                0.000373300514184,
                0.00037066420191,
                0.000392291520257,
                4.16237453464e-05
            ],
            "dvar": [
                7.76139859227e-05,
                0.000962249177974,
                2.57099381997e-05,
                3.01753630083e-06,
                1.71812207554e-05,
                7.46807154428e-06,
                2.18188069994e-05,
                1.01662963061e-05,
                3.43487663486e-05,
                8.74081251823e-06,
                4.4195039095e-07,
                1.85981696177e-06,
                2.30598652706e-06,
                6.24009260264e-07,
                1.93764279288e-07,
                1.65378551742e-07,
                2.63539572387e-08,
                1.11023126692e-07,
                6.39413215708e-08,
                2.01998062721e-07,
                7.14817815606e-07,
                1.25102758375e-06,
                8.95416803814e-07,
                5.75949059112e-07,
                6.16131785591e-07,
                1.18810862659e-06,
                1.53168144834e-08
            ],
            "dvar2": [
                0.000183158757864,
                0.0022050186526,
                7.19296804164e-05,
                8.34726506582e-06,
                4.9084854254e-05,
                1.7502294213e-05,
                5.16298241564e-05,
                2.38121447182e-05,
                7.07013750798e-05,
                1.85475782928e-05,
                1.08324536541e-06,
                3.8467928789e-06,
                4.76032664665e-06,
                1.42826752381e-06,
                4.54519494042e-07,
                4.28985458711e-07,
                5.83806638588e-08,
                2.81207434227e-07,
                1.40347154343e-07,
                5.0585271083e-07,
                1.79564631253e-06,
                3.07855543724e-06,
                2.19965795623e-06,
                1.16310980047e-06,
                1.23689801512e-06,
                2.25200233217e-06,
                2.74356271035e-08
            ],
            "max": [
                0.0975095853209,
                0.310029119253,
                0.0777304023504,
                0.0199303291738,
                0.0511317551136,
                0.0584686994553,
                0.109503120184,
                0.0818879157305,
                0.125697657466,
                0.0764627605677,
                0.0180103890598,
                0.0432966388762,
                0.0555726252496,
                0.0240751989186,
                0.0100349169225,
                0.00884036067873,
                0.00476065604016,
                0.00397127773613,
                0.00268424279056,
                0.00518447719514,
                0.00913301669061,
                0.0161989107728,
                0.0113707510754,
                0.00775576662272,
                0.00819579977542,
                0.0146145494655,
                0.00238001579419
            ],
            "mean": [
                0.00859497115016,
                0.0355542041361,
                0.00168881181162,
                0.000663213082589,
                0.00244461302646,
                0.00264290114865,
                0.00155129760969,
                0.00180379510857,
                0.00476464163512,
                0.00134447950404,
                0.000339216814609,
                0.00060229114024,
                0.000607350026257,
                0.000335441727657,
                0.000238219188759,
                0.000151778542204,
                0.000108187618025,
                0.000155344401719,
                0.000123457197333,
                0.000151415151777,
                0.00021236523753,
                0.000296229234664,
                0.00027181871701,
                0.000275560742011,
                0.000273406913038,
                0.00030141120078,
                2.9193561204e-05
            ],
            "median": [
                0.00387091748416,
                0.0235615819693,
                0.000603182939813,
                0.000270742719295,
                0.00145638443064,
                0.00174536218401,
                0.000464180746349,
                0.000202072726097,
                0.000477697874885,
                0.0001466369431,
                5.65963564441e-05,
                6.23746891506e-05,
                7.44300705264e-05,
                5.18305823789e-05,
                3.39493271895e-05,
                2.02598039323e-05,
                2.5082645152e-05,
                2.97560545732e-05,
                1.71247702383e-05,
                1.34097954287e-05,
                3.63047138308e-06,
                6.0322763602e-06,
                1.00965935417e-05,
                5.30024317413e-06,
                7.94310290075e-06,
                5.23398102814e-06,
                7.49516928522e-08
            ],
            "min": [
                2.06509112174e-24,
                1.04682488989e-23,
                1.09651646104e-24,
                9.84983164742e-25,
                3.34785247547e-23,
                1.29429363241e-23,
                1.65202177921e-23,
                1.80182614956e-23,
                2.9710552729e-23,
                2.36034187927e-23,
                2.91186104384e-23,
                4.01848364138e-23,
                6.08475426794e-23,
                6.7625441888e-23,
                9.94016742289e-23,
                1.16093264164e-22,
                1.02505570523e-22,
                1.30419091799e-22,
                2.28662503649e-22,
                2.66997382354e-22,
                2.67334560437e-22,
                3.87262647856e-22,
                5.11771555887e-22,
                6.42938449959e-22,
                9.80572936877e-22,
                1.34367887152e-21,
                1.99471757245e-21
            ],
            "var": [
                0.000137578259455,
                0.00182994548231,
                1.72628806467e-05,
                2.12918325815e-06,
                1.37750421345e-05,
                1.17200797831e-05,
                2.523592957e-05,
                2.53261350736e-05,
                0.000134110669023,
                2.126457548e-05,
                1.25007727547e-06,
                5.16577301823e-06,
                5.98721862843e-06,
                1.20025367778e-06,
                3.59977178732e-07,
                1.6704215966e-07,
                4.48444019696e-08,
                1.11255374691e-07,
                7.87042964134e-08,
                1.83085589356e-07,
                6.04412093708e-07,
                1.10381733975e-06,
                8.04076421446e-07,
                7.40914174457e-07,
                8.05003480764e-07,
                1.76866535639e-06,
                2.20412328389e-08
            ]
        },
        "barkbands_crest": {
            "dmean": 2.49502849579,
            "dmean2": 4.04427337646,
            "dvar": 7.71960735321,
            "dvar2": 20.3289718628,
            "max": 25.3425197601,
            "mean": 14.0053577423,
            "median": 14.3067102432,
            "min": 2.65392351151,
            "var": 20.5288105011
        },
        "barkbands_flatness_db": {
            "dmean": 0.0365655682981,
            "dmean2": 0.0531142167747,
            "dvar": 0.00206352910027,
            "dvar2": 0.00405143713579,
            "max": 0.589016079903,
            "mean": 0.238032236695,
            "median": 0.231879249215,
            "min": 0.0209942702204,
            "var": 0.00869610067457
        },
        "barkbands_kurtosis": {
            "dmean": 7.60493373871,
            "dmean2": 12.2993154526,
            "dvar": 304.831848145,
            "dvar2": 807.735107422,
            "max": 353.742736816,
            "mean": 11.1860742569,
            "median": 4.21775150299,
            "min": -1.91124236584,
            "var": 409.717224121
        },
        "barkbands_skewness": {
            "dmean": 0.861232459545,
            "dmean2": 1.31209349632,
            "dvar": 1.11845755577,
            "dvar2": 2.65118694305,
            "max": 14.4574975967,
            "mean": 2.05198001862,
            "median": 1.78807783127,
            "min": -2.41611790657,
            "var": 3.70674848557
        },
        "barkbands_spread": {
            "dmean": 6.78350830078,
            "dmean2": 10.3464012146,
            "dvar": 175.860443115,
            "dvar2": 364.945800781,
            "max": 119.324684143,
            "mean": 15.4186153412,
            "median": 10.3361053467,
            "min": 0.314922273159,
            "var": 312.570892334
        },
        "dissonance": {
            "dmean": 0.0381300970912,
            "dmean2": 0.0619632713497,
            "dvar": 0.0014016260393,
            "dvar2": 0.00355180888437,
            "max": 0.500000059605,
            "mean": 0.423214882612,
            "median": 0.434980094433,
            "min": 0.136979937553,
            "var": 0.00319001777098
        },
        "dynamic_complexity": 4.59733533859,
        "erbbands": {
            "dmean": [
                0.879972875118,
                2.11697602272,
                2.11791348457,
                1.84952712059,
                3.90449118614,
                5.26233196259,
                12.2710943222,
                7.79659461975,
                16.0766277313,
                10.5266418457,
                29.2774887085,
                51.6334877014,
                39.998966217,
                16.7042770386,
                8.59408664703,
                14.8799467087,
                14.7177143097,
                14.6984415054,
                7.3149561882,
                9.4923210144,
                4.80649900436,
                4.05681180954,
                7.04615020752,
                5.25764560699,
                5.88133716583,
                7.37447738647,
                6.84109115601,
                13.7054872513,
                11.0003843307,
                10.2588233948,
                8.81507301331,
                6.20735406876,
                3.83558034897,
                2.95162081718,
                1.99597418308,
                1.43033218384,
                0.447839140892,
                0.112252995372,
                0.00254622171633,
                8.87020796654e-05
            ],
            "dmean2": [
                1.34236216545,
                3.47496938705,
                3.76615190506,
                3.15461707115,
                7.15298986435,
                9.07718372345,
                19.0429534912,
                11.9319114685,
                23.2603302002,
                16.3281478882,
                44.3959960938,
                76.9967269897,
                59.7428741455,
                25.3268795013,
                13.6431455612,
                23.0850334167,
                21.8712482452,
                22.4905452728,
                11.4780130386,
                15.0973186493,
                7.48593664169,
                6.19555854797,
                11.1035442352,
                8.10631465912,
                8.87760925293,
                11.8753623962,
                10.7155609131,
                22.095199585,
                17.1207733154,
                16.2240276337,
                13.5505208969,
                9.19979095459,
                5.46176099777,
                4.28898429871,
                2.87927913666,
                2.10419511795,
                0.659046113491,
                0.157044127584,
                0.00350503320806,
                0.000123717240058
            ],
            "dvar": [
                3.28165578842,
                22.7771263123,
                46.6724357605,
                24.0823554993,
                139.411911011,
                154.767242432,
                1561.73706055,
                156.207733154,
                4729.16894531,
                800.935974121,
                7468.13232422,
                19783.9863281,
                16925.8125,
                3318.39306641,
                631.15802002,
                3359.36987305,
                2905.71313477,
                2523.34741211,
                299.139068604,
                1087.15368652,
                165.970657349,
                73.6737747192,
                267.189453125,
                194.538162231,
                204.400405884,
                480.628204346,
                459.184143066,
                2200.22363281,
                1360.97155762,
                996.304870605,
                784.249267578,
                343.182128906,
                121.303153992,
                77.7851638794,
                37.1998252869,
                33.9630775452,
                2.85512828827,
                0.240151971579,
                0.000118834803288,
                7.70833068486e-08
            ],
            "dvar2": [
                7.42090511322,
                61.5725517273,
                133.150192261,
                64.3634185791,
                402.514251709,
                446.787353516,
                3868.72021484,
                374.801055908,
                11179.7080078,
                1822.67565918,
                17338.5800781,
                40983.1679688,
                35047.703125,
                6132.31054688,
                1433.30200195,
                6724.90234375,
                5485.015625,
                5300.66503906,
                709.337402344,
                2789.52758789,
                402.640869141,
                168.063735962,
                662.269165039,
                476.961029053,
                444.363250732,
                1211.9552002,
                1102.27844238,
                5653.49951172,
                3320.51879883,
                2486.54614258,
                1882.87719727,
                743.581237793,
                236.439163208,
                159.867523193,
                78.0867996216,
                78.6257247925,
                5.20373773575,
                0.367761939764,
                0.000185393539141,
                1.2166417207e-07
            ],
            "max": [
                18.9066829681,
                48.6502227783,
                92.3848571777,
                58.6778907776,
                112.453392029,
                148.6587677,
                835.776184082,
                202.421554565,
                1622.30078125,
                641.585571289,
                2212.48413086,
                2899.26049805,
                2693.93847656,
                3167.22167969,
                776.470458984,
                2204.07202148,
                2436.64331055,
                1306.78735352,
                337.286804199,
                650.009033203,
                299.083465576,
                148.414138794,
                177.797195435,
                161.862808228,
                160.662704468,
                249.712966919,
                338.978271484,
                484.320953369,
                594.777282715,
                387.313262939,
                338.130340576,
                211.799072266,
                118.936981201,
                87.6577835083,
                66.1571273804,
                80.6939086914,
                25.0253753662,
                7.85180473328,
                0.193481057882,
                0.00426384806633
            ],
            "mean": [
                2.05789971352,
                3.83044075966,
                2.39714670181,
                2.13822555542,
                3.65848612785,
                7.96058511734,
                23.2185821533,
                16.4032859802,
                27.1711902618,
                16.022102356,
                56.9669914246,
                107.079597473,
                77.1799850464,
                29.5138702393,
                16.7191944122,
                25.8908100128,
                26.2568283081,
                23.4971675873,
                12.4692630768,
                12.8397932053,
                6.83156442642,
                5.81253194809,
                8.42622184753,
                6.04364347458,
                7.19738292694,
                7.07950401306,
                6.30638599396,
                10.8434295654,
                9.59753227234,
                9.15101146698,
                8.01861286163,
                6.2019200325,
                4.19529438019,
                3.03369641304,
                2.04323577881,
                1.39415276051,
                0.496755748987,
                0.12552832067,
                0.00282918894663,
                0.000149074752699
            ],
            "median": [
                1.28431010246,
                2.29763460159,
                1.12407255173,
                0.970456242561,
                1.53416728973,
                4.45859098434,
                13.1888418198,
                9.8143863678,
                9.8071308136,
                6.17121601105,
                8.76560592651,
                13.589261055,
                8.07491111755,
                5.56294441223,
                3.71631288528,
                3.41467285156,
                4.04051685333,
                3.78585505486,
                2.41970896721,
                1.91943192482,
                1.23459005356,
                1.51794707775,
                1.8813521862,
                1.1094481945,
                0.959356069565,
                0.657890915871,
                0.227812677622,
                0.14417976141,
                0.190039247274,
                0.372296690941,
                0.244062766433,
                0.105845943093,
                0.0966312140226,
                0.0844785869122,
                0.0514610484242,
                0.0280486810952,
                0.00767499022186,
                0.000866190879606,
                5.91361458646e-05,
                6.4998283051e-05
            ],
            "min": [
                1.78861714702e-22,
                1.35062327087e-21,
                2.69750322635e-21,
                3.35606500974e-21,
                2.65966968958e-20,
                1.03832356916e-19,
                1.06409360566e-19,
                1.3910472764e-19,
                1.58221815099e-19,
                2.68225411137e-19,
                4.54768701338e-19,
                5.16223206068e-19,
                1.15139322646e-18,
                1.03693893344e-18,
                1.42639945067e-18,
                2.64357493913e-18,
                3.43320568778e-18,
                3.40833815702e-18,
                5.20038359509e-18,
                5.16267615327e-18,
                6.61782829864e-18,
                6.52004893279e-18,
                6.02970701902e-18,
                9.64200847635e-18,
                9.89904740707e-18,
                1.3602823046e-17,
                1.03023351788e-17,
                1.19406400011e-17,
                1.15560729809e-17,
                1.66866152354e-17,
                1.25988143796e-17,
                1.16110631209e-17,
                1.0295397615e-17,
                1.01613596142e-17,
                7.36124818877e-18,
                4.35903751454e-18,
                2.78493679709e-18,
                9.26274058202e-19,
                3.1846934382e-19,
                2.99437863092e-20
            ],
            "var": [
                6.57094335556,
                26.8182468414,
                30.0328617096,
                18.5050849915,
                84.1342849731,
                137.637145996,
                1882.64868164,
                352.993347168,
                5657.74951172,
                1203.17810059,
                19917.234375,
                71794.40625,
                52203.9765625,
                9989.65722656,
                2122.21826172,
                10093.4130859,
                9069.52246094,
                5958.15136719,
                678.828552246,
                1301.58398438,
                220.772476196,
                109.530853271,
                288.119171143,
                196.864868164,
                262.765136719,
                420.326171875,
                435.082519531,
                1758.99743652,
                1207.30664063,
                871.62310791,
                726.320800781,
                395.920227051,
                162.702087402,
                96.8766326904,
                47.5202636719,
                38.3201217651,
                4.52323246002,
                0.402548313141,
                0.000196357330424,
                1.31118099489e-07
            ]
        },
        "erbbands_crest": {
            "dmean": 3.62025856972,
            "dmean2": 5.59156751633,
            "dvar": 12.0587177277,
            "dvar2": 26.1820755005,
            "max": 33.1705169678,
            "mean": 13.4344081879,
            "median": 12.5897312164,
            "min": 2.20505475998,
            "var": 38.9825172424
        },
        "erbbands_flatness_db": {
            "dmean": 0.0291917119175,
            "dmean2": 0.0423354543746,
            "dvar": 0.00123577914201,
            "dvar2": 0.00219863094389,
            "max": 0.498656839132,
            "mean": 0.203271999955,
            "median": 0.200215667486,
            "min": 0.0433246977627,
            "var": 0.00553632015362
        },
        "erbbands_kurtosis": {
            "dmean": 3.56296896935,
            "dmean2": 5.63265419006,
            "dvar": 47.6585235596,
            "dvar2": 117.060081482,
            "max": 131.265640259,
            "mean": 5.03085279465,
            "median": 2.33475017548,
            "min": -1.7945599556,
            "var": 81.1477890015
        },
        "erbbands_skewness": {
            "dmean": 0.669134676456,
            "dmean2": 0.991400539875,
            "dvar": 0.569146633148,
            "dvar2": 1.15427529812,
            "max": 9.36272144318,
            "mean": 0.884982705116,
            "median": 0.81768143177,
            "min": -3.72019410133,
            "var": 1.86864745617
        },
        "erbbands_spread": {
            "dmean": 10.4792118073,
            "dmean2": 16.5953617096,
            "dvar": 266.870025635,
            "dvar2": 562.529541016,
            "max": 145.701309204,
            "mean": 27.1965026855,
            "median": 18.4342575073,
            "min": 0.643198549747,
            "var": 569.244262695
        },
        "gfcc": {
            "cov": [
                [
                    19680.8808594,
                    -637.847412109,
                    92.1487045288,
                    1643.33959961,
                    10.5654058456,
                    938.645935059,
                    -58.9982566833,
                    785.595336914,
                    118.982368469,
                    233.062423706,
                    -251.243179321,
                    70.9190063477,
                    -373.118408203
                ],
                [
                    -637.847412109,
                    4324.75683594,
                    162.803741455,
                    -505.210327148,
                    755.996154785,
                    -356.943603516,
                    459.435424805,
                    -310.229553223,
                    378.915679932,
                    -129.969985962,
                    530.034851074,
                    -256.260253906,
                    243.297271729
                ],
                [
                    92.1487045288,
                    162.803741455,
                    1283.41650391,
                    371.431915283,
                    -66.2157058716,
                    27.2375431061,
                    -100.174346924,
                    -47.4499168396,
                    -78.3374252319,
                    -118.150733948,
                    57.3387031555,
                    41.2634353638,
                    76.9829559326
                ],
                [
                    1643.33959961,
                    -505.210327148,
                    371.431915283,
                    868.400878906,
                    52.9859695435,
                    -53.5725402832,
                    -110.758865356,
                    46.0415992737,
                    70.812210083,
                    -36.0742912292,
                    -39.7605171204,
                    28.7671318054,
                    19.7218151093
                ],
                [
                    10.5654058456,
                    755.996154785,
                    -66.2157058716,
                    52.9859695435,
                    491.331390381,
                    -27.1988945007,
                    176.071121216,
                    -1.84092581272,
                    160.376358032,
                    49.5755844116,
                    116.394432068,
                    -55.8314781189,
                    57.9081954956
                ],
                [
                    938.645935059,
                    -356.943603516,
                    27.2375431061,
                    -53.5725402832,
                    -27.1988945007,
                    506.376556396,
                    152.015182495,
                    161.120742798,
                    -41.6191520691,
                    33.9978637695,
                    -53.7377357483,
                    17.1854553223,
                    -58.1474838257
                ],
                [
                    -58.9982566833,
                    459.435424805,
                    -100.174346924,
                    -110.758865356,
                    176.071121216,
                    152.015182495,
                    419.861816406,
                    57.1216583252,
                    47.2750968933,
                    42.0787849426,
                    81.3136138916,
                    -8.00032520294,
                    -2.06435608864
                ],
                [
                    785.595336914,
                    -310.229553223,
                    -47.4499168396,
                    46.0415992737,
                    -1.84092581272,
                    161.120742798,
                    57.1216583252,
                    289.54119873,
                    82.689781189,
                    47.2882537842,
                    -16.590045929,
                    15.6696996689,
                    -61.2689743042
                ],
                [
                    118.982368469,
                    378.915679932,
                    -78.3374252319,
                    70.812210083,
                    160.376358032,
                    -41.6191520691,
                    47.2750968933,
                    82.689781189,
                    383.635009766,
                    98.9613494873,
                    77.2013702393,
                    -53.7570800781,
                    41.8988685608
                ],
                [
                    233.062423706,
                    -129.969985962,
                    -118.150733948,
                    -36.0742912292,
                    49.5755844116,
                    33.9978637695,
                    42.0787849426,
                    47.2882537842,
                    98.9613494873,
                    215.638381958,
                    49.3449859619,
                    9.14113044739,
                    -21.0034236908
                ],
                [
                    -251.243179321,
                    530.034851074,
                    57.3387031555,
                    -39.7605171204,
                    116.394432068,
                    -53.7377357483,
                    81.3136138916,
                    -16.590045929,
                    77.2013702393,
                    49.3449859619,
                    224.96496582,
                    11.9945449829,
                    39.3904800415
                ],
                [
                    70.9190063477,
                    -256.260253906,
                    41.2634353638,
                    28.7671318054,
                    -55.8314781189,
                    17.1854553223,
                    -8.00032520294,
                    15.6696996689,
                    -53.7570800781,
                    9.14113044739,
                    11.9945449829,
                    141.276306152,
                    15.227519989
                ],
                [
                    -373.118408203,
                    243.297271729,
                    76.9829559326,
                    19.7218151093,
                    57.9081954956,
                    -58.1474838257,
                    -2.06435608864,
                    -61.2689743042,
                    41.8988685608,
                    -21.0034236908,
                    39.3904800415,
                    15.227519989,
                    148.737579346
                ]
            ],
            "icov": [
                [
                    0.000105244864244,
                    -0.000182121439138,
                    0.000100053483038,
                    -0.000349224894308,
                    0.000129069652758,
                    -0.000249327276833,
                    0.000177741952939,
                    -0.00024154264247,
                    0.000167865582625,
                    -0.000306265428662,
                    0.00023928223527,
                    -0.000178703368874,
                    0.000176075584022
                ],
                [
                    -0.000182121439138,
                    0.00115838367492,
                    -0.000410766137065,
                    0.00117498787586,
                    -0.00090929842554,
                    0.000744516786654,
                    -0.000822650559712,
                    0.000956082192715,
                    -0.000891476520337,
                    0.00159160350449,
                    -0.00162731064484,
                    0.00121905852575,
                    -0.000485348165967
                ],
                [
                    0.000100053483038,
                    -0.000410766137065,
                    0.00123973295558,
                    -0.000993104069494,
                    0.000540986424312,
                    -0.000674288603477,
                    0.000523373717442,
                    -0.000254119600868,
                    0.00054755853489,
                    -0.000132761197165,
                    -0.000156648136908,
                    -0.00034381824662,
                    -0.00025502598146
                ],
                [
                    -0.000349224894308,
                    0.00117498787586,
                    -0.000993104069494,
                    0.00309856631793,
                    -0.00136549433228,
                    0.00127575627994,
                    -0.000597034406383,
                    0.000845636997838,
                    -0.00137825543061,
                    0.00188166333828,
                    -0.00095727480948,
                    0.000630287919194,
                    -0.000481507042423
                ],
                [
                    0.000129069652758,
                    -0.00090929842554,
                    0.000540986424312,
                    -0.00136549433228,
                    0.0039633968845,
                    -0.000431853724876,
                    -0.000571369950194,
                    -0.000556234037504,
                    0.000106463776319,
                    -0.00140562164597,
                    0.000277247076156,
                    0.00022248904861,
                    -0.000561423774343
                ],
                [
                    -0.000249327276833,
                    0.000744516786654,
                    -0.000674288603477,
                    0.00127575627994,
                    -0.000431853724876,
                    0.00379538629204,
                    -0.00179701135494,
                    -0.000790068937931,
                    -4.3416133849e-05,
                    0.000539872096851,
                    3.9841988837e-06,
                    0.000752422667574,
                    -0.00035156935337
                ],
                [
                    0.000177741952939,
                    -0.000822650559712,
                    0.000523373717442,
                    -0.000597034406383,
                    -0.000571369950194,
                    -0.00179701135494,
                    0.00427212752402,
                    -0.000900895276573,
                    0.000720916374121,
                    -0.000974802591372,
                    7.74123545852e-05,
                    -0.00100651290268,
                    0.000549735734239
                ],
                [
                    -0.00024154264247,
                    0.000956082192715,
                    -0.000254119600868,
                    0.000845636997838,
                    -0.000556234037504,
                    -0.000790068937931,
                    -0.000900895276573,
                    0.00635200040415,
                    -0.0025558588095,
                    0.00147519365419,
                    -0.00113022036385,
                    -0.000267992261797,
                    0.00161635305267
                ],
                [
                    0.000167865582625,
                    -0.000891476520337,
                    0.00054755853489,
                    -0.00137825543061,
                    0.000106463776319,
                    -4.3416133849e-05,
                    0.000720916374121,
                    -0.0025558588095,
                    0.00517973676324,
                    -0.00290877465159,
                    0.000442273623776,
                    0.00106558122206,
                    -0.0014186501503
                ],
                [
                    -0.000306265428662,
                    0.00159160350449,
                    -0.000132761197165,
                    0.00188166333828,
                    -0.00140562164597,
                    0.000539872096851,
                    -0.000974802591372,
                    0.00147519365419,
                    -0.00290877465159,
                    0.00843449123204,
                    -0.00339939980768,
                    0.000420474680141,
                    0.000667576678097
                ],
                [
                    0.00023928223527,
                    -0.00162731064484,
                    -0.000156648136908,
                    -0.00095727480948,
                    0.000277247076156,
                    3.9841988837e-06,
                    7.74123545852e-05,
                    -0.00113022036385,
                    0.000442273623776,
                    -0.00339939980768,
                    0.00887248851359,
                    -0.00298442295752,
                    0.00025045737857
                ],
                [
                    -0.000178703368874,
                    0.00121905852575,
                    -0.00034381824662,
                    0.000630287919194,
                    0.00022248904861,
                    0.000752422667574,
                    -0.00100651290268,
                    -0.000267992261797,
                    0.00106558122206,
                    0.000420474680141,
                    -0.00298442295752,
                    0.0102501092479,
                    -0.00276463036425
                ],
                [
                    0.000176075584022,
                    -0.000485348165967,
                    -0.00025502598146,
                    -0.000481507042423,
                    -0.000561423774343,
                    -0.00035156935337,
                    0.000549735734239,
                    0.00161635305267,
                    -0.0014186501503,
                    0.000667576678097,
                    0.00025045737857,
                    -0.00276463036425,
                    0.00961988978088
                ]
            ],
            "mean": [
                -58.4970283508,
                113.249313354,
                -81.2699127197,
                11.5562496185,
                -51.5935287476,
                14.987537384,
                -28.7947750092,
                18.3140411377,
                -12.9827127457,
                10.1420516968,
                -5.04773569107,
                8.67742156982,
                -4.62011575699
            ]
        },
        "hfc": {
            "dmean": 18.407869339,
            "dmean2": 26.734872818,
            "dvar": 2094.28271484,
            "dvar2": 4350.57226563,
            "max": 453.702453613,
            "mean": 29.3764019012,
            "median": 11.79018116,
            "min": 1.11011787343e-16,
            "var": 2826.60717773
        },
        "melbands": {
            "dmean": [
                0.00574521534145,
                0.00156768970191,
                0.000383695354685,
                0.000324272899888,
                0.000373972434318,
                0.000186845412827,
                0.000241386820562,
                0.000122617275338,
                0.000259415246546,
                0.000341921549989,
                0.000198547917535,
                7.10621388862e-05,
                2.94807960017e-05,
                3.95661008952e-05,
                3.38216268574e-05,
                3.87680629501e-05,
                2.65780108748e-05,
                1.26293452922e-05,
                1.24413772937e-05,
                1.18090492833e-05,
                5.1350079957e-06,
                4.16519424107e-06,
                5.97114512857e-06,
                6.80533730701e-06,
                4.09861149819e-06,
                3.90626382796e-06,
                5.18371689395e-06,
