{
    "lowlevel": {
        "average_loudness": 0.717437505722,
        "barkbands": {
            "dmean": [
                0.000451301079011,
                0.00909653306007,
                0.00240014749579,
                0.000942101469263,
                0.000851936463732,
                0.000541353307199,
                0.000784814357758,
                0.000900670711417,
                0.00067823426798,
                0.000810695753898,
                0.000511180493049,
                0.000574629986659,
                0.000454743421869,
                0.000486533186631,
                0.000432624830864,
                0.000415452144807,
                0.000374818802811,
                0.000240674693487,
                0.00021053988894,
                0.000128476356622,
                0.000189785379916,
                0.000243452872382,
                0.000385213672416,
                0.000213849576539,
                6.92987450748e-05,
                1.84338023246e-05,
                2.58827935795e-06
            ],
            "dmean2": [
                0.000635008036625,
                0.0136142438278,
                0.00459128106013,
                0.00180075899698,
                0.00152062205598,
                0.000947072403505,
                0.00130540179089,
                0.00140443444252,
                0.00101230386645,
                0.00114362395834,
                0.000752950843889,
                0.000874850200489,
                0.000682388606947,
                0.000734880042728,
                0.000653352646623,
                0.000596413505264,
                0.000553641468287,
                0.000353795185219,
                0.000311843672534,
                0.000192965133465,
                0.000280863052467,
                0.000352015980752,
                0.000580712978262,
                0.000321071885992,
                9.86413142527e-05,
                2.6543995773e-05,
                3.83982660423e-06
            ],
            "dvar": [
                1.77211381924e-06,
                0.0012480809819,
                0.000174571570824,
                2.5777359042e-05,
                1.00362494777e-05,
                4.79861364511e-06,
                4.59953889731e-06,
                7.45179568185e-06,
                3.9518840822e-06,
                6.19398269919e-06,
                2.98544227917e-06,
                2.18523405238e-06,
                1.72417742306e-06,
                1.49977802266e-06,
                1.36331277645e-06,
                1.11731230845e-06,
                7.62205388583e-07,
                3.26486315316e-07,
                4.1396961592e-07,
                2.30725220263e-07,
                4.77495632367e-07,
                5.68871882933e-07,
                1.07033292807e-06,
                4.74981646903e-07,
                4.23679544781e-08,
                2.76939027266e-09,
                9.02000835135e-11
            ],
            "dvar2": [
                4.47563934358e-06,
                0.0029230020009,
                0.000511862395797,
                7.67119418015e-05,
                2.84874477074e-05,
                1.37508941407e-05,
                1.2348029486e-05,
                1.71056926774e-05,
                9.2471282187e-06,
                1.23063864521e-05,
                6.14262535237e-06,
                4.84982138005e-06,
                3.69001122635e-06,
                3.18038541991e-06,
                3.11417215926e-06,
                2.13214320866e-06,
                1.48454114424e-06,
                6.35795288417e-07,
                8.60654722601e-07,
                5.12585188517e-07,
                1.08688425371e-06,
                1.15653176636e-06,
                2.10353550756e-06,
                9.83442760116e-07,
                8.12322724641e-08,
                5.52936851861e-09,
                2.05854597257e-10
            ],
            "max": [
                0.0216781273484,
                0.310100317001,
                0.117748975754,
                0.0481278970838,
                0.0339564792812,
                0.0332969762385,
                0.0243294965476,
                0.0671050474048,
                0.0522139407694,
                0.0612314045429,
                0.05418773368,
                0.0505054891109,
                0.0300213191658,
                0.0336777195334,
                0.0277839414775,
                0.0402960255742,
                0.0270110238343,
                0.0128101455048,
                0.0116351787001,
                0.00703768013045,
                0.0100044626743,
                0.0149216186255,
                0.0147999767214,
                0.0116918152198,
                0.00434392411262,
                0.0010737797711,
                0.000186096382095
            ],
            "mean": [
                0.00240340456367,
                0.0258256811649,
                0.00148562632967,
                0.00069775962038,
                0.000729702122044,
                0.000531102472451,
                0.000933092436753,
                0.00109298340976,
                0.000989768188447,
                0.00117415445857,
                0.000671369023621,
                0.000981112127192,
                0.000581606174819,
                0.000691630702931,
                0.000619097263552,
                0.000682306475937,
                0.000600958941504,
                0.000375248695491,
                0.000283563218545,
                0.000160456911544,
                0.000254697602941,
                0.000361482932931,
                0.000511596328579,
                0.000279501953628,
                9.81822086032e-05,
                3.30495277012e-05,
                3.95494953409e-06
            ],
            "median": [
                0.000694797141477,
                0.00812842324376,
                9.14922857191e-05,
                0.000100607830973,
                0.000150299223606,
                0.000130517204525,
                0.000188190519111,
                0.000201733011636,
                0.000115224233014,
                0.000157376169227,
                7.86876480561e-05,
                0.000182643852895,
                7.4172312452e-05,
                0.000109509230242,
                0.000194786582142,
                0.000228956341743,
                0.000175691122422,
                0.000107303290861,
                5.59511900065e-05,
                4.08497144235e-05,
                7.04146004864e-05,
                0.000102177647932,
                0.000113819187391,
                5.0203911087e-05,
                2.14710962609e-05,
                1.54544541147e-05,
                1.19387357245e-06
            ],
            "min": [
                1.56023875952e-23,
                1.67916411637e-23,
                4.25186443254e-24,
                2.78453246452e-24,
                2.52255503167e-23,
                1.48314638092e-23,
                3.31462155206e-23,
                2.72354606181e-23,
                2.36761113785e-22,
                4.32923961777e-23,
                3.69064314659e-23,
                5.54390050282e-23,
                6.96650890901e-23,
                4.62508265207e-23,
                9.2636611365e-23,
                1.1433527817e-22,
                2.96111600415e-22,
                2.80078311749e-22,
                3.84356484281e-22,
                2.67780336268e-22,
                4.16075685134e-22,
                6.059657384e-22,
                5.19561412176e-22,
                8.16886596207e-22,
                1.07099411759e-21,
                1.51534065905e-21,
                2.44978747254e-21
            ],
            "var": [
                9.90721491689e-06,
                0.00210737506859,
                9.36893047765e-05,
                1.39417534228e-05,
                6.29340183878e-06,
                3.05615526486e-06,
                4.67959443995e-06,
                1.02398817035e-05,
                6.34398384136e-06,
                1.18341504276e-05,
                5.0804546845e-06,
                4.33320155935e-06,
                2.61543232227e-06,
                2.67979817181e-06,
                1.90785681298e-06,
                2.48313199336e-06,
                1.56450994382e-06,
                6.81705614625e-07,
                5.82534653404e-07,
                2.65200270633e-07,
                5.77543914915e-07,
                8.73443525506e-07,
                1.72075272076e-06,
                6.93326001056e-07,
                7.17513088944e-08,
                4.84520068511e-09,
                1.11178656559e-10
            ]
        },
        "barkbands_crest": {
            "dmean": 2.45229959488,
            "dmean2": 3.7697687149,
            "dvar": 7.83656215668,
            "dvar2": 18.3709259033,
            "max": 26.1446361542,
            "mean": 13.7845230103,
            "median": 13.2040500641,
            "min": 2.70871496201,
            "var": 33.819355011
        },
        "barkbands_flatness_db": {
            "dmean": 0.0220125373453,
            "dmean2": 0.0315864607692,
            "dvar": 0.000580165185966,
            "dvar2": 0.00102788442746,
            "max": 0.422675222158,
            "mean": 0.172889426351,
            "median": 0.168710574508,
            "min": 0.0380946621299,
            "var": 0.0032956788782
        },
        "barkbands_kurtosis": {
            "dmean": 5.25732135773,
            "dmean2": 7.95012187958,
            "dvar": 189.130966187,
            "dvar2": 413.244628906,
            "max": 403.923858643,
            "mean": 7.17776155472,
            "median": 1.30746364594,
            "min": -1.95440781116,
            "var": 319.091766357
        },
        "barkbands_skewness": {
            "dmean": 0.731542170048,
            "dmean2": 1.03997004032,
            "dvar": 1.03035879135,
            "dvar2": 1.89585494995,
            "max": 15.5571928024,
            "mean": 1.61960935593,
            "median": 1.13572096825,
            "min": -4.4965262413,
            "var": 4.42422294617
        },
        "barkbands_spread": {
            "dmean": 6.52847194672,
            "dmean2": 9.71678066254,
            "dvar": 90.3411941528,
            "dvar2": 176.575942993,
            "max": 140.38319397,
            "mean": 22.7988414764,
            "median": 18.4176864624,
            "min": 0.386831820011,
            "var": 291.491882324
        },
        "dissonance": {
            "dmean": 0.0210586488247,
            "dmean2": 0.0343729145825,
            "dvar": 0.000472598272609,
            "dvar2": 0.00117536878679,
            "max": 0.5,
            "mean": 0.458714038134,
            "median": 0.46797990799,
            "min": 0.238605290651,
            "var": 0.00116919807624
        },
        "dynamic_complexity": 4.05754423141,
        "erbbands": {
            "dmean": [
                0.288217633963,
                2.13767957687,
                3.11691784859,
                2.97801041603,
                2.76463937759,
                2.71830534935,
                4.77516126633,
                3.92454624176,
                9.32982063293,
                13.0004701614,
                20.4631748199,
                15.2943906784,
                18.865530014,
                25.0697956085,
                20.1221942902,
                22.5752334595,
                19.5930995941,
                21.8217735291,
                23.5639190674,
                21.0264415741,
                20.5737724304,
                20.8170585632,
                13.9620542526,
                10.7900714874,
                9.0717754364,
                6.32072782516,
                7.4283452034,
                7.50597333908,
                8.36163711548,
                9.89014911652,
                10.9253101349,
                6.62332248688,
                2.486723423,
                1.01973855495,
                0.394594460726,
                0.118497677147,
                0.0300490483642,
                0.00450006546453,
                0.000490946520586,
                3.26186491293e-05
            ],
            "dmean2": [
                0.414220660925,
                3.34223079681,
                5.64064979553,
                5.70228052139,
                5.18239164352,
                4.75882434845,
                8.3327331543,
                6.76338529587,
                15.1182918549,
                21.2099227905,
                31.6436824799,
                23.0860061646,
                27.2036705017,
                35.2735443115,
                29.0391960144,
                33.3673324585,
                28.5790252686,
                32.1445388794,
                34.3674850464,
                30.1694335938,
                29.086309433,
                29.9899177551,
                20.0472145081,
                15.6471071243,
                13.6322040558,
                9.43833637238,
                11.3830089569,
                10.9387359619,
                12.0461063385,
                14.8411741257,
                16.5657901764,
                9.97667121887,
                3.69871854782,
                1.45252692699,
                0.573921740055,
                0.169672355056,
                0.0440418832004,
                0.00659938296303,
                0.000724810466636,
                4.70016602776e-05
            ],
            "dvar": [
                1.06431305408,
                78.8210296631,
                254.226501465,
                264.581390381,
                202.532699585,
                83.9836349487,
                360.321655273,
                179.647689819,
                508.576721191,
                1342.07775879,
                4021.70581055,
                2475.28027344,
                3051.39819336,
                6029.77001953,
                3699.76025391,
                3545.60083008,
                3330.09863281,
                2714.68408203,
                4013.31152344,
                3005.46435547,
                2454.33447266,
                2276.19824219,
                978.258972168,
                1059.82702637,
                811.595092773,
                611.187255859,
                887.263366699,
                603.911804199,
                687.366394043,
                827.553710938,
                891.936340332,
                422.427185059,
                65.7781982422,
                8.88305091858,
                1.65587806702,
                0.12997880578,
                0.00635758368298,
                0.000172751577338,
                3.60361559615e-06,
                9.48966683012e-09
            ],
            "dvar2": [
                2.51540660858,
                187.232391357,
                711.492797852,
                786.45135498,
                589.25592041,
                232.703979492,
                1034.57958984,
                503.688934326,
                1264.63928223,
                3403.69921875,
                9464.20507813,
                5896.76416016,
                6567.10595703,
                11773.4335938,
                8092.49511719,
                8037.14111328,
                7105.68603516,
                5767.95507813,
                8279.26855469,
                6291.54052734,
                4314.23388672,
                4430.4140625,
                1832.63122559,
                2182.04101563,
                1578.39941406,
                1395.04797363,
                2175.7668457,
                1256.7064209,
                1353.85864258,
                1702.66772461,
                1796.45983887,
                857.487670898,
                136.539505005,
                16.4846153259,
                3.45292139053,
                0.267913162708,
                0.0126255219802,
                0.000371682428522,
                8.37000698084e-06,
                2.06669774627e-08
            ],
            "max": [
                12.0122642517,
                74.9748458862,
                145.332443237,
                152.950500488,
                146.499069214,
                98.4561157227,
                252.147125244,
                215.067901611,
                336.775939941,
                751.601196289,
                1496.83728027,
                1368.7635498,
                1490.47424316,
                2143.7265625,
                1290.82971191,
                2175.55053711,
                1626.15759277,
                1240.88562012,
                1588.69091797,
                1396.42907715,
                2246.1171875,
                1203.78417969,
                718.073913574,
                640.977172852,
                483.510406494,
                369.15335083,
                452.565795898,
                455.073974609,
                528.885192871,
                434.172058105,
                478.690002441,
                319.47869873,
                164.987060547,
                50.5858879089,
                47.9675674438,
                9.30490016937,
                1.58365619183,
                0.224170282483,
                0.0396738871932,
                0.00188588921446
            ],
            "mean": [
                1.2583309412,
                3.67156434059,
                2.32386374474,
                2.24110627174,
                1.900431633,
                2.38716006279,
                4.60240602493,
                4.32475280762,
                12.0347776413,
                15.0137739182,
                25.2379207611,
                21.8639907837,
                28.6908855438,
                38.6571884155,
                31.1041259766,
                38.5877952576,
                27.3236999512,
                32.986114502,
                36.4438972473,
                33.2916793823,
                37.0921707153,
                34.60414505,
                23.1926708221,
                15.6287527084,
                12.3856487274,
                8.0042257309,
                9.12224960327,
                10.7642145157,
                12.2251529694,
                14.0108947754,
                14.34217453,
                8.60194206238,
                3.30363869667,
                1.42740797997,
                0.546482205391,
                0.190290912986,
                0.0554350167513,
                0.0082975467667,
                0.00075542612467,
                7.65166478232e-05
            ],
            "median": [
                0.465957820415,
                0.812846958637,
                0.14373922348,
                0.320745587349,
                0.217289328575,
                0.465912222862,
                0.922635316849,
                1.24849689007,
                2.81966400146,
                3.59388017654,
                5.33511972427,
                3.47350215912,
                4.77377176285,
                6.43554782867,
                7.18346881866,
                7.20296049118,
                4.53323364258,
                5.53953838348,
                10.2724666595,
                9.12902450562,
                14.3268947601,
                10.3226070404,
                6.804936409,
                3.63530921936,
                2.91098737717,
                2.30910158157,
                2.35432720184,
                2.84544038773,
                3.23182606697,
                3.51384305954,
                3.1461122036,
                1.66005992889,
                0.571932911873,
                0.272093594074,
                0.13123652339,
                0.0672280564904,
                0.0251369401813,
                0.00308699952438,
                0.000289504270768,
                4.64019358333e-05
            ],
            "min": [
                1.00323195033e-21,
                2.04158535131e-21,
                4.76866230404e-21,
                6.15217357732e-21,
                2.35683773641e-20,
                9.1069987578e-20,
                1.60394017237e-19,
                1.45503047227e-19,
                5.07542824419e-19,
                3.1564017933e-19,
                1.75696781021e-18,
                5.68911871052e-18,
                2.51773553895e-18,
                7.49349534357e-19,
                2.09678704754e-18,
                2.26738394989e-18,
                3.49357705119e-18,
                2.27889706324e-18,
                4.50295039752e-18,
                4.60887004777e-18,
                8.27702232647e-18,
                1.8239425151e-17,
                1.71382955545e-17,
                1.26537209743e-17,
                1.97872620568e-17,
                1.25998797882e-17,
                1.76371433665e-17,
                1.84532662286e-17,
                2.24962686368e-17,
                1.4226998647e-17,
                1.61169425649e-17,
                1.59883192884e-17,
                1.34774878124e-17,
                1.2807465726e-17,
                7.36381658458e-18,
                4.48819680411e-18,
                3.3277006618e-18,
                1.53468245934e-18,
                3.09999841528e-19,
                3.43481062496e-20
            ],
            "var": [
                3.29316210747,
                88.5733184814,
                158.130569458,
                142.833969116,
                113.284843445,
                58.0908203125,
                223.113342285,
                135.165435791,
                691.499023438,
                1489.40551758,
                5211.59472656,
                3465.2043457,
                5198.00097656,
                12095.0947266,
                5982.85693359,
                6995.96972656,
                5117.22753906,
                5026.68701172,
                6921.17529297,
                5615.88085938,
                6116.72021484,
                4671.03710938,
                2262.97900391,
                1579.22277832,
                1136.38439941,
                665.528137207,
                900.194824219,
                896.165344238,
                1091.10253906,
                1266.95251465,
                1369.45227051,
                628.995605469,
                98.5053024292,
                15.7657289505,
                2.37404489517,
                0.209991320968,
                0.011505770497,
                0.000274775375146,
                4.11646669818e-06,
                1.40867451037e-08
            ]
        },
        "erbbands_crest": {
            "dmean": 2.83004760742,
            "dmean2": 4.47297477722,
            "dvar": 6.84468126297,
            "dvar2": 16.173664093,
            "max": 32.6478004456,
            "mean": 10.382809639,
            "median": 9.30992889404,
            "min": 2.43222594261,
            "var": 22.49451828
        },
        "erbbands_flatness_db": {
            "dmean": 0.0202222522348,
            "dmean2": 0.0286228079349,
            "dvar": 0.000417781120632,
            "dvar2": 0.000750820094254,
            "max": 0.503876149654,
            "mean": 0.189264044166,
            "median": 0.176269680262,
            "min": 0.0262271352112,
            "var": 0.00573989003897
        },
        "erbbands_kurtosis": {
            "dmean": 1.3667781353,
            "dmean2": 2.05760121346,
            "dvar": 4.07272720337,
            "dvar2": 7.99593830109,
            "max": 30.0466346741,
            "mean": 1.44574582577,
            "median": 0.446130484343,
            "min": -1.85290312767,
            "var": 10.1843385696
        },
        "erbbands_skewness": {
            "dmean": 0.446159243584,
            "dmean2": 0.643220067024,
            "dvar": 0.219492048025,
            "dvar2": 0.425768852234,
            "max": 4.06770133972,
            "mean": -0.00614469312131,
            "median": -0.000591865682509,
            "min": -4.99106502533,
            "var": 1.11021327972
        },
        "erbbands_spread": {
            "dmean": 9.67827033997,
            "dmean2": 14.3915214539,
            "dvar": 170.352996826,
            "dvar2": 355.463348389,
            "max": 161.356307983,
            "mean": 33.6001625061,
            "median": 28.6020812988,
            "min": 1.9041287899,
            "var": 489.343841553
        },
        "gfcc": {
            "cov": [
                [
                    12149.0439453,
                    -660.586364746,
                    3491.17504883,
                    2181.4987793,
                    334.865722656,
                    2014.8458252,
                    575.848083496,
                    1020.89038086,
                    646.591491699,
                    592.242858887,
                    108.350891113,
                    639.213928223,
                    -60.1014518738
                ],
                [
                    -660.586364746,
                    2187.44262695,
                    -290.514678955,
                    -69.2769393921,
                    459.799163818,
                    -349.881835938,
                    182.712646484,
                    -156.323120117,
                    46.0659370422,
                    -161.880615234,
                    57.7389717102,
                    -147.710021973,
                    84.9511795044
                ],
                [
                    3491.17504883,
                    -290.514678955,
                    2800.40966797,
                    1552.60083008,
                    446.058135986,
                    1110.99194336,
                    371.531616211,
                    538.704772949,
                    446.106445313,
                    396.463287354,
                    141.960601807,
                    382.122802734,
                    35.0208435059
                ],
                [
                    2181.4987793,
                    -69.2769393921,
                    1552.60083008,
                    1350.32824707,
                    465.241149902,
                    589.947875977,
                    242.165664673,
                    333.882720947,
                    353.243682861,
                    274.721008301,
                    121.810813904,
                    204.838439941,
                    116.287727356
                ],
                [
                    334.865722656,
                    459.799163818,
                    446.058135986,
                    465.241149902,
                    730.66027832,
                    249.196365356,
                    314.678924561,
                    195.53742981,
                    196.70664978,
                    111.452941895,
                    68.8279190063,
                    74.9594802856,
                    96.5539932251
                ],
                [
                    2014.8458252,
                    -349.881835938,
                    1110.99194336,
                    589.947875977,
                    249.196365356,
                    903.028625488,
                    347.905639648,
                    317.810852051,
                    224.151702881,
                    192.378860474,
                    78.1759643555,
                    190.357971191,
                    9.53638553619
                ],
                [
                    575.848083496,
                    182.712646484,
                    371.531616211,
                    242.165664673,
                    314.678924561,
                    347.905639648,
                    518.06652832,
                    208.841751099,
                    145.333938599,
                    126.260749817,
                    50.2777862549,
                    99.0057525635,
                    47.0592308044
                ],
                [
                    1020.89038086,
                    -156.323120117,
                    538.704772949,
                    333.882720947,
                    195.53742981,
                    317.810852051,
                    208.841751099,
                    403.820373535,
                    230.713500977,
                    148.780685425,
                    73.5893478394,
                    108.702857971,
                    21.8319339752
                ],
                [
                    646.591491699,
                    46.0659370422,
                    446.106445313,
                    353.243682861,
                    196.70664978,
                    224.151702881,
                    145.333938599,
                    230.713500977,
                    339.323730469,
                    176.877548218,
                    52.9723815918,
                    70.722869873,
                    35.6403465271
                ],
                [
                    592.242858887,
                    -161.880615234,
                    396.463287354,
                    274.721008301,
                    111.452941895,
                    192.378860474,
                    126.260749817,
                    148.780685425,
                    176.877548218,
                    280.235870361,
                    91.5783233643,
                    88.7345428467,
                    44.9275817871
                ],
                [
                    108.350891113,
                    57.7389717102,
                    141.960601807,
                    121.810813904,
                    68.8279190063,
                    78.1759643555,
                    50.2777862549,
                    73.5893478394,
                    52.9723815918,
                    91.5783233643,
                    206.884109497,
                    90.7684860229,
                    37.2161254883
                ],
                [
                    639.213928223,
                    -147.710021973,
                    382.122802734,
                    204.838439941,
                    74.9594802856,
                    190.357971191,
                    99.0057525635,
                    108.702857971,
                    70.722869873,
                    88.7345428467,
                    90.7684860229,
                    214.706619263,
                    42.929019928
                ],
                [
                    -60.1014518738,
                    84.9511795044,
                    35.0208435059,
                    116.287727356,
                    96.5539932251,
                    9.53638553619,
                    47.0592308044,
                    21.8319339752,
                    35.6403465271,
                    44.9275817871,
                    37.2161254883,
                    42.929019928,
                    153.799133301
                ]
            ],
            "icov": [
                [
                    0.000203401301405,
                    -0.00017609995848,
                    0.000107471227238,
                    -0.000317953090416,
                    0.000248619151535,
                    -0.000406885461416,
                    0.000196621767827,
                    -0.000389836612158,
                    0.000280492880847,
                    -0.00029475078918,
                    0.000415852991864,
                    -0.000440440839157,
                    0.00030042315484
                ],
                [
                    -0.00017609995848,
                    0.0011231105309,
                    -0.000526171410456,
                    0.000643833482172,
                    -0.000834621605463,
                    0.00105085701216,
                    -0.000856926490087,
                    0.00113010359928,
                    -0.00110921426676,
                    0.00135927996598,
                    -0.00131748034619,
                    0.00129820033908,
                    -0.000679152726661
                ],
                [
                    0.000107471227238,
                    -0.000526171410456,
                    0.001932587591,
                    -0.00182305357885,
                    0.00056414376013,
                    -0.00144657597411,
                    0.000662272446789,
                    -0.000892308366019,
                    0.000770158541854,
                    -0.00105675961822,
                    0.00114436738659,
                    -0.00170272984542,
                    0.00125912332442
                ],
                [
                    -0.000317953090416,
                    0.000643833482172,
                    -0.00182305357885,
                    0.00346778472885,
                    -0.00137562560849,
                    0.0010388122173,
                    -0.000253641919699,
                    0.00112702720799,
                    -0.00158775120508,
                    0.000840527995024,
                    -0.00138713803608,
                    0.0015840458218,
                    -0.00195401418023
                ],
                [
                    0.000248619151535,
                    -0.000834621605463,
                    0.00056414376013,
                    -0.00137562560849,
                    0.00310232723132,
                    -0.000813712656964,
                    -0.000534734572284,
                    -0.00109095545486,
                    0.000371892179828,
                    -0.000560486514587,
                    0.000827518117148,
                    -0.000808255572338,
                    -5.96084328208e-06
                ],
                [
                    -0.000406885461416,
                    0.00105085701216,
                    -0.00144657597411,
                    0.0010388122173,
                    -0.000813712656964,
                    0.00409583421424,
                    -0.00201536016539,
                    0.00086221890524,
                    -0.00120199518278,
                    0.00142076029442,
                    -0.00156004179735,
                    0.00124152749777,
                    -0.000549887714442
                ],
                [
                    0.000196621767827,
                    -0.000856926490087,
                    0.000662272446789,
                    -0.000253641919699,
                    -0.000534734572284,
                    -0.00201536016539,
                    0.00427157338709,
                    -0.00170285929926,
                    0.0010722912848,
                    -0.00173378316686,
                    0.00145843217615,
                    -0.0015645402018,
                    0.000328290945617
                ],
                [
                    -0.000389836612158,
                    0.00113010359928,
                    -0.000892308366019,
                    0.00112702720799,
                    -0.00109095545486,
                    0.00086221890524,
                    -0.00170285929926,
                    0.00656573334709,
                    -0.00373112317175,
                    0.00155384722166,
                    -0.00218012253754,
                    0.00115472835023,
                    -0.000589111819863
                ],
                [
                    0.000280492880847,
                    -0.00110921426676,
                    0.000770158541854,
                    -0.00158775120508,
                    0.000371892179828,
                    -0.00120199518278,
                    0.0010722912848,
                    -0.00373112317175,
                    0.00772164575756,
                    -0.0039399289526,
                    0.0020395629108,
                    -0.00109366921242,
                    0.000963319907896
                ],
                [
                    -0.00029475078918,
                    0.00135927996598,
                    -0.00105675961822,
                    0.000840527995024,
                    -0.000560486514587,
                    0.00142076029442,
                    -0.00173378316686,
                    0.00155384722166,
                    -0.0039399289526,
                    0.00827299617231,
                    -0.0034898435697,
                    0.00155011017341,
                    -0.00177906139288
                ],
                [
                    0.000415852991864,
                    -0.00131748034619,
                    0.00114436738659,
                    -0.00138713803608,
                    0.000827518117148,
                    -0.00156004179735,
                    0.00145843217615,
                    -0.00218012253754,
                    0.0020395629108,
                    -0.0034898435697,
                    0.00852596666664,
                    -0.00432829139754,
                    0.000810740806628
                ],
                [
                    -0.000440440839157,
                    0.00129820033908,
                    -0.00170272984542,
                    0.0015840458218,
                    -0.000808255572338,
                    0.00124152749777,
                    -0.0015645402018,
                    0.00115472835023,
                    -0.00109366921242,
                    0.00155011017341,
                    -0.00432829139754,
                    0.00981787126511,
                    -0.00284634530544
                ],
                [
                    0.00030042315484,
                    -0.000679152726661,
                    0.00125912332442,
                    -0.00195401418023,
                    -5.96084328208e-06,
                    -0.000549887714442,
                    0.000328290945617,
                    -0.000589111819863,
                    0.000963319907896,
                    -0.00177906139288,
                    0.000810740806628,
                    -0.00284634530544,
                    0.00910101924092
                ]
            ],
            "mean": [
                -34.8490104675,
                54.0431137085,
                -140.950439453,
                20.6112728119,
                -57.0882110596,
                19.1605072021,
                -35.3169975281,
                11.636048317,
                -6.90980005264,
                2.12689065933,
                -13.5590858459,
                7.4921875,
                -9.88146972656
            ]
        },
        "hfc": {
            "dmean": 11.8861351013,
            "dmean2": 16.472410202,
            "dvar": 748.22076416,
            "dvar2": 1413.60449219,
            "max": 411.149597168,
            "mean": 26.1412563324,
            "median": 15.2580833435,
            "min": 1.13218778009e-16,
            "var": 1387.35876465
        },
        "melbands": {
            "dmean": [
                0.00254766549915,
                0.00196195137687,
                0.000524763658177,
                0.000190282895346,
                0.00015559111489,
                9.32590992306e-05,
                0.000147112208651,
                0.000154432695126,
                0.00015737915237,
                9.75583898253e-05,
                0.000100265788205,
                0.00010987657879,
                7.1685120929e-05,
                6.44720712444e-05,
                5.52073179279e-05,
                4.34497087554e-05,
                4.32608103438e-05,
                4.14966780227e-05,
                3.13050441036e-05,
                2.9607614124e-05,
                2.44234579441e-05,
                2.29891011259e-05,
                1.81577888725e-05,
                1.05166427602e-05,
                8.99906171981e-06,
                7.98044220574e-06,
                4.99431189382e-06,
                4.11523797084e-06,
                4.91564514959e-06,
