{
    "lowlevel": {
        "average_loudness": 0.838068544865,
        "barkbands": {
            "dmean": [
                0.0009935493581,
                0.00400137901306,
                0.00123320729472,
                0.000814283208456,
                0.000634375552181,
                0.000307530659484,
                0.000924814026803,
                0.000810928118881,
                0.000685309583787,
                0.000671029207297,
                0.000551989127416,
                0.000618235499132,
                0.000462660827907,
                0.00024239513732,
                0.000281451269984,
                0.000377805845346,
                0.000300912855892,
                0.000111321547593,
                0.000188744335901,
                0.000342592742527,
                0.00026442235685,
                0.000315636192681,
                0.000232096164837,
                0.000218780493014,
                0.000133798588649,
                4.78445290355e-05,
                3.72989461539e-06
            ],
            "dmean2": [
                0.00159453577362,
                0.00699782278389,
                0.00225301366299,
                0.0015498342691,
                0.000966555380728,
                0.00051153881941,
                0.00156709761359,
                0.00133828201797,
                0.0010725564789,
                0.00101014692336,
                0.000834437320009,
                0.000976820476353,
                0.000735445413738,
                0.000372863170924,
                0.000437748763943,
                0.000559277192224,
                0.000472973537399,
                0.000170790211996,
                0.000291290984023,
                0.000523594324477,
                0.000382920668926,
                0.000507547229063,
                0.00035235582618,
                0.000325133267324,
                0.000199841451831,
                7.03855548636e-05,
                5.79265997658e-06
            ],
            "dvar": [
                3.16977389048e-06,
                0.000141010503285,
                2.1274703613e-05,
                1.64007360581e-05,
                2.7482326459e-06,
                1.43640954775e-06,
                7.69218058849e-06,
                5.65752998227e-06,
                5.49856895304e-06,
                4.18391437051e-06,
                4.22347693529e-06,
                3.90645800508e-06,
                2.54735550698e-06,
                7.53852191338e-07,
                1.35993116146e-06,
                1.5502188262e-06,
                8.97572135727e-07,
                1.12276481445e-07,
                3.52189204023e-07,
                9.31750548716e-07,
                7.19559352547e-07,
                1.02026399418e-06,
                5.16349189184e-07,
                6.10442896232e-07,
                2.19504400434e-07,
                2.11156994112e-08,
                1.39309702663e-10
            ],
            "dvar2": [
                6.89994021741e-06,
                0.000338421290508,
                6.32074152236e-05,
                4.86885692226e-05,
                6.57405144011e-06,
                3.62409764421e-06,
                2.03191120818e-05,
                1.40813490361e-05,
                1.25523392853e-05,
                9.4162487585e-06,
                9.41815596889e-06,
                9.07990761334e-06,
                6.08274376646e-06,
                1.72311945335e-06,
                3.10853124574e-06,
                3.26518465954e-06,
                2.00507042791e-06,
                2.64230010316e-07,
                8.17645627649e-07,
                2.10765188058e-06,
                1.38317841447e-06,
                2.62353182734e-06,
                1.19185608582e-06,
                1.42539602166e-06,
                4.87538557081e-07,
                4.54804087724e-08,
                3.18850279513e-10
            ],
            "max": [
                0.0418165698647,
                0.126445606351,
                0.0419785007834,
                0.0368903875351,
                0.0189138296992,
                0.0341439694166,
                0.0445633679628,
                0.0511756800115,
                0.0374633222818,
                0.0331756584346,
                0.060312140733,
                0.0544979758561,
                0.0414712317288,
                0.034270670265,
                0.0320259518921,
                0.0276297181845,
                0.023304881528,
                0.0113821076229,
                0.0129118468612,
                0.0175731498748,
                0.0309667419642,
                0.0105289360508,
                0.0185800418258,
                0.0221510957927,
                0.0137129053473,
                0.00446786405519,
                0.00023346330272
            ],
            "mean": [
                0.00416677678004,
                0.0109890559688,
                0.00239478098229,
                0.000550691620447,
                0.00078461546218,
                0.000298113591271,
                0.00091953977244,
                0.000851570337545,
                0.000824153947178,
                0.000883612199686,
                0.000717656046618,
                0.000786729273386,
                0.000542040972505,
                0.00030435869121,
                0.000326424022205,
                0.000486109609483,
                0.000400047982112,
                0.000121021832456,
                0.000192268693354,
                0.000378481345251,
                0.000323555723298,
                0.000308279879391,
                0.000252710888162,
                0.000248077849392,
                0.000158019698574,
                5.34757236892e-05,
                3.8544403651e-06
            ],
            "median": [
                0.000962279154919,
                0.00257481820881,
                0.00041268899804,
                8.60551808728e-05,
                0.00015761157556,
                6.18722260697e-05,
                8.03850853117e-05,
                0.000108453401481,
                8.52687226143e-05,
                0.000114913578727,
                6.29060014035e-05,
                0.000139202194987,
                5.89075789321e-05,
                5.90597737755e-05,
                3.69086192222e-05,
                4.38816423411e-05,
                3.13216769428e-05,
                1.3664918697e-05,
                1.29432373797e-05,
                2.15347026824e-05,
                1.70104740391e-05,
                2.02060964511e-05,
                1.33574258143e-05,
                1.45378862726e-05,
                1.15729744721e-05,
                2.95995209854e-06,
                1.01066568448e-07
            ],
            "min": [
                6.12663394677e-23,
                1.76880458984e-23,
                2.32032903978e-24,
                2.24750321539e-23,
                2.14356908718e-22,
                7.75694753604e-23,
                2.71037366241e-23,
                2.5509696437e-23,
                1.63560602553e-22,
                1.16356806815e-22,
                7.20185909142e-24,
                3.96383451331e-23,
                1.12643341923e-22,
                1.58030611877e-22,
                1.51032771937e-22,
                1.11228377894e-22,
                2.33888271695e-22,
                2.60950163981e-22,
                1.78518970416e-22,
                3.0432600271e-22,
                4.22006732694e-22,
                4.32043290084e-22,
                6.26331880297e-22,
                7.60651996557e-22,
                1.33606218598e-21,
                1.67002080827e-21,
                2.64247006817e-21
            ],
            "var": [
                2.4005648811e-05,
                0.000303416454699,
                1.70356179297e-05,
                8.97995050764e-06,
                3.19834930451e-06,
                1.29429906792e-06,
                8.76528702065e-06,
                6.33056470178e-06,
                7.29752628104e-06,
                6.9565639933e-06,
                6.49270486974e-06,
                5.73363104195e-06,
                3.34862966156e-06,
                9.78053662948e-07,
                1.7100524019e-06,
                2.53957819041e-06,
                1.66253687439e-06,
                1.43485252124e-07,
                4.23232165758e-07,
                1.21498908356e-06,
                1.3577395066e-06,
                9.25147844555e-07,
                6.85153736413e-07,
                7.64719061408e-07,
                2.92277405833e-07,
                2.99665892101e-08,
                1.63123084485e-10
            ]
        },
        "barkbands_crest": {
            "dmean": 2.58404517174,
            "dmean2": 4.20758962631,
            "dvar": 7.77647256851,
            "dvar2": 17.921169281,
            "max": 25.4783706665,
            "mean": 10.5581893921,
            "median": 9.94132995605,
            "min": 1.86969447136,
            "var": 22.6580314636
        },
        "barkbands_flatness_db": {
            "dmean": 0.0319862440228,
            "dmean2": 0.0440252497792,
            "dvar": 0.00138956343289,
            "dvar2": 0.00225375778973,
            "max": 0.544554829597,
            "mean": 0.177125900984,
            "median": 0.14487311244,
            "min": 0.0132344253361,
            "var": 0.0115813026205
        },
        "barkbands_kurtosis": {
            "dmean": 9.38336181641,
            "dmean2": 14.7282867432,
            "dvar": 480.232421875,
            "dvar2": 1143.10888672,
            "max": 435.388763428,
            "mean": 14.8450479507,
            "median": 1.71621668339,
            "min": -1.96684730053,
            "var": 938.819091797
        },
        "barkbands_skewness": {
            "dmean": 0.919005215168,
            "dmean2": 1.34163439274,
            "dvar": 1.33539772034,
            "dvar2": 2.74864888191,
            "max": 17.6383228302,
            "mean": 2.00870203972,
            "median": 1.11349713802,
            "min": -5.01999425888,
            "var": 6.23993825912
        },
        "barkbands_spread": {
            "dmean": 8.33376789093,
            "dmean2": 12.3363265991,
            "dvar": 135.437911987,
            "dvar2": 256.882415771,
            "max": 125.118995667,
            "mean": 21.6071243286,
            "median": 17.308713913,
            "min": 0.269087940454,
            "var": 372.767974854
        },
        "dissonance": {
            "dmean": 0.0254472587258,
            "dmean2": 0.0428552292287,
            "dvar": 0.000714362715371,
            "dvar2": 0.00196501845494,
            "max": 0.5,
            "mean": 0.461201429367,
            "median": 0.471615552902,
            "min": 0.164960294962,
            "var": 0.00125054724049
        },
        "dynamic_complexity": 5.04457569122,
        "erbbands": {
            "dmean": [
                0.209633603692,
                0.752434670925,
                1.26780152321,
                2.25416612625,
                2.19603085518,
                2.2557258606,
                2.23505783081,
                2.88852095604,
                9.88920593262,
                16.5980129242,
                17.0887508392,
                14.4925394058,
                20.1246623993,
                18.1563358307,
                23.393945694,
                23.786026001,
                19.665309906,
                12.9709415436,
                11.720954895,
                17.2969493866,
                19.6055870056,
                15.60750103,
                6.41879320145,
                8.42572593689,
                11.2657938004,
                14.4906454086,
                14.086771965,
                8.7189912796,
                11.7523031235,
                8.18458080292,
                7.10510778427,
                4.78784322739,
                3.55925393105,
                1.84587574005,
                0.816889762878,
                0.290267378092,
                0.0695620849729,
                0.012396604754,
                0.000497219327372,
                2.2869609893e-05
            ],
            "dmean2": [
                0.36802765727,
                1.07801425457,
                2.11465954781,
                4.2702460289,
                3.70058679581,
                3.5027551651,
                3.6027765274,
                4.7606921196,
                16.124414444,
                28.989780426,
                27.9056930542,
                22.5511646271,
                29.6044559479,
                26.7941303253,
                35.6683731079,
                37.1804008484,
                30.5786972046,
                19.7546577454,
                18.0518722534,
                25.9298458099,
                28.8660869598,
                23.7769699097,
                9.71237277985,
                12.9547166824,
                17.7642230988,
                21.7927532196,
                21.2093391418,
                12.3523321152,
                18.9118385315,
                12.7247991562,
                10.8096780777,
                7.16992139816,
                5.38150024414,
                2.80432701111,
                1.22456777096,
                0.427440822124,
                0.104230239987,
                0.0183499827981,
                0.000768313300796,
                3.36661069014e-05
            ],
            "dvar": [
                0.303494423628,
                6.41476869583,
                18.6960716248,
                114.064750671,
                75.4241790771,
                31.5331573486,
                74.5853652954,
                107.01550293,
                1225.88745117,
                2285.53808594,
                3160.97216797,
                2751.47192383,
                3896.65869141,
                3436.16259766,
                7060.22705078,
                5718.05957031,
                4342.53173828,
                2365.11547852,
                1538.58776855,
                4373.71777344,
                3888.76733398,
                2545.57617188,
                353.604614258,
                694.895874023,
                1267.78271484,
                1647.53662109,
                2137.4296875,
                651.977233887,
                1492.984375,
                589.030029297,
                519.878173828,
                276.015625,
                165.284103394,
                43.1328392029,
                9.03211975098,
                0.911363363266,
                0.0431842617691,
                0.00129621452652,
                2.89730996883e-06,
                2.28742536024e-09
            ],
            "dvar2": [
                0.918056666851,
                12.3151893616,
                50.7537307739,
                339.094116211,
                206.010284424,
                76.4254684448,
                177.473831177,
                271.517913818,
                2828.74072266,
                6730.49707031,
                7696.65917969,
                6319.25683594,
                8418.0390625,
                7234.49511719,
                16467.3730469,
                13340.4912109,
                9859.80664063,
                5497.65283203,
                3504.62451172,
                9285.29589844,
                7995.95703125,
                5550.09619141,
                815.030212402,
                1552.42700195,
                3003.94995117,
                3544.48852539,
                4471.91210938,
                1211.49645996,
                3892.87036133,
                1404.25805664,
                1207.2956543,
                637.861572266,
                393.332885742,
                97.2973937988,
                20.3285198212,
                1.87658071518,
                0.0994277372956,
                0.00291662733071,
                6.69334531267e-06,
                4.94090812708e-09
            ],
            "max": [
                6.88048744202,
                22.6673965454,
                42.4628677368,
                99.6694259644,
                93.9030609131,
                66.5128097534,
                372.355438232,
                285.503417969,
                775.853027344,
                676.48034668,
                1309.09216309,
                1146.66455078,
                1170.80786133,
                1494.54797363,
                2160.49047852,
                1866.80505371,
                1829.49597168,
                1963.29748535,
                1033.93481445,
                2098.01513672,
                1910.63513184,
                1463.85803223,
                670.543945313,
                394.882141113,
                869.746459961,
                777.323181152,
                1628.14428711,
                513.242370605,
                406.29208374,
                364.59286499,
                577.761169434,
                366.517181396,
                399.321472168,
                182.986343384,
                81.9627838135,
                36.8610343933,
                6.22176456451,
                0.93615591526,
                0.0315444841981,
                0.000986601458862
            ],
            "mean": [
                0.605626165867,
                1.37113428116,
                2.74925231934,
                2.25651144981,
                1.99315011501,
                2.74259138107,
                2.64806556702,
                2.85357809067,
                10.5627794266,
                16.0566711426,
                18.8645000458,
                17.7298946381,
                27.5435676575,
                26.8133010864,
                32.2497406006,
                31.3486690521,
                24.839805603,
                16.9778995514,
                14.7299060822,
                22.3076038361,
                27.168806076,
                22.1634368896,
                7.99147891998,
                8.65546894073,
                11.399646759,
                16.9470252991,
                16.8052272797,
                10.8295927048,
                11.2840023041,
                8.47385406494,
                7.6117682457,
                5.43657064438,
                3.92738819122,
                2.09458231926,
                0.965958535671,
                0.337487846613,
                0.0753392651677,
                0.0136233232915,
                0.000528559728991,
                4.86290518893e-05
            ],
            "median": [
                0.120806753635,
                0.194142967463,
                0.486554682255,
                0.680674672127,
                0.27541705966,
                0.497484743595,
                0.655744493008,
                0.540128469467,
                1.06674361229,
                1.97170054913,
                3.11861824989,
                2.14766764641,
                2.38141536713,
                4.41403579712,
                5.03987264633,
                5.74275636673,
                3.08516073227,
                2.40711140633,
                3.6023888588,
                1.79162108898,
                2.84929394722,
                1.92737698555,
                1.00438714027,
                0.658583939075,
                0.749623119831,
                0.99953442812,
                0.807683289051,
                0.688336670399,
                0.736586749554,
                0.570831120014,
                0.357740074396,
                0.275600373745,
                0.242665708065,
                0.148792818189,
                0.0636720433831,
                0.0203924737871,
                0.00402946071699,
                0.000604446569923,
                3.60941194231e-05,
                3.33916941599e-05
            ],
            "min": [
                1.3585088507e-21,
                1.21567953798e-21,
                2.02628412556e-21,
                3.24935285422e-20,
                1.96468539898e-19,
                9.84848164943e-19,
                1.07279328389e-18,
                4.93254571807e-19,
                3.25277919141e-19,
                4.45786812355e-19,
                9.66717503289e-19,
                4.96103805766e-18,
                4.14111388703e-18,
                1.46156806839e-18,
                4.95108645451e-19,
                2.26188113086e-18,
                4.31882454265e-18,
                7.17245744885e-18,
                7.6552612657e-18,
                7.5457979737e-18,
                7.8556796835e-18,
                1.25723495631e-17,
                1.31443325489e-17,
                1.20485936884e-17,
                1.00553506284e-17,
                1.35310634735e-17,
                1.75294543769e-17,
                1.58055603495e-17,
                1.63568034359e-17,
                1.59953403974e-17,
                1.76465219403e-17,
                1.37703362191e-17,
                1.5436636142e-17,
                1.33615394244e-17,
                9.51604541267e-18,
                4.81329367409e-18,
                3.8028354804e-18,
                1.3088114873e-18,
                3.79053189257e-19,
                4.17227962267e-20
            ],
            "var": [
                0.626073300838,
                11.6606941223,
                20.4827480316,
                63.9460754395,
                55.8095703125,
                37.802734375,
                83.5004348755,
                99.9352416992,
                1666.1340332,
                2044.24291992,
                3429.02685547,
                3524.22900391,
                6688.06640625,
                6974.24316406,
                9976.31640625,
                8375.70019531,
                6488.08056641,
                3105.61401367,
                1972.43859863,
                6817.44726563,
                6877.54150391,
                5155.8671875,
                556.365234375,
                794.19909668,
                1468.61108398,
                2434.2722168,
                3528.75927734,
                1147.86535645,
                1296.69177246,
                650.378173828,
                682.080078125,
                361.494262695,
                194.565841675,
                52.2016601563,
                12.5439596176,
                1.47563910484,
                0.0516056977212,
                0.00156356231309,
                3.37133928952e-06,
                4.00378885601e-09
            ]
        },
        "erbbands_crest": {
            "dmean": 3.13516020775,
            "dmean2": 5.13417482376,
            "dvar": 8.85453987122,
            "dvar2": 21.6636047363,
            "max": 32.3817634583,
            "mean": 10.0068273544,
            "median": 9.20594978333,
            "min": 2.58802199364,
            "var": 19.7381820679
        },
        "erbbands_flatness_db": {
            "dmean": 0.0242546200752,
            "dmean2": 0.0363326109946,
            "dvar": 0.000522679998539,
            "dvar2": 0.00110807374585,
            "max": 0.357134491205,
            "mean": 0.171715989709,
            "median": 0.17124478519,
            "min": 0.0521332621574,
            "var": 0.00222684000619
        },
        "erbbands_kurtosis": {
            "dmean": 1.77820634842,
            "dmean2": 2.81563806534,
            "dvar": 6.15746974945,
            "dvar2": 14.3616914749,
            "max": 42.8680953979,
            "mean": 1.55044233799,
            "median": 0.551624536514,
            "min": -1.88921606541,
            "var": 11.1254472733
        },
        "erbbands_skewness": {
            "dmean": 0.541061520576,
            "dmean2": 0.80869525671,
            "dvar": 0.286650806665,
            "dvar2": 0.581317007542,
            "max": 4.7274684906,
            "mean": 0.254932671785,
            "median": 0.27830862999,
            "min": -5.02737140656,
            "var": 1.05739700794
        },
        "erbbands_spread": {
            "dmean": 11.8851184845,
            "dmean2": 18.4271755219,
            "dvar": 215.876708984,
            "dvar2": 509.750152588,
            "max": 175.556671143,
            "mean": 33.4810714722,
            "median": 27.9499320984,
            "min": 2.35635590553,
            "var": 467.184051514
        },
        "gfcc": {
            "cov": [
                [
                    14570.9248047,
                    -2780.95117188,
                    -799.206542969,
                    793.924133301,
                    -1196.58227539,
                    249.313934326,
                    -607.40814209,
                    444.107391357,
                    -337.836669922,
                    324.571716309,
                    -412.916595459,
                    384.924346924,
                    40.0752906799
                ],
                [
                    -2780.95117188,
                    3101.94360352,
                    422.09072876,
                    -346.095001221,
                    830.666503906,
                    -30.5033607483,
                    464.552185059,
                    -213.878173828,
                    241.255981445,
                    -239.970169067,
                    163.059143066,
                    -278.68359375,
                    162.154418945
                ],
                [
                    -799.206542969,
                    422.09072876,
                    1473.93322754,
                    373.431640625,
                    405.138183594,
                    313.091033936,
                    219.592590332,
                    72.6937637329,
                    183.529174805,
                    -108.859596252,
                    114.475379944,
                    -62.8328971863,
                    -13.5350551605
                ],
                [
                    793.924133301,
                    -346.095001221,
                    373.431640625,
                    768.487792969,
                    196.278121948,
                    166.065567017,
                    93.2161178589,
                    94.9268493652,
                    105.985916138,
                    -18.6240730286,
                    42.7337341309,
                    -12.5693216324,
                    52.8329200745
                ],
                [
                    -1196.58227539,
                    830.666503906,
                    405.138183594,
                    196.278121948,
                    675.128601074,
                    255.720230103,
                    319.329345703,
                    2.44354939461,
                    172.649490356,
                    -97.6009292603,
                    77.7317886353,
                    -117.160728455,
                    70.0565490723
                ],
                [
                    249.313934326,
                    -30.5033607483,
                    313.091033936,
                    166.065567017,
                    255.720230103,
                    494.685150146,
                    255.87171936,
                    70.7662124634,
                    71.8103027344,
                    -24.8603610992,
                    28.6448783875,
                    -56.5504417419,
                    9.72565174103
                ],
                [
                    -607.40814209,
                    464.552185059,
                    219.592590332,
                    93.2161178589,
                    319.329345703,
                    255.87171936,
                    496.057739258,
                    57.6120605469,
                    89.9281311035,
                    -37.3682022095,
                    38.0323028564,
                    -106.096351624,
                    48.5510978699
                ],
                [
                    444.107391357,
                    -213.878173828,
                    72.6937637329,
                    94.9268493652,
                    2.44354939461,
                    70.7662124634,
                    57.6120605469,
                    167.602920532,
                    47.9891853333,
                    18.0253334045,
                    -15.9577522278,
                    11.0487661362,
                    -6.71986055374
                ],
                [
                    -337.836669922,
                    241.255981445,
                    183.529174805,
                    105.985916138,
                    172.649490356,
                    71.8103027344,
                    89.9281311035,
                    47.9891853333,
                    191.339813232,
                    -8.29341316223,
                    31.5605545044,
                    -59.3269004822,
                    23.5408325195
                ],
                [
                    324.571716309,
                    -239.970169067,
                    -108.859596252,
                    -18.6240730286,
                    -97.6009292603,
                    -24.8603610992,
                    -37.3682022095,
                    18.0253334045,
                    -8.29341316223,
                    127.57951355,
                    0.0401974394917,
                    16.7114467621,
                    -18.4011993408
                ],
                [
                    -412.916595459,
                    163.059143066,
                    114.475379944,
                    42.7337341309,
                    77.7317886353,
                    28.6448783875,
                    38.0323028564,
                    -15.9577522278,
                    31.5605545044,
                    0.0401974394917,
                    126.575881958,
                    -15.8145456314,
                    -5.35328102112
                ],
                [
                    384.924346924,
                    -278.68359375,
                    -62.8328971863,
                    -12.5693216324,
                    -117.160728455,
                    -56.5504417419,
                    -106.096351624,
                    11.0487661362,
                    -59.3269004822,
                    16.7114467621,
                    -15.8145456314,
                    134.398239136,
                    -7.89564085007
                ],
                [
                    40.0752906799,
                    162.154418945,
                    -13.5350551605,
                    52.8329200745,
                    70.0565490723,
                    9.72565174103,
                    48.5510978699,
                    -6.71986055374,
                    23.5408325195,
                    -18.4011993408,
                    -5.35328102112,
                    -7.89564085007,
                    125.380874634
                ]
            ],
            "icov": [
                [
                    0.000138323623105,
                    -0.000116614559374,
                    6.9992041972e-05,
                    -0.000272982812021,
                    0.000313037657179,
                    -0.000324471155182,
                    0.000193932137336,
                    -0.000313945143716,
                    0.000194535125047,
                    -0.000251859804848,
                    0.000341429607943,
                    -0.000162949654623,
                    -8.16453248262e-05
                ],
                [
                    -0.000116614559374,
                    0.00121971336193,
                    -0.000238215419813,
                    0.00106860266533,
                    -0.00127351551782,
                    0.00114091124851,
                    -0.000698437332176,
                    0.00103560625575,
                    -0.000717126647942,
                    0.00116071430966,
                    -0.000964852981269,
                    0.000967066385783,
                    -0.000742445001379
                ],
                [
                    6.9992041972e-05,
                    -0.000238215419813,
                    0.0011008590227,
                    -0.000563773093745,
                    0.000107747910079,
                    -0.000635066360701,
                    0.000187333222129,
                    -0.000369345070794,
                    -0.000320991413901,
                    0.000420010648668,
                    -0.000240674242377,
                    -0.000413069588831,
                    0.000624455395155
                ],
                [
                    -0.000272982812021,
                    0.00106860266533,
                    -0.000563773093745,
                    0.00288123451173,
                    -0.00160763855092,
                    0.00102784007322,
                    -0.000507827673573,
                    0.000394267961383,
                    -0.00099924299866,
                    0.00106951291673,
                    -0.00147729949094,
                    0.000782718649134,
                    -0.00120261008851
                ],
                [
                    0.000313037657179,
                    -0.00127351551782,
                    0.000107747910079,
                    -0.00160763855092,
                    0.00498413573951,
                    -0.00215121172369,
                    -0.000258409389062,
                    -0.000323760701576,
                    -0.000846726179589,
                    4.1990319005e-05,
                    0.000689662236255,
                    -0.000681412930135,
                    -0.000147599828779
                ],
                [
                    -0.000324471155182,
                    0.00114091124851,
                    -0.000635066360701,
                    0.00102784007322,
                    -0.00215121172369,
                    0.00467855902389,
                    -0.00199854862876,
                    0.000584478839301,
                    -0.000420589232817,
                    0.00100679742172,
                    -0.00111901108176,
                    0.00112050084863,
                    2.03204726859e-05
                ],
                [
                    0.000193932137336,
                    -0.000698437332176,
                    0.000187333222129,
                    -0.000507827673573,
                    -0.000258409389062,
                    -0.00199854862876,
                    0.00439670868218,
                    -0.00216889893636,
                    0.00115427025594,
                    -0.000903260719497,
                    0.00038951379247,
                    0.00124601449352,
                    -0.000698042567819
                ],
                [
                    -0.000313945143716,
                    0.00103560625575,
                    -0.000369345070794,
                    0.000394267961383,
                    -0.000323760701576,
                    0.000584478839301,
                    -0.00216889893636,
                    0.00970901921391,
                    -0.00359385763295,
                    0.000371676083887,
                    0.000567078008316,
                    -0.00115883571561,
                    0.000731326348614
                ],
                [
                    0.000194535125047,
                    -0.000717126647942,
                    -0.000320991413901,
                    -0.00099924299866,
                    -0.000846726179589,
                    -0.000420589232817,
                    0.00115427025594,
                    -0.00359385763295,
                    0.00936074461788,
                    -0.00195638020523,
                    -7.47705780668e-05,
                    0.00232436670922,
                    -0.000783627969213
                ],
                [
                    -0.000251859804848,
                    0.00116071430966,
                    0.000420010648668,
                    0.00106951291673,
                    4.1990319005e-05,
                    0.00100679742172,
                    -0.000903260719497,
                    0.000371676083887,
                    -0.00195638020523,
                    0.0109263425693,
                    -0.00241206865758,
                    0.000655776937492,
                    0.000351362628862
                ],
                [
                    0.000341429607943,
                    -0.000964852981269,
                    -0.000240674242377,
                    -0.00147729949094,
                    0.000689662236255,
                    -0.00111901108176,
                    0.00038951379247,
                    0.000567078008316,
                    -7.47705780668e-05,
                    -0.00241206865758,
                    0.0106801753864,
                    -0.00123478332534,
                    0.00135452626273
                ],
                [
                    -0.000162949654623,
                    0.000967066385783,
                    -0.000413069588831,
                    0.000782718649134,
                    -0.000681412930135,
                    0.00112050084863,
                    0.00124601449352,
                    -0.00115883571561,
                    0.00232436670922,
                    0.000655776937492,
                    -0.00123478332534,
                    0.0114603508264,
                    -0.00149500137195
                ],
                [
                    -8.16453248262e-05,
                    -0.000742445001379,
                    0.000624455395155,
                    -0.00120261008851,
                    -0.000147599828779,
                    2.03204726859e-05,
                    -0.000698042567819,
                    0.000731326348614,
                    -0.000783627969213,
                    0.000351362628862,
                    0.00135452626273,
                    -0.00149500137195,
                    0.0100889382884
                ]
            ],
            "mean": [
                -66.5833358765,
                83.0206604004,
                -109.508705139,
                23.0632591248,
                -50.1900787354,
                32.6047515869,
                -23.3497657776,
                14.9120378494,
                -16.1240653992,
                7.29047060013,
                -15.5507555008,
                0.940039038658,
                -7.07908153534
            ]
        },
        "hfc": {
            "dmean": 13.3289356232,
            "dmean2": 18.8414535522,
            "dvar": 844.499206543,
            "dvar2": 1854.25170898,
            "max": 446.465576172,
            "mean": 21.2003726959,
            "median": 6.19446706772,
            "min": 1.22666596737e-16,
            "var": 1365.15100098
        },
        "melbands": {
            "dmean": [
                0.0013875933364,
                0.000635264557786,
                0.000387972744647,
                0.000156608570251,
                8.08595868875e-05,
                6.68674474582e-05,
                0.000161497737281,
                0.000181751165655,
                0.000133923691465,
                9.5714458439e-05,
                0.000103458485682,
                7.69373655203e-05,
                7.5561903941e-05,
                7.59025861043e-05,
                5.99856721237e-05,
                3.66187450709e-05,
                2.40165099967e-05,
                1.88663434528e-05,
                2.32388538279e-05,
                2.5035784347e-05,
                2.41878569796e-05,
                1.86662146007e-05,
                8.72742293723e-06,
                5.18199021826e-06,
                7.16900012776e-06,
                7.24369056115e-06,
