{
    "lowlevel": {
        "average_loudness": 0.910680770874,
        "barkbands": {
            "dmean": [
                2.70915315923e-05,
                0.00370463915169,
                0.00134217785671,
                0.00121496687643,
                0.00132539274637,
                0.00111071567517,
                0.00101511809044,
                0.000801797315944,
                0.00112444744445,
                0.000729204213712,
                0.000571407494135,
                0.000503429560922,
                0.000411899352912,
                0.000219688139623,
                0.000308044342091,
                0.000243204805884,
                0.000316102989018,
                0.000367453612853,
                0.000208080149605,
                0.000190087856026,
                0.000193803425645,
                0.000179955983185,
                0.000138235642225,
                9.50962275965e-05,
                2.07914654311e-05,
                1.87780278793e-05,
                3.92957008444e-06
            ],
            "dmean2": [
                4.52345739177e-05,
                0.00593929924071,
                0.0022979718633,
                0.00199997983873,
                0.00218741339631,
                0.00171269045677,
                0.00154768920038,
                0.00119245785754,
                0.00175705447327,
                0.00113824999426,
                0.000889535876922,
                0.000780029105954,
                0.000642728176899,
                0.000346831569914,
                0.000496180495247,
                0.000379704200896,
                0.000497063563671,
                0.000585856905673,
                0.000331233168254,
                0.000301205989672,
                0.000315340032103,
                0.000284036388621,
                0.00020807349938,
                0.000139939089422,
                3.08393282467e-05,
                2.77579492831e-05,
                6.2695626184e-06
            ],
            "dvar": [
                6.69878685855e-09,
                9.68320455286e-05,
                8.38816686155e-06,
                7.10050107955e-06,
                5.1523293223e-06,
                2.92772551802e-06,
                4.19006073571e-06,
                3.52904112333e-06,
                5.06076412421e-06,
                2.49868594437e-06,
                1.4669852817e-06,
                1.43576744449e-06,
                9.42834958551e-07,
                2.81138540004e-07,
                6.24200708899e-07,
                3.9296779164e-07,
                3.97722459411e-07,
                5.12848487233e-07,
                1.26619994489e-07,
                1.08883490668e-07,
                1.21277722087e-07,
                2.8817859743e-07,
                2.24079713007e-07,
                1.98820288233e-07,
                2.2552009149e-09,
                2.89252533037e-09,
                1.27791832671e-10
            ],
            "dvar2": [
                1.65828897281e-08,
                0.000230090736295,
                2.37103395193e-05,
                1.85128792509e-05,
                1.3812553334e-05,
                6.7898981797e-06,
                1.00967718026e-05,
                7.61136561778e-06,
                1.17967729238e-05,
                6.14023610979e-06,
                3.43884153153e-06,
                3.26258304995e-06,
                2.18536479224e-06,
                6.42127133688e-07,
                1.5223047285e-06,
                8.87077362677e-07,
                9.15490886655e-07,
                1.26930774513e-06,
                2.98644806662e-07,
                2.50827326909e-07,
                3.12069659003e-07,
                6.95002427165e-07,
                4.96963878049e-07,
                4.04907979146e-07,
                4.63821159258e-09,
                6.58784715668e-09,
                3.28599480959e-10
            ],
            "max": [
                0.000780014903285,
                0.0932001322508,
                0.0404630228877,
                0.0451955124736,
                0.0324427969754,
                0.0361996516585,
                0.0311486311257,
                0.0638197287917,
                0.0517290346324,
                0.0573779530823,
                0.0382451787591,
                0.0297526083887,
                0.0223520640284,
                0.0128527032211,
                0.027968082577,
                0.0151357538998,
                0.0162858385593,
                0.0185927618295,
                0.00717689003795,
                0.00631215143949,
                0.00679688621312,
                0.0193582642823,
                0.0187982954085,
                0.0231812987477,
                0.00124730716925,
                0.00100538088009,
                0.000369256624253
            ],
            "mean": [
                2.27464861382e-05,
                0.00427249865606,
                0.00257293041795,
                0.00191102887038,
                0.0025769113563,
                0.002421149984,
                0.00187269703019,
                0.00162275647745,
                0.00217398186214,
                0.00138442323077,
                0.000996240531094,
                0.000884080014657,
                0.000674863345921,
                0.000360281264875,
                0.000492536404636,
                0.00043225826812,
                0.000658796168864,
                0.000738463306334,
                0.000433597975643,
                0.000440873904154,
                0.000404039456043,
                0.000385836756323,
                0.000293900317047,
                0.000183263371582,
                3.88841799577e-05,
                2.40542613028e-05,
                3.45250487044e-06
            ],
            "median": [
                1.9026551854e-06,
                0.000967604515608,
                0.00121438223869,
                0.000928685185499,
                0.00151590746827,
                0.00114801875316,
                0.00061205343809,
                0.0004717449483,
                0.000811485107988,
                0.00050367845688,
                0.00031140333158,
                0.000262302521151,
                0.000216089218156,
                0.000135171896545,
                0.000224804331083,
                0.000166958896443,
                0.000317380123306,
                0.00037626811536,
                0.000301182793919,
                0.000279218977084,
                0.000264630914899,
                0.000235519051785,
                0.000175317880348,
                7.75088992668e-05,
                1.71735082404e-05,
                4.65512857772e-06,
                2.1992913446e-07
            ],
            "min": [
                7.72332790142e-25,
                4.43022115005e-24,
                1.57116184037e-24,
                2.20690149123e-24,
                1.47567886582e-23,
                1.65954782779e-23,
                1.49980333671e-23,
                8.47992656499e-24,
                3.17921925748e-23,
                1.86557699698e-23,
                2.24461393344e-23,
                3.112951786e-23,
                6.5496855352e-23,
                4.19725403754e-23,
                4.75000855829e-23,
                5.15850566301e-23,
                9.03870009444e-23,
                1.03220695022e-22,
                1.45966543121e-22,
                2.72357749003e-22,
                2.37763105974e-22,
                3.34543136668e-22,
                4.5380469342e-22,
                4.94681016904e-22,
                9.80120774428e-22,
                1.43192688559e-21,
                2.12785629062e-21
            ],
            "var": [
                5.64724578211e-09,
                0.000102112862805,
                1.26646418721e-05,
                9.05332763068e-06,
                1.08997037387e-05,
                1.23149839055e-05,
                1.10001547e-05,
                1.27209805214e-05,
                1.72466880031e-05,
                6.79705226503e-06,
                3.56198211193e-06,
                3.58629699804e-06,
                2.05343280868e-06,
                5.36514903615e-07,
                9.32642194584e-07,
                8.86040083969e-07,
                1.25826704789e-06,
                1.19635990359e-06,
                2.90006568093e-07,
                2.85726741822e-07,
                2.53676688544e-07,
                4.61737613477e-07,
                3.7276203102e-07,
                4.23610003963e-07,
                4.90897544836e-09,
                4.00942035128e-09,
                1.07378279879e-10
            ]
        },
        "barkbands_crest": {
            "dmean": 2.5527677536,
            "dmean2": 4.09833431244,
            "dvar": 6.2628865242,
            "dvar2": 15.3576993942,
            "max": 26.5155696869,
            "mean": 9.13634967804,
            "median": 8.20244693756,
            "min": 2.17096066475,
            "var": 16.4699287415
        },
        "barkbands_flatness_db": {
            "dmean": 0.0197680741549,
            "dmean2": 0.0301730427891,
            "dvar": 0.000434577174019,
            "dvar2": 0.00098983978387,
            "max": 0.396879941225,
            "mean": 0.133109122515,
            "median": 0.116174340248,
            "min": 0.0282234605402,
            "var": 0.00342047354206
        },
        "barkbands_kurtosis": {
            "dmean": 2.42318058014,
            "dmean2": 3.78103113174,
            "dvar": 36.8688735962,
            "dvar2": 83.2996139526,
            "max": 284.15826416,
            "mean": 2.9315404892,
            "median": 0.673822402954,
            "min": -1.92659008503,
            "var": 67.358001709
        },
        "barkbands_skewness": {
            "dmean": 0.499996960163,
            "dmean2": 0.749251127243,
            "dvar": 0.398762524128,
            "dvar2": 0.804388105869,
            "max": 15.8755283356,
            "mean": 1.20600533485,
            "median": 1.08300662041,
            "min": -6.0287156105,
            "var": 1.36520159245
        },
        "barkbands_spread": {
            "dmean": 5.78232336044,
            "dmean2": 8.99912071228,
            "dvar": 55.4855690002,
            "dvar2": 122.901046753,
            "max": 93.6293640137,
            "mean": 25.2630805969,
            "median": 24.5484886169,
            "min": 0.299514085054,
            "var": 180.667251587
        },
        "dissonance": {
            "dmean": 0.0189189370722,
            "dmean2": 0.0311851464212,
            "dvar": 0.000416957132984,
            "dvar2": 0.00106223102193,
            "max": 0.500000059605,
            "mean": 0.461534231901,
            "median": 0.470765829086,
            "min": 0.193368524313,
            "var": 0.00117929594126
        },
        "dynamic_complexity": 3.75842881203,
        "erbbands": {
            "dmean": [
                0.0871497020125,
                0.901381254196,
                1.53229534626,
                2.65182948112,
                4.47119092941,
                4.35699081421,
                6.35893678665,
                11.2979593277,
                12.747844696,
                17.6942634583,
                12.2148694992,
                29.7467422485,
                19.2248268127,
                23.4586830139,
                24.2536945343,
                19.3186073303,
                18.6058235168,
                11.7317113876,
                16.9432926178,
                10.9265584946,
                12.9424295425,
                15.8246555328,
                20.958240509,
                11.8818969727,
                9.80135631561,
                9.09016227722,
                8.98949146271,
                6.76033353806,
                6.62289094925,
                5.20593309402,
                3.7969121933,
                2.58862733841,
                1.21351003647,
                0.319647341967,
                0.130713239312,
                0.0952914357185,
                0.0292021632195,
                0.00645272480324,
                0.000646057713311,
                3.45678417943e-05
            ],
            "dmean2": [
                0.139039814472,
                1.45379447937,
                2.63297104836,
                4.40090322495,
                7.50593137741,
                6.94891500473,
                10.385216713,
                17.1174907684,
                19.4873561859,
                26.1509037018,
                18.5870113373,
                46.1858940125,
                30.2728309631,
                35.9713401794,
                38.172996521,
                29.6177539825,
                28.6451072693,
                18.1929683685,
                27.0324115753,
                17.2742385864,
                20.070476532,
                24.6480579376,
                33.0757141113,
                18.7649250031,
                15.522351265,
                14.40620327,
                14.7049818039,
                10.8218851089,
                10.5029973984,
                8.0672750473,
                5.68684387207,
                3.84260511398,
                1.78190982342,
                0.475440591574,
                0.192924961448,
                0.142062425613,
                0.0432934984565,
                0.0100315622985,
                0.00101642776281,
                5.4237581935e-05
            ],
            "dvar": [
                0.0624172389507,
                5.54710197449,
                12.3741226196,
                24.5784568787,
                122.346366882,
                55.0264167786,
                119.807731628,
                358.395111084,
                602.029052734,
                1194.97595215,
                726.944702148,
                3647.50634766,
                1680.53686523,
                2821.45605469,
                2856.07861328,
                2027.89807129,
                1899.71777344,
                622.016174316,
                2204.61206055,
                678.778320312,
                861.57232666,
                1066.79345703,
                1720.03955078,
                388.025787354,
                302.986663818,
                250.58291626,
                250.989578247,
                237.93536377,
                411.950378418,
                326.888275146,
                150.793487549,
                151.727828979,
                32.1945953369,
                0.779258489609,
                0.0953285396099,
                0.0784908682108,
                0.00691628083587,
                0.000288220267976,
                3.24202869706e-06,
                8.19181078526e-09
            ],
            "dvar2": [
                0.147960558534,
                13.436756134,
                34.7369155884,
                65.4973373413,
                332.138153076,
                137.185089111,
                309.946105957,
                780.995910645,
                1439.68249512,
                2664.60546875,
                1503.84606934,
                8414.27929688,
                3993.35009766,
                6505.20947266,
                6986.58300781,
                4594.83154297,
                4366.81933594,
                1352.17358398,
                5291.25537109,
                1556.14465332,
                1927.33898926,
                2380.74975586,
                4140.48779297,
                936.96307373,
                718.958984375,
                580.831420898,
                664.411437988,
                603.697875977,
                1017.31231689,
                783.178222656,
                314.676971436,
                328.429779053,
                60.2746543884,
                1.50222146511,
                0.200747013092,
                0.182771846652,
                0.0154758421704,
                0.000688409258146,
                8.25030019769e-06,
                2.12288835399e-08
            ],
            "max": [
                2.19287705421,
                23.2619857788,
                48.7615089417,
                82.1095504761,
                204.584671021,
                154.528991699,
                245.526870728,
                446.948944092,
                447.18572998,
                1158.67419434,
                1058.63293457,
                1492.43225098,
                2092.16796875,
                1717.35070801,
                1350.87316895,
                1311.4453125,
                1069.73059082,
                572.403808594,
                1821.8848877,
                660.272399902,
                875.955078125,
                903.397949219,
                954.656555176,
                416.50994873,
                381.783905029,
                286.123077393,
                347.644866943,
                544.690856934,
                678.435546875,
                1012.56451416,
                505.894226074,
                615.600585938,
                237.017730713,
                25.8024559021,
                7.10006380081,
                6.281291008,
                1.36090731621,
                0.255800485611,
                0.0526555627584,
                0.00338189047761
            ],
            "mean": [
                0.0903064087033,
                1.07962059975,
                2.64174413681,
                5.19256448746,
                6.82658720016,
                9.04621601105,
                12.6587247849,
                25.1735210419,
                25.3781833649,
                36.4255714417,
                25.5034370422,
                57.508808136,
                39.616065979,
                45.868106842,
                46.2700805664,
                37.2278060913,
                32.7095870972,
                22.0081043243,
                28.0703887939,
                19.716135025,
                27.5972423553,
                35.095489502,
                43.4405899048,
                25.7133827209,
                21.2595939636,
                21.652179718,
                19.2396507263,
                14.3655481339,
                13.6390676498,
                11.3036327362,
                8.04444694519,
                4.93588542938,
                2.29523396492,
                0.623210251331,
                0.228931292892,
                0.131028279662,
                0.0362791419029,
                0.00653946585953,
                0.000605203444138,
                5.95412311668e-05
            ],
            "median": [
                0.0163091942668,
                0.285191953182,
                1.69011235237,
                2.95829129219,
                3.50750541687,
                4.57107543945,
                6.35862636566,
                10.0897388458,
                11.3894844055,
                12.4375591278,
                12.1805009842,
                21.9429244995,
                19.054857254,
                15.0360679626,
                16.3934707642,
                13.3296070099,
                11.4861898422,
                9.73684024811,
                13.1015634537,
                10.1244211197,
                12.0316820145,
                18.1985664368,
                22.0542430878,
                17.1184062958,
                14.7804908752,
                14.3519830704,
                13.2868032455,
                8.91736030579,
                8.14238166809,
                7.17050457001,
                4.6297416687,
                2.14295959473,
                0.931293010712,
                0.285534977913,
                0.0876885354519,
                0.0318412482738,
                0.00606615236029,
                0.000704110832885,
                6.6331733251e-05,
                4.31131047662e-05
            ],
            "min": [
                1.56782040701e-22,
                1.18699357672e-21,
                4.1094914443e-21,
                1.27738020406e-20,
                3.22561309375e-20,
                3.6147540737e-20,
                4.8192389055e-20,
                1.57419191411e-19,
                2.52106840474e-19,
                2.96031966307e-19,
                4.42213909097e-19,
                6.80267131909e-19,
                6.2992998631e-19,
                1.29586600731e-18,
                1.30723064175e-18,
                1.33729834682e-18,
                2.42189735921e-18,
                2.59200643179e-18,
                2.34790150392e-18,
                3.09458151964e-18,
                4.71874444854e-18,
                6.00372155366e-18,
                5.06069470991e-18,
                8.51810742472e-18,
                7.28893854117e-18,
                1.18620404721e-17,
                1.12610664601e-17,
                9.40467133345e-18,
                1.22574162613e-17,
                1.34004458645e-17,
                1.28775320598e-17,
                9.03004785147e-18,
                1.03309564552e-17,
                1.03851541561e-17,
                7.96171348468e-18,
                5.09813207726e-18,
                2.30769576986e-18,
                9.75750832566e-19,
                2.97576234963e-19,
                3.09140497807e-20
            ],
            "var": [
                0.059413138777,
                5.93333530426,
                13.946641922,
                43.7658729553,
                126.511360168,
                184.814956665,
                300.018585205,
                1705.83520508,
                1661.50915527,
                4267.69921875,
                2266.91381836,
                11864.6865234,
                4826.27050781,
                7719.06298828,
                7487.66552734,
                6129.83642578,
                4545.99609375,
                1475.98706055,
                3320.77270508,
                1226.11352539,
                2557.21728516,
                3359.44091797,
                4270.26123047,
                977.389038086,
                711.395446777,
                677.013122559,
                530.472961426,
                410.619049072,
                616.831604004,
                451.451202393,
                291.886505127,
                292.878265381,
                72.0381088257,
                1.86356878281,
                0.189961120486,
                0.111850395799,
                0.00939970836043,
                0.000312058080453,
                2.84832617581e-06,
                7.19960757678e-09
            ]
        },
        "erbbands_crest": {
            "dmean": 2.47854995728,
            "dmean2": 3.936201334,
            "dvar": 5.23322486877,
            "dvar2": 12.4779071808,
            "max": 33.9207649231,
            "mean": 9.19648838043,
            "median": 8.27612876892,
            "min": 2.42074942589,
            "var": 18.7138252258
        },
        "erbbands_flatness_db": {
            "dmean": 0.0173691622913,
            "dmean2": 0.0244967360049,
            "dvar": 0.000316850491799,
            "dvar2": 0.000575595709961,
            "max": 0.471575945616,
            "mean": 0.169897228479,
            "median": 0.157657578588,
            "min": 0.0529785752296,
            "var": 0.00314077408984
        },
        "erbbands_kurtosis": {
            "dmean": 1.06850850582,
            "dmean2": 1.6614522934,
            "dvar": 7.44858121872,
            "dvar2": 15.9125871658,
            "max": 162.091400146,
            "mean": 0.553166031837,
            "median": -0.369659900665,
            "min": -1.86649620533,
            "var": 15.9638328552
        },
        "erbbands_skewness": {
            "dmean": 0.373595923185,
            "dmean2": 0.554168522358,
            "dvar": 0.189874559641,
            "dvar2": 0.343848824501,
            "max": 6.52702045441,
            "mean": 0.271867692471,
            "median": 0.277367919683,
            "min": -5.71385717392,
            "var": 0.798939347267
        },
        "erbbands_spread": {
            "dmean": 8.11915206909,
            "dmean2": 12.4208087921,
            "dvar": 93.200843811,
            "dvar2": 212.422821045,
            "max": 136.844558716,
            "mean": 40.2340354919,
            "median": 38.1973114014,
            "min": 0.480679154396,
            "var": 362.495697021
        },
        "gfcc": {
            "cov": [
                [
                    13201.3144531,
                    -37.4021949768,
                    586.917175293,
                    1108.1328125,
                    328.528778076,
                    623.35559082,
                    392.079315186,
                    649.269226074,
                    -45.4884719849,
                    592.778625488,
                    -91.6517791748,
                    644.040405273,
                    26.01587677
                ],
                [
                    -37.4021949768,
                    1256.44055176,
                    174.998245239,
                    -30.651599884,
                    241.268615723,
                    -11.3559761047,
                    44.2422027588,
                    -56.441532135,
                    82.0741195679,
                    -50.1352920532,
                    98.6520233154,
                    -73.3604660034,
                    42.5565376282
                ],
                [
                    586.917175293,
                    174.998245239,
                    1152.45495605,
                    427.229522705,
                    223.991317749,
                    108.767524719,
                    3.05359268188,
                    16.286813736,
                    58.1475486755,
                    160.778396606,
                    -108.583976746,
                    72.090637207,
                    -40.6843719482
                ],
                [
                    1108.1328125,
                    -30.651599884,
                    427.229522705,
                    687.040405273,
                    89.2591705322,
                    89.8374557495,
                    -3.24396395683,
                    72.8106079102,
                    103.418708801,
                    61.265007019,
                    -21.8959522247,
                    37.8295860291,
                    8.88198375702
                ],
                [
                    328.528778076,
                    241.268615723,
                    223.991317749,
                    89.2591705322,
                    512.467895508,
                    95.5219345093,
                    81.9851455688,
                    60.9228973389,
                    37.1968650818,
                    81.1097869873,
                    -57.556854248,
                    63.8101501465,
                    -27.2714195251
                ],
                [
                    623.35559082,
                    -11.3559761047,
                    108.767524719,
                    89.8374557495,
                    95.5219345093,
                    280.493103027,
                    108.090744019,
                    22.499458313,
                    -11.2732095718,
                    66.0159606934,
                    -13.2780599594,
                    22.0271282196,
                    -13.8105945587
                ],
                [
                    392.079315186,
                    44.2422027588,
                    3.05359268188,
                    -3.24396395683,
                    81.9851455688,
                    108.090744019,
                    226.371994019,
                    94.2448196411,
                    -19.687997818,
                    46.3898468018,
                    23.0747566223,
                    52.1651725769,
                    -6.54597187042
                ],
                [
                    649.269226074,
                    -56.441532135,
                    16.286813736,
                    72.8106079102,
                    60.9228973389,
                    22.499458313,
                    94.2448196411,
                    199.118835449,
                    57.4118919373,
                    34.6313781738,
                    7.95229387283,
                    73.0892868042,
                    5.12281179428
                ],
                [
                    -45.4884719849,
                    82.0741195679,
                    58.1475486755,
                    103.418708801,
                    37.1968650818,
                    -11.2732095718,
                    -19.687997818,
                    57.4118919373,
                    156.81980896,
                    23.5912475586,
                    11.4125204086,
                    0.799675762653,
                    14.730134964
                ],
                [
                    592.778625488,
                    -50.1352920532,
                    160.778396606,
                    61.265007019,
                    81.1097869873,
                    66.0159606934,
                    46.3898468018,
                    34.6313781738,
                    23.5912475586,
                    174.530166626,
                    -10.7590589523,
                    69.0762176514,
                    -6.16143274307
                ],
                [
                    -91.6517791748,
                    98.6520233154,
                    -108.583976746,
                    -21.8959522247,
                    -57.556854248,
                    -13.2780599594,
                    23.0747566223,
                    7.95229387283,
                    11.4125204086,
                    -10.7590589523,
                    146.691299438,
                    1.24298560619,
                    15.655292511
                ],
                [
                    644.040405273,
                    -73.3604660034,
                    72.090637207,
                    37.8295860291,
                    63.8101501465,
                    22.0271282196,
                    52.1651725769,
                    73.0892868042,
                    0.799675762653,
                    69.0762176514,
                    1.24298560619,
                    156.804916382,
                    24.056892395
                ],
                [
                    26.01587677,
                    42.5565376282,
                    -40.6843719482,
                    8.88198375702,
                    -27.2714195251,
                    -13.8105945587,
                    -6.54597187042,
                    5.12281179428,
                    14.730134964,
                    -6.16143274307,
                    15.655292511,
                    24.056892395,
                    84.2543945312
                ]
            ],
            "icov": [
                [
                    0.000171632520505,
                    -0.000208117373404,
                    0.000160251380294,
                    -0.000314513163175,
                    0.000186874516658,
                    -0.000283108412987,
                    0.000280120730167,
                    -0.000581461878028,
                    0.000526541145518,
                    -0.0004753023386,
                    0.000261310284259,
                    -0.000484098680317,
                    0.000196714812773
                ],
                [
                    -0.000208117373404,
                    0.00161268922966,
                    -0.000650052796118,
                    0.000712539884262,
                    -0.00110642553773,
                    0.000594603421632,
                    -0.0010204995051,
                    0.00144974759314,
                    -0.00144791335333,
                    0.00127909565344,
                    -0.00155035720672,
                    0.00142857735045,
                    -0.00134055444505
                ],
                [
                    0.000160251380294,
                    -0.000650052796118,
                    0.00173090922181,
                    -0.00118952512275,
                    0.000202786570298,
                    -0.000339419289958,
                    0.000533630140126,
                    -0.000312028743792,
                    0.00066370080458,
                    -0.00149779370986,
                    0.00134880712721,
                    -0.00106705748476,
                    0.00113898701966
                ],
                [
                    -0.000314513163175,
                    0.000712539884262,
                    -0.00118952512275,
                    0.00287052709609,
                    -0.000490112288389,
                    -0.000121754033898,
                    -0.000160774419783,
                    0.000545803515706,
                    -0.00206427136436,
                    0.00131971028168,
                    -0.000976571929641,
                    0.00109109678306,
                    -0.00103673595004
                ],
                [
                    0.000186874516658,
                    -0.00110642553773,
                    0.000202786570298,
                    -0.000490112288389,
                    0.00331136514433,
                    -0.000848595052958,
                    5.38510867045e-05,
                    -0.00106215884443,
                    0.000315606303047,
                    -0.00115035171621,
                    0.00193833757658,
                    -0.0017761962954,
                    0.00165991229005
                ],
                [
                    -0.000283108412987,
                    0.000594603421632,
                    -0.000339419289958,
                    -0.000121754033898,
                    -0.000848595052958,
                    0.00564373610541,
                    -0.00314860185608,
                    0.00196675979532,
                    -0.00059512531152,
                    -0.000360873760656,
                    -0.00023061032698,
                    0.00153413764201,
                    -0.000395292998292
                ],
                [
                    0.000280120730167,
                    -0.0010204995051,
                    0.000533630140126,
                    -0.000160774419783,
                    5.38510867045e-05,
                    -0.00314860185608,
                    0.00887999869883,
                    -0.00530685530975,
                    0.00358057115227,
                    -0.00181638274807,
                    -0.000641682883725,
                    -0.00125116272829,
                    0.000935138377827
                ],
                [
                    -0.000581461878028,
                    0.00144974759314,
                    -0.000312028743792,
                    0.000545803515706,
                    -0.00106215884443,
                    0.00196675979532,
                    -0.00530685530975,
                    0.0116591034457,
                    -0.00605148961768,
                    0.002730358392,
                    -0.000835433078464,
                    -0.00159470271319,
                    -3.53354334948e-05
                ],
                [
                    0.000526541145518,
                    -0.00144791335333,
                    0.00066370080458,
                    -0.00206427136436,
                    0.000315606303047,
                    -0.00059512531152,
                    0.00358057115227,
                    -0.00605148961768,
                    0.0115317925811,
                    -0.00355162844062,
                    0.000235123661696,
                    0.000551808218006,
                    -0.000719486793969
                ],
                [
                    -0.0004753023386,
                    0.00127909565344,
                    -0.00149779370986,
                    0.00131971028168,
                    -0.00115035171621,
                    -0.000360873760656,
                    -0.00181638274807,
                    0.002730358392,
                    -0.00355162844062,
                    0.010331899859,
                    -0.00136964733247,
                    -0.00175614049658,
                    3.21070801874e-05
                ],
                [
                    0.000261310284259,
                    -0.00155035720672,
                    0.00134880712721,
                    -0.000976571929641,
                    0.00193833757658,
                    -0.00023061032698,
                    -0.000641682883725,
                    -0.000835433078464,
                    0.000235123661696,
                    -0.00136964733247,
                    0.00958735216409,
                    -0.00191337254364,
                    0.000670815701596
                ],
                [
                    -0.000484098680317,
                    0.00142857735045,
                    -0.00106705748476,
                    0.00109109678306,
                    -0.0017761962954,
                    0.00153413764201,
                    -0.00125116272829,
                    -0.00159470271319,
                    0.000551808218006,
                    -0.00175614049658,
                    -0.00191337254364,
                    0.0124747417867,
                    -0.00495730992407
                ],
                [
                    0.000196714812773,
                    -0.00134055444505,
                    0.00113898701966,
                    -0.00103673595004,
                    0.00165991229005,
                    -0.000395292998292,
                    0.000935138377827,
                    -3.53354334948e-05,
                    -0.000719486793969,
                    3.21070801874e-05,
                    0.000670815701596,
                    -0.00495730992407,
                    0.0151106873527
                ]
            ],
            "mean": [
                -4.99565410614,
                83.7143707275,
                -133.880142212,
                36.623008728,
                -74.8278121948,
                7.21921730042,
                -34.774394989,
                2.67952847481,
                -19.9483222961,
                -8.45065307617,
                -14.2702655792,
                -3.72409033775,
                -13.5827713013
            ]
        },
        "hfc": {
            "dmean": 6.79536342621,
            "dmean2": 10.3343305588,
            "dvar": 120.262290955,
            "dvar2": 273.66293335,
            "max": 257.094360352,
            "mean": 27.6681652069,
            "median": 27.7534446716,
            "min": 1.11784777699e-16,
            "var": 422.519317627
        },
        "melbands": {
            "dmean": [
                0.000941952515859,
                0.000916120130569,
                0.000514459447004,
                0.000289257062832,
                0.000219965702854,
                0.000235181854805,
                0.000204547002795,
                0.000198525987798,
                9.48384913499e-05,
                0.00019755109679,
                9.64194478001e-05,
                9.89655382e-05,
                7.41026669857e-05,
                6.2675535446e-05,
                4.34235444118e-05,
                3.93813716073e-05,
                2.19626126636e-05,
                2.77840135823e-05,
                1.74823508132e-05,
                1.80584484042e-05,
                1.64586690516e-05,
                1.78574755409e-05,
                2.1958434445e-05,
                1.69534323504e-05,
                9.91164597508e-06,
                7.60736156735e-06,
                6.91992545399e-06,
