{
    "lowlevel": {
        "average_loudness": 0.887044370174,
        "barkbands": {
            "dmean": [
                1.22128367366e-05,
                0.00204486725852,
                0.00202185893431,
                0.00103593070526,
                0.000533935322892,
                0.000862086541019,
                0.00103481882252,
                0.000648506043945,
                0.00125473761,
                0.00102481618524,
                0.0007810133975,
                0.000457376503618,
                0.000528709148057,
                0.000603424559813,
                0.00062923860969,
                0.000355614902219,
                0.000290043855784,
                0.000218718327233,
                0.000122283105156,
                0.000177162466571,
                9.99377734843e-05,
                6.14333112026e-05,
                6.72276073601e-05,
                0.000103354388557,
                5.19728964719e-05,
                1.26861841636e-05,
                2.61826312453e-06
            ],
            "dmean2": [
                1.96351666091e-05,
                0.00306651298888,
                0.00357239809819,
                0.00175410031807,
                0.000862087996211,
                0.00134597648866,
                0.0015895589022,
                0.00100657285657,
                0.00195313268341,
                0.00161777401809,
                0.00120984262321,
                0.000727389939129,
                0.000834742968436,
                0.000954326300416,
                0.000962322810665,
                0.000545720919035,
                0.000443769531557,
                0.000345395586919,
                0.000194980428205,
                0.000273279525572,
                0.000155915913638,
                9.64315622696e-05,
                0.000102756035631,
                0.000154058914632,
                7.7815457189e-05,
                2.04370280699e-05,
                4.39761697635e-06
            ],
            "dvar": [
                1.28355548412e-09,
                3.15433644573e-05,
                3.11275362037e-05,
                6.65183597448e-06,
                9.85279598353e-07,
                4.38623192167e-06,
                6.55679605188e-06,
                4.84830616188e-06,
                1.14142139864e-05,
                7.47710873839e-06,
                4.13378620578e-06,
                1.90130288047e-06,
                1.66177358096e-06,
                2.61366540144e-06,
                2.69992301583e-06,
                9.26625546072e-07,
                4.30364082149e-07,
                1.59413517054e-07,
                4.53019275426e-08,
                1.24148570535e-07,
                7.99193884404e-08,
                3.35373329108e-08,
                2.08538359914e-08,
                2.34950846334e-07,
                4.93420344583e-08,
                1.6210687237e-09,
                1.4388999714e-10
            ],
            "dvar2": [
                3.16983461701e-09,
                5.66590060771e-05,
                8.94280019565e-05,
                1.83856463991e-05,
                2.59539365288e-06,
                1.03482889244e-05,
                1.4395504877e-05,
                1.14153854156e-05,
                2.57066749327e-05,
                1.76996982191e-05,
                8.93508695299e-06,
                4.45934074378e-06,
                3.58434681402e-06,
                5.82957045481e-06,
                6.11098357695e-06,
                2.05435571843e-06,
                8.77952231804e-07,
                3.72669717308e-07,
                1.11927356272e-07,
                2.8165590038e-07,
                1.75038337602e-07,
                8.16574043938e-08,
                4.61514240158e-08,
                5.22426830685e-07,
                9.98589939627e-08,
                4.17229273353e-09,
                3.85461107477e-10
            ],
            "max": [
                0.00054320320487,
                0.0539446771145,
                0.0653775334358,
                0.0445822924376,
                0.024168940261,
                0.0460229739547,
                0.0574967078865,
                0.0709707438946,
                0.0849475637078,
                0.0641413778067,
                0.050110258162,
                0.0525684691966,
                0.0408523157239,
                0.0413781106472,
                0.0393567495048,
                0.0241395533085,
                0.0221354588866,
                0.00859855674207,
                0.00518389744684,
                0.0131540065631,
                0.00955255981535,
                0.00783656351268,
                0.00488582672551,
                0.0178309381008,
                0.00879707559943,
                0.00136752380058,
                0.000551363162231
            ],
            "mean": [
                1.51989761434e-05,
                0.00270375260152,
                0.0026287487708,
                0.00146170740481,
                0.00115554162767,
                0.00178411009256,
                0.00192022521514,
                0.000996000715531,
                0.00217469176278,
                0.00177107844502,
                0.00159195251763,
                0.000772448780481,
                0.000948135682847,
                0.000940500525758,
                0.0011214367114,
                0.000596722180489,
                0.000556969258469,
                0.000440727715613,
                0.000250344543019,
                0.000382935249945,
                0.000192037186935,
                0.000122827826999,
                0.000143790486618,
                0.000171267587575,
                8.49274438224e-05,
                1.62837804965e-05,
                2.11696328734e-06
            ],
            "median": [
                2.19524508793e-06,
                0.000591826275922,
                0.00113782868721,
                0.000553626567125,
                0.000692965462804,
                0.000447965343483,
                0.000308408518322,
                0.000153916640556,
                0.000439958646894,
                0.000333414442139,
                0.000193720741663,
                0.000163356249686,
                0.000240247449256,
                0.000283430388663,
                0.000259656022536,
                0.000174860062543,
                0.000241504487349,
                0.000222419083002,
                0.000147612634464,
                0.00016854525893,
                8.37667030282e-05,
                5.67793067603e-05,
                7.37038790248e-05,
                5.9910445998e-05,
                2.69545034826e-05,
                4.00705357606e-06,
                1.15801654488e-07
            ],
            "min": [
                1.31517012629e-23,
                1.3707939709e-23,
                2.33538026919e-23,
                2.97982701173e-24,
                3.84254178488e-23,
                5.29008135112e-23,
                1.98595259573e-23,
                6.00452458953e-23,
                2.63442592099e-23,
                4.71041531391e-23,
                7.24862955009e-23,
                5.10309070878e-23,
                7.50017772901e-23,
                1.24882764992e-22,
                7.26517669644e-23,
                1.37912879123e-22,
                1.11981191012e-22,
                1.5920519421e-22,
                1.81450566866e-22,
                2.16552138224e-22,
                3.36673313548e-22,
                3.70993836878e-22,
                4.90892616536e-22,
                7.37389965209e-22,
                1.07770405485e-21,
                1.77134508168e-21,
                2.35154947543e-21
            ],
            "var": [
                1.29177912811e-09,
                4.52684180345e-05,
                2.44035363721e-05,
                6.59452871332e-06,
                2.29566262533e-06,
                1.35584614327e-05,
                2.23987553909e-05,
                9.16639874049e-06,
                2.94013498205e-05,
                2.11168426176e-05,
                1.78769896593e-05,
                4.10655229643e-06,
                4.91137961944e-06,
                5.38337189937e-06,
                6.77516163705e-06,
                1.95588859242e-06,
                1.17852982839e-06,
                4.17820217535e-07,
                1.02698621163e-07,
                3.88317658917e-07,
                1.45147723174e-07,
                5.67957556541e-08,
                4.91613931786e-08,
                3.46244661387e-07,
                1.03002982144e-07,
                1.68101144116e-09,
                1.04227286524e-10
            ]
        },
        "barkbands_crest": {
            "dmean": 2.61366224289,
            "dmean2": 4.17181253433,
            "dvar": 5.69269990921,
            "dvar2": 13.321228981,
            "max": 25.9876079559,
            "mean": 10.1287918091,
            "median": 9.22691345215,
            "min": 2.4318959713,
            "var": 18.8665981293
        },
        "barkbands_flatness_db": {
            "dmean": 0.0187887363136,
            "dmean2": 0.0287565048784,
            "dvar": 0.000333517033141,
            "dvar2": 0.000751736050006,
            "max": 0.335594445467,
            "mean": 0.141420006752,
            "median": 0.134283348918,
            "min": 0.0211845580488,
            "var": 0.00251413625665
        },
        "barkbands_kurtosis": {
            "dmean": 2.09425425529,
            "dmean2": 3.332726717,
            "dvar": 17.7585124969,
            "dvar2": 41.0655288696,
            "max": 96.2789611816,
            "mean": 2.8900873661,
            "median": 0.964181423187,
            "min": -1.95701348782,
            "var": 38.1976776123
        },
        "barkbands_skewness": {
            "dmean": 0.469877392054,
            "dmean2": 0.716325283051,
            "dvar": 0.277072906494,
            "dvar2": 0.594369769096,
            "max": 9.03957271576,
            "mean": 1.16487812996,
            "median": 0.994185447693,
            "min": -2.25288772583,
            "var": 1.26384544373
        },
        "barkbands_spread": {
            "dmean": 4.88242864609,
            "dmean2": 7.42513465881,
            "dvar": 39.3866386414,
            "dvar2": 79.7354125977,
            "max": 111.712036133,
            "mean": 21.2624988556,
            "median": 18.963602066,
            "min": 1.29682374001,
            "var": 175.853607178
        },
        "dissonance": {
            "dmean": 0.0199743490666,
            "dmean2": 0.0336562991142,
            "dvar": 0.000440605974291,
            "dvar2": 0.00121162459254,
            "max": 0.500000119209,
            "mean": 0.462988704443,
            "median": 0.471551120281,
            "min": 0.243297383189,
            "var": 0.00100371520966
        },
        "dynamic_complexity": 3.17678546906,
        "erbbands": {
            "dmean": [
                0.0489490963519,
                0.523080468178,
                2.00217700005,
                3.30699419975,
                1.88797366619,
                1.94616913795,
                3.73992061615,
                8.4503736496,
                12.1155366898,
                16.4299201965,
                13.6181716919,
                25.916223526,
                30.9750957489,
                36.3662261963,
                26.5485839844,
                16.8065834045,
                20.8188686371,
                30.6240615845,
                28.53241539,
                25.0816955566,
                17.60546875,
                14.602850914,
                12.2286958694,
                6.60754013062,
                7.01834869385,
                8.59799098969,
                3.9957280159,
                3.95426845551,
                2.18250703812,
                2.19985151291,
                1.77505040169,
                2.04937767982,
                1.6562025547,
                0.859549462795,
                0.226002067327,
                0.0652247518301,
                0.0245786756277,
                0.00499343173578,
                0.000405310303904,
                1.89461916307e-05
            ],
            "dmean2": [
                0.0703328475356,
                0.789612054825,
                3.47732329369,
                5.70463085175,
                3.12526321411,
                3.16750764847,
                5.80363845825,
                13.1807327271,
                18.6363582611,
                25.7067584991,
                20.7493400574,
                39.5001487732,
                48.0450668335,
                56.4730529785,
                40.9102745056,
                26.6475048065,
                32.4012336731,
                47.9337730408,
                42.5080718994,
                38.6597366333,
                26.0817699432,
                21.9911575317,
                19.1557197571,
                10.3629484177,
                10.9942369461,
                13.2665262222,
                6.19053077698,
                6.15682220459,
                3.40041637421,
                3.38984489441,
                2.71899437904,
                3.10365509987,
                2.46297574043,
                1.28906190395,
                0.34262752533,
                0.103619761765,
                0.0401047132909,
                0.00819629710168,
                0.000684075173922,
                2.91085743811e-05
            ],
            "dvar": [
                0.0192009247839,
                2.01054477692,
                30.5661411285,
                74.7088928223,
                15.6420040131,
                16.9782161713,
                80.7121658325,
                494.056488037,
                1045.43066406,
                2248.6340332,
                2462.61791992,
                6324.30029297,
                5502.0546875,
                9999.57128906,
                4465.84179688,
                2534.2487793,
                2620.16894531,
                6163.859375,
                6593.53857422,
                6016.61376953,
                1852.55419922,
                1018.25823975,
                557.967895508,
                122.687652588,
                197.708450317,
                297.596282959,
                87.93699646,
                166.146453857,
                45.2688751221,
                19.7258758545,
                17.3335285187,
                87.0557022095,
                60.0763969421,
                16.1803188324,
                0.623371243477,
                0.038697309792,
                0.00631645461544,
                0.000329055357724,
                3.86572173738e-06,
                3.54898621602e-09
            ],
            "dvar2": [
                0.0379358865321,
                3.81576442719,
                86.9067077637,
                208.771469116,
                43.0339202881,
                45.3998184204,
                187.136642456,
                1159.13220215,
                2259.26269531,
                5509.85009766,
                5733.54589844,
                13731.7119141,
                13415.9443359,
                23306.5292969,
                9848.38085938,
                6082.45507812,
                5485.71142578,
                13647.1357422,
                13733.6738281,
                14994.8232422,
                3718.66455078,
                2022.20153809,
                1271.83447266,
                289.743408203,
                466.617553711,
                654.612060547,
                199.753356934,
                363.524261475,
                104.555831909,
                45.0107307434,
                38.4304199219,
                200.992446899,
                130.534454346,
                34.8623046875,
                1.2003839016,
                0.0900768488646,
                0.0167308412492,
                0.00086419674335,
                1.05327926576e-05,
                9.00252494773e-09
            ],
            "max": [
                1.32007944584,
                15.2746419907,
                65.7843322754,
                111.608375549,
                55.4827041626,
                118.626785278,
                232.879272461,
                515.188842773,
                886.406005859,
                1222.80505371,
                1797.94360352,
                2680.33666992,
                1894.10668945,
                2768.41870117,
                1516.76635742,
                2301.86914062,
                1655.05187988,
                2419.25292969,
                2444.77368164,
                2308.53442383,
                1238.65429688,
                1481.22180176,
                607.357116699,
                285.261047363,
                509.896453857,
                524.988464355,
                320.325805664,
                419.55255127,
                273.385620117,
                143.108917236,
                152.753875732,
                319.366241455,
                350.005615234,
                161.574630737,
                31.8939857483,
                5.64684534073,
                2.31627869606,
                0.525524795055,
                0.0971179977059,
                0.0027323521208
            ],
            "mean": [
                0.0569475516677,
                0.708643913269,
                2.69015741348,
                4.56519031525,
                3.45247340202,
                3.96248149872,
                7.5829911232,
                17.0586471558,
                22.4221763611,
                32.2393798828,
                22.3590831757,
                45.2203140259,
                53.4167900085,
                70.9231185913,
                57.2292137146,
                31.5626487732,
                40.9915237427,
                54.6153450012,
                53.8868484497,
                46.7355232239,
                35.1884536743,
                30.6416225433,
                25.2600593567,
                15.1989622116,
                15.7229347229,
                18.613117218,
                8.44150066376,
                7.51167917252,
                4.38080596924,
                4.81004905701,
                3.74931049347,
                3.52307391167,
                2.62555170059,
                1.36534631252,
                0.371148258448,
                0.0904578194022,
                0.0304621662945,
                0.00497800437734,
                0.000348474510247,
                4.15488284489e-05
            ],
            "median": [
                0.0083641204983,
                0.181373804808,
                1.20111560822,
                2.10708236694,
                1.84805393219,
                1.99771225452,
                2.81902885437,
                3.90467119217,
                4.90602684021,
                5.03359603882,
                5.34422254562,
                9.57990074158,
                16.7112464905,
                13.686753273,
                11.5627593994,
                9.21079444885,
                12.6097831726,
                18.0183601379,
                15.9836978912,
                12.1749715805,
                12.6373138428,
                14.5593996048,
                12.8801746368,
                9.39393234253,
                9.18917655945,
                8.16932678223,
                3.9559006691,
                3.14452409744,
                2.04717826843,
                2.46248364449,
                1.89211916924,
                1.33400249481,
                0.825011014938,
                0.410217732191,
                0.123078919947,
                0.0252239108086,
                0.00709846522659,
                0.000799269240815,
                4.0865597839e-05,
                3.09162714984e-05
            ],
            "min": [
                4.72994283986e-22,
                1.86374111571e-21,
                1.67024163884e-20,
                2.18028346636e-20,
                5.9437043528e-20,
                1.4007751789e-19,
                2.30412193602e-19,
                4.45309425744e-19,
                2.80587444446e-19,
                7.35821409029e-19,
                1.30886215211e-18,
                6.32567916983e-19,
                9.45940173868e-19,
                2.66817198182e-18,
                2.71002732082e-18,
                3.22886602029e-18,
                3.96740968071e-18,
                4.73819187833e-18,
                4.90604088669e-18,
                5.26482716866e-18,
                7.15261504031e-18,
                6.95484111894e-18,
                7.3650060703e-18,
                8.57456994616e-18,
                1.10926979823e-17,
                9.37318222189e-18,
                1.06878435305e-17,
                1.64735004223e-17,
                1.02564977924e-17,
                1.35352175746e-17,
                1.34423756498e-17,
                1.33461083701e-17,
                1.39057134253e-17,
                1.10795458106e-17,
                7.41117929209e-18,
                5.49798167279e-18,
                3.6361958101e-18,
                1.1380416008e-18,
                3.05137518791e-19,
                3.87608595548e-20
            ],
            "var": [
                0.0247026830912,
                2.80722332001,
                24.7283554077,
                63.6906471252,
                22.0003261566,
                36.7596168518,
                235.300918579,
                1526.82922363,
                3248.56835938,
                7403.89208984,
                4628.46630859,
                16378.8867188,
                11638.4794922,
                31317.984375,
                17787.7988281,
                5209.65283203,
                8467.85253906,
                14923.4560547,
                19227.140625,
                11873.2382812,
                5732.5546875,
                2889.42407227,
                1417.67199707,
                359.752563477,
                497.242492676,
                954.656555176,
                180.184204102,
                291.324707031,
                79.7516021729,
                47.6725273132,
                38.6241645813,
                122.735946655,
                91.4702301025,
                30.5571460724,
                1.36572527885,
                0.0559079162776,
                0.00596266100183,
                0.000268573174253,
                2.68509324997e-06,
                3.50782602965e-09
            ]
        },
        "erbbands_crest": {
            "dmean": 2.99646234512,
            "dmean2": 4.81378507614,
            "dvar": 8.19758796692,
            "dvar2": 19.6051712036,
            "max": 32.6646728516,
            "mean": 11.2197141647,
            "median": 9.93578910828,
            "min": 2.16140723228,
            "var": 30.3158454895
        },
        "erbbands_flatness_db": {
            "dmean": 0.0175829492509,
            "dmean2": 0.0256444364786,
            "dvar": 0.000279595085885,
            "dvar2": 0.000548231415451,
            "max": 0.408981025219,
            "mean": 0.188041970134,
            "median": 0.178589701653,
            "min": 0.0570171028376,
            "var": 0.00415482046083
        },
        "erbbands_kurtosis": {
            "dmean": 1.10815167427,
            "dmean2": 1.74173390865,
            "dvar": 2.6880941391,
            "dvar2": 6.30956602097,
            "max": 56.8916435242,
            "mean": 1.12513744831,
            "median": 0.324162960052,
            "min": -1.81296432018,
            "var": 8.05179691315
        },
        "erbbands_skewness": {
            "dmean": 0.374695420265,
            "dmean2": 0.573424458504,
            "dvar": 0.130847558379,
            "dvar2": 0.287269860506,
            "max": 4.76657295227,
            "mean": 0.504829645157,
            "median": 0.447123408318,
            "min": -3.9571313858,
            "var": 0.720998883247
        },
        "erbbands_spread": {
            "dmean": 6.722219944,
            "dmean2": 10.1156549454,
            "dvar": 70.568031311,
            "dvar2": 143.975341797,
            "max": 161.414398193,
            "mean": 32.239315033,
            "median": 28.0628852844,
            "min": 1.78333497047,
            "var": 383.888549805
        },
        "gfcc": {
            "cov": [
                [
                    7001.53955078,
                    742.30645752,
                    1732.30432129,
                    1175.29992676,
                    395.313812256,
                    251.755065918,
                    -210.023696899,
                    -6.65393066406,
                    -36.3707046509,
                    102.298812866,
                    -192.212677002,
                    -98.5200881958,
                    -75.5204696655
                ],
                [
                    742.30645752,
                    1399.19067383,
                    996.484985352,
                    630.29284668,
                    279.047485352,
                    -6.90331363678,
                    50.3507499695,
                    -96.7271957397,
                    0.56937032938,
                    -60.2508621216,
                    -87.9665985107,
                    -159.064025879,
                    -30.9809780121
                ],
                [
                    1732.30432129,
                    996.484985352,
                    2176.86669922,
                    1131.68688965,
                    316.299346924,
                    33.6123847961,
                    -219.135009766,
                    -45.6590118408,
                    -24.0446681976,
                    63.0960350037,
                    -187.420501709,
                    -136.38331604,
                    -134.981063843
                ],
                [
                    1175.29992676,
                    630.29284668,
                    1131.68688965,
                    965.373657227,
                    283.45300293,
                    15.6804685593,
                    -138.033599854,
                    -43.5992164612,
                    17.7593975067,
                    21.8410339355,
                    -95.2932357788,
                    -84.1009216309,
                    -38.8215408325
                ],
                [
                    395.313812256,
                    279.047485352,
                    316.299346924,
                    283.45300293,
                    328.316070557,
                    121.898857117,
                    73.3423614502,
                    -26.1029758453,
                    -17.8236732483,
                    -13.9203147888,
                    -80.7648086548,
                    -21.5280761719,
                    -25.1079769135
                ],
                [
                    251.755065918,
                    -6.90331363678,
                    33.6123847961,
                    15.6804685593,
                    121.898857117,
                    303.795593262,
                    158.92767334,
                    -20.5617027283,
                    -64.5511550903,
                    -18.9162788391,
                    -48.1702270508,
                    -25.015838623,
                    -22.5114536285
                ],
                [
                    -210.023696899,
                    50.3507499695,
                    -219.135009766,
                    -138.033599854,
                    73.3423614502,
                    158.92767334,
                    277.857666016,
                    9.64966011047,
                    -43.2438964844,
                    -38.5796890259,
                    -20.402469635,
                    -9.22469043732,
                    -24.2136573792
                ],
                [
                    -6.65393066406,
                    -96.7271957397,
                    -45.6590118408,
                    -43.5992164612,
                    -26.1029758453,
                    -20.5617027283,
                    9.64966011047,
                    132.062332153,
                    61.5123786926,
                    18.363653183,
                    10.0496425629,
                    -5.55211687088,
                    -4.39721918106
                ],
                [
                    -36.3707046509,
                    0.56937032938,
                    -24.0446681976,
                    17.7593975067,
                    -17.8236732483,
                    -64.5511550903,
                    -43.2438964844,
                    61.5123786926,
                    136.657714844,
                    48.9808959961,
                    21.6752548218,
                    -10.1353549957,
                    5.00311183929
                ],
                [
                    102.298812866,
                    -60.2508621216,
                    63.0960350037,
                    21.8410339355,
                    -13.9203147888,
                    -18.9162788391,
                    -38.5796890259,
                    18.363653183,
                    48.9808959961,
                    112.624053955,
                    32.753238678,
                    5.86417722702,
                    -17.733669281
                ],
                [
                    -192.212677002,
                    -87.9665985107,
                    -187.420501709,
                    -95.2932357788,
                    -80.7648086548,
                    -48.1702270508,
                    -20.402469635,
                    10.0496425629,
                    21.6752548218,
                    32.753238678,
                    152.793029785,
                    58.2762298584,
                    28.3911991119
                ],
                [
                    -98.5200881958,
                    -159.064025879,
                    -136.38331604,
                    -84.1009216309,
                    -21.5280761719,
                    -25.015838623,
                    -9.22469043732,
                    -5.55211687088,
                    -10.1353549957,
                    5.86417722702,
                    58.2762298584,
                    121.011749268,
                    34.7830848694
                ],
                [
                    -75.5204696655,
                    -30.9809780121,
                    -134.981063843,
                    -38.8215408325,
                    -25.1079769135,
                    -22.5114536285,
                    -24.2136573792,
                    -4.39721918106,
                    5.00311183929,
                    -17.733669281,
                    28.3911991119,
                    34.7830848694,
                    111.985351562
                ]
            ],
            "icov": [
                [
                    0.000201756382012,
                    -7.43423443055e-05,
                    -1.34908159453e-05,
                    -0.000157432907145,
                    2.8940872653e-05,
                    -0.000277389219264,
                    0.000237163665588,
                    -0.000217851033085,
                    0.000159768693266,
                    -0.000215632899199,
                    0.000150801526615,
                    -0.000152712891577,
                    6.02494310442e-06
                ],
                [
                    -7.43423443055e-05,
                    0.00220816000365,
                    -0.0011339961784,
                    2.79248979496e-05,
                    -0.000973532674834,
                    0.00159942382015,
                    -0.00216848007403,
                    0.00201357598417,
                    -0.00131263863295,
                    0.00166428158991,
                    -0.00156029011123,
                    0.00256243674085,
                    -0.00116111582611
                ],
                [
                    -1.34908159453e-05,
                    -0.0011339961784,
                    0.00207671197131,
                    -0.00153857539408,
                    0.000589477887843,
                    -0.000899115810171,
                    0.00171486893669,
                    -0.00139126891736,
                    0.00153706758283,
                    -0.00152763957158,
                    0.00155595131218,
                    -0.00125026144087,
                    0.00159782811534
                ],
                [
                    -0.000157432907145,
                    2.79248979496e-05,
                    -0.00153857539408,
                    0.00369205325842,
                    -0.00199592090212,
                    0.000328926194925,
                    0.000643816136289,
                    0.00078797119204,
                    -0.00105348497164,
                    0.000758065376431,
                    -0.00097054761136,
                    0.00111605552956,
                    -0.000817762047518
                ],
                [
                    2.8940872653e-05,
                    -0.000973532674834,
                    0.000589477887843,
                    -0.00199592090212,
                    0.00641280552372,
                    -0.00201696529984,
                    -0.00083983852528,
                    -0.000201928865863,
                    -0.000347421941115,
                    -0.00068398140138,
                    0.00276408018544,
                    -0.00285821198486,
                    0.000705834187102
                ],
                [
                    -0.000277389219264,
                    0.00159942382015,
                    -0.000899115810171,
                    0.000328926194925,
                    -0.00201696529984,
                    0.0071833319962,
                    -0.00459390180185,
                    0.00166986812837,
                    0.000992789282463,
                    0.000114414433483,
                    -0.000839554122649,
                    0.00281045562588,
                    -0.00133657222614
                ],
                [
                    0.000237163665588,
                    -0.00216848007403,
                    0.00171486893669,
                    0.000643816136289,
                    -0.00083983852528,
                    -0.00459390180185,
                    0.00936967693269,
                    -0.00338498223573,
                    0.00218173232861,
                    -0.000304096669424,
                    0.00111997465137,
                    -0.00196772697382,
                    0.00281307706609
                ],
                [
                    -0.000217851033085,
                    0.00201357598417,
                    -0.00139126891736,
                    0.00078797119204,
                    -0.000201928865863,
                    0.00166986812837,
                    -0.00338498223573,
                    0.0122237447649,
                    -0.00652969023213,
                    0.00202882965095,
                    -0.00142320024315,
                    0.00230136024766,
                    -0.000696164614055
                ],
                [
                    0.000159768693266,
                    -0.00131263863295,
                    0.00153706758283,
                    -0.00105348497164,
                    -0.000347421941115,
                    0.000992789282463,
                    0.00218173232861,
                    -0.00652969023213,
                    0.013897604309,
                    -0.00588363455608,
                    0.000625311455224,
                    0.000662981707137,
                    -0.00034795794636
                ],
                [
                    -0.000215632899199,
                    0.00166428158991,
                    -0.00152763957158,
                    0.000758065376431,
                    -0.00068398140138,
                    0.000114414433483,
                    -0.000304096669424,
                    0.00202882965095,
                    -0.00588363455608,
                    0.0141823682934,
                    -0.00417849980295,
                    0.00108962995,
                    0.00184968148824
                ],
                [
                    0.000150801526615,
                    -0.00156029011123,
                    0.00155595131218,
                    -0.00097054761136,
                    0.00276408018544,
                    -0.000839554122649,
                    0.00111997465137,
                    -0.00142320024315,
                    0.000625311455224,
                    -0.00417849980295,
                    0.0116145536304,
                    -0.00585833610967,
                    3.16809382639e-05
                ],
                [
                    -0.000152712891577,
                    0.00256243674085,
                    -0.00125026144087,
                    0.00111605552956,
                    -0.00285821198486,
                    0.00281045562588,
                    -0.00196772697382,
                    0.00230136024766,
                    0.000662981707137,
                    0.00108962995,
                    -0.00585833610967,
                    0.0148498397321,
                    -0.00390939880162
                ],
                [
                    6.02494310442e-06,
                    -0.00116111582611,
                    0.00159782811534,
                    -0.000817762047518,
                    0.000705834187102,
                    -0.00133657222614,
                    0.00281307706609,
                    -0.000696164614055,
                    -0.00034795794636,
                    0.00184968148824,
                    3.16809382639e-05,
                    -0.00390939880162,
                    0.0122402068228
                ]
            ],
            "mean": [
                -9.48830223083,
                68.1959686279,
                -146.512512207,
                25.0431613922,
                -65.8629608154,
                18.6667003632,
                -38.609664917,
                12.4002695084,
                -22.073600769,
                -1.1404157877,
                -14.618270874,
                -5.33087587357,
                -10.6431379318
            ]
        },
        "hfc": {
            "dmean": 6.90254306793,
            "dmean2": 10.1266117096,
            "dvar": 108.372337341,
            "dvar2": 227.212158203,
            "max": 275.941772461,
            "mean": 24.967218399,
            "median": 20.3448524475,
            "min": 1.21557592381e-16,
            "var": 415.989349365
        },
        "melbands": {
            "dmean": [
                0.000521461595781,
                0.000892645562999,
                0.000511282123625,
                0.000116990020615,
                0.000119701544463,
                0.000183479205589,
                0.000196090564714,
                0.000167444435647,
                0.000113966227218,
                0.000182390605914,
                0.000158527487656,
                0.000151680636918,
                0.000103957274405,
                5.7785975514e-05,
                3.96712275688e-05,
                5.53075951757e-05,
                5.89316769037e-05,
                4.69376209367e-05,
                4.39080431534e-05,
                2.70744531008e-05,
                2.29504257732e-05,
                1.74405340658e-05,
                1.40183174153e-05,
                1.0901371752e-05,
                5.38930953553e-06,
                4.9429554565e-06,
