{
    "lowlevel": {
        "average_loudness": 0.746085107327,
        "barkbands": {
            "dmean": [
                0.000226175034186,
                0.00263525103219,
                0.00117252196651,
                0.00132479134481,
                0.00163092301227,
                0.000542341382243,
                0.000355918280547,
                0.000826765724923,
                0.000813816615846,
                0.000549070362467,
                0.000306418631226,
                0.000465687073302,
                0.000398743723053,
                0.000537060201168,
                0.000492924300488,
                0.000357652665116,
                0.000248466152698,
                0.000225810770644,
                0.000174626300577,
                0.00016950245481,
                0.000130821732455,
                0.000127282793983,
                0.000149102532305,
                0.000144924299093,
                0.000110131659312,
                5.31858822796e-05,
                2.97233837045e-05
            ],
            "dmean2": [
                0.000371581962099,
                0.00402553752065,
                0.00181299215183,
                0.00215922272764,
                0.00295485951938,
                0.000930829846766,
                0.000584242108744,
                0.00129021308385,
                0.00129156501498,
                0.000866895075887,
                0.000468868063763,
                0.000727547565475,
                0.000627940986305,
                0.000866841932293,
                0.000761603121646,
                0.000579837826081,
                0.000394186266931,
                0.00036486715544,
                0.000288269598968,
                0.000277558050584,
                0.000214922474697,
                0.000197463537916,
                0.000235935527598,
                0.000221378417336,
                0.000164013690664,
                8.35174214444e-05,
                5.04547315359e-05
            ],
            "dvar": [
                2.35272906934e-07,
                3.16021360049e-05,
                6.68639086143e-06,
                1.50713176481e-05,
                2.08216788451e-05,
                1.73720525254e-06,
                1.48979790993e-06,
                3.94785411117e-06,
                4.03154535888e-06,
                2.5802798973e-06,
                7.2727374345e-07,
                1.29621162159e-06,
                8.76828210039e-07,
                1.61388936704e-06,
                1.44453304074e-06,
                6.31836314824e-07,
                2.23501018581e-07,
                1.79239165732e-07,
                9.60291330898e-08,
                7.12222529842e-08,
                4.02372499764e-08,
                5.06966806313e-08,
                7.23952382486e-08,
                1.09464103559e-07,
                6.55955432194e-08,
                1.26789414523e-08,
                6.03271432809e-09
            ],
            "dvar2": [
                6.93425306508e-07,
                7.07834915374e-05,
                1.57888553076e-05,
                3.53619761881e-05,
                5.92030701227e-05,
                4.74475200463e-06,
                4.2030833356e-06,
                9.43276518228e-06,
                9.80309141596e-06,
                6.51658410789e-06,
                1.64093626154e-06,
                2.9337882097e-06,
                1.96898372451e-06,
                3.95548477172e-06,
                3.24978850585e-06,
                1.48280662415e-06,
                5.55871395136e-07,
                4.27876898357e-07,
                2.52827106806e-07,
                1.78793627015e-07,
                1.00953108984e-07,
                1.2276368011e-07,
                1.67670691553e-07,
                2.26372520729e-07,
                1.33028834171e-07,
                3.19807149651e-08,
                1.66251368228e-08
            ],
            "max": [
                0.00801154598594,
                0.0839987695217,
                0.0301764160395,
                0.0439350940287,
                0.0450997129083,
                0.0401635840535,
                0.0485785193741,
                0.0637630224228,
                0.0496395863593,
                0.0444884896278,
                0.0232549533248,
                0.0353346355259,
                0.0212586801499,
                0.025405401364,
                0.0365975871682,
                0.021800680086,
                0.010239366442,
                0.0121936071664,
                0.00551334396005,
                0.00906724575907,
                0.00308063277043,
                0.00460214121267,
                0.00513746356592,
                0.00785061251372,
                0.00720036914572,
                0.00198697042651,
                0.00111041078344
            ],
            "mean": [
                0.000354244053597,
                0.00458611175418,
                0.00145408534445,
                0.00133110629395,
                0.00160250847694,
                0.000717087939847,
                0.000526094809175,
                0.00135087571107,
                0.00145820027683,
                0.000974061549641,
                0.000562891247682,
                0.000876427453477,
                0.000656327407341,
                0.000955366704147,
                0.000919379468542,
                0.000679681135807,
                0.00048059609253,
                0.000457964197267,
                0.000393908994738,
                0.0004120291851,
                0.000324003893184,
                0.000307134789182,
                0.000337563746143,
                0.000331337243551,
                0.000238437904045,
                9.78572861641e-05,
                3.19557948387e-05
            ],
            "median": [
                0.000128133309772,
                0.00188267452177,
                0.000502079317812,
                0.000211602251511,
                0.000541360641364,
                0.000281677173916,
                0.000155137851834,
                0.000322146719554,
                0.000313282100251,
                0.000242903333856,
                0.000177552341484,
                0.000273219513474,
                0.00021971813112,
                0.000278324267128,
                0.000267752620857,
                0.000308166112518,
                0.000269182462944,
                0.000269293581368,
                0.000257881882135,
                0.000280990934698,
                0.000203742834856,
                0.00018743572582,
                0.000184013770195,
                0.000162543408806,
                0.000102889345726,
                3.73931616195e-05,
                7.93261278886e-06
            ],
            "min": [
                1.16391756509e-23,
                3.1503330644e-23,
                3.35246636513e-23,
                2.01092761644e-23,
                1.92353886754e-23,
                5.61123009662e-23,
                3.64525840099e-23,
                1.85114731108e-23,
                9.40489563753e-23,
                3.00675848638e-23,
                2.83753330717e-23,
                8.68893683955e-23,
                4.52073497143e-23,
                1.33978066172e-22,
                1.46323234467e-22,
                3.95944257755e-22,
                1.28013684505e-22,
                2.86692853642e-22,
                1.98390225157e-22,
                3.07383652822e-22,
                4.14671714671e-22,
                4.32929641576e-22,
                6.57914892203e-22,
                1.06065284532e-21,
                1.18541373445e-21,
                1.50569530094e-21,
                2.27858653124e-21
            ],
            "var": [
                3.51751594962e-07,
                6.32086012047e-05,
                7.67920028011e-06,
                1.50541291077e-05,
                1.39140120154e-05,
                2.09319273381e-06,
                2.06097524824e-06,
                8.12308280729e-06,
                9.20331058296e-06,
                6.02918271397e-06,
                2.18969353227e-06,
                4.29102101407e-06,
                2.03607623916e-06,
                4.25093048761e-06,
                4.15310978497e-06,
                1.68004737588e-06,
                5.35735694029e-07,
                3.993310429e-07,
                2.31348877833e-07,
                2.50153192383e-07,
                1.4216155364e-07,
                1.53445469664e-07,
                2.30125849043e-07,
                3.91776325159e-07,
                2.15267888848e-07,
                2.36129977793e-08,
                4.7707606754e-09
            ]
        },
        "barkbands_crest": {
            "dmean": 2.68804502487,
            "dmean2": 4.24813747406,
            "dvar": 6.32112979889,
            "dvar2": 14.8345375061,
            "max": 26.1390972137,
            "mean": 9.35805130005,
            "median": 8.49953937531,
            "min": 2.18330144882,
            "var": 18.6067256927
        },
        "barkbands_flatness_db": {
            "dmean": 0.0193132199347,
            "dmean2": 0.0291887819767,
            "dvar": 0.000421255623223,
            "dvar2": 0.000938568555284,
            "max": 0.401458323002,
            "mean": 0.0991852432489,
            "median": 0.0841229483485,
            "min": 0.0114527605474,
            "var": 0.00338507955894
        },
        "barkbands_kurtosis": {
            "dmean": 1.87101352215,
            "dmean2": 2.98781967163,
            "dvar": 50.2315711975,
            "dvar2": 114.037979126,
            "max": 383.436065674,
            "mean": 1.65912282467,
            "median": -0.0936735644937,
            "min": -1.95051658154,
            "var": 78.9610137939
        },
        "barkbands_skewness": {
            "dmean": 0.49941405654,
            "dmean2": 0.736219465733,
            "dvar": 0.37252831459,
            "dvar2": 0.762810707092,
            "max": 16.9857845306,
            "mean": 0.863861560822,
            "median": 0.700516045094,
            "min": -4.28290510178,
            "var": 1.27836549282
        },
        "barkbands_spread": {
            "dmean": 7.10831832886,
            "dmean2": 10.8025779724,
            "dvar": 75.0501403809,
            "dvar2": 170.651794434,
            "max": 143.253814697,
            "mean": 32.9154319763,
            "median": 30.563035965,
            "min": 0.558554649353,
            "var": 358.974639893
        },
        "dissonance": {
            "dmean": 0.0146682960913,
            "dmean2": 0.0245313420892,
            "dvar": 0.000269535259577,
            "dvar2": 0.00073242012877,
            "max": 0.500000178814,
            "mean": 0.472666203976,
            "median": 0.480646878481,
            "min": 0.215479686856,
            "var": 0.00070469873026
        },
        "dynamic_complexity": 5.66070127487,
        "erbbands": {
            "dmean": [
                0.0984595343471,
                0.555611848831,
                1.17124867439,
                3.39595103264,
                4.78209781647,
                5.49680757523,
                5.23059177399,
                4.30197906494,
                4.81473827362,
                8.56068706512,
                19.8860187531,
                16.934343338,
                15.4309129715,
                13.6402444839,
                13.3184452057,
                15.0511865616,
                17.736951828,
                20.0548782349,
                26.1879177094,
                21.196937561,
                17.8439998627,
                14.7378091812,
                12.9886255264,
                9.01695251465,
                8.56928730011,
                7.98894309998,
                5.6358757019,
                5.16702127457,
                4.59279632568,
                4.26738977432,
                4.30690193176,
                3.37668919563,
                2.42744159698,
                1.50553917885,
                0.635370969772,
                0.292426913977,
                0.0905545055866,
                0.0278168618679,
                0.00419579772279,
                0.000273054727586
            ],
            "dmean2": [
                0.148407176137,
                0.841592788696,
                1.77336418629,
                5.40286540985,
                8.38193798065,
                10.0135803223,
                9.11209392548,
                7.36912584305,
                7.99024391174,
                13.6809654236,
                30.8999710083,
                27.0623264313,
                24.0401554108,
                21.0973014832,
                21.0891189575,
                23.2619934082,
                27.5666904449,
                31.7250366211,
                39.8019256592,
                32.5157737732,
                29.1058254242,
                23.3288440704,
                20.8062458038,
                14.4420785904,
                14.3684930801,
                13.1550416946,
                9.09621620178,
                8.34703445435,
                7.18007183075,
                6.65846681595,
                6.78100061417,
                5.12309265137,
                3.78904080391,
                2.28686928749,
                0.939220488071,
                0.454587578773,
                0.144120141864,
                0.0462144240737,
                0.00708963163197,
                0.000474550615763
            ],
            "dvar": [
                0.0346278175712,
                1.73134887218,
                6.86824941635,
                86.3516921997,
                180.726043701,
                239.821105957,
                147.105377197,
                132.461456299,
                220.049102783,
                608.309204102,
                1845.78710938,
                2077.99633789,
                1456.45349121,
                1458.29443359,
                939.58001709,
                1355.94348145,
                1763.84411621,
                2192.45532227,
                3441.39892578,
                2357.34716797,
                1356.26013184,
                907.551940918,
                667.533081055,
                242.066192627,
                203.525848389,
                173.664413452,
                75.0071868896,
                67.8758926392,
                64.9316711426,
                58.8621025085,
                64.1685562134,
                48.7768325806,
                34.2434310913,
                13.4904651642,
                2.30680775642,
                0.343869566917,
                0.0443025529385,
                0.00419201469049,
                0.000117499206681,
                6.71296618293e-07
            ],
            "dvar2": [
                0.0823569819331,
                3.68520069122,
                15.5254583359,
                196.934677124,
                497.398773193,
                683.106689453,
                415.810516357,
                348.289642334,
                611.667236328,
                1609.8458252,
                4435.85839844,
                5090.85253906,
                3671.44262695,
                3561.84472656,
                2266.8894043,
                2805.69067383,
                3930.55444336,
                5365.7578125,
                7407.171875,
                5031.59326172,
                3281.36157227,
                2259.64648438,
                1620.52160645,
                581.139099121,
                556.710693359,
                431.955200195,
                185.187408447,
                172.873214722,
                155.445037842,
                141.354675293,
                145.950469971,
                101.638969421,
                73.9510650635,
                27.9592247009,
                4.91158437729,
                0.828293502331,
                0.11387398839,
                0.0112875197083,
                0.000322810694342,
                1.88382682609e-06
            ],
            "max": [
                2.10797071457,
                20.4299736023,
                31.8602256775,
                95.7272491455,
                156.947601318,
                152.971359253,
                138.720474243,
                451.735015869,
                557.23614502,
                773.579040527,
                724.565917969,
                1354.68774414,
                920.877319336,
                999.271362305,
                846.88104248,
                1361.12597656,
                1086.44421387,
                1143.35327148,
                1256.95666504,
                1442.48706055,
                910.678100586,
                723.117858887,
                873.264221191,
                496.049285889,
                217.532211304,
                493.867736816,
                167.855102539,
                108.799507141,
                147.130645752,
                170.636505127,
                178.360839844,
                153.674240112,
                151.587005615,
                91.7514801025,
                50.8406181335,
                11.7212438583,
                3.84063053131,
                0.738604128361,
                0.176336139441,
                0.0129985865206
            ],
            "mean": [
                0.170693382621,
                0.87638258934,
                1.63997507095,
                3.63319826126,
                4.35069799423,
                5.12321138382,
                6.57705783844,
                5.84490776062,
                7.3688325882,
                14.1673412323,
                34.4291229248,
                30.6901817322,
                29.5992736816,
                26.5761585236,
                25.8674907684,
                30.6945610046,
                32.4716720581,
                38.3774757385,
                52.719543457,
                43.8174705505,
                36.0845718384,
                30.3957901001,
                27.1830787659,
                21.0297298431,
                19.6983280182,
                19.2506847382,
                13.9552412033,
                12.4107637405,
                11.0453948975,
                10.0271759033,
                9.52338027954,
                7.64425706863,
                5.2418513298,
                3.17521119118,
                1.3565557003,
                0.571019589901,
                0.15157918632,
                0.0355402976274,
                0.0048965360038,
                0.000313941156492
            ],
            "median": [
                0.0620278678834,
                0.333012253046,
                0.683875083923,
                0.709979176521,
                1.15228402615,
                1.51920294762,
                2.34178256989,
                2.31776857376,
                2.94256615639,
                4.33566999435,
                9.06974983215,
                7.53919267654,
                9.55393886566,
                8.13324069977,
                9.74747371674,
                11.3209934235,
                12.1889629364,
                13.7893295288,
                17.9116420746,
                17.2752456665,
                18.2474822998,
                17.4909801483,
                16.2392482758,
                13.6107063293,
                13.7129268646,
                13.067732811,
                9.32553386688,
                7.25798034668,
                6.89769172668,
                5.97789335251,
                4.96066236496,
                3.81974673271,
                2.41178536415,
                1.34116876125,
                0.587924897671,
                0.228926435113,
                0.0556141883135,
                0.0103818327188,
                0.00139374798164,
                0.000110765060526
            ],
            "min": [
                5.74405597149e-22,
                8.98348195153e-21,
                4.05080556478e-20,
                3.93794549437e-20,
                7.82002850929e-20,
                4.17845892034e-20,
                3.49649736065e-19,
                4.65997264563e-19,
                5.98036124938e-19,
                3.57993145012e-19,
                5.06165051711e-19,
                2.35601138944e-18,
                1.31165595463e-18,
                1.21001282814e-18,
                1.48672842108e-18,
                3.52205150301e-18,
                2.47999521671e-18,
                6.19757546612e-18,
                7.20496895564e-18,
                1.21488339166e-17,
                1.88574614175e-17,
                9.1297479307e-18,
                1.49343025908e-17,
                9.26290581135e-18,
                1.33934925843e-17,
                1.36042375249e-17,
                1.46317364664e-17,
                1.74426698958e-17,
                1.53752461056e-17,
                1.5537333801e-17,
                2.0146946657e-17,
                2.29137748161e-17,
                1.73478419103e-17,
                1.0906465712e-17,
                1.03055744181e-17,
                5.68926346713e-18,
                2.81268498433e-18,
                1.28330744106e-18,
                3.34894695093e-19,
                2.9719077526e-20
            ],
            "var": [
                0.0745545551181,
                3.04819297791,
                9.00259304047,
                91.5233764648,
                130.314529419,
                159.436264038,
                148.44593811,
                165.871170044,
                303.435119629,
                1161.53137207,
                4209.77148438,
                4319.04345703,
                3645.04663086,
                4049.12280273,
                3000.5534668,
                4696.62548828,
                4473.22363281,
                5403.71826172,
                10574.8271484,
                7286.63037109,
                3650.48583984,
                2227.04467773,
                1413.72912598,
                665.128967285,
                517.764343262,
                577.593261719,
                257.777893066,
                229.572692871,
                194.643356323,
                182.064788818,
                197.592163086,
                170.800979614,
                111.247673035,
                45.0886802673,
                6.19228792191,
                0.800792574883,
                0.0651151835918,
                0.00417753588408,
                9.87570092548e-05,
                4.98230349422e-07
            ]
        },
        "erbbands_crest": {
            "dmean": 2.43982052803,
            "dmean2": 3.90394854546,
            "dvar": 6.12170648575,
            "dvar2": 14.6241369247,
            "max": 29.5332756042,
            "mean": 8.42899703979,
            "median": 7.39636611938,
            "min": 2.27184200287,
            "var": 19.4816894531
        },
        "erbbands_flatness_db": {
            "dmean": 0.0161118227988,
            "dmean2": 0.0234266854823,
            "dvar": 0.000279113155557,
            "dvar2": 0.000577011844143,
            "max": 0.366079837084,
            "mean": 0.145710781217,
            "median": 0.131079033017,
            "min": 0.0389068126678,
            "var": 0.00337982038036
        },
        "erbbands_kurtosis": {
            "dmean": 0.855048060417,
            "dmean2": 1.32026875019,
            "dvar": 1.71381783485,
            "dvar2": 3.65714454651,
            "max": 41.0456924438,
            "mean": 0.625392854214,
            "median": 0.0580369159579,
            "min": -1.81558537483,
            "var": 4.31521654129
        },
        "erbbands_skewness": {
            "dmean": 0.327914178371,
            "dmean2": 0.48997554183,
            "dvar": 0.112986214459,
            "dvar2": 0.226777940989,
            "max": 5.77986383438,
            "mean": 0.0953624397516,
            "median": 0.0366716682911,
            "min": -4.13576555252,
            "var": 0.607655704021
        },
        "erbbands_spread": {
            "dmean": 7.69539213181,
            "dmean2": 11.6451635361,
            "dvar": 79.6150970459,
            "dvar2": 180.219116211,
            "max": 133.223022461,
            "mean": 35.5098571777,
            "median": 32.9722366333,
            "min": 1.82266819477,
            "var": 279.011993408
        },
        "gfcc": {
            "cov": [
                [
                    31767.8886719,
                    -2879.3671875,
                    1641.77319336,
                    2723.72680664,
                    525.204223633,
                    1845.51721191,
                    947.640014648,
                    1209.53027344,
                    485.25,
                    642.672119141,
                    -150.513687134,
                    163.443191528,
                    -186.65625
                ],
                [
                    -2879.3671875,
                    1622.89904785,
                    -611.91003418,
                    -403.104858398,
                    63.4340782166,
                    -399.398284912,
                    -53.9929161072,
                    -206.316726685,
                    -47.7842063904,
                    -138.165802002,
                    47.8297119141,
                    -111.187995911,
                    11.1985750198
                ],
                [
                    1641.77319336,
                    -611.91003418,
                    1050.50183105,
                    511.741577148,
                    285.956237793,
                    336.215637207,
                    186.594085693,
                    226.922805786,
                    109.212837219,
                    138.232513428,
                    25.2075824738,
                    89.5968704224,
                    -16.4944019318
                ],
                [
                    2723.72680664,
                    -403.104858398,
                    511.741577148,
                    735.989440918,
                    320.286499023,
                    279.05178833,
                    188.424789429,
                    196.919250488,
                    155.866012573,
                    103.011192322,
                    9.80338764191,
                    67.3969726563,
                    0.398443996906
                ],
                [
                    525.204223633,
                    63.4340782166,
                    285.956237793,
                    320.286499023,
                    483.517456055,
                    159.156799316,
                    222.225906372,
                    134.624664307,
                    138.153152466,
                    76.2116394043,
                    28.5862522125,
                    14.0467023849,
                    11.0880231857
                ],
                [
                    1845.51721191,
                    -399.398284912,
                    336.215637207,
                    279.05178833,
                    159.156799316,
                    417.560272217,
                    206.093414307,
                    213.353317261,
                    100.546699524,
                    116.946678162,
                    7.27625322342,
                    36.6540870667,
                    -17.3245658875
                ],
                [
                    947.640014648,
                    -53.9929161072,
                    186.594085693,
                    188.424789429,
                    222.225906372,
                    206.093414307,
                    309.58203125,
                    167.916549683,
                    107.675888062,
                    81.5439300537,
                    32.9209022522,
                    16.9497795105,
                    -1.8452899456
                ],
                [
                    1209.53027344,
                    -206.316726685,
                    226.922805786,
                    196.919250488,
                    134.624664307,
                    213.353317261,
                    167.916549683,
                    273.555328369,
                    152.215652466,
                    102.578437805,
                    15.1884794235,
                    27.4359169006,
                    3.8529753685
                ],
                [
                    485.25,
                    -47.7842063904,
                    109.212837219,
                    155.866012573,
                    138.153152466,
                    100.546699524,
                    107.675888062,
                    152.215652466,
                    208.841247559,
                    87.5080413818,
                    22.0381603241,
                    14.9915018082,
                    10.6702337265
                ],
                [
                    642.672119141,
                    -138.165802002,
                    138.232513428,
                    103.011192322,
                    76.2116394043,
                    116.946678162,
                    81.5439300537,
                    102.578437805,
                    87.5080413818,
                    123.259674072,
                    35.1434135437,
                    22.0743141174,
                    2.23528385162
                ],
                [
                    -150.513687134,
                    47.8297119141,
                    25.2075824738,
                    9.80338764191,
                    28.5862522125,
                    7.27625322342,
                    32.9209022522,
                    15.1884794235,
                    22.0381603241,
                    35.1434135437,
                    82.0960617065,
                    33.662071228,
                    7.97482156754
                ],
                [
                    163.443191528,
                    -111.187995911,
                    89.5968704224,
                    67.3969726563,
                    14.0467023849,
                    36.6540870667,
                    16.9497795105,
                    27.4359169006,
                    14.9915018082,
                    22.0743141174,
                    33.662071228,
                    91.9102554321,
                    31.1036911011
                ],
                [
                    -186.65625,
                    11.1985750198,
                    -16.4944019318,
                    0.398443996906,
                    11.0880231857,
                    -17.3245658875,
                    -1.8452899456,
                    3.8529753685,
                    10.6702337265,
                    2.23528385162,
                    7.97482156754,
                    31.1036911011,
                    80.6491317749
                ]
            ],
            "icov": [
                [
                    6.35224787402e-05,
                    1.76657849806e-05,
                    7.32265471015e-05,
                    -0.000257187668467,
                    0.000122475204989,
                    -9.34383351705e-05,
                    -5.94269004068e-05,
                    -0.000120499491459,
                    0.00014468592417,
                    -0.000175994660822,
                    0.000142817225424,
                    2.71949375019e-05,
                    8.94236000022e-05
                ],
                [
                    1.76657849806e-05,
                    0.00128004245926,
                    0.000435300345998,
                    0.000299871870084,
                    -0.00078816676978,
                    0.000755701854359,
                    -0.000323897547787,
                    7.74784130044e-05,
                    -0.000232184669585,
                    0.000871039635967,
                    -0.00129601405933,
                    0.00105250638444,
                    -6.09105591138e-05
                ],
                [
                    7.32265471015e-05,
                    0.000435300345998,
                    0.00200396589935,
                    -0.000906055793166,
                    -0.00063230691012,
                    -0.000310729898047,
                    0.000175451656105,
                    -0.000712909095455,
                    0.000870463089086,
                    -0.00071820669109,
                    -2.65874714387e-05,
                    -0.00070957018761,
                    0.000762645096984
                ],
                [
                    -0.000257187668467,
                    0.000299871870084,
                    -0.000906055793166,
                    0.00397985940799,
                    -0.00184766913299,
                    -0.000160294090165,
                    0.000368415901903,
                    0.000573590456042,
                    -0.0015913475072,
                    0.00130154727958,
                    -0.000111386318167,
                    -0.00111086829565,
                    -2.73225214187e-05
                ],
                [
                    0.000122475204989,
                    -0.00078816676978,
                    -0.00063230691012,
                    -0.00184766913299,
                    0.00496086524799,
                    -0.000341289065545,
                    -0.00227379915304,
                    0.000593712436967,
                    -0.000954138988163,
                    -0.000585290894378,
                    0.0004517416819,
                    0.000814532570075,
                    -0.000779386318754
                ],
                [
                    -9.34383351705e-05,
                    0.000755701854359,
                    -0.000310729898047,
                    -0.000160294090165,
                    -0.000341289065545,
                    0.0065403720364,
                    -0.00218413909897,
                    -0.00216875830665,
                    0.00115041329991,
                    -0.00194791250397,
                    0.000914587872103,
                    -0.000432037020801,
                    0.00109954434447
                ],
                [
                    -5.94269004068e-05,
                    -0.000323897547787,
                    0.000175451656105,
                    0.000368415901903,
                    -0.00227379915304,
                    -0.00218413909897,
                    0.00737259350717,
                    -0.00218150531873,
                    0.000103258593299,
                    0.000254081329331,
                    -0.00188003643416,
                    0.000365716812667,
                    8.19919005153e-05
                ],
                [
                    -0.000120499491459,
                    7.74784130044e-05,
                    -0.000712909095455,
                    0.000573590456042,
                    0.000593712436967,
                    -0.00216875830665,
                    -0.00218150531873,
                    0.0104133039713,
                    -0.00518446881324,
                    -0.00098470703233,
                    0.00083356682444,
                    -0.000307510927087,
                    -0.000783802825026
                ],
                [
                    0.00014468592417,
                    -0.000232184669585,
                    0.000870463089086,
                    -0.0015913475072,
                    -0.000954138988163,
                    0.00115041329991,
                    0.000103258593299,
                    -0.00518446881324,
                    0.0109080998227,
                    -0.00485857529566,
                    0.000533812388312,
                    0.000286206486635,
                    -0.000290346739348
                ],
                [
                    -0.000175994660822,
                    0.000871039635967,
                    -0.00071820669109,
                    0.00130154727958,
                    -0.000585290894378,
                    -0.00194791250397,
                    0.000254081329331,
                    -0.00098470703233,
                    -0.00485857529566,
                    0.0178174246103,
                    -0.00723060546443,
                    0.00163544365205,
                    -0.000733478693292
                ],
                [
                    0.000142817225424,
                    -0.00129601405933,
                    -2.65874714387e-05,
                    -0.000111386318167,
                    0.0004517416819,
                    0.000914587872103,
                    -0.00188003643416,
                    0.00083356682444,
                    0.000533812388312,
                    -0.00723060546443,
                    0.0197417810559,
                    -0.00828403327614,
                    0.00192966044415
                ],
                [
                    2.71949375019e-05,
                    0.00105250638444,
                    -0.00070957018761,
                    -0.00111086829565,
                    0.000814532570075,
                    -0.000432037020801,
                    0.000365716812667,
                    -0.000307510927087,
                    0.000286206486635,
                    0.00163544365205,
                    -0.00828403327614,
                    0.0185925569385,
                    -0.00683915056288
                ],
                [
                    8.94236000022e-05,
                    -6.09105591138e-05,
                    0.000762645096984,
                    -2.73225214187e-05,
                    -0.000779386318754,
                    0.00109954434447,
                    8.19919005153e-05,
                    -0.000783802825026,
                    -0.000290346739348,
                    -0.000733478693292,
                    0.00192966044415,
                    -0.00683915056288,
                    0.0156591627747
                ]
            ],
            "mean": [
                -23.0754699707,
                53.1594085693,
                -122.798660278,
                20.0752334595,
                -55.0940322876,
                14.5726051331,
                -38.2987785339,
                9.104139328,
                -21.3554058075,
                1.95245957375,
                -16.7565841675,
                -1.36676669121,
                -11.2066774368
            ]
        },
        "hfc": {
            "dmean": 7.07570409775,
            "dmean2": 10.6526708603,
            "dvar": 116.430480957,
            "dvar2": 259.425231934,
            "max": 202.069641113,
            "mean": 29.6358795166,
            "median": 23.0177593231,
            "min": 1.12861608038e-16,
            "var": 799.390075684
        },
        "melbands": {
            "dmean": [
                0.000790184712969,
                0.000625025830232,
                0.000572212040424,
                0.000379970413633,
                0.000191238694242,
                9.70112232608e-05,
                7.2413997259e-05,
                0.000119796983199,
                0.000165909863426,
                0.000107019761344,
                8.17097825347e-05,
                6.21092112851e-05,
                4.03437079513e-05,
                4.95254353154e-05,
                4.3053758418e-05,
                4.25342295785e-05,
                4.26096266892e-05,
                4.87638826598e-05,
                4.03121484851e-05,
                2.67879349849e-05,
                2.04565549211e-05,
                1.69566628756e-05,
                1.32889363158e-05,
                1.03520787889e-05,
                7.92626997281e-06,
                6.88698992235e-06,
