{
    "lowlevel": {
        "average_loudness": 0.880176723003,
        "barkbands": {
            "dmean": [
                0.000338009092957,
                0.00935998838395,
                0.0038702187594,
                0.00197771238163,
                0.00117569067515,
                0.000512623926625,
                0.000400411867304,
                0.000404639809858,
                0.000175010893145,
                0.000500702357385,
                0.0004215836816,
                0.000376685959054,
                0.000194955762709,
                0.000273863814073,
                0.000620687787887,
                0.000176675719558,
                0.000213331746636,
                0.000266050134087,
                0.000198877882212,
                0.000266956165433,
                0.000319898157613,
                8.06351017673e-05,
                0.000108519481728,
                0.000123393270769,
                0.000108577485662,
                5.83579931117e-05,
                1.05668195829e-05
            ],
            "dmean2": [
                0.000468418962555,
                0.0152823543176,
                0.00689828582108,
                0.00377649953589,
                0.00206625135615,
                0.000824827176984,
                0.000629109563306,
                0.000648166460451,
                0.000279515632428,
                0.000744245538954,
                0.000642900937237,
                0.000598089362029,
                0.000307704729494,
                0.000446483143605,
                0.00099260697607,
                0.000282341788989,
                0.00034794738167,
                0.000433353969129,
                0.000318147271173,
                0.000430133455666,
                0.000503535149619,
                0.000126813261886,
                0.000169194579939,
                0.000187371682841,
                0.000159616436576,
                8.83365937625e-05,
                1.58853872563e-05
            ],
            "dvar": [
                6.0913220068e-07,
                0.000449742336059,
                0.000167571444763,
                6.18620251771e-05,
                1.23696927403e-05,
                1.268623123e-06,
                8.6028410351e-07,
                2.17267029257e-06,
                2.09343014035e-07,
                1.29454122089e-06,
                1.63151196375e-06,
                1.40614190514e-06,
                2.95113608217e-07,
                4.01087703494e-07,
                3.15224065162e-06,
                2.09461049394e-07,
                2.20893483061e-07,
                2.67784997732e-07,
                1.5692414479e-07,
                2.44078790956e-07,
                2.98315910641e-07,
                2.5870681597e-08,
                4.58611175702e-08,
                6.59688765836e-08,
                5.07766344526e-08,
                1.42420644167e-08,
                8.54442350207e-10
            ],
            "dvar2": [
                1.16542321393e-06,
                0.00113610806875,
                0.000451842322946,
                0.000180928385817,
                3.52870702045e-05,
                3.22545088238e-06,
                2.02097362489e-06,
                5.25865470991e-06,
                4.37586550106e-07,
                2.59001717495e-06,
                3.57801559403e-06,
                3.50125696968e-06,
                6.90343426868e-07,
                1.0042847407e-06,
                7.88082707004e-06,
                5.10603342718e-07,
                5.66139874536e-07,
                7.05905279119e-07,
                3.91051656834e-07,
                6.36819549982e-07,
                7.23197047137e-07,
                5.96974771838e-08,
                1.06344074879e-07,
                1.40922736591e-07,
                1.02412144543e-07,
                3.1059052219e-08,
                1.92402094257e-09
            ],
            "max": [
                0.0105785112828,
                0.207999020815,
                0.115456789732,
                0.0798351913691,
                0.0335085168481,
                0.018195560202,
                0.0188456047326,
                0.0385021716356,
                0.0164261702448,
                0.0381680466235,
                0.0329315066338,
                0.0351816378534,
                0.0134012782946,
                0.0138967921957,
                0.0444351024926,
                0.00820271298289,
                0.0125036407262,
                0.00991617050022,
                0.0088773611933,
                0.0114949150011,
                0.0167038962245,
                0.00236381101422,
                0.00482884701341,
                0.00504299951717,
                0.00669587822631,
                0.00220579723828,
                0.00104034366086
            ],
            "mean": [
                0.000473938009236,
                0.0129884025082,
                0.00291670695879,
                0.00132982060313,
                0.00130795384757,
                0.000924192660023,
                0.000651478534564,
                0.000582110485993,
                0.000248896452831,
                0.000948443484958,
                0.000807391945273,
                0.00056395563297,
                0.000294530793326,
                0.000428951927461,
                0.00104776222724,
                0.000278282619547,
                0.000372409092961,
                0.000494422798511,
                0.000392070331145,
                0.000543889007531,
                0.000656830321532,
                0.000154225883307,
                0.000221356953261,
                0.000260273722233,
                0.000198760360945,
                9.13172625587e-05,
                2.08334477065e-05
            ],
            "median": [
                3.6123310565e-05,
                0.00421535596251,
                0.00041982831317,
                0.000235235260334,
                0.000438728835434,
                0.000294465018669,
                0.000200040143682,
                0.000111011038825,
                7.45866491343e-05,
                0.000252946221735,
                8.85490153451e-05,
                0.000187199097127,
                6.8901994382e-05,
                0.000107746745925,
                0.000143298326293,
                7.28190207155e-05,
                0.000111892106361,
                0.000163474818692,
                0.000153782399138,
                0.000258771120571,
                0.000275049649645,
                6.25879256404e-05,
                0.000104772298073,
                0.000123379228171,
                8.95315897651e-05,
                2.55530758295e-05,
                4.99857014802e-06
            ],
            "min": [
                7.6860406158e-24,
                4.45019029611e-23,
                1.11488354894e-23,
                6.98442930442e-24,
                9.54766715515e-24,
                7.8120056096e-23,
                5.09460256544e-23,
                5.19650761717e-23,
                8.07980747862e-23,
                6.49338737229e-23,
                1.00545762355e-22,
                1.66545462892e-22,
                5.41903265676e-23,
                4.65886009831e-23,
                1.27819258691e-22,
                1.30209002363e-22,
                1.52256781139e-22,
                2.76595055402e-22,
                2.97578856455e-22,
                3.34335786157e-22,
                3.49875841119e-22,
                4.93978791859e-22,
                8.17631179927e-22,
                6.63693493971e-22,
                1.33120219696e-21,
                1.49590666045e-21,
                2.31810964904e-21
            ],
            "var": [
                1.09448285457e-06,
                0.000568632443901,
                0.000112809371785,
                3.37195669999e-05,
                9.03466843738e-06,
                2.82885957859e-06,
                1.61239290719e-06,
                4.69784663437e-06,
                4.22266424494e-07,
                4.8515380513e-06,
                6.70172676109e-06,
                2.14073679672e-06,
                5.9800697727e-07,
                7.75757428073e-07,
                7.62846229918e-06,
                3.70949720718e-07,
                4.94615392199e-07,
                7.32136754777e-07,
                4.2260720079e-07,
                6.12820031165e-07,
                9.34170714117e-07,
                5.64372122369e-08,
                1.03880871904e-07,
                1.68309000514e-07,
                1.22950012837e-07,
                2.73590394784e-08,
                2.43943465428e-09
            ]
        },
        "barkbands_crest": {
            "dmean": 3.22649431229,
            "dmean2": 5.0190987587,
            "dvar": 9.05457305908,
            "dvar2": 20.9522762299,
            "max": 26.9336853027,
            "mean": 12.4179992676,
            "median": 11.5325231552,
            "min": 2.4116165638,
            "var": 32.0719604492
        },
        "barkbands_flatness_db": {
            "dmean": 0.0276453848928,
            "dmean2": 0.0427432209253,
            "dvar": 0.00093603861751,
            "dvar2": 0.00195430871099,
            "max": 0.521378576756,
            "mean": 0.131557777524,
            "median": 0.11415477097,
            "min": 0.020151372999,
            "var": 0.00486838072538
        },
        "barkbands_kurtosis": {
            "dmean": 8.73244667053,
            "dmean2": 13.8980484009,
            "dvar": 2629.73706055,
            "dvar2": 5907.25390625,
            "max": 2134.64526367,
            "mean": 9.67174720764,
            "median": 0.625014066696,
            "min": -1.98531389236,
            "var": 3830.87573242
        },
        "barkbands_skewness": {
            "dmean": 0.877424120903,
            "dmean2": 1.31365597248,
            "dvar": 2.12342190742,
            "dvar2": 4.41701507568,
            "max": 41.7699241638,
            "mean": 1.62076258659,
            "median": 1.13450527191,
            "min": -9.77352333069,
            "var": 5.70646905899
        },
        "barkbands_spread": {
            "dmean": 9.15379047394,
            "dmean2": 14.3936958313,
            "dvar": 120.979141235,
            "dvar2": 274.300964355,
            "max": 165.956802368,
            "mean": 34.3934936523,
            "median": 31.4914283752,
            "min": 0.089422814548,
            "var": 578.878845215
        },
        "dissonance": {
            "dmean": 0.0175155568868,
            "dmean2": 0.0289246365428,
            "dvar": 0.000441268814029,
            "dvar2": 0.00110524706542,
            "max": 0.499999940395,
            "mean": 0.464862376451,
            "median": 0.475592911243,
            "min": 0.048001114279,
            "var": 0.00121383951046
        },
        "dynamic_complexity": 4.23270702362,
        "erbbands": {
            "dmean": [
                0.282319873571,
                2.15140128136,
                4.14914798737,
                5.85730409622,
                5.47112226486,
                3.22727632523,
                3.51079320908,
                4.03519248962,
                5.78469944,
                6.97054767609,
                8.66242027283,
                3.60552406311,
                12.0347213745,
                15.0046977997,
                15.8895921707,
                15.9263601303,
                8.57006263733,
                14.9842834473,
                30.8579616547,
                17.628446579,
                9.07646274567,
                10.7828702927,
                11.987622261,
                12.3854207993,
                8.8661775589,
                11.3834953308,
                18.6729431152,
                5.0336971283,
                2.73157453537,
                3.33764147758,
                3.1736638546,
                2.77122998238,
                2.00682497025,
                1.35598349571,
                0.714749217033,
                0.322642475367,
                0.10039563477,
                0.0146389929578,
                0.00165549968369,
                0.000117011346447
            ],
            "dmean2": [
                0.455642610788,
                3.49898743629,
                6.90778541565,
                10.8084144592,
                10.1160840988,
                5.61811161041,
                5.58777856827,
                6.53342199326,
                8.9900302887,
                11.1786260605,
                13.8619318008,
                5.64325904846,
                17.703250885,
                22.9324855804,
                24.4800891876,
                25.1069469452,
                13.386636734,
                24.0392093658,
                48.9715766907,
                28.5287666321,
                14.3829345703,
                17.525636673,
                19.5793495178,
                19.869977951,
                14.0090818405,
                18.1198177338,
                29.3123550415,
                7.708963871,
                4.27267122269,
                5.33196496964,
                4.94869089127,
                4.26487112045,
                3.06681275368,
                2.01238584518,
                1.06382954121,
                0.488910019398,
                0.153676092625,
                0.0217870678753,
                0.00251570437104,
                0.000172058353201
            ],
            "dvar": [
                0.328956723213,
                26.9291095734,
                155.285415649,
                468.971923828,
                377.181274414,
                89.4679489136,
                102.867713928,
                81.4897232056,
                155.336990356,
                621.44354248,
                1356.18322754,
                102.600593567,
                1061.5579834,
                1136.13989258,
                2218.75048828,
                1996.59143066,
                562.284301758,
                1070.86901855,
                10830.3808594,
                2121.78637695,
                385.890350342,
                710.690307617,
                609.211425781,
                519.505493164,
                397.165161133,
                465.924468994,
                988.106262207,
                119.441757202,
                32.1480751038,
                46.9712333679,
                37.5457992554,
                30.3624286652,
                20.1223697662,
                7.66583490372,
                2.40923476219,
                0.47940081358,
                0.0413105376065,
                0.00109229190275,
                2.0581028366e-05,
                1.07485611522e-07
            ],
            "dvar2": [
                0.82636487484,
                65.0801086426,
                386.199432373,
                1339.72570801,
                1092.49633789,
                250.711975098,
                260.509674072,
                208.716323853,
                355.262054443,
                1631.7791748,
                3151.64794922,
                209.328353882,
                2082.23364258,
                2457.36791992,
                5309.44091797,
                4940.88818359,
                1265.10949707,
                2626.08569336,
                27019.7675781,
                5304.83007812,
                955.191223145,
                1852.17041016,
                1606.07653809,
                1317.19006348,
                978.758911133,
                1193.09594727,
                2459.4934082,
                257.991699219,
                75.2042999268,
                113.541351318,
                84.29246521,
                68.9775238037,
                41.8299636841,
                15.333117485,
                5.03487730026,
                1.05606245995,
                0.0914368927479,
                0.00239302194677,
                4.80802846141e-05,
                2.36899325046e-07
            ],
            "max": [
                5.83993864059,
                51.2637252808,
                107.227241516,
                184.320373535,
                188.53237915,
                135.030090332,
                169.66734314,
                156.26625061,
                245.700790405,
                620.771972656,
                1090.49926758,
                517.309326172,
                1491.65222168,
                799.172729492,
                935.901550293,
                1603.45544434,
                642.862670898,
                710.262023926,
                2734.29492188,
                837.017211914,
                498.35559082,
                853.072875977,
                455.924865723,
                584.800231934,
                578.283752441,
                726.95526123,
                1044.31237793,
                451.957702637,
                95.6154098511,
                107.453735352,
                154.863555908,
                128.834609985,
                99.5591125488,
                81.7158966064,
                50.154586792,
                15.766582489,
                3.11914849281,
                0.782556355,
                0.14447067678,
                0.0149180814624
            ],
            "mean": [
                0.413522571325,
                2.70297884941,
                3.82851648331,
                4.26060390472,
                4.42932510376,
                3.78078722954,
                5.25745201111,
                7.25417995453,
                11.175994873,
                9.43262004852,
                13.1301755905,
                5.9437122345,
                24.1089191437,
                28.4201927185,
                30.7781410217,
                25.9214897156,
                14.8850641251,
                26.0970039368,
                51.1018638611,
                31.6692466736,
                16.9383296967,
                19.4647483826,
                22.2008018494,
                25.1303348541,
                18.8738288879,
                25.7659454346,
                41.1837158203,
                11.4237661362,
                5.39896535873,
                6.17264938354,
                6.55194330215,
                5.60933971405,
                4.1370267868,
                2.58577680588,
                1.21844983101,
                0.496542930603,
                0.154236167669,
                0.025807088241,
                0.003074365668,
                0.000268512958428
            ],
            "median": [
                0.0946225821972,
                0.928677678108,
                0.824861347675,
                0.794857144356,
                0.972229480743,
                1.14279997349,
                1.50570273399,
                2.18034815788,
                3.11643600464,
                2.17901492119,
                2.62942957878,
                2.23029470444,
                6.62577581406,
                6.99321079254,
                5.47670650482,
                9.87932395935,
                4.57801675797,
                7.65225219727,
                7.26110363007,
                7.43641281128,
                6.03454303741,
                5.97303628922,
                8.06137084961,
                10.0691375732,
                7.46483516693,
                12.9477748871,
                17.0523757935,
                5.69750499725,
                2.36272525787,
                2.52419257164,
                3.25726222992,
                2.75775957108,
                1.88094508648,
                1.22204995155,
                0.470977067947,
                0.144146800041,
                0.0421212427318,
                0.00615726690739,
                0.000719260366168,
                8.94624972716e-05
            ],
            "min": [
                2.91226827277e-21,
                3.1068839184e-21,
                7.30343531438e-21,
                2.98834312051e-20,
                1.58151537059e-20,
                4.34807650547e-20,
                1.53235350647e-19,
                6.85548008036e-19,
                8.59559098367e-19,
                9.81326960473e-19,
                9.87393813278e-19,
                1.41095619543e-18,
                2.81862455472e-18,
                3.20549113695e-18,
                5.08178367963e-18,
                4.8318357547e-18,
                2.8976465662e-18,
                2.24468797504e-18,
                4.63555985742e-18,
                7.38538035596e-18,
                6.0912360217e-18,
                8.51997685291e-18,
                1.82270935425e-17,
                1.66583604e-17,
                1.38115935065e-17,
                1.21365279506e-17,
                1.42634839295e-17,
                1.38426309774e-17,
                1.94420067953e-17,
                1.66221249261e-17,
                2.61788171669e-17,
                1.4518406105e-17,
                1.22956526851e-17,
                1.26330819908e-17,
                1.0404947761e-17,
                4.90960396717e-18,
                3.15255302531e-18,
                1.11539701454e-18,
                3.26434524432e-19,
                3.5969079751e-20
            ],
            "var": [
                0.568754196167,
                29.9917068481,
                130.090179443,
                274.021057129,
                221.258636475,
                83.9390563965,
                151.891098022,
                201.452636719,
                464.573394775,
                989.683044434,
                2987.84155273,
                213.050460815,
                5029.31689453,
                3473.01879883,
                7621.57666016,
                3373.3972168,
                1320.28356934,
                2476.88061523,
                25295.0039062,
                4861.19091797,
                876.082885742,
                1445.96386719,
                1514.32592773,
                1438.05932617,
                1085.59130859,
                1279.89892578,
                3518.42333984,
                328.816864014,
                69.4747085571,
                88.7767791748,
                90.1617736816,
                71.5642623901,
                48.2674026489,
                18.8189411163,
                5.49704360962,
                0.911801874638,
                0.0734051689506,
                0.00271861278452,
                5.38573694939e-05,
                3.39672340033e-07
            ]
        },
        "erbbands_crest": {
            "dmean": 3.04647064209,
            "dmean2": 4.84915590286,
            "dvar": 9.06706142426,
            "dvar2": 21.3018913269,
            "max": 32.5925636292,
            "mean": 10.3808021545,
            "median": 8.9907875061,
            "min": 2.03723931313,
            "var": 30.6894321442
        },
        "erbbands_flatness_db": {
            "dmean": 0.0193279068917,
            "dmean2": 0.0276987440884,
            "dvar": 0.0004089330032,
            "dvar2": 0.000780829577707,
            "max": 0.420966625214,
            "mean": 0.142159819603,
            "median": 0.135887622833,
            "min": 0.0255462341011,
            "var": 0.00286356103607
        },
        "erbbands_kurtosis": {
            "dmean": 1.49756360054,
            "dmean2": 2.30412387848,
            "dvar": 17.7738285065,
            "dvar2": 36.562713623,
            "max": 157.820510864,
            "mean": 1.34705615044,
            "median": 0.0560524463654,
            "min": -1.9441536665,
            "var": 37.8566436768
        },
        "erbbands_skewness": {
            "dmean": 0.448294490576,
            "dmean2": 0.671303749084,
            "dvar": 0.315258771181,
            "dvar2": 0.641378581524,
            "max": 11.2032375336,
            "mean": 0.0959759652615,
            "median": 0.0300237908959,
            "min": -7.0228061676,
            "var": 1.21803724766
        },
        "erbbands_spread": {
            "dmean": 11.0251331329,
            "dmean2": 16.504108429,
            "dvar": 178.654281616,
            "dvar2": 394.339355469,
            "max": 205.467437744,
            "mean": 42.6832542419,
            "median": 38.3326797485,
            "min": 1.5500241518,
            "var": 525.918457031
        },
        "gfcc": {
            "cov": [
                [
                    24824.1972656,
                    234.261077881,
                    -706.070373535,
                    1343.02880859,
                    292.069946289,
                    672.957336426,
                    -6.25881195068,
                    466.400360107,
                    -15.5543899536,
                    512.149597168,
                    -40.8410148621,
                    177.327270508,
                    -166.710296631
                ],
                [
                    234.261077881,
                    1520.78564453,
                    156.846832275,
                    48.2383346558,
                    82.8717269897,
                    -94.5963287354,
                    82.01512146,
                    -26.4067878723,
                    -41.057182312,
                    -42.7601623535,
                    26.0521507263,
                    -96.5662002563,
                    67.8891143799
                ],
                [
                    -706.070373535,
                    156.846832275,
                    1368.09741211,
                    382.622131348,
                    250.360336304,
                    184.766967773,
                    74.2163925171,
                    76.3741455078,
                    143.573379517,
                    -25.6509513855,
                    -20.5726509094,
                    53.7687644958,
                    -92.9956588745
                ],
                [
                    1343.02880859,
                    48.2383346558,
                    382.622131348,
                    654.001708984,
                    260.516571045,
                    110.200630188,
                    100.644371033,
                    110.875671387,
                    81.1694717407,
                    34.3624687195,
                    36.6619415283,
                    39.3316688538,
                    5.78406143188
                ],
                [
                    292.069946289,
                    82.8717269897,
                    250.360336304,
                    260.516571045,
                    525.881225586,
                    209.576019287,
                    234.957321167,
                    83.7425003052,
                    122.561065674,
                    63.9712562561,
                    27.3441581726,
                    15.4532060623,
                    48.2153892517
                ],
                [
                    672.957336426,
                    -94.5963287354,
                    184.766967773,
                    110.200630188,
                    209.576019287,
                    367.346069336,
                    172.69329834,
                    65.8747406006,
                    68.9250106812,
                    78.8590240479,
                    26.021074295,
                    14.8548603058,
                    1.0261374712
                ],
                [
                    -6.25881195068,
                    82.01512146,
                    74.2163925171,
                    100.644371033,
                    234.957321167,
                    172.69329834,
                    289.768829346,
                    53.892250061,
                    81.0729751587,
                    54.2520713806,
                    43.9613571167,
                    10.8582811356,
                    21.173784256
                ],
                [
                    466.400360107,
                    -26.4067878723,
                    76.3741455078,
                    110.875671387,
                    83.7425003052,
                    65.8747406006,
                    53.892250061,
                    219.48815918,
                    80.7497940063,
                    32.5864982605,
                    23.1335582733,
                    1.91210818291,
                    12.5421104431
                ],
                [
                    -15.5543899536,
                    -41.057182312,
                    143.573379517,
                    81.1694717407,
                    122.561065674,
                    68.9250106812,
                    81.0729751587,
                    80.7497940063,
                    197.370437622,
                    66.9135131836,
                    18.1055240631,
                    25.0059185028,
                    -9.19709205627
                ],
                [
                    512.149597168,
                    -42.7601623535,
                    -25.6509513855,
                    34.3624687195,
                    63.9712562561,
                    78.8590240479,
                    54.2520713806,
                    32.5864982605,
                    66.9135131836,
                    158.619888306,
                    62.2283744812,
                    5.51675605774,
                    15.9139566422
                ],
                [
                    -40.8410148621,
                    26.0521507263,
                    -20.5726509094,
                    36.6619415283,
                    27.3441581726,
                    26.021074295,
                    43.9613571167,
                    23.1335582733,
                    18.1055240631,
                    62.2283744812,
                    136.417953491,
                    33.0307350159,
                    21.7852401733
                ],
                [
                    177.327270508,
                    -96.5662002563,
                    53.7687644958,
                    39.3316688538,
                    15.4532060623,
                    14.8548603058,
                    10.8582811356,
                    1.91210818291,
                    25.0059185028,
                    5.51675605774,
                    33.0307350159,
                    125.854736328,
                    23.5795555115
                ],
                [
                    -166.710296631,
                    67.8891143799,
                    -92.9956588745,
                    5.78406143188,
                    48.2153892517,
                    1.0261374712,
                    21.173784256,
                    12.5421104431,
                    -9.19709205627,
                    15.9139566422,
                    21.7852401733,
                    23.5795555115,
                    147.683746338
                ]
            ],
            "icov": [
                [
                    7.50705730752e-05,
                    -8.27892872621e-05,
                    0.000139389914693,
                    -0.00020151118224,
                    3.81913059755e-06,
                    -0.000188857127796,
                    0.000162075695698,
                    -0.000154796507559,
                    0.000164514131029,
                    -0.000324453081703,
                    0.000279114115983,
                    -0.000296064361464,
                    0.000259744178038
                ],
                [
                    -8.27892872621e-05,
                    0.000930206791963,
                    -0.000378700555302,
                    0.000219155379455,
                    -4.47342863481e-05,
                    0.000670930196065,
                    -0.000645125168376,
                    0.000318704376696,
                    -2.59227799688e-05,
                    0.000579203362577,
                    -0.000705424929038,
                    0.00122462457512,
                    -0.000848238298204
                ],
                [
                    0.000139389914693,
                    -0.000378700555302,
                    0.00140164815821,
                    -0.000843635003548,
                    -0.000251539022429,
                    -0.000930551963393,
                    0.000788805773482,
                    -0.000227262295084,
                    -0.000349168869434,
                    -1.08609974632e-05,
                    0.000673988368362,
                    -0.00109604001045,
                    0.00129688018933
                ],
                [
                    -0.00020151118224,
                    0.000219155379455,
                    -0.000843635003548,
                    0.00281297322363,
                    -0.000961831188761,
                    0.000697278010193,
                    -0.000308635324473,
                    -0.000365920888726,
                    -9.23078550841e-05,
                    0.000686665123794,
                    -0.00106534676161,
                    0.000375591334887,
                    -0.0005676796427
                ],
                [
                    3.81913059755e-06,
                    -4.47342863481e-05,
                    -0.000251539022429,
                    -0.000961831188761,
                    0.00408386485651,
                    -0.000799642817583,
                    -0.00215450651012,
                    0.000175924607902,
                    -0.00102545623668,
                    -4.51861487818e-05,
                    0.000484021642478,
                    0.000473427120596,
                    -0.00133560365066
                ],
                [
                    -0.000188857127796,
                    0.000670930196065,
                    -0.000930551963393,
                    0.000697278010193,
                    -0.000799642817583,
                    0.00532441260293,
                    -0.00261170882732,
                    -0.000212530881981,
                    0.000569237279706,
                    -0.00104218185879,
                    -0.000193272178876,
                    0.000727999839,
                    -0.000458287977381
                ],
                [
                    0.000162075695698,
                    -0.000645125168376,
                    0.000788805773482,
                    -0.000308635324473,
                    -0.00215450651012,
                    -0.00261170882732,
                    0.00726552540436,
                    -0.000328367517795,
                    -0.000910895410925,
                    -0.000136984774144,
                    -0.000748127291445,
                    -0.00079666840611,
                    0.000891655567102
                ],
                [
                    -0.000154796507559,
                    0.000318704376696,
                    -0.000227262295084,
                    -0.000365920888726,
                    0.000175924607902,
                    -0.000212530881981,
                    -0.000328367517795,
                    0.00627264706418,
                    -0.00266778189689,
                    0.00123963993974,
                    -0.00140426901635,
                    0.0017091302434,
                    -0.00135706108995
                ],
                [
                    0.000164514131029,
                    -2.59227799688e-05,
                    -0.000349168869434,
                    -9.23078550841e-05,
                    -0.00102545623668,
                    0.000569237279706,
                    -0.000910895410925,
                    -0.00266778189689,
                    0.00888210255653,
                    -0.00415890756994,
                    0.00186229031533,
                    -0.00229731062427,
                    0.00176273623947
                ],
                [
                    -0.000324453081703,
                    0.000579203362577,
                    -1.08609974632e-05,
                    0.000686665123794,
                    -4.51861487818e-05,
                    -0.00104218185879,
                    -0.000136984774144,
                    0.00123963993974,
                    -0.00415890756994,
                    0.0117055000737,
                    -0.00554766925052,
                    0.00293854274787,
                    -0.00190105580259
                ],
                [
                    0.000279114115983,
                    -0.000705424929038,
                    0.000673988368362,
                    -0.00106534676161,
                    0.000484021642478,
                    -0.000193272178876,
                    -0.000748127291445,
                    -0.00140426901635,
                    0.00186229031533,
                    -0.00554766925052,
                    0.011506951414,
                    -0.00414709281176,
                    0.000853811216075
                ],
                [
                    -0.000296064361464,
                    0.00122462457512,
                    -0.00109604001045,
                    0.000375591334887,
                    0.000473427120596,
                    0.000727999839,
                    -0.00079666840611,
                    0.0017091302434,
                    -0.00229731062427,
                    0.00293854274787,
                    -0.00414709281176,
                    0.011623150669,
                    -0.0034963353537
                ],
                [
                    0.000259744178038,
                    -0.000848238298204,
                    0.00129688018933,
                    -0.0005676796427,
                    -0.00133560365066,
                    -0.000458287977381,
                    0.000891655567102,
                    -0.00135706108995,
                    0.00176273623947,
                    -0.00190105580259,
                    0.000853811216075,
                    -0.0034963353537,
                    0.00946678593755
                ]
            ],
            "mean": [
                -22.9689121246,
                46.4630851746,
                -103.544448853,
                33.8497810364,
                -51.6865234375,
                20.4663925171,
                -28.8323535919,
                13.7852172852,
                -27.0499248505,
                7.14329004288,
                -9.35515880585,
                0.0983958467841,
                -3.3736269474
            ]
        },
        "hfc": {
            "dmean": 7.39164829254,
            "dmean2": 10.8909215927,
            "dvar": 114.12802124,
            "dvar2": 254.04989624,
            "max": 183.327728271,
            "mean": 26.0485992432,
            "median": 19.7291564941,
            "min": 1.16957157921e-16,
            "var": 617.50994873
        },
        "melbands": {
            "dmean": [
                0.00257414858788,
                0.00212626857683,
                0.00101504276972,
                0.000299806852126,
                0.000120486729429,
                9.60409306572e-05,
                8.60813452164e-05,
                7.64235446695e-05,
                6.62677921355e-05,
                2.2903584977e-05,
                6.15134122199e-05,
                6.2514176534e-05,
                6.15972894593e-05,
                4.57058340544e-05,
                2.72631932603e-05,
                1.83802767424e-05,
                3.02743155771e-05,
                4.72152496513e-05,
                3.27141133312e-05,
                1.78317404789e-05,
                1.14851973194e-05,
                1.25929700516e-05,
                1.12292136691e-05,
                1.33740149977e-05,
                1.06618417703e-05,
                8.6576656031e-06,
                4.90917409479e-06,
