{
    "lowlevel": {
        "average_loudness": 0.929506182671,
        "barkbands": {
            "dmean": [
                0.000841425789986,
                0.00533333281055,
                0.00160342187155,
                0.00127311469987,
                0.00117549544666,
                0.000962587480899,
                0.00106214825064,
                0.00124287826475,
                0.00124595919624,
                0.000710944645107,
                0.000595249177422,
                0.000553944963031,
                0.000297404912999,
                0.000263236521278,
                0.000225949232117,
                0.0002000623208,
                0.000155600428116,
                0.000190118691535,
                0.000217429143959,
                0.000167500867974,
                0.000257045525359,
                0.000402678939281,
                0.000577098457143,
                0.000203516377951,
                0.000153487286298,
                8.78080754774e-05,
                1.78641148523e-05
            ],
            "dmean2": [
                0.00131192791741,
                0.00742895994335,
                0.00261682248674,
                0.0022793665994,
                0.00194276485126,
                0.00156486325432,
                0.00169144978281,
                0.00194031884894,
                0.00187522312626,
                0.00105601374526,
                0.000920370977838,
                0.000838715641294,
                0.000459674163722,
                0.00038847696851,
                0.000335968943546,
                0.000313404598273,
                0.000231641053688,
                0.000294439261779,
                0.000335895601893,
                0.000262137386017,
                0.00043652165914,
                0.000698988384102,
                0.000959393393714,
                0.000319260871038,
                0.000232971578953,
                0.000133350666147,
                2.76312475762e-05
            ],
            "dvar": [
                1.34146443997e-06,
                0.000320611725328,
                7.60276743677e-05,
                6.63375540171e-05,
                1.58996608661e-05,
                5.9176841205e-06,
                5.86872374697e-06,
                1.13710730147e-05,
                1.17997651614e-05,
                5.25006817043e-06,
                4.53197071693e-06,
                3.57813769369e-06,
                1.02851311112e-06,
                7.83428845352e-07,
                5.02654017964e-07,
                4.54355500779e-07,
                1.69430308006e-07,
                2.8208984304e-07,
                2.95313526522e-07,
                1.75452186113e-07,
                3.07117232978e-07,
                7.92499918134e-07,
                1.68376845977e-06,
                1.3923646236e-07,
                1.51886027311e-07,
                5.83191628323e-08,
                1.89411442086e-09
            ],
            "dvar2": [
                3.33760613103e-06,
                0.000705547456164,
                0.000219139285036,
                0.000194335836568,
                4.44313991466e-05,
                1.44440400618e-05,
                1.33003331939e-05,
                2.47194457188e-05,
                2.49694330705e-05,
                1.12166171675e-05,
                9.47496482695e-06,
                7.3253249866e-06,
                2.33372179537e-06,
                1.68626741015e-06,
                1.05832873487e-06,
                1.02880733266e-06,
                3.53251323304e-07,
                6.47005947485e-07,
                6.66952757911e-07,
                3.97314636302e-07,
                9.41298708312e-07,
                2.39808650804e-06,
                4.13543693867e-06,
                3.23689363313e-07,
                3.19479795508e-07,
                1.29438319618e-07,
                4.10298905962e-09
            ],
            "max": [
                0.0190834347159,
                0.235862076283,
                0.114263445139,
                0.100041262805,
                0.061915948987,
                0.0389176793396,
                0.0391015149653,
                0.0600414089859,
                0.0605523623526,
                0.0564877800643,
                0.0532909370959,
                0.0428782068193,
                0.0240260865539,
                0.0257609430701,
                0.0179509222507,
                0.0291690006852,
                0.00874660164118,
                0.00901454221457,
                0.0096587324515,
                0.0129968030378,
                0.00755344657227,
                0.00839521829039,
                0.0140613354743,
                0.00667547434568,
                0.0117410086095,
                0.00883385725319,
                0.00158521253616
            ],
            "mean": [
                0.00623223977163,
                0.0165824834257,
                0.00209242687561,
                0.0010930079734,
                0.00147102505434,
                0.0012939608423,
                0.00135333719663,
                0.00156471296214,
                0.00170640461147,
                0.000914772856049,
                0.000703164783772,
                0.000607353285886,
                0.000331811519573,
                0.000297277176287,
                0.000275503145531,
                0.000224274393986,
                0.000196172710275,
                0.000222787828534,
                0.000255755352555,
                0.000200190668693,
                0.000305115449009,
                0.000374753202777,
                0.000481750350446,
                0.000249845121289,
                0.000233837621636,
                0.00012998940656,
                2.58221898548e-05
            ],
            "median": [
                0.00794887822121,
                0.0138991679996,
                0.00138300680555,
                0.000444824516308,
                0.000555177219212,
                0.000262299727183,
                0.000256613246165,
                0.000171001156559,
                0.000244118549745,
                6.88983564032e-05,
                4.31623266195e-05,
                2.69801494142e-05,
                1.94305357581e-05,
                1.9714150767e-05,
                2.63242473011e-05,
                2.08542915061e-05,
                2.83250938082e-05,
                1.82607273018e-05,
                3.7149147829e-05,
                2.59502630797e-05,
                3.55131123797e-05,
                2.57295996562e-05,
                3.45548978657e-05,
                6.99700030964e-05,
                7.80936534284e-05,
                3.03833585349e-05,
                6.31799184703e-06
            ],
            "min": [
                7.07565436279e-25,
                2.06518925604e-23,
                3.68493258249e-24,
                3.70331619703e-24,
                3.12013988656e-23,
                2.86459407612e-23,
                3.04077006654e-23,
                4.77117274974e-23,
                8.09697182974e-23,
                4.34412510751e-23,
                6.84521239404e-23,
                6.88497413911e-23,
                5.98454684488e-23,
                1.28466755722e-22,
                8.48809663961e-23,
                6.77571816592e-23,
                1.41452731508e-22,
                2.10268715963e-22,
                2.04898882983e-22,
                2.12238747768e-22,
                4.12036767786e-22,
                5.26484253532e-22,
                6.19610280513e-22,
                9.13553434828e-22,
                1.28026192683e-21,
                1.36309237237e-21,
                2.24677501473e-21
            ],
            "var": [
                1.32820550789e-05,
                0.000651105190627,
                4.65942539449e-05,
                3.61334277841e-05,
                1.22064957395e-05,
                9.09667869564e-06,
                9.16689168662e-06,
                1.84184900718e-05,
                2.08463115996e-05,
                9.99530584522e-06,
                7.00728969605e-06,
                4.90690536026e-06,
                1.3268818293e-06,
                1.06067216166e-06,
                7.45555382764e-07,
                5.99305906235e-07,
                2.62258737393e-07,
                4.05922747859e-07,
                3.80744495487e-07,
                2.64179931264e-07,
                4.45214936917e-07,
                8.56257997839e-07,
                1.46755689912e-06,
                1.97782142664e-07,
                2.82753745751e-07,
                1.00875610087e-07,
                3.46581940924e-09
            ]
        },
        "barkbands_crest": {
            "dmean": 2.40500855446,
            "dmean2": 3.488240242,
            "dvar": 5.45082139969,
            "dvar2": 12.1378517151,
            "max": 26.2059745789,
            "mean": 12.3215847015,
            "median": 12.2254486084,
            "min": 2.61396574974,
            "var": 16.4375572205
        },
        "barkbands_flatness_db": {
            "dmean": 0.0341013148427,
            "dmean2": 0.0446081645787,
            "dvar": 0.00127260305453,
            "dvar2": 0.00203833240084,
            "max": 0.525719642639,
            "mean": 0.19539386034,
            "median": 0.180069074035,
            "min": 0.0311341453344,
            "var": 0.00645940518007
        },
        "barkbands_kurtosis": {
            "dmean": 12.0909843445,
            "dmean2": 18.1048164368,
            "dvar": 607.472229004,
            "dvar2": 1277.53564453,
            "max": 822.209350586,
            "mean": 18.2980613708,
            "median": 6.31621789932,
            "min": -1.94972133636,
            "var": 1195.13085938
        },
        "barkbands_skewness": {
            "dmean": 1.14231026173,
            "dmean2": 1.66358196735,
            "dvar": 1.58390593529,
            "dvar2": 3.22585964203,
            "max": 23.7970867157,
            "mean": 2.83287405968,
            "median": 2.36398172379,
            "min": -8.46384143829,
            "var": 5.27320146561
        },
        "barkbands_spread": {
            "dmean": 11.8184585571,
            "dmean2": 18.2183551788,
            "dvar": 232.747833252,
            "dvar2": 525.25402832,
            "max": 139.604522705,
            "mean": 24.1474685669,
            "median": 17.3691825867,
            "min": 0.128616183996,
            "var": 484.259643555
        },
        "dissonance": {
            "dmean": 0.0319442339242,
            "dmean2": 0.0522203706205,
            "dvar": 0.00102825416252,
            "dvar2": 0.0026223140303,
            "max": 0.500000119209,
            "mean": 0.439894765615,
            "median": 0.452658087015,
            "min": 0.133877873421,
            "var": 0.00237265904434
        },
        "dynamic_complexity": 3.41903591156,
        "erbbands": {
            "dmean": [
                0.212326794863,
                1.12910163403,
                1.60455715656,
                3.58265805244,
                3.77074813843,
                4.07351160049,
                6.34043264389,
                8.08209514618,
                13.1442079544,
                20.2981109619,
                27.7013511658,
                28.9051437378,
                21.9948711395,
                23.9244232178,
                21.3140716553,
                22.6791629791,
                13.6472835541,
                12.5947971344,
                11.561507225,
                11.2937469482,
                10.4643068314,
                8.50911426544,
                9.12463283539,
                11.120467186,
                10.2833442688,
                7.45623970032,
                8.3581609726,
                12.3170175552,
                15.082452774,
                18.3035964966,
                13.7882814407,
                5.84984350204,
                2.7917535305,
                1.92652821541,
                1.07261955738,
                0.490057110786,
                0.145708724856,
                0.030269516632,
                0.00302910758182,
                0.00011791101133
            ],
            "dmean2": [
                0.255732059479,
                1.53956568241,
                2.33407354355,
                6.23712873459,
                6.45766115189,
                6.63181686401,
                10.4758377075,
                13.0407552719,
                20.7509288788,
                32.4314041138,
                42.0134353638,
                43.0188598633,
                32.8523216248,
                34.5492706299,
                31.8031921387,
                33.9649429321,
                20.7132644653,
                18.5795536041,
                16.8642368317,
                16.7711772919,
                16.1570205688,
                12.3900661469,
                13.6874437332,
                16.8608264923,
                16.0783939362,
                11.5725755692,
                13.5104656219,
                21.3493366241,
                26.4227924347,
                30.5466423035,
                22.9999217987,
                9.37222194672,
                4.4054646492,
                3.00032258034,
                1.6166343689,
                0.74452662468,
                0.223988160491,
                0.0467718057334,
                0.00466593727469,
                0.000178167960257
            ],
            "dvar": [
                0.282413333654,
                20.0607185364,
                61.672706604,
                500.508209229,
                384.51083374,
                140.448410034,
                364.710418701,
                442.677825928,
                1002.76629639,
                2783.63598633,
                5893.36035156,
                7069.88134766,
                5270.43310547,
                6366.27392578,
                4629.29052734,
                6095.4375,
                2114.96044922,
                1797.78857422,
                1481.86865234,
                1310.68054199,
                1188.8482666,
                486.925689697,
                650.843200684,
                771.286499023,
                768.119689941,
                362.048095703,
                322.817108154,
                961.58404541,
                1237.24511719,
                1567.80175781,
                935.096618652,
                128.033096313,
                30.225894928,
                28.3887367249,
                6.64037370682,
                2.32897353172,
                0.130406856537,
                0.00549241760746,
                5.6721160945e-05,
                8.23199641786e-08
            ],
            "dvar2": [
                0.524816930294,
                47.1064605713,
                158.972991943,
                1465.44335938,
                1113.72888184,
                375.99041748,
                973.140136719,
                1029.20300293,
                2247.89428711,
                6333.98632812,
                12613.6064453,
                15238.3544922,
                11242.0625,
                12713.8925781,
                9845.38964844,
                12585.9755859,
                4599.80712891,
                3824.42919922,
                3365.19018555,
                2832.26049805,
                2620.93920898,
                962.542663574,
                1414.32092285,
                1666.34350586,
                1813.42224121,
                806.414550781,
                783.116943359,
                3180.45556641,
                3887.53588867,
                3891.68457031,
                2323.98730469,
                309.561340332,
                67.4121780396,
                65.187210083,
                13.3755149841,
                5.49069547653,
                0.275822222233,
                0.0116944396868,
                0.000123352379887,
                1.81279418143e-07
            ],
            "max": [
                8.82788562775,
                59.4989089966,
                112.131103516,
                283.497528076,
                264.760437012,
                231.957595825,
                523.858093262,
                373.190429688,
                573.564941406,
                891.838378906,
                1676.62463379,
                1694.44604492,
                2256.82348633,
                1665.61694336,
                1608.07421875,
                2083.13452148,
                1273.17016602,
                1520.9666748,
                1207.88452148,
                947.604431152,
                1049.59692383,
                481.163787842,
                400.433929443,
                680.191223145,
                397.135894775,
                682.800354004,
                346.471832275,
                324.144836426,
                331.290985107,
                431.833648682,
                326.245880127,
                143.196136475,
                128.688049316,
                138.902908325,
                95.0619506836,
                65.4868927002,
                15.6116704941,
                3.44032025337,
                0.271553903818,
                0.0101303998381
            ],
            "mean": [
                0.967059135437,
                1.84448111057,
                2.46400117874,
                3.37515044212,
                3.83077526093,
                5.15443897247,
                7.6957526207,
                11.0185003281,
                17.158290863,
                25.2461566925,
                37.0408706665,
                41.240322113,
                28.5868644714,
                32.4059181213,
                26.5068740845,
                25.460899353,
                16.5200862885,
                15.2156324387,
                14.2772302628,
                13.3958959579,
                12.6215705872,
                11.0962791443,
                11.3996038437,
                13.4187479019,
                12.1032266617,
                9.27478218079,
                10.2676773071,
                13.9081106186,
                14.3350849152,
                15.702963829,
                11.6404972076,
                6.15289783478,
                3.74622178078,
                2.70231771469,
                1.60282611847,
                0.704646587372,
                0.208588257432,
                0.0437433980405,
                0.00441106455401,
                0.000211852660868
            ],
            "median": [
                0.997380971909,
                0.83970272541,
                1.64127159119,
                1.55625748634,
                1.674264431,
                1.62839913368,
                2.05672335625,
                2.32781505585,
                3.36475849152,
                4.5223531723,
                6.21503019333,
                6.86244821548,
                2.37255764008,
                2.67978954315,
                1.71360659599,
                1.34211277962,
                1.10548758507,
                1.17598593235,
                1.5103610754,
                1.47318148613,
                1.47952914238,
                1.6063092947,
                1.1805460453,
                1.55087542534,
                1.83912086487,
                1.30217528343,
                1.50950276852,
                1.26357007027,
                0.983083963394,
                0.8856523633,
                0.977555751801,
                1.18816876411,
                1.14122319221,
                0.854107737541,
                0.455456078053,
                0.159992605448,
                0.0458167716861,
                0.0095602562651,
                0.0011165025644,
                0.000100163917523
            ],
            "min": [
                4.40562583964e-22,
                4.00159284198e-21,
                5.34834102613e-21,
                1.97976987756e-20,
                5.44665152271e-20,
                1.01083816686e-19,
                2.66096144842e-19,
                3.39835651687e-19,
                5.26353066645e-19,
                6.64606483263e-19,
                9.72102862667e-19,
                1.53191667756e-18,
                1.09824190902e-18,
                1.20762124219e-18,
                3.66890873537e-18,
                3.0349709556e-18,
                2.65217865148e-18,
                6.69133156787e-18,
                3.83015187936e-18,
                4.25354468948e-18,
                4.54569288772e-18,
                7.37006427974e-18,
                8.74409482243e-18,
                1.24925506222e-17,
                8.41514411798e-18,
                9.78704467059e-18,
                1.56263285087e-17,
                1.61983751875e-17,
                1.80698018403e-17,
                1.72838958859e-17,
                1.8046063411e-17,
                1.49379504573e-17,
                1.54325597959e-17,
                1.33966209814e-17,
                9.50564444365e-18,
                5.64545267316e-18,
                2.25838629278e-18,
                1.09106911574e-18,
                2.86406349862e-19,
                3.67218755007e-20
            ],
            "var": [
                0.909865438938,
                29.2250881195,
                51.2521018982,
                277.893127441,
                224.814071655,
                140.647750854,
                350.060974121,
                778.789855957,
                1554.8704834,
                3945.66137695,
                10055.7333984,
                12197.0087891,
                9747.71386719,
                12797.0849609,
                7456.10107422,
                8118.07519531,
                3026.82861328,
                2648.18334961,
                1883.95983887,
                1783.99353027,
                1673.52038574,
                812.690795898,
                1021.92486572,
                1156.65539551,
                879.427062988,
                566.224060059,
                482.47088623,
                1295.65234375,
                1389.68493652,
                1452.62976074,
                808.678222656,
                142.298446655,
                49.0982284546,
                42.4139099121,
                13.348772049,
                3.4691183567,
                0.250563621521,
                0.0106662502512,
                0.00010239330004,
                1.48746181594e-07
            ]
        },
        "erbbands_crest": {
            "dmean": 3.28297472,
            "dmean2": 5.28977537155,
            "dvar": 9.2806892395,
            "dvar2": 22.129858017,
            "max": 33.3282966614,
            "mean": 10.58365345,
            "median": 9.45076465607,
            "min": 2.25959253311,
            "var": 24.6066093445
        },
        "erbbands_flatness_db": {
            "dmean": 0.0265698526055,
            "dmean2": 0.0400178208947,
            "dvar": 0.000604451051913,
            "dvar2": 0.00129660009407,
            "max": 0.534062683582,
            "mean": 0.151672169566,
            "median": 0.144523561001,
            "min": 0.0318423807621,
            "var": 0.00302439904772
        },
        "erbbands_kurtosis": {
            "dmean": 2.73890829086,
            "dmean2": 4.37995100021,
            "dvar": 21.2047863007,
            "dvar2": 48.9111251831,
            "max": 225.921966553,
            "mean": 2.75742053986,
            "median": 0.71225631237,
            "min": -1.90978896618,
            "var": 54.0520095825
        },
        "erbbands_skewness": {
            "dmean": 0.775753319263,
            "dmean2": 1.14535307884,
            "dvar": 0.63644105196,
            "dvar2": 1.31749308109,
            "max": 10.672205925,
            "mean": 0.532211303711,
            "median": 0.639587521553,
            "min": -5.46047306061,
            "var": 2.09014320374
        },
        "erbbands_spread": {
            "dmean": 19.0024585724,
            "dmean2": 29.9844207764,
            "dvar": 463.774475098,
            "dvar2": 1123.87719727,
            "max": 249.331802368,
            "mean": 48.7214660645,
            "median": 40.7985496521,
            "min": 0.392396062613,
            "var": 1061.78295898
        },
        "gfcc": {
            "cov": [
                [
                    7615.34765625,
                    -1584.99377441,
                    -358.666320801,
                    838.933410645,
                    -23.743686676,
                    819.327697754,
                    299.725769043,
                    326.693664551,
                    126.037246704,
                    156.692901611,
                    -47.4549713135,
                    227.988815308,
                    -91.5430908203
                ],
                [
                    -1584.99377441,
                    2351.0378418,
                    240.918991089,
                    -41.2115211487,
                    690.585083008,
                    75.9185714722,
                    358.597961426,
                    103.874542236,
                    158.302856445,
                    25.7105388641,
                    128.297546387,
                    -95.5558700562,
                    171.192443848
                ],
                [
                    -358.666320801,
                    240.918991089,
                    2134.62402344,
                    845.448547363,
                    350.986541748,
                    532.635925293,
                    147.643096924,
                    172.798355103,
                    275.741241455,
                    40.2292175293,
                    18.2944869995,
                    77.3931121826,
                    23.2926330566
                ],
                [
                    838.933410645,
                    -41.2115211487,
                    845.448547363,
                    1645.28186035,
                    221.336181641,
                    431.546478271,
                    315.24987793,
                    27.3401699066,
                    380.757537842,
                    15.263466835,
                    75.9780044556,
                    67.3177185059,
                    112.763496399
                ],
                [
                    -23.743686676,
                    690.585083008,
                    350.986541748,
                    221.336181641,
                    892.191162109,
                    209.979278564,
                    139.11869812,
                    186.727584839,
                    80.3297195435,
                    106.382987976,
                    65.4065093994,
                    -2.3712644577,
                    135.422317505
                ],
                [
                    819.327697754,
                    75.9185714722,
                    532.635925293,
                    431.546478271,
                    209.979278564,
                    660.316894531,
                    290.776947021,
                    68.1235046387,
                    181.081298828,
                    21.6761550903,
                    48.2273216248,
                    65.8501815796,
                    18.9940013885
                ],
                [
                    299.725769043,
                    358.597961426,
                    147.643096924,
                    315.24987793,
                    139.11869812,
                    290.776947021,
                    497.638031006,
                    108.634719849,
                    93.623298645,
                    -3.19797492027,
                    40.9145622253,
                    25.4969158173,
                    47.2905349731
                ],
                [
                    326.693664551,
                    103.874542236,
                    172.798355103,
                    27.3401699066,
                    186.727584839,
                    68.1235046387,
                    108.634719849,
                    296.479675293,
                    35.3241195679,
                    30.0376567841,
                    17.4243564606,
                    19.9591178894,
                    23.4707279205
                ],
                [
                    126.037246704,
                    158.302856445,
                    275.741241455,
                    380.757537842,
                    80.3297195435,
                    181.081298828,
                    93.623298645,
                    35.3241195679,
                    326.6875,
                    46.3592300415,
                    15.4024381638,
                    29.9246520996,
                    14.4656276703
                ],
                [
                    156.692901611,
                    25.7105388641,
                    40.2292175293,
                    15.263466835,
                    106.382987976,
                    21.6761550903,
                    -3.19797492027,
                    30.0376567841,
                    46.3592300415,
                    185.075454712,
                    27.8571166992,
                    -10.4190044403,
                    10.7832813263
                ],
                [
                    -47.4549713135,
                    128.297546387,
                    18.2944869995,
                    75.9780044556,
                    65.4065093994,
                    48.2273216248,
                    40.9145622253,
                    17.4243564606,
                    15.4024381638,
                    27.8571166992,
                    151.986968994,
                    30.6824264526,
                    4.110206604
                ],
                [
                    227.988815308,
                    -95.5558700562,
                    77.3931121826,
                    67.3177185059,
                    -2.3712644577,
                    65.8501815796,
                    25.4969158173,
                    19.9591178894,
                    29.9246520996,
                    -10.4190044403,
                    30.6824264526,
                    148.422271729,
                    3.71985721588
                ],
                [
                    -91.5430908203,
                    171.192443848,
                    23.2926330566,
                    112.763496399,
                    135.422317505,
                    18.9940013885,
                    47.2905349731,
                    23.4707279205,
                    14.4656276703,
                    10.7832813263,
                    4.110206604,
                    3.71985721588,
                    163.884765625
                ]
            ],
            "icov": [
                [
                    0.00026438801433,
                    0.000112433561299,
                    0.000233553204453,
                    -0.000207573946682,
                    1.60921626957e-05,
                    -0.000444412056822,
                    9.68695312622e-05,
                    -0.000401924626203,
                    0.000185983313713,
                    -0.000280545966234,
                    0.00029477942735,
                    -0.000249879376497,
                    0.000208005571039
                ],
                [
                    0.000112433561299,
                    0.000950649962761,
                    -9.91692359094e-05,
                    0.00037684693234,
                    -0.00065801962046,
                    0.000314259552397,
                    -0.000819607870653,
                    0.000289913790766,
                    -0.00072680885205,
                    0.000386394065572,
                    -0.000678958196659,
                    0.00059681199491,
                    -0.000430923420936
                ],
                [
                    0.000233553204453,
                    -9.91692359094e-05,
                    0.000989430584013,
                    -0.000596957455855,
                    2.90298085019e-05,
                    -0.000968905107584,
                    0.000611987663433,
                    -0.000814180006273,
                    0.00029797363095,
                    -0.000343071733369,
                    0.000672822468914,
                    -0.000469430233352,
                    0.00052253715694
                ],
                [
                    -0.000207573946682,
                    0.00037684693234,
                    -0.000596957455855,
                    0.00152755959425,
                    -0.00034209783189,
                    0.000555867678486,
                    -0.000933263392653,
                    0.000944041006733,
                    -0.00149491941556,
                    0.000708350446075,
                    -0.00102237018291,
                    0.000549362506717,
                    -0.00102493737359
                ],
                [
                    1.60921626957e-05,
                    -0.00065801962046,
                    2.90298085019e-05,
                    -0.00034209783189,
                    0.00218791607767,
                    -0.000751932500862,
                    0.00068863038905,
                    -0.00114217284136,
                    0.00067780824611,
                    -0.00102171464823,
                    0.000135694310302,
                    -0.000120317388792,
                    -0.000821584020741
                ],
                [
                    -0.000444412056822,
                    0.000314259552397,
                    -0.000968905107584,
                    0.000555867678486,
                    -0.000751932500862,
                    0.00385584309697,
                    -0.00199791789055,
                    0.00137166131753,
                    -0.00139968656003,
                    0.000755643413868,
                    -0.00110540864989,
                    0.000142101780511,
                    -0.000168421960552
                ],
                [
                    9.68695312622e-05,
                    -0.000819607870653,
                    0.000611987663433,
                    -0.000933263392653,
                    0.00068863038905,
                    -0.00199791789055,
                    0.00408039009199,
                    -0.00166081089992,
                    0.000918136152904,
                    -0.000196788969333,
                    0.00058018497657,
                    -0.000474288070109,
                    0.000116490402434
                ],
                [
                    -0.000401924626203,
                    0.000289913790766,
                    -0.000814180006273,
                    0.000944041006733,
                    -0.00114217284136,
                    0.00137166131753,
                    -0.00166081089992,
                    0.00526501610875,
                    -0.000985648250207,
                    0.000422460638219,
                    -0.00084246112965,
                    0.000165321020177,
                    -0.000474565051263
                ],
                [
                    0.000185983313713,
                    -0.00072680885205,
                    0.00029797363095,
                    -0.00149491941556,
                    0.00067780824611,
                    -0.00139968656003,
                    0.000918136152904,
                    -0.000985648250207,
                    0.00553565006703,
                    -0.00176246161573,
                    0.00137434783392,
                    -0.00117197260261,
                    0.000947193766478
                ],
                [
                    -0.000280545966234,
                    0.000386394065572,
                    -0.000343071733369,
                    0.000708350446075,
                    -0.00102171464823,
                    0.000755643413868,
                    -0.000196788969333,
                    0.000422460638219,
                    -0.00176246161573,
                    0.00686238333583,
                    -0.00186956499238,
                    0.00139949854929,
                    -0.000526829215232
                ],
                [
                    0.00029477942735,
                    -0.000678958196659,
                    0.000672822468914,
                    -0.00102237018291,
                    0.000135694310302,
                    -0.00110540864989,
                    0.00058018497657,
                    -0.00084246112965,
                    0.00137434783392,
                    -0.00186956499238,
                    0.00857755355537,
                    -0.00248478422873,
                    0.00129392475355
                ],
                [
                    -0.000249879376497,
                    0.00059681199491,
                    -0.000469430233352,
                    0.000549362506717,
                    -0.000120317388792,
                    0.000142101780511,
                    -0.000474288070109,
                    0.000165321020177,
                    -0.00117197260261,
                    0.00139949854929,
                    -0.00248478422873,
                    0.00836861226708,
                    -0.000994414789602
                ],
                [
                    0.000208005571039,
                    -0.000430923420936,
                    0.00052253715694,
                    -0.00102493737359,
                    -0.000821584020741,
                    -0.000168421960552,
                    0.000116490402434,
                    -0.000474565051263,
                    0.000947193766478,
                    -0.000526829215232,
                    0.00129392475355,
                    -0.000994414789602,
                    0.00797307677567
                ]
            ],
            "mean": [
                -25.9190120697,
                63.2798118591,
                -70.2040710449,
                22.3359642029,
                -58.9326400757,
                12.9035081863,
                -30.9507637024,
                18.8974494934,
                -16.4981575012,
                8.62895298004,
                -13.4925289154,
                1.30883133411,
                -7.77665662766
            ]
        },
        "hfc": {
            "dmean": 14.5804309845,
            "dmean2": 22.3625621796,
            "dvar": 426.743438721,
            "dvar2": 962.56237793,
            "max": 206.631317139,
            "mean": 25.5191497803,
            "median": 16.771232605,
            "min": 1.14474160246e-16,
            "var": 778.484619141
        },
        "melbands": {
            "dmean": [
                0.00159205007367,
                0.000983141944744,
                0.000616053934209,
                0.000273720012046,
                0.000207445205888,
                0.00018301383534,
                0.00020590639906,
                0.000228798860917,
                0.000230680176173,
                0.00017808379198,
                0.000111050059786,
                9.88549145404e-05,
                7.68650206737e-05,
                6.42525919829e-05,
                4.64101976831e-05,
                2.53198413702e-05,
                2.56319908658e-05,
                1.97361987375e-05,
                1.73677926796e-05,
                1.43555635077e-05,
                1.23448453451e-05,
                9.01681869436e-06,
                9.24756932363e-06,
                8.32600107969e-06,
                9.45579631662e-06,
                8.58189287101e-06,
                6.23664345767e-06,
                4.82955056214e-06,
                5.20850289831e-06,
