{
    "lowlevel": {
        "average_loudness": 0.778675675392,
        "barkbands": {
            "dmean": [
                0.00160226866137,
                0.0118617583066,
                0.00520915957168,
                0.00166192220058,
                0.00186993705574,
                0.000428102444857,
                0.000366739928722,
                0.000493400671985,
                0.000443247903604,
                0.000287343485979,
                0.000158591501531,
                0.000253141188296,
                0.000280022679362,
                0.000230626741541,
                0.000234355436987,
                0.000253734673606,
                0.000182187926839,
                0.000167612015503,
                0.000225081777899,
                0.000303911103401,
                0.000355068797944,
                0.000448518811027,
                0.000331570598064,
                0.000309344875859,
                0.000196463603061,
                5.99528902967e-05,
                7.02774514139e-06
            ],
            "dmean2": [
                0.00251477654092,
                0.0194145515561,
                0.00906673260033,
                0.00286399479955,
                0.00313530745916,
                0.000746489386074,
                0.000601592240855,
                0.000812238780782,
                0.000667700369377,
                0.000406279432354,
                0.00023925062851,
                0.000384279177524,
                0.000426396523835,
                0.000368990265997,
                0.000410199572798,
                0.000461368239485,
                0.000311503128614,
                0.000279275845969,
                0.000363000581274,
                0.000562592700589,
                0.000626290799119,
                0.000798117252998,
                0.000572627410293,
                0.000568137096707,
                0.000364383187843,
                0.000112771675049,
                1.3042138562e-05
            ],
            "dvar": [
                1.95634402189e-05,
                0.000820160028525,
                0.000178594476893,
                2.31511858146e-05,
                3.24527172779e-05,
                1.09959353267e-06,
                9.12263146802e-07,
                1.74488945959e-06,
                1.16801345484e-06,
                3.99655135652e-07,
                1.86025587823e-07,
                4.09441099691e-07,
                3.72387205516e-07,
                2.59255671153e-07,
                4.5210913413e-07,
                9.50275023115e-07,
                2.3639312019e-07,
                1.5550608623e-07,
                2.97070442912e-07,
                9.78724870038e-07,
                1.14896022296e-06,
                1.76459502654e-06,
                1.01527075458e-06,
                1.32154468702e-06,
                6.12054861904e-07,
                6.16948980792e-08,
                6.07040806511e-10
            ],
            "dvar2": [
                4.68034340884e-05,
                0.00201448635198,
                0.000496260938235,
                6.13648662693e-05,
                8.7994907517e-05,
                3.22698178934e-06,
                2.31771286963e-06,
                4.58477234133e-06,
                2.57355509348e-06,
                7.51713798763e-07,
                3.78701798809e-07,
                8.88409317668e-07,
                7.99233134785e-07,
                6.37906111933e-07,
                1.27382645587e-06,
                2.76730156656e-06,
                6.53835797948e-07,
                4.19933485318e-07,
                7.31566615286e-07,
                2.78059474113e-06,
                3.19573655361e-06,
                4.97046721648e-06,
                2.8362383091e-06,
                3.78227105102e-06,
                1.74729473201e-06,
                1.78194085265e-07,
                1.73567349382e-09
            ],
            "max": [
                0.0626755803823,
                0.228416502476,
                0.102858304977,
                0.034849151969,
                0.0603429414332,
                0.0126838702708,
                0.0145476972684,
                0.02464639768,
                0.0199778024107,
                0.0145282447338,
                0.00975299905986,
                0.0121142659336,
                0.0111141689122,
                0.00902811810374,
                0.00802763085812,
                0.0107599794865,
                0.00601013423875,
                0.00541994441301,
                0.00838336441666,
                0.0089191775769,
                0.00853547919542,
                0.00944911967963,
                0.00743377348408,
                0.0099742570892,
                0.00796995311975,
                0.00250610243529,
                0.00022372569947
            ],
            "mean": [
                0.0027020808775,
                0.0221808310598,
                0.00512709841132,
                0.00129246234428,
                0.0017818849301,
                0.00048055901425,
                0.000468579062726,
                0.000596645113546,
                0.000723433448002,
                0.000582961656619,
                0.000221119436901,
                0.000370871624909,
                0.000413854286307,
                0.000293851684546,
                0.000221642490942,
                0.000189773214515,
                0.000183308075066,
                0.000200719499844,
                0.000248429045314,
                0.000222823771765,
                0.000274435355095,
                0.000325648084981,
                0.000271676341072,
                0.000214420710108,
                0.000127211489598,
                3.70506350009e-05,
                4.41189558842e-06
            ],
            "median": [
                1.2518578842e-05,
                0.00268632546067,
                0.000343898951542,
                4.35311667388e-05,
                0.000283389992546,
                9.17168217711e-05,
                5.03647679579e-05,
                0.000138313305797,
                9.32425755309e-05,
                0.000135227877763,
                2.5464067221e-05,
                8.18291882752e-05,
                0.00010934472084,
                5.85651287111e-05,
                3.83048500225e-05,
                1.65356123034e-05,
                2.34617509705e-05,
                4.31472908531e-05,
                4.3649408326e-05,
                2.32248603425e-05,
                1.71887277247e-05,
                1.33760331664e-05,
                1.69625182025e-05,
                1.7030230083e-05,
                7.6515125329e-06,
                1.94806557374e-06,
                8.75453523008e-08
            ],
            "min": [
                4.65573946447e-15,
                5.7470872069e-15,
                2.37768564569e-15,
                1.25423408401e-15,
                9.03563714396e-16,
                9.95820319549e-16,
                5.81499976751e-16,
                2.45599770625e-16,
                5.30489058629e-16,
                2.33018552031e-16,
                9.85138625279e-17,
                4.12765825581e-16,
                1.59539304125e-16,
                5.379762674e-17,
                6.10892072961e-17,
                1.69485813501e-16,
                7.81316226914e-17,
                1.40228951396e-16,
                5.96110620112e-17,
                3.62951500316e-17,
                7.60260112811e-17,
                3.08297837595e-16,
                1.88227224787e-16,
                3.27623953078e-16,
                1.22303637825e-15,
                9.36549083186e-16,
                1.24597435234e-13
            ],
            "var": [
                4.63151045551e-05,
                0.00134945113678,
                0.000144692108734,
                1.65777692018e-05,
                2.58723375737e-05,
                1.01217005977e-06,
                1.17984416192e-06,
                1.8985809902e-06,
                2.66767028734e-06,
                1.15478371754e-06,
                3.98192668172e-07,
                7.73334022597e-07,
                8.13492476937e-07,
                3.93037339563e-07,
                3.32844791728e-07,
                5.40455630471e-07,
                2.06330994956e-07,
                1.5673128928e-07,
                3.08056371523e-07,
                6.03203432092e-07,
                8.07668754987e-07,
                1.15055911465e-06,
                6.75477224377e-07,
                7.63563036799e-07,
                3.52219274191e-07,
                3.4182217945e-08,
                3.47780054755e-10
            ]
        },
        "barkbands_crest": {
            "dmean": 3.28924965858,
            "dmean2": 5.15779447556,
            "dvar": 11.0263566971,
            "dvar2": 25.1117687225,
            "max": 26.7253837585,
            "mean": 13.9752235413,
            "median": 13.5240039825,
            "min": 2.26249527931,
            "var": 34.6688995361
        },
        "barkbands_flatness_db": {
            "dmean": 0.0416293442249,
            "dmean2": 0.0619427524507,
            "dvar": 0.00259363907389,
            "dvar2": 0.00517681008205,
            "max": 0.645176112652,
            "mean": 0.208034068346,
            "median": 0.200919374824,
            "min": 0.0286274533719,
            "var": 0.0085451696068
        },
        "barkbands_kurtosis": {
            "dmean": 18.2505512238,
            "dmean2": 28.5649585724,
            "dvar": 2872.15478516,
            "dvar2": 6188.81787109,
            "max": 1419.72277832,
            "mean": 24.1677570343,
            "median": 4.63370609283,
            "min": -1.96281278133,
            "var": 4507.33691406
        },
        "barkbands_skewness": {
            "dmean": 1.33801567554,
            "dmean2": 2.04329490662,
            "dvar": 3.84636330605,
            "dvar2": 8.18192958832,
            "max": 33.5054779053,
            "mean": 2.90293741226,
            "median": 2.09036588669,
            "min": -4.23841810226,
            "var": 9.76460552216
        },
        "barkbands_spread": {
            "dmean": 8.50368595123,
            "dmean2": 14.0562028885,
            "dvar": 189.309661865,
            "dvar2": 503.042633057,
            "max": 151.652938843,
            "mean": 18.0336284637,
            "median": 13.0710411072,
            "min": 0.113134808838,
            "var": 305.861816406
        },
        "dissonance": {
            "dmean": 0.0274552963674,
            "dmean2": 0.0453540161252,
            "dvar": 0.00079545204062,
            "dvar2": 0.00201579462737,
            "max": 0.500000119209,
            "mean": 0.446235775948,
            "median": 0.456597745419,
            "min": 0.137938529253,
            "var": 0.00177378498483
        },
        "dynamic_complexity": 5.38421106339,
        "erbbands": {
            "dmean": [
                0.508101820946,
                2.2590918541,
                5.46711778641,
                6.38396167755,
                4.62479066849,
                8.05083942413,
                4.10624599457,
                3.26023864746,
                4.04218959808,
                7.76289415359,
                10.6918563843,
                9.3805513382,
                8.57566642761,
                7.2965760231,
                7.76877403259,
                8.88538455963,
                12.1753005981,
                10.7690486908,
                11.737701416,
                12.8888635635,
                14.1964836121,
                10.3770112991,
                8.59719657898,
                10.6860532761,
                12.1932258606,
                13.984372139,
                11.9975061417,
                16.2075366974,
                16.0449962616,
                13.8786802292,
                8.7837228775,
                7.11049461365,
                4.81351327896,
                2.53799271584,
                1.17733633518,
                0.384352743626,
                0.0785188302398,
                0.0112039195374,
                0.00114649301395,
                8.46492039273e-05
            ],
            "dmean2": [
                0.820178866386,
                3.8283560276,
                9.68278598785,
                10.6055316925,
                8.1443195343,
                13.0283231735,
                7.10730791092,
                5.60647201538,
                6.56305885315,
                12.9651641846,
                17.1498680115,
                14.246099472,
                12.1405649185,
                10.3881978989,
                11.6540365219,
                13.6215982437,
                18.2691802979,
                17.2486076355,
                19.4443912506,
                22.8804454803,
                25.9051532745,
                17.6861457825,
                14.3075752258,
                17.068561554,
                20.3997955322,
                25.6920433044,
                20.890165329,
                28.8795967102,
                28.2428302765,
                24.9134616852,
                15.0808553696,
                12.907702446,
                8.87725353241,
                4.70147752762,
                2.18693065643,
                0.720531642437,
                0.146207422018,
                0.0206283405423,
                0.00211831950583,
                0.000148833816638
            ],
            "dvar": [
                1.67665457726,
                35.6042938232,
                244.49949646,
                269.131103516,
                212.889083862,
                604.38684082,
                91.9575424194,
                62.9928283691,
                123.117607117,
                394.888458252,
                821.200744629,
                626.535095215,
                395.308380127,
                270.016967773,
                329.413574219,
                482.678344727,
                749.225036621,
                509.04208374,
                648.657226563,
                1698.78234863,
                3059.54541016,
                754.128295898,
                415.625274658,
                700.262573242,
                975.666259766,
                2024.20751953,
                1301.5234375,
                2375.54150391,
                2201.68481445,
                1766.72485352,
                695.63079834,
                605.485595703,
                334.096954346,
                99.6582946777,
                23.4286594391,
                2.50690722466,
                0.0908780172467,
                0.00147288560402,
                1.57848262461e-05,
                7.13392367402e-08
            ],
            "dvar2": [
                4.17334747314,
                92.1560592651,
                693.721130371,
                681.222473145,
                596.37713623,
                1559.50341797,
                257.629516602,
                183.970916748,
                302.939758301,
                1030.88366699,
                2143.74316406,
                1436.67163086,
                807.723266602,
                522.270324707,
                722.253051758,
                1094.72167969,
                1564.36804199,
                1257.4440918,
                1690.94995117,
                4836.03222656,
                8925.86816406,
                2077.10839844,
                1124.35400391,
                1778.40148926,
                2535.4921875,
                5758.03515625,
                3620.40917969,
                6606.22314453,
                6117.39404297,
                5009.48486328,
                1935.74230957,
                1720.2644043,
                957.643371582,
                285.506011963,
                66.8296127319,
                7.23658561707,
                0.260405123234,
                0.00417808117345,
                4.50871739304e-05,
                2.01667418764e-07
            ],
            "max": [
                11.4696302414,
                51.2033576965,
                149.179016113,
                106.109840393,
                132.068908691,
                260.712402344,
                131.583892822,
                106.325561523,
                198.433349609,
                336.565429688,
                593.050415039,
                513.976074219,
                384.764343262,
                537.387390137,
                346.471588135,
                534.806762695,
                588.448364258,
                577.692626953,
                339.076782227,
                507.611572266,
                606.67755127,
                431.231536865,
                282.142181396,
                512.44342041,
                295.176544189,
                404.487823486,
                308.14440918,
                365.285766602,
                348.441375732,
                361.070220947,
                197.205703735,
                213.055145264,
                157.555740356,
                107.13419342,
                49.3504371643,
                15.0981826782,
                2.74094843864,
                0.366096258163,
                0.0374877266586,
                0.00277432869188
            ],
            "mean": [
                0.847257971764,
                4.07591104507,
                6.33881139755,
                5.8165102005,
                3.69828939438,
                7.95832872391,
                4.94862222672,
                3.6823823452,
                5.56732988358,
                8.98876094818,
                14.5448799133,
                14.9243326187,
                16.9188709259,
                15.1289262772,
                12.2724266052,
                13.322145462,
                19.0440387726,
                14.7440862656,
                14.5652389526,
                11.050611496,
                10.9036445618,
                10.7687950134,
                10.6340904236,
                12.2184782028,
                12.3384418488,
                10.3352565765,
                9.70308113098,
                11.9134130478,
                11.7360162735,
                10.6583852768,
                7.1465139389,
                5.13130617142,
                3.27424573898,
                1.67134833336,
                0.749289095402,
                0.237967759371,
                0.0495063513517,
                0.00729607744142,
                0.00074381637387,
                8.82500244188e-05
            ],
            "median": [
                0.0722038149834,
                0.492651998997,
                0.737240374088,
                0.438959121704,
                0.375737339258,
                0.864458203316,
                1.34393978119,
                0.653584182262,
                0.732299685478,
                2.14743447304,
                3.97002959251,
                2.87253141403,
                5.12273406982,
                4.98981428146,
                3.68006539345,
                3.5805773735,
                5.23682928085,
                4.30672025681,
                3.23670554161,
                2.04416871071,
                1.07113325596,
                1.42238879204,
                2.32152199745,
                2.74068522453,
                1.68455719948,
                1.2612862587,
                0.769007503986,
                0.45947816968,
                0.461720645428,
                0.560112297535,
                0.444712787867,
                0.374850273132,
                0.234852299094,
                0.107756339014,
                0.0376901477575,
                0.0122061986476,
                0.00266868504696,
                0.000283176923404,
                3.84354752896e-05,
                3.03810793412e-05
            ],
            "min": [
                2.3026670631e-13,
                1.07849471541e-12,
                2.66154633055e-12,
                3.85259315769e-12,
                3.53933700924e-12,
                2.68074668366e-12,
                4.54852301657e-12,
                9.19799826582e-12,
                9.90926351391e-12,
                5.40926808554e-12,
                7.31801251541e-12,
                1.22039730752e-11,
                8.50951167169e-12,
                6.75679347542e-12,
                5.38518708793e-12,
                1.76994252588e-11,
                8.29867945196e-12,
                4.06509114564e-12,
                1.79255590406e-12,
                7.24858801454e-12,
                7.69121571986e-12,
                4.95269320347e-12,
                7.94770065732e-12,
                4.49374782177e-12,
                1.93609147811e-12,
                1.95410571405e-12,
                4.832184132e-12,
                1.80896259343e-12,
                8.26060487374e-12,
                1.23238702229e-11,
                5.09608414495e-12,
                5.87165472493e-12,
                9.13004481046e-12,
                1.57353106239e-11,
                5.73693826819e-12,
                2.49295310957e-12,
                1.87457623209e-12,
                1.73967632834e-12,
                5.48062940517e-12,
                3.77582080185e-12
            ],
            "var": [
                2.80680084229,
                49.938369751,
                195.171005249,
                232.38911438,
                140.116607666,
                558.246948242,
                88.142616272,
                60.6701889038,
                201.005233765,
                391.646331787,
                977.149902344,
                1168.11132813,
                1041.03381348,
                765.541809082,
                664.313903809,
                813.206481934,
                1748.90673828,
                737.565795898,
                819.486755371,
                1113.34814453,
                1730.92443848,
                688.846435547,
                413.266967773,
                711.708251953,
                880.43927002,
                1244.48986816,
                930.827209473,
                1619.04174805,
                1491.34863281,
                1123.82165527,
                468.586181641,
                360.398529053,
                191.710510254,
                56.9469261169,
                13.5083456039,
                1.39447844028,
                0.0515295565128,
                0.000863903667778,
                9.12445466383e-06,
                4.85395119654e-08
            ]
        },
        "erbbands_crest": {
            "dmean": 2.9181728363,
            "dmean2": 4.67365121841,
            "dvar": 8.1791009903,
            "dvar2": 19.690454483,
            "max": 30.9585037231,
            "mean": 9.82796287537,
            "median": 9.14935016632,
            "min": 2.53950595856,
            "var": 20.2542247772
        },
        "erbbands_flatness_db": {
            "dmean": 0.0234054643661,
            "dmean2": 0.0324555970728,
            "dvar": 0.000651222886518,
            "dvar2": 0.00122754042968,
            "max": 0.475145310163,
            "mean": 0.175777062774,
            "median": 0.169154629111,
            "min": 0.0185606516898,
            "var": 0.00342127960175
        },
        "erbbands_kurtosis": {
            "dmean": 1.57044959068,
            "dmean2": 2.43246221542,
            "dvar": 13.2491140366,
            "dvar2": 32.9916114807,
            "max": 155.0052948,
            "mean": 1.35547757149,
            "median": 0.265104204416,
            "min": -1.91291427612,
            "var": 18.1682929993
        },
        "erbbands_skewness": {
            "dmean": 0.515003204346,
            "dmean2": 0.780038297176,
            "dvar": 0.359782457352,
            "dvar2": 0.842329919338,
            "max": 11.1944389343,
            "mean": 0.301596313715,
            "median": 0.181484282017,
            "min": -5.02755784988,
            "var": 1.0683324337
        },
        "erbbands_spread": {
            "dmean": 12.7665224075,
            "dmean2": 19.4682865143,
            "dvar": 257.719451904,
            "dvar2": 634.620544434,
            "max": 190.617431641,
            "mean": 42.1053504944,
            "median": 35.6526069641,
            "min": 1.54097282887,
            "var": 669.195617676
        },
        "gfcc": {
            "cov": [
                [
                    19960.0800781,
                    -977.941040039,
                    643.984313965,
                    834.427246094,
                    201.237747192,
                    698.612609863,
                    182.605606079,
                    822.076782227,
                    -152.010025024,
                    381.120941162,
                    -29.9503955841,
                    332.334228516,
                    -464.613464355
                ],
                [
                    -977.941040039,
                    2206.43530273,
                    646.391174316,
                    289.566009521,
                    697.573364258,
                    396.624450684,
                    650.351989746,
                    124.327407837,
                    298.019287109,
                    -64.8918457031,
                    267.629669189,
                    -172.237533569,
                    136.359527588
                ],
                [
                    643.984313965,
                    646.391174316,
                    1958.46655273,
                    1028.31604004,
                    676.451477051,
                    566.912353516,
                    424.125946045,
                    272.759643555,
                    287.772125244,
                    39.9696502686,
                    139.931289673,
                    32.3565254211,
                    -14.6665010452
                ],
                [
                    834.427246094,
                    289.566009521,
                    1028.31604004,
                    1531.66784668,
                    596.032409668,
                    384.318450928,
                    347.835601807,
                    108.002243042,
                    351.950195313,
                    109.022819519,
                    17.4263744354,
                    -28.2130413055,
                    162.982437134
                ],
                [
                    201.237747192,
                    697.573364258,
                    676.451477051,
                    596.032409668,
                    915.606384277,
                    497.3828125,
                    512.551635742,
                    235.656188965,
                    301.644104004,
                    86.1524887085,
                    125.203727722,
                    -76.3355331421,
                    111.039878845
                ],
                [
                    698.612609863,
                    396.624450684,
                    566.912353516,
                    384.318450928,
                    497.3828125,
                    622.046691895,
                    410.30859375,
                    218.924850464,
                    214.662612915,
                    29.0282058716,
                    91.6040039063,
                    -27.7702178955,
                    11.3799619675
                ],
                [
                    182.605606079,
                    650.351989746,
                    424.125946045,
                    347.835601807,
                    512.551635742,
                    410.30859375,
                    709.166259766,
                    230.469421387,
                    189.499023438,
                    86.7558364868,
                    155.348602295,
                    -39.1182899475,
                    100.920967102
                ],
                [
                    822.076782227,
                    124.327407837,
                    272.759643555,
                    108.002243042,
                    235.656188965,
                    218.924850464,
                    230.469421387,
                    334.902374268,
                    118.371955872,
                    65.9265975952,
                    119.719924927,
                    25.2042751312,
                    -16.3537845612
                ],
                [
                    -152.010025024,
                    298.019287109,
                    287.772125244,
                    351.950195313,
                    301.644104004,
                    214.662612915,
                    189.499023438,
                    118.371955872,
                    384.166015625,
                    66.407661438,
                    74.7256622314,
                    8.19909095764,
                    54.981098175
                ],
                [
                    381.120941162,
                    -64.8918457031,
                    39.9696502686,
                    109.022819519,
                    86.1524887085,
                    29.0282058716,
                    86.7558364868,
                    65.9265975952,
                    66.407661438,
                    217.233322144,
                    36.2117996216,
                    12.22864151,
                    70.997833252
                ],
                [
                    -29.9503955841,
                    267.629669189,
                    139.931289673,
                    17.4263744354,
                    125.203727722,
                    91.6040039063,
                    155.348602295,
                    119.719924927,
                    74.7256622314,
                    36.2117996216,
                    192.764389038,
                    36.9552154541,
                    11.645070076
                ],
                [
                    332.334228516,
                    -172.237533569,
                    32.3565254211,
                    -28.2130413055,
                    -76.3355331421,
                    -27.7702178955,
                    -39.1182899475,
                    25.2042751312,
                    8.19909095764,
                    12.22864151,
                    36.9552154541,
                    146.830612183,
                    -14.3272342682
                ],
                [
                    -464.613464355,
                    136.359527588,
                    -14.6665010452,
                    162.982437134,
                    111.039878845,
                    11.3799619675,
                    100.920967102,
                    -16.3537845612,
                    54.981098175,
                    70.997833252,
                    11.645070076,
                    -14.3272342682,
                    218.722259521
                ]
            ],
            "icov": [
                [
                    7.75997614255e-05,
                    -3.99346063205e-05,
                    6.23683299636e-05,
                    -0.000108731095679,
                    1.66722002177e-05,
                    -0.000113641966891,
                    5.22433074366e-05,
                    -0.00022247050947,
                    0.000181281284313,
                    -0.000193612271687,
                    0.000168348080479,
                    -0.00023227656493,
                    0.000224747709581
                ],
                [
                    -3.99346063205e-05,
                    0.00109183369204,
                    -0.000327046058374,
                    0.000353165029082,
                    -0.000316684396239,
                    0.000292017066386,
                    -0.000644318119157,
                    0.000701003125869,
                    -0.000605387147516,
                    0.000918211124372,
                    -0.00132942176424,
                    0.00134871294722,
                    -0.000542072404642
                ],
                [
                    6.23683299636e-05,
                    -0.000327046058374,
                    0.00119946210179,
                    -0.000798908818979,
                    -0.00020766632224,
                    -0.000540183507837,
                    0.000276066653896,
                    -0.000507783319335,
                    0.000510089681484,
                    -0.000232596226851,
                    0.000125754173496,
                    -0.000949016422965,
                    0.000858722778503
                ],
                [
                    -0.000108731095679,
                    0.000353165029082,
                    -0.000798908818979,
                    0.00164183555171,
                    -0.00036309286952,
                    0.000235439583776,
                    -0.000318638602039,
                    0.000744186341763,
                    -0.00106776389293,
                    0.000267955037998,
                    0.000143566037877,
                    0.000685482111294,
                    -0.00113470386714
                ],
                [
                    1.66722002177e-05,
                    -0.000316684396239,
                    -0.00020766632224,
                    -0.00036309286952,
                    0.00310116447508,
                    -0.00106606306508,
                    -0.00053851341363,
                    -0.000614284304902,
                    -0.000545159389731,
                    -0.000311024341499,
                    5.73377219553e-05,
                    0.000929482863285,
                    -0.000531056721229
                ],
                [
                    -0.000113641966891,
                    0.000292017066386,
                    -0.000540183507837,
                    0.000235439583776,
                    -0.00106606306508,
                    0.00409330381081,
                    -0.00139972567558,
                    -0.000338716752594,
                    -0.000975863717031,
                    0.000958975055255,
                    8.98736980162e-05,
                    0.000649060646538,
                    0.000285402114969
                ],
                [
                    5.22433074366e-05,
                    -0.000644318119157,
                    0.000276066653896,
                    -0.000318638602039,
                    -0.00053851341363,
                    -0.00139972567558,
                    0.00363305304199,
                    -0.00112284813076,
                    0.00068910815753,
                    -0.000816360872705,
                    -0.000512711296324,
                    -0.000274728576187,
                    -0.000544384878594
                ],
                [
                    -0.00022247050947,
                    0.000701003125869,
                    -0.000507783319335,
                    0.000744186341763,
                    -0.000614284304902,
                    -0.000338716752594,
                    -0.00112284813076,
                    0.00628316169605,
                    -0.00112819473725,
                    -0.000187994228327,
                    -0.00281575624831,
                    0.000641677121166,
                    0.000355742435204
                ],
                [
                    0.000181281284313,
                    -0.000605387147516,
                    0.000510089681484,
                    -0.00106776389293,
                    -0.000545159389731,
                    -0.000975863717031,
                    0.00068910815753,
                    -0.00112819473725,
                    0.00485186744481,
                    -0.00125575170387,
                    0.000201623668545,
                    -0.00168884859886,
                    0.000584203167818
                ],
                [
                    -0.000193612271687,
                    0.000918211124372,
                    -0.000232596226851,
                    0.000267955037998,
                    -0.000311024341499,
                    0.000958975055255,
                    -0.000816360872705,
                    -0.000187994228327,
                    -0.00125575170387,
                    0.00689454097301,
                    -0.00150434835814,
                    0.00108314154204,
                    -0.00249963928945
                ],
                [
                    0.000168348080479,
                    -0.00132942176424,
                    0.000125754173496,
                    0.000143566037877,
                    5.73377219553e-05,
                    8.98736980162e-05,
                    -0.000512711296324,
                    -0.00281575624831,
                    0.000201623668545,
                    -0.00150434835814,
                    0.00993780978024,
                    -0.00386246689595,
                    0.000735646579415
                ],
                [
                    -0.00023227656493,
                    0.00134871294722,
                    -0.000949016422965,
                    0.000685482111294,
                    0.000929482863285,
                    0.000649060646538,
                    -0.000274728576187,
                    0.000641677121166,
                    -0.00168884859886,
                    0.00108314154204,
                    -0.00386246689595,
                    0.0105340881273,
                    -0.0012709639268
                ],
                [
                    0.000224747709581,
                    -0.000542072404642,
                    0.000858722778503,
                    -0.00113470386714,
                    -0.000531056721229,
                    0.000285402114969,
                    -0.000544384878594,
                    0.000355742435204,
                    0.000584203167818,
                    -0.00249963928945,
                    0.000735646579415,
                    -0.0012709639268,
                    0.00736513873562
                ]
            ],
            "mean": [
                -84.3937911987,
                81.8390960693,
                -115.891944885,
                30.551984787,
                -58.8368110657,
                23.0580005646,
                -29.4023647308,
                9.57550907135,
                -19.5076122284,
                -3.65690207481,
                -8.79595088959,
                -5.71864509583,
                -10.9032297134
            ]
        },
        "hfc": {
            "dmean": 17.1536197662,
            "dmean2": 29.1234531403,
            "dvar": 2184.8815918,
            "dvar2": 6070.24853516,
            "max": 320.919464111,
            "mean": 18.4661464691,
            "median": 7.76448631287,
            "min": 3.16481063578e-09,
            "var": 1542.26074219
        },
        "melbands": {
            "dmean": [
                0.0038040264044,
                0.00278122071177,
                0.000981227727607,
                0.000477120134747,
                0.000172925327206,
                7.42376505514e-05,
                6.42795712338e-05,
                9.16021162993e-05,
                8.61099470058e-05,
                5.91481912124e-05,
                4.46644153271e-05,
                3.2881845982e-05,
                2.55612085311e-05,
                2.8233471312e-05,
                2.42195037572e-05,
                2.8340920835e-05,
                2.04255866265e-05,
                2.00656249945e-05,
                1.75955974555e-05,
                1.65575693245e-05,
                1.71485698957e-05,
                1.14742124424e-05,
                8.0760109995e-06,
                8.30946191854e-06,
                8.87450732989e-06,
                8.65900074132e-06,
