{
    "lowlevel": {
        "average_loudness": 0.228816628456,
        "barkbands": {
            "dmean": [
                2.98530011378e-07,
                6.09667113167e-05,
                0.000125605351059,
                0.000216132437345,
                0.000871683936566,
                0.000935904798098,
                0.000610554998275,
                0.00042109246715,
                0.000602530431934,
                0.000540597189683,
                0.000415598042309,
                0.000466944096843,
                0.000266774382908,
                0.000190196660697,
                7.90038102423e-05,
                5.38085514563e-05,
                4.33298228018e-05,
                3.3828051528e-05,
                6.61627054797e-05,
                1.31458327814e-05,
                8.56987571751e-06,
                1.56002479343e-05,
                6.14617556494e-06,
                8.4997891463e-06,
                7.92327045929e-06,
                2.43848830905e-06,
                6.33055663446e-10
            ],
            "dmean2": [
                5.09535027504e-07,
                9.67278610915e-05,
                0.000180336384801,
                0.000295215810183,
                0.00130159780383,
                0.00130445195828,
                0.000846944516525,
                0.000585953122936,
                0.000836405495647,
                0.000755845452659,
                0.000602705520578,
                0.000687767693307,
                0.000395814975491,
                0.000271615397651,
                0.000116419796541,
                8.06525931694e-05,
                6.44422980258e-05,
                4.85865712108e-05,
                9.38836747082e-05,
                1.99659843929e-05,
                1.26855729832e-05,
                2.12160102819e-05,
                8.3354079834e-06,
                1.15390630526e-05,
                1.1128899132e-05,
                3.49127867594e-06,
                1.17119736132e-09
            ],
            "dvar": [
                1.01206022729e-12,
                3.34791678824e-08,
                1.78345317181e-07,
                9.46831221427e-07,
                3.25547330249e-06,
                3.63800927516e-06,
                2.4046762519e-06,
                2.10299231185e-06,
                3.12952420245e-06,
                3.84966324418e-06,
                2.69250563179e-06,
                3.16268233291e-06,
                7.46553553199e-07,
                3.26336333956e-07,
                9.93039250829e-08,
                2.47461162672e-08,
                1.17969589652e-08,
                1.1101427333e-08,
                3.2395583105e-08,
                2.1363191216e-09,
                5.95129334702e-10,
                1.50226731055e-09,
                1.11477005404e-09,
                1.19980858582e-09,
                1.7303981581e-09,
                3.99670740947e-10,
                1.66278957516e-18
            ],
            "dvar2": [
                2.17621753951e-12,
                7.73530786091e-08,
                3.39292171248e-07,
                2.27603754865e-06,
                7.44917269913e-06,
                7.01779208612e-06,
                4.90042157253e-06,
                4.43818044005e-06,
                6.17609839537e-06,
                7.47476497054e-06,
                5.43708074474e-06,
                6.70979443385e-06,
                1.73111550339e-06,
                6.25581606073e-07,
                2.12508680875e-07,
                5.24857100004e-08,
                2.67438657886e-08,
                2.12937649735e-08,
                6.87999843763e-08,
                4.44142189693e-09,
                1.28953026035e-09,
                2.73870370826e-09,
                1.85027970723e-09,
                1.95642568812e-09,
                3.45472872532e-09,
                9.1957519377e-10,
                5.34264253042e-18
            ],
            "max": [
                5.73824472667e-05,
                0.00764409266412,
                0.0221274867654,
                0.042355466634,
                0.0442802831531,
                0.0473122596741,
                0.0460955537856,
                0.0527344495058,
                0.0491620190442,
                0.0470869243145,
                0.0562420636415,
                0.0774544999003,
                0.0325495414436,
                0.0198030918837,
                0.0133996102959,
                0.00606096023694,
                0.00262294686399,
                0.00299978512339,
                0.00424868194386,
                0.00231206486933,
                0.000974080059677,
                0.00115991872735,
                0.002119501587,
                0.0016924488591,
                0.00167022552341,
                0.00130146276206,
                1.88775128862e-08
            ],
            "mean": [
                3.77510104954e-07,
                0.000143648561789,
                0.000412893714383,
                0.000610714021605,
                0.00224285572767,
                0.00279045687057,
                0.00162982719485,
                0.000867372495122,
                0.00149839371443,
                0.00141580379568,
                0.00109995726962,
                0.00142674974632,
                0.000679791730363,
                0.000484485644847,
                0.00017010391457,
                0.000119357973745,
                0.000101992802229,
                8.54073441587e-05,
                0.000203061426873,
                3.04724162561e-05,
                2.45742194238e-05,
                5.63872345083e-05,
                1.34528754643e-05,
                2.22633771045e-05,
                1.58940947586e-05,
                3.91698131352e-06,
                4.80985640205e-10
            ],
            "median": [
                1.20139787896e-07,
                2.6902063837e-05,
                5.1607748901e-05,
                6.35748219793e-05,
                0.000735151581466,
                0.000775963591877,
                0.000404480932048,
                0.000134084897581,
                0.000175414985279,
                0.000121893317555,
                9.76212759269e-05,
                5.93448967265e-05,
                6.531670806e-05,
                4.87055731355e-05,
                2.61339646386e-05,
                2.28911321756e-05,
                2.10786092794e-05,
                1.07557898446e-05,
                2.42027817876e-05,
                3.86884994441e-06,
                2.33816263062e-06,
                5.04648278365e-06,
                1.07504388325e-06,
                1.43191186908e-06,
                1.58653620019e-06,
                4.05238779422e-07,
                8.7682333616e-11
            ],
            "min": [
                2.85355641322e-26,
                2.87503117921e-24,
                7.77722534366e-25,
                1.470621518e-24,
                6.2496337702e-24,
                1.04166889501e-23,
                5.03123494664e-24,
                5.86325364313e-24,
                1.08508322384e-23,
                1.49617568095e-23,
                1.9762603351e-23,
                2.37954149153e-23,
                2.65350531084e-23,
                2.19735564319e-23,
                3.39084160827e-23,
                4.68708396378e-23,
                6.35950884143e-23,
                7.70381428309e-23,
                1.05584791248e-22,
                1.55109718691e-22,
                2.17147936466e-22,
                2.65726016253e-22,
                3.5751299918e-22,
                6.12808103321e-22,
                7.29531799877e-22,
                1.1666318272e-21,
                1.84748669356e-21
            ],
            "var": [
                1.43015482269e-12,
                1.59585113124e-07,
                1.13181181405e-06,
                4.33513014286e-06,
                1.45113463077e-05,
                2.20383790293e-05,
                1.08103295133e-05,
                5.52256460651e-06,
                1.45851190609e-05,
                2.1965302949e-05,
                1.4859849216e-05,
                2.80248696072e-05,
                4.07635752708e-06,
                1.92938000509e-06,
                3.49341689798e-07,
                8.96500225167e-08,
                4.11938927414e-08,
                5.07491151325e-08,
                1.91549759165e-07,
                5.95469318299e-09,
                3.16143999868e-09,
                1.37531896982e-08,
                2.55021848083e-09,
                4.52352644231e-09,
                3.77662345841e-09,
                6.02902561209e-10,
                1.22869635663e-18
            ]
        },
        "barkbands_crest": {
            "dmean": 2.0934844017,
            "dmean2": 3.20469594002,
            "dvar": 4.52430772781,
            "dvar2": 10.5365896225,
            "max": 26.7508010864,
            "mean": 12.6006937027,
            "median": 11.8079566956,
            "min": 2.81610584259,
            "var": 24.4168548584
        },
        "barkbands_flatness_db": {
            "dmean": 0.0189140941948,
            "dmean2": 0.0281492508948,
            "dvar": 0.000483134004753,
            "dvar2": 0.00091896939557,
            "max": 0.484752088785,
            "mean": 0.223071321845,
            "median": 0.220331251621,
            "min": 0.0442884303629,
            "var": 0.00356966722757
        },
        "barkbands_kurtosis": {
            "dmean": 4.49606657028,
            "dmean2": 6.87043762207,
            "dvar": 338.628295898,
            "dvar2": 691.932800293,
            "max": 897.855529785,
            "mean": 10.1119499207,
            "median": 3.82960820198,
            "min": -1.92791616917,
            "var": 708.274658203
        },
        "barkbands_skewness": {
            "dmean": 0.487591445446,
            "dmean2": 0.708426892757,
            "dvar": 0.653381347656,
            "dvar2": 1.24100446701,
            "max": 26.4760742188,
            "mean": 1.85037004948,
            "median": 1.56413626671,
            "min": -5.87113046646,
            "var": 3.24614810944
        },
        "barkbands_spread": {
            "dmean": 2.77797245979,
            "dmean2": 4.14797878265,
            "dvar": 45.6962890625,
            "dvar2": 105.571838379,
            "max": 103.821250916,
            "mean": 10.6273384094,
            "median": 7.93181037903,
            "min": 0.172303333879,
            "var": 104.007553101
        },
        "dissonance": {
            "dmean": 0.0289659611881,
            "dmean2": 0.0485042966902,
            "dvar": 0.000807195261586,
            "dvar2": 0.00214845710434,
            "max": 0.500000119209,
            "mean": 0.426531434059,
            "median": 0.436360061169,
            "min": 0.100311249495,
            "var": 0.0024969629012
        },
        "dynamic_complexity": 7.13725471497,
        "erbbands": {
            "dmean": [
                0.000803147733677,
                0.0178104508668,
                0.115001700819,
                0.402137607336,
                1.4512847662,
                3.29453825951,
                6.23827362061,
                8.03055858612,
                7.89848089218,
                9.45151138306,
                8.36913204193,
                11.5743169785,
                17.3589248657,
                12.9747123718,
                16.790851593,
                14.3041591644,
                10.9522390366,
                9.22385120392,
                5.39743804932,
                3.54332232475,
                3.06225776672,
                2.47789311409,
                1.5253303051,
                2.67226719856,
                2.91451787949,
                0.699108302593,
                0.211267590523,
                0.446861833334,
                0.59825450182,
                0.281979590654,
                0.163865715265,
                0.168142616749,
                0.148302704096,
                0.0967589169741,
                0.0535759292543,
                0.0185215491802,
                0.00309444847517,
                0.000100800214568,
                4.0717027332e-06,
                3.4899419461e-06
            ],
            "dmean2": [
                0.00127539457753,
                0.0280066952109,
                0.169064849615,
                0.546846687794,
                2.08483433723,
                5.16918945312,
                9.2349615097,
                10.8143625259,
                10.8710508347,
                13.0002288818,
                11.4685258865,
                15.9708738327,
                24.2836723328,
                18.061050415,
                24.1318531036,
                20.3072986603,
                15.8765745163,
                13.2055873871,
                7.71923875809,
                5.23419713974,
                4.59930181503,
                3.5960214138,
                2.12285041809,
                3.76332330704,
                4.13901233673,
                1.02777612209,
                0.314283102751,
                0.620545983315,
                0.799218654633,
                0.374090731144,
                0.22121347487,
                0.226764217019,
                0.20419883728,
                0.136062219739,
                0.0753988176584,
                0.026040205732,
                0.00451468722895,
                0.00014623250172,
                5.62094101042e-06,
                4.80451762996e-06
            ],
            "dvar": [
                5.43520536667e-06,
                0.00279283267446,
                0.126471489668,
                2.33542895317,
                24.5906467438,
                53.5481948853,
                150.938156128,
                339.279937744,
                498.724700928,
                599.172424316,
                644.625488281,
                1275.57080078,
                4299.71484375,
                1880.0090332,
                3593.41943359,
                2716.44848633,
                1279.54248047,
                810.321228027,
                413.60534668,
                128.455108643,
                61.110748291,
                36.5245895386,
                18.0496578217,
                57.4088821411,
                86.4283294678,
                6.16913318634,
                0.396137803793,
                1.42428481579,
                2.31559967995,
                0.97315621376,
                0.80344671011,
                0.52730256319,
                0.372697085142,
                0.210552126169,
                0.104250185192,
                0.0195511151105,
                0.000731466978323,
                9.30594296733e-07,
                6.32582985993e-10,
                3.12054271312e-11
            ],
            "dvar2": [
                1.35371356009e-05,
                0.00648220255971,
                0.278058379889,
                4.99636983871,
                55.1300888062,
                135.825912476,
                333.970611572,
                630.670776367,
                1042.82617188,
                1197.84082031,
                1292.91809082,
                2634.45605469,
                9027.79785156,
                3500.14160156,
                7692.24023438,
                5288.46044922,
                2929.44995117,
                1600.17199707,
                826.096740723,
                310.497619629,
                132.708908081,
                77.1431503296,
                32.1281242371,
                118.523162842,
                189.930496216,
                12.9387664795,
                0.875511288643,
                2.66331768036,
                4.10452318192,
                1.59954321384,
                1.24794399738,
                0.841484069824,
                0.625398278236,
                0.414799541235,
                0.216839641333,
                0.042555782944,
                0.00164407060947,
                2.18001400754e-06,
                1.39251066233e-09,
                6.07031439004e-11
            ],
            "max": [
                0.0602787658572,
                2.21865653992,
                15.3828363419,
                75.5581436157,
                165.279891968,
                201.667861938,
                279.942962646,
                545.589599609,
                766.849182129,
                661.292602539,
                741.938476562,
                1038.56726074,
                1748.35217285,
                1806.17895508,
                2500.00708008,
                1989.14416504,
                1370.22741699,
                869.467224121,
                831.120117188,
                440.273895264,
                207.466125488,
                147.482040405,
                169.343856812,
                198.561767578,
                258.433685303,
                133.801635742,
                24.9766044617,
                44.0298309326,
                46.8836631775,
                58.1279220581,
                50.2242431641,
                30.1452541351,
                33.0148200989,
                19.7536716461,
                14.4724388123,
                8.34024906158,
                1.83324468136,
                0.069538295269,
                0.00170329259709,
                0.000173129010363
            ],
            "mean": [
                0.00177350384183,
                0.0460335239768,
                0.380298376083,
                1.33739423752,
                3.66699147224,
                7.54335260391,
                17.3092918396,
                24.3666152954,
                21.608379364,
                25.1302604675,
                19.9006462097,
                29.4936656952,
                50.9187583923,
                36.0042190552,
                48.6797904968,
                47.2576332092,
                33.2499923706,
                26.371088028,
                14.6078338623,
                8.31393909454,
                7.40053749084,
                6.26585769653,
                4.62934970856,
                8.48438358307,
                8.17827320099,
                1.90296447277,
                0.613589346409,
                1.62301850319,
                2.22781825066,
                0.844978392124,
                0.366852372885,
                0.412422716618,
                0.376747786999,
                0.204635381699,
                0.0985599383712,
                0.0307717584074,
                0.00507193431258,
                0.00017239175213,
                1.43013703564e-05,
                1.95917218662e-05
            ],
            "median": [
                0.000447764876299,
                0.00991603173316,
                0.0689991414547,
                0.255035728216,
                0.746064245701,
                2.53745388985,
                5.71342372894,
                6.37511634827,
                6.01327323914,
                5.98452997208,
                4.68662309647,
                4.63808441162,
                5.58264255524,
                5.84387683868,
                5.52788639069,
                3.12155628204,
                3.95972061157,
                3.15118980408,
                1.78578126431,
                1.64320969582,
                1.6865606308,
                1.37613749504,
                0.780204296112,
                1.29798865318,
                1.00495326519,
                0.260231852531,
                0.0985735729337,
                0.147813156247,
                0.194826513529,
                0.0897794961929,
                0.030645493418,
                0.0310010686517,
                0.0195524953306,
                0.0174744166434,
                0.00966086424887,
                0.00319302175194,
                0.000530766905285,
                2.09469362744e-05,
                6.63977334625e-06,
                1.15906614155e-05
            ],
            "min": [
                5.81164115623e-23,
                3.73852694043e-22,
                1.85945334746e-21,
                5.46354652516e-21,
                1.21635438892e-20,
                2.05533072625e-20,
                3.44499722496e-20,
                8.81287724266e-20,
                8.62421479328e-20,
                1.91719476282e-19,
                2.11833561948e-19,
                2.50291049782e-19,
                4.60647784144e-19,
                7.06863832036e-19,
                6.87379592707e-19,
                1.16106575956e-18,
                1.43972739829e-18,
                1.77365287035e-18,
                2.41121556237e-18,
                2.20337692088e-18,
                2.82602947556e-18,
                4.23576651017e-18,
                5.1198770012e-18,
                7.2352975328e-18,
                6.69351408392e-18,
                6.66867260935e-18,
                7.957996135e-18,
                8.76640388356e-18,
                1.01649346888e-17,
                9.45736935592e-18,
                9.07686048388e-18,
                1.06816818621e-17,
                9.67462586226e-18,
                7.49169622573e-18,
                5.45525862133e-18,
                4.13687458639e-18,
                2.29739406251e-18,
                8.61053865432e-19,
                2.49595778628e-19,
                2.37167011877e-20
            ],
            "var": [
                1.49071265696e-05,
                0.0139527004212,
                0.774772882462,
                14.6248140335,
                93.6220932007,
                177.173675537,
                703.34765625,
                2035.0982666,
                2304.97290039,
                2293.29907227,
                2098.56591797,
                5769.12939453,
                21329.4121094,
                9050.359375,
                23025.6113281,
                26762.3691406,
                7865.01171875,
                5174.69677734,
                2114.89990234,
                515.627319336,
                280.840911865,
                149.380599976,
                107.734214783,
                372.566802979,
                392.005096436,
                22.2520809174,
                1.85420048237,
                12.4174909592,
                21.3578166962,
                3.95059132576,
                2.05730581284,
                1.78100609779,
                1.35383069515,
                0.488460063934,
                0.210995927453,
                0.0337581411004,
                0.00109056150541,
                1.27276712192e-06,
                1.16979592679e-09,
                4.57493959383e-10
            ]
        },
        "erbbands_crest": {
            "dmean": 2.25649166107,
            "dmean2": 3.42663264275,
            "dvar": 5.37928295135,
            "dvar2": 12.6099805832,
            "max": 31.5159454346,
            "mean": 12.1221513748,
            "median": 10.9312896729,
            "min": 2.480915308,
            "var": 30.1072216034
        },
        "erbbands_flatness_db": {
            "dmean": 0.0148737933487,
            "dmean2": 0.0210006628186,
            "dvar": 0.000350685208105,
            "dvar2": 0.000683746649884,
            "max": 0.392961382866,
            "mean": 0.231124937534,
            "median": 0.233378231525,
            "min": 0.0690289363265,
            "var": 0.00276983715594
        },
        "erbbands_kurtosis": {
            "dmean": 1.48838531971,
            "dmean2": 2.21873950958,
            "dvar": 12.3845233917,
            "dvar2": 23.7962760925,
            "max": 138.497283936,
            "mean": 2.70472478867,
            "median": 1.09707784653,
            "min": -1.81469643116,
            "var": 41.0086936951
        },
        "erbbands_skewness": {
            "dmean": 0.352170318365,
            "dmean2": 0.509924769402,
            "dvar": 0.217671528459,
            "dvar2": 0.406186103821,
            "max": 9.7636756897,
            "mean": 1.01845300198,
            "median": 0.921580731869,
            "min": -3.8720908165,
            "var": 1.05843007565
        },
        "erbbands_spread": {
            "dmean": 4.74795722961,
            "dmean2": 7.0652012825,
            "dvar": 86.1984558105,
            "dvar2": 210.779663086,
            "max": 147.250427246,
            "mean": 23.4721851349,
            "median": 19.685005188,
            "min": 1.78766107559,
            "var": 229.41178894
        },
        "gfcc": {
            "cov": [
                [
                    36538.9921875,
                    265.326538086,
                    -5008.28125,
                    477.359283447,
                    -2235.61914062,
                    198.855041504,
                    -681.806945801,
                    -201.776504517,
                    -945.31854248,
                    -179.672622681,
                    -13.6898050308,
                    153.828735352,
                    -144.177246094
                ],
                [
                    265.326538086,
                    2586.4909668,
                    -301.0362854,
                    -488.547698975,
                    492.202545166,
                    -379.770111084,
                    192.795761108,
                    -239.36289978,
                    98.8338088989,
                    -157.527313232,
                    56.3957328796,
                    -140.179641724,
                    74.2329483032
                ],
                [
                    -5008.28125,
                    -301.0362854,
                    1480.78161621,
                    151.575378418,
                    181.767318726,
                    145.041503906,
                    -107.800849915,
                    80.0874710083,
                    68.35572052,
                    45.1539573669,
                    -103.660568237,
                    -16.1081943512,
                    -13.0221662521
                ],
                [
                    477.359283447,
                    -488.547698975,
                    151.575378418,
                    470.709869385,
                    -67.9100418091,
                    109.933059692,
                    -90.658531189,
                    18.6956481934,
                    2.69824194908,
                    4.56044006348,
                    -49.3114624023,
                    -13.3021183014,
                    1.28728890419
                ],
                [
                    -2235.61914062,
                    492.202545166,
                    181.767318726,
                    -67.9100418091,
                    445.504333496,
                    -72.8691940308,
                    119.087524414,
                    -44.0114402771,
                    100.132247925,
                    -6.05781459808,
                    31.4476642609,
                    -47.6255607605,
                    40.3873252869
                ],
                [
                    198.855041504,
                    -379.770111084,
                    145.041503906,
                    109.933059692,
                    -72.8691940308,
                    312.87210083,
                    18.8197746277,
                    52.9101371765,
                    -29.4902114868,
                    19.5900878906,
                    0.611387312412,
                    15.4500255585,
                    -27.2125701904
                ],
                [
                    -681.806945801,
                    192.795761108,
                    -107.800849915,
                    -90.658531189,
                    119.087524414,
                    18.8197746277,
                    377.733642578,
                    -30.4202289581,
                    18.4445533752,
                    -21.1786899567,
                    52.674785614,
                    27.5156135559,
                    -24.0850009918
                ],
                [
                    -201.776504517,
                    -239.36289978,
                    80.0874710083,
                    18.6956481934,
                    -44.0114402771,
                    52.9101371765,
                    -30.4202289581,
                    180.783065796,
                    -2.12649703026,
                    56.6769599915,
                    6.13724040985,
                    15.6491966248,
                    -16.0230045319
                ],
                [
                    -945.31854248,
                    98.8338088989,
                    68.35572052,
                    2.69824194908,
                    100.132247925,
                    -29.4902114868,
                    18.4445533752,
                    -2.12649703026,
                    142.760299683,
                    9.17363357544,
                    7.62407255173,
                    -27.0740699768,
                    18.2337741852
                ],
                [
                    -179.672622681,
                    -157.527313232,
                    45.1539573669,
                    4.56044006348,
                    -6.05781459808,
                    19.5900878906,
                    -21.1786899567,
                    56.6769599915,
                    9.17363357544,
                    110.685585022,
                    11.1669483185,
                    23.3591365814,
                    -1.72296619415
                ],
                [
                    -13.6898050308,
                    56.3957328796,
                    -103.660568237,
                    -49.3114624023,
                    31.4476642609,
                    0.611387312412,
                    52.674785614,
                    6.13724040985,
                    7.62407255173,
                    11.1669483185,
                    144.662322998,
                    30.6362419128,
                    16.5351657867
                ],
                [
                    153.828735352,
                    -140.179641724,
                    -16.1081943512,
                    -13.3021183014,
                    -47.6255607605,
                    15.4500255585,
                    27.5156135559,
                    15.6491966248,
                    -27.0740699768,
                    23.3591365814,
                    30.6362419128,
                    123.943183899,
                    14.721827507
                ],
                [
                    -144.177246094,
                    74.2329483032,
                    -13.0221662521,
                    1.28728890419,
                    40.3873252869,
                    -27.2125701904,
                    -24.0850009918,
                    -16.0230045319,
                    18.2337741852,
                    -1.72296619415,
                    16.5351657867,
                    14.721827507,
                    119.944244385
                ]
            ],
            "icov": [
                [
                    0.000137703333166,
                    -0.000202004797757,
                    0.000438695540652,
                    -0.000305811496219,
                    0.00044966864516,
                    -0.000279229163425,
                    0.000253247446381,
                    2.2967442419e-05,
                    0.000398016883992,
                    -0.000129209613078,
                    0.000121113553178,
                    -0.00015974190319,
                    0.000121161581774
                ],
                [
                    -0.000202004797757,
                    0.00111025769729,
                    -0.000550746452063,
                    0.00104946352076,
                    -0.00129315687809,
                    0.000844069872983,
                    -0.000415851507569,
                    0.000385996303521,
                    -0.000559492502362,
                    0.000829127093311,
                    -0.000240309687797,
                    0.000814506551251,
                    -0.000375898176571
                ],
                [
                    0.000438695540652,
                    -0.000550746452063,
                    0.00233440147713,
                    -0.00103053217754,
                    0.000690638262313,
                    -0.00133745174389,
                    0.00120347493794,
                    -0.000181430688826,
                    0.000999719835818,
                    -0.000390542118112,
                    0.00108756311238,
                    -0.000835950952023,
                    0.000609209993854
                ],
                [
                    -0.000305811496219,
                    0.00104946352076,
                    -0.00103053217754,
                    0.00368826743215,
                    -0.00119583017658,
                    3.91489556932e-05,
                    -0.000128324973048,
                    0.000367770553567,
                    -0.00126499217004,
                    0.000853499106597,
                    0.000253634934779,
                    0.000926708977204,
                    -0.000677817151882
                ],
                [
                    0.00044966864516,
                    -0.00129315687809,
                    0.000690638262313,
                    -0.00119583017658,
                    0.00572921428829,
                    -0.000479084876133,
                    -0.000469822320156,
                    0.000372520444216,
                    -0.000171273641172,
                    -0.00131782633252,
                    -0.000404417864047,
                    0.000649792316835,
                    -0.000670631125104
                ],
                [
                    -0.000279229163425,
                    0.000844069872983,
                    -0.00133745174389,
                    3.91489556932e-05,
                    -0.000479084876133,
                    0.00500191934407,
                    -0.00136793032289,
                    -0.000563770125154,
                    -6.54319228488e-05,
                    0.000323867745465,
                    -0.000893764896318,
                    0.000847250688821,
                    -2.36985888478e-05
                ],
                [
                    0.000253247446381,
                    -0.000415851507569,
                    0.00120347493794,
                    -0.000128324973048,
                    -0.000469822320156,
                    -0.00136793032289,
                    0.00416239211336,
                    0.000329563452397,
                    0.000337629491696,
                    0.000579195795581,
                    -0.000290483905701,
                    -0.00177567044739,
                    0.00163648708258
                ],
                [
                    2.2967442419e-05,
                    0.000385996303521,
                    -0.000181430688826,
                    0.000367770553567,
                    0.000372520444216,
                    -0.000563770125154,
                    0.000329563452397,
                    0.00738880503923,
                    -0.000165429635672,
                    -0.00292102526873,
                    -0.000543362344615,
                    0.000209012679989,
                    0.000597398087848
                ],
                [
                    0.000398016883992,
                    -0.000559492502362,
                    0.000999719835818,
                    -0.00126499217004,
                    -0.000171273641172,
                    -6.54319228488e-05,
                    0.000337629491696,
                    -0.000165429635672,
                    0.0100777689368,
                    -0.00146877090447,
                    -0.000166294485098,
                    0.00135347666219,
                    -0.000660972320475
                ],
                [
                    -0.000129209613078,
                    0.000829127093311,
                    -0.000390542118112,
                    0.000853499106597,
                    -0.00131782633252,
                    0.000323867745465,
                    0.000579195795581,
                    -0.00292102526873,
                    -0.00146877090447,
                    0.0121439192444,
                    -0.000663687766064,
                    -0.00163845042698,
                    0.000213607709156
                ],
                [
                    0.000121113553178,
                    -0.000240309687797,
                    0.00108756311238,
                    0.000253634934779,
                    -0.000404417864047,
                    -0.000893764896318,
                    -0.000290483905701,
                    -0.000543362344615,
                    -0.000166294485098,
                    -0.000663687766064,
                    0.00869860500097,
                    -0.00214165239595,
                    -0.000708407605998
                ],
                [
                    -0.00015974190319,
                    0.000814506551251,
                    -0.000835950952023,
                    0.000926708977204,
                    0.000649792316835,
                    0.000847250688821,
                    -0.00177567044739,
                    0.000209012679989,
                    0.00135347666219,
                    -0.00163845042698,
                    -0.00214165239595,
                    0.0111152445897,
                    -0.00245034554973
                ],
                [
                    0.000121161581774,
                    -0.000375898176571,
                    0.000609209993854,
                    -0.000677817151882,
                    -0.000670631125104,
                    -2.36985888478e-05,
                    0.00163648708258,
                    0.000597398087848,
                    -0.000660972320475,
                    0.000213607709156,
                    -0.000708407605998,
                    -0.00245034554973,
                    0.00991971604526
                ]
            ],
            "mean": [
                -139.999511719,
                123.96157074,
                -127.452590942,
                1.07168066502,
                -70.5154800415,
                -1.465898633,
                -47.4909210205,
                -0.407149374485,
                -30.0610103607,
                -4.17829370499,
                -11.8651266098,
                -2.3857357502,
                -7.80724525452
            ]
        },
        "hfc": {
            "dmean": 2.0532336235,
            "dmean2": 2.76206827164,
            "dvar": 13.4141435623,
            "dvar2": 24.9556026459,
            "max": 108.277770996,
            "mean": 12.3598165512,
            "median": 5.06853103638,
            "min": 1.06654517513e-16,
            "var": 271.448913574
        },
        "melbands": {
            "dmean": [
                1.19796641229e-05,
                4.66212222818e-05,
                9.26325374166e-05,
                0.000167324615177,
                0.000204938012757,
                0.000175746783498,
                0.000119776581414,
                0.000104388665932,
                7.13671761332e-05,
                7.77836467023e-05,
                8.98078505998e-05,
                5.74767473154e-05,
                6.25561224297e-05,
                5.2387083997e-05,
                3.45698754245e-05,
                2.32518978009e-05,
                1.79539529199e-05,
                1.09813445306e-05,
                5.56372924621e-06,
                3.48713979292e-06,
                3.94527114622e-06,
