{
    "lowlevel": {
        "average_loudness": 0.928695619106,
        "barkbands": {
            "dmean": [
                0.00020854032482,
                0.00445338105783,
                0.00193993281573,
                0.00108679628465,
                0.00083925522631,
                0.000693099922501,
                0.000749563798308,
                0.00069032353349,
                0.000852780183777,
                0.000873283133842,
                0.00164651835803,
                0.000458718364825,
                0.000372403737856,
                0.000538363412488,
                0.000472632644232,
                0.000434352725279,
                0.000364889885532,
                0.000407596467994,
                0.000244171969825,
                0.000175561392098,
                0.000101797551906,
                8.36706385599e-05,
                0.000104382139398,
                0.000106036626676,
                0.000115564296721,
                8.24043963803e-05,
                6.49960929877e-05
            ],
            "dmean2": [
                0.000256730418187,
                0.00637697661296,
                0.00324095925316,
                0.00184144091327,
                0.0012990757823,
                0.00106774526648,
                0.00113976909779,
                0.00107567908708,
                0.00124905828852,
                0.00131503131706,
                0.00238195317797,
                0.000682576035615,
                0.000586697191466,
                0.00084072817117,
                0.000748856633436,
                0.000677473552059,
                0.0005550996284,
                0.000626561464742,
                0.000386405707104,
                0.000270757474937,
                0.000160306852194,
                0.000132400004077,
                0.000159629038535,
                0.000159065515618,
                0.000177236302989,
                0.000135028458317,
                0.000113461406727
            ],
            "dvar": [
                2.75179303344e-07,
                0.000109568441985,
                2.67454925051e-05,
                4.58223348687e-06,
                1.68793724242e-06,
                2.61890954789e-06,
                4.88486102768e-06,
                4.61376112071e-06,
                6.34472507954e-06,
                5.32134890818e-06,
                1.44292489495e-05,
                1.45744309066e-06,
                1.59778414854e-06,
                2.03226454687e-06,
                1.83170527635e-06,
                1.48573678871e-06,
                1.07191578991e-06,
                6.40681491859e-07,
                1.89727174416e-07,
                9.29548065187e-08,
                3.60742795635e-08,
                4.43366445779e-08,
                9.77030580884e-08,
                1.69052881915e-07,
                2.46133794235e-07,
                6.20538500584e-08,
                4.46212133909e-08
            ],
            "dvar2": [
                4.04729888714e-07,
                0.000227829019423,
                7.26067373762e-05,
                1.2175595657e-05,
                3.8499429138e-06,
                5.86285887039e-06,
                1.08854637801e-05,
                1.10417176984e-05,
                1.44165969687e-05,
                1.15303391794e-05,
                2.99145831377e-05,
                2.93904986393e-06,
                3.76144475922e-06,
                4.72821056974e-06,
                4.32749584434e-06,
                3.39079633704e-06,
                2.25249186769e-06,
                1.43740794556e-06,
                4.39442004563e-07,
                2.06302814831e-07,
                8.46875778393e-08,
                9.06123389655e-08,
                2.1181045895e-07,
                3.18820582379e-07,
                5.2330346989e-07,
                1.57286521585e-07,
                1.21225710359e-07
            ],
            "max": [
                0.00650188094005,
                0.101625785232,
                0.0491523519158,
                0.0388143882155,
                0.0349479578435,
                0.0460875928402,
                0.0518899038434,
                0.0377087891102,
                0.0468620732427,
                0.052876342088,
                0.0542188286781,
                0.0369880571961,
                0.0325731113553,
                0.0346235781908,
                0.0443099103868,
                0.0348430238664,
                0.0280488263816,
                0.0156561490148,
                0.0104396566749,
                0.00688848597929,
                0.00479296222329,
                0.00995438825339,
                0.0102356802672,
                0.0151187088341,
                0.0155602619052,
                0.00934499874711,
                0.00189905904699
            ],
            "mean": [
                0.000270006567007,
                0.00889424793422,
                0.00211768806912,
                0.00146151450463,
                0.00186311837751,
                0.00122127716895,
                0.0011194756953,
                0.00104015436955,
                0.00154509197455,
                0.00190950289834,
                0.00454815709963,
                0.000781137030572,
                0.000612921605352,
                0.000867155613378,
                0.000672814494465,
                0.00061058200663,
                0.000599148450419,
                0.000714158872142,
                0.00044064069516,
                0.000353058305336,
                0.000185140466783,
                0.000162367839948,
                0.000188438047189,
                0.000171261504875,
                0.00016599879018,
                0.000102265861642,
                5.90364252275e-05
            ],
            "median": [
                1.04006558104e-05,
                0.000780496571679,
                0.000749682600144,
                0.000601425010245,
                0.00115025916602,
                0.000525284965988,
                0.000314937817166,
                0.000240432913415,
                0.000433561508544,
                0.000352461123839,
                0.000481011462398,
                0.000184120479389,
                0.000167886231793,
                0.000257028499618,
                0.000211962062167,
                0.000170964791323,
                0.000191820145119,
                0.000289227406029,
                0.000239907807554,
                0.000183648764505,
                0.000106914238131,
                9.5479976153e-05,
                8.54949175846e-05,
                5.82911125093e-05,
                4.6649518481e-05,
                2.49092390732e-05,
                1.04630007627e-05
            ],
            "min": [
                1.70531832637e-23,
                3.97080835925e-23,
                6.20767149764e-24,
                3.93605580205e-24,
                4.03686315384e-23,
                3.97273444204e-23,
                9.5565601419e-23,
                3.0125499876e-23,
                1.08261074444e-22,
                5.03719337083e-23,
                4.82201767498e-23,
                4.08722971382e-23,
                1.01009252847e-22,
                6.5928147697e-23,
                1.60644114367e-22,
                2.6104760408e-22,
                2.09225172892e-22,
                1.82741900614e-22,
                2.48913484475e-22,
                1.67685915947e-22,
                4.44846111301e-22,
                5.94810614111e-22,
                8.72881634577e-22,
                7.33003949063e-22,
                1.12081821895e-21,
                1.78726891431e-21,
                2.46729660005e-21
            ],
            "var": [
                6.04802892212e-07,
                0.000340777856763,
                2.07238372241e-05,
                6.01880583417e-06,
                6.07201991443e-06,
                5.73037550566e-06,
                8.29038617667e-06,
                7.72696512286e-06,
                1.47375758388e-05,
                2.74036719929e-05,
                8.53086312418e-05,
                4.22300172431e-06,
                3.20714684676e-06,
                4.23809160566e-06,
                2.73137402473e-06,
                2.48630317401e-06,
                2.51731944445e-06,
                1.5248829186e-06,
                4.01399120165e-07,
                2.50935954682e-07,
                6.36348858052e-08,
                9.86124746305e-08,
                1.84958878435e-07,
                3.38637420327e-07,
                3.41669448289e-07,
                6.66644481839e-08,
                3.19830384399e-08
            ]
        },
        "barkbands_crest": {
            "dmean": 2.82007336617,
            "dmean2": 4.16324186325,
            "dvar": 7.74299287796,
            "dvar2": 15.8081254959,
            "max": 26.396900177,
            "mean": 11.515622139,
            "median": 10.152258873,
            "min": 2.12454485893,
            "var": 32.5058479309
        },
        "barkbands_flatness_db": {
            "dmean": 0.022803042084,
            "dmean2": 0.0316912606359,
            "dvar": 0.000598219630774,
            "dvar2": 0.00125318940263,
            "max": 0.386794298887,
            "mean": 0.118329413235,
            "median": 0.109732285142,
            "min": 0.0148653034121,
            "var": 0.00264693587087
        },
        "barkbands_kurtosis": {
            "dmean": 2.97971582413,
            "dmean2": 4.62150478363,
            "dvar": 107.096633911,
            "dvar2": 272.759674072,
            "max": 580.731750488,
            "mean": 4.37225437164,
            "median": 0.952460348606,
            "min": -1.87790679932,
            "var": 520.572998047
        },
        "barkbands_skewness": {
            "dmean": 0.578371942043,
            "dmean2": 0.837755739689,
            "dvar": 0.567390143871,
            "dvar2": 1.18997442722,
            "max": 12.879740715,
            "mean": 1.03468227386,
            "median": 0.90794467926,
            "min": -21.829126358,
            "var": 2.93971180916
        },
        "barkbands_spread": {
            "dmean": 6.73322486877,
            "dmean2": 10.1992387772,
            "dvar": 73.5326004028,
            "dvar2": 163.434814453,
            "max": 141.868652344,
            "mean": 25.0838527679,
            "median": 22.9486541748,
            "min": 0.532888948917,
            "var": 204.118209839
        },
        "dissonance": {
            "dmean": 0.0201764255762,
            "dmean2": 0.0335202813148,
            "dvar": 0.000423979567131,
            "dvar2": 0.00113817071542,
            "max": 0.5,
            "mean": 0.461801379919,
            "median": 0.47067129612,
            "min": 0.239056378603,
            "var": 0.000968214822933
        },
        "dynamic_complexity": 2.64865016937,
        "erbbands": {
            "dmean": [
                0.154548838735,
                1.09128558636,
                2.24437975883,
                2.97287583351,
                2.79266190529,
                2.90267968178,
                5.62347459793,
                4.70724391937,
                8.76383113861,
                12.1541013718,
                17.2747707367,
                18.4305534363,
                20.4223632813,
                56.4240837097,
                37.207736969,
                15.3108034134,
                15.8223991394,
                23.1784477234,
                22.7909049988,
                24.2880973816,
                19.8098297119,
                20.0645828247,
                20.3021183014,
                17.248998642,
                9.27289390564,
                7.60513114929,
                4.81600141525,
                3.60700774193,
                3.0108897686,
                3.195322752,
                2.95938706398,
                2.33362603188,
                1.76090157032,
                1.3470954895,
                0.819127142429,
                0.386475324631,
                0.129747703671,
                0.0490265153348,
                0.0130021683872,
                0.000664950173814
            ],
            "dmean2": [
                0.159837186337,
                1.62363290787,
                3.47537279129,
                5.02519273758,
                4.67221307755,
                4.48100852966,
                8.46682167053,
                7.35189914703,
                13.3262996674,
                18.5586738586,
                26.3251152039,
                26.9230766296,
                30.5780792236,
                80.4716873169,
                54.9765892029,
                22.9551391602,
                24.6245574951,
                36.6471099854,
                34.8696937561,
                38.0094223022,
                29.9358329773,
                30.2689666748,
                30.5937175751,
                26.9130249023,
                14.6208972931,
                11.5858888626,
                7.3534822464,
                5.72487163544,
                4.7545838356,
                5.00524950027,
                4.49349069595,
                3.56762671471,
                2.60832071304,
                2.05613875389,
                1.28553581238,
                0.618986785412,
                0.213885843754,
                0.0838015601039,
                0.0227729305625,
                0.00115688994993
            ],
            "dvar": [
                0.112306892872,
                7.18901014328,
                33.6616668701,
                37.507068634,
                25.3101997375,
                24.2536888123,
                160.226257324,
                142.015991211,
                576.674987793,
                1645.92626953,
                2873.54492188,
                3197.28466797,
                3229.44360352,
                20336.1660156,
                8761.51660156,
                1560.2421875,
                2942.19458008,
                3701.58032227,
                3536.56152344,
                5380.40039063,
                2986.79223633,
                3354.98632813,
                1810.38562012,
                1164.66894531,
                245.34715271,
                204.127716064,
                75.3472824097,
                57.2952728271,
                52.4299278259,
                81.0891189575,
                83.8061676025,
                67.4814910889,
                52.8379821777,
                40.0794334412,
                11.7708396912,
                2.19799590111,
                0.125848576427,
                0.0224247630686,
                0.0017970878398,
                4.47601178166e-06
            ],
            "dvar2": [
                0.144064471126,
                15.9118061066,
                83.6262283325,
                99.7530670166,
                68.8395614624,
                55.4815254211,
                356.103424072,
                338.856262207,
                1243.51696777,
                4042.77099609,
                6753.16259766,
                7247.98632813,
                7020.33984375,
                41933.4882813,
                20223.3496094,
                3399.35375977,
                7069.67773438,
                9044.8828125,
                8088.25195313,
                12642.53125,
                6669.10058594,
                7333.69384766,
                3913.95849609,
                2741.82763672,
                580.119018555,
                461.843353271,
                168.009506226,
                133.594100952,
                109.106735229,
                168.78843689,
                184.450363159,
                142.176010132,
                94.1421051025,
                84.2239379883,
                25.5619716644,
                5.42209243774,
                0.319941550493,
                0.0609299130738,
                0.00492340931669,
                1.19924943647e-05
            ],
            "max": [
                4.35518693924,
                25.3918704987,
                61.522808075,
                91.3925170898,
                102.232925415,
                138.451858521,
                373.252502441,
                286.071746826,
                595.484191895,
                837.610534668,
                1102.46435547,
                1366.44677734,
                1449.73339844,
                2374.3918457,
                2564.11889648,
                1272.92822266,
                1708.41369629,
                1253.63928223,
                1806.12145996,
                2756.14746094,
                1638.01635742,
                1666.7611084,
                1119.19665527,
                731.38458252,
                498.425964355,
                303.861022949,
                194.381576538,
                225.052047729,
                399.506744385,
                285.200408936,
                350.002685547,
                296.042877197,
                237.147476196,
                231.393157959,
                102.581924438,
                58.4006385803,
                12.2787761688,
                2.65025854111,
                0.406372785568,
                0.0194191560149
            ],
            "mean": [
                0.291654825211,
                1.82094097137,
                2.7155008316,
                4.07091569901,
                4.79308652878,
                6.3312253952,
                10.823554039,
                8.45530128479,
                14.3102283478,
                18.444272995,
                29.641702652,
                33.2532234192,
                46.3803062439,
                156.820632935,
                98.0048217773,
                30.7818717957,
                29.5314693451,
                40.7671127319,
                36.9343910217,
                36.180721283,
                34.0368309021,
                34.7081298828,
                38.1878242493,
                33.6572341919,
                18.1845264435,
                15.4004602432,
                9.36027336121,
                6.54000329971,
                5.75006055832,
                5.88864135742,
                5.17359018326,
                3.83763432503,
                2.74669265747,
                1.94189727306,
                1.13356554508,
                0.503523588181,
                0.162498995662,
                0.0487901195884,
                0.0113319223747,
                0.000657926080748
            ],
            "median": [
                0.0141555871814,
                0.222978413105,
                1.00514554977,
                1.92131686211,
                2.69025468826,
                3.70796012878,
                4.80383777618,
                3.95421862602,
                4.31676864624,
                5.46117734909,
                7.71097373962,
                10.2274589539,
                13.3621444702,
                19.8456516266,
                16.1990318298,
                10.3388814926,
                10.118850708,
                13.8987674713,
                14.3526382446,
                13.7481069565,
                9.97157382965,
                12.1109428406,
                15.0957450867,
                16.9622745514,
                10.7057952881,
                7.76852035522,
                5.58139419556,
                3.82993841171,
                3.36284923553,
                3.13741660118,
                2.25545620918,
                1.48755669594,
                0.839879333973,
                0.521824359894,
                0.332036912441,
                0.12241589278,
                0.0409183427691,
                0.0100257918239,
                0.0019027950475,
                0.000143655532156
            ],
            "min": [
                1.7877976152e-21,
                6.61652805473e-21,
                6.34945292224e-21,
                1.27152240823e-20,
                8.03413257862e-20,
                1.6529578615e-19,
                2.2759848705e-19,
                3.21199246637e-19,
                9.66723603746e-19,
                1.22829320948e-18,
                1.2176173063e-18,
                2.29989545668e-18,
                1.87229870789e-18,
                1.27196183178e-18,
                2.49114188905e-18,
                1.71842594996e-18,
                4.69545393762e-18,
                3.06381102124e-18,
                6.65303972295e-18,
                1.10090675408e-17,
                1.42669795947e-17,
                1.29650767199e-17,
                1.01272235247e-17,
                1.17877257387e-17,
                1.09073086091e-17,
                8.95746440708e-18,
                1.37799331685e-17,
                1.86080350299e-17,
                1.8981811479e-17,
                2.8585595112e-17,
                2.03153540122e-17,
                1.86616313706e-17,
                1.19288493686e-17,
                1.27348012179e-17,
                7.49964046834e-18,
                5.80680293704e-18,
                3.59045024068e-18,
                1.5031498174e-18,
                3.13685344748e-19,
                3.74416486494e-20
            ],
            "var": [
                0.469422727823,
                15.3134975433,
                33.3333587646,
                43.5984077454,
                39.3538742065,
                89.9497299194,
                412.354797363,
                225.880737305,
                1182.26696777,
                2259.11547852,
                6008.39550781,
                6426.89648438,
                15166.7841797,
                119366.148438,
                49471.4023438,
                4390.45458984,
                5954.61865234,
                8287.59667969,
                5916.64599609,
                7252.27441406,
                7462.64648438,
                7029.21875,
                5151.23876953,
                2529.50097656,
                543.391845703,
                508.667694092,
                155.444564819,
                96.3656234741,
                111.355117798,
                178.208465576,
                151.849838257,
                128.048171997,
                103.796958923,
                54.9739952087,
                15.9689912796,
                2.49914216995,
                0.135841876268,
                0.0168919935822,
                0.00124846689869,
                3.69783674614e-06
            ]
        },
        "erbbands_crest": {
            "dmean": 2.90480422974,
            "dmean2": 4.49891757965,
            "dvar": 8.54201889038,
            "dvar2": 19.8038406372,
            "max": 32.9436264038,
            "mean": 12.184220314,
            "median": 10.0577955246,
            "min": 2.16127157211,
            "var": 51.1583137512
        },
        "erbbands_flatness_db": {
            "dmean": 0.0183677580208,
            "dmean2": 0.026234799996,
            "dvar": 0.000313527300023,
            "dvar2": 0.000635634525679,
            "max": 0.35031953454,
            "mean": 0.15315656364,
            "median": 0.147678092122,
            "min": 0.0343827269971,
            "var": 0.00255967746489
        },
        "erbbands_kurtosis": {
            "dmean": 1.47712278366,
            "dmean2": 2.18783473969,
            "dvar": 5.60954046249,
            "dvar2": 11.4503698349,
            "max": 75.6346740723,
            "mean": 2.14989590645,
            "median": 0.299462735653,
            "min": -1.79877495766,
            "var": 25.318819046
        },
        "erbbands_skewness": {
            "dmean": 0.406180888414,
            "dmean2": 0.585652351379,
            "dvar": 0.157912805676,
            "dvar2": 0.320413172245,
            "max": 5.57727622986,
            "mean": 0.392630636692,
            "median": 0.299317806959,
            "min": -3.76502156258,
            "var": 1.07800829411
        },
        "erbbands_spread": {
            "dmean": 7.31381130219,
            "dmean2": 10.9714298248,
            "dvar": 67.3507995605,
            "dvar2": 147.380889893,
            "max": 152.046279907,
            "mean": 33.8060455322,
            "median": 31.9740886688,
            "min": 1.53225958347,
            "var": 372.638153076
        },
        "gfcc": {
            "cov": [
                [
                    8379.14355469,
                    497.415008545,
                    259.328491211,
                    298.832061768,
                    361.223114014,
                    144.565414429,
                    -37.0936965942,
                    61.0749435425,
                    -240.49230957,
                    21.9584827423,
                    -98.4341964722,
                    75.0715255737,
                    -31.5866527557
                ],
                [
                    497.415008545,
                    883.062744141,
                    -91.4948120117,
                    107.564033508,
                    88.8937683105,
                    42.76404953,
                    77.5914382935,
                    -40.389591217,
                    -28.2302951813,
                    -59.9500656128,
                    33.1088294983,
                    -14.3712339401,
                    33.2089118958
                ],
                [
                    259.328491211,
                    -91.4948120117,
                    837.976989746,
                    135.041717529,
                    262.130004883,
                    133.069900513,
                    111.930900574,
                    18.5608997345,
                    14.7562389374,
                    66.0433731079,
                    40.9173240662,
                    86.9601821899,
                    42.7052497864
                ],
                [
                    298.832061768,
                    107.564033508,
                    135.041717529,
                    378.881103516,
                    93.9914474487,
                    30.7394390106,
                    -10.1856880188,
                    96.1279220581,
                    74.8042373657,
                    58.9015769958,
                    18.9440097809,
                    3.33230376244,
                    2.47748327255
                ],
                [
                    361.223114014,
                    88.8937683105,
                    262.130004883,
                    93.9914474487,
                    469.729217529,
                    121.301361084,
                    188.396774292,
                    18.0715732574,
                    27.6021366119,
                    27.7799625397,
                    59.6063232422,
                    63.0480499268,
                    43.0228462219
                ],
                [
                    144.565414429,
                    42.76404953,
                    133.069900513,
                    30.7394390106,
                    121.301361084,
                    289.273834229,
                    174.538391113,
                    44.3506584167,
                    16.8059844971,
                    45.8187637329,
                    48.8952178955,
                    52.5426940918,
                    31.2066879272
                ],
                [
                    -37.0936965942,
                    77.5914382935,
                    111.930900574,
                    -10.1856880188,
                    188.396774292,
                    174.538391113,
                    337.087554932,
                    70.239074707,
                    39.1663894653,
                    32.2789878845,
                    85.4343490601,
                    70.8591308594,
                    56.3133125305
                ],
                [
                    61.0749435425,
                    -40.389591217,
                    18.5608997345,
                    96.1279220581,
                    18.0715732574,
                    44.3506584167,
                    70.239074707,
                    240.897857666,
                    120.592025757,
                    63.1004180908,
                    30.014837265,
                    17.98802948,
                    25.7331542969
                ],
                [
                    -240.49230957,
                    -28.2302951813,
                    14.7562389374,
                    74.8042373657,
                    27.6021366119,
                    16.8059844971,
                    39.1663894653,
                    120.592025757,
                    206.728668213,
                    76.3331222534,
                    18.8293781281,
                    -5.41779613495,
                    -5.26496696472
                ],
                [
                    21.9584827423,
                    -59.9500656128,
                    66.0433731079,
                    58.9015769958,
                    27.7799625397,
                    45.8187637329,
                    32.2789878845,
                    63.1004180908,
                    76.3331222534,
                    148.953460693,
                    72.1629486084,
                    15.5365486145,
                    -10.5946397781
                ],
                [
                    -98.4341964722,
                    33.1088294983,
                    40.9173240662,
                    18.9440097809,
                    59.6063232422,
                    48.8952178955,
                    85.4343490601,
                    30.014837265,
                    18.8293781281,
                    72.1629486084,
                    146.200119019,
                    52.2796325684,
                    17.787481308
                ],
                [
                    75.0715255737,
                    -14.3712339401,
                    86.9601821899,
                    3.33230376244,
                    63.0480499268,
                    52.5426940918,
                    70.8591308594,
                    17.98802948,
                    -5.41779613495,
                    15.5365486145,
                    52.2796325684,
                    112.576660156,
                    56.286403656
                ],
                [
                    -31.5866527557,
                    33.2089118958,
                    42.7052497864,
                    2.47748327255,
                    43.0228462219,
                    31.2066879272,
                    56.3133125305,
                    25.7331542969,
                    -5.26496696472,
                    -10.5946397781,
                    17.787481308,
                    56.286403656,
                    106.604103088
                ]
            ],
            "icov": [
                [
                    0.000155470479513,
                    -0.000115573879157,
                    2.81573079519e-06,
                    -4.21069780714e-05,
                    -0.000149153565872,
                    -3.83543701901e-05,
                    0.000103524609585,
                    -0.000222008136916,
                    0.00037529101246,
                    -0.000255410093814,
                    0.000339410296874,
                    -0.000266710558208,
                    0.000229586556088
                ],
                [
                    -0.000115573879157,
                    0.00154067785479,
                    0.000289110903395,
                    -0.000682795303874,
                    -2.46949166467e-05,
                    -0.000155739369802,
                    -0.000426275131758,
                    0.000691504974384,
                    -0.000324130698573,
                    0.00114105339162,
                    -0.00103781907819,
                    0.00100369600113,
                    -0.000759713642765
                ],
                [
                    2.81573079519e-06,
                    0.000289110903395,
                    0.00169318495318,
                    -0.000526565825567,
                    -0.000730205327272,
                    -0.000337872712407,
                    -2.07486627914e-05,
                    0.000314304896165,
                    0.000199981906917,
                    -0.000555000442546,
                    0.000430464162491,
                    -0.000773978070356,
                    -0.000135034570121
                ],
                [
                    -4.21069780714e-05,
                    -0.000682795303874,
                    -0.000526565825567,
                    0.00387260504067,
                    -0.000698212126736,
                    -0.000217022752622,
                    0.00132425001357,
                    -0.00148077867925,
                    -0.000480034039356,
                    -0.000816036539618,
                    6.5275336965e-05,
                    0.000113175927254,
                    0.000148936029291
                ],
                [
                    -0.000149153565872,
                    -2.46949166467e-05,
                    -0.000730205327272,
                    -0.000698212126736,
                    0.00357884448022,
                    -1.14236663649e-05,
                    -0.00173991185147,
                    0.00093993335031,
                    -0.000730608066078,
                    0.000547934498172,
                    -0.000544304377399,
                    -6.43147577648e-05,
                    -0.000333384959958
                ],
                [
                    -3.83543701901e-05,
                    -0.000155739369802,
                    -0.000337872712407,
                    -0.000217022752622,
                    -1.14236663649e-05,
                    0.00550966337323,
                    -0.00267975148745,
                    -0.000119498530694,
                    0.000631246948615,
                    -0.00150146638043,
                    0.000815687002614,
                    -0.000824965187348,
                    0.000195135566173
                ],
                [
                    0.000103524609585,
                    -0.000426275131758,
                    -2.07486627914e-05,
                    0.00132425001357,
                    -0.00173991185147,
                    -0.00267975148745,
                    0.00652555702254,
                    -0.00151611084584,
                    -0.000507740827743,
                    0.000899089500308,
                    -0.00194591970649,
                    -0.0006782686105,
                    -0.000706401537172
                ],
                [
                    -0.000222008136916,
                    0.000691504974384,
                    0.000314304896165,
                    -0.00148077867925,
                    0.00093993335031,
                    -0.000119498530694,
                    -0.00151611084584,
                    0.00747410161421,
                    -0.00373917678371,
                    -0.000260262866504,
                    -0.000492802180815,
                    0.000456361070974,
                    -0.00208960240707
                ],
                [
                    0.00037529101246,
                    -0.000324130698573,
                    0.000199981906917,
                    -0.000480034039356,
                    -0.000730608066078,
                    0.000631246948615,
                    -0.000507740827743,
                    -0.00373917678371,
                    0.00904450193048,
                    -0.00406680209562,
                    0.00217854627408,
                    4.48167775176e-05,
                    0.00107944803312
                ],
                [
                    -0.000255410093814,
                    0.00114105339162,
                    -0.000555000442546,
                    -0.000816036539618,
                    0.000547934498172,
                    -0.00150146638043,
                    0.000899089500308,
                    -0.000260262866504,
                    -0.00406680209562,
                    0.0135561143979,
                    -0.00712861819193,
                    0.00123124662787,
                    0.00130219664425
                ],
                [
                    0.000339410296874,
                    -0.00103781907819,
                    0.000430464162491,
                    6.5275336965e-05,
                    -0.000544304377399,
                    0.000815687002614,
                    -0.00194591970649,
                    -0.000492802180815,
                    0.00217854627408,
                    -0.00712861819193,
                    0.0133034698665,
                    -0.00520845688879,
                    0.00130708818324
                ],
                [
                    -0.000266710558208,
                    0.00100369600113,
                    -0.000773978070356,
                    0.000113175927254,
                    -6.43147577648e-05,
                    -0.000824965187348,
                    -0.0006782686105,
                    0.000456361070974,
                    4.48167775176e-05,
                    0.00123124662787,
                    -0.00520845688879,
                    0.016435790807,
                    -0.0072530596517
                ],
                [
                    0.000229586556088,
                    -0.000759713642765,
                    -0.000135034570121,
                    0.000148936029291,
                    -0.000333384959958,
                    0.000195135566173,
                    -0.000706401537172,
                    -0.00208960240707,
                    0.00107944803312,
                    0.00130219664425,
                    0.00130708818324,
                    -0.0072530596517,
                    0.0144850220531
                ]
            ],
            "mean": [
                23.7512111664,
                55.6577606201,
                -115.394523621,
                19.1650924683,
                -51.6119041443,
                11.9194021225,
                -30.561504364,
                10.4669094086,
                -24.6196155548,
                -4.14239501953,
                -16.4947395325,
                0.982343971729,
                -11.8533830643
            ]
        },
        "hfc": {
            "dmean": 9.53975582123,
            "dmean2": 14.0369195938,
            "dvar": 219.57925415,
            "dvar2": 482.618621826,
            "max": 323.956054688,
            "mean": 30.9136981964,
            "median": 28.035615921,
            "min": 1.16715462364e-16,
            "var": 537.587585449
        },
        "melbands": {
            "dmean": [
                0.00125260208733,
                0.00119628524408,
                0.000495718733873,
                0.000194197738892,
                0.000171570020029,
                0.000114462680358,
                0.000138018105645,
                0.000133724577609,
                0.000155463101692,
                0.000114266571472,
                0.000103994781966,
                0.000220988076762,
                0.000156593509018,
                5.48968964722e-05,
                4.40903386334e-05,
                3.79717057513e-05,
                4.91296086693e-05,
                4.03659287258e-05,
                4.0321952838e-05,
                3.44623513229e-05,
                2.29043889703e-05,
                2.44532111537e-05,
                1.66964255186e-05,
                1.99569785764e-05,
                1.49243323904e-05,
                7.67293931858e-06,
                7.31083446226e-06,
                5.22220398125e-06,
