{
    "lowlevel": {
        "average_loudness": 0.926610291004,
        "barkbands": {
            "dmean": [
                0.00284450990148,
                0.0130779612809,
                0.00509853241965,
                0.0033006684389,
                0.00242414744571,
                0.00109910708852,
                0.000692176923621,
                0.00110914849211,
                0.000545930699445,
                0.000298954721075,
                0.000358208344551,
                0.000448286620667,
                0.000242487614742,
                0.000244030641625,
                0.000273281475529,
                0.00020413416496,
                0.00026076726499,
                0.000232356163906,
                0.000192020961549,
                0.000190826453036,
                0.000123051431729,
                0.000130712549435,
                0.00016839003365,
                0.00019238924142,
                0.000116010174679,
                4.3929052481e-05,
                9.76927731244e-06
            ],
            "dmean2": [
                0.00452871061862,
                0.0217026080936,
                0.0086209140718,
                0.00601905351505,
                0.00402547931299,
                0.00178670696914,
                0.0010904999217,
                0.00161907961592,
                0.000851070450153,
                0.00048214616254,
                0.000548802840058,
                0.000695907510817,
                0.000398971897084,
                0.000396953721065,
                0.00045472275815,
                0.000334326643497,
                0.000404204241931,
                0.00038454317837,
                0.000301665830193,
                0.00029591814382,
                0.000197645626031,
                0.000196934095584,
                0.000245907111093,
                0.000268905569101,
                0.000163435659488,
                6.29461574135e-05,
                1.69808754436e-05
            ],
            "dvar": [
                2.10717189475e-05,
                0.000421045551775,
                0.000150324776769,
                0.000105466257082,
                2.51099208981e-05,
                3.92163565266e-06,
                2.16156854549e-06,
                8.81392406882e-06,
                2.30200112128e-06,
                4.48086751703e-07,
                7.43317798424e-07,
                1.26788586385e-06,
                3.77118709594e-07,
                2.95806785289e-07,
                3.01810217707e-07,
                1.41299338452e-07,
                3.01872802311e-07,
                2.3505536717e-07,
                1.14974938015e-07,
                1.61357164075e-07,
                5.7523035224e-08,
                9.39775546271e-08,
                2.80832523458e-07,
                5.21935930919e-07,
                1.17331111937e-07,
                1.68432183756e-08,
                9.78437442178e-10
            ],
            "dvar2": [
                5.51890079805e-05,
                0.00105020450428,
                0.000407871091738,
                0.000298377533909,
                6.80758894305e-05,
                9.93670619209e-06,
                4.87318038722e-06,
                1.55219313456e-05,
                4.99699171996e-06,
                1.02907074506e-06,
                1.41627185712e-06,
                2.7440521535e-06,
                9.26847519622e-07,
                6.94725827088e-07,
                7.50117237658e-07,
                3.48267860772e-07,
                6.27119447927e-07,
                6.24516871994e-07,
                2.63213024709e-07,
                3.51778140839e-07,
                1.26281094026e-07,
                1.77070205609e-07,
                5.06596052219e-07,
                8.80013658389e-07,
                2.127024743e-07,
                3.45979991323e-08,
                2.66543853655e-09
            ],
            "max": [
                0.0290397442877,
                0.134904801846,
                0.0914330482483,
                0.076370716095,
                0.0419778525829,
                0.0289912857115,
                0.0266264323145,
                0.111630894244,
                0.0341923311353,
                0.0167450755835,
                0.0248801428825,
                0.032839268446,
                0.01672552526,
                0.0109112747014,
                0.00853917840868,
                0.00837297365069,
                0.0146128442138,
                0.00581158651039,
                0.00558144180104,
                0.00790450070053,
                0.00496215932071,
                0.00758169358596,
                0.0166669469327,
                0.0276194754988,
                0.010559395887,
                0.00376656721346,
                0.000340231315931
            ],
            "mean": [
                0.00408303225413,
                0.0171993467957,
                0.00467131612822,
                0.00249028275721,
                0.0031050639227,
                0.00176084903069,
                0.00105022976641,
                0.00209583295509,
                0.000859846302774,
                0.000394704315113,
                0.000585498346481,
                0.000679659948219,
                0.000293316581519,
                0.000307587906718,
                0.000308450660668,
                0.000269524782198,
                0.000409930449678,
                0.000312350923195,
                0.00030741118826,
                0.000334060954629,
                0.000203150688321,
                0.000239297092776,
                0.000333774194587,
                0.0003340789699,
                0.000197230328922,
                6.20171558694e-05,
                8.21852154331e-06
            ],
            "median": [
                0.00174646824598,
                0.00885948445648,
                0.000242191614234,
                0.00033417987288,
                0.00108396576252,
                0.000774106418248,
                0.000330882612616,
                0.000403695128625,
                0.000129232590552,
                0.000109976936074,
                0.000149196930579,
                0.000178381204023,
                8.97039208212e-05,
                9.48514934862e-05,
                8.85887784534e-05,
                0.00010012522398,
                0.000133547015139,
                0.000120994853205,
                0.000142015371239,
                0.000126359111164,
                0.000103995276731,
                0.000115222195745,
                0.000129203370307,
                0.000116125840577,
                7.45433135307e-05,
                1.94852109416e-05,
                7.91551542534e-07
            ],
            "min": [
                5.04339385699e-25,
                2.29680658809e-24,
                1.86069568348e-24,
                3.08994075283e-24,
                6.24848084999e-24,
                7.12199717996e-24,
                1.08738827541e-23,
                1.25105088083e-23,
                2.01597806173e-23,
                3.04252607091e-23,
                7.48320554441e-24,
                2.82314511535e-23,
                3.75777047646e-23,
                3.95211267134e-23,
                4.29599449487e-23,
                8.014392608e-23,
                8.19957044798e-23,
                1.04177949331e-22,
                1.24536701179e-22,
                1.69740917538e-22,
                2.95618720121e-22,
                3.47500246456e-22,
                4.34843809407e-22,
                6.17608568054e-22,
                8.29451168808e-22,
                1.40836364822e-21,
                1.99790754924e-21
            ],
            "var": [
                2.95564350381e-05,
                0.000569819763768,
                0.000135152411531,
                6.57935524941e-05,
                2.60855013039e-05,
                6.60020441501e-06,
                4.42234204456e-06,
                3.76567004423e-05,
                5.88949296798e-06,
                7.94838342699e-07,
                2.64781988335e-06,
                3.11776375383e-06,
                4.83756991798e-07,
                4.51608769936e-07,
                3.94013881078e-07,
                2.21161229774e-07,
                8.28425015698e-07,
                2.78610713167e-07,
                2.14228137452e-07,
                3.41416438232e-07,
                1.07574699371e-07,
                1.95938824277e-07,
                6.11947655216e-07,
                1.11467215902e-06,
                2.48055016527e-07,
                2.84934440486e-08,
                7.25083437736e-10
            ]
        },
        "barkbands_crest": {
            "dmean": 3.18305945396,
            "dmean2": 5.12338495255,
            "dvar": 7.84630632401,
            "dvar2": 19.8291168213,
            "max": 25.3547382355,
            "mean": 12.0975179672,
            "median": 11.4780349731,
            "min": 2.15308713913,
            "var": 21.7925415039
        },
        "barkbands_flatness_db": {
            "dmean": 0.0330978445709,
            "dmean2": 0.051094263792,
            "dvar": 0.000984176178463,
            "dvar2": 0.0022377546411,
            "max": 0.431494027376,
            "mean": 0.150582924485,
            "median": 0.139127716422,
            "min": 0.0241473540664,
            "var": 0.00382817396894
        },
        "barkbands_kurtosis": {
            "dmean": 9.50602531433,
            "dmean2": 15.1624498367,
            "dvar": 499.046295166,
            "dvar2": 1284.92504883,
            "max": 445.226135254,
            "mean": 12.4068574905,
            "median": 4.3857998848,
            "min": -1.96900498867,
            "var": 765.280639648
        },
        "barkbands_skewness": {
            "dmean": 1.00431001186,
            "dmean2": 1.53514504433,
            "dvar": 1.41056227684,
            "dvar2": 3.30666399002,
            "max": 17.7003231049,
            "mean": 2.53206729889,
            "median": 2.11040592194,
            "min": -5.73173475266,
            "var": 4.23931837082
        },
        "barkbands_spread": {
            "dmean": 8.48390960693,
            "dmean2": 13.180847168,
            "dvar": 94.8523025513,
            "dvar2": 199.246414185,
            "max": 126.516082764,
            "mean": 24.6318721771,
            "median": 21.1346950531,
            "min": 0.572931110859,
            "var": 313.515228271
        },
        "dissonance": {
            "dmean": 0.0187711417675,
            "dmean2": 0.0308799836785,
            "dvar": 0.000358534918632,
            "dvar2": 0.000931652262807,
            "max": 0.500000178814,
            "mean": 0.462477058172,
            "median": 0.470701783895,
            "min": 0.234131276608,
            "var": 0.00089756178204
        },
        "dynamic_complexity": 3.43456053734,
        "erbbands": {
            "dmean": [
                0.60176384449,
                2.39387583733,
                5.42125225067,
                8.99706172943,
                8.65011692047,
                8.90244579315,
                8.27515220642,
                9.08076667786,
                9.10264492035,
                14.3937149048,
                24.8272018433,
                11.6398963928,
                7.70922899246,
                13.02617836,
                12.5543575287,
                19.1818618774,
                11.0841808319,
                13.0321216583,
                13.024014473,
                11.3475351334,
                11.7784099579,
                12.8438415527,
                12.7402124405,
                10.5376186371,
                9.67732620239,
                9.18651771545,
                5.56793832779,
                4.58728265762,
                4.61037921906,
                4.81917572021,
                4.72746706009,
                4.85069990158,
                2.58093118668,
                1.57145166397,
                0.704246580601,
                0.261806696653,
                0.0723352432251,
                0.0115104643628,
                0.00188047997653,
                0.000102071848232
            ],
            "dmean2": [
                1.00173056126,
                4.02714109421,
                8.77221393585,
                16.282251358,
                14.8164024353,
                14.7496929169,
                13.4248085022,
                14.9632720947,
                14.5897359848,
                21.582857132,
                35.8555450439,
                18.0140686035,
                12.4484043121,
                20.2208976746,
                19.8291454315,
                29.6947174072,
                17.9973087311,
                21.233007431,
                21.5913829803,
                18.6835784912,
                18.7673797607,
                20.0990524292,
                20.9434432983,
                16.9740028381,
                14.9475135803,
                14.253490448,
                9.02442359924,
                7.21408987045,
                7.03077220917,
                7.22366523743,
                6.80112552643,
                6.91301107407,
                3.6117246151,
                2.24354958534,
                0.990475952625,
                0.369507461786,
                0.105617955327,
                0.0173584353179,
                0.00333288963884,
                0.000177823443664
            ],
            "dvar": [
                1.12850236893,
                19.2184295654,
                147.811660767,
                730.775695801,
                469.830230713,
                340.537414551,
                259.91217041,
                317.325378418,
                370.268218994,
                723.356140137,
                6409.39941406,
                1049.72485352,
                256.029174805,
                1136.09020996,
                700.964660645,
                2498.59960938,
                706.277038574,
                919.321411133,
                712.310058594,
                432.673095703,
                446.781768799,
                624.291015625,
                625.324951172,
                369.544799805,
                307.208221436,
                407.222595215,
                126.486068726,
                94.6920089722,
                127.316169739,
                139.7628479,
                281.005401611,
                390.738800049,
                80.0796279907,
                21.4186077118,
                4.78481531143,
                0.653154969215,
                0.0460067801178,
                0.000885145098437,
                4.32431879744e-05,
                1.19375073382e-07
            ],
            "dvar2": [
                3.16777992249,
                49.8664131165,
                391.094024658,
                2075.7097168,
                1279.84558105,
                905.465576172,
                651.966796875,
                825.252807617,
                888.667663574,
                1527.52258301,
                10945.5527344,
                2361.63769531,
                599.511047363,
                2309.20385742,
                1528.88232422,
                5317.10351562,
                1781.72753906,
                2136.43505859,
                1787.60644531,
                1083.61193848,
                1027.19018555,
                1393.39929199,
                1600.49816895,
                930.722473145,
                678.200927734,
                894.856994629,
                289.794158936,
                188.663421631,
                250.448883057,
                244.378799438,
                515.660827637,
                707.906738281,
                133.752105713,
                39.6723632812,
                8.56599998474,
                1.28886139393,
                0.103148438036,
                0.00206007086672,
                0.000120722004795,
                3.32301567596e-07
            ],
            "max": [
                6.53718757629,
                26.390083313,
                98.0699691772,
                189.768005371,
                187.08380127,
                195.837051392,
                236.956176758,
                335.885375977,
                333.115509033,
                478.468902588,
                3096.4765625,
                701.800537109,
                363.83190918,
                1031.55615234,
                982.608825684,
                1666.72705078,
                770.539733887,
                610.248413086,
                477.34866333,
                371.486877441,
                453.552093506,
                488.494873047,
                353.958618164,
                292.575622559,
                348.415435791,
                467.700469971,
                214.172637939,
                278.546112061,
                295.881347656,
                345.012451172,
                573.946655273,
                770.707763672,
                272.414733887,
                137.326309204,
                70.7207641602,
                24.0345630646,
                5.45326280594,
                0.618695676327,
                0.0793651863933,
                0.00410289689898
            ],
            "mean": [
                0.735507726669,
                2.89313912392,
                5.66402101517,
                7.21669578552,
                8.20857048035,
                11.6725435257,
                12.3281841278,
                14.8129873276,
                14.4054784775,
                25.8841648102,
                48.3669090271,
                19.5460720062,
                11.174290657,
                21.0642414093,
                19.8014335632,
                29.9436607361,
                14.8697872162,
                17.5536193848,
                15.6505908966,
                14.5814666748,
                17.5885715485,
                20.1398582458,
                18.4605007172,
                15.9039354324,
                16.39503479,
                16.0274047852,
                9.31895256042,
                8.03130626678,
                8.3956489563,
                9.92470264435,
                8.8749256134,
                8.27751255035,
                4.50064659119,
                2.62433767319,
                1.16334939003,
                0.388813614845,
                0.0940190479159,
                0.0142488460988,
                0.00150108069647,
                0.000117997631605
            ],
            "median": [
                0.323143899441,
                0.83301615715,
                0.476183950901,
                0.752214670181,
                2.05714869499,
                3.48581147194,
                4.56234264374,
                6.17606210709,
                5.23798179626,
                8.76317596436,
                8.08095169067,
                3.67215681076,
                3.36727356911,
                4.51426696777,
                7.26653194427,
                7.84622383118,
                5.11801338196,
                5.42695140839,
                5.17611980438,
                5.6334438324,
                6.30830717087,
                7.32796907425,
                7.81161975861,
                7.40850114822,
                7.00999879837,
                6.1007361412,
                4.33665466309,
                4.25302505493,
                4.07322692871,
                4.29349899292,
                3.32747507095,
                2.69382476807,
                1.66046071053,
                0.998229563236,
                0.41841045022,
                0.127407848835,
                0.0276058539748,
                0.00369052262977,
                0.000138272473123,
                5.06751384819e-05
            ],
            "min": [
                1.5180326816e-22,
                5.35361702884e-22,
                2.91633773481e-21,
                5.74671734837e-21,
                2.74585964758e-20,
                1.74957504505e-20,
                3.89804695451e-20,
                6.91751953103e-20,
                1.45551165874e-19,
                2.36692303909e-19,
                4.54711367382e-19,
                4.78519228073e-19,
                5.14939835348e-19,
                1.40589478066e-18,
                7.68441121388e-19,
                1.24667461026e-18,
                2.4169098737e-18,
                3.09796716989e-18,
                2.57558855099e-18,
                2.89476797767e-18,
                5.3258842648e-18,
                5.28002330369e-18,
                5.78014993693e-18,
                6.76487206023e-18,
                6.49800953255e-18,
                8.00804469797e-18,
                9.08306351129e-18,
                1.18711394588e-17,
                1.27151937287e-17,
                1.26153158056e-17,
                1.06571906985e-17,
                1.01202115146e-17,
                9.44994458274e-18,
                6.76620671615e-18,
                6.121627051e-18,
                4.16162962059e-18,
                2.21991577685e-18,
                1.00309152996e-18,
                2.65973541166e-19,
                2.86351445749e-20
            ],
            "var": [
                1.33907055855,
                21.421503067,
                152.538497925,
                469.18939209,
                345.154144287,
                414.077423096,
                410.448028564,
                549.746582031,
                659.036499023,
                2108.37866211,
                27578.6835938,
                2438.59985352,
                529.725036621,
                3910.86791992,
                1588.70703125,
                6465.00878906,
                946.271972656,
                1548.22387695,
                916.665893555,
                587.037231445,
                972.028137207,
                1403.14001465,
                907.046813965,
                544.068664551,
                624.840637207,
                847.061035156,
                229.48348999,
                190.62461853,
                248.290039062,
                365.67980957,
                541.008789062,
                781.96484375,
                170.569854736,
                44.9678001404,
                9.51932144165,
                1.14409935474,
                0.0687156245112,
                0.00115585734602,
                2.9456712582e-05,
                8.62277147462e-08
            ]
        },
        "erbbands_crest": {
            "dmean": 2.74995541573,
            "dmean2": 4.35553216934,
            "dvar": 7.25075340271,
            "dvar2": 16.4918804169,
            "max": 30.1207122803,
            "mean": 9.05177211761,
            "median": 7.77647209167,
            "min": 2.25171709061,
            "var": 22.9623126984
        },
        "erbbands_flatness_db": {
            "dmean": 0.0170866698027,
            "dmean2": 0.024768197909,
            "dvar": 0.000272906472674,
            "dvar2": 0.000547410571016,
            "max": 0.324647158384,
            "mean": 0.127846330404,
            "median": 0.12205799669,
            "min": 0.0376671440899,
            "var": 0.00146096351091
        },
        "erbbands_kurtosis": {
            "dmean": 1.03662014008,
            "dmean2": 1.60247564316,
            "dvar": 3.5971288681,
            "dvar2": 7.63454532623,
            "max": 70.6082000732,
            "mean": 0.403595536947,
            "median": -0.442137718201,
            "min": -1.81559729576,
            "var": 9.21849822998
        },
        "erbbands_skewness": {
            "dmean": 0.425250291824,
            "dmean2": 0.619477510452,
            "dvar": 0.183409690857,
            "dvar2": 0.364616066217,
            "max": 5.37533712387,
            "mean": 0.323124915361,
            "median": 0.338045924902,
            "min": -6.12436723709,
            "var": 0.864732563496
        },
        "erbbands_spread": {
            "dmean": 12.2811136246,
            "dmean2": 18.5945854187,
            "dvar": 162.616867065,
            "dvar2": 360.655181885,
            "max": 189.512512207,
            "mean": 54.3964958191,
            "median": 52.4137535095,
            "min": 4.4002699852,
            "var": 527.888671875
        },
        "gfcc": {
            "cov": [
                [
                    15625.6689453,
                    215.366104126,
                    -1049.01416016,
                    246.968032837,
                    11.445479393,
                    43.4277420044,
                    -301.845672607,
                    355.729553223,
                    -139.982391357,
                    -30.4712333679,
                    -374.571868896,
                    -239.344406128,
                    -350.935913086
                ],
                [
                    215.366104126,
                    1030.99304199,
                    44.6002845764,
                    78.1755523682,
                    164.592422485,
                    39.4733009338,
                    77.7389678955,
                    -59.7032203674,
                    35.7770233154,
                    -19.982875824,
                    69.3443145752,
                    -1.90538859367,
                    75.0806121826
                ],
                [
                    -1049.01416016,
                    44.6002845764,
                    841.031860352,
                    244.142807007,
                    179.349624634,
                    201.222320557,
                    89.2666015625,
                    -33.5056152344,
                    49.3946914673,
                    55.1900367737,
                    65.0582199097,
                    87.2302093506,
                    57.4342498779
                ],
                [
                    246.968032837,
                    78.1755523682,
                    244.142807007,
                    454.392120361,
                    185.361907959,
                    67.8498306274,
                    4.47645187378,
                    26.0608253479,
                    76.436378479,
                    14.6915245056,
                    30.4742088318,
                    8.84059047699,
                    43.2924728394
                ],
                [
                    11.445479393,
                    164.592422485,
                    179.349624634,
                    185.361907959,
                    456.94631958,
                    89.1289291382,
                    109.909729004,
                    41.3949699402,
                    103.86315155,
                    43.0448265076,
                    20.6366863251,
                    -2.38393616676,
                    30.389591217
                ],
                [
                    43.4277420044,
                    39.4733009338,
                    201.222320557,
                    67.8498306274,
                    89.1289291382,
                    310.08770752,
                    162.548995972,
                    26.0465965271,
                    54.4585266113,
                    86.2972793579,
                    67.1122894287,
                    68.4066238403,
                    33.325504303
                ],
                [
                    -301.845672607,
                    77.7389678955,
                    89.2666015625,
                    4.47645187378,
                    109.909729004,
                    162.548995972,
                    326.443023682,
                    103.683296204,
                    80.9439239502,
                    81.6282958984,
                    75.7023239136,
                    33.0119514465,
                    22.1585636139
                ],
                [
                    355.729553223,
                    -59.7032203674,
                    -33.5056152344,
                    26.0608253479,
                    41.3949699402,
                    26.0465965271,
                    103.683296204,
                    208.278320312,
                    97.7637634277,
                    64.8830184937,
                    38.8049468994,
                    2.75743174553,
                    -0.608466386795
                ],
                [
                    -139.982391357,
                    35.7770233154,
                    49.3946914673,
                    76.436378479,
                    103.86315155,
                    54.4585266113,
                    80.9439239502,
                    97.7637634277,
                    203.368270874,
                    105.507141113,
                    66.2878036499,
                    29.9170417786,
                    23.7451972961
                ],
                [
                    -30.4712333679,
                    -19.982875824,
                    55.1900367737,
                    14.6915245056,
                    43.0448265076,
                    86.2972793579,
                    81.6282958984,
                    64.8830184937,
                    105.507141113,
                    190.416030884,
                    111.291656494,
                    52.0014801025,
                    12.690331459
                ],
                [
                    -374.571868896,
                    69.3443145752,
                    65.0582199097,
                    30.4742088318,
                    20.6366863251,
                    67.1122894287,
                    75.7023239136,
                    38.8049468994,
                    66.2878036499,
                    111.291656494,
                    188.559280396,
                    87.1563491821,
                    39.558555603
                ],
                [
                    -239.344406128,
                    -1.90538859367,
                    87.2302093506,
                    8.84059047699,
                    -2.38393616676,
                    68.4066238403,
                    33.0119514465,
                    2.75743174553,
                    29.9170417786,
                    52.0014801025,
                    87.1563491821,
                    144.41885376,
                    53.5568580627
                ],
                [
                    -350.935913086,
                    75.0806121826,
                    57.4342498779,
                    43.2924728394,
                    30.389591217,
                    33.325504303,
                    22.1585636139,
                    -0.608466386795,
                    23.7451972961,
                    12.690331459,
                    39.558555603,
                    53.5568580627,
                    113.451156616
                ]
            ],
            "icov": [
                [
                    0.000105882652861,
                    -9.87163148238e-05,
                    0.000169783597812,
                    -0.000158076538355,
                    -2.06081313081e-05,
                    -0.000208071433008,
                    0.000207056567888,
                    -0.000341428385582,
                    0.000243676622631,
                    -0.000201819231734,
                    0.000310236675432,
                    -0.000146543956362,
                    0.000324168533552
                ],
                [
                    -9.87163148238e-05,
                    0.0013139488874,
                    -5.358647104e-05,
                    0.00013954321912,
                    -0.000344199826941,
                    0.000181570547284,
                    -0.000501130823977,
                    0.00101684976835,
                    -0.000550279859453,
                    0.000831448938698,
                    -0.00116066704504,
                    0.000764225551393,
                    -0.000992731191218
                ],
                [
                    0.000169783597812,
                    -5.358647104e-05,
                    0.0020221627783,
                    -0.0010110255098,
                    -0.000339413440088,
                    -0.0010427305242,
                    0.000153816916281,
                    8.31310389913e-05,
                    0.000473744235933,
                    -0.000392362446291,
                    0.000522656715475,
                    -0.000871777534485,
                    0.000464388460387
                ],
                [
                    -0.000158076538355,
                    0.00013954321912,
                    -0.0010110255098,
                    0.00354167702608,
                    -0.000919187616091,
                    -0.000178377973498,
                    0.000721712771337,
                    -4.78157562611e-05,
                    -0.00118823430967,
                    0.0011594532989,
                    -0.00119736534543,
                    0.00104236544576,
                    -0.00121914921328
                ],
                [
                    -2.06081313081e-05,
                    -0.000344199826941,
                    -0.000339413440088,
                    -0.000919187616091,
                    0.00326426234096,
                    -1.37377746796e-05,
                    -0.0008539352566,
                    0.000231806407101,
                    -0.00111935241148,
                    -0.000166129218997,
                    0.000609410519246,
                    0.000470959843369,
                    -0.000197647532332
                ],
                [
                    -0.000208071433008,
                    0.000181570547284,
                    -0.0010427305242,
                    -0.000178377973498,
                    -1.37377746796e-05,
                    0.00606869347394,
                    -0.00292244576849,
                    0.0013937689364,
                    -8.21829598863e-05,
                    -0.00133510457817,
                    0.000197871297132,
                    -0.00131571525708,
                    -0.000649868918117
                ],
                [
                    0.000207056567888,
                    -0.000501130823977,
                    0.000153816916281,
                    0.000721712771337,
                    -0.0008539352566,
                    -0.00292244576849,
                    0.0060437344946,
                    -0.00305388006382,
                    0.000357825279934,
                    -0.000173158405232,
                    -0.000538149790373,
                    0.000389829394408,
                    0.000457333080703
                ],
                [
                    -0.000341428385582,
                    0.00101684976835,
                    8.31310389913e-05,
                    -4.78157562611e-05,
                    0.000231806407101,
                    0.0013937689364,
                    -0.00305388006382,
                    0.00889929942787,
                    -0.00370634533465,
                    0.000228952427278,
                    -0.00135749031324,
                    0.00110186869279,
                    -0.000876919948496
                ],
                [
                    0.000243676622631,
                    -0.000550279859453,
                    0.000473744235933,
                    -0.00118823430967,
                    -0.00111935241148,
                    -8.21829598863e-05,
                    0.000357825279934,
                    -0.00370634533465,
                    0.00986504834145,
                    -0.00452906126156,
                    0.00109675223939,
                    -0.0009007739136,
                    5.04050694872e-05
                ],
                [
                    -0.000201819231734,
                    0.000831448938698,
                    -0.000392362446291,
                    0.0011594532989,
                    -0.000166129218997,
                    -0.00133510457817,
                    -0.000173158405232,
                    0.000228952427278,
                    -0.00452906126156,
                    0.0117778517306,
                    -0.00600262312219,
                    0.000653566385154,
                    0.000468366866698
                ],
                [
                    0.000310236675432,
                    -0.00116066704504,
                    0.000522656715475,
                    -0.00119736534543,
                    0.000609410519246,
                    0.000197871297132,
                    -0.000538149790373,
                    -0.00135749031324,
                    0.00109675223939,
                    -0.00600262312219,
                    0.0122241824865,
                    -0.0052983360365,
                    0.000477244553622
                ],
                [
                    -0.000146543956362,
                    0.000764225551393,
                    -0.000871777534485,
                    0.00104236544576,
                    0.000470959843369,
                    -0.00131571525708,
                    0.000389829394408,
                    0.00110186869279,
                    -0.0009007739136,
                    0.000653566385154,
                    -0.0052983360365,
                    0.0125646097586,
                    -0.00469388952479
                ],
                [
                    0.000324168533552,
                    -0.000992731191218,
                    0.000464388460387,
                    -0.00121914921328,
                    -0.000197647532332,
                    -0.000649868918117,
                    0.000457333080703,
                    -0.000876919948496,
                    5.04050694872e-05,
                    0.000468366866698,
                    0.000477244553622,
                    -0.00469388952479,
                    0.0128405205905
                ]
            ],
            "mean": [
                -0.798494756222,
                65.8894805908,
                -94.7845306396,
                43.6914787292,
                -63.1552391052,
                23.1393413544,
                -37.8659248352,
                14.5012302399,
                -19.960483551,
                8.58993148804,
                -6.40771532059,
                7.29088592529,
                -8.86173820496
            ]
        },
        "hfc": {
            "dmean": 8.84239387512,
            "dmean2": 12.7754545212,
            "dvar": 258.003082275,
            "dvar2": 449.918121338,
            "max": 397.220550537,
            "mean": 24.2088603973,
            "median": 17.514415741,
            "min": 1.1325402252e-16,
            "var": 759.359985352
        },
        "melbands": {
            "dmean": [
                0.00437807105482,
                0.00267584295943,
                0.00154428579845,
                0.000608146539889,
                0.000301569438307,
                0.000202128125238,
                0.000141460812301,
                0.000168553699041,
                0.000205575910513,
                6.61345766275e-05,
                3.87938489439e-05,
                5.2254043112e-05,
                4.16420771217e-05,
                4.9357280659e-05,
                3.8549384044e-05,
                2.32174534176e-05,
                2.57155097643e-05,
                2.05118703889e-05,
                2.05736068892e-05,
                1.44193854794e-05,
                1.47729597302e-05,
                1.4479283891e-05,
                1.2730328308e-05,
                1.16755873023e-05,
                8.79471735971e-06,
                7.57760562919e-06,
                7.32470789444e-06,
                6.46002899884e-06,
