{
    "lowlevel": {
        "average_loudness": 0.901524662971,
        "barkbands": {
            "dmean": [
                0.000175650784513,
                0.00223275693133,
                0.00145666184835,
                0.000929917267058,
                0.00133944419213,
                0.000800444278866,
                0.000690840941388,
                0.000711769680493,
                0.00116522319149,
                0.000832211924717,
                0.000394022703404,
                0.000322650390444,
                0.000281104061287,
                0.000461204966996,
                0.000393952126615,
                0.000437019451056,
                0.000340334692737,
                0.000229169803788,
                0.000288782612188,
                0.000144823585288,
                9.4955721579e-05,
                7.85354131949e-05,
                8.67707058205e-05,
                0.000121196942928,
                0.000130568470922,
                7.04289486748e-05,
                2.03605650313e-05
            ],
            "dmean2": [
                0.00028173319879,
                0.00301077123731,
                0.00245960918255,
                0.00160990911536,
                0.00226898817345,
                0.00125796545763,
                0.00106219097506,
                0.00109840161167,
                0.0017015740741,
                0.00124592822976,
                0.000590712763369,
                0.000503183575347,
                0.000415864749812,
                0.00069319724571,
                0.000601838517468,
                0.000667578889988,
                0.000512868340593,
                0.000367509259377,
                0.000438350631157,
                0.000225731651881,
                0.000151561689563,
                0.000120692275232,
                0.000136505797855,
                0.000176586690941,
                0.000192128543858,
                0.000102540958324,
                3.21414081554e-05
            ],
            "dvar": [
                1.61822555356e-07,
                2.72592606052e-05,
                3.83566839446e-05,
                6.85066925143e-06,
                1.05132712633e-05,
                1.88842409443e-06,
                1.97148619918e-06,
                2.29080478675e-06,
                4.9218492677e-06,
                4.25326652476e-06,
                8.98939674698e-07,
                5.95196013364e-07,
                3.42477704862e-07,
                7.29561520529e-07,
                7.80692801072e-07,
                1.01692762655e-06,
                5.71207692701e-07,
                3.05080760654e-07,
                2.58913303242e-07,
                1.38376819336e-07,
                1.90284410451e-07,
                8.24884978101e-08,
                5.79904231301e-08,
                9.87179546996e-08,
                1.24973595916e-07,
                3.36373418008e-08,
                5.09373743185e-09
            ],
            "dvar2": [
                4.07682762216e-07,
                5.74396581214e-05,
                0.00010867506353,
                1.99317564693e-05,
                2.94104211207e-05,
                4.27780969403e-06,
                4.13507177655e-06,
                5.12837186761e-06,
                1.04378641481e-05,
                9.96728522296e-06,
                1.92159518519e-06,
                1.4681166931e-06,
                6.86249279624e-07,
                1.63252946095e-06,
                1.61001162269e-06,
                2.28452950068e-06,
                1.23226504911e-06,
                7.58465205308e-07,
                6.0272122937e-07,
                3.17140859352e-07,
                5.0002847729e-07,
                1.72787864017e-07,
                1.13761792875e-07,
                1.9871549739e-07,
                2.44639949187e-07,
                6.01931944288e-08,
                9.5924939103e-09
            ],
            "max": [
                0.00845427718014,
                0.0775889232755,
                0.0813807398081,
                0.0416521430016,
                0.0399632640183,
                0.0279328934848,
                0.0261638332158,
                0.0369127877057,
                0.0473898947239,
                0.0341068245471,
                0.0270872246474,
                0.0170298740268,
                0.0172004327178,
                0.0133306179196,
                0.0187835581601,
                0.0353971980512,
                0.0121872071177,
                0.0124716777354,
                0.00976402219385,
                0.00583138363436,
                0.0072994385846,
                0.00358670856804,
                0.00419608689845,
                0.0053259562701,
                0.00615655211732,
                0.00547960167751,
                0.0010569752194
            ],
            "mean": [
                0.00112786097452,
                0.0119965495542,
                0.00338731450029,
                0.00141581241041,
                0.0024559753947,
                0.00162078510039,
                0.00120214023627,
                0.00104369735345,
                0.00235536461696,
                0.00139025063254,
                0.000742466712836,
                0.000579081126489,
                0.000480918009998,
                0.000827119627502,
                0.000637432851363,
                0.000856269383803,
                0.000659153913148,
                0.000362229795428,
                0.000575717131142,
                0.000222383969231,
                0.000119776545034,
                0.000112846551929,
                0.000122534824186,
                0.000192197447177,
                0.000175299064722,
                8.74407051015e-05,
                2.2311189241e-05
            ],
            "median": [
                0.000217188484385,
                0.00830337870866,
                0.00107434205711,
                0.000819436390884,
                0.00156998122111,
                0.0010070099961,
                0.000500260735862,
                0.00034469916136,
                0.000716532638762,
                0.000318734673783,
                0.000190996710444,
                0.00012864722521,
                0.000123655860079,
                0.00021139511955,
                0.000168192607816,
                0.000232741149375,
                0.000199651258299,
                0.000128273299197,
                0.000269019044936,
                9.00320519577e-05,
                2.58771433437e-05,
                2.66300230578e-05,
                3.86425235774e-05,
                7.96030653873e-05,
                4.87401121063e-05,
                1.8152895791e-05,
                1.7300642412e-06
            ],
            "min": [
                6.25653226021e-25,
                3.59051973721e-24,
                8.21679244511e-25,
                1.25041375732e-24,
                1.63701338494e-23,
                1.01961502623e-23,
                5.8128249209e-24,
                8.24635589501e-24,
                1.78664357481e-23,
                1.61168195687e-23,
                1.37859548971e-23,
                3.29030349471e-23,
                3.16428454282e-23,
                3.49525713095e-23,
                6.67855890138e-23,
                3.57161508004e-23,
                7.1127599343e-23,
                8.9165793776e-23,
                1.3433142537e-22,
                1.8003469407e-22,
                3.34294134301e-22,
                3.49105079839e-22,
                4.21220497118e-22,
                5.49249946219e-22,
                9.5203389308e-22,
                1.26076562715e-21,
                2.02733284356e-21
            ],
            "var": [
                3.27282964463e-06,
                0.000172712272615,
                4.07640109188e-05,
                5.42903671885e-06,
                1.03573174783e-05,
                4.59119701191e-06,
                4.90762204208e-06,
                4.01363149649e-06,
                1.73859971255e-05,
                8.02240356279e-06,
                3.25825681102e-06,
                1.91873300537e-06,
                9.44140481351e-07,
                1.98865336642e-06,
                1.75859520368e-06,
                2.77487743006e-06,
                1.63116283147e-06,
                4.7244839152e-07,
                6.67129995691e-07,
                2.08790083889e-07,
                1.61131865184e-07,
                1.13868104279e-07,
                9.55098045097e-08,
                1.66774356103e-07,
                2.18803421603e-07,
                5.89601896195e-08,
                7.56302753757e-09
            ]
        },
        "barkbands_crest": {
            "dmean": 1.93831086159,
            "dmean2": 2.91259098053,
            "dvar": 4.3396320343,
            "dvar2": 9.40809822083,
            "max": 26.2533969879,
            "mean": 11.0354824066,
            "median": 10.0727643967,
            "min": 2.07699918747,
            "var": 22.4250354767
        },
        "barkbands_flatness_db": {
            "dmean": 0.0216853730381,
            "dmean2": 0.0296198129654,
            "dvar": 0.000662911683321,
            "dvar2": 0.00115333020221,
            "max": 0.572465002537,
            "mean": 0.145450308919,
            "median": 0.134453967214,
            "min": 0.0172069836408,
            "var": 0.00407308526337
        },
        "barkbands_kurtosis": {
            "dmean": 4.23360538483,
            "dmean2": 6.42337322235,
            "dvar": 235.823455811,
            "dvar2": 526.63092041,
            "max": 653.422912598,
            "mean": 6.00730848312,
            "median": 1.25648808479,
            "min": -1.91541755199,
            "var": 342.472747803
        },
        "barkbands_skewness": {
            "dmean": 0.560956060886,
            "dmean2": 0.8016679883,
            "dvar": 0.647878646851,
            "dvar2": 1.30579471588,
            "max": 20.6409759521,
            "mean": 1.63101387024,
            "median": 1.27573466301,
            "min": -9.29201221466,
            "var": 2.44426941872
        },
        "barkbands_spread": {
            "dmean": 6.03756475449,
            "dmean2": 8.83240795135,
            "dvar": 74.4216003418,
            "dvar2": 143.675720215,
            "max": 114.880096436,
            "mean": 23.9604587555,
            "median": 22.4099349976,
            "min": 0.253805935383,
            "var": 219.345809937
        },
        "dissonance": {
            "dmean": 0.0222233198583,
            "dmean2": 0.0360904559493,
            "dvar": 0.000571005861275,
            "dvar2": 0.00139486521948,
            "max": 0.500000059605,
            "mean": 0.452628940344,
            "median": 0.466659843922,
            "min": 0.137686565518,
            "var": 0.0021994994022
        },
        "dynamic_complexity": 3.19103050232,
        "erbbands": {
            "dmean": [
                0.0752796605229,
                0.50426286459,
                1.47771155834,
                2.48729705811,
                3.96626496315,
                4.88993120193,
                4.40957403183,
                7.38101911545,
                7.99605369568,
                13.6927995682,
                15.8687667847,
                21.5289497375,
                32.8519477844,
                15.8569946289,
                14.2280139923,
                10.0540351868,
                10.1878986359,
                16.8777770996,
                21.4557819366,
                20.821138382,
                23.3899250031,
                19.8013153076,
                13.1196126938,
                10.6647119522,
                14.6594600677,
                6.26602458954,
                3.94417309761,
                3.5641477108,
                2.96608924866,
                2.87330007553,
                2.46009874344,
                2.1593606472,
                2.30333733559,
                1.64247024059,
                0.889541447163,
                0.363852024078,
                0.130833461881,
                0.0221441667527,
                0.00343645038083,
                0.000214473519009
            ],
            "dmean2": [
                0.0967701226473,
                0.694735467434,
                2.42684793472,
                4.29682445526,
                6.81340694427,
                8.26891326904,
                7.09389352798,
                11.4787340164,
                12.5270662308,
                20.7484722137,
                24.1214027405,
                31.4046707153,
                47.4951286316,
                22.8935451508,
                21.8135108948,
                15.4187021255,
                14.9434099197,
                24.989315033,
                32.4006729126,
                30.7393455505,
                34.8727722168,
                29.7038974762,
                20.8215713501,
                16.4235973358,
                21.7547035217,
                9.67952632904,
                6.41201591492,
                5.59367132187,
                4.68291664124,
                4.5064291954,
                3.81361508369,
                3.13831830025,
                3.41130185127,
                2.45276403427,
                1.30036532879,
                0.524408102036,
                0.199476391077,
                0.0340645052493,
                0.00560750905424,
                0.000327581365127
            ],
            "dvar": [
                0.0235662516207,
                1.82126736641,
                36.3331718445,
                69.739692688,
                94.4104919434,
                141.197433472,
                57.5880203247,
                178.568634033,
                287.11630249,
                941.60760498,
                1257.41870117,
                1773.58825684,
                5057.09375,
                1000.36517334,
                1025.91674805,
                503.476745605,
                501.799224854,
                927.145812988,
                2065.34472656,
                1897.07470703,
                3642.16992188,
                1937.40490723,
                943.360290527,
                428.414916992,
                692.394226074,
                304.309356689,
                357.763427734,
                213.566268921,
                125.898582458,
                117.240661621,
                47.3297233582,
                41.7536239624,
                30.765838623,
                21.3433570862,
                5.39331197739,
                1.00182723999,
                0.117749840021,
                0.00347581319511,
                0.000131817083457,
                8.90000421805e-07
            ],
            "dvar2": [
                0.0467221215367,
                3.94672513008,
                99.2763748169,
                200.646591187,
                268.759674072,
                397.098968506,
                145.278320312,
                393.417694092,
                655.140869141,
                1994.37304688,
                2825.09057617,
                3820.57275391,
                11857.1982422,
                2076.22607422,
                2343.57275391,
                1238.48657227,
                995.669433594,
                2052.17749023,
                4647.48242188,
                3969.3293457,
                8494.61816406,
                4170.27246094,
                2387.05224609,
                991.638549805,
                1542.56799316,
                728.609375,
                958.611816406,
                544.924621582,
                289.432037354,
                268.010284424,
                87.2288284302,
                86.9519958496,
                64.0885696411,
                44.2746391296,
                10.2873849869,
                1.78126704693,
                0.230912640691,
                0.00674008252099,
                0.000281489628833,
                1.43745012338e-06
            ],
            "max": [
                1.8895213604,
                20.1619434357,
                80.0191040039,
                123.2318573,
                133.247497559,
                150.103393555,
                145.886016846,
                310.211090088,
                456.459747314,
                560.605773926,
                913.387512207,
                815.754333496,
                1040.30297852,
                491.355010986,
                745.118713379,
                393.950286865,
                817.473999023,
                579.848999023,
                1182.75415039,
                966.577880859,
                2420.85986328,
                847.229614258,
                571.293457031,
                468.741699219,
                514.064331055,
                255.914367676,
                358.903259277,
                238.905181885,
                163.743255615,
                145.775085449,
                144.445968628,
                125.938354492,
                80.4939956665,
                91.547668457,
                45.4713630676,
                31.9901981354,
                8.46644115448,
                0.746471822262,
                0.188142091036,
                0.0144713213667
            ],
            "mean": [
                0.472768127918,
                2.22009801865,
                3.62880682945,
                4.79301404953,
                6.33904218674,
                8.81100559235,
                8.95457553864,
                15.1076631546,
                14.6186275482,
                22.7855415344,
                25.8443412781,
                41.6845474243,
                64.4132385254,
                32.6901016235,
                29.9262924194,
                18.9771080017,
                20.4853343964,
                33.5336532593,
                38.7687568665,
                40.6464424133,
                45.5441627502,
                40.7464790344,
                22.6169643402,
                21.062461853,
                29.6857395172,
                10.0588779449,
                5.18019628525,
                4.60049676895,
                4.07742643356,
                3.77243947983,
                3.56597518921,
                3.45628738403,
                3.44303703308,
                2.09632205963,
                1.20305883884,
                0.482884287834,
                0.148752659559,
                0.0251722149551,
                0.00365787418559,
                0.000286225782475
            ],
            "median": [
                0.302340507507,
                1.156909585,
                1.81266796589,
                2.68910884857,
                3.78423547745,
                4.75005435944,
                5.8581662178,
                8.61752891541,
                7.20874595642,
                8.94767093658,
                11.2901821136,
                15.6488418579,
                16.917098999,
                11.0737533569,
                8.32675552368,
                5.51360607147,
                6.87987565994,
                10.5133743286,
                11.3928108215,
                12.5267772675,
                14.4078359604,
                13.6579799652,
                9.29452037811,
                9.60564804077,
                13.8039112091,
                4.56480789185,
                1.23835682869,
                1.00688409805,
                0.925357878208,
                1.06964099407,
                1.12498760223,
                1.33690917492,
                1.34791040421,
                0.551471114159,
                0.330801308155,
                0.1240317747,
                0.0237969532609,
                0.00320389377885,
                0.000313330965582,
                6.20010468992e-05
            ],
            "min": [
                9.1041238003e-23,
                7.87454890031e-22,
                1.98876130658e-21,
                7.48008603498e-21,
                2.80364790689e-20,
                5.57664877209e-20,
                4.29422834006e-20,
                8.35925010227e-20,
                1.26176553826e-19,
                3.11923786085e-19,
                1.42790721998e-19,
                4.45235910067e-19,
                6.87265441783e-19,
                8.15126833269e-19,
                1.42106258476e-18,
                1.67067177922e-18,
                1.64106295259e-18,
                3.71272986909e-18,
                3.07101121488e-18,
                4.13839411718e-18,
                3.13574947155e-18,
                3.90088740226e-18,
                5.17236202466e-18,
                6.63787750233e-18,
                8.1413994476e-18,
                9.29036903487e-18,
                1.14902219595e-17,
                1.04013032032e-17,
                1.093568504e-17,
                1.25548067166e-17,
                1.23672658466e-17,
                9.6357045329e-18,
                1.01426785672e-17,
                9.79512787954e-18,
                6.48069333361e-18,
                4.32397084684e-18,
                2.24582038529e-18,
                1.11244387636e-18,
                2.58897760658e-19,
                2.74091207354e-20
            ],
            "var": [
                0.251663982868,
                7.57014703751,
                40.8253822327,
                59.5381622314,
                84.6458358765,
                147.946838379,
                116.485832214,
                461.920318604,
                805.266540527,
                1968.01708984,
                2213.79296875,
                4680.15966797,
                11995.6259766,
                3041.10522461,
                3912.91503906,
                1286.27331543,
                1582.54040527,
                2784.73803711,
                4886.39208984,
                5586.64746094,
                8426.94238281,
                6265.08691406,
                1455.12658691,
                1060.02966309,
                1885.76818848,
                406.660186768,
                287.33782959,
                205.914428711,
                152.276901245,
                132.548736572,
                83.7882232666,
                68.3340682983,
                50.4161186218,
                34.4083480835,
                9.60775184631,
                1.82432067394,
                0.172744736075,
                0.00534157361835,
                0.000176681598532,
                1.42047906593e-06
            ]
        },
        "erbbands_crest": {
            "dmean": 2.62670326233,
            "dmean2": 4.16739368439,
            "dvar": 6.21051740646,
            "dvar2": 15.0343418121,
            "max": 30.725446701,
            "mean": 9.8181552887,
            "median": 9.02772903442,
            "min": 2.42023396492,
            "var": 17.8444976807
        },
        "erbbands_flatness_db": {
            "dmean": 0.0196845177561,
            "dmean2": 0.0272887386382,
            "dvar": 0.000424717145506,
            "dvar2": 0.000782958872151,
            "max": 0.447868973017,
            "mean": 0.153604462743,
            "median": 0.149073630571,
            "min": 0.033790435642,
            "var": 0.00264804018661
        },
        "erbbands_kurtosis": {
            "dmean": 1.20151650906,
            "dmean2": 1.85555779934,
            "dvar": 8.25517940521,
            "dvar2": 18.5944156647,
            "max": 89.5858688354,
            "mean": 1.03661310673,
            "median": 0.240257620811,
            "min": -1.9096930027,
            "var": 12.4274282455
        },
        "erbbands_skewness": {
            "dmean": 0.414270609617,
            "dmean2": 0.612963318825,
            "dvar": 0.218590259552,
            "dvar2": 0.484728366137,
            "max": 7.78999042511,
            "mean": 0.270408421755,
            "median": 0.247868776321,
            "min": -6.62548589706,
            "var": 0.816883742809
        },
        "erbbands_spread": {
            "dmean": 9.13279151917,
            "dmean2": 13.6296434402,
            "dvar": 164.79800415,
            "dvar2": 353.407958984,
            "max": 185.346099854,
            "mean": 36.463924408,
            "median": 31.7595901489,
            "min": 2.23271417618,
            "var": 446.830291748
        },
        "gfcc": {
            "cov": [
                [
                    17109.5527344,
                    -95.6605300903,
                    -326.436309814,
                    793.475219727,
                    -178.429977417,
                    718.158813477,
                    10.4411077499,
                    573.956726074,
                    37.9629821777,
                    412.830078125,
                    131.399398804,
                    215.593307495,
                    -41.7689628601
                ],
                [
                    -95.6605300903,
                    1643.62023926,
                    80.0514678955,
                    -12.3159780502,
                    195.463241577,
                    -5.93187522888,
                    90.4648513794,
                    42.5690574646,
                    68.5723114014,
                    -71.9878768921,
                    180.044235229,
                    1.88857877254,
                    -15.8785047531
                ],
                [
                    -326.436309814,
                    80.0514678955,
                    1349.13464355,
                    384.682434082,
                    145.940429688,
                    142.096923828,
                    87.5299835205,
                    42.2522468567,
                    37.7847442627,
                    152.248168945,
                    73.5760116577,
                    105.00087738,
                    10.2678899765
                ],
                [
                    793.475219727,
                    -12.3159780502,
                    384.682434082,
                    608.292480469,
                    183.826202393,
                    51.8716888428,
                    51.3723068237,
                    27.9251251221,
                    77.9670715332,
                    128.086502075,
                    48.932926178,
                    62.2011604309,
                    72.4442749023
                ],
                [
                    -178.429977417,
                    195.463241577,
                    145.940429688,
                    183.826202393,
                    369.778259277,
                    103.933486938,
                    111.624031067,
                    60.212890625,
                    109.306243896,
                    75.5077438354,
                    44.0753746033,
                    43.4552688599,
                    73.5862579346
                ],
                [
                    718.158813477,
                    -5.93187522888,
                    142.096923828,
                    51.8716888428,
                    103.933486938,
                    404.659851074,
                    232.067474365,
                    89.0276260376,
                    53.8880882263,
                    72.3555831909,
                    74.0171813965,
                    70.8272705078,
                    27.72149086
                ],
                [
                    10.4411077499,
                    90.4648513794,
                    87.5299835205,
                    51.3723068237,
                    111.624031067,
                    232.067474365,
                    398.90927124,
                    75.7927398682,
                    57.0357246399,
                    39.7501220703,
                    72.4122848511,
                    98.1551361084,
                    51.0717391968
                ],
                [
                    573.956726074,
                    42.5690574646,
                    42.2522468567,
                    27.9251251221,
                    60.212890625,
                    89.0276260376,
                    75.7927398682,
                    235.641662598,
                    78.5013885498,
                    42.250617981,
                    31.9652576447,
                    16.2247753143,
                    21.8542156219
                ],
                [
                    37.9629821777,
                    68.5723114014,
                    37.7847442627,
                    77.9670715332,
                    109.306243896,
                    53.8880882263,
                    57.0357246399,
                    78.5013885498,
                    181.431137085,
                    77.8935165405,
                    4.76271677017,
                    15.8214683533,
                    47.7998428345
                ],
                [
                    412.830078125,
                    -71.9878768921,
                    152.248168945,
                    128.086502075,
                    75.5077438354,
                    72.3555831909,
                    39.7501220703,
                    42.250617981,
                    77.8935165405,
                    196.755630493,
                    31.5577545166,
                    17.5868663788,
                    24.7992095947
                ],
                [
                    131.399398804,
                    180.044235229,
                    73.5760116577,
                    48.932926178,
                    44.0753746033,
                    74.0171813965,
                    72.4122848511,
                    31.9652576447,
                    4.76271677017,
                    31.5577545166,
                    134.241378784,
                    55.5206413269,
                    -0.70093691349
                ],
                [
                    215.593307495,
                    1.88857877254,
                    105.00087738,
                    62.2011604309,
                    43.4552688599,
                    70.8272705078,
                    98.1551361084,
                    16.2247753143,
                    15.8214683533,
                    17.5868663788,
                    55.5206413269,
                    164.650466919,
                    56.2810897827
                ],
                [
                    -41.7689628601,
                    -15.8785047531,
                    10.2678899765,
                    72.4442749023,
                    73.5862579346,
                    27.72149086,
                    51.0717391968,
                    21.8542156219,
                    47.7998428345,
                    24.7992095947,
                    -0.70093691349,
                    56.2810897827,
                    125.281105042
                ]
            ],
            "icov": [
                [
                    0.000101468125649,
                    -6.89786684234e-05,
                    0.000131072156364,
                    -0.000236588763073,
                    0.000182248171768,
                    -0.000270856835414,
                    0.000171317500644,
                    -0.000279403175227,
                    0.000190879625734,
                    -0.000241996691329,
                    0.000231345227803,
                    -0.00026374036679,
                    0.000177791531314
                ],
                [
                    -6.89786684234e-05,
                    0.000957981799729,
                    -0.000201501345146,
                    0.000344588945154,
                    -0.000602237705607,
                    0.000519929802977,
                    -0.000248512485996,
                    0.000283147819573,
                    -0.000706134014763,
                    0.000957756768912,
                    -0.00174465205055,
                    0.000700088508893,
                    -3.81567879231e-05
                ],
                [
                    0.000131072156364,
                    -0.000201501345146,
                    0.00118665606715,
                    -0.000869174720719,
                    0.000167324571521,
                    -0.000574922014493,
                    0.000295291800285,
                    -0.00043759244727,
                    0.000566460250411,
                    -0.000854400452226,
                    0.000599774590228,
                    -0.000965897808783,
                    0.000798671913799
                ],
                [
                    -0.000236588763073,
                    0.000344588945154,
                    -0.000869174720719,
                    0.00309545476921,
                    -0.00125853985082,
                    0.000965208164416,
                    -0.000311125651933,
                    0.000846879207529,
                    -0.000652098096907,
                    -0.000150353283971,
                    -0.00124920124654,
                    0.000642497383524,
                    -0.00126623292454
                ],
                [
                    0.000182248171768,
                    -0.000602237705607,
                    0.000167324571521,
                    -0.00125853985082,
                    0.00468137674034,
                    -0.000998424482532,
                    -5.51264201931e-05,
                    -0.00050197110977,
                    -0.000972522073425,
                    -0.000751829298679,
                    0.000438459712313,
                    -0.000178766640602,
                    -0.00111761689186
                ],
                [
                    -0.000270856835414,
                    0.000519929802977,
                    -0.000574922014493,
                    0.000965208164416,
                    -0.000998424482532,
                    0.00498883798718,
                    -0.00248621078208,
                    0.000127335966681,
                    -0.000595053250436,
                    9.31695103645e-05,
                    -0.00185880099889,
                    0.000667599088047,
                    -0.000163287899341
                ],
                [
                    0.000171317500644,
                    -0.000248512485996,
                    0.000295291800285,
                    -0.000311125651933,
                    -5.51264201931e-05,
                    -0.00248621078208,
                    0.00462033832446,
                    -0.000767433200963,
                    4.26586193498e-05,
                    -0.000140569158248,
                    -2.25219027925e-05,
                    -0.00181394594256,
                    -0.000159481744049
                ],
                [
                    -0.000279403175227,
                    0.000283147819573,
                    -0.00043759244727,
                    0.000846879207529,
                    -0.00050197110977,
                    0.000127335966681,
                    -0.000767433200963,
                    0.00614945776761,
                    -0.00268776272424,
                    0.000777603883762,
                    -0.00174085388426,
                    0.00125455588568,
                    -0.000706086750142
                ],
                [
                    0.000190879625734,
                    -0.000706134014763,
                    0.000566460250411,
                    -0.000652098096907,
                    -0.000972522073425,
                    -0.000595053250436,
                    4.26586193498e-05,
                    -0.00268776272424,
                    0.00964284967631,
                    -0.00355338258669,
                    0.00270836171694,
                    -0.000651851296425,
                    -0.00120860268362
                ],
                [
                    -0.000241996691329,
                    0.000957756768912,
                    -0.000854400452226,
                    -0.000150353283971,
                    -0.000751829298679,
                    9.31695103645e-05,
                    -0.000140569158248,
                    0.000777603883762,
                    -0.00355338258669,
                    0.00863504782319,
                    -0.00306218513288,
                    0.00173287163489,
                    -0.000608822098002
                ],
                [
                    0.000231345227803,
                    -0.00174465205055,
                    0.000599774590228,
                    -0.00124920124654,
                    0.000438459712313,
                    -0.00185880099889,
                    -2.25219027925e-05,
                    -0.00174085388426,
                    0.00270836171694,
                    -0.00306218513288,
                    0.013625449501,
                    -0.00481164967641,
                    0.00280644837767
                ],
                [
                    -0.00026374036679,
                    0.000700088508893,
                    -0.000965897808783,
                    0.000642497383524,
                    -0.000178766640602,
                    0.000667599088047,
                    -0.00181394594256,
                    0.00125455588568,
                    -0.000651851296425,
                    0.00173287163489,
                    -0.00481164967641,
                    0.0106086283922,
                    -0.00470069795847
                ],
                [
                    0.000177791531314,
                    -3.81567879231e-05,
                    0.000798671913799,
                    -0.00126623292454,
                    -0.00111761689186,
                    -0.000163287899341,
                    -0.000159481744049,
                    -0.000706086750142,
                    -0.00120860268362,
                    -0.000608822098002,
                    0.00280644837767,
                    -0.00470069795847,
                    0.0122930882499
                ]
            ],
            "mean": [
                -3.41893219948,
                79.974937439,
                -100.500839233,
                21.8718776703,
                -46.0084762573,
                11.9618425369,
                -43.2726287842,
                21.952627182,
                -21.5816326141,
                -2.07438087463,
                -14.1908349991,
                -2.96107602119,
                -9.55801296234
            ]
        },
        "hfc": {
            "dmean": 8.48891830444,
            "dmean2": 12.0339250565,
            "dvar": 275.094207764,
            "dvar2": 521.366088867,
            "max": 242.778259277,
            "mean": 25.6201324463,
            "median": 20.9085865021,
            "min": 1.10779845899e-16,
            "var": 667.206542969
        },
        "melbands": {
            "dmean": [
                0.000621442799456,
                0.000689414155204,
                0.000454341527075,
                0.000326349225361,
                0.000158900147653,
                0.000161571893841,
                0.000123237070511,
                0.000151900399942,
                0.000135035996209,
                0.000149826650159,
                0.000170502185938,
                7.35385183361e-05,
                5.37894811714e-05,
                3.88019943784e-05,
                2.46315630648e-05,
                2.73711539194e-05,
                3.35772929247e-05,
                4.0609302232e-05,
                3.22373671224e-05,
                2.9155455195e-05,
                2.75611037068e-05,
                2.36839896388e-05,
                1.37465722219e-05,
                1.15552666102e-05,
                8.62133401824e-06,
                1.27009052449e-05,
                8.0889540186e-06,
