{
    "lowlevel": {
        "average_loudness": 0.918803095818,
        "barkbands": {
            "dmean": [
                0.000342566578183,
                0.00569516513497,
                0.00199111434631,
                0.00172644201666,
                0.00255864369683,
                0.000702406861819,
                0.00100811873563,
                0.00103310425766,
                0.00109777750913,
                0.000883136875927,
                0.00045887750457,
                0.000728179176804,
                0.000537269457709,
                0.000420858588768,
                0.000342955783708,
                0.000268118048552,
                0.000175048364326,
                0.000170309838722,
                0.000123287827591,
                0.000137046488817,
                0.000151003550855,
                0.000175830238732,
                0.000212231549085,
                0.000212755912798,
                0.000155847650603,
                6.70526569593e-05,
                7.39528195481e-06
            ],
            "dmean2": [
                0.000437818584032,
                0.0078127225861,
                0.00338672846556,
                0.00316045340151,
                0.00448647839949,
                0.00112665083725,
                0.00154083035886,
                0.00165427045431,
                0.00170435104519,
                0.00138782674912,
                0.000736503920052,
                0.00119908212218,
                0.000875046476722,
                0.000695553782862,
                0.000555054808501,
                0.000427365099313,
                0.000284449546598,
                0.000273853947874,
                0.000203546980629,
                0.000226240852498,
                0.00024275535543,
                0.000278323714156,
                0.000330846029101,
                0.000325981236529,
                0.000231144731515,
                0.000103791659058,
                1.23370982692e-05
            ],
            "dvar": [
                8.98552855233e-07,
                0.000171400999534,
                3.83650840377e-05,
                3.52577480953e-05,
                4.73938234791e-05,
                2.01301759262e-06,
                4.17909814132e-06,
                4.07489415011e-06,
                3.9779324652e-06,
                3.69159897673e-06,
                1.10632117867e-06,
                2.51804135587e-06,
                1.2712142734e-06,
                8.14522422843e-07,
                5.14406906404e-07,
                3.43010583492e-07,
                1.42377231782e-07,
                1.23445602185e-07,
                6.42281108298e-08,
                1.01687128051e-07,
                1.06120651822e-07,
                1.37172833092e-07,
                2.03568617962e-07,
                1.62688337468e-07,
                9.85472325965e-08,
                2.89069390647e-08,
                8.66828830937e-10
            ],
            "dvar2": [
                1.88174419691e-06,
                0.000307848589728,
                0.000105472950963,
                0.000102288358903,
                0.000133441193611,
                4.91745322506e-06,
                9.70466589933e-06,
                1.00014194686e-05,
                9.2826803666e-06,
                8.86114048626e-06,
                2.62205549006e-06,
                6.64918979965e-06,
                3.10671293846e-06,
                2.14876808968e-06,
                1.27814894313e-06,
                7.8527068581e-07,
                3.69347077367e-07,
                3.05584563876e-07,
                1.64892270504e-07,
                2.63373266307e-07,
                2.61805666923e-07,
                3.38820171919e-07,
                4.62683544811e-07,
                3.61976873364e-07,
                2.03790747832e-07,
                6.65886688012e-08,
                2.22428209184e-09
            ],
            "max": [
                0.0181431043893,
                0.198952838778,
                0.0819060206413,
                0.082440726459,
                0.0704046562314,
                0.0228944290429,
                0.0316040702164,
                0.0321382321417,
                0.0445103012025,
                0.0469471439719,
                0.0360062271357,
                0.0301860515028,
                0.028561571613,
                0.0233356170356,
                0.0150009756908,
                0.0106522906572,
                0.0073005380109,
                0.00503712147474,
                0.00402350118384,
                0.00398431019858,
                0.00378670962527,
                0.00494029652327,
                0.0085410522297,
                0.00541398162022,
                0.00479330541566,
                0.002648266498,
                0.000299661915051
            ],
            "mean": [
                0.0005809852737,
                0.0123022403568,
                0.00292481505312,
                0.0020035658963,
                0.00297345523722,
                0.00117841071915,
                0.0017402251251,
                0.00159394531511,
                0.00215887045488,
                0.00149680802133,
                0.000686251209117,
                0.00108190893661,
                0.000842548382934,
                0.000646070169751,
                0.000501395843457,
                0.000399830983952,
                0.000265333103016,
                0.000267203635303,
                0.000172187516,
                0.000176598419785,
                0.000234876104514,
                0.000302411674056,
                0.000348271336406,
                0.000343324994901,
                0.000246417970629,
                7.69872203819e-05,
                6.11175619269e-06
            ],
            "median": [
                3.50575137418e-05,
                0.00440826825798,
                0.000927630113438,
                0.000371614965843,
                0.00131641863845,
                0.00040897729923,
                0.000444865057943,
                0.000435326655861,
                0.000600665691309,
                0.000448700535344,
                0.000179929178557,
                0.000369665242033,
                0.00025632273173,
                0.000189659360331,
                0.000156022695592,
                0.000128263680381,
                9.03207692318e-05,
                9.20674574445e-05,
                6.33558811387e-05,
                6.21284343651e-05,
                7.08289589966e-05,
                8.20518980618e-05,
                9.23979532672e-05,
                0.000115312861453,
                7.24015844753e-05,
                1.21537641462e-05,
                3.23843096339e-07
            ],
            "min": [
                1.36318864183e-11,
                1.16246001713e-09,
                8.96119889404e-09,
                1.57530379852e-08,
                2.94559583836e-07,
                7.51422604139e-08,
                4.65026062102e-08,
                2.9353106612e-08,
                8.23127734861e-08,
                1.7503555938e-08,
                2.65239989972e-08,
                1.92692297674e-07,
                4.00243074239e-08,
                1.25186430111e-08,
                8.98465390975e-09,
                2.11254445048e-08,
                1.8978003169e-08,
                1.26746595441e-08,
                7.4658590421e-09,
                4.96814056561e-09,
                1.53861534624e-09,
                9.17152576108e-10,
                6.92157386961e-10,
                8.02336419525e-10,
                8.81232087302e-10,
                1.20007304094e-09,
                1.73185610297e-09
            ],
            "var": [
                1.91334970623e-06,
                0.000423824356403,
                3.32110539603e-05,
                2.34685485339e-05,
                3.31843621098e-05,
                4.47457296104e-06,
                1.00077159004e-05,
                8.56042788655e-06,
                1.24726111608e-05,
                8.96914752957e-06,
                2.72207807939e-06,
                4.12293729823e-06,
                2.89332092507e-06,
                1.85499152394e-06,
                8.43988118504e-07,
                5.77512878408e-07,
                2.13130505244e-07,
                2.00277568752e-07,
                7.97942760755e-08,
                1.08238843666e-07,
                1.59366663866e-07,
                2.40362737713e-07,
                3.77379507199e-07,
                2.95308439036e-07,
                2.01787301535e-07,
                3.75558251164e-08,
                6.55969334407e-10
            ]
        },
        "barkbands_crest": {
            "dmean": 2.62010335922,
            "dmean2": 4.0332326889,
            "dvar": 7.06246089935,
            "dvar2": 15.0705299377,
            "max": 26.6119308472,
            "mean": 11.674030304,
            "median": 10.6210536957,
            "min": 1.89710378647,
            "var": 27.1724662781
        },
        "barkbands_flatness_db": {
            "dmean": 0.0273096617311,
            "dmean2": 0.0373253673315,
            "dvar": 0.000873004319146,
            "dvar2": 0.00165897386614,
            "max": 0.553823411465,
            "mean": 0.160936653614,
            "median": 0.147006690502,
            "min": 0.0184200089425,
            "var": 0.0066629066132
        },
        "barkbands_kurtosis": {
            "dmean": 5.49108219147,
            "dmean2": 7.88333892822,
            "dvar": 372.826873779,
            "dvar2": 746.760253906,
            "max": 799.580993652,
            "mean": 8.36862564087,
            "median": 2.12351560593,
            "min": -1.94035339355,
            "var": 684.045776367
        },
        "barkbands_skewness": {
            "dmean": 0.675855338573,
            "dmean2": 0.961031019688,
            "dvar": 0.842987000942,
            "dvar2": 1.48059308529,
            "max": 25.0473041534,
            "mean": 1.90377271175,
            "median": 1.45406424999,
            "min": -4.48317956924,
            "var": 3.43326687813
        },
        "barkbands_spread": {
            "dmean": 7.21564054489,
            "dmean2": 10.7323713303,
            "dvar": 95.3501968384,
            "dvar2": 192.264221191,
            "max": 118.079780579,
            "mean": 23.5015792847,
            "median": 20.0023994446,
            "min": 0.165654823184,
            "var": 302.430236816
        },
        "dissonance": {
            "dmean": 0.025296440348,
            "dmean2": 0.0413405895233,
            "dvar": 0.000619111058768,
            "dvar2": 0.00159897981212,
            "max": 0.499999821186,
            "mean": 0.448540508747,
            "median": 0.460781574249,
            "min": 0.178271248937,
            "var": 0.00189989095088
        },
        "dynamic_complexity": 3.06225538254,
        "erbbands": {
            "dmean": [
                0.216442704201,
                1.1796592474,
                2.11929106712,
                4.23711156845,
                8.09590435028,
                8.38186740875,
                6.10877180099,
                6.25045919418,
                10.6305017471,
                19.4459590912,
                20.8052158356,
                23.971830368,
                24.118560791,
                24.3464221954,
                23.5118522644,
                22.0459442139,
                23.950592041,
                20.4133930206,
                18.9388885498,
                15.6794061661,
                14.2312660217,
                9.97021770477,
                9.5523891449,
                6.74973726273,
                5.87756919861,
                7.09158706665,
                4.92036390305,
                6.96233654022,
                6.55402898788,
                6.15799188614,
                6.01237440109,
                4.61654949188,
                3.49944925308,
                2.11736416817,
                0.971191763878,
                0.389693588018,
                0.105998210609,
                0.0171262342483,
                0.00112759356853,
                4.81899660372e-05
            ],
            "dmean2": [
                0.280918627977,
                1.7048214674,
                3.43809986115,
                7.67274284363,
                14.4033069611,
                14.7598295212,
                10.2102098465,
                9.95161247253,
                16.5109233856,
                30.4362163544,
                32.9580497742,
                37.1351890564,
                38.3734283447,
                38.3951225281,
                38.2458496094,
                36.1293640137,
                38.9041938782,
                33.4935150146,
                30.4262142181,
                25.3797473907,
                22.5575256348,
                16.1375255585,
                15.4943284988,
                10.9697303772,
                9.60635566711,
                11.8012924194,
                7.85917043686,
                11.2966241837,
                10.4341878891,
                9.76757144928,
                9.33617210388,
                7.03889274597,
                5.35395050049,
                3.19366407394,
                1.45890069008,
                0.58935123682,
                0.167621508241,
                0.0280169434845,
                0.00185075670015,
                7.71949926275e-05
            ],
            "dvar": [
                0.275868982077,
                8.49574661255,
                35.7360343933,
                209.404708862,
                639.998535156,
                466.648834229,
                158.318405151,
                202.330352783,
                555.985839844,
                1520.34118652,
                1600.68908691,
                2288.85351562,
                1993.68920898,
                3143.09155273,
                2293.05786133,
                2259.30688477,
                2617.18115234,
                2023.20153809,
                1526.36047363,
                1167.16748047,
                811.378112793,
                426.919921875,
                430.9190979,
                177.642745972,
                147.488235474,
                295.779296875,
                112.630134583,
                244.987442017,
                193.71055603,
                152.933334351,
                178.851669312,
                93.7735900879,
                40.4460868835,
                17.2167358398,
                4.14522838593,
                0.844026088715,
                0.0850938037038,
                0.00358280725777,
                1.81989307748e-05,
                2.34826806889e-08
            ],
            "dvar2": [
                0.518085062504,
                16.1355895996,
                93.3728485107,
                602.614379883,
                1787.5065918,
                1334.14074707,
                424.050872803,
                489.590576172,
                1306.49438477,
                3471.25732422,
                3816.72802734,
                5330.12792969,
                4915.30029297,
                7662.19775391,
                5707.03857422,
                5836.33789062,
                6310.29199219,
                5168.89697266,
                3690.13427734,
                2757.83789062,
                1869.71960449,
                1079.26696777,
                1102.16210938,
                452.989959717,
                365.599731445,
                781.000732422,
                263.548858643,
                628.874145508,
                482.608123779,
                369.102661133,
                399.71484375,
                208.556488037,
                90.5057449341,
                36.700668335,
                8.88191127777,
                1.79923188686,
                0.206098303199,
                0.00920516625047,
                4.59570874227e-05,
                6.05023942057e-08
            ],
            "max": [
                9.19581890106,
                46.1962242126,
                69.183052063,
                187.603927612,
                272.98425293,
                227.296951294,
                199.741989136,
                251.817703247,
                450.664001465,
                792.888183594,
                677.416442871,
                1309.65246582,
                753.676025391,
                1717.63513184,
                1657.01586914,
                1451.51953125,
                1425.08251953,
                1313.56018066,
                952.428039551,
                690.253967285,
                486.694091797,
                345.393218994,
                326.664794922,
                293.63482666,
                201.02986145,
                187.297912598,
                164.591079712,
                195.530578613,
                197.850906372,
                161.348754883,
                264.704956055,
                128.93838501,
                104.043952942,
                75.1106262207,
                30.2359886169,
                20.3442840576,
                3.97160434723,
                0.562949776649,
                0.0431798696518,
                0.00173507269938
            ],
            "mean": [
                0.407534569502,
                2.50885891914,
                3.75445508957,
                5.69090366364,
                7.86659765244,
                9.87191581726,
                9.8945016861,
                10.3573217392,
                17.9281921387,
                35.2309532166,
                35.3309059143,
                47.4203186035,
                45.3481750488,
                42.8112831116,
                40.4062805176,
                35.7408103943,
                39.5067481995,
                32.9168014526,
                29.6708221436,
                23.5729217529,
                22.6275005341,
                16.3235759735,
                15.0823287964,
                10.1550674438,
                8.61347866058,
                8.81864643097,
                7.66616821289,
                10.6548576355,
                11.0212135315,
                10.4938344955,
                9.79797554016,
                7.14317798615,
                5.75032043457,
                3.3779399395,
                1.4182292223,
                0.48958966136,
                0.114917613566,
                0.0155184390023,
                0.00100533757359,
                7.72913190303e-05
            ],
            "median": [
                0.10052999109,
                1.02234828472,
                1.45005691051,
                1.49760258198,
                2.74569535255,
                4.17460346222,
                4.33118629456,
                3.29799199104,
                5.77157449722,
                11.1859321594,
                12.9274082184,
                13.9226102829,
                17.3208217621,
                16.1634750366,
                15.8077745438,
                14.1981630325,
                13.218337059,
                9.67763710022,
                10.5963811874,
                7.35426950455,
                7.7422375679,
                5.63337993622,
                5.34612464905,
                3.93779349327,
                3.30761766434,
                3.00515556335,
                2.51099395752,
                2.98461675644,
                2.99030041695,
                2.9320898056,
                2.60321378708,
                1.8909124136,
                2.06160783768,
                1.07626879215,
                0.339143276215,
                0.0914261639118,
                0.0164141934365,
                0.00135072867852,
                9.524840425e-05,
                4.50761217508e-05
            ],
            "min": [
                8.94940299645e-08,
                2.50164430327e-06,
                2.84062116407e-05,
                0.000216825457755,
                0.000581583648454,
                0.00138508691452,
                0.000961517216638,
                0.00288961920887,
                0.000741376599763,
                0.000706769700628,
                0.00159932975657,
                0.00220197020099,
                0.00232247659005,
                0.00196246663108,
                0.00833943672478,
                0.0144699560478,
                0.00314489775337,
                0.000550669210497,
                0.000747615587898,
                0.000810692436062,
                0.00125386449508,
                0.0017196147237,
                0.00106897437945,
                0.000366762513295,
                0.00039855169598,
                0.000199459216674,
                0.000116493676614,
                6.41808946966e-05,
                3.43305982824e-05,
                3.33681564371e-05,
                2.09906411328e-05,
                1.86905108421e-05,
                1.32332106659e-05,
                9.90784519672e-06,
                6.72921350997e-06,
                4.44755278295e-06,
                2.39629866883e-06,
                8.67803350957e-07,
                3.25507841126e-07,
                8.44694980628e-08
            ],
            "var": [
                0.639441132545,
                17.9633560181,
                39.9964332581,
                149.758300781,
                408.459228516,
                340.280761719,
                222.401748657,
                465.258117676,
                1175.39868164,
                4190.44335938,
                3510.2331543,
                7158.82910156,
                5212.51367188,
                6704.28515625,
                5809.36230469,
                3546.39770508,
                6283.10888672,
                4517.30761719,
                2931.73852539,
                1922.03479004,
                1684.96936035,
                728.147399902,
                616.424194336,
                251.910079956,
                203.403518677,
                285.476623535,
                170.544906616,
                344.816711426,
                332.155944824,
                273.034637451,
                336.539764404,
                160.544952393,
                78.7553253174,
                34.7216453552,
                7.687251091,
                1.34928607941,
                0.0927179977298,
                0.00285136373714,
                1.43218858284e-05,
                2.00931289385e-08
            ]
        },
        "erbbands_crest": {
            "dmean": 2.8911895752,
            "dmean2": 4.5838842392,
            "dvar": 8.04957294464,
            "dvar2": 18.5803337097,
            "max": 30.6641674042,
            "mean": 9.62976551056,
            "median": 8.56611633301,
            "min": 2.22841453552,
            "var": 23.1614398956
        },
        "erbbands_flatness_db": {
            "dmean": 0.0196895506233,
            "dmean2": 0.0280053559691,
            "dvar": 0.000417525705416,
            "dvar2": 0.000756888417527,
            "max": 0.483589708805,
            "mean": 0.16042521596,
            "median": 0.146586999297,
            "min": 0.0519604757428,
            "var": 0.00360738276504
        },
        "erbbands_kurtosis": {
            "dmean": 1.3513610363,
            "dmean2": 2.10122513771,
            "dvar": 4.31404495239,
            "dvar2": 10.1206684113,
            "max": 51.1177749634,
            "mean": 1.38419818878,
            "median": 0.330953598022,
            "min": -1.85491788387,
            "var": 10.301867485
        },
        "erbbands_skewness": {
            "dmean": 0.432095557451,
            "dmean2": 0.658185660839,
            "dvar": 0.20988675952,
            "dvar2": 0.452474445105,
            "max": 5.76134681702,
            "mean": 0.553560018539,
            "median": 0.496491312981,
            "min": -3.08503198624,
            "var": 0.704245448112
        },
        "erbbands_spread": {
            "dmean": 10.6373243332,
            "dmean2": 15.7375507355,
            "dvar": 165.456069946,
            "dvar2": 323.572784424,
            "max": 178.953704834,
            "mean": 40.4717216492,
            "median": 36.5004310608,
            "min": 2.03675937653,
            "var": 600.897277832
        },
        "gfcc": {
            "cov": [
                [
                    7860.5703125,
                    -2361.29272461,
                    273.25769043,
                    479.184783936,
                    -533.304016113,
                    835.677368164,
                    -243.219528198,
                    569.792175293,
                    155.26600647,
                    535.666992188,
                    -231.334472656,
                    371.934265137,
                    -197.205490112
                ],
                [
                    -2361.29272461,
                    2242.26831055,
                    151.198883057,
                    -227.967010498,
                    578.853149414,
                    -283.587280273,
                    343.769714355,
                    -211.372131348,
                    89.8131790161,
                    -219.949584961,
                    111.736740112,
                    -208.638946533,
                    103.859298706
                ],
                [
                    273.25769043,
                    151.198883057,
                    1056.33178711,
                    416.464050293,
                    220.423919678,
                    277.449554443,
                    146.646072388,
                    180.381835938,
                    121.43850708,
                    116.868423462,
                    55.7741737366,
                    42.2325897217,
                    -3.65940761566
                ],
                [
                    479.184783936,
                    -227.967010498,
                    416.464050293,
                    1044.05493164,
                    235.57824707,
                    305.502075195,
                    277.965454102,
                    70.6718521118,
                    171.303573608,
                    149.484619141,
                    90.4901199341,
                    54.7689781189,
                    77.7518463135
                ],
                [
                    -533.304016113,
                    578.853149414,
                    220.423919678,
                    235.57824707,
                    560.100769043,
                    99.0460891724,
                    260.435150146,
                    28.3640003204,
                    128.107666016,
                    33.6254844666,
                    67.7815551758,
                    -19.494720459,
                    40.3500213623
                ],
                [
                    835.677368164,
                    -283.587280273,
                    277.449554443,
                    305.502075195,
                    99.0460891724,
                    493.084625244,
                    232.588897705,
                    196.42401123,
                    143.207244873,
                    170.045608521,
                    68.8051986694,
                    85.8667755127,
                    -0.151377782226
                ],
                [
                    -243.219528198,
                    343.769714355,
                    146.646072388,
                    277.965454102,
                    260.435150146,
                    232.588897705,
                    482.151794434,
                    58.2001838684,
                    159.744796753,
                    106.278617859,
                    89.299621582,
                    12.7127456665,
                    33.4538803101
                ],
                [
                    569.792175293,
                    -211.372131348,
                    180.381835938,
                    70.6718521118,
                    28.3640003204,
                    196.42401123,
                    58.2001838684,
                    315.594512939,
                    133.658660889,
                    119.124649048,
                    45.8935852051,
                    73.2307434082,
                    4.24416303635
                ],
                [
                    155.26600647,
                    89.8131790161,
                    121.43850708,
                    171.303573608,
                    128.107666016,
                    143.207244873,
                    159.744796753,
                    133.658660889,
                    222.920211792,
                    112.289207458,
                    63.9692955017,
                    45.9975738525,
                    27.9734687805
                ],
                [
                    535.666992188,
                    -219.949584961,
                    116.868423462,
                    149.484619141,
                    33.6254844666,
                    170.045608521,
                    106.278617859,
                    119.124649048,
                    112.289207458,
                    224.306915283,
                    61.3997421265,
                    76.3918991089,
                    9.70987129211
                ],
                [
                    -231.334472656,
                    111.736740112,
                    55.7741737366,
                    90.4901199341,
                    67.7815551758,
                    68.8051986694,
                    89.299621582,
                    45.8935852051,
                    63.9692955017,
                    61.3997421265,
                    146.503601074,
                    50.4118995667,
                    51.5746307373
                ],
                [
                    371.934265137,
                    -208.638946533,
                    42.2325897217,
                    54.7689781189,
                    -19.494720459,
                    85.8667755127,
                    12.7127456665,
                    73.2307434082,
                    45.9975738525,
                    76.3918991089,
                    50.4118995667,
                    157.832778931,
                    46.9576416016
                ],
                [
                    -197.205490112,
                    103.859298706,
                    -3.65940761566,
                    77.7518463135,
                    40.3500213623,
                    -0.151377782226,
                    33.4538803101,
                    4.24416303635,
                    27.9734687805,
                    9.70987129211,
                    51.5746307373,
                    46.9576416016,
                    128.675445557
                ]
            ],
            "icov": [
                [
                    0.000296787096886,
                    -3.26046101691e-05,
                    9.40143945627e-05,
                    -0.000167111051269,
                    0.000167457837961,
                    -0.000437538372353,
                    0.000321822735714,
                    -0.000210918675293,
                    4.60153823951e-05,
                    -0.000494826992508,
                    0.000799547065981,
                    -0.000512052152772,
                    0.000348809902789
                ],
                [
                    -3.26046101691e-05,
                    0.0017194316024,
                    -0.000661967846099,
                    0.00100259645842,
                    -0.00110434542876,
                    0.00100517249666,
                    -0.00120711617637,
                    0.00087779306341,
                    -0.0012616594322,
                    0.00144570518751,
                    -0.00140373094473,
                    0.00169493327849,
                    -0.00132078758907
                ],
                [
                    9.40143945627e-05,
                    -0.000661967846099,
                    0.00160839862656,
                    -0.000833426485769,
                    3.87760192098e-05,
                    -0.000848605530336,
                    0.00076434283983,
                    -0.000923198123928,
                    0.000691432738677,
                    -0.000702720542904,
                    0.000679635442793,
                    -0.000767633784562,
                    0.000956737902015
                ],
                [
                    -0.000167111051269,
                    0.00100259645842,
                    -0.000833426485769,
                    0.00217146519572,
                    -0.000843554444145,
                    0.000167541205883,
                    -0.00102757290006,
                    0.00124032353051,
                    -0.00124390376732,
                    0.000730737985577,
                    -0.00112863513641,
                    0.00139053759631,
                    -0.00174999190494
                ],
                [
                    0.000167457837961,
                    -0.00110434542876,
                    3.87760192098e-05,
                    -0.000843554444145,
                    0.00355802569538,
                    -0.000573027296923,
                    -0.000247181742452,
                    -0.000474636122817,
                    -0.000122311408632,
                    -0.000641179038212,
                    0.000886996800546,
                    -0.000695263326634,
                    0.000595522054937
                ],
                [
                    -0.000437538372353,
                    0.00100517249666,
                    -0.000848605530336,
                    0.000167541205883,
                    -0.000573027296923,
                    0.00556056620553,
                    -0.00269096670672,
                    -0.000890836003236,
                    -0.000356895528967,
                    0.000482696661493,
                    -0.00186685926747,
                    0.000561520748306,
                    -0.000107513886178
                ],
                [
                    0.000321822735714,
                    -0.00120711617637,
                    0.00076434283983,
                    -0.00102757290006,
                    -0.000247181742452,
                    -0.00269096670672,
                    0.00528973340988,
                    0.00013833057892,
                    -0.000642656930722,
                    -0.00187012692913,
                    0.000843534129672,
                    -0.000738322094548,
                    0.00101687118877
                ],
                [
                    -0.000210918675293,
                    0.00087779306341,
                    -0.000923198123928,
                    0.00124032353051,
                    -0.000474636122817,
                    -0.000890836003236,
                    0.00013833057892,
                    0.00644557923079,
                    -0.00353244645521,
                    0.000293149380013,
                    -0.0013396301074,
                    0.000448548264103,
                    -0.000789176614489
                ],
                [
                    4.60153823951e-05,
                    -0.0012616594322,
                    0.000691432738677,
                    -0.00124390376732,
                    -0.000122311408632,
                    -0.000356895528967,
                    -0.000642656930722,
                    -0.00353244645521,
                    0.0100840236992,
                    -0.00313171651214,
                    0.000457279820694,
                    -0.00139275414404,
                    0.000550752563868
                ],
                [
                    -0.000494826992508,
                    0.00144570518751,
                    -0.000702720542904,
                    0.000730737985577,
                    -0.000641179038212,
                    0.000482696661493,
                    -0.00187012692913,
                    0.000293149380013,
                    -0.00313171651214,
                    0.0099671240896,
                    -0.00365737848915,
                    3.87559957744e-05,
                    -0.00032813771395
                ],
                [
                    0.000799547065981,
                    -0.00140373094473,
                    0.000679635442793,
                    -0.00112863513641,
                    0.000886996800546,
                    -0.00186685926747,
                    0.000843534129672,
                    -0.0013396301074,
                    0.000457279820694,
                    -0.00365737848915,
                    0.0130481207743,
                    -0.00409809779376,
                    -0.000953521113843
                ],
                [
                    -0.000512052152772,
                    0.00169493327849,
                    -0.000767633784562,
                    0.00139053759631,
                    -0.000695263326634,
                    0.000561520748306,
                    -0.000738322094548,
                    0.000448548264103,
                    -0.00139275414404,
                    3.87559957744e-05,
                    -0.00409809779376,
                    0.0121863456443,
                    -0.00512378569692
                ],
                [
                    0.000348809902789,
                    -0.00132078758907,
                    0.000956737902015,
                    -0.00174999190494,
                    0.000595522054937,
                    -0.000107513886178,
                    0.00101687118877,
                    -0.000789176614489,
                    0.000550752563868,
                    -0.00032813771395,
                    -0.000953521113843,
                    -0.00512378569692,
                    0.012188596651
                ]
            ],
            "mean": [
                -0.117190346122,
                83.017906189,
                -111.065490723,
                22.4434909821,
                -64.529296875,
                28.9222507477,
                -37.9879074097,
                12.6059093475,
                -21.4731445312,
                -0.00218107947148,
                -14.7205591202,
                -1.68484020233,
                -9.41950702667
            ]
        },
        "hfc": {
            "dmean": 11.0540657043,
            "dmean2": 16.4632453918,
            "dvar": 375.31842041,
            "dvar2": 846.831237793,
            "max": 231.078674316,
            "mean": 27.5824203491,
            "median": 18.2915172577,
            "min": 0.0288585536182,
            "var": 807.867248535
        },
        "melbands": {
            "dmean": [
                0.00172711326741,
                0.00115006160922,
                0.000833330384921,
                0.000620249193162,
                0.000236472435063,
                0.000134960428113,
                0.000175498615135,
                0.00022073823493,
                0.000165496909176,
                0.000155051500769,
                0.00012618159235,
                0.000109200344014,
                7.34852656024e-05,
                8.91292656888e-05,
                5.53593563382e-05,
                4.96652210131e-05,
                3.86718347727e-05,
                3.36200246238e-05,
                2.40285571635e-05,
                1.82542971743e-05,
                1.67210273503e-05,
                1.0886607015e-05,
                1.00577526609e-05,
                8.48028321343e-06,
                5.46267665413e-06,
                4.81600864077e-06,
                4.2071246753e-06,
                5.02365946886e-06,
