{
    "lowlevel": {
        "average_loudness": 0.956733763218,
        "barkbands": {
            "dmean": [
                0.00166850897949,
                0.0100075006485,
                0.00176939496305,
                0.001398586086,
                0.00303922081366,
                0.00117236014921,
                0.00191228010226,
                0.000842704554088,
                0.00111665541772,
                0.000545838323887,
                0.000425442791311,
                0.00060706329532,
                0.00043236016063,
                0.000292999466183,
                0.000301112944726,
                0.000185005599633,
                0.000234319391893,
                0.000100905483123,
                8.86817069841e-05,
                0.000163939723279,
                0.000160783180036,
                0.000421252159867,
                0.000195373315364,
                0.000262280867901,
                0.000163827746292,
                0.000109243919724,
                1.73878561327e-05
            ],
            "dmean2": [
                0.0023197371047,
                0.0152554763481,
                0.00294638448395,
                0.00242815725505,
                0.00460230605677,
                0.00192462117411,
                0.00308579974808,
                0.00132257747464,
                0.00170199968852,
                0.000844941765536,
                0.000660190591589,
                0.000993171823211,
                0.00068113981979,
                0.000462208612589,
                0.000467844220111,
                0.0002782336378,
                0.00036672069109,
                0.000146459729876,
                0.000125582140754,
                0.000230237637879,
                0.000232401696849,
                0.000665009662043,
                0.000282529188553,
                0.000380325480364,
                0.000247266871156,
                0.000171592109837,
                2.50017837971e-05
            ],
            "dvar": [
                6.04805427429e-06,
                0.000370087480405,
                2.73018413282e-05,
                2.10214275285e-05,
                6.57469645375e-05,
                5.79375955567e-06,
                2.29173074331e-05,
                5.33714637641e-06,
                6.55841813568e-06,
                1.95470170183e-06,
                1.06203924588e-06,
                2.47173579737e-06,
                1.54850226863e-06,
                5.79404286327e-07,
                4.49822351811e-07,
                1.78196884804e-07,
                3.76416579684e-07,
                4.346890492e-08,
                3.2771872327e-08,
                8.75446062309e-08,
                1.54495552351e-07,
                2.32854608839e-06,
                7.05851903149e-07,
                5.35156402748e-07,
                4.49879109965e-07,
                1.49337566313e-07,
                6.19520434952e-09
            ],
            "dvar2": [
                1.19885235108e-05,
                0.000926777021959,
                7.8674958786e-05,
                5.95388301008e-05,
                0.000126550541609,
                1.43700899571e-05,
                5.73253637413e-05,
                1.29117852339e-05,
                1.53117143782e-05,
                4.62555999547e-06,
                2.37502194977e-06,
                6.26530572845e-06,
                3.94405424231e-06,
                1.42100975609e-06,
                1.05509946025e-06,
                3.8900088839e-07,
                9.408362871e-07,
                8.74537633422e-08,
                6.48498925671e-08,
                1.80923535709e-07,
                2.93538590768e-07,
                5.88948978475e-06,
                1.69873385403e-06,
                1.1186438087e-06,
                1.13150201742e-06,
                3.55551236453e-07,
                1.32699904398e-08
            ],
            "max": [
                0.0299102943391,
                0.215505704284,
                0.0691168829799,
                0.0473798960447,
                0.0975385978818,
                0.0463750846684,
                0.0866810902953,
                0.0389400646091,
                0.0497773438692,
                0.0474229939282,
                0.0204095542431,
                0.0325306467712,
                0.0250672698021,
                0.012343914248,
                0.0135677717626,
                0.00679572392255,
                0.00644167186692,
                0.00336186098866,
                0.00296460161917,
                0.00623382022604,
                0.00683640129864,
                0.0190034043044,
                0.0188039001077,
                0.00796885322779,
                0.00873472448438,
                0.00458397669718,
                0.00102750444785
            ],
            "mean": [
                0.0111198686063,
                0.0413627661765,
                0.00307416100986,
                0.0013396415161,
                0.00391902215779,
                0.00153868179768,
                0.00220244890079,
                0.00111015804578,
                0.00164563115686,
                0.00075462332461,
                0.000516473024618,
                0.000708525185473,
                0.000449476006906,
                0.000303310429445,
                0.000380010751542,
                0.000234087841818,
                0.000283565634163,
                0.000150604450027,
                0.000124096259242,
                0.000269653071882,
                0.000269662996288,
                0.000531409110408,
                0.000275245518424,
                0.000356610340532,
                0.000165808945894,
                0.00012094018166,
                1.68478291016e-05
            ],
            "median": [
                0.00947979465127,
                0.035636998713,
                0.000586565234698,
                0.000194910040591,
                0.00111682130955,
                0.000547558767721,
                0.0004893510486,
                0.000234915452893,
                0.00046859763097,
                0.00017707196821,
                9.30195092224e-05,
                0.000127425475512,
                7.28441373212e-05,
                3.81288409699e-05,
                4.4900472858e-05,
                3.78319309675e-05,
                5.4262305639e-05,
                2.99570747302e-05,
                3.67863467545e-05,
                6.29757269053e-05,
                4.92888721055e-05,
                1.92356474145e-05,
                1.99442947633e-05,
                2.05401302082e-05,
                7.38314020055e-06,
                1.07898267743e-05,
                2.84989965849e-07
            ],
            "min": [
                3.72243961518e-25,
                4.52039978443e-24,
                8.1685890995e-25,
                2.25793487534e-24,
                1.17204212244e-23,
                1.57294304885e-23,
                7.07059500338e-24,
                4.64495027174e-24,
                1.22280729384e-23,
                1.98609727282e-23,
                8.53644213796e-24,
                2.56607916993e-23,
                2.15685410436e-23,
                1.71039054422e-23,
                6.01627798593e-23,
                6.02593490558e-23,
                9.1476783886e-23,
                7.62678611777e-23,
                1.56529794538e-22,
                1.5011159697e-22,
                1.93836187949e-22,
                3.08762177787e-22,
                3.11561485419e-22,
                6.38229467847e-22,
                8.08353620324e-22,
                1.37875720619e-21,
                1.93077061421e-21
            ],
            "var": [
                9.3689210189e-05,
                0.00135380006395,
                2.68951025646e-05,
                1.46907641465e-05,
                9.98845061986e-05,
                7.48205411583e-06,
                2.43278391281e-05,
                7.47815556679e-06,
                1.01283112599e-05,
                2.84415227725e-06,
                1.55534428359e-06,
                3.06454148813e-06,
                1.43122110785e-06,
                6.27979829915e-07,
                6.52719847949e-07,
                2.75462497257e-07,
                4.29189043416e-07,
                9.68485807107e-08,
                5.83212802496e-08,
                2.19734886286e-07,
                3.36318066729e-07,
                2.73279010798e-06,
                8.80485458765e-07,
                9.68502718024e-07,
                3.92413824102e-07,
                1.54965249521e-07,
                6.69788624563e-09
            ]
        },
        "barkbands_crest": {
            "dmean": 2.21197795868,
            "dmean2": 3.48798966408,
            "dvar": 6.43397140503,
            "dvar2": 15.7175760269,
            "max": 26.7067985535,
            "mean": 14.4424600601,
            "median": 14.6842288971,
            "min": 2.55937504768,
            "var": 21.1632270813
        },
        "barkbands_flatness_db": {
            "dmean": 0.0346597470343,
            "dmean2": 0.0474518015981,
            "dvar": 0.00157514750026,
            "dvar2": 0.00274489517324,
            "max": 0.624476373196,
            "mean": 0.223718121648,
            "median": 0.215996474028,
            "min": 0.0296043884009,
            "var": 0.00856943428516
        },
        "barkbands_kurtosis": {
            "dmean": 17.146566391,
            "dmean2": 26.2993564606,
            "dvar": 10435.2646484,
            "dvar2": 20177.1992188,
            "max": 5460.14013672,
            "mean": 26.5394115448,
            "median": 8.12144470215,
            "min": -1.95630574226,
            "var": 13710.4179688
        },
        "barkbands_skewness": {
            "dmean": 1.08081638813,
            "dmean2": 1.62427783012,
            "dvar": 3.22955489159,
            "dvar2": 6.65677213669,
            "max": 64.7694625854,
            "mean": 3.19328808784,
            "median": 2.64461946487,
            "min": -3.22132968903,
            "var": 7.83735322952
        },
        "barkbands_spread": {
            "dmean": 6.80266857147,
            "dmean2": 10.3586292267,
            "dvar": 146.092849731,
            "dvar2": 342.044921875,
            "max": 157.009078979,
            "mean": 16.8987846375,
            "median": 10.988535881,
            "min": 0.077215410769,
            "var": 333.846069336
        },
        "dissonance": {
            "dmean": 0.0317758768797,
            "dmean2": 0.0515700243413,
            "dvar": 0.00108745077159,
            "dvar2": 0.00280802231282,
            "max": 0.49999922514,
            "mean": 0.436631411314,
            "median": 0.449285387993,
            "min": 0.136579424143,
            "var": 0.00257753999904
        },
        "dynamic_complexity": 3.60338950157,
        "erbbands": {
            "dmean": [
                0.464761257172,
                1.77824509144,
                2.11650681496,
                3.20108366013,
                7.85380172729,
                12.120631218,
                7.37521314621,
                11.3134708405,
                26.2789916992,
                19.9797649384,
                20.6317977905,
                27.2853012085,
                13.8993940353,
                18.2920761108,
                21.4824123383,
                22.4094333649,
                19.0030326843,
                13.6354541779,
                16.4074935913,
                13.1508131027,
                9.5632610321,
                13.7851896286,
                6.69477415085,
                4.09859609604,
                5.6264629364,
                7.78771114349,
                5.65143156052,
                9.16568183899,
                17.4279880524,
                8.01633262634,
                5.10099363327,
                6.38159942627,
                3.24859905243,
                1.84832465649,
                1.23578286171,
                0.612541735172,
                0.177377983928,
                0.0303969122469,
                0.00262832292356,
                0.000120894117572
            ],
            "dmean2": [
                0.668963909149,
                2.79560351372,
                3.56693291664,
                5.47711181641,
                12.9436483383,
                17.5794830322,
                12.1993169785,
                18.5205554962,
                41.9360313416,
                32.6654434204,
                31.6614151001,
                40.7990531921,
                21.4448757172,
                28.4893989563,
                33.0122032166,
                36.2984809875,
                29.4172153473,
                21.0688667297,
                25.627161026,
                19.8900356293,
                14.351764679,
                21.7463054657,
                9.61220359802,
                5.6689620018,
                7.94458675385,
                10.8944330215,
                8.41646385193,
                13.0516319275,
                28.4045124054,
                11.9390029907,
                7.51360368729,
                9.59351158142,
                4.55530023575,
                2.73108029366,
                1.92709946632,
                0.979191482067,
                0.272290438414,
                0.0442772656679,
                0.00382076506503,
                0.000172902626218
            ],
            "dvar": [
                0.652343094349,
                17.4880428314,
                42.0465240479,
                95.8176269531,
                370.50213623,
                1638.13598633,
                253.004119873,
                655.915649414,
                3951.1328125,
                3892.1184082,
                2801.46557617,
                3900.18945312,
                1571.85656738,
                2224.60644531,
                2739.58569336,
                3561.72167969,
                2910.41162109,
                1041.80859375,
                1512.37365723,
                843.786193848,
                479.914001465,
                1529.77050781,
                202.515167236,
                86.2411193848,
                124.47832489,
                208.615188599,
                126.99596405,
                752.228027344,
                4399.12011719,
                1274.70324707,
                275.575378418,
                342.168731689,
                91.0140304565,
                43.4842758179,
                30.3782997131,
                5.94129419327,
                0.330114841461,
                0.016366507858,
                0.000122390105389,
                2.09301120435e-07
            ],
            "dvar2": [
                1.75029397011,
                42.4489555359,
                119.298103333,
                272.429870605,
                931.311584473,
                3265.79589844,
                679.024169922,
                1588.83569336,
                9587.41796875,
                10319.6591797,
                6290.80712891,
                9024.62988281,
                3973.61132812,
                5202.81542969,
                6315.36962891,
                9143.91503906,
                7344.56201172,
                2490.89624023,
                3663.23266602,
                1988.46716309,
                1058.23840332,
                3902.79589844,
                419.125213623,
                166.953735352,
                267.83972168,
                434.265228271,
                272.690948486,
                1476.28918457,
                11555.0527344,
                2838.75976562,
                638.247802734,
                743.081054688,
                195.451553345,
                105.931137085,
                79.2285461426,
                14.8548545837,
                0.733776092529,
                0.0363205894828,
                0.000262169982307,
                4.54138671557e-07
            ],
            "max": [
                9.50537967682,
                42.3574790955,
                87.6649398804,
                129.740249634,
                190.022644043,
                490.33996582,
                183.455963135,
                592.478942871,
                1157.74304199,
                1306.1418457,
                831.920593262,
                1515.35144043,
                1557.5057373,
                1179.72875977,
                1112.65856934,
                1584.76013184,
                1036.92700195,
                586.693847656,
                492.13760376,
                451.608093262,
                257.712646484,
                429.297302246,
                206.695739746,
                215.634384155,
                198.402404785,
                343.762481689,
                180.351516724,
                414.184143066,
                816.035095215,
                760.676574707,
                294.727844238,
                202.841918945,
                93.2978897095,
                85.8174209595,
                68.6966705322,
                29.8783760071,
                5.97419691086,
                1.79386663437,
                0.135387063026,
                0.00599698675796
            ],
            "mean": [
                2.30596017838,
                4.96970033646,
                3.84317374229,
                4.28361415863,
                9.35837745667,
                14.5658998489,
                9.76934909821,
                14.1953334808,
                31.7185916901,
                22.9262695312,
                30.0023670197,
                41.6672325134,
                21.4037437439,
                24.472202301,
                28.2608146667,
                26.7643814087,
                21.3515930176,
                15.2497787476,
                19.3774547577,
                17.5605640411,
                12.6202630997,
                16.3913478851,
                9.95920658112,
                6.08089733124,
                8.39226818085,
                12.6363258362,
                9.97044754028,
                14.3892374039,
                21.1936454773,
                11.3502664566,
                7.28542089462,
                9.40248775482,
                3.72292470932,
                1.94248366356,
                1.17686402798,
                0.594819009304,
                0.216711297631,
                0.033160250634,
                0.00270890048705,
                0.000190125865629
            ],
            "median": [
                2.28692221642,
                2.26976633072,
                1.7769100666,
                1.33606791496,
                2.53854894638,
                3.03666591644,
                3.63305854797,
                5.13880586624,
                7.93705415726,
                7.55401992798,
                8.1335811615,
                12.1524486542,
                7.7802362442,
                5.54315090179,
                6.13747596741,
                5.50708341599,
                4.06924724579,
                2.85245537758,
                2.60317325592,
                2.49053287506,
                2.67455744743,
                2.99965286255,
                2.11271905899,
                1.79930925369,
                2.4498591423,
                2.89109134674,
                2.61386394501,
                1.292293787,
                0.697887539864,
                0.591299951077,
                0.604633927345,
                0.416608095169,
                0.25834518671,
                0.105397224426,
                0.0402969717979,
                0.01988754794,
                0.0223606936634,
                0.0043133366853,
                0.000149039318785,
                9.55158320721e-05
            ],
            "min": [
                8.64581454703e-23,
                5.67716006185e-22,
                2.65714424416e-21,
                6.67275291037e-21,
                2.16119998958e-20,
                4.11250483742e-20,
                6.29189633813e-20,
                6.41127401015e-20,
                9.80537959416e-20,
                1.07915275183e-19,
                1.96596261755e-19,
                3.38726945323e-19,
                5.15438263366e-19,
                6.85287291047e-19,
                1.00464052905e-18,
                1.18996072932e-18,
                1.07879034333e-18,
                1.69941516813e-18,
                3.85690372755e-18,
                3.96693115673e-18,
                4.52528137892e-18,
                5.72286478438e-18,
                4.16378690762e-18,
                6.53670710956e-18,
                8.43587326413e-18,
                7.79150287567e-18,
                7.60841554607e-18,
                9.954046646e-18,
                8.92480814368e-18,
                1.07461820975e-17,
                1.02710727147e-17,
                1.13582064153e-17,
                1.04397737191e-17,
                8.9124087063e-18,
                6.58069285222e-18,
                3.95706578715e-18,
                2.43036541393e-18,
                9.51755667165e-19,
                2.33026601326e-19,
                2.72381496114e-20
            ],
            "var": [
                2.93703198433,
                54.3195381165,
                40.2463188171,
                78.6993331909,
                375.534179688,
                2270.70385742,
                284.39465332,
                803.999938965,
                4660.24658203,
                3292.07299805,
                4815.97167969,
                6322.20996094,
                2086.39746094,
                3390.92724609,
                4024.30859375,
                4000.06958008,
                2873.26171875,
                1239.79907227,
                1904.15551758,
                1334.59509277,
                694.698547363,
                1592.90380859,
                415.845733643,
                149.067596436,
                237.476379395,
                491.582366943,
                311.536712646,
                1493.81921387,
                4802.33984375,
                1819.6348877,
                403.384399414,
                668.613525391,
                121.668464661,
                42.2736854553,
                24.1849117279,
                5.28287267685,
                0.410982072353,
                0.017164317891,
                0.000134596033604,
                2.33607082123e-07
            ]
        },
        "erbbands_crest": {
            "dmean": 3.52175617218,
            "dmean2": 5.6538977623,
            "dvar": 11.4258642197,
            "dvar2": 27.2048187256,
            "max": 32.3008995056,
            "mean": 10.6704292297,
            "median": 9.63085365295,
            "min": 2.04231262207,
            "var": 25.0706005096
        },
        "erbbands_flatness_db": {
            "dmean": 0.0239959452301,
            "dmean2": 0.0354621596634,
            "dvar": 0.000602422980592,
            "dvar2": 0.00120330508798,
            "max": 0.380655676126,
            "mean": 0.157580286264,
            "median": 0.152964964509,
            "min": 0.0247188340873,
            "var": 0.00253448309377
        },
        "erbbands_kurtosis": {
            "dmean": 1.92931962013,
            "dmean2": 3.04211568832,
            "dvar": 13.9015331268,
            "dvar2": 32.9807319641,
            "max": 108.673377991,
            "mean": 1.6446518898,
            "median": 0.415664196014,
            "min": -1.90130913258,
            "var": 18.833820343
        },
        "erbbands_skewness": {
            "dmean": 0.594793081284,
            "dmean2": 0.901827514172,
            "dvar": 0.463037639856,
            "dvar2": 1.03629159927,
            "max": 9.40455532074,
            "mean": 0.438293278217,
            "median": 0.442188799381,
            "min": -6.35104131699,
            "var": 1.12579476833
        },
        "erbbands_spread": {
            "dmean": 13.8000392914,
            "dmean2": 20.7149162292,
            "dvar": 307.827148438,
            "dvar2": 689.532958984,
            "max": 222.322006226,
            "mean": 42.2337913513,
            "median": 35.574836731,
            "min": 2.7592651844,
            "var": 796.003601074
        },
        "gfcc": {
            "cov": [
                [
                    24208.15625,
                    -133.772018433,
                    -1434.39099121,
                    971.571350098,
                    -1194.78820801,
                    690.654052734,
                    -661.427734375,
                    306.195678711,
                    -330.534118652,
                    291.174682617,
                    -290.863891602,
                    243.233322144,
                    -65.1497955322
                ],
                [
                    -133.772018433,
                    2151.15429688,
                    90.7344970703,
                    -497.836120605,
                    392.686920166,
                    -400.143737793,
                    368.432861328,
                    -47.5457305908,
                    -9.7530298233,
                    -37.1121559143,
                    109.572875977,
                    -71.0898742676,
                    -73.0249710083
                ],
                [
                    -1434.39099121,
                    90.7344970703,
                    1758.67614746,
                    232.731719971,
                    409.589477539,
                    122.97277832,
                    181.112075806,
                    16.6925354004,
                    13.3832921982,
                    6.93735694885,
                    15.2155742645,
                    163.307739258,
                    -75.5361633301
                ],
                [
                    971.571350098,
                    -497.836120605,
                    232.731719971,
                    652.204650879,
                    44.9250526428,
                    121.582527161,
                    -102.978515625,
                    37.7354698181,
                    83.1473999023,
                    29.4178066254,
                    -54.6650085449,
                    42.0050201416,
                    34.9355316162
                ],
                [
                    -1194.78820801,
                    392.686920166,
                    409.589477539,
                    44.9250526428,
                    787.323059082,
                    -33.5454177856,
                    207.459289551,
                    51.5109519958,
                    77.3402786255,
                    32.1427345276,
                    37.8838157654,
                    31.7542190552,
                    -4.72071266174
                ],
                [
                    690.654052734,
                    -400.143737793,
                    122.97277832,
                    121.582527161,
                    -33.5454177856,
                    380.724365234,
                    55.9750404358,
                    7.23360824585,
                    -10.7531795502,
                    34.5625190735,
                    4.396007061,
                    77.6642608643,
                    -10.4721975327
                ],
                [
                    -661.427734375,
                    368.432861328,
                    181.112075806,
                    -102.978515625,
                    207.459289551,
                    55.9750404358,
                    401.156463623,
                    53.1121673584,
                    15.3939962387,
                    17.9802455902,
                    66.2536315918,
                    43.4614295959,
                    -34.8312644958
                ],
                [
                    306.195678711,
                    -47.5457305908,
                    16.6925354004,
                    37.7354698181,
                    51.5109519958,
                    7.23360824585,
                    53.1121673584,
                    245.694351196,
                    96.9000396729,
                    49.7966384888,
                    25.3565559387,
                    -17.8321304321,
                    38.2472496033
                ],
                [
                    -330.534118652,
                    -9.7530298233,
                    13.3832921982,
                    83.1473999023,
                    77.3402786255,
                    -10.7531795502,
                    15.3939962387,
                    96.9000396729,
                    212.350311279,
                    72.4219055176,
                    -9.19020271301,
                    -14.8053627014,
                    23.015794754
                ],
                [
                    291.174682617,
                    -37.1121559143,
                    6.93735694885,
                    29.4178066254,
                    32.1427345276,
                    34.5625190735,
                    17.9802455902,
                    49.7966384888,
                    72.4219055176,
                    145.385787964,
                    49.3304519653,
                    -8.93265914917,
                    13.9513349533
                ],
                [
                    -290.863891602,
                    109.572875977,
                    15.2155742645,
                    -54.6650085449,
                    37.8838157654,
                    4.396007061,
                    66.2536315918,
                    25.3565559387,
                    -9.19020271301,
                    49.3304519653,
                    150.946548462,
                    26.5239009857,
                    10.188082695
                ],
                [
                    243.233322144,
                    -71.0898742676,
                    163.307739258,
                    42.0050201416,
                    31.7542190552,
                    77.6642608643,
                    43.4614295959,
                    -17.8321304321,
                    -14.8053627014,
                    -8.93265914917,
                    26.5239009857,
                    195.311965942,
                    11.7130641937
                ],
                [
                    -65.1497955322,
                    -73.0249710083,
                    -75.5361633301,
                    34.9355316162,
                    -4.72071266174,
                    -10.4721975327,
                    -34.8312644958,
                    38.2472496033,
                    23.015794754,
                    13.9513349533,
                    10.188082695,
                    11.7130641937,
                    106.121520996
                ]
            ],
            "icov": [
                [
                    0.000110779896204,
                    -0.000228985736612,
                    0.0001424512011,
                    -0.000275063299341,
                    0.000131434528157,
                    -0.000282075634459,
                    0.000282544729998,
                    -0.000445516780019,
                    0.000528336735442,
                    -0.000538757070899,
                    0.000443206867203,
                    -0.000355983560439,
                    0.000286685710307
                ],
                [
                    -0.000228985736612,
                    0.00141237536445,
                    -0.000336102122674,
                    0.000973242218606,
                    -0.000512906466611,
                    0.00148540153168,
                    -0.00131734879687,
                    0.00127486768179,
                    -0.00125926744658,
                    0.00127294543199,
                    -0.00126154266763,
                    0.000929631409235,
                    -0.000372136186343
                ],
                [
                    0.0001424512011,
                    -0.000336102122674,
                    0.000961907440796,
                    -0.000643605366349,
                    -0.000160940093338,
                    -0.000443148659542,
                    0.00027364253765,
                    -0.000695961643942,
                    0.000827940471936,
                    -0.000727813981939,
                    0.000635310017969,
                    -0.00100494525395,
                    0.00100852700416
                ],
                [
                    -0.000275063299341,
                    0.000973242218606,
                    -0.000643605366349,
                    0.00293325446546,
                    -0.00058061175514,
                    0.00040036131395,
                    -0.000263831752818,
                    0.00114061008207,
                    -0.00206247181632,
                    0.00132270599715,
                    -0.000665630446747,
                    0.000765895820223,
                    -0.00115411297884
                ],
                [
                    0.000131434528157,
                    -0.000512906466611,
                    -0.000160940093338,
                    -0.00058061175514,
                    0.00195711222477,
                    -0.000160001844051,
                    -0.000323362794006,
                    -0.000508195837028,
                    0.000199262562091,
                    -0.000743432377931,
                    0.000498606648762,
                    -0.000406802952057,
                    4.17672026742e-06
                ],
                [
                    -0.000282075634459,
                    0.00148540153168,
                    -0.000443148659542,
                    0.00040036131395,
                    -0.000160001844051,
                    0.00497619714588,
                    -0.00213337596506,
                    0.00129911419936,
                    -0.000751204148401,
                    0.000241420129896,
                    -0.000922209233977,
                    -0.000100573932286,
                    -5.1928065659e-05
                ],
                [
                    0.000282544729998,
                    -0.00131734879687,
                    0.00027364253765,
                    -0.000263831752818,
                    -0.000323362794006,
                    -0.00213337596506,
                    0.00501299696043,
                    -0.00220781937242,
                    0.00120833958499,
                    -0.00110704754479,
                    0.000273622368695,
                    -0.00152315804735,
                    0.0017900877865
                ],
                [
                    -0.000445516780019,
                    0.00127486768179,
                    -0.000695961643942,
                    0.00114061008207,
                    -0.000508195837028,
                    0.00129911419936,
                    -0.00220781937242,
                    0.00750637054443,
                    -0.00437809713185,
                    0.00203592074104,
                    -0.00265870057046,
                    0.00239547924139,
                    -0.00291882012971
                ],
                [
                    0.000528336735442,
                    -0.00125926744658,
                    0.000827940471936,
                    -0.00206247181632,
                    0.000199262562091,
                    -0.000751204148401,
                    0.00120833958499,
                    -0.00437809713185,
                    0.0100617259741,
                    -0.006165293511,
                    0.00417058216408,
                    -0.00191741215531,
                    0.00107491982635
                ],
                [
                    -0.000538757070899,
                    0.00127294543199,
                    -0.000727813981939,
                    0.00132270599715,
                    -0.000743432377931,
                    0.000241420129896,
                    -0.00110704754479,
                    0.00203592074104,
                    -0.006165293511,
                    0.0130956312642,
                    -0.00615477981046,
                    0.00298105948605,
                    -0.00163729966152
                ],
                [
                    0.000443206867203,
                    -0.00126154266763,
                    0.000635310017969,
                    -0.000665630446747,
                    0.000498606648762,
                    -0.000922209233977,
                    0.000273622368695,
                    -0.00265870057046,
                    0.00417058216408,
                    -0.00615477981046,
                    0.0110781462863,
                    -0.00289988773875,
                    0.000215679261601
                ],
                [
                    -0.000355983560439,
                    0.000929631409235,
                    -0.00100494525395,
                    0.000765895820223,
                    -0.000406802952057,
                    -0.000100573932286,
                    -0.00152315804735,
                    0.00239547924139,
                    -0.00191741215531,
                    0.00298105948605,
                    -0.00289988773875,
                    0.00777538260445,
                    -0.00249344832264
                ],
                [
                    0.000286685710307,
                    -0.000372136186343,
                    0.00100852700416,
                    -0.00115411297884,
                    4.17672026742e-06,
                    -5.1928065659e-05,
                    0.0017900877865,
                    -0.00291882012971,
                    0.00107491982635,
                    -0.00163729966152,
                    0.000215679261601,
                    -0.00249344832264,
                    0.0123120816424
                ]
            ],
            "mean": [
                -33.1798248291,
                92.7558517456,
                -81.8102798462,
                30.3076648712,
                -47.816028595,
                17.1821308136,
                -16.947101593,
                14.5651073456,
                -11.3175811768,
                11.5431222916,
                -8.09586906433,
                7.72243499756,
                -5.55056190491
            ]
        },
        "hfc": {
            "dmean": 13.1724147797,
            "dmean2": 18.6091461182,
            "dvar": 807.96307373,
            "dvar2": 1539.50561523,
            "max": 235.308059692,
            "mean": 26.9315185547,
            "median": 14.5661306381,
            "min": 1.0916465333e-16,
            "var": 1554.86853027
        },
        "melbands": {
            "dmean": [
                0.00326325581409,
                0.00140493316576,
                0.000655616284348,
                0.000782497576438,
                0.000289964402327,
                0.00025232436019,
                0.000402975769248,
                0.000203734030947,
                0.000182628296898,
                0.000164390090504,
                6.91125969752e-05,
                7.60782641009e-05,
                6.10587012488e-05,
                7.53751228331e-05,
                4.72049869131e-05,
                3.88621265301e-05,
                2.55343747995e-05,
                2.83807657979e-05,
                2.05496835406e-05,
                1.45383546624e-05,
                1.08671329144e-05,
                1.41507334774e-05,
                1.05157896542e-05,
                4.22741413786e-06,
                3.36432481163e-06,
                3.67607435692e-06,
                5.4955385167e-06,
                5.2630753089e-06,
