{
    "lowlevel": {
        "average_loudness": 0.800506949425,
        "barkbands": {
            "dmean": [
                0.000947041204199,
                0.00697674974799,
                0.00352203985676,
                0.00211569387466,
                0.00124607631005,
                0.00132583011873,
                0.00140656263102,
                0.000617871468421,
                0.000750532548409,
                0.000488547433633,
                0.000820879475214,
                0.000456054636743,
                0.000413892470533,
                0.000306584523059,
                0.000328858033754,
                0.000173245498445,
                0.000123806647025,
                0.000133190565975,
                0.000106953615614,
                0.000127219274873,
                0.000112792396976,
                8.4737650468e-05,
                7.86618620623e-05,
                8.28216361697e-05,
                6.87381107127e-05,
                3.74056289729e-05,
                4.92503022542e-06
            ],
            "dmean2": [
                0.00119921285659,
                0.0112877096981,
                0.00648447033018,
                0.00396143179387,
                0.00225568586029,
                0.00216570287012,
                0.00226462376304,
                0.00100443011615,
                0.00114647694863,
                0.000733706401661,
                0.00116873218212,
                0.000708385894541,
                0.000636441400275,
                0.000472188810818,
                0.000513704260811,
                0.000280912208837,
                0.000195129905478,
                0.000205241056392,
                0.000171551146195,
                0.000217635097215,
                0.000185457058251,
                0.000130994842038,
                0.0001205679946,
                0.000124794780277,
                0.000102395817521,
                5.41523950233e-05,
                7.11025086275e-06
            ],
            "dvar": [
                8.37102470541e-06,
                0.000677662435919,
                0.000355385709554,
                0.000116456620162,
                2.10414564208e-05,
                8.8585411504e-06,
                1.54716508405e-05,
                4.61299214294e-06,
                5.11999132868e-06,
                1.94613880922e-06,
                4.54845621789e-06,
                2.072668849e-06,
                1.33927244406e-06,
                7.90528758898e-07,
                6.24438712293e-07,
                2.2027064972e-07,
                9.86374928402e-08,
                5.80225574254e-08,
                5.38723128329e-08,
                1.45002246654e-07,
                1.24648352084e-07,
                2.69401674302e-08,
                2.8869028057e-08,
                2.55870400423e-08,
                2.2930498389e-08,
                1.13292726311e-08,
                2.81514062062e-10
            ],
            "dvar2": [
                1.37939596243e-05,
                0.0016049107071,
                0.00101761869155,
                0.000339376740158,
                6.07521033089e-05,
                2.28942644753e-05,
                3.77771830244e-05,
                1.196455014e-05,
                1.23024810819e-05,
                4.01546094508e-06,
                8.90929186426e-06,
                4.95430413139e-06,
                3.00448323287e-06,
                1.77766185061e-06,
                1.49532854721e-06,
                5.80347318646e-07,
                2.51013688057e-07,
                1.36846850296e-07,
                1.38704905339e-07,
                4.03188522569e-07,
                3.35455126788e-07,
                6.57976926277e-08,
                6.76647431419e-08,
                5.94425451084e-08,
                4.73377212984e-08,
                2.0099065523e-08,
                5.36833466569e-10
            ],
            "max": [
                0.0432108044624,
                0.269404381514,
                0.197844415903,
                0.129198521376,
                0.048007376492,
                0.0470783263445,
                0.066752910614,
                0.0537221431732,
                0.0594214946032,
                0.0301870107651,
                0.0452560782433,
                0.031843226403,
                0.0354493781924,
                0.0274911448359,
                0.0161019638181,
                0.00821161083877,
                0.00544515112415,
                0.00525504350662,
                0.00258410186507,
                0.0043811686337,
                0.00448783114552,
                0.00186634832062,
                0.00242107338272,
                0.00420781830326,
                0.00320704560727,
                0.00276644993573,
                0.00048129510833
            ],
            "mean": [
                0.00176769099198,
                0.00839195307344,
                0.00290937861428,
                0.0016798612196,
                0.00115213217214,
                0.00210943608545,
                0.00191769294906,
                0.000810989469755,
                0.00121848937124,
                0.000687708554324,
                0.00143339298666,
                0.000666193955112,
                0.000574900477659,
                0.000445788173238,
                0.000479320297018,
                0.000232777107158,
                0.000176867164555,
                0.000219514913624,
                0.000150564039359,
                0.000156818918185,
                0.000131501161377,
                0.0001423125359,
                0.000127963765408,
                0.000151640182594,
                0.000117956682516,
                5.91969146626e-05,
                7.45339684727e-06
            ],
            "median": [
                2.44089551416e-06,
                0.00108066783287,
                0.000350215646904,
                0.000112466143037,
                0.000232645310462,
                0.0006015667459,
                0.000146616323036,
                7.6473414083e-05,
                0.000215633728658,
                7.44059216231e-05,
                0.000152532214997,
                8.30276185297e-05,
                9.17100187507e-05,
                7.77638051659e-05,
                0.000100796722108,
                4.15957074438e-05,
                5.7559376728e-05,
                9.1139547294e-05,
                6.46729095024e-05,
                6.11177893006e-05,
                3.85182647733e-05,
                5.51083830942e-05,
                4.29260762758e-05,
                5.04681556777e-05,
                3.13870659738e-05,
                1.02721469375e-05,
                8.49721743634e-07
            ],
            "min": [
                2.45934897158e-23,
                4.46617451132e-23,
                1.4030681638e-23,
                3.95596262811e-23,
                7.47082011265e-23,
                7.20472470755e-23,
                4.39249584941e-23,
                2.85757889386e-23,
                9.90967637118e-23,
                2.41166674749e-23,
                3.20322303265e-23,
                5.93442767167e-23,
                1.58538751896e-22,
                2.78031892965e-22,
                2.77879472417e-22,
                1.41311620069e-22,
                1.92311780514e-22,
                2.16981455261e-22,
                2.688224657e-22,
                3.22228601419e-22,
                5.20793448827e-22,
                4.75556756642e-22,
                6.41768865848e-22,
                9.02004713124e-22,
                1.02379120537e-21,
                1.83471931428e-21,
                2.33046323606e-21
            ],
            "var": [
                2.95680911222e-05,
                0.000722412019968,
                0.000205935866688,
                6.50715010124e-05,
                1.28604215206e-05,
                1.31720626086e-05,
                2.67869309027e-05,
                5.78476146984e-06,
                8.35469472804e-06,
                3.64662423635e-06,
                1.29616792037e-05,
                3.49278502654e-06,
                2.77599997389e-06,
                1.31813430926e-06,
                1.13447038075e-06,
                3.21955099025e-07,
                1.16094270197e-07,
                1.14613008861e-07,
                6.43031583536e-08,
                1.1285491297e-07,
                1.04620603736e-07,
                4.65353977575e-08,
                5.32900195083e-08,
                6.1997212697e-08,
                5.97731002472e-08,
                2.94953270696e-08,
                6.84140855078e-10
            ]
        },
        "barkbands_crest": {
            "dmean": 2.797768116,
            "dmean2": 4.35421323776,
            "dvar": 8.06102657318,
            "dvar2": 18.6338157654,
            "max": 25.7321529388,
            "mean": 11.0245990753,
            "median": 10.2469997406,
            "min": 2.07752299309,
            "var": 21.0475635529
        },
        "barkbands_flatness_db": {
            "dmean": 0.0289685148746,
            "dmean2": 0.0417949296534,
            "dvar": 0.00108514761087,
            "dvar2": 0.00209339731373,
            "max": 0.611125826836,
            "mean": 0.163111388683,
            "median": 0.15230460465,
            "min": 0.024614751339,
            "var": 0.00493484316394
        },
        "barkbands_kurtosis": {
            "dmean": 6.23785352707,
            "dmean2": 9.92501163483,
            "dvar": 259.785339355,
            "dvar2": 597.439086914,
            "max": 320.375091553,
            "mean": 7.89630174637,
            "median": 2.04397392273,
            "min": -1.94876945019,
            "var": 402.039855957
        },
        "barkbands_skewness": {
            "dmean": 0.768133878708,
            "dmean2": 1.13461446762,
            "dvar": 1.1088026762,
            "dvar2": 2.35769343376,
            "max": 14.652089119,
            "mean": 1.62022447586,
            "median": 1.30999779701,
            "min": -4.84802818298,
            "var": 3.4275894165
        },
        "barkbands_spread": {
            "dmean": 7.24401521683,
            "dmean2": 11.0285215378,
            "dvar": 117.487632751,
            "dvar2": 254.510498047,
            "max": 120.970603943,
            "mean": 21.69896698,
            "median": 18.1565284729,
            "min": 0.153448477387,
            "var": 286.802154541
        },
        "dissonance": {
            "dmean": 0.0274039264768,
            "dmean2": 0.0449525527656,
            "dvar": 0.000788862875197,
            "dvar2": 0.0020007090643,
            "max": 0.499999970198,
            "mean": 0.444839298725,
            "median": 0.454735010862,
            "min": 0.132156744599,
            "var": 0.00191976409405
        },
        "dynamic_complexity": 4.35687589645,
        "erbbands": {
            "dmean": [
                0.27793854475,
                1.41858768463,
                3.57809281349,
                6.32995414734,
                4.84605932236,
                4.00530338287,
                7.17930841446,
                11.8749465942,
                16.2215480804,
                18.7472934723,
                16.4660301208,
                15.7838582993,
                13.4010238647,
                27.9839248657,
                18.1984233856,
                19.0885925293,
                18.1544399261,
                16.8568000793,
                14.7759952545,
                13.0404548645,
                8.28949737549,
                6.33093500137,
                7.54030275345,
                5.86428785324,
                5.96064567566,
                5.93921136856,
                4.71497392654,
                3.89107704163,
                3.21549296379,
                2.90211081505,
                2.05908870697,
                1.84358048439,
                1.37594139576,
                0.861094892025,
                0.469069570303,
                0.193678051233,
                0.0675717815757,
                0.0117148775607,
                0.000804158626124,
                3.24481625285e-05
            ],
            "dmean2": [
                0.474392235279,
                2.27201581001,
                6.33492088318,
                11.8259344101,
                9.03718566895,
                7.15006256104,
                11.6992464066,
                19.7165584564,
                26.6592655182,
                30.1673793793,
                26.0990848541,
                24.2248420715,
                19.6945400238,
                38.6493835449,
                26.7794857025,
                29.4586296082,
                27.3257770538,
                25.3074378967,
                23.1603031158,
                20.3412303925,
                13.1600608826,
                9.94688129425,
                11.4992733002,
                9.33885574341,
                9.96346378326,
                10.1873931885,
                7.85077667236,
                6.31302499771,
                4.99962377548,
                4.45593452454,
                3.15563035011,
                2.80362462997,
                2.09176635742,
                1.29610192776,
                0.702907085419,
                0.280787587166,
                0.0992054790258,
                0.0167973414063,
                0.00115623965394,
                4.6734141506e-05
            ],
            "dvar": [
                0.929772913456,
                36.2828636169,
                327.477661133,
                1087.98400879,
                524.48840332,
                176.826248169,
                349.154022217,
                813.12109375,
                1715.48925781,
                2969.83764648,
                3229.12670898,
                2312.91381836,
                1639.05090332,
                6831.16845703,
                2688.78637695,
                4234.24414062,
                2289.95507812,
                1780.57189941,
                1467.65405273,
                951.710571289,
                411.874023438,
                247.477996826,
                203.027069092,
                168.249542236,
                244.324447632,
                350.040740967,
                219.52130127,
                130.147094727,
                40.8603820801,
                37.1658821106,
                19.2327537537,
                13.7613792419,
                7.08550882339,
                3.61765885353,
                1.1301882267,
                0.253699302673,
                0.0377818122506,
                0.00151527102571,
                7.3305263868e-06,
                5.68057378914e-09
            ],
            "dvar2": [
                2.68976211548,
                83.948928833,
                899.577148438,
                3149.17602539,
                1528.70410156,
                503.682037354,
                898.455932617,
                2125.12036133,
                4415.08447266,
                7435.31542969,
                8417.49804688,
                5578.64257812,
                3096.71875,
                13060.3974609,
                5680.93896484,
                9981.82617188,
                5039.81298828,
                3909.39794922,
                3579.34960938,
                2213.18554688,
                1054.5032959,
                625.66619873,
                465.738006592,
                436.65914917,
                663.785827637,
                974.192749023,
                594.6328125,
                349.121520996,
                101.450592041,
                90.6556243896,
                44.0185165405,
                32.6908836365,
                16.2442760468,
                7.99266433716,
                2.35963988304,
                0.473918527365,
                0.0684998109937,
                0.00268478621729,
                1.37303131851e-05,
                1.07218767198e-08
            ],
            "max": [
                9.1927947998,
                66.3387451172,
                184.184234619,
                380.269348145,
                230.164993286,
                149.239028931,
                348.982666016,
                511.409973145,
                587.837036133,
                830.921691895,
                1414.14685059,
                1034.79602051,
                1181.20385742,
                2409.8347168,
                1430.50378418,
                1610.95043945,
                1566.87817383,
                1015.02203369,
                898.634216309,
                553.432800293,
                340.966949463,
                267.574523926,
                358.412322998,
                148.448074341,
                174.521102905,
                218.836303711,
                193.422409058,
                126.279144287,
                71.7158203125,
                101.359069824,
                82.7534942627,
                83.0311584473,
                66.2374343872,
                37.3058815002,
                23.8747119904,
                12.6677675247,
                5.44963359833,
                1.21823000908,
                0.0795387402177,
                0.00175950315315
            ],
            "mean": [
                0.304800659418,
                1.6454706192,
                3.3606441021,
                5.15097665787,
                3.70584797859,
                4.0957942009,
                11.0001220703,
                17.5376625061,
                21.3341732025,
                26.9600200653,
                24.7939891815,
                25.8514137268,
                21.7272796631,
                50.3633308411,
                32.6985778809,
                29.3054141998,
                28.556640625,
                27.715681076,
                21.7793292999,
                19.7390766144,
                12.2634077072,
                9.89993000031,
                12.6134634018,
                9.01013660431,
                7.7850561142,
                7.02320671082,
                5.55116701126,
                4.94971084595,
                5.17266607285,
                4.65561246872,
                3.48694372177,
                3.24356484413,
                2.39659261703,
                1.44040477276,
                0.775233566761,
                0.307421565056,
                0.103380598128,
                0.0180201064795,
                0.00125880399719,
                6.72579481034e-05
            ],
            "median": [
                0.0248969253153,
                0.233383536339,
                0.561108052731,
                0.673198282719,
                0.568728625774,
                0.862372756004,
                3.08278369904,
                4.45468235016,
                3.17179322243,
                2.52988553047,
                3.684227705,
                5.35978555679,
                4.22932243347,
                5.44141197205,
                5.21271419525,
                4.97547626495,
                6.61106538773,
                8.30893611908,
                6.16967058182,
                5.38749933243,
                3.61676311493,
                3.7379450798,
                5.08686065674,
                3.85600709915,
                3.44463205338,
                2.55811238289,
                1.73246777058,
                1.6490278244,
                1.93948411942,
                1.66773784161,
                1.16346657276,
                1.02232611179,
                0.723161518574,
                0.383987575769,
                0.186285585165,
                0.0619655773044,
                0.0155066326261,
                0.00208192528225,
                0.000170224637259,
                3.13408891088e-05
            ],
            "min": [
                2.8014244551e-21,
                4.3270149038e-21,
                1.52570555929e-20,
                6.68810745049e-20,
                2.42611634222e-19,
                2.15260713398e-19,
                4.51706116819e-19,
                5.64220516208e-19,
                6.89415284195e-19,
                4.80975540902e-19,
                1.50446400059e-18,
                2.14027896337e-18,
                9.56092678514e-19,
                4.4175384158e-19,
                2.03267744814e-18,
                2.55652389903e-18,
                8.8158940996e-18,
                1.25030491985e-17,
                1.18919314707e-17,
                1.68730468562e-17,
                7.43802295733e-18,
                9.00048441638e-18,
                1.03909187778e-17,
                1.86951586551e-17,
                1.07803463112e-17,
                1.53533109301e-17,
                2.38976978829e-17,
                1.76326633563e-17,
                1.72277849162e-17,
                1.2880610826e-17,
                2.12430122538e-17,
                1.84644480561e-17,
                1.55194154146e-17,
                1.11009193304e-17,
                6.63149249518e-18,
                4.55174867698e-18,
                4.10590825298e-18,
                1.46433746908e-18,
                3.17832518146e-19,
                3.3711438903e-20
            ],
            "var": [
                0.935382723808,
                34.3844108582,
                213.481369019,
                614.520751953,
                288.457733154,
                120.168403625,
                490.230682373,
                1186.76147461,
                2253.86523438,
                5012.34228516,
                4522.21679688,
                3559.79589844,
                3773.35302734,
                20687.2714844,
                7006.70068359,
                6771.75292969,
                5264.07226562,
                3644.91455078,
                2235.42822266,
                1699.55712891,
                593.573425293,
                319.343383789,
                417.953857422,
                215.131057739,
                218.412734985,
                261.960784912,
                181.473754883,
                116.509796143,
                63.3673706055,
                61.5609474182,
                39.7793197632,
                29.6326026917,
                17.2020339966,
                8.39730930328,
                2.8228354454,
                0.652388513088,
                0.0953597426414,
                0.00381582067348,
                1.8091095626e-05,
                1.50271635135e-08
            ]
        },
        "erbbands_crest": {
            "dmean": 3.01238775253,
            "dmean2": 4.82005500793,
            "dvar": 8.52923107147,
            "dvar2": 20.0556716919,
            "max": 31.6450214386,
            "mean": 10.5451622009,
            "median": 9.59242153168,
            "min": 2.26115369797,
            "var": 24.8008365631
        },
        "erbbands_flatness_db": {
            "dmean": 0.0221837107092,
            "dmean2": 0.0313078202307,
            "dvar": 0.000516542000696,
            "dvar2": 0.00106934818905,
            "max": 0.398928016424,
            "mean": 0.171146735549,
            "median": 0.164953440428,
            "min": 0.0446969754994,
            "var": 0.00335104390979
        },
        "erbbands_kurtosis": {
            "dmean": 1.48111474514,
            "dmean2": 2.3260884285,
            "dvar": 6.10449886322,
            "dvar2": 15.0090389252,
            "max": 37.6523971558,
            "mean": 1.50520801544,
            "median": 0.401830434799,
            "min": -1.84083271027,
            "var": 11.7753133774
        },
        "erbbands_skewness": {
            "dmean": 0.480596661568,
            "dmean2": 0.725946366787,
            "dvar": 0.330489069223,
            "dvar2": 0.712348937988,
            "max": 5.77716636658,
            "mean": 0.526565492153,
            "median": 0.520052433014,
            "min": -3.88517451286,
            "var": 0.955242693424
        },
        "erbbands_spread": {
            "dmean": 10.7749767303,
            "dmean2": 16.5987377167,
            "dvar": 209.518341064,
            "dvar2": 497.030517578,
            "max": 189.795715332,
            "mean": 37.3789978027,
            "median": 32.2123260498,
            "min": 1.70988476276,
            "var": 512.944763184
        },
        "gfcc": {
            "cov": [
                [
                    16862.8691406,
                    1935.46154785,
                    803.290283203,
                    955.185913086,
                    565.828308105,
                    722.643371582,
                    170.539428711,
                    421.639984131,
                    58.6041870117,
                    41.8151435852,
                    -141.242355347,
                    209.21232605,
                    16.2965602875
                ],
                [
                    1935.46154785,
                    3397.72094727,
                    658.519897461,
                    515.093383789,
                    847.85723877,
                    298.61831665,
                    425.037353516,
                    84.2364273071,
                    166.501174927,
                    -111.873535156,
                    182.266265869,
                    -96.2748947144,
                    86.1843185425
                ],
                [
                    803.290283203,
                    658.519897461,
                    1946.09228516,
                    1070.9855957,
                    717.849304199,
                    615.832580566,
                    377.057067871,
                    258.61340332,
                    125.057060242,
                    32.1490936279,
                    -69.9661407471,
                    -29.2422142029,
                    -18.9009838104
                ],
                [
                    955.185913086,
                    515.093383789,
                    1070.9855957,
                    1111.4473877,
                    653.447692871,
                    425.105712891,
                    269.537322998,
                    226.681686401,
                    161.434814453,
                    39.833152771,
                    -53.1880493164,
                    -54.1093826294,
                    30.1029014587
                ],
                [
                    565.828308105,
                    847.85723877,
                    717.849304199,
                    653.447692871,
                    792.059020996,
                    439.854888916,
                    324.63659668,
                    214.481048584,
                    189.494888306,
                    29.981010437,
                    -13.065621376,
                    -62.6424293518,
                    5.81252241135
                ],
                [
                    722.643371582,
                    298.61831665,
                    615.832580566,
                    425.105712891,
                    439.854888916,
                    618.536254883,
                    328.714813232,
                    192.203964233,
                    125.848182678,
                    17.2217216492,
                    -39.7581939697,
                    -22.3653411865,
                    -41.7258377075
                ],
                [
                    170.539428711,
                    425.037353516,
                    377.057067871,
                    269.537322998,
                    324.63659668,
                    328.714813232,
                    431.982208252,
                    160.213409424,
                    108.267074585,
                    49.8203849792,
                    31.3217887878,
                    -33.6858711243,
                    -58.5611228943
                ],
                [
                    421.639984131,
                    84.2364273071,
                    258.61340332,
                    226.681686401,
                    214.481048584,
                    192.203964233,
                    160.213409424,
                    233.125045776,
                    128.33895874,
                    54.3215408325,
                    0.88188880682,
                    3.64861655235,
                    -14.2353286743
                ],
                [
                    58.6041870117,
                    166.501174927,
                    125.057060242,
                    161.434814453,
                    189.494888306,
                    125.848182678,
                    108.267074585,
                    128.33895874,
                    212.252304077,
                    66.3654098511,
                    26.4241733551,
                    3.531427145,
                    11.0053424835
                ],
                [
                    41.8151435852,
                    -111.873535156,
                    32.1490936279,
                    39.833152771,
                    29.981010437,
                    17.2217216492,
                    49.8203849792,
                    54.3215408325,
                    66.3654098511,
                    133.032592773,
                    45.5978927612,
                    8.50713539124,
                    -10.3630609512
                ],
                [
                    -141.242355347,
                    182.266265869,
                    -69.9661407471,
                    -53.1880493164,
                    -13.065621376,
                    -39.7581939697,
                    31.3217887878,
                    0.88188880682,
                    26.4241733551,
                    45.5978927612,
                    152.770797729,
                    36.8819618225,
                    17.4118289948
                ],
                [
                    209.21232605,
                    -96.2748947144,
                    -29.2422142029,
                    -54.1093826294,
                    -62.6424293518,
                    -22.3653411865,
                    -33.6858711243,
                    3.64861655235,
                    3.531427145,
                    8.50713539124,
                    36.8819618225,
                    133.371780396,
                    55.7061195374
                ],
                [
                    16.2965602875,
                    86.1843185425,
                    -18.9009838104,
                    30.1029014587,
                    5.81252241135,
                    -41.7258377075,
                    -58.5611228943,
                    -14.2353286743,
                    11.0053424835,
                    -10.3630609512,
                    17.4118289948,
                    55.7061195374,
                    130.884384155
                ]
            ],
            "icov": [
                [
                    8.86124980752e-05,
                    -0.000120921242342,
                    7.03017285559e-05,
                    -0.000125143284095,
                    0.000122300640214,
                    -0.00015545199858,
                    0.00016357745335,
                    -0.000202139039175,
                    0.000186576726264,
                    -0.000240170717007,
                    0.000247980031418,
                    -0.000312172312988,
                    0.000168910788489
                ],
                [
                    -0.000120921242342,
                    0.000775851076469,
                    -0.000216605447349,
                    0.000338712241501,
                    -0.00088081258582,
                    0.000492406601552,
                    -0.000632499053609,
                    0.000588552094996,
                    -0.000482401112095,
                    0.0013460497139,
                    -0.00129814748652,
                    0.000908799527679,
                    -0.000694858026691
                ],
                [
                    7.03017285559e-05,
                    -0.000216605447349,
                    0.00136527779978,
                    -0.00116149615496,
                    7.67260498833e-05,
                    -0.000661787693389,
                    0.000119147647638,
                    -0.000284306268441,
                    0.000736268935725,
                    -0.000487742683617,
                    0.000512392260134,
                    -0.000857247563545,
                    0.000602342828643
                ],
                [
                    -0.000125143284095,
                    0.000338712241501,
                    -0.00116149615496,
                    0.00296615785919,
                    -0.00153953884728,
                    0.00036546215415,
                    -0.000172523126821,
                    -0.000174412838533,
                    -0.000450653431471,
                    0.000235311017605,
                    -0.000169203151017,
                    0.00134293490555,
                    -0.00146120740101
                ],
                [
                    0.000122300640214,
                    -0.00088081258582,
                    7.67260498833e-05,
                    -0.00153953884728,
                    0.00472166249529,
                    -0.00147705548443,
                    -0.00015583386994,
                    -0.000909138296265,
                    -0.000809609831776,
                    -0.000767223129515,
                    0.00101693137549,
                    0.000400055636419,
                    -0.000217465436435
                ],
                [
                    -0.00015545199858,
                    0.000492406601552,
                    -0.000661787693389,
                    0.00036546215415,
                    -0.00147705548443,
                    0.00439736619592,
                    -0.00223463657312,
                    -0.00014479229867,
                    -0.000803298782557,
                    0.00150253041647,
                    0.000273785175523,
                    -0.000138247210998,
                    0.000176311528776
                ],
                [
                    0.00016357745335,
                    -0.000632499053609,
                    0.000119147647638,
                    -0.000172523126821,
                    -0.00015583386994,
                    -0.00223463657312,
                    0.00570003129542,
                    -0.0018053612439,
                    0.000611206749454,
                    -0.00151800690219,
                    -0.000666463922244,
                    -0.000357657670975,
                    0.00217081326991
                ],
                [
                    -0.000202139039175,
                    0.000588552094996,
                    -0.000284306268441,
                    -0.000174412838533,
                    -0.000909138296265,
                    -0.00014479229867,
                    -0.0018053612439,
                    0.00934089161456,
                    -0.00387271563523,
                    -0.000217127089854,
                    -4.74276057503e-05,
                    -0.000594368495513,
                    0.000406790990382
                ],
                [
                    0.000186576726264,
                    -0.000482401112095,
                    0.000736268935725,
                    -0.000450653431471,
                    -0.000809609831776,
                    -0.000803298782557,
                    0.000611206749454,
                    -0.00387271563523,
                    0.00931896921247,
                    -0.00361250224523,
                    0.000265082489932,
                    -0.000732295156922,
                    -0.000656679621898
                ],
                [
                    -0.000240170717007,
                    0.0013460497139,
                    -0.000487742683617,
                    0.000235311017605,
                    -0.000767223129515,
                    0.00150253041647,
                    -0.00151800690219,
                    -0.000217127089854,
                    -0.00361250224523,
                    0.0128125948831,
                    -0.00489138718694,
                    0.00139706733171,
                    0.000203594303457
                ],
                [
                    0.000247980031418,
                    -0.00129814748652,
                    0.000512392260134,
                    -0.000169203151017,
                    0.00101693137549,
                    0.000273785175523,
                    -0.000666463922244,
                    -4.74276057503e-05,
                    0.000265082489932,
                    -0.00489138718694,
                    0.0110935466364,
                    -0.00387157872319,
                    0.000438024202595
                ],
                [
                    -0.000312172312988,
                    0.000908799527679,
                    -0.000857247563545,
                    0.00134293490555,
                    0.000400055636419,
                    -0.000138247210998,
                    -0.000357657670975,
                    -0.000594368495513,
                    -0.000732295156922,
                    0.00139706733171,
                    -0.00387157872319,
                    0.0125743402168,
                    -0.00594329927117
                ],
                [
                    0.000168910788489,
                    -0.000694858026691,
                    0.000602342828643,
                    -0.00146120740101,
                    -0.000217465436435,
                    0.000176311528776,
                    0.00217081326991,
                    0.000406790990382,
                    -0.000656679621898,
                    0.000203594303457,
                    0.000438024202595,
                    -0.00594329927117,
                    0.0121239032596
                ]
            ],
            "mean": [
                -48.0325241089,
                53.429977417,
                -118.179969788,
                15.3800630569,
                -66.2008361816,
                15.4709262848,
                -41.8540840149,
                7.99347400665,
                -23.0200939178,
                6.43766689301,
                -10.7499647141,
                3.43029594421,
                -11.0364408493
            ]
        },
        "hfc": {
            "dmean": 7.00003242493,
            "dmean2": 10.446346283,
            "dvar": 148.537979126,
            "dvar2": 358.213348389,
            "max": 176.18182373,
            "mean": 17.9488239288,
            "median": 13.4358177185,
            "min": 1.1604932389e-16,
            "var": 333.809112549
        },
        "melbands": {
            "dmean": [
                0.00213885656558,
                0.00173299654853,
                0.00105590268504,
                0.000292232725769,
                0.000227311174967,
                0.000261590001173,
                0.000272118923021,
                0.000182474061148,
                0.000145651152707,
                9.78941607173e-05,
                6.5786189225e-05,
                0.000106162027805,
                7.60341645218e-05,
                4.50995830761e-05,
                5.19099849043e-05,
                4.20242613473e-05,
                3.35433323926e-05,
                2.34140843531e-05,
                2.6772977435e-05,
                1.44091318361e-05,
                9.53518156166e-06,
                7.58119313105e-06,
                7.24317851564e-06,
                5.56764507564e-06,
                5.12679116582e-06,
                3.54628309651e-06,
                5.55383803658e-06,
