{
    "lowlevel": {
        "average_loudness": 0.911989092827,
        "barkbands": {
            "dmean": [
                0.000842809677124,
                0.00974972732365,
                0.00362193561159,
                0.00126398983411,
                0.00168694683816,
                0.00188558059745,
                0.00134764355607,
                0.000811639765743,
                0.000875780475326,
                0.000868253991939,
                0.000804795476142,
                0.000444652483566,
                0.000259652442764,
                0.000305960129481,
                0.00027778596268,
                0.00024244969245,
                0.000128380197566,
                7.78174871812e-05,
                0.000166693338542,
                0.000163922624779,
                0.000127209190396,
                8.8084168965e-05,
                0.000120513504953,
                0.000152988301124,
                0.000221758702537,
                9.0314897534e-05,
                6.1464056671e-06
            ],
            "dmean2": [
                0.00143845798448,
                0.0154085401446,
                0.00628466019407,
                0.00234707910568,
                0.00283486791886,
                0.00283254403621,
                0.00207352708094,
                0.00121785094962,
                0.0012185126543,
                0.00124015694018,
                0.00108551303856,
                0.00060265493812,
                0.000376584299374,
                0.000442700431449,
                0.000401781551773,
                0.000385568477213,
                0.000196306864382,
                0.000124642130686,
                0.000260219443589,
                0.000248992670095,
                0.000210685786442,
                0.00015181665367,
                0.000203513060114,
                0.000243615562795,
                0.000331026792992,
                0.000136687056511,
                9.94116089714e-06
            ],
            "dvar": [
                2.88224396172e-06,
                0.000645226682536,
                0.000176392306457,
                3.68373148376e-05,
                2.35209972743e-05,
                1.16757992146e-05,
                9.22331400943e-06,
                6.01581950832e-06,
                6.27797271591e-06,
                6.92955654813e-06,
                6.0638535615e-06,
                2.63009769697e-06,
                1.56839894316e-06,
                1.01001262465e-06,
                7.34734499019e-07,
                1.3764816913e-06,
                1.85163216315e-07,
                4.05196907138e-08,
                1.95710114781e-07,
                1.42429087191e-07,
                2.78218465155e-07,
                1.62935421599e-07,
                1.54989763246e-07,
                1.26232308162e-07,
                1.88842832927e-07,
                5.41403757381e-08,
                4.78747319566e-10
            ],
            "dvar2": [
                8.1279731603e-06,
                0.00150453182869,
                0.00050242576981,
                0.000108638399979,
                6.44334068056e-05,
                2.46886211244e-05,
                2.08186738746e-05,
                1.26983550217e-05,
                1.10787277663e-05,
                1.24682610476e-05,
                9.22380695556e-06,
                4.19650041295e-06,
                2.93527659778e-06,
                1.94593917513e-06,
                1.44319653828e-06,
                3.35989352607e-06,
                3.80922159593e-07,
                9.61318065151e-08,
                4.71945185154e-07,
                3.35383475658e-07,
                7.60943180467e-07,
                4.35936470922e-07,
                4.05438072448e-07,
                3.21473606846e-07,
                3.96956210125e-07,
                1.17055940052e-07,
                1.26710730797e-09
            ],
            "max": [
                0.021213170141,
                0.229035332799,
                0.135795399547,
                0.0778125301003,
                0.057808816433,
                0.0549667067826,
                0.0506791472435,
                0.0451060608029,
                0.0538045763969,
                0.0439464971423,
                0.0587755776942,
                0.0456776507199,
                0.0437810644507,
                0.0210806019604,
                0.020387660712,
                0.0266553517431,
                0.0143721392378,
                0.00382086192258,
                0.00914206821471,
                0.00800405628979,
                0.00811166781932,
                0.00602042721584,
                0.00572777353227,
                0.0057630520314,
                0.00582270743325,
                0.00475893449038,
                0.000890188326593
            ],
            "mean": [
                0.00244879396632,
                0.0169731900096,
                0.00438855076209,
                0.0011490334291,
                0.0027391272597,
                0.00419291295111,
                0.00234400550835,
                0.00158885878045,
                0.00170984817669,
                0.00186212710105,
                0.00189208541997,
                0.000890271738172,
                0.000420483120251,
                0.000506163167302,
                0.000474104599562,
                0.000292059994536,
                0.000224765928579,
                0.000128859464894,
                0.000268658535788,
                0.000309833034407,
                0.000155769754201,
                8.43328380142e-05,
                0.000152136504767,
                0.000264902337221,
                0.000457421032479,
                0.000169710328919,
                8.16174906504e-06
            ],
            "median": [
                0.000244354858296,
                0.00918247923255,
                0.0013594054617,
                0.00017201009905,
                0.000712210661732,
                0.00161711091641,
                0.000448356877314,
                0.000102110330772,
                0.000123709425679,
                7.58149544708e-05,
                9.17215293157e-05,
                5.75147860218e-05,
                3.1589774153e-05,
                5.11102516612e-05,
                7.12011897122e-05,
                5.10228928761e-05,
                4.27518170909e-05,
                3.23980348185e-05,
                9.50559988269e-05,
                0.000118107156595,
                4.6984765504e-05,
                1.53332384798e-05,
                4.07772786275e-05,
                0.000105451399577,
                0.000204093128559,
                6.16619217908e-05,
                1.04126627321e-06
            ],
            "min": [
                5.83289157018e-24,
                1.34930161331e-23,
                9.29002597236e-24,
                7.85929813642e-24,
                7.4190134082e-23,
                1.12174304161e-22,
                1.14696071594e-22,
                8.50058020567e-23,
                4.3101949378e-23,
                5.34892816584e-23,
                1.73005937094e-23,
                1.25569831286e-22,
                1.13012566692e-22,
                6.91785259946e-23,
                9.52111125718e-23,
                1.59397322861e-22,
                1.65820253595e-22,
                2.09156396843e-22,
                2.35191343692e-22,
                3.11152110786e-22,
                3.76554990716e-22,
                4.72110355876e-22,
                6.83141477505e-22,
                7.21209456167e-22,
                1.25793946038e-21,
                1.6635374571e-21,
                2.30608725738e-21
            ],
            "var": [
                1.37860306495e-05,
                0.000740204937756,
                0.000123278427054,
                2.3174814487e-05,
                3.139184264e-05,
                3.76934294763e-05,
                2.24128543778e-05,
                1.78869249794e-05,
                2.25929270528e-05,
                2.77063718386e-05,
                3.31898227159e-05,
                1.25553297039e-05,
                4.59309376311e-06,
                2.37873769038e-06,
                1.96862583834e-06,
                1.34268532292e-06,
                5.47985450794e-07,
                7.76305526529e-08,
                3.16452570814e-07,
                3.15122662187e-07,
                2.19010928504e-07,
                1.22625593235e-07,
                1.47948625795e-07,
                1.87848854694e-07,
                4.96655616189e-07,
                1.04206129947e-07,
                5.20573861795e-10
            ]
        },
        "barkbands_crest": {
            "dmean": 2.62951350212,
            "dmean2": 4.14699602127,
            "dvar": 7.31255292892,
            "dvar2": 17.9832038879,
            "max": 26.7747764587,
            "mean": 13.2779474258,
            "median": 12.3878173828,
            "min": 3.55448484421,
            "var": 23.4455509186
        },
        "barkbands_flatness_db": {
            "dmean": 0.0243243519217,
            "dmean2": 0.0355655141175,
            "dvar": 0.000708459585439,
            "dvar2": 0.00136869796552,
            "max": 0.609560668468,
            "mean": 0.207819238305,
            "median": 0.177973568439,
            "min": 0.0447006076574,
            "var": 0.00970198307186
        },
        "barkbands_kurtosis": {
            "dmean": 8.78828907013,
            "dmean2": 13.7102422714,
            "dvar": 747.129394531,
            "dvar2": 1903.81347656,
            "max": 717.004211426,
            "mean": 13.4948225021,
            "median": 4.83449459076,
            "min": -1.98261499405,
            "var": 993.861999512
        },
        "barkbands_skewness": {
            "dmean": 0.803223311901,
            "dmean2": 1.17713189125,
            "dvar": 1.51426589489,
            "dvar2": 3.25159454346,
            "max": 22.2586460114,
            "mean": 2.29803800583,
            "median": 1.90943336487,
            "min": -3.9033536911,
            "var": 4.59097385406
        },
        "barkbands_spread": {
            "dmean": 6.34289884567,
            "dmean2": 9.48520183563,
            "dvar": 111.243843079,
            "dvar2": 225.836639404,
            "max": 134.80770874,
            "mean": 20.7737483978,
            "median": 18.2403430939,
            "min": 0.103375509381,
            "var": 316.816772461
        },
        "dissonance": {
            "dmean": 0.0299782287329,
            "dmean2": 0.0503512918949,
            "dvar": 0.000875849393196,
            "dvar2": 0.00236600753851,
            "max": 0.500000059605,
            "mean": 0.426303625107,
            "median": 0.437400519848,
            "min": 0.129305258393,
            "var": 0.00291143450886
        },
        "dynamic_complexity": 3.95757460594,
        "erbbands": {
            "dmean": [
                0.320671528578,
                2.24260282516,
                4.44916057587,
                4.08768224716,
                4.02093839645,
                6.41620016098,
                12.3721160889,
                14.5683898926,
                17.1173305511,
                20.4268493652,
                16.465669632,
                18.7125377655,
                28.5756702423,
                23.3822479248,
                26.6827392578,
                16.6778583527,
                11.1629600525,
                16.4873218536,
                13.3264026642,
                11.8919525146,
                12.1984519958,
                6.2920126915,
                3.13654971123,
                6.19256639481,
                9.23165988922,
                6.86790466309,
                5.75903177261,
                4.73238658905,
                2.93997120857,
                3.45517015457,
                3.2435567379,
                3.08574748039,
                2.7891099453,
                2.93531012535,
                1.45445585251,
                0.548347532749,
                0.142882078886,
                0.0200014449656,
                0.000769850739744,
                2.78225270449e-05
            ],
            "dmean2": [
                0.508313000202,
                3.65434455872,
                7.55611753464,
                7.32166671753,
                7.29776096344,
                10.4259729385,
                19.3429107666,
                21.443529129,
                25.8235015869,
                31.7291221619,
                24.2160339355,
                25.0427017212,
                39.209148407,
                30.2875843048,
                34.3715400696,
                20.8429813385,
                14.915186882,
                23.3036842346,
                19.083278656,
                17.6102619171,
                19.1850147247,
                9.62535095215,
                4.89895391464,
                9.6302318573,
                14.0912046432,
                10.2974328995,
                9.06433105469,
                8.12444114685,
                5.02428531647,
                5.82974910736,
                5.44983863831,
                5.04206037521,
                4.3148431778,
                4.44890594482,
                2.19091081619,
                0.821256160736,
                0.217030778527,
                0.0312232747674,
                0.00121380982455,
                4.18701638409e-05
            ],
            "dvar": [
                0.599762201309,
                42.8403663635,
                226.457427979,
                309.077148438,
                302.784362793,
                296.781433105,
                615.268432617,
                873.711791992,
                1383.43212891,
                2624.59545898,
                2950.53369141,
                3248.76025391,
                7114.01611328,
                5830.44921875,
                8690.30761719,
                3829.83251953,
                2250.80834961,
                2761.33935547,
                1969.50537109,
                1135.99230957,
                3643.69848633,
                427.476776123,
                74.7677993774,
                291.640930176,
                586.090454102,
                319.02444458,
                270.896575928,
                723.085693359,
                174.495391846,
                183.128860474,
                98.1254425049,
                63.7978172302,
                35.5071563721,
                31.838350296,
                10.7530231476,
                2.0440466404,
                0.126549974084,
                0.00370129640214,
                7.99104964244e-06,
                3.33983352085e-09
            ],
            "dvar2": [
                1.47700285912,
                107.620262146,
                620.967773438,
                892.699462891,
                879.97088623,
                762.37890625,
                1430.09558105,
                1780.91955566,
                3043.23803711,
                6031.82080078,
                6215.81054688,
                5474.46191406,
                12764.4179688,
                8923.43164062,
                12407.6914062,
                5098.10253906,
                3877.93505859,
                5085.24853516,
                4095.88452148,
                2431.23266602,
                8919.53515625,
                936.436523438,
                178.167160034,
                672.101501465,
                1366.33410645,
                778.546936035,
                688.729370117,
                2023.58740234,
                464.635864258,
                471.175079346,
                255.307235718,
                169.57232666,
                85.0458526611,
                68.7147064209,
                23.3177204132,
                4.30396413803,
                0.282807141542,
                0.00909959059209,
                2.08040346479e-05,
                8.06097943951e-09
            ],
            "max": [
                8.10102939606,
                57.6348457336,
                153.773864746,
                194.442459106,
                213.95791626,
                308.286743164,
                438.033630371,
                677.860900879,
                632.729003906,
                947.35546875,
                1297.2376709,
                1488.25708008,
                1758.60229492,
                2136.23168945,
                2378.984375,
                2267.15185547,
                2144.17578125,
                1189.54052734,
                1196.39819336,
                754.160888672,
                1373.5411377,
                747.607727051,
                166.655059814,
                390.613800049,
                496.713165283,
                424.865356445,
                279.476623535,
                434.184326172,
                190.204681396,
                244.700958252,
                154.745162964,
                112.194854736,
                103.350875854,
                79.7028045654,
                50.6430358887,
                25.802854538,
                8.21863460541,
                1.89106667042,
                0.116174206138,
                0.00200084340759
            ],
            "mean": [
                0.602039933205,
                3.29822659492,
                5.80652570724,
                4.50607299805,
                4.47882080078,
                11.155626297,
                24.2206935883,
                31.8640441895,
                32.7639961243,
                39.5080413818,
                34.4011306763,
                39.8488731384,
                67.9907913208,
                47.817779541,
                68.7213439941,
                38.8817939758,
                21.9287910461,
                29.6514663696,
                22.3778762817,
                20.329416275,
                16.4084796906,
                11.3360214233,
                5.74081754684,
                10.7178707123,
                16.7227191925,
                13.5472774506,
                9.39358329773,
                4.96546506882,
                2.91485357285,
                3.70243501663,
                4.37766647339,
                4.61769676208,
                5.12343263626,
                5.81443977356,
                2.72804164886,
                0.991909384727,
                0.26993432641,
                0.0345555357635,
                0.00126226653811,
                9.05178676476e-05
            ],
            "median": [
                0.246164128184,
                1.61694002151,
                2.3168694973,
                1.1748329401,
                0.927886486053,
                2.50587940216,
                8.03008270264,
                10.5572299957,
                8.35804367065,
                5.42614555359,
                4.54528045654,
                3.88901519775,
                3.85569286346,
                5.5216550827,
                4.24758577347,
                3.39124774933,
                2.74800634384,
                4.13140535355,
                4.31560516357,
                5.16411828995,
                3.99607133865,
                2.44127464294,
                1.72200715542,
                3.91299438477,
                6.16339015961,
                5.29431915283,
                3.68870639801,
                1.13341259956,
                0.599532365799,
                0.63744366169,
                1.34556388855,
                1.6323390007,
                1.88644993305,
                2.30798077583,
                1.06244313717,
                0.34166675806,
                0.0970109328628,
                0.0107935909182,
                0.00038184269215,
                7.5922042015e-05
            ],
            "min": [
                5.97440032659e-22,
                2.27038459926e-21,
                9.51141866838e-21,
                2.29828772777e-20,
                4.98627445927e-20,
                2.70692012025e-19,
                7.00458920854e-19,
                9.35078361847e-19,
                1.75377634062e-18,
                2.20839873438e-18,
                9.91923454313e-19,
                7.56602926052e-19,
                1.68824078524e-18,
                1.34839983442e-18,
                1.97804919971e-18,
                4.91994910151e-18,
                4.60063505118e-18,
                4.91631446989e-18,
                4.47835294123e-18,
                7.08284649155e-18,
                8.46332077121e-18,
                9.67027489224e-18,
                1.04606873266e-17,
                8.92885553842e-18,
                1.38984276185e-17,
                1.92858896896e-17,
                1.59766924377e-17,
                1.28341522269e-17,
                1.24398956131e-17,
                2.03987090026e-17,
                2.04661672359e-17,
                1.48501220743e-17,
                1.2856589501e-17,
                1.15253870617e-17,
                1.04881149813e-17,
                6.14290958098e-18,
                2.98149972605e-18,
                1.07269950228e-18,
                2.21488233112e-19,
                4.32537362883e-20
            ],
            "var": [
                0.838364303112,
                39.4393157959,
                172.552764893,
                210.547683716,
                193.275344849,
                623.832214355,
                1727.11853027,
                2744.14086914,
                3612.63696289,
                6984.82861328,
                9459.89453125,
                12380.7724609,
                34433.7148438,
                24130.9160156,
                51964.4570312,
                23445.3144531,
                8556.12988281,
                7365.08007812,
                3896.56762695,
                2448.23535156,
                3589.81005859,
                1152.69360352,
                137.50604248,
                546.310302734,
                1136.56713867,
                637.884033203,
                358.55859375,
                478.674285889,
                134.607696533,
                163.010238647,
                99.1623764038,
                72.0641784668,
                67.0301818848,
                81.5003128052,
                24.0887069702,
                4.20530128479,
                0.235885441303,
                0.00535741169006,
                9.06798777578e-06,
                7.27972615522e-09
            ]
        },
        "erbbands_crest": {
            "dmean": 3.03292059898,
            "dmean2": 4.72602415085,
            "dvar": 8.91341972351,
            "dvar2": 20.6915073395,
            "max": 33.0753974915,
            "mean": 13.5381250381,
            "median": 12.2966709137,
            "min": 2.2446641922,
            "var": 43.999004364
        },
        "erbbands_flatness_db": {
            "dmean": 0.0179341677576,
            "dmean2": 0.0263647530228,
            "dvar": 0.000395112670958,
            "dvar2": 0.000772348430473,
            "max": 0.479770928621,
            "mean": 0.172342613339,
            "median": 0.156984806061,
            "min": 0.0220865402371,
            "var": 0.00549780065194
        },
        "erbbands_kurtosis": {
            "dmean": 3.03766608238,
            "dmean2": 4.54984760284,
            "dvar": 65.7778930664,
            "dvar2": 136.126495361,
            "max": 256.828887939,
            "mean": 6.28890752792,
            "median": 1.41218519211,
            "min": -1.95738732815,
            "var": 404.120452881
        },
        "erbbands_skewness": {
            "dmean": 0.498669445515,
            "dmean2": 0.745600342751,
            "dvar": 0.332012355328,
            "dvar2": 0.688106834888,
            "max": 10.7491559982,
            "mean": 1.17768657207,
            "median": 1.03339600563,
            "min": -3.27739500999,
            "var": 1.94352018833
        },
        "erbbands_spread": {
            "dmean": 11.1885147095,
            "dmean2": 17.061504364,
            "dvar": 284.210479736,
            "dvar2": 615.68762207,
            "max": 202.946868896,
            "mean": 43.1834564209,
            "median": 36.1075439453,
            "min": 0.357435137033,
            "var": 1071.02587891
        },
        "gfcc": {
            "cov": [
                [
                    27260.9492188,
                    -3156.66699219,
                    -1956.32763672,
                    -897.15020752,
                    -930.665710449,
                    1527.92578125,
                    -547.007507324,
                    1712.19726562,
                    -1008.05487061,
                    1000.75946045,
                    -309.448608398,
                    235.255065918,
                    -87.7122573853
                ],
                [
                    -3156.66699219,
                    2707.49536133,
                    351.879821777,
                    392.287109375,
                    352.346282959,
                    -554.359558105,
                    252.226425171,
                    -546.120483398,
                    327.346557617,
                    -314.311004639,
                    202.004226685,
                    -205.029785156,
                    110.369628906
                ],
                [
                    -1956.32763672,
                    351.879821777,
                    1096.77539062,
                    329.720916748,
                    12.0905542374,
                    -110.831390381,
                    -133.806762695,
                    -178.217636108,
                    100.557769775,
                    -191.432693481,
                    49.3279533386,
                    86.5497131348,
                    14.9090414047
                ],
                [
                    -897.15020752,
                    392.287109375,
                    329.720916748,
                    723.407348633,
                    155.260772705,
                    -113.345481873,
                    -22.8683643341,
                    -141.857711792,
                    175.727478027,
                    -131.874389648,
                    28.9939842224,
                    80.7768096924,
                    70.2629013062
                ],
                [
                    -930.665710449,
                    352.346282959,
                    12.0905542374,
                    155.260772705,
                    413.360198975,
                    32.684223175,
                    182.228317261,
                    -4.21416044235,
                    106.368743896,
                    53.436164856,
                    40.7311058044,
                    -23.733921051,
                    8.69803237915
                ],
                [
                    1527.92578125,
                    -554.359558105,
                    -110.831390381,
                    -113.345481873,
                    32.684223175,
                    413.278594971,
                    70.0179443359,
                    185.335510254,
                    -80.6639785767,
                    152.126373291,
                    -36.1046409607,
                    17.4398288727,
                    -29.5518188477
                ],
                [
                    -547.007507324,
                    252.226425171,
                    -133.806762695,
                    -22.8683643341,
                    182.228317261,
                    70.0179443359,
                    315.386871338,
                    20.2801361084,
                    54.9710273743,
                    59.8708381653,
                    38.8722076416,
                    -50.0594749451,
                    -11.3393878937
                ],
                [
                    1712.19726562,
                    -546.120483398,
                    -178.217636108,
                    -141.857711792,
                    -4.21416044235,
                    185.335510254,
                    20.2801361084,
                    407.486480713,
                    -14.7863130569,
                    133.37046814,
                    -33.5698814392,
                    35.1435050964,
                    -7.05339717865
                ],
                [
                    -1008.05487061,
                    327.346557617,
                    100.557769775,
                    175.727478027,
                    106.368743896,
                    -80.6639785767,
                    54.9710273743,
                    -14.7863130569,
                    284.296661377,
                    -24.5692844391,
                    46.9622955322,
                    24.8309288025,
                    11.0119991302
                ],
                [
                    1000.75946045,
                    -314.311004639,
                    -191.432693481,
                    -131.874389648,
                    53.436164856,
                    152.126373291,
                    59.8708381653,
                    133.37046814,
                    -24.5692844391,
                    282.40020752,
                    38.9054450989,
                    8.38562393188,
                    -16.7841053009
                ],
                [
                    -309.448608398,
                    202.004226685,
                    49.3279533386,
                    28.9939842224,
                    40.7311058044,
                    -36.1046409607,
                    38.8722076416,
                    -33.5698814392,
                    46.9622955322,
                    38.9054450989,
                    163.01890564,
                    34.8752632141,
                    5.879155159
                ],
                [
                    235.255065918,
                    -205.029785156,
                    86.5497131348,
                    80.7768096924,
                    -23.733921051,
                    17.4398288727,
                    -50.0594749451,
                    35.1435050964,
                    24.8309288025,
                    8.38562393188,
                    34.8752632141,
                    162.511535645,
                    29.9303741455
                ],
                [
                    -87.7122573853,
                    110.369628906,
                    14.9090414047,
                    70.2629013062,
                    8.69803237915,
                    -29.5518188477,
                    -11.3393878937,
                    -7.05339717865,
                    11.0119991302,
                    -16.7841053009,
                    5.879155159,
                    29.9303741455,
                    154.634750366
                ]
            ],
            "icov": [
                [
                    0.000108600805106,
                    -0.000206596989301,
                    0.000166236291989,
                    -0.000138096816954,
                    0.000273555837339,
                    -0.00035457406193,
                    0.000296350131975,
                    -0.000420849421062,
                    0.000337218691129,
                    -0.000264559173957,
                    0.000151804444613,
                    -0.000279351865174,
                    0.000170733968844
                ],
                [
                    -0.000206596989301,
                    0.00162531598471,
                    -0.000454413471743,
                    0.000263678957708,
                    -0.00105802703183,
                    0.00148722250015,
                    -0.00119198521134,
                    0.00153736525681,
                    -0.00126840861049,
                    0.00124174635857,
                    -0.00146012729965,
                    0.00210226420313,
                    -0.0011530808406
                ],
                [
                    0.000166236291989,
                    -0.000454413471743,
                    0.00155573652592,
                    -0.000499801535625,
                    0.000306259986246,
                    -0.000908854417503,
                    0.00109812035225,
                    -0.000415692891693,
                    0.000364602718037,
                    0.000229017736274,
                    -0.000100258468592,
                    -0.000972300709691,
                    0.000557279621717
                ],
                [
                    -0.000138096816954,
                    0.000263678957708,
                    -0.000499801535625,
                    0.00249779294245,
                    -0.00129037885927,
                    0.000373632152332,
                    3.29609320033e-05,
                    0.00106871314347,
                    -0.00136135297362,
                    0.000983872450888,
                    4.95702188346e-05,
                    -0.000590611482039,
                    -0.000841971428599
                ],
                [
                    0.000273555837339,
                    -0.00105802703183,
                    0.000306259986246,
                    -0.00129037885927,
                    0.00493487808853,
                    -0.001358708716,
                    -0.00101833348162,
                    -0.00139342446346,
                    0.000507102813572,
                    -0.0018789221067,
                    0.00081195688108,
                    -0.000673072878271,
                    0.000651003269013
                ],
                [
                    -0.00035457406193,
                    0.00148722250015,
                    -0.000908854417503,
                    0.000373632152332,
                    -0.001358708716,
                    0.0057365540415,
                    -0.0024161983747,
                    0.000670170236845,
                    -0.000334467302309,
                    -0.000255653983913,
                    -5.46298797417e-05,
                    0.00116112607066,
                    -0.000545246643014
                ],
                [
                    0.000296350131975,
                    -0.00119198521134,
                    0.00109812035225,
                    3.29609320033e-05,
                    -0.00101833348162,
                    -0.0024161983747,
                    0.00640916312113,
                    -0.00131279241759,
                    0.000377357733669,
                    -0.000730091182049,
                    -0.000282788212644,
                    -0.0002836175845,
                    0.000863178400323
                ],
                [
                    -0.000420849421062,
                    0.00153736525681,
                    -0.000415692891693,
                    0.00106871314347,
                    -0.00139342446346,
                    0.000670170236845,
                    -0.00131279241759,
                    0.0058003528975,
                    -0.00243042479269,
                    0.000591422372963,
                    -0.00036446552258,
                    0.000971371307969,
                    -0.00134365062695
                ],
                [
                    0.000337218691129,
                    -0.00126840861049,
                    0.000364602718037,
                    -0.00136135297362,
                    0.000507102813572,
                    -0.000334467302309,
                    0.000377357733669,
                    -0.00243042479269,
                    0.0063626235351,
                    -0.00120589404833,
                    0.000407769664889,
                    -0.00209289067425,
                    0.00130998156965
                ],
                [
                    -0.000264559173957,
                    0.00124174635857,
                    0.000229017736274,
                    0.000983872450888,
                    -0.0018789221067,
                    -0.000255653983913,
                    -0.000730091182049,
                    0.000591422372963,
                    -0.00120589404833,
                    0.00709204096347,
                    -0.00318983010948,
                    0.00138275208883,
                    -0.000765931501519
                ],
                [
                    0.000151804444613,
                    -0.00146012729965,
                    -0.000100258468592,
                    4.95702188346e-05,
                    0.00081195688108,
                    -5.46298797417e-05,
                    -0.000282788212644,
                    -0.00036446552258,
                    0.000407769664889,
                    -0.00318983010948,
                    0.00950252078474,
                    -0.00405092537403,
                    0.00106946553569
                ],
                [
                    -0.000279351865174,
                    0.00210226420313,
                    -0.000972300709691,
                    -0.000590611482039,
                    -0.000673072878271,
                    0.00116112607066,
                    -0.0002836175845,
                    0.000971371307969,
                    -0.00209289067425,
                    0.00138275208883,
                    -0.00405092537403,
                    0.0111184809357,
                    -0.00271245907061
                ],
                [
                    0.000170733968844,
                    -0.0011530808406,
                    0.000557279621717,
                    -0.000841971428599,
                    0.000651003269013,
                    -0.000545246643014,
                    0.000863178400323,
                    -0.00134365062695,
                    0.00130998156965,
                    -0.000765931501519,
                    0.00106946553569,
                    -0.00271245907061,
                    0.00788466352969
                ]
            ],
            "mean": [
                -33.6764183044,
                82.4951324463,
                -72.6687927246,
                28.1461162567,
                -52.4969520569,
                15.5766096115,
                -38.5758285522,
                21.4052696228,
                -25.6694946289,
                15.0408201218,
                -5.9553103447,
                -0.0523544996977,
                -1.60693490505
            ]
        },
        "hfc": {
            "dmean": 8.15154743195,
            "dmean2": 12.3215904236,
            "dvar": 256.463623047,
            "dvar2": 628.047546387,
            "max": 224.045959473,
            "mean": 29.212726593,
            "median": 27.2782325745,
            "min": 1.17180086405e-16,
            "var": 628.170166016
        },
        "melbands": {
            "dmean": [
                0.00268903304823,
                0.0024548987858,
                0.000689828360919,
                0.00036365390406,
                0.000385454855859,
                0.000338851503329,
                0.000266572693363,
                0.000212319253478,
                0.000135794849484,
                0.000125230115373,
                0.000143489669426,
                9.26604116103e-05,
                9.44978892221e-05,
                5.79929001105e-05,
                3.38574682246e-05,
                2.7583913834e-05,
                3.42060993717e-05,
                2.20331530727e-05,
                2.20027377509e-05,
                1.63869026437e-05,
                1.46489246617e-05,
                8.18604348751e-06,
                2.8287790883e-06,
                3.5713512716e-06,
                5.52971368961e-06,
                6.71520774631e-06,
                6.40019379716e-06,
