{
    "lowlevel": {
        "average_loudness": 0.854994058609,
        "barkbands": {
            "dmean": [
                0.00117945845705,
                0.00809114426374,
                0.00330095971003,
                0.00164218142163,
                0.00204833131284,
                0.00171851622872,
                0.000835598446429,
                0.000662012316752,
                0.000936133146752,
                0.000607661844697,
                0.000404601567425,
                0.000364933366654,
                0.000524484203197,
                0.000324904453009,
                0.000384548067814,
                0.000213254999835,
                0.000168487546034,
                0.0002297473402,
                0.000209447316593,
                0.000142193865031,
                0.000102012425486,
                0.000124921178212,
                0.000120120450447,
                0.000104699545773,
                6.18510384811e-05,
                2.3242793759e-05,
                2.75584397968e-06
            ],
            "dmean2": [
                0.00170591811184,
                0.0126027883962,
                0.0056442883797,
                0.00307172699831,
                0.00350433751009,
                0.00288769020699,
                0.00135735166259,
                0.00101763696875,
                0.0014230000088,
                0.000876010220964,
                0.000611536437646,
                0.000596960890107,
                0.000789690762758,
                0.00050726858899,
                0.000606271089055,
                0.000350583810359,
                0.000258765707258,
                0.000357920973329,
                0.000312436925014,
                0.000218146466068,
                0.000164375465829,
                0.000199324218556,
                0.000188525969861,
                0.000168934624526,
                9.90001062746e-05,
                3.71430978703e-05,
                4.42349664809e-06
            ],
            "dvar": [
                6.28951511317e-06,
                0.000265631533694,
                0.000147331273183,
                4.57866663055e-05,
                2.2106567485e-05,
                9.70761539065e-06,
                3.45741932506e-06,
                1.87244563676e-06,
                4.33063769378e-06,
                2.3221855372e-06,
                8.47218757372e-07,
                8.39044446366e-07,
                1.45735077695e-06,
                5.92279775447e-07,
                6.83057805873e-07,
                1.69942765638e-07,
                8.42711997961e-08,
                1.529514293e-07,
                1.13983610106e-07,
                5.3335622141e-08,
                3.73811097631e-08,
                4.14310008523e-08,
                6.0438985372e-08,
                3.32018252891e-08,
                1.51898635892e-08,
                2.87895418616e-09,
                2.7048068646e-11
            ],
            "dvar2": [
                1.30727385113e-05,
                0.000554124533664,
                0.000382071506465,
                0.000131635606522,
                6.24908789177e-05,
                2.76665123238e-05,
                8.5833189587e-06,
                4.05836863138e-06,
                9.24656978896e-06,
                4.49109893452e-06,
                1.75547370418e-06,
                1.80415668183e-06,
                2.92453955808e-06,
                1.40191821174e-06,
                1.63513630014e-06,
                4.18737442942e-07,
                1.91101776181e-07,
                3.47966164327e-07,
                2.31049639865e-07,
                1.17797924304e-07,
                9.34886443815e-08,
                9.54850634116e-08,
                1.47227581238e-07,
                8.43727718802e-08,
                3.71381183584e-08,
                7.3585795235e-09,
                6.64744093104e-11
            ],
            "max": [
                0.0266219489276,
                0.1588781178,
                0.128565713763,
                0.0668133720756,
                0.0565094426274,
                0.0456629507244,
                0.0327032096684,
                0.0346467792988,
                0.0456878878176,
                0.0475893467665,
                0.0209516379982,
                0.0243500955403,
                0.0341276302934,
                0.0198063701391,
                0.0175001360476,
                0.00688132550567,
                0.00637189531699,
                0.00873804558069,
                0.00673585757613,
                0.00421314500272,
                0.00262617296539,
                0.00228024227545,
                0.00301908887923,
                0.00224239029922,
                0.00197411398403,
                0.000787537253927,
                0.000118512572953
            ],
            "mean": [
                0.00227517168969,
                0.0162106510252,
                0.00289345253259,
                0.00119062815793,
                0.00342274201103,
                0.00304032233544,
                0.00128785555717,
                0.00120271672495,
                0.00216745771468,
                0.00147335336078,
                0.000753172731493,
                0.000517843174748,
                0.00102968758438,
                0.000475481152534,
                0.000651538197417,
                0.000329835049342,
                0.000301331892842,
                0.000471578503493,
                0.000457922928035,
                0.000303704204271,
                0.000192338557099,
                0.000246900948696,
                0.00023208494531,
                0.000203986142878,
                0.000127805265947,
                5.08600569447e-05,
                6.48294917482e-06
            ],
            "median": [
                8.06446478236e-05,
                0.00416787900031,
                0.000683013116941,
                0.0001967507269,
                0.00208986015059,
                0.00147778075188,
                0.000441674055764,
                0.000395194627345,
                0.00040395866381,
                0.000256273429841,
                0.000248861440923,
                0.000174290573341,
                0.000306256988551,
                0.000158250215463,
                0.000191358762095,
                0.00013503851369,
                0.00013436350855,
                0.000254738726653,
                0.000241283691139,
                0.000162798081874,
                0.000112421657832,
                0.000151856307639,
                0.00013074738672,
                0.000120670818433,
                8.43892048579e-05,
                3.35278746206e-05,
                3.7726190385e-06
            ],
            "min": [
                3.615315509e-25,
                3.45915664712e-24,
                1.69742060597e-24,
                1.5345811769e-24,
                8.21183691952e-24,
                8.08678826654e-24,
                9.60185953275e-24,
                8.12607432848e-24,
                1.14957662603e-23,
                1.437736234e-23,
                1.50601687851e-23,
                2.2990560644e-23,
                3.15402430234e-23,
                3.69543342555e-23,
                5.73332493882e-23,
                5.9361776807e-23,
                8.21852267346e-23,
                1.0837926474e-22,
                1.33997061942e-22,
                1.98812941006e-22,
                2.47793024311e-22,
                3.23421990197e-22,
                3.98533589547e-22,
                6.94630927356e-22,
                9.36409448934e-22,
                1.35359029664e-21,
                1.97260543524e-21
            ],
            "var": [
                1.80419174285e-05,
                0.000707289844286,
                0.00010656969971,
                2.58358140854e-05,
                2.3087615773e-05,
                1.80067436304e-05,
                5.56490613235e-06,
                5.81012955081e-06,
                2.18236018554e-05,
                1.479959883e-05,
                2.70733153229e-06,
                1.60038098329e-06,
                6.84475662638e-06,
                9.74656472863e-07,
                1.54274846409e-06,
                2.90415130166e-07,
                1.99258550992e-07,
                4.18719849904e-07,
                3.51917918806e-07,
                1.55728258733e-07,
                6.07857728596e-08,
                7.8792027125e-08,
                8.97109870834e-08,
                6.07056165336e-08,
                2.42647235638e-08,
                4.21828527664e-09,
                8.09733391449e-11
            ]
        },
        "barkbands_crest": {
            "dmean": 2.52572035789,
            "dmean2": 3.87356066704,
            "dvar": 5.33757638931,
            "dvar2": 12.0557317734,
            "max": 26.2877998352,
            "mean": 11.4016866684,
            "median": 10.2999563217,
            "min": 1.99701631069,
            "var": 26.8182964325
        },
        "barkbands_flatness_db": {
            "dmean": 0.0209435746074,
            "dmean2": 0.0308881495148,
            "dvar": 0.000527007796336,
            "dvar2": 0.00104909704532,
            "max": 0.461692392826,
            "mean": 0.134525984526,
            "median": 0.120696380734,
            "min": 0.0203487239778,
            "var": 0.00466735288501
        },
        "barkbands_kurtosis": {
            "dmean": 3.22704076767,
            "dmean2": 4.86414194107,
            "dvar": 52.3383560181,
            "dvar2": 112.704673767,
            "max": 294.306884766,
            "mean": 5.63772296906,
            "median": 2.16326546669,
            "min": -1.76382529736,
            "var": 140.984237671
        },
        "barkbands_skewness": {
            "dmean": 0.502255916595,
            "dmean2": 0.753550708294,
            "dvar": 0.369202703238,
            "dvar2": 0.760921180248,
            "max": 15.2053422928,
            "mean": 1.70399796963,
            "median": 1.46019279957,
            "min": -2.98367977142,
            "var": 2.12379693985
        },
        "barkbands_spread": {
            "dmean": 5.22381639481,
            "dmean2": 7.92486763,
            "dvar": 40.4576721191,
            "dvar2": 85.35912323,
            "max": 83.6203231812,
            "mean": 22.7854442596,
            "median": 21.3153457642,
            "min": 0.353709995747,
            "var": 157.820465088
        },
        "dissonance": {
            "dmean": 0.018547039479,
            "dmean2": 0.0309127438813,
            "dvar": 0.000329965929268,
            "dvar2": 0.000896109326277,
            "max": 0.500000119209,
            "mean": 0.460973650217,
            "median": 0.466411948204,
            "min": 0.244601562619,
            "var": 0.000751428073272
        },
        "dynamic_complexity": 3.50474500656,
        "erbbands": {
            "dmean": [
                0.341833889484,
                1.69384479523,
                3.27380681038,
                5.07806444168,
                4.59980392456,
                7.64459133148,
                10.8351755142,
                16.5322360992,
                12.0703048706,
                13.5795602798,
                11.8281841278,
                25.4377975464,
                20.7663974762,
                12.8905191422,
                15.8868665695,
                15.9806251526,
                23.9134464264,
                15.4120168686,
                19.639169693,
                14.4805030823,
                10.2057342529,
                8.31229305267,
                10.3256034851,
                12.2072572708,
                9.28320503235,
                6.67439651489,
                4.75611114502,
                3.75263142586,
                4.04966211319,
                4.69151163101,
                3.1757850647,
                2.28649926186,
                1.74885487556,
                0.881233036518,
                0.380420833826,
                0.140195712447,
                0.0386694818735,
                0.00515036145225,
                0.000475315464428,
                3.18477177643e-05
            ],
            "dmean2": [
                0.522213280201,
                2.53650021553,
                5.1429901123,
                9.09274673462,
                8.43224811554,
                12.9038095474,
                17.8478374481,
                28.002122879,
                19.5743312836,
                21.467420578,
                18.1992321014,
                38.1492843628,
                29.9579086304,
                18.6537780762,
                23.8572692871,
                25.4576091766,
                35.4474563599,
                24.1291904449,
                29.6527957916,
                23.7959766388,
                16.4076385498,
                12.6092224121,
                15.8610315323,
                18.7366924286,
                13.7294807434,
                10.2812461853,
                7.4409532547,
                6.05386018753,
                6.5288066864,
                7.55949735641,
                4.98288631439,
                3.60408806801,
                2.86653661728,
                1.44032740593,
                0.598127841949,
                0.227798134089,
                0.0618646480143,
                0.00820339936763,
                0.000763135321904,
                5.01426547999e-05
            ],
            "dvar": [
                0.422538220882,
                14.7229719162,
                115.775505066,
                394.933990479,
                282.253662109,
                261.783355713,
                366.04800415,
                992.281677246,
                727.804626465,
                792.370605469,
                641.452087402,
                3420.82763672,
                2694.02416992,
                1222.39465332,
                1181.32702637,
                1317.41235352,
                3020.46850586,
                1106.6652832,
                2116.02368164,
                900.044433594,
                376.318725586,
                207.3724823,
                320.230102539,
                410.416168213,
                239.033050537,
                135.77722168,
                68.6307678223,
                56.5029907227,
                47.0945281982,
                70.4175338745,
                43.8155593872,
                16.2137336731,
                9.28591537476,
                2.9208779335,
                0.619961559772,
                0.110006526113,
                0.00701830117032,
                0.000113557900477,
                8.31769341403e-07,
                3.21528581537e-09
            ],
            "dvar2": [
                0.946001172066,
                28.6115055084,
                268.366088867,
                1084.92626953,
                811.14251709,
                729.088684082,
                957.852539062,
                2858.80371094,
                1852.07080078,
                1839.1706543,
                1383.15808105,
                7150.01074219,
                5116.11865234,
                2422.31616211,
                2235.41333008,
                2675.4753418,
                5740.38574219,
                2591.40478516,
                4689.08837891,
                2230.91308594,
                926.898742676,
                459.251739502,
                713.011291504,
                936.293334961,
                492.021575928,
                302.53225708,
                165.822463989,
                140.135192871,
                109.646781921,
                173.534194946,
                105.312728882,
                38.0117607117,
                24.2490901947,
                7.33137273788,
                1.52275454998,
                0.288683086634,
                0.0176525376737,
                0.000284895155346,
                1.99983605853e-06,
                7.88675080798e-09
            ],
            "max": [
                7.63924646378,
                38.3076286316,
                104.823974609,
                196.594146729,
                182.297866821,
                180.494476318,
                317.695098877,
                467.210296631,
                487.470001221,
                593.432861328,
                954.472106934,
                1351.2043457,
                1859.70349121,
                1065.1776123,
                1218.80419922,
                1237.05200195,
                1755.71166992,
                697.260498047,
                1048.8067627,
                637.405700684,
                396.441650391,
                257.318939209,
                421.545562744,
                432.63470459,
                394.233612061,
                281.935211182,
                152.421890259,
                109.005943298,
                88.8749160767,
                93.3083343506,
                81.2857055664,
                41.8979263306,
                41.8185768127,
                24.3635044098,
                14.3913936615,
                4.82544469833,
                1.38294672966,
                0.169441074133,
                0.0226039942354,
                0.00135163997766
            ],
            "mean": [
                0.733669579029,
                2.5834004879,
                3.39455294609,
                4.26242589951,
                4.50158643723,
                13.1660690308,
                20.2207927704,
                28.4994945526,
                20.9992961884,
                23.7270622253,
                22.9789505005,
                60.7625541687,
                55.0213356018,
                26.2125053406,
                33.0695152283,
                27.8529338837,
                49.5274581909,
                26.4026679993,
                35.9983825684,
                24.5206336975,
                18.0482597351,
                15.7400484085,
                22.7666244507,
                26.6320972443,
                20.5221557617,
                14.6809043884,
                9.954870224,
                7.30787849426,
                8.02622318268,
                9.11862182617,
                6.04989433289,
                4.72142601013,
                3.13274359703,
                1.72854197025,
                0.782654166222,
                0.282790064812,
                0.0850948095322,
                0.0121975298971,
                0.00107945513446,
                0.000109494125354
            ],
            "median": [
                0.126880198717,
                0.935167551041,
                1.05563294888,
                1.02555561066,
                1.51289963722,
                7.6496257782,
                11.3001804352,
                12.889213562,
                8.86717414856,
                8.78729438782,
                9.64789009094,
                12.4942016602,
                12.7258491516,
                9.13318061829,
                12.5230827332,
                10.5433158875,
                15.6370992661,
                12.7241783142,
                11.89909935,
                10.2300872803,
                8.28881263733,
                7.53837060928,
                13.1324033737,
                15.4219808578,
                11.2611083984,
                8.56605148315,
                5.51525020599,
                4.20734167099,
                4.93700790405,
                5.41693067551,
                3.37447714806,
                2.81437516212,
                1.80536603928,
                1.11151146889,
                0.507843852043,
                0.187185376883,
                0.0531618520617,
                0.00858124531806,
                0.000662117614411,
                7.46665755287e-05
            ],
            "min": [
                5.57234051617e-23,
                6.56682805065e-22,
                4.8894892385e-21,
                1.23499462937e-20,
                1.12029117404e-20,
                2.62296678107e-20,
                7.8198230066e-20,
                8.58182824924e-20,
                8.90140818643e-20,
                3.04175998877e-19,
                2.58589377386e-19,
                2.78363155778e-19,
                4.37757370149e-19,
                7.23720015161e-19,
                1.20984005079e-18,
                1.49119209446e-18,
                1.65306492969e-18,
                1.88223314705e-18,
                3.09985913875e-18,
                3.23472700852e-18,
                2.5683267324e-18,
                5.29823078975e-18,
                5.40527333768e-18,
                7.06252183672e-18,
                6.71045060696e-18,
                8.80589183164e-18,
                8.74202521654e-18,
                9.60333612835e-18,
                1.05550562267e-17,
                1.09939665316e-17,
                1.26613302087e-17,
                1.0991165698e-17,
                1.01781191206e-17,
                8.46482623993e-18,
                6.93147616176e-18,
                4.63324830119e-18,
                2.08091427876e-18,
                9.80526146243e-19,
                2.56423947789e-19,
                2.68375405477e-20
            ],
            "var": [
                1.55442273617,
                25.4972019196,
                109.616462708,
                250.915710449,
                166.541183472,
                336.314697266,
                712.464416504,
                1846.6973877,
                1153.33483887,
                1922.66210938,
                2003.24609375,
                17095.3046875,
                21285.3046875,
                3446.73754883,
                5661.34521484,
                3587.24707031,
                16235.0605469,
                1981.32202148,
                5406.49853516,
                1840.7265625,
                717.581359863,
                483.445922852,
                947.75970459,
                1180.69213867,
                670.253723145,
                375.01953125,
                154.561126709,
                90.0798568726,
                87.0801467896,
                117.157264709,
                63.8397789001,
                32.5608139038,
                15.2020139694,
                4.52566194534,
                0.963595211506,
                0.137069642544,
                0.0117362486199,
                0.000218883680645,
                2.22023209062e-06,
                1.44413307979e-08
            ]
        },
        "erbbands_crest": {
            "dmean": 2.46927905083,
            "dmean2": 3.8861489296,
            "dvar": 5.53717279434,
            "dvar2": 12.9808702469,
            "max": 30.4104175568,
            "mean": 9.61347198486,
            "median": 8.15920066833,
            "min": 2.29914093018,
            "var": 26.1982955933
        },
        "erbbands_flatness_db": {
            "dmean": 0.0135510982946,
            "dmean2": 0.0197466462851,
            "dvar": 0.000192038467503,
            "dvar2": 0.000393555557821,
            "max": 0.379571884871,
            "mean": 0.143162593246,
            "median": 0.133484840393,
            "min": 0.0544545575976,
            "var": 0.00301212235354
        },
        "erbbands_kurtosis": {
            "dmean": 0.663261711597,
            "dmean2": 1.01202225685,
            "dvar": 0.749116659164,
            "dvar2": 1.69344317913,
            "max": 19.4917945862,
            "mean": 0.1851952672,
            "median": -0.263577818871,
            "min": -1.72899866104,
            "var": 2.3370423317
        },
        "erbbands_skewness": {
            "dmean": 0.298224776983,
            "dmean2": 0.45597410202,
            "dvar": 0.0806979462504,
            "dvar2": 0.178155273199,
            "max": 4.11299133301,
            "mean": 0.459210008383,
            "median": 0.440409719944,
            "min": -2.27169799805,
            "var": 0.376695841551
        },
        "erbbands_spread": {
            "dmean": 7.20722007751,
            "dmean2": 10.7776565552,
            "dvar": 61.3058815002,
            "dvar2": 133.696517944,
            "max": 143.839904785,
            "mean": 41.6422462463,
            "median": 40.5012207031,
            "min": 5.15859699249,
            "var": 311.55078125
        },
        "gfcc": {
            "cov": [
                [
                    22212.9179688,
                    670.111206055,
                    512.330627441,
                    896.448486328,
                    -591.554626465,
                    452.601593018,
                    -395.933898926,
                    304.536346436,
                    -387.755187988,
                    150.374710083,
                    -255.705932617,
                    113.482131958,
                    -329.668334961
                ],
                [
                    670.111206055,
                    3450.54394531,
                    728.040649414,
                    109.130065918,
                    601.426513672,
                    -342.135864258,
                    201.146575928,
                    -165.647964478,
                    171.60609436,
                    -155.265930176,
                    209.297622681,
                    -134.594802856,
                    89.342414856
                ],
                [
                    512.330627441,
                    728.040649414,
                    1049.64794922,
                    279.535766602,
                    253.825424194,
                    41.2078437805,
                    38.2297019958,
                    26.5772171021,
                    58.1085357666,
                    14.6458482742,
                    47.4060249329,
                    21.6384506226,
                    -17.0143280029
                ],
                [
                    896.448486328,
                    109.130065918,
                    279.535766602,
                    394.174407959,
                    64.0383071899,
                    57.9069824219,
                    -33.6512374878,
                    49.7498817444,
                    20.9199810028,
                    -11.7980518341,
                    10.3457727432,
                    9.98707103729,
                    -4.54779720306
                ],
                [
                    -591.554626465,
                    601.426513672,
                    253.825424194,
                    64.0383071899,
                    338.760467529,
                    -19.2880897522,
                    89.33253479,
                    -12.7759103775,
                    98.5221710205,
                    -17.2556648254,
                    50.7645492554,
                    -12.8772306442,
                    41.4526519775
                ],
                [
                    452.601593018,
                    -342.135864258,
                    41.2078437805,
                    57.9069824219,
                    -19.2880897522,
                    247.329116821,
                    55.4457740784,
                    60.0394172668,
                    -9.44551944733,
                    52.5511932373,
                    -5.77046012878,
                    25.8977546692,
                    -13.4295454025
                ],
                [
                    -395.933898926,
                    201.146575928,
                    38.2297019958,
                    -33.6512374878,
                    89.33253479,
                    55.4457740784,
                    204.414291382,
                    30.3134422302,
                    44.3684120178,
                    23.3731136322,
                    39.0372047424,
                    5.08696937561,
                    17.7610721588
                ],
                [
                    304.536346436,
                    -165.647964478,
                    26.5772171021,
                    49.7498817444,
                    -12.7759103775,
                    60.0394172668,
                    30.3134422302,
                    147.854431152,
                    32.1018753052,
                    38.9556694031,
                    -1.62700629234,
                    23.4539909363,
                    -5.54209899902
                ],
                [
                    -387.755187988,
                    171.60609436,
                    58.1085357666,
                    20.9199810028,
                    98.5221710205,
                    -9.44551944733,
                    44.3684120178,
                    32.1018753052,
                    135.636001587,
                    32.0034790039,
                    19.8746395111,
                    -0.270070910454,
                    39.4203948975
                ],
                [
                    150.374710083,
                    -155.265930176,
                    14.6458482742,
                    -11.7980518341,
                    -17.2556648254,
                    52.5511932373,
                    23.3731136322,
                    38.9556694031,
                    32.0034790039,
                    112.545722961,
                    28.7688236237,
                    30.7776699066,
                    -4.40881156921
                ],
                [
                    -255.705932617,
                    209.297622681,
                    47.4060249329,
                    10.3457727432,
                    50.7645492554,
                    -5.77046012878,
                    39.0372047424,
                    -1.62700629234,
                    19.8746395111,
                    28.7688236237,
                    136.122268677,
                    41.4440307617,
                    13.7331037521
                ],
                [
                    113.482131958,
                    -134.594802856,
                    21.6384506226,
                    9.98707103729,
                    -12.8772306442,
                    25.8977546692,
                    5.08696937561,
                    23.4539909363,
                    -0.270070910454,
                    30.7776699066,
                    41.4440307617,
                    98.4009780884,
                    19.5358219147
                ],
                [
                    -329.668334961,
                    89.342414856,
                    -17.0143280029,
                    -4.54779720306,
                    41.4526519775,
                    -13.4295454025,
                    17.7610721588,
                    -5.54209899902,
                    39.4203948975,
                    -4.40881156921,
                    13.7331037521,
                    19.5358219147,
                    86.9638595581
                ]
            ],
            "icov": [
                [
                    8.43883390189e-05,
                    -0.000156516718562,
                    6.24775057076e-05,
                    -0.000174271815922,
                    0.000173296357389,
                    -0.000210953774513,
                    0.000184351287317,
                    -0.000152800072101,
                    0.000223112889216,
                    -0.000277668616036,
                    0.000360930658644,
                    -0.000310354866087,
                    0.000218751098146
                ],
                [
                    -0.000156516718562,
                    0.00101806700695,
                    -0.000490685051773,
                    0.000285756919766,
                    -0.000829664291814,
                    0.00119296007324,
                    -0.000884915527422,
                    0.000602411979344,
                    -0.00053910119459,
                    0.00110357697122,
                    -0.00166724005248,
                    0.00163088552654,
                    -0.000724245386664
                ],
                [
                    6.24775057076e-05,
                    -0.000490685051773,
                    0.00171061535366,
                    -0.000995877897367,
                    -0.000732591317501,
                    -0.000522132322658,
                    0.000391010544263,
                    -0.000168467551703,
                    0.000386377505492,
                    -0.000928486289922,
                    0.000901305815205,
                    -0.00126766483299,
                    0.00112174940296
                ],
                [
                    -0.000174271815922,
                    0.000285756919766,
                    -0.000995877897367,
                    0.00407997891307,
                    -0.000526208081283,
                    -0.000710015825462,
                    0.00106771546416,
                    -0.000936421565711,
                    -0.000977787422016,
                    0.00193514593411,
                    -0.00131985289045,
                    0.000727141217794,
                    -0.000485840195324
                ],
                [
                    0.000173296357389,
                    -0.000829664291814,
                    -0.000732591317501,
                    -0.000526208081283,
                    0.00646214280277,
                    -0.000923345622141,
                    -0.000937517150305,
                    0.000559276260901,
                    -0.00281060137786,
                    0.000968153588474,
                    7.89205660112e-05,
                    -0.000409557920648,
                    -0.000254642014625
                ],
                [
                    -0.000210953774513,
                    0.00119296007324,
                    -0.000522132322658,
                    -0.000710015825462,
                    -0.000923345622141,
                    0.00717222550884,
                    -0.00301720201969,
                    -0.000375895790057,
                    0.00107941380702,
                    -0.00129135220777,
                    -0.000637364166323,
                    0.00111929979175,
                    -0.000730151601601
                ],
                [
                    0.000184351287317,
                    -0.000884915527422,
                    0.000391010544263,
                    0.00106771546416,
                    -0.000937517150305,
                    -0.00301720201969,
                    0.00790982227772,
                    -0.00192214781418,
                    -0.000167895108461,
                    -0.000850441691,
                    -0.000218962100917,
                    -0.000574694015086,
                    0.000179962982656
                ],
                [
                    -0.000152800072101,
                    0.000602411979344,
                    -0.000168467551703,
                    -0.000936421565711,
                    0.000559276260901,
                    -0.000375895790057,
                    -0.00192214781418,
                    0.00976323895156,
                    -0.00331805855967,
                    -0.000527244643308,
                    0.000166466226801,
                    -0.00105564284604,
                    0.00109825795516
                ],
                [
                    0.000223112889216,
                    -0.00053910119459,
                    0.000386377505492,
                    -0.000977787422016,
                    -0.00281060137786,
                    0.00107941380702,
                    -0.000167895108461,
                    -0.00331805855967,
                    0.0140957320109,
                    -0.00587210617959,
                    0.00153286138084,
                    0.00128327030689,
                    -0.00446424586698
                ],
                [
                    -0.000277668616036,
                    0.00110357697122,
                    -0.000928486289922,
                    0.00193514593411,
                    0.000968153588474,
                    -0.00129135220777,
                    -0.000850441691,
                    -0.000527244643308,
                    -0.00587210617959,
                    0.0152982259169,
                    -0.0045303190127,
                    -0.000722577911802,
                    0.00152747856919
                ],
                [
                    0.000360930658644,
                    -0.00166724005248,
                    0.000901305815205,
                    -0.00131985289045,
                    7.89205660112e-05,
                    -0.000637364166323,
                    -0.000218962100917,
                    0.000166466226801,
                    0.00153286138084,
                    -0.0045303190127,
                    0.0130882579833,
                    -0.00703956000507,
                    0.00169769162312
                ],
                [
                    -0.000310354866087,
                    0.00163088552654,
                    -0.00126766483299,
                    0.000727141217794,
                    -0.000409557920648,
                    0.00111929979175,
                    -0.000574694015086,
                    -0.00105564284604,
                    0.00128327030689,
                    -0.000722577911802,
                    -0.00703956000507,
                    0.0172813721001,
                    -0.0060326308012
                ],
                [
                    0.000218751098146,
                    -0.000724245386664,
                    0.00112174940296,
                    -0.000485840195324,
                    -0.000254642014625,
                    -0.000730151601601,
                    0.000179962982656,
                    0.00109825795516,
                    -0.00446424586698,
                    0.00152747856919,
                    0.00169769162312,
                    -0.0060326308012,
                    0.0164964199066
                ]
            ],
            "mean": [
                5.42201185226,
                75.2169265747,
                -109.126312256,
                29.8534908295,
                -57.9499015808,
                16.9505214691,
                -34.7517280579,
                12.9693365097,
                -19.427646637,
                7.97717380524,
                -5.04278898239,
                6.74414825439,
                -6.7746553421
            ]
        },
        "hfc": {
            "dmean": 6.57584238052,
            "dmean2": 9.75288581848,
            "dvar": 98.4952774048,
            "dvar2": 225.341522217,
            "max": 113.872520447,
            "mean": 25.4957637787,
            "median": 23.2682151794,
            "min": 1.05080796471e-16,
            "var": 354.649719238
        },
        "melbands": {
            "dmean": [
                0.0025110701099,
                0.00156889169011,
                0.000827474752441,
                0.000408568303101,
                0.000390466389945,
                0.000351025752025,
                0.000180682225619,
                0.000150305175339,
                9.94177535176e-05,
                0.000161808449775,
                0.000103584665339,
                5.29829703737e-05,
                5.16581676493e-05,
                4.44107645308e-05,
                4.99161651533e-05,
                4.74087501061e-05,
                3.16094701702e-05,
                3.39054204233e-05,
                2.27943619393e-05,
                1.86747838598e-05,
                1.24252937894e-05,
                9.64463743003e-06,
                9.688929822e-06,
                1.13713076644e-05,
                1.09367110781e-05,
                7.75658190832e-06,
