{
    "lowlevel": {
        "average_loudness": 0.913790464401,
        "barkbands": {
            "dmean": [
                7.3685143434e-05,
                0.00220284215175,
                0.0014806688996,
                0.000968499400187,
                0.00117463292554,
                0.00142168242019,
                0.000467186851893,
                0.000549516058527,
                0.00102150789462,
                0.00116816617083,
                0.00078242138261,
                0.000769620994106,
                0.000690407003276,
                0.000611227878835,
                0.000497396104038,
                0.000219982190174,
                0.000189455910004,
                0.000122815123177,
                0.000158026698045,
                0.000161348405527,
                0.000142599223182,
                6.14965028944e-05,
                5.67833158129e-05,
                0.00010316666885,
                3.58364486601e-05,
                1.22606170407e-05,
                1.79028359071e-06
            ],
            "dmean2": [
                0.000112640082079,
                0.00306376628578,
                0.00260703195818,
                0.00174212292768,
                0.00190475874115,
                0.00206159520894,
                0.000711339525878,
                0.0008143724408,
                0.00144584209193,
                0.00169908627868,
                0.00112657342106,
                0.00110961310565,
                0.00100097514223,
                0.00093098328216,
                0.000745770405047,
                0.000340513390256,
                0.000295700912829,
                0.000193355532247,
                0.000241560934228,
                0.00024372903863,
                0.000217261025682,
                9.44047278608e-05,
                8.22443107609e-05,
                0.000147430619108,
                5.15182291565e-05,
                1.78596656042e-05,
                3.28159057972e-06
            ],
            "dvar": [
                5.19684242306e-08,
                7.00668751961e-05,
                3.90198292735e-05,
                1.26668101075e-05,
                7.23432094674e-06,
                7.72248858993e-06,
                1.73260127667e-06,
                2.23248321163e-06,
                5.6531471273e-06,
                8.38510095491e-06,
                4.73836371384e-06,
                4.81035385747e-06,
                2.52333688877e-06,
                2.29885631597e-06,
                1.50495236539e-06,
                3.68393870076e-07,
                3.34431092597e-07,
                2.27891987947e-07,
                1.0289617336e-07,
                1.13500639998e-07,
                8.36743723198e-08,
                2.26246417157e-08,
                1.78496595282e-08,
                7.94423158368e-08,
                1.11355049626e-08,
                1.69956337892e-09,
                1.15266664269e-10
            ],
            "dvar2": [
                1.28131702581e-07,
                0.000122876415844,
                0.000112213427201,
                3.6702498619e-05,
                1.89113106899e-05,
                1.61552579812e-05,
                3.76409002456e-06,
                4.73974978377e-06,
                1.12204497782e-05,
                1.75340737769e-05,
                8.73384396982e-06,
                8.9796130851e-06,
                5.04350100528e-06,
                4.86625231133e-06,
                3.23156314153e-06,
                7.84236817708e-07,
                7.27005613044e-07,
                5.58995054689e-07,
                2.29575533695e-07,
                2.40047000943e-07,
                1.8167423832e-07,
                5.16852303178e-08,
                3.52811859727e-08,
                1.49717848785e-07,
                1.94580227486e-08,
                2.88761858869e-09,
                3.3825103829e-10
            ],
            "max": [
                0.00463877152652,
                0.136222586036,
                0.104191273451,
                0.0593130327761,
                0.0416411086917,
                0.0512053258717,
                0.0360936410725,
                0.0394862182438,
                0.0482534058392,
                0.0651901885867,
                0.0547728948295,
                0.0498784929514,
                0.0372448153794,
                0.0326806977391,
                0.028869189322,
                0.017360534519,
                0.0154385808855,
                0.020440498367,
                0.00747211230919,
                0.0146666830406,
                0.00662972638384,
                0.0046855583787,
                0.0041402420029,
                0.00843322090805,
                0.00398161495104,
                0.00146769103594,
                0.000146988924826
            ],
            "mean": [
                0.000246931944275,
                0.00462632859126,
                0.00218285922892,
                0.00121875898913,
                0.00251249433495,
                0.0034909627866,
                0.00099033000879,
                0.00109780440107,
                0.00237513962202,
                0.00263171806,
                0.00169656577054,
                0.00169994786847,
                0.00125951133668,
                0.00102864997461,
                0.000962065998465,
                0.000364716339391,
                0.000332858500769,
                0.000206793760299,
                0.000310450006509,
                0.000424252502853,
                0.000345881533576,
                0.00013426579244,
                0.00013786823547,
                0.000255472579738,
                7.93249564595e-05,
                2.48639771598e-05,
                2.05179003387e-06
            ],
            "median": [
                2.757051152e-05,
                0.00254731602035,
                0.000860507774632,
                0.000434394722106,
                0.00122399069369,
                0.00127598200925,
                0.000388875894714,
                0.000412743189372,
                0.000673338829074,
                0.000544750131667,
                0.000191910687136,
                0.000342442537658,
                0.000380519079044,
                0.000251586345257,
                0.000284273904981,
                0.000159522314789,
                0.000146053775097,
                8.1336547737e-05,
                0.00013921878417,
                0.000149413390318,
                0.000134551664814,
                5.48279494978e-05,
                4.89370249852e-05,
                0.000101628655102,
                3.0940209399e-05,
                7.19065928934e-06,
                2.53274322404e-07
            ],
            "min": [
                2.57105299711e-25,
                1.92880968112e-24,
                2.79217041302e-24,
                1.32777665604e-24,
                5.33861104849e-24,
                4.9524379974e-24,
                4.08731317531e-24,
                1.25005502282e-23,
                2.06576749108e-23,
                1.53517933068e-23,
                1.07627953614e-23,
                2.87076328394e-23,
                4.71661228964e-23,
                2.45843483957e-23,
                3.50081323608e-23,
                6.13366869278e-23,
                7.91085997845e-23,
                9.33204023086e-23,
                1.22382479819e-22,
                1.56802475354e-22,
                2.61070424248e-22,
                3.21688187523e-22,
                3.6622242747e-22,
                5.87309745971e-22,
                9.54020560383e-22,
                1.28625090834e-21,
                1.922960866e-21
            ],
            "var": [
                2.41654646516e-07,
                0.000134145418997,
                2.89055333269e-05,
                9.12718678592e-06,
                1.55002562678e-05,
                3.08168127958e-05,
                4.66860683446e-06,
                5.5235364016e-06,
                2.61107525148e-05,
                3.4575623431e-05,
                2.18642526306e-05,
                2.14156007132e-05,
                7.14911220712e-06,
                5.15285910296e-06,
                4.76375225844e-06,
                7.04603905888e-07,
                7.45411739445e-07,
                3.28371385194e-07,
                2.41551589397e-07,
                7.08722268428e-07,
                2.92469280794e-07,
                6.09548465036e-08,
                6.94859139116e-08,
                2.54614491269e-07,
                3.4837057683e-08,
                5.08874364868e-09,
                6.79054035224e-11
            ]
        },
        "barkbands_crest": {
            "dmean": 2.30935883522,
            "dmean2": 3.56012129784,
            "dvar": 5.14871835709,
            "dvar2": 11.7605905533,
            "max": 25.8816184998,
            "mean": 10.4991693497,
            "median": 9.53536891937,
            "min": 2.68431973457,
            "var": 19.2745227814
        },
        "barkbands_flatness_db": {
            "dmean": 0.0159583054483,
            "dmean2": 0.0234818998724,
            "dvar": 0.000278887804598,
            "dvar2": 0.000580500345677,
            "max": 0.380103737116,
            "mean": 0.137352466583,
            "median": 0.126678004861,
            "min": 0.0239491388202,
            "var": 0.00284121744335
        },
        "barkbands_kurtosis": {
            "dmean": 1.93929290771,
            "dmean2": 2.969373703,
            "dvar": 18.827457428,
            "dvar2": 42.3344612122,
            "max": 202.002838135,
            "mean": 3.12129592896,
            "median": 1.49151134491,
            "min": -1.93757450581,
            "var": 39.9228439331
        },
        "barkbands_skewness": {
            "dmean": 0.412230193615,
            "dmean2": 0.60608112812,
            "dvar": 0.249225616455,
            "dvar2": 0.502921938896,
            "max": 12.5891799927,
            "mean": 1.15756142139,
            "median": 1.0564687252,
            "min": -4.11871290207,
            "var": 1.22239720821
        },
        "barkbands_spread": {
            "dmean": 4.21378517151,
            "dmean2": 6.29515218735,
            "dvar": 38.7115516663,
            "dvar2": 78.1888122559,
            "max": 97.3710479736,
            "mean": 20.5892467499,
            "median": 18.5601425171,
            "min": 0.807245373726,
            "var": 154.54725647
        },
        "dissonance": {
            "dmean": 0.02306083031,
            "dmean2": 0.0390661433339,
            "dvar": 0.000581809727009,
            "dvar2": 0.00165018055122,
            "max": 0.499999791384,
            "mean": 0.454201817513,
            "median": 0.463496237993,
            "min": 0.202804833651,
            "var": 0.00134672224522
        },
        "dynamic_complexity": 4.02384853363,
        "erbbands": {
            "dmean": [
                0.0681065842509,
                0.51148378849,
                1.31643044949,
                2.79738736153,
                2.86058926582,
                4.43790102005,
                10.5511741638,
                10.8309812546,
                7.32888936996,
                5.96645975113,
                14.9820632935,
                22.9838809967,
                20.7952213287,
                45.5687866211,
                31.9864997864,
                30.2718963623,
                29.649679184,
                29.4450130463,
                28.3359680176,
                14.5575370789,
                11.7550535202,
                8.80826759338,
                6.06843471527,
                7.44393110275,
                6.89573144913,
                7.99887895584,
                6.28455018997,
                4.60815525055,
                2.31726408005,
                1.13130664825,
                1.7788079977,
                2.44270801544,
                1.51202845573,
                0.512121021748,
                0.223513692617,
                0.0806274414063,
                0.0172179955989,
                0.0040342467837,
                0.000198700872716,
                1.00080860648e-05
            ],
            "dmean2": [
                0.094806522131,
                0.727806329727,
                2.14839863777,
                4.99453306198,
                5.0255651474,
                7.22548675537,
                15.3537082672,
                15.8398151398,
                11.0401344299,
                9.09840488434,
                21.892578125,
                32.0497932434,
                29.9577827454,
                64.8277282715,
                44.81873703,
                42.9971199036,
                42.3669548035,
                43.8548240662,
                41.7707443237,
                22.0554618835,
                18.1678276062,
                13.4206428528,
                9.03295326233,
                11.2969369888,
                10.3301925659,
                12.0172290802,
                9.52752876282,
                6.9986243248,
                3.52583193779,
                1.64659667015,
                2.56169128418,
                3.5372979641,
                2.18628382683,
                0.754076421261,
                0.317505180836,
                0.114761784673,
                0.0254645701498,
                0.00717531517148,
                0.000353927665856,
                1.55015386554e-05
            ],
            "dvar": [
                0.0643467977643,
                3.96900033951,
                27.4063930511,
                112.774772644,
                82.3382415771,
                119.221511841,
                464.124664307,
                593.817443848,
                392.382843018,
                320.954711914,
                1495.45080566,
                3308.81884766,
                2532.50244141,
                12008.734375,
                6263.72558594,
                7431.73242188,
                5593.21923828,
                5488.4140625,
                5060.95898438,
                1141.51342773,
                1200.82409668,
                755.40637207,
                458.852233887,
                331.402740479,
                186.232788086,
                359.468383789,
                169.255981445,
                112.732460022,
                29.6485996246,
                10.9073095322,
                16.752243042,
                36.6488723755,
                24.0190448761,
                2.24137163162,
                0.523669183254,
                0.0844506025314,
                0.00338962324895,
                0.000478076341096,
                1.16273656658e-06,
                4.35055297343e-10
            ],
            "dvar2": [
                0.108978532255,
                7.33868837357,
                71.6886444092,
                324.167694092,
                239.183883667,
                295.147949219,
                924.517944336,
                1222.69335938,
                846.383056641,
                702.394226074,
                3145.96142578,
                6373.89599609,
                4768.30615234,
                24640.7285156,
                11807.2236328,
                13257.4130859,
                11022.9199219,
                11445.6992188,
                10257.5751953,
                2375.64892578,
                2584.69360352,
                1528.47546387,
                935.754638672,
                749.570983887,
                386.580535889,
                712.70904541,
                372.125549316,
                251.102142334,
                67.143409729,
                22.792722702,
                32.0634536743,
                71.5088424683,
                46.3308677673,
                4.1390619278,
                0.914250612259,
                0.132873997092,
                0.00637603597715,
                0.00139072549064,
                3.38754784934e-06,
                1.12762821303e-09
            ],
            "max": [
                4.22482538223,
                35.1125869751,
                90.174041748,
                187.827651978,
                148.769699097,
                214.984527588,
                461.655761719,
                629.464416504,
                432.768127441,
                608.580932617,
                912.166381836,
                1311.22290039,
                1650.32775879,
                2634.26757813,
                1835.73803711,
                2550.19091797,
                1938.1463623,
                1929.52685547,
                1820.68664551,
                916.273620605,
                1011.13232422,
                949.775817871,
                953.302978516,
                515.458129883,
                431.570739746,
                992.221801758,
                382.210449219,
                259.37411499,
                155.301132202,
                190.789138794,
                128.612426758,
                171.35975647,
                157.718933105,
                48.7303199768,
                32.9047622681,
                13.4571342468,
                1.85230052471,
                0.28616681695,
                0.0143433688208,
                0.000299570703646
            ],
            "mean": [
                0.154538199306,
                0.966997981071,
                2.28402066231,
                3.93686628342,
                4.32157611847,
                9.16391563416,
                24.6602478027,
                25.6205368042,
                15.9850540161,
                13.0933542252,
                32.7004127502,
                52.1500282288,
                48.2722740173,
                107.731758118,
                78.1817321777,
                66.4855804443,
                58.9197540283,
                57.2857971191,
                56.421131134,
                29.4740905762,
                21.6145248413,
                17.1671543121,
                12.459446907,
                14.5639448166,
                16.5077533722,
                21.9272403717,
                15.8073368073,
                11.3815689087,
                5.52803277969,
                2.62291359901,
                4.49822998047,
                6.30716371536,
                3.31379747391,
                1.10943925381,
                0.480228573084,
                0.165777891874,
                0.0360189750791,
                0.00551066594198,
                0.000288850074867,
                4.46769445261e-05
            ],
            "median": [
                0.0777706354856,
                0.468322634697,
                0.914130747318,
                1.61036944389,
                2.06192994118,
                3.82643342018,
                10.1118431091,
                7.48943090439,
                7.13492441177,
                6.32567024231,
                13.4418115616,
                16.7738342285,
                17.7916049957,
                25.475030899,
                19.9328098297,
                20.7317295074,
                20.5827770233,
                17.9462490082,
                17.5905838013,
                12.4404335022,
                9.99590682983,
                7.75511693954,
                5.60537338257,
                5.89239788055,
                7.74538183212,
                7.99472045898,
                6.15041446686,
                4.15078639984,
                2.30643486977,
                1.21117198467,
                1.57181942463,
                2.51049208641,
                1.16990828514,
                0.413286685944,
                0.19860035181,
                0.0639436542988,
                0.00864384882152,
                0.000977905467153,
                6.78560027154e-05,
                4.26470251114e-05
            ],
            "min": [
                2.99386755255e-23,
                2.06153765046e-22,
                2.37767634667e-21,
                6.25373342353e-21,
                1.66403002943e-20,
                1.30148339085e-20,
                4.03520157801e-20,
                5.70174174516e-20,
                7.99739412719e-20,
                2.31574873502e-19,
                4.13553677685e-19,
                3.97091930465e-19,
                5.66980817912e-19,
                7.9748281231e-19,
                9.63885650462e-19,
                1.44448647855e-18,
                1.99407334254e-18,
                1.86287856828e-18,
                1.88581090999e-18,
                2.69371118324e-18,
                4.17293180289e-18,
                5.61569898653e-18,
                5.82373408341e-18,
                6.14956135387e-18,
                7.85056770731e-18,
                5.90135547132e-18,
                1.00531379203e-17,
                1.14486395902e-17,
                1.202659482e-17,
                8.18418784633e-18,
                1.12487902726e-17,
                1.06387528427e-17,
                9.23559396189e-18,
                8.58337197505e-18,
                7.05541800962e-18,
                4.49477992101e-18,
                2.49566946214e-18,
                1.0414035374e-18,
                2.57789519583e-19,
                2.55558161107e-20
            ],
            "var": [
                0.124011583626,
                6.8348441124,
                27.4003562927,
                84.2179946899,
                67.8719558716,
                312.993682861,
                1626.62097168,
                2243.50976563,
                984.995239258,
                891.206604004,
                3838.06274414,
                13994.25,
                9496.34667969,
                47599.53125,
                27354.7558594,
                29707.5058594,
                16321.2099609,
                14868.3378906,
                16469.6230469,
                3047.76586914,
                2508.14013672,
                1983.97131348,
                1038.61401367,
                696.118896484,
                684.575073242,
                2222.61743164,
                580.707092285,
                371.092254639,
                92.239944458,
                28.9782447815,
                67.6349487305,
                128.984588623,
                65.0096054077,
                6.52239322662,
                1.57783973217,
                0.267527848482,
                0.00906590651721,
                0.000318516773405,
                7.64458434332e-07,
                1.10434217326e-09
            ]
        },
        "erbbands_crest": {
            "dmean": 2.78695225716,
            "dmean2": 4.33406305313,
            "dvar": 7.18279361725,
            "dvar2": 16.4833183289,
            "max": 31.0227451324,
            "mean": 11.4605112076,
            "median": 10.3744764328,
            "min": 2.71480417252,
            "var": 31.0780754089
        },
        "erbbands_flatness_db": {
            "dmean": 0.014092952013,
            "dmean2": 0.0203563980758,
            "dvar": 0.000217632303247,
            "dvar2": 0.000438238290371,
            "max": 0.42071929574,
            "mean": 0.175523877144,
            "median": 0.165629073977,
            "min": 0.0542958751321,
            "var": 0.00306467036717
        },
        "erbbands_kurtosis": {
            "dmean": 1.12398183346,
            "dmean2": 1.69187009335,
            "dvar": 4.3709359169,
            "dvar2": 9.41020679474,
            "max": 68.7548599243,
            "mean": 1.54373121262,
            "median": 0.496721893549,
            "min": -1.81443560123,
            "var": 13.0618305206
        },
        "erbbands_skewness": {
            "dmean": 0.325517892838,
            "dmean2": 0.477750450373,
            "dvar": 0.133656784892,
            "dvar2": 0.267215758562,
            "max": 6.16566467285,
            "mean": 0.557172834873,
            "median": 0.519506454468,
            "min": -7.13386678696,
            "var": 0.640528798103
        },
        "erbbands_spread": {
            "dmean": 5.95308113098,
            "dmean2": 8.87359333038,
            "dvar": 58.6473617554,
            "dvar2": 125.190040588,
            "max": 147.339706421,
            "mean": 31.1070899963,
            "median": 29.1188640594,
            "min": 1.35316085815,
            "var": 287.736999512
        },
        "gfcc": {
            "cov": [
                [
                    25205.8984375,
                    273.100585938,
                    -769.344116211,
                    1901.73754883,
                    -1031.71948242,
                    642.616699219,
                    -697.678955078,
                    119.85193634,
                    -480.654144287,
                    461.738494873,
                    228.724380493,
                    7.66867494583,
                    215.319320679
                ],
                [
                    273.100585938,
                    1176.13354492,
                    29.2709789276,
                    51.572227478,
                    277.891326904,
                    -32.3980484009,
                    179.108947754,
                    -22.2589530945,
                    99.3286056519,
                    -22.2527561188,
                    42.2496070862,
                    -28.8628044128,
                    19.3547554016
                ],
                [
                    -769.344116211,
                    29.2709789276,
                    854.699462891,
                    270.377441406,
                    248.807327271,
                    42.1566696167,
                    31.5873832703,
                    76.3050308228,
                    104.417366028,
                    55.6976280212,
                    -8.19886684418,
                    143.483978271,
                    -38.6167259216
                ],
                [
                    1901.73754883,
                    51.572227478,
                    270.377441406,
                    667.108093262,
                    119.968963623,
                    91.2909469604,
                    -7.03924179077,
                    71.6989746094,
                    91.7219619751,
                    19.060382843,
                    10.4036130905,
                    47.5716552734,
                    28.5392742157
                ],
                [
                    -1031.71948242,
                    277.891326904,
                    248.807327271,
                    119.968963623,
                    433.87310791,
                    68.7995758057,
                    160.182815552,
                    53.4395141602,
                    114.356956482,
                    24.8834724426,
                    -1.98425018787,
                    66.3326339722,
                    2.65625238419
                ],
                [
                    642.616699219,
                    -32.3980484009,
                    42.1566696167,
                    91.2909469604,
                    68.7995758057,
                    294.449859619,
                    106.425117493,
                    18.5965156555,
                    31.8369903564,
                    57.3488616943,
                    32.3069381714,
                    -12.6645460129,
                    21.463312149
                ],
                [
                    -697.678955078,
                    179.108947754,
                    31.5873832703,
                    -7.03924179077,
                    160.182815552,
                    106.425117493,
                    268.789031982,
                    38.7150421143,
                    60.5903701782,
                    17.1474304199,
                    6.61243438721,
                    4.27667379379,
                    2.59291768074
                ],
                [
                    119.85193634,
                    -22.2589530945,
                    76.3050308228,
                    71.6989746094,
                    53.4395141602,
                    18.5965156555,
                    38.7150421143,
                    135.60194397,
                    61.3471641541,
                    8.43224525452,
                    0.498284578323,
                    37.7990608215,
                    10.8801584244
                ],
                [
                    -480.654144287,
                    99.3286056519,
                    104.417366028,
                    91.7219619751,
                    114.356956482,
                    31.8369903564,
                    60.5903701782,
                    61.3471641541,
                    193.089935303,
                    9.10885906219,
                    -14.8549022675,
                    37.5967063904,
                    -5.64427518845
                ],
                [
                    461.738494873,
                    -22.2527561188,
                    55.6976280212,
                    19.060382843,
                    24.8834724426,
                    57.3488616943,
                    17.1474304199,
                    8.43224525452,
                    9.10885906219,
                    145.80645752,
                    69.1050033569,
                    25.3425540924,
                    30.3727111816
                ],
                [
                    228.724380493,
                    42.2496070862,
                    -8.19886684418,
                    10.4036130905,
                    -1.98425018787,
                    32.3069381714,
                    6.61243438721,
                    0.498284578323,
                    -14.8549022675,
                    69.1050033569,
                    144.761367798,
                    22.2868480682,
                    54.1755104065
                ],
                [
                    7.66867494583,
                    -28.8628044128,
                    143.483978271,
                    47.5716552734,
                    66.3326339722,
                    -12.6645460129,
                    4.27667379379,
                    37.7990608215,
                    37.5967063904,
                    25.3425540924,
                    22.2868480682,
                    146.72203064,
                    21.5965366364
                ],
                [
                    215.319320679,
                    19.3547554016,
                    -38.6167259216,
                    28.5392742157,
                    2.65625238419,
                    21.463312149,
                    2.59291768074,
                    10.8801584244,
                    -5.64427518845,
                    30.3727111816,
                    54.1755104065,
                    21.5965366364,
                    121.525421143
                ]
            ],
            "icov": [
                [
                    0.00016964187671,
                    -0.000341315928381,
                    0.000322515668813,
                    -0.000600501138251,
                    0.000514158338774,
                    -0.000546587922145,
                    0.000484617281472,
                    -0.000468842801638,
                    0.000663511571474,
                    -0.000732741318643,
                    0.000409498839872,
                    -0.000510116515215,
                    0.000236279505771
                ],
                [
                    -0.000341315928381,
                    0.0019432407571,
                    -0.00060338631738,
                    0.00108881667256,
                    -0.00176886166446,
                    0.0017368060071,
                    -0.00163439090829,
                    0.00161060353275,
                    -0.00184101052582,
                    0.00189490336925,
                    -0.00158218306024,
                    0.00170529272873,
                    -0.000686408544425
                ],
                [
                    0.000322515668813,
                    -0.00060338631738,
                    0.00251255487092,
                    -0.00166880502366,
                    0.000157852045959,
                    -0.00109438668005,
                    0.00123912421986,
                    -0.00110636523459,
                    0.00126366119366,
                    -0.00199566269293,
                    0.00100007199217,
                    -0.00232052057981,
                    0.00150144682266
                ],
                [
                    -0.000600501138251,
                    0.00108881667256,
                    -0.00166880502366,
                    0.00412295851856,
                    -0.00199674163014,
                    0.00122606649529,
                    -0.000951986585278,
                    0.0010301079601,
                    -0.00283359154128,
                    0.00290405331179,
                    -0.00147618644405,
                    0.00196671648882,
                    -0.00140163162723
                ],
                [
                    0.000514158338774,
                    -0.00176886166446,
                    0.000157852045959,
                    -0.00199674163014,
                    0.00592470774427,
                    -0.00193192216102,
                    -0.000228817603784,
                    -0.00149808789138,
                    0.00118857296184,
                    -0.002463191282,
                    0.00188011233695,
                    -0.00257738493383,
                    0.000531235302333
                ],
                [
                    -0.000546587922145,
                    0.0017368060071,
                    -0.00109438668005,
                    0.00122606649529,
                    -0.00193192216102,
                    0.00671635055915,
                    -0.0036999701988,
                    0.00195656134747,
                    -0.00249273097143,
                    0.00106222147588,
                    -0.00191866711248,
                    0.00303036952391,
                    -0.00124852510635
                ],
                [
                    0.000484617281472,
                    -0.00163439090829,
                    0.00123912421986,
                    -0.000951986585278,
                    -0.000228817603784,
                    -0.0036999701988,
                    0.00765942642465,
                    -0.00275285146199,
                    0.00153963966295,
                    -0.00207084510475,
                    0.0013117614435,
                    -0.00136428745463,
                    0.00100723095238
                ],
                [
                    -0.000468842801638,
                    0.00161060353275,
                    -0.00110636523459,
                    0.0010301079601,
                    -0.00149808789138,
                    0.00195656134747,
                    -0.00275285146199,
                    0.0110845891759,
                    -0.00428349571303,
                    0.00231973151676,
                    -0.00124974560458,
                    0.000272898643743,
                    -0.00153585674707
                ],
                [
                    0.000663511571474,
                    -0.00184101052582,
                    0.00126366119366,
                    -0.00283359154128,
                    0.00118857296184,
                    -0.00249273097143,
                    0.00153963966295,
                    -0.00428349571303,
                    0.0100429654121,
                    -0.00341156846844,
                    0.00283022713847,
                    -0.00304982648231,
                    0.0015489035286
                ],
                [
                    -0.000732741318643,
                    0.00189490336925,
                    -0.00199566269293,
                    0.00290405331179,
                    -0.002463191282,
                    0.00106222147588,
                    -0.00207084510475,
                    0.00231973151676,
                    -0.00341156846844,
                    0.0131257018074,
                    -0.00619738455862,
                    0.00187699950766,
                    -0.00162667350378
                ],
                [
                    0.000409498839872,
                    -0.00158218306024,
                    0.00100007199217,
                    -0.00147618644405,
                    0.00188011233695,
                    -0.00191866711248,
                    0.0013117614435,
                    -0.00124974560458,
                    0.00283022713847,
                    -0.00619738455862,
                    0.0119075775146,
                    -0.00264693144709,
                    -0.00258503109217
                ],
                [
                    -0.000510116515215,
                    0.00170529272873,
                    -0.00232052057981,
                    0.00196671648882,
                    -0.00257738493383,
                    0.00303036952391,
                    -0.00136428745463,
                    0.000272898643743,
                    -0.00304982648231,
                    0.00187699950766,
                    -0.00264693144709,
                    0.0114335492253,
                    -0.00250387331471
                ],
                [
                    0.000236279505771,
                    -0.000686408544425,
                    0.00150144682266,
                    -0.00140163162723,
                    0.000531235302333,
                    -0.00124852510635,
                    0.00100723095238,
                    -0.00153585674707,
                    0.0015489035286,
                    -0.00162667350378,
                    -0.00258503109217,
                    -0.00250387331471,
                    0.0111264511943
                ]
            ],
            "mean": [
                -13.908367157,
                85.4632339478,
                -126.749031067,
                19.3905239105,
                -66.4443206787,
                20.9362335205,
                -35.4288902283,
                6.58078527451,
                -30.0010623932,
                0.998133897781,
                -14.3956975937,
                -5.78943538666,
                -4.67986869812
            ]
        },
        "hfc": {
            "dmean": 5.22338628769,
            "dmean2": 7.37187051773,
            "dvar": 51.7802352905,
            "dvar2": 96.8231582642,
            "max": 145.919219971,
            "mean": 27.9829292297,
            "median": 24.9684906006,
            "min": 1.08334885297e-16,
            "var": 455.14666748
        },
        "melbands": {
            "dmean": [
                0.000608639849816,
                0.00057749368716,
                0.000463404954644,
                0.000253564154264,
                0.000310077681206,
                0.000240269902861,
                0.00011061305122,
                7.02619799995e-05,
                0.000131688939291,
                0.000146413512994,
                0.000111446424853,
                0.000196318651433,
                0.00011964483565,
                0.000100355857285,
                6.45036125206e-05,
                6.38970086584e-05,
                5.6697477703e-05,
                4.97380569868e-05,
                3.15931611112e-05,
                1.50861296788e-05,
                1.48180779433e-05,
                9.57967040449e-06,
                1.00544866655e-05,
                5.29778890268e-06,
                6.78147216604e-06,
                6.00970406595e-06,
                4.78353967992e-06,
                6.23495907348e-06,
                4.82902260046e-06,
