{
    "lowlevel": {
        "average_loudness": 0.967876076698,
        "barkbands": {
            "dmean": [
                0.000935531628784,
                0.0131348818541,
                0.00689164642245,
                0.0030482604634,
                0.00329702231102,
                0.00140774750616,
                0.000660484889522,
                0.000997204100713,
                0.000683537800796,
                0.000936032622121,
                0.000447811529739,
                0.000646181986667,
                0.00126449391246,
                0.00031729292823,
                0.000392934685806,
                0.00028864381602,
                0.0001438279578,
                0.000285634712782,
                0.000212811675738,
                0.000223328912398,
                0.000140334654134,
                0.000158036113135,
                0.000199311980396,
                0.000177567941137,
                0.000177333466127,
                4.16595066781e-05,
                6.59413126414e-06
            ],
            "dmean2": [
                0.00155754259322,
                0.0190360955894,
                0.0122362878174,
                0.00575288198888,
                0.00569859426469,
                0.00223601609468,
                0.00108990899753,
                0.00167773175053,
                0.00106873444747,
                0.00145672354847,
                0.000702798133716,
                0.00114562921226,
                0.00227309879847,
                0.000530013756361,
                0.000690804678015,
                0.000516510976013,
                0.000243731308728,
                0.000498557754327,
                0.000374109542463,
                0.000399798736908,
                0.000232586127822,
                0.000263176189037,
                0.000330376002239,
                0.000284976529656,
                0.000300786370644,
                7.01014432707e-05,
                1.15804259622e-05
            ],
            "dvar": [
                2.9058344353e-06,
                0.000742036558222,
                0.000416563503677,
                9.98278919724e-05,
                5.14345301781e-05,
                7.22526692698e-06,
                1.99853502636e-06,
                6.01392912358e-06,
                2.75341085398e-06,
                5.17394801136e-06,
                7.98943347036e-07,
                2.74063745564e-06,
                1.19238720799e-05,
                5.4104668834e-07,
                8.79428625922e-07,
                5.33043248652e-07,
                9.8347541666e-08,
                5.84704537232e-07,
                2.57399364045e-07,
                3.41233800327e-07,
                8.5988773435e-08,
                1.24078425756e-07,
                1.99137446089e-07,
                1.65194535384e-07,
                1.52418522248e-07,
                8.3269355855e-09,
                3.56829565895e-10
            ],
            "dvar2": [
                8.01262558525e-06,
                0.00128276122268,
                0.00111979700159,
                0.000290458003292,
                0.000142500444781,
                1.73689568328e-05,
                4.7049143177e-06,
                1.42658427649e-05,
                6.10741017226e-06,
                1.28216252051e-05,
                1.76312028088e-06,
                7.32372927814e-06,
                3.27840716636e-05,
                1.29194745568e-06,
                2.41493899011e-06,
                1.45883711866e-06,
                2.51684156183e-07,
                1.59005742262e-06,
                7.20175364677e-07,
                9.51462766352e-07,
                1.95415623239e-07,
                2.88896245593e-07,
                4.63218214009e-07,
                3.37319903565e-07,
                3.88742705582e-07,
                1.88920203925e-08,
                9.15131526114e-10
            ],
            "max": [
                0.0142556428909,
                0.22146807611,
                0.122305698693,
                0.078448921442,
                0.0671434551477,
                0.0446748808026,
                0.0428536050022,
                0.0521672703326,
                0.0389252640307,
                0.046368278563,
                0.0176615305245,
                0.036797080189,
                0.0418311171234,
                0.0174695923924,
                0.0109605509788,
                0.00807695742697,
                0.00531570706517,
                0.00714925630018,
                0.0047873808071,
                0.00503668794408,
                0.00506414053962,
                0.00599375274032,
                0.0105446008965,
                0.00932773388922,
                0.00560345919803,
                0.0020193955861,
                0.000464318494778
            ],
            "mean": [
                0.00119307357818,
                0.0201825518161,
                0.00573210557923,
                0.00212388811633,
                0.00426165712997,
                0.0023964617867,
                0.000842576439027,
                0.00113052560482,
                0.00093002297217,
                0.00124712556135,
                0.000608612666838,
                0.000642743136268,
                0.00103897321969,
                0.000349108420778,
                0.000364413514035,
                0.000241867557634,
                0.000158424241818,
                0.000260332715698,
                0.00021983012266,
                0.000203358271392,
                0.000165639750776,
                0.000156027279445,
                0.000192037841771,
                0.000212636688957,
                0.000188598816749,
                4.4822540076e-05,
                5.69753046875e-06
            ],
            "median": [
                9.12063696887e-05,
                0.0020541427657,
                7.44595454307e-05,
                0.00030005548615,
                0.00150966038927,
                0.000667874352075,
                0.000290557509288,
                0.000242864378379,
                0.000162337411894,
                0.000203573945328,
                0.00013008264068,
                9.25490312511e-05,
                5.84234403505e-05,
                4.32439046563e-05,
                5.67164279346e-05,
                3.39462276315e-05,
                3.61897982657e-05,
                3.78516997444e-05,
                5.04529198224e-05,
                3.89340893889e-05,
                3.69460321963e-05,
                2.10419602809e-05,
                2.03935287573e-05,
                3.49454312527e-05,
                4.73483960377e-05,
                1.03020847746e-05,
                5.57889791253e-07
            ],
            "min": [
                1.23594861212e-23,
                3.11091045063e-24,
                2.44793872968e-24,
                3.44475583352e-23,
                6.22555205557e-23,
                4.40018850541e-23,
                8.60150517661e-23,
                6.45840864867e-23,
                3.89007444095e-23,
                5.92533305206e-23,
                1.21642376829e-22,
                5.7110506623e-23,
                8.77033087666e-23,
                8.47723749594e-23,
                9.73671703999e-23,
                5.81145498505e-23,
                2.6511527383e-22,
                2.96494873218e-22,
                2.20159264666e-22,
                3.11928880031e-22,
                5.21730943748e-22,
                5.06705074635e-22,
                5.49244392638e-22,
                1.00299385317e-21,
                1.28931436447e-21,
                2.10696170027e-21,
                2.51429928044e-21
            ],
            "var": [
                3.68171663467e-06,
                0.00129613885656,
                0.000285592221189,
                5.54172729608e-05,
                4.83442599943e-05,
                1.53970886458e-05,
                2.71650719696e-06,
                7.16251770427e-06,
                5.52981509827e-06,
                7.35526555218e-06,
                1.75683294401e-06,
                3.02385251416e-06,
                9.23732386582e-06,
                8.85342160473e-07,
                7.32242938284e-07,
                4.08172638799e-07,
                1.18984210928e-07,
                4.91029311434e-07,
                2.35142096017e-07,
                2.48550975357e-07,
                1.37020848001e-07,
                1.83449586189e-07,
                3.05124274291e-07,
                3.28285381102e-07,
                1.61831565038e-07,
                1.15209477514e-08,
                3.68640451498e-10
            ]
        },
        "barkbands_crest": {
            "dmean": 3.75687670708,
            "dmean2": 5.76479005814,
            "dvar": 11.5435600281,
            "dvar2": 25.447977066,
            "max": 26.380525589,
            "mean": 13.6443796158,
            "median": 13.022942543,
            "min": 2.66097664833,
            "var": 29.7255554199
        },
        "barkbands_flatness_db": {
            "dmean": 0.0440665259957,
            "dmean2": 0.0629499852657,
            "dvar": 0.00208498933353,
            "dvar2": 0.0039624334313,
            "max": 0.645063996315,
            "mean": 0.192721500993,
            "median": 0.174810409546,
            "min": 0.0165025815368,
            "var": 0.00862827431411
        },
        "barkbands_kurtosis": {
            "dmean": 17.484582901,
            "dmean2": 26.6883163452,
            "dvar": 2497.88623047,
            "dvar2": 5816.23681641,
            "max": 1484.04797363,
            "mean": 22.1905574799,
            "median": 5.93144035339,
            "min": -1.93581080437,
            "var": 3249.69995117
        },
        "barkbands_skewness": {
            "dmean": 1.3191357851,
            "dmean2": 1.90170371532,
            "dvar": 2.40451979637,
            "dvar2": 5.0342965126,
            "max": 29.0509109497,
            "mean": 2.78788542747,
            "median": 2.12803220749,
            "min": -5.0502872467,
            "var": 6.86505651474
        },
        "barkbands_spread": {
            "dmean": 8.29856014252,
            "dmean2": 13.096953392,
            "dvar": 141.790161133,
            "dvar2": 328.918731689,
            "max": 115.088470459,
            "mean": 16.4150619507,
            "median": 11.8335466385,
            "min": 0.0853381082416,
            "var": 247.050567627
        },
        "dissonance": {
            "dmean": 0.0304119344801,
            "dmean2": 0.0486526414752,
            "dvar": 0.000959770171903,
            "dvar2": 0.00233649648726,
            "max": 0.5,
            "mean": 0.441342651844,
            "median": 0.453144997358,
            "min": 0.150848761201,
            "var": 0.00217630690895
        },
        "dynamic_complexity": 3.08695435524,
        "erbbands": {
            "dmean": [
                0.501770079136,
                3.22108054161,
                8.85815048218,
                8.62008190155,
                10.8602828979,
                10.7500991821,
                13.3044071198,
                10.3457527161,
                8.53177833557,
                16.0161800385,
                19.2266521454,
                15.400431633,
                30.4040374756,
                18.3787441254,
                18.1961746216,
                31.6992015839,
                56.2618331909,
                24.3521099091,
                16.2921009064,
                21.0488796234,
                12.4483366013,
                7.47436523438,
                14.1134109497,
                13.3748493195,
                9.52614021301,
                9.44374752045,
                7.40878343582,
                5.90789031982,
                5.53908157349,
                6.11916923523,
                5.36475276947,
                3.77288389206,
                3.14358115196,
                2.43205046654,
                0.966251850128,
                0.270216315985,
                0.0601257793605,
                0.00916730798781,
                0.00121360342018,
                8.11311474536e-05
            ],
            "dmean2": [
                0.724623918533,
                4.53422164917,
                15.5053186417,
                15.8228750229,
                19.9608840942,
                18.1340827942,
                21.0854129791,
                16.6293830872,
                13.6172828674,
                26.7231369019,
                31.9781761169,
                23.6525535583,
                47.5036239624,
                27.8823451996,
                29.7558078766,
                56.2174568176,
                101.475273132,
                41.6166267395,
                27.9131698608,
                37.3790397644,
                21.9133472443,
                12.5161743164,
                24.5340881348,
                23.2788047791,
                16.8612194061,
                16.6194477081,
                12.598077774,
                9.79637336731,
                9.24892711639,
                10.308262825,
                8.82594108582,
                5.96736383438,
                5.20310354233,
                4.15849590302,
                1.59465456009,
                0.445402413607,
                0.102910920978,
                0.0156949888915,
                0.00214239605702,
                0.000135939379106
            ],
            "dvar": [
                1.00924801826,
                52.9937705994,
                669.418273926,
                762.092346191,
                962.188293457,
                512.749084473,
                584.188781738,
                422.31439209,
                341.281036377,
                1494.51379395,
                2231.61669922,
                1528.58068848,
                6065.328125,
                1718.4465332,
                1251.32629395,
                7127.35546875,
                24017.7324219,
                3126.0300293,
                1244.7989502,
                2968.36132812,
                926.570739746,
                279.532409668,
                1388.59448242,
                1134.70666504,
                563.109008789,
                566.160583496,
                253.548690796,
                163.327651978,
                147.086914062,
                186.595581055,
                159.423019409,
                81.5446548462,
                52.7103996277,
                29.6210689545,
                4.17852735519,
                0.357336312532,
                0.0180257819593,
                0.000550115306396,
                1.16588362289e-05,
                2.72401834422e-08
            ],
            "dvar2": [
                2.27750349045,
                113.214370728,
                1784.22717285,
                2171.66064453,
                2765.10473633,
                1382.16931152,
                1405.97717285,
                982.990905762,
                691.863525391,
                3563.54956055,
                5398.91748047,
                3366.22705078,
                14920.5712891,
                3710.23266602,
                2938.95996094,
                19292.5390625,
                66264.953125,
                8074.18457031,
                3281.68383789,
                8275.04199219,
                2547.44360352,
                709.026489258,
                3767.66479492,
                3137.81762695,
                1586.91271973,
                1557.85461426,
                639.879272461,
                385.428405762,
                351.311981201,
                438.504333496,
                365.090637207,
                170.529632568,
                112.832435608,
                76.3346939087,
                9.96835803986,
                0.795689225197,
                0.0428643859923,
                0.0012726818677,
                3.02511489281e-05,
                7.07467293637e-08
            ],
            "max": [
                8.96423530579,
                52.207195282,
                143.988891602,
                202.868774414,
                269.220794678,
                322.624603271,
                397.352050781,
                521.498901367,
                722.811340332,
                753.123352051,
                1077.82629395,
                1046.87780762,
                1207.34472656,
                778.309753418,
                864.409729004,
                1732.34802246,
                1921.12011719,
                927.39239502,
                485.703125,
                481.451263428,
                292.466186523,
                337.737823486,
                373.553100586,
                435.308319092,
                189.278808594,
                224.605621338,
                306.058013916,
                214.430938721,
                212.999649048,
                227.60256958,
                361.960021973,
                176.538467407,
                173.105865479,
                81.8715667725,
                37.1557731628,
                13.0966310501,
                2.90692305565,
                0.682749807835,
                0.0689217373729,
                0.00305442675017
            ],
            "mean": [
                0.644211411476,
                4.16229963303,
                7.85443401337,
                6.43528461456,
                9.00255870819,
                14.5216970444,
                23.1729125977,
                17.0767669678,
                12.4390611649,
                18.853843689,
                22.9318637848,
                22.3059120178,
                39.8466949463,
                27.4352302551,
                24.4932193756,
                32.061958313,
                46.4540634155,
                26.5538597107,
                17.1267375946,
                18.1380653381,
                11.298456192,
                8.71172618866,
                13.1425304413,
                14.1130371094,
                9.2740278244,
                9.03836154938,
                7.97941589355,
                6.51128435135,
                5.49687004089,
                5.70298862457,
                5.34151172638,
                4.44738960266,
                3.57027363777,
                2.50123596191,
                1.09468340874,
                0.309567719698,
                0.0603108033538,
                0.00896612275392,
                0.00104558409657,
                0.00010062061483
            ],
            "median": [
                0.0729881078005,
                0.360255718231,
                0.180129766464,
                0.672379314899,
                2.27189898491,
                4.28851556778,
                7.92518234253,
                4.67230129242,
                4.06588077545,
                5.44421577454,
                6.02880191803,
                5.07281208038,
                7.5760307312,
                7.44441127777,
                5.64639425278,
                4.4328660965,
                3.55509805679,
                2.72443294525,
                3.00391530991,
                2.78694868088,
                2.11012601852,
                2.07619714737,
                2.12857198715,
                2.75410270691,
                2.12557220459,
                1.87525200844,
                1.637830019,
                1.3794157505,
                0.856649160385,
                0.50270408392,
                0.613155007362,
                0.637340068817,
                0.61304295063,
                0.563207566738,
                0.276368796825,
                0.0752555280924,
                0.0140256537125,
                0.00158708472736,
                0.000134325338877,
                4.83935291413e-05
            ],
            "min": [
                1.55597386192e-22,
                7.40913055877e-22,
                4.35345439114e-21,
                6.53456786539e-20,
                8.33663317486e-20,
                2.89422819062e-19,
                1.98623771909e-19,
                4.64813517408e-19,
                1.39774539726e-18,
                1.09152644322e-18,
                1.38349969275e-18,
                8.91777628129e-19,
                1.15231997894e-18,
                4.02723055543e-18,
                3.6779440292e-18,
                2.72500756171e-18,
                3.08559502947e-18,
                4.78196627635e-18,
                5.5696510826e-18,
                3.94757595757e-18,
                3.8428987326e-18,
                1.6926950908e-17,
                1.51287396656e-17,
                1.12401172839e-17,
                1.2946478391e-17,
                1.60967113815e-17,
                1.45800310606e-17,
                2.50269847075e-17,
                1.60123687375e-17,
                1.69796026083e-17,
                1.70727133668e-17,
                2.04695834918e-17,
                1.64510540492e-17,
                1.44894696728e-17,
                8.9054967851e-18,
                7.20005302126e-18,
                4.3195011764e-18,
                1.51359493718e-18,
                3.23471744424e-19,
                3.7385200035e-20
            ],
            "var": [
                1.36233258247,
                70.0809020996,
                478.233825684,
                451.858551025,
                596.881164551,
                615.456115723,
                1266.60009766,
                993.518249512,
                668.806884766,
                1879.20068359,
                2630.06274414,
                3497.95947266,
                7915.10595703,
                3668.80737305,
                2986.5949707,
                7469.93798828,
                18344.9726562,
                4188.49072266,
                1321.46118164,
                2164.63769531,
                706.669250488,
                365.316650391,
                1156.99633789,
                1257.02502441,
                419.547180176,
                444.506866455,
                312.128509521,
                222.010864258,
                212.408340454,
                252.358078003,
                261.573394775,
                158.252700806,
                92.6133499146,
                31.1558036804,
                5.1928486824,
                0.510898351669,
                0.0228344276547,
                0.000736434478313,
                1.1178090972e-05,
                2.818421585e-08
            ]
        },
        "erbbands_crest": {
            "dmean": 3.46316361427,
            "dmean2": 5.50891447067,
            "dvar": 10.7607889175,
            "dvar2": 25.0732746124,
            "max": 31.9720687866,
            "mean": 11.3070678711,
            "median": 10.0978384018,
            "min": 2.36604905128,
            "var": 27.2786693573
        },
        "erbbands_flatness_db": {
            "dmean": 0.0288686789572,
            "dmean2": 0.0417708791792,
            "dvar": 0.000868197414093,
            "dvar2": 0.00165790994652,
            "max": 0.498266428709,
            "mean": 0.170728847384,
            "median": 0.164426088333,
            "min": 0.0378457792103,
            "var": 0.00341920997016
        },
        "erbbands_kurtosis": {
            "dmean": 2.47285604477,
            "dmean2": 3.82747292519,
            "dvar": 19.1890335083,
            "dvar2": 47.1240692139,
            "max": 120.862968445,
            "mean": 2.55782794952,
            "median": 1.04822921753,
            "min": -1.92263257504,
            "var": 27.019203186
        },
        "erbbands_skewness": {
            "dmean": 0.649738669395,
            "dmean2": 0.970064640045,
            "dvar": 0.485339075327,
            "dvar2": 1.03185343742,
            "max": 9.23520278931,
            "mean": 0.845940172672,
            "median": 0.777593255043,
            "min": -4.43271398544,
            "var": 1.31480944157
        },
        "erbbands_spread": {
            "dmean": 15.3888692856,
            "dmean2": 23.7677211761,
            "dvar": 356.62979126,
            "dvar2": 849.437194824,
            "max": 205.232910156,
            "mean": 38.7419509888,
            "median": 32.1804084778,
            "min": 1.23089432716,
            "var": 668.172729492
        },
        "gfcc": {
            "cov": [
                [
                    16709.2460938,
                    -1814.9855957,
                    -1355.72644043,
                    468.400146484,
                    -443.831329346,
                    435.243469238,
                    -559.548217773,
                    411.20010376,
                    -355.409118652,
                    556.432861328,
                    23.1228313446,
                    137.109527588,
                    -138.623001099
                ],
                [
                    -1814.9855957,
                    2650.22998047,
                    727.53112793,
                    -48.1353607178,
                    638.286804199,
                    162.842926025,
                    583.641784668,
                    56.6325149536,
                    292.218109131,
                    -135.130371094,
                    121.763877869,
                    -187.629653931,
                    87.1545715332
                ],
                [
                    -1355.72644043,
                    727.53112793,
                    1730.07666016,
                    562.260742188,
                    432.404266357,
                    318.589416504,
                    334.069732666,
                    176.161346436,
                    260.933685303,
                    -40.8504295349,
                    61.0591239929,
                    23.0465564728,
                    -28.8639602661
                ],
                [
                    468.400146484,
                    -48.1353607178,
                    562.260742188,
                    973.441711426,
                    283.045562744,
                    174.849853516,
                    134.641586304,
                    164.079986572,
                    238.543624878,
                    10.7170715332,
                    117.292106628,
                    61.468952179,
                    -10.2430992126
                ],
                [
                    -443.831329346,
                    638.286804199,
                    432.404266357,
                    283.045562744,
                    675.716796875,
                    288.302276611,
                    337.795227051,
                    177.426651001,
                    209.350738525,
                    60.0263900757,
                    61.1244392395,
                    -28.6151866913,
                    31.5911407471
                ],
                [
                    435.243469238,
                    162.842926025,
                    318.589416504,
                    174.849853516,
                    288.302276611,
                    509.38848877,
                    288.92477417,
                    111.471496582,
                    133.951095581,
                    71.7184066772,
                    33.8305854797,
                    -36.404800415,
                    -31.0171089172
                ],
                [
                    -559.548217773,
                    583.641784668,
                    334.069732666,
                    134.641586304,
                    337.795227051,
                    288.92477417,
                    492.306274414,
                    155.002532959,
                    193.584762573,
                    13.3984384537,
                    47.8906288147,
                    -45.6360321045,
                    9.44257736206
                ],
                [
                    411.20010376,
                    56.6325149536,
                    176.161346436,
                    164.079986572,
                    177.426651001,
                    111.471496582,
                    155.002532959,
                    307.975463867,
                    97.426399231,
                    65.1362991333,
                    34.8122406006,
                    21.5432891846,
                    48.2386779785
                ],
                [
                    -355.409118652,
                    292.218109131,
                    260.933685303,
                    238.543624878,
                    209.350738525,
                    133.951095581,
                    193.584762573,
                    97.426399231,
                    260.991882324,
                    22.4956569672,
                    33.801235199,
                    -9.99519252777,
                    14.0231246948
                ],
                [
                    556.432861328,
                    -135.130371094,
                    -40.8504295349,
                    10.7170715332,
                    60.0263900757,
                    71.7184066772,
                    13.3984384537,
                    65.1362991333,
                    22.4956569672,
                    178.298614502,
                    34.77942276,
                    22.6280994415,
                    11.4318113327
                ],
                [
                    23.1228313446,
                    121.763877869,
                    61.0591239929,
                    117.292106628,
                    61.1244392395,
                    33.8305854797,
                    47.8906288147,
                    34.8122406006,
                    33.801235199,
                    34.77942276,
                    169.000442505,
                    38.5610122681,
                    19.7072200775
                ],
                [
                    137.109527588,
                    -187.629653931,
                    23.0465564728,
                    61.468952179,
                    -28.6151866913,
                    -36.404800415,
                    -45.6360321045,
                    21.5432891846,
                    -9.99519252777,
                    22.6280994415,
                    38.5610122681,
                    151.981552124,
                    55.9262542725
                ],
                [
                    -138.623001099,
                    87.1545715332,
                    -28.8639602661,
                    -10.2430992126,
                    31.5911407471,
                    -31.0171089172,
                    9.44257736206,
                    48.2386779785,
                    14.0231246948,
                    11.4318113327,
                    19.7072200775,
                    55.9262542725,
                    147.580291748
                ]
            ],
            "icov": [
                [
                    0.000104392274807,
                    -7.94566658442e-05,
                    0.000129837688291,
                    -0.0001624894212,
                    0.000133348701638,
                    -0.000247740565101,
                    0.000197541055968,
                    -0.000241253364948,
                    0.000205241391086,
                    -0.000263699679635,
                    0.000126412080135,
                    -0.000132068540552,
                    0.000178793095984
                ],
                [
                    -7.94566658442e-05,
                    0.00104432750959,
                    -0.000422831479227,
                    0.000616810109932,
                    -0.000767288613133,
                    0.000698277435731,
                    -0.000830707722344,
                    0.000612027535681,
                    -0.000619993836153,
                    0.000894203491043,
                    -0.00101529934909,
                    0.00128815812059,
                    -0.000930080423132
                ],
                [
                    0.000129837688291,
                    -0.000422831479227,
                    0.00113229069393,
                    -0.000645712076221,
                    0.000135289708851,
                    -0.0006888085627,
                    0.0003201715881,
                    -0.00055066490313,
                    0.000180771006853,
                    -8.03232105682e-05,
                    0.000534852035344,
                    -0.000921598926652,
                    0.000800948299002
                ],
                [
                    -0.0001624894212,
                    0.000616810109932,
                    -0.000645712076221,
                    0.00228676409461,
                    -0.000858125742525,
                    0.000398347881855,
                    9.70974942902e-05,
                    3.17531339533e-05,
                    -0.00187204859685,
                    0.00131457927637,
                    -0.00149873038754,
                    9.92119967123e-05,
                    4.95015865454e-06
                ],
                [
                    0.000133348701638,
                    -0.000767288613133,
                    0.000135289708851,
                    -0.000858125742525,
                    0.00346465478651,
                    -0.00114338786807,
                    -0.000311864627292,
                    -0.000866331392899,
                    7.57183588576e-05,
                    -0.00138291995972,
                    0.000659946759697,
                    -0.000284896261292,
                    -1.37790993904e-05
                ],
                [
                    -0.000247740565101,
                    0.000698277435731,
                    -0.0006888085627,
                    0.000398347881855,
                    -0.00114338786807,
                    0.00439573498443,
                    -0.00246856547892,
                    0.000915605574846,
                    -0.000495722109918,
                    -0.00039101584116,
                    -0.000536152336281,
                    0.00116332515609,
                    -1.67289254023e-05
                ],
                [
                    0.000197541055968,
                    -0.000830707722344,
                    0.0003201715881,
                    9.70974942902e-05,
                    -0.000311864627292,
                    -0.00246856547892,
                    0.00571766588837,
                    -0.00190623197705,
                    -0.00130291772075,
                    0.000357115932275,
                    -5.28070158907e-05,
                    -0.000372563954443,
                    0.000795051921159
                ],
                [
                    -0.000241253364948,
                    0.000612027535681,
                    -0.00055066490313,
                    3.17531339533e-05,
                    -0.000866331392899,
                    0.000915605574846,
                    -0.00190623197705,
                    0.00556334480643,
                    -0.00069138314575,
                    -0.000672834808938,
                    -0.000333902862621,
                    0.0006498155999,
                    -0.00209600199014
                ],
                [
                    0.000205241391086,
                    -0.000619993836153,
                    0.000180771006853,
                    -0.00187204859685,
                    7.57183588576e-05,
                    -0.000495722109918,
                    -0.00130291772075,
                    -0.00069138314575,
                    0.00775427510962,
                    -0.00159627851099,
                    0.00104660890065,
                    -0.000115983420983,
                    -5.56643863092e-05
                ],
                [
                    -0.000263699679635,
                    0.000894203491043,
                    -8.03232105682e-05,
                    0.00131457927637,
                    -0.00138291995972,
                    -0.00039101584116,
                    0.000357115932275,
                    -0.000672834808938,
                    -0.00159627851099,
                    0.00852198619395,
                    -0.00226393132471,
                    6.25585525995e-05,
                    -0.000519156281371
                ],
                [
                    0.000126412080135,
                    -0.00101529934909,
                    0.000534852035344,
                    -0.00149873038754,
                    0.000659946759697,
                    -0.000536152336281,
                    -5.28070158907e-05,
                    -0.000333902862621,
                    0.00104660890065,
                    -0.00226393132471,
                    0.00823858845979,
                    -0.0027135387063,
                    0.000581566127948
                ],
                [
                    -0.000132068540552,
                    0.00128815812059,
                    -0.000921598926652,
                    9.92119967123e-05,
                    -0.000284896261292,
                    0.00116332515609,
                    -0.000372563954443,
                    0.0006498155999,
                    -0.000115983420983,
                    6.25585525995e-05,
                    -0.0027135387063,
                    0.0107978787273,
                    -0.00466460501775
                ],
                [
                    0.000178793095984,
                    -0.000930080423132,
                    0.000800948299002,
                    4.95015865454e-06,
                    -1.37790993904e-05,
                    -1.67289254023e-05,
                    0.000795051921159,
                    -0.00209600199014,
                    -5.56643863092e-05,
                    -0.000519156281371,
                    0.000581566127948,
                    -0.00466460501775,
                    0.0100193638355
                ]
            ],
            "mean": [
                -39.3690032959,
                83.5347747803,
                -91.9305343628,
                21.5192451477,
                -63.3279418945,
                16.6982002258,
                -38.0323371887,
                10.5579862595,
                -28.7786941528,
                3.09022545815,
                -11.3813905716,
                0.0472910292447,
                -2.53752350807
            ]
        },
        "hfc": {
            "dmean": 14.8213224411,
            "dmean2": 24.8636360168,
            "dvar": 699.441711426,
            "dvar2": 1853.25036621,
            "max": 280.836669922,
            "mean": 21.6063251495,
            "median": 12.8394994736,
            "min": 1.28103939454e-16,
            "var": 731.240722656
        },
        "melbands": {
            "dmean": [
                0.00389270437881,
                0.004551183898,
                0.00160714169033,
                0.000753404514398,
                0.000463107979158,
                0.000236838473938,
                0.000129928841488,
                0.000191493731108,
                0.000147009748616,
                0.000101808625914,
                0.000154933877639,
                7.80249683885e-05,
                5.92771248193e-05,
                6.44847023068e-05,
                0.000116593611892,
                0.000119332835311,
                3.69594527001e-05,
                2.40090266743e-05,
                3.15257602779e-05,
                2.54402712017e-05,
                1.32802497319e-05,
                8.05449053587e-06,
                8.99003862287e-06,
                1.4984727386e-05,
                1.08123667815e-05,
                7.48185448174e-06,
                6.01558122071e-06,
                7.03143086866e-06,
