{
    "lowlevel": {
        "average_loudness": 0.921103954315,
        "barkbands": {
            "dmean": [
                0.00102069508284,
                0.00753450579941,
                0.0029989653267,
                0.00203535100445,
                0.00141392101068,
                0.0010339190485,
                0.00108772504609,
                0.000698713876773,
                0.00093009788543,
                0.000644818122964,
                0.000375573436031,
                0.000433182314737,
                0.000418933108449,
                0.00052944541676,
                0.000410269683925,
                0.000416058348492,
                0.000363107043086,
                0.000246409530519,
                0.000211855163798,
                0.000174418251845,
                0.000207773584407,
                0.000220252521103,
                0.000239984598011,
                0.000276197795756,
                0.000285673333565,
                0.0001496313198,
                2.12506220123e-05
            ],
            "dmean2": [
                0.00143476447556,
                0.0105528365821,
                0.00537978345528,
                0.00360633735545,
                0.00246422528289,
                0.0016261911951,
                0.001778221922,
                0.0011334407609,
                0.00142861378845,
                0.000937538803555,
                0.000565908849239,
                0.000662409293,
                0.000667677377351,
                0.000810423574876,
                0.000632520939689,
                0.000608128204476,
                0.000562202301808,
                0.000391015695641,
                0.000353487615939,
                0.000285695190541,
                0.000331684423145,
                0.000347633322235,
                0.00036851700861,
                0.000411224318668,
                0.000424284458859,
                0.000225201656576,
                3.31604096573e-05
            ],
            "dvar": [
                3.74034812012e-06,
                0.000189628088265,
                9.68212407315e-05,
                4.33770619566e-05,
                1.22600804389e-05,
                4.89708736495e-06,
                3.87449517802e-06,
                3.29673184751e-06,
                3.07958111989e-06,
                2.01369380193e-06,
                1.05040987819e-06,
                9.70512360254e-07,
                6.91190280122e-07,
                1.42668852732e-06,
                8.18163528038e-07,
                1.02123419765e-06,
                4.67460239406e-07,
                1.89293857034e-07,
                1.04981104698e-07,
                7.77520057227e-08,
                1.13789674572e-07,
                1.14771175674e-07,
                1.88558530567e-07,
                2.9411822311e-07,
                3.55155407306e-07,
                9.34500761218e-08,
                1.91126825477e-09
            ],
            "dvar2": [
                7.84462645242e-06,
                0.000346064131008,
                0.000268453266472,
                0.000122178593301,
                3.48348621628e-05,
                1.11612134788e-05,
                9.63682941801e-06,
                7.42557722333e-06,
                7.47879084884e-06,
                3.62288665201e-06,
                1.88427043213e-06,
                1.88477224583e-06,
                1.63203242209e-06,
                3.13588498102e-06,
                1.72383192876e-06,
                1.98690781872e-06,
                9.98510358841e-07,
                4.5770607926e-07,
                2.70655704071e-07,
                1.90674768419e-07,
                2.65950490075e-07,
                2.78784142438e-07,
                4.1087110958e-07,
                5.66485425679e-07,
                6.65985226078e-07,
                1.93798157966e-07,
                4.39892389181e-09
            ],
            "max": [
                0.0318349078298,
                0.146249949932,
                0.072975680232,
                0.0573483705521,
                0.0447764359415,
                0.0507273375988,
                0.0338645353913,
                0.0384427607059,
                0.0272370688617,
                0.0320042595267,
                0.0298519209027,
                0.0332200266421,
                0.027464767918,
                0.0244294665754,
                0.0296843182296,
                0.0236835926771,
                0.0182490777224,
                0.00845543388277,
                0.00660726800561,
                0.00652587786317,
                0.00813408009708,
                0.0065363291651,
                0.00647089583799,
                0.00866418983787,
                0.00943644810468,
                0.00541747268289,
                0.000768411555327
            ],
            "mean": [
                0.00189081288408,
                0.0157077182084,
                0.0023272424005,
                0.00193487410434,
                0.00216008094139,
                0.00188433623407,
                0.00180420908146,
                0.00100166432094,
                0.00176133646164,
                0.00119607511442,
                0.000647347187623,
                0.000822847010568,
                0.000718469556887,
                0.000885736721102,
                0.000782515155151,
                0.000759475980885,
                0.000677318195812,
                0.000450073915999,
                0.000429874839028,
                0.000372104084818,
                0.0004960692022,
                0.00051472557243,
                0.0005241939798,
                0.000589103554375,
                0.000560510787182,
                0.000272546778433,
                3.51404050889e-05
            ],
            "median": [
                0.000611086783465,
                0.00512295030057,
                0.000269901618594,
                0.00025314319646,
                0.000908834743313,
                0.000960674253292,
                0.000965298502706,
                0.000171725725522,
                0.000784885487519,
                0.000321235624142,
                0.000215074804146,
                0.000227842028835,
                0.000326093839249,
                0.000226873773499,
                0.000270074000582,
                0.000258193904301,
                0.000300812796922,
                0.000239691566094,
                0.000277881597867,
                0.000245162314968,
                0.000336613302352,
                0.000373412913177,
                0.000350013142452,
                0.000311114068609,
                0.000239266795688,
                0.000127076709759,
                1.60493837029e-05
            ],
            "min": [
                5.24862323956e-23,
                7.39009786949e-24,
                1.23413880743e-23,
                7.02606617186e-24,
                2.35595407714e-23,
                1.36493156686e-22,
                2.98941490606e-23,
                2.21979021624e-23,
                2.77299628097e-23,
                3.38742520946e-23,
                5.392047934e-23,
                4.53879578408e-23,
                2.51626307709e-22,
                4.85836459896e-23,
                1.31892317938e-22,
                1.34797118362e-22,
                9.72198111828e-23,
                3.04342032363e-22,
                4.54414678537e-22,
                3.26500390506e-22,
                4.58321774072e-22,
                3.75063627087e-22,
                6.18504815017e-22,
                8.40368448379e-22,
                1.14262016343e-21,
                1.85615734776e-21,
                2.43267699116e-21
            ],
            "var": [
                9.35191201279e-06,
                0.000590626557823,
                6.32096562185e-05,
                3.11716721626e-05,
                1.40197334986e-05,
                1.05984627226e-05,
                6.65530251354e-06,
                7.15496571502e-06,
                7.22984123058e-06,
                6.29305122857e-06,
                3.22546407006e-06,
                3.18350203088e-06,
                1.81023938239e-06,
                3.54815097126e-06,
                3.42678481502e-06,
                3.05733578898e-06,
                1.20410084037e-06,
                4.37327685177e-07,
                2.5980313012e-07,
                2.00211658807e-07,
                3.70867866195e-07,
                3.33282912379e-07,
                4.76688228446e-07,
                8.7520282932e-07,
                1.08035465018e-06,
                2.2112375575e-07,
                3.24397508855e-09
            ]
        },
        "barkbands_crest": {
            "dmean": 2.69093847275,
            "dmean2": 3.77802658081,
            "dvar": 6.75600481033,
            "dvar2": 12.9567623138,
            "max": 26.5646800995,
            "mean": 11.231174469,
            "median": 9.89094352722,
            "min": 2.07135629654,
            "var": 29.3162899017
        },
        "barkbands_flatness_db": {
            "dmean": 0.0242957770824,
            "dmean2": 0.035498585552,
            "dvar": 0.00080200942466,
            "dvar2": 0.00171612331178,
            "max": 0.440905153751,
            "mean": 0.122268430889,
            "median": 0.108205743134,
            "min": 0.0120543111116,
            "var": 0.00533037493005
        },
        "barkbands_kurtosis": {
            "dmean": 3.39239859581,
            "dmean2": 5.35286998749,
            "dvar": 84.0103378296,
            "dvar2": 226.418258667,
            "max": 409.906463623,
            "mean": 4.22907066345,
            "median": 1.0458612442,
            "min": -1.95575380325,
            "var": 120.328117371
        },
        "barkbands_skewness": {
            "dmean": 0.605611264706,
            "dmean2": 0.87926620245,
            "dvar": 0.547501683235,
            "dvar2": 1.22303056717,
            "max": 19.8913650513,
            "mean": 1.48584151268,
            "median": 1.20180428028,
            "min": -5.62449026108,
            "var": 2.01089167595
        },
        "barkbands_spread": {
            "dmean": 8.26287841797,
            "dmean2": 12.4985160828,
            "dvar": 103.025299072,
            "dvar2": 206.797729492,
            "max": 138.176223755,
            "mean": 32.8796234131,
            "median": 30.4876098633,
            "min": 0.744160592556,
            "var": 496.269348145
        },
        "dissonance": {
            "dmean": 0.0172766689211,
            "dmean2": 0.0285555832088,
            "dvar": 0.000346721470123,
            "dvar2": 0.00089462834876,
            "max": 0.499999970198,
            "mean": 0.463627576828,
            "median": 0.474251955748,
            "min": 0.227119997144,
            "var": 0.00117805832997
        },
        "dynamic_complexity": 2.8818898201,
        "erbbands": {
            "dmean": [
                0.341848552227,
                1.44826304913,
                3.03832006454,
                5.62351083755,
                5.77441358566,
                4.67196416855,
                5.26030111313,
                9.91861248016,
                15.1169185638,
                14.0023517609,
                14.9522695541,
                21.9888515472,
                18.0747146606,
                16.6687679291,
                15.7013168335,
                15.1676874161,
                18.7162036896,
                17.6450996399,
                28.3802547455,
                19.9811687469,
                18.2684211731,
                20.3500766754,
                14.7913789749,
                10.1423683167,
                10.4651613235,
                7.88460254669,
                7.62695455551,
                9.30511474609,
                8.08760738373,
                6.86100244522,
                7.01212310791,
                5.75015115738,
                4.88354635239,
                3.36573529243,
                2.10278916359,
                0.934251248837,
                0.211672767997,
                0.0292006265372,
                0.00357698812149,
                0.000263164198259
            ],
            "dmean2": [
                0.461727619171,
                2.09407544136,
                5.17975521088,
                10.0281591415,
                10.1478481293,
                7.99453830719,
                8.62856578827,
                15.611869812,
                24.5295467377,
                22.7436981201,
                23.8360824585,
                33.4532051086,
                26.9373340607,
                24.2769145966,
                23.8320293427,
                23.0034656525,
                29.1077098846,
                27.8835067749,
                42.8440055847,
                29.5134983063,
                27.4210567474,
                31.1977310181,
                22.9596538544,
                16.5882167816,
                17.373003006,
                12.9594602585,
                12.3465938568,
                14.9769496918,
                12.8186731339,
                10.7052898407,
                10.7576560974,
                8.61217975616,
                7.37999343872,
                5.03019237518,
                3.14623093605,
                1.4182716608,
                0.317916840315,
                0.0444209724665,
                0.00560037512332,
                0.000412657565903
            ],
            "dvar": [
                0.366242468357,
                9.45047473907,
                82.9552612305,
                349.97869873,
                263.304870605,
                140.865447998,
                172.239471436,
                465.31350708,
                784.77734375,
                1010.04174805,
                1218.23205566,
                1928.45068359,
                1511.95031738,
                1105.67382813,
                1326.61486816,
                1011.54882813,
                1242.01049805,
                1576.87988281,
                3481.13305664,
                1876.6229248,
                1567.71643066,
                1665.87475586,
                673.580871582,
                290.689117432,
                247.545135498,
                158.798065186,
                172.197738647,
                207.244659424,
                159.674880981,
                129.274200439,
                168.927963257,
                116.057914734,
                104.695327759,
                50.777469635,
                20.4212093353,
                3.6228249073,
                0.210778206587,
                0.0031695724465,
                5.10654172103e-05,
                4.09792619394e-07
            ],
            "dvar2": [
                0.62654364109,
                20.4568862915,
                221.860229492,
                984.349731445,
                742.153259277,
                398.834228516,
                446.236694336,
                1064.78430176,
                1898.70666504,
                2421.0144043,
                2691.89892578,
                4717.23242188,
                3187.12011719,
                2132.37109375,
                2728.2043457,
                2004.5480957,
                2783.9934082,
                3688.58349609,
                7625.15332031,
                3795.59643555,
                3315.31030273,
                3556.97729492,
                1621.34423828,
                732.715698242,
                632.482788086,
                394.566619873,
                420.222991943,
                497.607208252,
                396.862548828,
                295.53994751,
                369.869476318,
                232.705322266,
                209.322845459,
                100.233551025,
                39.0767631531,
                7.74645805359,
                0.429678827524,
                0.00652634305879,
                0.000118084615679,
                9.75685452431e-07
            ],
            "max": [
                7.81307315826,
                31.8515357971,
                79.2102508545,
                165.201828003,
                131.888366699,
                194.39805603,
                428.108795166,
                414.447753906,
                520.164123535,
                581.137573242,
                1047.54516602,
                800.100097656,
                772.478149414,
                1089.10424805,
                1211.60827637,
                1126.8729248,
                1384.64367676,
                1238.51257324,
                1836.55712891,
                940.993469238,
                975.844726563,
                1289.20141602,
                545.432556152,
                479.083587646,
                265.175811768,
                272.360107422,
                363.756408691,
                239.124862671,
                266.287261963,
                194.26713562,
                215.332397461,
                236.183349609,
                187.590301514,
                148.219421387,
                83.524307251,
                29.494354248,
                9.07095146179,
                1.58192110062,
                0.138048842549,
                0.00874758418649
            ],
            "mean": [
                0.696346521378,
                2.52575230598,
                2.93494653702,
                4.97887849808,
                6.39652252197,
                7.87101554871,
                9.46252727509,
                17.720331192,
                26.5450782776,
                22.2532997131,
                24.4688091278,
                42.0875205994,
                33.6871528625,
                32.7355003357,
                30.6151294708,
                30.3952293396,
                35.8392562866,
                31.2514839172,
                56.0041885376,
                38.3166503906,
                35.4914855957,
                39.0429954529,
                29.8272972107,
                21.2181797028,
                22.4845428467,
                17.1476612091,
                17.434179306,
                21.4491157532,
                18.857793808,
                15.4478359222,
                15.0155963898,
                12.296216011,
                9.83951282501,
                6.54609537125,
                3.88771271706,
                1.59719407558,
                0.401858985424,
                0.0626775324345,
                0.00580831244588,
                0.000406262435718
            ],
            "median": [
                0.220793038607,
                0.685398519039,
                0.610245525837,
                0.753891170025,
                1.73361647129,
                3.21723771095,
                4.75744867325,
                8.99523735046,
                14.9618005753,
                8.71876811981,
                8.0183506012,
                19.2749710083,
                11.8143262863,
                14.0893516541,
                12.2054138184,
                11.8557758331,
                17.5672512054,
                12.4264783859,
                19.1841716766,
                15.3807592392,
                15.5891065598,
                17.4303245544,
                16.9028358459,
                14.0189418793,
                15.2479877472,
                11.2883319855,
                11.7319574356,
                14.3744907379,
                13.8178958893,
                11.2925682068,
                9.77774238586,
                7.16928434372,
                4.67987108231,
                2.74445223808,
                1.6085088253,
                0.677459597588,
                0.200692266226,
                0.0364800728858,
                0.00263169757091,
                0.000187015335541
            ],
            "min": [
                5.43696113011e-22,
                1.02471996603e-21,
                1.02594112776e-20,
                2.14110111628e-20,
                4.36215893228e-20,
                1.12172360206e-19,
                2.20534157824e-19,
                1.37241826428e-18,
                7.91798375441e-19,
                4.84811694391e-19,
                4.1666253262e-19,
                4.66838248752e-19,
                1.28184033285e-18,
                1.76627752121e-18,
                1.41377036727e-18,
                3.14574574246e-18,
                8.85380626862e-18,
                5.03182527935e-18,
                3.88880973813e-18,
                1.06241787475e-17,
                6.335126503e-18,
                5.46796783785e-18,
                1.53395664971e-17,
                1.76501350652e-17,
                2.2385029388e-17,
                1.51076349795e-17,
                1.50403951218e-17,
                2.23120108466e-17,
                1.59182587449e-17,
                1.27469343031e-17,
                1.84953548325e-17,
                1.44993610986e-17,
                1.4703304133e-17,
                1.42477923133e-17,
                8.06551224384e-18,
                7.20982781456e-18,
                3.3711131683e-18,
                1.4882850716e-18,
                3.17070193663e-19,
                3.28332477423e-20
            ],
            "var": [
                1.2757345438,
                19.0056324005,
                64.4341583252,
                231.135192871,
                194.097213745,
                204.771652222,
                350.765350342,
                889.381958008,
                1459.84997559,
                1677.35009766,
                2850.05566406,
                4438.046875,
                3863.56445313,
                3302.20019531,
                4126.80322266,
                3120.21655273,
                4062.60839844,
                3278.65405273,
                12944.9492188,
                5310.17626953,
                4332.55371094,
                4110.21484375,
                1679.22912598,
                675.233032227,
                651.637878418,
                410.668640137,
                511.149414063,
                622.917114258,
                444.006317139,
                347.000427246,
                419.424346924,
                328.718933105,
                288.812103271,
                145.766220093,
                57.2598724365,
                8.00742435455,
                0.523897647858,
                0.00899688061327,
                8.79480649019e-05,
                5.18174601893e-07
            ]
        },
        "erbbands_crest": {
            "dmean": 2.41912055016,
            "dmean2": 3.84762692451,
            "dvar": 5.82957839966,
            "dvar2": 14.2683773041,
            "max": 30.7626800537,
            "mean": 8.50429821014,
            "median": 7.62390565872,
            "min": 2.09088206291,
            "var": 17.9395446777
        },
        "erbbands_flatness_db": {
            "dmean": 0.0158262867481,
            "dmean2": 0.022518215701,
            "dvar": 0.000351677124854,
            "dvar2": 0.000693881651387,
            "max": 0.408323287964,
            "mean": 0.136777490377,
            "median": 0.119940035045,
            "min": 0.0238418057561,
            "var": 0.00395170180127
        },
        "erbbands_kurtosis": {
            "dmean": 0.87765276432,
            "dmean2": 1.33688819408,
            "dvar": 1.79373669624,
            "dvar2": 3.842648983,
            "max": 36.6225090027,
            "mean": 0.526531040668,
            "median": -0.0843205899,
            "min": -1.83444285393,
            "var": 4.51743507385
        },
        "erbbands_skewness": {
            "dmean": 0.347687631845,
            "dmean2": 0.510436415672,
            "dvar": 0.136691883206,
            "dvar2": 0.2811024189,
            "max": 5.18596076965,
            "mean": 0.240214630961,
            "median": 0.209115147591,
            "min": -4.95735883713,
            "var": 0.667254984379
        },
        "erbbands_spread": {
            "dmean": 9.95619010925,
            "dmean2": 14.8007183075,
            "dvar": 149.51449585,
            "dvar2": 328.546661377,
            "max": 163.760452271,
            "mean": 42.9903717041,
            "median": 39.4201583862,
            "min": 3.64678931236,
            "var": 516.409423828
        },
        "gfcc": {
            "cov": [
                [
                    18040.7929688,
                    -3490.66894531,
                    603.625,
                    1284.47155762,
                    163.166778564,
                    1222.26477051,
                    104.288139343,
                    924.747497559,
                    -31.258026123,
                    469.847595215,
                    -270.037780762,
                    528.012207031,
                    -252.937896729
                ],
                [
                    -3490.66894531,
                    2725.40942383,
                    -675.607788086,
                    -613.579956055,
                    -114.157691956,
                    -669.610290527,
                    -109.920753479,
                    -514.547973633,
                    -27.8767967224,
                    -314.071807861,
                    51.5812149048,
                    -328.239929199,
                    110.752372742
                ],
                [
                    603.625,
                    -675.607788086,
                    923.702392578,
                    316.9402771,
                    155.649932861,
                    316.755218506,
                    81.5257797241,
                    179.931747437,
                    -9.25128650665,
                    100.117752075,
                    -26.7787532806,
                    97.6348266602,
                    -63.9924659729
                ],
                [
                    1284.47155762,
                    -613.579956055,
                    316.9402771,
                    545.295349121,
                    220.468505859,
                    283.452148438,
                    119.392120361,
                    221.276123047,
                    99.6424789429,
                    96.2950897217,
                    -5.98227882385,
                    117.384254456,
                    -20.044549942
                ],
                [
                    163.166778564,
                    -114.157691956,
                    155.649932861,
                    220.468505859,
                    450.387573242,
                    187.50604248,
                    219.689620972,
                    113.408973694,
                    128.142105103,
                    83.8852005005,
                    0.505748748779,
                    66.4707107544,
                    2.65850114822
                ],
                [
                    1222.26477051,
                    -669.610290527,
                    316.755218506,
                    283.452148438,
                    187.50604248,
                    449.749237061,
                    175.324981689,
                    221.563537598,
                    74.7357025146,
                    139.493530273,
                    15.7108249664,
                    123.577430725,
                    -43.7324638367
                ],
                [
                    104.288139343,
                    -109.920753479,
                    81.5257797241,
                    119.392120361,
                    219.689620972,
                    175.324981689,
                    314.516967773,
                    108.119781494,
                    108.155899048,
                    93.1704788208,
                    32.6678199768,
                    55.6671218872,
                    -12.7662305832
                ],
                [
                    924.747497559,
                    -514.547973633,
                    179.931747437,
                    221.276123047,
                    113.408973694,
                    221.563537598,
                    108.119781494,
                    265.312988281,
                    101.032104492,
                    102.659667969,
                    10.9460296631,
                    100.261962891,
                    -26.525932312
                ],
                [
                    -31.258026123,
                    -27.8767967224,
                    -9.25128650665,
                    99.6424789429,
                    128.142105103,
                    74.7357025146,
                    108.155899048,
                    101.032104492,
                    176.532806396,
                    71.0462799072,
                    40.3065032959,
                    44.7203369141,
                    23.2433605194
                ],
                [
                    469.847595215,
                    -314.071807861,
                    100.117752075,
                    96.2950897217,
                    83.8852005005,
                    139.493530273,
                    93.1704788208,
                    102.659667969,
                    71.0462799072,
                    150.209701538,
                    43.8226089478,
                    76.297996521,
                    4.16543674469
                ],
                [
                    -270.037780762,
                    51.5812149048,
                    -26.7787532806,
                    -5.98227882385,
                    0.505748748779,
                    15.7108249664,
                    32.6678199768,
                    10.9460296631,
                    40.3065032959,
                    43.8226089478,
                    109.353225708,
                    41.7228355408,
                    22.1649532318
                ],
                [
                    528.012207031,
                    -328.239929199,
                    97.6348266602,
                    117.384254456,
                    66.4707107544,
                    123.577430725,
                    55.6671218872,
                    100.261962891,
                    44.7203369141,
                    76.297996521,
                    41.7228355408,
                    143.979400635,
                    26.5215473175
                ],
                [
                    -252.937896729,
                    110.752372742,
                    -63.9924659729,
                    -20.044549942,
                    2.65850114822,
                    -43.7324638367,
                    -12.7662305832,
                    -26.525932312,
                    23.2433605194,
                    4.16543674469,
                    22.1649532318,
                    26.5215473175,
                    106.094009399
                ]
            ],
            "icov": [
                [
                    9.85457154457e-05,
                    1.70840326064e-06,
                    0.000116595940199,
                    -0.000152972439537,
                    7.19981107977e-05,
                    -0.000142845659866,
                    8.21652211016e-05,
                    -0.000138819319545,
                    0.000200845737709,
                    -0.00023642029555,
                    0.000349682639353,
                    -0.000221174661419,
                    0.000136592265335
                ],
                [
                    1.70840326064e-06,
                    0.00111053860746,
                    2.64822774625e-05,
                    0.000395709619625,
                    -0.000431406166172,
                    0.000557034683879,
                    -0.000374567287508,
                    0.000886658905074,
                    -0.000822257716209,
                    0.00145592808258,
                    -0.00123159470968,
                    0.00138723442797,
                    -0.000613955897279
                ],
                [
                    0.000116595940199,
                    2.64822774625e-05,
                    0.00180375517812,
                    -0.000695601513144,
                    -0.000191267798073,
                    -0.000806647876743,
                    0.000306270667352,
                    -0.00037101804628,
                    0.00118360016495,
                    -0.000711847445928,
                    0.00062106893165,
                    -0.000375459960196,
                    0.000556002371013
                ],
                [
                    -0.000152972439537,
                    0.000395709619625,
                    -0.000695601513144,
                    0.00404402147979,
                    -0.00118987448514,
                    -0.000501066213474,
                    0.000286380556645,
                    -0.000883744971361,
                    -0.00131510966457,
                    0.00153203774244,
                    -0.000443163793534,
                    -6.85828563292e-05,
                    -0.000458830065327
                ],
                [
                    7.19981107977e-05,
                    -0.000431406166172,
                    -0.000191267798073,
                    -0.00118987448514,
                    0.00454284390435,
                    -0.000701307551935,
                    -0.00199394556694,
                    0.00064858229598,
                    -0.00146780221257,
                    -0.000687250110786,
                    0.00212547951378,
                    -0.00111687823664,
                    -1.51595058924e-05
                ],
                [
                    -0.000142845659866,
                    0.000557034683879,
                    -0.000806647876743,
                    -0.000501066213474,
                    -0.000701307551935,
                    0.00631488114595,
                    -0.00163740036078,
                    -0.001380530186,
                    0.000472325889859,
                    -0.000839833286591,
                    -0.000996157759801,
                    -0.000311196490657,
                    0.000790548569057
                ],
                [
                    8.21652211016e-05,
                    -0.000374567287508,
                    0.000306270667352,
                    0.000286380556645,
                    -0.00199394556694,
                    -0.00163740036078,
                    0.00627188291401,
                    -0.000546332856175,
                    -0.000935012940317,
                    -0.0016929799458,
                    -0.000216293221456,
                    -0.000287078291876,
                    0.00120712467469
                ],
                [
                    -0.000138819319545,
                    0.000886658905074,
                    -0.00037101804628,
                    -0.000883744971361,
                    0.00064858229598,
                    -0.001380530186,
                    -0.000546332856175,
                    0.0108626764268,
                    -0.00510947965086,
                    0.000133022098453,
                    0.000563820125535,
                    -0.00196279259399,
                    0.00190460833255
                ],
                [
                    0.000200845737709,
                    -0.000822257716209,
                    0.00118360016495,
                    -0.00131510966457,
                    -0.00146780221257,
                    0.000472325889859,
                    -0.000935012940317,
                    -0.00510947965086,
                    0.0125916935503,
                    -0.00369853340089,
                    -0.00117092055734,
                    0.000583035172895,
                    -0.00187041505706
                ],
                [
                    -0.00023642029555,
                    0.00145592808258,
                    -0.000711847445928,
                    0.00153203774244,
                    -0.000687250110786,
                    -0.000839833286591,
                    -0.0016929799458,
                    0.000133022098453,
                    -0.00369853340089,
                    0.0155111048371,
                    -0.00521102873608,
                    -0.000290373776807,
                    -0.00136027648114
                ],
                [
                    0.000349682639353,
                    -0.00123159470968,
                    0.00062106893165,
                    -0.000443163793534,
                    0.00212547951378,
                    -0.000996157759801,
                    -0.000216293221456,
                    0.000563820125535,
                    -0.00117092055734,
                    -0.00521102873608,
                    0.0155482469127,
                    -0.00611353944987,
                    0.000802373513579
                ],
                [
                    -0.000221174661419,
                    0.00138723442797,
                    -0.000375459960196,
                    -6.85828563292e-05,
                    -0.00111687823664,
                    -0.000311196490657,
                    -0.000287078291876,
                    -0.00196279259399,
                    0.000583035172895,
                    -0.000290373776807,
                    -0.00611353944987,
                    0.0162942558527,
                    -0.00575281260535
                ],
                [
                    0.000136592265335,
                    -0.000613955897279,
                    0.000556002371013,
                    -0.000458830065327,
                    -1.51595058924e-05,
                    0.000790548569057,
                    0.00120712467469,
                    0.00190460833255,
                    -0.00187041505706,
                    -0.00136027648114,
                    0.000802373513579,
                    -0.00575281260535,
                    0.0133221847937
                ]
            ],
            "mean": [
                25.6536922455,
                58.546962738,
                -105.751937866,
                23.2029209137,
                -59.2080078125,
                18.4095344543,
                -35.7403717041,
                12.6661272049,
                -16.7071666718,
                9.0750875473,
                -11.10176754,
                6.16978168488,
                -6.52421140671
            ]
        },
        "hfc": {
            "dmean": 11.1498155594,
            "dmean2": 16.6782913208,
            "dvar": 267.020080566,
            "dvar2": 548.602966309,
            "max": 215.956817627,
            "mean": 43.5377006531,
            "median": 38.933883667,
            "min": 1.17026826381e-16,
            "var": 1261.62475586
        },
        "melbands": {
            "dmean": [
                0.00247901049443,
                0.00150814827066,
                0.000971971196122,
                0.000370755064068,
                0.000177414432983,
                0.00021528765501,
                0.000226673742873,
                0.000154370791279,
                0.000129721112899,
                0.000132333036163,
                9.43388440646e-05,
                7.64219876146e-05,
                5.81281674386e-05,
                4.55803747172e-05,
                5.07336881128e-05,
                3.50173322659e-05,
                3.64065890608e-05,
                5.38662170584e-05,
                2.80387303064e-05,
                3.33903917635e-05,
                1.95850225282e-05,
                2.17842080019e-05,
                1.93587311514e-05,
                1.37593124236e-05,
                8.58132989379e-06,
                8.67989638209e-06,
                7.40314044378e-06,
                5.46462388229e-06,
