{
    "lowlevel": {
        "average_loudness": 0.789051651955,
        "barkbands": {
            "dmean": [
                0.000274362217169,
                0.00397225376219,
                0.00180278823245,
                0.000664784980472,
                0.000366118212696,
                0.000798617023975,
                0.000433286564657,
                0.000718821131159,
                0.00101928110234,
                0.000320212770021,
                0.000389614200685,
                0.000514186394867,
                0.000447041704319,
                0.000350987771526,
                0.00064728903817,
                0.000394453731133,
                0.00034297601087,
                0.000335386313964,
                0.000311480107484,
                0.000332327181241,
                0.000247623014729,
                0.000319676619256,
                0.000534388062079,
                0.000319187500281,
                0.000153547429363,
                5.80732012168e-05,
                5.4594215726e-06
            ],
            "dmean2": [
                0.000380916928407,
                0.00631797872484,
                0.00335986120626,
                0.00124651927035,
                0.000622400140855,
                0.00125463225413,
                0.000721394491848,
                0.00111148227006,
                0.00152721093036,
                0.000500167603604,
                0.000593959994148,
                0.000787052209489,
                0.000700062431861,
                0.000560297979973,
                0.00107902497984,
                0.000599550548941,
                0.000509385194164,
                0.000527793075889,
                0.000476957880892,
                0.000521544017829,
                0.000381776510039,
                0.000502224138472,
                0.000899667735212,
                0.000524851493537,
                0.000243088346906,
                9.25675340113e-05,
                8.66628943186e-06
            ],
            "dvar": [
                5.91965715557e-07,
                0.000270340533461,
                0.000137920680572,
                1.59874471137e-05,
                3.59129990102e-06,
                3.60670583177e-06,
                1.74025490196e-06,
                3.90391278415e-06,
                5.67541974306e-06,
                1.59940907452e-06,
                1.68615758867e-06,
                2.62275034402e-06,
                1.80073266165e-06,
                9.21058529002e-07,
                9.98464111035e-06,
                1.20901336231e-06,
                1.17414913348e-06,
                7.89401440215e-07,
                4.52109162552e-07,
                6.62600882606e-07,
                3.97784333472e-07,
                6.97554128237e-07,
                2.42664191319e-06,
                6.98634494256e-07,
                3.23493537735e-07,
                2.33218557355e-07,
                4.02323863113e-09
            ],
            "dvar2": [
                1.05464448552e-06,
                0.000694680260494,
                0.000398186180973,
                4.74913540529e-05,
                1.01532041299e-05,
                8.19626711746e-06,
                4.38453071183e-06,
                8.99863061932e-06,
                1.15415987239e-05,
                3.83116821467e-06,
                3.93915706809e-06,
                5.38332960787e-06,
                3.93563141188e-06,
                2.121934358e-06,
                2.77307808574e-05,
                2.38814209297e-06,
                2.61446484728e-06,
                1.77757442543e-06,
                9.00702389117e-07,
                1.61760556239e-06,
                8.97201232419e-07,
                1.6628891899e-06,
                6.44385590931e-06,
                1.81607265404e-06,
                8.2478868535e-07,
                6.15919361735e-07,
                1.05850626042e-08
            ],
            "max": [
                0.0196249745786,
                0.231921076775,
                0.16439768672,
                0.104728877544,
                0.0624818950891,
                0.0291573684663,
                0.0317038632929,
                0.0421985425055,
                0.0330153815448,
                0.0670374780893,
                0.0406395941973,
                0.0284238569438,
                0.0407976172864,
                0.0238302014768,
                0.051065646112,
                0.0180183891207,
                0.0191521123052,
                0.0119549334049,
                0.00880482140929,
                0.014285242185,
                0.0095153003931,
                0.0143588278443,
                0.0154002215713,
                0.00804171804339,
                0.029068749398,
                0.0275762192905,
                0.00428329594433
            ],
            "mean": [
                0.00222935574129,
                0.0273032598197,
                0.00143399625085,
                0.000731857202481,
                0.000475101318443,
                0.00123661558609,
                0.000526029034518,
                0.00108741549775,
                0.00164644094184,
                0.00043309450848,
                0.000510666868649,
                0.00057591748191,
                0.000540299748536,
                0.000385972118238,
                0.00061379885301,
                0.000497237720992,
                0.000401618191972,
                0.000447375467047,
                0.000431931199273,
                0.000403655663831,
                0.00031161683728,
                0.000398208241677,
                0.000484504562337,
                0.000317122903652,
                0.000163672797498,
                5.83594228374e-05,
                5.26694157088e-06
            ],
            "median": [
                0.0012114320416,
                0.0127839408815,
                0.000290549884085,
                0.000316388148349,
                0.00017835602921,
                0.000274171936326,
                9.31734975893e-05,
                0.000147856990225,
                0.000270009506494,
                5.16654617968e-05,
                5.53043792024e-05,
                3.8643964217e-05,
                4.21690565418e-05,
                3.30985203618e-05,
                5.43379246665e-05,
                4.84664342366e-05,
                4.83649491798e-05,
                5.18765191373e-05,
                7.43314158171e-05,
                7.18442242942e-05,
                6.46665284876e-05,
                8.79651197465e-05,
                7.06976716174e-05,
                4.83845215058e-05,
                2.21382197196e-05,
                5.53758854949e-06,
                1.21177208712e-07
            ],
            "min": [
                4.45587924542e-23,
                2.00032595697e-23,
                3.0871781225e-23,
                5.64286878317e-24,
                5.01126572169e-23,
                3.35103190046e-23,
                8.51490939069e-24,
                8.23179257606e-23,
                7.37333078872e-23,
                6.19412194384e-23,
                1.57987871393e-23,
                1.03160968785e-22,
                6.50936843205e-23,
                9.9364566212e-23,
                1.08287214139e-22,
                1.33445553506e-22,
                1.53297004683e-22,
                2.0216600375e-22,
                1.95883389284e-22,
                3.85638881812e-22,
                4.00094448666e-22,
                6.18875188367e-22,
                6.78111801347e-22,
                1.03862380988e-21,
                1.32236059345e-21,
                1.68522206956e-21,
                2.57788273158e-21
            ],
            "var": [
                1.11400058813e-05,
                0.00124353461433,
                7.75379230618e-05,
                8.65647689352e-06,
                2.40571989707e-06,
                7.61392993809e-06,
                2.04285743166e-06,
                6.99422025718e-06,
                1.2152506315e-05,
                1.9224398784e-06,
                2.38026154875e-06,
                3.53243945028e-06,
                2.8850495255e-06,
                1.14321517231e-06,
                6.82586778566e-06,
                1.77253855327e-06,
                1.37286588142e-06,
                1.14463239242e-06,
                7.32012722438e-07,
                7.85857480423e-07,
                4.86783278575e-07,
                7.50801461891e-07,
                1.87701834875e-06,
                6.22169068265e-07,
                2.97496598023e-07,
                1.91688343421e-07,
                3.4300251528e-09
            ]
        },
        "barkbands_crest": {
            "dmean": 2.3445494175,
            "dmean2": 3.59461569786,
            "dvar": 7.9770154953,
            "dvar2": 16.5154514313,
            "max": 26.8412094116,
            "mean": 15.259519577,
            "median": 15.0570583344,
            "min": 2.32661151886,
            "var": 38.9090385437
        },
        "barkbands_flatness_db": {
            "dmean": 0.0308840107173,
            "dmean2": 0.0436186082661,
            "dvar": 0.00133375823498,
            "dvar2": 0.00244598952122,
            "max": 0.563441097736,
            "mean": 0.202847421169,
            "median": 0.190870508552,
            "min": 0.0354256778955,
            "var": 0.00694694695994
        },
        "barkbands_kurtosis": {
            "dmean": 13.3275518417,
            "dmean2": 20.5902194977,
            "dvar": 1289.60839844,
            "dvar2": 2746.99536133,
            "max": 741.170776367,
            "mean": 23.8909606934,
            "median": 3.79562568665,
            "min": -1.96850478649,
            "var": 3588.99389648
        },
        "barkbands_skewness": {
            "dmean": 1.09408569336,
            "dmean2": 1.61723995209,
            "dvar": 2.6280798912,
            "dvar2": 5.32908248901,
            "max": 22.6382217407,
            "mean": 2.69893670082,
            "median": 1.88240087032,
            "min": -6.78510093689,
            "var": 11.1583852768
        },
        "barkbands_spread": {
            "dmean": 9.33092403412,
            "dmean2": 14.2370014191,
            "dvar": 179.104370117,
            "dvar2": 399.584747314,
            "max": 127.893005371,
            "mean": 23.3290328979,
            "median": 18.8032608032,
            "min": 0.119369052351,
            "var": 382.964599609
        },
        "dissonance": {
            "dmean": 0.0261526815593,
            "dmean2": 0.0425817109644,
            "dvar": 0.000741169264074,
            "dvar2": 0.00188376579899,
            "max": 0.500000059605,
            "mean": 0.448239833117,
            "median": 0.457779705524,
            "min": 0.16503494978,
            "var": 0.0017082518898
        },
        "dynamic_complexity": 4.49982070923,
        "erbbands": {
            "dmean": [
                0.126887500286,
                0.962163090706,
                2.15272021294,
                2.18728232384,
                1.61395740509,
                1.01033079624,
                2.42745733261,
                8.43874549866,
                6.75807714462,
                8.89595603943,
                16.3576107025,
                25.6358013153,
                13.3236904144,
                10.754450798,
                17.1709289551,
                20.2404689789,
                19.5175437927,
                16.8965530396,
                29.029548645,
                24.36992836,
                21.2824001312,
                18.5100421906,
                19.0287818909,
                13.1826400757,
                17.2493305206,
                14.9011993408,
                10.5386400223,
                9.84768772125,
                11.7617349625,
                11.3746652603,
                15.3144369125,
                9.90184879303,
                3.86835575104,
                2.00097084045,
                0.959650218487,
                0.343441545963,
                0.0978352501988,
                0.0133491046727,
                0.00100466655567,
                3.81786921935e-05
            ],
            "dmean2": [
                0.174798667431,
                1.57032012939,
                3.91934800148,
                4.0994052887,
                2.90529441833,
                1.70448088646,
                3.83521223068,
                13.1798286438,
                10.996969223,
                14.3042955399,
                25.1350383759,
                38.7619094849,
                19.7444381714,
                16.2373008728,
                25.0426235199,
                30.7744293213,
                29.924156189,
                26.4836368561,
                47.409412384,
                38.16847229,
                31.6788654327,
                27.0668182373,
                29.8675098419,
                19.2907581329,
                25.9466915131,
                23.3330898285,
                16.9517269135,
                14.8219861984,
                18.3289775848,
                18.6633663177,
                25.7520389557,
                16.5343761444,
                6.20673418045,
                3.1809194088,
                1.51985633373,
                0.548664629459,
                0.158617600799,
                0.0210432894528,
                0.00160948967095,
                6.04803644819e-05
            ],
            "dvar": [
                0.149300128222,
                21.4024276733,
                180.831954956,
                178.863586426,
                98.1439437866,
                25.2003631592,
                39.0180053711,
                455.748168945,
                366.972137451,
                684.222412109,
                1811.70861816,
                4169.40039063,
                1808.17260742,
                1242.57568359,
                2790.7109375,
                4459.60644531,
                3661.28710938,
                1999.28527832,
                14105.8564453,
                10474.4560547,
                4349.27050781,
                2990.40991211,
                2697.87280273,
                1006.96832275,
                1279.05407715,
                1466.45263672,
                1131.64526367,
                471.22052002,
                876.440673828,
                716.414916992,
                2023.3137207,
                769.820983887,
                85.6117324829,
                27.955783844,
                23.2879638672,
                7.26182556152,
                0.723324477673,
                0.0111036142334,
                0.000186101489817,
                1.59993177817e-07
            ],
            "dvar2": [
                0.284685909748,
                56.1916427612,
                509.759094238,
                524.017456055,
                287.150238037,
                69.8392944336,
                94.1965255737,
                1023.52532959,
                909.348022461,
                1722.68615723,
                4021.84033203,
                8623.06933594,
                4282.4609375,
                2881.12329102,
                6159.15820313,
                8900.42089844,
                7873.78125,
                4579.91064453,
                38946.3320313,
                27507.3632813,
                8775.25097656,
                6515.06201172,
                5948.99121094,
                2000.13427734,
                2658.65112305,
                3639.71704102,
                2832.59082031,
                1009.64501953,
                2076.76489258,
                1781.29760742,
                5392.68945313,
                2027.65881348,
                216.318389893,
                68.1677780151,
                60.9783859253,
                19.2856826782,
                1.93629908562,
                0.0278111435473,
                0.000504943833221,
                4.44924722842e-07
            ],
            "max": [
                6.33172225952,
                60.5930099487,
                172.361297607,
                247.847244263,
                309.633026123,
                181.415557861,
                165.904693604,
                371.739776611,
                535.212158203,
                584.877502441,
                822.10534668,
                990.18170166,
                2534.61889648,
                1210.92675781,
                1476.16210938,
                1461.09301758,
                1872.4777832,
                1064.86401367,
                1871.86486816,
                1634.07287598,
                1184.10913086,
                1129.69348145,
                635.831298828,
                569.445861816,
                567.563903809,
                567.704467773,
                457.682373047,
                255.033996582,
                502.032562256,
                260.248718262,
                449.393005371,
                260.172180176,
                120.159767151,
                165.666625977,
                283.392364502,
                142.813659668,
                51.5411643982,
                5.58240699768,
                0.939998745918,
                0.0286380723119
            ],
            "mean": [
                1.32702612877,
                3.94027090073,
                2.16770935059,
                2.23594927788,
                1.94214510918,
                1.3274242878,
                3.76321983337,
                12.762638092,
                8.86944103241,
                13.2572002411,
                24.9452285767,
                39.2726631165,
                21.256477356,
                15.5121021271,
                23.3793907166,
                23.044046402,
                24.0353183746,
                21.0275630951,
                30.290555954,
                27.1487178802,
                26.8589096069,
                23.3383922577,
                25.5625591278,
                19.4269695282,
                24.7064533234,
                18.4684753418,
                12.1240711212,
                13.2726545334,
                14.6941175461,
                12.2466621399,
                13.7536420822,
                9.17208862305,
                4.10574817657,
                2.14412617683,
                0.986531615257,
                0.345813691616,
                0.0943217650056,
                0.0138312671334,
                0.0009564672946,
                7.84599833423e-05
            ],
            "median": [
                0.694718837738,
                1.43006587029,
                0.618562340736,
                0.957524299622,
                0.629768073559,
                0.543338775635,
                1.25039172173,
                2.45995330811,
                2.1126871109,
                2.65831398964,
                4.93981313705,
                6.71355056763,
                4.44942712784,
                2.7495932579,
                2.96971964836,
                1.78944218159,
                2.19643783569,
                2.42018556595,
                3.58880186081,
                3.10723781586,
                3.01121473312,
                3.29503083229,
                3.26964855194,
                3.31757545471,
                4.875020504,
                3.56834125519,
                2.38356685638,
                2.84737491608,
                3.03444910049,
                2.49837899208,
                1.96506118774,
                1.29131674767,
                0.708882033825,
                0.299132943153,
                0.114859052002,
                0.0364237762988,
                0.00748677738011,
                0.000874745193869,
                5.53998506803e-05,
                4.79933514725e-05
            ],
            "min": [
                1.91627566741e-22,
                6.14598345522e-21,
                3.2508747373e-20,
                3.23189514276e-20,
                2.83851292348e-20,
                2.35574550257e-19,
                2.0931085495e-19,
                2.93340656636e-19,
                2.24155890588e-19,
                3.79084751367e-19,
                2.22422249271e-18,
                1.61094603027e-18,
                2.006170859e-18,
                1.65710798173e-18,
                7.60528053155e-19,
                4.29455258194e-18,
                3.81682227738e-18,
                4.80980586704e-18,
                5.24343917315e-18,
                7.38014347551e-18,
                7.40724356673e-18,
                7.23846977045e-18,
                8.74180022342e-18,
                1.14325906319e-17,
                1.13562575778e-17,
                1.7831368683e-17,
                1.58451078546e-17,
                2.07292272143e-17,
                1.96294723919e-17,
                1.9166256212e-17,
                2.20893503693e-17,
                2.68879243644e-17,
                1.21966945869e-17,
                1.08281077198e-17,
                1.07758878077e-17,
                7.40732545762e-18,
                3.28873631905e-18,
                1.35022097594e-18,
                3.19082129558e-19,
                3.99958822146e-20
            ],
            "var": [
                2.49528384209,
                43.3094367981,
                111.732261658,
                99.0830993652,
                57.0095672607,
                17.8371887207,
                65.5068893433,
                962.006713867,
                468.845092773,
                952.678649902,
                3258.92456055,
                7911.04492188,
                2575.69848633,
                1900.06323242,
                4461.27441406,
                6037.82421875,
                5582.58154297,
                2895.82495117,
                10455.0683594,
                8877.47363281,
                5792.35839844,
                3827.58129883,
                3727.57519531,
                1701.92077637,
                2200.47265625,
                1665.41003418,
                1073.3001709,
                689.758666992,
                984.636047363,
                696.665771484,
                1552.25097656,
                622.711120605,
                89.7222213745,
                30.6542205811,
                19.1145801544,
                5.60702085495,
                0.589607179165,
                0.0119981579483,
                0.000138503295602,
                1.1097885988e-07
            ]
        },
        "erbbands_crest": {
            "dmean": 3.01996803284,
            "dmean2": 4.89183855057,
            "dvar": 8.60573387146,
            "dvar2": 20.6946964264,
            "max": 30.8864116669,
            "mean": 10.1730651855,
            "median": 9.14907741547,
            "min": 2.67470574379,
            "var": 20.9727630615
        },
        "erbbands_flatness_db": {
            "dmean": 0.0227894950658,
            "dmean2": 0.0334393940866,
            "dvar": 0.00056036724709,
            "dvar2": 0.00114870350808,
            "max": 0.490887284279,
            "mean": 0.172192886472,
            "median": 0.164028197527,
            "min": 0.0318641215563,
            "var": 0.00299296877347
        },
        "erbbands_kurtosis": {
            "dmean": 2.00911593437,
            "dmean2": 3.25930690765,
            "dvar": 20.289648056,
            "dvar2": 50.7056159973,
            "max": 129.588363647,
            "mean": 1.57439541817,
            "median": -0.0335366204381,
            "min": -1.93925666809,
            "var": 32.420124054
        },
        "erbbands_skewness": {
            "dmean": 0.600070297718,
            "dmean2": 0.904355883598,
            "dvar": 0.52447283268,
            "dvar2": 1.13897907734,
            "max": 8.34349536896,
            "mean": 0.098180398345,
            "median": 0.124966397882,
            "min": -7.20793008804,
            "var": 1.57153487206
        },
        "erbbands_spread": {
            "dmean": 14.1570587158,
            "dmean2": 21.6931152344,
            "dvar": 325.05267334,
            "dvar2": 709.351257324,
            "max": 222.675384521,
            "mean": 45.7021064758,
            "median": 39.0107917786,
            "min": 0.702195465565,
            "var": 813.559265137
        },
        "gfcc": {
            "cov": [
                [
                    24870.3574219,
                    573.521484375,
                    -1496.84741211,
                    1152.8458252,
                    -268.698944092,
                    569.288391113,
                    77.0972824097,
                    679.80255127,
                    -167.183105469,
                    440.24230957,
                    268.800994873,
                    345.730865479,
                    81.9365463257
                ],
                [
                    573.521484375,
                    4161.90136719,
                    715.447631836,
                    484.851043701,
                    1350.26647949,
                    166.234771729,
                    824.887329102,
                    89.8787689209,
                    346.99432373,
                    -107.532737732,
                    327.136962891,
                    -124.556625366,
                    240.024108887
                ],
                [
                    -1496.84741211,
                    715.447631836,
                    2453.65405273,
                    751.27520752,
                    587.890563965,
                    613.565979004,
                    352.666259766,
                    273.903778076,
                    222.425842285,
                    34.1021652222,
                    38.9891624451,
                    42.2932510376,
                    45.1981544495
                ],
                [
                    1152.8458252,
                    484.851043701,
                    751.27520752,
                    1176.00866699,
                    556.245178223,
                    302.802734375,
                    328.907867432,
                    220.802764893,
                    252.345153809,
                    51.6167945862,
                    66.5020370483,
                    62.0695610046,
                    187.453475952
                ],
                [
                    -268.698944092,
                    1350.26647949,
                    587.890563965,
                    556.245178223,
                    1168.93151855,
                    343.567352295,
                    476.657806396,
                    178.995071411,
                    256.801574707,
                    33.3711509705,
                    99.8260726929,
                    9.01388072968,
                    160.384536743
                ],
                [
                    569.288391113,
                    166.234771729,
                    613.565979004,
                    302.802734375,
                    343.567352295,
                    626.222045898,
                    321.731567383,
                    172.750823975,
                    68.1667175293,
                    58.253993988,
                    27.7094211578,
                    44.9147186279,
                    21.8318061829
                ],
                [
                    77.0972824097,
                    824.887329102,
                    352.666259766,
                    328.907867432,
                    476.657806396,
                    321.731567383,
                    672.440307617,
                    207.866241455,
                    139.303268433,
                    34.4005889893,
                    104.694000244,
                    16.6306018829,
                    90.0754928589
                ],
                [
                    679.80255127,
                    89.8787689209,
                    273.903778076,
                    220.802764893,
                    178.995071411,
                    172.750823975,
                    207.866241455,
                    305.102020264,
                    146.572952271,
                    52.9476356506,
                    30.7223033905,
                    35.7427368164,
                    34.5213813782
                ],
                [
                    -167.183105469,
                    346.99432373,
                    222.425842285,
                    252.345153809,
                    256.801574707,
                    68.1667175293,
                    139.303268433,
                    146.572952271,
                    327.526245117,
                    48.3038368225,
                    25.0591888428,
                    5.36325550079,
                    73.6318054199
                ],
                [
                    440.24230957,
                    -107.532737732,
                    34.1021652222,
                    51.6167945862,
                    33.3711509705,
                    58.253993988,
                    34.4005889893,
                    52.9476356506,
                    48.3038368225,
                    183.884277344,
                    56.9687271118,
                    13.9392528534,
                    4.39394283295
                ],
                [
                    268.800994873,
                    327.136962891,
                    38.9891624451,
                    66.5020370483,
                    99.8260726929,
                    27.7094211578,
                    104.694000244,
                    30.7223033905,
                    25.0591888428,
                    56.9687271118,
                    199.554733276,
                    38.4563446045,
                    33.0718345642
                ],
                [
                    345.730865479,
                    -124.556625366,
                    42.2932510376,
                    62.0695610046,
                    9.01388072968,
                    44.9147186279,
                    16.6306018829,
                    35.7427368164,
                    5.36325550079,
                    13.9392528534,
                    38.4563446045,
                    168.365280151,
                    50.8373756409
                ],
                [
                    81.9365463257,
                    240.024108887,
                    45.1981544495,
                    187.453475952,
                    160.384536743,
                    21.8318061829,
                    90.0754928589,
                    34.5213813782,
                    73.6318054199,
                    4.39394283295,
                    33.0718345642,
                    50.8373756409,
                    162.743804932
                ]
            ],
            "icov": [
                [
                    7.95644591562e-05,
                    -0.000122985205962,
                    0.000141500728205,
                    -0.000179319584277,
                    0.000138957751915,
                    -0.000171424151631,
                    0.00017706399376,
                    -0.000302792788716,
                    0.000203823889024,
                    -0.000225397059694,
                    8.94765762496e-05,
                    -0.000181148745469,
                    0.000113126523502
                ],
                [
                    -0.000122985205962,
                    0.000829089898616,
                    -0.000344603875419,
                    0.000440219650045,
                    -0.000759020447731,
                    0.000560645770747,
                    -0.000750249717385,
                    0.000822827627417,
                    -0.00059019215405,
                    0.00099324574694,
                    -0.00100425863639,
                    0.000895871897228,
                    -0.000494268198963
                ],
                [
                    0.000141500728205,
                    -0.000344603875419,
                    0.000911346985959,
                    -0.000627881323453,
                    0.000261789944489,
                    -0.000836759805679,
                    0.000524257775396,
                    -0.000730848871171,
                    0.000277994549833,
                    -0.000342695158906,
                    0.000280137348454,
                    -0.000454428634839,
                    0.000594728568103
                ],
                [
                    -0.000179319584277,
                    0.000440219650045,
                    -0.000627881323453,
                    0.00194736698177,
                    -0.000693535315804,
                    0.000320717779687,
                    -0.000555249571335,
                    0.000485076947371,
                    -0.000863646971993,
                    0.000591345888097,
                    -0.000407314044423,
                    0.000561871333048,
                    -0.00150071876124
                ],
                [
                    0.000138957751915,
                    -0.000759020447731,
                    0.000261789944489,
                    -0.000693535315804,
                    0.00229373481125,
                    -0.000916790915653,
                    9.60783945629e-05,
                    -0.000539641419891,
                    -4.76415625599e-05,
                    -0.000751870858949,
                    0.00059340253938,
                    -0.000427685212344,
                    -0.000245722214459
                ],
                [
                    -0.000171424151631,
                    0.000560645770747,
                    -0.000836759805679,
                    0.000320717779687,
                    -0.000916790915653,
                    0.00346779171377,
                    -0.00155267049558,
                    0.000281355227344,
                    9.06987625058e-05,
                    3.68364817405e-05,
                    4.90590391564e-05,
                    -3.74420560547e-05,
                    0.000320099788951
                ],
                [
                    0.00017706399376,
                    -0.000750249717385,
                    0.000524257775396,
                    -0.000555249571335,
                    9.60783945629e-05,
                    -0.00155267049558,
                    0.00364127359353,
                    -0.0020914953202,
                    0.00071881437907,
                    -0.000506680167746,
                    -0.000223224022193,
                    -0.000240570763708,
                    -0.000137829978485
                ],
                [
                    -0.000302792788716,
                    0.000822827627417,
                    -0.000730848871171,
                    0.000485076947371,
                    -0.000539641419891,
                    0.000281355227344,
                    -0.0020914953202,
                    0.00688097765669,
                    -0.00278986780904,
                    0.000509616162162,
                    -0.00051702716155,
                    6.71254747431e-05,
                    0.000107804771687
                ],
                [
                    0.000203823889024,
                    -0.00059019215405,
                    0.000277994549833,
                    -0.000863646971993,
                    -4.76415625599e-05,
                    9.06987625058e-05,
                    0.00071881437907,
                    -0.00278986780904,
                    0.00556192640215,
                    -0.00171333050821,
                    0.00092409667559,
                    -0.000142194418004,
                    -0.000699426338542
                ],
                [
                    -0.000225397059694,
                    0.00099324574694,
                    -0.000342695158906,
                    0.000591345888097,
                    -0.000751870858949,
                    3.68364817405e-05,
                    -0.000506680167746,
                    0.000509616162162,
                    -0.00171333050821,
                    0.00785987824202,
                    -0.00312497839332,
                    0.001219642465,
                    -0.000211984370253
                ],
                [
                    8.94765762496e-05,
                    -0.00100425863639,
                    0.000280137348454,
                    -0.000407314044423,
                    0.00059340253938,
                    4.90590391564e-05,
                    -0.000223224022193,
                    -0.00051702716155,
                    0.00092409667559,
                    -0.00312497839332,
                    0.00769395474344,
                    -0.00238364236429,
                    0.000316635705531
                ],
                [
                    -0.000181148745469,
                    0.000895871897228,
                    -0.000454428634839,
                    0.000561871333048,
                    -0.000427685212344,
                    -3.74420560547e-05,
                    -0.000240570763708,
                    6.71254747431e-05,
                    -0.000142194418004,
                    0.001219642465,
                    -0.00238364236429,
                    0.00836932659149,
                    -0.00330422376283
                ],
                [
                    0.000113126523502,
                    -0.000494268198963,
                    0.000594728568103,
                    -0.00150071876124,
                    -0.000245722214459,
                    0.000320099788951,
                    -0.000137829978485,
                    0.000107804771687,
                    -0.000699426338542,
                    -0.000211984370253,
                    0.000316635705531,
                    -0.00330422376283,
                    0.00992267858237
                ]
            ],
            "mean": [
                -58.5999259949,
                61.64635849,
                -109.157272339,
                39.9927787781,
                -65.1782455444,
                21.2934246063,
                -29.0374965668,
                17.9644622803,
                -9.39445877075,
                5.91959810257,
                -11.0090818405,
                0.673852205276,
                -7.26979446411
            ]
        },
        "hfc": {
            "dmean": 16.4986076355,
            "dmean2": 25.3850193024,
            "dvar": 1156.83984375,
            "dvar2": 2543.5612793,
            "max": 758.75793457,
            "mean": 27.3150730133,
            "median": 16.0868816376,
            "min": 1.2530665285e-16,
            "var": 1496.1361084
        },
        "melbands": {
            "dmean": [
                0.0010670874035,
                0.00114921829663,
                0.000368396897102,
                8.57866180013e-05,
                7.55104338168e-05,
                0.000177462890861,
                0.000102491372672,
                0.000113428577606,
                0.000136741087772,
                0.000165895573446,
                6.63434402668e-05,
                4.3869993533e-05,
                5.51199482288e-05,
                5.7343782828e-05,
                5.31527730345e-05,
                4.256898319e-05,
                3.17005105899e-05,
                4.53561879112e-05,
                4.65809716843e-05,
                2.84261441266e-05,
                2.47682692134e-05,
                2.01549919439e-05,
                2.00544509426e-05,
                1.41657947097e-05,
                1.08487156467e-05,
                1.33337325678e-05,
                1.35001337185e-05,
