{
    "lowlevel": {
        "average_loudness": 0.885342657566,
        "barkbands": {
            "dmean": [
                0.0019136647461,
                0.0103197013959,
                0.00263685709797,
                0.00160147971474,
                0.00131744507235,
                0.0011001866078,
                0.000706159858964,
                0.000434633344412,
                0.000747564597987,
                0.000769355043303,
                0.000722974597011,
                0.000637725985143,
                0.000315153767588,
                0.000388171785744,
                0.000511228456162,
                0.000439249095507,
                0.000240538982325,
                0.000179443261004,
                0.000383685168345,
                0.000322525622323,
                0.000319486251101,
                0.000189274403965,
                0.00030026352033,
                0.000500008813106,
                0.000830758595839,
                0.000607604742981,
                2.68313906417e-05
            ],
            "dmean2": [
                0.00322843506001,
                0.0158329978585,
                0.00443725055084,
                0.00292750401422,
                0.00213119969703,
                0.00173929554876,
                0.0011252197437,
                0.000671880145092,
                0.00112535897642,
                0.00116169860121,
                0.00107980088796,
                0.000991471926682,
                0.000481032562675,
                0.000588562863413,
                0.000779106456321,
                0.000691702472977,
                0.000369981717085,
                0.000278485676972,
                0.000587693240959,
                0.000492088729516,
                0.000480496004457,
                0.000292253331281,
                0.000470146536827,
                0.000768927915487,
                0.00129236606881,
                0.000955072173383,
                4.0854789404e-05
            ],
            "dvar": [
                1.2626555872e-05,
                0.000308203103486,
                4.26207807322e-05,
                2.94149103865e-05,
                8.9804725576e-06,
                5.7965612541e-06,
                3.16703813041e-06,
                1.68379744991e-06,
                3.15264355777e-06,
                3.35589379574e-06,
                4.36616710431e-06,
                2.33648006542e-06,
                6.180871992e-07,
                7.8040579865e-07,
                1.09022346351e-06,
                8.74574254794e-07,
                5.19965567491e-07,
                2.2798015209e-07,
                4.54893182678e-07,
                3.49316735537e-07,
                3.93766271145e-07,
                2.91174927725e-07,
                4.91360594879e-07,
                1.31394392611e-06,
                2.47270168074e-06,
                1.69240990999e-06,
                3.95208576975e-09
            ],
            "dvar2": [
                3.46716660715e-05,
                0.000690088025294,
                0.000114811344247,
                8.51454606163e-05,
                2.07326738746e-05,
                1.34310948852e-05,
                7.13079225534e-06,
                3.46073215951e-06,
                6.80114544593e-06,
                6.96848701409e-06,
                9.19751619222e-06,
                5.21893434779e-06,
                1.47112962168e-06,
                1.66789254763e-06,
                2.4026412575e-06,
                2.10024745684e-06,
                1.16935393635e-06,
                5.12593828716e-07,
                1.02156911908e-06,
                8.09166522231e-07,
                8.97053155313e-07,
                6.7702569595e-07,
                1.13015278203e-06,
                2.9325306059e-06,
                5.75963122174e-06,
                4.34761886936e-06,
                8.64295834901e-09
            ],
            "max": [
                0.107195034623,
                0.161241129041,
                0.0809951126575,
                0.0617922097445,
                0.116613395512,
                0.0485045723617,
                0.0341052860022,
                0.0426197275519,
                0.0360203199089,
                0.0461967512965,
                0.0658025443554,
                0.0272906087339,
                0.0209396537393,
                0.0205065272748,
                0.0221851654351,
                0.0250407680869,
                0.0242989640683,
                0.0166645143181,
                0.0137811889872,
                0.0135645354167,
                0.0140499193221,
                0.0166148450226,
                0.0231486745179,
                0.0344671532512,
                0.043172929436,
                0.0163120627403,
                0.00221409648657
            ],
            "mean": [
                0.0033702373039,
                0.0228991117328,
                0.00327361538075,
                0.00140558939893,
                0.00190361880232,
                0.00171069055796,
                0.000982124474831,
                0.000606797053479,
                0.00115287501831,
                0.00128152268007,
                0.00116521806922,
                0.00112228060607,
                0.000458779250039,
                0.000584476743825,
                0.000827742624097,
                0.000640310870949,
                0.000363533850759,
                0.00027120517916,
                0.000657264434267,
                0.000586254696827,
                0.000564325717278,
                0.000279469822999,
                0.000449609768111,
                0.000766900833696,
                0.00123643560801,
                0.000711036438588,
                3.27722518705e-05
            ],
            "median": [
                0.000970256514847,
                0.0106021966785,
                0.00056611339096,
                0.000273723038845,
                0.000501355098095,
                0.000463201344246,
                0.000171358231455,
                9.1638736194e-05,
                0.000232825870626,
                0.00031105443486,
                0.000138846196933,
                0.000239974135184,
                0.000113822839921,
                0.000165238132467,
                0.000246875628363,
                0.00023193875677,
                0.000104245133116,
                0.000100383091194,
                0.000288484821795,
                0.000260081578745,
                0.00025143509265,
                7.29501043679e-05,
                0.000140803662362,
                0.000270218326477,
                0.000426551385317,
                0.000107179963379,
                2.20690185415e-06
            ],
            "min": [
                1.11385700425e-24,
                4.11058733303e-24,
                1.41837111873e-24,
                9.89010891309e-25,
                8.981821961e-24,
                4.99364059691e-24,
                1.2315936266e-23,
                1.09865178918e-23,
                1.6178448538e-23,
                1.74124731184e-23,
                1.97385336271e-23,
                2.73436702462e-23,
                4.03521506563e-23,
                2.82052388833e-23,
                5.78045906236e-23,
                5.46927930989e-23,
                8.54036340775e-23,
                8.27911602622e-23,
                1.54900197235e-22,
                1.36184731005e-22,
                2.39868594663e-22,
                3.5364392043e-22,
                4.28491573232e-22,
                6.29537053709e-22,
                9.63323716945e-22,
                1.36358542937e-21,
                1.84416928732e-21
            ],
            "var": [
                4.77046633023e-05,
                0.000867054041009,
                5.55432925466e-05,
                2.05008291232e-05,
                1.90245682461e-05,
                1.34121992232e-05,
                5.90573972659e-06,
                3.60356398232e-06,
                6.7015462264e-06,
                8.42450572236e-06,
                1.14167096399e-05,
                6.60744126435e-06,
                1.06214872631e-06,
                1.54204803948e-06,
                2.31658646044e-06,
                1.62223170719e-06,
                1.45936439822e-06,
                3.95174168943e-07,
                1.0154683423e-06,
                8.63244338234e-07,
                7.99792417183e-07,
                4.69658459679e-07,
                9.02337546904e-07,
                2.38200209424e-06,
                4.26473297921e-06,
                1.86248371392e-06,
                7.08909686509e-09
            ]
        },
        "barkbands_crest": {
            "dmean": 3.01010107994,
            "dmean2": 4.62758922577,
            "dvar": 8.56627750397,
            "dvar2": 18.8899917603,
            "max": 26.4788017273,
            "mean": 12.4835481644,
            "median": 11.662197113,
            "min": 2.34033751488,
            "var": 28.8995800018
        },
        "barkbands_flatness_db": {
            "dmean": 0.0304925013334,
            "dmean2": 0.0408583767712,
            "dvar": 0.000917684868909,
            "dvar2": 0.00154072663281,
            "max": 0.51394456625,
            "mean": 0.153908669949,
            "median": 0.141504526138,
            "min": 0.0202105566859,
            "var": 0.00524758500978
        },
        "barkbands_kurtosis": {
            "dmean": 8.26444244385,
            "dmean2": 11.9595603943,
            "dvar": 856.382751465,
            "dvar2": 1591.68786621,
            "max": 1243.27819824,
            "mean": 11.0558233261,
            "median": 1.000669837,
            "min": -1.9736893177,
            "var": 1953.33520508
        },
        "barkbands_skewness": {
            "dmean": 0.933442056179,
            "dmean2": 1.32551932335,
            "dvar": 1.5468121767,
            "dvar2": 2.86126160622,
            "max": 29.6550178528,
            "mean": 1.80349695683,
            "median": 1.23621571064,
            "min": -15.5496606827,
            "var": 6.28845357895
        },
        "barkbands_spread": {
            "dmean": 13.0416002274,
            "dmean2": 19.9073238373,
            "dvar": 265.614654541,
            "dvar2": 603.224975586,
            "max": 133.752792358,
            "mean": 36.4264144897,
            "median": 31.232585907,
            "min": 0.170731201768,
            "var": 621.317810059
        },
        "dissonance": {
            "dmean": 0.020783290267,
            "dmean2": 0.0347819328308,
            "dvar": 0.00042683511856,
            "dvar2": 0.00117112859152,
            "max": 0.499999672174,
            "mean": 0.463593780994,
            "median": 0.470566391945,
            "min": 0.282631188631,
            "var": 0.000820520566776
        },
        "dynamic_complexity": 2.0326321125,
        "erbbands": {
            "dmean": [
                0.430282831192,
                2.12284469604,
                3.17905712128,
                4.32717227936,
                4.89793586731,
                4.35015296936,
                6.9851102829,
                9.08684062958,
                10.6026639938,
                7.88017988205,
                9.73241138458,
                16.0363998413,
                18.5138492584,
                27.584941864,
                28.4127655029,
                18.7426567078,
                13.5781326294,
                17.0782794952,
                23.9501647949,
                24.3179664612,
                22.8572750092,
                13.3728466034,
                8.84933376312,
                13.9331712723,
                19.4110355377,
                14.5779838562,
                15.029633522,
                9.53429889679,
                6.68933773041,
                8.2946100235,
                8.17747306824,
                8.8916311264,
                9.38999080658,
                9.03958034515,
                6.4919719696,
                3.56970834732,
                0.933938086033,
                0.104628413916,
                0.00350214191712,
                0.000108627784357
            ],
            "dmean2": [
                0.609730005264,
                3.42814898491,
                5.07866477966,
                7.75854158401,
                8.51671600342,
                6.83206939697,
                11.3574361801,
                14.151594162,
                16.9601612091,
                12.4182949066,
                14.8921632767,
                24.2193965912,
                28.5345592499,
                40.2141571045,
                43.1254577637,
                28.9384651184,
                20.2408790588,
                25.7283191681,
                36.2525939941,
                36.2360725403,
                35.7809028625,
                20.0785522461,
                13.4266147614,
                21.1527519226,
                29.5121879578,
                21.7417755127,
                22.4676246643,
                14.3653030396,
                10.2781829834,
                13.1462421417,
                12.7661781311,
                13.7979822159,
                14.5151596069,
                13.9816942215,
                10.1890869141,
                5.60906267166,
                1.47857117653,
                0.160239487886,
                0.0052921557799,
                0.000164634591783
            ],
            "dvar": [
                0.53692227602,
                16.8122787476,
                53.323638916,
                189.371490479,
                191.150588989,
                118.749176025,
                301.237670898,
                384.561462402,
                643.687316895,
                587.991760254,
                767.574462891,
                1825.24719238,
                1755.37658691,
                4495.171875,
                4930.41601563,
                1706.73669434,
                1177.21240234,
                1645.14038086,
                2611.90356445,
                2650.47558594,
                2575.10180664,
                1881.87573242,
                593.810913086,
                801.27166748,
                1292.02392578,
                719.44519043,
                918.977233887,
                422.866668701,
                372.15512085,
                464.687896729,
                396.649719238,
                426.452972412,
                479.165771484,
                361.696472168,
                146.823455811,
                57.4149246216,
                4.56358957291,
                0.044624902308,
                6.07899019087e-05,
                3.89530754319e-08
            ],
            "dvar2": [
                0.97886133194,
                43.387638092,
                127.688575745,
                542.952941895,
                525.739501953,
                244.03213501,
                743.138122559,
                844.046875,
                1480.98425293,
                1290.37768555,
                1672.58239746,
                3931.00830078,
                4148.99267578,
                9144.19042969,
                11352.4658203,
                4091.6003418,
                2782.90380859,
                3732.55004883,
                5578.33349609,
                5718.296875,
                6394.62890625,
                4131.34667969,
                1366.16906738,
                1744.66552734,
                2901.73120117,
                1642.11425781,
                2096.015625,
                946.087341309,
                862.529846191,
                1080.12988281,
                893.814331055,
                931.789550781,
                1063.84753418,
                845.890136719,
                357.796295166,
                146.227020264,
                12.050239563,
                0.102200984955,
                0.000136457660119,
                9.26040257809e-08
            ],
            "max": [
                8.4061756134,
                37.5175285339,
                98.5922775269,
                151.024108887,
                276.037322998,
                568.642944336,
                414.38458252,
                480.548339844,
                498.484405518,
                803.958984375,
                680.392211914,
                1070.67102051,
                843.03729248,
                1711.46350098,
                2017.00549316,
                936.250671387,
                1003.02227783,
                1215.24926758,
                1289.27783203,
                1537.74597168,
                1175.19470215,
                1614.30627441,
                707.014587402,
                786.192321777,
                820.139831543,
                521.34753418,
                755.739074707,
                453.561981201,
                690.451782227,
                594.047180176,
                715.629333496,
                623.813598633,
                694.665222168,
                569.935180664,
                151.023849487,
                88.1678466797,
                35.4403305054,
                4.66959905624,
                0.283004522324,
                0.004952150397
            ],
            "mean": [
                0.893866300583,
                4.07087659836,
                5.12560224533,
                4.18638420105,
                5.43821620941,
                6.30805063248,
                9.54231643677,
                14.8885116577,
                15.6789369583,
                11.6544532776,
                14.4340734482,
                23.9993782043,
                31.2555751801,
                50.0597229004,
                55.5696678162,
                34.0211448669,
                21.6240787506,
                27.1902313232,
                39.9409255981,
                40.61277771,
                35.0126457214,
                22.2647457123,
                14.185008049,
                24.2677783966,
                34.8641052246,
                28.6243171692,
                28.4767112732,
                15.3327989578,
                9.81216716766,
                12.2095031738,
                12.4144287109,
                13.8682861328,
                14.1485424042,
                13.419754982,
                8.97381210327,
                4.22376394272,
                1.06822061539,
                0.13477422297,
                0.00455539813265,
                0.000197575049242
            ],
            "median": [
                0.395363658667,
                1.33080720901,
                1.01240706444,
                1.14763188362,
                1.07724690437,
                1.46419370174,
                2.43341445923,
                4.22054243088,
                3.85070943832,
                3.00503802299,
                3.28012514114,
                5.47690963745,
                11.0894927979,
                13.7719650269,
                12.7670898438,
                10.1242675781,
                6.67383098602,
                9.07587623596,
                13.543214798,
                15.1677970886,
                13.9223632813,
                7.08902263641,
                5.44912528992,
                11.1627492905,
                15.5156812668,
                13.4456672668,
                12.8546867371,
                6.18922472,
                2.84173870087,
                3.01551103592,
                4.2983083725,
                5.07059764862,
                4.55198526382,
                4.41802358627,
                2.88831377029,
                0.777963757515,
                0.128632247448,
                0.0138016175479,
                0.000547868083231,
                0.000105660612462
            ],
            "min": [
                1.46951622132e-22,
                5.69686164208e-22,
                1.8763374447e-21,
                4.58771290997e-21,
                1.66264337099e-20,
                2.00497012879e-20,
                4.43220594365e-20,
                8.17841226449e-20,
                1.53669995285e-19,
                1.84774958997e-19,
                3.34483224437e-19,
                3.95642890978e-19,
                6.12217257661e-19,
                7.68658463094e-19,
                1.18752044311e-18,
                1.34003993356e-18,
                1.66259725567e-18,
                1.67156523768e-18,
                3.0668465673e-18,
                2.78578196888e-18,
                4.29362241734e-18,
                5.03834511694e-18,
                5.15127512289e-18,
                6.28740728064e-18,
                7.1524322334e-18,
                6.16037756756e-18,
                9.42651055598e-18,
                1.14653800714e-17,
                1.18848160631e-17,
                1.05085959733e-17,
                1.23645584845e-17,
                1.1260566843e-17,
                9.23784802905e-18,
                9.5655364559e-18,
                7.22604220893e-18,
                4.12973808566e-18,
                2.58853413438e-18,
                1.02603369444e-18,
                2.57242494704e-19,
                2.618671258e-20
            ],
            "var": [
                1.59131908417,
                39.4875831604,
                120.569358826,
                127.013145447,
                226.930252075,
                275.93927002,
                501.868621826,
                1129.91296387,
                1254.30883789,
                1261.56469727,
                1474.01599121,
                3525.1953125,
                3447.03344727,
                12488.2294922,
                15244.2910156,
                4699.90771484,
                2093.21875,
                3208.65673828,
                5785.12158203,
                5612.89794922,
                4296.47509766,
                5962.38964844,
                1094.75854492,
                1680.49438477,
                2908.37451172,
                1870.86633301,
                2063.43457031,
                758.065185547,
                584.843505859,
                805.261413574,
                711.386962891,
                794.983093262,
                872.111328125,
                657.26550293,
                215.528442383,
                64.4890136719,
                4.7652926445,
                0.0762879103422,
                0.000109201937448,
                6.50037605965e-08
            ]
        },
        "erbbands_crest": {
            "dmean": 2.93346643448,
            "dmean2": 4.64619922638,
            "dvar": 7.8039855957,
            "dvar2": 18.1626148224,
            "max": 28.5985393524,
            "mean": 9.6024684906,
            "median": 8.49890327454,
            "min": 2.15852928162,
            "var": 21.8932418823
        },
        "erbbands_flatness_db": {
            "dmean": 0.0204479135573,
            "dmean2": 0.0285356678069,
            "dvar": 0.000380642974051,
            "dvar2": 0.00071037444286,
            "max": 0.4752420187,
            "mean": 0.143602833152,
            "median": 0.135752916336,
            "min": 0.0246849637479,
            "var": 0.00332448887639
        },
        "erbbands_kurtosis": {
            "dmean": 1.39033460617,
            "dmean2": 2.15494513512,
            "dvar": 9.65534114838,
            "dvar2": 18.8497219086,
            "max": 131.284622192,
            "mean": 0.866353392601,
            "median": -0.0439034104347,
            "min": -1.88372397423,
            "var": 19.0171947479
        },
        "erbbands_skewness": {
            "dmean": 0.495656132698,
            "dmean2": 0.735147356987,
            "dvar": 0.316064327955,
            "dvar2": 0.646456480026,
            "max": 6.8926243782,
            "mean": 0.128134787083,
            "median": 0.156075283885,
            "min": -10.2465848923,
            "var": 1.08587431908
        },
        "erbbands_spread": {
            "dmean": 14.8584384918,
            "dmean2": 22.587890625,
            "dvar": 328.104492188,
            "dvar2": 775.425292969,
            "max": 223.54045105,
            "mean": 52.0623970032,
            "median": 44.6909790039,
            "min": 2.62019395828,
            "var": 942.914794922
        },
        "gfcc": {
            "cov": [
                [
                    11795.4726563,
                    -144.375106812,
                    547.855407715,
                    695.192443848,
                    -7.56132602692,
                    664.232788086,
                    -10.0408744812,
                    397.132476807,
                    -142.99005127,
                    318.098449707,
                    -162.389724731,
                    144.96496582,
                    -250.258132935
                ],
                [
                    -144.375106812,
                    1885.71350098,
                    275.749359131,
                    472.936157227,
                    421.740142822,
                    119.294311523,
                    252.574356079,
                    11.1811761856,
                    110.614334106,
                    -94.1457901001,
                    70.3348999023,
                    -177.091583252,
                    42.3551979065
                ],
                [
                    547.855407715,
                    275.749359131,
                    2522.80273438,
                    782.05456543,
                    564.163085938,
                    581.246643066,
                    196.382247925,
                    160.081390381,
                    252.462875366,
                    -45.6613960266,
                    -182.490112305,
                    114.90977478,
                    -305.526275635
                ],
                [
                    695.192443848,
                    472.936157227,
                    782.05456543,
                    991.031188965,
                    428.661437988,
                    333.75994873,
                    268.695251465,
                    190.515396118,
                    235.779769897,
                    -44.9595527649,
                    11.5480136871,
                    17.5201644897,
                    -39.0186843872
                ],
                [
                    -7.56132602692,
                    421.740142822,
                    564.163085938,
                    428.661437988,
                    670.269836426,
                    367.873474121,
                    305.894256592,
                    143.267272949,
                    151.643218994,
                    -9.16811275482,
                    -17.9442749023,
                    24.8908748627,
                    -65.0085296631
                ],
                [
                    664.232788086,
                    119.294311523,
                    581.246643066,
                    333.75994873,
                    367.873474121,
                    654.386108398,
                    296.041229248,
                    137.001083374,
                    154.701309204,
                    12.7029361725,
                    6.06416606903,
                    44.7135658264,
                    -75.6291046143
                ],
                [
                    -10.0408744812,
                    252.574356079,
                    196.382247925,
                    268.695251465,
                    305.894256592,
                    296.041229248,
                    420.437316895,
                    156.2212677,
                    125.015914917,
                    38.4168510437,
                    30.1336307526,
                    15.7704296112,
                    -3.85471129417
                ],
                [
                    397.132476807,
                    11.1811761856,
                    160.081390381,
                    190.515396118,
                    143.267272949,
                    137.001083374,
                    156.2212677,
                    277.329315186,
                    131.87991333,
                    42.4407577515,
                    32.5047607422,
                    25.7495155334,
                    15.9362602234
                ],
                [
                    -142.99005127,
                    110.614334106,
                    252.462875366,
                    235.779769897,
                    151.643218994,
                    154.701309204,
                    125.015914917,
                    131.87991333,
                    269.360229492,
                    35.1696548462,
                    43.1320953369,
                    60.1788825989,
                    -16.1842899323
                ],
                [
                    318.098449707,
                    -94.1457901001,
                    -45.6613960266,
                    -44.9595527649,
                    -9.16811275482,
                    12.7029361725,
                    38.4168510437,
                    42.4407577515,
                    35.1696548462,
                    182.529754639,
                    61.1866416931,
                    32.5886650085,
                    31.8967266083
                ],
                [
                    -162.389724731,
                    70.3348999023,
                    -182.490112305,
                    11.5480136871,
                    -17.9442749023,
                    6.06416606903,
                    30.1336307526,
                    32.5047607422,
                    43.1320953369,
                    61.1866416931,
                    191.070526123,
                    42.0781593323,
                    61.9559364319
                ],
                [
                    144.96496582,
                    -177.091583252,
                    114.90977478,
                    17.5201644897,
                    24.8908748627,
                    44.7135658264,
                    15.7704296112,
                    25.7495155334,
                    60.1788825989,
                    32.5886650085,
                    42.0781593323,
                    183.16355896,
                    -12.8167467117
                ],
                [
                    -250.258132935,
                    42.3551979065,
                    -305.526275635,
                    -39.0186843872,
                    -65.0085296631,
                    -75.6291046143,
                    -3.85471129417,
                    15.9362602234,
                    -16.1842899323,
                    31.8967266083,
                    61.9559364319,
                    -12.8167467117,
                    203.047058105
                ]
            ],
            "icov": [
                [
                    0.000162506839843,
                    -0.000110863431473,
                    0.000110441731522,
                    -0.00025636825012,
                    0.000206404889468,
                    -0.00033310209983,
                    0.000313395314151,
                    -0.000416492694058,
                    0.000485325843329,
                    -0.000528512347955,
                    0.000384448387194,
                    -0.000328155496391,
                    0.000304673070787
                ],
                [
                    -0.000110863431473,
                    0.000980142736807,
                    -0.000191241430002,
                    1.75839923031e-05,
                    -0.000634529278614,
                    0.000558094063308,
                    -0.000615286640823,
                    0.000820110202767,
                    -0.000644916843157,
                    0.000839211337734,
                    -0.0010094732279,
                    0.00130156450905,
                    -0.000489864964038
                ],
                [
                    0.000110441731522,
                    -0.000191241430002,
                    0.000909899361432,
                    -0.000629200949334,
                    -8.32642672322e-06,
                    -0.000671360699926,
                    0.000672718975693,
                    -0.000420584634412,
                    0.000263325317064,
                    -0.000655751151498,
                    0.00106151856016,
                    -0.000762617855798,
                    0.000969248067122
                ],
                [
                    -0.00025636825012,
                    1.75839923031e-05,
                    -0.000629200949334,
                    0.00240656221285,
                    -0.000762893410865,
                    0.000519102148246,
                    -0.000818862172309,
                    0.000270822434686,
                    -0.0015574535355,
                    0.00158206664491,
                    -0.00101191352587,
                    0.000793155748397,
                    -0.000905487511773
                ],
                [
                    0.000206404889468,
                    -0.000634529278614,
                    -8.32642672322e-06,
                    -0.000762893410865,
                    0.00351609406061,
                    -0.00117880594917,
                    -0.000697697454598,
                    -0.000874274293892,
                    0.000676723371726,
                    -0.000727570499294,
                    0.00114073255099,
                    -0.00100986950565,
                    0.000726075028069
                ],
                [
                    -0.00033310209983,
                    0.000558094063308,
                    -0.000671360699926,
                    0.000519102148246,
                    -0.00117880594917,
                    0.00372587144375,
                    -0.0021526303608,
                    0.00102108961437,
                    -0.0013988816645,
                    0.00136719772127,
                    -0.00144377991091,
                    0.000989241758361,
                    -0.000371347618056
                ],
                [
                    0.000313395314151,
                    -0.000615286640823,
                    0.000672718975693,
                    -0.000818862172309,
                    -0.000697697454598,
                    -0.0021526303608,
                    0.00569117022678,
                    -0.00224683387205,
                    0.000911200477276,
                    -0.00194487883709,
                    0.00108722236473,
                    -0.000900320475921,
                    0.000618291203864
                ],
                [
                    -0.000416492694058,
                    0.000820110202767,
                    -0.000420584634412,
                    0.000270822434686,
                    -0.000874274293892,
                    0.00102108961437,
                    -0.00224683387205,
                    0.00692136120051,
                    -0.00318063399754,
                    0.000954502902459,
                    -0.00140984379686,
                    0.00153569900431,
                    -0.00162702577654
                ],
                [
                    0.000485325843329,
                    -0.000644916843157,
                    0.000263325317064,
                    -0.0015574535355,
                    0.000676723371726,
                    -0.0013988816645,
                    0.000911200477276,
                    -0.00318063399754,
                    0.00777851836756,
                    -0.00230097863823,
                    0.000587358896155,
                    -0.00258670910262,
                    0.00143115443643
                ],
                [
                    -0.000528512347955,
                    0.000839211337734,
                    -0.000655751151498,
                    0.00158206664491,
                    -0.000727570499294,
                    0.00136719772127,
                    -0.00194487883709,
                    0.000954502902459,
                    -0.00230097863823,
                    0.00881433207542,
                    -0.00341746001504,
                    0.00113512342796,
                    -0.00179831474088
                ],
                [
                    0.000384448387194,
                    -0.0010094732279,
                    0.00106151856016,
                    -0.00101191352587,
                    0.00114073255099,
                    -0.00144377991091,
                    0.00108722236473,
                    -0.00140984379686,
                    0.000587358896155,
                    -0.00341746001504,
                    0.0090041635558,
                    -0.00322336796671,
                    -0.000321268045809
                ],
                [
                    -0.000328155496391,
                    0.00130156450905,
                    -0.000762617855798,
                    0.000793155748397,
                    -0.00100986950565,
                    0.000989241758361,
                    -0.000900320475921,
                    0.00153569900431,
                    -0.00258670910262,
                    0.00113512342796,
                    -0.00322336796671,
                    0.00848206877708,
                    -0.000629082787782
                ],
                [
                    0.000304673070787,
                    -0.000489864964038,
                    0.000969248067122,
                    -0.000905487511773,
                    0.000726075028069,
                    -0.000371347618056,
                    0.000618291203864,
                    -0.00162702577654,
                    0.00143115443643,
                    -0.00179831474088,
                    -0.000321268045809,
                    -0.000629082787782,
                    0.00737556954846
                ]
            ],
            "mean": [
                23.2309455872,
                32.8750572205,
                -100.255844116,
                26.8417873383,
                -54.1652641296,
                29.465763092,
                -37.3028678894,
                24.1801662445,
                -30.7303771973,
                13.5945625305,
                -13.8808546066,
                3.9695661068,
                0.90383452177
            ]
        },
        "hfc": {
            "dmean": 25.545173645,
            "dmean2": 38.8429679871,
            "dvar": 1467.29858398,
            "dvar2": 3434.62182617,
            "max": 437.311035156,
            "mean": 56.1304244995,
            "median": 41.0454788208,
            "min": 1.08701141019e-16,
            "var": 2643.06542969
        },
        "melbands": {
            "dmean": [
                0.00320172845386,
                0.00196834164672,
                0.000767144083511,
                0.000317394937156,
                0.000222418486373,
                0.000204755866434,
                0.000156823793077,
                8.66658810992e-05,
                8.04498195066e-05,
                0.000107508938527,
                9.5670169685e-05,
                0.000115881375677,
                0.000105670769699,
                7.80347618274e-05,
                3.51257294824e-05,
                3.26255903929e-05,
                3.25194923789e-05,
                4.1155883082e-05,
                3.52728711732e-05,
                3.0941577279e-05,
                2.77090784948e-05,
                1.68805036083e-05,
                7.8389311966e-06,
                9.24495361687e-06,
                1.21909260997e-05,
                1.73097832885e-05,
                1.18561720228e-05,
                1.02761077869e-05,
                1.10838573164e-05,
