{
    "lowlevel": {
        "average_loudness": 0.507323622704,
        "barkbands": {
            "dmean": [
                0.000243968068389,
                0.0025773011148,
                0.000707099505235,
                0.000476756860735,
                0.000643437437247,
                0.0010401509935,
                0.000597250589635,
                0.00117074744776,
                0.00119866558816,
                0.000514650484547,
                0.000510349753313,
                0.000217901731958,
                0.000203886185773,
                0.000181984127266,
                0.000148006656673,
                0.000109752814751,
                7.93207655079e-05,
                7.49687969801e-05,
                2.79198866338e-05,
                2.92015010928e-05,
                4.14732530771e-05,
                7.09811865818e-05,
                0.000112554167572,
                0.000161987845786,
                3.13422060572e-05,
                7.16457837502e-10,
                7.41265049342e-10
            ],
            "dmean2": [
                0.000349057751009,
                0.00415731780231,
                0.00123343709856,
                0.000768714700826,
                0.00103760405909,
                0.00166562688537,
                0.000936158758122,
                0.00177631818224,
                0.00179925048724,
                0.000794939289335,
                0.000771028397139,
                0.000336661876645,
                0.000316103018122,
                0.00028282837593,
                0.000236100328038,
                0.000172833373654,
                0.000126376209664,
                0.000119515665574,
                4.36048867414e-05,
                4.33338500443e-05,
                5.82213287998e-05,
                9.47233347688e-05,
                0.000157573987963,
                0.000214244879317,
                4.58725407952e-05,
                1.31796606961e-09,
                1.3649122943e-09
            ],
            "dvar": [
                3.17298201935e-07,
                2.83617082459e-05,
                2.34843560065e-06,
                1.12401039587e-06,
                1.74365470684e-06,
                6.15924773228e-06,
                4.11936935052e-06,
                1.28428737298e-05,
                1.52962420543e-05,
                2.92985691885e-06,
                3.57191265721e-06,
                6.22721699983e-07,
                4.1389196781e-07,
                4.0614273189e-07,
                4.59506480865e-07,
                1.4856837538e-07,
                7.98764787646e-08,
                7.50083941625e-08,
                1.02050501383e-08,
                1.46758383224e-08,
                2.84853882704e-08,
                1.25365033909e-07,
                8.75645866927e-07,
                2.8349410286e-07,
                1.06266400124e-08,
                1.90415364008e-18,
                2.09532335144e-18
            ],
            "dvar2": [
                6.4579063519e-07,
                7.46674268157e-05,
                6.57732834952e-06,
                2.84338466372e-06,
                4.39014820586e-06,
                1.46061574924e-05,
                1.08427784653e-05,
                2.84506877506e-05,
                3.44238178513e-05,
                7.03751948095e-06,
                8.6686341092e-06,
                1.44656610246e-06,
                1.0146573004e-06,
                9.81041353043e-07,
                1.23483596326e-06,
                3.43331834074e-07,
                2.0846157156e-07,
                1.8753671327e-07,
                2.52741472195e-08,
                3.18330677374e-08,
                5.50156045165e-08,
                2.34105101526e-07,
                2.25384519581e-06,
                4.86469048155e-07,
                2.21932054956e-08,
                5.98730160491e-18,
                6.58527625999e-18
            ],
            "max": [
                0.011009988375,
                0.0854634568095,
                0.0291416775435,
                0.0232650525868,
                0.0335616879165,
                0.0629375129938,
                0.055985737592,
                0.100949041545,
                0.0823438763618,
                0.0437539108098,
                0.0535611771047,
                0.0297793112695,
                0.0225082505494,
                0.0245830602944,
                0.026256531477,
                0.0137212919071,
                0.00862316787243,
                0.0115486672148,
                0.00309766898863,
                0.00447341706604,
                0.00464735040441,
                0.0162779744714,
                0.0652489364147,
                0.0113090528175,
                0.00220250152051,
                2.11064836719e-08,
                2.24726051101e-08
            ],
            "mean": [
                0.00061754276976,
                0.00576296215877,
                0.00118939648382,
                0.000829936994705,
                0.00132393813692,
                0.00213351286948,
                0.00102667254396,
                0.00197407789528,
                0.00210982793942,
                0.000876590493135,
                0.000960770819802,
                0.000401272409363,
                0.000365265324945,
                0.000318068661727,
                0.000244473078055,
                0.000198460285901,
                0.000153403627337,
                0.000147024766193,
                5.06727010361e-05,
                5.3670592024e-05,
                8.20693894639e-05,
                0.000145390047692,
                0.000219445035327,
                0.000358790304745,
                5.61863453186e-05,
                5.7896193395e-10,
                5.89866988587e-10
            ],
            "median": [
                5.68650248169e-05,
                0.00134904077277,
                0.000476510234876,
                0.000250841927482,
                0.000615974189714,
                0.000787323049735,
                0.000257125939243,
                0.000446320249466,
                0.000316574354656,
                0.000205136078876,
                0.000192962150322,
                8.30251810839e-05,
                8.60721193021e-05,
                6.34142998024e-05,
                4.95629974466e-05,
                3.47035020241e-05,
                2.59618536802e-05,
                1.99578262254e-05,
                6.64301614961e-06,
                4.31608805229e-06,
                3.07051004711e-06,
                2.87427133117e-06,
                5.21634183315e-06,
                8.39053154778e-06,
                1.16656167393e-06,
                1.17256315768e-10,
                1.09670175719e-10
            ],
            "min": [
                2.2151274172e-23,
                5.97238765843e-23,
                5.08039738934e-23,
                1.22123966945e-23,
                4.4820653254e-23,
                5.5832413117e-23,
                1.01031776403e-22,
                2.11986599424e-23,
                7.22445127889e-23,
                1.37700580877e-22,
                9.23756940429e-23,
                7.51590635328e-23,
                1.03980595265e-22,
                1.12793818718e-22,
                8.42227787221e-23,
                2.15324594925e-22,
                7.45958042247e-23,
                5.40645733041e-22,
                2.28247095807e-22,
                3.33478893888e-22,
                4.90946738705e-22,
                4.42726208546e-22,
                8.69112772716e-22,
                7.26155273255e-22,
                7.91446299019e-22,
                1.54479846706e-21,
                2.46313706903e-21
            ],
            "var": [
                1.39538826716e-06,
                8.2019760157e-05,
                3.69011900148e-06,
                2.08044684769e-06,
                3.81566360375e-06,
                1.61133320944e-05,
                6.94905702403e-06,
                2.60412853095e-05,
                3.36789125868e-05,
                5.93568574914e-06,
                9.6998646768e-06,
                1.57550516633e-06,
                1.03629020032e-06,
                9.6249868875e-07,
                8.36136962334e-07,
                3.17099363656e-07,
                2.19119542066e-07,
                2.3521315029e-07,
                2.12685353773e-08,
                4.05409430471e-08,
                1.04548327329e-07,
                5.14833914167e-07,
                1.09017389605e-06,
                1.24648522615e-06,
                2.7473546993e-08,
                1.53417746557e-18,
                1.6747939304e-18
            ]
        },
        "barkbands_crest": {
            "dmean": 2.27736377716,
            "dmean2": 3.72878885269,
            "dvar": 4.98518848419,
            "dvar2": 13.2245073318,
            "max": 26.9777965546,
            "mean": 11.4773864746,
            "median": 10.0051774979,
            "min": 2.37687849998,
            "var": 29.2767543793
        },
        "barkbands_flatness_db": {
            "dmean": 0.02251778543,
            "dmean2": 0.0362451933324,
            "dvar": 0.00040602334775,
            "dvar2": 0.00101179315243,
            "max": 0.663288235664,
            "mean": 0.235621139407,
            "median": 0.217509493232,
            "min": 0.0627348795533,
            "var": 0.00687585724518
        },
        "barkbands_kurtosis": {
            "dmean": 13.9694070816,
            "dmean2": 22.6229324341,
            "dvar": 10489.4179688,
            "dvar2": 26902.9179688,
            "max": 4435.20996094,
            "mean": 24.6495819092,
            "median": 2.26187705994,
            "min": -1.94376254082,
            "var": 28982.0761719
        },
        "barkbands_skewness": {
            "dmean": 0.604633450508,
            "dmean2": 0.943671107292,
            "dvar": 1.69642102718,
            "dvar2": 4.57857704163,
            "max": 52.888343811,
            "mean": 1.69101965427,
            "median": 1.25362849236,
            "min": -6.479596138,
            "var": 8.11583614349
        },
        "barkbands_spread": {
            "dmean": 4.16501569748,
            "dmean2": 6.02862024307,
            "dvar": 58.3803215027,
            "dvar2": 98.3796386719,
            "max": 109.612960815,
            "mean": 17.3041172028,
            "median": 11.7398395538,
            "min": 0.00972988829017,
            "var": 333.058105469
        },
        "dissonance": {
            "dmean": 0.0271293763071,
            "dmean2": 0.0456932783127,
            "dvar": 0.00107387860771,
            "dvar2": 0.00291735632345,
            "max": 0.5,
            "mean": 0.442669600248,
            "median": 0.460576146841,
            "min": 0.059325158596,
            "var": 0.00352540798485
        },
        "dynamic_complexity": 7.6119055748,
        "erbbands": {
            "dmean": [
                0.117220178246,
                0.452067017555,
                0.794315636158,
                1.05753648281,
                1.98376655579,
                1.98491489887,
                5.06745576859,
                10.6727218628,
                7.89648485184,
                12.6571731567,
                28.0127086639,
                26.6571807861,
                15.2237949371,
                18.8489761353,
                14.1601352692,
                7.90559530258,
                8.40859699249,
                7.81038570404,
                9.27809143066,
                5.58580493927,
                5.68377780914,
                4.32028532028,
                4.49763679504,
                2.01922011375,
                1.1798324585,
                1.30246031284,
                1.52923178673,
                1.77800309658,
                2.33013105392,
                2.77901172638,
                3.52187299728,
                3.94110131264,
                2.34098267555,
                0.665436625481,
                0.0410815067589,
                0.00117079599295,
                9.20727543416e-05,
                1.5067136701e-05,
                5.66962489756e-06,
                6.97647055858e-06
            ],
            "dmean2": [
                0.183975204825,
                0.753841280937,
                1.38004779816,
                1.74098157883,
                3.29069685936,
                3.19244217873,
                7.87988519669,
                17.2694854736,
                12.44784832,
                19.6345252991,
                42.1640853882,
                40.3828163147,
                23.4277572632,
                27.64179039,
                21.8143367767,
                12.0584201813,
                13.0198898315,
                11.9962949753,
                14.6369829178,
                8.76440143585,
                8.88453388214,
                6.82709360123,
                7.16599321365,
                3.12377762794,
                1.81348884106,
                1.90327894688,
                2.16582989693,
                2.51788473129,
                3.16031742096,
                3.91478085518,
                4.90840435028,
                5.33377742767,
                3.23710799217,
                0.948522508144,
                0.059976272285,
                0.001646802295,
                0.00012415322999,
                1.97937315534e-05,
                7.82353072282e-06,
                1.03220945675e-05
            ],
            "dvar": [
                0.0614233277738,
                0.891100108624,
                2.80456233025,
                4.90392494202,
                21.5658435822,
                23.0836105347,
                151.968795776,
                746.952148438,
                752.498474121,
                1447.1817627,
                6910.87060547,
                8578.34863281,
                2597.62597656,
                3504.49829102,
                3483.08056641,
                775.503295898,
                677.150756836,
                884.358764648,
                1717.5760498,
                486.64541626,
                385.926696777,
                251.034713745,
                304.152618408,
                42.059841156,
                35.6570930481,
                29.5351028442,
                35.5886497498,
                63.2624130249,
                135.698440552,
                240.231277466,
                802.489990234,
                187.091125488,
                58.6650848389,
                4.68201303482,
                0.0213812030852,
                1.55761936185e-05,
                8.75034515957e-08,
                2.27444907352e-09,
                1.65373312266e-10,
                1.20171608775e-10
            ],
            "dvar2": [
                0.153050690889,
                2.45390796661,
                8.02872943878,
                12.2755699158,
                58.6341629028,
                56.6636924744,
                365.726379395,
                1764.94348145,
                1866.99645996,
                3608.4440918,
                15013.8203125,
                19671.8046875,
                5853.92285156,
                7715.75634766,
                9268.91894531,
                1858.65283203,
                1715.98681641,
                2105.32641602,
                4489.79931641,
                1188.66967773,
                885.094543457,
                649.919494629,
                782.095397949,
                102.914672852,
                93.4526672363,
                62.0963478088,
                67.812210083,
                129.056716919,
                245.69744873,
                560.331665039,
                2059.28515625,
                347.422332764,
                106.637962341,
                9.13433456421,
                0.0437514893711,
                2.95379322779e-05,
                1.4941133486e-07,
                3.68594355038e-09,
                2.88070040044e-10,
                2.64882282774e-10
            ],
            "max": [
                4.03889131546,
                16.8495368958,
                27.5880832672,
                42.8631668091,
                81.869468689,
                187.899627686,
                235.581588745,
                707.269592285,
                644.428588867,
                1334.35009766,
                2019.63525391,
                2284.28125,
                1140.19250488,
                1834.57800293,
                2439.08447266,
                1228.60681152,
                826.657104492,
                1324.27575684,
                1750.03662109,
                775.860778809,
                694.674987793,
                467.030212402,
                763.334472656,
                186.16633606,
                326.376678467,
                229.491744995,
                189.155715942,
                262.211669922,
                487.50894165,
                823.480285645,
                1953.29760742,
                271.348724365,
                170.987167358,
                48.8260955811,
                4.64569282532,
                0.114578522742,
                0.00706502096727,
                0.000942627491895,
                0.000381309131626,
                0.000264251226326
            ],
            "mean": [
                0.238754153252,
                0.976713299751,
                1.53772199154,
                1.9513065815,
                3.48276734352,
                4.28738355637,
                9.63821315765,
                22.4822006226,
                14.4550390244,
                23.9371471405,
                49.9917411804,
                46.6019630432,
                27.2356948853,
                37.4639892578,
                28.2369594574,
                16.2702102661,
                16.5148906708,
                15.6347160339,
                16.6162776947,
                10.5387210846,
                11.3208646774,
                9.2283821106,
                8.88661003113,
                4.17020320892,
                2.28338837624,
                2.46688294411,
                3.01743555069,
                3.5329220295,
                4.85773801804,
                5.5554022789,
                6.73918914795,
                8.34249305725,
                4.93582677841,
                1.33702874184,
                0.0753407850862,
                0.0024474170059,
                0.000220748755964,
                3.81258178095e-05,
                1.98745074158e-05,
                2.80955664493e-05
            ],
            "median": [
                0.0442385189235,
                0.259059429169,
                0.612942993641,
                0.791079580784,
                1.25729060173,
                1.74269115925,
                3.45399236679,
                7.98047876358,
                4.90051078796,
                7.33287572861,
                11.0628967285,
                7.57956171036,
                6.74570608139,
                8.51205825806,
                6.65572452545,
                3.81673383713,
                4.15700101852,
                3.46369099617,
                3.70519971848,
                2.16153359413,
                2.2600235939,
                1.74723505974,
                1.21295320988,
                0.624256908894,
                0.26563128829,
                0.206210285425,
                0.129442185163,
                0.125423803926,
                0.0977431610227,
                0.135034754872,
                0.155121564865,
                0.174100503325,
                0.1036625579,
                0.0321730747819,
                0.00188776478171,
                8.83246320882e-05,
                1.63508557307e-05,
                2.97946644423e-06,
                9.37377535593e-06,
                1.80683800863e-05
            ],
            "min": [
                2.61570827119e-21,
                1.05722204506e-20,
                4.03165794919e-20,
                7.19030366377e-20,
                4.30497425633e-20,
                1.59509515593e-19,
                3.39392567222e-19,
                4.64537962866e-19,
                1.04668705016e-18,
                1.22980819077e-18,
                9.16971171443e-19,
                1.59454583046e-18,
                2.94633875976e-18,
                4.72077931284e-18,
                3.36879168591e-18,
                3.51844623631e-18,
                4.57082263473e-18,
                6.52188361939e-18,
                4.17867864019e-18,
                8.14457830269e-18,
                7.71610867156e-18,
                6.80622033751e-18,
                2.4952632751e-17,
                2.00059305605e-17,
                1.00881342777e-17,
                1.8577134871e-17,
                1.71686696266e-17,
                2.04941259406e-17,
                1.56346317477e-17,
                1.95248605142e-17,
                2.45911697125e-17,
                1.85033735214e-17,
                1.12489035964e-17,
                9.29774417721e-18,
                5.29125186692e-18,
                4.47081401713e-18,
                3.18636217169e-18,
                1.39768366891e-18,
                3.22499316066e-19,
                3.86990891963e-20
            ],
            "var": [
                0.175709396601,
                2.32188129425,
                4.87683773041,
                9.23963737488,
                34.5277557373,
                52.0747909546,
                292.789215088,
                2051.71411133,
                1283.66931152,
                2762.51293945,
                14760.9736328,
                16571.5097656,
                5098.34570312,
                10645.2265625,
                8057.17822266,
                2033.60717773,
                1713.8873291,
                2678.24731445,
                3556.04125977,
                980.443725586,
                925.798156738,
                804.780090332,
                966.735473633,
                120.095924377,
                56.8432579041,
                84.3591918945,
                130.067428589,
                222.167602539,
                589.536804199,
                617.186462402,
                1000.86474609,
                744.968017578,
                228.820602417,
                14.8958377838,
                0.0540922060609,
                5.01677859575e-05,
                3.66201277302e-07,
                1.0751581847e-08,
                9.59603174699e-10,
                9.30274191013e-10
            ]
        },
        "erbbands_crest": {
            "dmean": 2.38532876968,
            "dmean2": 3.80502343178,
            "dvar": 5.82278585434,
            "dvar2": 13.9227638245,
            "max": 30.4031524658,
            "mean": 10.587220192,
            "median": 9.06201934814,
            "min": 2.3052675724,
            "var": 29.7844371796
        },
        "erbbands_flatness_db": {
            "dmean": 0.0161588024348,
            "dmean2": 0.0232469979674,
            "dvar": 0.000280713225948,
            "dvar2": 0.000553946301807,
            "max": 0.62848585844,
            "mean": 0.235675528646,
            "median": 0.223787292838,
            "min": 0.0914350897074,
            "var": 0.00601882301271
        },
        "erbbands_kurtosis": {
            "dmean": 2.16692757607,
            "dmean2": 3.39777755737,
            "dvar": 35.219745636,
            "dvar2": 87.2415771484,
            "max": 162.81678772,
            "mean": 4.24870443344,
            "median": 0.786595344543,
            "min": -1.88885080814,
            "var": 198.661636353
        },
        "erbbands_skewness": {
            "dmean": 0.408823341131,
            "dmean2": 0.60481107235,
            "dvar": 0.232243433595,
            "dvar2": 0.471602886915,
            "max": 8.098695755,
            "mean": 0.604013085365,
            "median": 0.506300866604,
            "min": -6.33954811096,
            "var": 1.72622644901
        },
        "erbbands_spread": {
            "dmean": 6.09831380844,
            "dmean2": 9.05663490295,
            "dvar": 90.3871231079,
            "dvar2": 190.260772705,
            "max": 134.88142395,
            "mean": 27.545501709,
            "median": 21.2390956879,
            "min": 0.269410431385,
            "var": 428.725036621
        },
        "gfcc": {
            "cov": [
                [
                    30571.7578125,
                    -2174.13696289,
                    -567.660827637,
                    2480.21240234,
                    -1490.77355957,
                    1922.82531738,
                    -760.990905762,
                    1189.16552734,
                    -368.695129395,
                    -287.733978271,
                    482.30657959,
                    469.36517334,
                    517.418029785
                ],
                [
                    -2174.13696289,
                    3400.84741211,
                    -271.733734131,
                    -1058.60632324,
                    1432.00317383,
                    -731.841125488,
                    476.786468506,
                    -401.593933105,
                    162.661453247,
                    -161.52633667,
                    87.0359268188,
                    50.7878837585,
                    -40.8109550476
                ],
                [
                    -567.660827637,
                    -271.733734131,
                    732.445800781,
                    240.169418335,
                    -120.412185669,
                    153.171142578,
                    -14.5127258301,
                    109.784286499,
                    26.6177310944,
                    83.6470794678,
                    23.2766819,
                    35.9701194763,
                    28.1189918518
                ],
                [
                    2480.21240234,
                    -1058.60632324,
                    240.169418335,
                    1080.80957031,
                    -268.18649292,
                    395.198181152,
                    27.3597354889,
                    230.136260986,
                    -22.3872528076,
                    61.2691421509,
                    111.459106445,
                    137.477615356,
                    139.084472656
                ],
                [
                    -1490.77355957,
                    1432.00317383,
                    -120.412185669,
                    -268.18649292,
                    950.403442383,
                    -267.981719971,
                    332.397918701,
                    -137.736190796,
                    66.0566101074,
                    -12.4539670944,
                    94.1459121704,
                    93.2879562378,
                    39.9272232056
                ],
                [
                    1922.82531738,
                    -731.841125488,
                    153.171142578,
                    395.198181152,
                    -267.981719971,
                    621.629699707,
                    -95.9895324707,
                    106.366638184,
                    -16.7599277496,
                    14.4999485016,
                    69.2160797119,
                    62.5200691223,
                    103.771011353
                ],
                [
                    -760.990905762,
                    476.786468506,
                    -14.5127258301,
                    27.3597354889,
                    332.397918701,
                    -95.9895324707,
                    367.484863281,
                    -51.3506660461,
                    98.6060409546,
                    24.1573696136,
                    60.0047340393,
                    74.575630188,
                    18.7892990112
                ],
                [
                    1189.16552734,
                    -401.593933105,
                    109.784286499,
                    230.136260986,
                    -137.736190796,
                    106.366638184,
                    -51.3506660461,
                    275.107025146,
                    1.76147556305,
                    32.9672622681,
                    57.5517921448,
                    -0.42079642415,
                    43.4011230469
                ],
                [
                    -368.695129395,
                    162.661453247,
                    26.6177310944,
                    -22.3872528076,
                    66.0566101074,
                    -16.7599277496,
                    98.6060409546,
                    1.76147556305,
                    179.239700317,
                    26.9854106903,
                    18.4032688141,
                    -1.24798238277,
                    -30.2033061981
                ],
                [
                    -287.733978271,
                    -161.52633667,
                    83.6470794678,
                    61.2691421509,
                    -12.4539670944,
                    14.4999485016,
                    24.1573696136,
                    32.9672622681,
                    26.9854106903,
                    120.86088562,
                    4.21308279037,
                    -7.02636575699,
                    16.401266098
                ],
                [
                    482.30657959,
                    87.0359268188,
                    23.2766819,
                    111.459106445,
                    94.1459121704,
                    69.2160797119,
                    60.0047340393,
                    57.5517921448,
                    18.4032688141,
                    4.21308279037,
                    144.824172974,
                    56.9055709839,
                    47.9460144043
                ],
                [
                    469.36517334,
                    50.7878837585,
                    35.9701194763,
                    137.477615356,
                    93.2879562378,
                    62.5200691223,
                    74.575630188,
                    -0.42079642415,
                    -1.24798238277,
                    -7.02636575699,
                    56.9055709839,
                    132.672912598,
                    53.4945449829
                ],
                [
                    517.418029785,
                    -40.8109550476,
                    28.1189918518,
                    139.084472656,
                    39.9272232056,
                    103.771011353,
                    18.7892990112,
                    43.4011230469,
                    -30.2033061981,
                    16.401266098,
                    47.9460144043,
                    53.4945449829,
                    118.597465515
                ]
            ],
            "icov": [
                [
                    9.63977290667e-05,
                    -0.000301251595374,
                    0.000256302708294,
                    -0.000260992266703,
                    0.000365527230315,
                    -0.00028816255508,
                    0.000154888359248,
                    -0.000449277606094,
                    0.000200032765861,
                    -0.000147758037201,
                    9.10505987122e-05,
                    -0.000353715819074,
                    0.000184147909749
                ],
                [
                    -0.000301251595374,
                    0.00276857498102,
                    -0.00121509796008,
                    0.00178790441714,
                    -0.00308914808556,
                    0.00170769286342,
                    -0.000595055986196,
                    0.00222866446711,
                    -0.00168052315712,
                    0.00264261336997,
                    -0.00117791816592,
                    0.00151333538815,
                    -0.00171701190993
                ],
                [
                    0.000256302708294,
                    -0.00121509796008,
                    0.00242882804014,
                    -0.00104747852311,
                    0.00144442496821,
                    -0.0011791792931,
                    0.000542254827451,
                    -0.00178228749428,
                    0.000610918563325,
                    -0.00189811643213,
                    0.000640277692582,
                    -0.00160201138351,
                    0.00110986921936
                ],
                [
                    -0.000260992266703,
                    0.00178790441714,
                    -0.00104747852311,
                    0.00301679805852,
                    -0.00144469388761,
                    0.000665848550852,
                    -0.00115180783905,
                    0.000746965408325,
                    -0.000773357460275,
                    0.00118154753,
                    -0.000886741327122,
                    -0.000146999926073,
                    -0.00165834580548
                ],
                [
                    0.000365527230315,
                    -0.00308914808556,
                    0.00144442496821,
                    -0.00144469388761,
                    0.00567320082337,
                    -0.0012797282543,
                    -0.000701645447407,
                    -0.00207940652035,
                    0.00184964691289,
                    -0.00273376400582,
                    0.000149481173139,
                    -0.00246828747913,
                    0.000677993521094
                ],
                [
                    -0.00028816255508,
                    0.00170769286342,
                    -0.0011791792931,
                    0.000665848550852,
                    -0.0012797282543,
                    0.00398418074474,
                    0.000165184086654,
                    0.00209497846663,
                    -0.00174838758539,
                    0.0017564103473,
                    -0.00155363068916,
                    0.00086616538465,
                    -0.00295531214215
                ],
                [
                    0.000154888359248,
                    -0.000595055986196,
                    0.000542254827451,
                    -0.00115180783905,
                    -0.000701645447407,
                    0.000165184086654,
                    0.00567337451503,
                    2.77177696262e-05,
                    -0.00197828770615,
                    -0.00115465652198,
                    -0.000320438761264,
                    -0.00209148228168,
                    0.0002532050421
                ],
                [
                    -0.000449277606094,
                    0.00222866446711,
                    -0.00178228749428,
                    0.000746965408325,
                    -0.00207940652035,
                    0.00209497846663,
                    2.77177696262e-05,
                    0.00804997328669,
                    -0.00201634783298,
                    0.00123521487694,
                    -0.00322219845839,
                    0.00347037124448,
                    -0.00275674113072
                ],
                [
                    0.000200032765861,
                    -0.00168052315712,
                    0.000610918563325,
                    -0.000773357460275,
                    0.00184964691289,
                    -0.00174838758539,
                    -0.00197828770615,
                    -0.00201634783298,
                    0.00875953957438,
                    -0.0030062245205,
                    -0.000116343493573,
                    -0.000518917862792,
                    0.00419716211036
                ],
                [
                    -0.000147758037201,
                    0.00264261336997,
                    -0.00189811643213,
                    0.00118154753,
                    -0.00273376400582,
                    0.0017564103473,
                    -0.00115465652198,
                    0.00123521487694,
                    -0.0030062245205,
                    0.0129803903401,
                    -0.000678150565363,
                    0.00309072993696,
                    -0.0039478437975
                ],
                [
                    9.10505987122e-05,
                    -0.00117791816592,
                    0.000640277692582,
                    -0.000886741327122,
                    0.000149481173139,
                    -0.00155363068916,
                    -0.000320438761264,
                    -0.00322219845839,
                    -0.000116343493573,
                    -0.000678150565363,
                    0.0113450735807,
                    -0.00301529862918,
                    -0.000537738087587
                ],
                [
                    -0.000353715819074,
                    0.00151333538815,
                    -0.00160201138351,
                    -0.000146999926073,
                    -0.00246828747913,
                    0.00086616538465,
                    -0.00209148228168,
                    0.00347037124448,
                    -0.000518917862792,
                    0.00309072993696,
                    -0.00301529862918,
                    0.0144114373252,
                    -0.00409035896882
                ],
                [
                    0.000184147909749,
                    -0.00171701190993,
                    0.00110986921936,
                    -0.00165834580548,
                    0.000677993521094,
                    -0.00295531214215,
                    0.0002532050421,
                    -0.00275674113072,
                    0.00419716211036,
                    -0.0039478437975,
                    -0.000537738087587,
                    -0.00409035896882,
                    0.015722874552
                ]
            ],
            "mean": [
                -133.542510986,
                157.613586426,
                -128.48916626,
                19.7370223999,
                -66.6641311646,
                21.2839832306,
                -36.4746932983,
                1.74739265442,
                4.18626260757,
                -18.4321861267,
                7.09463262558,
                -17.5373878479,
                5.30598449707
            ]
        },
        "hfc": {
            "dmean": 4.62208127975,
            "dmean2": 6.35431671143,
            "dvar": 112.759735107,
            "dvar2": 226.257369995,
            "max": 457.431884766,
            "mean": 16.2811584473,
            "median": 6.71953678131,
            "min": 1.11881286515e-16,
            "var": 600.461120605
        },
        "melbands": {
            "dmean": [
                0.000840857392177,
                0.000423774152296,
                0.000214565428905,
                0.000128778468934,
                0.000159165501827,
                0.000221573893214,
                0.000119782351248,
                0.000170378873008,
                0.000238872496993,
                0.000163349468494,
                7.76201704866e-05,
                7.84883013694e-05,
                5.55708138563e-05,
                2.56917228398e-05,
                2.00903705263e-05,
                2.26968841162e-05,
                1.51639778778e-05,
                1.73533426278e-05,
                9.5316727311e-06,
                7.53111407903e-06,
                7.18747696737e-06,
                5.22303344042e-06,
                4.52527729067e-06,
                3.2469015423e-06,
                1.7312277123e-06,
                8.64740627549e-07,
