{
    "lowlevel": {
        "average_loudness": 0.692100703716,
        "barkbands": {
            "dmean": [
                0.00154179672245,
                0.00438471091911,
                0.00243383855559,
                0.00139938713983,
                0.00143108260818,
                0.00115633325186,
                0.00270425947383,
                0.00147523963824,
                0.00112273194827,
                0.000666178937536,
                0.000300706451526,
                0.000285614951281,
                0.000326940149534,
                0.000309039809508,
                0.000301620311802,
                0.000191606028238,
                0.000207806544495,
                0.000165948440554,
                9.72878406174e-05,
                0.000123226156575,
                0.000117473813589,
                0.00013197894441,
                0.000126711165649,
                0.000131653621793,
                0.000144472200191,
                0.00014166595065,
                2.7137419238e-05
            ],
            "dmean2": [
                0.00243352237158,
                0.00664523988962,
                0.00453013088554,
                0.00250760745257,
                0.00235155783594,
                0.00182940252125,
                0.00452923495322,
                0.0023776346352,
                0.00167272775434,
                0.000957055541221,
                0.000444229808636,
                0.000435763213318,
                0.000494526000693,
                0.000458556954982,
                0.00045999296708,
                0.000295577541692,
                0.000336112687364,
                0.000271954981145,
                0.000156775728101,
                0.000203679446713,
                0.000199499234441,
                0.000218029526877,
                0.000207052187761,
                0.000209613630432,
                0.000234766703215,
                0.000234146355069,
                4.40325311502e-05
            ],
            "dvar": [
                1.23756717585e-05,
                0.00035633565858,
                0.00018031122454,
                3.75055460609e-05,
                1.66308309417e-05,
                6.26598648523e-06,
                3.91147332266e-05,
                9.37576714932e-06,
                5.82256143389e-06,
                3.98251995648e-06,
                8.39591109525e-07,
                7.24702772459e-07,
                7.86306031841e-07,
                8.52902701354e-07,
                6.51758512049e-07,
                2.24236728741e-07,
                2.48011872372e-07,
                1.86444566452e-07,
                8.83644588612e-08,
                1.32357968141e-07,
                9.97345424025e-08,
                1.06015534129e-07,
                7.33697831379e-08,
                7.86854883472e-08,
                9.53622958377e-08,
                1.33014992798e-07,
                5.10252462504e-09
            ],
            "dvar2": [
                2.68300318567e-05,
                0.000773983600084,
                0.000527975149453,
                0.000110672968731,
                4.59645380033e-05,
                1.45527192217e-05,
                0.000107658066554,
                2.28897897614e-05,
                1.15014609037e-05,
                7.49563560021e-06,
                1.56651083216e-06,
                1.57195324846e-06,
                1.63751496984e-06,
                1.67616326507e-06,
                1.4477619743e-06,
                5.47236595594e-07,
                6.30177737548e-07,
                4.66932732479e-07,
                2.1050645671e-07,
                3.03695060211e-07,
                2.40749812974e-07,
                2.5888036248e-07,
                1.73944940229e-07,
                1.7999280999e-07,
                2.28835446592e-07,
                3.4317946529e-07,
                1.3111734809e-08
            ],
            "max": [
                0.065985687077,
                0.255121529102,
                0.139143317938,
                0.0877511277795,
                0.0603187344968,
                0.0459008216858,
                0.0780868083239,
                0.0485188029706,
                0.034735776484,
                0.0378387458622,
                0.0233524534851,
                0.0212306082249,
                0.021775553003,
                0.0287759583443,
                0.0192720852792,
                0.007669928018,
                0.00696229096502,
                0.00613597873598,
                0.00410267012194,
                0.00419537443668,
                0.00338506093249,
                0.00354059925303,
                0.0033756068442,
                0.00342356483452,
                0.00420729769394,
                0.00343539612368,
                0.000536307226866
            ],
            "mean": [
                0.00632145209238,
                0.0125665394589,
                0.00210998370312,
                0.00146443559788,
                0.00230874959379,
                0.00190866424236,
                0.00337017793208,
                0.00204973341897,
                0.00188079988584,
                0.00109844014514,
                0.000441192009021,
                0.000393538823118,
                0.000406551145716,
                0.000415832008002,
                0.000405082362704,
                0.000264016533038,
                0.000248897384154,
                0.000175850538653,
                9.9538374343e-05,
                0.000113393973152,
                0.00010292204388,
                0.000118500640383,
                0.000123076926684,
                0.00013563632092,
                0.000139855925227,
                0.000125326521811,
                2.2668411475e-05
            ],
            "median": [
                2.15871477849e-05,
                0.00146756146569,
                0.000539380183909,
                0.000738538219593,
                0.00130540132523,
                0.000719006813597,
                0.000900117214769,
                0.000530873890966,
                0.000464888609713,
                0.00023345235968,
                0.000100968041806,
                0.000100886485598,
                7.73055362515e-05,
                6.16237375652e-05,
                7.65114236856e-05,
                6.78841461195e-05,
                5.55743426958e-05,
                2.77865692624e-05,
                2.0269122615e-05,
                1.13064133984e-05,
                1.06561383291e-05,
                9.11169081519e-06,
                6.81459414409e-06,
                1.03205484265e-05,
                7.82578808867e-06,
                2.65000744548e-06,
                2.39399724933e-07
            ],
            "min": [
                1.46699591328e-24,
                2.90668343417e-24,
                2.91991578699e-24,
                2.11163923996e-24,
                1.21497358951e-23,
                1.06402339869e-23,
                5.26173734213e-24,
                9.68387109018e-24,
                1.43491084978e-23,
                1.75293586387e-23,
                1.01649618575e-23,
                3.31469002519e-23,
                3.53127020899e-23,
                2.39867073739e-23,
                4.95191971579e-23,
                7.29600664279e-23,
                6.89380748798e-23,
                1.11307907695e-22,
                1.36043139939e-22,
                1.29822359545e-22,
                2.90374902938e-22,
                3.37346508512e-22,
                4.24002714867e-22,
                5.33171623063e-22,
                9.42406508375e-22,
                1.29374501121e-21,
                1.98027139619e-21
            ],
            "var": [
                9.32835100684e-05,
                0.00064939603908,
                0.000101609912235,
                2.12025825022e-05,
                1.45054382301e-05,
                1.3187796867e-05,
                3.99538876081e-05,
                1.59626451932e-05,
                1.52100692503e-05,
                1.07334708446e-05,
                1.75881348241e-06,
                1.21705966194e-06,
                1.35443656291e-06,
                1.69848567566e-06,
                1.05213064217e-06,
                3.35681164643e-07,
                2.81692194903e-07,
                1.86752942e-07,
                8.43442862219e-08,
                1.26532299305e-07,
                8.91610056897e-08,
                9.86035146866e-08,
                8.4605005668e-08,
                1.01300692279e-07,
                1.14173147381e-07,
                1.21092156746e-07,
                4.80695305782e-09
            ]
        },
        "barkbands_crest": {
            "dmean": 2.41156339645,
            "dmean2": 3.81359601021,
            "dvar": 6.17211580276,
            "dvar2": 15.4201393127,
            "max": 25.9839878082,
            "mean": 10.941617012,
            "median": 10.4748697281,
            "min": 1.54025280476,
            "var": 15.6685562134
        },
        "barkbands_flatness_db": {
            "dmean": 0.0325907766819,
            "dmean2": 0.0431731306016,
            "dvar": 0.00108760828152,
            "dvar2": 0.00197382364422,
            "max": 0.557403802872,
            "mean": 0.206755489111,
            "median": 0.188215777278,
            "min": 0.00973135605454,
            "var": 0.0101884622127
        },
        "barkbands_kurtosis": {
            "dmean": 6.65098762512,
            "dmean2": 10.4358406067,
            "dvar": 230.769393921,
            "dvar2": 605.007141113,
            "max": 337.151824951,
            "mean": 9.33078956604,
            "median": 3.56390857697,
            "min": -1.95911812782,
            "var": 308.720367432
        },
        "barkbands_skewness": {
            "dmean": 0.787824869156,
            "dmean2": 1.16752195358,
            "dvar": 0.951527893543,
            "dvar2": 2.3181245327,
            "max": 15.5602321625,
            "mean": 1.99472427368,
            "median": 1.64430379868,
            "min": -5.33264112473,
            "var": 3.05114078522
        },
        "barkbands_spread": {
            "dmean": 7.08703613281,
            "dmean2": 10.5718173981,
            "dvar": 132.338134766,
            "dvar2": 284.773101807,
            "max": 126.951560974,
            "mean": 14.9367017746,
            "median": 9.59105873108,
            "min": 0.656165063381,
            "var": 244.982940674
        },
        "dissonance": {
            "dmean": 0.0368347503245,
            "dmean2": 0.0594449490309,
            "dvar": 0.00133168464527,
            "dvar2": 0.00328128226101,
            "max": 0.500000059605,
            "mean": 0.421736747026,
            "median": 0.437533795834,
            "min": 0,
            "var": 0.00379555835389
        },
        "dynamic_complexity": 4.62889289856,
        "erbbands": {
            "dmean": [
                0.193007409573,
                0.951334297657,
                2.57000017166,
                4.09557580948,
                4.14080572128,
                5.29392051697,
                7.67177677155,
                10.0776109695,
                25.7866096497,
                48.0631828308,
                25.9507751465,
                25.7946910858,
                19.5210838318,
                16.3674163818,
                11.4270601273,
                11.5527801514,
                14.2382450104,
                14.2479467392,
                16.4804916382,
                13.266043663,
                10.1469240189,
                10.2081518173,
                10.0428886414,
                5.31750583649,
                5.31060743332,
                6.00525999069,
                5.42041158676,
                4.53961658478,
                4.74196815491,
                3.60954880714,
                4.04942274094,
                2.94857168198,
                2.05093598366,
                1.51497232914,
                1.07482433319,
                0.683053553104,
                0.242337524891,
                0.0430776774883,
                0.00490815145895,
                0.000266011367785
            ],
            "dmean2": [
                0.275570601225,
                1.58706510067,
                4.74317359924,
                7.47527933121,
                7.07835626602,
                8.76765727997,
                12.044678688,
                15.8615894318,
                42.0866737366,
                81.2472991943,
                40.3656196594,
                38.0115699768,
                27.943277359,
                23.3711471558,
                16.6339797974,
                17.3733234406,
                21.3361244202,
                20.4034042358,
                24.9716053009,
                19.6393547058,
                15.2883234024,
                16.1333465576,
                16.5203437805,
                8.53633213043,
                8.48372268677,
                10.037112236,
                9.0243396759,
                7.54937791824,
                7.87191009521,
                5.89215230942,
                6.69022464752,
                4.74634981155,
                3.27005457878,
                2.45707464218,
                1.74216973782,
                1.13915193081,
                0.390556752682,
                0.0701053291559,
                0.00804710015655,
                0.000436914066086
            ],
            "dvar": [
                0.564326226711,
                24.1424922943,
                226.614852905,
                354.176269531,
                299.190979004,
                199.026733398,
                256.050292969,
                533.600585938,
                3147.09130859,
                14164.1533203,
                2858.37597656,
                3477.99414062,
                2862.1484375,
                1938.74755859,
                948.352233887,
                1255.64074707,
                1460.77575684,
                1884.18225098,
                1950.82080078,
                1032.82177734,
                629.975036621,
                494.094024658,
                698.378234863,
                218.386474609,
                230.683242798,
                317.951049805,
                231.753631592,
                133.783355713,
                143.785919189,
                63.7112808228,
                77.0969314575,
                37.721157074,
                21.0286121368,
                10.4357423782,
                5.54421329498,
                2.97289586067,
                0.388074845076,
                0.0121456636116,
                0.000176852903678,
                5.06265621425e-07
            ],
            "dvar2": [
                1.27313411236,
                57.4758872986,
                650.572265625,
                1038.22253418,
                869.787597656,
                537.031555176,
                605.38671875,
                1198.16381836,
                7809.13427734,
                39050.75,
                6587.61914062,
                6794.79150391,
                5457.72705078,
                3519.88500977,
                1809.41650391,
                2770.46557617,
                2996.08837891,
                3626.40307617,
                4468.03271484,
                2192.44506836,
                1551.67041016,
                1203.05664062,
                1779.3984375,
                527.785339355,
                506.436340332,
                751.494018555,
                578.99798584,
                315.932647705,
                349.185974121,
                149.555496216,
                188.922851562,
                88.3308792114,
                47.2381477356,
                24.42669487,
                13.5567741394,
                7.65208053589,
                0.992545008659,
                0.0314120128751,
                0.000459552626126,
                1.32284719712e-06
            ],
            "max": [
                12.426361084,
                58.2455863953,
                161.575012207,
                233.523147583,
                248.020462036,
                212.385238647,
                251.394454956,
                490.751861572,
                773.271911621,
                1782.40319824,
                1141.37207031,
                1041.88684082,
                1208.24450684,
                1180.45556641,
                760.703430176,
                989.074645996,
                967.791015625,
                1910.9609375,
                1178.6036377,
                667.207824707,
                304.239837646,
                323.965270996,
                383.728607178,
                214.225906372,
                174.110641479,
                212.713470459,
                190.770553589,
                111.375076294,
                126.696891785,
                95.1958465576,
                99.7613601685,
                72.320930481,
                71.154335022,
                54.8592453003,
                32.8670921326,
                18.5623874664,
                5.2844991684,
                0.844857037067,
                0.101474121213,
                0.00531159294769
            ],
            "mean": [
                0.723560750484,
                1.44898164272,
                2.48107624054,
                4.07927179337,
                5.56744670868,
                7.85662269592,
                12.7943716049,
                17.039232254,
                35.9465637207,
                58.0903625488,
                42.7533836365,
                44.1457214355,
                34.4271697998,
                27.9407691956,
                18.1373691559,
                16.4419651031,
                18.5690593719,
                19.8816795349,
                21.9707603455,
                19.3588447571,
                13.9684391022,
                13.2434244156,
                11.1260719299,
                5.62361240387,
                5.39000034332,
                5.41296100616,
                4.4445271492,
                4.13602113724,
                4.21651601791,
                3.44493556023,
                3.82395172119,
                2.98557639122,
                2.13375210762,
                1.51101720333,
                1.0106626749,
                0.616329908371,
                0.213075876236,
                0.0366414859891,
                0.00403555575758,
                0.000252366269706
            ],
            "median": [
                0.0310508795083,
                0.284227818251,
                0.532149493694,
                1.99976909161,
                3.13921499252,
                3.58825802803,
                5.19679498672,
                6.0952091217,
                11.8284063339,
                12.0733013153,
                12.6871232986,
                10.8139629364,
                8.39112281799,
                7.21014308929,
                5.04943847656,
                3.99376964569,
                3.87613797188,
                3.56946372986,
                4.03054237366,
                4.05365419388,
                3.66486048698,
                3.16311645508,
                1.94792842865,
                1.22201836109,
                0.913958072662,
                0.562122881413,
                0.41235217452,
                0.425176739693,
                0.335530251265,
                0.218983143568,
                0.195463165641,
                0.216414958239,
                0.152485013008,
                0.0854007378221,
                0.0525890029967,
                0.0165096428245,
                0.00407466571778,
                0.000607293797657,
                6.48929999443e-05,
                4.77205394418e-05
            ],
            "min": [
                7.12379893827e-23,
                5.81530437383e-22,
                2.28848422387e-21,
                8.77736049823e-21,
                2.36523798171e-20,
                3.2647826807e-20,
                4.49832029281e-20,
                7.6226774323e-20,
                1.1856629832e-19,
                1.20036430913e-19,
                3.10896789656e-19,
                3.01334943666e-19,
                4.40456718982e-19,
                9.87098096209e-19,
                1.0749987542e-18,
                1.79036832937e-18,
                2.17442497906e-18,
                1.8230489946e-18,
                2.4688512327e-18,
                3.36251834814e-18,
                4.46799953509e-18,
                5.4418285169e-18,
                6.70619434912e-18,
                8.56864981451e-18,
                7.26587840005e-18,
                7.64855448529e-18,
                1.12573226406e-17,
                1.25299987429e-17,
                1.15725801972e-17,
                1.17399527496e-17,
                1.10045734686e-17,
                1.02646959794e-17,
                9.78369955219e-18,
                8.62766915122e-18,
                6.9455584981e-18,
                4.76760642091e-18,
                2.13163099686e-18,
                8.40877017437e-19,
                2.79781356939e-19,
                2.73600488918e-20
            ],
            "var": [
                1.5600707531,
                24.807718277,
                137.498474121,
                199.468841553,
                183.856430054,
                204.497070312,
                466.077758789,
                1190.46203613,
                4923.60644531,
                14397.5654297,
                6515.88183594,
                8912.1015625,
                7515.43945312,
                5878.40478516,
                2144.25341797,
                2048.35473633,
                2580.89599609,
                3604.6784668,
                3205.42651367,
                2155.46606445,
                884.795288086,
                668.488525391,
                694.258056641,
                216.693130493,
                243.626235962,
                289.649719238,
                196.211471558,
                127.290397644,
                132.171600342,
                68.9258346558,
                83.5077896118,
                45.7001991272,
                28.2607479095,
                13.4640636444,
                6.21488618851,
                2.73299407959,
                0.363773941994,
                0.0112406052649,
                0.000160378986038,
                4.67192592168e-07
            ]
        },
        "erbbands_crest": {
            "dmean": 2.96913313866,
            "dmean2": 4.61987686157,
            "dvar": 7.71427679062,
            "dvar2": 17.6328792572,
            "max": 28.4811248779,
            "mean": 9.90182495117,
            "median": 9.07755565643,
            "min": 2.41783475876,
            "var": 21.7425308228
        },
        "erbbands_flatness_db": {
            "dmean": 0.0262105688453,
            "dmean2": 0.0363720431924,
            "dvar": 0.000753035768867,
            "dvar2": 0.00126699835528,
            "max": 0.528684258461,
            "mean": 0.197419196367,
            "median": 0.189230024815,
            "min": 0.0355120822787,
            "var": 0.0089314263314
        },
        "erbbands_kurtosis": {
            "dmean": 1.55401492119,
            "dmean2": 2.43585419655,
            "dvar": 5.00566530228,
            "dvar2": 11.2156991959,
            "max": 54.5089492798,
            "mean": 1.37638235092,
            "median": 0.30964756012,
            "min": -1.82792949677,
            "var": 11.5503902435
        },
        "erbbands_skewness": {
            "dmean": 0.512139499187,
            "dmean2": 0.776552915573,
            "dvar": 0.250490814447,
            "dvar2": 0.580400705338,
            "max": 6.41134977341,
            "mean": 0.642736852169,
            "median": 0.605485856533,
            "min": -2.95907044411,
            "var": 0.702789306641
        },
        "erbbands_spread": {
            "dmean": 11.8057451248,
            "dmean2": 18.1883354187,
            "dvar": 286.831512451,
            "dvar2": 629.775390625,
            "max": 186.439361572,
            "mean": 32.4974861145,
            "median": 25.2158489227,
            "min": 0.92287749052,
            "var": 635.533813477
        },
        "gfcc": {
            "cov": [
                [
                    31171.6875,
                    -6615.00390625,
                    -1607.47412109,
                    2079.43457031,
                    -1857.39733887,
                    1424.10046387,
                    -1031.84204102,
                    1222.5715332,
                    72.7180557251,
                    867.508117676,
                    -794.872253418,
                    548.741882324,
                    -412.569274902
                ],
                [
                    -6615.00390625,
                    5933.71435547,
                    -212.810699463,
                    -1329.78271484,
                    1309.08288574,
                    -733.956481934,
                    667.421264648,
                    -441.802459717,
                    76.6788253784,
                    -541.515686035,
                    512.157897949,
                    -335.101501465,
                    299.81161499
                ],
                [
                    -1607.47412109,
                    -212.810699463,
                    1590.18591309,
                    93.8203048706,
                    229.928024292,
                    305.052032471,
                    170.483459473,
                    168.796691895,
                    113.430870056,
                    149.422927856,
                    176.651535034,
                    170.769317627,
                    1.98460352421
                ],
                [
                    2079.43457031,
                    -1329.78271484,
                    93.8203048706,
                    910.78503418,
                    -173.906341553,
                    163.147964478,
                    -30.0811367035,
                    139.610626221,
                    101.63999176,
                    180.115509033,
                    -74.7579879761,
                    117.025878906,
                    13.7839174271
                ],
                [
                    -1857.39733887,
                    1309.08288574,
                    229.928024292,
                    -173.906341553,
                    725.03527832,
                    -23.5634384155,
                    333.877960205,
                    -26.9957427979,
                    104.26008606,
                    -47.5692253113,
                    195.585083008,
                    -5.44404649734,
                    122.655899048
                ],
                [
                    1424.10046387,
                    -733.956481934,
                    305.052032471,
                    163.147964478,
                    -23.5634384155,
                    454.877319336,
                    79.6218566895,
                    148.147018433,
                    26.2616710663,
                    147.983886719,
                    -22.78881073,
                    108.898765564,
                    -21.3705120087
                ],
                [
                    -1031.84204102,
                    667.421264648,
                    170.483459473,
                    -30.0811367035,
                    333.877960205,
                    79.6218566895,
                    469.554901123,
                    -20.3612518311,
                    55.2223854065,
                    -8.97465133667,
                    114.96005249,
                    33.9415779114,
                    53.8784637451
                ],
                [
                    1222.5715332,
                    -441.802459717,
                    168.796691895,
                    139.610626221,
                    -26.9957427979,
                    148.147018433,
                    -20.3612518311,
                    253.712646484,
                    96.2336959839,
                    105.842834473,
                    22.1143474579,
                    73.354385376,
                    -5.88840818405
                ],
                [
                    72.7180557251,
                    76.6788253784,
                    113.430870056,
                    101.63999176,
                    104.26008606,
                    26.2616710663,
                    55.2223854065,
                    96.2336959839,
                    192.254272461,
                    77.9459609985,
                    43.2637176514,
                    22.9417800903,
                    43.0627555847
                ],
                [
                    867.508117676,
                    -541.515686035,
                    149.422927856,
                    180.115509033,
                    -47.5692253113,
                    147.983886719,
                    -8.97465133667,
                    105.842834473,
                    77.9459609985,
                    183.148605347,
                    10.8821640015,
                    63.4849052429,
                    -7.23197937012
                ],
                [
                    -794.872253418,
                    512.157897949,
                    176.651535034,
                    -74.7579879761,
                    195.585083008,
                    -22.78881073,
                    114.96005249,
                    22.1143474579,
                    43.2637176514,
                    10.8821640015,
                    179.936035156,
                    33.614025116,
                    41.1215820312
                ],
                [
                    548.741882324,
                    -335.101501465,
                    170.769317627,
                    117.025878906,
                    -5.44404649734,
                    108.898765564,
                    33.9415779114,
                    73.354385376,
                    22.9417800903,
                    63.4849052429,
                    33.614025116,
                    128.292648315,
                    13.2979478836
                ],
                [
                    -412.569274902,
                    299.81161499,
                    1.98460352421,
                    13.7839174271,
                    122.655899048,
                    -21.3705120087,
                    53.8784637451,
                    -5.88840818405,
                    43.0627555847,
                    -7.23197937012,
                    41.1215820312,
                    13.2979478836,
                    103.927314758
                ]
            ],
            "icov": [
                [
                    7.98372493591e-05,
                    -7.86607415648e-05,
                    0.000143482437124,
                    -0.000134204223286,
                    5.54514263058e-05,
                    -0.000191180079128,
                    0.000127225473989,
                    -0.000294009078061,
                    9.16051285458e-05,
                    -0.000176913308678,
                    0.000240260284045,
                    -0.000336130877258,
                    0.00026922323741
                ],
                [
                    -7.86607415648e-05,
                    0.00106248108204,
                    -7.82116767368e-05,
                    0.000835365848616,
                    -0.000617921585217,
                    0.000554615340661,
                    -0.000633806630503,
                    0.000673318980262,
                    -0.000801134214271,
                    0.00151788583025,
                    -0.00180005771108,
                    0.00174315704498,
                    -0.00134980829898
                ],
                [
                    0.000143482437124,
                    -7.82116767368e-05,
                    0.00117321335711,
                    -0.00019596342463,
                    -0.00015174492728,
                    -0.000802782131359,
                    0.000296729063848,
                    -0.000456506153569,
                    -0.000171855077497,
                    -0.000237548476434,
                    -0.000396020273911,
                    -0.0011947399471,
                    0.00099737313576
                ],
                [
                    -0.000134204223286,
                    0.000835365848616,
                    -0.00019596342463,
                    0.0023732543923,
                    -0.000205535965506,
                    0.000787713273894,
                    -0.000808910466731,
                    0.000598673184868,
                    -0.00107099162415,
                    9.31297108764e-05,
                    -0.000448476173915,
                    0.000499200716149,
                    -0.00183200696483
                ],
                [
                    5.54514263058e-05,
                    -0.000617921585217,
                    -0.00015174492728,
                    -0.000205535965506,
                    0.00359046692029,
                    -0.000652114977129,
                    -0.000995846930891,
                    -0.000200870868866,
                    -0.000572989112698,
                    -2.47419793595e-05,
                    -0.000843017187435,
                    9.03491454665e-05,
                    -0.00127612182405
                ],
                [
                    -0.000191180079128,
                    0.000554615340661,
                    -0.000802782131359,
                    0.000787713273894,
                    -0.000652114977129,
                    0.00521971471608,
                    -0.00172464351635,
                    -0.000951496826019,
                    0.00129597366322,
                    -0.00205647875555,
                    0.00136905163527,
                    -0.000316318648402,
                    -0.000946232816204
                ],
                [
                    0.000127225473989,
                    -0.000633806630503,
                    0.000296729063848,
                    -0.000808910466731,
                    -0.000995846930891,
                    -0.00172464351635,
                    0.00418258039281,
                    0.000472831947263,
                    -0.000301049061818,
                    -8.93999276741e-06,
                    -4.25195903517e-05,
                    -0.00189790001605,
                    0.00149799103383
                ],
                [
                    -0.000294009078061,
                    0.000673318980262,
                    -0.000456506153569,
                    0.000598673184868,
                    -0.000200870868866,
                    -0.000951496826019,
                    0.000472831947263,
                    0.00851767882705,
                    -0.00409232312813,
                    0.00093024992384,
                    -0.00281908479519,
                    -0.000106989435153,
                    -1.18130310511e-05
                ],
                [
                    9.16051285458e-05,
                    -0.000801134214271,
                    -0.000171855077497,
                    -0.00107099162415,
                    -0.000572989112698,
                    0.00129597366322,
                    -0.000301049061818,
                    -0.00409232312813,
                    0.010457537137,
                    -0.00523834535852,
                    0.00204699253663,
                    0.000396191055188,
                    -0.00187123869546
                ],
                [
                    -0.000176913308678,
                    0.00151788583025,
                    -0.000237548476434,
                    9.31297108764e-05,
                    -2.47419793595e-05,
                    -0.00205647875555,
                    -8.93999276741e-06,
                    0.00093024992384,
                    -0.00523834535852,
                    0.0139745017514,
                    -0.00492317648605,
                    0.00153417093679,
                    -0.000530626217369
                ],
                [
                    0.000240260284045,
                    -0.00180005771108,
                    -0.000396020273911,
                    -0.000448476173915,
                    -0.000843017187435,
                    0.00136905163527,
                    -4.25195903517e-05,
                    -0.00281908479519,
                    0.00204699253663,
                    -0.00492317648605,
                    0.0140396011993,
                    -0.00612034182996,
                    0.00138965586666
                ],
                [
                    -0.000336130877258,
                    0.00174315704498,
                    -0.0011947399471,
                    0.000499200716149,
                    9.03491454665e-05,
                    -0.000316318648402,
                    -0.00189790001605,
                    -0.000106989435153,
                    0.000396191055188,
                    0.00153417093679,
                    -0.00612034182996,
                    0.0170917920768,
                    -0.00542297540233
                ],
                [
                    0.00026922323741,
                    -0.00134980829898,
                    0.00099737313576,
                    -0.00183200696483,
                    -0.00127612182405,
                    -0.000946232816204,
                    0.00149799103383,
                    -1.18130310511e-05,
                    -0.00187123869546,
                    -0.000530626217369,
                    0.00138965586666,
                    -0.00542297540233,
                    0.0162254795432
                ]
            ],
            "mean": [
                -72.2907485962,
                125.019989014,
                -94.1952972412,
                1.52163589001,
                -50.9104881287,
                3.15333890915,
                -37.2164764404,
                8.17896080017,
                -14.6414709091,
                -0.273640424013,
                -13.6813383102,
                -2.55309438705,
                -9.2140378952
            ]
        },
        "hfc": {
            "dmean": 11.8606185913,
            "dmean2": 18.7917709351,
            "dvar": 481.380432129,
            "dvar2": 1209.12731934,
            "max": 197.070327759,
            "mean": 19.4576053619,
            "median": 11.6300935745,
            "min": 1.10910752194e-16,
            "var": 606.14440918
        },
        "melbands": {
            "dmean": [
                0.00140850734897,
                0.00128654995933,
                0.000697682495229,
                0.000327218556777,
                0.000256124243606,
                0.000226514559472,
                0.000440477597294,
                0.000491864688229,
                0.000196385837626,
                0.000163990567671,
                0.000101372446807,
                7.4654839409e-05,
                4.24487625423e-05,
                3.40787482855e-05,
                3.26421468344e-05,
                2.98264003504e-05,
                2.6817961043e-05,
                2.82620985672e-05,
                2.11751030292e-05,
                1.61019979714e-05,
                1.20723971122e-05,
                1.09864149636e-05,
                1.12005745905e-05,
                7.53250333219e-06,
                3.95862707592e-06,
                3.99689088226e-06,
                4.12824465457e-06,
