{
    "lowlevel": {
        "average_loudness": 0.851982176304,
        "barkbands": {
            "dmean": [
                0.00132215837948,
                0.00869637168944,
                0.00303076952696,
                0.000903273932636,
                0.00134019833058,
                0.0010684481822,
                0.00140676496085,
                0.00177572621033,
                0.00095654244069,
                0.000893268093932,
                0.000360335485311,
                0.000620275095571,
                0.000465496239485,
                0.000439714232925,
                0.00039202379412,
                0.000391683279304,
                0.000395523646148,
                0.000295539182844,
                0.000211702936213,
                0.000184291420737,
                0.000144820834976,
                0.000177944108145,
                0.000204956682865,
                0.000225774580031,
                0.000221217400394,
                0.000176484143594,
                6.01059764449e-06
            ],
            "dmean2": [
                0.00218496657908,
                0.0122945671901,
                0.00533353583887,
                0.00168629968539,
                0.0021215963643,
                0.0017427066341,
                0.00229307427071,
                0.00268133170903,
                0.00142740830779,
                0.00140051078051,
                0.000576802471187,
                0.000962442252785,
                0.000730515923351,
                0.000698040530551,
                0.000616135890596,
                0.000598874932621,
                0.00061042921152,
                0.000454493740108,
                0.000333052303176,
                0.00028597554774,
                0.000234211547649,
                0.000284521403955,
                0.000323354499415,
                0.000346646731487,
                0.000345753127476,
                0.000284343317617,
                1.02606236396e-05
            ],
            "dvar": [
                3.40743463312e-06,
                0.000390568748116,
                0.000132903631311,
                1.93122959899e-05,
                8.58497878653e-06,
                7.67604524299e-06,
                1.83272622962e-05,
                1.43799379657e-05,
                6.52407470625e-06,
                6.09532071394e-06,
                1.69977727182e-06,
                2.81617894871e-06,
                1.74218030224e-06,
                1.19836784052e-06,
                1.14139174912e-06,
                8.52054427014e-07,
                9.39074368489e-07,
                5.14302826105e-07,
                2.12573183944e-07,
                2.2270043587e-07,
                1.76360217097e-07,
                1.30994791903e-07,
                2.32272995504e-07,
                3.68278790575e-07,
                3.31998393222e-07,
                1.41926562947e-07,
                2.25893859174e-10
            ],
            "dvar2": [
                8.29511282063e-06,
                0.000855462742038,
                0.000384810176911,
                5.65197369724e-05,
                2.0733812562e-05,
                1.80944880412e-05,
                4.56390698673e-05,
                3.01908694382e-05,
                1.35403606691e-05,
                1.37013503263e-05,
                4.07067363994e-06,
                6.46986518404e-06,
                3.90470904676e-06,
                2.9540228752e-06,
                2.74726312455e-06,
                1.93379514712e-06,
                2.09276890928e-06,
                1.22643268696e-06,
                4.81433289679e-07,
                5.09315214003e-07,
                4.31942311252e-07,
                2.96126899002e-07,
                5.19432148849e-07,
                7.92156299667e-07,
                7.18339151717e-07,
                3.24584334521e-07,
                5.8515708945e-10
            ],
            "max": [
                0.0321826077998,
                0.23248180747,
                0.115876182914,
                0.06115732342,
                0.0422533079982,
                0.0489048212767,
                0.091503739357,
                0.0533849522471,
                0.0839036852121,
                0.0601481571794,
                0.0383735336363,
                0.0261111520231,
                0.038899127394,
                0.0217180289328,
                0.0260233394802,
                0.0256458707154,
                0.0184893272817,
                0.0190450195223,
                0.0153704797849,
                0.0125438310206,
                0.00664106570184,
                0.00932248402387,
                0.0151844089851,
                0.0205952767283,
                0.014863954857,
                0.00855776574463,
                0.000350933667505
            ],
            "mean": [
                0.00589474570006,
                0.0212062895298,
                0.00362892635167,
                0.00070893910015,
                0.001758052269,
                0.00132262252737,
                0.00235768640414,
                0.00275187962689,
                0.00182280619629,
                0.00130000233185,
                0.000431262480561,
                0.00078801222844,
                0.000626441906206,
                0.000609695562162,
                0.000554817612283,
                0.000569443625864,
                0.000565999769606,
                0.000409971748013,
                0.000342055311194,
                0.000267987488769,
                0.000230189310969,
                0.00026905463892,
                0.000312634336296,
                0.00039761204971,
                0.000321358500514,
                0.000229775323533,
                6.30126442047e-06
            ],
            "median": [
                0.0045339516364,
                0.0113734239712,
                0.00189058145043,
                0.000159375544172,
                0.000536711828317,
                0.000287706963718,
                0.000275295198662,
                0.00066824402893,
                0.000543930509593,
                0.000395940413,
                9.63765778579e-05,
                0.000205199816264,
                0.000148092804011,
                0.000187594967429,
                0.000128840096295,
                0.000143398327054,
                0.000129150997964,
                0.000106483959826,
                0.000105658422399,
                9.14060365176e-05,
                7.81533890404e-05,
                0.000114977483463,
                0.000117023955681,
                0.000108319341962,
                8.09738558019e-05,
                4.29482061008e-05,
                6.32406624845e-07
            ],
            "min": [
                5.30428840075e-26,
                1.62099369071e-24,
                3.39276083783e-25,
                2.32221471316e-25,
                5.01655582292e-24,
                4.16017315738e-24,
                4.21373602398e-24,
                5.16492675412e-24,
                1.17914013509e-23,
                9.83437234026e-24,
                1.11086753696e-23,
                7.76115831778e-24,
                1.20652410035e-23,
                2.77386024143e-23,
                3.30523694719e-23,
                4.26150486501e-23,
                5.11300605927e-23,
                7.54398222845e-23,
                1.23704724292e-22,
                1.59003359414e-22,
                2.23772626265e-22,
                2.97012668895e-22,
                3.03748607014e-22,
                4.55107916879e-22,
                7.94360313338e-22,
                1.21919697409e-21,
                1.87484403634e-21
            ],
            "var": [
                2.66984643531e-05,
                0.000879641796928,
                7.89939731476e-05,
                1.07242613012e-05,
                1.12736688607e-05,
                1.07094920168e-05,
                3.53662544512e-05,
                3.20908002323e-05,
                1.56300957315e-05,
                1.06674224298e-05,
                2.0674146981e-06,
                4.04982120017e-06,
                3.1458828289e-06,
                1.74029958089e-06,
                1.73119519786e-06,
                1.59225635343e-06,
                1.72663544618e-06,
                7.52820085381e-07,
                3.84442813584e-07,
                3.54146607151e-07,
                2.46585415198e-07,
                2.19923350642e-07,
                4.25677882276e-07,
                7.48006243612e-07,
                5.83203586757e-07,
                2.37087490973e-07,
                2.61984267613e-10
            ]
        },
        "barkbands_crest": {
            "dmean": 2.67503809929,
            "dmean2": 3.89991426468,
            "dvar": 6.5559296608,
            "dvar2": 14.4878997803,
            "max": 26.0431480408,
            "mean": 11.7984199524,
            "median": 10.6104640961,
            "min": 2.5578327179,
            "var": 26.045797348
        },
        "barkbands_flatness_db": {
            "dmean": 0.0263691339642,
            "dmean2": 0.0385855250061,
            "dvar": 0.000800349167548,
            "dvar2": 0.00164540763944,
            "max": 0.667066633701,
            "mean": 0.174311324954,
            "median": 0.146466970444,
            "min": 0.0270035341382,
            "var": 0.0100235380232
        },
        "barkbands_kurtosis": {
            "dmean": 5.71660423279,
            "dmean2": 9.05494976044,
            "dvar": 233.547805786,
            "dvar2": 575.630554199,
            "max": 390.208618164,
            "mean": 6.86804437637,
            "median": 2.61813020706,
            "min": -1.92069113255,
            "var": 277.05178833
        },
        "barkbands_skewness": {
            "dmean": 0.753617405891,
            "dmean2": 1.0937384367,
            "dvar": 1.00255739689,
            "dvar2": 2.17239069939,
            "max": 16.0171318054,
            "mean": 1.72197520733,
            "median": 1.47234117985,
            "min": -10.7199640274,
            "var": 3.15640211105
        },
        "barkbands_spread": {
            "dmean": 8.43094730377,
            "dmean2": 12.7082366943,
            "dvar": 133.205581665,
            "dvar2": 287.708831787,
            "max": 131.477416992,
            "mean": 26.0367565155,
            "median": 21.7508468628,
            "min": 0.221347853541,
            "var": 416.137207031
        },
        "dissonance": {
            "dmean": 0.0236688349396,
            "dmean2": 0.0396741181612,
            "dvar": 0.00089028396178,
            "dvar2": 0.00245831534266,
            "max": 0.500000059605,
            "mean": 0.462552517653,
            "median": 0.475872963667,
            "min": 0,
            "var": 0.0016133779427
        },
        "dynamic_complexity": 2.8127644062,
        "erbbands": {
            "dmean": [
                0.374149143696,
                1.70249843597,
                3.44522094727,
                3.31020998955,
                2.74932289124,
                4.88957262039,
                7.78305721283,
                9.5687456131,
                19.8134326935,
                22.3109169006,
                37.8918190002,
                20.5606689453,
                23.1288547516,
                21.0299549103,
                15.4820203781,
                22.6902275085,
                20.6880531311,
                17.4213066101,
                22.5095214844,
                19.3390483856,
                21.7655296326,
                22.1764030457,
                16.3213367462,
                11.480676651,
                9.98000907898,
                8.65100097656,
                5.64491510391,
                6.28438663483,
                6.29368591309,
                6.3991394043,
                5.61548995972,
                5.37892389297,
                3.62526750565,
                2.71021580696,
                1.50222575665,
                0.88547873497,
                0.306923151016,
                0.0400955490768,
                0.000792386068497,
                3.8191468775e-05
            ],
            "dmean2": [
                0.521128535271,
                2.54842686653,
                5.84688091278,
                6.02929162979,
                4.7393155098,
                7.8458480835,
                12.3704948425,
                15.4472198486,
                32.0777435303,
                34.8678970337,
                56.6235847473,
                29.8611793518,
                35.7105674744,
                33.1012535095,
                24.1742401123,
                35.1511993408,
                31.6308403015,
                27.2919998169,
                35.4086494446,
                29.3017063141,
                32.939163208,
                33.519367218,
                24.7477493286,
                17.6014518738,
                15.4340105057,
                13.2575740814,
                9.0772819519,
                10.1986885071,
                10.0575037003,
                10.2446289063,
                8.77823543549,
                8.34589958191,
                5.60360908508,
                4.24425840378,
                2.36243367195,
                1.41794002056,
                0.499754190445,
                0.0657993927598,
                0.0012965304777,
                5.9878344473e-05
            ],
            "dvar": [
                0.557591795921,
                21.7841186523,
                153.531936646,
                212.542831421,
                115.601371765,
                125.167861938,
                337.725616455,
                772.721374512,
                3804.80737305,
                3095.75732422,
                5945.98144531,
                3033.84057617,
                4300.74951172,
                2829.82446289,
                2056.58276367,
                4014.19360352,
                3356.71801758,
                1946.99438477,
                3529.70678711,
                2386.40039063,
                2653.53271484,
                2857.40063477,
                1744.06628418,
                650.216491699,
                510.102111816,
                507.976837158,
                349.918670654,
                233.583435059,
                157.486206055,
                186.971282959,
                207.588638306,
                194.988174438,
                100.890892029,
                57.3845024109,
                13.6766881943,
                3.54079842567,
                0.465994358063,
                0.00854718778282,
                3.24099073623e-06,
                4.44983738745e-09
            ],
            "dvar2": [
                1.19777905941,
                53.1154441833,
                435.106567383,
                618.259277344,
                325.646392822,
                298.369567871,
                781.751953125,
                1771.18115234,
                9346.84082031,
                7243.25097656,
                12573.7011719,
                6106.02734375,
                9495.40625,
                6512.33691406,
                4708.57177734,
                9535.44335938,
                7317.39355469,
                4743.71142578,
                8759.84863281,
                5436.87548828,
                5979.91113281,
                6189.89697266,
                4137.07910156,
                1501.16345215,
                1137.66381836,
                1134.47607422,
                875.484741211,
                571.083251953,
                360.675231934,
                436.305969238,
                462.17288208,
                424.976959229,
                222.335784912,
                126.958755493,
                30.0638504028,
                8.0472650528,
                1.09573042393,
                0.0199845824391,
                7.57610132496e-06,
                1.01901225236e-08
            ],
            "max": [
                8.82466506958,
                53.3309631348,
                128.257339478,
                162.480911255,
                143.355270386,
                189.641693115,
                491.953063965,
                577.387268066,
                1352.35290527,
                1162.23840332,
                1043.23999023,
                2034.35327148,
                1445.6237793,
                1012.71362305,
                1289.17932129,
                1136.64819336,
                1788.18615723,
                914.630554199,
                1586.52563477,
                1384.34155273,
                1374.26342773,
                1131.36096191,
                1203.68469238,
                575.921691895,
                613.852722168,
                726.115234375,
                303.981445313,
                287.936523438,
                292.481964111,
                317.925170898,
                461.842529297,
                611.770080566,
                261.433898926,
                178.505447388,
                101.003242493,
                48.756603241,
                16.4896755219,
                2.23817420006,
                0.042421169579,
                0.0015058250865
            ],
            "mean": [
                1.04781126976,
                3.08462452888,
                4.55658912659,
                3.07989645004,
                2.66583585739,
                6.00719642639,
                10.4517803192,
                13.3907146454,
                36.734588623,
                31.9681873322,
                64.9301986694,
                39.2590637207,
                35.8540496826,
                30.832649231,
                21.1754455566,
                29.174451828,
                30.1998233795,
                25.3645915985,
                32.4278030396,
                29.8760204315,
                33.4707221985,
                33.5611190796,
                23.9792308807,
                18.53865242,
                16.179058075,
                12.9453868866,
                8.16245937347,
                10.5826377869,
                9.59892940521,
                9.26807785034,
                8.75965881348,
                9.1357793808,
                5.86120843887,
                3.85484194756,
                2.13796019554,
                1.17083287239,
                0.385717451572,
                0.050203435123,
                0.00102853332646,
                9.81225675787e-05
            ],
            "median": [
                0.686466991901,
                1.07116556168,
                2.56222677231,
                1.17953085899,
                0.763476192951,
                1.51505088806,
                2.48720049858,
                2.73679566383,
                4.04223012924,
                9.85937213898,
                19.0337619781,
                14.782544136,
                12.2714624405,
                10.8164720535,
                6.52316904068,
                7.85377311707,
                8.15962314606,
                8.02503108978,
                11.0884981155,
                7.53503370285,
                8.76608467102,
                8.67146682739,
                6.35878658295,
                6.12148952484,
                5.20182991028,
                4.47569799423,
                3.40865468979,
                3.42087721825,
                4.13459300995,
                3.76330471039,
                3.08117341995,
                2.56227564812,
                1.5275696516,
                0.856588482857,
                0.575541079044,
                0.255210787058,
                0.0632770061493,
                0.00660999072716,
                0.000173611042555,
                7.32415792299e-05
            ],
            "min": [
                5.96263228893e-23,
                5.49932279348e-22,
                1.13558791653e-21,
                2.2435836243e-21,
                6.47263780613e-21,
                1.63863703865e-20,
                2.4420373395e-20,
                3.44470286498e-20,
                9.06497216657e-20,
                1.12173639751e-19,
                1.38709438705e-19,
                3.05722800774e-19,
                3.390393611e-19,
                6.17290408057e-19,
                7.97934504623e-19,
                6.09408359096e-19,
                1.10143989267e-18,
                1.49928512618e-18,
                2.48851972651e-18,
                2.74680356406e-18,
                2.81645485997e-18,
                3.48793774737e-18,
                4.3262464207e-18,
                5.10700234855e-18,
                5.57852879852e-18,
                7.35024420508e-18,
                7.84121477612e-18,
                9.00184678285e-18,
                9.7665090847e-18,
                1.07581753892e-17,
                9.00768171489e-18,
                1.02499349414e-17,
                7.79025383295e-18,
                7.05129037836e-18,
                5.32780125587e-18,
                3.81169210322e-18,
                2.18802155358e-18,
                8.26778344281e-19,
                2.36685350422e-19,
                2.44202748442e-20
            ],
            "var": [
                1.49709236622,
                31.9715480804,
                100.275268555,
                120.647636414,
                75.6675872803,
                162.462722778,
                503.579620361,
                1230.86352539,
                9239.02734375,
                4363.25146484,
                13718.7773438,
                6849.43457031,
                7242.96875,
                4552.76855469,
                2927.91015625,
                5346.39697266,
                6708.45849609,
                2752.38574219,
                4650.14892578,
                4068.91015625,
                5308.65966797,
                5635.11621094,
                2646.82495117,
                1094.77380371,
                925.225463867,
                865.635559082,
                397.255279541,
                382.941558838,
                262.708404541,
                299.105194092,
                382.424285889,
                399.928283691,
                181.777862549,
                96.4457321167,
                23.1144638062,
                5.99067640305,
                0.722907245159,
                0.0130873741582,
                5.04015179104e-06,
                9.96260318686e-09
            ]
        },
        "erbbands_crest": {
            "dmean": 2.96708011627,
            "dmean2": 4.75275230408,
            "dvar": 7.81329917908,
            "dvar2": 18.7863349915,
            "max": 30.9556026459,
            "mean": 10.535490036,
            "median": 9.55496788025,
            "min": 2.43296003342,
            "var": 27.5676498413
        },
        "erbbands_flatness_db": {
            "dmean": 0.0221226997674,
            "dmean2": 0.0324734002352,
            "dvar": 0.000483965675812,
            "dvar2": 0.000945860287175,
            "max": 0.540001451969,
            "mean": 0.165732309222,
            "median": 0.141512811184,
            "min": 0.0430994108319,
            "var": 0.00802786275744
        },
        "erbbands_kurtosis": {
            "dmean": 1.9397418499,
            "dmean2": 2.97311139107,
            "dvar": 21.3885498047,
            "dvar2": 43.4245567322,
            "max": 186.715332031,
            "mean": 2.35525012016,
            "median": 0.473111778498,
            "min": -1.91048920155,
            "var": 50.9584579468
        },
        "erbbands_skewness": {
            "dmean": 0.511499583721,
            "dmean2": 0.760145962238,
            "dvar": 0.299385517836,
            "dvar2": 0.657350897789,
            "max": 9.68232727051,
            "mean": 0.357938349247,
            "median": 0.293516039848,
            "min": -5.96607637405,
            "var": 1.43583190441
        },
        "erbbands_spread": {
            "dmean": 10.7005729675,
            "dmean2": 16.0706520081,
            "dvar": 161.6456604,
            "dvar2": 340.355010986,
            "max": 177.126434326,
            "mean": 38.0206375122,
            "median": 34.7353096008,
            "min": 0.583301484585,
            "var": 593.395568848
        },
        "gfcc": {
            "cov": [
                [
                    54635.671875,
                    -1577.20629883,
                    -4122.31738281,
                    2599.69799805,
                    -1338.03393555,
                    2402.43017578,
                    -1814.77758789,
                    1438.37084961,
                    -995.848449707,
                    822.054992676,
                    -1016.87866211,
                    570.589233398,
                    -852.847961426
                ],
                [
                    -1577.20629883,
                    4048.87939453,
                    642.465576172,
                    -647.201721191,
                    -22.7350101471,
                    -565.086181641,
                    617.954284668,
                    -129.939071655,
                    485.109558105,
                    -152.818328857,
                    304.067626953,
                    -237.720535278,
                    257.322601318
                ],
                [
                    -4122.31738281,
                    642.465576172,
                    1581.53222656,
                    100.112342834,
                    281.633422852,
                    -59.9951095581,
                    402.123077393,
                    17.8072090149,
                    150.789077759,
                    15.8318099976,
                    127.029502869,
                    -76.8143539429,
                    75.3240814209
                ],
                [
                    2599.69799805,
                    -647.201721191,
                    100.112342834,
                    877.186645508,
                    230.670059204,
                    223.723312378,
                    -57.9138793945,
                    130.262252808,
                    -35.7343940735,
                    126.207061768,
                    -62.4636230469,
                    70.6415634155,
                    -28.1329708099
                ],
                [
                    -1338.03393555,
                    -22.7350101471,
                    281.633422852,
                    230.670059204,
                    612.660339355,
                    195.377197266,
                    171.614868164,
                    41.1100234985,
                    36.3231811523,
                    15.5905427933,
                    19.2109622955,
                    4.76515722275,
                    13.0401363373
                ],
                [
                    2402.43017578,
                    -565.086181641,
                    -59.9951095581,
                    223.723312378,
                    195.377197266,
                    615.683654785,
                    37.3030967712,
                    142.978637695,
                    -66.3078918457,
                    93.3818740845,
                    -58.5816993713,
                    45.0314064026,
                    -83.0015335083
                ],
                [
                    -1814.77758789,
                    617.954284668,
                    402.123077393,
                    -57.9138793945,
                    171.614868164,
                    37.3030967712,
                    582.948974609,
                    73.8709411621,
                    97.3623657227,
                    10.3563041687,
                    55.0333938599,
                    -37.8268890381,
                    49.6434402466
                ],
                [
                    1438.37084961,
                    -129.939071655,
                    17.8072090149,
                    130.262252808,
                    41.1100234985,
                    142.978637695,
                    73.8709411621,
                    248.774307251,
                    37.0181541443,
                    49.5593910217,
                    -40.6377563477,
                    12.6334133148,
                    -42.5262870789
                ],
                [
                    -995.848449707,
                    485.109558105,
                    150.789077759,
                    -35.7343940735,
                    36.3231811523,
                    -66.3078918457,
                    97.3623657227,
                    37.0181541443,
                    289.570404053,
                    42.7296447754,
                    37.2907333374,
                    -56.6546325684,
                    42.031879425
                ],
                [
                    822.054992676,
                    -152.818328857,
                    15.8318099976,
                    126.207061768,
                    15.5905427933,
                    93.3818740845,
                    10.3563041687,
                    49.5593910217,
                    42.7296447754,
                    210.580032349,
                    3.40534353256,
                    -11.4556722641,
                    -30.3445110321
                ],
                [
                    -1016.87866211,
                    304.067626953,
                    127.029502869,
                    -62.4636230469,
                    19.2109622955,
                    -58.5816993713,
                    55.0333938599,
                    -40.6377563477,
                    37.2907333374,
                    3.40534353256,
                    152.861434937,
                    -2.44990777969,
                    31.0697917938
                ],
                [
                    570.589233398,
                    -237.720535278,
                    -76.8143539429,
                    70.6415634155,
                    4.76515722275,
                    45.0314064026,
                    -37.8268890381,
                    12.6334133148,
                    -56.6546325684,
                    -11.4556722641,
                    -2.44990777969,
                    116.370689392,
                    9.09606552124
                ],
                [
                    -852.847961426,
                    257.322601318,
                    75.3240814209,
                    -28.1329708099,
                    13.0401363373,
                    -83.0015335083,
                    49.6434402466,
                    -42.5262870789,
                    42.031879425,
                    -30.3445110321,
                    31.0697917938,
                    9.09606552124,
                    126.13835144
                ]
            ],
            "icov": [
                [
                    0.000132691347972,
                    -0.00034650406451,
                    0.000208457568078,
                    -0.000390141678508,
                    0.0003509077942,
                    -0.000446790625574,
                    0.000395794922952,
                    -0.000503454182763,
                    0.000504690222442,
                    -0.000361270707799,
                    0.000548307958525,
                    -0.000450125546195,
                    0.000379069504561
                ],
                [
                    -0.00034650406451,
                    0.00143641617615,
                    -0.000531858589966,
                    0.00114774319809,
                    -0.000857593840919,
                    0.00134248600807,
                    -0.00140843645204,
                    0.00132829521317,
                    -0.00182299176231,
                    0.00126495573204,
                    -0.00202993769199,
                    0.0018062023446,
                    -0.00144380505662
                ],
                [
                    0.000208457568078,
                    -0.000531858589966,
                    0.00121704139747,
                    -0.000812064041384,
                    0.000327912159264,
                    -0.000563046371099,
                    0.000141018725117,
                    -0.000775101885665,
                    0.000674337090459,
                    -0.000492684019264,
                    0.00033797454671,
                    -0.000226509306231,
                    0.000455187429907
                ],
                [
                    -0.000390141678508,
                    0.00114774319809,
                    -0.000812064041384,
                    0.00289416429587,
                    -0.00162875000387,
                    0.00127526780125,
                    -0.000789534067735,
                    0.000854451151099,
                    -0.00136763171759,
                    0.000190322607523,
                    -0.00117207528092,
                    0.000633767456748,
                    -0.00149797042832
                ],
                [
                    0.0003509077942,
                    -0.000857593840919,
                    0.000327912159264,
                    -0.00162875000387,
                    0.00327793392353,
                    -0.00193699926604,
                    0.000492908235174,
                    -0.000914330536034,
                    0.000964042672422,
                    -0.000381829391699,
                    0.00111560302321,
                    -0.00100224721245,
                    0.000831663433928
                ],
                [
                    -0.000446790625574,
                    0.00134248600807,
                    -0.000563046371099,
                    0.00127526780125,
                    -0.00193699926604,
                    0.00409786542878,
                    -0.00162080861628,
                    0.000796563108452,
                    -0.00129400705919,
                    0.000496348424349,
                    -0.00162837794051,
                    0.00108832784463,
                    -0.000462494790554
                ],
                [
                    0.000395794922952,
                    -0.00140843645204,
                    0.000141018725117,
                    -0.000789534067735,
                    0.000492908235174,
                    -0.00162080861628,
                    0.00398011133075,
                    -0.00249508209527,
                    0.00174363784026,
                    -0.00141086592339,
                    0.00169278832618,
                    -0.00136921775993,
                    0.000525222567376
                ],
                [
                    -0.000503454182763,
                    0.00132829521317,
                    -0.000775101885665,
                    0.000854451151099,
                    -0.000914330536034,
                    0.000796563108452,
                    -0.00249508209527,
                    0.00778138404712,
                    -0.00328539730981,
                    0.00124796072487,
                    -0.000892624841072,
                    0.000703989295289,
                    0.000327885732986
                ],
                [
                    0.000504690222442,
                    -0.00182299176231,
                    0.000674337090459,
                    -0.00136763171759,
                    0.000964042672422,
                    -0.00129400705919,
                    0.00174363784026,
                    -0.00328539730981,
                    0.00723016355187,
                    -0.00283256126568,
                    0.00201893504709,
                    -0.000263473251835,
                    0.000109550579509
                ],
                [
                    -0.000361270707799,
                    0.00126495573204,
                    -0.000492684019264,
                    0.000190322607523,
                    -0.000381829391699,
                    0.000496348424349,
                    -0.00141086592339,
                    0.00124796072487,
                    -0.00283256126568,
                    0.00731623871252,
                    -0.00275952601805,
                    0.00243792799301,
                    -0.000136590606417
                ],
                [
                    0.000548307958525,
                    -0.00202993769199,
                    0.00033797454671,
                    -0.00117207528092,
                    0.00111560302321,
                    -0.00162837794051,
                    0.00169278832618,
                    -0.000892624841072,
                    0.00201893504709,
                    -0.00275952601805,
                    0.0110703324899,
                    -0.00383759452961,
                    0.00144442380406
                ],
                [
                    -0.000450125546195,
                    0.0018062023446,
                    -0.000226509306231,
                    0.000633767456748,
                    -0.00100224721245,
                    0.00108832784463,
                    -0.00136921775993,
                    0.000703989295289,
                    -0.000263473251835,
                    0.00243792799301,
                    -0.00383759452961,
                    0.0134136071429,
                    -0.00420321570709
                ],
                [
                    0.000379069504561,
                    -0.00144380505662,
                    0.000455187429907,
                    -0.00149797042832,
                    0.000831663433928,
                    -0.000462494790554,
                    0.000525222567376,
                    0.000327885732986,
                    0.000109550579509,
                    -0.000136590606417,
                    0.00144442380406,
                    -0.00420321570709,
                    0.0122217060998
                ]
            ],
            "mean": [
                -37.8207054138,
                75.5282974243,
                -89.8135452271,
                21.8925991058,
                -55.0135307312,
                22.9737930298,
                -28.0950374603,
                25.9754734039,
                -9.40946769714,
                11.9800348282,
                -14.0875415802,
                5.25321245193,
                -10.6653394699
            ]
        },
        "hfc": {
            "dmean": 12.107339859,
            "dmean2": 18.1590385437,
            "dvar": 417.378967285,
            "dvar2": 928.316162109,
            "max": 446.146270752,
            "mean": 32.7072181702,
            "median": 26.9458751678,
            "min": 1.03867143842e-16,
            "var": 987.433532715
        },
        "melbands": {
            "dmean": [
                0.00270990957506,
                0.00180563260801,
                0.000561073771678,
                0.000253221340245,
                0.000269173498964,
                0.000220247078687,
                0.000291541306069,
                0.00029127515154,
                0.000294092635158,
                0.000124760597828,
                0.000123639474623,
                9.64091377682e-05,
                5.00125242979e-05,
                6.87220381224e-05,
                5.55143560632e-05,
                4.68487887701e-05,
                3.36021839757e-05,
                4.16177645093e-05,
                2.99741459457e-05,
                2.50779521593e-05,
                2.72084416792e-05,
                2.52561349043e-05,
                1.91132839973e-05,
                1.3154743101e-05,
                9.65054914559e-06,
                8.40510529088e-06,
                7.304828614e-06,
                5.71120926907e-06,
