{
    "lowlevel": {
        "average_loudness": 0.869940161705,
        "barkbands": {
            "dmean": [
                0.000690435699653,
                0.00392928253859,
                0.00212616659701,
                0.000601340201683,
                0.00118745130021,
                0.000540563545655,
                0.000560355721973,
                0.000497385743074,
                0.00060300756013,
                0.001817485434,
                0.000881524232682,
                0.000233510261751,
                0.000306500180159,
                0.000356411299435,
                0.000429557432653,
                0.000227854849072,
                0.000196338165551,
                0.000154156034114,
                0.00030119146686,
                0.000127152496134,
                0.000108965941763,
                7.73518331698e-05,
                8.35838218336e-05,
                0.000110938453872,
                0.000105841048935,
                1.45919893839e-05,
                1.96649097006e-08
            ],
            "dmean2": [
                0.0011329120025,
                0.00709117529914,
                0.00388417812064,
                0.00103239831515,
                0.0018993493868,
                0.00083472172264,
                0.000887663161848,
                0.000774747109972,
                0.000907530542463,
                0.00256668147631,
                0.00131946592592,
                0.000358190969564,
                0.00047377118608,
                0.000549981137738,
                0.000686853891239,
                0.000360734004062,
                0.000315897341352,
                0.000246531504672,
                0.000468799233204,
                0.000204394687898,
                0.000176009532879,
                0.000124865619,
                0.000129275009385,
                0.000167153644725,
                0.000157260641572,
                2.16334065044e-05,
                3.55205536096e-08
            ],
            "dvar": [
                1.48599099248e-06,
                6.61325466353e-05,
                2.4196191589e-05,
                1.24881137253e-06,
                6.28933457847e-06,
                1.10115990992e-06,
                1.48447054471e-06,
                1.32324646529e-06,
                2.28970407079e-06,
                1.31099850478e-05,
                3.98121164835e-06,
                5.29892872692e-07,
                1.08899632778e-06,
                1.77125571099e-06,
                1.14066972401e-06,
                5.23211269865e-07,
                2.57396408188e-07,
                1.64975858752e-07,
                6.75680155382e-07,
                7.02116693674e-08,
                4.35782467889e-08,
                1.74926810814e-08,
                4.74104702164e-08,
                1.22896238963e-07,
                7.85600846598e-08,
                1.49502066282e-09,
                4.74181918774e-15
            ],
            "dvar2": [
                3.52598817699e-06,
                0.000188452933799,
                6.91895183991e-05,
                3.46430078935e-06,
                1.5900017388e-05,
                2.58946647591e-06,
                3.77088917958e-06,
                3.06088531943e-06,
                5.32654485141e-06,
                2.55491813732e-05,
                8.92794196261e-06,
                1.23435700061e-06,
                2.40261374529e-06,
                4.11324799643e-06,
                2.88524893222e-06,
                1.2573237882e-06,
                6.15740532339e-07,
                3.91162672031e-07,
                1.52427537614e-06,
                1.58343127055e-07,
                1.03729753675e-07,
                4.3014729556e-08,
                1.08245956199e-07,
                2.56634479001e-07,
                1.7577485778e-07,
                3.4367972912e-09,
                1.35177996523e-14
            ],
            "max": [
                0.0180365554988,
                0.0589043386281,
                0.0491566807032,
                0.0188968088478,
                0.0401583947241,
                0.0302648749202,
                0.0220163688064,
                0.0318627133965,
                0.044039580971,
                0.0724497959018,
                0.0522482506931,
                0.0261444412172,
                0.028915900737,
                0.0291465204209,
                0.0192946214229,
                0.0200871601701,
                0.0149658303708,
                0.00990006700158,
                0.0165593475103,
                0.00679488200694,
                0.0069867875427,
                0.00251665571705,
                0.00585310580209,
                0.0065732896328,
                0.00798818375915,
                0.00187952525448,
                1.28642591335e-06
            ],
            "mean": [
                0.000902784697246,
                0.00416375184432,
                0.00241902656853,
                0.00084632524522,
                0.00239421939477,
                0.00114475900773,
                0.000963830621913,
                0.000922448700294,
                0.00123689998873,
                0.00536337075755,
                0.00200626952574,
                0.000433855020674,
                0.000452441396192,
                0.00057804066455,
                0.000695108901709,
                0.000376346724806,
                0.000354442774551,
                0.000274287885986,
                0.000549739284907,
                0.00025265221484,
                0.000250720680924,
                0.000178175454494,
                0.000182694784598,
                0.000219877503696,
                0.000245621165959,
                2.8942076824e-05,
                1.4501480905e-08
            ],
            "median": [
                0.000148595165228,
                0.00182062620297,
                0.00115501333494,
                0.000487905257614,
                0.0013616484357,
                0.000620645063464,
                0.000433088571299,
                0.000308898714138,
                0.000342843326507,
                0.000666398147587,
                0.000274621066637,
                0.000127339211758,
                9.76970914053e-05,
                0.000134926638566,
                0.000203708288609,
                0.000107693034806,
                0.000125939914142,
                9.78277530521e-05,
                0.000160847877851,
                0.000114530135761,
                9.4874194474e-05,
                9.4229260867e-05,
                9.47802109295e-05,
                9.97850293061e-05,
                0.000132611312438,
                1.34327319756e-05,
                6.74140632206e-10
            ],
            "min": [
                2.06602339756e-23,
                3.84349031123e-23,
                5.88088736649e-23,
                1.1253503132e-23,
                2.22564356416e-23,
                4.18157148275e-23,
                8.6448182157e-24,
                2.19792425413e-23,
                1.00545276417e-22,
                4.86388441649e-23,
                5.41911974701e-23,
                1.16052521076e-22,
                7.66329523155e-23,
                9.55623513121e-23,
                1.1135175574e-22,
                1.75643970002e-22,
                2.94826552311e-22,
                2.35423155202e-22,
                2.16976330821e-22,
                3.97100462785e-22,
                4.93278434836e-22,
                5.49187190756e-22,
                5.60501399891e-22,
                7.73865732264e-22,
                1.33689724258e-21,
                2.01575817149e-21,
                2.56738686781e-21
            ],
            "var": [
                2.59774083133e-06,
                5.33020865987e-05,
                1.75430468516e-05,
                1.3062567632e-06,
                1.0144263797e-05,
                2.74276021628e-06,
                2.33621176449e-06,
                3.44703971678e-06,
                6.7625196607e-06,
                0.000102120247902,
                1.65634646692e-05,
                1.40354188716e-06,
                2.06094614441e-06,
                3.56933924195e-06,
                1.93094660972e-06,
                9.22726712815e-07,
                5.49233675429e-07,
                3.67831660242e-07,
                1.48211893247e-06,
                1.76128139628e-07,
                1.60809108252e-07,
                5.41949169985e-08,
                9.96544926579e-08,
                2.49629891869e-07,
                1.65800855711e-07,
                2.68451194607e-09,
                3.26472459432e-15
            ]
        },
        "barkbands_crest": {
            "dmean": 2.62019896507,
            "dmean2": 4.29628992081,
            "dvar": 6.06502532959,
            "dvar2": 16.2372608185,
            "max": 26.535036087,
            "mean": 10.411658287,
            "median": 9.34052371979,
            "min": 2.48602199554,
            "var": 20.6479549408
        },
        "barkbands_flatness_db": {
            "dmean": 0.0191278252751,
            "dmean2": 0.0307839922607,
            "dvar": 0.000347879133187,
            "dvar2": 0.00094167800853,
            "max": 0.379333376884,
            "mean": 0.14291344583,
            "median": 0.135145351291,
            "min": 0.050522852689,
            "var": 0.00243937782943
        },
        "barkbands_kurtosis": {
            "dmean": 2.95013546944,
            "dmean2": 4.79372024536,
            "dvar": 43.7259559631,
            "dvar2": 108.008346558,
            "max": 224.598922729,
            "mean": 4.42186546326,
            "median": 1.89398467541,
            "min": -1.95089542866,
            "var": 77.8375473022
        },
        "barkbands_skewness": {
            "dmean": 0.525488376617,
            "dmean2": 0.825506985188,
            "dvar": 0.475612550974,
            "dvar2": 1.1074616909,
            "max": 12.0095911026,
            "mean": 1.36150312424,
            "median": 1.07748925686,
            "min": -3.45290184021,
            "var": 1.53708529472
        },
        "barkbands_spread": {
            "dmean": 6.06314706802,
            "dmean2": 9.42118263245,
            "dvar": 76.980682373,
            "dvar2": 166.689422607,
            "max": 121.165763855,
            "mean": 23.7384128571,
            "median": 20.2844810486,
            "min": 0.78844076395,
            "var": 267.078552246
        },
        "dissonance": {
            "dmean": 0.0239366386086,
            "dmean2": 0.0399526059628,
            "dvar": 0.000541475834325,
            "dvar2": 0.00151900667697,
            "max": 0.500000059605,
            "mean": 0.447948932648,
            "median": 0.455823510885,
            "min": 0.232855245471,
            "var": 0.00128986919299
        },
        "dynamic_complexity": 4.52841854095,
        "erbbands": {
            "dmean": [
                0.123720027506,
                0.909593224525,
                2.43979907036,
                2.11356663704,
                3.53837537766,
                3.88115286827,
                4.33602762222,
                4.15827703476,
                6.83976221085,
                9.50763607025,
                11.6858940125,
                14.5635175705,
                44.8690567017,
                42.0791931152,
                33.7259101868,
                11.2490777969,
                13.4307250977,
                18.5899543762,
                16.675863266,
                19.2374649048,
                13.5196428299,
                7.77696943283,
                5.75801181793,
                12.1439771652,
                15.1098022461,
                6.54465484619,
                5.05835819244,
                3.41189217567,
                2.92644572258,
                2.28186988831,
                2.52207946777,
                2.22099065781,
                2.01313304901,
                1.59439480305,
                0.572180092335,
                0.122164480388,
                0.0148796159774,
                0.000327723420924,
                1.99810601771e-05,
                1.00438501249e-05
            ],
            "dmean2": [
                0.214810103178,
                1.67749154568,
                4.4883556366,
                3.73312330246,
                5.83983278275,
                6.12731170654,
                6.70360994339,
                6.53802394867,
                10.7574825287,
                15.3072319031,
                17.7730579376,
                21.6116428375,
                61.5488014221,
                61.4137802124,
                50.718208313,
                17.0878372192,
                20.6358852386,
                28.2081165314,
                26.6975955963,
                30.3435955048,
                21.3224983215,
                12.3778600693,
                9.14620304108,
                18.8623409271,
                23.4721031189,
                10.437584877,
                8.11839294434,
                5.55110645294,
                4.73874759674,
                3.62056922913,
                3.88247036934,
                3.39577698708,
                3.04213047028,
                2.40067243576,
                0.848958790302,
                0.1799184829,
                0.0222305171192,
                0.000482456933241,
                2.93483681162e-05,
                1.61493735504e-05
            ],
            "dvar": [
                0.0469290539622,
                4.64553260803,
                34.5548477173,
                16.0658187866,
                99.9928665161,
                52.3770675659,
                76.2898635864,
                82.1823959351,
                194.661087036,
                541.748168945,
                831.21484375,
                1408.17297363,
                11843.25,
                9905.73632813,
                6004.10058594,
                1307.02624512,
                2198.11767578,
                4719.23828125,
                2613.73339844,
                1940.14953613,
                2066.69897461,
                441.92175293,
                172.159103394,
                982.282897949,
                1955.68774414,
                199.876174927,
                93.7638168335,
                40.7974739075,
                24.4549503326,
                27.6146011353,
                41.616153717,
                50.977016449,
                45.9589653015,
                17.963973999,
                2.49746084213,
                0.114664405584,
                0.0011103656143,
                5.31074590526e-07,
                1.82101311808e-09,
                2.20979679e-10
            ],
            "dvar2": [
                0.129973426461,
                13.495757103,
                99.3115310669,
                45.3060302734,
                263.138549805,
                130.36656189,
                165.051391602,
                210.61038208,
                483.11416626,
                1368.96826172,
                1905.63916016,
                3202.90966797,
                21438.4121094,
                21113.8964844,
                13687.5712891,
                3055.96948242,
                4887.58886719,
                10609.0654297,
                6623.73632813,
                4638.58300781,
                4970.58398438,
                994.159179688,
                398.608154297,
                2196.83666992,
                4376.15087891,
                456.904968262,
                224.552825928,
                102.826393127,
                62.1243247986,
                65.3773269653,
                92.7182769775,
                112.144714355,
                99.8712310791,
                39.7489967346,
                5.8100361824,
                0.262245297432,
                0.00243371841498,
                1.13724308903e-06,
                3.87835008553e-09,
                5.69515046234e-10
            ],
            "max": [
                2.24234509468,
                14.7156639099,
                57.0598526001,
                51.7699928284,
                175.172485352,
                177.774383545,
                308.484558105,
                287.087524414,
                220.40196228,
                747.790222168,
                876.152709961,
                1160.32519531,
                2833.69360352,
                2245.00048828,
                2422.89404297,
                1344.97338867,
                1403.34350586,
                1528.34753418,
                1055.05627441,
                1057.11901855,
                1340.3651123,
                987.398376465,
                342.221710205,
                726.122741699,
                941.592712402,
                355.795623779,
                328.504302979,
                201.506210327,
                91.8650512695,
                131.29927063,
                136.443115234,
                202.035171509,
                135.737243652,
                108.20880127,
                44.8432998657,
                16.8233890533,
                1.06746089458,
                0.0230911727995,
                0.00130495172925,
                0.000199278118089
            ],
            "mean": [
                0.142293959856,
                0.863421499729,
                2.65479135513,
                2.95504784584,
                5.69803094864,
                8.00470161438,
                9.33160305023,
                8.18720245361,
                12.4259252548,
                16.2639942169,
                23.7659854889,
                33.8002166748,
                143.143569946,
                109.488502502,
                82.1807556152,
                24.0511360168,
                22.3186225891,
                32.9999275208,
                27.2598228455,
                34.1832199097,
                24.5291805267,
                16.2721328735,
                12.4621696472,
                22.708820343,
                28.4312019348,
                13.8898487091,
                11.4352807999,
                7.92238807678,
                6.79294919968,
                5.1044011116,
                5.38349056244,
                4.3404340744,
                3.91544485092,
                3.61682868004,
                1.22788727283,
                0.255220234394,
                0.0295658539981,
                0.00070983520709,
                5.88268048887e-05,
                4.00340322813e-05
            ],
            "median": [
                0.0522436350584,
                0.373177349567,
                1.30685281754,
                1.71243309975,
                3.00643897057,
                4.09024238586,
                4.70725917816,
                4.33489608765,
                6.32293748856,
                6.62601137161,
                8.3368139267,
                10.8318462372,
                18.0009326935,
                24.54621315,
                14.4305362701,
                8.87016010284,
                6.01961803436,
                8.14006996155,
                9.5226764679,
                10.6428356171,
                7.71507930756,
                6.25023269653,
                5.34458732605,
                7.71380662918,
                7.6357998848,
                5.83085393906,
                4.71103525162,
                3.5442969799,
                3.61040115356,
                2.49321484566,
                2.83777403831,
                1.78131055832,
                1.72230219841,
                1.7931702137,
                0.610448598862,
                0.119645036757,
                0.0133545929566,
                0.000352484785253,
                4.16401198891e-05,
                3.96649120376e-05
            ],
            "min": [
                1.95740881877e-21,
                6.62840019678e-21,
                4.68964490667e-20,
                6.78815559181e-20,
                3.48041186428e-20,
                7.7379327722e-20,
                1.29855891965e-19,
                4.92138653462e-19,
                1.82279484336e-19,
                1.94406171836e-19,
                9.17029487676e-19,
                2.55598230252e-18,
                1.47327991189e-18,
                1.41691055167e-18,
                3.51317213272e-18,
                4.76266815265e-18,
                3.87394406176e-18,
                2.99086361738e-18,
                6.83460131792e-18,
                7.02154413635e-18,
                1.04618462066e-17,
                1.66734332851e-17,
                1.4407884849e-17,
                1.42386585849e-17,
                1.25295884613e-17,
                1.76475906576e-17,
                2.1827660202e-17,
                1.83925098126e-17,
                1.61422791071e-17,
                1.56088683804e-17,
                1.96150364359e-17,
                1.736229441e-17,
                1.1811176309e-17,
                1.16138705719e-17,
                1.15346084712e-17,
                6.40904005381e-18,
                3.6142738695e-18,
                1.78390308571e-18,
                3.58517499972e-19,
                3.48751269285e-20
            ],
            "var": [
                0.052989628166,
                3.08793926239,
                23.1859855652,
                15.2009563446,
                98.7865829468,
                140.760253906,
                245.17805481,
                155.001602173,
                325.272857666,
                925.129455566,
                2430.59057617,
                4361.75097656,
                112591.859375,
                53636.7734375,
                25007.4863281,
                3527.40234375,
                4319.13574219,
                11420.9169922,
                4004.77734375,
                4650.10986328,
                3674.25317383,
                1088.87353516,
                557.964233398,
                2090.90820313,
                4547.79492188,
                534.366577148,
                339.084014893,
                124.264877319,
                77.2434082031,
                62.5606384277,
                89.441986084,
                97.0712890625,
                85.3830108643,
                37.6004486084,
                4.75296783447,
                0.211191803217,
                0.00226459791884,
                1.17073659567e-06,
                4.65376004399e-09,
                6.96654067767e-10
            ]
        },
        "erbbands_crest": {
            "dmean": 3.04732346535,
            "dmean2": 4.75222492218,
            "dvar": 8.56010437012,
            "dvar2": 20.1364345551,
            "max": 32.8067131042,
            "mean": 12.9472532272,
            "median": 11.2557497025,
            "min": 2.63665056229,
            "var": 44.3860321045
        },
        "erbbands_flatness_db": {
            "dmean": 0.0180273987353,
            "dmean2": 0.0257433466613,
            "dvar": 0.000309445924358,
            "dvar2": 0.000615566968918,
            "max": 0.43460381031,
            "mean": 0.16825415194,
            "median": 0.162768036127,
            "min": 0.0606158003211,
            "var": 0.00255019892938
        },
        "erbbands_kurtosis": {
            "dmean": 1.45978164673,
            "dmean2": 2.21446180344,
            "dvar": 4.92269849777,
            "dvar2": 11.1164808273,
            "max": 77.9966659546,
            "mean": 1.95816099644,
            "median": 0.713864505291,
            "min": -1.90723884106,
            "var": 16.2711963654
        },
        "erbbands_skewness": {
            "dmean": 0.408800572157,
            "dmean2": 0.611593306065,
            "dvar": 0.174859270453,
            "dvar2": 0.348999023438,
            "max": 8.08486843109,
            "mean": 0.779269039631,
            "median": 0.731551527977,
            "min": -4.0028758049,
            "var": 1.03694331646
        },
        "erbbands_spread": {
            "dmean": 8.72521018982,
            "dmean2": 13.173043251,
            "dvar": 139.728118896,
            "dvar2": 317.726867676,
            "max": 172.990036011,
            "mean": 35.1596107483,
            "median": 29.8201999664,
            "min": 2.2254524231,
            "var": 476.780273438
        },
        "gfcc": {
            "cov": [
                [
                    16891.8085938,
                    -2016.08459473,
                    -196.74760437,
                    1713.60656738,
                    -238.64541626,
                    1113.3503418,
                    -135.20249939,
                    902.41394043,
                    -390.47354126,
                    43.1614265442,
                    -176.906005859,
                    283.003082275,
                    296.180297852
                ],
                [
                    -2016.08459473,
                    1031.49987793,
                    -96.8575820923,
                    -156.160507202,
                    230.000808716,
                    -273.053161621,
                    69.0406494141,
                    -208.331008911,
                    128.412322998,
                    -26.7684192657,
                    85.6606216431,
                    -103.472801208,
                    -19.2892837524
                ],
                [
                    -196.74760437,
                    -96.8575820923,
                    768.092346191,
                    188.05581665,
                    -37.1284179688,
                    98.4548034668,
                    -168.843917847,
                    39.7449913025,
                    -2.58244037628,
                    29.65391922,
                    -12.8978843689,
                    -9.34462451935,
                    -91.5391845703
                ],
                [
                    1713.60656738,
                    -156.160507202,
                    188.05581665,
                    578.869567871,
                    134.950042725,
                    103.540626526,
                    -16.759765625,
                    90.1837768555,
                    27.5685462952,
                    36.5414733887,
                    26.331161499,
                    20.809337616,
                    11.2238578796
                ],
                [
                    -238.64541626,
                    230.000808716,
                    -37.1284179688,
                    134.950042725,
                    330.500183105,
                    -15.9486551285,
                    41.6251792908,
                    17.7920265198,
                    24.5718078613,
                    56.1013565063,
                    52.8555297852,
                    -9.29013729095,
                    -13.3653755188
                ],
                [
                    1113.3503418,
                    -273.053161621,
                    98.4548034668,
                    103.540626526,
                    -15.9486551285,
                    302.911254883,
                    50.7696723938,
                    71.2868347168,
                    -34.6133842468,
                    -1.3110165596,
                    1.94328200817,
                    37.7339706421,
                    13.8583364487
                ],
                [
                    -135.20249939,
                    69.0406494141,
                    -168.843917847,
                    -16.759765625,
                    41.6251792908,
                    50.7696723938,
                    215.3934021,
                    9.77673721313,
                    22.8905410767,
                    -9.55721282959,
                    -1.10351908207,
                    12.4384870529,
                    44.9866981506
                ],
                [
                    902.41394043,
                    -208.331008911,
                    39.7449913025,
                    90.1837768555,
                    17.7920265198,
                    71.2868347168,
                    9.77673721313,
                    204.144363403,
                    3.3603014946,
                    15.1655502319,
                    -30.0628013611,
                    18.5673389435,
                    25.2387962341
                ],
                [
                    -390.47354126,
                    128.412322998,
                    -2.58244037628,
                    27.5685462952,
                    24.5718078613,
                    -34.6133842468,
                    22.8905410767,
                    3.3603014946,
                    146.253479004,
                    17.9550113678,
                    -0.227599442005,
                    -12.9460763931,
                    9.16478157043
                ],
                [
                    43.1614265442,
                    -26.7684192657,
                    29.65391922,
                    36.5414733887,
                    56.1013565063,
                    -1.3110165596,
                    -9.55721282959,
                    15.1655502319,
                    17.9550113678,
                    109.136260986,
                    46.8615455627,
                    2.73697257042,
                    -32.4897575378
                ],
                [
                    -176.906005859,
                    85.6606216431,
                    -12.8978843689,
                    26.331161499,
                    52.8555297852,
                    1.94328200817,
                    -1.10351908207,
                    -30.0628013611,
                    -0.227599442005,
                    46.8615455627,
                    141.801254272,
                    5.09608650208,
                    -37.4007720947
                ],
                [
                    283.003082275,
                    -103.472801208,
                    -9.34462451935,
                    20.809337616,
                    -9.29013729095,
                    37.7339706421,
                    12.4384870529,
                    18.5673389435,
                    -12.9460763931,
                    2.73697257042,
                    5.09608650208,
                    92.8224945068,
                    27.4252738953
                ],
                [
                    296.180297852,
                    -19.2892837524,
                    -91.5391845703,
                    11.2238578796,
                    -13.3653755188,
                    13.8583364487,
                    44.9866981506,
                    25.2387962341,
                    9.16478157043,
                    -32.4897575378,
                    -37.4007720947,
                    27.4252738953,
                    111.007240295
                ]
            ],
            "icov": [
                [
                    0.000384975981433,
                    -0.000761059869546,
                    0.00100982864387,
                    -0.00146866322029,
                    0.00129980803467,
                    -0.00150805094745,
                    0.00116822076961,
                    -0.00142244528979,
                    0.00135111890268,
                    -0.00111188739538,
                    0.000948106346186,
                    -0.000562101602554,
                    3.78921795345e-05
                ],
                [
                    -0.000761059869546,
                    0.00505852792412,
                    -0.00292377267033,
                    0.00399304553866,
                    -0.00534860044718,
                    0.00520519027486,
                    -0.00372502580285,
                    0.00511821359396,
                    -0.00491579668596,
                    0.00489582121372,
                    -0.00410354137421,
                    0.00335101177916,
                    -0.00122473901138
                ],
                [
                    0.00100982864387,
                    -0.00292377267033,
                    0.00497065577656,
                    -0.004710289184,
                    0.00439012190327,
                    -0.00535535393283,
                    0.00488182296976,
                    -0.00436197035015,
                    0.00372979766689,
                    -0.0037643762771,
                    0.00374366668984,
                    -0.00209837546572,
                    0.00195331731811
                ],
                [
                    -0.00146866322029,
                    0.00399304553866,
                    -0.004710289184,
                    0.00836757104844,
                    -0.00683864438906,
                    0.00583901163191,
                    -0.00455450918525,
                    0.00551196932793,
                    -0.00628153327852,
                    0.00507171358913,
                    -0.0047581223771,
                    0.00265841674991,
                    -0.0013345181942
                ],
                [
                    0.00129980803467,
                    -0.00534860044718,
                    0.00439012190327,
                    -0.00683864438906,
                    0.010597824119,
                    -0.00622068950906,
                    0.00408569024876,
                    -0.00682979496196,
                    0.00634055724367,
                    -0.00727734109387,
                    0.00412452174351,
                    -0.00307097798213,
                    0.0013587961439
                ],
                [
                    -0.00150805094745,
                    0.00520519027486,
                    -0.00535535393283,
                    0.00583901163191,
                    -0.00622068950906,
                    0.0119969137013,
                    -0.00738252559677,
                    0.00582150602713,
                    -0.00537942862138,
                    0.00624234694988,
                    -0.00567126600072,
                    0.00252639618702,
                    -0.000920626858715
                ],
                [
                    0.00116822076961,
                    -0.00372502580285,
                    0.00488182296976,
                    -0.00455450918525,
                    0.00408569024876,
                    -0.00738252559677,
                    0.0109764114022,
                    -0.00506898621097,
                    0.00362042663619,
                    -0.0040964866057,
                    0.0038526004646,
                    -0.00262399343774,
                    -0.000711856293492
                ],
                [
                    -0.00142244528979,
                    0.00511821359396,
                    -0.00436197035015,
                    0.00551196932793,
                    -0.00682979496196,
                    0.00582150602713,
                    -0.00506898621097,
                    0.0129076354206,
                    -0.00651591923088,
                    0.00427617272362,
                    -0.00317494058982,
                    0.00313118263148,
                    -0.00195298250765
                ],
                [
                    0.00135111890268,
                    -0.00491579668596,
                    0.00372979766689,
                    -0.00628153327852,
                    0.00634055724367,
                    -0.00537942862138,
                    0.00362042663619,
                    -0.00651591923088,
                    0.0139802005142,
                    -0.0072148758918,
                    0.00490343477577,
                    -0.00217123446055,
                    -0.000376467796741
                ],
                [
                    -0.00111188739538,
                    0.00489582121372,
                    -0.0037643762771,
                    0.00507171358913,
                    -0.00727734109387,
                    0.00624234694988,
                    -0.0040964866057,
                    0.00427617272362,
                    -0.0072148758918,
                    0.0180046744645,
                    -0.00762857403606,
                    0.00204311520793,
                    0.00202307151631
                ],
                [
                    0.000948106346186,
                    -0.00410354137421,
                    0.00374366668984,
                    -0.0047581223771,
                    0.00412452174351,
                    -0.00567126600072,
                    0.0038526004646,
                    -0.00317494058982,
                    0.00490343477577,
                    -0.00762857403606,
                    0.0134586533532,
                    -0.00407651998103,
                    0.00359473982826
                ],
                [
                    -0.000562101602554,
                    0.00335101177916,
                    -0.00209837546572,
                    0.00265841674991,
                    -0.00307097798213,
                    0.00252639618702,
                    -0.00262399343774,
                    0.00313118263148,
                    -0.00217123446055,
                    0.00204311520793,
                    -0.00407651998103,
                    0.0150130940601,
                    -0.00455611851066
                ],
                [
                    3.78921795345e-05,
                    -0.00122473901138,
                    0.00195331731811,
                    -0.0013345181942,
                    0.0013587961439,
                    -0.000920626858715,
                    -0.000711856293492,
                    -0.00195298250765,
                    -0.000376467796741,
                    0.00202307151631,
                    0.00359473982826,
                    -0.00455611851066,
                    0.0144112100825
                ]
            ],
            "mean": [
                -11.3437213898,
                88.5067367554,
                -117.779632568,
                33.2253456116,
                -70.5841140747,
                27.9931697845,
                -39.2997322083,
                18.8682460785,
                -29.1589241028,
                0.882815301418,
                -17.1509857178,
                -4.05637025833,
                -1.13208580017
            ]
        },
        "hfc": {
            "dmean": 5.50694513321,
            "dmean2": 8.17848968506,
            "dvar": 59.5090332031,
            "dvar2": 127.16582489,
            "max": 112.806869507,
            "mean": 26.9667491913,
            "median": 22.2830486298,
            "min": 1.1949445835e-16,
            "var": 446.463104248
        },
        "melbands": {
            "dmean": [
                0.00105514377356,
                0.00124483904801,
                0.000392875837861,
                0.000271796307061,
                0.000150484658661,
                9.76146620815e-05,
                0.000106509054604,
                0.00010059325723,
                0.000100211029348,
                9.32455659495e-05,
                0.000228136355872,
                0.00017654831754,
                0.000127195307869,
                3.87137479265e-05,
                3.00142073684e-05,
                2.8210293749e-05,
                3.75836752937e-05,
                2.64997561317e-05,
                2.54354145e-05,
                2.08581259358e-05,
                1.71619522007e-05,
                9.08661240828e-06,
                8.55255893839e-06,
                6.37960101812e-06,
                1.07291007225e-05,
                1.43829929584e-05,
                6.16476108917e-06,
                4.35443917013e-06,
                3.25726773553e-06,
