{
    "lowlevel": {
        "average_loudness": 0.919217884541,
        "barkbands": {
            "dmean": [
                0.00176688586362,
                0.0108680492267,
                0.00320382043719,
                0.00112858426291,
                0.00079950876534,
                0.00055815721862,
                0.000397403055103,
                0.000522444897797,
                0.00063368701376,
                0.000632154173218,
                0.000484211108414,
                0.000468723505037,
                0.000368991866708,
                0.00042822145042,
                0.000411258399254,
                0.000344594329363,
                0.000236924184719,
                0.000227620970691,
                0.000248745956924,
                0.000326098146616,
                0.00019833886472,
                0.000191281054867,
                0.000219293695409,
                0.000139703523018,
                9.68492677202e-05,
                7.04754129401e-05,
                1.24498128571e-05
            ],
            "dmean2": [
                0.00256205513142,
                0.0153999952599,
                0.00591600174084,
                0.00212519639172,
                0.00138928182423,
                0.000938082870562,
                0.000642628525384,
                0.000827238662168,
                0.000946621992625,
                0.000906307483092,
                0.000707147817593,
                0.000687196792569,
                0.000563272973523,
                0.000649281486403,
                0.000635314616375,
                0.000533905811608,
                0.000366776803276,
                0.000359687051969,
                0.000391868234146,
                0.000514432322234,
                0.000321146246279,
                0.000318078149576,
                0.000380706886062,
                0.000237598826061,
                0.00016520069039,
                0.000128524989123,
                2.29544257309e-05
            ],
            "dvar": [
                1.24827165564e-05,
                0.0008871392929,
                0.000234754421399,
                2.98392551485e-05,
                8.2345222836e-06,
                1.77521542355e-06,
                9.75616785581e-07,
                2.23752635975e-06,
                3.22069377034e-06,
                2.87657553599e-06,
                2.14348074223e-06,
                1.91329172594e-06,
                8.29578539197e-07,
                1.05363699276e-06,
                7.80898517405e-07,
                8.5274950834e-07,
                3.05649393795e-07,
                3.26930688743e-07,
                3.24363753634e-07,
                6.2134347445e-07,
                2.68419910299e-07,
                3.03942584878e-07,
                1.56067798684e-07,
                7.80299842518e-08,
                2.88032229179e-08,
                1.35298758863e-08,
                5.07219766188e-10
            ],
            "dvar2": [
                2.52143981925e-05,
                0.00190266268328,
                0.000663339567836,
                8.7151362095e-05,
                2.3612028599e-05,
                4.72922647532e-06,
                2.36767527895e-06,
                5.27259271621e-06,
                7.4720851444e-06,
                5.33010143045e-06,
                4.00106091547e-06,
                3.7666152366e-06,
                1.86016677617e-06,
                2.28528983826e-06,
                1.82986991604e-06,
                2.04607636078e-06,
                7.15015914921e-07,
                7.67702658777e-07,
                7.58048827265e-07,
                1.49854542997e-06,
                6.78916137531e-07,
                7.67186804751e-07,
                3.90041947185e-07,
                2.00214444135e-07,
                7.39250936022e-08,
                3.58486538232e-08,
                1.36547362306e-09
            ],
            "max": [
                0.0544018521905,
                0.355076730251,
                0.147070735693,
                0.0739272907376,
                0.0560983493924,
                0.0260573234409,
                0.023937471211,
                0.0289041269571,
                0.0475336015224,
                0.0399519391358,
                0.0473108515143,
                0.0395147763193,
                0.0261467825621,
                0.0205243118107,
                0.0127260442823,
                0.0165989305824,
                0.00675735389814,
                0.00667189154774,
                0.00634541036561,
                0.0110326772556,
                0.00508185522631,
                0.00561162037775,
                0.0046174149029,
                0.0031814922113,
                0.00240570981987,
                0.000923783052713,
                0.000220949252252
            ],
            "mean": [
                0.00619304459542,
                0.0371291302145,
                0.00215525529347,
                0.000895717123058,
                0.00100400636438,
                0.00079913897207,
                0.00053244503215,
                0.000877328042407,
                0.00112423056271,
                0.00110015645623,
                0.000889778428245,
                0.000838554406073,
                0.0005793737364,
                0.000655368785374,
                0.000557327293791,
                0.000418867828557,
                0.000278365245322,
                0.000259217136772,
                0.000325224827975,
                0.000425662816269,
                0.000213582199649,
                0.000157984162797,
                0.000174161308678,
                0.000140080694109,
                0.000106670267996,
                5.02531074744e-05,
                7.84170970292e-06
            ],
            "median": [
                0.00402258289978,
                0.0347151383758,
                0.000128456566017,
                0.000140339980135,
                0.0002953557414,
                0.000283944245894,
                0.000133964465931,
                0.000166691854247,
                0.000157930757268,
                0.000160253795912,
                8.56146361912e-05,
                0.000144643010572,
                0.000140327116242,
                0.000140846765134,
                0.000111930850835,
                7.72232378949e-05,
                6.38738056296e-05,
                6.24125314062e-05,
                8.6672094767e-05,
                7.50732579036e-05,
                3.68014698324e-05,
                1.41504206113e-05,
                2.23194056161e-05,
                2.98332288367e-05,
                3.39491380146e-05,
                6.39518657408e-06,
                2.91150200837e-07
            ],
            "min": [
                1.41267838289e-23,
                2.23341905056e-24,
                3.67874317983e-24,
                1.20135627256e-23,
                1.17392183598e-22,
                4.04691765939e-23,
                8.82965384782e-23,
                2.69471982215e-23,
                5.64124593852e-23,
                1.91443339321e-22,
                5.17745063097e-23,
                1.31762111713e-22,
                7.45554019246e-23,
                6.42509915471e-23,
                2.66621758345e-22,
                1.50414481692e-22,
                2.81079925285e-22,
                2.98008476415e-22,
                1.96542788648e-22,
                6.36831631567e-22,
                5.91979550094e-22,
                4.76837967726e-22,
                4.85343933012e-22,
                8.45167953857e-22,
                1.12340477395e-21,
                1.8388420907e-21,
                2.45701863861e-21
            ],
            "var": [
                5.25010364072e-05,
                0.00152850011364,
                0.000138681265526,
                1.64142420545e-05,
                5.76364436711e-06,
                2.41677003032e-06,
                1.75031743765e-06,
                4.8163651627e-06,
                6.79516824675e-06,
                8.22559832159e-06,
                7.5586535786e-06,
                5.66926564716e-06,
                1.69056670529e-06,
                2.15866725739e-06,
                1.4249068272e-06,
                1.04413641111e-06,
                3.55165184374e-07,
                3.44329947666e-07,
                4.06396935659e-07,
                8.21335675028e-07,
                2.51779198379e-07,
                2.5087723543e-07,
                1.36306439913e-07,
                7.93189798287e-08,
                3.08482732692e-08,
                9.82639392078e-09,
                3.31638244644e-10
            ]
        },
        "barkbands_crest": {
            "dmean": 2.24678635597,
            "dmean2": 3.4362680912,
            "dvar": 7.89273309708,
            "dvar2": 17.9937210083,
            "max": 26.7770233154,
            "mean": 16.4270629883,
            "median": 16.4882068634,
            "min": 3.05625653267,
            "var": 29.1046733856
        },
        "barkbands_flatness_db": {
            "dmean": 0.0454229004681,
            "dmean2": 0.0634772405028,
            "dvar": 0.00209337263368,
            "dvar2": 0.00386932422407,
            "max": 0.554959118366,
            "mean": 0.215172842145,
            "median": 0.203759282827,
            "min": 0.0289762187749,
            "var": 0.00716434977949
        },
        "barkbands_kurtosis": {
            "dmean": 16.6493282318,
            "dmean2": 25.9386425018,
            "dvar": 1797.18066406,
            "dvar2": 4492.42431641,
            "max": 1425.09631348,
            "mean": 22.9611225128,
            "median": 6.25809574127,
            "min": -1.83619654179,
            "var": 2257.54272461
        },
        "barkbands_skewness": {
            "dmean": 1.21621894836,
            "dmean2": 1.77836620808,
            "dvar": 2.66074776649,
            "dvar2": 5.88974428177,
            "max": 27.9005508423,
            "mean": 3.29893612862,
            "median": 2.53603768349,
            "min": -3.1124818325,
            "var": 8.1777639389
        },
        "barkbands_spread": {
            "dmean": 8.08096599579,
            "dmean2": 12.6848707199,
            "dvar": 114.773155212,
            "dvar2": 249.167297363,
            "max": 99.098991394,
            "mean": 18.4529037476,
            "median": 15.7820568085,
            "min": 0.131803676486,
            "var": 216.881256104
        },
        "dissonance": {
            "dmean": 0.0253315977752,
            "dmean2": 0.0415286757052,
            "dvar": 0.000645634310786,
            "dvar2": 0.00166395446286,
            "max": 0.500000119209,
            "mean": 0.453202426434,
            "median": 0.463011026382,
            "min": 0.16501866281,
            "var": 0.00145589653403
        },
        "dynamic_complexity": 3.44698619843,
        "erbbands": {
            "dmean": [
                0.493872612715,
                2.19025635719,
                3.65518331528,
                3.9741601944,
                3.09138727188,
                2.32849979401,
                3.69380950928,
                4.82553577423,
                4.65779018402,
                7.47168207169,
                12.9728212357,
                13.8856801987,
                16.3987350464,
                22.1073627472,
                19.515663147,
                16.912147522,
                15.4022359848,
                19.2513923645,
                21.9780483246,
                21.4786071777,
                15.8791942596,
                11.4559803009,
                11.7082777023,
                11.8366193771,
                14.2423009872,
                15.1559562683,
                9.4480638504,
                7.08861589432,
                8.04657363892,
                5.63456964493,
                6.03617191315,
                3.53715515137,
                2.01179862022,
                1.11170756817,
                0.720769405365,
                0.304429501295,
                0.14388602972,
                0.0269175898284,
                0.0020665160846,
                5.56687264179e-05
            ],
            "dmean2": [
                0.683021426201,
                3.23337674141,
                6.37954711914,
                7.46978235245,
                5.53961324692,
                4.05074453354,
                6.2937130928,
                8.06040668488,
                7.37284469604,
                12.2478694916,
                20.1947002411,
                20.4781341553,
                24.4703998566,
                30.5526657104,
                28.0372924805,
                24.3595333099,
                23.0416374207,
                28.7768974304,
                32.7410240173,
                33.1705856323,
                24.1314067841,
                17.193769455,
                18.381023407,
                18.3686981201,
                22.535697937,
                23.7468090057,
                15.2471523285,
                11.4234075546,
                13.5452642441,
                9.5797700882,
                10.4633378983,
                6.03215789795,
                3.40008163452,
                1.85529458523,
                1.26002538204,
                0.546782612801,
                0.264509767294,
                0.0495348870754,
                0.00383248948492,
                9.57583324634e-05
            ],
            "dvar": [
                1.41569876671,
                52.7153968811,
                263.199981689,
                368.236297607,
                175.711410522,
                68.0914382935,
                97.624786377,
                146.284744263,
                108.446914673,
                470.176055908,
                1345.65612793,
                1681.49658203,
                2111.24511719,
                3479.83666992,
                2916.49755859,
                2507.18969727,
                1501.93676758,
                2194.12451172,
                2282.30639648,
                2909.05395508,
                1345.54382324,
                656.557495117,
                877.378112793,
                676.278625488,
                1273.32458496,
                1302.12121582,
                598.051757813,
                372.464782715,
                559.640258789,
                134.611663818,
                119.92250061,
                59.8729362488,
                14.0763025284,
                3.27134013176,
                1.81614053249,
                0.251071363688,
                0.0576229430735,
                0.00214091013186,
                1.41853170135e-05,
                6.92815538272e-09
            ],
            "dvar2": [
                2.96982359886,
                123.822311401,
                699.073608398,
                1058.62255859,
                508.588348389,
                193.513259888,
                265.023712158,
                380.242431641,
                252.038284302,
                1170.51989746,
                3118.94042969,
                3861.60205078,
                4735.74414063,
                6152.05810547,
                5794.4375,
                5024.74658203,
                3388.47485352,
                4671.06738281,
                4953.60253906,
                7068.72900391,
                3008.99707031,
                1469.12341309,
                2028.33898926,
                1547.68933105,
                3073.6394043,
                3077.45605469,
                1517.78125,
                898.234619141,
                1422.75756836,
                330.957489014,
                300.034912109,
                155.175384521,
                35.8962669373,
                7.92808055878,
                4.84691333771,
                0.661750912666,
                0.153253823519,
                0.00570611143485,
                3.83270198654e-05,
                1.76324874701e-08
            ],
            "max": [
                12.3785381317,
                89.2964324951,
                168.574371338,
                231.359710693,
                219.446472168,
                165.856063843,
                172.151626587,
                271.757110596,
                315.131103516,
                614.498840332,
                802.15057373,
                1346.81896973,
                1050.2043457,
                1594.51269531,
                1330.76184082,
                2010.11437988,
                1441.72436523,
                1140.42956543,
                1087.92370605,
                904.387878418,
                519.34173584,
                360.388885498,
                369.360046387,
                414.763366699,
                393.873504639,
                539.051391602,
                271.310241699,
                186.456680298,
                225.33203125,
                157.463653564,
                131.368682861,
                101.453430176,
                50.4387168884,
                33.5804100037,
                15.6652593613,
                4.09803724289,
                1.95149934292,
                0.442004114389,
                0.0310009215027,
                0.000747059762944
            ],
            "mean": [
                1.94029927254,
                4.83626747131,
                3.08985924721,
                2.91012477875,
                3.14300179482,
                2.96049070358,
                5.25821399689,
                6.82407236099,
                7.10151100159,
                9.91654872894,
                23.337928772,
                25.1354026794,
                28.3708057404,
                40.6754150391,
                38.3237228394,
                31.2221832275,
                26.0829219818,
                32.2270736694,
                34.3659896851,
                27.6302204132,
                20.4434223175,
                14.5633096695,
                13.8307466507,
                15.9247808456,
                18.3756542206,
                20.2568206787,
                11.1242551804,
                7.157766819,
                6.46484422684,
                4.55077695847,
                4.88974761963,
                3.19874787331,
                2.18114256859,
                1.28798365593,
                0.723396956921,
                0.248492255807,
                0.095639526844,
                0.0173044614494,
                0.00132114894222,
                9.40530808293e-05
            ],
            "median": [
                1.99956560135,
                3.48049998283,
                0.527071774006,
                0.526301860809,
                0.57997149229,
                1.11677753925,
                1.24828922749,
                2.5813999176,
                2.58925771713,
                2.38760995865,
                6.26539564133,
                5.58979558945,
                5.88575315475,
                7.88114547729,
                6.42686748505,
                7.26224470139,
                7.1335811615,
                8.55731964111,
                7.57472705841,
                5.74472093582,
                4.58570718765,
                3.65562415123,
                3.49424934387,
                5.09767150879,
                4.32588434219,
                3.62435793877,
                1.99334526062,
                1.18402588367,
                0.580827057362,
                0.515215933323,
                0.660061955452,
                0.519019007683,
                0.559516727924,
                0.403034985065,
                0.19971126318,
                0.0487789064646,
                0.00868833065033,
                0.00106856529601,
                9.09992595552e-05,
                7.13053377694e-05
            ],
            "min": [
                1.58962818275e-22,
                3.23452408673e-22,
                3.54595162988e-21,
                2.45381900868e-20,
                8.65756762031e-20,
                5.26389617688e-19,
                4.01400300686e-19,
                3.52009113666e-19,
                1.20036810899e-18,
                1.18966377148e-18,
                6.67543388028e-19,
                1.17158212028e-18,
                3.43982395986e-18,
                4.94203399668e-18,
                3.37760405457e-18,
                5.81066090742e-18,
                3.70405398524e-18,
                3.56717006952e-18,
                1.24614966076e-17,
                1.0194407134e-17,
                7.43450826691e-18,
                1.82671307385e-17,
                1.39309457427e-17,
                1.3270416381e-17,
                1.33771292974e-17,
                3.26842485775e-17,
                2.67522435829e-17,
                2.02203854061e-17,
                1.74126713637e-17,
                1.23346352258e-17,
                1.49291161684e-17,
                1.97887509819e-17,
                1.24432324597e-17,
                9.01801320074e-18,
                1.00321018901e-17,
                7.47340147213e-18,
                2.9379445309e-18,
                1.33368460152e-18,
                3.30058144202e-19,
                3.87890386256e-20
            ],
            "var": [
                3.04840302467,
                59.7141494751,
                182.498931885,
                208.840713501,
                109.131454468,
                51.9628677368,
                129.495361328,
                218.699172974,
                244.036987305,
                704.609313965,
                2995.80322266,
                3447.38354492,
                4093.82958984,
                10532.9775391,
                9310.41308594,
                6954.09472656,
                3199.12353516,
                4990.10107422,
                5247.81933594,
                3676.49609375,
                1928.97802734,
                865.078735352,
                946.040222168,
                907.073547363,
                1488.30212402,
                1875.89160156,
                619.493774414,
                347.799530029,
                443.430328369,
                124.973007202,
                105.786972046,
                53.6032524109,
                16.1542205811,
                4.2891998291,
                1.67438733578,
                0.20592816174,
                0.0396047085524,
                0.00143395515624,
                9.22224626265e-06,
                7.63258878322e-09
            ]
        },
        "erbbands_crest": {
            "dmean": 3.06424474716,
            "dmean2": 4.81998586655,
            "dvar": 8.69165325165,
            "dvar2": 19.3658542633,
            "max": 33.3870391846,
            "mean": 10.2720928192,
            "median": 9.06537342072,
            "min": 2.51216578484,
            "var": 26.3964557648
        },
        "erbbands_flatness_db": {
            "dmean": 0.0309566501528,
            "dmean2": 0.0452978052199,
            "dvar": 0.000891864590812,
            "dvar2": 0.00162084843032,
            "max": 0.409403949976,
            "mean": 0.160859644413,
            "median": 0.154057070613,
            "min": 0.0433789938688,
            "var": 0.0032258501742
        },
        "erbbands_kurtosis": {
            "dmean": 1.32041049004,
            "dmean2": 2.07324147224,
            "dvar": 3.86681389809,
            "dvar2": 9.25995731354,
            "max": 66.3938980103,
            "mean": 1.14404320717,
            "median": 0.368344187737,
            "min": -1.85376346111,
            "var": 8.25448513031
        },
        "erbbands_skewness": {
            "dmean": 0.464308053255,
            "dmean2": 0.724757552147,
            "dvar": 0.209656581283,
            "dvar2": 0.475513398647,
            "max": 7.25568437576,
            "mean": 0.115247391164,
            "median": 0.0869674161077,
            "min": -2.86368489265,
            "var": 0.656852245331
        },
        "erbbands_spread": {
            "dmean": 13.7490921021,
            "dmean2": 21.4871635437,
            "dvar": 296.956085205,
            "dvar2": 685.993835449,
            "max": 211.498840332,
            "mean": 40.4065513611,
            "median": 33.633972168,
            "min": 2.51973032951,
            "var": 726.325439453
        },
        "gfcc": {
            "cov": [
                [
                    8877.09277344,
                    -1472.45776367,
                    15.1162729263,
                    426.789367676,
                    -594.743713379,
                    212.539031982,
                    -651.435546875,
                    294.290679932,
                    -236.633041382,
                    451.813934326,
                    -209.702789307,
                    184.401519775,
                    -37.5381813049
                ],
                [
                    -1472.45776367,
                    2246.29516602,
                    -161.206039429,
                    -79.0466308594,
                    518.790527344,
                    -172.109542847,
                    456.816192627,
                    -90.2893981934,
                    118.0548172,
                    -173.491424561,
                    182.397735596,
                    -283.123504639,
                    206.256286621
                ],
                [
                    15.1162729263,
                    -161.206039429,
                    1435.76501465,
                    320.55569458,
                    12.2570419312,
                    157.193206787,
                    -173.133346558,
                    -81.6160049438,
                    144.178237915,
                    11.4854745865,
                    -60.9286880493,
                    159.884307861,
                    -120.458610535
                ],
                [
                    426.789367676,
                    -79.0466308594,
                    320.55569458,
                    726.086425781,
                    181.288345337,
                    4.23753452301,
                    -20.3889751434,
                    -57.6165161133,
                    155.828842163,
                    -47.4290046692,
                    -27.3820533752,
                    19.610250473,
                    -0.168015107512
                ],
                [
                    -594.743713379,
                    518.790527344,
                    12.2570419312,
                    181.288345337,
                    558.061523438,
                    70.2008972168,
                    283.302429199,
                    -30.6177787781,
                    72.0633087158,
                    -100.880058289,
                    -5.81709575653,
                    -47.7318572998,
                    10.1311073303
                ],
                [
                    212.539031982,
                    -172.109542847,
                    157.193206787,
                    4.23753452301,
                    70.2008972168,
                    375.039733887,
                    101.356079102,
                    12.2933883667,
                    -38.1609382629,
                    -21.2715988159,
                    -8.62205505371,
                    17.0216236115,
                    -43.1860542297
                ],
                [
                    -651.435546875,
                    456.816192627,
                    -173.133346558,
                    -20.3889751434,
                    283.302429199,
                    101.356079102,
                    541.919128418,
                    -11.3916902542,
                    20.2585296631,
                    -93.4787521362,
                    31.2566165924,
                    -49.0615844727,
                    -30.2965965271
                ],
                [
                    294.290679932,
                    -90.2893981934,
                    -81.6160049438,
                    -57.6165161133,
                    -30.6177787781,
                    12.2933883667,
                    -11.3916902542,
                    241.643447876,
                    -10.9502048492,
                    41.5992851257,
                    -4.88539552689,
                    -20.9219799042,
                    29.6573753357
                ],
                [
                    -236.633041382,
                    118.0548172,
                    144.178237915,
                    155.828842163,
                    72.0633087158,
                    -38.1609382629,
                    20.2585296631,
                    -10.9502048492,
                    280.980285645,
                    -7.43979787827,
                    14.1217546463,
                    30.3733348846,
                    -15.9665393829
                ],
                [
                    451.813934326,
                    -173.491424561,
                    11.4854745865,
                    -47.4290046692,
                    -100.880058289,
                    -21.2715988159,
                    -93.4787521362,
                    41.5992851257,
                    -7.43979787827,
                    196.11895752,
                    23.0529918671,
                    12.5873403549,
                    9.58767318726
                ],
                [
                    -209.702789307,
                    182.397735596,
                    -60.9286880493,
                    -27.3820533752,
                    -5.81709575653,
                    -8.62205505371,
                    31.2566165924,
                    -4.88539552689,
                    14.1217546463,
                    23.0529918671,
                    166.331192017,
                    -18.3454551697,
                    34.7541732788
                ],
                [
                    184.401519775,
                    -283.123504639,
                    159.884307861,
                    19.610250473,
                    -47.7318572998,
                    17.0216236115,
                    -49.0615844727,
                    -20.9219799042,
                    30.3733348846,
                    12.5873403549,
                    -18.3454551697,
                    178.123886108,
                    -39.6271934509
                ],
                [
                    -37.5381813049,
                    206.256286621,
                    -120.458610535,
                    -0.168015107512,
                    10.1311073303,
                    -43.1860542297,
                    -30.2965965271,
                    29.6573753357,
                    -15.9665393829,
                    9.58767318726,
                    34.7541732788,
                    -39.6271934509,
                    169.501602173
                ]
            ],
            "icov": [
                [
                    0.000186430435861,
                    -9.5696603239e-05,
                    0.000120757562399,
                    -0.000284136534901,
                    0.000187952115084,
                    -0.000235117244301,
                    0.000164222277817,
                    -0.000203697985853,
                    0.000206782453461,
                    -0.000411802990129,
                    0.000271009717835,
                    -0.000270487420494,
                    0.000161095027579
                ],
                [
                    -9.5696603239e-05,
                    0.00138822628651,
                    -0.000487863493618,
                    0.00076487910701,
                    -0.000921759055927,
                    0.000968067906797,
                    -0.000788906996604,
                    0.000587600807194,
                    -0.0005883173435,
                    0.000854564190377,
                    -0.00107874919195,
                    0.00177415844519,
                    -0.00146626739297
                ],
                [
                    0.000120757562399,
                    -0.000487863493618,
                    0.00123607460409,
                    -0.000692957662977,
                    0.00029283404001,
                    -0.000909871188924,
                    0.000757969683036,
                    -8.44015885377e-05,
                    -5.23090093338e-05,
                    -0.000558967934921,
                    0.00057694746647,
                    -0.00123491336126,
                    0.00101875385735
                ],
                [
                    -0.000284136534901,
                    0.00076487910701,
                    -0.000692957662977,
                    0.00260127685033,
                    -0.00127863802481,
                    0.000777503533754,
                    -0.000236173029407,
                    0.000787891214713,
                    -0.0013081379002,
                    0.00114598544315,
                    -0.000626018154435,
                    0.00127783592325,
                    -0.00115003879182
                ],
                [
                    0.000187952115084,
                    -0.000921759055927,
                    0.00029283404001,
                    -0.00127863802481,
                    0.003683389863,
                    -0.000974531285465,
                    -0.000865057168994,
                    -0.000349004898453,
                    0.000113919224532,
                    -0.000234607359744,
                    0.00122961285524,
                    -0.000767985242419,
                    0.000400431599701
                ],
                [
                    -0.000235117244301,
                    0.000968067906797,
                    -0.000909871188924,
                    0.000777503533754,
                    -0.000974531285465,
                    0.0040905806236,
                    -0.00131414330099,
                    0.00011946009181,
                    0.00025712986826,
                    0.00101681251545,
                    -0.00104880996514,
                    0.00116093235556,
                    -0.000578067440074
                ],
                [
                    0.000164222277817,
                    -0.000788906996604,
                    0.000757969683036,
                    -0.000236173029407,
                    -0.000865057168994,
                    -0.00131414330099,
                    0.00365128507838,
                    -0.000459876318928,
                    0.000169237522641,
                    4.4288164645e-05,
                    2.27741747949e-05,
                    -0.000863944471348,
                    0.00179153354838
                ],
                [
                    -0.000203697985853,
                    0.000587600807194,
                    -8.44015885377e-05,
                    0.000787891214713,
                    -0.000349004898453,
                    0.00011946009181,
                    -0.000459876318928,
                    0.00500503974035,
                    -0.000709125131834,
                    -0.000298989645671,
                    -2.31664489547e-05,
                    0.00130359409377,
                    -0.00146632420365
                ],
                [
                    0.000206782453461,
                    -0.0005883173435,
                    -5.23090093338e-05,
                    -0.0013081379002,
                    0.000113919224532,
                    0.00025712986826,
                    0.000169237522641,
                    -0.000709125131834,
                    0.00491084624082,
                    -0.000752407300752,
                    -7.54707216402e-05,
                    -0.00153674953617,
                    0.00109758751933
                ],
                [
                    -0.000411802990129,
                    0.000854564190377,
                    -0.000558967934921,
                    0.00114598544315,
                    -0.000234607359744,
                    0.00101681251545,
                    4.4288164645e-05,
                    -0.000298989645671,
                    -0.000752407300752,
                    0.00737684965134,
                    -0.00207002623938,
                    0.00115114601795,
                    -0.000988433021121
                ],
                [
                    0.000271009717835,
                    -0.00107874919195,
                    0.00057694746647,
                    -0.000626018154435,
                    0.00122961285524,
                    -0.00104880996514,
                    2.27741747949e-05,
                    -2.31664489547e-05,
                    -7.54707216402e-05,
                    -0.00207002623938,
                    0.00786480493844,
                    -0.00111132732127,
                    -0.000312923279125
                ],
                [
                    -0.000270487420494,
                    0.00177415844519,
                    -0.00123491336126,
                    0.00127783592325,
                    -0.000767985242419,
                    0.00116093235556,
                    -0.000863944471348,
                    0.00130359409377,
                    -0.00153674953617,
                    0.00115114601795,
                    -0.00111132732127,
                    0.00912759080529,
                    -0.000984029727988
                ],
                [
                    0.000161095027579,
                    -0.00146626739297,
                    0.00101875385735,
                    -0.00115003879182,
                    0.000400431599701,
                    -0.000578067440074,
                    0.00179153354838,
                    -0.00146632420365,
                    0.00109758751933,
                    -0.000988433021121,
                    -0.000312923279125,
                    -0.000984029727988,
                    0.00884135905653
                ]
            ],
            "mean": [
                -24.3296775818,
                84.6985168457,
                -105.372962952,
                33.0533676147,
                -36.4921379089,
                31.1558876038,
                -16.702878952,
                24.4906635284,
                -13.194272995,
                13.6619644165,
                -0.923123955727,
                2.00261735916,
                1.09513235092
            ]
        },
        "hfc": {
            "dmean": 11.6814413071,
            "dmean2": 18.6567687988,
            "dvar": 503.45993042,
            "dvar2": 1228.80725098,
            "max": 217.69859314,
            "mean": 21.6238441467,
            "median": 13.5876951218,
            "min": 1.19226107724e-16,
            "var": 626.696899414
        },
        "melbands": {
            "dmean": [
                0.00348371081054,
                0.0020749012474,
                0.000670557958074,
                0.000184832781088,
                0.000122150784591,
                0.000105242666905,
                7.48669262975e-05,
                8.64134417498e-05,
                0.000107736195787,
                8.92658208613e-05,
                8.5680927441e-05,
                9.4357324997e-05,
                7.06449136487e-05,
                5.76981219638e-05,
                3.55349875463e-05,
                3.7471527321e-05,
                3.7900510506e-05,
                3.86313768104e-05,
                2.84062916762e-05,
                2.86505110125e-05,
                1.91071358131e-05,
                1.35407053676e-05,
                9.4778060884e-06,
                1.14189369924e-05,
                9.59059070738e-06,
                1.05888793769e-05,
