{
    "lowlevel": {
        "average_loudness": 0.598560094833,
        "barkbands": {
            "dmean": [
                0.000393775611883,
                0.00670848693699,
                0.00158473395277,
                0.000771193241235,
                0.00112570379861,
                0.000917006225791,
                0.000462040014099,
                0.00050035782624,
                0.000647743116133,
                0.000722569355275,
                0.000502045324538,
                0.00061950343661,
                0.00045021015103,
                0.000521119101904,
                0.000240040419158,
                0.000255814695265,
                0.000179903930984,
                0.000197362533072,
                9.32610637392e-05,
                9.80332988547e-05,
                5.56753730052e-05,
                4.5775075705e-05,
                6.30146896583e-05,
                0.000124231344671,
                0.000101952871773,
                3.38468780683e-05,
                7.65500681155e-06
            ],
            "dmean2": [
                0.00063123262953,
                0.0101189035922,
                0.00259855226614,
                0.00127003248781,
                0.001813107403,
                0.00142378383316,
                0.000707985309418,
                0.000784010684583,
                0.00097319285851,
                0.00109552254435,
                0.000762793584727,
                0.000942484941334,
                0.000703691272065,
                0.000835612416267,
                0.000381193327485,
                0.000410774664488,
                0.000279549130937,
                0.000309649971314,
                0.000148754261318,
                0.000154715584358,
                8.83012398845e-05,
                7.41050971556e-05,
                9.47304724832e-05,
                0.000177043024451,
                0.000143720390042,
                5.11415346409e-05,
                1.22541950986e-05
            ],
            "dvar": [
                1.09423933736e-06,
                0.000428998289863,
                9.42039605434e-06,
                1.72175714397e-06,
                5.1533338592e-06,
                4.49973140348e-06,
                3.00819556287e-06,
                2.8710001061e-06,
                3.93203799831e-06,
                6.87243073116e-06,
                4.54539258499e-06,
                3.46059482581e-06,
                2.10586381399e-06,
                2.25233816309e-06,
                4.41870014356e-07,
                5.79887057484e-07,
                3.29148718947e-07,
                1.91801873939e-07,
                4.48952555132e-08,
                5.20288949701e-08,
                1.47589034327e-08,
                1.38505997782e-08,
                1.78879702162e-08,
                1.09435063678e-07,
                7.11091132644e-08,
                7.54534479341e-09,
                4.16367745837e-10
            ],
            "dvar2": [
                2.81666075352e-06,
                0.000883421569597,
                2.61078712356e-05,
                4.72153715236e-06,
                1.39178828249e-05,
                1.04563287096e-05,
                6.49156299914e-06,
                7.14011412128e-06,
                8.68049392011e-06,
                1.47766531882e-05,
                1.1288803762e-05,
                7.69677080825e-06,
                4.70053782919e-06,
                5.4505371736e-06,
                1.03400248008e-06,
                1.48314472881e-06,
                8.06509149243e-07,
                4.66439189495e-07,
                1.11114502488e-07,
                1.30144542254e-07,
                3.67496326703e-08,
                3.49069679828e-08,
                3.76471369634e-08,
                1.97224082399e-07,
                1.21289048138e-07,
                1.51700287887e-08,
                9.96076110482e-10
            ],
            "max": [
                0.0226953364909,
                0.215045928955,
                0.0563782453537,
                0.0172066874802,
                0.0372695587575,
                0.0481119714677,
                0.0657728612423,
                0.0499449744821,
                0.0521364100277,
                0.0854786857963,
                0.103064745665,
                0.0488522276282,
                0.0423110947013,
                0.0305546224117,
                0.0160712450743,
                0.0227653365582,
                0.0150733394548,
                0.00880108121783,
                0.00578096415848,
                0.00537820206955,
                0.00172624981496,
                0.00211137114093,
                0.00258608814329,
                0.0069516194053,
                0.0067403470166,
                0.00251601147465,
                0.000308407557895
            ],
            "mean": [
                0.000960352655966,
                0.011953365989,
                0.00259510916658,
                0.00132609368302,
                0.00206190021709,
                0.00164528063033,
                0.000770834332798,
                0.000757083238568,
                0.00117917649914,
                0.00133837584872,
                0.000866110261995,
                0.0010971307056,
                0.000698329939041,
                0.000847389164846,
                0.000382653030101,
                0.000442676973762,
                0.000333228934323,
                0.000372953072656,
                0.000171431674971,
                0.000198060602997,
                9.57113879849e-05,
                7.3265779065e-05,
                0.000115997449029,
                0.000258949701674,
                0.00020648179634,
                4.79726841149e-05,
                1.7243442926e-05
            ],
            "median": [
                3.15900506394e-05,
                0.00126219727099,
                0.00120009225793,
                0.00072474766057,
                0.00116613938008,
                0.000545032438822,
                0.000152021966642,
                0.000178984962986,
                0.000193127358216,
                0.000210355923628,
                0.000150776439114,
                0.000197538902285,
                0.000149271872942,
                0.000181076815352,
                9.52826521825e-05,
                0.000112732574053,
                6.61594895064e-05,
                9.28490408114e-05,
                5.2492996474e-05,
                4.66731071356e-05,
                3.14424214594e-05,
                2.17905180762e-05,
                3.65124542441e-05,
                7.13523986633e-05,
                5.24080896867e-05,
                8.76372905623e-06,
                5.78030210363e-07
            ],
            "min": [
                1.24305023381e-24,
                7.68717342006e-24,
                1.56822382654e-24,
                1.87173046703e-24,
                1.5715118974e-23,
                7.45452966164e-24,
                1.55328132188e-23,
                1.57603143929e-23,
                2.01686710797e-23,
                4.04389663767e-23,
                2.06093398254e-23,
                4.58117276082e-23,
                4.12997082876e-23,
                2.86343413504e-23,
                3.61952039401e-23,
                1.03724120808e-22,
                7.11661209988e-23,
                9.33159657548e-23,
                1.42262771751e-22,
                1.9730082718e-22,
                3.12656500087e-22,
                4.36581221908e-22,
                4.39480847404e-22,
                6.41856763885e-22,
                8.93472696495e-22,
                1.41922948143e-21,
                2.17364627091e-21
            ],
            "var": [
                3.66456833945e-06,
                0.000647409411613,
                1.45680987771e-05,
                2.89774607154e-06,
                8.55589132698e-06,
                9.08692163648e-06,
                4.95685162605e-06,
                3.80898222829e-06,
                8.78234550328e-06,
                2.18012519326e-05,
                1.06368606794e-05,
                9.89489853964e-06,
                4.46268313681e-06,
                4.92078743264e-06,
                7.60853993143e-07,
                1.1519950931e-06,
                9.21454102354e-07,
                4.97718531278e-07,
                9.90127730915e-08,
                1.29957285822e-07,
                2.5819671734e-08,
                1.80803567673e-08,
                4.13722140991e-08,
                3.13290058784e-07,
                2.16506748529e-07,
                1.43044545098e-08,
                1.28484789474e-09
            ]
        },
        "barkbands_crest": {
            "dmean": 2.53013443947,
            "dmean2": 4.0022778511,
            "dvar": 7.64952373505,
            "dvar2": 16.8860244751,
            "max": 25.3193664551,
            "mean": 10.6695413589,
            "median": 9.73253726959,
            "min": 1.92851114273,
            "var": 21.9710540771
        },
        "barkbands_flatness_db": {
            "dmean": 0.0234167966992,
            "dmean2": 0.0347365699708,
            "dvar": 0.000676527793985,
            "dvar2": 0.00154009216931,
            "max": 0.473105460405,
            "mean": 0.144505918026,
            "median": 0.126996636391,
            "min": 0.0184666831046,
            "var": 0.00544428592548
        },
        "barkbands_kurtosis": {
            "dmean": 5.16696214676,
            "dmean2": 8.26125812531,
            "dvar": 214.511947632,
            "dvar2": 571.090759277,
            "max": 324.094146729,
            "mean": 8.03466129303,
            "median": 2.50823688507,
            "min": -1.95601415634,
            "var": 353.557434082
        },
        "barkbands_skewness": {
            "dmean": 0.661263465881,
            "dmean2": 0.989957749844,
            "dvar": 0.87270873785,
            "dvar2": 1.99562454224,
            "max": 14.8264732361,
            "mean": 1.80099022388,
            "median": 1.53907132149,
            "min": -7.95671033859,
            "var": 3.1380469799
        },
        "barkbands_spread": {
            "dmean": 6.29181241989,
            "dmean2": 9.49251461029,
            "dvar": 82.4373626709,
            "dvar2": 176.759460449,
            "max": 122.475242615,
            "mean": 22.9982910156,
            "median": 20.7170619965,
            "min": 0.441573172808,
            "var": 273.694793701
        },
        "dissonance": {
            "dmean": 0.0196129549295,
            "dmean2": 0.0328695252538,
            "dvar": 0.000460971408756,
            "dvar2": 0.00120210961904,
            "max": 0.500000059605,
            "mean": 0.458909630775,
            "median": 0.472409754992,
            "min": 0.180946901441,
            "var": 0.0016131385928
        },
        "dynamic_complexity": 7.80430841446,
        "erbbands": {
            "dmean": [
                0.190177053213,
                1.57692074776,
                1.96695721149,
                2.24914908409,
                2.38136506081,
                3.90411019325,
                7.50734424591,
                7.94582748413,
                7.28590345383,
                6.07233047485,
                11.8633108139,
                13.730512619,
                20.5154571533,
                19.1828899384,
                19.1222476959,
                20.5585479736,
                19.6667022705,
                17.5310306549,
                22.9101963043,
                10.7345180511,
                11.2293338776,
                10.3840684891,
                11.3489360809,
                5.88484430313,
                4.34715747833,
                4.0797290802,
                2.55878901482,
                2.14865660667,
                1.7323949337,
                1.36533558369,
                1.9429872036,
                1.94443297386,
                2.57726812363,
                1.6870970726,
                0.409216612577,
                0.224228367209,
                0.0420439317822,
                0.00850711669773,
                0.00165174715221,
                5.63051326026e-05
            ],
            "dmean2": [
                0.300127208233,
                2.33888578415,
                3.12762546539,
                3.66437649727,
                3.98470115662,
                6.31379938126,
                11.6303424835,
                12.3923883438,
                11.1733369827,
                9.56176757812,
                18.2237491608,
                20.6981945038,
                31.0773029327,
                28.6507263184,
                29.1522808075,
                31.2462558746,
                30.5980186462,
                27.5871257782,
                36.4781265259,
                17.0988636017,
                17.8061466217,
                16.2858886719,
                17.7362003326,
                9.28258800507,
                6.89872074127,
                6.44503259659,
                4.10940504074,
                3.43227267265,
                2.8197479248,
                2.11273741722,
                2.9321680069,
                2.84918212891,
                3.66316652298,
                2.36528325081,
                0.578381121159,
                0.33666986227,
                0.0637188926339,
                0.0133531885222,
                0.0026813801378,
                8.99706501514e-05
            ],
            "dvar": [
                0.290315449238,
                25.530380249,
                20.034614563,
                14.3123931885,
                29.4193668365,
                63.9002075195,
                256.264953613,
                403.795959473,
                594.073242188,
                543.565673828,
                1656.26257324,
                1712.93823242,
                4710.70849609,
                4006.76831055,
                5476.17089844,
                3598.94335938,
                3924.8984375,
                2707.44091797,
                4112.03808594,
                843.556640625,
                960.25,
                1014.7791748,
                710.207336426,
                164.615447998,
                103.250434875,
                75.7518844604,
                32.7035865784,
                22.0875053406,
                21.7500114441,
                11.0551939011,
                17.2717037201,
                24.0653610229,
                49.6812591553,
                19.252571106,
                1.5704472065,
                0.37852615118,
                0.0103281419724,
                0.000421184668085,
                2.01421698875e-05,
                1.91334699196e-08
            ],
            "dvar2": [
                0.693464756012,
                51.9734916687,
                51.0054168701,
                38.9209518433,
                82.1914978027,
                169.49206543,
                606.575256348,
                967.631408691,
                1300.91430664,
                1309.46594238,
                4112.89501953,
                3715.6640625,
                10624.5654297,
                8766.38183594,
                13703.921875,
                7819.91162109,
                8523.53417969,
                6598.72509766,
                9779.46484375,
                2131.59228516,
                2443.5378418,
                2522.83666992,
                1710.92663574,
                404.926940918,
                256.58416748,
                184.053665161,
                82.5333862305,
                54.7733192444,
                56.2624893188,
                25.4505710602,
                36.2167625427,
                45.5445213318,
                90.7640838623,
                33.1586875916,
                2.79126429558,
                0.754911720753,
                0.0205886438489,
                0.0010121949017,
                4.98844274262e-05,
                4.58221123267e-08
            ],
            "max": [
                6.29029655457,
                53.4386253357,
                74.9053573608,
                51.9787216187,
                76.6852035522,
                165.826690674,
                286.693817139,
                445.54486084,
                712.433166504,
                859.946716309,
                1231.21533203,
                1458.83251953,
                1939.27539062,
                1887.14990234,
                3390.19848633,
                1677.0559082,
                1926.17077637,
                1496.65270996,
                1182.78405762,
                875.84576416,
                822.237182617,
                801.760559082,
                607.696594238,
                351.44833374,
                278.636871338,
                178.32460022,
                102.380195618,
                82.4231948853,
                104.384284973,
                83.7325210571,
                86.6474761963,
                116.830070496,
                140.644714355,
                107.653366089,
                46.1166305542,
                15.3051376343,
                3.65140938759,
                0.363649636507,
                0.0705186724663,
                0.00235907780007
            ],
            "mean": [
                0.427999079227,
                2.35140323639,
                3.26110386848,
                4.23735237122,
                4.06086444855,
                6.81300163269,
                13.429227829,
                13.9765911102,
                12.7626371384,
                9.86872577667,
                19.6631660461,
                24.2871837616,
                39.0568199158,
                38.5519523621,
                35.5238456726,
                38.4839668274,
                35.0501365662,
                31.1219120026,
                40.5637626648,
                19.9025230408,
                22.2175445557,
                20.2999649048,
                21.760263443,
                12.1898851395,
                9.20913028717,
                8.26314163208,
                4.73709154129,
                3.4828338623,
                2.70455646515,
                2.40093588829,
                3.60449051857,
                3.96235394478,
                5.27564287186,
                3.48502922058,
                0.756955265999,
                0.293991714716,
                0.0663642808795,
                0.0168068315834,
                0.00364653905854,
                0.000155595014803
            ],
            "median": [
                0.0238995607942,
                0.303439170122,
                1.37049496174,
                2.4290060997,
                2.54596734047,
                3.47031402588,
                5.35659790039,
                4.2201962471,
                2.94897460938,
                2.8908457756,
                4.93338632584,
                5.19623947144,
                7.98736095428,
                7.83586025238,
                8.77000236511,
                8.01759815216,
                7.68031358719,
                9.30718231201,
                9.65366458893,
                6.18835639954,
                6.38987493515,
                4.46863079071,
                4.83276891708,
                4.43689775467,
                2.48973751068,
                2.11040401459,
                1.50084757805,
                1.15365159512,
                0.803823649883,
                0.759576618671,
                1.1393481493,
                1.22189331055,
                1.34832167625,
                0.796797513962,
                0.203810751438,
                0.0547669939697,
                0.0137383770198,
                0.00219860696234,
                0.000125947000924,
                4.19455536758e-05
            ],
            "min": [
                2.0137731955e-22,
                1.20339077639e-21,
                2.441392074e-21,
                6.9440406863e-21,
                2.31792793588e-20,
                5.72769259818e-20,
                2.40949650657e-20,
                8.94656707799e-20,
                2.11769752719e-19,
                4.32457882459e-19,
                3.73383124652e-19,
                5.34975804145e-19,
                9.27990664769e-19,
                8.26989223639e-19,
                8.25103200143e-19,
                2.12440640139e-18,
                1.68396798378e-18,
                2.19067411501e-18,
                2.84379710833e-18,
                3.41508298774e-18,
                5.55179597549e-18,
                4.41169459157e-18,
                5.74641833873e-18,
                5.40172969594e-18,
                7.96926647085e-18,
                1.02630565074e-17,
                9.27348958729e-18,
                1.04110639344e-17,
                1.32312022297e-17,
                1.08268868012e-17,
                1.25174760556e-17,
                1.38594591398e-17,
                1.18044405773e-17,
                8.49549065242e-18,
                7.24073459097e-18,
                4.92094585414e-18,
                2.68843211657e-18,
                1.11497453204e-18,
                2.97963045297e-19,
                2.78196963561e-20
            ],
            "var": [
                0.594234347343,
                33.8515663147,
                28.0264701843,
                28.012840271,
                31.9311599731,
                107.639793396,
                536.332092285,
                802.435913086,
                1132.34448242,
                661.055786133,
                2238.29663086,
                3624.05029297,
                13333.5976562,
                14280.5263672,
                11668.6982422,
                9230.31835938,
                9252.87792969,
                5224.80859375,
                9951.44042969,
                1749.70874023,
                2671.43652344,
                2702.72241211,
                1941.52783203,
                388.419555664,
                295.380737305,
                187.526504517,
                61.9772605896,
                33.7914352417,
                25.6698589325,
                20.4930419922,
                39.752040863,
                64.4148330688,
                137.526153564,
                59.6105461121,
                4.00914907455,
                0.705261290073,
                0.0215546414256,
                0.000910207105335,
                5.93941185798e-05,
                7.06891754021e-08
            ]
        },
        "erbbands_crest": {
            "dmean": 2.51512670517,
            "dmean2": 4.01229143143,
            "dvar": 6.20898628235,
            "dvar2": 15.1248607635,
            "max": 30.6436424255,
            "mean": 9.20801258087,
            "median": 8.18780326843,
            "min": 2.38255262375,
            "var": 20.4428119659
        },
        "erbbands_flatness_db": {
            "dmean": 0.0174713674933,
            "dmean2": 0.0247767269611,
            "dvar": 0.000327311980072,
            "dvar2": 0.000645143387374,
            "max": 0.393034666777,
            "mean": 0.149927183986,
            "median": 0.138366013765,
            "min": 0.0441848486662,
            "var": 0.00320723839104
        },
        "erbbands_kurtosis": {
            "dmean": 1.21141529083,
            "dmean2": 1.80685472488,
            "dvar": 6.09020423889,
            "dvar2": 11.0779085159,
            "max": 153.864486694,
            "mean": 1.47441697121,
            "median": 0.335618495941,
            "min": -1.84535682201,
            "var": 18.7282409668
        },
        "erbbands_skewness": {
            "dmean": 0.361082285643,
            "dmean2": 0.540909409523,
            "dvar": 0.177599027753,
            "dvar2": 0.347241461277,
            "max": 7.96521091461,
            "mean": 0.44896504283,
            "median": 0.346953302622,
            "min": -5.25707530975,
            "var": 0.885550439358
        },
        "erbbands_spread": {
            "dmean": 8.79789447784,
            "dmean2": 13.0973310471,
            "dvar": 143.268569946,
            "dvar2": 326.035675049,
            "max": 177.676361084,
            "mean": 38.7859306335,
            "median": 35.4432182312,
            "min": 1.0804271698,
            "var": 475.11138916
        },
        "gfcc": {
            "cov": [
                [
                    47530.84375,
                    -55.4875602722,
                    -1203.39343262,
                    1391.94311523,
                    -595.76184082,
                    1163.99206543,
                    -234.277099609,
                    1665.48681641,
                    101.376243591,
                    392.16784668,
                    568.378051758,
                    159.506454468,
                    414.664093018
                ],
                [
                    -55.4875602722,
                    2728.33642578,
                    3.92476415634,
                    -134.697616577,
                    121.776901245,
                    -251.327362061,
                    46.254524231,
                    -273.184082031,
                    83.0759963989,
                    -191.569900513,
                    66.7853012085,
                    -201.44090271,
                    -0.133137121797
                ],
                [
                    -1203.39343262,
                    3.92476415634,
                    747.320861816,
                    25.4332256317,
                    41.9501419067,
                    -6.22763156891,
                    46.9971694946,
                    -36.5501365662,
                    47.0680580139,
                    61.4070930481,
                    -81.73387146,
                    56.5346183777,
                    -41.3164749146
                ],
                [
                    1391.94311523,
                    -134.697616577,
                    25.4332256317,
                    672.259216309,
                    92.3650436401,
                    111.489120483,
                    -4.55958557129,
                    89.2317733765,
                    108.993156433,
                    54.0011901855,
                    -20.8979988098,
                    71.279335022,
                    59.5320739746
                ],
                [
                    -595.76184082,
                    121.776901245,
                    41.9501419067,
                    92.3650436401,
                    425.901031494,
                    55.9401130676,
                    234.694015503,
                    -32.7628631592,
                    97.5725250244,
                    28.5591621399,
                    1.89960360527,
                    77.3085021973,
                    20.4239311218
                ],
                [
                    1163.99206543,
                    -251.327362061,
                    -6.22763156891,
                    111.489120483,
                    55.9401130676,
                    341.991333008,
                    107.604804993,
                    155.728393555,
                    5.359375,
                    72.8571624756,
                    58.8390045166,
                    41.2512397766,
                    35.2022018433
                ],
                [
                    -234.277099609,
                    46.254524231,
                    46.9971694946,
                    -4.55958557129,
                    234.694015503,
                    107.604804993,
                    402.514678955,
                    0.8148021698,
                    63.2123603821,
                    58.2653846741,
                    19.6676235199,
                    80.0073013306,
                    -12.7981538773
                ],
                [
                    1665.48681641,
                    -273.184082031,
                    -36.5501365662,
                    89.2317733765,
                    -32.7628631592,
                    155.728393555,
                    0.8148021698,
                    291.568206787,
                    37.4134368896,
                    51.397567749,
                    73.7151107788,
                    11.8364038467,
                    52.6786956787
                ],
                [
                    101.376243591,
                    83.0759963989,
                    47.0680580139,
                    108.993156433,
                    97.5725250244,
                    5.359375,
                    63.2123603821,
                    37.4134368896,
                    173.019042969,
                    38.763584137,
                    7.86616182327,
                    53.9813652039,
                    36.1590881348
                ],
                [
                    392.16784668,
                    -191.569900513,
                    61.4070930481,
                    54.0011901855,
                    28.5591621399,
                    72.8571624756,
                    58.2653846741,
                    51.397567749,
                    38.763584137,
                    127.667877197,
                    20.1777744293,
                    51.5273017883,
                    -0.603661596775
                ],
                [
                    568.378051758,
                    66.7853012085,
                    -81.73387146,
                    -20.8979988098,
                    1.89960360527,
                    58.8390045166,
                    19.6676235199,
                    73.7151107788,
                    7.86616182327,
                    20.1777744293,
                    158.097900391,
                    -6.27280378342,
                    41.2789955139
                ],
                [
                    159.506454468,
                    -201.44090271,
                    56.5346183777,
                    71.279335022,
                    77.3085021973,
                    41.2512397766,
                    80.0073013306,
                    11.8364038467,
                    53.9813652039,
                    51.5273017883,
                    -6.27280378342,
                    164.208312988,
                    30.3964614868
                ],
                [
                    414.664093018,
                    -0.133137121797,
                    -41.3164749146,
                    59.5320739746,
                    20.4239311218,
                    35.2022018433,
                    -12.7981538773,
                    52.6786956787,
                    36.1590881348,
                    -0.603661596775,
                    41.2789955139,
                    30.3964614868,
                    94.1364440918
                ]
            ],
            "icov": [
                [
                    3.16240220855e-05,
                    -3.72682734451e-05,
                    5.0802318583e-05,
                    -4.99524830957e-05,
                    5.02803486597e-05,
                    -3.20573017234e-05,
                    1.27315051941e-05,
                    -0.000166331068613,
                    6.06855464866e-05,
                    -7.63397911214e-05,
                    1.06438001239e-05,
                    -7.9049175838e-05,
                    7.47936928747e-06
                ],
                [
                    -3.72682734451e-05,
                    0.00062218477251,
                    -0.000168944738107,
                    4.73592772323e-05,
                    -0.000119794734928,
                    0.00016781942395,
                    -0.000212054670556,
                    0.000753443688154,
                    -0.00066572567448,
                    0.000763857620768,
                    -0.000571374723222,
                    0.00089545751689,
                    -0.000204257114092
                ],
                [
                    5.0802318583e-05,
                    -0.000168944738107,
                    0.0016527841799,
                    -1.64130142366e-05,
                    7.64960641391e-05,
                    -0.00011391647422,
                    9.56507137744e-05,
                    -0.000278399355011,
                    -0.000174036860699,
                    -0.000926622305997,
                    0.000852740951814,
                    -0.000579361745622,
                    0.000580619554967
                ],
                [
                    -4.99524830957e-05,
                    4.73592772323e-05,
                    -1.64130142366e-05,
                    0.00203614565544,
                    -0.000459723902168,
                    -0.000577347993385,
                    0.000578885024879,
                    5.30789548066e-05,
                    -0.00102731352672,
                    -0.000240185880102,
                    0.000780503905844,
                    -0.000139366064104,
                    -0.000614309683442
                ],
                [
                    5.02803486597e-05,
                    -0.000119794734928,
                    7.64960641391e-05,
                    -0.000459723902168,
                    0.00417256401852,
                    -0.000351499475073,
                    -0.00210202788003,
                    0.000637778488453,
                    -0.00118669588119,
                    0.000338592712069,
                    8.00925190561e-05,
                    -0.00049843970919,
                    -0.000730043044314
                ],
                [
                    -3.20573017234e-05,
                    0.00016781942395,
                    -0.00011391647422,
                    -0.000577347993385,
                    -0.000351499475073,
                    0.00513560324907,
                    -0.00131399347447,
                    -0.00195189449005,
                    0.00174155330751,
                    -0.00133206683677,
                    -0.000584630528465,
                    0.000182885443792,
                    -0.000954176008236
                ],
                [
                    1.27315051941e-05,
                    -0.000212054670556,
                    9.56507137744e-05,
                    0.000578885024879,
                    -0.00210202788003,
                    -0.00131399347447,
                    0.0046602007933,
                    -4.0754539441e-06,
                    -0.000559386331588,
                    -0.000711229338776,
                    -0.000372171867639,
                    -0.00149562640581,
                    0.00205922569148
                ],
                [
                    -0.000166331068613,
                    0.000753443688154,
                    -0.000278399355011,
                    5.30789548066e-05,
                    0.000637778488453,
                    -0.00195189449005,
                    -4.0754539441e-06,
                    0.00712129333988,
                    -0.00218634819612,
                    8.48146592034e-05,
                    -0.00183334527537,
                    0.0017829783028,
                    -0.00174754986074
                ],
                [
                    6.06855464866e-05,
                    -0.00066572567448,
                    -0.000174036860699,
                    -0.00102731352672,
                    -0.00118669588119,
                    0.00174155330751,
                    -0.000559386331588,
                    -0.00218634819612,
                    0.00964175257832,
                    -0.0026325143408,
                    0.000716861744877,
                    -0.00168436311651,
                    -0.00243220012635
                ],
                [
                    -7.63397911214e-05,
                    0.000763857620768,
                    -0.000926622305997,
                    -0.000240185880102,
                    0.000338592712069,
                    -0.00133206683677,
                    -0.000711229338776,
                    8.48146592034e-05,
                    -0.0026325143408,
                    0.0126604223624,
                    -0.00238154176623,
                    -0.00181966717355,
                    0.00308730616234
                ],
                [
                    1.06438001239e-05,
                    -0.000571374723222,
                    0.000852740951814,
                    0.000780503905844,
                    8.00925190561e-05,
                    -0.000584630528465,
                    -0.000372171867639,
                    -0.00183334527537,
                    0.000716861744877,
                    -0.00238154176623,
                    0.00942677073181,
                    0.000619891914539,
                    -0.00361487735063
                ],
                [
                    -7.9049175838e-05,
                    0.00089545751689,
                    -0.000579361745622,
                    -0.000139366064104,
                    -0.00049843970919,
                    0.000182885443792,
                    -0.00149562640581,
                    0.0017829783028,
                    -0.00168436311651,
                    -0.00181966717355,
                    0.000619891914539,
                    0.010184888728,
                    -0.00390319596045
                ],
                [
                    7.47936928747e-06,
                    -0.000204257114092,
                    0.000580619554967,
                    -0.000614309683442,
                    -0.000730043044314,
                    -0.000954176008236,
                    0.00205922569148,
                    -0.00174754986074,
                    -0.00243220012635,
                    0.00308730616234,
                    -0.00361487735063,
                    -0.00390319596045,
                    0.0168055612594
                ]
            ],
            "mean": [
                -74.7666625977,
                82.5934829712,
                -97.9911575317,
                22.3240356445,
                -48.5759277344,
                21.5859260559,
                -42.7251205444,
                8.63982009888,
                -26.3603229523,
                -3.44549894333,
                -11.1104259491,
                -5.34862327576,
                -7.68167686462
            ]
        },
        "hfc": {
            "dmean": 5.80498504639,
            "dmean2": 8.34709453583,
            "dvar": 89.9667892456,
            "dvar2": 182.867858887,
            "max": 153.614578247,
            "mean": 21.3931522369,
            "median": 12.4631576538,
            "min": 1.11630816226e-16,
            "var": 540.016113281
        },
        "melbands": {
            "dmean": [
                0.00180440791883,
                0.00140096968971,
                0.000366124237189,
                0.000206378070288,
                0.000247683987254,
                0.000173624095623,
                0.000103999154817,
                7.76912202127e-05,
                9.86779923551e-05,
                9.07345165615e-05,
                0.000110671629955,
                8.60586296767e-05,
                6.30800932413e-05,
                5.97986763751e-05,
                6.50043293717e-05,
                4.28545317845e-05,
                3.56208402081e-05,
                4.69175465696e-05,
                1.53141809278e-05,
                2.08862202271e-05,
                1.2517812138e-05,
                1.29507870952e-05,
                8.36226445244e-06,
                1.0826779544e-05,
                4.87576153319e-06,
                3.31106775775e-06,
                4.1871189751e-06,
