{
    "lowlevel": {
        "average_loudness": 0.893489003181,
        "barkbands": {
            "dmean": [
                0.0018081573071,
                0.00684130378067,
                0.00259209075011,
                0.00116800237447,
                0.00107796920929,
                0.000921168073546,
                0.000828378950246,
                0.00114850699902,
                0.00224651722237,
                0.00121097848751,
                0.000676590483636,
                0.00124964746647,
                0.00135620485526,
                0.000924016989302,
                0.000488565652631,
                0.000242126945523,
                0.000226181757171,
                0.000216730652028,
                0.000164951838087,
                0.000147862607264,
                0.000129168212879,
                0.00015226949472,
                0.000490336795337,
                0.000262851361185,
                0.000163365722983,
                0.000146140548168,
                2.14415122173e-05
            ],
            "dmean2": [
                0.0026888102293,
                0.0114421220496,
                0.00462883524597,
                0.00220756442286,
                0.00194834452122,
                0.00157871912234,
                0.00145423004869,
                0.00187191891018,
                0.00342337437905,
                0.00183815998025,
                0.00100924493745,
                0.0017834790051,
                0.002059700666,
                0.00143162976019,
                0.00075747986557,
                0.000371799047571,
                0.000340072030667,
                0.000325976870954,
                0.000250499229878,
                0.000224770308705,
                0.000198267909582,
                0.000249324919423,
                0.000876090489328,
                0.000468099344289,
                0.000272612029221,
                0.000219662237214,
                3.52638198819e-05
            ],
            "dvar": [
                6.35793048787e-06,
                0.000229942277656,
                7.2490904131e-05,
                1.84415221156e-05,
                9.09791651793e-06,
                5.79623338126e-06,
                7.28919894755e-06,
                1.17661593322e-05,
                2.80701660813e-05,
                1.20098884508e-05,
                5.20694902661e-06,
                1.04620612547e-05,
                1.1751078091e-05,
                5.1812116908e-06,
                1.44116881984e-06,
                4.05688695082e-07,
                2.6961504318e-07,
                1.56614277103e-07,
                1.46831510506e-07,
                1.02366172428e-07,
                1.79595488703e-07,
                2.16875079673e-07,
                1.76159119292e-06,
                4.42617960061e-07,
                1.70433224866e-07,
                4.18391607582e-07,
                6.45355502371e-09
            ],
            "dvar2": [
                1.32640479933e-05,
                0.000642234459519,
                0.000203232193599,
                5.35313920409e-05,
                2.57928622887e-05,
                1.51649010149e-05,
                1.97771296371e-05,
                2.85582300421e-05,
                6.32993032923e-05,
                2.62370122073e-05,
                1.22357714645e-05,
                2.21470036195e-05,
                2.53828475252e-05,
                1.1612723938e-05,
                3.33776119987e-06,
                9.14350948733e-07,
                5.77842797611e-07,
                3.29934351839e-07,
                2.89375350349e-07,
                2.16773074158e-07,
                3.22220046201e-07,
                4.10308246046e-07,
                4.76933473692e-06,
                1.17016259082e-06,
                3.81537944349e-07,
                8.80336585851e-07,
                1.35052822259e-08
            ],
            "max": [
                0.0263044591993,
                0.139055490494,
                0.0756930559874,
                0.057340465486,
                0.0325946807861,
                0.0598427094519,
                0.0690196752548,
                0.0659379065037,
                0.0836948528886,
                0.0654383674264,
                0.0509417057037,
                0.0591955184937,
                0.0556639768183,
                0.0366647355258,
                0.0241304300725,
                0.0162248834968,
                0.010305586271,
                0.00656499480829,
                0.00715589011088,
                0.00580233195797,
                0.00838917959481,
                0.00751679064706,
                0.0136086037382,
                0.0070582004264,
                0.00648945569992,
                0.0220110658556,
                0.00131781224627
            ],
            "mean": [
                0.00545253045857,
                0.0125589566305,
                0.00230814656243,
                0.000905295659322,
                0.000947144522797,
                0.000929344736505,
                0.000777648761868,
                0.00119648606051,
                0.00278653460555,
                0.00169747625478,
                0.000815387174953,
                0.00186646950897,
                0.00158432219177,
                0.00116891448852,
                0.000585019006394,
                0.000324808235746,
                0.000302338099573,
                0.000314398581395,
                0.000241192698013,
                0.000218613102334,
                0.000168416212546,
                0.000146796184708,
                0.000364992360119,
                0.000222474860493,
                0.00014709259267,
                0.000207690696698,
                1.83537758858e-05
            ],
            "median": [
                0.00185371446423,
                0.00652198679745,
                0.000509527570102,
                0.000112349443953,
                0.000136079310323,
                0.000174639979377,
                0.000124234473333,
                0.000126653059851,
                0.000215284075239,
                0.00030171207618,
                5.9044235968e-05,
                0.000384947459679,
                0.000175929366378,
                0.000169321501744,
                7.98845794634e-05,
                8.38138585095e-05,
                7.54164502723e-05,
                9.52092887019e-05,
                8.99417136679e-05,
                6.97982031852e-05,
                4.22853772761e-05,
                9.60767192737e-06,
                2.75063321169e-05,
                2.55371433013e-05,
                9.50581124926e-06,
                3.54152302862e-06,
                5.01543524933e-07
            ],
            "min": [
                2.15673881234e-25,
                2.42000595389e-24,
                6.51524313838e-25,
                1.48502769585e-24,
                5.40675167019e-24,
                6.29679779157e-24,
                9.62410856572e-24,
                8.96050536162e-24,
                2.00787456697e-23,
                2.06267910064e-23,
                9.72663129555e-24,
                2.18813101931e-23,
                2.17172334357e-23,
                2.81395362362e-23,
                4.59189558933e-23,
                5.37692452382e-23,
                7.77349531348e-23,
                8.97432588913e-23,
                1.37688956222e-22,
                1.61574250794e-22,
                2.81574219218e-22,
                3.00507688736e-22,
                3.95174935357e-22,
                5.32738544737e-22,
                9.2348444894e-22,
                1.26888738562e-21,
                1.99065679419e-21
            ],
            "var": [
                4.33250315837e-05,
                0.000335002550855,
                4.98528024764e-05,
                1.10407045213e-05,
                6.62744287183e-06,
                5.41435019841e-06,
                5.86728583585e-06,
                1.20596159832e-05,
                4.09290478274e-05,
                2.1019450287e-05,
                6.5381427703e-06,
                1.89394104382e-05,
                1.702337795e-05,
                8.09588436823e-06,
                2.24757400247e-06,
                6.34843104308e-07,
                4.16904299527e-07,
                2.78583939917e-07,
                2.11456054444e-07,
                1.59731101235e-07,
                2.48776188982e-07,
                2.833926942e-07,
                1.26653878851e-06,
                3.71340007632e-07,
                1.94851324409e-07,
                1.01582315892e-06,
                6.82053968859e-09
            ]
        },
        "barkbands_crest": {
            "dmean": 3.43535637856,
            "dmean2": 5.49074745178,
            "dvar": 10.669916153,
            "dvar2": 29.3885650635,
            "max": 25.7363815308,
            "mean": 12.0664463043,
            "median": 11.6361656189,
            "min": 2.37571501732,
            "var": 22.0879421234
        },
        "barkbands_flatness_db": {
            "dmean": 0.0399439893663,
            "dmean2": 0.0602114759386,
            "dvar": 0.00190122204367,
            "dvar2": 0.00404309807345,
            "max": 0.548281908035,
            "mean": 0.196872517467,
            "median": 0.189426988363,
            "min": 0.0208840090781,
            "var": 0.00646164827049
        },
        "barkbands_kurtosis": {
            "dmean": 7.66590023041,
            "dmean2": 12.2739562988,
            "dvar": 334.109832764,
            "dvar2": 813.454589844,
            "max": 366.23046875,
            "mean": 10.7015018463,
            "median": 1.7999830246,
            "min": -1.94441008568,
            "var": 645.93560791
        },
        "barkbands_skewness": {
            "dmean": 0.913907289505,
            "dmean2": 1.38391435146,
            "dvar": 1.31784546375,
            "dvar2": 3.03108859062,
            "max": 15.2102985382,
            "mean": 1.95861542225,
            "median": 1.32651185989,
            "min": -6.8703379631,
            "var": 4.59270572662
        },
        "barkbands_spread": {
            "dmean": 8.67941856384,
            "dmean2": 14.0858278275,
            "dvar": 161.632904053,
            "dvar2": 389.928741455,
            "max": 135.062011719,
            "mean": 20.8811740875,
            "median": 17.2362937927,
            "min": 0.221806079149,
            "var": 289.8046875
        },
        "dissonance": {
            "dmean": 0.0292318053544,
            "dmean2": 0.0488288104534,
            "dvar": 0.000849557458423,
            "dvar2": 0.00231312122196,
            "max": 0.5,
            "mean": 0.447147399187,
            "median": 0.456447541714,
            "min": 0.193601548672,
            "var": 0.00154885649681
        },
        "dynamic_complexity": 4.71938514709,
        "erbbands": {
            "dmean": [
                0.214320003986,
                1.67616593838,
                3.10692644119,
                3.24948143959,
                3.64572477341,
                3.50929069519,
                5.7263712883,
                8.00688934326,
                9.74876880646,
                16.9085464478,
                30.4345703125,
                49.9341392517,
                40.7261199951,
                29.2292480469,
                29.8385353088,
                45.7693328857,
                62.0433578491,
                45.9636955261,
                27.0259532928,
                23.2650947571,
                14.0435113907,
                12.8073616028,
                11.7257328033,
                8.04189109802,
                8.88329601288,
                6.83471298218,
                5.72342443466,
                5.00980472565,
                5.53355026245,
                8.9549407959,
                13.7085008621,
                7.69886493683,
                3.4021384716,
                2.42996740341,
                0.91269081831,
                1.00495767593,
                0.170225739479,
                0.025235299021,
                0.003504734952,
                0.000239635090111
            ],
            "dmean2": [
                0.349226802588,
                2.77747297287,
                5.14560508728,
                5.94509935379,
                6.83063650131,
                6.27906274796,
                9.68762111664,
                13.9447317123,
                17.3580856323,
                28.2886123657,
                47.6148033142,
                76.7636260986,
                62.4161071777,
                45.1130867004,
                43.634021759,
                64.8706512451,
                91.9156341553,
                69.6763381958,
                41.5851554871,
                35.0909996033,
                21.2213573456,
                18.8243808746,
                17.363111496,
                12.4431028366,
                13.1315059662,
                10.5296525955,
                8.66331195831,
                7.87914133072,
                9.13024139404,
                15.4951162338,
                24.6373691559,
                13.9202032089,
                5.94454622269,
                4.09354686737,
                1.51821482182,
                1.4671741724,
                0.27221468091,
                0.0420592240989,
                0.00583608308807,
                0.000383170437999
            ],
            "dvar": [
                0.135333836079,
                16.2165641785,
                83.443901062,
                133.149887085,
                149.151351929,
                93.6056671143,
                215.363891602,
                517.94744873,
                831.643737793,
                3208.84423828,
                6639.80273438,
                17315.1796875,
                11176.5507813,
                8159.91455078,
                7867.21777344,
                12910.0625,
                24270.6894531,
                14431.4179688,
                3663.23120117,
                3418.40454102,
                1343.89257813,
                814.470336914,
                453.501068115,
                304.278503418,
                463.825408936,
                218.877807617,
                240.061386108,
                385.811340332,
                303.816925049,
                521.336364746,
                1382.62756348,
                436.8777771,
                66.0233612061,
                41.3577461243,
                5.45899248123,
                29.7848930359,
                0.251159250736,
                0.0060112895444,
                0.000163573437021,
                8.88434044555e-07
            ],
            "dvar2": [
                0.349300295115,
                42.8996734619,
                214.387832642,
                378.427856445,
                429.840789795,
                263.827453613,
                556.148986816,
                1386.51269531,
                2299.06542969,
                8220.55859375,
                15966.3144531,
                40816.6484375,
                25750.5234375,
                19753.359375,
                18121.5136719,
                26787.6875,
                52306.21875,
                31904.9707031,
                8341.18652344,
                7731.98876953,
                2987.54858398,
                1702.29846191,
                947.79107666,
                646.480102539,
                914.50189209,
                440.029296875,
                449.791717529,
                729.05255127,
                609.649963379,
                1244.58349609,
                3774.5793457,
                1194.13476563,
                164.535049438,
                101.947280884,
                10.9977531433,
                62.1488342285,
                0.529390692711,
                0.0126775465906,
                0.000332670373609,
                1.93204073184e-06
            ],
            "max": [
                5.04407453537,
                35.9821052551,
                85.9582519531,
                141.755996704,
                123.703575134,
                151.524505615,
                450.302093506,
                575.207702637,
                440.647979736,
                1378.56604004,
                1587.14086914,
                2606.70703125,
                1537.03234863,
                2374.96191406,
                1732.22509766,
                2236.31518555,
                2249.70532227,
                2266.65283203,
                1019.0222168,
                1212.28344727,
                1040.10400391,
                659.76550293,
                395.017913818,
                238.597808838,
                436.300872803,
                238.665145874,
                320.918029785,
                342.044311523,
                278.516601563,
                278.612335205,
                357.86038208,
                219.713424683,
                95.056892395,
                145.281707764,
                33.4111709595,
                193.700424194,
                9.1267156601,
                1.21806061268,
                0.217257365584,
                0.0168180000037
            ],
            "mean": [
                0.534440457821,
                2.12528634071,
                3.32534456253,
                2.87347459793,
                2.69993710518,
                3.16029882431,
                6.2006521225,
                7.56615686417,
                9.17755794525,
                17.1846847534,
                35.5740127563,
                59.3088226318,
                58.9387588501,
                39.6769523621,
                43.2607307434,
                68.4244918823,
                79.5141372681,
                60.3597145081,
                36.4214134216,
                30.3141899109,
                19.652973175,
                18.7053604126,
                17.6623954773,
                11.8137016296,
                13.5143737793,
                10.5246419907,
                8.4190530777,
                5.5315823555,
                5.35468912125,
                7.3544011116,
                10.0839557648,
                6.10207080841,
                3.09097480774,
                2.08523154259,
                0.924903452396,
                1.57406795025,
                0.184363663197,
                0.0228297654539,
                0.00313607207499,
                0.000241978879785
            ],
            "median": [
                0.35113465786,
                0.688024401665,
                0.966975808144,
                0.516542196274,
                0.281919032335,
                0.45159688592,
                1.16981816292,
                1.41612005234,
                2.23077988625,
                2.36597013474,
                5.97637891769,
                6.84559965134,
                12.456076622,
                10.3599185944,
                10.5680065155,
                15.5904521942,
                12.568898201,
                9.86428260803,
                7.35759735107,
                4.60920190811,
                5.52778053284,
                5.62266159058,
                5.87904691696,
                4.55827236176,
                5.68758392334,
                3.58646392822,
                2.60586643219,
                0.876342236996,
                0.368814021349,
                0.522661149502,
                0.782229483128,
                0.674474954605,
                0.370458096266,
                0.149290084839,
                0.051435995847,
                0.020570512861,
                0.00504298182204,
                0.000801862915978,
                0.000114960676001,
                5.53624558961e-05
            ],
            "min": [
                3.35737244887e-23,
                6.70775672608e-22,
                1.60172236706e-21,
                5.06604504336e-21,
                1.28261309079e-20,
                1.95736410739e-20,
                6.39619541232e-20,
                6.21774993597e-20,
                9.96282373023e-20,
                2.12306347367e-19,
                2.66356344844e-19,
                3.86387437857e-19,
                4.97360851464e-19,
                8.74412728927e-19,
                1.11750994402e-18,
                1.01287190672e-18,
                1.47291781357e-18,
                1.19903552102e-18,
                2.39940466399e-18,
                3.46731923662e-18,
                3.59253928532e-18,
                4.86108279321e-18,
                4.51389523779e-18,
                9.10304075027e-18,
                8.72191976457e-18,
                9.11510848822e-18,
                1.14311273494e-17,
                9.82630679837e-18,
                1.12330407538e-17,
                1.19256059934e-17,
                1.18344862587e-17,
                1.03182641959e-17,
                1.05756199368e-17,
                8.36223930036e-18,
                6.46829803213e-18,
                4.44888008241e-18,
                2.33075322264e-18,
                9.83575650968e-19,
                2.61354073487e-19,
                2.73610860988e-20
            ],
            "var": [
                0.42942070961,
                18.3232078552,
                73.3300094604,
                87.5828094482,
                90.9198608398,
                71.7018280029,
                209.682342529,
                434.323974609,
                642.838012695,
                2937.30932617,
                7403.35791016,
                21952.1269531,
                18967.1914063,
                9869.27929688,
                11048.2587891,
                23811.2714844,
                36960.5625,
                23016.9472656,
                5955.43310547,
                5996.10595703,
                2103.68994141,
                1404.30969238,
                862.859375,
                431.040527344,
                669.639221191,
                365.380584717,
                356.0418396,
                477.834136963,
                387.50668335,
                496.30770874,
                967.049377441,
                318.108276367,
                66.6747894287,
                40.975151062,
                7.48757505417,
                75.5718078613,
                0.38838160038,
                0.00660784775391,
                0.000178614151082,
                9.19006879485e-07
            ]
        },
        "erbbands_crest": {
            "dmean": 3.57544612885,
            "dmean2": 5.75970840454,
            "dvar": 10.9197568893,
            "dvar2": 26.8353977203,
            "max": 29.8320617676,
            "mean": 11.1889533997,
            "median": 10.1679954529,
            "min": 2.36543941498,
            "var": 26.1509056091
        },
        "erbbands_flatness_db": {
            "dmean": 0.0294340476394,
            "dmean2": 0.0436090864241,
            "dvar": 0.000901082647033,
            "dvar2": 0.00180243153591,
            "max": 0.465328395367,
            "mean": 0.192166909575,
            "median": 0.185358837247,
            "min": 0.0367828048766,
            "var": 0.00533288205042
        },
        "erbbands_kurtosis": {
            "dmean": 1.70563530922,
            "dmean2": 2.65793251991,
            "dvar": 7.01301670074,
            "dvar2": 16.8324337006,
            "max": 42.4951667786,
            "mean": 1.51845145226,
            "median": 0.493762344122,
            "min": -1.84675908089,
            "var": 12.1508541107
        },
        "erbbands_skewness": {
            "dmean": 0.534102618694,
            "dmean2": 0.802531123161,
            "dvar": 0.32618355751,
            "dvar2": 0.782801747322,
            "max": 5.83441066742,
            "mean": 0.329214274883,
            "median": 0.28598639369,
            "min": -5.26469326019,
            "var": 0.900402486324
        },
        "erbbands_spread": {
            "dmean": 11.2097148895,
            "dmean2": 17.4247722626,
            "dvar": 189.470275879,
            "dvar2": 426.175720215,
            "max": 187.821304321,
            "mean": 33.5390777588,
            "median": 27.8850517273,
            "min": 1.69874179363,
            "var": 541.091918945
        },
        "gfcc": {
            "cov": [
                [
                    23339.8046875,
                    -2397.32397461,
                    -31.2748718262,
                    490.564910889,
                    -963.534545898,
                    1962.70922852,
                    7.80687093735,
                    1177.19360352,
                    -382.027740479,
                    314.48840332,
                    -87.8219299316,
                    81.48072052,
                    -240.521621704
                ],
                [
                    -2397.32397461,
                    3234.43652344,
                    217.508392334,
                    558.526977539,
                    1022.59564209,
                    -250.414077759,
                    547.845031738,
                    -129.856628418,
                    306.848632813,
                    -120.739997864,
                    189.068466187,
                    -198.858108521,
                    140.134399414
                ],
                [
                    -31.2748718262,
                    217.508392334,
                    3101.16357422,
                    1224.75500488,
                    780.738830566,
                    1125.02612305,
                    379.233276367,
                    457.790344238,
                    293.587646484,
                    178.023971558,
                    -81.3864440918,
                    249.621261597,
                    -62.4602508545
                ],
                [
                    490.564910889,
                    558.526977539,
                    1224.75500488,
                    1034.86242676,
                    578.771789551,
                    472.240844727,
                    308.214813232,
                    173.649429321,
                    254.587783813,
                    85.698600769,
                    8.68148422241,
                    65.9322814941,
                    51.4981384277
                ],
                [
                    -963.534545898,
                    1022.59564209,
                    780.738830566,
                    578.771789551,
                    916.868713379,
                    337.674835205,
                    409.901367188,
                    173.665039063,
                    229.341278076,
                    75.2708129883,
                    49.707118988,
                    26.7957992554,
                    57.1576080322
                ],
                [
                    1962.70922852,
                    -250.414077759,
                    1125.02612305,
                    472.240844727,
                    337.674835205,
                    1042.18505859,
                    396.373291016,
                    433.203063965,
                    98.619178772,
                    92.629486084,
                    36.1484489441,
                    94.8156433105,
                    -61.0598983765
                ],
                [
                    7.80687093735,
                    547.845031738,
                    379.233276367,
                    308.214813232,
                    409.901367188,
                    396.373291016,
                    566.314025879,
                    193.025115967,
                    104.054206848,
                    8.22562789917,
                    88.8615722656,
                    0.464038223028,
                    12.2637987137
                ],
                [
                    1177.19360352,
                    -129.856628418,
                    457.790344238,
                    173.649429321,
                    173.665039063,
                    433.203063965,
                    193.025115967,
                    408.374084473,
                    53.557598114,
                    86.9488220215,
                    5.90089035034,
                    20.4786071777,
                    -11.71879673
                ],
                [
                    -382.027740479,
                    306.848632813,
                    293.587646484,
                    254.587783813,
                    229.341278076,
                    98.619178772,
                    104.054206848,
                    53.557598114,
                    260.743927002,
                    57.9971160889,
                    3.88563871384,
                    -0.802570283413,
                    7.62832593918
                ],
                [
                    314.48840332,
                    -120.739997864,
                    178.023971558,
                    85.698600769,
                    75.2708129883,
                    92.629486084,
                    8.22562789917,
                    86.9488220215,
                    57.9971160889,
                    165.834701538,
                    14.9547567368,
                    17.2569026947,
                    -16.049325943
                ],
                [
                    -87.8219299316,
                    189.068466187,
                    -81.3864440918,
                    8.68148422241,
                    49.707118988,
                    36.1484489441,
                    88.8615722656,
                    5.90089035034,
                    3.88563871384,
                    14.9547567368,
                    176.953216553,
                    13.6340675354,
                    2.49587678909
                ],
                [
                    81.48072052,
                    -198.858108521,
                    249.621261597,
                    65.9322814941,
                    26.7957992554,
                    94.8156433105,
                    0.464038223028,
                    20.4786071777,
                    -0.802570283413,
                    17.2569026947,
                    13.6340675354,
                    172.32043457,
                    10.9251241684
                ],
                [
                    -240.521621704,
                    140.134399414,
                    -62.4602508545,
                    51.4981384277,
                    57.1576080322,
                    -61.0598983765,
                    12.2637987137,
                    -11.71879673,
                    7.62832593918,
                    -16.049325943,
                    2.49587678909,
                    10.9251241684,
                    128.789001465
                ]
            ],
            "icov": [
                [
                    9.61297773756e-05,
                    -8.77784259501e-05,
                    0.00019018239982,
                    -0.000249993667239,
                    0.000235841100221,
                    -0.000324413937051,
                    0.000152873704792,
                    -0.000215361898881,
                    0.000209664605791,
                    -0.00020133673388,
                    0.000194576612557,
                    -0.000163171454915,
                    0.000147171318531
                ],
                [
                    -8.77784259501e-05,
                    0.00106674816925,
                    -0.000369649060303,
                    0.000199534988496,
                    -0.00116919202264,
                    0.00104065262713,
                    -0.000632909999695,
                    0.00038618259714,
                    -0.000577527156565,
                    0.00114627415314,
                    -0.00112066580914,
                    0.00129239540547,
                    -0.000386888510548
                ],
                [
                    0.00019018239982,
                    -0.000369649060303,
                    0.0014402262168,
                    -0.00131918746047,
                    0.000349666370312,
                    -0.00140491139609,
                    0.00074166880222,
                    -0.000575987214688,
                    0.000517889275216,
                    -0.000645980762783,
                    0.00118902686518,
                    -0.00140484957956,
                    0.00102402397897
                ],
                [
                    -0.000249993667239,
                    0.000199534988496,
                    -0.00131918746047,
                    0.00328770978376,
                    -0.00107830413617,
                    0.000571862910874,
                    -0.000664711697027,
                    0.001085922122,
                    -0.00156384904403,
                    0.000328619615175,
                    -0.000656777876429,
                    0.000843766261823,
                    -0.00165188696701
                ],
                [
                    0.000235841100221,
                    -0.00116919202264,
                    0.000349666370312,
                    -0.00107830413617,
                    0.00390588166192,
                    -0.00116102653556,
                    -0.000451083004009,
                    -0.000780558621045,
                    0.000114711438073,
                    -0.00183568149805,
                    0.00122993288096,
                    -0.00133303017356,
                    -0.000144897188875
                ],
                [
                    -0.000324413937051,
                    0.00104065262713,
                    -0.00140491139609,
                    0.000571862910874,
                    -0.00116102653556,
                    0.00459097092971,
                    -0.00201512640342,
                    -0.00107601925265,
                    -0.000691269000527,
                    0.00154389685486,
                    -0.00170137896203,
                    0.00091449188767,
                    0.000326391367707
                ],
                [
                    0.000152873704792,
                    -0.000632909999695,
                    0.00074166880222,
                    -0.000664711697027,
                    -0.000451083004009,
                    -0.00201512640342,
                    0.00432563386858,
                    -0.00100602873135,
                    0.000315271347063,
                    0.000453234912129,
                    -0.000497334287502,
                    -0.000367050786735,
                    0.000419600080932
                ],
                [
                    -0.000215361898881,
                    0.00038618259714,
                    -0.000575987214688,
                    0.001085922122,
                    -0.000780558621045,
                    -0.00107601925265,
                    -0.00100602873135,
                    0.00555592868477,
                    -0.00050996534992,
                    -0.00123557855841,
                    -3.92039437429e-05,
                    0.00123075768352,
                    -0.00132576934993
                ],
                [
                    0.000209664605791,
                    -0.000577527156565,
                    0.000517889275216,
                    -0.00156384904403,
                    0.000114711438073,
                    -0.000691269000527,
                    0.000315271347063,
                    -0.00050996534992,
                    0.00634934846312,
                    -0.0021790266037,
                    0.00106658693403,
                    -0.000382862752303,
                    0.00080557342153
                ],
                [
                    -0.00020133673388,
                    0.00114627415314,
                    -0.000645980762783,
                    0.000328619615175,
                    -0.00183568149805,
                    0.00154389685486,
                    0.000453234912129,
                    -0.00123557855841,
                    -0.0021790266037,
                    0.00929776299745,
                    -0.00244907638989,
                    0.001025882666,
                    0.000571288052015
                ],
                [
                    0.000194576612557,
                    -0.00112066580914,
                    0.00118902686518,
                    -0.000656777876429,
                    0.00122993288096,
                    -0.00170137896203,
                    -0.000497334287502,
                    -3.92039437429e-05,
                    0.00106658693403,
                    -0.00244907638989,
                    0.00814614444971,
                    -0.0025507195387,
                    0.000803485221695
                ],
                [
                    -0.000163171454915,
                    0.00129239540547,
                    -0.00140484957956,
                    0.000843766261823,
                    -0.00133303017356,
                    0.00091449188767,
                    -0.000367050786735,
                    0.00123075768352,
                    -0.000382862752303,
                    0.001025882666,
                    -0.0025507195387,
                    0.00887385942042,
                    -0.00211039255373
                ],
                [
                    0.000147171318531,
                    -0.000386888510548,
                    0.00102402397897,
                    -0.00165188696701,
                    -0.000144897188875,
                    0.000326391367707,
                    0.000419600080932,
                    -0.00132576934993,
                    0.00080557342153,
                    0.000571288052015,
                    0.000803485221695,
                    -0.00211039255373,
                    0.00986301433295
                ]
            ],
            "mean": [
                -52.644241333,
                76.9941177368,
                -128.248153687,
                12.1996259689,
                -47.1921615601,
                17.6031932831,
                -23.9290313721,
                13.5391674042,
                -15.7211437225,
                3.60085391998,
                -3.92901945114,
                -0.783764719963,
                -8.31371688843
            ]
        },
        "hfc": {
            "dmean": 17.1405105591,
            "dmean2": 26.2403144836,
            "dvar": 1040.03503418,
            "dvar2": 2217.85693359,
            "max": 437.197662354,
            "mean": 28.9332675934,
            "median": 18.511297226,
            "min": 1.08950433404e-16,
            "var": 1593.32165527
        },
        "melbands": {
            "dmean": [
                0.00179782998748,
                0.00171342003159,
                0.000584864290431,
                0.000246535229962,
                0.00019134854665,
                0.00017765526718,
                0.000153667409904,
                0.000200726804906,
                0.000279202387901,
                0.000315613520797,
                0.000209191814065,
                0.000132048255182,
                0.000101997087768,
                0.0001208988906,
                0.000160601557582,
                0.000129121704958,
                8.80987936398e-05,
                5.2160157793e-05,
                3.96643954446e-05,
                2.04825828405e-05,
                1.70069051819e-05,
                1.46964339365e-05,
                1.21319571917e-05,
                1.00651914181e-05,
                6.60601062918e-06,
                6.727019354e-06,
                6.00336943535e-06,
                4.70049735668e-06,
                3.77458104595e-06,
