{
    "lowlevel": {
        "average_loudness": 0.840327262878,
        "barkbands": {
            "dmean": [
                0.000277619838016,
                0.00269987015054,
                0.00121401296929,
                0.00111283338629,
                0.00127831636928,
                0.000993716181256,
                0.000679458316881,
                0.0010869007092,
                0.000937293516472,
                0.000871337892022,
                0.000385002786061,
                0.000571021053474,
                0.000620477832854,
                0.000247151445365,
                0.000242854599492,
                0.000232479564147,
                0.000247610005317,
                0.000193021609448,
                0.000327468267642,
                0.000178968824912,
                0.000190402992303,
                0.000134041343699,
                0.000102129684819,
                0.000118193296657,
                0.000132958884933,
                6.05723398621e-05,
                1.28638845354e-07
            ],
            "dmean2": [
                0.000377001008019,
                0.00361421285197,
                0.00220881286077,
                0.00187607947737,
                0.00217547058128,
                0.00159051502123,
                0.00108516588807,
                0.00156615243759,
                0.00140433385968,
                0.00128414132632,
                0.000591304269619,
                0.000886311929207,
                0.000971003260929,
                0.000400102173444,
                0.000388466083677,
                0.000368922163034,
                0.000390838074964,
                0.000304651126498,
                0.000500317721162,
                0.000274361955235,
                0.00029048070428,
                0.000201806367841,
                0.000149983694428,
                0.000169454244315,
                0.000193533487618,
                9.20075181057e-05,
                2.06541827197e-07
            ],
            "dvar": [
                6.39804000002e-07,
                6.44557585474e-05,
                3.16125224344e-05,
                7.57096267989e-06,
                1.2032439372e-05,
                4.05848641094e-06,
                3.65548226e-06,
                8.27320218377e-06,
                5.71048531128e-06,
                5.13322720508e-06,
                9.04395449197e-07,
                2.37253448176e-06,
                1.82335691079e-06,
                3.93579512092e-07,
                2.22503999225e-07,
                2.46839960028e-07,
                2.01265834221e-07,
                1.50988782366e-07,
                3.61097733048e-07,
                1.67061131151e-07,
                3.35783170158e-07,
                1.26783476162e-07,
                6.73752325042e-08,
                8.86425937097e-08,
                7.758403342e-08,
                1.87772783988e-08,
                1.72885550277e-13
            ],
            "dvar2": [
                1.14535441753e-06,
                0.000101569290564,
                9.08404690563e-05,
                2.10982543649e-05,
                3.43626743415e-05,
                1.02748936115e-05,
                8.91626223165e-06,
                1.76563808054e-05,
                1.26637569338e-05,
                1.05449707917e-05,
                1.88666024314e-06,
                5.14364865012e-06,
                4.16156126448e-06,
                9.52149036948e-07,
                5.48046784843e-07,
                5.92692117607e-07,
                4.73418310776e-07,
                3.48240149606e-07,
                7.51275365474e-07,
                3.76622949716e-07,
                7.49930507027e-07,
                2.79545901094e-07,
                1.3591649406e-07,
                1.75846935235e-07,
                1.59242006248e-07,
                3.96865225127e-08,
                4.14956941421e-13
            ],
            "max": [
                0.0228434558958,
                0.108689174056,
                0.06276396662,
                0.0368434637785,
                0.0466114468873,
                0.0363448746502,
                0.0508394166827,
                0.0595929548144,
                0.055255651474,
                0.0543363392353,
                0.0332580506802,
                0.0314665175974,
                0.0228252857924,
                0.0148066561669,
                0.00939254276454,
                0.0234848093241,
                0.0103696277365,
                0.00696684373543,
                0.0132616227493,
                0.00612094206735,
                0.00654240697622,
                0.00417273724452,
                0.00353738479316,
                0.00856510736048,
                0.00600750045851,
                0.00212610233575,
                9.07792491489e-06
            ],
            "mean": [
                0.00108167133294,
                0.0108686285093,
                0.00110292842146,
                0.00155802059453,
                0.00201046513394,
                0.00184026127681,
                0.00109674106352,
                0.00205130502582,
                0.00170753814746,
                0.00180164363701,
                0.000644943618681,
                0.00088578031864,
                0.00101819855627,
                0.000357022945536,
                0.000373734306777,
                0.000367397005903,
                0.00040521210758,
                0.000294525059871,
                0.000604495522566,
                0.000248914846452,
                0.000231291822274,
                0.000182258794666,
                0.000154031644342,
                0.00018764550623,
                0.000229416415095,
                8.35196842672e-05,
                1.32114806206e-07
            ],
            "median": [
                6.90159311034e-07,
                0.000115244562039,
                0.00018534148694,
                0.000553936173674,
                0.00112068862654,
                0.00079407938756,
                0.000403752143029,
                0.000335430027917,
                0.00050012965221,
                0.000319158774801,
                0.000188289850485,
                0.000184308213647,
                0.000286955910269,
                0.000104722988908,
                0.000145171303302,
                0.00014648969227,
                0.000195623535546,
                0.000130825603264,
                0.000260156957665,
                8.84018227225e-05,
                4.48114406026e-05,
                5.29137723788e-05,
                3.81877434847e-05,
                5.76862657908e-05,
                0.000105658451503,
                3.27409761667e-05,
                2.70459032947e-09
            ],
            "min": [
                3.30799650096e-25,
                2.01539130699e-24,
                7.56892119822e-25,
                8.3850707743e-25,
                4.29160290621e-24,
                5.99252506853e-24,
                4.864590447e-24,
                2.56165184588e-24,
                1.3213411485e-23,
                9.98687966362e-24,
                7.65177486466e-24,
                2.80878784687e-23,
                2.61646624031e-23,
                3.12906285004e-23,
                2.10749365757e-23,
                5.61073090544e-23,
                6.13712390354e-23,
                9.38403373758e-23,
                1.12833930717e-22,
                1.76947168218e-22,
                2.04695243274e-22,
                2.68009749641e-22,
                4.02860081404e-22,
                6.16547329256e-22,
                7.91527633734e-22,
                1.28462017508e-21,
                1.94460690632e-21
            ],
            "var": [
                6.63001401335e-06,
                0.000375185452867,
                1.89973343367e-05,
                8.28286738397e-06,
                1.04182245195e-05,
                7.85736028774e-06,
                5.21534775544e-06,
                1.99099558813e-05,
                1.36337021104e-05,
                2.04018706427e-05,
                2.57174974649e-06,
                4.86318276671e-06,
                4.35864967585e-06,
                5.76974343858e-07,
                3.97245230488e-07,
                5.71100201796e-07,
                3.59446744369e-07,
                2.12146176182e-07,
                9.14660290618e-07,
                2.14876436644e-07,
                3.95750731741e-07,
                1.66064438645e-07,
                1.22052639995e-07,
                1.84212439081e-07,
                1.49971157271e-07,
                2.59735486452e-08,
                1.83382294267e-13
            ]
        },
        "barkbands_crest": {
            "dmean": 2.38832807541,
            "dmean2": 3.67839384079,
            "dvar": 5.76774501801,
            "dvar2": 12.740445137,
            "max": 26.2473526001,
            "mean": 11.5365219116,
            "median": 10.5359869003,
            "min": 2.3548541069,
            "var": 26.4702529907
        },
        "barkbands_flatness_db": {
            "dmean": 0.0206510033458,
            "dmean2": 0.0296472925693,
            "dvar": 0.000470327766379,
            "dvar2": 0.000845230882987,
            "max": 0.49218839407,
            "mean": 0.157376676798,
            "median": 0.149842441082,
            "min": 0.0313951522112,
            "var": 0.00359430583194
        },
        "barkbands_kurtosis": {
            "dmean": 3.78181791306,
            "dmean2": 5.54700231552,
            "dvar": 171.444396973,
            "dvar2": 347.709320068,
            "max": 528.40234375,
            "mean": 6.01286077499,
            "median": 2.42918157578,
            "min": -1.9175003767,
            "var": 323.978729248
        },
        "barkbands_skewness": {
            "dmean": 0.56515866518,
            "dmean2": 0.815543174744,
            "dvar": 0.530511260033,
            "dvar2": 0.961277723312,
            "max": 19.0626716614,
            "mean": 1.65439999104,
            "median": 1.49495029449,
            "min": -6.46100902557,
            "var": 2.56414628029
        },
        "barkbands_spread": {
            "dmean": 6.11818552017,
            "dmean2": 9.02162837982,
            "dvar": 71.5037918091,
            "dvar2": 142.874664307,
            "max": 106.530006409,
            "mean": 23.1434764862,
            "median": 20.2915496826,
            "min": 0.22916392982,
            "var": 234.976043701
        },
        "dissonance": {
            "dmean": 0.020224461332,
            "dmean2": 0.0335447639227,
            "dvar": 0.000494666513987,
            "dvar2": 0.00131902261637,
            "max": 0.500000059605,
            "mean": 0.459857165813,
            "median": 0.469543635845,
            "min": 0.201538920403,
            "var": 0.0011695305584
        },
        "dynamic_complexity": 3.12982273102,
        "erbbands": {
            "dmean": [
                0.119916036725,
                0.574650943279,
                1.31420612335,
                2.54290509224,
                4.15822935104,
                4.32248544693,
                4.96238517761,
                10.0150156021,
                9.4499874115,
                16.069606781,
                19.6354923248,
                24.3517837524,
                23.2951393127,
                22.055305481,
                18.9184989929,
                24.5987205505,
                27.927400589,
                13.7515668869,
                13.5527944565,
                10.4812545776,
                11.8161821365,
                12.8689184189,
                10.5566701889,
                13.3635702133,
                16.124004364,
                8.10118770599,
                8.33098316193,
                6.38554143906,
                5.19965171814,
                3.55416369438,
                3.02017021179,
                2.34839057922,
                2.14504623413,
                1.70154047012,
                0.892638444901,
                0.337636709213,
                0.108983553946,
                0.00728030921891,
                0.000155526577146,
                1.63650020113e-05
            ],
            "dmean2": [
                0.148276522756,
                0.768163025379,
                2.29364919662,
                4.33786153793,
                7.01237630844,
                7.35249376297,
                8.31050109863,
                15.9344644547,
                14.6034212112,
                24.1516170502,
                28.5647239685,
                35.8749198914,
                34.3046150208,
                31.3402347565,
                28.742980957,
                37.4829788208,
                43.1034088135,
                21.5386142731,
                21.3594379425,
                16.1676235199,
                18.5207920074,
                20.3151531219,
                16.5453414917,
                20.5155601501,
                24.4265365601,
                12.3398599625,
                12.8744249344,
                9.65752410889,
                7.89232492447,
                5.16081094742,
                4.40672206879,
                3.41447710991,
                3.14611315727,
                2.47958183289,
                1.32791900635,
                0.515900790691,
                0.165735304356,
                0.0110916625708,
                0.000233372178627,
                2.36223204411e-05
            ],
            "dvar": [
                0.121550761163,
                3.56881046295,
                36.3981437683,
                60.4458999634,
                101.181808472,
                149.570266724,
                167.861175537,
                403.318572998,
                641.66192627,
                2094.61791992,
                3147.02587891,
                3763.30957031,
                5039.21044922,
                3813.04296875,
                2205.43139648,
                4461.70703125,
                3611.87670898,
                835.613708496,
                839.202758789,
                454.713623047,
                575.468444824,
                581.066589355,
                415.402282715,
                749.747558594,
                836.253295898,
                356.235961914,
                715.948303223,
                343.069061279,
                202.323562622,
                87.3495101929,
                59.4922828674,
                37.7556991577,
                28.4968528748,
                13.417675972,
                3.66990685463,
                0.550446212292,
                0.06166799739,
                0.00034360337304,
                1.36431211217e-07,
                8.06984035151e-10
            ],
            "dvar2": [
                0.173549637198,
                6.71082162857,
                100.871414185,
                168.255218506,
                288.626068115,
                420.744781494,
                454.453216553,
                994.079956055,
                1489.03430176,
                4830.203125,
                6761.49755859,
                8197.78613281,
                9752.21289062,
                7213.14404297,
                4776.58398438,
                9405.92382812,
                8146.92431641,
                1931.10351562,
                2038.67529297,
                1051.96801758,
                1364.69458008,
                1392.19665527,
                953.550354004,
                1603.78344727,
                1768.18139648,
                801.116088867,
                1767.59301758,
                721.306030273,
                461.50692749,
                179.691772461,
                124.639450073,
                74.5163879395,
                58.1996040344,
                27.1128997803,
                8.23696136475,
                1.2273401022,
                0.126600041986,
                0.000707579660229,
                2.73144792118e-07,
                1.55163371041e-09
            ],
            "max": [
                5.16429042816,
                24.3269920349,
                70.9292907715,
                90.426940918,
                142.745513916,
                162.141998291,
                211.881591797,
                372.478637695,
                713.811889648,
                1128.23571777,
                1686.64294434,
                1685.78723145,
                1969.66088867,
                2013.54736328,
                1807.56518555,
                1396.05883789,
                1166.52502441,
                696.43347168,
                731.27557373,
                631.281188965,
                715.678100586,
                467.260620117,
                308.188293457,
                860.84185791,
                759.090087891,
                315.671722412,
                383.939971924,
                227.647705078,
                185.711044312,
                136.929168701,
                116.221885681,
                162.642318726,
                140.178512573,
                79.7250061035,
                47.2930793762,
                9.3298406601,
                4.31869316101,
                0.417298585176,
                0.0075245690532,
                0.000481703929836
            ],
            "mean": [
                0.482386320829,
                1.78060412407,
                1.43821978569,
                3.27423596382,
                6.72553348541,
                6.45353746414,
                7.72254705429,
                18.2736110687,
                17.85272789,
                29.2556915283,
                38.3986167908,
                46.6660079956,
                45.9112930298,
                44.6974868774,
                34.2202568054,
                41.967300415,
                48.6111106873,
                22.7902851105,
                21.6005573273,
                17.7532920837,
                20.807182312,
                21.2740516663,
                17.1041622162,
                24.0523433685,
                28.281747818,
                11.7664022446,
                9.9357509613,
                8.01973724365,
                6.85162258148,
                5.19558334351,
                4.46532869339,
                3.73648953438,
                3.31212759018,
                2.85928893089,
                1.43844997883,
                0.4593796134,
                0.153452217579,
                0.0100379576907,
                0.000240072826273,
                5.25383366039e-05
            ],
            "median": [
                0.00125272152945,
                0.0473528206348,
                0.30952718854,
                1.33041870594,
                2.88849663734,
                3.32827138901,
                3.54037261009,
                7.7148566246,
                6.66459226608,
                7.47556447983,
                8.60546588898,
                15.037560463,
                11.0861034393,
                9.90646743774,
                10.375295639,
                10.3712005615,
                15.6335954666,
                10.1250400543,
                8.88266086578,
                6.87609863281,
                9.49166870117,
                10.8833732605,
                7.99082565308,
                9.74655532837,
                13.3275413513,
                4.64009666443,
                1.98815727234,
                1.71788799763,
                1.9556530714,
                1.35021495819,
                1.09464514256,
                0.948028445244,
                1.07071423531,
                1.20222175121,
                0.61450612545,
                0.175184622407,
                0.0613548234105,
                0.00394114432856,
                0.000112947134767,
                4.62593088741e-05
            ],
            "min": [
                9.7369738931e-23,
                5.4592885443e-22,
                2.48104100565e-21,
                4.50820825153e-21,
                2.33103919287e-21,
                1.88309362814e-20,
                5.05919980067e-20,
                6.01934937358e-20,
                9.85128876439e-20,
                1.05086744003e-19,
                1.12294614915e-19,
                3.98447240049e-19,
                2.55628923823e-19,
                5.90473315995e-19,
                6.55682135032e-19,
                1.42171853898e-18,
                1.34147354096e-18,
                1.73121178408e-18,
                1.87522175738e-18,
                2.82460920645e-18,
                2.93315226002e-18,
                3.92741591168e-18,
                5.18805943114e-18,
                6.05553449287e-18,
                6.51538570209e-18,
                7.3002518904e-18,
                8.69596449131e-18,
                8.70304350299e-18,
                9.46338213179e-18,
                1.08248676533e-17,
                1.11690558518e-17,
                9.15352606459e-18,
                9.41867384686e-18,
                7.91400418849e-18,
                5.87864357324e-18,
                4.18527499199e-18,
                2.47837394271e-18,
                1.04438314536e-18,
                2.41267879317e-19,
                2.67567288793e-20
            ],
            "var": [
                0.709695935249,
                13.6631278992,
                24.877664566,
                49.2416648865,
                119.224441528,
                129.735824585,
                188.473571777,
                820.77746582,
                1215.20080566,
                4403.53027344,
                7575.40966797,
                9466.68847656,
                14394.2412109,
                16391.0722656,
                5582.62011719,
                10137.3984375,
                9162.28222656,
                1424.09936523,
                1428.60400391,
                983.033569336,
                1288.88830566,
                934.968322754,
                633.39831543,
                1862.21228027,
                1766.2532959,
                456.144927979,
                730.435119629,
                434.06036377,
                248.22076416,
                138.760543823,
                103.033744812,
                77.7335128784,
                54.9120559692,
                27.1591415405,
                6.14086771011,
                0.721431255341,
                0.0904443114996,
                0.000473377469461,
                1.99420256308e-07,
                1.95761984401e-09
            ]
        },
        "erbbands_crest": {
            "dmean": 2.5552084446,
            "dmean2": 4.08134746552,
            "dvar": 5.88313007355,
            "dvar2": 14.3257989883,
            "max": 31.2827472687,
            "mean": 9.47675132751,
            "median": 8.22241020203,
            "min": 2.46958231926,
            "var": 24.398475647
        },
        "erbbands_flatness_db": {
            "dmean": 0.016446556896,
            "dmean2": 0.0241023879498,
            "dvar": 0.000261534180027,
            "dvar2": 0.000527866242919,
            "max": 0.498551785946,
            "mean": 0.15994438529,
            "median": 0.151728481054,
            "min": 0.0430679582059,
            "var": 0.00300452904776
        },
        "erbbands_kurtosis": {
            "dmean": 1.09141147137,
            "dmean2": 1.67397618294,
            "dvar": 2.68718647957,
            "dvar2": 5.80275392532,
            "max": 63.2007446289,
            "mean": 1.2954980135,
            "median": 0.0114169120789,
            "min": -1.78619861603,
            "var": 13.8745527267
        },
        "erbbands_skewness": {
            "dmean": 0.375043421984,
            "dmean2": 0.558013737202,
            "dvar": 0.127886682749,
            "dvar2": 0.275331735611,
            "max": 5.61624574661,
            "mean": 0.382640987635,
            "median": 0.289622843266,
            "min": -4.57352781296,
            "var": 0.845948338509
        },
        "erbbands_spread": {
            "dmean": 8.14335823059,
            "dmean2": 12.2312726974,
            "dvar": 95.5118026733,
            "dvar2": 208.982940674,
            "max": 184.910736084,
            "mean": 37.8999290466,
            "median": 36.367023468,
            "min": 1.12554049492,
            "var": 389.557800293
        },
        "gfcc": {
            "cov": [
                [
                    36063.5273438,
                    381.165679932,
                    -2579.95629883,
                    1538.02233887,
                    -1267.19628906,
                    862.814086914,
                    -1046.6081543,
                    899.223205566,
                    -782.775085449,
                    466.439880371,
                    -447.569702148,
                    33.3645172119,
                    -588.04486084
                ],
                [
                    381.165679932,
                    1479.11999512,
                    3.73250746727,
                    -18.0170269012,
                    298.160888672,
                    -30.8296642303,
                    126.233001709,
                    56.0093383789,
                    128.770675659,
                    -32.7805480957,
                    134.755554199,
                    9.90374565125,
                    96.8526763916
                ],
                [
                    -2579.95629883,
                    3.73250746727,
                    1144.93933105,
                    394.89642334,
                    423.270568848,
                    218.569869995,
                    223.537216187,
                    107.404182434,
                    251.274673462,
                    143.279724121,
                    138.44203186,
                    110.882019043,
                    129.013458252
                ],
                [
                    1538.02233887,
                    -18.0170269012,
                    394.89642334,
                    1116.23120117,
                    405.235595703,
                    173.430450439,
                    74.2511062622,
                    83.0234680176,
                    229.650817871,
                    113.41179657,
                    34.6464576721,
                    12.0290699005,
                    55.5413131714
                ],
                [
                    -1267.19628906,
                    298.160888672,
                    423.270568848,
                    405.235595703,
                    574.551574707,
                    136.715301514,
                    216.319396973,
                    109.51335144,
                    240.933425903,
                    98.1637802124,
                    117.77179718,
                    51.8964424133,
                    105.415130615
                ],
                [
                    862.814086914,
                    -30.8296642303,
                    218.569869995,
                    173.430450439,
                    136.715301514,
                    435.136047363,
                    290.889007568,
                    153.525314331,
                    122.513786316,
                    157.066711426,
                    78.231048584,
                    104.315826416,
                    80.0718383789
                ],
                [
                    -1046.6081543,
                    126.233001709,
                    223.537216187,
                    74.2511062622,
                    216.319396973,
                    290.889007568,
                    499.208526611,
                    124.208473206,
                    166.986465454,
                    119.895469666,
                    102.250816345,
                    105.780456543,
                    101.913459778
                ],
                [
                    899.223205566,
                    56.0093383789,
                    107.404182434,
                    83.0234680176,
                    109.51335144,
                    153.525314331,
                    124.208473206,
                    246.086181641,
                    104.751663208,
                    110.240951538,
                    80.0973815918,
                    45.2500534058,
                    34.896270752
                ],
                [
                    -782.775085449,
                    128.770675659,
                    251.274673462,
                    229.650817871,
                    240.933425903,
                    122.513786316,
                    166.986465454,
                    104.751663208,
                    268.597473145,
                    108.969604492,
                    100.638565063,
                    58.0257263184,
                    96.6060562134
                ],
                [
                    466.439880371,
                    -32.7805480957,
                    143.279724121,
                    113.41179657,
                    98.1637802124,
                    157.066711426,
                    119.895469666,
                    110.240951538,
                    108.969604492,
                    186.448867798,
                    78.8715209961,
                    67.2081375122,
                    50.2157974243
                ],
                [
                    -447.569702148,
                    134.755554199,
                    138.44203186,
                    34.6464576721,
                    117.77179718,
                    78.231048584,
                    102.250816345,
                    80.0973815918,
                    100.638565063,
                    78.8715209961,
                    157.404281616,
                    53.6101837158,
                    55.5255699158
                ],
                [
                    33.3645172119,
                    9.90374565125,
                    110.882019043,
                    12.0290699005,
                    51.8964424133,
                    104.315826416,
                    105.780456543,
                    45.2500534058,
                    58.0257263184,
                    67.2081375122,
                    53.6101837158,
                    143.114868164,
                    79.0282974243
                ],
                [
                    -588.04486084,
                    96.8526763916,
                    129.013458252,
                    55.5413131714,
                    105.415130615,
                    80.0718383789,
                    101.913459778,
                    34.896270752,
                    96.6060562134,
                    50.2157974243,
                    55.5255699158,
                    79.0282974243,
                    148.242355347
                ]
            ],
            "icov": [
                [
                    0.000210952246562,
                    -0.000367192726117,
                    0.000456012494396,
                    -0.000621733081061,
                    0.00050197384553,
                    -0.00070935592521,
                    0.000691020861268,
                    -0.000942359678447,
                    0.000693817797583,
                    -0.000674961949699,
                    0.000577657949179,
                    -0.000735662411898,
                    0.000638060038909
                ],
                [
                    -0.000367192726117,
                    0.00155902828556,
                    -0.000573582889047,
                    0.00121901475359,
                    -0.00145463633817,
                    0.00137430673931,
                    -0.00128525402397,
                    0.00151465286035,
                    -0.00129230937455,
                    0.00178488565143,
                    -0.00170823256485,
                    0.00148616312072,
                    -0.00152847112622
                ],
                [
                    0.000456012494396,
                    -0.000573582889047,
                    0.00237146369182,
                    -0.00143419182859,
                    0.000295237085083,
                    -0.00177300663199,
                    0.00156912882812,
                    -0.00183480558917,
                    0.00114959047642,
                    -0.00141246721614,
                    0.000797530810814,
                    -0.00196069222875,
                    0.00123386166524
                ],
                [
                    -0.000621733081061,
                    0.00121901475359,
                    -0.00143419182859,
                    0.0033249007538,
                    -0.00246663414873,
                    0.00147231633309,
                    -0.00141632847954,
                    0.00295462179929,
                    -0.00288405502215,
                    0.00175220263191,
                    -0.00104252272286,
                    0.00248692929745,
                    -0.0016727077309
                ],
                [
                    0.00050197384553,
                    -0.00145463633817,
                    0.000295237085083,
                    -0.00246663414873,
                    0.00547506613657,
                    -0.00117758475244,
                    0.000714989728294,
                    -0.00253848801367,
                    0.000323063024553,
                    -0.00147876702249,
                    0.000844815280288,
                    -0.00124991685152,
                    0.0010978638893
                ],
                [
                    -0.00070935592521,
                    0.00137430673931,
                    -0.00177300663199,
                    0.00147231633309,
                    -0.00117758475244,
                    0.00773915136233,
                    -0.00474957516417,
                    0.00173854350578,
                    -0.00145344668999,
                    0.000247786054388,
                    -0.00152868498117,
                    0.00154585833661,
                    -0.00259550265037
                ],
                [
                    0.000691020861268,
                    -0.00128525402397,
                    0.00156912882812,
                    -0.00141632847954,
                    0.000714989728294,
                    -0.00474957516417,
                    0.00645932834595,
                    -0.00295923277736,
                    0.00110723171383,
                    -0.00186342687812,
                    0.00171963055618,
                    -0.00312058068812,
                    0.00198800582439
                ],
                [
                    -0.000942359678447,
                    0.00151465286035,
                    -0.00183480558917,
                    0.00295462179929,
                    -0.00253848801367,
                    0.00173854350578,
                    -0.00295923277736,
                    0.0107176890597,
                    -0.00417210999876,
                    0.00101031642407,
                    -0.0038581090048,
                    0.00343475211412,
                    -0.0018697330961
                ],
                [
                    0.000693817797583,
                    -0.00129230937455,
                    0.00114959047642,
                    -0.00288405502215,
                    0.000323063024553,
                    -0.00145344668999,
                    0.00110723171383,
                    -0.00417210999876,
                    0.0112798856571,
                    -0.00423623155802,
                    0.000290905678412,
                    -0.00156254007015,
                    -0.000738941773307
                ],
                [
                    -0.000674961949699,
                    0.00178488565143,
                    -0.00141246721614,
                    0.00175220263191,
                    -0.00147876702249,
                    0.000247786054388,
                    -0.00186342687812,
                    0.00101031642407,
                    -0.00423623155802,
                    0.0131516195834,
                    -0.00438320916146,
                    0.000467830221169,
                    -0.00161182391457
                ],
                [
                    0.000577657949179,
                    -0.00170823256485,
                    0.000797530810814,
                    -0.00104252272286,
                    0.000844815280288,
                    -0.00152868498117,
                    0.00171963055618,
                    -0.0038581090048,
                    0.000290905678412,
                    -0.00438320916146,
                    0.0126142455265,
                    -0.00335581460968,
                    0.00141436781269
                ],
                [
                    -0.000735662411898,
                    0.00148616312072,
                    -0.00196069222875,
                    0.00248692929745,
                    -0.00124991685152,
                    0.00154585833661,
                    -0.00312058068812,
                    0.00343475211412,
                    -0.00156254007015,
                    0.000467830221169,
                    -0.00335581460968,
                    0.0146922087297,
                    -0.00743965385482
                ],
                [
                    0.000638060038909,
                    -0.00152847112622,
                    0.00123386166524,
                    -0.0016727077309,
                    0.0010978638893,
                    -0.00259550265037,
                    0.00198800582439,
                    -0.0018697330961,
                    -0.000738941773307,
                    -0.00161182391457,
                    0.00141436781269,
                    -0.00743965385482,
                    0.0139868007973
                ]
            ],
            "mean": [
                -23.1322078705,
                67.0534591675,
                -116.031143188,
                13.944393158,
                -64.2651596069,
                10.014330864,
                -47.8926849365,
                16.4086742401,
                -35.4940071106,
                3.70736026764,
                -17.2387599945,
                0.110512621701,
                -15.6067829132
            ]
        },
        "hfc": {
            "dmean": 8.93030071259,
            "dmean2": 12.6167240143,
            "dvar": 251.338226318,
            "dvar2": 484.035186768,
            "max": 189.510925293,
            "mean": 24.8495197296,
            "median": 19.9837799072,
            "min": 1.09116293043e-16,
            "var": 539.811767578
        },
        "melbands": {
            "dmean": [
                0.000873502518516,
                0.000665172759909,
                0.000487867131596,
                0.000299853214528,
                0.000175785273314,
                0.000210883939872,
                0.000142468896229,
                0.000195380416699,
                0.000154303910676,
                0.000153719156515,
                0.000117173934996,
                9.63606289588e-05,
                5.60380940442e-05,
                6.60948862787e-05,
                6.65421393933e-05,
                5.66511662328e-05,
                2.53069592873e-05,
                2.29050128837e-05,
                1.48308245116e-05,
                1.75062705239e-05,
                1.41906921272e-05,
                1.52963093569e-05,
                1.18005955301e-05,
                8.49507796374e-06,
                1.16061246445e-05,
                1.43273791764e-05,
                8.78605806065e-06,
                4.89077274324e-06,
                4.99870157e-06,
