{
    "lowlevel": {
        "average_loudness": 0.87185561657,
        "barkbands": {
            "dmean": [
                0.00169112312142,
                0.00967561639845,
                0.002918159822,
                0.00201822351664,
                0.00257497443818,
                0.000822945963591,
                0.00126931490377,
                0.00118132692296,
                0.000634149299003,
                0.000455756002339,
                0.000454954279121,
                0.000571827054955,
                0.000501672388054,
                0.000263113790425,
                0.000264071190031,
                0.000242360125412,
                0.000321039347909,
                0.00012432866788,
                0.000158778464538,
                0.000133356224978,
                0.000159973482369,
                0.000182748888619,
                0.000166313155205,
                0.000153610904817,
                0.000139460957143,
                4.88925252284e-05,
                1.64749617397e-05
            ],
            "dmean2": [
                0.00267109414563,
                0.0146697117016,
                0.00539467344061,
                0.00345651060343,
                0.0042827706784,
                0.00134239601903,
                0.00202906271443,
                0.0018505473854,
                0.000988923595287,
                0.000687575782649,
                0.000717551563866,
                0.000904488668311,
                0.000800780893769,
                0.000417918461608,
                0.000425968115451,
                0.000374801893486,
                0.000498702167533,
                0.000197143497644,
                0.000237854997977,
                0.00020103812858,
                0.000234812716371,
                0.00025825802004,
                0.000242093767156,
                0.000216969943722,
                0.000197890985874,
                7.29796520318e-05,
                2.5341159926e-05
            ],
            "dvar": [
                1.43346078403e-05,
                0.000417124683736,
                8.6945030489e-05,
                3.00517658616e-05,
                2.63993479166e-05,
                2.67529344455e-06,
                6.64126309857e-06,
                7.02665920471e-06,
                2.28212275033e-06,
                1.54124779783e-06,
                1.53887469878e-06,
                2.19872208618e-06,
                1.83222960004e-06,
                4.2335756234e-07,
                3.52652108404e-07,
                2.7726719054e-07,
                3.29920311515e-07,
                4.42832046588e-08,
                8.46036058988e-08,
                6.99286957229e-08,
                1.42603965969e-07,
                1.26091109109e-07,
                9.52972811774e-08,
                1.47910910187e-07,
                1.50440115476e-07,
                2.36914985408e-08,
                5.74942005116e-09
            ],
            "dvar2": [
                3.68631590391e-05,
                0.000836806488223,
                0.000256344967056,
                8.484134014e-05,
                6.96023926139e-05,
                6.80209996062e-06,
                1.64473422046e-05,
                1.69987688423e-05,
                5.49410287931e-06,
                3.38951554113e-06,
                3.76753746423e-06,
                5.23189964952e-06,
                4.40550229541e-06,
                1.01873320091e-06,
                8.83273003183e-07,
                6.45927116238e-07,
                7.74701788941e-07,
                1.05348135548e-07,
                1.83881780913e-07,
                1.46350814134e-07,
                2.6742600312e-07,
                2.36900348227e-07,
                2.00349688839e-07,
                2.81718342876e-07,
                3.17555020501e-07,
                5.32471133852e-08,
                1.45206380253e-08
            ],
            "max": [
                0.0588789880276,
                0.161311984062,
                0.078508362174,
                0.0613202825189,
                0.0703055784106,
                0.0359969586134,
                0.0548134818673,
                0.0447539016604,
                0.0343958213925,
                0.0303522646427,
                0.0297304559499,
                0.0267179049551,
                0.0352857969701,
                0.011511172168,
                0.0178502351046,
                0.0124613754451,
                0.00953430123627,
                0.00745515385643,
                0.00469670724124,
                0.00468578841537,
                0.00998299755156,
                0.00579389138147,
                0.00627301866189,
                0.00906820502132,
                0.00843672826886,
                0.0032675510738,
                0.00191868608817
            ],
            "mean": [
                0.00335515965708,
                0.0167969949543,
                0.00250656390563,
                0.00234270677902,
                0.00401416048408,
                0.0014716401929,
                0.0020829110872,
                0.00192271370906,
                0.00106895656791,
                0.000723385426681,
                0.000690527958795,
                0.000828262360301,
                0.000729900610168,
                0.000370073568774,
                0.000400818738854,
                0.000372434966266,
                0.000543339119758,
                0.000238206019276,
                0.000300002750009,
                0.000237669475609,
                0.000244189694058,
                0.000332423252985,
                0.000298763538012,
                0.000253672798863,
                0.000203129500733,
                7.04392077751e-05,
                1.98444668058e-05
            ],
            "median": [
                0.000460631505121,
                0.00475908722728,
                0.000374674855266,
                0.000758729176596,
                0.00186384934932,
                0.000861997017637,
                0.000945217150729,
                0.000604675733484,
                0.000346975692082,
                0.000238534092205,
                0.000222816830501,
                0.000192233797861,
                0.000200210852199,
                0.000116216557217,
                0.000136388160172,
                0.0001440764172,
                0.000232621401665,
                0.000145276877447,
                0.000145098339999,
                0.000103462371044,
                4.8583948228e-05,
                0.000110416825919,
                0.000109531989438,
                6.05329187238e-05,
                4.05001119361e-05,
                1.19984197227e-05,
                3.38682139045e-06
            ],
            "min": [
                4.11442139424e-25,
                2.08501577605e-24,
                2.0426922052e-24,
                1.44120016168e-24,
                8.46593138367e-24,
                6.64395851545e-24,
                2.17728938834e-23,
                1.00495956833e-23,
                2.17583504438e-23,
                1.5715986721e-23,
                1.99291634426e-23,
                3.1084294042e-23,
                1.31641344997e-23,
                7.15383245065e-23,
                7.93864176626e-23,
                6.20054895141e-23,
                1.00906410628e-22,
                9.55224412612e-23,
                1.12275038543e-22,
                1.97227191747e-22,
                2.59311378025e-22,
                3.47086126036e-22,
                3.72220698602e-22,
                6.29756773559e-22,
                8.77452938373e-22,
                1.36251984868e-21,
                1.9933427078e-21
            ],
            "var": [
                4.50131046819e-05,
                0.000849428470246,
                5.48190182599e-05,
                2.25540625252e-05,
                3.42158346029e-05,
                4.02314617531e-06,
                1.25797841974e-05,
                1.37944225571e-05,
                5.1920687838e-06,
                3.08060725729e-06,
                2.74150079349e-06,
                3.99259397454e-06,
                3.36343691743e-06,
                6.000960866e-07,
                4.95331562433e-07,
                4.37955975485e-07,
                7.08959703388e-07,
                8.76994192822e-08,
                1.88461868333e-07,
                1.56982864041e-07,
                2.86330191557e-07,
                3.20958207567e-07,
                2.10063774375e-07,
                2.88580196184e-07,
                2.46303414997e-07,
                3.46150201835e-08,
                5.59973756253e-09
            ]
        },
        "barkbands_crest": {
            "dmean": 2.94175434113,
            "dmean2": 4.59189319611,
            "dvar": 9.19890594482,
            "dvar2": 19.7319946289,
            "max": 26.2587299347,
            "mean": 11.0993461609,
            "median": 10.0266170502,
            "min": 2.45785212517,
            "var": 25.0434513092
        },
        "barkbands_flatness_db": {
            "dmean": 0.0250495672226,
            "dmean2": 0.0359405502677,
            "dvar": 0.000696896575391,
            "dvar2": 0.00135538168252,
            "max": 0.551890730858,
            "mean": 0.141947850585,
            "median": 0.132108181715,
            "min": 0.0154582252726,
            "var": 0.00485184555873
        },
        "barkbands_kurtosis": {
            "dmean": 5.73977518082,
            "dmean2": 8.6359500885,
            "dvar": 334.811279297,
            "dvar2": 781.16192627,
            "max": 554.471435547,
            "mean": 7.55062103271,
            "median": 2.48715305328,
            "min": -1.95074295998,
            "var": 414.664520264
        },
        "barkbands_skewness": {
            "dmean": 0.749975442886,
            "dmean2": 1.07709980011,
            "dvar": 0.95963704586,
            "dvar2": 1.86469972134,
            "max": 19.007396698,
            "mean": 1.86619150639,
            "median": 1.5135717392,
            "min": -6.17872905731,
            "var": 3.0020673275
        },
        "barkbands_spread": {
            "dmean": 6.91804647446,
            "dmean2": 10.0423793793,
            "dvar": 84.5925674438,
            "dvar2": 168.288879395,
            "max": 116.723274231,
            "mean": 23.0545692444,
            "median": 18.6551761627,
            "min": 0.188785716891,
            "var": 299.079162598
        },
        "dissonance": {
            "dmean": 0.0215598382056,
            "dmean2": 0.035919200629,
            "dvar": 0.000508412893396,
            "dvar2": 0.00134041404817,
            "max": 0.500000059605,
            "mean": 0.459331095219,
            "median": 0.468794226646,
            "min": 0.240813821554,
            "var": 0.00119314482436
        },
        "dynamic_complexity": 3.00659370422,
        "erbbands": {
            "dmean": [
                0.448593020439,
                1.73113536835,
                2.86136627197,
                5.33764028549,
                8.46759223938,
                9.307554245,
                7.32333660126,
                6.32001018524,
                14.5949440002,
                20.3709468842,
                25.5148677826,
                16.1773605347,
                14.2511253357,
                16.0802974701,
                14.2755441666,
                25.2845745087,
                22.4607372284,
                14.0566902161,
                14.0018482208,
                12.6410369873,
                13.6529493332,
                15.4200305939,
                7.14067983627,
                7.78611564636,
                7.68447303772,
                5.8758764267,
                5.87379741669,
                6.92814016342,
                6.60945034027,
                6.05580425262,
                4.58758306503,
                3.47835612297,
                2.45095133781,
                1.76194667816,
                0.874992609024,
                0.290641516447,
                0.0750118643045,
                0.0181998126209,
                0.00287010218017,
                0.000167070495081
            ],
            "dmean2": [
                0.689178287983,
                2.50540423393,
                5.10382843018,
                9.4660358429,
                13.9522800446,
                15.4719676971,
                12.1490411758,
                10.1664228439,
                23.3645343781,
                32.2941932678,
                39.6097946167,
                24.7704086304,
                21.2414150238,
                24.6854801178,
                22.953496933,
                39.5341644287,
                35.2781257629,
                22.2407531738,
                22.4398422241,
                19.7084522247,
                21.2526798248,
                23.7012996674,
                11.1525726318,
                12.0549821854,
                11.2447013855,
                8.56162452698,
                8.59003543854,
                10.2171278,
                9.45151901245,
                8.84022140503,
                6.74859046936,
                5.00035953522,
                3.44559836388,
                2.53456068039,
                1.24915134907,
                0.431703358889,
                0.111976183951,
                0.026722881943,
                0.00437195971608,
                0.000270950200502
            ],
            "dvar": [
                0.814941227436,
                15.7932481766,
                75.89894104,
                250.308197021,
                389.641021729,
                360.89440918,
                210.772323608,
                188.181427002,
                988.746643066,
                1783.41650391,
                3757.76367188,
                1434.06323242,
                1518.3046875,
                1645.15942383,
                1450.76049805,
                4519.92236328,
                3480.36230469,
                1059.73742676,
                1125.47460938,
                785.31463623,
                691.507751465,
                804.555969238,
                153.396011353,
                196.17817688,
                212.505325317,
                151.883834839,
                162.433197021,
                284.610229492,
                182.752151489,
                111.679466248,
                80.99584198,
                68.0906982422,
                43.4431037903,
                22.6274738312,
                6.5617852211,
                0.768184363842,
                0.063694499433,
                0.00486953929067,
                0.000172946733073,
                6.10632923781e-07
            ],
            "dvar2": [
                1.74576163292,
                31.6477680206,
                220.946533203,
                716.85559082,
                1006.98352051,
                962.055053711,
                545.800598145,
                469.094207764,
                2506.19628906,
                4341.91650391,
                8978.859375,
                3317.30517578,
                3293.33422852,
                3617.24389648,
                3737.83007813,
                10593.3710938,
                8325.59179688,
                2563.7109375,
                2756.22094727,
                1859.63696289,
                1585.10791016,
                1890.15234375,
                357.896453857,
                469.861358643,
                444.361114502,
                294.386505127,
                309.360046387,
                568.485595703,
                355.625793457,
                228.791152954,
                175.262481689,
                136.114425659,
                83.8761825562,
                47.4169692993,
                14.193230629,
                1.66027188301,
                0.142819285393,
                0.0114399800077,
                0.000433011126006,
                1.64309733464e-06
            ],
            "max": [
                7.91714382172,
                34.6099662781,
                81.5563049316,
                165.235900879,
                225.816986084,
                346.280487061,
                378.544952393,
                325.118652344,
                724.990234375,
                718.127624512,
                1180.83959961,
                935.243591309,
                1112.27539063,
                1048.31005859,
                976.057312012,
                1244.23950195,
                1338.31689453,
                669.087524414,
                1194.53637695,
                465.579650879,
                571.608032227,
                604.040710449,
                490.469085693,
                233.131240845,
                253.683578491,
                212.19178772,
                347.260101318,
                467.128082275,
                207.657104492,
                199.865539551,
                219.792434692,
                191.96182251,
                158.266769409,
                89.9634094238,
                63.1184501648,
                18.1549797058,
                5.06246614456,
                1.49035263062,
                0.347456067801,
                0.0246481765062
            ],
            "mean": [
                0.785282850266,
                2.60922169685,
                2.93632793427,
                5.81519412994,
                11.9175958633,
                13.4671068192,
                11.3731365204,
                11.6322221756,
                24.8187789917,
                33.5947151184,
                43.3206863403,
                29.2350883484,
                24.3810901642,
                27.2207260132,
                22.68475914,
                38.4830055237,
                33.9985809326,
                22.4722003937,
                21.5176734924,
                20.2563838959,
                23.7800292969,
                27.4252567291,
                14.9176244736,
                14.1891279221,
                15.2453126907,
                10.8545665741,
                9.31855201721,
                10.5725479126,
                11.5374317169,
                11.1335821152,
                8.02993488312,
                5.83336782455,
                3.89128684998,
                2.58344602585,
                1.24726486206,
                0.417941898108,
                0.106293752789,
                0.0238190628588,
                0.00354055291973,
                0.000226889227633
            ],
            "median": [
                0.212587445974,
                0.572637081146,
                0.587667107582,
                2.0164103508,
                4.18363523483,
                6.16820812225,
                5.92173051834,
                6.7093334198,
                12.8423223495,
                14.0763568878,
                14.6280822754,
                10.617275238,
                8.72207069397,
                9.12364578247,
                8.77372169495,
                9.43986320496,
                9.73766326904,
                8.25727748871,
                7.46190166473,
                7.57976150513,
                11.2501659393,
                12.3410778046,
                9.12516021729,
                7.94277572632,
                6.79680347443,
                4.59672641754,
                2.21055173874,
                2.41179776192,
                3.53596186638,
                4.47425460815,
                2.82964944839,
                1.53357362747,
                0.823906064034,
                0.551316082478,
                0.216193184257,
                0.0647342652082,
                0.0184299405664,
                0.00350242573768,
                0.000628868001513,
                9.42324841162e-05
            ],
            "min": [
                1.05911051496e-22,
                3.85075723478e-22,
                2.20314870951e-21,
                5.35264010349e-21,
                1.97486770152e-20,
                2.11323062263e-20,
                1.83690528445e-20,
                6.6629915329e-20,
                2.86119835178e-19,
                2.02670210219e-19,
                2.54135087336e-19,
                4.4674872001e-19,
                4.45072076607e-19,
                1.11885132078e-18,
                1.04869296315e-18,
                1.39452652731e-18,
                1.10725507577e-18,
                2.97408322468e-18,
                3.91450238155e-18,
                3.34666481132e-18,
                4.17781051414e-18,
                5.72664458619e-18,
                4.88270446724e-18,
                6.74802983578e-18,
                6.73803749398e-18,
                1.08660918535e-17,
                1.12059836759e-17,
                1.14726394084e-17,
                1.31254703494e-17,
                1.09101565919e-17,
                1.00385853318e-17,
                1.06003956505e-17,
                1.04516768482e-17,
                8.63301521952e-18,
                6.55720464513e-18,
                4.35206231403e-18,
                2.48871824986e-18,
                9.62963964465e-19,
                2.79415071024e-19,
                2.75617549455e-20
            ],
            "var": [
                1.67971313,
                26.9911231995,
                54.8430366516,
                164.77355957,
                458.718658447,
                457.862945557,
                316.211212158,
                292.061523438,
                1521.86169434,
                3263.00097656,
                7478.3203125,
                3538.89306641,
                3111.07788086,
                3915.5612793,
                2072.16137695,
                8651.74023438,
                6664.25634766,
                1814.60571289,
                1643.45031738,
                1155.80163574,
                1298.62268066,
                1701.7088623,
                344.10748291,
                357.921630859,
                522.631408691,
                360.806304932,
                368.025085449,
                527.421325684,
                421.261016846,
                279.037414551,
                165.177261353,
                127.24697876,
                81.5707321167,
                36.9970932007,
                10.6613788605,
                1.18562757969,
                0.0918277576566,
                0.0061388197355,
                0.000172682281118,
                4.95657729971e-07
            ]
        },
        "erbbands_crest": {
            "dmean": 2.63177204132,
            "dmean2": 4.22577381134,
            "dvar": 7.26098871231,
            "dvar2": 17.5735740662,
            "max": 28.9662494659,
            "mean": 8.82520103455,
            "median": 7.83581161499,
            "min": 2.25442767143,
            "var": 20.6948375702
        },
        "erbbands_flatness_db": {
            "dmean": 0.0199508387595,
            "dmean2": 0.0277533400804,
            "dvar": 0.000481676368508,
            "dvar2": 0.000870738527738,
            "max": 0.461825668812,
            "mean": 0.150208681822,
            "median": 0.135045140982,
            "min": 0.0388934165239,
            "var": 0.00404484616593
        },
        "erbbands_kurtosis": {
            "dmean": 1.24320149422,
            "dmean2": 1.94942975044,
            "dvar": 5.28107976913,
            "dvar2": 11.5837879181,
            "max": 39.8055534363,
            "mean": 0.760642111301,
            "median": -0.122157216072,
            "min": -1.89413690567,
            "var": 8.9961271286
        },
        "erbbands_skewness": {
            "dmean": 0.424580037594,
            "dmean2": 0.632268190384,
            "dvar": 0.225908175111,
            "dvar2": 0.485498964787,
            "max": 5.30296516418,
            "mean": 0.391579627991,
            "median": 0.364009082317,
            "min": -5.33215427399,
            "var": 0.702742338181
        },
        "erbbands_spread": {
            "dmean": 11.7128381729,
            "dmean2": 17.5492610931,
            "dvar": 219.498382568,
            "dvar2": 467.064147949,
            "max": 176.022064209,
            "mean": 42.7498130798,
            "median": 40.2129669189,
            "min": 2.76662397385,
            "var": 593.979125977
        },
        "gfcc": {
            "cov": [
                [
                    20418.5683594,
                    -2080.54931641,
                    -347.993988037,
                    2014.67773438,
                    -355.07333374,
                    848.096496582,
                    -84.5466384888,
                    540.698791504,
                    -36.3133430481,
                    439.111450195,
                    -92.9618988037,
                    453.699066162,
                    4.33584403992
                ],
                [
                    -2080.54931641,
                    2488.59570313,
                    -147.329315186,
                    -666.504577637,
                    346.768737793,
                    -226.774002075,
                    186.974487305,
                    -100.889030457,
                    64.4058456421,
                    -200.630310059,
                    106.46131897,
                    -113.436691284,
                    10.5214300156
                ],
                [
                    -347.993988037,
                    -147.329315186,
                    834.023376465,
                    377.122497559,
                    119.082687378,
                    205.217056274,
                    143.265289307,
                    82.701461792,
                    81.0416793823,
                    154.524780273,
                    12.5597000122,
                    46.4110183716,
                    82.7571411133
                ],
                [
                    2014.67773438,
                    -666.504577637,
                    377.122497559,
                    987.314208984,
                    127.361701965,
                    297.625701904,
                    92.5471725464,
                    136.254547119,
                    181.020065308,
                    196.954711914,
                    27.0047969818,
                    110.233848572,
                    77.5297851563
                ],
                [
                    -355.07333374,
                    346.768737793,
                    119.082687378,
                    127.361701965,
                    531.544555664,
                    136.876586914,
                    182.096862793,
                    77.1653366089,
                    133.935409546,
                    89.5601272583,
                    64.6491622925,
                    11.2065582275,
                    45.3581771851
                ],
                [
                    848.096496582,
                    -226.774002075,
                    205.217056274,
                    297.625701904,
                    136.876586914,
                    390.572509766,
                    188.80909729,
                    147.034561157,
                    99.7445983887,
                    124.352661133,
                    45.4053421021,
                    59.0565452576,
                    22.1627559662
                ],
                [
                    -84.5466384888,
                    186.974487305,
                    143.265289307,
                    92.5471725464,
                    182.096862793,
                    188.80909729,
                    353.844116211,
                    128.821746826,
                    62.251991272,
                    66.2631988525,
                    59.5019607544,
                    55.7421302795,
                    31.1291465759
                ],
                [
                    540.698791504,
                    -100.889030457,
                    82.701461792,
                    136.254547119,
                    77.1653366089,
                    147.034561157,
                    128.821746826,
                    191.533660889,
                    91.694694519,
                    70.6510543823,
                    49.7922325134,
                    48.6885070801,
                    15.603635788
                ],
                [
                    -36.3133430481,
                    64.4058456421,
                    81.0416793823,
                    181.020065308,
                    133.935409546,
                    99.7445983887,
                    62.251991272,
                    91.694694519,
                    238.002761841,
                    94.8602294922,
                    44.6753196716,
                    26.8243999481,
                    19.5546150208
                ],
                [
                    439.111450195,
                    -200.630310059,
                    154.524780273,
                    196.954711914,
                    89.5601272583,
                    124.352661133,
                    66.2631988525,
                    70.6510543823,
                    94.8602294922,
                    181.576446533,
                    31.64427948,
                    24.7918872833,
                    27.3263435364
                ],
                [
                    -92.9618988037,
                    106.46131897,
                    12.5597000122,
                    27.0047969818,
                    64.6491622925,
                    45.4053421021,
                    59.5019607544,
                    49.7922325134,
                    44.6753196716,
                    31.64427948,
                    124.94329834,
                    36.1526489258,
                    0.162552401423
                ],
                [
                    453.699066162,
                    -113.436691284,
                    46.4110183716,
                    110.233848572,
                    11.2065582275,
                    59.0565452576,
                    55.7421302795,
                    48.6885070801,
                    26.8243999481,
                    24.7918872833,
                    36.1526489258,
                    108.827522278,
                    36.9339141846
                ],
                [
                    4.33584403992,
                    10.5214300156,
                    82.7571411133,
                    77.5297851563,
                    45.3581771851,
                    22.1627559662,
                    31.1291465759,
                    15.603635788,
                    19.5546150208,
                    27.3263435364,
                    0.162552401423,
                    36.9339141846,
                    86.8864059448
                ]
            ],
            "icov": [
                [
                    0.000110425244202,
                    -0.000116058094136,
                    0.000204997559194,
                    -0.000291141303023,
                    8.73478202266e-05,
                    -0.000174989138031,
                    0.000256861501839,
                    -0.00038246717304,
                    0.000419997406425,
                    -0.000379861710826,
                    0.000355573458364,
                    -0.000477068126202,
                    0.00027584595955
                ],
                [
                    -0.000116058094136,
                    0.00102031056304,
                    -0.000334059761371,
                    0.000797155138571,
                    -0.000518034270499,
                    0.000521190522704,
                    -0.00101136881858,
                    0.00103170482907,
                    -0.00130377116147,
                    0.00155339331832,
                    -0.00128961575683,
                    0.00144585955422,
                    -0.0010036554886
                ],
                [
                    0.000204997559194,
                    -0.000334059761371,
                    0.00210016593337,
                    -0.00100283580832,
                    0.000272249424597,
                    -0.000670887879096,
                    0.000181610463187,
                    -0.000625216693152,
                    0.00107568979729,
                    -0.00162958307192,
                    0.000908877060283,
                    -0.000593564065639,
                    -0.000478039350128
                ],
                [
                    -0.000291141303023,
                    0.000797155138571,
                    -0.00100283580832,
                    0.00281937676482,
                    -0.000494945910759,
                    -0.000223649767577,
                    -0.000519413268194,
                    0.00132073787972,
                    -0.00219201133586,
                    0.000897614867426,
                    -0.000961825542618,
                    0.000601694220677,
                    -0.0014211977832
                ],
                [
                    8.73478202266e-05,
                    -0.000518034270499,
                    0.000272249424597,
                    -0.000494945910759,
                    0.00306661007926,
                    -0.000557821593247,
                    -0.000644483894575,
                    -0.000101347715827,
                    -0.000385238497984,
                    -0.00105348520447,
                    -0.000190001606825,
                    0.000500566093251,
                    -0.000763192307204
                ],
                [
                    -0.000174989138031,
                    0.000521190522704,
                    -0.000670887879096,
                    -0.000223649767577,
                    -0.000557821593247,
                    0.00560976425186,
                    -0.00220596371219,
                    -0.000970816879999,
                    -0.000762255804148,
                    -0.00023905087437,
                    -0.000614035874605,
                    0.000605775159784,
                    0.000599535473157
                ],
                [
                    0.000256861501839,
                    -0.00101136881858,
                    0.000181610463187,
                    -0.000519413268194,
                    -0.000644483894575,
                    -0.00220596371219,
                    0.00632950011641,
                    -0.00335298338905,
                    0.00227407505736,
                    -0.00160551059525,
                    0.00106761907227,
                    -0.0030114070978,
                    0.000904986169189
                ],
                [
                    -0.00038246717304,
                    0.00103170482907,
                    -0.000625216693152,
                    0.00132073787972,
                    -0.000101347715827,
                    -0.000970816879999,
                    -0.00335298338905,
                    0.0113369515166,
                    -0.00417119264603,
                    0.00144588330295,
                    -0.00302349659614,
                    0.000857018574607,
                    -0.00109761138447
                ],
                [
                    0.000419997406425,
                    -0.00130377116147,
                    0.00107568979729,
                    -0.00219201133586,
                    -0.000385238497984,
                    -0.000762255804148,
                    0.00227407505736,
                    -0.00417119264603,
                    0.00909448228776,
                    -0.00441909767687,
                    0.00143917789683,
                    -0.00252106855623,
                    0.00181020784657
                ],
                [
                    -0.000379861710826,
                    0.00155339331832,
                    -0.00162958307192,
                    0.000897614867426,
                    -0.00105348520447,
                    -0.00023905087437,
                    -0.00160551059525,
                    0.00144588330295,
                    -0.00441909767687,
                    0.0120785208419,
                    -0.00341064645909,
                    0.0038685798645,
                    -0.00293377623893
                ],
                [
                    0.000355573458364,
                    -0.00128961575683,
                    0.000908877060283,
                    -0.000961825542618,
                    -0.000190001606825,
                    -0.000614035874605,
                    0.00106761907227,
                    -0.00302349659614,
                    0.00143917789683,
                    -0.00341064645909,
                    0.0126336393878,
                    -0.00617929408327,
                    0.00389912654646
                ],
                [
                    -0.000477068126202,
                    0.00144585955422,
                    -0.000593564065639,
                    0.000601694220677,
                    0.000500566093251,
                    0.000605775159784,
                    -0.0030114070978,
                    0.000857018574607,
                    -0.00252106855623,
                    0.0038685798645,
                    -0.00617929408327,
                    0.0175117906183,
                    -0.00769536010921
                ],
                [
                    0.00027584595955,
                    -0.0010036554886,
                    -0.000478039350128,
                    -0.0014211977832,
                    -0.000763192307204,
                    0.000599535473157,
                    0.000904986169189,
                    -0.00109761138447,
                    0.00181020784657,
                    -0.00293377623893,
                    0.00389912654646,
                    -0.00769536010921,
                    0.0172380544245
                ]
            ],
            "mean": [
                -3.56665921211,
                80.9599075317,
                -102.556716919,
                22.4143810272,
                -59.7807807922,
                11.1232376099,
                -38.8084754944,
                7.12801599503,
                -16.323846817,
                -1.42528486252,
                -11.9006261826,
                0.77366989851,
                -13.9229755402
            ]
        },
        "hfc": {
            "dmean": 8.9668674469,
            "dmean2": 12.2823410034,
            "dvar": 213.600540161,
            "dvar2": 374.163330078,
            "max": 243.674102783,
            "mean": 25.9993000031,
            "median": 19.7785606384,
            "min": 1.10477726452e-16,
            "var": 670.22454834
        },
        "melbands": {
            "dmean": [
                0.00320728169754,
                0.00147348397877,
                0.00101465347689,
                0.000631421105936,
                0.000274988327874,
                0.000148716761032,
                0.000237283849856,
                0.000226555697736,
                0.000193163112272,
                9.98934337986e-05,
                7.0825801231e-05,
                6.47966517136e-05,
                5.30110301042e-05,
                6.83048201608e-05,
                4.61553208879e-05,
                5.4306769016e-05,
                2.56635648839e-05,
                2.40090666921e-05,
                1.94263211597e-05,
                1.8453993107e-05,
                1.81701798283e-05,
                1.91495128092e-05,
                9.07091271074e-06,
                5.94358016315e-06,
                6.93651054462e-06,
                6.40070902591e-06,
                5.36678771823e-06,
                3.93639174945e-06,
