{
    "lowlevel": {
        "average_loudness": 0.930546343327,
        "barkbands": {
            "dmean": [
                0.00461502932012,
                0.0142830517143,
                0.00178208027501,
                0.00177391828038,
                0.00355519820005,
                0.0018852124922,
                0.0012378244428,
                0.00123151217122,
                0.00128981389571,
                0.000646351196337,
                0.000563831243198,
                0.000399926764658,
                0.000423965480877,
                0.000331572868163,
                0.00030629298999,
                0.000190495295101,
                0.000209998514038,
                0.000150436186232,
                0.000125679842313,
                0.000152133681695,
                0.00011396077025,
                0.000108294385427,
                0.000117702446005,
                0.000144728808664,
                0.000109441942186,
                5.48400821572e-05,
                2.35238603636e-05
            ],
            "dmean2": [
                0.00763034261763,
                0.0245761815459,
                0.00303112133406,
                0.00301622389816,
                0.00567250652239,
                0.00312846549787,
                0.00199924199842,
                0.00196790182963,
                0.00197578174993,
                0.00101217871998,
                0.000866501883138,
                0.000641381484456,
                0.000683384074364,
                0.000524374656379,
                0.000494193693157,
                0.00031061770278,
                0.000332114868797,
                0.000245115574216,
                0.000210963189602,
                0.000259786378592,
                0.000196210268768,
                0.000181255876669,
                0.000191696599359,
                0.000223597075092,
                0.000175639419467,
                9.40940226428e-05,
                4.11622131651e-05
            ],
            "dvar": [
                5.97062135057e-05,
                0.000446877122158,
                8.70300118549e-06,
                9.24012238102e-06,
                3.30028487951e-05,
                1.5568375602e-05,
                5.28307100467e-06,
                5.19197419635e-06,
                8.627898751e-06,
                2.84272960016e-06,
                2.54393285104e-06,
                1.32331877012e-06,
                1.07069467958e-06,
                8.81288940491e-07,
                6.2810977397e-07,
                2.59848661699e-07,
                2.18105910221e-07,
                8.82204815866e-08,
                5.88517821143e-08,
                1.00137349079e-07,
                5.21157055289e-08,
                6.84712517796e-08,
                1.19039640367e-07,
                1.40941196491e-07,
                7.6043562558e-08,
                1.92829592294e-08,
                5.52623946604e-09
            ],
            "dvar2": [
                0.00015267325216,
                0.00127605511807,
                2.36665582634e-05,
                2.48399283009e-05,
                8.11204590718e-05,
                4.11391774833e-05,
                1.24060961753e-05,
                1.18262742035e-05,
                1.77241945494e-05,
                5.84966210226e-06,
                5.23311928191e-06,
                2.90946491077e-06,
                2.55678651229e-06,
                1.97642293642e-06,
                1.43589250001e-06,
                6.52245603305e-07,
                5.00844578255e-07,
                2.19791274958e-07,
                1.51796115233e-07,
                2.71152600817e-07,
                1.40783342317e-07,
                1.62102750778e-07,
                2.53880898526e-07,
                2.62785448513e-07,
                1.69933798588e-07,
                5.46121441403e-08,
                1.56999657719e-08
            ],
            "max": [
                0.0793426260352,
                0.158804982901,
                0.0454504936934,
                0.0481828972697,
                0.0567216426134,
                0.0567281544209,
                0.0368673205376,
                0.0339289233088,
                0.0791340395808,
                0.0546699985862,
                0.036831188947,
                0.0310197919607,
                0.0298905111849,
                0.0280667822808,
                0.0171432346106,
                0.0112038590014,
                0.0103290025145,
                0.00864534266293,
                0.00648053409532,
                0.00389080541208,
                0.00292167253792,
                0.00642600981519,
                0.0118030104786,
                0.0104738594964,
                0.00633938936517,
                0.0013919880148,
                0.000698280753568
            ],
            "mean": [
                0.00726912543178,
                0.0288690179586,
                0.0028970586136,
                0.00223162537441,
                0.00572972325608,
                0.00254093948752,
                0.0017940052785,
                0.0016646659933,
                0.00228897854686,
                0.000907159002963,
                0.000792459584773,
                0.000524950679392,
                0.00058522215113,
                0.000429359963164,
                0.000399222422857,
                0.000268091651378,
                0.000325657747453,
                0.000234268736676,
                0.000179648021003,
                0.000200737762498,
                0.000148907434777,
                0.00014891801402,
                0.0001641552808,
                0.000203473580768,
                0.000141413373058,
                5.61682645639e-05,
                1.97367935471e-05
            ],
            "median": [
                0.00441517354921,
                0.0215256847441,
                0.00207504956052,
                0.00114876707084,
                0.00332710519433,
                0.00109302508645,
                0.000686464947648,
                0.000628825859167,
                0.000937300210353,
                0.000287836388452,
                0.000244277180173,
                0.000206091732252,
                0.000209076621104,
                0.000145512254676,
                0.000133701454615,
                0.000109771935968,
                0.000137517301482,
                9.79285687208e-05,
                7.43316631997e-05,
                7.51843253965e-05,
                5.31001351192e-05,
                4.14274909417e-05,
                4.633658682e-05,
                5.655791756e-05,
                3.80173441954e-05,
                1.37975184771e-05,
                1.57477529683e-06
            ],
            "min": [
                1.00615934688e-24,
                2.97376706115e-23,
                2.55060029902e-23,
                1.53912884169e-23,
                3.34710589751e-23,
                3.42529936815e-23,
                3.77174183418e-23,
                3.79204616724e-23,
                6.38135839524e-23,
                1.14421724704e-22,
                5.15931061668e-23,
                6.34681954046e-23,
                1.05184131949e-22,
                4.95881877772e-23,
                9.60862937927e-23,
                2.55864876285e-22,
                8.44957940151e-23,
                1.57668076648e-22,
                1.93841463851e-22,
                4.10953945753e-22,
                4.86082104871e-22,
                4.76654598587e-22,
                4.59087309938e-22,
                8.61865046885e-22,
                1.16684064184e-21,
                1.45146933048e-21,
                2.38183809912e-21
            ],
            "var": [
                8.88784925337e-05,
                0.000844328606036,
                1.18449115689e-05,
                1.09978273031e-05,
                5.00243659189e-05,
                1.89381444216e-05,
                9.29611815081e-06,
                9.80104323389e-06,
                1.93880496226e-05,
                6.82852623868e-06,
                4.17624914917e-06,
                1.95423604055e-06,
                1.50496146034e-06,
                1.22799724522e-06,
                9.73060082288e-07,
                3.096970147e-07,
                4.21733545863e-07,
                1.53256209501e-07,
                8.13155764945e-08,
                1.13900846088e-07,
                5.63275861509e-08,
                8.99348364669e-08,
                1.72710514335e-07,
                2.79394839708e-07,
                1.24166859905e-07,
                1.45093519421e-08,
                3.63793395408e-09
            ]
        },
        "barkbands_crest": {
            "dmean": 3.18069982529,
            "dmean2": 5.24430990219,
            "dvar": 8.65624046326,
            "dvar2": 23.3752861023,
            "max": 25.3655471802,
            "mean": 12.7393989563,
            "median": 12.3588609695,
            "min": 2.20429062843,
            "var": 19.0420150757
        },
        "barkbands_flatness_db": {
            "dmean": 0.0312089640647,
            "dmean2": 0.0483106635511,
            "dvar": 0.000903740990907,
            "dvar2": 0.00220810715109,
            "max": 0.649585843086,
            "mean": 0.173258900642,
            "median": 0.161520808935,
            "min": 0.0106464195997,
            "var": 0.00586129771546
        },
        "barkbands_kurtosis": {
            "dmean": 5.92565441132,
            "dmean2": 9.67132759094,
            "dvar": 79.4514923096,
            "dvar2": 212.77835083,
            "max": 179.972564697,
            "mean": 9.56632423401,
            "median": 5.64092731476,
            "min": -1.95462179184,
            "var": 160.880737305
        },
        "barkbands_skewness": {
            "dmean": 0.736018121243,
            "dmean2": 1.16078972816,
            "dvar": 0.546599805355,
            "dvar2": 1.35575354099,
            "max": 11.2657594681,
            "mean": 2.30666708946,
            "median": 2.15955924988,
            "min": -8.36910533905,
            "var": 2.36358165741
        },
        "barkbands_spread": {
            "dmean": 6.34339046478,
            "dmean2": 10.1113262177,
            "dvar": 73.0350112915,
            "dvar2": 164.064987183,
            "max": 116.429748535,
            "mean": 16.4581184387,
            "median": 13.0165729523,
            "min": 0.188935637474,
            "var": 170.924026489
        },
        "dissonance": {
            "dmean": 0.0232173502445,
            "dmean2": 0.0388830602169,
            "dvar": 0.000586694048252,
            "dvar2": 0.00157301814761,
            "max": 0.499999880791,
            "mean": 0.456666499376,
            "median": 0.46351903677,
            "min": 0.205267235637,
            "var": 0.00102761003654
        },
        "dynamic_complexity": 3.75958681107,
        "erbbands": {
            "dmean": [
                0.760680317879,
                2.35905957222,
                2.04135394096,
                3.834202528,
                5.85563373566,
                14.781876564,
                23.2295303345,
                12.2012681961,
                13.012471199,
                27.7918224335,
                24.4226398468,
                29.8332481384,
                21.2538089752,
                18.3687877655,
                20.064956665,
                17.1410179138,
                18.5002708435,
                17.7046375275,
                15.3237876892,
                13.120598793,
                9.73662853241,
                10.8689937592,
                8.29919815063,
                6.30325317383,
                6.60147428513,
                7.25120639801,
                5.13991069794,
                4.15596103668,
                3.68559837341,
                3.75462007523,
                3.39003396034,
                3.11484408379,
                2.4315404892,
                1.39845061302,
                0.65652102232,
                0.281897872686,
                0.103129200637,
                0.025112722069,
                0.00363252265379,
                0.000243123475229
            ],
            "dmean2": [
                1.33455336094,
                3.85550642014,
                3.38494324684,
                6.44424152374,
                9.7329492569,
                23.4833393097,
                38.6008224487,
                20.2399978638,
                21.213312149,
                43.9030303955,
                38.5835952759,
                45.3415336609,
                32.3281173706,
                28.578754425,
                30.6754684448,
                27.5977134705,
                29.5406703949,
                27.707857132,
                23.8765220642,
                21.3045043945,
                15.5744228363,
                17.2821178436,
                13.3964719772,
                10.4373617172,
                11.043923378,
                12.4375143051,
                8.86175537109,
                7.07736492157,
                6.1911072731,
                6.18749952316,
                5.500664711,
                4.90684652328,
                3.73670578003,
                2.20902037621,
                1.08357059956,
                0.482344001532,
                0.178722470999,
                0.0436704792082,
                0.00638866936788,
                0.000413757981732
            ],
            "dvar": [
                1.20724546909,
                13.8263111115,
                10.7482376099,
                38.8817634583,
                77.3130111694,
                576.817260742,
                2645.34326172,
                609.060241699,
                765.824279785,
                2771.16967773,
                2532.90600586,
                5303.00732422,
                2803.7331543,
                2598.22998047,
                3053.9296875,
                2495.60424805,
                2320.35009766,
                2287.07568359,
                1672.27661133,
                1204,
                646.307800293,
                550.829650879,
                280.3777771,
                146.800765991,
                158.124099731,
                244.528656006,
                110.128196716,
                76.9751739502,
                76.1029968262,
                92.4598388672,
                105.382698059,
                68.4344406128,
                45.2553291321,
                17.2045631409,
                2.15119385719,
                0.448463141918,
                0.078388735652,
                0.00587130989879,
                0.00012884636817,
                4.87191982756e-07
            ],
            "dvar2": [
                3.73520112038,
                32.9076766968,
                27.6457252502,
                107.027114868,
                204.454528809,
                1379.88061523,
                6913.49658203,
                1543.19934082,
                1823.04187012,
                6251.86132812,
                5784.83056641,
                10555.1640625,
                5470.29003906,
                5833.68505859,
                6433.27636719,
                5560.57861328,
                5473.7734375,
                5207.59423828,
                3619.29760742,
                2864.59228516,
                1538.0904541,
                1285.74365234,
                693.151611328,
                377.335266113,
                418.771240234,
                664.606872559,
                301.033813477,
                200.783508301,
                178.619781494,
                206.724960327,
                222.207382202,
                142.188690186,
                81.4511184692,
                34.95677948,
                5.46517515182,
                1.27057623863,
                0.225210860372,
                0.0167523939162,
                0.000366975436918,
                1.3391088487e-06
            ],
            "max": [
                8.81785297394,
                33.2916374207,
                56.2343215942,
                82.9909820557,
                103.613677979,
                259.856658936,
                720.518554688,
                537.841430664,
                657.804992676,
                729.043762207,
                909.62902832,
                2389.2512207,
                2043.82019043,
                1419.8815918,
                1263.50097656,
                1481.07104492,
                1582.67150879,
                1157.6505127,
                1142.34960938,
                944.723937988,
                627.187683105,
                365.126800537,
                544.039245605,
                340.118927002,
                141.724121094,
                218.315292358,
                94.690864563,
                167.511367798,
                202.502502441,
                311.918579102,
                355.708068848,
                258.515258789,
                213.810852051,
                106.50566864,
                27.4300632477,
                5.95877599716,
                2.87033581734,
                0.789201676846,
                0.112958982587,
                0.00696385279298
            ],
            "mean": [
                1.43065929413,
                4.0856089592,
                3.80108189583,
                5.83648252487,
                8.90498161316,
                22.2958030701,
                30.0928115845,
                17.2060832977,
                18.3598594666,
                41.9454612732,
                37.5782661438,
                54.4713592529,
                34.9993858337,
                26.6828403473,
                29.8021678925,
                24.6126022339,
                27.0161304474,
                24.3378200531,
                21.1447277069,
                18.651184082,
                15.0670089722,
                18.0967979431,
                14.2007741928,
                9.4701499939,
                9.44301795959,
                9.47144317627,
                6.69920063019,
                5.52593231201,
                5.07117080688,
                5.29065752029,
                4.62473964691,
                4.13891029358,
                3.43863248825,
                1.92041361332,
                0.796724081039,
                0.298048526049,
                0.0986431241035,
                0.0225808285177,
                0.00307465624064,
                0.000273232260952
            ],
            "median": [
                1.17306613922,
                2.01517105103,
                2.78226590157,
                4.0536031723,
                5.86093997955,
                10.9777965546,
                12.232421875,
                8.57873249054,
                7.65375328064,
                15.9658222198,
                16.0532894135,
                24.0816841125,
                11.8806610107,
                9.64105606079,
                10.3677101135,
                10.8056087494,
                10.9539880753,
                8.8258972168,
                7.25486660004,
                7.17167758942,
                6.26877784729,
                8.34141159058,
                6.49186706543,
                4.35938739777,
                3.74029994011,
                3.61012268066,
                2.53119301796,
                1.82619667053,
                1.43238472939,
                1.48448812962,
                1.27641320229,
                1.11283159256,
                0.929550528526,
                0.479081451893,
                0.233088180423,
                0.0842046290636,
                0.0206694100052,
                0.00375314848498,
                0.000275152677204,
                9.77902673185e-05
            ],
            "min": [
                4.23007008322e-22,
                8.72617869783e-21,
                3.94775210827e-20,
                3.45937368863e-20,
                6.52127804563e-20,
                1.73089649902e-19,
                1.08473298979e-19,
                3.56062091872e-19,
                4.36914111214e-19,
                6.6329421292e-19,
                7.65854527613e-19,
                1.48951012608e-18,
                3.25071516899e-18,
                2.75057633483e-18,
                3.0873556834e-18,
                1.96180419966e-18,
                4.30115720554e-18,
                2.37285630223e-18,
                4.46754954884e-18,
                7.46667897529e-18,
                1.31699602587e-17,
                6.26928623496e-18,
                9.18111998265e-18,
                1.12353609954e-17,
                1.12209473732e-17,
                2.12000352579e-17,
                1.27382439436e-17,
                1.46603718048e-17,
                1.67329935979e-17,
                1.26000973367e-17,
                1.42500339727e-17,
                1.67657003194e-17,
                1.43833953398e-17,
                1.2684528489e-17,
                8.52957049365e-18,
                4.66431927295e-18,
                3.28664024337e-18,
                1.14963877638e-18,
                3.44050989938e-19,
                3.75689246039e-20
            ],
            "var": [
                2.17010402679,
                25.6160697937,
                17.3898239136,
                46.4356460571,
                103.112808228,
                914.687133789,
                2907.10742188,
                839.199401855,
                1193.04992676,
                5432.68408203,
                5115.47070312,
                11281.4951172,
                8474.29296875,
                4896.26708984,
                5084.63525391,
                3486.92407227,
                3116.59790039,
                3177.64624023,
                2882.14257812,
                1829.93371582,
                934.893798828,
                1076.50500488,
                538.938232422,
                203.101242065,
                212.598114014,
                268.916900635,
                112.580871582,
                89.1612854004,
                97.9728775024,
                135.492630005,
                153.77255249,
                113.14100647,
                94.1282501221,
                30.9257888794,
                2.8404378891,
                0.355957895517,
                0.0548265054822,
                0.00394776416942,
                8.47946284921e-05,
                3.74101858824e-07
            ]
        },
        "erbbands_crest": {
            "dmean": 3.26317882538,
            "dmean2": 5.27854633331,
            "dvar": 8.47858905792,
            "dvar2": 20.7721805573,
            "max": 32.0927009583,
            "mean": 10.2474460602,
            "median": 9.10163784027,
            "min": 1.73279130459,
            "var": 25.9279937744
        },
        "erbbands_flatness_db": {
            "dmean": 0.0205400791019,
            "dmean2": 0.0305837839842,
            "dvar": 0.000403994461522,
            "dvar2": 0.000870225136168,
            "max": 0.647697508335,
            "mean": 0.153789937496,
            "median": 0.134869873524,
            "min": 0.0437710471451,
            "var": 0.00662015844136
        },
        "erbbands_kurtosis": {
            "dmean": 1.39671850204,
            "dmean2": 2.24500823021,
            "dvar": 9.02598381042,
            "dvar2": 23.7304153442,
            "max": 131.056091309,
            "mean": 1.40500533581,
            "median": 0.435479879379,
            "min": -1.80677223206,
            "var": 27.9099330902
        },
        "erbbands_skewness": {
            "dmean": 0.440641820431,
            "dmean2": 0.68323212862,
            "dvar": 0.175571784377,
            "dvar2": 0.42462682724,
            "max": 9.18639087677,
            "mean": 0.587403178215,
            "median": 0.571025669575,
            "min": -4.02482414246,
            "var": 0.827421844006
        },
        "erbbands_spread": {
            "dmean": 9.8675327301,
            "dmean2": 14.9453802109,
            "dvar": 138.623886108,
            "dvar2": 294.30645752,
            "max": 150.978393555,
            "mean": 38.3099060059,
            "median": 33.6817054749,
            "min": 0.431967496872,
            "var": 504.931335449
        },
        "gfcc": {
            "cov": [
                [
                    26532.5039062,
                    83.8716888428,
                    3151.45751953,
                    2562.66674805,
                    -2016.46386719,
                    523.882019043,
                    -703.75982666,
                    1233.45788574,
                    545.040710449,
                    712.86517334,
                    -638.772521973,
                    -198.002487183,
                    -94.7818069458
                ],
                [
                    83.8716888428,
                    2522.01147461,
                    -309.120727539,
                    -99.1869659424,
                    243.958862305,
                    -320.991455078,
                    119.581542969,
                    -135.472335815,
                    129.071838379,
                    -190.37449646,
                    40.8542976379,
                    -202.672058105,
                    104.041999817
                ],
                [
                    3151.45751953,
                    -309.120727539,
                    1591.21496582,
                    511.136383057,
                    -179.141525269,
                    293.526855469,
                    -67.5841903687,
                    360.93371582,
                    126.582511902,
                    262.182617188,
                    -44.2141799927,
                    31.4442825317,
                    -45.5718612671
                ],
                [
                    2562.66674805,
                    -99.1869659424,
                    511.136383057,
                    656.919128418,
                    -197.852050781,
                    140.184310913,
                    -38.0433616638,
                    175.504211426,
                    141.290344238,
                    114.089187622,
                    -5.79112052917,
                    -0.447889328003,
                    10.7935113907
                ],
                [
                    -2016.46386719,
                    243.958862305,
                    -179.141525269,
                    -197.852050781,
                    518.293334961,
                    -10.595998764,
                    188.699996948,
                    -60.4310646057,
                    -10.2279338837,
                    -0.755687534809,
                    73.108039856,
                    39.3348083496,
                    -14.657292366
                ],
                [
                    523.882019043,
                    -320.991455078,
                    293.526855469,
                    140.184310913,
                    -10.595998764,
                    315.940948486,
                    33.3506622314,
                    144.496353149,
                    36.7734909058,
                    99.6969833374,
                    44.2506713867,
                    31.3416004181,
                    2.26583576202
                ],
                [
                    -703.75982666,
                    119.581542969,
                    -67.5841903687,
                    -38.0433616638,
                    188.699996948,
                    33.3506622314,
                    221.571640015,
                    6.47032546997,
                    24.853685379,
                    10.6058044434,
                    49.3920211792,
                    27.2475643158,
                    -2.25896573067
                ],
                [
                    1233.45788574,
                    -135.472335815,
                    360.93371582,
                    175.504211426,
                    -60.4310646057,
                    144.496353149,
                    6.47032546997,
                    277.335021973,
                    104.126846313,
                    116.733070374,
                    -12.8557271957,
                    1.68651521206,
                    -5.01986980438
                ],
                [
                    545.040710449,
                    129.071838379,
                    126.582511902,
                    141.290344238,
                    -10.2279338837,
                    36.7734909058,
                    24.853685379,
                    104.126846313,
                    156.500350952,
                    61.5650024414,
                    20.6689758301,
                    -27.4204273224,
                    15.7923784256
                ],
                [
                    712.86517334,
                    -190.37449646,
                    262.182617188,
                    114.089187622,
                    -0.755687534809,
                    99.6969833374,
                    10.6058044434,
                    116.733070374,
                    61.5650024414,
                    161.24079895,
                    30.1535453796,
                    24.6555900574,
                    -15.0142307281
                ],
                [
                    -638.772521973,
                    40.8542976379,
                    -44.2141799927,
                    -5.79112052917,
                    73.108039856,
                    44.2506713867,
                    49.3920211792,
                    -12.8557271957,
                    20.6689758301,
                    30.1535453796,
                    139.325820923,
                    44.7540969849,
                    22.1725311279
                ],
                [
                    -198.002487183,
                    -202.672058105,
                    31.4442825317,
                    -0.447889328003,
                    39.3348083496,
                    31.3416004181,
                    27.2475643158,
                    1.68651521206,
                    -27.4204273224,
                    24.6555900574,
                    44.7540969849,
                    110.886352539,
                    8.94199180603
                ],
                [
                    -94.7818069458,
                    104.041999817,
                    -45.5718612671,
                    10.7935113907,
                    -14.657292366,
                    2.26583576202,
                    -2.25896573067,
                    -5.01986980438,
                    15.7923784256,
                    -15.0142307281,
                    22.1725311279,
                    8.94199180603,
                    83.33644104
                ]
            ],
            "icov": [
                [
                    0.000124925689306,
                    -0.000151455620653,
                    -6.91415493748e-07,
                    -0.000286342867184,
                    0.000356590928277,
                    -7.80924965511e-05,
                    6.51493974146e-05,
                    -0.000153063854668,
                    0.00012099473679,
                    -0.000457169080619,
                    0.00054277072195,
                    -0.000276858685538,
                    0.000205266827834
                ],
                [
                    -0.000151455620653,
                    0.000957876094617,
                    -0.000195478889509,
                    0.000289330200758,
                    -0.000814877508674,
                    0.000879535567947,
                    -0.000392273272155,
                    0.000122267927509,
                    -0.000562119064853,
                    0.00137701747008,
                    -0.00135543558281,
                    0.00186798663344,
                    -0.00116819213144
                ],
                [
                    -6.91415493748e-07,
                    -0.000195478889509,
                    0.00126691162586,
                    -0.000544111884665,
                    5.54397956876e-05,
                    -0.000560586166102,
                    0.00040007091593,
                    -0.000688198022544,
                    0.000368368462659,
                    -0.00120063580107,
                    0.000692211207934,
                    -0.000638680357952,
                    0.000599158287514
                ],
                [
                    -0.000286342867184,
                    0.000289330200758,
                    -0.000544111884665,
                    0.00336234574206,
                    9.01604726096e-05,
                    -0.000352294387994,
                    -0.000263460649876,
                    0.000634087133221,
                    -0.00231470470317,
                    0.000915524084121,
                    -0.000979470089078,
                    -3.25806649926e-05,
                    -0.000495742424391
                ],
                [
                    0.000356590928277,
                    -0.000814877508674,
                    5.54397956876e-05,
                    9.01604726096e-05,
                    0.00455696415156,
                    -0.00054118479602,
                    -0.00213406491093,
                    0.000167893158505,
                    0.000126625949633,
                    -0.00214734300971,
                    0.00125078856945,
                    -0.00194078625645,
                    0.00167459866498
                ],
                [
                    -7.80924965511e-05,
                    0.000879535567947,
                    -0.000560586166102,
                    -0.000352294387994,
                    -0.00054118479602,
                    0.00600983342156,
                    -0.00112275546417,
                    -0.00220939121209,
                    0.00140066060703,
                    3.85190614907e-05,
                    -0.00286079244688,
                    0.00204888451844,
                    -0.00158709788229
                ],
                [
                    6.51493974146e-05,
                    -0.000392273272155,
                    0.00040007091593,
                    -0.000263460649876,
                    -0.00213406491093,
                    -0.00112275546417,
                    0.00740090291947,
                    -0.000495139276609,
                    -0.00121899088845,
                    0.000216729938984,
                    -0.000118145748274,
                    -0.00184590718709,
                    0.00114225188736
                ],
                [
                    -0.000153063854668,
                    0.000122267927509,
                    -0.000688198022544,
                    0.000634087133221,
                    0.000167893158505,
                    -0.00220939121209,
                    -0.000495139276609,
                    0.00855054054409,
                    -0.00425565522164,
                    -0.00195178785361,
                    0.00195230741519,
                    -0.000687013263814,
                    -0.000184866163181
                ],
                [
                    0.00012099473679,
                    -0.000562119064853,
                    0.000368368462659,
                    -0.00231470470317,
                    0.000126625949633,
                    0.00140066060703,
                    -0.00121899088845,
                    -0.00425565522164,
                    0.0134581895545,
                    -0.00344666210003,
                    -0.00195607589558,
                    0.0040474194102,
                    -0.00204973574728
                ],
                [
                    -0.000457169080619,
                    0.00137701747008,
                    -0.00120063580107,
                    0.000915524084121,
                    -0.00214734300971,
                    3.85190614907e-05,
                    0.000216729938984,
                    -0.00195178785361,
                    -0.00344666210003,
                    0.0147891193628,
                    -0.00503260968253,
                    0.000574525969569,
                    0.00109029130545
                ],
                [
                    0.00054277072195,
                    -0.00135543558281,
                    0.000692211207934,
                    -0.000979470089078,
                    0.00125078856945,
                    -0.00286079244688,
                    -0.000118145748274,
                    0.00195230741519,
                    -0.00195607589558,
                    -0.00503260968253,
                    0.0142212510109,
                    -0.00641606608406,
                    -0.000404209742555
                ],
                [
                    -0.000276858685538,
                    0.00186798663344,
                    -0.000638680357952,
                    -3.25806649926e-05,
                    -0.00194078625645,
                    0.00204888451844,
                    -0.00184590718709,
                    -0.000687013263814,
                    0.0040474194102,
                    0.000574525969569,
                    -0.00641606608406,
                    0.0164943411946,
                    -0.00420675799251
                ],
                [
                    0.000205266827834,
                    -0.00116819213144,
                    0.000599158287514,
                    -0.000495742424391,
                    0.00167459866498,
                    -0.00158709788229,
                    0.00114225188736,
                    -0.000184866163181,
                    -0.00204973574728,
                    0.00109029130545,
                    -0.000404209742555,
                    -0.00420675799251,
                    0.0155845973641
                ]
            ],
            "mean": [
                -10.2142038345,
                100.636352539,
                -97.5648803711,
                23.5564937592,
                -47.2548103333,
                17.4650268555,
                -29.7648715973,
                12.1213674545,
                -17.3513698578,
                2.5841729641,
                -8.52527046204,
                1.22046124935,
                -5.98818874359
            ]
        },
        "hfc": {
            "dmean": 8.29578113556,
            "dmean2": 13.0286884308,
            "dvar": 180.352996826,
            "dvar2": 440.452667236,
            "max": 182.308120728,
            "mean": 22.9018707275,
            "median": 18.4804649353,
            "min": 1.1965301233e-16,
            "var": 376.508026123
        },
        "melbands": {
            "dmean": [
                0.00497481878847,
                0.001559119788,
                0.000701711920556,
                0.000612373114564,
                0.000822048343252,
                0.000292324984912,
                0.000208016732358,
                0.000293809367577,
                0.000208838508115,
                0.000179986556759,
                0.0001071702427,
                7.61238334235e-05,
                7.9060686403e-05,
                4.2765710532e-05,
                5.14271123393e-05,
                3.76101124857e-05,
                3.39527541655e-05,
                2.56694256677e-05,
                2.11660717468e-05,
                1.48149283632e-05,
                1.23282334243e-05,
                1.22489082059e-05,
                1.15062730401e-05,
                6.11697669228e-06,
                5.31267551196e-06,
                4.93741345053e-06,
                5.7267466218e-06,
                4.66966957902e-06,
