{
    "lowlevel": {
        "average_loudness": 0.875243782997,
        "barkbands": {
            "dmean": [
                0.000160723764566,
                0.00817435514182,
                0.00259127793834,
                0.00157971330918,
                0.00204326817766,
                0.00138500460889,
                0.000481737370137,
                0.000955871422775,
                0.000988437444903,
                0.000419979536673,
                0.000310486386297,
                0.000451411353424,
                0.00042296180618,
                0.000416242110077,
                0.000357791373972,
                0.000362753868103,
                0.000222039787332,
                0.000125543374452,
                7.93455401435e-05,
                7.65954828239e-05,
                0.000108162152173,
                0.000114048045361,
                8.96915225894e-05,
                7.251201896e-05,
                5.9051279095e-05,
                2.71570916084e-05,
                5.41145027455e-06
            ],
            "dmean2": [
                0.000238102802541,
                0.0135642411187,
                0.00445005390793,
                0.00271155522205,
                0.00332566536963,
                0.00214526383206,
                0.000748996506445,
                0.00148112210445,
                0.00151638477109,
                0.000650770089123,
                0.000480309623526,
                0.000711196451448,
                0.000658587494399,
                0.000642242317554,
                0.000564540794585,
                0.000564000452869,
                0.000339827965945,
                0.000194975815248,
                0.00012699830404,
                0.00012152587442,
                0.000170433268067,
                0.000180717819603,
                0.000138462608447,
                0.000107997606392,
                8.88159775059e-05,
                3.9293190639e-05,
                7.89795012679e-06
            ],
            "dvar": [
                1.11805903202e-07,
                0.000223791808821,
                3.64742445527e-05,
                1.05281178548e-05,
                1.02598969534e-05,
                7.2247571552e-06,
                1.34278343467e-06,
                5.87377144257e-06,
                5.78195022172e-06,
                1.54811209541e-06,
                9.50620346885e-07,
                1.55065617946e-06,
                1.51298615947e-06,
                1.41177213209e-06,
                1.02162141502e-06,
                1.0306406466e-06,
                3.59110231329e-07,
                7.08989844611e-08,
                3.87470144858e-08,
                2.99945774884e-08,
                5.33784856316e-08,
                8.70891838645e-08,
                9.3950184521e-08,
                4.01257977956e-08,
                2.55735077559e-08,
                6.85939438583e-09,
                4.56913562541e-10
            ],
            "dvar2": [
                2.13041360553e-07,
                0.000588579103351,
                9.93864305201e-05,
                2.84785364784e-05,
                2.69246702373e-05,
                1.67676080309e-05,
                3.19291984852e-06,
                1.35103700813e-05,
                1.25364949781e-05,
                3.56419491254e-06,
                2.01529087462e-06,
                3.46557544617e-06,
                3.42048269886e-06,
                3.02928538076e-06,
                2.40397753259e-06,
                2.24613381761e-06,
                8.14458246623e-07,
                1.6473657638e-07,
                1.00136880121e-07,
                7.65470531405e-08,
                1.39257153364e-07,
                2.3133453908e-07,
                2.17475715658e-07,
                8.84246063038e-08,
                5.63111477447e-08,
                1.26714896354e-08,
                7.65811081216e-10
            ],
            "max": [
                0.00621339818463,
                0.137257397175,
                0.0820818170905,
                0.0488167963922,
                0.0538300350308,
                0.0424231626093,
                0.0256500076503,
                0.0419224873185,
                0.0595966950059,
                0.0331094376743,
                0.0322649031878,
                0.0354974716902,
                0.046543225646,
                0.0337591320276,
                0.0250581391156,
                0.0216601341963,
                0.0153886312619,
                0.00685656070709,
                0.00408202689141,
                0.00288733956404,
                0.00347842019983,
                0.00540873175487,
                0.011012471281,
                0.00525817414746,
                0.00576715264469,
                0.00365253770724,
                0.00120058213361
            ],
            "mean": [
                0.000314988516038,
                0.0111941583455,
                0.00331116886809,
                0.00203730771318,
                0.00394861539826,
                0.00268111354671,
                0.000879183469806,
                0.00154157099314,
                0.00166821514722,
                0.000661556900013,
                0.000501337985042,
                0.00078359892359,
                0.000660650141072,
                0.000667312240694,
                0.000597787962761,
                0.000669528613798,
                0.000382672180422,
                0.000231729383813,
                0.000144172867294,
                0.000137162875035,
                0.000211707898416,
                0.000222985458095,
                0.000156365058501,
                0.000143182653119,
                0.000114863083581,
                5.16236941621e-05,
                8.00677480584e-06
            ],
            "median": [
                7.65659497119e-05,
                0.00519011123106,
                0.00140101509169,
                0.000956710078754,
                0.00242428714409,
                0.00108959898353,
                0.000376011012122,
                0.000449898128863,
                0.00039699341869,
                0.000185673183296,
                0.000109070446342,
                0.000211841514101,
                0.000145324593177,
                0.000120095988677,
                0.000123947975226,
                0.000128758678329,
                0.000109350585262,
                7.3496485129e-05,
                4.9420290452e-05,
                5.51371340407e-05,
                8.5217783635e-05,
                4.20921860496e-05,
                3.48589928763e-05,
                3.86974388675e-05,
                2.97882761515e-05,
                1.46348893395e-05,
                1.39232054153e-06
            ],
            "min": [
                2.32713819129e-25,
                3.2673281575e-24,
                1.61203193501e-24,
                2.46719659931e-24,
                8.3303758923e-24,
                1.64852097228e-23,
                1.44789692023e-23,
                1.76303722776e-23,
                1.60487519166e-23,
                1.80395796727e-23,
                2.0330979211e-23,
                3.13681545947e-23,
                2.89361532219e-23,
                5.0564848065e-23,
                6.45649329439e-23,
                5.47505629607e-23,
                8.14326344984e-23,
                8.05365768624e-23,
                1.11729803129e-22,
                1.69770755413e-22,
                3.015968469e-22,
                2.42541507845e-22,
                4.02355664809e-22,
                5.91507344267e-22,
                9.2524049118e-22,
                1.18047700504e-21,
                2.08886550878e-21
            ],
            "var": [
                3.26669180595e-07,
                0.000289100134978,
                3.34063588525e-05,
                1.25829146782e-05,
                2.25377316383e-05,
                1.75519326149e-05,
                2.47796697295e-06,
                1.14571294034e-05,
                1.37271845233e-05,
                2.90482080345e-06,
                2.15003024095e-06,
                3.78851177629e-06,
                2.87304669655e-06,
                3.1721904179e-06,
                2.16546754928e-06,
                2.88075511889e-06,
                7.54813640924e-07,
                1.76629825432e-07,
                7.26673405893e-08,
                5.01226082861e-08,
                9.96203013415e-08,
                1.60219528311e-07,
                1.81368008612e-07,
                1.14072712165e-07,
                6.238723671e-08,
                1.69943739081e-08,
                1.04141750779e-09
            ]
        },
        "barkbands_crest": {
            "dmean": 3.00745892525,
            "dmean2": 4.93671655655,
            "dvar": 8.10910224915,
            "dvar2": 21.7330436707,
            "max": 26.5811138153,
            "mean": 11.5309791565,
            "median": 10.5561561584,
            "min": 2.28814339638,
            "var": 22.8386878967
        },
        "barkbands_flatness_db": {
            "dmean": 0.0246334765106,
            "dmean2": 0.0374093316495,
            "dvar": 0.000584150722716,
            "dvar2": 0.00132698309608,
            "max": 0.528143465519,
            "mean": 0.166889831424,
            "median": 0.142661869526,
            "min": 0.0186648257077,
            "var": 0.00765824504197
        },
        "barkbands_kurtosis": {
            "dmean": 5.53146743774,
            "dmean2": 8.68662548065,
            "dvar": 153.390808105,
            "dvar2": 360.475646973,
            "max": 363.976654053,
            "mean": 10.4943284988,
            "median": 3.98774671555,
            "min": -1.94046735764,
            "var": 446.951202393
        },
        "barkbands_skewness": {
            "dmean": 0.670645236969,
            "dmean2": 1.03531742096,
            "dvar": 0.618346452713,
            "dvar2": 1.42740094662,
            "max": 16.3095207214,
            "mean": 2.18550252914,
            "median": 1.87214195728,
            "min": -2.12115216255,
            "var": 2.7742190361
        },
        "barkbands_spread": {
            "dmean": 5.43967819214,
            "dmean2": 8.2584104538,
            "dvar": 64.1538543701,
            "dvar2": 128.375289917,
            "max": 113.389320374,
            "mean": 19.0878601074,
            "median": 16.5631008148,
            "min": 0.124457277358,
            "var": 249.798187256
        },
        "dissonance": {
            "dmean": 0.0231317356229,
            "dmean2": 0.0388663038611,
            "dvar": 0.000560824293643,
            "dvar2": 0.00147650088184,
            "max": 0.500000178814,
            "mean": 0.449063450098,
            "median": 0.462709069252,
            "min": 0.177871599793,
            "var": 0.00199264218099
        },
        "dynamic_complexity": 4.80384063721,
        "erbbands": {
            "dmean": [
                0.219110503793,
                1.92706227303,
                3.14622092247,
                3.7495007515,
                6.48777103424,
                6.97007274628,
                11.506272316,
                10.6279354095,
                6.1460852623,
                10.3528490067,
                24.4362678528,
                22.7486858368,
                15.0301780701,
                12.7321414948,
                13.4073629379,
                16.9593257904,
                16.6460094452,
                19.9690036774,
                18.9427013397,
                17.2185382843,
                18.8192100525,
                9.14553356171,
                7.04722213745,
                4.19449424744,
                3.73907232285,
                3.68802523613,
                4.10450220108,
                4.44734430313,
                4.29317998886,
                2.99763083458,
                2.56526756287,
                1.69896614552,
                1.22031164169,
                0.836252748966,
                0.336380660534,
                0.151175290346,
                0.0450143069029,
                0.00933797098696,
                0.000961475656368,
                2.87253842544e-05
            ],
            "dmean2": [
                0.370085805655,
                3.19040894508,
                5.29506492615,
                6.44484806061,
                10.9003324509,
                11.4014043808,
                18.070438385,
                16.5834217072,
                9.85245609283,
                15.7657079697,
                37.7051010132,
                35.0477561951,
                22.8975105286,
                19.3781394958,
                20.6822624207,
                26.3627796173,
                25.8590068817,
                30.6675167084,
                28.519613266,
                26.813293457,
                28.6110343933,
                13.7142210007,
                10.9907798767,
                6.46030044556,
                5.94054698944,
                5.91007041931,
                6.53685235977,
                6.9044303894,
                6.72156906128,
                4.7812962532,
                3.95677828789,
                2.56146764755,
                1.83563137054,
                1.28625273705,
                0.498491257429,
                0.221331387758,
                0.0660682544112,
                0.0131076555699,
                0.00141162914224,
                4.27545746788e-05
            ],
            "dvar": [
                0.140776321292,
                13.9721565247,
                50.8717727661,
                50.688243866,
                184.858032227,
                136.761413574,
                496.511444092,
                623.310302734,
                232.741592407,
                648.475708008,
                4043.28466797,
                3442.04418945,
                1719.68579102,
                1496.08081055,
                1394.31921387,
                2034.25891113,
                2341.80761719,
                3682.36157227,
                2400.39770508,
                2475.96972656,
                3427.56323242,
                488.103546143,
                226.365478516,
                107.563018799,
                66.5067138672,
                78.5419006348,
                97.4152450562,
                85.2754592896,
                116.778442383,
                97.0314178467,
                76.5051803589,
                23.6518497467,
                11.3155021667,
                4.86661529541,
                1.13337504864,
                0.209165647626,
                0.0196233745664,
                0.000990449800156,
                1.53298005898e-05,
                8.68884786343e-09
            ],
            "dvar2": [
                0.403299540281,
                35.5395851135,
                134.150146484,
                135.002563477,
                491.700958252,
                352.074554443,
                1186.96289063,
                1426.74438477,
                572.336486816,
                1497.84631348,
                9413.23144531,
                7576.95996094,
                3860.19213867,
                3260.71386719,
                3146.79321289,
                4492.68310547,
                5100.24169922,
                8228.59765625,
                5196.28320313,
                5837.27832031,
                7280.70117188,
                1122.19616699,
                540.043823242,
                266.976837158,
                167.8019104,
                207.276260376,
                257.643341064,
                215.643554688,
                308.422363281,
                250.967300415,
                173.215026855,
                52.5788612366,
                26.195772171,
                11.5141687393,
                2.31223225594,
                0.393366783857,
                0.0378114432096,
                0.00164555606898,
                2.58466789091e-05,
                1.70562692858e-08
            ],
            "max": [
                3.21219801903,
                36.7339935303,
                86.5960464478,
                115.708572388,
                233.38444519,
                212.047042847,
                438.274108887,
                486.582275391,
                310.996368408,
                771.878601074,
                1194.28735352,
                1226.50769043,
                1015.63922119,
                1050.76367188,
                1007.14746094,
                1729.50915527,
                1920.93115234,
                2002.77709961,
                964.002990723,
                1743.5880127,
                1457.44165039,
                594.411010742,
                335.475463867,
                228.462905884,
                145.563262939,
                188.691116333,
                158.594284058,
                134.750656128,
                227.323699951,
                230.144927979,
                315.191833496,
                134.197433472,
                96.8178024292,
                59.8435974121,
                49.6956863403,
                18.4338378906,
                6.63745164871,
                1.46621739864,
                0.225085824728,
                0.00550956372172
            ],
            "mean": [
                0.315704107285,
                2.49897575378,
                4.25820159912,
                5.37625980377,
                9.39890098572,
                13.3524560928,
                23.0535316467,
                19.2338962555,
                10.5287084579,
                19.9464473724,
                40.6490211487,
                38.4364891052,
                26.7322826385,
                22.7998085022,
                25.7511920929,
                30.1768856049,
                29.1775398254,
                34.3049583435,
                33.6863555908,
                32.8171844482,
                37.1151390076,
                19.4103012085,
                14.1571083069,
                8.10129356384,
                7.22160100937,
                6.61910104752,
                7.67840957642,
                9.16272354126,
                8.60744190216,
                5.22665071487,
                4.40735816956,
                3.16556143761,
                2.35837006569,
                1.5695785284,
                0.626805305481,
                0.279335767031,
                0.0821739956737,
                0.0167764537036,
                0.00140825822018,
                7.27187434677e-05
            ],
            "median": [
                0.140473023057,
                1.07642745972,
                2.11534547806,
                3.06407666206,
                4.84936666489,
                7.09565448761,
                10.126830101,
                7.04474163055,
                5.14329910278,
                8.43377685547,
                12.4150028229,
                10.7018089294,
                7.82801485062,
                7.00774908066,
                6.78902626038,
                9.50656318665,
                7.77150344849,
                7.101167202,
                7.26878881454,
                7.28216743469,
                7.39946174622,
                6.1501531601,
                4.92938423157,
                2.6790394783,
                2.89041733742,
                2.71939754486,
                3.17549705505,
                2.68251132965,
                1.61737453938,
                1.21677732468,
                0.971679091454,
                0.730404734612,
                0.6414270401,
                0.406267404556,
                0.154157906771,
                0.073879212141,
                0.0226583257318,
                0.00401265826076,
                0.000273547368124,
                5.2310519095e-05
            ],
            "min": [
                8.74940649892e-23,
                7.53503376899e-22,
                2.42290955524e-21,
                8.504954736e-21,
                1.33075403309e-20,
                3.14064290403e-20,
                7.5624418816e-20,
                1.50750771506e-19,
                1.90041088045e-19,
                2.7514909381e-19,
                3.26358578912e-19,
                3.67328834652e-19,
                6.9542537173e-19,
                8.46116534533e-19,
                1.03543635986e-18,
                1.48394320056e-18,
                1.23990651509e-18,
                2.15362510897e-18,
                2.87667443575e-18,
                3.90359807313e-18,
                4.56290196677e-18,
                4.09002803958e-18,
                3.15766955099e-18,
                5.50267095968e-18,
                7.42475663466e-18,
                7.89675333681e-18,
                1.11018341922e-17,
                1.25498734115e-17,
                1.04138614593e-17,
                1.2210411723e-17,
                1.16455127118e-17,
                1.14136266892e-17,
                9.50322411317e-18,
                8.71771768706e-18,
                6.45826350412e-18,
                4.67017033502e-18,
                2.11053871842e-18,
                9.23914939095e-19,
                2.59815956987e-19,
                2.88834247745e-20
            ],
            "var": [
                0.205581471324,
                16.8011875153,
                50.8062019348,
                61.0855255127,
                258.023529053,
                346.103424072,
                1450.35168457,
                1328.68811035,
                349.558685303,
                1399.02380371,
                8059.47705078,
                7189.04980469,
                4062.27856445,
                3489.1628418,
                3661.97363281,
                4875.24951172,
                5045.06542969,
                8018.51708984,
                5833.76806641,
                5919.59619141,
                9980.97753906,
                1432.84436035,
                594.127807617,
                215.325134277,
                139.589401245,
                120.666023254,
                155.66897583,
                189.993408203,
                226.027053833,
                153.952270508,
                152.07585144,
                64.1265792847,
                28.7959194183,
                10.7120265961,
                2.69409418106,
                0.514640629292,
                0.0449869781733,
                0.00258836220019,
                3.37344608852e-05,
                1.87008435404e-08
            ]
        },
        "erbbands_crest": {
            "dmean": 2.60228157043,
            "dmean2": 4.13984060287,
            "dvar": 6.31894826889,
            "dvar2": 15.5052938461,
            "max": 30.3363800049,
            "mean": 9.92755508423,
            "median": 8.9572467804,
            "min": 2.34628009796,
            "var": 21.2936382294
        },
        "erbbands_flatness_db": {
            "dmean": 0.0160305108875,
            "dmean2": 0.0231442842633,
            "dvar": 0.000272043194855,
            "dvar2": 0.000517613021657,
            "max": 0.447907984257,
            "mean": 0.15919277072,
            "median": 0.145474210382,
            "min": 0.0364929102361,
            "var": 0.00432039937004
        },
        "erbbands_kurtosis": {
            "dmean": 1.16702783108,
            "dmean2": 1.80446612835,
            "dvar": 4.45819044113,
            "dvar2": 10.300994873,
            "max": 56.447971344,
            "mean": 1.569622159,
            "median": 0.231069013476,
            "min": -1.85922908783,
            "var": 21.5834674835
        },
        "erbbands_skewness": {
            "dmean": 0.371110916138,
            "dmean2": 0.563924431801,
            "dvar": 0.152453422546,
            "dvar2": 0.32399943471,
            "max": 6.43832492828,
            "mean": 0.638140320778,
            "median": 0.510509610176,
            "min": -4.16419363022,
            "var": 0.966556310654
        },
        "erbbands_spread": {
            "dmean": 8.19205379486,
            "dmean2": 12.1215934753,
            "dvar": 111.258415222,
            "dvar2": 230.673492432,
            "max": 175.705795288,
            "mean": 38.7769050598,
            "median": 34.2430000305,
            "min": 1.20570003986,
            "var": 554.025634766
        },
        "gfcc": {
            "cov": [
                [
                    29342.7890625,
                    -2963.18115234,
                    -2817.93530273,
                    2455.35229492,
                    -94.6456985474,
                    1781.515625,
                    315.981811523,
                    1134.4510498,
                    729.846069336,
                    920.358215332,
                    -16.5075244904,
                    669.791564941,
                    -45.5531806946
                ],
                [
                    -2963.18115234,
                    2229.08569336,
                    142.502578735,
                    -479.728790283,
                    337.672546387,
                    -428.703369141,
                    71.0018768311,
                    -264.024688721,
                    -96.6632080078,
                    -201.131622314,
                    81.8865356445,
                    -285.111083984,
                    51.2094230652
                ],
                [
                    -2817.93530273,
                    142.502578735,
                    885.182495117,
                    -59.934627533,
                    25.283700943,
                    14.0027856827,
                    10.0195579529,
                    -91.4879608154,
                    -38.3120346069,
                    -52.9516220093,
                    28.9836521149,
                    6.36727333069,
                    -39.6867256165
                ],
                [
                    2455.35229492,
                    -479.728790283,
                    -59.934627533,
                    721.008300781,
                    106.487876892,
                    179.00894165,
                    56.3126678467,
                    195.088150024,
                    173.342559814,
                    124.633369446,
                    53.4010505676,
                    132.020004272,
                    33.3472976685
                ],
                [
                    -94.6456985474,
                    337.672546387,
                    25.283700943,
                    106.487876892,
                    338.363616943,
                    36.1661834717,
                    120.467079163,
                    37.8170089722,
                    80.6885528564,
                    32.4736595154,
                    69.8764648438,
                    7.23776102066,
                    40.1460838318
                ],
                [
                    1781.515625,
                    -428.703369141,
                    14.0027856827,
                    179.00894165,
                    36.1661834717,
                    535.869506836,
                    199.757278442,
                    111.284065247,
                    123.341949463,
                    150.962692261,
                    32.6569480896,
                    114.072662354,
                    -23.1982517242
                ],
                [
                    315.981811523,
                    71.0018768311,
                    10.0195579529,
                    56.3126678467,
                    120.467079163,
                    199.757278442,
                    275.949157715,
                    39.455947876,
                    65.869644165,
                    86.5802841187,
                    61.1335220337,
                    39.4642906189,
                    2.04551196098
                ],
                [
                    1134.4510498,
                    -264.024688721,
                    -91.4879608154,
                    195.088150024,
                    37.8170089722,
                    111.284065247,
                    39.455947876,
                    219.862594604,
                    97.494934082,
                    78.1851730347,
                    27.0530128479,
                    62.0829238892,
                    12.0287256241
                ],
                [
                    729.846069336,
                    -96.6632080078,
                    -38.3120346069,
                    173.342559814,
                    80.6885528564,
                    123.341949463,
                    65.869644165,
                    97.494934082,
                    187.417953491,
                    82.5667648315,
                    31.2314472198,
                    46.1744270325,
                    27.6098976135
                ],
                [
                    920.358215332,
                    -201.131622314,
                    -52.9516220093,
                    124.633369446,
                    32.4736595154,
                    150.962692261,
                    86.5802841187,
                    78.1851730347,
                    82.5667648315,
                    162.44631958,
                    44.2718200684,
                    61.3205986023,
                    18.8887672424
                ],
                [
                    -16.5075244904,
                    81.8865356445,
                    28.9836521149,
                    53.4010505676,
                    69.8764648438,
                    32.6569480896,
                    61.1335220337,
                    27.0530128479,
                    31.2314472198,
                    44.2718200684,
                    118.517227173,
                    41.1557807922,
                    22.1253871918
                ],
                [
                    669.791564941,
                    -285.111083984,
                    6.36727333069,
                    132.020004272,
                    7.23776102066,
                    114.072662354,
                    39.4642906189,
                    62.0829238892,
                    46.1744270325,
                    61.3205986023,
                    41.1557807922,
                    165.400390625,
                    22.0243110657
                ],
                [
                    -45.5531806946,
                    51.2094230652,
                    -39.6867256165,
                    33.3472976685,
                    40.1460838318,
                    -23.1982517242,
                    2.04551196098,
                    12.0287256241,
                    27.6098976135,
                    18.8887672424,
                    22.1253871918,
                    22.0243110657,
                    95.1852645874
                ]
            ],
            "icov": [
                [
                    0.00012103102199,
                    -9.09403388505e-05,
                    0.000364244595403,
                    -0.000336565863108,
                    0.000117131763545,
                    -0.000347841647454,
                    0.000189837592188,
                    -0.000114675705845,
                    0.000120911936392,
                    -0.000236637089984,
                    0.000167351550772,
                    -0.000183116892003,
                    0.000268221105216
                ],
                [
                    -9.09403388505e-05,
                    0.00124150211923,
                    -0.00030589371454,
                    0.000711494882125,
                    -0.00109191937372,
                    0.000814964179881,
                    -0.000720460491721,
                    0.000707174302079,
                    -0.000401345489081,
                    0.000940823811106,
                    -0.00112230831292,
                    0.00147388281766,
                    -0.000653419236187
                ],
                [
                    0.000364244595403,
                    -0.00030589371454,
                    0.00236722361296,
                    -0.00103262474295,
                    0.000217086009798,
                    -0.00125653087161,
                    0.000671063433401,
                    0.000225765703362,
                    0.000354058342054,
                    -0.00024100234441,
                    2.34237063523e-06,
                    -0.000851941877045,
                    0.00138861045707
                ],
                [
                    -0.000336565863108,
                    0.000711494882125,
                    -0.00103262474295,
                    0.00332792056724,
                    -0.00117374758702,
                    0.00106877274811,
                    -0.000279822037555,
                    -0.000508020573761,
                    -0.00145286100451,
                    0.000571749114897,
                    -0.000822169822641,
                    5.29591670784e-05,
                    -0.000827745301649
                ],
                [
                    0.000117131763545,
                    -0.00109191937372,
                    0.000217086009798,
                    -0.00117374758702,
                    0.00540056684986,
                    -0.000335830613039,
                    -0.00123938987963,
                    -0.000706784427166,
                    -0.000921645783819,
                    3.44802610925e-05,
                    -0.000558656000067,
                    -0.000406444858527,
                    -0.00061405467568
                ],
                [
                    -0.000347841647454,
                    0.000814964179881,
                    -0.00125653087161,
                    0.00106877274811,
                    -0.000335830613039,
                    0.00499849487096,
                    -0.00293647288345,
                    0.000268530333415,
                    -0.00146742793731,
                    -0.000629877846222,
                    0.000116838535178,
                    -0.000272908830084,
                    0.000472409272334
                ],
                [
                    0.000189837592188,
                    -0.000720460491721,
                    0.000671063433401,
                    -0.000279822037555,
                    -0.00123938987963,
                    -0.00293647288345,
                    0.00719443289563,
                    -5.62057284696e-05,
                    0.00035140188993,
                    -0.00218252558261,
                    -0.000953457842115,
                    -0.000642987724859,
                    0.00121742708143
                ],
                [
                    -0.000114675705845,
                    0.000707174302079,
                    0.000225765703362,
                    -0.000508020573761,
                    -0.000706784427166,
                    0.000268530333415,
                    -5.62057284696e-05,
                    0.00779166538268,
                    -0.00224409415387,
                    -0.000457024463685,
                    -0.00102472887374,
                    4.06842700613e-05,
                    0.000187284502317
                ],
                [
                    0.000120911936392,
                    -0.000401345489081,
                    0.000354058342054,
                    -0.00145286100451,
                    -0.000921645783819,
                    -0.00146742793731,
                    0.00035140188993,
                    -0.00224409415387,
                    0.00962443090975,
                    -0.00245728855953,
                    0.000762482115533,
                    -2.52805257333e-05,
                    -0.00123793678358
                ],
                [
                    -0.000236637089984,
                    0.000940823811106,
                    -0.00024100234441,
                    0.000571749114897,
                    3.44802610925e-05,
                    -0.000629877846222,
                    -0.00218252558261,
                    -0.000457024463685,
                    -0.00245728855953,
                    0.0122986938804,
                    -0.00321860425174,
                    0.000461002113298,
                    -0.00206992216408
                ],
                [
                    0.000167351550772,
                    -0.00112230831292,
                    2.34237063523e-06,
                    -0.000822169822641,
                    -0.000558656000067,
                    0.000116838535178,
                    -0.000953457842115,
                    -0.00102472887374,
                    0.000762482115533,
                    -0.00321860425174,
                    0.0129475146532,
                    -0.00359160010703,
                    -0.000374026276404
                ],
                [
                    -0.000183116892003,
                    0.00147388281766,
                    -0.000851941877045,
                    5.29591670784e-05,
                    -0.000406444858527,
                    -0.000272908830084,
                    -0.000642987724859,
                    4.06842700613e-05,
                    -2.52805257333e-05,
                    0.000461002113298,
                    -0.00359160010703,
                    0.0107765644789,
                    -0.00288357329555
                ],
                [
                    0.000268221105216,
                    -0.000653419236187,
                    0.00138861045707,
                    -0.000827745301649,
                    -0.00061405467568,
                    0.000472409272334,
                    0.00121742708143,
                    0.000187284502317,
                    -0.00123793678358,
                    -0.00206992216408,
                    -0.000374026276404,
                    -0.00288357329555,
                    0.0137029793113
                ]
            ],
            "mean": [
                -36.6952438354,
                98.9940795898,
                -90.9904403687,
                20.8546161652,
                -53.4178962708,
                11.7828960419,
                -39.8840522766,
                5.03854179382,
                -23.526550293,
                3.05318379402,
                -21.2019996643,
                -1.17757880688,
                -9.07091522217
            ]
        },
        "hfc": {
            "dmean": 5.42368984222,
            "dmean2": 8.01510620117,
            "dvar": 101.16973877,
            "dvar2": 242.269134521,
            "max": 224.380081177,
            "mean": 21.5038776398,
            "median": 14.7880496979,
            "min": 1.07474835835e-16,
            "var": 471.061767578
        },
        "melbands": {
            "dmean": [
                0.00215844926424,
                0.00186354562175,
                0.000722002238035,
                0.000463792152004,
                0.000365707732271,
                0.000235295010498,
                9.6502044471e-05,
                0.000123085235828,
                0.000200825146749,
                0.00014110027405,
                7.61218907428e-05,
                5.37409905519e-05,
                4.69030455861e-05,
                5.47928211745e-05,
                3.72122303816e-05,
                4.27870290878e-05,
                3.83074693673e-05,
                3.40759143e-05,
                2.52096197073e-05,
                2.51199144259e-05,
                2.47127936746e-05,
                1.11610552267e-05,
                8.81400410435e-06,
                6.38243500362e-06,
                3.44292243426e-06,
                3.14820226777e-06,
