{
    "lowlevel": {
        "average_loudness": 0.834261655807,
        "barkbands": {
            "dmean": [
                8.89230504981e-05,
                0.00653960648924,
                0.00136333797127,
                0.0012217645999,
                0.00134520896245,
                0.000896816840395,
                0.000962894642726,
                0.00104223098606,
                0.00110091397073,
                0.00164728530217,
                0.00114699150436,
                0.00049137143651,
                0.000489694590215,
                0.000468184502097,
                0.0002880890097,
                0.000250321783824,
                0.000169540086063,
                0.00014819430362,
                8.53955425555e-05,
                0.000112465444545,
                7.38835005905e-05,
                5.89583796682e-05,
                5.75065932935e-05,
                7.05969432602e-05,
                3.73212969862e-05,
                1.21466755445e-05,
                5.24208280694e-06
            ],
            "dmean2": [
                0.000138289731694,
                0.0102532356977,
                0.0024469459895,
                0.00217423168942,
                0.00230692699552,
                0.00148615392391,
                0.00155845296104,
                0.00164423917886,
                0.0016983874375,
                0.00251304358244,
                0.00177403027192,
                0.000782032264397,
                0.000776921049692,
                0.000752643099986,
                0.00046386194299,
                0.000397346564569,
                0.000267174909823,
                0.000231354802963,
                0.000133596549858,
                0.000171495004906,
                0.000116314709885,
                8.79486324266e-05,
                8.43782763695e-05,
                0.000102664787846,
                5.35916879016e-05,
                1.81239029189e-05,
                8.24442122394e-06
            ],
            "dvar": [
                1.00875752196e-07,
                0.000457404443296,
                1.78235495696e-05,
                1.58919265232e-05,
                1.19350370369e-05,
                4.03357580581e-06,
                5.08579523739e-06,
                5.10437348566e-06,
                6.71064162816e-06,
                1.7291333279e-05,
                9.57572683546e-06,
                2.47432785727e-06,
                2.23197071136e-06,
                1.42615647292e-06,
                4.11790949784e-07,
                5.65786649531e-07,
                1.48422188317e-07,
                1.03186522438e-07,
                3.40809691579e-08,
                5.58988801913e-08,
                4.97069585492e-08,
                2.4301014534e-08,
                2.10543920076e-08,
                3.16817612145e-08,
                1.29448247677e-08,
                1.61219670947e-09,
                5.60517965376e-10
            ],
            "dvar2": [
                2.15383664681e-07,
                0.00106226094067,
                5.13417289767e-05,
                4.34344146925e-05,
                3.24776628986e-05,
                1.08862841444e-05,
                1.32906407089e-05,
                1.23846957649e-05,
                1.56931528181e-05,
                3.88155531255e-05,
                2.08441251743e-05,
                5.93299364482e-06,
                5.25752648173e-06,
                3.4802353639e-06,
                9.68084350461e-07,
                1.25833219045e-06,
                3.50232483015e-07,
                2.32595624539e-07,
                8.0397839497e-08,
                1.27845027009e-07,
                1.32882831849e-07,
                5.66337590158e-08,
                4.41929373096e-08,
                6.73984246191e-08,
                2.64681681017e-08,
                3.63516772239e-09,
                1.43885625636e-09
            ],
            "max": [
                0.00795135647058,
                0.253254711628,
                0.044222343713,
                0.0691174715757,
                0.0592350773513,
                0.0380675643682,
                0.0457289516926,
                0.0527235642076,
                0.0699863731861,
                0.091070458293,
                0.0963694602251,
                0.0555686354637,
                0.0437422059476,
                0.0393559746444,
                0.0139918839559,
                0.0275803823024,
                0.0168400108814,
                0.00644495105371,
                0.00640101730824,
                0.00688838027418,
                0.00497510842979,
                0.00287663727067,
                0.00389214768074,
                0.00282853329554,
                0.00310128973797,
                0.000958494667429,
                0.000394221715396
            ],
            "mean": [
                0.000115647744678,
                0.0076934765093,
                0.0019827412907,
                0.00118936703075,
                0.00174964254256,
                0.0015247563133,
                0.0016925240634,
                0.00181096675806,
                0.00209032930434,
                0.00285557913594,
                0.00221047503874,
                0.000821973604616,
                0.000781507638749,
                0.000808329030406,
                0.000436842354247,
                0.000390806701034,
                0.000294352736091,
                0.000261145527475,
                0.000158074952196,
                0.000222336588195,
                0.000120761818835,
                9.64877181104e-05,
                9.95153532131e-05,
                0.0001135497223,
                5.6761167798e-05,
                1.70714192791e-05,
                4.75881188322e-06
            ],
            "median": [
                6.23535424893e-06,
                0.002307447372,
                0.000927327782847,
                0.000306844594888,
                0.000799087691121,
                0.000729773426428,
                0.000508290424477,
                0.000451044383226,
                0.000409243482864,
                0.000607515219599,
                0.000380165234674,
                0.000211459424463,
                0.00022843228362,
                0.000237017447944,
                0.000172258529346,
                0.000143175464473,
                0.000121431643493,
                0.000106940533442,
                7.81022608862e-05,
                0.000113776615763,
                6.00420025876e-05,
                3.91241774196e-05,
                3.00787905871e-05,
                3.01453364955e-05,
                1.38609184432e-05,
                4.66373057861e-06,
                2.68287493554e-07
            ],
            "min": [
                2.80442418389e-25,
                2.57187942751e-24,
                4.12980590752e-25,
                8.63158684896e-25,
                1.39567101509e-23,
                9.97025678663e-24,
                9.71039180495e-24,
                1.73583320168e-23,
                2.66268134089e-23,
                2.09310956783e-23,
                2.65225039092e-23,
                1.88721592493e-23,
                1.17898465061e-23,
                3.07640827788e-23,
                5.21346560228e-23,
                3.89415884717e-23,
                7.54368056804e-23,
                1.03783070805e-22,
                1.44954314672e-22,
                1.75329612087e-22,
                2.17359780329e-22,
                2.95010148642e-22,
                4.51524696077e-22,
                6.16001563727e-22,
                9.31532395273e-22,
                1.31771901161e-21,
                1.89624349767e-21
            ],
            "var": [
                1.68744264784e-07,
                0.00046701534302,
                1.56678543135e-05,
                1.22688379633e-05,
                1.00355846371e-05,
                5.47038689547e-06,
                1.40110196298e-05,
                1.42345306813e-05,
                2.92805398203e-05,
                3.9291819121e-05,
                3.07022564812e-05,
                5.02158900417e-06,
                3.81826203011e-06,
                3.34231435772e-06,
                6.38688220533e-07,
                9.85178871815e-07,
                3.05372140019e-07,
                2.15375393964e-07,
                6.92602597496e-08,
                1.16492508084e-07,
                4.80797019975e-08,
                3.4752869027e-08,
                4.31377706889e-08,
                6.61051302586e-08,
                2.2571343905e-08,
                2.15510387314e-09,
                4.72761829684e-10
            ]
        },
        "barkbands_crest": {
            "dmean": 2.9024283886,
            "dmean2": 4.65699958801,
            "dvar": 9.15992736816,
            "dvar2": 21.7614440918,
            "max": 26.9483451843,
            "mean": 10.5254077911,
            "median": 9.40086364746,
            "min": 2.44977521896,
            "var": 22.0733776093
        },
        "barkbands_flatness_db": {
            "dmean": 0.021302362904,
            "dmean2": 0.0310991387814,
            "dvar": 0.000466921570478,
            "dvar2": 0.000955024675932,
            "max": 0.59927791357,
            "mean": 0.135536924005,
            "median": 0.129429116845,
            "min": 0.015807852149,
            "var": 0.00261951843277
        },
        "barkbands_kurtosis": {
            "dmean": 4.36273241043,
            "dmean2": 5.98910999298,
            "dvar": 2845.87182617,
            "dvar2": 3651.86962891,
            "max": 7380.13671875,
            "mean": 9.22734546661,
            "median": 1.27829647064,
            "min": -1.92432630062,
            "var": 21702.8203125
        },
        "barkbands_skewness": {
            "dmean": 0.548897147179,
            "dmean2": 0.800569474697,
            "dvar": 0.679008722305,
            "dvar2": 1.20971083641,
            "max": 83.6622390747,
            "mean": 1.18740582466,
            "median": 0.937333106995,
            "min": -3.97503972054,
            "var": 6.70377731323
        },
        "barkbands_spread": {
            "dmean": 5.2623257637,
            "dmean2": 7.8358631134,
            "dvar": 46.1221160889,
            "dvar2": 87.6192932129,
            "max": 116.414108276,
            "mean": 20.3579483032,
            "median": 18.152545929,
            "min": 0.0736876055598,
            "var": 163.080810547
        },
        "dissonance": {
            "dmean": 0.0227450989187,
            "dmean2": 0.0383453816175,
            "dvar": 0.000495554704685,
            "dvar2": 0.00138354231603,
            "max": 0.5,
            "mean": 0.456652373075,
            "median": 0.463493168354,
            "min": 0.23990470171,
            "var": 0.00096123322146
        },
        "dynamic_complexity": 4.16606473923,
        "erbbands": {
            "dmean": [
                0.170112192631,
                1.52923250198,
                1.67352414131,
                2.94120788574,
                4.65137195587,
                4.32479953766,
                4.83186197281,
                8.57070732117,
                12.3155813217,
                17.8091850281,
                21.7160358429,
                25.2817783356,
                40.7249488831,
                52.7719612122,
                30.4394607544,
                19.7689056396,
                21.4219245911,
                24.3139190674,
                15.1402492523,
                15.597070694,
                11.4956941605,
                8.46481990814,
                7.89888477325,
                5.42434978485,
                4.18631505966,
                5.25132703781,
                3.36028194427,
                2.7703807354,
                2.32398557663,
                1.62835097313,
                1.73946118355,
                1.33023846149,
                1.24338388443,
                0.558414340019,
                0.20473729074,
                0.0816190615296,
                0.0158828627318,
                0.00647331681103,
                0.000707700208295,
                4.83032526972e-05
            ],
            "dmean2": [
                0.276442408562,
                2.38511347771,
                2.76184082031,
                5.32096147537,
                8.13925743103,
                7.44188928604,
                7.78753471375,
                14.3324232101,
                20.2465553284,
                28.2244796753,
                33.6971054077,
                38.4075012207,
                62.2912406921,
                79.5156478882,
                46.866569519,
                31.1907329559,
                33.8971405029,
                38.439704895,
                24.3461875916,
                24.7703304291,
                18.0125732422,
                13.1825590134,
                12.2761774063,
                8.36014652252,
                6.44365882874,
                8.0221118927,
                5.195104599,
                4.28778743744,
                3.52002692223,
                2.45512628555,
                2.56263971329,
                1.94878232479,
                1.82369089127,
                0.814927875996,
                0.293126225471,
                0.120394989848,
                0.0239072684199,
                0.01014431566,
                0.00110317650251,
                7.40591203794e-05
            ],
            "dvar": [
                0.350288450718,
                24.0811691284,
                22.2739696503,
                92.6868591309,
                182.77116394,
                119.453132629,
                84.5239944458,
                454.263244629,
                1009.45025635,
                1552.05566406,
                2335.46655273,
                3801.18115234,
                11461.9345703,
                19009.1699219,
                5992.921875,
                3742.37817383,
                4066.7434082,
                4132.60888672,
                1033.63720703,
                1673.19445801,
                984.006896973,
                362.069885254,
                261.718292236,
                186.944442749,
                85.7817230225,
                114.110305786,
                110.470176697,
                70.9041976929,
                44.8639526367,
                14.7711372375,
                19.9287204742,
                12.5855550766,
                11.6776075363,
                2.87160110474,
                0.405278503895,
                0.068292312324,
                0.00311252474785,
                0.000791826052591,
                9.32110469876e-06,
                3.53813867093e-08
            ],
            "dvar2": [
                0.851087749004,
                55.1810150146,
                55.5063247681,
                260.678344727,
                489.912475586,
                332.211700439,
                211.356018066,
                1244.35058594,
                2730.56616211,
                3874.61157227,
                5307.75537109,
                8488.79101562,
                24890.6660156,
                43640.03125,
                13178.1777344,
                9366.85058594,
                9440.26074219,
                9914.83984375,
                2636.32861328,
                3741.15698242,
                2369.76879883,
                865.334899902,
                593.554504395,
                430.442657471,
                196.863952637,
                246.184020996,
                295.303985596,
                181.679229736,
                109.010383606,
                33.9796333313,
                41.5574035645,
                26.1353931427,
                26.1546611786,
                6.11683177948,
                0.837417960167,
                0.149487555027,
                0.00713024893776,
                0.00205579167232,
                2.33119535551e-05,
                8.8925830255e-08
            ],
            "max": [
                7.08894109726,
                60.6263847351,
                51.6178627014,
                156.769104004,
                234.558929443,
                202.765777588,
                126.940299988,
                408.549743652,
                677.419372559,
                952.680969238,
                1436.9942627,
                2061.76635742,
                3106.50341797,
                3183.24389648,
                2046.52124023,
                1972.75512695,
                1820.38012695,
                2244.46069336,
                633.284667969,
                1164.8770752,
                1061.3190918,
                601.308654785,
                306.536865234,
                417.524536133,
                364.927429199,
                328.606506348,
                323.741394043,
                152.879348755,
                123.774360657,
                84.1610107422,
                110.285011292,
                79.5262298584,
                76.5425949097,
                51.437210083,
                22.2185459137,
                6.88120603561,
                1.52609992027,
                0.460920512676,
                0.0590412504971,
                0.0048868637532
            ],
            "mean": [
                0.179326280951,
                1.84341025352,
                2.88152170181,
                3.07356619835,
                4.90734577179,
                5.73795747757,
                8.33742237091,
                13.7934036255,
                20.7435321808,
                33.2291946411,
                41.9270477295,
                50.9787483215,
                76.2093811035,
                101.638183594,
                59.1011734009,
                36.4294013977,
                37.2324829102,
                44.8197288513,
                25.671661377,
                25.2166976929,
                19.6495742798,
                15.6547355652,
                14.9375104904,
                10.4505844116,
                8.44275474548,
                10.3196125031,
                6.09114027023,
                4.46877002716,
                3.59633302689,
                2.85930395126,
                2.966537714,
                2.22211670876,
                1.8988019228,
                0.817926764488,
                0.312780618668,
                0.119450688362,
                0.0219343248755,
                0.0064612608403,
                0.000663957791403,
                6.7161883635e-05
            ],
            "median": [
                0.0374201200902,
                0.563368439674,
                1.46263098717,
                1.08316290379,
                1.70503234863,
                2.58799338341,
                3.92821764946,
                6.24055671692,
                7.50844287872,
                9.77325534821,
                11.3470287323,
                11.9507827759,
                19.0501899719,
                23.1669979095,
                17.6216659546,
                12.3875074387,
                13.0757474899,
                16.2248954773,
                11.6171121597,
                11.0195760727,
                8.50717639923,
                6.77115869522,
                6.70546388626,
                4.89660978317,
                4.59313249588,
                5.40454292297,
                3.14732956886,
                1.96966362,
                1.40619599819,
                1.17078781128,
                0.800116837025,
                0.568363964558,
                0.47294563055,
                0.193170696497,
                0.0781117975712,
                0.0319588929415,
                0.00620705354959,
                0.000750280509237,
                6.41462975182e-05,
                3.19972459693e-05
            ],
            "min": [
                2.10462081548e-22,
                6.33436323744e-22,
                1.99967237624e-21,
                2.77488298382e-21,
                1.18829212508e-20,
                3.58445729129e-20,
                7.31291121759e-20,
                1.27770698887e-19,
                9.80652019867e-20,
                2.88580878446e-19,
                4.39967751842e-19,
                7.00999276589e-19,
                7.58544939335e-19,
                9.06449434052e-19,
                1.13130752343e-18,
                1.51236212788e-18,
                8.88981240671e-19,
                1.65339270001e-18,
                2.82539544162e-18,
                3.15738541445e-18,
                4.77963321343e-18,
                5.34001747275e-18,
                6.23432503278e-18,
                7.31558120152e-18,
                9.27221572914e-18,
                8.94541569428e-18,
                1.0363816205e-17,
                8.95211089416e-18,
                1.03609384437e-17,
                1.24083891308e-17,
                1.2731096276e-17,
                1.21712513384e-17,
                1.07970379888e-17,
                9.0105098454e-18,
                6.48556005074e-18,
                4.72933939141e-18,
                2.39081335935e-18,
                9.69591645725e-19,
                2.45147589034e-19,
                2.89383676617e-20
            ],
            "var": [
                0.336787670851,
                25.0662899017,
                26.9785938263,
                67.5063323975,
                142.228866577,
                102.178062439,
                150.4193573,
                555.988098145,
                1599.86669922,
                4719.54589844,
                9098.60058594,
                18743.2246094,
                31889.6835938,
                53139.453125,
                16232.2910156,
                8096.61083984,
                7310.49658203,
                9934.71972656,
                1690.42626953,
                2784.23852539,
                1633.55969238,
                728.213989258,
                608.082885742,
                370.331481934,
                177.570526123,
                244.344955444,
                117.079193115,
                75.9724655151,
                55.3419914246,
                25.6300754547,
                41.157207489,
                28.2858219147,
                20.42552948,
                4.71094799042,
                0.698219954967,
                0.101332582533,
                0.00387879437767,
                0.000674320850521,
                8.13474071037e-06,
                3.08898435719e-08
            ]
        },
        "erbbands_crest": {
            "dmean": 3.08027935028,
            "dmean2": 4.86561870575,
            "dvar": 8.39649677277,
            "dvar2": 19.1223621368,
            "max": 33.092502594,
            "mean": 11.2630491257,
            "median": 9.91176700592,
            "min": 1.75508821011,
            "var": 32.1030464172
        },
        "erbbands_flatness_db": {
            "dmean": 0.0196801926941,
            "dmean2": 0.0279476866126,
            "dvar": 0.000366265128832,
            "dvar2": 0.000691237044521,
            "max": 0.371591031551,
            "mean": 0.170356184244,
            "median": 0.169014766812,
            "min": 0.0227198414505,
            "var": 0.00223430222832
        },
        "erbbands_kurtosis": {
            "dmean": 1.39282345772,
            "dmean2": 2.1668920517,
            "dvar": 4.92575454712,
            "dvar2": 11.1680555344,
            "max": 76.667175293,
            "mean": 1.79072034359,
            "median": 0.659356355667,
            "min": -1.80522692204,
            "var": 15.1309213638
        },
        "erbbands_skewness": {
            "dmean": 0.406028658152,
            "dmean2": 0.617104589939,
            "dvar": 0.148006826639,
            "dvar2": 0.331268519163,
            "max": 7.83586645126,
            "mean": 0.585605561733,
            "median": 0.565692842007,
            "min": -3.31870412827,
            "var": 0.727951288223
        },
        "erbbands_spread": {
            "dmean": 7.29208993912,
            "dmean2": 10.835723877,
            "dvar": 72.1585845947,
            "dvar2": 157.054672241,
            "max": 159.612106323,
            "mean": 30.0541706085,
            "median": 26.5360393524,
            "min": 1.60803234577,
            "var": 322.484771729
        },
        "gfcc": {
            "cov": [
                [
                    17220.1171875,
                    537.938476562,
                    -782.943054199,
                    240.692871094,
                    -450.521972656,
                    287.375732422,
                    -276.873779297,
                    81.8037185669,
                    -233.541091919,
                    1.28936386108,
                    -153.424331665,
                    -65.8600845337,
                    -232.966766357
                ],
                [
                    537.938476562,
                    1251.75524902,
                    -97.1788787842,
                    84.4498291016,
                    232.958099365,
                    43.9340438843,
                    210.648788452,
                    -85.3635025024,
                    11.970746994,
                    -60.3345146179,
                    54.3955993652,
                    -86.32837677,
                    -13.420085907
                ],
                [
                    -782.943054199,
                    -97.1788787842,
                    767.084533691,
                    236.45274353,
                    103.38368988,
                    93.4585342407,
                    21.0559463501,
                    39.2360572815,
                    42.8492622375,
                    -13.3310947418,
                    -31.198135376,
                    -13.5287866592,
                    -31.1774673462
                ],
                [
                    240.692871094,
                    84.4498291016,
                    236.45274353,
                    425.265472412,
                    113.404953003,
                    4.61650705338,
                    -28.5438308716,
                    2.87611222267,
                    44.4937438965,
                    -20.1698493958,
                    -21.9207439423,
                    -35.0507545471,
                    -10.5760335922
                ],
                [
                    -450.521972656,
                    232.958099365,
                    103.38368988,
                    113.404953003,
                    296.834503174,
                    88.2479400635,
                    119.12335968,
                    -8.51617527008,
                    22.1716003418,
                    -18.6970348358,
                    22.1185665131,
                    -6.84961462021,
                    15.4997243881
                ],
                [
                    287.375732422,
                    43.9340438843,
                    93.4585342407,
                    4.61650705338,
                    88.2479400635,
                    275.0987854,
                    132.359649658,
                    13.106098175,
                    -8.67474746704,
                    -10.4957151413,
                    23.512090683,
                    -7.89268684387,
                    -11.7673501968
                ],
                [
                    -276.873779297,
                    210.648788452,
                    21.0559463501,
                    -28.5438308716,
                    119.12335968,
                    132.359649658,
                    255.648178101,
                    6.21144342422,
                    10.4358100891,
                    -11.350025177,
                    30.3269538879,
                    -6.48957300186,
                    -3.59648799896
                ],
                [
                    81.8037185669,
                    -85.3635025024,
                    39.2360572815,
                    2.87611222267,
                    -8.51617527008,
                    13.106098175,
                    6.21144342422,
                    132.929000854,
                    37.0455970764,
                    19.1342697144,
                    -4.9162106514,
                    6.08630371094,
                    -1.24347138405
                ],
                [
                    -233.541091919,
                    11.970746994,
                    42.8492622375,
                    44.4937438965,
                    22.1716003418,
                    -8.67474746704,
                    10.4358100891,
                    37.0455970764,
                    136.734527588,
                    31.3754310608,
                    7.66848039627,
                    -5.61542272568,
                    4.25781106949
                ],
                [
                    1.28936386108,
                    -60.3345146179,
                    -13.3310947418,
                    -20.1698493958,
                    -18.6970348358,
                    -10.4957151413,
                    -11.350025177,
                    19.1342697144,
                    31.3754310608,
                    114.493164062,
                    30.6274032593,
                    3.61046433449,
                    -2.31044077873
                ],
                [
                    -153.424331665,
                    54.3955993652,
                    -31.198135376,
                    -21.9207439423,
                    22.1185665131,
                    23.512090683,
                    30.3269538879,
                    -4.9162106514,
                    7.66848039627,
                    30.6274032593,
                    106.883331299,
                    27.5535583496,
                    6.83281850815
                ],
                [
                    -65.8600845337,
                    -86.32837677,
                    -13.5287866592,
                    -35.0507545471,
                    -6.84961462021,
                    -7.89268684387,
                    -6.48957300186,
                    6.08630371094,
                    -5.61542272568,
                    3.61046433449,
                    27.5535583496,
                    99.0039291382,
                    34.0061416626
                ],
                [
                    -232.966766357,
                    -13.420085907,
                    -31.1774673462,
                    -10.5760335922,
                    15.4997243881,
                    -11.7673501968,
                    -3.59648799896,
                    -1.24347138405,
                    4.25781106949,
                    -2.31044077873,
                    6.83281850815,
                    34.0061416626,
                    90.986541748
                ]
            ],
            "icov": [
                [
                    8.9262786787e-05,
                    -0.000106789011625,
                    0.000141906450153,
                    -0.000162460986758,
                    0.000190289661987,
                    -0.000272961973678,
                    0.000173759268364,
                    -0.000137369614094,
                    0.000144666919368,
                    -0.000108502877993,
                    0.000209343779716,
                    -0.000183353200555,
                    0.000223098279093
                ],
                [
                    -0.000106789011625,
                    0.00139150198083,
                    8.76418780535e-05,
                    4.40330813944e-06,
                    -0.000869587005582,
                    0.000755554647185,
                    -0.00107538537122,
                    0.0007311674417,
                    -0.000313990894938,
                    0.000753128668293,
                    -0.00101019255817,
                    0.00135187327396,
                    -0.000219889014261
                ],
                [
                    0.000141906450153,
                    8.76418780535e-05,
                    0.00201555457897,
                    -0.00115680729505,
                    -5.49760225113e-05,
                    -0.000935701013077,
                    0.000216606204049,
                    -0.000436997273937,
                    -4.61549134343e-05,
                    -7.56922163418e-05,
                    0.000748528633267,
                    -0.000541995163076,
                    0.000969993532635
                ],
                [
                    -0.000162460986758,
                    4.40330813944e-06,
                    -0.00115680729505,
                    0.00380045501515,
                    -0.00165545614436,
                    0.000604505825322,
                    0.000916548073292,
                    0.000293799152132,
                    -0.00108163582627,
                    0.000679318909533,
                    -0.000222028975259,
                    0.00114157015923,
                    -0.00031164669781
                ],
                [
                    0.000190289661987,
                    -0.000869587005582,
                    -5.49760225113e-05,
                    -0.00165545614436,
                    0.00595726678148,
                    -0.00131736753974,
                    -0.00139368372038,
                    -1.5639272533e-05,
                    2.31750454986e-05,
                    -6.05905952398e-05,
                    7.14868219802e-05,
                    -0.000742055184674,
                    -0.00082345539704
                ],
                [
                    -0.000272961973678,
                    0.000755554647185,
                    -0.000935701013077,
                    0.000604505825322,
                    -0.00131736753974,
                    0.00625714473426,
                    -0.00315206148662,
                    1.75141249201e-05,
                    0.00040057869046,
                    0.000738546485081,
                    -0.00169953354634,
                    0.0013351785019,
                    -0.00029990792973
                ],
                [
                    0.000173759268364,
                    -0.00107538537122,
                    0.000216606204049,
                    0.000916548073292,
                    -0.00139368372038,
                    -0.00315206148662,
                    0.00739238969982,
                    -0.000892806157935,
                    -0.000346325599821,
                    0.000118836775073,
                    -2.227600271e-05,
                    -0.000572914083023,
                    0.000811831851024
                ],
                [
                    -0.000137369614094,
                    0.0007311674417,
                    -0.000436997273937,
                    0.000293799152132,
                    -1.5639272533e-05,
                    1.75141249201e-05,
                    -0.000892806157935,
                    0.0090620033443,
                    -0.00252539617941,
                    -0.000643731327727,
                    0.000466598721687,
                    -0.0002363686217,
                    -0.000110856315587
                ],
                [
                    0.000144666919368,
                    -0.000313990894938,
                    -4.61549134343e-05,
                    -0.00108163582627,
                    2.31750454986e-05,
                    0.00040057869046,
                    -0.000346325599821,
                    -0.00252539617941,
                    0.00929029844701,
                    -0.00250299880281,
                    5.1109764172e-06,
                    0.000372625101591,
                    -0.000455745583167
                ],
                [
                    -0.000108502877993,
                    0.000753128668293,
                    -7.56922163418e-05,
                    0.000679318909533,
                    -6.05905952398e-05,
                    0.000738546485081,
                    0.000118836775073,
                    -0.000643731327727,
                    -0.00250299880281,
                    0.0111415712163,
                    -0.00402831146494,
                    0.00143681117333,
                    0.000153588145622
                ],
                [
                    0.000209343779716,
                    -0.00101019255817,
                    0.000748528633267,
                    -0.000222028975259,
                    7.14868219802e-05,
                    -0.00169953354634,
                    -2.227600271e-05,
                    0.000466598721687,
                    5.1109764172e-06,
                    -0.00402831146494,
                    0.0130345989019,
                    -0.00472907721996,
                    0.00107731379103
                ],
                [
                    -0.000183353200555,
                    0.00135187327396,
                    -0.000541995163076,
                    0.00114157015923,
                    -0.000742055184674,
                    0.0013351785019,
                    -0.000572914083023,
                    -0.0002363686217,
                    0.000372625101591,
                    0.00143681117333,
                    -0.00472907721996,
                    0.0145625751466,
                    -0.00511844828725
                ],
                [
                    0.000223098279093,
                    -0.000219889014261,
                    0.000969993532635,
                    -0.00031164669781,
                    -0.00082345539704,
                    -0.00029990792973,
                    0.000811831851024,
                    -0.000110856315587,
                    -0.000455745583167,
                    0.000153588145622,
                    0.00107731379103,
                    -0.00511844828725,
                    0.013814994134
                ]
            ],
            "mean": [
                -17.5928401947,
                92.1728820801,
                -123.930671692,
                22.8278636932,
                -60.1331558228,
                19.3237705231,
                -30.7593460083,
                13.2715845108,
                -20.1557731628,
                3.50146269798,
                -12.3947687149,
                -1.52114236355,
                -6.18899059296
            ]
        },
        "hfc": {
            "dmean": 6.55910539627,
            "dmean2": 9.53228664398,
            "dvar": 95.4012908936,
            "dvar2": 213.745834351,
            "max": 138.441757202,
            "mean": 21.197555542,
            "median": 17.241558075,
            "min": 1.04159760638e-16,
            "var": 316.312347412
        },
        "melbands": {
            "dmean": [
                0.00174456229433,
                0.00121069827583,
                0.000558103609364,
                0.000321479514241,
                0.000170586761669,
                0.000189978294657,
                0.000186901568668,
                0.000203118906938,
                0.000179430455319,
                0.00016193659394,
                0.000211059043068,
                0.000222246948397,
                0.000124075668282,
                5.6615248468e-05,
                5.23715352756e-05,
                5.15230203746e-05,
                4.82394789287e-05,
                2.74461963272e-05,
                2.06269814953e-05,
                2.22500093514e-05,
                1.34561796585e-05,
                9.79133528745e-06,
                8.30811677588e-06,
                7.0767264333e-06,
                4.6001755436e-06,
                3.00535657516e-06,
