{
    "lowlevel": {
        "average_loudness": 0.950246453285,
        "barkbands": {
            "dmean": [
                0.000134477522806,
                0.00359741854481,
                0.00197859620675,
                0.00203898106702,
                0.00171800132375,
                0.00119763193652,
                0.000752391002607,
                0.000598027836531,
                0.000727638194803,
                0.000800605281256,
                0.000548193987925,
                0.000681859673932,
                0.00042551534716,
                0.000522205140442,
                0.000364117498975,
                0.000318557227729,
                0.000249339354923,
                0.00015964647173,
                0.000214446379687,
                0.000116004681331,
                8.63719906192e-05,
                7.93885337771e-05,
                6.48705972708e-05,
                7.13398476364e-05,
                6.12363874097e-05,
                2.07637349376e-05,
                2.37738277065e-06
            ],
            "dmean2": [
                0.000210462836549,
                0.00536098657176,
                0.00336074340157,
                0.00322105479427,
                0.00277666863985,
                0.00180655589793,
                0.00113402609713,
                0.000902668805793,
                0.00110627117101,
                0.00117657228839,
                0.00077588041313,
                0.00103797635529,
                0.000665255589411,
                0.000817971304059,
                0.000562895729672,
                0.000498647161294,
                0.000385309307603,
                0.000250929093454,
                0.000339710444678,
                0.000192487757886,
                0.000147083803313,
                0.000133957117214,
                0.000100209646916,
                0.000105892286228,
                8.87240821612e-05,
                3.09009992634e-05,
                3.60758826901e-06
            ],
            "dvar": [
                2.18561538645e-07,
                9.66523730312e-05,
                2.29469769693e-05,
                2.95072222798e-05,
                1.23521940623e-05,
                5.35661592949e-06,
                2.80760241367e-06,
                1.58149907747e-06,
                3.52356050826e-06,
                5.08410676048e-06,
                2.37476638176e-06,
                2.55541181104e-06,
                1.12649604489e-06,
                1.31726790187e-06,
                7.075499866e-07,
                4.54069663647e-07,
                2.19244654431e-07,
                8.86049491555e-08,
                1.90258560906e-07,
                5.93774736046e-08,
                8.36695690509e-08,
                6.68502480039e-08,
                3.61742280575e-08,
                7.98216603926e-08,
                3.55485347825e-08,
                3.252873082e-09,
                3.5535147741e-11
            ],
            "dvar2": [
                5.24359506926e-07,
                0.0002255540021,
                6.45996042294e-05,
                6.3136620156e-05,
                3.15725810651e-05,
                1.15008006105e-05,
                6.11976520304e-06,
                3.5436808048e-06,
                7.73390365794e-06,
                1.12167035695e-05,
                4.39875384473e-06,
                5.67617826164e-06,
                2.7398380098e-06,
                3.16645082421e-06,
                1.59193598392e-06,
                1.09467362108e-06,
                5.08391735821e-07,
                1.99872104645e-07,
                4.63229156367e-07,
                1.55468143248e-07,
                2.33917845094e-07,
                1.85960431054e-07,
                7.93116967657e-08,
                1.65320187762e-07,
                7.18201889072e-08,
                6.40609698621e-09,
                8.23079313039e-11
            ],
            "max": [
                0.00540582137182,
                0.113363534212,
                0.054931871593,
                0.0876489952207,
                0.0492311418056,
                0.0503900870681,
                0.0321633554995,
                0.0275098551065,
                0.0376670211554,
                0.0700454264879,
                0.0457789450884,
                0.0302097909153,
                0.0193378813565,
                0.0187550839037,
                0.0162194669247,
                0.0154442172498,
                0.00831044185907,
                0.00584870018065,
                0.0104453805834,
                0.0046401321888,
                0.00511482451111,
                0.00461330544204,
                0.00615537539124,
                0.0068828095682,
                0.00464301276952,
                0.0015638275072,
                8.84299151949e-05
            ],
            "mean": [
                0.000167258505826,
                0.00666768709198,
                0.00340924668126,
                0.0028229188174,
                0.00336749386042,
                0.00274875061586,
                0.00163303350564,
                0.00117211893667,
                0.00152164453175,
                0.00153310911264,
                0.00112714024726,
                0.00130387907848,
                0.000702692952473,
                0.00096838810714,
                0.000659446057398,
                0.000633632123936,
                0.00053333491087,
                0.000361508748028,
                0.000443526310846,
                0.000230261706747,
                0.000147830811329,
                0.000135316746309,
                0.000132431421662,
                0.000124169542687,
                0.000122086581541,
                3.8154739741e-05,
                4.3450972953e-06
            ],
            "median": [
                3.07044538204e-05,
                0.00385013222694,
                0.00231788959354,
                0.00112003297545,
                0.0016313502565,
                0.000921982398722,
                0.00050301203737,
                0.000506811775267,
                0.00044415181037,
                0.000438465503976,
                0.000264256610535,
                0.000454715191154,
                0.000290202151518,
                0.000317522644764,
                0.000243506670813,
                0.000302983215079,
                0.000256296130829,
                0.000188643345609,
                0.000241669331444,
                0.000135216774652,
                5.99948834861e-05,
                4.99345551361e-05,
                4.47913334938e-05,
                3.29708673235e-05,
                4.58480208181e-05,
                1.26134382299e-05,
                4.52117149052e-07
            ],
            "min": [
                9.22550425006e-24,
                2.94161435283e-23,
                3.2634279503e-23,
                4.24818605303e-23,
                8.32142042776e-23,
                4.33762016048e-23,
                1.19058750079e-22,
                3.17373067884e-23,
                1.21193483419e-22,
                4.22956010042e-23,
                4.9149297124e-23,
                5.9729935036e-23,
                7.79609018307e-23,
                7.78379720581e-23,
                1.76318427144e-22,
                1.17010652599e-22,
                1.42078241408e-22,
                3.41124584268e-22,
                3.35594379022e-22,
                3.22201111195e-22,
                3.12327046529e-22,
                5.9871432701e-22,
                5.29003509231e-22,
                9.15867056578e-22,
                1.69855722674e-21,
                1.48051990956e-21,
                2.29811635436e-21
            ],
            "var": [
                2.07430105092e-07,
                0.000124472426251,
                1.97586541617e-05,
                4.19909883931e-05,
                2.16977750824e-05,
                1.87462992471e-05,
                8.64536195877e-06,
                3.81559448215e-06,
                1.08836457002e-05,
                1.19267942864e-05,
                8.9287850642e-06,
                6.78395872455e-06,
                1.81167524715e-06,
                3.37570622833e-06,
                1.55454858941e-06,
                1.05754213564e-06,
                6.75704598052e-07,
                2.80009430753e-07,
                4.1270882889e-07,
                1.20095563716e-07,
                1.06542735523e-07,
                7.26991729039e-08,
                9.3870760054e-08,
                1.46399983691e-07,
                7.15261947448e-08,
                6.92105173172e-09,
                7.67106031474e-11
            ]
        },
        "barkbands_crest": {
            "dmean": 2.13514637947,
            "dmean2": 3.28343272209,
            "dvar": 4.60525560379,
            "dvar2": 10.5447721481,
            "max": 26.4720211029,
            "mean": 10.1192398071,
            "median": 9.1016254425,
            "min": 2.15862298012,
            "var": 19.9847717285
        },
        "barkbands_flatness_db": {
            "dmean": 0.0189545955509,
            "dmean2": 0.0278955064714,
            "dvar": 0.000448985869298,
            "dvar2": 0.000917207216844,
            "max": 0.721649467945,
            "mean": 0.165910169482,
            "median": 0.125021457672,
            "min": 0.0144728450105,
            "var": 0.0118382126093
        },
        "barkbands_kurtosis": {
            "dmean": 2.92631363869,
            "dmean2": 4.49557638168,
            "dvar": 83.8622589111,
            "dvar2": 193.178115845,
            "max": 605.436462402,
            "mean": 4.97972679138,
            "median": 1.31552875042,
            "min": -1.92495810986,
            "var": 205.91734314
        },
        "barkbands_skewness": {
            "dmean": 0.474017202854,
            "dmean2": 0.70244538784,
            "dvar": 0.348556935787,
            "dvar2": 0.758827865124,
            "max": 12.13093853,
            "mean": 1.33722102642,
            "median": 1.16191935539,
            "min": -9.309466362,
            "var": 1.76169967651
        },
        "barkbands_spread": {
            "dmean": 4.31845140457,
            "dmean2": 6.52223443985,
            "dvar": 45.5473861694,
            "dvar2": 95.1660385132,
            "max": 111.445724487,
            "mean": 20.6349658966,
            "median": 20.3942661285,
            "min": 0.039297029376,
            "var": 206.696105957
        },
        "dissonance": {
            "dmean": 0.0244547519833,
            "dmean2": 0.0408851280808,
            "dvar": 0.00103257386945,
            "dvar2": 0.00277835852467,
            "max": 0.499980837107,
            "mean": 0.440390974283,
            "median": 0.460161089897,
            "min": 0.0139400744811,
            "var": 0.00376092991792
        },
        "dynamic_complexity": 2.85176086426,
        "erbbands": {
            "dmean": [
                0.102848537266,
                0.903050661087,
                2.23914837837,
                4.43192625046,
                6.5606713295,
                5.25702190399,
                8.62015628815,
                11.0892839432,
                11.5260887146,
                8.807056427,
                13.9727907181,
                16.0004329681,
                21.6323204041,
                19.9382514954,
                22.3010654449,
                22.4747009277,
                18.6834125519,
                17.7146148682,
                24.6185207367,
                15.6058044434,
                14.46326828,
                15.2247581482,
                8.2587146759,
                10.4828186035,
                8.19149971008,
                5.00246143341,
                3.8642718792,
                3.17090201378,
                2.93629360199,
                2.37320566177,
                1.74889147282,
                1.52113342285,
                1.15213382244,
                0.685782492161,
                0.463080108166,
                0.151279434562,
                0.0263094957918,
                0.00395607436076,
                0.000399270298658,
                2.52167537838e-05
            ],
            "dmean2": [
                0.141152113676,
                1.43297815323,
                3.82706236839,
                7.23567867279,
                10.2247076035,
                8.62897396088,
                12.9721517563,
                16.6117458344,
                17.3679771423,
                13.3690719604,
                20.8368816376,
                24.4737968445,
                32.3843460083,
                28.2881298065,
                30.894361496,
                33.9534339905,
                28.7977714539,
                27.0718078613,
                37.6456222534,
                24.2201805115,
                22.1983299255,
                23.5174407959,
                12.7010135651,
                16.3273124695,
                13.0173444748,
                8.37962532043,
                6.54686164856,
                5.48945665359,
                4.99976968765,
                3.78627943993,
                2.72162342072,
                2.27997589111,
                1.71763300896,
                1.0145008564,
                0.682142615318,
                0.219723239541,
                0.0398277491331,
                0.00599234644324,
                0.000599541934207,
                3.69748595404e-05
            ],
            "dvar": [
                0.0734550878406,
                7.28629112244,
                40.0039672852,
                88.5718917847,
                319.13269043,
                113.817420959,
                279.051940918,
                567.475769043,
                604.028869629,
                388.538696289,
                909.280639648,
                2013.97497559,
                3513.85180664,
                2707.08691406,
                3345.27685547,
                2985.48999023,
                1891.6730957,
                2069.89819336,
                2639.05932617,
                1080.73059082,
                786.739990234,
                915.418212891,
                235.532470703,
                394.572845459,
                282.555023193,
                111.307151794,
                129.637252808,
                138.802001953,
                96.3524475098,
                45.1132888794,
                30.5509204865,
                36.929977417,
                19.5917224884,
                4.02394962311,
                2.33412861824,
                0.21740154922,
                0.00506144436076,
                8.3876089775e-05,
                9.89186787592e-07,
                2.92040924776e-09
            ],
            "dvar2": [
                0.135667845607,
                19.2877445221,
                112.893569946,
                213.995300293,
                667.931884766,
                303.499023438,
                594.664978027,
                1225.64111328,
                1312.98266602,
                890.796569824,
                2069.47387695,
                4543.50146484,
                8117.62353516,
                5270.88867188,
                5840.97460938,
                6678.12939453,
                4521.32177734,
                4860.97167969,
                5792.09912109,
                2582.20483398,
                1770.68908691,
                2160.04199219,
                516.30859375,
                907.735961914,
                709.424987793,
                298.97366333,
                344.117919922,
                401.85635376,
                273.83404541,
                104.475761414,
                69.6242980957,
                77.9898910522,
                41.6451301575,
                8.52608680725,
                4.80591678619,
                0.40470328927,
                0.0110432095826,
                0.000199105896172,
                2.2623876248e-06,
                6.54612097861e-09
            ],
            "max": [
                3.40640997887,
                30.7382602692,
                74.7714080811,
                135.631027222,
                260.6690979,
                166.587020874,
                393.013092041,
                537.41192627,
                607.875,
                431.180633545,
                703.391784668,
                806.460876465,
                1269.70239258,
                2700.59033203,
                2158.23706055,
                1266.8236084,
                888.609985352,
                1024.58276367,
                1149.11547852,
                593.106079102,
                569.570800781,
                588.302429199,
                314.099517822,
                413.877960205,
                354.035980225,
                158.569869995,
                342.032012939,
                191.982833862,
                160.177703857,
                195.626327515,
                185.527648926,
                154.122512817,
                123.267532349,
                45.2119903564,
                35.6664085388,
                15.575750351,
                1.97489976883,
                0.123303152621,
                0.0162597708404,
                0.00074076151941
            ],
            "mean": [
                0.19407851994,
                1.49537789822,
                3.8088696003,
                6.9368185997,
                9.94138431549,
                10.0563402176,
                19.1678085327,
                25.2168006897,
                25.8676509857,
                18.4787654877,
                30.6814537048,
                31.6667156219,
                44.8530158997,
                43.6523551941,
                47.7193603516,
                45.7374610901,
                35.86353302,
                36.992351532,
                48.8179512024,
                32.5703315735,
                33.8436203003,
                33.7899208069,
                20.5177078247,
                23.599861145,
                17.9684028625,
                10.0877809525,
                7.06808996201,
                5.19772529602,
                4.89565706253,
                4.53906440735,
                3.57984185219,
                2.70434570313,
                1.96531093121,
                1.35691034794,
                0.862127065659,
                0.283031135798,
                0.0468215867877,
                0.00712507171556,
                0.000765736331232,
                7.31527325115e-05
            ],
            "median": [
                0.0948684215546,
                0.872884869576,
                2.67577791214,
                3.84884977341,
                4.21444702148,
                4.49914455414,
                7.78935623169,
                7.49116230011,
                9.93808746338,
                8.29829025269,
                12.8870859146,
                10.3893985748,
                14.3296146393,
                15.3239688873,
                15.051322937,
                17.6417007446,
                16.2328033447,
                14.6129436493,
                20.2711009979,
                16.685295105,
                17.6788845062,
                16.4228610992,
                11.6175966263,
                12.932641983,
                10.6014671326,
                6.39544677734,
                3.4991133213,
                1.99764513969,
                1.84810602665,
                1.47643733025,
                1.20121145248,
                0.693300366402,
                0.520884931087,
                0.457924753428,
                0.302227497101,
                0.0998593568802,
                0.0154335964471,
                0.00165213807486,
                0.0001193167991,
                4.74830303574e-05
            ],
            "min": [
                9.09659465938e-22,
                6.39254749735e-21,
                2.95229710973e-20,
                7.72019621041e-20,
                4.00872947196e-19,
                1.35159567257e-19,
                1.69925787457e-19,
                4.84715638042e-19,
                1.88339636978e-18,
                6.3804333565e-19,
                1.44704101907e-18,
                3.01365244326e-18,
                7.35049856312e-19,
                2.02538585104e-18,
                1.92960040405e-18,
                2.36834568635e-18,
                3.11641701986e-18,
                5.26586362597e-18,
                5.40009146474e-18,
                8.15214535094e-18,
                7.76470635973e-18,
                8.42747241783e-18,
                1.92566008785e-17,
                1.51415030625e-17,
                1.65863179317e-17,
                1.69589793413e-17,
                1.24137567058e-17,
                1.58735082737e-17,
                2.28024081815e-17,
                1.32191791595e-17,
                1.73120895099e-17,
                1.34508931286e-17,
                1.77984088444e-17,
                1.4758505204e-17,
                1.30510240943e-17,
                6.92083531036e-18,
                2.82164066203e-18,
                1.25048046826e-18,
                3.18932564963e-19,
                3.21328260963e-20
            ],
            "var": [
                0.120437987149,
                6.84924411774,
                30.0206241608,
                118.497947693,
                458.135742188,
                221.865875244,
                868.850646973,
                1875.99829102,
                1897.87719727,
                949.07409668,
                2771.44580078,
                4417.83935547,
                7693.10546875,
                10455.5693359,
                13073.3164063,
                7591.25488281,
                3836.57641602,
                5396.57275391,
                6836.17333984,
                2353.95483398,
                2770.96704102,
                2734.66430664,
                820.424377441,
                1040.19006348,
                648.039733887,
                184.166519165,
                206.544158936,
                129.018554688,
                94.7093353271,
                96.8205718994,
                71.5574264526,
                69.2915802002,
                33.8920021057,
                8.14842605591,
                4.37395095825,
                0.462159007788,
                0.00942360423505,
                0.000170835934114,
                2.17428669202e-06,
                6.92854795759e-09
            ]
        },
        "erbbands_crest": {
            "dmean": 2.35888910294,
            "dmean2": 3.72555685043,
            "dvar": 5.67078447342,
            "dvar2": 13.2525453568,
            "max": 32.3665885925,
            "mean": 10.1437482834,
            "median": 8.70055389404,
            "min": 2.49141335487,
            "var": 28.742275238
        },
        "erbbands_flatness_db": {
            "dmean": 0.0161178037524,
            "dmean2": 0.0232382006943,
            "dvar": 0.000305238354485,
            "dvar2": 0.000597723992541,
            "max": 0.68935406208,
            "mean": 0.183056205511,
            "median": 0.157186701894,
            "min": 0.0436330288649,
            "var": 0.00809822697192
        },
        "erbbands_kurtosis": {
            "dmean": 1.1200299263,
            "dmean2": 1.69569063187,
            "dvar": 5.30883073807,
            "dvar2": 11.9378442764,
            "max": 89.2009124756,
            "mean": 1.81547927856,
            "median": 0.176761984825,
            "min": -1.82559192181,
            "var": 35.1887054443
        },
        "erbbands_skewness": {
            "dmean": 0.321890592575,
            "dmean2": 0.476795852184,
            "dvar": 0.118892408907,
            "dvar2": 0.253952026367,
            "max": 6.34241724014,
            "mean": 0.436851471663,
            "median": 0.28837159276,
            "min": -2.68085122108,
            "var": 0.829100251198
        },
        "erbbands_spread": {
            "dmean": 6.34002971649,
            "dmean2": 9.50005722046,
            "dvar": 81.9118728638,
            "dvar2": 171.369888306,
            "max": 187.251541138,
            "mean": 32.0916023254,
            "median": 29.7529087067,
            "min": 0.331291258335,
            "var": 353.581573486
        },
        "gfcc": {
            "cov": [
                [
                    19468.7441406,
                    -4392.41601563,
                    -1604.49475098,
                    2204.23803711,
                    279.883392334,
                    2437.7644043,
                    -93.2064743042,
                    1007.95916748,
                    -842.695800781,
                    87.6896743774,
                    -574.443786621,
                    665.392150879,
                    -21.9163188934
                ],
                [
                    -4392.41601563,
                    3286.87988281,
                    339.593200684,
                    -628.899414063,
                    454.852264404,
                    -896.510864258,
                    222.352050781,
                    -535.955078125,
                    330.462127686,
                    -169.745941162,
                    239.04347229,
                    -377.194000244,
                    26.8784770966
                ],
                [
                    -1604.49475098,
                    339.593200684,
                    894.596740723,
                    -46.03490448,
                    2.98826622963,
                    -142.069534302,
                    -33.9541893005,
                    -25.1732597351,
                    61.8399353027,
                    44.1818008423,
                    32.1774368286,
                    -14.2459459305,
                    -52.3395500183
                ],
                [
                    2204.23803711,
                    -628.899414063,
                    -46.03490448,
                    695.590759277,
                    118.661491394,
                    366.098297119,
                    24.278591156,
                    164.585571289,
                    -59.0819892883,
                    36.8777809143,
                    -67.0231933594,
                    93.3506469727,
                    27.9387702942
                ],
                [
                    279.883392334,
                    454.852264404,
                    2.98826622963,
                    118.661491394,
                    481.171478271,
                    80.1458587646,
                    141.103088379,
                    -0.86418992281,
                    25.5224552155,
                    -16.633108139,
                    -8.15128803253,
                    -40.8191108704,
                    -6.02836084366
                ],
                [
                    2437.7644043,
                    -896.510864258,
                    -142.069534302,
                    366.098297119,
                    80.1458587646,
                    648.892456055,
                    83.6188583374,
                    224.436309814,
                    -121.167686462,
                    39.4485359192,
                    -90.2378463745,
                    106.592536926,
                    -23.5386810303
                ],
                [
                    -93.2064743042,
                    222.352050781,
                    -33.9541893005,
                    24.278591156,
                    141.103088379,
                    83.6188583374,
                    311.488983154,
                    23.8782958984,
                    40.4470367432,
                    -13.8942718506,
                    -5.81484174728,
                    -56.3055381775,
                    -22.2613334656
                ],
                [
                    1007.95916748,
                    -535.955078125,
                    -25.1732597351,
                    164.585571289,
                    -0.86418992281,
                    224.436309814,
                    23.8782958984,
                    276.184875488,
                    -22.5908489227,
                    68.5036010742,
                    -32.2641220093,
                    81.6017456055,
                    -15.6089935303
                ],
                [
                    -842.695800781,
                    330.462127686,
                    61.8399353027,
                    -59.0819892883,
                    25.5224552155,
                    -121.167686462,
                    40.4470367432,
                    -22.5908489227,
                    168.349624634,
                    21.5279445648,
                    40.734085083,
                    -43.3713645935,
                    5.89427852631
                ],
                [
                    87.6896743774,
                    -169.745941162,
                    44.1818008423,
                    36.8777809143,
                    -16.633108139,
                    39.4485359192,
                    -13.8942718506,
                    68.5036010742,
                    21.5279445648,
                    112.548782349,
                    26.8671340942,
                    29.4731426239,
                    -11.6523151398
                ],
                [
                    -574.443786621,
                    239.04347229,
                    32.1774368286,
                    -67.0231933594,
                    -8.15128803253,
                    -90.2378463745,
                    -5.81484174728,
                    -32.2641220093,
                    40.734085083,
                    26.8671340942,
                    130.323623657,
                    11.5760507584,
                    16.2456455231
                ],
                [
                    665.392150879,
                    -377.194000244,
                    -14.2459459305,
                    93.3506469727,
                    -40.8191108704,
                    106.592536926,
                    -56.3055381775,
                    81.6017456055,
                    -43.3713645935,
                    29.4731426239,
                    11.5760507584,
                    148.304428101,
                    32.8830680847
                ],
                [
                    -21.9163188934,
                    26.8784770966,
                    -52.3395500183,
                    27.9387702942,
                    -6.02836084366,
                    -23.5386810303,
                    -22.2613334656,
                    -15.6089935303,
                    5.89427852631,
                    -11.6523151398,
                    16.2456455231,
                    32.8830680847,
                    115.062660217
                ]
            ],
            "icov": [
                [
                    0.000179690250661,
                    -9.58972595981e-05,
                    0.000260958797298,
                    -0.000317009427818,
                    2.46699091804e-05,
                    -0.000349368521711,
                    0.000169616439962,
                    -0.00013715714158,
                    0.000381977239158,
                    -9.5139228506e-05,
                    0.000379786622943,
                    -0.000375749252271,
                    0.000220896399696
                ],
                [
                    -9.58972595981e-05,
                    0.00152214430273,
                    -0.00046135915909,
                    0.000528910080902,
                    -0.00132807763293,
                    0.00113107077777,
                    -0.000533592479769,
                    0.000863358960487,
                    -0.0010747637134,
                    0.00134720292408,
                    -0.0019660978578,
                    0.00176657899283,
                    -0.000572215300053
                ],
                [
                    0.000260958797298,
                    -0.00046135915909,
                    0.0017031513853,
                    -0.000642564380541,
                    0.000241589485086,
                    -0.00037670560414,
                    0.000453384302091,
                    -0.000280074717011,
                    0.000453918706626,
                    -0.000856698665302,
                    0.000942533719353,
                    -0.00113960553426,
                    0.00115614070091
                ],
                [
                    -0.000317009427818,
                    0.000528910080902,
                    -0.000642564380541,
                    0.00293913646601,
                    -0.000858162064105,
                    -0.000205201809877,
                    -0.000183456009836,
                    9.69712418737e-05,
                    -0.00101164914668,
                    0.000200780501473,
                    -0.000492376915645,
                    0.000644181913231,
                    -0.00134158553556
                ],
                [
                    2.46699091804e-05,
                    -0.00132807763293,
                    0.000241589485086,
                    -0.000858162064105,
                    0.00376645382494,
                    -0.00111246155575,
                    -0.00054298969917,
                    -0.000465612247353,
                    0.000559381267522,
                    -0.000838384206872,
                    0.00140016537625,
                    -0.000902473635506,
                    0.000381405669032
                ],
                [
                    -0.000349368521711,
                    0.00113107077777,
                    -0.00037670560414,
                    -0.000205201809877,
                    -0.00111246155575,
                    0.00482773547992,
                    -0.00162490631919,
                    -0.000559991167393,
                    0.000313529191772,
                    0.000495038926601,
                    -0.000820570625365,
                    0.000488165678689,
                    9.71254994511e-05
                ],
                [
                    0.000169616439962,
                    -0.000533592479769,
                    0.000453384302091,
                    -0.000183456009836,
                    -0.00054298969917,
                    -0.00162490631919,
                    0.00479348888621,
                    -0.00100595725235,
                    -0.000590366660617,
                    0.000489286321681,
                    0.000245596951572,
                    0.0010120398365,
                    0.000593704520725
                ],
                [
                    -0.00013715714158,
                    0.000863358960487,
                    -0.000280074717011,
                    9.69712418737e-05,
                    -0.000465612247353,
                    -0.000559991167393,
                    -0.00100595725235,
                    0.00716475769877,
                    -0.00155071599875,
                    -0.00219478737563,
                    0.000248320196988,
                    -0.00147486769129,
                    0.000503225252032
                ],
                [
                    0.000381977239158,
                    -0.0010747637134,
                    0.000453918706626,
                    -0.00101164914668,
                    0.000559381267522,
                    0.000313529191772,
                    -0.000590366660617,
                    -0.00155071599875,
                    0.00991241820157,
                    -0.00305701466277,
                    0.000418666109908,
                    0.000360918522347,
                    -0.000434815505287
                ],
                [
                    -9.5139228506e-05,
                    0.00134720292408,
                    -0.000856698665302,
                    0.000200780501473,
                    -0.000838384206872,
                    0.000495038926601,
                    0.000489286321681,
                    -0.00219478737563,
                    -0.00305701466277,
                    0.0140007510781,
                    -0.00495578162372,
                    0.000919181737117,
                    0.0010944645619
                ],
                [
                    0.000379786622943,
                    -0.0019660978578,
                    0.000942533719353,
                    -0.000492376915645,
                    0.00140016537625,
                    -0.000820570625365,
                    0.000245596951572,
                    0.000248320196988,
                    0.000418666109908,
                    -0.00495578162372,
                    0.0134030776098,
                    -0.00535108568147,
                    0.000180169081432
                ],
                [
                    -0.000375749252271,
                    0.00176657899283,
                    -0.00113960553426,
                    0.000644181913231,
                    -0.000902473635506,
                    0.000488165678689,
                    0.0010120398365,
                    -0.00147486769129,
                    0.000360918522347,
                    0.000919181737117,
                    -0.00535108568147,
                    0.0143131092191,
                    -0.00437107449397
                ],
                [
                    0.000220896399696,
                    -0.000572215300053,
                    0.00115614070091,
                    -0.00134158553556,
                    0.000381405669032,
                    9.71254994511e-05,
                    0.000593704520725,
                    0.000503225252032,
                    -0.000434815505287,
                    0.0010944645619,
                    0.000180169081432,
                    -0.00437107449397,
                    0.0112981563434
                ]
            ],
            "mean": [
                -14.0050325394,
                108.426551819,
                -111.737373352,
                20.7108421326,
                -48.6542434692,
                10.1116161346,
                -38.5950622559,
                10.1922292709,
                -22.6975135803,
                1.85174131393,
                -12.7904520035,
                -1.99130868912,
                -10.4085922241
            ]
        },
        "hfc": {
            "dmean": 5.60176897049,
            "dmean2": 8.31468963623,
            "dvar": 87.4244842529,
            "dvar2": 195.445098877,
            "max": 151.1484375,
            "mean": 24.5783157349,
            "median": 20.3253936768,
            "min": 1.19432796998e-16,
            "var": 387.464691162
        },
        "melbands": {
            "dmean": [
                0.000910526432563,
                0.00115571520291,
                0.000835547049064,
                0.000401049095672,
                0.000279012951069,
                0.000240775974817,
                0.000166695477674,
                0.000104890255898,
                0.00011850042938,
                0.000103859216324,
                0.00011590422946,
                9.07609719434e-05,
                6.93637775839e-05,
                7.18473602319e-05,
                6.40154175926e-05,
                4.29569772677e-05,
                3.73766779376e-05,
                4.77681678603e-05,
                2.95528152492e-05,
                2.37884469243e-05,
                1.62241958606e-05,
                1.88434387383e-05,
                8.41465225676e-06,
                7.55253859097e-06,
                9.52467144089e-06,
                8.71253723744e-06,
