{
    "lowlevel": {
        "average_loudness": 0.903969287872,
        "barkbands": {
            "dmean": [
                0.000173095162609,
                0.0192847531289,
                0.0111715411767,
                0.00548735680059,
                0.00153995200526,
                0.000387351727113,
                0.000333540403517,
                0.000716839451343,
                0.000689385749865,
                0.000478419329738,
                0.00019085042004,
                0.000354678864824,
                0.000241255067522,
                0.0002741990902,
                0.000267095747404,
                0.000210477475775,
                0.000148008897668,
                0.000179475668119,
                0.000155811969307,
                0.000136472110171,
                9.95990121737e-05,
                7.37573791412e-05,
                9.02163883438e-05,
                8.49598436616e-05,
                8.37590050651e-05,
                4.46614649263e-05,
                1.26385029944e-05
            ],
            "dmean2": [
                0.000299602048472,
                0.0331348739564,
                0.0195042192936,
                0.0102183446288,
                0.00269916118123,
                0.00062617554795,
                0.000537147978321,
                0.00117286248133,
                0.00108088355046,
                0.000759316317271,
                0.000311898678774,
                0.000558601110242,
                0.000379895034712,
                0.000439578550868,
                0.00043609275599,
                0.00034951212001,
                0.000238490014453,
                0.00028622354148,
                0.000243958464125,
                0.000215731997741,
                0.000164455093909,
                0.000118987081805,
                0.000141143260407,
                0.000125848804601,
                0.000119369040476,
                6.37587727397e-05,
                2.06822169275e-05
            ],
            "dvar": [
                8.19460552748e-08,
                0.00121101364493,
                0.000729208579287,
                0.000197887813556,
                1.24517509903e-05,
                3.75605708314e-07,
                3.93999044945e-07,
                1.89324862276e-06,
                2.12397230825e-06,
                9.52564221279e-07,
                2.81647771772e-07,
                5.49438482267e-07,
                3.08647742031e-07,
                4.13138764088e-07,
                3.66957465303e-07,
                2.43677249046e-07,
                9.88606032593e-08,
                1.10865613578e-07,
                9.30640808861e-08,
                7.10495910994e-08,
                3.18741086858e-08,
                1.85031456823e-08,
                3.21771338463e-08,
                2.26066774189e-08,
                2.62656296712e-08,
                7.81057174493e-09,
                1.09317788155e-09
            ],
            "dvar2": [
                2.35802730231e-07,
                0.00324753602035,
                0.00197048578411,
                0.000559686101042,
                3.5487482819e-05,
                9.45071803926e-07,
                9.41985661029e-07,
                4.9307855079e-06,
                5.09155415784e-06,
                2.33204741562e-06,
                7.08149116235e-07,
                1.28526164644e-06,
                7.24551114217e-07,
                9.85158067124e-07,
                8.95088419384e-07,
                6.08252321399e-07,
                2.34760520357e-07,
                2.64268606998e-07,
                2.11261422578e-07,
                1.70240525676e-07,
                7.94698848949e-08,
                4.56289157569e-08,
                7.97863393132e-08,
                4.77946002775e-08,
                4.94048464361e-08,
                1.53879593512e-08,
                2.9045439387e-09
            ],
            "max": [
                0.00490266410634,
                0.27086353302,
                0.229104176164,
                0.11819473654,
                0.0477529652417,
                0.0190957859159,
                0.0177711714059,
                0.0271787792444,
                0.0270886402577,
                0.0231122598052,
                0.0161522421986,
                0.0212598145008,
                0.0126019176096,
                0.016532626003,
                0.0168547686189,
                0.0124859530479,
                0.0096499575302,
                0.00851467438042,
                0.0072233825922,
                0.00652761664242,
                0.00229091057554,
                0.00148481235374,
                0.00208037672564,
                0.00320722814649,
                0.00560674769804,
                0.0019503927324,
                0.000412711407989
            ],
            "mean": [
                0.000235221770708,
                0.0220847837627,
                0.0097183380276,
                0.00399048859254,
                0.00181439216249,
                0.00065183674451,
                0.000503219605889,
                0.00104603578802,
                0.00107251829468,
                0.000767281744629,
                0.000260321568931,
                0.000576487160288,
                0.000361297919881,
                0.000375695322873,
                0.000372318405425,
                0.000297532271361,
                0.00026654364774,
                0.000320736202411,
                0.000297728402074,
                0.000271819066256,
                0.000186374731129,
                0.000138006740599,
                0.000167823614902,
                0.000167934442288,
                0.000159068658832,
                7.80638365541e-05,
                2.17382785195e-05
            ],
            "median": [
                9.87795574474e-05,
                0.00752850342542,
                0.00222904817201,
                0.000639760983177,
                0.000882103689946,
                0.000400190503569,
                0.000235252460698,
                0.000455130793853,
                0.00038295055856,
                0.000281315442408,
                7.84757576184e-05,
                0.000230889330851,
                0.00013537198538,
                0.000149304658407,
                0.000142462013173,
                0.000105100043584,
                0.000106595231046,
                0.000151464861119,
                0.000161892341566,
                0.000145364552736,
                0.000109818509372,
                7.6504315075e-05,
                8.97801437532e-05,
                9.51293332037e-05,
                7.85016309237e-05,
                3.26975823555e-05,
                1.02694239104e-05
            ],
            "min": [
                1.48118927125e-25,
                3.39658183353e-24,
                1.73527823803e-24,
                8.37373188487e-25,
                1.08316234754e-23,
                1.1149592007e-23,
                8.19210593055e-24,
                6.62371950006e-24,
                1.17689211817e-23,
                9.67193641355e-24,
                2.55769673396e-23,
                2.12663300086e-23,
                3.19336164024e-23,
                3.34861041302e-23,
                4.14429969824e-23,
                5.0868307078e-23,
                4.93628323047e-23,
                1.03462774345e-22,
                1.3039975524e-22,
                1.78009732303e-22,
                2.23822961902e-22,
                2.77505110585e-22,
                3.64584701744e-22,
                6.06122096942e-22,
                8.56760599336e-22,
                1.26864252319e-21,
                2.0795013638e-21
            ],
            "var": [
                1.12680915265e-07,
                0.001380443573,
                0.00052499352023,
                0.00011944189464,
                9.58333566814e-06,
                5.9928055407e-07,
                6.54194764138e-07,
                2.90953903459e-06,
                3.8234989006e-06,
                1.79257267519e-06,
                4.44447692871e-07,
                1.06043978576e-06,
                5.2816835705e-07,
                5.7727481817e-07,
                5.1460352779e-07,
                3.83461497222e-07,
                2.47548797461e-07,
                2.24704464813e-07,
                1.957817517e-07,
                1.67466211565e-07,
                5.63174857859e-08,
                3.34121601497e-08,
                5.30697121803e-08,
                5.03900636772e-08,
                7.363816934e-08,
                1.71197189758e-08,
                1.61544710942e-09
            ]
        },
        "barkbands_crest": {
            "dmean": 3.70398449898,
            "dmean2": 5.98189353943,
            "dvar": 10.2429447174,
            "dvar2": 25.5063476562,
            "max": 26.0582618713,
            "mean": 12.2565460205,
            "median": 11.361164093,
            "min": 2.18002223969,
            "var": 28.4923782349
        },
        "barkbands_flatness_db": {
            "dmean": 0.0333514884114,
            "dmean2": 0.0524949394166,
            "dvar": 0.00111716333777,
            "dvar2": 0.00243727094494,
            "max": 0.492307811975,
            "mean": 0.130192294717,
            "median": 0.114335857332,
            "min": 0.0135223036632,
            "var": 0.00438985833898
        },
        "barkbands_kurtosis": {
            "dmean": 9.39912414551,
            "dmean2": 15.4617204666,
            "dvar": 454.019042969,
            "dvar2": 1121.66174316,
            "max": 636.783813477,
            "mean": 10.600859642,
            "median": 2.9462594986,
            "min": -1.91607296467,
            "var": 620.538208008
        },
        "barkbands_skewness": {
            "dmean": 1.048635602,
            "dmean2": 1.63354444504,
            "dvar": 1.54261982441,
            "dvar2": 3.3977458477,
            "max": 18.2414226532,
            "mean": 2.28666257858,
            "median": 1.77508270741,
            "min": -3.28356814384,
            "var": 4.11779689789
        },
        "barkbands_spread": {
            "dmean": 8.00464248657,
            "dmean2": 12.6019773483,
            "dvar": 73.6745300293,
            "dvar2": 165.907531738,
            "max": 117.978607178,
            "mean": 24.573469162,
            "median": 23.1792182922,
            "min": 0.302857279778,
            "var": 236.418563843
        },
        "dissonance": {
            "dmean": 0.0167962368578,
            "dmean2": 0.0284939445555,
            "dvar": 0.000288316165097,
            "dvar2": 0.000788061413914,
            "max": 0.500000119209,
            "mean": 0.469684660435,
            "median": 0.47546684742,
            "min": 0.223615318537,
            "var": 0.000565085734706
        },
        "dynamic_complexity": 3.43145799637,
        "erbbands": {
            "dmean": [
                0.327479600906,
                5.11286783218,
                12.3429050446,
                17.9744262695,
                9.46111011505,
                4.40277194977,
                4.18667173386,
                2.92075848579,
                3.29962086678,
                8.87054157257,
                16.6738185883,
                13.835272789,
                17.6159248352,
                12.047203064,
                8.2984380722,
                14.3448143005,
                9.54556083679,
                14.0188550949,
                13.8854846954,
                12.0456867218,
                10.4018983841,
                7.47218418121,
                8.56995010376,
                9.08013153076,
                6.52943086624,
                6.69059753418,
                5.25167417526,
                3.01116037369,
                2.51807427406,
                3.01524448395,
                2.44451785088,
                1.76619541645,
                1.5064330101,
                1.02739787102,
                0.571499407291,
                0.266060948372,
                0.0669235214591,
                0.0147506361827,
                0.00223241536878,
                0.000132084358484
            ],
            "dmean2": [
                0.539295852184,
                8.79317855835,
                20.9543952942,
                33.0456352234,
                17.4565982819,
                7.48980998993,
                6.80436992645,
                4.7579240799,
                5.3764090538,
                14.3899507523,
                27.1318454742,
                21.7975120544,
                27.3288135529,
                19.188993454,
                13.2281503677,
                22.3340377808,
                14.7516431808,
                22.2763309479,
                22.2666549683,
                19.4002571106,
                16.8152256012,
                11.720500946,
                13.3835420609,
                14.2822093964,
                10.0251264572,
                10.5436925888,
                8.5405330658,
                4.99448537827,
                4.02029752731,
                4.89531612396,
                3.74715948105,
                2.70399808884,
                2.20020222664,
                1.48382711411,
                0.822964370251,
                0.383633226156,
                0.0957791656256,
                0.0222610142082,
                0.00361256697215,
                0.000221389709623
            ],
            "dvar": [
                0.274067878723,
                87.2361679077,
                691.930236816,
                2062.18701172,
                641.075439453,
                74.7935333252,
                50.8896827698,
                29.162525177,
                34.2187271118,
                323.176513672,
                1104.36962891,
                1072.84741211,
                1371.74401855,
                676.33996582,
                345.448883057,
                1077.00500488,
                474.213226318,
                1065.06604004,
                956.941040039,
                835.468322754,
                514.16784668,
                220.722427368,
                239.612442017,
                364.937530518,
                155.681213379,
                195.19569397,
                92.9383544922,
                28.2554912567,
                20.6413917542,
                44.5815849304,
                19.9226474762,
                9.94700145721,
                7.32072162628,
                3.70575833321,
                1.44873654842,
                0.292875349522,
                0.0168946366757,
                0.00114986370318,
                2.76827377093e-05,
                1.15282475122e-07
            ],
            "dvar2": [
                0.674540758133,
                234.131057739,
                1740.92102051,
                5803.11230469,
                1830.02819824,
                205.477493286,
                133.486419678,
                74.8955841064,
                85.5223083496,
                782.531616211,
                2875.66064453,
                2616.28613281,
                3287.75244141,
                1672.80981445,
                851.000976562,
                2446.76513672,
                1054.66467285,
                2540.22265625,
                2267.71362305,
                2018.44470215,
                1254.67407227,
                517.71472168,
                549.676391602,
                867.594421387,
                312.301239014,
                473.024139404,
                227.739959717,
                72.9000549316,
                49.3327598572,
                116.325614929,
                46.7014923096,
                23.5004138947,
                14.5811243057,
                7.16356897354,
                2.81552839279,
                0.592986822128,
                0.0327951386571,
                0.00266025378369,
                7.06352002453e-05,
                3.19710522945e-07
            ],
            "max": [
                5.0683054924,
                69.4618835449,
                205.748001099,
                330.617034912,
                291.480010986,
                146.353591919,
                150.322174072,
                221.471740723,
                132.356124878,
                504.334197998,
                786.45526123,
                807.622375488,
                759.159667969,
                792.08782959,
                522.864868164,
                1046.27246094,
                535.738586426,
                899.376098633,
                881.093933105,
                1088.29125977,
                596.585998535,
                310.278900146,
                309.4715271,
                484.268218994,
                511.727416992,
                365.408050537,
                135.668029785,
                71.2859725952,
                55.3773384094,
                75.881072998,
                64.5328369141,
                83.5861129761,
                66.8783721924,
                37.8195610046,
                55.4765586853,
                13.4917259216,
                2.387789011,
                0.509253740311,
                0.060066062957,
                0.00433214474469
            ],
            "mean": [
                0.459282904863,
                5.52302932739,
                12.1520233154,
                13.618601799,
                7.74737882614,
                5.61370611191,
                6.55900764465,
                4.72998905182,
                5.38703680038,
                13.0036830902,
                24.7295436859,
                21.8275718689,
                29.6064891815,
                19.2277565002,
                14.0338220596,
                23.6942481995,
                16.2126941681,
                21.0575847626,
                20.5254230499,
                17.3034553528,
                16.8192100525,
                14.6450748444,
                16.4834041595,
                17.3631515503,
                13.6437978745,
                13.3736257553,
                9.83496570587,
                5.72932243347,
                4.87465286255,
                5.06485271454,
                4.68603181839,
                3.55314612389,
                2.83640575409,
                1.98271334171,
                1.0009137392,
                0.438451856375,
                0.121394142509,
                0.0272371415049,
                0.00388632249087,
                0.000222130824113
            ],
            "median": [
                0.201317504048,
                1.67251288891,
                2.86053371429,
                2.82630062103,
                2.24748516083,
                2.62585568428,
                3.49129986763,
                2.7729010582,
                3.03963828087,
                6.13840246201,
                11.3549022675,
                9.28257465363,
                11.8170223236,
                8.48968601227,
                6.56169462204,
                9.47600269318,
                6.99955320358,
                8.79607486725,
                8.22996997833,
                6.83552598953,
                6.714407444,
                5.93735551834,
                7.8595495224,
                9.49947834015,
                7.69336700439,
                7.04520177841,
                5.57326364517,
                3.49394011497,
                2.74567484856,
                2.36697411537,
                2.56130671501,
                2.11754798889,
                1.47168529034,
                1.03640496731,
                0.421465218067,
                0.170481130481,
                0.0539683923125,
                0.0131994830444,
                0.00183699303307,
                0.000125188773382
            ],
            "min": [
                5.05357012322e-23,
                7.25199098107e-22,
                1.66657304435e-21,
                6.25770736398e-21,
                2.00738026168e-20,
                3.60284073417e-20,
                3.57291650616e-20,
                8.00427394345e-20,
                1.45063659225e-19,
                1.69509276169e-19,
                2.66756932905e-19,
                2.61611404206e-19,
                6.23267563464e-19,
                9.47169157463e-19,
                1.07299170384e-18,
                1.25735165081e-18,
                1.93718048039e-18,
                2.8542214452e-18,
                2.27986920726e-18,
                2.93876881638e-18,
                3.26753878187e-18,
                4.67338889478e-18,
                5.59084634503e-18,
                5.88657375377e-18,
                6.64569725425e-18,
                9.29372077071e-18,
                9.29370505428e-18,
                9.83209623547e-18,
                9.24018315992e-18,
                1.15225233625e-17,
                1.10224794473e-17,
                1.13391456925e-17,
                1.01381629883e-17,
                7.7814923359e-18,
                5.71983854411e-18,
                3.95980375498e-18,
                2.22246680186e-18,
                8.99847188595e-19,
                2.43632375098e-19,
                2.76301782918e-20
            ],
            "var": [
                0.463859587908,
                94.0850219727,
                612.86114502,
                1267.31726074,
                390.151550293,
                76.6390151978,
                85.149520874,
                37.627532959,
                54.6124267578,
                478.05267334,
                1576.4798584,
                1625.60375977,
                2595.52246094,
                1066.37744141,
                601.143493652,
                2071.87280273,
                943.580871582,
                1584.62097168,
                1520.28369141,
                1180.56933594,
                969.979858398,
                702.100952148,
                615.08203125,
                617.374694824,
                443.54397583,
                440.532012939,
                166.933227539,
                49.6447906494,
                39.9488296509,
                58.9549255371,
                38.8899421692,
                20.5183353424,
                16.4703807831,
                9.23715496063,
                3.992446661,
                0.651250422001,
                0.0375555455685,
                0.0021098041907,
                4.6761608246e-05,
                1.42952160331e-07
            ]
        },
        "erbbands_crest": {
            "dmean": 2.74600934982,
            "dmean2": 4.46994113922,
            "dvar": 6.49442815781,
            "dvar2": 15.6349859238,
            "max": 28.7300300598,
            "mean": 8.42102336884,
            "median": 7.50076770782,
            "min": 1.98231840134,
            "var": 17.2268848419
        },
        "erbbands_flatness_db": {
            "dmean": 0.0154042504728,
            "dmean2": 0.0230700913817,
            "dvar": 0.000249476841418,
            "dvar2": 0.000515844905749,
            "max": 0.410015910864,
            "mean": 0.118909567595,
            "median": 0.105829134583,
            "min": 0.0417871624231,
            "var": 0.00259942747653
        },
        "erbbands_kurtosis": {
            "dmean": 0.833392202854,
            "dmean2": 1.33580195904,
            "dvar": 1.6279553175,
            "dvar2": 3.88089108467,
            "max": 35.9874267578,
            "mean": 0.208213880658,
            "median": -0.287853717804,
            "min": -1.857670784,
            "var": 3.53345799446
        },
        "erbbands_skewness": {
            "dmean": 0.363909602165,
            "dmean2": 0.566797971725,
            "dvar": 0.128130212426,
            "dvar2": 0.294129133224,
            "max": 5.18359518051,
            "mean": 0.217280983925,
            "median": 0.205557763577,
            "min": -3.3114130497,
            "var": 0.463873833418
        },
        "erbbands_spread": {
            "dmean": 11.1483535767,
            "dmean2": 16.93800354,
            "dvar": 126.129470825,
            "dvar2": 269.268249512,
            "max": 168.247802734,
            "mean": 48.5105819702,
            "median": 45.6759414673,
            "min": 1.70657467842,
            "var": 476.210662842
        },
        "gfcc": {
            "cov": [
                [
                    18176.046875,
                    -714.373291016,
                    206.321136475,
                    1300.01574707,
                    112.663192749,
                    758.424560547,
                    -103.779029846,
                    259.687103271,
                    -132.162734985,
                    176.773910522,
                    -276.182128906,
                    129.415023804,
                    -284.851593018
                ],
                [
                    -714.373291016,
                    1150.22546387,
                    -84.8299255371,
                    -19.337562561,
                    150.053588867,
                    18.1492500305,
                    100.84337616,
                    19.3851032257,
                    44.1605491638,
                    -72.3374786377,
                    66.0585021973,
                    -117.050643921,
                    41.3868179321
                ],
                [
                    206.321136475,
                    -84.8299255371,
                    879.008666992,
                    292.477630615,
                    220.712020874,
                    191.009567261,
                    137.084747314,
                    27.9811325073,
                    118.785995483,
                    58.6259040833,
                    -52.5718002319,
                    68.9868545532,
                    -57.912109375
                ],
                [
                    1300.01574707,
                    -19.337562561,
                    292.477630615,
                    482.944366455,
                    195.397155762,
                    140.148910522,
                    36.444103241,
                    64.204498291,
                    66.9608230591,
                    17.7047214508,
                    -34.9168319702,
                    32.2124061584,
                    -3.74904799461
                ],
                [
                    112.663192749,
                    150.053588867,
                    220.712020874,
                    195.397155762,
                    324.30178833,
                    114.039245605,
                    98.1141662598,
                    34.9598503113,
                    84.0953216553,
                    0.517301082611,
                    2.87001037598,
                    3.16706085205,
                    8.91185569763
                ],
                [
                    758.424560547,
                    18.1492500305,
                    191.009567261,
                    140.148910522,
                    114.039245605,
                    245.905197144,
                    110.569168091,
                    42.792224884,
                    18.9643669128,
                    40.2141075134,
                    13.9707679749,
                    2.13643074036,
                    -15.9299201965
                ],
                [
                    -103.779029846,
                    100.84337616,
                    137.084747314,
                    36.444103241,
                    98.1141662598,
                    110.569168091,
                    229.817398071,
                    21.2621212006,
                    52.7264442444,
                    15.2747507095,
                    25.2471961975,
                    -3.01031947136,
                    -16.7627925873
                ],
                [
                    259.687103271,
                    19.3851032257,
                    27.9811325073,
                    64.204498291,
                    34.9598503113,
                    42.792224884,
                    21.2621212006,
                    164.371643066,
                    61.8231430054,
                    18.2817420959,
                    6.59565496445,
                    7.04620742798,
                    13.5097455978
                ],
                [
                    -132.162734985,
                    44.1605491638,
                    118.785995483,
                    66.9608230591,
                    84.0953216553,
                    18.9643669128,
                    52.7264442444,
                    61.8231430054,
                    140.62638855,
                    28.5967502594,
                    -1.01966440678,
                    15.9411211014,
                    1.87140786648
                ],
                [
                    176.773910522,
                    -72.3374786377,
                    58.6259040833,
                    17.7047214508,
                    0.517301082611,
                    40.2141075134,
                    15.2747507095,
                    18.2817420959,
                    28.5967502594,
                    108.547813416,
                    42.113067627,
                    17.7137069702,
                    -9.04605770111
                ],
                [
                    -276.182128906,
                    66.0585021973,
                    -52.5718002319,
                    -34.9168319702,
                    2.87001037598,
                    13.9707679749,
                    25.2471961975,
                    6.59565496445,
                    -1.01966440678,
                    42.113067627,
                    113.271987915,
                    13.1046209335,
                    19.8832111359
                ],
                [
                    129.415023804,
                    -117.050643921,
                    68.9868545532,
                    32.2124061584,
                    3.16706085205,
                    2.13643074036,
                    -3.01031947136,
                    7.04620742798,
                    15.9411211014,
                    17.7137069702,
                    13.1046209335,
                    91.740524292,
                    12.4506464005
                ],
                [
                    -284.851593018,
                    41.3868179321,
                    -57.912109375,
                    -3.74904799461,
                    8.91185569763,
                    -15.9299201965,
                    -16.7627925873,
                    13.5097455978,
                    1.87140786648,
                    -9.04605770111,
                    19.8832111359,
                    12.4506464005,
                    80.9434051514
                ]
            ],
            "icov": [
                [
                    0.000102453457657,
                    -1.5941564925e-05,
                    0.000157760150614,
                    -0.000278768799035,
                    6.66467676638e-05,
                    -0.00030750958831,
                    9.52250920818e-05,
                    -0.000101739016827,
                    0.000176606976311,
                    -0.000190507853404,
                    0.000303389591863,
                    -0.000258268119069,
                    0.000377331045456
                ],
                [
                    -1.5941564925e-05,
                    0.00131582852919,
                    -3.43855426763e-05,
                    9.13327530725e-05,
                    -0.000445594807388,
                    0.000118325617223,
                    -0.000273159646895,
                    3.51143607986e-05,
                    -0.000559556647204,
                    0.00120874354616,
                    -0.00130703812465,
                    0.00182133622002,
                    -0.000550413562451
                ],
                [
                    0.000157760150614,
                    -3.43855426763e-05,
                    0.00233154883608,
                    -0.000941602978855,
                    -0.000469432707177,
                    -0.00124391319696,
                    -0.000284825597191,
                    0.000389915046981,
                    -0.000570566393435,
                    -0.00101802439895,
                    0.00170144997537,
                    -0.00185401691124,
                    0.0016467574751
                ],
                [
                    -0.000278768799035,
                    9.13327530725e-05,
                    -0.000941602978855,
                    0.00428220396861,
                    -0.00172026245855,
                    -0.00040670618182,
                    0.000694515008945,
                    -0.000440191739472,
                    -0.000595941382926,
                    0.000471440405818,
                    0.000135751877679,
                    -1.22478595586e-05,
                    -0.00114141078666
                ],
                [
                    6.66467676638e-05,
                    -0.000445594807388,
                    -0.000469432707177,
                    -0.00172026245855,
                    0.0058558867313,
                    -0.00142936827615,
                    -0.000660577439703,
                    0.000689019972924,
                    -0.00224613724276,
                    0.00129205407575,
                    -0.000587289687246,
                    0.000391166773625,
                    -0.000850579235703
                ],
                [
                    -0.00030750958831,
                    0.000118325617223,
                    -0.00124391319696,
                    -0.00040670618182,
                    -0.00142936827615,
                    0.0086365332827,
                    -0.00319644599222,
                    -0.00142811320256,
                    0.00261103664525,
                    -0.00178900640458,
                    -0.00110919342842,
                    0.00168352213223,
                    -0.000864811707288
                ],
                [
                    9.52250920818e-05,
                    -0.000273159646895,
                    -0.000284825597191,
                    0.000694515008945,
                    -0.000660577439703,
                    -0.00319644599222,
                    0.00705699063838,
                    0.000315360666718,
                    -0.00212324340828,
                    0.00111158983782,
                    -0.00142709864303,
                    -7.93766230345e-05,
                    0.00169172487222
                ],
                [
                    -0.000101739016827,
                    3.51143607986e-05,
                    0.000389915046981,
                    -0.000440191739472,
                    0.000689019972924,
                    -0.00142811320256,
                    0.000315360666718,
                    0.00824088230729,
                    -0.00427212566137,
                    0.000271560595138,
                    -0.000523128139321,
                    0.000417099217884,
                    -0.00159098324366
                ],
                [
                    0.000176606976311,
                    -0.000559556647204,
                    -0.000570566393435,
                    -0.000595941382926,
                    -0.00224613724276,
                    0.00261103664525,
                    -0.00212324340828,
                    -0.00427212566137,
                    0.0129871591926,
                    -0.00429522339255,
                    0.00263409432955,
                    -0.00190363754518,
                    0.000371753383661
                ],
                [
                    -0.000190507853404,
                    0.00120874354616,
                    -0.00101802439895,
                    0.000471440405818,
                    0.00129205407575,
                    -0.00178900640458,
                    0.00111158983782,
                    0.000271560595138,
                    -0.00429522339255,
                    0.0152581445873,
                    -0.00762687576935,
                    0.00115093961358,
                    0.00119653122965
                ],
                [
                    0.000303389591863,
                    -0.00130703812465,
                    0.00170144997537,
                    0.000135751877679,
                    -0.000587289687246,
                    -0.00110919342842,
                    -0.00142709864303,
                    -0.000523128139321,
                    0.00263409432955,
                    -0.00762687576935,
                    0.0152708226815,
                    -0.0043602399528,
                    -0.0013960308861
                ],
                [
                    -0.000258268119069,
                    0.00182133622002,
                    -0.00185401691124,
                    -1.22478595586e-05,
                    0.000391166773625,
                    0.00168352213223,
                    -7.93766230345e-05,
                    0.000417099217884,
                    -0.00190363754518,
                    0.00115093961358,
                    -0.0043602399528,
                    0.0162028297782,
                    -0.00421359436586
                ],
                [
                    0.000377331045456,
                    -0.000550413562451,
                    0.0016467574751,
                    -0.00114141078666,
                    -0.000850579235703,
                    -0.000864811707288,
                    0.00169172487222,
                    -0.00159098324366,
                    0.000371753383661,
                    0.00119653122965,
                    -0.0013960308861,
                    -0.00421359436586,
                    0.0167444720864
                ]
            ],
            "mean": [
                5.01752376556,
                67.7343521118,
                -93.6809616089,
                30.8427867889,
                -46.8804550171,
                21.4981212616,
                -26.6590614319,
                19.2106647491,
                -21.9509353638,
                3.57414126396,
                -14.4794864655,
                -4.91523647308,
                -12.5830402374
            ]
        },
        "hfc": {
            "dmean": 7.51891946793,
            "dmean2": 10.785443306,
            "dvar": 107.605735779,
            "dvar2": 219.395111084,
            "max": 108.237312317,
            "mean": 20.619600296,
            "median": 16.3384170532,
            "min": 1.06441654163e-16,
            "var": 299.290161133
        },
        "melbands": {
            "dmean": [
                0.00424872152507,
                0.00647515477613,
                0.00281372759491,
                0.000442366406787,
                0.000143667246448,
                6.61258163746e-05,
                5.46152841707e-05,
                0.000108655651275,
                0.000127284001792,
                9.41348698689e-05,
                8.96701021702e-05,
                5.24641254742e-05,
                2.79115720332e-05,
                4.18298259319e-05,
                2.61388177023e-05,
                2.52928603004e-05,
                2.71551289188e-05,
                2.35368206631e-05,
                1.76335961442e-05,
                1.59612154675e-05,
                1.30381586132e-05,
                8.73845965543e-06,
                7.2392454058e-06,
                1.01240293588e-05,
                7.96406129666e-06,
                5.64421179661e-06,
                4.70344957648e-06,
                4.68799680675e-06,
