{
    "lowlevel": {
        "average_loudness": 0.95310997963,
        "barkbands": {
            "dmean": [
                0.0143121983856,
                0.0137738166377,
                0.0022262588609,
                0.0011421268573,
                0.00119138683658,
                0.00137010775506,
                0.00108358787838,
                0.000860848638695,
                0.00148063432425,
                0.00129483570345,
                0.00112720800098,
                0.000770926766563,
                0.000878581835423,
                0.000641864724457,
                0.00040849178913,
                0.000317892467137,
                0.000272665522061,
                0.000250878452789,
                0.000146704682265,
                0.000138746603625,
                9.3442024081e-05,
                4.10000648117e-05,
                2.74285266642e-05,
                1.56966307259e-05,
                4.58536214865e-06,
                2.71861117653e-05,
                0.0004187321465
            ],
            "dmean2": [
                0.0223923940212,
                0.0221562869847,
                0.00376287521794,
                0.00194623868447,
                0.00195492757484,
                0.00214922311716,
                0.0016935581807,
                0.00137994170655,
                0.00227138982154,
                0.0019995062612,
                0.00179515499622,
                0.00125285459217,
                0.00140527880285,
                0.00108207785524,
                0.000682985002641,
                0.000540923094377,
                0.000462742144009,
                0.000411504966905,
                0.000233571205172,
                0.000214065818,
                0.000133686669869,
                5.92139585933e-05,
                3.90582645196e-05,
                2.28912122111e-05,
                7.17812417861e-06,
                3.81899117201e-05,
                0.000619227939751
            ],
            "dvar": [
                0.000868762901518,
                0.000686714891344,
                1.38314962896e-05,
                3.85682960768e-06,
                4.16255761593e-06,
                7.75566149969e-06,
                4.36806658399e-06,
                3.96892664867e-06,
                9.70228211372e-06,
                8.22331185191e-06,
                8.22780293674e-06,
                2.1606917926e-06,
                2.34717663261e-06,
                1.09944801352e-06,
                4.6529970632e-07,
                2.44282574613e-07,
                2.1728021693e-07,
                1.54083792836e-07,
                5.05322681477e-08,
                7.67277441582e-08,
                2.80959913113e-08,
                4.37722214031e-09,
                2.10871653472e-09,
                6.64702126674e-10,
                4.56824023054e-11,
                1.82135040383e-09,
                2.41332713813e-07
            ],
            "dvar2": [
                0.00192691083066,
                0.00169081636705,
                3.62156170013e-05,
                1.04859300336e-05,
                1.0247253158e-05,
                1.61213120009e-05,
                1.01263285615e-05,
                9.85710721579e-06,
                2.10059552046e-05,
                1.73465305124e-05,
                1.81795185199e-05,
                5.1497027016e-06,
                5.34197215529e-06,
                2.86183853859e-06,
                1.25110807403e-06,
                6.64382241666e-07,
                5.89354499425e-07,
                4.1168547682e-07,
                1.1582729087e-07,
                1.6116871393e-07,
                5.1763809239e-08,
                8.62919335987e-09,
                4.02557187584e-09,
                1.37837241621e-09,
                1.04511621579e-10,
                3.42909722839e-09,
                5.25489554093e-07
            ],
            "max": [
                0.345434725285,
                0.295224636793,
                0.0803882703185,
                0.0406810641289,
                0.0453220382333,
                0.101555123925,
                0.0432189740241,
                0.0410875491798,
                0.0811993703246,
                0.0619609355927,
                0.0843887031078,
                0.0367489568889,
                0.0360848419368,
                0.0172273796052,
                0.0192087218165,
                0.00672847032547,
                0.00614290079102,
                0.00837516691536,
                0.00657839234918,
                0.00815168302506,
                0.00393221806735,
                0.00155128049664,
                0.000932606984861,
                0.000503299117554,
                0.000101463512692,
                0.000752404215746,
                0.00780648551881
            ],
            "mean": [
                0.017936296761,
                0.0178742334247,
                0.00268951826729,
                0.00149224640336,
                0.00195493083447,
                0.00248894211836,
                0.00196552858688,
                0.00120706367306,
                0.00231956806965,
                0.00195926474407,
                0.00159466243349,
                0.00122087018099,
                0.00138899625745,
                0.00090802856721,
                0.000688689178787,
                0.000472983083455,
                0.000410946086049,
                0.000475769891636,
                0.000289848976536,
                0.000263826106675,
                0.000193803673028,
                8.48727868288e-05,
                5.43467831449e-05,
                2.83065382973e-05,
                5.62509694646e-06,
                5.10114805365e-05,
                0.00131613749545
            ],
            "median": [
                0.00784313865006,
                0.00857490301132,
                0.00130034214817,
                0.000671624846291,
                0.00117655470967,
                0.00132899754681,
                0.000830675126053,
                0.000489442725666,
                0.000976555980742,
                0.000649926369078,
                0.000634510652162,
                0.000698712188751,
                0.000738978560548,
                0.000518542306963,
                0.000422400917159,
                0.000309807190206,
                0.000246892712312,
                0.000305184454191,
                0.000187523299246,
                0.000143254059367,
                0.000109140157292,
                4.69768929179e-05,
                2.65997659881e-05,
                1.18429234135e-05,
                2.68107942247e-06,
                2.58545660472e-05,
                0.00115333509166
            ],
            "min": [
                2.63885214064e-25,
                2.44250840842e-24,
                1.96478883815e-24,
                2.77661363223e-25,
                3.69806711657e-24,
                8.6105335319e-24,
                7.70665434012e-24,
                1.29336790414e-23,
                1.29922598522e-23,
                2.11819550239e-23,
                1.7883694447e-23,
                1.84179994044e-23,
                2.60347165016e-23,
                2.35831608447e-23,
                5.34594879597e-23,
                7.37124882702e-23,
                6.01751050221e-23,
                7.10030855378e-23,
                1.180201295e-22,
                1.77195930771e-22,
                2.65951239197e-22,
                3.02253482096e-22,
                3.53628824788e-22,
                5.78466274436e-22,
                9.56897416198e-22,
                1.27398042308e-21,
                1.97453888915e-21
            ],
            "var": [
                0.000983650097623,
                0.000729803170543,
                1.77932270162e-05,
                6.71032421451e-06,
                7.81559901952e-06,
                2.61808036157e-05,
                1.33379726321e-05,
                5.83871587878e-06,
                1.75407421921e-05,
                1.66869613167e-05,
                1.44544328577e-05,
                3.77190144718e-06,
                4.86856788484e-06,
                1.47086177549e-06,
                7.87277770087e-07,
                2.89290795763e-07,
                2.56623508221e-07,
                3.27733829408e-07,
                1.29898040768e-07,
                1.75589093487e-07,
                8.14628151602e-08,
                1.35206965624e-08,
                6.26442497875e-09,
                1.87805770935e-09,
                6.64962598873e-11,
                4.95077756568e-09,
                1.24387088363e-06
            ]
        },
        "barkbands_crest": {
            "dmean": 2.86136078835,
            "dmean2": 4.57494401932,
            "dvar": 6.28298807144,
            "dvar2": 15.4439220428,
            "max": 25.1709365845,
            "mean": 10.5217990875,
            "median": 10.0522518158,
            "min": 2.67313170433,
            "var": 16.6450500488
        },
        "barkbands_flatness_db": {
            "dmean": 0.0275795795023,
            "dmean2": 0.0431195124984,
            "dvar": 0.000698864925653,
            "dvar2": 0.00170390447602,
            "max": 0.49924749136,
            "mean": 0.130739971995,
            "median": 0.121346011758,
            "min": 0.0217106509954,
            "var": 0.00281381374225
        },
        "barkbands_kurtosis": {
            "dmean": 5.81194782257,
            "dmean2": 9.38534736633,
            "dvar": 161.469329834,
            "dvar2": 435.42666626,
            "max": 393.985015869,
            "mean": 9.00709915161,
            "median": 3.36144900322,
            "min": -1.84041750431,
            "var": 445.985595703
        },
        "barkbands_skewness": {
            "dmean": 0.760251820087,
            "dmean2": 1.17370343208,
            "dvar": 0.84523922205,
            "dvar2": 1.99121916294,
            "max": 16.7662677765,
            "mean": 2.15542197227,
            "median": 1.71869921684,
            "min": -2.53625011444,
            "var": 3.01082730293
        },
        "barkbands_spread": {
            "dmean": 8.51191806793,
            "dmean2": 13.3458909988,
            "dvar": 76.5591812134,
            "dvar2": 176.656997681,
            "max": 132.478179932,
            "mean": 29.9286975861,
            "median": 28.6494636536,
            "min": 0.923704445362,
            "var": 248.9737854
        },
        "dissonance": {
            "dmean": 0.01946840249,
            "dmean2": 0.0324975848198,
            "dvar": 0.000401238212362,
            "dvar2": 0.00107239745557,
            "max": 0.500000059605,
            "mean": 0.468578606844,
            "median": 0.477164328098,
            "min": 0.260266661644,
            "var": 0.000801001326181
        },
        "dynamic_complexity": 2.63176608086,
        "erbbands": {
            "dmean": [
                0.854710757732,
                1.69443237782,
                2.55565333366,
                2.95423293114,
                3.9198551178,
                4.47520208359,
                6.65234470367,
                13.9471769333,
                14.7584581375,
                15.5363273621,
                21.5975341797,
                31.210559845,
                33.3683204651,
                42.4935073853,
                42.7431640625,
                27.929485321,
                33.9495582581,
                33.1152000427,
                24.6918640137,
                19.9380607605,
                14.2295513153,
                15.3383359909,
                13.7411088943,
                9.58221340179,
                6.22021102905,
                7.43042325974,
                4.49987697601,
                3.00264072418,
                1.58678662777,
                1.11178100109,
                0.660707831383,
                0.419622987509,
                0.209034904838,
                0.0628691390157,
                0.0295381434262,
                0.0446868389845,
                0.0519352592528,
                0.0449396111071,
                0.0325146503747,
                0.0101577080786
            ],
            "dmean2": [
                1.38076293468,
                2.84470891953,
                4.31376409531,
                4.98494768143,
                6.56297206879,
                7.43530511856,
                10.8013811111,
                21.6741600037,
                23.2321720123,
                24.0146846771,
                33.7877616882,
                47.8822021484,
                51.1207923889,
                66.8857192993,
                67.3836898804,
                45.326751709,
                54.8532562256,
                54.9398880005,
                41.0064888,
                33.5783576965,
                23.9064655304,
                26.052822113,
                22.6184425354,
                15.5760326385,
                9.62857532501,
                11.5864629745,
                6.56329298019,
                4.36695432663,
                2.28555512428,
                1.59290552139,
                0.945671856403,
                0.610304296017,
                0.307093650103,
                0.095669105649,
                0.0466949008405,
                0.0651984810829,
                0.072655685246,
                0.0620502494276,
                0.0458230637014,
                0.014929686673
            ],
            "dvar": [
                2.83652806282,
                11.1218013763,
                18.4329166412,
                21.511920929,
                51.115032196,
                75.1275253296,
                141.983642578,
                1048.12072754,
                819.890625,
                1027.53637695,
                2031.99267578,
                5233.06689453,
                4612.93261719,
                9192.76269531,
                14584.2763672,
                2107.01831055,
                3349.07495117,
                2857.29467773,
                1513.94140625,
                968.508728027,
                449.956542969,
                742.647216797,
                457.92276001,
                213.543807983,
                117.714027405,
                218.408096313,
                64.0893325806,
                32.0272369385,
                6.56766986847,
                3.02041363716,
                1.35437226295,
                0.554819762707,
                0.106816761196,
                0.00813653413206,
                0.00196543917991,
                0.00438942760229,
                0.00719914585352,
                0.00409143744037,
                0.00199338444509,
                0.000131989145302
            ],
            "dvar2": [
                6.90641450882,
                29.7151641846,
                47.9795799255,
                57.861114502,
                129.10697937,
                185.054275513,
                339.956695557,
                2107.76611328,
                1935.62646484,
                2319.69238281,
                4745.35839844,
                11718.5673828,
                9713.34179688,
                22186.8828125,
                30752.0351562,
                5040.04296875,
                7964.359375,
                7050.82958984,
                3910.51660156,
                2617.58056641,
                1197.24902344,
                2021.9876709,
                1226.67785645,
                543.296386719,
                241.631164551,
                484.423431396,
                123.105300903,
                62.1729240417,
                12.9902181625,
                5.99854421616,
                2.66002821922,
                1.12927770615,
                0.229152172804,
                0.0176862590015,
                0.00463640224189,
                0.00879569817334,
                0.013737170957,
                0.00761386053637,
                0.00392084242776,
                0.000284371548332
            ],
            "max": [
                18.9205703735,
                36.4281768799,
                72.7472839355,
                89.0030441284,
                175.656997681,
                219.608093262,
                328.482666016,
                1290.60925293,
                593.664001465,
                775.505310059,
                688.196166992,
                2397.73266602,
                1429.64782715,
                2072.38134766,
                4201.85595703,
                968.397766113,
                1263.3302002,
                1298.44360352,
                962.062133789,
                525.857116699,
                256.848327637,
                365.871032715,
                385.980865479,
                308.317138672,
                373.779205322,
                385.961608887,
                188.710922241,
                175.271118164,
                58.0903663635,
                32.5534553528,
                29.7784824371,
                16.6589488983,
                5.31194400787,
                1.89269375801,
                0.585047781467,
                1.18230879307,
                1.8266299963,
                0.881391167641,
                0.736711621284,
                0.184264481068
            ],
            "mean": [
                1.06898128986,
                2.05561923981,
                3.17506814003,
                4.13761377335,
                5.54970407486,
                6.94684123993,
                11.1262636185,
                25.2041835785,
                25.2997245789,
                28.4522609711,
                33.7444076538,
                49.1896896362,
                54.3847427368,
                65.5776519775,
                66.3194961548,
                48.9468650818,
                56.6875419617,
                51.9671821594,
                41.9259147644,
                33.4549827576,
                23.6839065552,
                23.9784107208,
                25.8052062988,
                19.4737453461,
                13.0091047287,
                13.462720871,
                9.17921066284,
                6.20374107361,
                3.27029561996,
                2.22510814667,
                1.3454324007,
                0.809338629246,
                0.344083249569,
                0.0863633081317,
                0.0357842817903,
                0.071549423039,
                0.102767169476,
                0.0933367758989,
                0.078175060451,
                0.038362197578
            ],
            "median": [
                0.464218378067,
                1.0262093544,
                1.6474916935,
                2.27450847626,
                2.6969833374,
                3.633259058,
                6.84208202362,
                11.9062013626,
                12.5078687668,
                10.9626741409,
                14.4316673279,
                21.1222362518,
                23.1094532013,
                27.3223400116,
                30.4304504395,
                29.7156505585,
                33.4186210632,
                30.9783172607,
                26.86120224,
                21.5080871582,
                16.9173164368,
                15.1396255493,
                17.383026123,
                12.3451004028,
                8.25786590576,
                7.26962280273,
                5.13085460663,
                3.44773483276,
                1.85948204994,
                1.18201255798,
                0.625283956528,
                0.328825116158,
                0.148261398077,
                0.0423089042306,
                0.0173777341843,
                0.0332612469792,
                0.0482505559921,
                0.057842373848,
                0.0574363395572,
                0.0361007899046
            ],
            "min": [
                8.41216972412e-23,
                6.4154980233e-22,
                2.71301326673e-21,
                3.55178713061e-21,
                6.35158307388e-21,
                1.41418254879e-20,
                4.09228738003e-20,
                9.32103303377e-20,
                9.27311795055e-20,
                1.57453441859e-19,
                4.49246443568e-19,
                2.97611131645e-19,
                8.51032882504e-19,
                5.74198589142e-19,
                1.09239064016e-18,
                1.23003359749e-18,
                1.59271703752e-18,
                1.97950565798e-18,
                2.73552330205e-18,
                3.47873784459e-18,
                4.25172489213e-18,
                4.5919347655e-18,
                4.16334519318e-18,
                7.77094412873e-18,
                7.22215859595e-18,
                8.65934851432e-18,
                8.38989856568e-18,
                1.10329068861e-17,
                1.05886306606e-17,
                1.11178616437e-17,
                9.71488308831e-18,
                1.02522146511e-17,
                7.36579271906e-18,
                7.28938356434e-18,
                6.19437096842e-18,
                4.2236011649e-18,
                2.33029041509e-18,
                8.86781457229e-19,
                2.52769231198e-19,
                2.67701253278e-20
            ],
            "var": [
                2.94336819649,
                10.0989313126,
                21.536397934,
                35.6197776794,
                75.3012008667,
                153.513305664,
                269.739868164,
                3729.20336914,
                1667.9173584,
                3265.24609375,
                3611.3737793,
                8892.40234375,
                9270.25585938,
                14063.0146484,
                28441.0605469,
                4443.00390625,
                6473.03369141,
                4918.48486328,
                2618.43286133,
                1564.59387207,
                609.265991211,
                835.967590332,
                906.226379395,
                537.723937988,
                331.379058838,
                442.851226807,
                176.875213623,
                86.5447845459,
                20.0626106262,
                9.04302120209,
                4.14479494095,
                1.66772353649,
                0.257518142462,
                0.014449423179,
                0.00264109182172,
                0.00997341424227,
                0.0213873106986,
                0.012004699558,
                0.00654444191605,
                0.000851869408507
            ]
        },
        "erbbands_crest": {
            "dmean": 2.58331155777,
            "dmean2": 4.13403987885,
            "dvar": 6.41824865341,
            "dvar2": 14.8996868134,
            "max": 30.6568508148,
            "mean": 8.2829914093,
            "median": 7.15071249008,
            "min": 2.37176251411,
            "var": 17.1242313385
        },
        "erbbands_flatness_db": {
            "dmean": 0.0214996375144,
            "dmean2": 0.0304762739688,
            "dvar": 0.000379653472919,
            "dvar2": 0.000729749270249,
            "max": 0.31595787406,
            "mean": 0.134479671717,
            "median": 0.12841668725,
            "min": 0.0199769511819,
            "var": 0.00183880247641
        },
        "erbbands_kurtosis": {
            "dmean": 0.968384325504,
            "dmean2": 1.53714454174,
            "dvar": 1.69143331051,
            "dvar2": 3.95911383629,
            "max": 23.6039810181,
            "mean": 0.740790069103,
            "median": 0.219404101372,
            "min": -1.70747208595,
            "var": 3.75116539001
        },
        "erbbands_skewness": {
            "dmean": 0.369925320148,
            "dmean2": 0.565514981747,
            "dvar": 0.112429514527,
            "dvar2": 0.251326829195,
            "max": 3.0955684185,
            "mean": 0.146558731794,
            "median": 0.126668810844,
            "min": -3.51825237274,
            "var": 0.460622131824
        },
        "erbbands_spread": {
            "dmean": 6.5862364769,
            "dmean2": 10.0760364532,
            "dvar": 42.6219482422,
            "dvar2": 99.8161849976,
            "max": 151.435760498,
            "mean": 28.882724762,
            "median": 27.1714630127,
            "min": 2.55581569672,
            "var": 168.888977051
        },
        "gfcc": {
            "cov": [
                [
                    17310.5683594,
                    24.514541626,
                    -1298.71838379,
                    3.06382226944,
                    -361.184509277,
                    -295.121948242,
                    347.775970459,
                    -93.375793457,
                    127.834686279,
                    -35.8234481812,
                    69.6702880859,
                    152.334487915,
                    -176.10697937
                ],
                [
                    24.514541626,
                    812.583496094,
                    -60.2598686218,
                    -253.184631348,
                    53.9619941711,
                    -80.1425323486,
                    -35.6678657532,
                    -63.2432975769,
                    -9.77584457397,
                    -25.3430252075,
                    25.9272670746,
                    -77.5953063965,
                    23.7495956421
                ],
                [
                    -1298.71838379,
                    -60.2598686218,
                    400.566101074,
                    149.896850586,
                    20.4855918884,
                    114.297035217,
                    -74.450378418,
                    54.3299598694,
                    -6.09344530106,
                    25.0063152313,
                    -23.1130542755,
                    -3.82215428352,
                    25.1351833344
                ],
                [
                    3.06382226944,
                    -253.184631348,
                    149.896850586,
                    307.378265381,
                    71.854888916,
                    35.7757911682,
                    22.5412559509,
                    -3.82564687729,
                    2.65809345245,
                    17.0405540466,
                    -30.1071968079,
                    24.5238075256,
                    -7.75522994995
                ],
                [
                    -361.184509277,
                    53.9619941711,
                    20.4855918884,
                    71.854888916,
                    219.053161621,
                    60.4988632202,
                    17.7946510315,
                    -35.7595062256,
                    2.16782450676,
                    -16.3059406281,
                    8.4510717392,
                    8.57205486298,
                    33.4101524353
                ],
                [
                    -295.121948242,
                    -80.1425323486,
                    114.297035217,
                    35.7757911682,
                    60.4988632202,
                    213.756317139,
                    -13.7281799316,
                    43.5699691772,
                    -30.1129550934,
                    9.3460226059,
                    8.11502838135,
                    27.3997573853,
                    20.1819000244
                ],
                [
                    347.775970459,
                    -35.6678657532,
                    -74.450378418,
                    22.5412559509,
                    17.7946510315,
                    -13.7281799316,
                    154.072219849,
                    15.0522165298,
                    34.4593963623,
                    -10.6510372162,
                    13.3096790314,
                    29.5960464478,
                    -3.54150748253
                ],
                [
                    -93.375793457,
                    -63.2432975769,
                    54.3299598694,
                    -3.82564687729,
                    -35.7595062256,
                    43.5699691772,
                    15.0522165298,
                    139.441421509,
                    48.6814727783,
                    25.0741996765,
                    4.82140159607,
                    0.745827972889,
                    5.86704540253
                ],
                [
                    127.834686279,
                    -9.77584457397,
                    -6.09344530106,
                    2.65809345245,
                    2.16782450676,
                    -30.1129550934,
                    34.4593963623,
                    48.6814727783,
                    113.709861755,
                    41.0391960144,
                    16.1732025146,
                    8.9873456955,
                    0.207140237093
                ],
                [
                    -35.8234481812,
                    -25.3430252075,
                    25.0063152313,
                    17.0405540466,
                    -16.3059406281,
                    9.3460226059,
                    -10.6510372162,
                    25.0741996765,
                    41.0391960144,
                    80.0825653076,
                    36.6726646423,
                    6.35879135132,
                    2.75727987289
                ],
                [
                    69.6702880859,
                    25.9272670746,
                    -23.1130542755,
                    -30.1071968079,
                    8.4510717392,
                    8.11502838135,
                    13.3096790314,
                    4.82140159607,
                    16.1732025146,
                    36.6726646423,
                    75.6693649292,
                    45.0983123779,
                    16.3641548157
                ],
                [
                    152.334487915,
                    -77.5953063965,
                    -3.82215428352,
                    24.5238075256,
                    8.57205486298,
                    27.3997573853,
                    29.5960464478,
                    0.745827972889,
                    8.9873456955,
                    6.35879135132,
                    45.0983123779,
                    85.7079315186,
                    36.4916763306
                ],
                [
                    -176.10697937,
                    23.7495956421,
                    25.1351833344,
                    -7.75522994995,
                    33.4101524353,
                    20.1819000244,
                    -3.54150748253,
                    5.86704540253,
                    0.207140237093,
                    2.75727987289,
                    16.3641548157,
                    36.4916763306,
                    71.5650482178
                ]
            ],
            "icov": [
                [
                    0.000105557861389,
                    -0.000170348575921,
                    0.00054729252588,
                    -0.000496012682561,
                    0.000423371122451,
                    -0.000276646285783,
                    9.42337937886e-05,
                    3.77169021704e-06,
                    -0.000272265664535,
                    0.000256594037637,
                    -0.000113358044473,
                    -0.000103259684693,
                    2.45116189035e-05
                ],
                [
                    -0.000170348575921,
                    0.00277036824264,
                    -0.00177285540849,
                    0.00286098080687,
                    -0.00162321282551,
                    0.00121181679424,
                    -0.000599178718403,
                    0.00115199037828,
                    0.000142509728903,
                    0.000561586231925,
                    -0.00227290275507,
                    0.0036544019822,
                    -0.00147964595817
                ],
                [
                    0.00054729252588,
                    -0.00177285540849,
                    0.00807723496109,
                    -0.00665629887953,
                    0.00421057036147,
                    -0.00432796450332,
                    0.0030332475435,
                    -0.00103542522993,
                    -0.00280663231388,
                    0.00290811038576,
                    -0.00186331709847,
                    0.00184084905777,
                    -0.00274981348775
                ],
                [
                    -0.000496012682561,
                    0.00286098080687,
                    -0.00665629887953,
                    0.0125777237117,
                    -0.007912280038,
                    0.00512410700321,
                    -0.00292469677515,
                    -6.16207835265e-05,
                    0.00511253904551,
                    -0.00936418958008,
                    0.0102259796113,
                    -0.00789872836322,
                    0.00567527022213
                ],
                [
                    0.000423371122451,
                    -0.00162321282551,
                    0.00421057036147,
                    -0.007912280038,
                    0.0124456435442,
                    -0.00686081405729,
                    0.000494795560371,
                    0.00432344293222,
                    -0.00713146058843,
                    0.00981476902962,
                    -0.00995376333594,
                    0.00960838980973,
                    -0.00794203393161
                ],
                [
                    -0.000276646285783,
                    0.00121181679424,
                    -0.00432796450332,
                    0.00512410700321,
                    -0.00686081405729,
                    0.0107481423765,
                    -0.000827615673188,
                    -0.00455221859738,
                    0.0075037330389,
                    -0.00698940875009,
                    0.00611669477075,
                    -0.00782828498632,
                    0.00433722091839
                ],
                [
                    9.42337937886e-05,
                    -0.000599178718403,
                    0.0030332475435,
                    -0.00292469677515,
                    0.000494795560371,
                    -0.000827615673188,
                    0.00979818403721,
                    -0.00166564015672,
                    -0.00354293710552,
                    0.00440308637917,
                    -0.00195212243125,
                    -0.00230212067254,
                    0.00113314203918
                ],
                [
                    3.77169021704e-06,
                    0.00115199037828,
                    -0.00103542522993,
                    -6.16207835265e-05,
                    0.00432344293222,
                    -0.00455221859738,
                    -0.00166564015672,
                    0.0131464414299,
                    -0.00749954581261,
                    0.0033820674289,
                    -0.00480512157083,
                    0.0075964438729,
                    -0.00479421950877
                ],
                [
                    -0.000272265664535,
                    0.000142509728903,
                    -0.00280663231388,
                    0.00511253904551,
                    -0.00713146058843,
                    0.0075037330389,
                    -0.00354293710552,
                    -0.00749954581261,
                    0.0200492069125,
                    -0.0151716154069,
                    0.0104311034083,
                    -0.0103461341932,
                    0.00589210959151
                ],
                [
                    0.000256594037637,
                    0.000561586231925,
                    0.00290811038576,
                    -0.00936418958008,
                    0.00981476902962,
                    -0.00698940875009,
                    0.00440308637917,
                    0.0033820674289,
                    -0.0151716154069,
                    0.0360347256064,
                    -0.0292357932776,
                    0.0209552217275,
                    -0.00960603915155
                ],
                [
                    -0.000113358044473,
                    -0.00227290275507,
                    -0.00186331709847,
                    0.0102259796113,
                    -0.00995376333594,
                    0.00611669477075,
                    -0.00195212243125,
                    -0.00480512157083,
                    0.0104311034083,
                    -0.0292357932776,
                    0.0488816909492,
                    -0.0354915969074,
                    0.0134735684842
                ],
                [
                    -0.000103259684693,
                    0.0036544019822,
                    0.00184084905777,
                    -0.00789872836322,
                    0.00960838980973,
                    -0.00782828498632,
                    -0.00230212067254,
                    0.0075964438729,
                    -0.0103461341932,
                    0.0209552217275,
                    -0.0354915969074,
                    0.0477726645768,
                    -0.0230056792498
                ],
                [
                    2.45116189035e-05,
                    -0.00147964595817,
                    -0.00274981348775,
                    0.00567527022213,
                    -0.00794203393161,
                    0.00433722091839,
                    0.00113314203918,
                    -0.00479421950877,
                    0.00589210959151,
                    -0.00960603915155,
                    0.0134735684842,
                    -0.0230056792498,
                    0.0280421543866
                ]
            ],
            "mean": [
                24.6305789948,
                82.960319519,
                -95.1516189575,
                -3.22905182838,
                -11.0661964417,
                -12.3590192795,
                4.17232847214,
                -12.4946336746,
                1.04149544239,
                -4.51721000671,
                -0.659595072269,
                0.103234998882,
                -5.05226993561
            ]
        },
        "hfc": {
            "dmean": 50.0811538696,
            "dmean2": 77.8252639771,
            "dvar": 3260.98217773,
            "dvar2": 7604.83300781,
            "max": 1400.08190918,
            "mean": 201.499084473,
            "median": 204.07989502,
            "min": 1.06679988058e-16,
            "var": 15004.5332031
        },
        "melbands": {
            "dmean": [
                0.00604702159762,
                0.00149810640141,
                0.000535857630894,
                0.000283862114884,
                0.000215266787563,
                0.000295480713248,
                0.000221284208237,
                0.000170752682607,
                0.000192603649339,
                0.000210346697713,
                0.000177433583303,
                0.000183439158718,
                0.000141514159623,
                9.81893390417e-05,
                8.62313827383e-05,
                8.36566687212e-05,
                6.18045232841e-05,
                4.56116467831e-05,
                3.29556169163e-05,
                2.66089955403e-05,
                1.5635492673e-05,
                1.76399444172e-05,
                1.43393972394e-05,
                1.22810724861e-05,
                8.1703728938e-06,
                5.22900654687e-06,
                4.53179836768e-06,
                5.51315633857e-06,
                3.03029105453e-06,
