{
    "lowlevel": {
        "average_loudness": 0.886799991131,
        "barkbands": {
            "dmean": [
                0.00032719981391,
                0.00129780813586,
                0.00129991443828,
                0.00137654691935,
                0.00155560334679,
                0.000835937447846,
                0.00083073915448,
                0.000606818124652,
                0.000580637017265,
                0.000382992875529,
                0.000287122966256,
                0.000313685653964,
                0.00030782513204,
                0.00032254634425,
                0.000376802432584,
                0.000226550007937,
                0.000271740980679,
                0.000189617712749,
                0.000137965558679,
                6.97450523148e-05,
                3.5495373595e-05,
                3.93646405428e-05,
                4.89288540848e-05,
                4.1738829168e-05,
                2.08330729947e-05,
                1.30811768031e-05,
                1.11787221613e-05
            ],
            "dmean2": [
                0.000517002481502,
                0.00196795444936,
                0.00216820486821,
                0.00232246145606,
                0.00253072171472,
                0.00127395545132,
                0.00124099780805,
                0.000899389327969,
                0.000870254996698,
                0.000575767480768,
                0.000438290677266,
                0.00047262039152,
                0.000481917231809,
                0.000487016688567,
                0.000578228267841,
                0.000350842863554,
                0.000430602405686,
                0.000289732968668,
                0.000213220249861,
                0.000112238092697,
                6.01951578574e-05,
                6.57731943647e-05,
                7.15243222658e-05,
                5.91748976149e-05,
                2.85381920548e-05,
                1.94141503016e-05,
                1.44253699546e-05
            ],
            "dvar": [
                1.67929158579e-06,
                1.09552393042e-05,
                1.27203447846e-05,
                7.41910616853e-06,
                6.16001852904e-06,
                2.1767978069e-06,
                3.05263915834e-06,
                1.76568619281e-06,
                1.27310556763e-06,
                5.5428779433e-07,
                4.82417988223e-07,
                7.50732795041e-07,
                7.01297835803e-07,
                7.13623137472e-07,
                7.90100045833e-07,
                2.91378967177e-07,
                3.35239832339e-07,
                1.63786566532e-07,
                5.61849766711e-08,
                1.94152658395e-08,
                6.39561648086e-09,
                1.0565652353e-08,
                1.71487499756e-08,
                1.67722724598e-08,
                1.59551372114e-09,
                8.76497929791e-10,
                3.18208071004e-10
            ],
            "dvar2": [
                3.76455432161e-06,
                2.43504746322e-05,
                3.50683912984e-05,
                1.96947294171e-05,
                1.59223236551e-05,
                5.13180430062e-06,
                6.35949481875e-06,
                3.66749281966e-06,
                2.76259902421e-06,
                1.23264999274e-06,
                1.08267443011e-06,
                1.71160445461e-06,
                1.65624237525e-06,
                1.53687392412e-06,
                1.78075470103e-06,
                6.61029616822e-07,
                8.3735926637e-07,
                3.68999053535e-07,
                1.23065589719e-07,
                4.77234642915e-08,
                1.73832788164e-08,
                2.91985902123e-08,
                3.39595516152e-08,
                3.20795408015e-08,
                2.99268321236e-09,
                1.90005855494e-09,
                6.06396433067e-10
            ],
            "max": [
                0.0157205257565,
                0.0443549193442,
                0.0438160598278,
                0.0285553745925,
                0.0395389646292,
                0.0293144658208,
                0.0383873432875,
                0.0270690917969,
                0.0301431231201,
                0.0354108586907,
                0.0156008526683,
                0.0279368981719,
                0.0270840693265,
                0.0263880044222,
                0.0236119292676,
                0.0113421054557,
                0.0183524116874,
                0.00989858061075,
                0.00593931647018,
                0.00570243084803,
                0.00119850912597,
                0.00154066004325,
                0.00404151901603,
                0.00364128616638,
                0.00117012462579,
                0.000886552792508,
                0.000405715545639
            ],
            "mean": [
                0.000307361187879,
                0.00242485105991,
                0.00222484907135,
                0.00199384521693,
                0.00334136676975,
                0.00219643558376,
                0.0019252091879,
                0.00143028318416,
                0.00137028796598,
                0.000881354906596,
                0.000561484892387,
                0.000662893173285,
                0.000501536473166,
                0.000728676095605,
                0.00081670813961,
                0.00056591979228,
                0.000693734269589,
                0.000518196960911,
                0.00036522190203,
                0.00017606500478,
                7.23360790289e-05,
                7.93199506006e-05,
                0.000111408582598,
                8.7915432232e-05,
                5.10793506692e-05,
                2.27122036449e-05,
                1.80020469998e-05
            ],
            "median": [
                2.25271487579e-05,
                0.00169961003121,
                0.00143185234629,
                0.00110900518484,
                0.00224656285718,
                0.000995361129753,
                0.000660839490592,
                0.000441814947408,
                0.000521808920894,
                0.000465148419607,
                0.000218253931962,
                0.000220051268116,
                0.000168808008311,
                0.00020874288748,
                0.000256307772361,
                0.000207775185117,
                0.00025908841053,
                0.000157527101692,
                0.000193234634935,
                9.1330257419e-05,
                4.27423801739e-05,
                3.45156950061e-05,
                4.16443144786e-05,
                3.25102737406e-05,
                3.06533947878e-05,
                9.70576547843e-06,
                6.57923374092e-06
            ],
            "min": [
                1.02069963109e-23,
                9.8373479236e-24,
                1.02393325082e-23,
                1.99776878546e-23,
                3.5991901863e-23,
                5.38741006297e-23,
                3.00577556569e-23,
                1.93609090672e-23,
                4.72973577965e-23,
                4.48358372487e-23,
                3.64452823133e-23,
                8.99031389087e-23,
                3.74267010101e-23,
                7.23267184061e-23,
                9.91987918259e-23,
                1.05470406416e-22,
                1.78869817881e-22,
                1.75763132175e-22,
                1.63742078427e-22,
                2.25601041761e-22,
                3.22756746951e-22,
                5.39424955013e-22,
                6.71414738294e-22,
                8.21628748342e-22,
                1.0767807468e-21,
                1.68158528195e-21,
                2.26472560143e-21
            ],
            "var": [
                1.63407946729e-06,
                1.38097448144e-05,
                1.09565908133e-05,
                8.0449744928e-06,
                1.25150263557e-05,
                8.89797684067e-06,
                1.14816875794e-05,
                7.09007372279e-06,
                4.65154107587e-06,
                1.76031335286e-06,
                1.30359705963e-06,
                3.16930436384e-06,
                1.31521960611e-06,
                3.44138629771e-06,
                2.7260666684e-06,
                1.31351907839e-06,
                1.87631530935e-06,
                9.52728441916e-07,
                2.35013857264e-07,
                8.75308003856e-08,
                8.95918894628e-09,
                1.59604276462e-08,
                4.18570849092e-08,
                3.42964803224e-08,
                4.68607819215e-09,
                1.61263957743e-09,
                6.66002031302e-10
            ]
        },
        "barkbands_crest": {
            "dmean": 1.74827766418,
            "dmean2": 2.79181241989,
            "dvar": 3.02228045464,
            "dvar2": 7.77070045471,
            "max": 26.6838302612,
            "mean": 8.36420154572,
            "median": 7.58472442627,
            "min": 2.86364650726,
            "var": 11.2937288284
        },
        "barkbands_flatness_db": {
            "dmean": 0.0134140392765,
            "dmean2": 0.0197944734246,
            "dvar": 0.000197178975213,
            "dvar2": 0.000415640242863,
            "max": 0.408284574747,
            "mean": 0.123128563166,
            "median": 0.104993835092,
            "min": 0.0213089212775,
            "var": 0.00455400254577
        },
        "barkbands_kurtosis": {
            "dmean": 1.71880280972,
            "dmean2": 2.60010313988,
            "dvar": 35.8067703247,
            "dvar2": 80.8858184814,
            "max": 363.247589111,
            "mean": 3.84736800194,
            "median": 1.2884349823,
            "min": -1.93496620655,
            "var": 263.824615479
        },
        "barkbands_skewness": {
            "dmean": 0.353405535221,
            "dmean2": 0.522403895855,
            "dvar": 0.208126664162,
            "dvar2": 0.433725088835,
            "max": 11.8165969849,
            "mean": 1.31386744976,
            "median": 1.2513846159,
            "min": -17.9211616516,
            "var": 1.56380081177
        },
        "barkbands_spread": {
            "dmean": 3.67141103745,
            "dmean2": 5.39395284653,
            "dvar": 26.5806083679,
            "dvar2": 48.5444335938,
            "max": 136.34487915,
            "mean": 21.5163555145,
            "median": 20.3148403168,
            "min": 0.709680020809,
            "var": 130.430404663
        },
        "dissonance": {
            "dmean": 0.0160738173872,
            "dmean2": 0.0266814511269,
            "dvar": 0.000252656667726,
            "dvar2": 0.000661499041598,
            "max": 0.499999880791,
            "mean": 0.458620548248,
            "median": 0.467007428408,
            "min": 0.143713399768,
            "var": 0.00101072492544
        },
        "dynamic_complexity": 3.68926262856,
        "erbbands": {
            "dmean": [
                0.0506349429488,
                0.274202674627,
                1.25454795361,
                3.22713589668,
                4.99750709534,
                5.78727388382,
                6.48923301697,
                6.45626735687,
                9.9429807663,
                15.2081832886,
                12.3273639679,
                13.5484809875,
                12.809627533,
                10.4020767212,
                9.99512481689,
                13.7642288208,
                13.2519960403,
                16.7380886078,
                16.9703941345,
                17.600227356,
                12.4228820801,
                10.7316484451,
                9.84135341644,
                8.3026676178,
                4.76547956467,
                3.35917878151,
                1.65488362312,
                1.32219362259,
                1.43965709209,
                1.1819704771,
                1.62404060364,
                1.13043224812,
                0.556214988232,
                0.202762141824,
                0.193133980036,
                0.0690321326256,
                0.0226065889001,
                0.00555594405159,
                0.0022734971717,
                0.000147329395986
            ],
            "dmean2": [
                0.0843704119325,
                0.427335232496,
                2.07737517357,
                5.44997358322,
                8.23679065704,
                9.59910583496,
                9.79290962219,
                10.1960716248,
                15.2492370605,
                22.2887878418,
                17.81275177,
                20.3153877258,
                19.1532096863,
                15.7525978088,
                15.1643371582,
                20.6930999756,
                20.7181797028,
                25.0256404877,
                25.4428138733,
                26.4829216003,
                19.0696487427,
                16.5535030365,
                14.7511634827,
                12.5493326187,
                7.28259801865,
                5.35643911362,
                2.75812745094,
                2.25441551208,
                2.45110321045,
                1.86820328236,
                2.38369369507,
                1.63085997105,
                0.790362894535,
                0.284065783024,
                0.266510784626,
                0.102220147848,
                0.0337751619518,
                0.00800260901451,
                0.00299393595196,
                0.000184655596968
            ],
            "dvar": [
                0.0325406193733,
                0.372044563293,
                12.1422834396,
                46.1032829285,
                101.643005371,
                98.7614059448,
                121.533340454,
                173.348266602,
                451.955169678,
                1357.04382324,
                677.625793457,
                810.321899414,
                680.640014648,
                383.236480713,
                512.928466797,
                1369.6105957,
                1444.17199707,
                2098.69311523,
                1627.26550293,
                2228.61230469,
                744.122680664,
                463.17791748,
                438.577026367,
                239.638275146,
                75.7856140137,
                52.9029464722,
                11.0054111481,
                10.9889621735,
                15.247713089,
                7.09929418564,
                20.1813278198,
                12.5001621246,
                3.19081902504,
                0.179236039519,
                0.136513113976,
                0.0281102471054,
                0.00257989601232,
                0.000190323233255,
                1.28729479911e-05,
                5.13579792027e-08
            ],
            "dvar2": [
                0.0852951258421,
                0.832148373127,
                32.7599334717,
                126.511405945,
                251.679489136,
                273.531158447,
                275.856842041,
                438.324005127,
                1008.17816162,
                2693.54492188,
                1303.24768066,
                1763.32739258,
                1525.39746094,
                871.909301758,
                1187.14794922,
                3053.00195312,
                3588.22070312,
                4501.57910156,
                3475.4375,
                4990.10400391,
                1727.05712891,
                1084.81201172,
                974.584228516,
                514.886413574,
                164.094009399,
                127.574371338,
                29.0518341064,
                30.4866943359,
                42.7545852661,
                17.7976055145,
                39.8113021851,
                24.9158058167,
                6.26663732529,
                0.323499381542,
                0.273027211428,
                0.0593032427132,
                0.00582506554201,
                0.00039241835475,
                2.51067158388e-05,
                9.74822427224e-08
            ],
            "max": [
                2.44316411018,
                7.53311872482,
                37.8676452637,
                81.7909545898,
                144.75680542,
                172.841094971,
                355.825866699,
                229.350128174,
                594.683410645,
                1000.85015869,
                689.333618164,
                699.845397949,
                1324.68481445,
                412.467437744,
                590.044555664,
                1345.98522949,
                1400.5736084,
                1397.02307129,
                1296.1027832,
                1569.87792969,
                724.087524414,
                565.662475586,
                593.863342285,
                391.944061279,
                203.786224365,
                314.660400391,
                63.713306427,
                51.6097106934,
                68.8641662598,
                43.5032272339,
                141.762908936,
                91.9713134766,
                54.9535942078,
                8.94212341309,
                11.9801597595,
                5.77761936188,
                1.3214417696,
                0.495590031147,
                0.0558207072318,
                0.00314565422013
            ],
            "mean": [
                0.0683880671859,
                0.561212897301,
                2.21891570091,
                5.38452386856,
                8.03705883026,
                11.5307588577,
                17.485168457,
                15.4573068619,
                22.3614406586,
                34.7590789795,
                32.5885047913,
                32.1744766235,
                32.6146736145,
                24.4125976562,
                22.5681247711,
                30.3571014404,
                24.5465316772,
                39.6278991699,
                39.2350082397,
                42.146484375,
                35.5734939575,
                30.7562637329,
                29.1762809753,
                24.605764389,
                12.7085151672,
                8.6566696167,
                3.96801018715,
                2.6225297451,
                2.81207299232,
                2.57516980171,
                3.58249235153,
                2.39700484276,
                1.15883696079,
                0.518019378185,
                0.417353183031,
                0.123674876988,
                0.0382019281387,
                0.00953943002969,
                0.00358350761235,
                0.000253008154687
            ],
            "median": [
                0.0377095937729,
                0.417691767216,
                1.48023939133,
                3.46786308289,
                4.83428478241,
                6.75696182251,
                8.34086799622,
                6.54745864868,
                10.2381296158,
                9.79754447937,
                13.2449350357,
                12.8430519104,
                17.2323799133,
                12.6065578461,
                10.0513324738,
                11.2836475372,
                9.17704772949,
                12.2853803635,
                12.7701416016,
                12.9262428284,
                15.8105516434,
                12.9440832138,
                9.36793041229,
                10.8051681519,
                7.41033220291,
                4.36964035034,
                2.46592140198,
                1.31509208679,
                1.15623450279,
                1.20026683807,
                1.22463321686,
                0.845417499542,
                0.435862779617,
                0.257208704948,
                0.250365018845,
                0.0608607418835,
                0.0150055587292,
                0.00404552090913,
                0.00123909860849,
                0.000100697710877
            ],
            "min": [
                1.57471719703e-22,
                3.35181783311e-21,
                9.39501723097e-21,
                5.90836112242e-20,
                7.05050884778e-20,
                9.6153122302e-20,
                1.24207114335e-19,
                5.08769016279e-19,
                5.57901476713e-19,
                3.68546315267e-19,
                4.44329837104e-19,
                1.17137791006e-18,
                1.14198425379e-18,
                1.52715253082e-18,
                1.67199257986e-18,
                3.69116899284e-18,
                2.74556920379e-18,
                3.21918676635e-18,
                5.30416043397e-18,
                7.69204185164e-18,
                5.07662372697e-18,
                8.48821229021e-18,
                1.16751183331e-17,
                7.74454300512e-18,
                9.91834801231e-18,
                1.4022562613e-17,
                1.15263763698e-17,
                1.70139372212e-17,
                2.02115544259e-17,
                1.63566727413e-17,
                1.773731163e-17,
                1.4946668941e-17,
                1.44625217828e-17,
                1.23689599125e-17,
                7.83670995051e-18,
                6.73448764838e-18,
                2.89323562559e-18,
                1.38356865894e-18,
                2.67818619221e-19,
                3.21709313344e-20
            ],
            "var": [
                0.026350678876,
                0.518060982227,
                10.5236597061,
                46.9742126465,
                126.874191284,
                204.658599854,
                682.546813965,
                538.019348145,
                1260.17834473,
                5345.70800781,
                3613.32788086,
                2663.49414062,
                2428.44067383,
                1336.38525391,
                1560.93640137,
                6487.00195312,
                2713.10864258,
                9636.12109375,
                7215.55957031,
                7031.31494141,
                4105.52441406,
                2531.19262695,
                2668.56030273,
                1404.10510254,
                261.179779053,
                246.802749634,
                27.4100875854,
                15.0279750824,
                21.0292739868,
                14.8582935333,
                48.1797866821,
                24.6683692932,
                6.35434961319,
                0.567855834961,
                0.329020649195,
                0.0522653348744,
                0.00450556818396,
                0.000333975476678,
                2.62662906607e-05,
                1.10886361426e-07
            ]
        },
        "erbbands_crest": {
            "dmean": 1.99370837212,
            "dmean2": 3.1051762104,
            "dvar": 3.93234753609,
            "dvar2": 9.64602947235,
            "max": 27.9062328339,
            "mean": 8.91380310059,
            "median": 8.16222858429,
            "min": 2.4679608345,
            "var": 14.9207620621
        },
        "erbbands_flatness_db": {
            "dmean": 0.0138484314084,
            "dmean2": 0.0186769664288,
            "dvar": 0.000222587521421,
            "dvar2": 0.000380049954401,
            "max": 0.450028866529,
            "mean": 0.154188945889,
            "median": 0.144880309701,
            "min": 0.0261414740235,
            "var": 0.00356034329161
        },
        "erbbands_kurtosis": {
            "dmean": 0.51751947403,
            "dmean2": 0.784071147442,
            "dvar": 0.396900385618,
            "dvar2": 0.873946547508,
            "max": 29.3574714661,
            "mean": 0.216299682856,
            "median": -0.167223572731,
            "min": -1.64335167408,
            "var": 2.88819122314
        },
        "erbbands_skewness": {
            "dmean": 0.228930577636,
            "dmean2": 0.336815655231,
            "dvar": 0.0453699342906,
            "dvar2": 0.0990257635713,
            "max": 4.84143972397,
            "mean": 0.214344337583,
            "median": 0.197144150734,
            "min": -2.06256222725,
            "var": 0.452073991299
        },
        "erbbands_spread": {
            "dmean": 5.75264453888,
            "dmean2": 8.58323669434,
            "dvar": 55.5526542664,
            "dvar2": 113.947128296,
            "max": 132.96987915,
            "mean": 34.7295036316,
            "median": 33.1219558716,
            "min": 3.73187637329,
            "var": 248.641860962
        },
        "gfcc": {
            "cov": [
                [
                    19909.4316406,
                    -2929.81762695,
                    -1103.43200684,
                    1262.72875977,
                    -810.942138672,
                    431.889404297,
                    -482.752044678,
                    339.001586914,
                    14.2954854965,
                    279.543304443,
                    -154.246383667,
                    161.636428833,
                    -367.223999023
                ],
                [
                    -2929.81762695,
                    1527.28479004,
                    -75.2746963501,
                    -337.619140625,
                    185.719314575,
                    -169.778701782,
                    133.576019287,
                    -35.0779075623,
                    25.1843833923,
                    -44.2447128296,
                    68.4375228882,
                    -52.8972816467,
                    79.4474639893
                ],
                [
                    -1103.43200684,
                    -75.2746963501,
                    865.756347656,
                    250.37928772,
                    154.149780273,
                    160.405395508,
                    106.451957703,
                    10.0670213699,
                    38.0280952454,
                    0.156770721078,
                    -67.8367843628,
                    -11.2288475037,
                    45.365524292
                ],
                [
                    1262.72875977,
                    -337.619140625,
                    250.37928772,
                    544.874450684,
                    36.5486984253,
                    146.790817261,
                    -12.7552099228,
                    60.9450302124,
                    50.0630340576,
                    10.2726421356,
                    -64.6631393433,
                    -3.72118854523,
                    9.7538394928
                ],
                [
                    -810.942138672,
                    185.719314575,
                    154.149780273,
                    36.5486984253,
                    259.477905273,
                    18.0320396423,
                    55.8360977173,
                    20.3040733337,
                    37.2939605713,
                    11.4065246582,
                    -3.03897309303,
                    -13.3484172821,
                    54.2869987488
                ],
                [
                    431.889404297,
                    -169.778701782,
                    160.405395508,
                    146.790817261,
                    18.0320396423,
                    210.406234741,
                    60.7757034302,
                    9.44354820251,
                    22.2957725525,
                    14.6898965836,
                    -21.1324825287,
                    3.79651451111,
                    -5.19225215912
                ],
                [
                    -482.752044678,
                    133.576019287,
                    106.451957703,
                    -12.7552099228,
                    55.8360977173,
                    60.7757034302,
                    191.258407593,
                    -4.64361476898,
                    8.67690753937,
                    6.22869110107,
                    12.0649957657,
                    0.140546634793,
                    32.1408576965
                ],
                [
                    339.001586914,
                    -35.0779075623,
                    10.0670213699,
                    60.9450302124,
                    20.3040733337,
                    9.44354820251,
                    -4.64361476898,
                    113.093017578,
                    33.9718093872,
                    10.2021198273,
                    -0.818511605263,
                    5.40737724304,
                    -4.4448466301
                ],
                [
                    14.2954854965,
                    25.1843833923,
                    38.0280952454,
                    50.0630340576,
                    37.2939605713,
                    22.2957725525,
                    8.67690753937,
                    33.9718093872,
                    92.9633560181,
                    26.3002185822,
                    -2.96093225479,
                    -14.5039367676,
                    7.43761396408
                ],
                [
                    279.543304443,
                    -44.2447128296,
                    0.156770721078,
                    10.2726421356,
                    11.4065246582,
                    14.6898965836,
                    6.22869110107,
                    10.2021198273,
                    26.3002185822,
                    83.8643569946,
                    13.4724597931,
                    6.6733174324,
                    -3.75982451439
                ],
                [
                    -154.246383667,
                    68.4375228882,
                    -67.8367843628,
                    -64.6631393433,
                    -3.03897309303,
                    -21.1324825287,
                    12.0649957657,
                    -0.818511605263,
                    -2.96093225479,
                    13.4724597931,
                    91.5062408447,
                    22.2696208954,
                    0.646503984928
                ],
                [
                    161.636428833,
                    -52.8972816467,
                    -11.2288475037,
                    -3.72118854523,
                    -13.3484172821,
                    3.79651451111,
                    0.140546634793,
                    5.40737724304,
                    -14.5039367676,
                    6.6733174324,
                    22.2696208954,
                    81.8071136475,
                    20.0792217255
                ],
                [
                    -367.223999023,
                    79.4474639893,
                    45.365524292,
                    9.7538394928,
                    54.2869987488,
                    -5.19225215912,
                    32.1408576965,
                    -4.4448466301,
                    7.43761396408,
                    -3.75982451439,
                    0.646503984928,
                    20.0792217255,
                    117.477577209
                ]
            ],
            "icov": [
                [
                    0.000118064344861,
                    0.000108290965727,
                    0.000220984351472,
                    -0.000245581031777,
                    0.000181498544407,
                    -0.000137490293127,
                    4.40848889411e-05,
                    -0.000214740197407,
                    9.63665152085e-05,
                    -0.000324204273056,
                    0.00015478504065,
                    -0.00012312871695,
                    0.000124459227663
                ],
                [
                    0.000108290965727,
                    0.00115983816795,
                    0.000237441825448,
                    0.000223057169933,
                    -0.000452219770523,
                    0.000576785299927,
                    -0.00064455892425,
                    -3.0769060686e-05,
                    -0.000458992260974,
                    0.000385222636396,
                    -0.000342303013895,
                    0.000508348457515,
                    -0.000190043778275
                ],
                [
                    0.000220984351472,
                    0.000237441825448,
                    0.00210737576708,
                    -0.000945223495364,
                    -0.000447774771601,
                    -0.000882093445398,
                    -0.00051739992341,
                    -0.000102190540929,
                    0.000113250163849,
                    -0.000410112494137,
                    0.00108254828956,
                    -0.00033474288648,
                    0.00013147147547
                ],
                [
                    -0.000245581031777,
                    0.000223057169933,
                    -0.000945223495364,
                    0.00356155098416,
                    -0.000568723131437,
                    -0.00110417383257,
                    0.000601185427513,
                    -0.000645641586743,
                    -0.000997309805825,
                    0.000950985471718,
                    0.000602167798206,
                    0.000442160497187,
                    -0.000809418153949
                ],
                [
                    0.000181498544407,
                    -0.000452219770523,
                    -0.000447774771601,
                    -0.000568723131437,
                    0.00579892937094,
                    -0.000240372406552,
                    -0.000314400531352,
                    -0.00116637989413,
                    -0.000616808072664,
                    -0.00130569655448,
                    9.74578870228e-05,
                    0.000678234326188,
                    -0.00167434290051
                ],
                [
                    -0.000137490293127,
                    0.000576785299927,
                    -0.000882093445398,
                    -0.00110417383257,
                    -0.000240372406552,
                    0.00794067978859,
                    -0.00290095340461,
                    0.000965520914178,
                    -0.00126163498498,
                    9.604148363e-05,
                    0.000188707868801,
                    -0.00054100214038,
                    0.00107908318751
                ],
                [
                    4.40848889411e-05,
                    -0.00064455892425,
                    -0.00051739992341,
                    0.000601185427513,
                    -0.000314400531352,
                    -0.00290095340461,
                    0.00742124067619,
                    -0.000195824686671,
                    0.000564573623706,
                    -0.000637282850221,
                    -0.00101603707299,
                    0.000308354268782,
                    -0.00140038644895
                ],
                [
                    -0.000214740197407,
                    -3.0769060686e-05,
                    -0.000102190540929,
                    -0.000645641586743,
                    -0.00116637989413,
                    0.000965520914178,
                    -0.000195824686671,
                    0.0111831873655,
                    -0.00399810215458,
                    0.000918900012039,
                    -0.000460978539195,
                    -0.00152835063636,
                    0.00104727700818
                ],
                [
                    9.63665152085e-05,
                    -0.000458992260974,
                    0.000113250163849,
                    -0.000997309805825,
                    -0.000616808072664,
                    -0.00126163498498,
                    0.000564573623706,
                    -0.00399810215458,
                    0.0152198588476,
                    -0.00474360864609,
                    -8.70508156368e-05,
                    0.00307494588196,
                    -0.00106624513865
                ],
                [
                    -0.000324204273056,
                    0.000385222636396,
                    -0.000410112494137,
                    0.000950985471718,
                    -0.00130569655448,
                    9.604148363e-05,
                    -0.000637282850221,
                    0.000918900012039,
                    -0.00474360864609,
                    0.0151876816526,
                    -0.00256411242299,
                    -0.000925009371713,
                    0.000580810359679
                ],
                [
                    0.00015478504065,
                    -0.000342303013895,
                    0.00108254828956,
                    0.000602167798206,
                    9.74578870228e-05,
                    0.000188707868801,
                    -0.00101603707299,
                    -0.000460978539195,
                    -8.70508156368e-05,
                    -0.00256411242299,
                    0.0142524512485,
                    -0.00425396859646,
                    0.00104324135464
                ],
                [
                    -0.00012312871695,
                    0.000508348457515,
                    -0.00033474288648,
                    0.000442160497187,
                    0.000678234326188,
                    -0.00054100214038,
                    0.000308354268782,
                    -0.00152835063636,
                    0.00307494588196,
                    -0.000925009371713,
                    -0.00425396859646,
                    0.0157696306705,
                    -0.00401184661314
                ],
                [
                    0.000124459227663,
                    -0.000190043778275,
                    0.00013147147547,
                    -0.000809418153949,
                    -0.00167434290051,
                    0.00107908318751,
                    -0.00140038644895,
                    0.00104727700818,
                    -0.00106624513865,
                    0.000580810359679,
                    0.00104324135464,
                    -0.00401184661314,
                    0.0110564967617
                ]
            ],
            "mean": [
                -6.36139726639,
                93.7768325806,
                -109.904670715,
                13.5151777267,
                -44.9658317566,
                2.55506110191,
                -38.9997901917,
                7.34178256989,
                -20.3610744476,
                -7.09331798553,
                -13.6969270706,
                -4.61792469025,
                -11.6791877747
            ]
        },
        "hfc": {
            "dmean": 3.48854875565,
            "dmean2": 4.93967247009,
            "dvar": 23.5949039459,
            "dvar2": 45.3567276001,
            "max": 97.0783691406,
            "mean": 20.1524887085,
            "median": 16.1859664917,
            "min": 1.15113537772e-16,
            "var": 261.970611572
        },
        "melbands": {
            "dmean": [
                0.00039882468991,
                0.000541192654055,
                0.000591140589677,
                0.000363371043932,
                0.00022510655981,
                0.000149487197632,
                0.00015661593352,
                0.000156747031724,
                0.000100871206087,
                8.445577987e-05,
                6.43285238766e-05,
                4.32282286056e-05,
                4.03287340305e-05,
                3.37852252414e-05,
                3.57068856829e-05,
                2.79613032035e-05,
                3.41636805388e-05,
                2.89250128844e-05,
                2.25555304496e-05,
                2.14814062929e-05,
                1.75678651431e-05,
                1.33913645186e-05,
                1.18093203128e-05,
                9.48901833908e-06,
