{
    "lowlevel": {
        "average_loudness": 0.736986935139,
        "barkbands": {
            "dmean": [
                0.00036084727617,
                0.00524547416717,
                0.00287224724889,
                0.00101121061016,
                0.00300114229321,
                0.000590619631112,
                0.00108919816557,
                0.000850884767715,
                0.00063813716406,
                0.000277708284557,
                0.000155555375386,
                0.000214801577386,
                0.000183512878721,
                0.000216846674448,
                0.000260610540863,
                0.000168929269421,
                0.000154304609168,
                9.224092355e-05,
                0.000113670394057,
                7.81414200901e-05,
                8.57105405885e-05,
                5.29729877599e-05,
                4.37399212387e-05,
                4.00158060074e-05,
                4.64894292236e-05,
                1.97530134756e-05,
                4.51448522654e-06
            ],
            "dmean2": [
                0.000555474776775,
                0.00887919589877,
                0.00488825794309,
                0.00172865157947,
                0.00477603636682,
                0.000935330695938,
                0.00164089328609,
                0.00127750611864,
                0.000921050668694,
                0.000414939742768,
                0.000229649085668,
                0.000320670777,
                0.000273573648883,
                0.000318335572956,
                0.000395291950554,
                0.000253588688793,
                0.000238112479565,
                0.000147867554915,
                0.00018096184067,
                0.000125605147332,
                0.000134932604851,
                8.04342562333e-05,
                6.70113440719e-05,
                5.61690030736e-05,
                6.51097871014e-05,
                2.87238217425e-05,
                6.45207865091e-06
            ],
            "dvar": [
                8.07589231044e-07,
                0.000130581349367,
                5.86018577451e-05,
                5.98071937929e-06,
                4.31573971582e-05,
                1.94270569409e-06,
                5.30650186192e-06,
                3.91859703086e-06,
                2.30342402574e-06,
                5.74343573589e-07,
                2.12983820802e-07,
                6.29474584457e-07,
                3.33367495386e-07,
                4.54769093494e-07,
                6.48509910661e-07,
                2.11487872548e-07,
                1.65525122497e-07,
                5.6977746965e-08,
                7.13812937647e-08,
                4.76553800866e-08,
                4.65023681784e-08,
                1.79217707341e-08,
                1.70182836712e-08,
                2.11574135989e-08,
                4.79668074149e-08,
                7.04472569169e-09,
                1.90257407051e-10
            ],
            "dvar2": [
                1.9140236418e-06,
                0.00035262745223,
                0.000153772678459,
                1.6516969481e-05,
                0.000101925579656,
                4.7885814638e-06,
                1.23160643852e-05,
                8.45827980811e-06,
                4.46636931883e-06,
                1.23623078707e-06,
                4.34859458665e-07,
                1.27370753944e-06,
                7.29868816052e-07,
                9.46892839693e-07,
                1.41175257795e-06,
                4.15860000658e-07,
                3.80669860078e-07,
                1.38623050816e-07,
                1.73916049562e-07,
                1.23268833363e-07,
                1.11901158562e-07,
                4.07450855278e-08,
                3.67908370436e-08,
                4.05341644694e-08,
                8.90944207299e-08,
                1.61624811312e-08,
                4.04492245254e-10
            ],
            "max": [
                0.0183724276721,
                0.114445202053,
                0.0908713340759,
                0.0364236757159,
                0.10463128984,
                0.0370939895511,
                0.037149976939,
                0.0394386127591,
                0.0395821072161,
                0.0238194428384,
                0.0144244898111,
                0.0282888319343,
                0.0142955267802,
                0.0165529698133,
                0.0208836179227,
                0.0189435742795,
                0.00763985933736,
                0.00526655558497,
                0.00499486038461,
                0.00453889369965,
                0.00364755862392,
                0.00215976615436,
                0.00734833395109,
                0.00533540453762,
                0.00811374001205,
                0.00226869084872,
                0.000431170890806
            ],
            "mean": [
                0.000576476275455,
                0.00852193497121,
                0.00432788580656,
                0.00138307898305,
                0.00532413600013,
                0.00131287158001,
                0.00237080128863,
                0.00184821453877,
                0.00156581017654,
                0.000599783321377,
                0.00028774063685,
                0.000406545121223,
                0.000325159810018,
                0.000358847231837,
                0.000392315967474,
                0.000284763198579,
                0.000244224007474,
                0.000136162532726,
                0.000187293524505,
                0.000119915333926,
                0.000127168663312,
                8.09692573966e-05,
                6.93137480994e-05,
                6.9215617259e-05,
                7.75790249463e-05,
                2.9481099773e-05,
                6.11926134297e-06
            ],
            "median": [
                0.000120233788039,
                0.0039561172016,
                0.00157337263227,
                0.000444804725703,
                0.00239174347371,
                0.00051294232253,
                0.00095559359761,
                0.000528404605575,
                0.000464639917482,
                0.000159997332958,
                5.74339937884e-05,
                4.63716423837e-05,
                5.19068526046e-05,
                4.69510450785e-05,
                5.9347737988e-05,
                5.24690767634e-05,
                4.20011929236e-05,
                2.71876524494e-05,
                4.27028462582e-05,
                1.52501334014e-05,
                1.44014502439e-05,
                1.17031613627e-05,
                1.42870703712e-05,
                1.19917058328e-05,
                9.68100903265e-06,
                3.81513564207e-06,
                3.13813188768e-07
            ],
            "min": [
                1.38287143136e-23,
                4.95604135625e-23,
                9.09236283083e-23,
                2.93340862169e-23,
                6.91041900538e-23,
                3.87690046383e-23,
                1.11841707782e-22,
                3.17728465499e-23,
                4.50924978773e-23,
                1.04061191606e-22,
                8.6721940557e-23,
                8.79343377268e-23,
                1.28226247809e-22,
                1.47317565239e-22,
                2.71672689571e-22,
                1.64012373727e-22,
                1.84663124017e-22,
                1.85341254095e-22,
                1.49693096793e-22,
                4.8964467645e-22,
                3.52377476822e-22,
                4.4177225483e-22,
                7.93202240285e-22,
                7.4296742638e-22,
                1.22102258755e-21,
                1.66821155263e-21,
                2.24868988938e-21
            ],
            "var": [
                1.3605570075e-06,
                0.000190395265236,
                6.16542456555e-05,
                7.21678361515e-06,
                7.76136148488e-05,
                6.7387013587e-06,
                1.42650997077e-05,
                1.21099665193e-05,
                8.94634013093e-06,
                2.23327560889e-06,
                5.93306822338e-07,
                2.02305454877e-06,
                8.02006184131e-07,
                1.19498236018e-06,
                1.33508854105e-06,
                6.69840403589e-07,
                3.27387311927e-07,
                9.91413244833e-08,
                1.43139317288e-07,
                6.84129020101e-08,
                7.52492539391e-08,
                2.99976612439e-08,
                4.05635667278e-08,
                5.46863745399e-08,
                1.16275288065e-07,
                1.09729665354e-08,
                3.83605730514e-10
            ]
        },
        "barkbands_crest": {
            "dmean": 2.55260252953,
            "dmean2": 4.09666824341,
            "dvar": 6.22332954407,
            "dvar2": 15.6130104065,
            "max": 25.5433101654,
            "mean": 11.4310493469,
            "median": 10.7149219513,
            "min": 2.71663165092,
            "var": 18.3515796661
        },
        "barkbands_flatness_db": {
            "dmean": 0.0256030615419,
            "dmean2": 0.0371884815395,
            "dvar": 0.000903360894881,
            "dvar2": 0.00170971232001,
            "max": 0.53673940897,
            "mean": 0.197002783418,
            "median": 0.182170629501,
            "min": 0.0293839033693,
            "var": 0.00695409579203
        },
        "barkbands_kurtosis": {
            "dmean": 4.189702034,
            "dmean2": 6.53643846512,
            "dvar": 56.5790557861,
            "dvar2": 128.671127319,
            "max": 175.351898193,
            "mean": 7.56190347672,
            "median": 3.94494843483,
            "min": -1.93035411835,
            "var": 137.3046875
        },
        "barkbands_skewness": {
            "dmean": 0.596875429153,
            "dmean2": 0.892405450344,
            "dvar": 0.465798944235,
            "dvar2": 0.986414372921,
            "max": 10.8564453125,
            "mean": 1.8236438036,
            "median": 1.61194229126,
            "min": -2.40938687325,
            "var": 1.83863413334
        },
        "barkbands_spread": {
            "dmean": 4.2910618782,
            "dmean2": 6.46053028107,
            "dvar": 55.543094635,
            "dvar2": 113.209434509,
            "max": 108.245780945,
            "mean": 14.1249580383,
            "median": 9.9923324585,
            "min": 0.346236765385,
            "var": 172.73109436
        },
        "dissonance": {
            "dmean": 0.0274503324181,
            "dmean2": 0.0440461598337,
            "dvar": 0.000747345678974,
            "dvar2": 0.00180108542554,
            "max": 0.5,
            "mean": 0.428438723087,
            "median": 0.442626595497,
            "min": 0.17740996182,
            "var": 0.0027699933853
        },
        "dynamic_complexity": 3.92135882378,
        "erbbands": {
            "dmean": [
                0.156636252999,
                1.29871761799,
                3.38407993317,
                3.12167739868,
                6.72295570374,
                11.9091396332,
                6.4717040062,
                5.06136751175,
                12.6114473343,
                18.4520339966,
                15.678606987,
                14.3781881332,
                9.77703380585,
                7.07351350784,
                6.62951421738,
                7.62392663956,
                7.6990776062,
                9.73499107361,
                12.8128633499,
                11.7319660187,
                9.17772197723,
                8.72948360443,
                5.17329692841,
                4.27200746536,
                5.89393949509,
                3.64780282974,
                4.17164516449,
                2.53926706314,
                1.87596774101,
                1.92544519901,
                1.10329198837,
                0.754354834557,
                0.727459669113,
                0.577446758747,
                0.327788859606,
                0.141133859754,
                0.0219280067831,
                0.00533982785419,
                0.000736680056434,
                4.88650512125e-05
            ],
            "dmean2": [
                0.251407921314,
                2.26043796539,
                5.77925729752,
                5.21295690536,
                10.801115036,
                19.2251701355,
                10.3202266693,
                7.95695114136,
                19.6336746216,
                27.1337451935,
                23.0072727203,
                20.9659900665,
                13.8690729141,
                10.3969526291,
                9.59083366394,
                11.2842388153,
                11.4442062378,
                13.9831342697,
                19.0442829132,
                18.0007781982,
                13.3986759186,
                13.2890148163,
                8.13720607758,
                6.84458589554,
                9.19514846802,
                5.77995920181,
                6.58347892761,
                4.01187133789,
                2.86123228073,
                3.05786132812,
                1.66214168072,
                1.08708333969,
                1.02146196365,
                0.81740039587,
                0.466185718775,
                0.208431050181,
                0.0312635861337,
                0.00777678424492,
                0.00107592041604,
                7.03049299773e-05
            ],
            "dvar": [
                0.1226176247,
                8.60134029388,
                76.4281158447,
                63.2794837952,
                237.341125488,
                688.347839355,
                141.662017822,
                169.607788086,
                818.536376953,
                2100.15869141,
                1298.58850098,
                1380.00109863,
                637.293701172,
                335.046356201,
                320.772979736,
                1027.90136719,
                575.013061523,
                1056.45703125,
                1748.39501953,
                1247.3527832,
                657.779846191,
                557.25994873,
                178.611587524,
                106.738342285,
                221.865112305,
                96.7728881836,
                107.827293396,
                46.6836700439,
                22.9703502655,
                37.7171478271,
                10.7003030777,
                6.49551868439,
                7.69402313232,
                6.51951217651,
                3.13280439377,
                0.434141874313,
                0.00574583234265,
                0.000206809490919,
                6.32468618278e-06,
                3.23181552631e-08
            ],
            "dvar2": [
                0.312828212976,
                24.0761890411,
                197.036972046,
                170.213180542,
                577.028747559,
                1688.79199219,
                357.464569092,
                427.818664551,
                2046.33117676,
                4631.69628906,
                2632.93579102,
                2770.66455078,
                1306.22875977,
                677.424804688,
                638.269836426,
                2124.02075195,
                1226.30773926,
                2127.94726562,
                3597.70703125,
                2890.95385742,
                1189.6060791,
                1256.46057129,
                425.912017822,
                267.415161133,
                548.262695312,
                245.80267334,
                258.443695068,
                114.592330933,
                53.5200538635,
                93.4585571289,
                22.0232925415,
                13.2030973434,
                14.6014719009,
                12.2683410645,
                6.6283454895,
                0.989060521126,
                0.0120852673426,
                0.000456928682979,
                1.40111387736e-05,
                6.854740775e-08
            ],
            "max": [
                3.78770470619,
                29.1867733002,
                99.6124038696,
                112.080429077,
                252.252197266,
                432.307739258,
                273.280303955,
                379.644470215,
                581.438964844,
                1074.36779785,
                1030.64611816,
                1070.14990234,
                599.79284668,
                556.630004883,
                472.107086182,
                1374.47692871,
                760.796508789,
                974.755371094,
                1256.71069336,
                1039.44750977,
                1281.82678223,
                525.838012695,
                289.331390381,
                203.732849121,
                312.495727539,
                196.495269775,
                236.307861328,
                122.907836914,
                97.630065918,
                175.087265015,
                198.138595581,
                78.8194503784,
                98.6907348633,
                81.9448165894,
                83.4477157593,
                16.5580005646,
                2.5965321064,
                0.338666945696,
                0.0821407064795,
                0.00765877543017
            ],
            "mean": [
                0.242807582021,
                1.90050840378,
                5.27199554443,
                4.75427818298,
                10.416223526,
                20.0189628601,
                13.3249101639,
                11.7851133347,
                27.0759162903,
                41.0312042236,
                37.8440971375,
                34.3851966858,
                24.9680500031,
                16.7174301147,
                14.1161527634,
                15.428360939,
                15.5751953125,
                17.5255126953,
                20.9666404724,
                18.0299015045,
                17.1270160675,
                14.7250480652,
                8.38334274292,
                7.19167757034,
                9.57613658905,
                5.99478816986,
                6.22044563293,
                3.80138587952,
                2.91887116432,
                2.64862036705,
                1.82121241093,
                1.31084406376,
                1.22501158714,
                0.945395708084,
                0.515176296234,
                0.203604370356,
                0.0351620465517,
                0.00775200407952,
                0.00100500765257,
                9.06073328224e-05
            ],
            "median": [
                0.101130664349,
                0.87120783329,
                2.28686523438,
                2.349214077,
                3.82130932808,
                8.07277297974,
                6.35057592392,
                4.68356990814,
                10.3394489288,
                17.5648841858,
                14.0621089935,
                11.5629892349,
                7.15340137482,
                5.72531986237,
                3.45495986938,
                2.29632258415,
                2.67842674255,
                2.32085704803,
                3.18516898155,
                3.27137947083,
                3.32662534714,
                2.69673299789,
                1.76478052139,
                1.74035573006,
                1.95924758911,
                0.851855993271,
                0.702407598495,
                0.390929162502,
                0.414186894894,
                0.46283441782,
                0.369750797749,
                0.232385411859,
                0.197935193777,
                0.103799566627,
                0.0664004683495,
                0.023632992059,
                0.0054284716025,
                0.000823768961709,
                7.06474966137e-05,
                3.80109995604e-05
            ],
            "min": [
                1.13736677894e-21,
                1.32907632663e-20,
                9.44356368564e-20,
                1.10875560725e-19,
                1.53058450318e-19,
                2.49132454087e-19,
                2.75030367542e-19,
                3.17852499728e-19,
                1.15355196107e-18,
                1.51475774633e-18,
                7.45253749554e-19,
                1.05321929546e-18,
                3.48230092508e-18,
                2.66359994778e-18,
                3.19034587352e-18,
                3.55016075458e-18,
                7.07426697424e-18,
                7.74193407746e-18,
                1.28125652945e-17,
                9.88051938853e-18,
                1.1682651467e-17,
                9.15968607861e-18,
                7.33160451716e-18,
                9.23861647984e-18,
                1.48119079843e-17,
                2.16551070175e-17,
                1.76961610488e-17,
                1.30843057062e-17,
                1.37604150148e-17,
                1.58925880218e-17,
                2.45625873136e-17,
                1.28424984793e-17,
                1.55910641449e-17,
                1.31138939567e-17,
                9.17105484895e-18,
                6.1496027129e-18,
                2.93231060375e-18,
                1.31394672794e-18,
                2.97747202855e-19,
                3.41747214384e-20
            ],
            "var": [
                0.191265285015,
                10.1851968765,
                84.6425170898,
                68.6074371338,
                361.936401367,
                1187.27929688,
                431.173187256,
                619.580566406,
                2185.84960938,
                4993.54003906,
                4353.33642578,
                4605.78955078,
                2661.56713867,
                1403.77087402,
                996.136108398,
                3680.11206055,
                1607.61157227,
                2840.07788086,
                3833.3581543,
                2734.89233398,
                2582.02490234,
                1244.81152344,
                350.761108398,
                207.590866089,
                401.892913818,
                164.570617676,
                187.422897339,
                69.1551971436,
                38.5825881958,
                49.8366889954,
                28.9667568207,
                15.3609647751,
                20.0568599701,
                17.3073654175,
                5.37525653839,
                0.655198633671,
                0.0114659415558,
                0.000434938323451,
                1.19745645861e-05,
                5.93653624037e-08
            ]
        },
        "erbbands_crest": {
            "dmean": 2.62367987633,
            "dmean2": 4.03645563126,
            "dvar": 6.60676527023,
            "dvar2": 14.9008827209,
            "max": 31.1102581024,
            "mean": 11.642991066,
            "median": 10.6442623138,
            "min": 2.70126438141,
            "var": 27.208688736
        },
        "erbbands_flatness_db": {
            "dmean": 0.0203694310039,
            "dmean2": 0.0264931358397,
            "dvar": 0.00052737025544,
            "dvar2": 0.000853435951285,
            "max": 0.457272142172,
            "mean": 0.193306699395,
            "median": 0.176676005125,
            "min": 0.0585976019502,
            "var": 0.00642928574234
        },
        "erbbands_kurtosis": {
            "dmean": 1.3819950819,
            "dmean2": 2.10790109634,
            "dvar": 5.4044675827,
            "dvar2": 11.7236719131,
            "max": 63.0732345581,
            "mean": 1.87846839428,
            "median": 1.05049586296,
            "min": -1.88090789318,
            "var": 14.0117778778
        },
        "erbbands_skewness": {
            "dmean": 0.388217419386,
            "dmean2": 0.580269992352,
            "dvar": 0.18423332274,
            "dvar2": 0.378984719515,
            "max": 6.24115562439,
            "mean": 0.702509343624,
            "median": 0.689315319061,
            "min": -2.62649226189,
            "var": 0.781011402607
        },
        "erbbands_spread": {
            "dmean": 7.84375524521,
            "dmean2": 11.3134250641,
            "dvar": 111.501091003,
            "dvar2": 225.414749146,
            "max": 147.048080444,
            "mean": 31.6926383972,
            "median": 25.817199707,
            "min": 1.27276670933,
            "var": 492.059051514
        },
        "gfcc": {
            "cov": [
                [
                    13323.3789062,
                    -3514.87744141,
                    276.115905762,
                    2407.70043945,
                    196.766998291,
                    1480.97741699,
                    469.317108154,
                    941.67388916,
                    -186.234161377,
                    962.998168945,
                    329.887084961,
                    517.431518555,
                    -398.116210938
                ],
                [
                    -3514.87744141,
                    2518.3815918,
                    -155.766067505,
                    -948.852416992,
                    320.271820068,
                    -306.400726318,
                    123.239631653,
                    -202.572952271,
                    290.141143799,
                    -299.92477417,
                    61.6163063049,
                    -177.451522827,
                    163.985839844
                ],
                [
                    276.115905762,
                    -155.766067505,
                    814.874816895,
                    333.457489014,
                    109.421066284,
                    169.935394287,
                    89.5275878906,
                    111.283493042,
                    -78.3823547363,
                    126.636009216,
                    80.9048919678,
                    67.8826293945,
                    -31.0092754364
                ],
                [
                    2407.70043945,
                    -948.852416992,
                    333.457489014,
                    1076.54455566,
                    125.975502014,
                    273.566375732,
                    94.8893203735,
                    225.76008606,
                    -47.5265350342,
                    234.534255981,
                    88.1337432861,
                    135.828536987,
                    -72.0432281494
                ],
                [
                    196.766998291,
                    320.271820068,
                    109.421066284,
                    125.975502014,
                    388.222564697,
                    80.470916748,
                    32.0496788025,
                    103.253173828,
                    86.85496521,
                    69.7504348755,
                    86.1778182983,
                    33.867816925,
                    9.91120433807
                ],
                [
                    1480.97741699,
                    -306.400726318,
                    169.935394287,
                    273.566375732,
                    80.470916748,
                    451.71194458,
                    157.841918945,
                    150.140655518,
                    -19.0216312408,
                    142.169189453,
                    97.9974212646,
                    93.3755874634,
                    -81.632850647
                ],
                [
                    469.317108154,
                    123.239631653,
                    89.5275878906,
                    94.8893203735,
                    32.0496788025,
                    157.841918945,
                    359.797332764,
                    51.1377372742,
                    62.0397949219,
                    49.7585372925,
                    31.2816829681,
                    19.0157356262,
                    12.0265359879
                ],
                [
                    941.67388916,
                    -202.572952271,
                    111.283493042,
                    225.76008606,
                    103.253173828,
                    150.140655518,
                    51.1377372742,
                    232.190246582,
                    16.6239013672,
                    111.61100769,
                    70.1630096436,
                    49.7545928955,
                    -31.2154464722
                ],
                [
                    -186.234161377,
                    290.141143799,
                    -78.3823547363,
                    -47.5265350342,
                    86.85496521,
                    -19.0216312408,
                    62.0397949219,
                    16.6239013672,
                    195.42149353,
                    23.975025177,
                    -8.1593208313,
                    -13.7136535645,
                    52.8254241943
                ],
                [
                    962.998168945,
                    -299.92477417,
                    126.636009216,
                    234.534255981,
                    69.7504348755,
                    142.169189453,
                    49.7585372925,
                    111.61100769,
                    23.975025177,
                    220.246154785,
                    80.0828781128,
                    51.1713142395,
                    -26.7559356689
                ],
                [
                    329.887084961,
                    61.6163063049,
                    80.9048919678,
                    88.1337432861,
                    86.1778182983,
                    97.9974212646,
                    31.2816829681,
                    70.1630096436,
                    -8.1593208313,
                    80.0828781128,
                    160.076141357,
                    43.908618927,
                    -36.1959953308
                ],
                [
                    517.431518555,
                    -177.451522827,
                    67.8826293945,
                    135.828536987,
                    33.867816925,
                    93.3755874634,
                    19.0157356262,
                    49.7545928955,
                    -13.7136535645,
                    51.1713142395,
                    43.908618927,
                    126.814071655,
                    -7.3681268692
                ],
                [
                    -398.116210938,
                    163.985839844,
                    -31.0092754364,
                    -72.0432281494,
                    9.91120433807,
                    -81.632850647,
                    12.0265359879,
                    -31.2154464722,
                    52.8254241943,
                    -26.7559356689,
                    -36.1959953308,
                    -7.3681268692,
                    123.77935791
                ]
            ],
            "icov": [
                [
                    0.000259205931798,
                    0.000143360812217,
                    0.00026525920839,
                    -0.000243902308284,
                    -4.55884583062e-05,
                    -0.000376324431272,
                    -0.000151431158883,
                    -0.000330344075337,
                    0.000143627083162,
                    -0.000373587885406,
                    0.000108817250293,
                    -0.000159713483299,
                    0.000135392459924
                ],
                [
                    0.000143360812217,
                    0.00182832486462,
                    -0.000262823799858,
                    0.00100039783865,
                    -0.00148673541844,
                    0.000163820077432,
                    -0.000847768911626,
                    0.000473076535854,
                    -0.00166818487924,
                    0.00195483095013,
                    -0.00220950040966,
                    0.0010292972438,
                    -0.000466288620373
                ],
                [
                    0.00026525920839,
                    -0.000262823799858,
                    0.00198956485838,
                    -0.000760772090871,
                    -0.000134194851853,
                    -0.000545026501641,
                    -0.00032595693483,
                    -0.000566234055441,
                    0.00158347201068,
                    -0.00137328694109,
                    0.000573488010559,
                    -0.000467308535008,
                    -3.55767588189e-05
                ],
                [
                    -0.000243902308284,
                    0.00100039783865,
                    -0.000760772090871,
                    0.00249533099122,
                    -0.00111307331827,
                    0.000531059515197,
                    -0.00050885102246,
                    3.5775010474e-05,
                    -0.000802376365755,
                    0.000725863093976,
                    -0.00095882936148,
                    4.29130923294e-05,
                    -0.000128730403958
                ],
                [
                    -4.55884583062e-05,
                    -0.00148673541844,
                    -0.000134194851853,
                    -0.00111307331827,
                    0.00498404959217,
                    -0.000476966291899,
                    0.00115554314107,
                    -0.00137648708187,
                    -0.000565960770473,
                    -0.00118452659808,
                    0.000122240569908,
                    -0.000872615491971,
                    -6.21786530246e-05
                ],
                [
                    -0.000376324431272,
                    0.000163820077432,
                    -0.000545026501641,
                    0.000531059515197,
                    -0.000476966291899,
                    0.00501271756366,
                    -0.00156325811986,
                    -0.000479423091747,
                    -6.12163712503e-05,
                    -5.5617052567e-05,
                    -0.000822599569801,
                    -0.00124704104383,
                    0.00181953434367
                ],
                [
                    -0.000151431158883,
                    -0.000847768911626,
                    -0.00032595693483,
                    -0.00050885102246,
                    0.00115554314107,
                    -0.00156325811986,
                    0.00423188367859,
                    5.88307557337e-06,
                    -0.000858750834595,
                    -0.000292738171993,
                    0.000455853994936,
                    0.000175981549546,
                    -0.00082793465117
                ],
                [
                    -0.000330344075337,
                    0.000473076535854,
                    -0.000566234055441,
                    3.5775010474e-05,
                    -0.00137648708187,
                    -0.000479423091747,
                    5.88307557337e-06,
                    0.00782673526555,
                    -0.00136483216193,
                    -0.00016751322255,
                    -0.00173490412999,
                    0.000445625453722,
                    2.2448173695e-05
                ],
                [
                    0.000143627083162,
                    -0.00166818487924,
                    0.00158347201068,
                    -0.000802376365755,
                    -0.000565960770473,
                    -6.12163712503e-05,
                    -0.000858750834595,
                    -0.00136483216193,
                    0.00993484538049,
                    -0.00429511303082,
                    0.00348812807351,
                    -0.000554959115107,
                    -0.00183547055349
                ],
                [
                    -0.000373587885406,
                    0.00195483095013,
                    -0.00137328694109,
                    0.000725863093976,
                    -0.00118452659808,
                    -5.5617052567e-05,
                    -0.000292738171993,
                    -0.00016751322255,
                    -0.00429511303082,
                    0.0114071918651,
                    -0.00540081784129,
                    0.0014366832329,
                    -0.000863606168423
                ],
                [
                    0.000108817250293,
                    -0.00220950040966,
                    0.000573488010559,
                    -0.00095882936148,
                    0.000122240569908,
                    -0.000822599569801,
                    0.000455853994936,
                    -0.00173490412999,
                    0.00348812807351,
                    -0.00540081784129,
                    0.0126026533544,
                    -0.00328277260996,
                    0.00266252830625
                ],
                [
                    -0.000159713483299,
                    0.0010292972438,
                    -0.000467308535008,
                    4.29130923294e-05,
                    -0.000872615491971,
                    -0.00124704104383,
                    0.000175981549546,
                    0.000445625453722,
                    -0.000554959115107,
                    0.0014366832329,
                    -0.00328277260996,
                    0.0114918164909,
                    -0.00235520047136
                ],
                [
                    0.000135392459924,
                    -0.000466288620373,
                    -3.55767588189e-05,
                    -0.000128730403958,
                    -6.21786530246e-05,
                    0.00181953434367,
                    -0.00082793465117,
                    2.2448173695e-05,
                    -0.00183547055349,
                    -0.000863606168423,
                    0.00266252830625,
                    -0.00235520047136,
                    0.0115743819624
                ]
            ],
            "mean": [
                -51.2758979797,
                119.321861267,
                -94.4477996826,
                14.8828039169,
                -56.8608627319,
                0.823671460152,
                -40.7218170166,
                8.2078742981,
                -16.1935596466,
                -1.34311807156,
                -18.0298442841,
                -6.5525727272,
                -9.69135379791
            ]
        },
        "hfc": {
            "dmean": 4.50706958771,
            "dmean2": 6.45447683334,
            "dvar": 68.1018295288,
            "dvar2": 133.471817017,
            "max": 168.421859741,
            "mean": 15.3759298325,
            "median": 9.83483886719,
            "min": 1.14726920171e-16,
            "var": 275.991577148
        },
        "melbands": {
            "dmean": [
                0.00136017089244,
                0.00170416710898,
                0.000569925119635,
                0.000745938159525,
                0.000272883247817,
                0.000112608315249,
                0.000198903158889,
                0.000203690477065,
                0.00012109936506,
                8.93737305887e-05,
                5.04083363921e-05,
                3.19461214531e-05,
                2.37615568039e-05,
                2.3196778784e-05,
                1.98637171707e-05,
                1.89197944565e-05,
                1.87777222891e-05,
                2.24051218538e-05,
                1.69236554939e-05,
                1.27427902044e-05,
                1.10480887088e-05,
                1.01802797872e-05,
                6.86005296302e-06,
                3.77269225282e-06,
                3.57272801921e-06,
                4.55202280136e-06,
