{
    "lowlevel": {
        "average_loudness": 0.625383913517,
        "barkbands": {
            "dmean": [
                0.000447102676844,
                0.00673411041498,
                0.00270160264336,
                0.000872218515724,
                0.00142903975211,
                0.000844787398819,
                0.000747009180486,
                0.000901908846572,
                0.00130026193801,
                0.00108457764145,
                0.00065178622026,
                0.000643645646051,
                0.000324729044223,
                0.000283417786704,
                0.00018086869386,
                0.000136651229695,
                0.000102345366031,
                8.21795038064e-05,
                7.38740927773e-05,
                4.68657817692e-05,
                3.1427884096e-05,
                4.13903035223e-05,
                6.1526283389e-05,
                4.93829611514e-05,
                3.10075301968e-05,
                1.60531326401e-05,
                4.82950554215e-06
            ],
            "dmean2": [
                0.000690066022798,
                0.00989759806544,
                0.00478587765247,
                0.00160432897974,
                0.00235514855012,
                0.00134716823231,
                0.00119962717872,
                0.00140183069743,
                0.0019969465211,
                0.00162262446247,
                0.000943290768191,
                0.000974834838416,
                0.000495452375617,
                0.000444606237579,
                0.0002745827951,
                0.000213990570046,
                0.000158966708113,
                0.000126043072669,
                0.00011350303248,
                7.25517893443e-05,
                4.84480515297e-05,
                6.36978511466e-05,
                9.47115840972e-05,
                7.49836326577e-05,
                4.6915425628e-05,
                2.4417979148e-05,
                7.66091216065e-06
            ],
            "dvar": [
                2.16268108488e-06,
                0.000438198912889,
                0.000157835922437,
                1.76613139047e-05,
                1.80327915587e-05,
                3.63736512554e-06,
                4.93061679663e-06,
                6.30475460639e-06,
                1.81941377377e-05,
                1.12591369543e-05,
                4.49925255452e-06,
                4.22055200033e-06,
                1.26694851588e-06,
                7.12297719474e-07,
                3.3327344795e-07,
                2.02299872853e-07,
                7.25972810756e-08,
                5.88520521205e-08,
                2.73468074852e-08,
                1.15729656969e-08,
                7.2142998242e-09,
                1.25666570483e-08,
                2.5915115387e-08,
                1.77057977169e-08,
                7.6486079692e-09,
                2.03272465527e-09,
                1.81703277424e-10
            ],
            "dvar2": [
                4.88957630296e-06,
                0.00100622721948,
                0.000443789031124,
                5.05406133016e-05,
                4.86476237711e-05,
                9.09590562514e-06,
                1.27454713947e-05,
                1.48402659761e-05,
                4.26909209637e-05,
                2.45452411036e-05,
                9.61747446127e-06,
                9.17085071706e-06,
                2.86199860966e-06,
                1.59954083756e-06,
                7.07155948021e-07,
                5.0385671102e-07,
                1.68031561998e-07,
                1.30514266061e-07,
                6.11242612081e-08,
                2.52603395978e-08,
                1.70193743543e-08,
                2.92355473164e-08,
                5.46593525996e-08,
                4.00500006492e-08,
                1.61995430403e-08,
                4.50059101098e-09,
                4.53508702813e-10
            ],
            "max": [
                0.0255198888481,
                0.324307233095,
                0.188349738717,
                0.058843575418,
                0.0771391764283,
                0.0654548853636,
                0.0973695367575,
                0.063002243638,
                0.121142223477,
                0.122549653053,
                0.0507098659873,
                0.0525597706437,
                0.0339598730206,
                0.0184755157679,
                0.0224689766765,
                0.0137106925249,
                0.00629555201158,
                0.0120629994199,
                0.00453413464129,
                0.00375477783382,
                0.00249759363942,
                0.00348181673326,
                0.00434350967407,
                0.00281572062522,
                0.00275381607935,
                0.00150893023238,
                0.000197419896722
            ],
            "mean": [
                0.000590886047576,
                0.0116637479514,
                0.00291579891928,
                0.000678921875078,
                0.00193574721925,
                0.00144999451004,
                0.0011463452829,
                0.0014953664504,
                0.00200611189939,
                0.00191233912483,
                0.00105723785236,
                0.00113696302287,
                0.000530853227247,
                0.000427828956163,
                0.000283608795144,
                0.000218531858991,
                0.00017360370839,
                0.000149333311128,
                0.000143243625644,
                9.19704398257e-05,
                5.48380157852e-05,
                7.44136341382e-05,
                0.000108177846414,
                8.21757566882e-05,
                5.16074833286e-05,
                2.62317480519e-05,
                6.07499805483e-06
            ],
            "median": [
                5.51128032384e-05,
                0.00199906877242,
                0.000345197302522,
                9.11187380552e-05,
                0.000788243254647,
                0.00065575633198,
                0.000361503218301,
                0.000273527519312,
                0.000309198105242,
                0.000327270798152,
                0.000146101228893,
                0.000138456845889,
                5.71056152694e-05,
                7.70043916418e-05,
                5.09904057253e-05,
                4.41721640527e-05,
                4.40352232545e-05,
                4.14808891946e-05,
                4.18584022555e-05,
                2.6234831239e-05,
                1.64574976225e-05,
                1.58125803864e-05,
                2.08998790185e-05,
                1.41531036206e-05,
                9.2137915999e-06,
                4.61662602902e-06,
                8.38567359551e-07
            ],
            "min": [
                3.35334910048e-24,
                2.15102252901e-23,
                9.41452873359e-24,
                1.40251391013e-23,
                3.93093964465e-23,
                4.96698759017e-23,
                5.14916712762e-23,
                1.41353145707e-23,
                6.19502250745e-23,
                7.13916721088e-23,
                6.75321038657e-23,
                5.04683009565e-23,
                9.44950856162e-23,
                4.2993370563e-23,
                7.39348713148e-23,
                8.18369919766e-23,
                2.26607956442e-22,
                1.40743185834e-22,
                1.83569901642e-22,
                2.2871109748e-22,
                4.17434191965e-22,
                4.69324932196e-22,
                7.91115305605e-22,
                9.88985198109e-22,
                8.51401494864e-22,
                1.83806499329e-21,
                2.14682409136e-21
            ],
            "var": [
                3.42330167769e-06,
                0.00075363839278,
                0.000102860925836,
                1.03238662632e-05,
                1.56167043315e-05,
                5.70918427911e-06,
                6.76590434523e-06,
                1.47214159369e-05,
                3.38629797625e-05,
                2.77055351035e-05,
                9.59481258178e-06,
                1.10591681732e-05,
                2.73270734397e-06,
                1.21911057249e-06,
                7.33987747026e-07,
                3.89917886423e-07,
                1.56825194608e-07,
                1.12246688388e-07,
                7.09904739438e-08,
                3.72260018366e-08,
                1.21182068824e-08,
                3.14666017687e-08,
                7.83339402233e-08,
                4.47669279424e-08,
                2.06782910794e-08,
                4.77937822652e-09,
                2.38787822848e-10
            ]
        },
        "barkbands_crest": {
            "dmean": 2.73768806458,
            "dmean2": 4.21440553665,
            "dvar": 7.25309181213,
            "dvar2": 16.9807605743,
            "max": 26.9356307983,
            "mean": 12.5901117325,
            "median": 11.5634346008,
            "min": 2.27388048172,
            "var": 28.1827602386
        },
        "barkbands_flatness_db": {
            "dmean": 0.0276465695351,
            "dmean2": 0.0395345315337,
            "dvar": 0.000941373757087,
            "dvar2": 0.00188927038107,
            "max": 0.649042963982,
            "mean": 0.179702192545,
            "median": 0.163018614054,
            "min": 0.0213069394231,
            "var": 0.00791248958558
        },
        "barkbands_kurtosis": {
            "dmean": 9.79059505463,
            "dmean2": 14.9900693893,
            "dvar": 1363.33032227,
            "dvar2": 2933.56103516,
            "max": 1582.08190918,
            "mean": 15.5435400009,
            "median": 3.49218535423,
            "min": -1.95190525055,
            "var": 2957.83325195
        },
        "barkbands_skewness": {
            "dmean": 0.81157463789,
            "dmean2": 1.19458150864,
            "dvar": 1.47766172886,
            "dvar2": 3.15428948402,
            "max": 35.8515663147,
            "mean": 2.14923763275,
            "median": 1.57112312317,
            "min": -7.98507595062,
            "var": 5.93214178085
        },
        "barkbands_spread": {
            "dmean": 5.34475898743,
            "dmean2": 7.98921775818,
            "dvar": 73.6385726929,
            "dvar2": 149.354019165,
            "max": 138.590484619,
            "mean": 17.1312141418,
            "median": 13.4541435242,
            "min": 0.0807541534305,
            "var": 231.54838562
        },
        "dissonance": {
            "dmean": 0.030251013115,
            "dmean2": 0.0499669462442,
            "dvar": 0.00087886309484,
            "dvar2": 0.00225908914581,
            "max": 0.499999940395,
            "mean": 0.433244377375,
            "median": 0.444660127163,
            "min": 0.0991418734193,
            "var": 0.0023969009053
        },
        "dynamic_complexity": 5.49456453323,
        "erbbands": {
            "dmean": [
                0.237868025899,
                1.4850320816,
                3.031031847,
                3.157746315,
                2.76410841942,
                5.80480670929,
                7.29753065109,
                6.56621599197,
                11.3305959702,
                10.4940109253,
                24.623210907,
                25.6969070435,
                33.6213493347,
                24.6518096924,
                21.9177188873,
                26.598236084,
                15.3475990295,
                13.1713762283,
                10.7735261917,
                8.09315013885,
                6.15474843979,
                5.31120061874,
                4.20717716217,
                4.13059186935,
                2.9168484211,
                2.1428706646,
                1.46085226536,
                1.13647174835,
                1.35793030262,
                1.74857485294,
                1.7769895792,
                1.2229988575,
                0.760073244572,
                0.397609323263,
                0.202944159508,
                0.0901526063681,
                0.0256260577589,
                0.00603523105383,
                0.000777719134931,
                5.17286207469e-05
            ],
            "dmean2": [
                0.321750491858,
                2.26402306557,
                5.09692144394,
                5.79738235474,
                4.67548465729,
                9.65533733368,
                11.791053772,
                10.4945058823,
                18.1163883209,
                16.413640976,
                37.3764648438,
                39.3144683838,
                50.2443351746,
                35.6533164978,
                31.5836143494,
                39.9592704773,
                22.7690143585,
                20.1877689362,
                16.3493709564,
                11.9687767029,
                9.47804260254,
                8.18344783783,
                6.31498432159,
                6.25842523575,
                4.42698764801,
                3.30647087097,
                2.23329401016,
                1.76965069771,
                2.08132481575,
                2.65120100975,
                2.73428821564,
                1.87700474262,
                1.15937387943,
                0.60430842638,
                0.305687457323,
                0.137996777892,
                0.0386395789683,
                0.00929259322584,
                0.00123083498329,
                8.02322974778e-05
            ],
            "dvar": [
                0.498053371906,
                25.7821559906,
                168.447219849,
                256.527984619,
                59.671245575,
                409.581451416,
                321.441101074,
                278.703552246,
                1038.87207031,
                885.523864746,
                5090.87890625,
                7261.24804688,
                12650.9511719,
                8841.01171875,
                4954.90966797,
                7591.61083984,
                2499.08959961,
                1433.64172363,
                1007.83239746,
                641.343078613,
                399.832336426,
                191.27796936,
                172.353851318,
                82.5879898071,
                46.4990158081,
                27.544626236,
                14.09948349,
                9.81679821014,
                13.225353241,
                23.3130893707,
                21.7226200104,
                11.9128608704,
                4.10468387604,
                1.38166952133,
                0.3413618505,
                0.0809601470828,
                0.00436913920566,
                0.000248976779403,
                4.63227706859e-06,
                1.82417920769e-08
            ],
            "dvar2": [
                1.00838267803,
                62.957736969,
                449.603973389,
                735.567871094,
                163.906707764,
                1104.68347168,
                838.83605957,
                687.40057373,
                2680.15014648,
                2069.47436523,
                11613.2685547,
                17700.2421875,
                28696.6347656,
                18562.1152344,
                10285.5166016,
                16053.9033203,
                5442.34033203,
                3252.85107422,
                2167.16552734,
                1255.08740234,
                951.355407715,
                439.719329834,
                367.739746094,
                183.622344971,
                99.8791275024,
                60.4051704407,
                32.4000740051,
                23.5394706726,
                30.9636268616,
                49.4932670593,
                46.8380622864,
                27.8186416626,
                9.21088027954,
                3.03675460815,
                0.730059504509,
                0.180430442095,
                0.00953774061054,
                0.000575882440899,
                1.15249140435e-05,
                4.58802418279e-08
            ],
            "max": [
                13.2982635498,
                72.4200210571,
                200.596450806,
                230.201934814,
                150.343490601,
                417.361175537,
                437.027008057,
                745.238342285,
                1203.56994629,
                940.009887695,
                1791.1854248,
                1873.43127441,
                4086.49438477,
                3778.77954102,
                2198.28466797,
                2608.47412109,
                1762.31286621,
                819.995605469,
                1407.26147461,
                1131.93505859,
                672.208251953,
                360.178985596,
                693.466308594,
                263.095489502,
                220.400100708,
                202.748336792,
                79.568359375,
                95.3087921143,
                111.916397095,
                153.737213135,
                113.587394714,
                86.6086807251,
                55.5563735962,
                39.6312484741,
                15.4237737656,
                11.8579740524,
                2.06458640099,
                0.559980154037,
                0.0356280393898,
                0.0020964408759
            ],
            "mean": [
                0.414484322071,
                2.28642559052,
                3.84195041656,
                2.6798183918,
                3.80518722534,
                6.90123081207,
                10.4877176285,
                11.3790750504,
                17.9681587219,
                17.5015048981,
                41.9632873535,
                43.8394432068,
                63.5222663879,
                44.9354705811,
                39.8923454285,
                50.286655426,
                28.6489868164,
                21.8357257843,
                18.0346031189,
                14.2640638351,
                11.0251512527,
                9.67352771759,
                8.12178421021,
                8.22484779358,
                6.20278835297,
                4.28776454926,
                2.74157547951,
                1.95301818848,
                2.44601225853,
                3.1982998848,
                3.06259083748,
                2.01260447502,
                1.23024594784,
                0.652465820312,
                0.326942622662,
                0.146699965,
                0.0407513566315,
                0.0086622685194,
                0.000998844625428,
                8.63407331053e-05
            ],
            "median": [
                0.0490629449487,
                0.400683254004,
                0.567245364189,
                0.462404370308,
                1.09085679054,
                2.38962292671,
                3.68822097778,
                5.21594190598,
                6.22516965866,
                4.63810634613,
                7.75092315674,
                8.01870727539,
                11.9075107574,
                8.0198431015,
                6.95640563965,
                6.99355363846,
                4.44805669785,
                4.70891284943,
                3.76214456558,
                3.28958082199,
                2.86838650703,
                2.59854316711,
                2.39518713951,
                2.5083026886,
                1.7641273737,
                1.24811255932,
                0.821107625961,
                0.602327227592,
                0.530722498894,
                0.648192703724,
                0.573597073555,
                0.358155667782,
                0.200657993555,
                0.106943227351,
                0.0549890361726,
                0.0234187021852,
                0.00749662797898,
                0.00145671726204,
                0.000157672635396,
                3.77292199119e-05
            ],
            "min": [
                5.37051455565e-22,
                5.5523820071e-21,
                9.78937316463e-21,
                3.44233085995e-20,
                7.32707151571e-20,
                1.29904294955e-19,
                2.19419221756e-19,
                3.69663707027e-19,
                7.837363113e-19,
                2.69059700333e-19,
                3.67965686176e-19,
                1.25253973439e-18,
                1.91070098142e-18,
                1.97712647974e-18,
                2.55058453544e-18,
                2.90120178848e-18,
                4.32224203935e-18,
                2.34890466721e-18,
                3.28248883068e-18,
                3.38821864298e-18,
                5.31906912374e-18,
                1.11784832293e-17,
                1.04185259307e-17,
                8.95300011332e-18,
                1.04768620163e-17,
                1.12437502611e-17,
                1.4932095673e-17,
                1.21152677545e-17,
                1.69806829062e-17,
                1.78158491204e-17,
                2.0549214515e-17,
                1.68100769049e-17,
                1.82838761828e-17,
                9.06634288239e-18,
                7.42684443853e-18,
                6.13499718483e-18,
                3.47727373491e-18,
                1.27231979419e-18,
                2.77494202545e-19,
                3.24370993147e-20
            ],
            "var": [
                1.11040139198,
                31.7052841187,
                129.683242798,
                149.910949707,
                58.1954498291,
                325.396942139,
                386.843505859,
                413.921173096,
                1568.8795166,
                1779.39318848,
                12584.7265625,
                16244.0986328,
                28765.0761719,
                20339.0507812,
                12405.3417969,
                22073.7109375,
                6215.1953125,
                2596.49633789,
                2487.48046875,
                1374.45031738,
                780.803100586,
                474.079956055,
                341.833862305,
                212.792999268,
                152.009765625,
                86.6821594238,
                28.6995334625,
                15.7223014832,
                33.3565673828,
                70.2006072998,
                61.8834571838,
                27.0874767303,
                10.585354805,
                3.45834898949,
                0.877177536488,
                0.201007336378,
                0.00954575184733,
                0.000457938207546,
                6.20745231572e-06,
                2.27297487498e-08
            ]
        },
        "erbbands_crest": {
            "dmean": 3.09338665009,
            "dmean2": 4.92475128174,
            "dvar": 8.6539516449,
            "dvar2": 20.8966350555,
            "max": 33.2556419373,
            "mean": 11.0898075104,
            "median": 9.85066986084,
            "min": 2.67156338692,
            "var": 28.4420204163
        },
        "erbbands_flatness_db": {
            "dmean": 0.0218552704901,
            "dmean2": 0.0308474022895,
            "dvar": 0.000528102333192,
            "dvar2": 0.00101322028786,
            "max": 0.483915865421,
            "mean": 0.177684724331,
            "median": 0.169205546379,
            "min": 0.0265575964004,
            "var": 0.00422646151856
        },
        "erbbands_kurtosis": {
            "dmean": 2.05955886841,
            "dmean2": 3.14308691025,
            "dvar": 41.4244804382,
            "dvar2": 83.8433837891,
            "max": 252.891448975,
            "mean": 2.80886363983,
            "median": 0.982560038567,
            "min": -1.91756057739,
            "var": 98.8057556152
        },
        "erbbands_skewness": {
            "dmean": 0.473620265722,
            "dmean2": 0.709405243397,
            "dvar": 0.322621494532,
            "dvar2": 0.658067047596,
            "max": 12.4595937729,
            "mean": 0.794710278511,
            "median": 0.711948275566,
            "min": -5.71939945221,
            "var": 1.2431179285
        },
        "erbbands_spread": {
            "dmean": 8.93825531006,
            "dmean2": 13.413974762,
            "dvar": 161.116775513,
            "dvar2": 346.869171143,
            "max": 218.758758545,
            "mean": 33.3503684998,
            "median": 26.3534145355,
            "min": 0.67384403944,
            "var": 677.069702148
        },
        "gfcc": {
            "cov": [
                [
                    27080.0488281,
                    -1051.80944824,
                    -3159.81762695,
                    1147.9744873,
                    -786.309265137,
                    776.561706543,
                    -255.508621216,
                    232.33921814,
                    -98.0924377441,
                    -96.6470565796,
                    -59.7318305969,
                    53.125617981,
                    -374.889556885
                ],
                [
                    -1051.80944824,
                    2319.63037109,
                    192.039764404,
                    84.9149703979,
                    634.942443848,
                    -30.6260700226,
                    272.400726318,
                    -6.43054437637,
                    198.456970215,
                    -31.188457489,
                    168.139083862,
                    -84.9525756836,
                    58.9421806335
                ],
                [
                    -3159.81762695,
                    192.039764404,
                    1998.0534668,
                    419.272033691,
                    264.823699951,
                    258.989959717,
                    25.5935115814,
                    49.6606063843,
                    152.19102478,
                    32.8064460754,
                    -84.5960464478,
                    64.3894577026,
                    -57.4486198425
                ],
                [
                    1147.9744873,
                    84.9149703979,
                    419.272033691,
                    847.904907227,
                    196.428436279,
                    205.01222229,
                    5.13905954361,
                    83.5126953125,
                    189.807952881,
                    -19.8732528687,
                    -26.831363678,
                    24.3206882477,
                    -44.7044944763
                ],
                [
                    -786.309265137,
                    634.942443848,
                    264.823699951,
                    196.428436279,
                    600.741333008,
                    136.170028687,
                    141.067504883,
                    45.9228248596,
                    121.99370575,
                    57.8526687622,
                    66.3579406738,
                    -2.98722958565,
                    49.0592880249
                ],
                [
                    776.561706543,
                    -30.6260700226,
                    258.989959717,
                    205.01222229,
                    136.170028687,
                    422.935241699,
                    142.634643555,
                    54.1502113342,
                    110.465003967,
                    41.3504219055,
                    -2.13727736473,
                    10.6738510132,
                    -38.2316055298
                ],
                [
                    -255.508621216,
                    272.400726318,
                    25.5935115814,
                    5.13905954361,
                    141.067504883,
                    142.634643555,
                    346.367767334,
                    99.0779953003,
                    74.8845214844,
                    59.8798942566,
                    52.1236152649,
                    -9.06192016602,
                    15.8970756531
                ],
                [
                    232.33921814,
                    -6.43054437637,
                    49.6606063843,
                    83.5126953125,
                    45.9228248596,
                    54.1502113342,
                    99.0779953003,
                    230.396575928,
                    102.440559387,
                    23.34815979,
                    15.0288248062,
                    20.0590209961,
                    3.59759998322
                ],
                [
                    -98.0924377441,
                    198.456970215,
                    152.19102478,
                    189.807952881,
                    121.99370575,
                    110.465003967,
                    74.8845214844,
                    102.440559387,
                    281.513793945,
                    31.7363166809,
                    -5.69957065582,
                    27.7192440033,
                    -15.889591217
                ],
                [
                    -96.6470565796,
                    -31.188457489,
                    32.8064460754,
                    -19.8732528687,
                    57.8526687622,
                    41.3504219055,
                    59.8798942566,
                    23.34815979,
                    31.7363166809,
                    174.307174683,
                    63.4257354736,
                    9.00304031372,
                    39.549861908
                ],
                [
                    -59.7318305969,
                    168.139083862,
                    -84.5960464478,
                    -26.831363678,
                    66.3579406738,
                    -2.13727736473,
                    52.1236152649,
                    15.0288248062,
                    -5.69957065582,
                    63.4257354736,
                    173.674163818,
                    22.2377300262,
                    44.5272293091
                ],
                [
                    53.125617981,
                    -84.9525756836,
                    64.3894577026,
                    24.3206882477,
                    -2.98722958565,
                    10.6738510132,
                    -9.06192016602,
                    20.0590209961,
                    27.7192440033,
                    9.00304031372,
                    22.2377300262,
                    128.588348389,
                    4.32293367386
                ],
                [
                    -374.889556885,
                    58.9421806335,
                    -57.4486198425,
                    -44.7044944763,
                    49.0592880249,
                    -38.2316055298,
                    15.8970756531,
                    3.59759998322,
                    -15.889591217,
                    39.549861908,
                    44.5272293091,
                    4.32293367386,
                    150.994262695
                ]
            ],
            "icov": [
                [
                    8.42007138999e-05,
                    -7.33975248295e-05,
                    0.000200748763746,
                    -0.000186587392818,
                    0.000146494043292,
                    -0.000298322440358,
                    0.000172469794052,
                    -0.000171726365807,
                    0.000209739795537,
                    -0.000145759477164,
                    0.000111321423901,
                    -0.000140807285788,
                    0.000153096771101
                ],
                [
                    -7.33975248295e-05,
                    0.000960273493547,
                    -0.000270502903732,
                    0.000261568435235,
                    -0.000926923297811,
                    0.000812880462036,
                    -0.000745164928958,
                    0.000681070610881,
                    -0.000917482771911,
                    0.00100033683702,
                    -0.000989481573924,
                    0.000805275107268,
                    -0.000103179780126
                ],
                [
                    0.000200748763746,
                    -0.000270502903732,
                    0.0011205348419,
                    -0.000641250342596,
                    0.00020051417232,
                    -0.000983551959507,
                    0.000568589137401,
                    -0.000465233548312,
                    0.000595148885623,
                    -0.000656679330859,
                    0.000783550203778,
                    -0.000737222551834,
                    0.000502203940414
                ],
                [
                    -0.000186587392818,
                    0.000261568435235,
                    -0.000641250342596,
                    0.00212765112519,
                    -0.00075802905485,
                    0.000142425531521,
                    9.91748311208e-05,
                    0.000116167109809,
                    -0.00129215535708,
                    0.000880129402503,
                    -0.000425721751526,
                    0.000424052966991,
                    -0.000163378412253
                ],
                [
                    0.000146494043292,
                    -0.000926923297811,
                    0.00020051417232,
                    -0.00075802905485,
                    0.00329615781084,
                    -0.00119829189498,
                    0.000185014403542,
                    -0.000435451307567,
                    0.000387278851122,
                    -0.00102782819886,
                    0.000216667744098,
                    -0.000403482670663,
                    -0.000548416050151
                ],
                [
                    -0.000298322440358,
                    0.000812880462036,
                    -0.000983551959507,
                    0.000142425531521,
                    -0.00119829189498,
                    0.00488606560975,
                    -0.00228718551807,
                    0.00118662847672,
                    -0.00158279191237,
                    0.000455339613836,
                    -0.00064498645952,
                    0.000755847431719,
                    0.000331707444275
                ],
                [
                    0.000172469794052,
                    -0.000745164928958,
                    0.000568589137401,
                    9.91748311208e-05,
                    0.000185014403542,
                    -0.00228718551807,
                    0.00512229371816,
                    -0.0022106890101,
                    0.000635328004137,
                    -0.00130782276392,
                    7.23558478057e-05,
                    -3.26036279148e-05,
                    0.000227953540161
                ],
                [
                    -0.000171726365807,
                    0.000681070610881,
                    -0.000465233548312,
                    0.000116167109809,
                    -0.000435451307567,
                    0.00118662847672,
                    -0.0022106890101,
                    0.00646146479994,
                    -0.00255644880235,
                    0.000788877950981,
                    -0.000894334691111,
                    0.000127853898448,
                    -0.000529689423274
                ],
                [
                    0.000209739795537,
                    -0.000917482771911,
                    0.000595148885623,
                    -0.00129215535708,
                    0.000387278851122,
                    -0.00158279191237,
                    0.000635328004137,
                    -0.00255644880235,
                    0.00651135575026,
                    -0.00189269194379,
                    0.00181924505159,
                    -0.00177796662319,
                    0.000885573565029
                ],
                [
                    -0.000145759477164,
                    0.00100033683702,
                    -0.000656679330859,
                    0.000880129402503,
                    -0.00102782819886,
                    0.000455339613836,
                    -0.00130782276392,
                    0.000788877950981,
                    -0.00189269194379,
                    0.00852452404797,
                    -0.00336932833306,
                    0.00105560873635,
                    -0.00164214370307
                ],
                [
                    0.000111321423901,
                    -0.000989481573924,
                    0.000783550203778,
                    -0.000425721751526,
                    0.000216667744098,
                    -0.00064498645952,
                    7.23558478057e-05,
                    -0.000894334691111,
                    0.00181924505159,
                    -0.00336932833306,
                    0.00886000134051,
                    -0.0024681519717,
                    -0.000853421224747
                ],
                [
                    -0.000140807285788,
                    0.000805275107268,
                    -0.000737222551834,
                    0.000424052966991,
                    -0.000403482670663,
                    0.000755847431719,
                    -3.26036279148e-05,
                    0.000127853898448,
                    -0.00177796662319,
                    0.00105560873635,
                    -0.0024681519717,
                    0.00931448861957,
                    -0.000498451467138
                ],
                [
                    0.000153096771101,
                    -0.000103179780126,
                    0.000502203940414,
                    -0.000163378412253,
                    -0.000548416050151,
                    0.000331707444275,
                    0.000227953540161,
                    -0.000529689423274,
                    0.000885573565029,
                    -0.00164214370307,
                    -0.000853421224747,
                    -0.000498451467138,
                    0.00822590757161
                ]
            ],
            "mean": [
                -67.5503845215,
                93.3448257446,
                -99.1809921265,
                8.75794124603,
                -56.5591239929,
                13.4517650604,
                -30.3771953583,
                11.5645389557,
                -18.5840930939,
                1.83962929249,
                -8.93569374084,
                4.07120847702,
                -7.43823099136
            ]
        },
        "hfc": {
            "dmean": 5.05769443512,
            "dmean2": 7.22241020203,
            "dvar": 62.0020942688,
            "dvar2": 129.213623047,
            "max": 145.858505249,
            "mean": 16.0936107635,
            "median": 10.4261827469,
            "min": 1.13062540135e-16,
            "var": 316.635284424
        },
        "melbands": {
            "dmean": [
                0.00191613461357,
                0.00159162364434,
                0.000524475472048,
                0.000288259179797,
                0.000260668195551,
                0.000155286004883,
                0.00016115292965,
                0.000121216806292,
                0.000223633047426,
                0.000165462755831,
                0.000172093816218,
                0.000105868617538,
                7.89684418123e-05,
                6.30764625384e-05,
                6.74713955959e-05,
                2.71023836831e-05,
                2.68099720415e-05,
                1.98561792786e-05,
                1.33604717121e-05,
                1.15906359497e-05,
                7.18200908523e-06,
                6.49225012239e-06,
                4.44951410827e-06,
                3.84017403121e-06,
                3.68214637092e-06,
                2.74615695162e-06,
