{
    "lowlevel": {
        "average_loudness": 0.977126538754,
        "barkbands": {
            "dmean": [
                0.000494151143357,
                0.00882001500577,
                0.00357632874511,
                0.00113829912152,
                0.00169884995557,
                0.000500468537211,
                0.000471220555482,
                0.000346919929143,
                0.000238173262915,
                0.000255671446212,
                0.000171598148881,
                0.000208195386222,
                0.000164097189554,
                0.000186662073247,
                0.000158613023814,
                0.000210951227928,
                0.000285956426524,
                0.000419124058681,
                0.000495321699418,
                0.0004287288466,
                0.000413846952142,
                0.000449312938144,
                0.000322926352965,
                0.000249386619544,
                0.000201180126169,
                7.52202831791e-05,
                2.99974708469e-05
            ],
            "dmean2": [
                0.000812144135125,
                0.0135666402057,
                0.00642729131505,
                0.00199493207037,
                0.00283414614387,
                0.000824373506475,
                0.000751118524931,
                0.000521732203197,
                0.000390215514926,
                0.000360617006663,
                0.000255754537648,
                0.000340820028214,
                0.000275488389889,
                0.000323663261952,
                0.000253157544648,
                0.000341206119629,
                0.000461142015411,
                0.000625981250778,
                0.000786079384852,
                0.000728663464542,
                0.000660464866087,
                0.000680394878145,
                0.000446578138508,
                0.000350843736669,
                0.000280458567431,
                0.000100356766779,
                4.02750447392e-05
            ],
            "dvar": [
                5.01210024595e-07,
                0.000270038523013,
                9.77981253527e-05,
                7.42464453651e-06,
                7.97735356173e-06,
                6.28950317605e-07,
                6.45131308374e-07,
                5.06770106767e-07,
                2.25440572876e-07,
                3.42161257549e-07,
                1.2350072609e-07,
                1.24815798586e-07,
                9.84886341371e-08,
                1.04169544102e-07,
                8.06928710517e-08,
                1.55165210458e-07,
                3.10434188577e-07,
                1.02797366708e-06,
                1.12678435471e-06,
                8.45671763727e-07,
                6.40630844373e-07,
                8.16158376438e-07,
                3.68487093283e-07,
                3.04092708348e-07,
                2.31650645333e-07,
                2.09673896023e-08,
                3.93702537238e-09
            ],
            "dvar2": [
                1.25629276226e-06,
                0.000494839507155,
                0.000270643475233,
                2.06079494092e-05,
                2.09191239264e-05,
                1.63274694387e-06,
                1.46573950133e-06,
                9.30545240863e-07,
                5.44562738014e-07,
                6.67529150178e-07,
                2.41330809558e-07,
                2.88407164817e-07,
                2.4854537628e-07,
                2.59638795796e-07,
                1.91495146851e-07,
                3.45789885614e-07,
                7.36352774311e-07,
                2.20894571612e-06,
                2.72503461929e-06,
                2.30460273087e-06,
                1.43532679431e-06,
                1.84898044608e-06,
                6.48383206681e-07,
                5.64114827739e-07,
                4.54590917798e-07,
                3.69001398326e-08,
                5.62624347111e-09
            ],
            "max": [
                0.0048201228492,
                0.111989438534,
                0.0672698765993,
                0.0391392558813,
                0.0395111851394,
                0.0114542869851,
                0.0183624681085,
                0.0183863863349,
                0.009342296049,
                0.0144857885316,
                0.011054335162,
                0.00554833421484,
                0.00594534538686,
                0.00454061571509,
                0.00372196617536,
                0.00613877596334,
                0.00580617599189,
                0.0102766929194,
                0.0137702580541,
                0.00800983607769,
                0.00860311836004,
                0.0142176318914,
                0.00665441714227,
                0.00805614050478,
                0.0100940372795,
                0.0016345580807,
                0.000808950979263
            ],
            "mean": [
                0.000734107277822,
                0.0115893566981,
                0.00277647189796,
                0.00114112976007,
                0.00261959759519,
                0.000793848594185,
                0.000749350176193,
                0.000711817294359,
                0.0003252500901,
                0.000478887843201,
                0.000264896953013,
                0.000303688982967,
                0.000203066345421,
                0.000213914405322,
                0.000200827998924,
                0.000242534049903,
                0.000343441439327,
                0.000524344504811,
                0.000528899254277,
                0.000456982437754,
                0.000492738268804,
                0.000652744085528,
                0.000486787845148,
                0.000369917252101,
                0.000277893297607,
                0.000104201884824,
                5.97716389166e-05
            ],
            "median": [
                0.000160780793522,
                0.00490075210109,
                0.000408422929468,
                0.000384749757359,
                0.00141489226371,
                0.000430095446063,
                0.000377580145141,
                0.000135225418489,
                0.000146435384522,
                0.00014446413843,
                0.000102846955997,
                0.000104219056084,
                7.69182952354e-05,
                7.3242772487e-05,
                8.23078808025e-05,
                7.89326732047e-05,
                0.000133705485496,
                0.000169804261532,
                0.000140348725836,
                0.000136546659633,
                0.000143059703987,
                0.000171139938175,
                0.000147754515638,
                9.48719025473e-05,
                7.52533014747e-05,
                2.74949343293e-05,
                2.00391605176e-05
            ],
            "min": [
                1.05184199024e-12,
                5.15386778394e-13,
                1.54666129079e-13,
                2.82502753829e-13,
                2.45925892498e-12,
                1.41753785359e-12,
                2.72336016585e-12,
                2.42409239383e-12,
                2.98002226194e-12,
                1.92101044273e-12,
                3.39886240897e-13,
                2.67304711352e-12,
                4.29413666084e-12,
                1.79007026216e-12,
                3.02218818547e-12,
                3.09576778275e-12,
                1.22880807092e-12,
                1.6486668801e-12,
                2.59764865868e-13,
                7.38570316017e-12,
                2.43673961217e-12,
                1.74947534758e-12,
                6.88330685852e-12,
                3.97057213497e-12,
                3.91190465437e-12,
                2.56929720555e-12,
                9.39444594165e-13
            ],
            "var": [
                9.25789152006e-07,
                0.000395701674279,
                6.27639601589e-05,
                5.20630692336e-06,
                1.184687153e-05,
                1.1130407529e-06,
                1.36388644023e-06,
                3.35779918714e-06,
                3.83283463634e-07,
                1.05371282189e-06,
                3.13683045761e-07,
                3.08836064278e-07,
                1.51589119923e-07,
                1.46867066064e-07,
                1.04869222639e-07,
                2.12919999854e-07,
                3.52938712922e-07,
                1.26044551507e-06,
                1.20176036944e-06,
                7.4666462524e-07,
                8.65544507178e-07,
                1.60543447691e-06,
                8.31735405882e-07,
                6.26362805178e-07,
                4.40890460141e-07,
                4.51977477667e-08,
                1.265957561e-08
            ]
        },
        "barkbands_crest": {
            "dmean": 3.69556546211,
            "dmean2": 5.86524105072,
            "dvar": 13.3731794357,
            "dvar2": 27.3594837189,
            "max": 25.5933227539,
            "mean": 11.499171257,
            "median": 10.4699954987,
            "min": 1.93295323849,
            "var": 31.4230442047
        },
        "barkbands_flatness_db": {
            "dmean": 0.032051179558,
            "dmean2": 0.0493574105203,
            "dvar": 0.00110888131894,
            "dvar2": 0.0024710232392,
            "max": 0.320726662874,
            "mean": 0.115625731647,
            "median": 0.106892071664,
            "min": 0.0221150349826,
            "var": 0.00265084276907
        },
        "barkbands_kurtosis": {
            "dmean": 6.21140193939,
            "dmean2": 10.0379314423,
            "dvar": 161.15423584,
            "dvar2": 368.980224609,
            "max": 179.060180664,
            "mean": 6.36117172241,
            "median": 1.89298760891,
            "min": -1.910800457,
            "var": 196.339355469
        },
        "barkbands_skewness": {
            "dmean": 0.977001011372,
            "dmean2": 1.4391579628,
            "dvar": 1.37791228294,
            "dvar2": 2.88168478012,
            "max": 11.8331279755,
            "mean": 1.79211819172,
            "median": 1.50875711441,
            "min": -3.30305957794,
            "var": 3.26287651062
        },
        "barkbands_spread": {
            "dmean": 11.1565151215,
            "dmean2": 17.5095863342,
            "dvar": 151.11932373,
            "dvar2": 349.362945557,
            "max": 117.347038269,
            "mean": 33.1939277649,
            "median": 28.2892379761,
            "min": 0.959852695465,
            "var": 422.975280762
        },
        "dissonance": {
            "dmean": 0.0150128388777,
            "dmean2": 0.0240435302258,
            "dvar": 0.000325810484355,
            "dvar2": 0.000811823119875,
            "max": 0.5,
            "mean": 0.470746189356,
            "median": 0.478659123182,
            "min": 0.301087111235,
            "var": 0.000745563360397
        },
        "dynamic_complexity": 2.26866722107,
        "erbbands": {
            "dmean": [
                0.339808404446,
                1.92292737961,
                4.40021181107,
                3.55570363998,
                5.08054828644,
                6.28366947174,
                3.31780052185,
                4.6505188942,
                6.97427749634,
                6.13378000259,
                8.10566616058,
                5.89907741547,
                6.37585020065,
                7.36822319031,
                6.29893016815,
                9.33937358856,
                7.54321193695,
                9.47208976746,
                7.82259607315,
                9.70729827881,
                11.8076667786,
                16.0876941681,
                21.1880836487,
                26.4935855865,
                21.1561775208,
                22.5479679108,
                16.4283504486,
                16.9632511139,
                15.9005794525,
                13.0111942291,
                8.37506008148,
                5.59608888626,
                4.0423951149,
                2.54724979401,
                1.27244973183,
                0.462494105101,
                0.116070233285,
                0.0249469298869,
                0.00540276337415,
                0.00036667168024
            ],
            "dmean2": [
                0.537534892559,
                2.86317300797,
                7.79489040375,
                6.21684646606,
                8.7665348053,
                10.4629354477,
                5.71600532532,
                7.72665166855,
                11.012845993,
                10.1155538559,
                11.9926185608,
                9.50717830658,
                9.20981693268,
                10.5746660233,
                9.67701721191,
                15.0950841904,
                12.3842573166,
                16.2424659729,
                12.7626056671,
                15.7975730896,
                18.7564220428,
                25.8379325867,
                31.6715488434,
                42.3525161743,
                33.8945999146,
                38.6658554077,
                26.2238140106,
                26.5367412567,
                24.7013874054,
                18.9484004974,
                11.6516609192,
                8.01070594788,
                5.56887388229,
                3.53405094147,
                1.79841458797,
                0.638353288174,
                0.15610255301,
                0.0337450578809,
                0.00739601580426,
                0.000534046965186
            ],
            "dvar": [
                0.369475781918,
                15.4388923645,
                153.769683838,
                71.1520233154,
                116.766914368,
                116.028991699,
                41.7769699097,
                54.5104255676,
                104.465499878,
                168.123123169,
                272.178039551,
                141.969970703,
                333.973999023,
                232.514694214,
                170.962722778,
                249.029678345,
                196.829971313,
                286.144775391,
                248.080581665,
                254.636535645,
                493.996917725,
                1162.95507813,
                2271.53588867,
                3523.08325195,
                1920.62866211,
                2519.11499023,
                1093.46386719,
                1087.01513672,
                1130.97009277,
                585.178466797,
                232.387237549,
                146.122131348,
                86.2758865356,
                50.7194709778,
                6.85658788681,
                0.798726737499,
                0.054309528321,
                0.00336527521722,
                0.000130915432237,
                5.50418008061e-07
            ],
            "dvar2": [
                0.814351081848,
                32.8125686646,
                427.072845459,
                190.221298218,
                324.136474609,
                279.372375488,
                112.379211426,
                139.489486694,
                225.587875366,
                391.077697754,
                482.796081543,
                334.051544189,
                629.376464844,
                444.891601563,
                371.750305176,
                544.476867676,
                482.111114502,
                693.699462891,
                628.51171875,
                600.739685059,
                1037.88806152,
                2699.66235352,
                4791.31054688,
                7913.19628906,
                4745.37207031,
                6986.23486328,
                2525.359375,
                2492.77978516,
                2495.70800781,
                1193.81420898,
                391.211883545,
                286.514862061,
                150.863052368,
                101.438682556,
                13.1543750763,
                1.44013333321,
                0.101379312575,
                0.00492761144415,
                0.000204995390959,
                1.05372066628e-06
            ],
            "max": [
                4.35282039642,
                30.8237781525,
                86.3193359375,
                72.2846832275,
                209.996124268,
                120.283790588,
                59.9814338684,
                138.750564575,
                179.597335815,
                284.255187988,
                503.238494873,
                247.807556152,
                586.772583008,
                362.329803467,
                314.839263916,
                281.926635742,
                328.238769531,
                261.230957031,
                181.653945923,
                164.054611206,
                380.564849854,
                328.875976563,
                471.268188477,
                709.292175293,
                529.009094238,
                449.410522461,
                307.317810059,
                418.864257813,
                575.561584473,
                333.094451904,
                168.058029175,
                191.815887451,
                135.71711731,
                172.367263794,
                37.4795265198,
                10.1225099564,
                2.80873155594,
                0.73288077116,
                0.14961604774,
                0.0111170262098
            ],
            "mean": [
                0.390636980534,
                2.3523170948,
                3.64677667618,
                3.49615049362,
                7.24138832092,
                9.06506824493,
                4.35139513016,
                6.99256420135,
                12.2559633255,
                8.80167579651,
                18.0746822357,
                9.27269744873,
                11.1568660736,
                14.7208271027,
                10.5228376389,
                14.1711397171,
                9.89866447449,
                11.6639614105,
                9.7003698349,
                12.2909049988,
                14.1679668427,
                19.2745857239,
                27.0276031494,
                31.1744308472,
                22.926486969,
                23.160074234,
                18.3586673737,
                21.4714794159,
                22.8969573975,
                20.0588912964,
                12.5827903748,
                8.03222942352,
                6.11455488205,
                3.71486139297,
                1.59102892876,
                0.61040443182,
                0.157778099179,
                0.0434297844768,
                0.010491553694,
                0.000739638111554
            ],
            "median": [
                0.137435615063,
                0.637683689594,
                0.589248120785,
                1.27873766422,
                4.15365362167,
                3.92634439468,
                2.27562260628,
                3.5895254612,
                5.50127840042,
                4.28384160995,
                3.47757077217,
                4.26629495621,
                4.54258394241,
                4.82636594772,
                5.12453746796,
                4.82625341415,
                4.13970422745,
                3.98806643486,
                3.65775465965,
                4.96411752701,
                5.27057266235,
                7.37181377411,
                9.48680686951,
                9.22930431366,
                6.5550866127,
                6.574614048,
                5.10723686218,
                5.48553276062,
                5.48682689667,
                6.30294466019,
                3.68982768059,
                1.92760002613,
                1.66838037968,
                1.04133760929,
                0.39923247695,
                0.15071670711,
                0.0441600307822,
                0.013492424041,
                0.00351129542105,
                0.000277245737379
            ],
            "min": [
                2.97895111356e-11,
                6.92631577093e-11,
                1.6086779131e-10,
                6.06856676022e-10,
                3.69010488832e-09,
                1.0191035571e-08,
                5.57715251759e-09,
                1.60990687448e-08,
                3.3486642792e-08,
                4.49959287607e-08,
                6.75951525864e-08,
                5.29788835024e-08,
                8.06504871775e-08,
                2.74617075746e-08,
                2.95000202044e-08,
                1.29999406795e-07,
                1.92009977695e-07,
                1.05869624178e-07,
                1.82270710525e-07,
                1.30173546609e-07,
                1.36961162411e-07,
                7.33986098567e-08,
                1.03230000548e-07,
                1.98662757356e-08,
                6.68341186838e-08,
                3.41915210811e-07,
                1.80315879561e-07,
                1.0235757486e-07,
                6.99926374637e-08,
                1.101534437e-07,
                1.91831716734e-07,
                1.26714866155e-07,
                5.15969453829e-08,
                2.25933280973e-08,
                3.82581255565e-08,
                1.03232755677e-08,
                4.68842120682e-09,
                1.61335289572e-09,
                1.72887260064e-10,
                7.7987295441e-12
            ],
            "var": [
                0.440171837807,
                19.8894176483,
                100.421798706,
                50.8506317139,
                107.839179993,
                212.618057251,
                41.051158905,
                94.6175460815,
                316.434875488,
                277.457489014,
                2249.21191406,
                281.612915039,
                897.698669434,
                933.632324219,
                352.770446777,
                692.093322754,
                330.365905762,
                447.868347168,
                288.670532227,
                343.177185059,
                697.225463867,
                1295.91491699,
                2936.57714844,
                4099.28710938,
                2102.34277344,
                2047.58618164,
                1336.41906738,
                1659.02368164,
                2202.00952148,
                1199.79431152,
                559.779663086,
                285.622070313,
                187.303939819,
                96.6839294434,
                11.819234848,
                1.56294775009,
                0.109043367207,
                0.00978595763445,
                0.000402206613217,
                1.44670036661e-06
            ]
        },
        "erbbands_crest": {
            "dmean": 2.30537581444,
            "dmean2": 3.62625789642,
            "dvar": 5.68197202682,
            "dvar2": 12.558883667,
            "max": 25.1908798218,
            "mean": 7.65828514099,
            "median": 6.45288991928,
            "min": 2.11071372032,
            "var": 17.0219211578
        },
        "erbbands_flatness_db": {
            "dmean": 0.0179380234331,
            "dmean2": 0.0254608374089,
            "dvar": 0.000355456635589,
            "dvar2": 0.000641629390884,
            "max": 0.294489979744,
            "mean": 0.115777038038,
            "median": 0.111901208758,
            "min": 0.0423407182097,
            "var": 0.00181212683674
        },
        "erbbands_kurtosis": {
            "dmean": 1.12038075924,
            "dmean2": 1.72248280048,
            "dvar": 2.36779069901,
            "dvar2": 5.53138542175,
            "max": 18.100605011,
            "mean": 0.486200094223,
            "median": -0.274140715599,
            "min": -1.72419190407,
            "var": 4.72418165207
        },
        "erbbands_skewness": {
            "dmean": 0.433012604713,
            "dmean2": 0.63247102499,
            "dvar": 0.20617441833,
            "dvar2": 0.443869680166,
            "max": 3.16768074036,
            "mean": -0.0993476584554,
            "median": -0.0982183218002,
            "min": -3.32485747337,
            "var": 0.863775730133
        },
        "erbbands_spread": {
            "dmean": 13.2384614944,
            "dmean2": 18.8884849548,
            "dvar": 178.036300659,
            "dvar2": 369.709564209,
            "max": 146.920669556,
            "mean": 52.4259796143,
            "median": 50.8621330261,
            "min": 10.3048000336,
            "var": 590.36895752
        },
        "gfcc": {
            "cov": [
                [
                    4229.30126953,
                    -707.278381348,
                    394.161437988,
                    701.603759766,
                    128.721481323,
                    288.688751221,
                    -65.211151123,
                    39.2791786194,
                    -7.59344768524,
                    100.889083862,
                    -189.39125061,
                    -76.3414764404,
                    -182.718032837
                ],
                [
                    -707.278381348,
                    1522.0456543,
                    -99.6258163452,
                    -153.826950073,
                    20.7868843079,
                    148.673690796,
                    22.8653888702,
                    96.1215286255,
                    -37.8469581604,
                    31.1939430237,
                    47.8625526428,
                    8.29155540466,
                    34.9169425964
                ],
                [
                    394.161437988,
                    -99.6258163452,
                    747.775390625,
                    252.615402222,
                    257.538360596,
                    99.3757476807,
                    138.526809692,
                    26.5724010468,
                    122.434539795,
                    48.4437828064,
                    41.5709762573,
                    35.8579788208,
                    -6.98123502731
                ],
                [
                    701.603759766,
                    -153.826950073,
                    252.615402222,
                    608.448547363,
                    174.561218262,
                    113.55342865,
                    -102.556312561,
                    57.8760604858,
                    33.0660552979,
                    67.872756958,
                    1.03504264355,
                    2.82930850983,
                    -12.7325057983
                ],
                [
                    128.721481323,
                    20.7868843079,
                    257.538360596,
                    174.561218262,
                    512.399780273,
                    127.954139709,
                    169.881561279,
                    14.3187303543,
                    142.143630981,
                    73.9196777344,
                    67.4586868286,
                    -11.1360607147,
                    30.3512783051
                ],
                [
                    288.688751221,
                    148.673690796,
                    99.3757476807,
                    113.55342865,
                    127.954139709,
                    353.773193359,
                    117.655258179,
                    97.33644104,
                    39.9843101501,
                    99.1393280029,
                    17.2477264404,
                    10.5609750748,
                    18.3719005585
                ],
                [
                    -65.211151123,
                    22.8653888702,
                    138.526809692,
                    -102.556312561,
                    169.881561279,
                    117.655258179,
                    339.469970703,
                    56.8064918518,
                    119.817199707,
                    52.8997612,
                    74.535369873,
                    31.428609848,
                    24.8149318695
                ],
                [
                    39.2791786194,
                    96.1215286255,
                    26.5724010468,
                    57.8760604858,
                    14.3187303543,
                    97.33644104,
                    56.8064918518,
                    151.97052002,
                    44.6109046936,
                    42.4882659912,
                    19.9230365753,
                    35.7653961182,
                    20.0660266876
                ],
                [
                    -7.59344768524,
                    -37.8469581604,
                    122.434539795,
                    33.0660552979,
                    142.143630981,
                    39.9843101501,
                    119.817199707,
                    44.6109046936,
                    145.133255005,
                    47.3268165588,
                    44.1421546936,
                    20.6854095459,
                    22.3349838257
                ],
                [
                    100.889083862,
                    31.1939430237,
                    48.4437828064,
                    67.872756958,
                    73.9196777344,
                    99.1393280029,
                    52.8997612,
                    42.4882659912,
                    47.3268165588,
                    115.355560303,
                    33.9097213745,
                    2.14216995239,
                    7.62181186676
                ],
                [
                    -189.39125061,
                    47.8625526428,
                    41.5709762573,
                    1.03504264355,
                    67.4586868286,
                    17.2477264404,
                    74.535369873,
                    19.9230365753,
                    44.1421546936,
                    33.9097213745,
                    108.245346069,
                    31.1797103882,
                    24.689622879
                ],
                [
                    -76.3414764404,
                    8.29155540466,
                    35.8579788208,
                    2.82930850983,
                    -11.1360607147,
                    10.5609750748,
                    31.428609848,
                    35.7653961182,
                    20.6854095459,
                    2.14216995239,
                    31.1797103882,
                    73.3252868652,
                    23.8309707642
                ],
                [
                    -182.718032837,
                    34.9169425964,
                    -6.98123502731,
                    -12.7325057983,
                    30.3512783051,
                    18.3719005585,
                    24.8149318695,
                    20.0660266876,
                    22.3349838257,
                    7.62181186676,
                    24.689622879,
                    23.8309707642,
                    75.3685073853
                ]
            ],
            "icov": [
                [
                    0.00040426425403,
                    0.000142577700899,
                    -5.31031255377e-05,
                    -0.000369248504285,
                    2.87831862806e-05,
                    -0.000251692603342,
                    -0.000153778659296,
                    3.44368777405e-06,
                    9.99405019684e-05,
                    -0.000160936222528,
                    0.000634953728877,
                    2.31532121688e-05,
                    0.000717529153917
                ],
                [
                    0.000142577700899,
                    0.000857975683175,
                    -3.84039449273e-05,
                    0.000320730759995,
                    -0.000250701967161,
                    -0.000450977066066,
                    0.000323905755067,
                    -0.000686135550495,
                    0.000550563971046,
                    -2.99855619232e-05,
                    -0.000295997422654,
                    0.000200215174118,
                    0.000159249844728
                ],
                [
                    -5.31031255377e-05,
                    -3.84039449273e-05,
                    0.00207575946115,
                    -0.000839869724587,
                    -0.000406679377193,
                    -5.8584013459e-05,
                    -0.000727052916773,
                    0.000656592485029,
                    -0.00087965693092,
                    0.000358756515197,
                    0.000199583388167,
                    -0.00117432128172,
                    0.000712395703886
                ],
                [
                    -0.000369248504285,
                    0.000320730759995,
                    -0.000839869724587,
                    0.00367094250396,
                    -0.00129726459272,
                    -0.000561661960091,
                    0.00277249584906,
                    -0.00155542325228,
                    0.000109991597128,
                    -0.000714911788236,
                    -0.000979010132141,
                    -0.000331726652803,
                    0.000124494981719
                ],
                [
                    2.87831862806e-05,
                    -0.000250701967161,
                    -0.000406679377193,
                    -0.00129726459272,
                    0.00407890276983,
                    -0.000604839937296,
                    -0.001368172816,
                    0.00165788154118,
                    -0.00258409674279,
                    0.000259019521764,
                    -0.000881270098034,
                    0.00229548523203,
                    -0.00125451979693
                ],
                [
                    -0.000251692603342,
                    -0.000450977066066,
                    -5.8584013459e-05,
                    -0.000561661960091,
                    -0.000604839937296,
                    0.00544228218496,
                    -0.00188062188681,
                    -0.00188715930562,
                    0.00208958028816,
                    -0.00321467523463,
                    0.00136765022762,
                    5.21412403032e-06,
                    -0.00120679871179
                ],
                [
                    -0.000153778659296,
                    0.000323905755067,
                    -0.000727052916773,
                    0.00277249584906,
                    -0.001368172816,
                    -0.00188062188681,
                    0.00713033229113,
                    -0.00126657728106,
                    -0.00292883510701,
                    0.000331776100211,
                    -0.0025779902935,
                    -0.000659167184494,
                    0.000764443539083
                ],
                [
                    3.44368777405e-06,
                    -0.000686135550495,
                    0.000656592485029,
                    -0.00155542325228,
                    0.00165788154118,
                    -0.00188715930562,
                    -0.00126657728106,
                    0.0110840778798,
                    -0.00318123889156,
                    -0.00100360484794,
                    0.00104158616159,
                    -0.00380482128821,
                    -0.000711261236575
                ],
                [
                    9.99405019684e-05,
                    0.000550563971046,
                    -0.00087965693092,
                    0.000109991597128,
                    -0.00258409674279,
                    0.00208958028816,
                    -0.00292883510701,
                    -0.00318123889156,
                    0.0146068483591,
                    -0.00339253502898,
                    -0.000167072052136,
                    -0.000923227111343,
                    -0.00137204618659
                ],
                [
                    -0.000160936222528,
                    -2.99855619232e-05,
                    0.000358756515197,
                    -0.000714911788236,
                    0.000259019521764,
                    -0.00321467523463,
                    0.000331776100211,
                    -0.00100360484794,
                    -0.00339253502898,
                    0.0144196134061,
                    -0.00409200461581,
                    0.00267888628878,
                    0.000414028472733
                ],
                [
                    0.000634953728877,
                    -0.000295997422654,
                    0.000199583388167,
                    -0.000979010132141,
                    -0.000881270098034,
                    0.00136765022762,
                    -0.0025779902935,
                    0.00104158616159,
                    -0.000167072052136,
                    -0.00409200461581,
                    0.0153589015827,
                    -0.00520341750234,
                    -0.000800182286184
                ],
                [
                    2.31532121688e-05,
                    0.000200215174118,
                    -0.00117432128172,
                    -0.000331726652803,
                    0.00229548523203,
                    5.21412403032e-06,
                    -0.000659167184494,
                    -0.00380482128821,
                    -0.000923227111343,
                    0.00267888628878,
                    -0.00520341750234,
                    0.0206402167678,
                    -0.0047161327675
                ],
                [
                    0.000717529153917,
                    0.000159249844728,
                    0.000712395703886,
                    0.000124494981719,
                    -0.00125451979693,
                    -0.00120679871179,
                    0.000764443539083,
                    -0.000711261236575,
                    -0.00137204618659,
                    0.000414028472733,
                    -0.000800182286184,
                    -0.0047161327675,
                    0.0178760178387
                ]
            ],
            "mean": [
                17.6932811737,
                44.7534255981,
                -92.3649139404,
                39.6262550354,
                -55.3941383362,
                11.7726821899,
                -29.8230953217,
                9.18509483337,
                -19.9455699921,
                0.20008777082,
                -11.029665947,
                4.93991994858,
                -10.4994125366
            ]
        },
        "hfc": {
            "dmean": 17.4978904724,
            "dmean2": 24.331029892,
            "dvar": 896.804138184,
            "dvar2": 1756.97717285,
            "max": 285.789215088,
            "mean": 29.7004184723,
            "median": 14.8274812698,
            "min": 2.70717833928e-07,
            "var": 1788.68139648
        },
        "melbands": {
            "dmean": [
                0.0026982689742,
                0.00229905103333,
                0.000659329758491,
                0.000425152305979,
                0.000146114529343,
                0.000104852348159,
                0.000103604601463,
                6.56238771626e-05,
                6.59753350192e-05,
                3.39540529239e-05,
                3.21437910316e-05,
                3.03663691739e-05,
                2.4348280931e-05,
                2.395741285e-05,
                1.83610100066e-05,
                1.63900349435e-05,
                1.87659625226e-05,
                1.28879300973e-05,
                1.12275365609e-05,
                1.48708422785e-05,
                1.40591482705e-05,
                1.66491299751e-05,
                1.95084103325e-05,
                1.98439556698e-05,
                2.24336199608e-05,
                1.89224574569e-05,
                1.31582555696e-05,
                1.54234330694e-05,
