{
    "lowlevel": {
        "average_loudness": 0.892464637756,
        "barkbands": {
            "dmean": [
                8.72156888363e-05,
                0.00251421821304,
                0.000855036487337,
                0.000807826872915,
                0.00132979406044,
                0.0012457970297,
                0.00102286227047,
                0.000676710391417,
                0.00088207249064,
                0.000805987801868,
                0.0011515939841,
                0.00060175760882,
                0.000622838444542,
                0.000570791133214,
                0.000575400248636,
                0.000287298375042,
                0.000155331334099,
                0.000240230394411,
                0.00025208844454,
                0.000122052217193,
                5.12980550411e-05,
                4.7506451665e-05,
                0.0001020024647,
                9.99186086119e-05,
                0.000131559354486,
                5.93718505115e-05,
                1.71400151885e-05
            ],
            "dmean2": [
                0.000144218982314,
                0.00423777196556,
                0.00151225121226,
                0.00140139099676,
                0.00222004158422,
                0.00191066786647,
                0.0016221065307,
                0.00110196101014,
                0.00130518293008,
                0.00115201144945,
                0.00163731432986,
                0.000876308127772,
                0.000934895477258,
                0.000870672345627,
                0.000891550676897,
                0.000457429821836,
                0.000249445671216,
                0.000383554986911,
                0.000394533359213,
                0.000188498743228,
                7.96036765678e-05,
                7.2043381806e-05,
                0.000149733750732,
                0.000143895260408,
                0.000174457032699,
                8.21813955554e-05,
                2.46487434197e-05
            ],
            "dvar": [
                3.71768074103e-08,
                3.05714202113e-05,
                4.17834553446e-06,
                3.4311788113e-06,
                5.23464359503e-06,
                7.4557692642e-06,
                4.6974992074e-06,
                5.0642165661e-06,
                4.52779158877e-06,
                4.94958067065e-06,
                9.8688997241e-06,
                3.73054695046e-06,
                2.30796740652e-06,
                1.67583982602e-06,
                1.45913259075e-06,
                6.2887625063e-07,
                1.87617956726e-07,
                2.41428381287e-07,
                2.42296721353e-07,
                5.72769707219e-08,
                9.6165830854e-09,
                2.77469975885e-08,
                9.04231143295e-08,
                1.09557674932e-07,
                2.81016042436e-07,
                6.01828418212e-08,
                2.12131268107e-09
            ],
            "dvar2": [
                9.56818837494e-08,
                8.05058152764e-05,
                1.18379593914e-05,
                9.57472821028e-06,
                1.36414973895e-05,
                1.60602921824e-05,
                1.21963530546e-05,
                1.33385101435e-05,
                9.49346758716e-06,
                9.61573732638e-06,
                1.94108943106e-05,
                7.76650176704e-06,
                4.88408113597e-06,
                3.69022518498e-06,
                3.36305834026e-06,
                1.44973137139e-06,
                4.72223803172e-07,
                5.69730957523e-07,
                5.66120718304e-07,
                1.26290586877e-07,
                2.13346815769e-08,
                6.51330580581e-08,
                1.80557748308e-07,
                2.01927150556e-07,
                4.29990421935e-07,
                9.52466194803e-08,
                3.85362275424e-09
            ],
            "max": [
                0.00379006727599,
                0.0664728432894,
                0.0290286503732,
                0.0290944818407,
                0.0417025610805,
                0.105712100863,
                0.0540033914149,
                0.0751455053687,
                0.0501136891544,
                0.0589021667838,
                0.0672692283988,
                0.047589045018,
                0.0394451059401,
                0.0298167951405,
                0.0409934334457,
                0.0211695022881,
                0.0145823266357,
                0.0108881425112,
                0.0133956298232,
                0.00922090373933,
                0.00314829614945,
                0.00736915273592,
                0.0113709429279,
                0.0096029965207,
                0.0241348203272,
                0.0106752244756,
                0.00230665807612
            ],
            "mean": [
                0.000130518412334,
                0.00399352284148,
                0.00135616469197,
                0.00112548156176,
                0.00242149713449,
                0.00240524951369,
                0.00185276125558,
                0.000907686538994,
                0.00186225946527,
                0.00168053375091,
                0.00258730072528,
                0.0012263734825,
                0.0012081899913,
                0.00108405994251,
                0.00111794960685,
                0.000452697160654,
                0.000287368660793,
                0.000428244384238,
                0.000486611388624,
                0.000256272440311,
                0.000119485892355,
                0.000100847086287,
                0.00021524753538,
                0.000215266962186,
                0.000266748538706,
                0.000101397672552,
                3.17181402352e-05
            ],
            "median": [
                1.66540739883e-05,
                0.00156345614232,
                0.00044054776663,
                0.000422681478085,
                0.00139291642699,
                0.00125766126439,
                0.000885287183337,
                0.000233259488596,
                0.000573840225115,
                0.000260190718109,
                0.000248552823905,
                0.000170823564986,
                0.000356650736649,
                0.000403520214604,
                0.000372309616068,
                0.000183768832358,
                0.000134919595439,
                0.000209647114389,
                0.000274215475656,
                0.000163748671184,
                7.19639283489e-05,
                5.52151650481e-05,
                0.000117858136946,
                9.81126213446e-05,
                0.000101310346508,
                3.63908693544e-05,
                1.54128811118e-05
            ],
            "min": [
                6.06105844435e-25,
                3.08281674721e-24,
                1.07851002063e-24,
                1.6592324412e-24,
                7.13285663918e-24,
                7.56876066502e-24,
                9.58285666241e-24,
                4.06654956742e-24,
                1.44062598927e-23,
                1.44080932054e-23,
                1.48322668696e-23,
                2.96050157616e-23,
                3.91773789963e-23,
                4.49602847896e-23,
                3.4670796505e-23,
                5.14157702353e-23,
                3.87220958134e-23,
                1.08752717803e-22,
                1.26799091146e-22,
                1.71920912561e-22,
                2.91282433766e-22,
                2.86914769681e-22,
                3.79343039725e-22,
                4.93685158897e-22,
                9.15457707188e-22,
                1.22792932352e-21,
                1.98073809893e-21
            ],
            "var": [
                8.88286280087e-08,
                4.32430533692e-05,
                6.96332381267e-06,
                3.81289169127e-06,
                9.62837475527e-06,
                1.88062567759e-05,
                8.73581848282e-06,
                5.66854032513e-06,
                1.63737640833e-05,
                2.18307759496e-05,
                4.92265971843e-05,
                1.48263416122e-05,
                6.84020096742e-06,
                4.19253638029e-06,
                5.54167354494e-06,
                1.02989122297e-06,
                3.32831206151e-07,
                5.37920470833e-07,
                5.36979086974e-07,
                1.32270471909e-07,
                2.33656169968e-08,
                4.78165596007e-08,
                2.32901513186e-07,
                2.92490369702e-07,
                1.06014283574e-06,
                1.64133709291e-07,
                6.0734222096e-09
            ]
        },
        "barkbands_crest": {
            "dmean": 2.61353754997,
            "dmean2": 4.224609375,
            "dvar": 6.10284328461,
            "dvar2": 15.4385728836,
            "max": 25.4134922028,
            "mean": 9.96803855896,
            "median": 9.1001625061,
            "min": 2.28687524796,
            "var": 16.538269043
        },
        "barkbands_flatness_db": {
            "dmean": 0.0163232740015,
            "dmean2": 0.0248057544231,
            "dvar": 0.000245626579272,
            "dvar2": 0.000560359971132,
            "max": 0.397405415773,
            "mean": 0.107828460634,
            "median": 0.10029514879,
            "min": 0.0171625297517,
            "var": 0.00195584562607
        },
        "barkbands_kurtosis": {
            "dmean": 1.79894757271,
            "dmean2": 2.81953597069,
            "dvar": 12.1756725311,
            "dvar2": 28.5541324615,
            "max": 77.2490844727,
            "mean": 2.57094502449,
            "median": 1.14190304279,
            "min": -1.93698036671,
            "var": 28.0757465363
        },
        "barkbands_skewness": {
            "dmean": 0.420660793781,
            "dmean2": 0.636512458324,
            "dvar": 0.207144662738,
            "dvar2": 0.436575293541,
            "max": 8.03629302979,
            "mean": 1.07645189762,
            "median": 0.995966017246,
            "min": -2.35225105286,
            "var": 1.05936598778
        },
        "barkbands_spread": {
            "dmean": 5.47087621689,
            "dmean2": 8.19896221161,
            "dvar": 50.0051193237,
            "dvar2": 95.8087310791,
            "max": 120.922470093,
            "mean": 24.9782066345,
            "median": 22.5609111786,
            "min": 1.28630244732,
            "var": 211.9637146
        },
        "dissonance": {
            "dmean": 0.0199756287038,
            "dmean2": 0.0336593799293,
            "dvar": 0.000347931054421,
            "dvar2": 0.000956868287176,
            "max": 0.5,
            "mean": 0.459775745869,
            "median": 0.4660846591,
            "min": 0.303320914507,
            "var": 0.000766285927966
        },
        "dynamic_complexity": 3.34172105789,
        "erbbands": {
            "dmean": [
                0.0758264735341,
                0.573734104633,
                0.944607973099,
                1.80196249485,
                3.66006731987,
                4.55829000473,
                7.11139774323,
                11.300740242,
                15.0457715988,
                14.1744184494,
                13.6155605316,
                19.9795856476,
                14.6545314789,
                36.2962722778,
                42.8079872131,
                19.8144931793,
                27.1285419464,
                24.6965694427,
                31.1525535583,
                21.8634605408,
                14.1367406845,
                8.19730949402,
                9.50576877594,
                13.5675106049,
                10.741271019,
                6.30472517014,
                3.08699798584,
                1.35807311535,
                1.66989660263,
                1.99340319633,
                3.11552047729,
                2.51771664619,
                1.54147732258,
                1.70571792126,
                0.862893819809,
                0.292011737823,
                0.0790540203452,
                0.0389149934053,
                0.00304709002376,
                7.68283280195e-05
            ],
            "dmean2": [
                0.12469945848,
                0.978778719902,
                1.61648523808,
                3.15172338486,
                6.30417966843,
                7.64671850204,
                11.0468463898,
                17.4279994965,
                24.2072734833,
                22.9571361542,
                21.5760555267,
                29.6518764496,
                21.1947975159,
                50.8169403076,
                61.2582015991,
                28.7148571014,
                40.5072364807,
                36.8488540649,
                48.6740722656,
                34.0342102051,
                22.5213050842,
                12.8533372879,
                15.114358902,
                21.3900699615,
                16.4424381256,
                9.82163047791,
                4.72312450409,
                2.09442925453,
                2.5655207634,
                2.90599608421,
                4.55708599091,
                3.61814856529,
                2.17714095116,
                2.30808329582,
                1.14932334423,
                0.371467649937,
                0.112358346581,
                0.0581678599119,
                0.0044490932487,
                0.00011080425611
            ],
            "dvar": [
                0.0267649311572,
                1.69608640671,
                4.56576967239,
                17.1513023376,
                50.3834037781,
                57.7113685608,
                294.874664307,
                632.769775391,
                1057.36779785,
                1530.68334961,
                1733.93200684,
                2665.10717773,
                1355.24829102,
                7642.60449219,
                10928.5800781,
                3101.08691406,
                5246.18652344,
                3704.54125977,
                4591.84814453,
                2964.25976563,
                1741.53759766,
                493.672393799,
                364.60269165,
                726.653015137,
                408.527313232,
                166.802536011,
                36.5727005005,
                9.84184360504,
                45.2570075989,
                28.6492004395,
                90.8343963623,
                67.5569763184,
                32.8230400085,
                40.7866859436,
                16.9940910339,
                3.10211348534,
                0.0834791883826,
                0.00661971559748,
                8.8126056653e-05,
                5.04670936152e-08
            ],
            "dvar2": [
                0.0663557425141,
                4.50556659698,
                12.2698373795,
                47.6934585571,
                142.127197266,
                154.596893311,
                624.438171387,
                1454.43127441,
                2800.74023438,
                4041.86547852,
                4484.50097656,
                5629.41992188,
                2865.0246582,
                14674.5224609,
                22621.3535156,
                6355.36425781,
                11010.28125,
                7771.046875,
                10740.9755859,
                6700.64990234,
                4159.86962891,
                1131.76464844,
                851.915710449,
                1708.4609375,
                936.232421875,
                381.559783936,
                81.8296051025,
                20.9700088501,
                110.08303833,
                58.3317680359,
                182.750045776,
                124.36580658,
                59.4374389648,
                68.2901611328,
                26.741815567,
                4.00012874603,
                0.156922698021,
                0.0152869122103,
                0.000168150887475,
                9.35490973575e-08
            ],
            "max": [
                1.93312096596,
                15.1136264801,
                29.2995872498,
                63.3976173401,
                87.8533401489,
                125.949615479,
                785.697814941,
                702.74005127,
                903.399047852,
                1114.5958252,
                1147.88635254,
                1377.35620117,
                1273.59301758,
                2331.16162109,
                2319.3449707,
                1629.40710449,
                1960.01757813,
                1663.44226074,
                2508.28833008,
                1547.14208984,
                1437.9486084,
                936.667663574,
                580.795776367,
                649.055419922,
                555.909851074,
                539.65612793,
                217.014511108,
                106.418235779,
                318.129486084,
                194.987579346,
                413.743713379,
                329.770721436,
                206.722549438,
                300.128326416,
                193.414123535,
                88.3162841797,
                9.404047966,
                2.41145944595,
                0.46239066124,
                0.00996004231274
            ],
            "mean": [
                0.111585356295,
                0.894826173782,
                1.74847853184,
                2.65228319168,
                5.68007183075,
                7.79943180084,
                14.0571489334,
                21.9563694,
                27.7619361877,
                22.5809173584,
                22.1716194153,
                40.3233528137,
                33.6846427917,
                85.0523376465,
                101.286499023,
                42.3507423401,
                55.7010993958,
                52.8937568665,
                64.6689758301,
                43.3562278748,
                24.5235309601,
                16.5987472534,
                19.1492290497,
                25.9992790222,
                22.3360099792,
                13.6544790268,
                6.87869262695,
                3.50274705887,
                3.45951271057,
                4.51560926437,
                6.48543930054,
                5.32281637192,
                3.27788305283,
                3.28514242172,
                1.66515314579,
                0.531440556049,
                0.146768018603,
                0.0564320385456,
                0.00571969104931,
                0.000173939683009
            ],
            "median": [
                0.0282901544124,
                0.372051924467,
                0.779362261295,
                1.29779052734,
                2.66284346581,
                4.41349077225,
                7.32850456238,
                11.0853786469,
                14.3922777176,
                9.4203042984,
                8.32026195526,
                13.6685695648,
                10.0565729141,
                17.8683738708,
                19.5632629395,
                12.413848877,
                18.8148574829,
                22.2269420624,
                26.876127243,
                14.7954540253,
                11.2357215881,
                8.27969360352,
                11.0283088684,
                14.5699777603,
                13.928519249,
                9.04319572449,
                4.55446910858,
                1.91808748245,
                1.88382077217,
                2.61776041985,
                3.43483281136,
                2.49233698845,
                1.46284461021,
                1.20145177841,
                0.626055121422,
                0.143869176507,
                0.0602684952319,
                0.0244289189577,
                0.00268271728419,
                0.000101838129922
            ],
            "min": [
                1.06571637307e-22,
                2.22961273358e-22,
                2.20561005651e-21,
                9.11492127398e-21,
                7.85725777608e-21,
                1.96795298858e-20,
                5.01472947234e-20,
                8.7217096607e-20,
                9.72129539242e-20,
                1.99532481511e-19,
                1.19328584028e-19,
                4.04994400447e-19,
                6.02310218862e-19,
                6.68933982035e-19,
                8.41732373889e-19,
                1.22305601883e-18,
                2.18569407413e-18,
                1.93890887428e-18,
                2.50914609547e-18,
                3.16020651393e-18,
                3.11814996325e-18,
                3.63037907603e-18,
                5.89828580406e-18,
                7.5542285985e-18,
                8.09390025529e-18,
                8.01577718233e-18,
                9.82861463228e-18,
                1.07039537001e-17,
                9.8499592008e-18,
                1.24978420966e-17,
                1.10602989721e-17,
                1.04686175071e-17,
                1.07302059312e-17,
                8.37089243675e-18,
                6.96399139087e-18,
                4.23380485134e-18,
                2.43846351213e-18,
                8.77540919209e-19,
                2.21514832139e-19,
                2.8405937997e-20
            ],
            "var": [
                0.04587437585,
                2.13739824295,
                8.32777690887,
                17.9708194733,
                71.4429321289,
                97.3850250244,
                659.180236816,
                1669.04321289,
                1922.85913086,
                1921.01989746,
                2397.67626953,
                7861.39941406,
                5270.73046875,
                34829.8945313,
                50096.140625,
                10232.0244141,
                15537.5361328,
                10767.2412109,
                18939.2890625,
                8314.3046875,
                2899.27929688,
                1130.0279541,
                900.178894043,
                1495.83703613,
                938.098144531,
                364.423736572,
                85.841468811,
                26.3985557556,
                67.6099700928,
                65.9948196411,
                226.284988403,
                181.381134033,
                89.8294067383,
                149.260559082,
                52.6696815491,
                9.34529972076,
                0.205808967352,
                0.0118951676413,
                0.000235959218116,
                1.38826280249e-07
            ]
        },
        "erbbands_crest": {
            "dmean": 2.83467340469,
            "dmean2": 4.45719146729,
            "dvar": 7.57612085342,
            "dvar2": 18.2259178162,
            "max": 30.5991611481,
            "mean": 10.6561641693,
            "median": 9.64127254486,
            "min": 2.28978633881,
            "var": 27.1175231934
        },
        "erbbands_flatness_db": {
            "dmean": 0.0153579711914,
            "dmean2": 0.022078840062,
            "dvar": 0.000202428884222,
            "dvar2": 0.000412105029682,
            "max": 0.399102896452,
            "mean": 0.143392696977,
            "median": 0.138186171651,
            "min": 0.0357219688594,
            "var": 0.0022420512978
        },
        "erbbands_kurtosis": {
            "dmean": 1.02094590664,
            "dmean2": 1.58088696003,
            "dvar": 1.9857416153,
            "dvar2": 4.6626906395,
            "max": 27.7101726532,
            "mean": 1.19794631004,
            "median": 0.478508502245,
            "min": -1.82478249073,
            "var": 5.88059425354
        },
        "erbbands_skewness": {
            "dmean": 0.342082023621,
            "dmean2": 0.509138703346,
            "dvar": 0.11553504318,
            "dvar2": 0.244347319007,
            "max": 4.73628139496,
            "mean": 0.48008826375,
            "median": 0.444128036499,
            "min": -3.93905687332,
            "var": 0.576499462128
        },
        "erbbands_spread": {
            "dmean": 6.73903894424,
            "dmean2": 9.99185276031,
            "dvar": 57.6984329224,
            "dvar2": 127.909736633,
            "max": 140.268951416,
            "mean": 33.7289352417,
            "median": 31.773147583,
            "min": 4.5752363205,
            "var": 307.665924072
        },
        "gfcc": {
            "cov": [
                [
                    22453.7226563,
                    -1261.6184082,
                    -1401.46191406,
                    1185.09924316,
                    -198.524398804,
                    698.692687988,
                    -142.799468994,
                    574.538269043,
                    -226.581008911,
                    76.481552124,
                    19.1223087311,
                    118.416854858,
                    -199.017562866
                ],
                [
                    -1261.6184082,
                    968.858581543,
                    -103.542739868,
                    -164.712127686,
                    47.4982261658,
                    -89.2737579346,
                    14.1073160172,
                    -66.0463790894,
                    -4.23761463165,
                    -18.5276813507,
                    6.27919721603,
                    -50.2449874878,
                    9.16550159454
                ],
                [
                    -1401.46191406,
                    -103.542739868,
                    663.079406738,
                    88.4706115723,
                    54.0358161926,
                    36.9249801636,
                    28.2986907959,
                    34.4587249756,
                    86.6582183838,
                    49.0894508362,
                    -22.4298057556,
                    31.4809627533,
                    23.9130268097
                ],
                [
                    1185.09924316,
                    -164.712127686,
                    88.4706115723,
                    429.221710205,
                    81.9301681519,
                    46.1983833313,
                    18.2693481445,
                    87.0185394287,
                    44.5124435425,
                    45.4418334961,
                    -25.2547187805,
                    14.6214294434,
                    18.9178276062
                ],
                [
                    -198.524398804,
                    47.4982261658,
                    54.0358161926,
                    81.9301681519,
                    218.823303223,
                    59.4302597046,
                    80.3695526123,
                    35.4732513428,
                    34.6810073853,
                    6.30618619919,
                    20.7874126434,
                    6.6179356575,
                    0.936166703701
                ],
                [
                    698.692687988,
                    -89.2737579346,
                    36.9249801636,
                    46.1983833313,
                    59.4302597046,
                    203.070129395,
                    98.366569519,
                    37.7565574646,
                    16.0434474945,
                    -5.41744661331,
                    25.3892116547,
                    31.4614887238,
                    1.80706739426
                ],
                [
                    -142.799468994,
                    14.1073160172,
                    28.2986907959,
                    18.2693481445,
                    80.3695526123,
                    98.366569519,
                    176.312362671,
                    39.5162200928,
                    19.2168369293,
                    7.46042490005,
                    29.0232448578,
                    22.92304039,
                    9.28360748291
                ],
                [
                    574.538269043,
                    -66.0463790894,
                    34.4587249756,
                    87.0185394287,
                    35.4732513428,
                    37.7565574646,
                    39.5162200928,
                    129.134124756,
                    50.6172676086,
                    14.2697610855,
                    6.82761764526,
                    8.78300666809,
                    7.25422716141
                ],
                [
                    -226.581008911,
                    -4.23761463165,
                    86.6582183838,
                    44.5124435425,
                    34.6810073853,
                    16.0434474945,
                    19.2168369293,
                    50.6172676086,
                    116.49282074,
                    33.1769065857,
                    2.24764704704,
                    17.9284496307,
                    14.7566680908
                ],
                [
                    76.481552124,
                    -18.5276813507,
                    49.0894508362,
                    45.4418334961,
                    6.30618619919,
                    -5.41744661331,
                    7.46042490005,
                    14.2697610855,
                    33.1769065857,
                    98.4883728027,
                    28.1947631836,
                    7.79505252838,
                    7.73081350327
                ],
                [
                    19.1223087311,
                    6.27919721603,
                    -22.4298057556,
                    -25.2547187805,
                    20.7874126434,
                    25.3892116547,
                    29.0232448578,
                    6.82761764526,
                    2.24764704704,
                    28.1947631836,
                    93.6660232544,
                    26.5570335388,
                    0.232857748866
                ],
                [
                    118.416854858,
                    -50.2449874878,
                    31.4809627533,
                    14.6214294434,
                    6.6179356575,
                    31.4614887238,
                    22.92304039,
                    8.78300666809,
                    17.9284496307,
                    7.79505252838,
                    26.5570335388,
                    86.4084625244,
                    34.5778884888
                ],
                [
                    -199.017562866,
                    9.16550159454,
                    23.9130268097,
                    18.9178276062,
                    0.936166703701,
                    1.80706739426,
                    9.28360748291,
                    7.25422716141,
                    14.7566680908,
                    7.73081350327,
                    0.232857748866,
                    34.5778884888,
                    80.4158782959
                ]
            ],
            "icov": [
                [
                    0.000131206470542,
                    1.40457032103e-05,
                    0.000326460198266,
                    -0.000292015552986,
                    0.000177703986992,
                    -0.000598549901042,
                    0.000434873974882,
                    -0.000621061190031,
                    0.000445965648396,
                    -0.000325015629642,
                    0.000200059483177,
                    -0.000384247890906,
                    0.000425988575444
                ],
                [
                    1.40457032103e-05,
                    0.00130516337231,
                    0.000198778085178,
                    0.000383669772418,
                    -0.000509907549713,
                    0.000572666176595,
                    -0.000378399854526,
                    0.000506218930241,
                    -0.000396146933781,
                    0.00013828840747,
                    -0.000167324280483,
                    0.000830926583149,
                    -0.000569682451896
                ],
                [
                    0.000326460198266,
                    0.000198778085178,
                    0.00262002833188,
                    -0.000741326250136,
                    0.000101133620774,
                    -0.0016432995908,
                    0.00102457543835,
                    -0.00130383623764,
                    8.26514005894e-05,
                    -0.00156077661086,
                    0.00141014473047,
                    -0.00139865570236,
                    0.000947859312873
                ],
                [
                    -0.000292015552986,
                    0.000383669772418,
                    -0.000741326250136,
                    0.00409515062347,
                    -0.00180170172825,
                    0.000883076514583,
                    -0.000265050213784,
                    -0.000452755601145,
                    -0.000503886141814,
                    -0.00114476657473,
                    0.00146397866774,
                    0.000467069650767,
                    -0.00143934681546
                ],
                [
                    0.000177703986992,
                    -0.000509907549713,
                    0.000101133620774,
                    -0.00180170172825,
                    0.00677280779928,
                    -0.00129354512319,
                    -0.001690502977,
                    -0.00064332439797,
                    -0.000709695159458,
                    0.00078420736827,
                    -0.00134292594157,
                    0.000267691269983,
                    0.00103872723412
                ],
                [
                    -0.000598549901042,
                    0.000572666176595,
                    -0.0016432995908,
                    0.000883076514583,
                    -0.00129354512319,
                    0.0104783140123,
                    -0.00572743872181,
                    0.00251734815538,
                    -0.0022296521347,
                    0.00309787457809,
                    -0.00202243449166,
                    0.000397102208808,
                    -0.00110552029219
                ],
                [
                    0.000434873974882,
                    -0.000378399854526,
                    0.00102457543835,
                    -0.000265050213784,
                    -0.001690502977,
                    -0.00572743872181,
                    0.0108225010335,
                    -0.00393411889672,
                    0.0021341831889,
                    -0.00189157936256,
                    5.5620141211e-05,
                    -0.00200307485647,
                    0.000782283546869
                ],
                [
                    -0.000621061190031,
                    0.000506218930241,
                    -0.00130383623764,
                    -0.000452755601145,
                    -0.00064332439797,
                    0.00251734815538,
                    -0.00393411889672,
                    0.0144450105727,
                    -0.00673835491762,
                    0.00267242942937,
                    -0.00226371362805,
                    0.00321653718129,
                    -0.00239539332688
                ],
                [
                    0.000445965648396,
                    -0.000396146933781,
                    8.26514005894e-05,
                    -0.000503886141814,
                    -0.000709695159458,
                    -0.0022296521347,
                    0.0021341831889,
                    -0.00673835491762,
                    0.0144182955846,
                    -0.00487215165049,
                    0.00253002881072,
                    -0.00352945527993,
                    0.000995521084405
                ],
                [
                    -0.000325015629642,
                    0.00013828840747,
                    -0.00156077661086,
                    -0.00114476657473,
                    0.00078420736827,
                    0.00309787457809,
                    -0.00189157936256,
                    0.00267242942937,
                    -0.00487215165049,
                    0.0150263644755,
                    -0.00641863839701,
                    0.00271344394423,
                    -0.00188681250438
                ],
                [
                    0.000200059483177,
                    -0.000167324280483,
                    0.00141014473047,
                    0.00146397866774,
                    -0.00134292594157,
                    -0.00202243449166,
                    5.5620141211e-05,
                    -0.00226371362805,
                    0.00253002881072,
                    -0.00641863839701,
                    0.0159395691007,
                    -0.00600242055953,
                    0.00269692670554
                ],
                [
                    -0.000384247890906,
                    0.000830926583149,
                    -0.00139865570236,
                    0.000467069650767,
                    0.000267691269983,
                    0.000397102208808,
                    -0.00200307485647,
                    0.00321653718129,
                    -0.00352945527993,
                    0.00271344394423,
                    -0.00600242055953,
                    0.0187787469476,
                    -0.00848103128374
                ],
                [
                    0.000425988575444,
                    -0.000569682451896,
                    0.000947859312873,
                    -0.00143934681546,
                    0.00103872723412,
                    -0.00110552029219,
                    0.000782283546869,
                    -0.00239539332688,
                    0.000995521084405,
                    -0.00188681250438,
                    0.00269692670554,
                    -0.00848103128374,
                    0.0173874571919
                ]
            ],
            "mean": [
                17.5394439697,
                64.5751571655,
                -105.13129425,
                9.83145999908,
                -51.6917800903,
                12.558588028,
                -40.5380859375,
                8.9068069458,
                -26.4013214111,
                4.13035488129,
                -7.54434013367,
                0.310231924057,
                -11.5778408051
            ]
        },
        "hfc": {
            "dmean": 6.68452072144,
            "dmean2": 8.93068027496,
            "dvar": 127.269699097,
            "dvar2": 184.778945923,
            "max": 357.499847412,
            "mean": 30.2962017059,
            "median": 25.224193573,
            "min": 1.07326386694e-16,
            "var": 748.297180176
        },
        "melbands": {
            "dmean": [
                0.00069853925379,
                0.000545892689843,
                0.000350780086592,
                0.000297522201436,
                0.000231611003983,
                0.000247747462709,
                0.000223428651225,
                0.000155042798724,
                0.000118562180432,
                0.000122093319078,
                7.70774204284e-05,
                0.000149058920215,
                0.000175469307578,
                7.46861405787e-05,
                5.55127262487e-05,
                5.76287129661e-05,
                4.57415153505e-05,
                5.49545657123e-05,
                3.25909895764e-05,
                2.38621214521e-05,
                1.66112986335e-05,
                9.44878229348e-06,
                7.1683502938e-06,
                1.46219172166e-05,
                1.16237397378e-05,
                1.06712377601e-05,
                5.43143096365e-06,
                4.43501767222e-06,
                2.53234520642e-06,
