{
    "lowlevel": {
        "average_loudness": 0.87610322237,
        "barkbands": {
            "dmean": [
                0.00147852790542,
                0.00545671069995,
                0.00121425441466,
                0.000744984252378,
                0.00130786572117,
                0.00156449014321,
                0.000450328167062,
                0.000983155448921,
                0.00179028511047,
                0.00165065494366,
                0.00056547409622,
                0.000497697445098,
                0.000277960352832,
                0.000170251674717,
                0.000148426232045,
                8.84489199962e-05,
                0.000100469209428,
                0.000109843836981,
                7.90286067058e-05,
                6.02286272624e-05,
                1.87894947885e-05,
                1.71042884176e-05,
                2.27634973271e-05,
                2.92381228064e-05,
                2.39824294113e-05,
                1.38229479489e-05,
                1.91779349734e-06
            ],
            "dmean2": [
                0.00254364521243,
                0.00887859426439,
                0.00192172208335,
                0.00123943993822,
                0.00213585165329,
                0.00264343153685,
                0.000723769713659,
                0.00156386813615,
                0.00277584162541,
                0.00251717469655,
                0.000844299967866,
                0.000753926229663,
                0.000410738110077,
                0.000252339843428,
                0.000233173268498,
                0.000130642205477,
                0.000148720777361,
                0.000163720658747,
                0.00011518024985,
                8.90302326297e-05,
                2.85664118564e-05,
                2.62657958956e-05,
                3.47562272509e-05,
                4.35724032286e-05,
                3.67562824977e-05,
                2.17442957364e-05,
                3.09034589918e-06
            ],
            "dvar": [
                2.55010236287e-05,
                8.6945379735e-05,
                9.94966376311e-06,
                3.68690552932e-06,
                5.81794301979e-06,
                1.06773495645e-05,
                1.37180961701e-06,
                5.80301457376e-06,
                1.68944952748e-05,
                1.72127365659e-05,
                2.46565377893e-06,
                1.94084736904e-06,
                8.25285098927e-07,
                3.30134810156e-07,
                2.50458754181e-07,
                1.79081155238e-07,
                1.54983069933e-07,
                1.45742475866e-07,
                4.31353974761e-08,
                2.01427035051e-08,
                1.75356806853e-09,
                1.49132306504e-09,
                2.44380515824e-09,
                4.40409442248e-09,
                3.34802585655e-09,
                1.25200194656e-09,
                3.04418053265e-11
            ],
            "dvar2": [
                7.11128595867e-05,
                0.000233448969084,
                2.43519607466e-05,
                9.83542759059e-06,
                1.48426443047e-05,
                2.98134709737e-05,
                3.32431500283e-06,
                1.40552874655e-05,
                4.06551116612e-05,
                3.88801527151e-05,
                5.39973552804e-06,
                4.2622791625e-06,
                1.70618022821e-06,
                6.8228746386e-07,
                6.18487831616e-07,
                3.58823683655e-07,
                3.6109261714e-07,
                3.17808058981e-07,
                9.4310678378e-08,
                4.69688608007e-08,
                3.85462239905e-09,
                3.59218321755e-09,
                5.77333114649e-09,
                9.07210573331e-09,
                7.54989137874e-09,
                3.08016279149e-09,
                7.66003926955e-11
            ],
            "max": [
                0.0901445448399,
                0.124230578542,
                0.0794792026281,
                0.0446975678205,
                0.0390284694731,
                0.0725998654962,
                0.0468766205013,
                0.0511295869946,
                0.0734713897109,
                0.103893756866,
                0.0376610271633,
                0.0310553871095,
                0.0270576570183,
                0.0225945971906,
                0.0146512370557,
                0.0183759182692,
                0.0176156703383,
                0.0132458573207,
                0.00473810220137,
                0.00364195462316,
                0.00152929115575,
                0.0010188795859,
                0.00129740661941,
                0.00181173277088,
                0.00127382727806,
                0.000595616002101,
                8.73581157066e-05
            ],
            "mean": [
                0.0020726355724,
                0.0132024688646,
                0.00178474769928,
                0.00102767569479,
                0.00255731749348,
                0.00256061414257,
                0.000732999818865,
                0.00159325799905,
                0.00322526460513,
                0.0034284228459,
                0.000944005267229,
                0.000810974568594,
                0.000510333164129,
                0.00029184675077,
                0.00024618775933,
                0.000150371881318,
                0.000176070898306,
                0.000194972424651,
                0.000162028649356,
                0.000116859439004,
                3.52810784534e-05,
                2.72203051281e-05,
                3.36950652127e-05,
                4.40628900833e-05,
                3.17132944474e-05,
                1.54943045345e-05,
                1.8282619294e-06
            ],
            "median": [
                0.000249101605732,
                0.00769223365933,
                0.000484764226712,
                0.000381301681045,
                0.00151222769637,
                0.00124534964561,
                0.000290316151222,
                0.000370464113075,
                0.000474478874821,
                0.000453656422906,
                0.000136418413604,
                8.67764028953e-05,
                6.20499631623e-05,
                3.11582334689e-05,
                2.78062580037e-05,
                2.13888761209e-05,
                2.2306048777e-05,
                2.754974048e-05,
                3.9550675865e-05,
                3.22822779708e-05,
                1.48315411934e-05,
                9.74861086434e-06,
                1.16309038276e-05,
                9.90404987533e-06,
                4.89873718834e-06,
                2.79244204648e-06,
                1.73543185156e-07
            ],
            "min": [
                3.96825532926e-25,
                1.57033156427e-24,
                1.86940352458e-24,
                9.13786594501e-25,
                3.56731421039e-24,
                6.94083527308e-24,
                8.20276580797e-24,
                4.72789505162e-24,
                1.52810656158e-23,
                1.48481576837e-23,
                1.49490119727e-23,
                1.67902780121e-23,
                3.13531820147e-23,
                2.7068206329e-23,
                4.11138968345e-23,
                6.95059790009e-23,
                8.23400327986e-23,
                9.98878144949e-23,
                1.15938798888e-22,
                1.81993265304e-22,
                2.15292308425e-22,
                2.95110617967e-22,
                3.70038318063e-22,
                5.70932741143e-22,
                7.05860520114e-22,
                1.30283117422e-21,
                1.89116348588e-21
            ],
            "var": [
                2.22774579015e-05,
                0.000237073545577,
                1.25540746012e-05,
                4.65015045847e-06,
                1.06549687189e-05,
                1.44277692016e-05,
                1.99322721528e-06,
                1.1855975572e-05,
                3.6902649299e-05,
                5.04316267325e-05,
                5.98679889663e-06,
                4.22205221184e-06,
                2.08956635106e-06,
                8.74232625847e-07,
                4.97459723192e-07,
                4.16666551928e-07,
                3.12590998419e-07,
                2.74378578524e-07,
                1.01765373017e-07,
                4.80875144149e-08,
                3.96573751615e-09,
                2.52205945017e-09,
                3.67566554971e-09,
                9.74785407948e-09,
                6.06948713511e-09,
                1.46945300372e-09,
                2.87637309804e-11
            ]
        },
        "barkbands_crest": {
            "dmean": 2.53357219696,
            "dmean2": 4.09155368805,
            "dvar": 5.5665397644,
            "dvar2": 14.0786647797,
            "max": 26.5639762878,
            "mean": 12.0822582245,
            "median": 11.284860611,
            "min": 3.381772995,
            "var": 20.8605613708
        },
        "barkbands_flatness_db": {
            "dmean": 0.0228190626949,
            "dmean2": 0.0336295738816,
            "dvar": 0.000523024238646,
            "dvar2": 0.00109555548988,
            "max": 0.496160954237,
            "mean": 0.190177425742,
            "median": 0.182208716869,
            "min": 0.0243732463568,
            "var": 0.00375451636501
        },
        "barkbands_kurtosis": {
            "dmean": 4.41079235077,
            "dmean2": 6.86098098755,
            "dvar": 77.269493103,
            "dvar2": 187.069000244,
            "max": 428.127319336,
            "mean": 7.86335611343,
            "median": 3.55769371986,
            "min": -1.87507450581,
            "var": 171.096130371
        },
        "barkbands_skewness": {
            "dmean": 0.608474969864,
            "dmean2": 0.921530425549,
            "dvar": 0.454315006733,
            "dvar2": 1.05154371262,
            "max": 18.1017971039,
            "mean": 1.69129872322,
            "median": 1.42197191715,
            "min": -3.30322813988,
            "var": 2.40673327446
        },
        "barkbands_spread": {
            "dmean": 3.66426968575,
            "dmean2": 5.48086118698,
            "dvar": 37.41381073,
            "dvar2": 72.7149353027,
            "max": 120.393325806,
            "mean": 13.7119312286,
            "median": 11.055138588,
            "min": 0.342120170593,
            "var": 141.93586731
        },
        "dissonance": {
            "dmean": 0.0317763052881,
            "dmean2": 0.0538506768644,
            "dvar": 0.00083119829651,
            "dvar2": 0.00233596260659,
            "max": 0.500000059605,
            "mean": 0.433151066303,
            "median": 0.441008031368,
            "min": 0.143306583166,
            "var": 0.00196107546799
        },
        "dynamic_complexity": 4.56876945496,
        "erbbands": {
            "dmean": [
                0.232824027538,
                1.0189858675,
                1.22951745987,
                2.31922292709,
                3.0096282959,
                5.56335639954,
                5.37625789642,
                16.3961219788,
                8.69638633728,
                12.0387220383,
                22.9229927063,
                45.4753265381,
                48.8158760071,
                33.3176956177,
                23.909488678,
                20.8345108032,
                13.2873687744,
                8.40281486511,
                8.37668704987,
                5.08865356445,
                4.24577140808,
                4.83783531189,
                6.22741794586,
                3.0273578167,
                4.44251060486,
                2.7728664875,
                0.900125920773,
                0.691781401634,
                0.586382448673,
                0.637374579906,
                0.646423339844,
                0.583022773266,
                0.515012443066,
                0.294513374567,
                0.163479179144,
                0.0679223760962,
                0.0251041334122,
                0.00432057026774,
                0.000375879986677,
                1.87703135452e-05
            ],
            "dmean2": [
                0.37415009737,
                1.69736945629,
                2.02064204216,
                3.66951394081,
                5.00780582428,
                9.10419559479,
                8.76224422455,
                27.8499584198,
                14.6623516083,
                19.2886829376,
                36.3850860596,
                70.180480957,
                74.3036804199,
                48.974937439,
                35.5935249329,
                31.0061912537,
                19.1387767792,
                12.4182453156,
                12.7323617935,
                7.79799461365,
                6.07250881195,
                6.9060459137,
                8.99483108521,
                4.3191280365,
                6.35212421417,
                4.04111433029,
                1.36136448383,
                1.04978954792,
                0.906693041325,
                0.975291490555,
                0.983165025711,
                0.886913776398,
                0.767802774906,
                0.441511183977,
                0.25622728467,
                0.106359310448,
                0.0400015152991,
                0.00686874194071,
                0.000609310809523,
                2.86192698695e-05
            ],
            "dvar": [
                0.174907281995,
                3.2039513588,
                8.58217048645,
                34.8101387024,
                32.0065765381,
                146.514373779,
                105.231735229,
                1333.83349609,
                386.91973877,
                933.119995117,
                3358.61499023,
                11565.8603516,
                16658.9277344,
                9924.78417969,
                3755.20800781,
                3435.88110352,
                1786.93591309,
                703.606201172,
                695.859191895,
                490.683654785,
                450.816009521,
                312.650848389,
                512.719970703,
                58.5887336731,
                134.890045166,
                36.4538459778,
                3.46157217026,
                2.50501704216,
                1.99657249451,
                1.94454097748,
                2.00795149803,
                1.73999786377,
                1.59915924072,
                0.54055583477,
                0.180843636394,
                0.0309645682573,
                0.00450378097594,
                0.00013424786448,
                1.26743100282e-06,
                1.27156662977e-09
            ],
            "dvar2": [
                0.453820943832,
                8.9387922287,
                21.6224079132,
                87.4530105591,
                88.1208877563,
                375.051361084,
                272.254852295,
                3718.79833984,
                1055.59924316,
                2164.82470703,
                8371.77441406,
                28310.4101562,
                37731.6835938,
                22011.8242188,
                8180.51513672,
                7633.96337891,
                3584.24658203,
                1478.62890625,
                1628.67004395,
                1059.8416748,
                901.430175781,
                675.21685791,
                1177.68432617,
                123.662101746,
                287.855010986,
                77.9357757568,
                7.80054759979,
                5.45614767075,
                4.99957466125,
                4.54908037186,
                4.72214269638,
                3.97327256203,
                3.16072869301,
                1.1587843895,
                0.440408557653,
                0.0744540393353,
                0.0113581605256,
                0.000338476645993,
                3.21739275932e-06,
                3.13466808066e-09
            ],
            "max": [
                6.87602472305,
                26.0893383026,
                67.497428894,
                115.925941467,
                107.920127869,
                188.310958862,
                307.275909424,
                830.031494141,
                819.234069824,
                928.973937988,
                1178.15722656,
                2160.9440918,
                3612.37231445,
                3477.15698242,
                1757.51916504,
                1533.48364258,
                1488.89147949,
                757.590515137,
                796.065856934,
                1100.01574707,
                1019.32983398,
                805.879577637,
                900.094543457,
                195.816711426,
                308.37097168,
                160.639877319,
                65.0615539551,
                46.2682113647,
                42.7215576172,
                29.6370296478,
                34.0487823486,
                34.93126297,
                45.3755111694,
                19.6852970123,
                7.6433172226,
                4.32117700577,
                1.04569029808,
                0.149543240666,
                0.015549342148,
                0.000729702238459
            ],
            "mean": [
                0.585218787193,
                2.1381020546,
                2.02150607109,
                3.49582099915,
                5.44941902161,
                9.62790775299,
                10.2489690781,
                25.2013587952,
                14.5365600586,
                19.6859931946,
                39.9963150024,
                84.6660003662,
                97.131980896,
                73.0451126099,
                44.2568702698,
                37.2086601257,
                26.4181919098,
                16.2554302216,
                15.4502124786,
                9.01310157776,
                8.27672290802,
                9.58145332336,
                11.9332113266,
                6.60255384445,
                9.33926296234,
                5.8933467865,
                1.86335408688,
                1.30345797539,
                0.935905814171,
                1.01467657089,
                0.939794659615,
                0.814632833004,
                0.790329277515,
                0.416630983353,
                0.194575592875,
                0.0800413265824,
                0.0266464743763,
                0.00451388768852,
                0.000363726256182,
                5.00665482832e-05
            ],
            "median": [
                0.260032117367,
                1.28168606758,
                0.785462796688,
                1.17920613289,
                2.99263525009,
                4.66888618469,
                6.19822311401,
                10.9352521896,
                6.63867425919,
                5.66864776611,
                11.3658561707,
                14.8419694901,
                15.2781858444,
                10.5155391693,
                7.8331193924,
                5.15273427963,
                3.84184598923,
                2.6549179554,
                1.76604449749,
                1.41564381123,
                1.26966953278,
                1.21024215221,
                1.54299509525,
                2.04592752457,
                1.97943842411,
                1.56524908543,
                0.829790711403,
                0.509400606155,
                0.345130622387,
                0.390978038311,
                0.297124564648,
                0.199818819761,
                0.163421928883,
                0.0676968097687,
                0.0290233734995,
                0.0135034518316,
                0.00463843299076,
                0.000772366009187,
                5.05307070853e-05,
                4.00030185119e-05
            ],
            "min": [
                7.81981028386e-23,
                5.34995772398e-22,
                2.76455534306e-21,
                3.25911625116e-21,
                1.25574838091e-20,
                1.44787271041e-20,
                3.19834650658e-20,
                5.32159700061e-20,
                8.98502903777e-20,
                2.7984274925e-19,
                2.31391963189e-19,
                3.46387128934e-19,
                5.480846523e-19,
                4.48281899275e-19,
                6.96213623155e-19,
                1.16255096235e-18,
                1.73842014613e-18,
                1.97012625701e-18,
                2.10338960319e-18,
                3.38369169028e-18,
                3.68036973635e-18,
                5.29773613574e-18,
                4.24693179408e-18,
                5.38241833736e-18,
                7.55376041428e-18,
                8.97611981144e-18,
                9.77395205586e-18,
                9.1853543202e-18,
                1.12147608894e-17,
                1.07183052837e-17,
                8.44448255994e-18,
                1.01559970023e-17,
                1.08833427052e-17,
                8.78767648737e-18,
                6.00886041322e-18,
                4.08198164017e-18,
                2.28535279433e-18,
                9.7974632172e-19,
                2.63051939243e-19,
                2.83485264927e-20
            ],
            "var": [
                0.517116189003,
                7.86227893829,
                11.6240167618,
                45.3850822449,
                53.987361908,
                233.130767822,
                180.250640869,
                1673.45825195,
                539.151855469,
                1891.4744873,
                6921.26464844,
                25487.5332031,
                42201.5117188,
                32014.4511719,
                9861.75976562,
                8144.01171875,
                5032.2734375,
                2021.67175293,
                1635.2130127,
                1176.05737305,
                1162.8717041,
                791.998779297,
                1016.01293945,
                148.578399658,
                343.270629883,
                116.567123413,
                8.78574085236,
                6.0942196846,
                2.98525738716,
                3.29713773727,
                3.03597402573,
                2.92517399788,
                3.69170355797,
                1.14503133297,
                0.238998189569,
                0.0403996407986,
                0.00467133289203,
                0.000135143811349,
                1.16049454846e-06,
                2.37715536144e-09
            ]
        },
        "erbbands_crest": {
            "dmean": 3.03183484077,
            "dmean2": 4.90790176392,
            "dvar": 8.02163410187,
            "dvar2": 20.2356739044,
            "max": 34.4555587769,
            "mean": 11.7029075623,
            "median": 10.7053050995,
            "min": 2.59100794792,
            "var": 27.6193180084
        },
        "erbbands_flatness_db": {
            "dmean": 0.0210467241704,
            "dmean2": 0.0302006211132,
            "dvar": 0.000418175302912,
            "dvar2": 0.000838474195916,
            "max": 0.44645729661,
            "mean": 0.189089894295,
            "median": 0.187867999077,
            "min": 0.0451597683132,
            "var": 0.00343330344185
        },
        "erbbands_kurtosis": {
            "dmean": 1.9070841074,
            "dmean2": 2.99878096581,
            "dvar": 13.9993400574,
            "dvar2": 28.0932750702,
            "max": 178.095809937,
            "mean": 3.31847548485,
            "median": 1.99946379662,
            "min": -1.8916759491,
            "var": 52.8348045349
        },
        "erbbands_skewness": {
            "dmean": 0.414355993271,
            "dmean2": 0.631678760052,
            "dvar": 0.15639667213,
            "dvar2": 0.355905354023,
            "max": 9.80496120453,
            "mean": 1.00290131569,
            "median": 0.983585357666,
            "min": -3.63599872589,
            "var": 0.738460361958
        },
        "erbbands_spread": {
            "dmean": 7.59080219269,
            "dmean2": 11.3194389343,
            "dvar": 131.025390625,
            "dvar2": 258.790405273,
            "max": 160.222900391,
            "mean": 27.1879386902,
            "median": 20.7696876526,
            "min": 0.59018266201,
            "var": 505.702148438
        },
        "gfcc": {
            "cov": [
                [
                    22879.2753906,
                    112.016571045,
                    -1787.6932373,
                    724.212768555,
                    -348.610473633,
                    649.426574707,
                    -80.2535552979,
                    645.524047852,
                    -206.707092285,
                    272.246704102,
                    -101.173904419,
                    141.445129395,
                    -249.575500488
                ],
                [
                    112.016571045,
                    1550.2532959,
                    -62.8449859619,
                    -64.7785797119,
                    359.271881104,
                    -161.475524902,
                    176.545166016,
                    -96.8103866577,
                    68.0154037476,
                    -94.2794723511,
                    101.245475769,
                    -71.2624053955,
                    47.8329658508
                ],
                [
                    -1787.6932373,
                    -62.8449859619,
                    1483.15112305,
                    269.471099854,
                    41.5166816711,
                    172.652404785,
                    -124.141067505,
                    -99.2824554443,
                    72.5963973999,
                    87.280128479,
                    -92.0796737671,
                    90.3310089111,
                    12.9786071777
                ],
                [
                    724.212768555,
                    -64.7785797119,
                    269.471099854,
                    532.493713379,
                    125.227104187,
                    51.8659667969,
                    -118.824966431,
                    23.3617420197,
                    90.2216491699,
                    12.5495147705,
                    -2.79150485992,
                    22.6168289185,
                    35.9686050415
                ],
                [
                    -348.610473633,
                    359.271881104,
                    41.5166816711,
                    125.227104187,
                    495.592071533,
                    39.8519134521,
                    117.947257996,
                    17.0136089325,
                    105.447349548,
                    -7.2567243576,
                    25.8529090881,
                    -1.29768204689,
                    26.1776542664
                ],
                [
                    649.426574707,
                    -161.475524902,
                    172.652404785,
                    51.8659667969,
                    39.8519134521,
                    318.723876953,
                    107.793838501,
                    40.749206543,
                    9.07649517059,
                    54.9676322937,
                    -21.4082374573,
                    11.659485817,
                    -5.38802719116
                ],
                [
                    -80.2535552979,
                    176.545166016,
                    -124.141067505,
                    -118.824966431,
                    117.947257996,
                    107.793838501,
                    322.071594238,
                    49.5405769348,
                    10.1713094711,
                    6.62821722031,
                    36.047794342,
                    -28.3833694458,
                    -9.03862476349
                ],
                [
                    645.524047852,
                    -96.8103866577,
                    -99.2824554443,
                    23.3617420197,
                    17.0136089325,
                    40.749206543,
                    49.5405769348,
                    159.461242676,
                    39.6116333008,
                    2.25238466263,
                    7.9807100296,
                    -1.46489906311,
                    -16.4250164032
                ],
                [
                    -206.707092285,
                    68.0154037476,
                    72.5963973999,
                    90.2216491699,
                    105.447349548,
                    9.07649517059,
                    10.1713094711,
                    39.6116333008,
                    166.533966064,
                    22.8519973755,
                    0.552171528339,
                    9.61543178558,
                    29.0282516479
                ],
                [
                    272.246704102,
                    -94.2794723511,
                    87.280128479,
                    12.5495147705,
                    -7.2567243576,
                    54.9676322937,
                    6.62821722031,
                    2.25238466263,
                    22.8519973755,
                    106.310821533,
                    -5.61912727356,
                    20.2668800354,
                    -0.330558866262
                ],
                [
                    -101.173904419,
                    101.245475769,
                    -92.0796737671,
                    -2.79150485992,
                    25.8529090881,
                    -21.4082374573,
                    36.047794342,
                    7.9807100296,
                    0.552171528339,
                    -5.61912727356,
                    119.550209045,
                    8.75003242493,
                    5.1766166687
                ],
                [
                    141.445129395,
                    -71.2624053955,
                    90.3310089111,
                    22.6168289185,
                    -1.29768204689,
                    11.659485817,
                    -28.3833694458,
                    -1.46489906311,
                    9.61543178558,
                    20.2668800354,
                    8.75003242493,
                    110.452613831,
                    24.0621376038
                ],
                [
                    -249.575500488,
                    47.8329658508,
                    12.9786071777,
                    35.9686050415,
                    26.1776542664,
                    -5.38802719116,
                    -9.03862476349,
                    -16.4250164032,
                    29.0282516479,
                    -0.330558866262,
                    5.1766166687,
                    24.0621376038,
                    94.7130813599
                ]
            ],
            "icov": [
                [
                    0.000124990998302,
                    -0.000260707893176,
                    0.00028905205545,
                    -0.000339569378411,
                    0.000216495085624,
                    -0.000403305457439,
                    0.000217781256652,
                    -0.000479039328638,
                    0.000328170048306,
                    -0.000490976613946,
                    0.00038007175317,
                    -0.000455697445432,
                    0.000398006202886
                ],
                [
                    -0.000260707893176,
                    0.00164493743796,
                    -0.000735945941415,
                    0.000876934558619,
                    -0.00109308795072,
                    0.00144479481969,
                    -0.00100898416713,
                    0.00171799166128,
                    -0.000993266585283,
                    0.0016660959227,
                    -0.0014564570738,
                    0.00156711996533,
                    -0.00117224582937
                ],
                [
                    0.00028905205545,
                    -0.000735945941415,
                    0.00166577787604,
                    -0.00116552447435,
                    0.00058621505741,
                    -0.00152681348845,
                    0.0007669654442,
                    -0.000344146945281,
                    0.000376771029551,
                    -0.00149051542394,
                    0.00151501444634,
                    -0.00178411626257,
                    0.00136211747304
                ],
                [
                    -0.000339569378411,
                    0.000876934558619,
                    -0.00116552447435,
                    0.00380837358534,
                    -0.00146571313962,
                    0.000461010902654,
                    0.000987391918898,
                    0.000658843142446,
                    -0.00165534822736,
                    0.00166631687898,
                    -0.00174388394225,
                    0.00174333900213,
                    -0.00181885005441
                ],
                [
                    0.000216495085624,
                    -0.00109308795072,
                    0.00058621505741,
                    -0.00146571313962,
                    0.00361932744272,
                    -0.000962707970757,
                    -0.000716718495823,
                    -0.000635428994428,
                    -0.00079659151379,
                    -0.000561563298106,
                    0.000863571884111,
                    -0.00130024494138,
                    0.000890431925654
                ],
                [
                    -0.000403305457439,
                    0.00144479481969,
                    -0.00152681348845,
                    0.000461010902654,
                    -0.000962707970757,
                    0.00636597722769,
                    -0.00306020164862,
                    0.000862546032295,
                    -0.000254062615568,
                    5.52248893655e-05,
                    -0.000558366416954,
                    0.00153962813783,
                    -0.00155505689327
                ],
                [
                    0.000217781256652,
                    -0.00100898416713,
                    0.0007669654442,
                    0.000987391918898,
                    -0.000716718495823,
                    -0.00306020164862,
                    0.00609990395606,
                    -0.00225199619308,
                    0.00064788403688,
                    -0.00119491503574,
                    -0.000526805815753,
                    0.000166234502103,
                    0.000602775544394
                ],
                [
                    -0.000479039328638,
                    0.00171799166128,
                    -0.000344146945281,
                    0.000658843142446,
                    -0.000635428994428,
                    0.000862546032295,
                    -0.00225199619308,
                    0.0106302881613,
                    -0.00410792650655,
                    0.00294895633124,
                    -0.00180191651452,
                    0.00116230815183,
                    0.000592799508013
                ],
                [
                    0.000328170048306,
                    -0.000993266585283,
                    0.000376771029551,
                    -0.00165534822736,
                    -0.00079659151379,
                    -0.000254062615568,
                    0.00064788403688,
                    -0.00410792650655,
                    0.00978024955839,
                    -0.00356391700916,
                    0.00148961064406,
                    -0.000920220394619,
                    -0.00135903479531
                ],
                [
                    -0.000490976613946,
                    0.0016660959227,
                    -0.00149051542394,
                    0.00166631687898,
                    -0.000561563298106,
                    5.52248893655e-05,
                    -0.00119491503574,
                    0.00294895633124,
                    -0.00356391700916,
                    0.013687139377,
                    -0.00197593355551,
                    0.000446711521363,
                    -0.000873454730026
                ],
                [
                    0.00038007175317,
                    -0.0014564570738,
                    0.00151501444634,
                    -0.00174388394225,
                    0.000863571884111,
                    -0.000558366416954,
                    -0.000526805815753,
                    -0.00180191651452,
                    0.00148961064406,
                    -0.00197593355551,
                    0.0111250970513,
                    -0.0033377953805,
                    0.00133500923403
                ],
                [
                    -0.000455697445432,
                    0.00156711996533,
                    -0.00178411626257,
                    0.00174333900213,
                    -0.00130024494138,
                    0.00153962813783,
                    0.000166234502103,
                    0.00116230815183,
                    -0.000920220394619,
                    0.000446711521363,
                    -0.0033377953805,
                    0.0128851737827,
                    -0.0045529184863
                ],
                [
                    0.000398006202886,
                    -0.00117224582937,
                    0.00136211747304,
                    -0.00181885005441,
                    0.000890431925654,
                    -0.00155505689327,
                    0.000602775544394,
                    0.000592799508013,
                    -0.00135903479531,
                    -0.000873454730026,
                    0.00133500923403,
                    -0.0045529184863,
                    0.0140260290354
                ]
            ],
            "mean": [
                -57.0438537598,
                118.137191772,
                -96.2165298462,
                14.1307849884,
                -60.2808990479,
                12.6480331421,
                -22.7673130035,
                16.5718593597,
                -23.8980007172,
                0.595121383667,
                -6.03509569168,
                1.61700761318,
                -4.41747045517
            ]
        },
        "hfc": {
            "dmean": 4.54310369492,
            "dmean2": 6.47039604187,
            "dvar": 41.1311607361,
            "dvar2": 84.4073486328,
            "max": 118.948669434,
            "mean": 16.3109931946,
            "median": 10.8641490936,
            "min": 1.06234911949e-16,
            "var": 260.15020752
        },
        "melbands": {
            "dmean": [
                0.00178033881821,
                0.000824084621854,
                0.000386306433938,
                0.000301637075609,
                0.000198374924366,
                0.000342071958585,
                0.000128608502564,
                0.000149066443555,
                0.000206415978028,
                0.000287302187644,
                0.000246311596129,
                0.000146991122165,
                7.93850122136e-05,
                6.23277810519e-05,
                4.19697826146e-05,
                2.28926001e-05,
                1.70517942024e-05,
                1.48363033077e-05,
                8.77230650076e-06,
                6.73309614285e-06,
                5.03204546476e-06,
                4.54238397651e-06,
                8.99222959561e-06,
                4.11815199186e-06,
                2.49849676948e-06,
                3.43578130924e-06,
