{
    "lowlevel": {
        "average_loudness": 0.926141023636,
        "barkbands": {
            "dmean": [
                0.00067033956293,
                0.0142242312431,
                0.00598814059049,
                0.00270859198645,
                0.00170571007766,
                0.000678634562064,
                0.000320428342093,
                0.000169196762727,
                0.000409516098443,
                0.000561986526009,
                0.000597090984229,
                0.000674772949424,
                0.000537596526556,
                0.000619965721853,
                0.000603590335231,
                0.000388045125874,
                0.000228015400353,
                0.000219530600589,
                0.000277316168649,
                0.000149912666529,
                0.000143448371091,
                9.91112465272e-05,
                5.61863889743e-05,
                0.000101767727756,
                0.000121598583064,
                4.30644067819e-05,
                2.2231546609e-05
            ],
            "dmean2": [
                0.0010504219681,
                0.019702328369,
                0.0100382342935,
                0.00484010903165,
                0.00313640385866,
                0.00113276008051,
                0.000522045767866,
                0.000281845161226,
                0.000624631182291,
                0.000882397813257,
                0.000906199333258,
                0.00103516434319,
                0.0008572882507,
                0.000944653351326,
                0.000934694195166,
                0.000611333351117,
                0.000331705377903,
                0.000349008128978,
                0.000410282693338,
                0.000233935716096,
                0.000221107446123,
                0.000164895580383,
                9.02564861462e-05,
                0.000173240841832,
                0.000208524084883,
                6.71489906381e-05,
                3.75033159798e-05
            ],
            "dvar": [
                1.24636744658e-06,
                0.000693788519129,
                0.000288907904178,
                7.46790756239e-05,
                2.91736305371e-05,
                2.64330219579e-06,
                6.24350491307e-07,
                2.39886077225e-07,
                8.07607136721e-07,
                2.78764423456e-06,
                2.53016992247e-06,
                2.44685998041e-06,
                1.80622100743e-06,
                2.65822814072e-06,
                2.15963700612e-06,
                6.54265249977e-07,
                3.5781039287e-07,
                1.88057654782e-07,
                2.33960861351e-07,
                4.92597216351e-08,
                5.0587889433e-08,
                3.6433700501e-08,
                1.19392264963e-08,
                5.43689893107e-08,
                9.3667601675e-08,
                8.6272988753e-09,
                2.48221554422e-09
            ],
            "dvar2": [
                3.26191207023e-06,
                0.00117981689982,
                0.000732533924747,
                0.000208126119105,
                8.47820701892e-05,
                7.27401220502e-06,
                1.59563160196e-06,
                6.42236898329e-07,
                1.66428492321e-06,
                6.19242791799e-06,
                5.16924546901e-06,
                5.54054940949e-06,
                4.59368447991e-06,
                5.76099910177e-06,
                4.78233368995e-06,
                1.44892612752e-06,
                7.49315404391e-07,
                4.46827641554e-07,
                4.836140306e-07,
                1.11949226778e-07,
                1.11002357528e-07,
                9.45914919726e-08,
                2.84054362254e-08,
                1.54103716454e-07,
                2.56639680174e-07,
                2.04882617538e-08,
                6.55910525893e-09
            ],
            "max": [
                0.0143885770813,
                0.244872033596,
                0.130490913987,
                0.0828007161617,
                0.047903534025,
                0.0211234465241,
                0.0159451216459,
                0.0126677853987,
                0.0366330705583,
                0.0366669371724,
                0.050936575979,
                0.0293449964374,
                0.0219167917967,
                0.0414376817644,
                0.0294457841665,
                0.0155670549721,
                0.012814046815,
                0.0102625451982,
                0.00954928435385,
                0.00517331855372,
                0.00526213692501,
                0.00210447213612,
                0.00114974996541,
                0.00205864710733,
                0.00534958578646,
                0.00290555995889,
                0.000486534379888
            ],
            "mean": [
                0.00100219401065,
                0.0258556846529,
                0.00614047748968,
                0.00258353026584,
                0.00192478392273,
                0.00103382067755,
                0.000478724890854,
                0.000207556411624,
                0.000745602534153,
                0.000811464211438,
                0.00101516861469,
                0.00103501963895,
                0.000783288676757,
                0.000931000104174,
                0.000941757985856,
                0.000574996287469,
                0.000378425465897,
                0.000360563863069,
                0.000528395874426,
                0.000311857584165,
                0.000305179390125,
                0.000154869514517,
                9.28819135879e-05,
                0.000153263812535,
                0.000156533787958,
                7.11358879926e-05,
                2.60240467469e-05
            ],
            "median": [
                0.000209179590456,
                0.0099980738014,
                0.00126534560695,
                0.000510584795848,
                0.000700985779986,
                0.000513925624546,
                0.000167323378264,
                7.56760127842e-05,
                0.000231492478633,
                0.000171747800778,
                0.0001873690926,
                0.000206764627364,
                0.00019713761867,
                0.000176118483068,
                0.000150073334225,
                0.000115277129225,
                8.78785940586e-05,
                0.000114101305371,
                0.000226941891015,
                0.000173282562173,
                0.000173086984432,
                5.65525078855e-05,
                4.34610592492e-05,
                7.14764682925e-05,
                6.48992572678e-05,
                3.02545795421e-05,
                9.84076723398e-06
            ],
            "min": [
                5.65427768402e-24,
                9.26115003447e-23,
                2.01285937903e-23,
                8.89659658424e-24,
                7.80353513675e-23,
                6.05039590453e-23,
                6.72523611669e-23,
                2.48241857767e-23,
                6.02576829816e-23,
                6.96675124708e-23,
                3.25191973187e-23,
                9.91572598769e-23,
                7.63131544154e-23,
                7.68384474259e-23,
                1.56017148546e-22,
                1.23952514969e-22,
                2.35649817029e-22,
                1.95071645101e-22,
                3.48973434731e-22,
                4.13505538439e-22,
                4.74846908045e-22,
                4.45680259133e-22,
                6.29580674562e-22,
                9.17677725858e-22,
                1.46969800011e-21,
                1.37448266556e-21,
                2.1497266956e-21
            ],
            "var": [
                2.39610494646e-06,
                0.0016885768855,
                0.000231747384532,
                4.90220700158e-05,
                1.76674602699e-05,
                2.62791331807e-06,
                9.03446391476e-07,
                2.32476651263e-07,
                2.92658523904e-06,
                5.33602860742e-06,
                8.72750661074e-06,
                5.39502980246e-06,
                3.01546128867e-06,
                5.73238003199e-06,
                5.06537253386e-06,
                1.43993065649e-06,
                7.83304869856e-07,
                3.78347152719e-07,
                5.95462722686e-07,
                1.5522043384e-07,
                1.46591673911e-07,
                6.08270553926e-08,
                1.97425134019e-08,
                5.22201197839e-08,
                8.13951146483e-08,
                1.26932260258e-08,
                2.36542097021e-09
            ]
        },
        "barkbands_crest": {
            "dmean": 3.01005792618,
            "dmean2": 4.54563140869,
            "dvar": 8.12334728241,
            "dvar2": 17.078546524,
            "max": 26.5898017883,
            "mean": 13.5913162231,
            "median": 12.5367612839,
            "min": 2.22180223465,
            "var": 37.0295295715
        },
        "barkbands_flatness_db": {
            "dmean": 0.0300676915795,
            "dmean2": 0.0439660362899,
            "dvar": 0.00110104552004,
            "dvar2": 0.00238604960032,
            "max": 0.636960744858,
            "mean": 0.14795973897,
            "median": 0.133253723383,
            "min": 0.0190692599863,
            "var": 0.00500392820686
        },
        "barkbands_kurtosis": {
            "dmean": 10.8608007431,
            "dmean2": 16.2234210968,
            "dvar": 1084.31103516,
            "dvar2": 2201.11938477,
            "max": 888.529663086,
            "mean": 15.7052469254,
            "median": 3.09901928902,
            "min": -1.94501054287,
            "var": 2516.29467773
        },
        "barkbands_skewness": {
            "dmean": 1.01316154003,
            "dmean2": 1.45778512955,
            "dvar": 1.62547183037,
            "dvar2": 3.35116791725,
            "max": 24.2182941437,
            "mean": 2.42206740379,
            "median": 1.88983798027,
            "min": -3.54298782349,
            "var": 7.18404531479
        },
        "barkbands_spread": {
            "dmean": 7.54119682312,
            "dmean2": 11.7910051346,
            "dvar": 85.1251296997,
            "dvar2": 202.041168213,
            "max": 141.05267334,
            "mean": 23.5174636841,
            "median": 21.5867805481,
            "min": 0.123282052577,
            "var": 232.854644775
        },
        "dissonance": {
            "dmean": 0.0181606449187,
            "dmean2": 0.0306093227118,
            "dvar": 0.000392614252632,
            "dvar2": 0.00105074443854,
            "max": 0.500000059605,
            "mean": 0.467334210873,
            "median": 0.475623965263,
            "min": 0.138580441475,
            "var": 0.000816714542452
        },
        "dynamic_complexity": 3.11313343048,
        "erbbands": {
            "dmean": [
                0.514963567257,
                3.04851603508,
                5.56719207764,
                8.6265411377,
                6.93681287766,
                5.18552827835,
                5.83822822571,
                5.44562101364,
                4.57547044754,
                4.21960020065,
                4.64792442322,
                7.7929649353,
                14.8327474594,
                23.9271278381,
                20.4272460938,
                20.8450469971,
                20.2931919098,
                27.8722286224,
                30.1560611725,
                25.5522785187,
                18.802110672,
                12.1607675552,
                11.1212120056,
                15.5037822723,
                8.63847827911,
                6.92395925522,
                6.10496759415,
                5.25717258453,
                3.65392112732,
                1.93583750725,
                1.64290904999,
                1.91802620888,
                1.87393712997,
                1.63505065441,
                0.667399823666,
                0.236142963171,
                0.070586450398,
                0.0204719901085,
                0.00351134943776,
                0.000254318903899
            ],
            "dmean2": [
                0.69752985239,
                4.1406750679,
                8.56610584259,
                14.8798303604,
                12.7857894897,
                9.50769996643,
                10.1416540146,
                9.07861709595,
                7.62159776688,
                6.82830476761,
                7.55964612961,
                12.0016965866,
                22.9599437714,
                36.0148124695,
                31.7519168854,
                31.5640945435,
                31.802734375,
                42.9848403931,
                44.3418464661,
                40.0016517639,
                29.0857009888,
                17.7157382965,
                17.2100048065,
                23.3470726013,
                12.7467050552,
                10.8208360672,
                9.19190502167,
                8.20615577698,
                6.08774518967,
                3.13908696175,
                2.61323547363,
                3.22039413452,
                3.24627757072,
                2.88547301292,
                1.08573210239,
                0.374057263136,
                0.109776251018,
                0.0336501635611,
                0.00592671986669,
                0.000432478089351
            ],
            "dvar": [
                0.786888062954,
                34.6679878235,
                194.045593262,
                643.373535156,
                533.124938965,
                265.436981201,
                218.743835449,
                174.574066162,
                108.591041565,
                207.575485229,
                152.227554321,
                278.073303223,
                1724.27746582,
                3900.42089844,
                2675.60180664,
                2021.28625488,
                2137.9152832,
                4623.60302734,
                5362.54101563,
                4150.59326172,
                1467.56567383,
                845.762634277,
                514.424621582,
                710.226013184,
                193.327163696,
                116.446128845,
                106.303276062,
                74.1664505005,
                46.7516326904,
                14.8517971039,
                11.0867881775,
                18.1417751312,
                20.337223053,
                19.8859825134,
                2.20330524445,
                0.338048934937,
                0.0205443315208,
                0.00201559811831,
                5.79724619456e-05,
                3.11051650215e-07
            ],
            "dvar2": [
                1.55656206608,
                57.0158233643,
                444.831573486,
                1682.41491699,
                1532.59301758,
                769.546813965,
                614.797607422,
                470.521331787,
                293.017272949,
                538.254333496,
                381.270568848,
                600.734558105,
                3993.39135742,
                7903.36035156,
                6270.63916016,
                4401.91748047,
                5333.16943359,
                10755.4238281,
                10707.8554688,
                9235.77050781,
                3282.67700195,
                1823.67529297,
                1165.64453125,
                1539.63012695,
                407.008026123,
                281.487213135,
                220.646331787,
                174.086639404,
                121.066322327,
                34.8905258179,
                26.7789821625,
                50.5604820251,
                57.9925689697,
                56.3717842102,
                5.4998049736,
                0.785245418549,
                0.0497085340321,
                0.00526499934494,
                0.000152661683387,
                8.30324552226e-07
            ],
            "max": [
                8.41125106812,
                56.0389900208,
                122.136535645,
                208.036590576,
                213.660232544,
                169.753143311,
                145.264266968,
                220.341659546,
                176.49407959,
                339.821624756,
                338.746765137,
                521.410583496,
                905.00567627,
                2192.23925781,
                1448.23803711,
                904.802185059,
                946.315490723,
                1491.74035645,
                1839.17980957,
                1421.15893555,
                762.262268066,
                734.498657227,
                727.489379883,
                528.265686035,
                443.698120117,
                232.370849609,
                280.687896729,
                154.867233276,
                79.631111145,
                47.7776908875,
                33.6982421875,
                44.0933799744,
                40.9140090942,
                56.6677780151,
                44.2239265442,
                25.5712966919,
                2.0417239666,
                0.40575966239,
                0.0805094912648,
                0.00606256863102
            ],
            "mean": [
                0.875818490982,
                5.26374578476,
                7.40116262436,
                9.06523513794,
                6.5174741745,
                5.93753290176,
                8.57434272766,
                8.14146995544,
                6.75625276566,
                5.94898796082,
                6.71582889557,
                13.7680940628,
                24.57862854,
                41.0599441528,
                33.4578552246,
                34.6468734741,
                34.8455657959,
                43.2696266174,
                52.0754547119,
                41.7154464722,
                29.6152133942,
                21.7351570129,
                19.6734161377,
                28.9005870819,
                18.7635250092,
                14.6142263412,
                13.388633728,
                10.7409343719,
                5.97316646576,
                3.18718671799,
                2.67866945267,
                2.96636509895,
                2.61199998856,
                1.87273287773,
                1.00100564957,
                0.376243084669,
                0.118666864932,
                0.0295573081821,
                0.00408610608429,
                0.00032185841701
            ],
            "median": [
                0.303034901619,
                1.61533522606,
                2.04547977448,
                2.30979561806,
                2.01659560204,
                2.42993116379,
                3.54110121727,
                3.59568476677,
                3.07812523842,
                1.97376298904,
                2.5847299099,
                4.81407117844,
                7.14146661758,
                10.3059587479,
                8.62354946136,
                8.98475074768,
                10.9995718002,
                11.5947761536,
                11.8001308441,
                9.61777687073,
                7.43602132797,
                5.4713511467,
                6.42528867722,
                12.7380342484,
                10.6536531448,
                8.04545879364,
                7.56644153595,
                5.67114830017,
                2.37112975121,
                1.45615327358,
                1.24601447582,
                1.30533111095,
                1.22764968872,
                0.694522857666,
                0.450940638781,
                0.163286402822,
                0.0485383495688,
                0.0130028016865,
                0.0015087070642,
                0.000160389987286
            ],
            "min": [
                1.73033219059e-21,
                2.32647245311e-20,
                3.38279970524e-20,
                3.46290568522e-20,
                2.55616774608e-19,
                1.44587125644e-19,
                1.25108728278e-19,
                7.27183885675e-19,
                5.25921433461e-19,
                1.39671927971e-18,
                7.02237307472e-19,
                1.49031662718e-18,
                2.51189274869e-18,
                1.04120563444e-18,
                1.716828354e-18,
                4.69410604681e-18,
                3.68047354752e-18,
                4.43609145655e-18,
                8.21234921028e-18,
                5.00431201141e-18,
                8.92163673321e-18,
                1.3998820875e-17,
                1.10796227384e-17,
                2.00417739508e-17,
                1.16929283589e-17,
                1.81217338935e-17,
                1.81187444627e-17,
                2.31464458331e-17,
                1.77000570695e-17,
                1.4500292504e-17,
                1.71876534216e-17,
                2.38053894896e-17,
                1.24544217318e-17,
                1.14528491123e-17,
                1.31264505584e-17,
                6.06044711853e-18,
                2.36746763413e-18,
                9.29539663863e-19,
                2.62195910706e-19,
                3.8138761573e-20
            ],
            "var": [
                1.82488024235,
                80.6993103027,
                221.060562134,
                489.561645508,
                315.093109131,
                165.457015991,
                189.32510376,
                206.647735596,
                116.555618286,
                236.060897827,
                207.052032471,
                812.390991211,
                3422.99243164,
                13326.8554688,
                5515.57128906,
                5155.50830078,
                4583.29882813,
                8527.22949219,
                13441.2714844,
                8378.92382813,
                3040.20922852,
                1998.51525879,
                1224.48547363,
                1738.93994141,
                573.515808105,
                343.750152588,
                319.28994751,
                188.897735596,
                81.604598999,
                24.5802135468,
                17.3639659882,
                19.9671707153,
                17.1060352325,
                14.540104866,
                2.79031348228,
                0.46495372057,
                0.032295845449,
                0.00224770838395,
                5.77240280109e-05,
                2.82438605836e-07
            ]
        },
        "erbbands_crest": {
            "dmean": 2.91001653671,
            "dmean2": 4.66183519363,
            "dvar": 8.62129402161,
            "dvar2": 20.4916286469,
            "max": 31.8049964905,
            "mean": 9.47253608704,
            "median": 8.31785011292,
            "min": 2.15553188324,
            "var": 23.6509933472
        },
        "erbbands_flatness_db": {
            "dmean": 0.0201475080103,
            "dmean2": 0.0289768651128,
            "dvar": 0.000516756786965,
            "dvar2": 0.00102014886215,
            "max": 0.424521386623,
            "mean": 0.131134927273,
            "median": 0.120726272464,
            "min": 0.03140835464,
            "var": 0.00301461759955
        },
        "erbbands_kurtosis": {
            "dmean": 1.27516686916,
            "dmean2": 1.98202252388,
            "dvar": 6.42602348328,
            "dvar2": 15.3383274078,
            "max": 66.2255172729,
            "mean": 0.978263378143,
            "median": 0.138613596559,
            "min": -1.94555723667,
            "var": 10.0643091202
        },
        "erbbands_skewness": {
            "dmean": 0.40070527792,
            "dmean2": 0.604910373688,
            "dvar": 0.219413012266,
            "dvar2": 0.516789853573,
            "max": 6.21199321747,
            "mean": 0.097096003592,
            "median": 0.0264241341501,
            "min": -4.56277084351,
            "var": 0.690632045269
        },
        "erbbands_spread": {
            "dmean": 10.9149465561,
            "dmean2": 16.0995311737,
            "dvar": 133.839706421,
            "dvar2": 287.880645752,
            "max": 157.046325684,
            "mean": 43.653137207,
            "median": 39.9985847473,
            "min": 2.34733390808,
            "var": 555.343444824
        },
        "gfcc": {
            "cov": [
                [
                    10209.6845703,
                    -324.588012695,
                    170.597183228,
                    684.892211914,
                    490.012451172,
                    373.544891357,
                    71.4364471436,
                    85.0626068115,
                    90.7993392944,
                    -71.3516464233,
                    -198.016784668,
                    -52.2044334412,
                    -249.912597656
                ],
                [
                    -324.588012695,
                    879.874694824,
                    277.146331787,
                    97.7940673828,
                    182.806533813,
                    120.505874634,
                    177.195663452,
                    45.4668960571,
                    -2.57409620285,
                    70.1566696167,
                    85.6917114258,
                    -76.710144043,
                    18.4973583221
                ],
                [
                    170.597183228,
                    277.146331787,
                    1280.66711426,
                    213.911453247,
                    133.666656494,
                    113.029975891,
                    55.5918045044,
                    32.7439575195,
                    114.696479797,
                    -22.2600669861,
                    -43.6960411072,
                    54.2939682007,
                    -144.11000061
                ],
                [
                    684.892211914,
                    97.7940673828,
                    213.911453247,
                    411.322479248,
                    221.395080566,
                    99.3713760376,
                    97.616897583,
                    84.6405563354,
                    141.006713867,
                    8.65853118896,
                    2.51595592499,
                    33.2801628113,
                    -11.0358333588
                ],
                [
                    490.012451172,
                    182.806533813,
                    133.666656494,
                    221.395080566,
                    367.103027344,
                    198.036712646,
                    148.364837646,
                    53.3620262146,
                    74.6697540283,
                    30.0121517181,
                    37.4942092896,
                    -4.92539167404,
                    -11.0257177353
                ],
                [
                    373.544891357,
                    120.505874634,
                    113.029975891,
                    99.3713760376,
                    198.036712646,
                    311.598052979,
                    168.513290405,
                    49.1409645081,
                    22.0457820892,
                    70.132019043,
                    54.0661582947,
                    -11.3472566605,
                    -15.339348793
                ],
                [
                    71.4364471436,
                    177.195663452,
                    55.5918045044,
                    97.616897583,
                    148.364837646,
                    168.513290405,
                    288.063354492,
                    72.777015686,
                    46.4897460938,
                    68.1608047485,
                    78.3556747437,
                    -6.51508998871,
                    -6.60941028595
                ],
                [
                    85.0626068115,
                    45.4668960571,
                    32.7439575195,
                    84.6405563354,
                    53.3620262146,
                    49.1409645081,
                    72.777015686,
                    233.941970825,
                    89.1511611938,
                    28.7850017548,
                    13.1027431488,
                    33.243221283,
                    54.346446991
                ],
                [
                    90.7993392944,
                    -2.57409620285,
                    114.696479797,
                    141.006713867,
                    74.6697540283,
                    22.0457820892,
                    46.4897460938,
                    89.1511611938,
                    201.272674561,
                    22.7164859772,
                    -1.36623752117,
                    59.5564193726,
                    15.1358175278
                ],
                [
                    -71.3516464233,
                    70.1566696167,
                    -22.2600669861,
                    8.65853118896,
                    30.0121517181,
                    70.132019043,
                    68.1608047485,
                    28.7850017548,
                    22.7164859772,
                    151.27494812,
                    84.1117401123,
                    -7.25033998489,
                    24.9340763092
                ],
                [
                    -198.016784668,
                    85.6917114258,
                    -43.6960411072,
                    2.51595592499,
                    37.4942092896,
                    54.0661582947,
                    78.3556747437,
                    13.1027431488,
                    -1.36623752117,
                    84.1117401123,
                    136.950012207,
                    16.792842865,
                    25.0673942566
                ],
                [
                    -52.2044334412,
                    -76.710144043,
                    54.2939682007,
                    33.2801628113,
                    -4.92539167404,
                    -11.3472566605,
                    -6.51508998871,
                    33.243221283,
                    59.5564193726,
                    -7.25033998489,
                    16.792842865,
                    123.032371521,
                    27.2417926788
                ],
                [
                    -249.912597656,
                    18.4973583221,
                    -144.11000061,
                    -11.0358333588,
                    -11.0257177353,
                    -15.339348793,
                    -6.60941028595,
                    54.346446991,
                    15.1358175278,
                    24.9340763092,
                    25.0673942566,
                    27.2417926788,
                    127.054145813
                ]
            ],
            "icov": [
                [
                    0.000130726068164,
                    5.83087930863e-05,
                    4.9010352086e-05,
                    -0.000224900461035,
                    -6.76371491863e-05,
                    -0.000126665720018,
                    7.374350389e-05,
                    -7.21132382751e-05,
                    0.000115509668831,
                    -6.33121526334e-05,
                    0.00019873760175,
                    -3.98400470658e-06,
                    0.000258529355051
                ],
                [
                    5.83087930863e-05,
                    0.00180582609028,
                    -0.000563297537155,
                    -7.54625943955e-05,
                    -0.000634402502328,
                    0.000360963400453,
                    -0.000694559828844,
                    -5.67368697375e-05,
                    0.000352769799065,
                    4.1652838263e-05,
                    -0.000814472034108,
                    0.00158043170813,
                    -0.00104538607411
                ],
                [
                    4.9010352086e-05,
                    -0.000563297537155,
                    0.00127172807697,
                    -0.000403583428124,
                    0.000159817907843,
                    -0.000466052530101,
                    0.000369133456843,
                    -0.00016964081442,
                    -0.000273634388577,
                    -0.000137998795253,
                    0.00067120057065,
                    -0.00112007535063,
                    0.0018025789177
                ],
                [
                    -0.000224900461035,
                    -7.54625943955e-05,
                    -0.000403583428124,
                    0.00498248124495,
                    -0.00224369135685,
                    0.000580541905947,
                    -0.000347159715602,
                    -0.000291972333798,
                    -0.00215890444815,
                    0.000367980654119,
                    -7.06022037775e-05,
                    -0.000158079652465,
                    -0.000241365560214
                ],
                [
                    -6.76371491863e-05,
                    -0.000634402502328,
                    0.000159817907843,
                    -0.00224369135685,
                    0.00627156766132,
                    -0.00290914927609,
                    -0.000426894053817,
                    0.000446204736363,
                    -0.000925056345295,
                    0.00127778877504,
                    -0.000811936042737,
                    0.000627556990366,
                    -0.000189265643712
                ],
                [
                    -0.000126665720018,
                    0.000360963400453,
                    -0.000466052530101,
                    0.000580541905947,
                    -0.00290914927609,
                    0.00676872953773,
                    -0.00244477996603,
                    -0.000407914572861,
                    0.00125494401436,
                    -0.00206146994606,
                    0.000271860015346,
                    -6.82272802806e-05,
                    4.82027644466e-05
                ],
                [
                    7.374350389e-05,
                    -0.000694559828844,
                    0.000369133456843,
                    -0.000347159715602,
                    -0.000426894053817,
                    -0.00244477996603,
                    0.00671137776226,
                    -0.00130165147129,
                    -0.000801564136054,
                    3.60986123269e-05,
                    -0.00234780786559,
                    0.000330350769218,
                    0.00168918643612
                ],
                [
                    -7.21132382751e-05,
                    -5.67368697375e-05,
                    -0.00016964081442,
                    -0.000291972333798,
                    0.000446204736363,
                    -0.000407914572861,
                    -0.00130165147129,
                    0.00626844866201,
                    -0.00196482497267,
                    -0.000135746027809,
                    0.000693006266374,
                    -0.000193867716007,
                    -0.0029453325551
                ],
                [
                    0.000115509668831,
                    0.000352769799065,
                    -0.000273634388577,
                    -0.00215890444815,
                    -0.000925056345295,
                    0.00125494401436,
                    -0.000801564136054,
                    -0.00196482497267,
                    0.00914830435067,
                    -0.00257038092241,
                    0.00234905187972,
                    -0.00341067858972,
                    0.000230363686569
                ],
                [
                    -6.33121526334e-05,
                    4.1652838263e-05,
                    -0.000137998795253,
                    0.000367980654119,
                    0.00127778877504,
                    -0.00206146994606,
                    3.60986123269e-05,
                    -0.000135746027809,
                    -0.00257038092241,
                    0.0120626948774,
                    -0.00723335845396,
                    0.00316697801463,
                    -0.0016461975174
                ],
                [
                    0.00019873760175,
                    -0.000814472034108,
                    0.00067120057065,
                    -7.06022037775e-05,
                    -0.000811936042737,
                    0.000271860015346,
                    -0.00234780786559,
                    0.000693006266374,
                    0.00234905187972,
                    -0.00723335845396,
                    0.0147312479094,
                    -0.00459985481575,
                    2.79776413663e-05
                ],
                [
                    -3.98400470658e-06,
                    0.00158043170813,
                    -0.00112007535063,
                    -0.000158079652465,
                    0.000627556990366,
                    -6.82272802806e-05,
                    0.000330350769218,
                    -0.000193867716007,
                    -0.00341067858972,
                    0.00316697801463,
                    -0.00459985481575,
                    0.012969950214,
                    -0.00346432207152
                ],
                [
                    0.000258529355051,
                    -0.00104538607411,
                    0.0018025789177,
                    -0.000241365560214,
                    -0.000189265643712,
                    4.82027644466e-05,
                    0.00168918643612,
                    -0.0029453325551,
                    0.000230363686569,
                    -0.0016461975174,
                    2.79776413663e-05,
                    -0.00346432207152,
                    0.012924968265
                ]
            ],
            "mean": [
                10.4545202255,
                61.6573982239,
                -97.4084396362,
                32.0745773315,
                -36.6087989807,
                23.093952179,
                -25.4841594696,
                11.6708288193,
                -28.2045497894,
                8.49064159393,
                -11.393450737,
                0.858281433582,
                -3.35597157478
            ]
        },
        "hfc": {
            "dmean": 8.62169837952,
            "dmean2": 12.8314275742,
            "dvar": 169.487976074,
            "dvar2": 413.735412598,
            "max": 156.502105713,
            "mean": 25.2071666718,
            "median": 21.5102100372,
            "min": 1.16312618788e-16,
            "var": 407.556427002
        },
        "melbands": {
            "dmean": [
                0.00426633981988,
                0.00258720596321,
                0.00138657959178,
                0.000425670063123,
                0.000205707372515,
                0.000122002544231,
                6.85005434207e-05,
                4.20610958827e-05,
                4.22106168116e-05,
                5.45635266462e-05,
                7.7369826613e-05,
                9.8773627542e-05,
                6.87271094648e-05,
                6.93250767654e-05,
                5.36060688319e-05,
                5.80277919653e-05,
                5.22766531503e-05,
                5.09893507115e-05,
                5.09280180268e-05,
                2.99944385915e-05,
                2.05741998798e-05,
                1.49753395817e-05,
                8.93527703738e-06,
                1.15727470984e-05,
                1.39395069709e-05,
                1.02559897641e-05,
                4.95307040183e-06,
