{
    "lowlevel": {
        "average_loudness": 0.85848659277,
        "barkbands": {
            "dmean": [
                0.000994570669718,
                0.00771161634475,
                0.00308118760586,
                0.00134067202453,
                0.00156239815988,
                0.000960060569923,
                0.000731034320779,
                0.000843648333102,
                0.00098474486731,
                0.000624779611826,
                0.000476791610708,
                0.000448413280537,
                0.000490533479024,
                0.000443278375315,
                0.000400534278015,
                0.000327866611769,
                0.000394620466977,
                0.000216013402678,
                0.000222518996452,
                0.000127445717226,
                8.92218449735e-05,
                8.68463976076e-05,
                8.54180398164e-05,
                7.3607036029e-05,
                4.95388485433e-05,
                2.0566432795e-05,
                5.33153979632e-06
            ],
            "dmean2": [
                0.00172965449747,
                0.0129006644711,
                0.00521036377177,
                0.00231051491573,
                0.00260060559958,
                0.00154280813877,
                0.00113354809582,
                0.00133927527349,
                0.00150317617226,
                0.000981094781309,
                0.000749395054299,
                0.000704539590515,
                0.00079151376849,
                0.000692348228768,
                0.000641983177047,
                0.0005115569802,
                0.000625144049991,
                0.000340497470461,
                0.000351221620804,
                0.000206809461815,
                0.000139971511089,
                0.000128438608954,
                0.000131646884256,
                0.000108962645754,
                7.351415843e-05,
                3.07639675157e-05,
                7.5909597399e-06
            ],
            "dvar": [
                6.01021292823e-06,
                0.000192699662875,
                3.2930434827e-05,
                5.99368922849e-06,
                1.09833790702e-05,
                3.26850067722e-06,
                3.72618183064e-06,
                5.79066363571e-06,
                6.31876901025e-06,
                3.13875671054e-06,
                1.05355218238e-06,
                1.63546587828e-06,
                1.92902939489e-06,
                1.3525157101e-06,
                9.04900844034e-07,
                5.21627214312e-07,
                5.78608648993e-07,
                1.78505842996e-07,
                2.14027622292e-07,
                8.48754240224e-08,
                4.78581760888e-08,
                6.17195112795e-08,
                5.75748941856e-08,
                8.44699457048e-08,
                5.26606243056e-08,
                9.81630243757e-09,
                1.77009729097e-09
            ],
            "dvar2": [
                1.83080046554e-05,
                0.000515291350894,
                8.91144009074e-05,
                1.63975164469e-05,
                2.86005215457e-05,
                7.79981291998e-06,
                8.51142431202e-06,
                1.32192853926e-05,
                1.41991822602e-05,
                7.48028060116e-06,
                2.46143872573e-06,
                3.61476190847e-06,
                4.65043149234e-06,
                3.05428739011e-06,
                2.26490419664e-06,
                1.20447771224e-06,
                1.41340296977e-06,
                4.25047318231e-07,
                5.33760896815e-07,
                2.15980108464e-07,
                1.03707506582e-07,
                1.24348801478e-07,
                1.36603517831e-07,
                1.85627357041e-07,
                1.13760492582e-07,
                2.20537810236e-08,
                3.27496474384e-09
            ],
            "max": [
                0.0338163748384,
                0.145565137267,
                0.0633182227612,
                0.0339528545737,
                0.0691023245454,
                0.036595672369,
                0.0390625409782,
                0.0495501756668,
                0.0616500303149,
                0.0452243052423,
                0.029677323997,
                0.0309145189822,
                0.0364000722766,
                0.0248946007341,
                0.0231761820614,
                0.0148119786754,
                0.0145057057962,
                0.00746711762622,
                0.0105066467077,
                0.00715065747499,
                0.00789285451174,
                0.00829226337373,
                0.00574103370309,
                0.0093330424279,
                0.00572877749801,
                0.00268542626873,
                0.00169751106296
            ],
            "mean": [
                0.00120135990437,
                0.0123202027753,
                0.0040771313943,
                0.0015813325299,
                0.0022244870197,
                0.0015222952934,
                0.00120553188026,
                0.00118182925507,
                0.00173263938632,
                0.000996791641228,
                0.000782548508141,
                0.000706416671164,
                0.00072468991857,
                0.00067588040838,
                0.000651601410937,
                0.000571395619772,
                0.000724367389921,
                0.000399258336984,
                0.000470835715532,
                0.000274139107205,
                0.000203999356017,
                0.000191837112652,
                0.000162985539646,
                0.000123102945508,
                7.57782108849e-05,
                3.09478018607e-05,
                8.47646424518e-06
            ],
            "median": [
                0.000168720405782,
                0.00385759258643,
                0.00157866952941,
                0.000624540669378,
                0.00115666119382,
                0.000806771684438,
                0.000643601000775,
                0.000429037143476,
                0.000527565309312,
                0.000287094240775,
                0.000307918759063,
                0.000237042317167,
                0.000228198594414,
                0.000222289818339,
                0.000215439125896,
                0.000222425645916,
                0.000277461687801,
                0.000160090159625,
                0.000145669269841,
                7.74155560066e-05,
                6.61189842504e-05,
                5.2267776482e-05,
                3.2809581171e-05,
                2.06415461435e-05,
                1.0897338143e-05,
                5.24515235156e-06,
                2.27420673582e-06
            ],
            "min": [
                1.24855983558e-24,
                3.52547302797e-24,
                9.37517502683e-25,
                7.18755921258e-25,
                1.16727006616e-23,
                9.24571092215e-24,
                5.22169870689e-24,
                1.0789362619e-23,
                7.54615427806e-24,
                2.18685196023e-23,
                1.04013219397e-23,
                3.17712088747e-23,
                4.88598735242e-23,
                3.50861917251e-23,
                5.13772706677e-23,
                6.31274138044e-23,
                7.53236136068e-23,
                9.25335924417e-23,
                1.45932502195e-22,
                1.80770013408e-22,
                3.04096715554e-22,
                3.6505988631e-22,
                4.88104819963e-22,
                5.8437942432e-22,
                9.09492959489e-22,
                1.32540143135e-21,
                2.01772434103e-21
            ],
            "var": [
                8.23694426799e-06,
                0.000394367263652,
                4.3376814574e-05,
                6.51800064588e-06,
                1.22713590827e-05,
                5.45124703422e-06,
                5.40777364222e-06,
                8.78304308571e-06,
                1.29266009026e-05,
                6.73202885082e-06,
                2.04069465326e-06,
                3.06914648718e-06,
                2.93119569506e-06,
                2.49183835876e-06,
                1.68691781255e-06,
                1.06881907413e-06,
                1.27970554331e-06,
                3.7097086647e-07,
                6.61281774228e-07,
                2.63722057525e-07,
                1.35282462566e-07,
                1.72338317839e-07,
                1.47154338492e-07,
                1.33094417265e-07,
                7.819580361e-08,
                1.46940628554e-08,
                2.92875279584e-09
            ]
        },
        "barkbands_crest": {
            "dmean": 3.19561767578,
            "dmean2": 5.21661996841,
            "dvar": 8.27747344971,
            "dvar2": 21.5699615479,
            "max": 26.1161708832,
            "mean": 10.7573022842,
            "median": 9.82542324066,
            "min": 2.41785430908,
            "var": 22.1868457794
        },
        "barkbands_flatness_db": {
            "dmean": 0.0229630209506,
            "dmean2": 0.0350790843368,
            "dvar": 0.000508517201524,
            "dvar2": 0.00116580445319,
            "max": 0.505926907063,
            "mean": 0.135539293289,
            "median": 0.125987231731,
            "min": 0.0245806500316,
            "var": 0.00344378175214
        },
        "barkbands_kurtosis": {
            "dmean": 3.28999447823,
            "dmean2": 5.30014467239,
            "dvar": 42.8035011292,
            "dvar2": 108.738677979,
            "max": 211.690368652,
            "mean": 4.21865797043,
            "median": 1.39228320122,
            "min": -1.93065047264,
            "var": 82.2592468262
        },
        "barkbands_skewness": {
            "dmean": 0.620059907436,
            "dmean2": 0.952855467796,
            "dvar": 0.448786020279,
            "dvar2": 1.05045449734,
            "max": 12.2732629776,
            "mean": 1.46614515781,
            "median": 1.26895904541,
            "min": -4.89680051804,
            "var": 1.79474711418
        },
        "barkbands_spread": {
            "dmean": 6.14688301086,
            "dmean2": 9.55001735687,
            "dvar": 70.8118591309,
            "dvar2": 155.348953247,
            "max": 116.487594604,
            "mean": 22.2969398499,
            "median": 18.7800598145,
            "min": 0.552851319313,
            "var": 238.290893555
        },
        "dissonance": {
            "dmean": 0.0184005238116,
            "dmean2": 0.0308830756694,
            "dvar": 0.000378754659323,
            "dvar2": 0.00103568960913,
            "max": 0.500000059605,
            "mean": 0.465423762798,
            "median": 0.474015325308,
            "min": 0.219360440969,
            "var": 0.000890923314728
        },
        "dynamic_complexity": 3.52205038071,
        "erbbands": {
            "dmean": [
                0.278658688068,
                1.682554245,
                3.33967256546,
                4.10284233093,
                4.32630062103,
                5.87312221527,
                6.97613286972,
                8.29592132568,
                8.17530727386,
                15.3171215057,
                19.1597633362,
                21.8896560669,
                17.9338912964,
                18.9180316925,
                18.4113807678,
                17.0129585266,
                21.8921852112,
                19.6776123047,
                22.8607978821,
                16.7865447998,
                16.8499469757,
                21.6682281494,
                12.2304162979,
                11.3213300705,
                10.052737236,
                5.29126214981,
                4.19841766357,
                3.42720031738,
                3.15128159523,
                2.85449242592,
                2.38593864441,
                1.72568964958,
                1.13807320595,
                0.63425886631,
                0.319452792406,
                0.125282898545,
                0.0304469298571,
                0.00734469434246,
                0.000905553286429,
                5.38074418728e-05
            ],
            "dmean2": [
                0.454572767019,
                2.86226058006,
                5.65270471573,
                7.02732133865,
                7.37632846832,
                9.87189769745,
                11.3012170792,
                13.4344654083,
                13.1535129547,
                23.684627533,
                29.9525318146,
                33.4055786133,
                27.3742752075,
                29.5343532562,
                28.5923061371,
                26.800447464,
                34.8630638123,
                31.0178165436,
                35.7425308228,
                26.4462661743,
                26.2112007141,
                34.2956314087,
                19.0009346008,
                17.7641906738,
                15.8686103821,
                8.50088405609,
                6.67509222031,
                5.17924213409,
                4.66276502609,
                4.51257181168,
                3.60835886002,
                2.55416107178,
                1.70362615585,
                0.94390463829,
                0.483235925436,
                0.189839214087,
                0.0448131039739,
                0.0105503974482,
                0.00126820639707,
                7.86555974628e-05
            ],
            "dvar": [
                0.327104747295,
                8.78404521942,
                38.6717338562,
                57.2493057251,
                72.067276001,
                185.443786621,
                207.74005127,
                261.816253662,
                569.929077148,
                1443.55395508,
                2851.12036133,
                3620.72119141,
                2009.34130859,
                2386.03833008,
                1721.31591797,
                2324.57983398,
                4125.08300781,
                2670.65942383,
                2900.33764648,
                1374.49169922,
                1315.12719727,
                1773.39953613,
                573.991943359,
                582.664978027,
                442.856231689,
                128.800537109,
                95.9597396851,
                87.7055511475,
                86.0411987305,
                60.7944755554,
                47.6434555054,
                41.1515808105,
                23.4648571014,
                9.15869426727,
                2.24624633789,
                0.376274675131,
                0.0208938699216,
                0.00252253934741,
                4.61173585791e-05,
                1.65164138366e-07
            ],
            "dvar2": [
                0.808632433414,
                24.7085762024,
                105.40259552,
                156.849578857,
                194.276824951,
                488.528900146,
                523.201782227,
                605.417602539,
                1385.80078125,
                3239.68286133,
                6592.20166016,
                8169.79443359,
                4534.16455078,
                5607.00146484,
                3901.45507812,
                5424.97509766,
                10004.8515625,
                6303.33251953,
                7149.74853516,
                3147.64208984,
                2950.34179688,
                4288.53125,
                1346.23950195,
                1457.80859375,
                1113.12670898,
                325.485351562,
                217.91444397,
                184.703308105,
                175.717803955,
                141.702285767,
                109.274230957,
                91.5436477661,
                53.0632820129,
                20.4754829407,
                4.90758800507,
                0.86254888773,
                0.0446495935321,
                0.00498898234218,
                8.41005603434e-05,
                3.77611939939e-07
            ],
            "max": [
                6.9750919342,
                34.06016922,
                65.7941131592,
                103.506774902,
                139.382736206,
                283.158325195,
                304.388092041,
                416.675750732,
                632.421875,
                745.159729004,
                1204.99536133,
                1632.80834961,
                1138.14477539,
                1536.36779785,
                1487.27331543,
                1319.09069824,
                1839.30297852,
                1326.49951172,
                1042.83605957,
                752.086608887,
                979.419311523,
                769.376831055,
                536.476196289,
                540.408691406,
                539.454833984,
                285.730621338,
                373.681396484,
                261.916412354,
                367.401123047,
                173.690353394,
                202.380706787,
                217.318771362,
                134.277023315,
                82.1358566284,
                37.5046386719,
                15.2058954239,
                4.88045120239,
                2.14375805855,
                0.288676410913,
                0.0165992304683
            ],
            "mean": [
                0.47630366683,
                2.28249073029,
                4.68975448608,
                5.39060354233,
                5.63826322556,
                7.86416292191,
                10.3044719696,
                12.7356481552,
                12.8276786804,
                25.2250576019,
                28.722202301,
                38.1138114929,
                31.8540725708,
                33.6225509644,
                33.8599624634,
                28.4670791626,
                34.1808242798,
                31.8146419525,
                38.7157554626,
                30.7769298553,
                32.0225982666,
                40.565864563,
                24.6602706909,
                23.7104988098,
                22.0189418793,
                12.3191957474,
                9.52714633942,
                7.5390586853,
                6.87844228745,
                5.65436649323,
                4.48353433609,
                2.99470663071,
                1.82931947708,
                0.985528886318,
                0.463051825762,
                0.178611800075,
                0.0472122728825,
                0.0110114449635,
                0.00146570708603,
                0.000113458241685
            ],
            "median": [
                0.0883102193475,
                0.934821844101,
                2.08263492584,
                2.82047080994,
                2.76624202728,
                3.94875240326,
                4.76250457764,
                6.43153429031,
                6.77748441696,
                11.6748523712,
                11.49518013,
                12.1790008545,
                11.5651102066,
                15.0681829453,
                15.1521625519,
                11.2650527954,
                11.1948461533,
                13.1400766373,
                12.3531570435,
                12.0160970688,
                14.5600814819,
                15.7292041779,
                10.3507556915,
                8.30405426025,
                6.53294181824,
                3.80469608307,
                2.89590382576,
                2.35490942001,
                1.91881418228,
                1.30588126183,
                0.900894761086,
                0.543038606644,
                0.282655775547,
                0.146573066711,
                0.0626275464892,
                0.0260651838034,
                0.00883154477924,
                0.00239539192989,
                0.000418211042415,
                6.84282858856e-05
            ],
            "min": [
                7.66483635021e-23,
                7.20955152654e-22,
                1.71957540951e-21,
                6.14581220298e-21,
                2.34659556022e-20,
                4.29405514912e-20,
                1.68456058761e-20,
                8.85261616251e-20,
                1.48557670133e-19,
                2.58691068903e-19,
                3.5001175683e-19,
                2.54055884792e-19,
                4.97689138769e-19,
                1.06906321631e-18,
                9.54892336048e-19,
                1.49192632065e-18,
                1.96563900898e-18,
                2.33390870988e-18,
                2.34393641365e-18,
                4.47617042518e-18,
                3.72814355263e-18,
                4.13330985154e-18,
                5.72499436087e-18,
                8.25738836745e-18,
                8.14083117452e-18,
                8.48333357895e-18,
                9.17843164565e-18,
                1.21080208252e-17,
                1.29742526345e-17,
                1.01980467287e-17,
                1.23525866995e-17,
                1.18753415363e-17,
                8.39340994738e-18,
                9.92921220247e-18,
                6.25111224972e-18,
                4.34762283568e-18,
                2.1584322691e-18,
                1.02122973963e-18,
                2.61576352427e-19,
                2.67063758751e-20
            ],
            "var": [
                0.898096442223,
                11.4658794403,
                50.8459625244,
                60.6043510437,
                78.3977203369,
                190.108840942,
                292.826477051,
                449.247741699,
                684.791931152,
                2459.72631836,
                4295.93554688,
                6709.70410156,
                4418.12792969,
                5322.39160156,
                3605.11157227,
                3807.95556641,
                6245.18994141,
                4201.66308594,
                5487.14648438,
                2775.72802734,
                2886.13720703,
                4008.94995117,
                1269.76098633,
                1624.46496582,
                1468.89050293,
                465.903961182,
                283.919433594,
                228.136032104,
                224.790420532,
                154.372207642,
                118.880844116,
                69.2661056519,
                33.2597160339,
                12.8938016891,
                3.32732391357,
                0.504919171333,
                0.0354778841138,
                0.00413367850706,
                7.95005034888e-05,
                2.06806006986e-07
            ]
        },
        "erbbands_crest": {
            "dmean": 2.74453139305,
            "dmean2": 4.35808563232,
            "dvar": 6.84873390198,
            "dvar2": 16.0274543762,
            "max": 30.5212230682,
            "mean": 9.36783599854,
            "median": 8.12468528748,
            "min": 1.93646383286,
            "var": 22.2349052429
        },
        "erbbands_flatness_db": {
            "dmean": 0.0177467223257,
            "dmean2": 0.0253241658211,
            "dvar": 0.000302724714857,
            "dvar2": 0.000574573234189,
            "max": 0.385695278645,
            "mean": 0.161171108484,
            "median": 0.152501344681,
            "min": 0.0258419904858,
            "var": 0.0028428088408
        },
        "erbbands_kurtosis": {
            "dmean": 0.938269793987,
            "dmean2": 1.46805167198,
            "dvar": 1.721129179,
            "dvar2": 3.96814703941,
            "max": 40.7847328186,
            "mean": 0.617110788822,
            "median": 0.0646997690201,
            "min": -1.75611436367,
            "var": 4.12770795822
        },
        "erbbands_skewness": {
            "dmean": 0.369706809521,
            "dmean2": 0.553916096687,
            "dvar": 0.118959158659,
            "dvar2": 0.257472604513,
            "max": 4.49121332169,
            "mean": 0.137834146619,
            "median": 0.146107673645,
            "min": -5.48691320419,
            "var": 0.675846219063
        },
        "erbbands_spread": {
            "dmean": 7.51540899277,
            "dmean2": 11.3895654678,
            "dvar": 77.4846496582,
            "dvar2": 165.730957031,
            "max": 146.006240845,
            "mean": 33.6483840942,
            "median": 31.3269672394,
            "min": 2.30843830109,
            "var": 285.082336426
        },
        "gfcc": {
            "cov": [
                [
                    20589.6191406,
                    92.9863433838,
                    -244.287109375,
                    1234.6529541,
                    -16.1324596405,
                    453.615600586,
                    54.8924064636,
                    411.562194824,
                    -34.6398696899,
                    20.2945766449,
                    -306.596405029,
                    1.97744190693,
                    -202.543121338
                ],
                [
                    92.9863433838,
                    1819.55700684,
                    58.8132247925,
                    -114.083633423,
                    297.954437256,
                    -139.333312988,
                    126.236457825,
                    -71.0384521484,
                    77.7894973755,
                    -96.2079162598,
                    82.596534729,
                    -104.841522217,
                    26.2928848267
                ],
                [
                    -244.287109375,
                    58.8132247925,
                    1038.32641602,
                    282.49508667,
                    209.375198364,
                    235.759033203,
                    60.8856697083,
                    90.2468338013,
                    37.79454422,
                    66.0196685791,
                    12.4196805954,
                    22.5624027252,
                    -14.5994539261
                ],
                [
                    1234.6529541,
                    -114.083633423,
                    282.49508667,
                    578.242675781,
                    172.094116211,
                    60.995349884,
                    84.9145202637,
                    81.889175415,
                    54.727809906,
                    42.9300231934,
                    -4.16762590408,
                    14.387304306,
                    18.8600826263
                ],
                [
                    -16.1324596405,
                    297.954437256,
                    209.375198364,
                    172.094116211,
                    421.786682129,
                    56.0625038147,
                    135.800064087,
                    67.9159011841,
                    71.4593048096,
                    47.0204811096,
                    31.8198223114,
                    -1.0935921669,
                    43.4056892395
                ],
                [
                    453.615600586,
                    -139.333312988,
                    235.759033203,
                    60.995349884,
                    56.0625038147,
                    282.144134521,
                    72.7238540649,
                    45.872013092,
                    17.700220108,
                    42.4510040283,
                    2.35947442055,
                    22.158405304,
                    1.93596065044
                ],
                [
                    54.8924064636,
                    126.236457825,
                    60.8856697083,
                    84.9145202637,
                    135.800064087,
                    72.7238540649,
                    265.870147705,
                    50.9904975891,
                    31.7876224518,
                    23.550989151,
                    25.7307815552,
                    -0.376665115356,
                    17.5995197296
                ],
                [
                    411.562194824,
                    -71.0384521484,
                    90.2468338013,
                    81.889175415,
                    67.9159011841,
                    45.872013092,
                    50.9904975891,
                    153.225372314,
                    61.5238571167,
                    34.0044364929,
                    5.83581066132,
                    15.7506856918,
                    -0.413686931133
                ],
                [
                    -34.6398696899,
                    77.7894973755,
                    37.79454422,
                    54.727809906,
                    71.4593048096,
                    17.700220108,
                    31.7876224518,
                    61.5238571167,
                    139.12512207,
                    44.005645752,
                    22.6344718933,
                    5.97470426559,
                    11.6596279144
                ],
                [
                    20.2945766449,
                    -96.2079162598,
                    66.0196685791,
                    42.9300231934,
                    47.0204811096,
                    42.4510040283,
                    23.550989151,
                    34.0044364929,
                    44.005645752,
                    102.865539551,
                    32.891910553,
                    10.837146759,
                    2.64269781113
                ],
                [
                    -306.596405029,
                    82.596534729,
                    12.4196805954,
                    -4.16762590408,
                    31.8198223114,
                    2.35947442055,
                    25.7307815552,
                    5.83581066132,
                    22.6344718933,
                    32.891910553,
                    93.3645858765,
                    30.0467338562,
                    17.2731323242
                ],
                [
                    1.97744190693,
                    -104.841522217,
                    22.5624027252,
                    14.387304306,
                    -1.0935921669,
                    22.158405304,
                    -0.376665115356,
                    15.7506856918,
                    5.97470426559,
                    10.837146759,
                    30.0467338562,
                    87.8965988159,
                    33.1900405884
                ],
                [
                    -202.543121338,
                    26.2928848267,
                    -14.5994539261,
                    18.8600826263,
                    43.4056892395,
                    1.93596065044,
                    17.5995197296,
                    -0.413686931133,
                    11.6596279144,
                    2.64269781113,
                    17.2731323242,
                    33.1900405884,
                    84.0959854126
                ]
            ],
            "icov": [
                [
                    9.05337001313e-05,
                    -0.000150253094034,
                    0.000180210889084,
                    -0.000294921774184,
                    0.000110153647256,
                    -0.000271792174317,
                    0.000112174668175,
                    -0.000301324180327,
                    0.000253940554103,
                    -0.000231880490901,
                    0.000411281129345,
                    -0.000293819262879,
                    0.000290459778626
                ],
                [
                    -0.000150253094034,
                    0.00131862587295,
                    -0.000553520221729,
                    0.000877242011484,
                    -0.00093054206809,
                    0.000941446924116,
                    -0.00052074767882,
                    0.00112758227624,
                    -0.00133574532811,
                    0.00208747992292,
                    -0.00208385079168,
                    0.00193539529573,
                    -0.000710058549885
                ],
                [
                    0.000180210889084,
                    -0.000553520221729,
                    0.00187877146527,
                    -0.00117627903819,
                    -0.000162939119036,
                    -0.00171390583273,
                    0.000694154528901,
                    -0.000951676571276,
                    0.000956231902819,
                    -0.000966389139649,
                    0.000973881687969,
                    -0.00112475943752,
                    0.00131232570857
                ],
                [
                    -0.000294921774184,
                    0.000877242011484,
                    -0.00117627903819,
                    0.00338288978674,
                    -0.00111047714017,
                    0.0013498973567,
                    -0.000837192172185,
                    0.000707167491782,
                    -0.00137343839742,
                    0.000963177299127,
                    -0.00103780929931,
                    0.00113797793165,
                    -0.00130249653012
                ],
                [
                    0.000110153647256,
                    -0.00093054206809,
                    -0.000162939119036,
                    -0.00111047714017,
                    0.00437240395695,
                    -0.000416084978497,
                    -0.000922952429391,
                    -0.00122331245802,
                    0.000143798126373,
                    -0.00184250099119,
                    0.000906669767573,
                    -7.79463807703e-05,
                    -0.00140058179386
                ],
                [
                    -0.000271792174317,
                    0.000941446924116,
                    -0.00171390583273,
                    0.0013498973567,
                    -0.000416084978497,
                    0.00605387752876,
                    -0.00177719129715,
                    0.000813952065073,
                    -0.000969192187767,
                    -7.88650941104e-05,
                    -0.000676616036799,
                    0.000329687056364,
                    -0.000952193455305
                ],
                [
                    0.000112174668175,
                    -0.00052074767882,
                    0.000694154528901,
                    -0.000837192172185,
                    -0.000922952429391,
                    -0.00177719129715,
                    0.0053321425803,
                    -0.00158912653569,
                    0.00082471902715,
                    -0.000376219570171,
                    -0.00045386273996,
                    0.000208495373954,
                    4.32285378338e-05
                ],
                [
                    -0.000301324180327,
                    0.00112758227624,
                    -0.000951676571276,
                    0.000707167491782,
                    -0.00122331245802,
                    0.000813952065073,
                    -0.00158912653569,
                    0.0106493989006,
                    -0.00469485204667,
                    0.000777918903623,
                    -0.000775763124693,
                    -0.000365315616364,
                    0.00052553898422
                ],
                [
                    0.000253940554103,
                    -0.00133574532811,
                    0.000956231902819,
                    -0.00137343839742,
                    0.000143798126373,
                    -0.000969192187767,
                    0.00082471902715,
                    -0.00469485204667,
                    0.0116158500314,
                    -0.00485266279429,
                    0.00111656100489,
                    -0.00110299605876,
                    3.63326216757e-06
                ],
                [
                    -0.000231880490901,
                    0.00208747992292,
                    -0.000966389139649,
                    0.000963177299127,
                    -0.00184250099119,
                    -7.88650941104e-05,
                    -0.000376219570171,
                    0.000777918903623,
                    -0.00485266279429,
                    0.0167768057436,
                    -0.00752796279266,
                    0.00334754912183,
                    -0.000188888894627
                ],
                [
                    0.000411281129345,
                    -0.00208385079168,
                    0.000973881687969,
                    -0.00103780929931,
                    0.000906669767573,
                    -0.000676616036799,
                    -0.00045386273996,
                    -0.000775763124693,
                    0.00111656100489,
                    -0.00752796279266,
                    0.0183906685561,
                    -0.00814405735582,
                    0.00120123033412
                ],
                [
                    -0.000293819262879,
                    0.00193539529573,
                    -0.00112475943752,
                    0.00113797793165,
                    -7.79463807703e-05,
                    0.000329687056364,
                    0.000208495373954,
                    -0.000365315616364,
                    -0.00110299605876,
                    0.00334754912183,
                    -0.00814405735582,
                    0.0190887972713,
                    -0.00758927501738
                ],
                [
                    0.000290459778626,
                    -0.000710058549885,
                    0.00131232570857,
                    -0.00130249653012,
                    -0.00140058179386,
                    -0.000952193455305,
                    4.32285378338e-05,
                    0.00052553898422,
                    3.63326216757e-06,
                    -0.000188888894627,
                    0.00120123033412,
                    -0.00758927501738,
                    0.0168249886483
                ]
            ],
            "mean": [
                -15.4664049149,
                94.2104949951,
                -120.298858643,
                24.2729034424,
                -49.0942001343,
                10.6476955414,
                -31.1319980621,
                8.64536571503,
                -16.1526832581,
                -1.03017449379,
                -12.6550283432,
                0.644922435284,
                -10.9313020706
            ]
        },
        "hfc": {
            "dmean": 6.03833341599,
            "dmean2": 8.62132358551,
            "dvar": 89.7371444702,
            "dvar2": 178.305587769,
            "max": 183.496826172,
            "mean": 23.1714096069,
            "median": 17.8509521484,
            "min": 1.08171586609e-16,
            "var": 431.396026611
        },
        "melbands": {
            "dmean": [
                0.00224683294073,
                0.00173973722849,
                0.000675447285175,
                0.000356339034624,
                0.000240722380113,
                0.000181469935342,
                0.000130676839035,
                0.000169776263647,
                0.000162901487784,
                0.000135344933369,
                9.32177354116e-05,
                8.18596090539e-05,
                7.00046075508e-05,
                5.20457324455e-05,
                5.01215472468e-05,
                4.5622138714e-05,
                3.84700069844e-05,
                4.02654150093e-05,
                2.72505658359e-05,
                2.34794697462e-05,
                2.02996943699e-05,
                2.45739029197e-05,
                1.72784311872e-05,
                1.10101245809e-05,
                9.96290327748e-06,
                9.00892064237e-06,
                6.38352094029e-06,
