{
    "lowlevel": {
        "average_loudness": 0.908594667912,
        "barkbands": {
            "dmean": [
                0.000551873934455,
                0.0197915025055,
                0.0113793481141,
                0.00346777727827,
                0.00265518855304,
                0.00071829877561,
                0.000506529526319,
                0.000575021607801,
                0.000157434871653,
                0.000128121027956,
                8.60533473315e-05,
                8.90349401743e-05,
                7.88627003203e-05,
                7.36330475775e-05,
                6.23737942078e-05,
                4.15213071392e-05,
                3.75963136321e-05,
                5.55824153707e-05,
                3.32027775585e-05,
                4.09962813137e-05,
                5.10360841872e-05,
                5.56916529604e-05,
                7.46933656046e-05,
                5.07127952005e-05,
                3.87069267163e-05,
                4.23299534305e-05,
                6.7332183562e-07
            ],
            "dmean2": [
                0.000845811679028,
                0.0320307910442,
                0.0210810620338,
                0.00644449749961,
                0.00436356989667,
                0.00113239500206,
                0.000787199300248,
                0.000860133790411,
                0.000225766372751,
                0.000194178981474,
                0.000142029733979,
                0.000144589241245,
                0.000129136475152,
                0.00011768994591,
                0.000102221529232,
                6.81904566591e-05,
                6.14562886767e-05,
                9.80534532573e-05,
                5.23908274772e-05,
                6.58577409922e-05,
                7.94691295596e-05,
                9.00514860405e-05,
                0.000129291875055,
                8.45184767968e-05,
                6.56918564346e-05,
                7.71939885453e-05,
                1.1987532389e-06
            ],
            "dvar": [
                1.53460030106e-06,
                0.00197924138047,
                0.00112959148828,
                0.000119178781461,
                3.25746223098e-05,
                3.09122447106e-06,
                1.98715861188e-06,
                3.14851990879e-06,
                3.91889130924e-07,
                2.46158833761e-07,
                3.75807559294e-07,
                3.50294016016e-07,
                4.03274782457e-07,
                2.32540500633e-07,
                7.32560181405e-08,
                2.19584901373e-08,
                1.85723560975e-08,
                5.97090661358e-08,
                2.70077027409e-08,
                5.8207195508e-08,
                5.79412358093e-08,
                5.48565672887e-08,
                6.49876383818e-08,
                2.23248441955e-08,
                1.66546652025e-08,
                4.45287753337e-08,
                1.1113062727e-11
            ],
            "dvar2": [
                3.02611761072e-06,
                0.00500554265454,
                0.0033285706304,
                0.000346626300598,
                8.57306731632e-05,
                6.77125444781e-06,
                3.94088237954e-06,
                6.62207003188e-06,
                6.90089393629e-07,
                4.87408385652e-07,
                9.31618501454e-07,
                7.89312196048e-07,
                1.00690579075e-06,
                5.29474334598e-07,
                2.01604677841e-07,
                5.71333309551e-08,
                4.7316532914e-08,
                1.59865635396e-07,
                6.3759614477e-08,
                1.42085553989e-07,
                1.29573578533e-07,
                1.25749266999e-07,
                1.8732356466e-07,
                5.23145011755e-08,
                4.72911274585e-08,
                1.40319883712e-07,
                3.32463744035e-11
            ],
            "max": [
                0.0222294498235,
                0.317411601543,
                0.250483214855,
                0.112519368529,
                0.0746657401323,
                0.0296471044421,
                0.0512777492404,
                0.0403400436044,
                0.0240881275386,
                0.0154507132247,
                0.0345012508333,
                0.033216714859,
                0.0345484353602,
                0.0402773879468,
                0.0080656753853,
                0.00204129144549,
                0.0023101400584,
                0.00576306320727,
                0.00549945468083,
                0.00686938688159,
                0.00589563790709,
                0.00568987755105,
                0.00407229736447,
                0.00304473913275,
                0.00183132989332,
                0.00236705318093,
                6.54628311167e-05
            ],
            "mean": [
                0.00231971498579,
                0.0469706170261,
                0.0120294252411,
                0.00393416453153,
                0.00396816292778,
                0.00104536500294,
                0.000830077682622,
                0.001217089477,
                0.000305991183268,
                0.000222256901907,
                8.66261689225e-05,
                0.00012355853687,
                7.45785073377e-05,
                0.000137270952109,
                6.67638887535e-05,
                4.36549526057e-05,
                3.6389552406e-05,
                4.74571497762e-05,
                3.32188683387e-05,
                4.06193503295e-05,
                5.30397992407e-05,
                5.44098256796e-05,
                5.87604736211e-05,
                4.65452030767e-05,
                3.31653864123e-05,
                2.99696948787e-05,
                4.95213328122e-07
            ],
            "median": [
                0.000149966042954,
                0.0279439967126,
                0.00301100406796,
                0.000917889177799,
                0.000845260219648,
                0.000116298237117,
                6.04942033533e-05,
                3.67613210983e-05,
                1.30979260575e-05,
                6.89937405696e-06,
                4.58991689811e-06,
                4.56013367511e-06,
                3.80204073736e-06,
                5.27247721038e-06,
                5.48080333829e-06,
                3.61133857041e-06,
                2.80399626718e-06,
                3.40109659192e-06,
                2.65379276243e-06,
                2.32258116739e-06,
                1.70316320691e-06,
                1.06135553324e-06,
                4.53773225217e-07,
                1.00715340068e-06,
                1.2414466255e-06,
                4.35416211531e-07,
                8.81817285858e-09
            ],
            "min": [
                2.66406536777e-25,
                2.72187363725e-24,
                1.66427424846e-24,
                7.58099865868e-25,
                1.70414229253e-23,
                7.9739488138e-24,
                5.23690912843e-24,
                7.15375514228e-24,
                1.49479454327e-23,
                3.17481678254e-23,
                2.30025907728e-23,
                3.10857329243e-23,
                3.4515820047e-23,
                2.63434514163e-23,
                6.99335605442e-23,
                7.28938336663e-23,
                7.510711862e-23,
                1.06273460507e-22,
                1.49534415844e-22,
                1.46394799929e-22,
                3.09813117218e-22,
                3.40675955916e-22,
                4.57195103994e-22,
                5.86437379406e-22,
                8.73157395106e-22,
                1.3612358608e-21,
                2.04574528623e-21
            ],
            "var": [
                1.52927968884e-05,
                0.00356987817213,
                0.000743521028198,
                8.56176557136e-05,
                5.2655566833e-05,
                7.52917185309e-06,
                9.01026487554e-06,
                1.36395874506e-05,
                1.79977382686e-06,
                8.85373765414e-07,
                4.45633020263e-07,
                9.67314576883e-07,
                4.05791894309e-07,
                2.09659833672e-06,
                6.13162924878e-08,
                2.3380950509e-08,
                1.76372108029e-08,
                4.4878717631e-08,
                2.62818602437e-08,
                5.5621921291e-08,
                6.94791637557e-08,
                6.17398683289e-08,
                5.15379134924e-08,
                2.82246777061e-08,
                1.45722047762e-08,
                2.96366984287e-08,
                8.00677753265e-12
            ]
        },
        "barkbands_crest": {
            "dmean": 3.01467323303,
            "dmean2": 4.86175632477,
            "dvar": 11.2190561295,
            "dvar2": 28.3165187836,
            "max": 26.8388023376,
            "mean": 16.0030155182,
            "median": 16.2510547638,
            "min": 2.51945400238,
            "var": 33.7389373779
        },
        "barkbands_flatness_db": {
            "dmean": 0.0535779185593,
            "dmean2": 0.0743676573038,
            "dvar": 0.00293183769099,
            "dvar2": 0.00585934938863,
            "max": 0.927057266235,
            "mean": 0.333461254835,
            "median": 0.319141924381,
            "min": 0.0180446077138,
            "var": 0.0254191141576
        },
        "barkbands_kurtosis": {
            "dmean": 36.818939209,
            "dmean2": 61.4689559937,
            "dvar": 9088.66210938,
            "dvar2": 24787.7890625,
            "max": 1312.83239746,
            "mean": 46.5791244507,
            "median": 14.4261112213,
            "min": -1.95367944241,
            "var": 9583.67382812
        },
        "barkbands_skewness": {
            "dmean": 1.80078196526,
            "dmean2": 2.80904912949,
            "dvar": 6.48930215836,
            "dvar2": 16.3839206696,
            "max": 34.062625885,
            "mean": 3.5874247551,
            "median": 2.66147875786,
            "min": -8.68522262573,
            "var": 14.7481508255
        },
        "barkbands_spread": {
            "dmean": 4.60537481308,
            "dmean2": 7.33577919006,
            "dvar": 103.381919861,
            "dvar2": 230.88961792,
            "max": 119.362297058,
            "mean": 9.22491455078,
            "median": 3.26276373863,
            "min": 0.037059109658,
            "var": 276.295593262
        },
        "dissonance": {
            "dmean": 0.0361146852374,
            "dmean2": 0.0582607723773,
            "dvar": 0.00168951391242,
            "dvar2": 0.00424191635102,
            "max": 0.500000178814,
            "mean": 0.427711874247,
            "median": 0.446694612503,
            "min": 0.0519156493247,
            "var": 0.00464163022116
        },
        "dynamic_complexity": 6.42472791672,
        "erbbands": {
            "dmean": [
                0.543782770634,
                4.79982471466,
                12.0308771133,
                12.5708627701,
                9.11585617065,
                9.43119621277,
                7.91829156876,
                5.12869310379,
                6.54219245911,
                8.95348072052,
                11.592291832,
                3.18596172333,
                4.8597779274,
                2.84198498726,
                3.83384990692,
                3.40419435501,
                3.43340945244,
                3.62301373482,
                3.35943937302,
                2.63722634315,
                2.26088809967,
                2.12874531746,
                2.92499351501,
                2.15277242661,
                1.68020641804,
                1.91929960251,
                2.08020877838,
                2.07679176331,
                1.95389854908,
                1.88401722908,
                2.02985739708,
                1.20272016525,
                0.856942594051,
                0.526249229908,
                0.234430804849,
                0.177205100656,
                0.0890834182501,
                0.00742295989767,
                0.000158096692758,
                3.31695191562e-05
            ],
            "dmean2": [
                0.8953743577,
                7.74096441269,
                21.5831737518,
                23.2398452759,
                16.1533603668,
                15.1677503586,
                12.1680431366,
                8.22348594666,
                9.9837846756,
                13.7328329086,
                17.1083755493,
                4.74144506454,
                7.17997169495,
                4.46491336823,
                6.32917976379,
                5.47054767609,
                5.73767566681,
                5.85907411575,
                5.3523516655,
                4.22369670868,
                3.73326468468,
                3.49794220924,
                5.13293361664,
                3.54677319527,
                2.72231268883,
                3.07176113129,
                3.24791502953,
                3.27860426903,
                3.14279818535,
                3.14575624466,
                3.5131919384,
                2.04790449142,
                1.43047642708,
                0.893234670162,
                0.399787843227,
                0.318460255861,
                0.16401591897,
                0.0134381642565,
                0.000281623797491,
                5.12182050443e-05
            ],
            "dvar": [
                1.52158510685,
                116.914497375,
                1171.59191895,
                1466.51269531,
                678.25982666,
                393.860198975,
                357.528503418,
                174.776596069,
                305.099945068,
                562.596862793,
                1501.5,
                98.6698684692,
                362.505371094,
                173.586074829,
                877.399963379,
                465.022613525,
                845.095825195,
                559.736694336,
                166.161254883,
                122.609306335,
                71.6774902344,
                61.3023223877,
                139.06022644,
                139.318893433,
                64.181427002,
                159.311004639,
                99.1528549194,
                101.069946289,
                68.6224975586,
                45.3959312439,
                43.745891571,
                12.4871959686,
                6.88652181625,
                2.63858532906,
                0.803768336773,
                0.678750216961,
                0.215975239873,
                0.00133516825736,
                5.306338835e-07,
                3.67950825364e-09
            ],
            "dvar2": [
                4.06989192963,
                287.702148438,
                3354.37792969,
                4238.86279297,
                1933.45874023,
                966.659362793,
                738.920837402,
                395.372009277,
                617.466552734,
                1269.88537598,
                3095.75024414,
                207.598617554,
                692.125488281,
                431.900024414,
                1957.63525391,
                1006.24975586,
                2216.39086914,
                1310.76782227,
                423.561859131,
                322.785125732,
                194.092132568,
                156.384994507,
                373.402130127,
                349.793609619,
                148.074401855,
                402.896606445,
                224.721221924,
                228.400634766,
                156.435531616,
                113.592842102,
                123.522743225,
                31.9069690704,
                16.6004943848,
                7.36933708191,
                2.28939771652,
                2.11071014404,
                0.685385465622,
                0.00416363729164,
                1.65499670857e-06,
                8.23739565448e-09
            ],
            "max": [
                12.5220499039,
                77.2218551636,
                238.655059814,
                314.668273926,
                329.143035889,
                271.99319458,
                373.09588623,
                263.711608887,
                424.757537842,
                687.452514648,
                878.721435547,
                440.071807861,
                574.207214355,
                768.835510254,
                1552.66125488,
                1403.15380859,
                1670.66772461,
                1875.73962402,
                586.178466797,
                297.922088623,
                110.267082214,
                127.743843079,
                251.447067261,
                332.653747559,
                208.004699707,
                351.14553833,
                340.592163086,
                245.278106689,
                201.614334106,
                134.684967041,
                89.9780502319,
                66.7180023193,
                51.8706092834,
                24.9871253967,
                15.8060264587,
                9.14732646942,
                5.53833866119,
                0.46278399229,
                0.00885479710996,
                0.000472303159768
            ],
            "mean": [
                1.66348350048,
                9.11075496674,
                15.2229814529,
                14.828081131,
                10.7941646576,
                14.3155260086,
                11.7517614365,
                7.28106689453,
                11.2341976166,
                16.2323055267,
                25.5573730469,
                6.72382688522,
                10.3989210129,
                3.85824513435,
                4.17162799835,
                5.14401006699,
                3.67212057114,
                6.00704050064,
                4.92942094803,
                3.0737695694,
                2.32114601135,
                2.07346963882,
                2.53822207451,
                2.1101295948,
                1.57731175423,
                1.90425288677,
                2.16662693024,
                2.13776826859,
                1.95157241821,
                1.66804349422,
                1.59508168697,
                1.04785346985,
                0.77798306942,
                0.446938574314,
                0.20087146759,
                0.132251635194,
                0.0604715682566,
                0.00530784670264,
                0.000140912656207,
                8.52878729347e-05
            ],
            "median": [
                0.604068517685,
                5.68469524384,
                5.63732337952,
                4.6915102005,
                3.15981149673,
                2.59136343002,
                1.60072636604,
                0.904827356339,
                0.941617131233,
                1.33110237122,
                0.865794539452,
                0.387261360884,
                0.289759039879,
                0.23724013567,
                0.20393833518,
                0.205378443003,
                0.188997849822,
                0.255156219006,
                0.325677782297,
                0.26630833745,
                0.194592833519,
                0.172980129719,
                0.188916534185,
                0.174544721842,
                0.121821656823,
                0.106910303235,
                0.0761409550905,
                0.0694480761886,
                0.0447127595544,
                0.0146146053448,
                0.0142542943358,
                0.0167350023985,
                0.0199894439429,
                0.0161989480257,
                0.0065143937245,
                0.00251237023622,
                0.000626694527455,
                7.58925598348e-05,
                3.76138850697e-05,
                7.12712935638e-05
            ],
            "min": [
                1.12088476095e-22,
                3.49460584739e-22,
                1.52736476727e-21,
                7.88099640564e-21,
                2.07066151724e-20,
                5.38864031238e-20,
                3.73968322623e-20,
                6.70877662604e-20,
                5.85276295303e-20,
                3.03465243936e-19,
                2.70332059211e-19,
                3.937859739e-19,
                4.23314822503e-19,
                7.70690122076e-19,
                1.40101586261e-18,
                1.23781261077e-18,
                2.08819615649e-18,
                1.75609740941e-18,
                3.39324686713e-18,
                4.18629945518e-18,
                3.28310073753e-18,
                4.53059766872e-18,
                6.80164023846e-18,
                6.03858266699e-18,
                8.38134138224e-18,
                8.40674327168e-18,
                8.7289499726e-18,
                1.28714663444e-17,
                1.13464091654e-17,
                1.18654410116e-17,
                1.32018290461e-17,
                1.08565974744e-17,
                1.10806649859e-17,
                8.21881858985e-18,
                6.78292858582e-18,
                4.29258099695e-18,
                2.17562046184e-18,
                1.08465753541e-18,
                2.57638378175e-19,
                2.81105602014e-20
            ],
            "var": [
                5.93360376358,
                158.013290405,
                905.352783203,
                1043.2890625,
                562.409484863,
                785.467712402,
                820.675415039,
                434.717224121,
                1201.50109863,
                2097.09716797,
                7071.83056641,
                403.516387939,
                1818.08190918,
                261.419128418,
                1081.24841309,
                1884.02514648,
                837.015686035,
                3825.01025391,
                733.268615723,
                120.349197388,
                71.2774353027,
                56.7262649536,
                106.59778595,
                118.905944824,
                62.7948417664,
                140.774612427,
                124.844337463,
                112.629951477,
                79.3784103394,
                46.6551399231,
                35.6112594604,
                13.15832901,
                8.44324684143,
                2.36001849174,
                0.683633446693,
                0.472452670336,
                0.139587119222,
                0.000918778474443,
                3.68711596366e-07,
                7.93749954653e-09
            ]
        },
        "erbbands_crest": {
            "dmean": 3.38179826736,
            "dmean2": 5.40582323074,
            "dvar": 11.0714035034,
            "dvar2": 25.8564090729,
            "max": 33.2108879089,
            "mean": 13.5099401474,
            "median": 12.604970932,
            "min": 2.30035090446,
            "var": 38.4372024536
        },
        "erbbands_flatness_db": {
            "dmean": 0.0383669398725,
            "dmean2": 0.0547828264534,
            "dvar": 0.00159296649508,
            "dvar2": 0.00289526651613,
            "max": 0.555927455425,
            "mean": 0.236795470119,
            "median": 0.219950601459,
            "min": 0.0335828252137,
            "var": 0.00982059538364
        },
        "erbbands_kurtosis": {
            "dmean": 6.71542787552,
            "dmean2": 10.6298313141,
            "dvar": 179.456420898,
            "dvar2": 420.899963379,
            "max": 283.180541992,
            "mean": 9.78665828705,
            "median": 3.25573301315,
            "min": -1.93517124653,
            "var": 331.435760498
        },
        "erbbands_skewness": {
            "dmean": 0.93120443821,
            "dmean2": 1.40972447395,
            "dvar": 1.11123168468,
            "dvar2": 2.36944890022,
            "max": 12.2594509125,
            "mean": 1.44308769703,
            "median": 1.23786783218,
            "min": -5.5684223175,
            "var": 3.89347028732
        },
        "erbbands_spread": {
            "dmean": 14.5328435898,
            "dmean2": 23.0289993286,
            "dvar": 558.786499023,
            "dvar2": 1178.41552734,
            "max": 217.900253296,
            "mean": 30.4191455841,
            "median": 18.8494167328,
            "min": 0.56038248539,
            "var": 1056.58728027
        },
        "gfcc": {
            "cov": [
                [
                    35641.1484375,
                    2554.22851562,
                    -449.754486084,
                    1671.99194336,
                    -741.82208252,
                    525.015563965,
                    -607.437316895,
                    449.590515137,
                    -214.306518555,
                    155.32244873,
                    -131.583480835,
                    -140.605133057,
                    135.834121704
                ],
                [
                    2554.22851562,
                    6471.79638672,
                    2342.18652344,
                    -371.504211426,
                    1570.68334961,
                    -599.653564453,
                    861.814758301,
                    -14.756608963,
                    640.489013672,
                    -393.437866211,
                    472.779327393,
                    -572.063720703,
                    309.746032715
                ],
                [
                    -449.754486084,
                    2342.18652344,
                    3927.57397461,
                    993.60723877,
                    1211.20129395,
                    173.514709473,
                    650.56842041,
                    89.4502487183,
                    457.134429932,
                    -67.0741424561,
                    316.978881836,
                    -141.909332275,
                    173.616088867
                ],
                [
                    1671.99194336,
                    -371.504211426,
                    993.60723877,
                    1282.15307617,
                    296.880493164,
                    364.311859131,
                    103.684211731,
                    81.2914352417,
                    94.0772781372,
                    31.0768280029,
                    20.8782024384,
                    48.4414710999,
                    27.786031723
                ],
                [
                    -741.82208252,
                    1570.68334961,
                    1211.20129395,
                    296.880493164,
                    1120.20129395,
                    176.153656006,
                    557.60925293,
                    54.8422698975,
                    341.922546387,
                    -91.75390625,
                    215.337478638,
                    -76.1436920166,
                    120.284034729
                ],
                [
                    525.015563965,
                    -599.653564453,
                    173.514709473,
                    364.311859131,
                    176.153656006,
                    617.013122559,
                    262.303985596,
                    137.241653442,
                    107.54209137,
                    50.5988883972,
                    -19.7921123505,
                    88.5252685547,
                    -57.0536766052
                ],
                [
                    -607.437316895,
                    861.814758301,
                    650.56842041,
                    103.684211731,
                    557.60925293,
                    262.303985596,
                    676.791259766,
                    145.323257446,
                    308.780609131,
                    -25.0443820953,
                    155.12739563,
                    -60.9612998962,
                    33.569896698
                ],
                [
                    449.590515137,
                    -14.756608963,
                    89.4502487183,
                    81.2914352417,
                    54.8422698975,
                    137.241653442,
                    145.323257446,
                    323.968536377,
                    175.643066406,
                    27.4734706879,
                    16.2603340149,
                    -10.9224319458,
                    -52.1547889709
                ],
                [
                    -214.306518555,
                    640.489013672,
                    457.134429932,
                    94.0772781372,
                    341.922546387,
                    107.54209137,
                    308.780609131,
                    175.643066406,
                    440.35144043,
                    -12.0533313751,
                    116.859474182,
                    -48.6061553955,
                    -20.2023735046
                ],
                [
                    155.32244873,
                    -393.437866211,
                    -67.0741424561,
                    31.0768280029,
                    -91.75390625,
                    50.5988883972,
                    -25.0443820953,
                    27.4734706879,
                    -12.0533313751,
                    206.647354126,
                    18.0766906738,
                    47.522403717,
                    -1.91722893715
                ],
                [
                    -131.583480835,
                    472.779327393,
                    316.978881836,
                    20.8782024384,
                    215.337478638,
                    -19.7921123505,
                    155.12739563,
                    16.2603340149,
                    116.859474182,
                    18.0766906738,
                    197.297119141,
                    11.919801712,
                    48.3959465027
                ],
                [
                    -140.605133057,
                    -572.063720703,
                    -141.909332275,
                    48.4414710999,
                    -76.1436920166,
                    88.5252685547,
                    -60.9612998962,
                    -10.9224319458,
                    -48.6061553955,
                    47.522403717,
                    11.919801712,
                    173.791442871,
                    11.3855495453
                ],
                [
                    135.834121704,
                    309.746032715,
                    173.616088867,
                    27.786031723,
                    120.284034729,
                    -57.0536766052,
                    33.569896698,
                    -52.1547889709,
                    -20.2023735046,
                    -1.91722893715,
                    48.3959465027,
                    11.3855495453,
                    153.285324097
                ]
            ],
            "icov": [
                [
                    5.52271958441e-05,
                    -0.000139159805258,
                    5.86371024838e-05,
                    -0.000142611577758,
                    0.000146023521665,
                    -0.000178034373675,
                    0.000119167867524,
                    -0.000104937978904,
                    6.97272771504e-05,
                    -0.000106939602119,
                    1.25424376165e-05,
                    -8.53348028613e-05,
                    -4.07237348554e-05
                ],
                [
                    -0.000139159805258,
                    0.000944884202909,
                    -0.000303047039779,
                    0.000624580890872,
                    -0.00076658470789,
                    0.000812692800537,
                    -0.000386079918826,
                    0.000274792924756,
                    -0.000395890063373,
                    0.000775452586822,
                    -0.000550974335056,
                    0.00145265157335,
                    -0.000450338848168
                ],
                [
                    5.86371024838e-05,
                    -0.000303047039779,
                    0.0005938076647,
                    -0.000562078086659,
                    -5.36716761417e-05,
                    -0.000133432651637,
                    4.36944537796e-05,
                    -7.73534411564e-05,
                    5.06112373841e-05,
                    -0.000270862947218,
                    -0.000106404440885,
                    -0.000157775662956,
                    -5.10831068823e-06
                ],
                [
                    -0.000142611577758,
                    0.000624580890872,
                    -0.000562078086659,
                    0.00176988611929,
                    -0.000657916243654,
                    -0.000236868479988,
                    0.00023336558661,
                    0.000133000765345,
                    -0.000297724385746,
                    0.000447113125119,
                    -0.000180440722033,
                    0.000745861732867,
                    -0.00042974788812
                ],
                [
                    0.000146023521665,
                    -0.00076658470789,
                    -5.36716761417e-05,
                    -0.000657916243654,
                    0.00298292352818,
                    -0.00104185298551,
                    -0.000611262279563,
                    0.000186376273632,
                    -0.000331214512698,
                    0.000158055278007,
                    -0.000385136576369,
                    -0.000687728985213,
                    -0.00080051709665
                ],
                [
                    -0.000178034373675,
                    0.000812692800537,
                    -0.000133432651637,
                    -0.000236868479988,
                    -0.00104185298551,
                    0.00439048791304,
                    -0.00227190181613,
                    -0.000114727256005,
                    -0.000154989378643,
                    4.10063476011e-05,
                    0.0014032345498,
                    -0.00124150305055,
                    0.00124910811428
                ],
                [
                    0.000119167867524,
                    -0.000386079918826,
                    4.36944537796e-05,
                    0.00023336558661,
                    -0.000611262279563,
                    -0.00227190181613,
                    0.00433404324576,
                    -0.000735863577574,
                    -0.000713809626177,
                    -0.000119836964586,
                    -0.00146100076381,
                    0.00113895430695,
                    -0.000701630546246
                ],
                [
                    -0.000104937978904,
                    0.000274792924756,
                    -7.73534411564e-05,
                    0.000133000765345,
                    0.000186376273632,
                    -0.000114727256005,
                    -0.000735863577574,
                    0.00476597901434,
                    -0.00190371356439,
                    -0.000267624738626,
                    0.000280070671579,
                    0.000368392502423,
                    0.000824990333058
                ],
                [
                    6.97272771504e-05,
                    -0.000395890063373,
                    5.06112373841e-05,
                    -0.000297724385746,
                    -0.000331214512698,
                    -0.000154989378643,
                    -0.000713809626177,
                    -0.00190371356439,
                    0.00479389494285,
                    -0.000255914928857,
                    -0.0011523810681,
                    -0.000163844364579,
                    0.00145026913378
                ],
                [
                    -0.000106939602119,
                    0.000775452586822,
                    -0.000270862947218,
                    0.000447113125119,
                    0.000158055278007,
                    4.10063476011e-05,
                    -0.000119836964586,
                    -0.000267624738626,
                    -0.000255914928857,
                    0.00635024858639,
                    -0.00185059313662,
                    0.000482737697894,
                    -0.000825922761578
                ],
                [
                    1.25424376165e-05,
                    -0.000550974335056,
                    -0.000106404440885,
                    -0.000180440722033,
                    -0.000385136576369,
                    0.0014032345498,
                    -0.00146100076381,
                    0.000280070671579,
                    -0.0011523810681,
                    -0.00185059313662,
                    0.00944252498448,
                    -0.00365684530698,
                    -0.000389403081499
                ],
                [
                    -8.53348028613e-05,
                    0.00145265157335,
                    -0.000157775662956,
                    0.000745861732867,
                    -0.000687728985213,
                    -0.00124150305055,
                    0.00113895430695,
                    0.000368392502423,
                    -0.000163844364579,
                    0.000482737697894,
                    -0.00365684530698,
                    0.0111236888915,
                    -0.00255002779886
                ],
                [
                    -4.07237348554e-05,
                    -0.000450338848168,
                    -5.10831068823e-06,
                    -0.00042974788812,
                    -0.00080051709665,
                    0.00124910811428,
                    -0.000701630546246,
                    0.000824990333058,
                    0.00145026913378,
                    -0.000825922761578,
                    -0.000389403081499,
                    -0.00255002779886,
                    0.00957417860627
                ]
            ],
            "mean": [
                -177.653503418,
                116.562858582,
                -57.4320144653,
                36.0377693176,
                -37.8238143921,
                8.82933139801,
                -31.0352497101,
                7.96816730499,
                -14.7741785049,
                2.13328766823,
                -12.1592111588,
                -8.03800582886,
                -6.8792963028
            ]
        },
        "hfc": {
            "dmean": 5.84934043884,
            "dmean2": 9.12436008453,
            "dvar": 135.002197266,
            "dvar2": 337.897918701,
            "max": 193.392501831,
            "mean": 11.1724424362,
            "median": 7.89460420609,
            "min": 1.06528541214e-16,
            "var": 185.712677002
        },
        "melbands": {
            "dmean": [
                0.00524281337857,
                0.00574142346159,
                0.00207106163725,
                0.000652041810099,
                0.000297703489196,
                0.000120043041534,
                0.000104550352262,
                0.000106018029328,
                8.30335120554e-05,
                1.99028163479e-05,
                2.45984920184e-05,
                1.16534511108e-05,
                1.20416952996e-05,
                1.06739489638e-05,
                8.15340808913e-06,
                7.48018646846e-06,
                7.10552649252e-06,
                5.70110205445e-06,
                4.74481475976e-06,
                2.99322005048e-06,
                2.62694106823e-06,
                2.18363652493e-06,
                2.50457992479e-06,
                2.74512990472e-06,
                1.67217626768e-06,
