{
    "lowlevel": {
        "average_loudness": 0.831676125526,
        "barkbands": {
            "dmean": [
                0.000756798195653,
                0.00345921725966,
                0.00111180858221,
                0.000683994323481,
                0.000992466346361,
                0.00112063693814,
                0.000817033462226,
                0.000872542557772,
                0.000530531688128,
                0.000646912085358,
                0.00122198811732,
                0.000727291742805,
                0.00052194413729,
                0.0006293769693,
                0.000598850660026,
                0.000428606756032,
                0.00037294748472,
                0.000308356364258,
                0.000405797822168,
                0.000359181518434,
                0.000291568168905,
                0.00017300779291,
                0.000152742184582,
                0.000158608250786,
                0.000124786791275,
                5.76645288675e-05,
                1.79113831109e-05
            ],
            "dmean2": [
                0.00132688123267,
                0.00547172222286,
                0.00186208880041,
                0.00121297547594,
                0.00159919727594,
                0.00184775516391,
                0.00135539250914,
                0.00144455232657,
                0.000891305797268,
                0.00105885334779,
                0.00193363509607,
                0.00112128816545,
                0.000818078406155,
                0.00102475995664,
                0.000919061712921,
                0.000682443438563,
                0.000574134697672,
                0.000476115761558,
                0.000628216366749,
                0.000554120633751,
                0.000440582836745,
                0.00027020619018,
                0.000226168893278,
                0.000231125610298,
                0.000181907613296,
                8.7673033704e-05,
                2.76084174402e-05
            ],
            "dvar": [
                2.84161978925e-06,
                5.25770738022e-05,
                1.98592078959e-05,
                6.13236625213e-06,
                3.93023992729e-06,
                5.56523127671e-06,
                2.63276501755e-06,
                2.49359618465e-06,
                9.90709963844e-07,
                1.95965822058e-06,
                6.2220306063e-06,
                2.64245181825e-06,
                1.23925417483e-06,
                1.51917856783e-06,
                1.36435073728e-06,
                6.47968875001e-07,
                4.61185948097e-07,
                2.63577305759e-07,
                4.4020029577e-07,
                2.75060074273e-07,
                2.15302719653e-07,
                1.19443654967e-07,
                9.14976112654e-08,
                8.44443590609e-08,
                5.47087459779e-08,
                1.28952359901e-08,
                8.22049361915e-09
            ],
            "dvar2": [
                8.42947974888e-06,
                0.000140021729749,
                5.40440305485e-05,
                1.71997016878e-05,
                9.48102660914e-06,
                1.44040668602e-05,
                6.93691299603e-06,
                6.33809895589e-06,
                2.45268438448e-06,
                4.8274882829e-06,
                1.53338423843e-05,
                6.04256365477e-06,
                2.72036459137e-06,
                3.69779922949e-06,
                3.00823603538e-06,
                1.52738209636e-06,
                1.07019945972e-06,
                6.3087207991e-07,
                1.03556533304e-06,
                6.30262093182e-07,
                4.46104479579e-07,
                2.92470076602e-07,
                2.09524685602e-07,
                1.65686998344e-07,
                1.14304988585e-07,
                3.03279570346e-08,
                2.03246734998e-08
            ],
            "max": [
                0.0209853202105,
                0.109444364905,
                0.0730792582035,
                0.0358698368073,
                0.0285999011248,
                0.0224743690342,
                0.0274232048541,
                0.0196520853788,
                0.0227048397064,
                0.019031047821,
                0.0536241568625,
                0.0368014387786,
                0.0221683979034,
                0.0243391431868,
                0.0195119418204,
                0.0241243541241,
                0.0166245345026,
                0.00945127848536,
                0.0143000790849,
                0.00948821753263,
                0.00628013676032,
                0.00353469606489,
                0.00443918723613,
                0.00774410972372,
                0.00525078736246,
                0.00171432259958,
                0.00204983609729
            ],
            "mean": [
                0.00198881467804,
                0.00707883248106,
                0.00109919311944,
                0.000591801770497,
                0.00127171131317,
                0.00132922874764,
                0.00114000355825,
                0.00102749629878,
                0.000697534880601,
                0.000841822766233,
                0.00180848792661,
                0.00115811079741,
                0.000795968866441,
                0.00103370263241,
                0.000967649044469,
                0.000649947847705,
                0.000564481073525,
                0.000470222759759,
                0.000685992650688,
                0.000612298958004,
                0.000466889527161,
                0.000257428269833,
                0.000242825553869,
                0.000249810225796,
                0.00020687248616,
                8.63737077452e-05,
                2.78624047496e-05
            ],
            "median": [
                4.42271848442e-05,
                0.000892301322892,
                2.97262995446e-05,
                2.42335172516e-05,
                0.000288749171887,
                0.0001956911874,
                0.000367906526662,
                0.000389083113987,
                0.000217033724766,
                0.000274079182418,
                0.000611259834841,
                0.000301477790345,
                0.000252406403888,
                0.000347805267666,
                0.0002838743967,
                0.000256680476014,
                0.000237109299633,
                0.000218659930397,
                0.000356200180249,
                0.000335507036652,
                0.000212258571992,
                6.79885706631e-05,
                7.50337712816e-05,
                8.07356700534e-05,
                8.01380883786e-05,
                2.38715510932e-05,
                4.90948968945e-06
            ],
            "min": [
                4.52591826089e-24,
                9.40482653332e-24,
                3.10651097336e-24,
                1.00299769098e-24,
                1.79629765457e-23,
                1.17559759742e-23,
                6.14201421007e-24,
                4.65259946151e-24,
                2.47054448555e-23,
                2.28370104466e-23,
                1.69291695962e-23,
                1.9031572261e-23,
                4.73816964936e-23,
                3.6785028928e-23,
                7.60757135938e-23,
                7.5893076517e-23,
                9.83006515972e-23,
                1.26781609989e-22,
                1.01938953823e-22,
                1.66908338908e-22,
                1.84976219755e-22,
                3.85465761553e-22,
                4.93358911271e-22,
                5.69108945217e-22,
                9.6465172957e-22,
                1.49985404469e-21,
                1.84110472048e-21
            ],
            "var": [
                1.15241809908e-05,
                0.000128916552057,
                1.61129228218e-05,
                4.24206791649e-06,
                6.07821584708e-06,
                6.38890423943e-06,
                3.87350792153e-06,
                3.07387517751e-06,
                1.71798114934e-06,
                2.77373464996e-06,
                1.143128884e-05,
                6.31804005025e-06,
                2.58580098489e-06,
                3.51040216628e-06,
                3.01977411254e-06,
                1.25529948036e-06,
                8.49797856972e-07,
                4.63736398615e-07,
                9.54117581387e-07,
                6.65615857542e-07,
                4.36877513721e-07,
                1.99439554649e-07,
                1.69812551576e-07,
                2.14552017042e-07,
                1.18567136553e-07,
                2.29106742466e-08,
                1.02353903131e-08
            ]
        },
        "barkbands_crest": {
            "dmean": 3.00331616402,
            "dmean2": 4.77864646912,
            "dvar": 7.78289890289,
            "dvar2": 18.6012229919,
            "max": 26.5124855042,
            "mean": 10.3740310669,
            "median": 9.18849372864,
            "min": 2.06207895279,
            "var": 25.3302001953
        },
        "barkbands_flatness_db": {
            "dmean": 0.0283273402601,
            "dmean2": 0.0404798090458,
            "dvar": 0.000945616920944,
            "dvar2": 0.00183253036812,
            "max": 0.505111038685,
            "mean": 0.134670749307,
            "median": 0.119123935699,
            "min": 0.0147613380104,
            "var": 0.00584179535508
        },
        "barkbands_kurtosis": {
            "dmean": 3.68677186966,
            "dmean2": 5.95668029785,
            "dvar": 647.946472168,
            "dvar2": 1394.06872559,
            "max": 1098.6595459,
            "mean": 3.62648797035,
            "median": -0.0576488785446,
            "min": -1.92763185501,
            "var": 1004.78637695
        },
        "barkbands_skewness": {
            "dmean": 0.636823236942,
            "dmean2": 0.953306555748,
            "dvar": 0.934704303741,
            "dvar2": 2.0510187149,
            "max": 23.6893310547,
            "mean": 0.976132392883,
            "median": 0.728294909,
            "min": -6.30945205688,
            "var": 2.51094651222
        },
        "barkbands_spread": {
            "dmean": 7.81600904465,
            "dmean2": 11.9939527512,
            "dvar": 86.5795898438,
            "dvar2": 201.496810913,
            "max": 132.105682373,
            "mean": 30.254825592,
            "median": 29.076335907,
            "min": 0.166106492281,
            "var": 275.706787109
        },
        "dissonance": {
            "dmean": 0.0193600915372,
            "dmean2": 0.0322834886611,
            "dvar": 0.000470411847346,
            "dvar2": 0.00126187072601,
            "max": 0.500000119209,
            "mean": 0.469618499279,
            "median": 0.478832691908,
            "min": 0.230080902576,
            "var": 0.000891414529178
        },
        "dynamic_complexity": 2.97410583496,
        "erbbands": {
            "dmean": [
                0.170008897781,
                0.65273553133,
                1.30215704441,
                1.75584328175,
                2.11157774925,
                4.15688800812,
                6.01983165741,
                10.4552974701,
                8.44023799896,
                18.9241371155,
                16.0141658783,
                11.3002767563,
                17.4492492676,
                28.3909320831,
                44.5171470642,
                26.0270690918,
                22.1436080933,
                32.6548614502,
                26.2070560455,
                26.1392345428,
                20.454996109,
                17.6487884521,
                15.2073221207,
                21.9559707642,
                16.7758274078,
                16.0251483917,
                14.5793685913,
                8.73087978363,
                7.16885137558,
                4.63042497635,
                4.60464906693,
                3.46959805489,
                2.55658459663,
                1.49679362774,
                0.897721886635,
                0.349432349205,
                0.0848617628217,
                0.0156379267573,
                0.0034167075064,
                0.000231741549214
            ],
            "dmean2": [
                0.267883479595,
                1.05008614063,
                2.16721844673,
                3.03404116631,
                3.63802528381,
                6.68768215179,
                9.48896408081,
                17.9700241089,
                13.8187227249,
                31.1774806976,
                26.8669071198,
                18.7941856384,
                28.8397884369,
                44.351650238,
                69.6090621948,
                38.7589874268,
                33.8288230896,
                52.5891494751,
                40.3517875671,
                40.6734580994,
                31.537153244,
                26.8167800903,
                22.8569774628,
                33.9629707336,
                25.2310333252,
                24.2388572693,
                22.0471630096,
                13.0816707611,
                11.4574928284,
                6.90533685684,
                6.9695930481,
                5.14551687241,
                3.75580763817,
                2.16039419174,
                1.33220791817,
                0.527297198772,
                0.129023224115,
                0.0236991904676,
                0.00524997757748,
                0.000367884058505
            ],
            "dvar": [
                0.141605943441,
                2.31324720383,
                24.8464431763,
                35.2424659729,
                35.0779075623,
                78.2944107056,
                132.858917236,
                636.611999512,
                320.805450439,
                1067.60717773,
                896.010009766,
                493.999816895,
                1431.67700195,
                3884.93359375,
                9794.5390625,
                3783.46582031,
                2234.74609375,
                3516.64672852,
                2647.47290039,
                2139.65527344,
                1314.07043457,
                1138.62805176,
                658.19140625,
                1385.74035645,
                747.733154297,
                563.561767578,
                508.212158203,
                216.350082397,
                236.286178589,
                81.3413772583,
                87.4084625244,
                38.1637573242,
                26.4705600739,
                9.17172050476,
                2.56851911545,
                0.42683172226,
                0.030692525208,
                0.00134459743276,
                0.000264955859166,
                2.21851769311e-06
            ],
            "dvar2": [
                0.394067168236,
                6.27659130096,
                66.9056930542,
                97.3631668091,
                95.5262451172,
                190.573150635,
                314.053924561,
                1716.98596191,
                833.112487793,
                2729.34179688,
                2330.66210938,
                1186.98400879,
                3628.75585938,
                9060.48925781,
                24206.1601563,
                8513.95800781,
                4870.38134766,
                8737.44824219,
                6381.15527344,
                4940.71728516,
                3046.65771484,
                2527.88110352,
                1524.75744629,
                3279.59008789,
                1692.3782959,
                1260.42614746,
                1052.26269531,
                460.897796631,
                608.765197754,
                181.909500122,
                209.417709351,
                80.9514160156,
                52.22706604,
                18.7403945923,
                5.59996652603,
                0.980243384838,
                0.0752020403743,
                0.00303541263565,
                0.000645366322715,
                5.7305323935e-06
            ],
            "max": [
                5.59848403931,
                18.1402339935,
                75.6442260742,
                74.0506591797,
                71.9094161987,
                118.566772461,
                186.610580444,
                254.106033325,
                327.737487793,
                408.566864014,
                379.720001221,
                607.922912598,
                755.903137207,
                1341.296875,
                2523.47143555,
                1417.6315918,
                984.338867188,
                883.065917969,
                968.924194336,
                1041.74902344,
                691.873291016,
                1160.96972656,
                446.70199585,
                810.074279785,
                574.652099609,
                393.489044189,
                308.489349365,
                256.408111572,
                154.673583984,
                125.968940735,
                128.95703125,
                124.305473328,
                174.922058105,
                76.3823318481,
                29.3069210052,
                8.44212150574,
                2.94963145256,
                0.602791309357,
                0.336427897215,
                0.0362407304347
            ],
            "mean": [
                0.323646128178,
                1.12063002586,
                1.46391105652,
                1.69287538528,
                2.156291008,
                5.04185771942,
                8.39780521393,
                11.0304737091,
                12.3898172379,
                24.8499717712,
                18.9568004608,
                15.726401329,
                24.0123996735,
                44.8757591248,
                70.1292953491,
                46.8286170959,
                38.6818313599,
                57.0892944336,
                43.6054878235,
                45.3082618713,
                34.3070259094,
                29.080581665,
                25.3942470551,
                36.3234786987,
                30.5712280273,
                28.3739032745,
                24.4310455322,
                14.225607872,
                9.92739295959,
                7.52271366119,
                7.0374045372,
                5.45625686646,
                3.9362859726,
                2.44995927811,
                1.43036305904,
                0.515156447887,
                0.128589317203,
                0.0255746226758,
                0.00522718951106,
                0.000343612889992
            ],
            "median": [
                0.0288442000747,
                0.164714291692,
                0.119029328227,
                0.0971934422851,
                0.297340154648,
                1.04178094864,
                1.52095961571,
                1.80281674862,
                3.59742212296,
                11.9187412262,
                7.86516809464,
                5.62664318085,
                8.40915489197,
                14.424164772,
                25.6099243164,
                14.0977134705,
                14.7461929321,
                22.7035388947,
                20.205783844,
                19.4982643127,
                15.8738746643,
                13.7684001923,
                12.0301885605,
                18.8561859131,
                16.376739502,
                15.736700058,
                12.4760046005,
                5.99043893814,
                2.75744342804,
                1.97677350044,
                2.08060312271,
                1.78253567219,
                1.24581372738,
                0.914096772671,
                0.542631685734,
                0.157290577888,
                0.0330442339182,
                0.00661972444504,
                0.000963003374636,
                7.09247542545e-05
            ],
            "min": [
                3.19230879492e-22,
                2.10259820137e-21,
                4.08780945717e-21,
                5.03353175619e-21,
                1.53584256076e-20,
                4.92072104196e-20,
                5.74650384853e-20,
                8.84685497879e-20,
                1.18413683497e-19,
                8.06631055068e-20,
                1.56165004657e-19,
                4.87073723173e-19,
                1.23547572214e-18,
                8.36217405649e-19,
                1.37806552972e-18,
                1.16100248024e-18,
                2.59922668456e-18,
                2.84667259493e-18,
                4.35636282603e-18,
                3.80291364897e-18,
                4.67601560682e-18,
                6.6384246823e-18,
                7.28797239421e-18,
                5.69892700463e-18,
                5.99097056452e-18,
                9.84244178339e-18,
                1.01301533984e-17,
                8.23575511289e-18,
                1.14702637457e-17,
                1.55547972381e-17,
                1.4832016745e-17,
                1.26781740875e-17,
                1.05408221028e-17,
                9.40078937484e-18,
                7.54815461126e-18,
                4.27690178844e-18,
                2.82949598271e-18,
                1.02666938274e-18,
                2.66303456984e-19,
                3.01894815694e-20
            ],
            "var": [
                0.290403455496,
                4.20798254013,
                22.2067546844,
                27.0800514221,
                29.2203445435,
                110.408790588,
                266.027069092,
                533.429748535,
                491.417877197,
                1319.30285645,
                1047.57714844,
                899.44342041,
                2298.37939453,
                8273.09277344,
                18727.0859375,
                10803.0400391,
                5277.29589844,
                8973.94335938,
                4610.14746094,
                4972.72021484,
                2590.66088867,
                2182.53442383,
                1259.32946777,
                2907.87231445,
                1873.81848145,
                1429.79553223,
                1117.07312012,
                419.693084717,
                314.990875244,
                170.258300781,
                146.469284058,
                81.9477233887,
                68.5165252686,
                20.4742012024,
                5.14469003677,
                0.768528401852,
                0.0551306679845,
                0.00271187303588,
                0.000331907445798,
                2.26320162255e-06
            ]
        },
        "erbbands_crest": {
            "dmean": 3.24636983871,
            "dmean2": 5.19021940231,
            "dvar": 9.64280509949,
            "dvar2": 22.863494873,
            "max": 33.1401176453,
            "mean": 10.072722435,
            "median": 8.68793296814,
            "min": 2.18848395348,
            "var": 29.3346157074
        },
        "erbbands_flatness_db": {
            "dmean": 0.0244068950415,
            "dmean2": 0.0335216894746,
            "dvar": 0.00057903805282,
            "dvar2": 0.00107575324364,
            "max": 0.489412844181,
            "mean": 0.173651695251,
            "median": 0.157818645239,
            "min": 0.0377375558019,
            "var": 0.00546901253983
        },
        "erbbands_kurtosis": {
            "dmean": 1.39555299282,
            "dmean2": 2.17964076996,
            "dvar": 5.33024835587,
            "dvar2": 11.762295723,
            "max": 59.1599807739,
            "mean": 1.01898860931,
            "median": 0.0832516700029,
            "min": -1.90910613537,
            "var": 10.723107338
        },
        "erbbands_skewness": {
            "dmean": 0.465144783258,
            "dmean2": 0.699695467949,
            "dvar": 0.229120060802,
            "dvar2": 0.502047657967,
            "max": 6.31438350677,
            "mean": 0.203618943691,
            "median": 0.154185682535,
            "min": -4.37176990509,
            "var": 0.850491762161
        },
        "erbbands_spread": {
            "dmean": 9.91089725494,
            "dmean2": 14.9040136337,
            "dvar": 125.239860535,
            "dvar2": 299.699890137,
            "max": 236.169464111,
            "mean": 34.1786575317,
            "median": 31.0552177429,
            "min": 1.35312771797,
            "var": 362.245880127
        },
        "gfcc": {
            "cov": [
                [
                    15524.7832031,
                    970.360839844,
                    890.29083252,
                    1060.40795898,
                    230.808197021,
                    731.375854492,
                    208.243270874,
                    127.445037842,
                    44.8210830688,
                    56.5348892212,
                    -77.7780838013,
                    206.675765991,
                    -60.4636230469
                ],
                [
                    970.360839844,
                    1689.88720703,
                    962.062255859,
                    557.230163574,
                    384.145141602,
                    215.744689941,
                    233.584854126,
                    50.5439834595,
                    36.9442901611,
                    -7.53947305679,
                    12.6553316116,
                    -1.42916202545,
                    32.8755836487
                ],
                [
                    890.29083252,
                    962.062255859,
                    2062.27758789,
                    915.312316895,
                    388.24130249,
                    458.821899414,
                    146.337722778,
                    24.3761787415,
                    110.526130676,
                    -69.9977798462,
                    -100.349754333,
                    96.4866104126,
                    -24.6971206665
                ],
                [
                    1060.40795898,
                    557.230163574,
                    915.312316895,
                    834.04309082,
                    310.292266846,
                    292.36932373,
                    145.367095947,
                    132.951965332,
                    107.65511322,
                    -2.96708512306,
                    -36.6393928528,
                    55.1852493286,
                    -5.69259548187
                ],
                [
                    230.808197021,
                    384.145141602,
                    388.24130249,
                    310.292266846,
                    686.09576416,
                    432.915649414,
                    347.46383667,
                    195.034973145,
                    176.072158813,
                    89.2123947144,
                    68.5308380127,
                    32.7167892456,
                    -48.0712203979
                ],
                [
                    731.375854492,
                    215.744689941,
                    458.821899414,
                    292.36932373,
                    432.915649414,
                    782.838989258,
                    363.02911377,
                    194.104415894,
                    225.036209106,
                    121.028160095,
                    98.1072921753,
                    70.5397262573,
                    -68.5377960205
                ],
                [
                    208.243270874,
                    233.584854126,
                    146.337722778,
                    145.367095947,
                    347.46383667,
                    363.02911377,
                    449.613861084,
                    186.943328857,
                    141.273071289,
                    115.164710999,
                    100.726486206,
                    39.6017379761,
                    -11.9637966156
                ],
                [
                    127.445037842,
                    50.5439834595,
                    24.3761787415,
                    132.951965332,
                    195.034973145,
                    194.104415894,
                    186.943328857,
                    322.3125,
                    162.796020508,
                    126.416007996,
                    106.284057617,
                    37.500617981,
                    14.7135477066
                ],
                [
                    44.8210830688,
                    36.9442901611,
                    110.526130676,
                    107.65511322,
                    176.072158813,
                    225.036209106,
                    141.273071289,
                    162.796020508,
                    290.940734863,
                    129.500869751,
                    84.1272354126,
                    55.4681129456,
                    -25.6651420593
                ],
                [
                    56.5348892212,
                    -7.53947305679,
                    -69.9977798462,
                    -2.96708512306,
                    89.2123947144,
                    121.028160095,
                    115.164710999,
                    126.416007996,
                    129.500869751,
                    233.534011841,
                    138.294692993,
                    20.0075969696,
                    4.74958848953
                ],
                [
                    -77.7780838013,
                    12.6553316116,
                    -100.349754333,
                    -36.6393928528,
                    68.5308380127,
                    98.1072921753,
                    100.726486206,
                    106.284057617,
                    84.1272354126,
                    138.294692993,
                    194.606842041,
                    53.4182319641,
                    11.3055334091
                ],
                [
                    206.675765991,
                    -1.42916202545,
                    96.4866104126,
                    55.1852493286,
                    32.7167892456,
                    70.5397262573,
                    39.6017379761,
                    37.500617981,
                    55.4681129456,
                    20.0075969696,
                    53.4182319641,
                    130.586990356,
                    46.7476501465
                ],
                [
                    -60.4636230469,
                    32.8755836487,
                    -24.6971206665,
                    -5.69259548187,
                    -48.0712203979,
                    -68.5377960205,
                    -11.9637966156,
                    14.7135477066,
                    -25.6651420593,
                    4.74958848953,
                    11.3055334091,
                    46.7476501465,
                    143.739974976
                ]
            ],
            "icov": [
                [
                    7.99522313173e-05,
                    -5.393048923e-05,
                    5.89274532103e-05,
                    -0.000113918693387,
                    6.44065876259e-05,
                    -9.96382004814e-05,
                    3.003418351e-05,
                    -1.49545912791e-05,
                    0.000106062929262,
                    -0.000120685122965,
                    0.000158705355716,
                    -0.000221242356929,
                    0.000112036737846
                ],
                [
                    -5.393048923e-05,
                    0.00104795803782,
                    -0.000425239326432,
                    -0.000219922250835,
                    -0.000347384484485,
                    0.000322807842167,
                    -0.000430790096289,
                    0.000315651675919,
                    -6.60974546918e-05,
                    0.000366011983715,
                    -0.000806379131973,
                    0.000994149362668,
                    -0.000658358854707
                ],
                [
                    5.89274532103e-05,
                    -0.000425239326432,
                    0.00128648628015,
                    -0.00105911050923,
                    3.99684904551e-05,
                    -0.000519412802532,
                    0.000297186168609,
                    0.000403068086598,
                    2.77140043181e-06,
                    -0.000110260822112,
                    0.000699472962879,
                    -0.000912670220714,
                    0.000296266312944
                ],
                [
                    -0.000113918693387,
                    -0.000219922250835,
                    -0.00105911050923,
                    0.00300619052723,
                    -0.000457591784652,
                    4.56765665149e-05,
                    0.000196721201064,
                    -0.00112936471123,
                    -8.47086048452e-05,
                    6.34132375126e-05,
                    0.000688231608365,
                    -0.000185205732123,
                    -7.09328523953e-05
                ],
                [
                    6.44065876259e-05,
                    -0.000347384484485,
                    3.99684904551e-05,
                    -0.000457591784652,
                    0.00318316626363,
                    -0.000729929190129,
                    -0.00134527008049,
                    -0.000480197893921,
                    -0.000285858404823,
                    8.00442430773e-05,
                    0.000222562448471,
                    -2.68896637863e-05,
                    0.000686537183356
                ],
                [
                    -9.96382004814e-05,
                    0.000322807842167,
                    -0.000519412802532,
                    4.56765665149e-05,
                    -0.000729929190129,
                    0.0030270840507,
                    -0.00145592272747,
                    1.53953842528e-05,
                    -0.000796450302005,
                    5.03598748764e-05,
                    -0.000515398045536,
                    -0.000253177800914,
                    0.00085232622223
                ],
                [
                    3.003418351e-05,
                    -0.000430790096289,
                    0.000297186168609,
                    0.000196721201064,
                    -0.00134527008049,
                    -0.00145592272747,
                    0.00506753660738,
                    -0.001119213528,
                    0.000332053547027,
                    -0.000591890013311,
                    -0.000190961422049,
                    -0.000334986427333,
                    -0.000234936727793
                ],
                [
                    -1.49545912791e-05,
                    0.000315651675919,
                    0.000403068086598,
                    -0.00112936471123,
                    -0.000480197893921,
                    1.53953842528e-05,
                    -0.001119213528,
                    0.00610558083281,
                    -0.00203681224957,
                    -0.000406855455367,
                    -0.00165492063388,
                    0.00104023970198,
                    -0.00148372678086
                ],
                [
                    0.000106062929262,
                    -6.60974546918e-05,
                    2.77140043181e-06,
                    -8.47086048452e-05,
                    -0.000285858404823,
                    -0.000796450302005,
                    0.000332053547027,
                    -0.00203681224957,
                    0.00687897391617,
                    -0.00290823867545,
                    0.00123115954921,
                    -0.00283266953193,
                    0.00196639471687
                ],
                [
                    -0.000120685122965,
                    0.000366011983715,
                    -0.000110260822112,
                    6.34132375126e-05,
                    8.00442430773e-05,
                    5.03598748764e-05,
                    -0.000591890013311,
                    -0.000406855455367,
                    -0.00290823867545,
                    0.00972785614431,
                    -0.00611280882731,
                    0.00329520460218,
                    -0.00153934792615
                ],
                [
                    0.000158705355716,
                    -0.000806379131973,
                    0.000699472962879,
                    0.000688231608365,
                    0.000222562448471,
                    -0.000515398045536,
                    -0.000190961422049,
                    -0.00165492063388,
                    0.00123115954921,
                    -0.00611280882731,
                    0.0121408915147,
                    -0.00544392177835,
                    0.00161820766516
                ],
                [
                    -0.000221242356929,
                    0.000994149362668,
                    -0.000912670220714,
                    -0.000185205732123,
                    -2.68896637863e-05,
                    -0.000253177800914,
                    -0.000334986427333,
                    0.00104023970198,
                    -0.00283266953193,
                    0.00329520460218,
                    -0.00544392177835,
                    0.0135559802875,
                    -0.00534387631342
                ],
                [
                    0.000112036737846,
                    -0.000658358854707,
                    0.000296266312944,
                    -7.09328523953e-05,
                    0.000686537183356,
                    0.00085232622223,
                    -0.000234936727793,
                    -0.00148372678086,
                    0.00196639471687,
                    -0.00153934792615,
                    0.00161820766516,
                    -0.00534387631342,
                    0.00998378265649
                ]
            ],
            "mean": [
                -6.28245639801,
                29.9068431854,
                -138.320083618,
                12.1054792404,
                -58.6348953247,
                11.9325151443,
                -32.9277534485,
                15.6484928131,
                -22.7174720764,
                14.2458181381,
                -7.08661222458,
                2.67189979553,
                -4.65001726151
            ]
        },
        "hfc": {
            "dmean": 10.765914917,
            "dmean2": 15.0408878326,
            "dvar": 164.609817505,
            "dvar2": 318.850189209,
            "max": 158.711715698,
            "mean": 31.6910095215,
            "median": 25.9625968933,
            "min": 1.1180564912e-16,
            "var": 627.706420898
        },
        "melbands": {
            "dmean": [
                0.00114576064516,
                0.000699045893271,
                0.000311440817313,
                0.000213468127185,
                0.000204358089832,
                0.00022317172261,
                0.000140352029121,
                0.000207734483411,
                0.000128096027765,
                7.06004357198e-05,
                8.78400169313e-05,
                0.000108975080366,
                0.000154698864208,
                9.05420383788e-05,
                5.54920370632e-05,
                5.57694911549e-05,
                6.67910717311e-05,
                4.26859623985e-05,
                5.19333152624e-05,
                3.34907490469e-05,
                2.51945130003e-05,
                2.08236651815e-05,
                1.62970609381e-05,
                1.44234372783e-05,
                2.02813425858e-05,
                1.40825395647e-05,
                1.14361782835e-05,
