{
    "lowlevel": {
        "average_loudness": 0.896896600723,
        "barkbands": {
            "dmean": [
                0.000593655684497,
                0.0125924386084,
                0.0075289751403,
                0.00238486239687,
                0.00210895040073,
                0.00102271838114,
                0.000462804426206,
                0.000562588858884,
                0.000804776325822,
                0.000472963904031,
                0.000518117449246,
                0.000442202028353,
                0.000507677672431,
                0.000484957825392,
                0.000348339177435,
                0.000301442487398,
                0.0002781698131,
                0.000232736143516,
                0.000182591815246,
                0.000152323947987,
                0.000182434785529,
                0.000156468129717,
                0.000245084345806,
                0.00018965388881,
                0.000210565762245,
                6.86968851369e-05,
                1.40767233461e-05
            ],
            "dmean2": [
                0.000799736590125,
                0.0178721062839,
                0.0134293707088,
                0.00394181767479,
                0.00362434517592,
                0.00158636923879,
                0.000701542245224,
                0.000873766897712,
                0.00118571624625,
                0.000690966378897,
                0.000774383253884,
                0.000646573142149,
                0.000774281506892,
                0.000744303339161,
                0.000547821342479,
                0.00049224391114,
                0.000473099149531,
                0.000395280425437,
                0.000309304188704,
                0.000257308449363,
                0.000311260344461,
                0.000261626992142,
                0.000422380602686,
                0.000307643640554,
                0.000331727758748,
                0.000106664498162,
                2.1476926122e-05
            ],
            "dvar": [
                1.58515842941e-06,
                0.000800619192887,
                0.000458998809336,
                3.71424212062e-05,
                3.1018829759e-05,
                4.09688709624e-06,
                9.87604494185e-07,
                3.35088952852e-06,
                3.71633814211e-06,
                1.68423173363e-06,
                1.99823261937e-06,
                2.45405976784e-06,
                1.48220863139e-06,
                1.48395417909e-06,
                5.49214632883e-07,
                3.67310406091e-07,
                4.38193694663e-07,
                2.60624744897e-07,
                2.1166231079e-07,
                1.1658030985e-07,
                1.82061398846e-07,
                1.50287959855e-07,
                3.82215688433e-07,
                2.29650495953e-07,
                2.66596117626e-07,
                3.20845572332e-08,
                8.79213979399e-10
            ],
            "dvar2": [
                2.91654828288e-06,
                0.00160927558318,
                0.00127441820223,
                9.62784906733e-05,
                8.86675697984e-05,
                9.052929272e-06,
                2.16411581277e-06,
                8.10789333627e-06,
                8.28456541058e-06,
                3.40364840667e-06,
                4.15717477154e-06,
                5.46352384845e-06,
                3.20305912282e-06,
                3.11557505484e-06,
                1.21769710404e-06,
                9.08860897653e-07,
                1.1899362562e-06,
                7.14655413958e-07,
                5.81630786201e-07,
                3.16053274219e-07,
                5.05585319388e-07,
                4.05777711876e-07,
                1.07723667497e-06,
                5.9934490082e-07,
                6.21612059604e-07,
                7.4349330248e-08,
                1.95867699837e-09
            ],
            "max": [
                0.0162311065942,
                0.263901978731,
                0.155053406954,
                0.108175739646,
                0.113808654249,
                0.0297368355095,
                0.0211632009596,
                0.0711047574878,
                0.0261855535209,
                0.0266343746334,
                0.0261943712831,
                0.0739926174283,
                0.0251894202083,
                0.0321594253182,
                0.0137857571244,
                0.0090611577034,
                0.00843988824636,
                0.00660760467872,
                0.00996054336429,
                0.00558371189982,
                0.00447111995891,
                0.00516733713448,
                0.00554802129045,
                0.0140377935022,
                0.00971028767526,
                0.00372058176436,
                0.000309797673253
            ],
            "mean": [
                0.000859646592289,
                0.0171073488891,
                0.00709109287709,
                0.00301319966093,
                0.00300911115482,
                0.00181048747618,
                0.000828166899737,
                0.000849329459015,
                0.00142127252184,
                0.000824878341518,
                0.000864207395352,
                0.000689985405188,
                0.000754922046326,
                0.000714516732842,
                0.000527501688339,
                0.000400311197154,
                0.000338805111824,
                0.000303452456137,
                0.000236384337768,
                0.000205883639865,
                0.000217253880692,
                0.000176623434527,
                0.000277243350865,
                0.000273813959211,
                0.000310137082124,
                9.39723249758e-05,
                1.53080945893e-05
            ],
            "median": [
                0.000209619203815,
                0.00429959362373,
                0.00121953617781,
                0.00073943141615,
                0.00127033679746,
                0.000842247041874,
                0.000277472659945,
                0.000222706657951,
                0.000297526508803,
                0.000152261156472,
                0.00011260323663,
                0.000131487424369,
                0.000158349881531,
                0.0001438594918,
                0.000179787821253,
                0.000110784472781,
                8.90277442522e-05,
                0.000100470446341,
                8.24642847874e-05,
                8.14829472802e-05,
                7.10992680979e-05,
                3.49006586475e-05,
                7.39964089007e-05,
                9.17515062611e-05,
                8.77542624949e-05,
                2.19928297156e-05,
                2.04483967536e-06
            ],
            "min": [
                8.31475762967e-25,
                1.25399159651e-23,
                7.70560436625e-24,
                1.77643934346e-23,
                7.5715046388e-23,
                2.64127512691e-23,
                6.15398217663e-23,
                6.22227607401e-23,
                1.23072171442e-22,
                1.34989183904e-22,
                1.65776771582e-22,
                1.20608009788e-22,
                1.24079338559e-22,
                6.87274805726e-23,
                5.93390891674e-23,
                1.61433770444e-22,
                1.82521890463e-22,
                1.90995077e-22,
                2.51921152361e-22,
                2.62925320226e-22,
                5.26067835948e-22,
                4.51550797907e-22,
                4.9761300463e-22,
                1.05067134411e-21,
                1.22390994468e-21,
                1.53546208999e-21,
                2.68193138976e-21
            ],
            "var": [
                3.08468975163e-06,
                0.0012131879339,
                0.000329225236783,
                3.74878291041e-05,
                2.58800664596e-05,
                9.26741176954e-06,
                2.53097073255e-06,
                5.37508822163e-06,
                9.06121294975e-06,
                5.54061443836e-06,
                5.49463720745e-06,
                4.63720334665e-06,
                3.06935771732e-06,
                3.51143398802e-06,
                1.14699594178e-06,
                6.37348307464e-07,
                4.65602852273e-07,
                2.86036822672e-07,
                2.02591891707e-07,
                1.22468804875e-07,
                1.59608191552e-07,
                1.49757752865e-07,
                3.17325486776e-07,
                2.59053393847e-07,
                4.13028573121e-07,
                5.4617309786e-08,
                1.04272301904e-09
            ]
        },
        "barkbands_crest": {
            "dmean": 2.98355031013,
            "dmean2": 4.4807472229,
            "dvar": 8.9904088974,
            "dvar2": 19.5462779999,
            "max": 26.4561958313,
            "mean": 11.4410047531,
            "median": 10.0161657333,
            "min": 2.03327918053,
            "var": 29.836271286
        },
        "barkbands_flatness_db": {
            "dmean": 0.0358217097819,
            "dmean2": 0.0534868389368,
            "dvar": 0.00209155376069,
            "dvar2": 0.00462188431993,
            "max": 0.689156651497,
            "mean": 0.157351925969,
            "median": 0.140463858843,
            "min": 0.0233194213361,
            "var": 0.00725960917771
        },
        "barkbands_kurtosis": {
            "dmean": 15.2436819077,
            "dmean2": 24.4602432251,
            "dvar": 4030,
            "dvar2": 10525.4931641,
            "max": 1605.3815918,
            "mean": 17.4002170563,
            "median": 2.73638391495,
            "min": -1.94991087914,
            "var": 4601.18261719
        },
        "barkbands_skewness": {
            "dmean": 1.11427760124,
            "dmean2": 1.66634964943,
            "dvar": 3.26721000671,
            "dvar2": 7.15636205673,
            "max": 27.4880046844,
            "mean": 2.09538555145,
            "median": 1.55079698563,
            "min": -19.4691085815,
            "var": 8.69588851929
        },
        "barkbands_spread": {
            "dmean": 9.32720088959,
            "dmean2": 14.6752433777,
            "dvar": 171.906311035,
            "dvar2": 408.632904053,
            "max": 129.191009521,
            "mean": 24.0717010498,
            "median": 19.527589798,
            "min": 0.0590577162802,
            "var": 370.114501953
        },
        "dissonance": {
            "dmean": 0.0241048894823,
            "dmean2": 0.039100907743,
            "dvar": 0.00077716470696,
            "dvar2": 0.00187750754412,
            "max": 0.500000119209,
            "mean": 0.454871296883,
            "median": 0.468979030848,
            "min": 0.0973763465881,
            "var": 0.00187369296327
        },
        "dynamic_complexity": 3.58014798164,
        "erbbands": {
            "dmean": [
                0.403355062008,
                2.94108104706,
                8.90861606598,
                7.42897176743,
                7.46628808975,
                6.95542144775,
                7.79357481003,
                8.42479896545,
                6.2149772644,
                7.89080142975,
                15.7148714066,
                18.9789524078,
                11.1880788803,
                19.5583992004,
                19.2212238312,
                19.3655185699,
                21.0204334259,
                21.4082698822,
                20.7555770874,
                18.0977153778,
                14.4545993805,
                14.9473524094,
                12.055141449,
                10.9298200607,
                8.53684997559,
                7.03149175644,
                7.21053218842,
                6.87738800049,
                5.70746326447,
                8.26974582672,
                5.62456989288,
                4.1982626915,
                3.16383934021,
                2.57172822952,
                1.47606170177,
                0.446125864983,
                0.105872526765,
                0.0214088447392,
                0.00218784599565,
                0.000107430729258
            ],
            "dmean2": [
                0.595670044422,
                4.43492078781,
                15.4442567825,
                12.514957428,
                12.7263259888,
                11.7809677124,
                12.5452079773,
                13.003900528,
                9.70984745026,
                11.6150312424,
                23.7576503754,
                27.7170677185,
                16.7041873932,
                27.9724445343,
                27.873134613,
                28.5508518219,
                31.2010555267,
                33.0350532532,
                32.267375946,
                27.9793281555,
                23.4431343079,
                25.5360145569,
                20.3655166626,
                19.0145931244,
                14.3111085892,
                11.792345047,
                12.2695264816,
                11.7498435974,
                9.56122493744,
                14.5952692032,
                9.37604522705,
                6.95465421677,
                5.07624387741,
                3.97163319588,
                2.38056921959,
                0.702893197536,
                0.165202230215,
                0.0328476242721,
                0.00332878925838,
                0.000154321591253
            ],
            "dvar": [
                0.924634099007,
                50.7702484131,
                639.709960938,
                287.173187256,
                434.306488037,
                317.312774658,
                293.943450928,
                312.609405518,
                185.249694824,
                414.37612915,
                2308.72607422,
                2254.62329102,
                972.576171875,
                2693.09570312,
                2519.72314453,
                5093.60351562,
                2833.8034668,
                2347.93725586,
                2044.34301758,
                1714.46520996,
                886.278198242,
                1414.64501953,
                733.804077148,
                739.792419434,
                621.713012695,
                239.937210083,
                253.801300049,
                281.409576416,
                206.502426147,
                533.305297852,
                155.29510498,
                95.2421569824,
                71.7926483154,
                47.2356071472,
                14.6848869324,
                1.68185830116,
                0.0568398833275,
                0.00189526763279,
                2.03002236958e-05,
                5.31348156585e-08
            ],
            "dvar2": [
                2.10662078857,
                104.677528381,
                1711.48168945,
                736.824157715,
                1202.41906738,
                892.420288086,
                764.008544922,
                673.295349121,
                438.531890869,
                782.274841309,
                5624.24414062,
                4936.2265625,
                2199.69287109,
                5806.82666016,
                5498.86523438,
                11680.0458984,
                5864.08105469,
                5077.18505859,
                4549.59960938,
                3767.3737793,
                2173.71118164,
                3880.64233398,
                2001.19152832,
                2072.55908203,
                1709.32177734,
                643.996154785,
                703.554931641,
                779.431945801,
                558.456420898,
                1524.61572266,
                418.716766357,
                256.328887939,
                182.338638306,
                113.463821411,
                34.6522941589,
                3.94230532646,
                0.129766613245,
                0.00422994466498,
                4.54989385616e-05,
                1.16530358696e-07
            ],
            "max": [
                9.82069301605,
                58.9913368225,
                185.035202026,
                193.435623169,
                365.660461426,
                404.050537109,
                352.238891602,
                372.498077393,
                343.102966309,
                490.153808594,
                1697.11901855,
                758.202148438,
                786.751281738,
                1276.93395996,
                1096.15600586,
                3554.09130859,
                1243.09399414,
                1071.97314453,
                1259.93005371,
                914.026184082,
                576.164794922,
                469.238220215,
                374.31338501,
                417.990020752,
                648.421081543,
                234.229003906,
                161.586700439,
                212.925460815,
                195.792144775,
                191.407470703,
                165.904495239,
                198.446578979,
                291.988464355,
                148.627334595,
                61.4555130005,
                23.7389736176,
                5.21087694168,
                0.853199660778,
                0.0521947070956,
                0.00276125269011
            ],
            "mean": [
                0.526180922985,
                3.6476931572,
                8.54534721375,
                9.45785522461,
                9.62002182007,
                10.3116531372,
                12.5719614029,
                14.5080089569,
                11.0593700409,
                13.6921844482,
                25.2804641724,
                32.7863044739,
                20.8661155701,
                36.607131958,
                33.8419151306,
                30.7223339081,
                34.2260780334,
                35.3321342468,
                29.7133769989,
                28.60206604,
                21.4284267426,
                18.3296756744,
                16.5773792267,
                13.7425432205,
                11.4652929306,
                9.95586204529,
                9.20349597931,
                7.70517969131,
                6.36695957184,
                8.17921066284,
                7.25796556473,
                5.78586959839,
                4.57795000076,
                3.91714096069,
                1.90986251831,
                0.59680390358,
                0.140702351928,
                0.0258968602866,
                0.00250509916805,
                0.00015531713143
            ],
            "median": [
                0.127106174827,
                0.835677683353,
                1.58714544773,
                2.49322962761,
                2.92590475082,
                3.88250017166,
                6.50415086746,
                5.82119703293,
                4.95165491104,
                4.51898097992,
                7.86316871643,
                7.93529129028,
                6.89223098755,
                8.33955669403,
                7.87694692612,
                8.11765575409,
                8.1291885376,
                9.12700080872,
                9.95906257629,
                8.88083839417,
                6.21908807755,
                5.12392282486,
                5.75782108307,
                5.161652565,
                4.28970718384,
                4.12087583542,
                3.30906200409,
                2.11004114151,
                1.28780317307,
                1.62255001068,
                2.25963234901,
                1.90722262859,
                1.45813047886,
                1.13749408722,
                0.488353163004,
                0.137081354856,
                0.0330563038588,
                0.00472121825442,
                0.000393465656089,
                6.09369963058e-05
            ],
            "min": [
                1.59713334229e-22,
                3.18564601261e-21,
                1.02549110596e-20,
                2.60793584305e-20,
                2.16736610406e-19,
                2.27062887603e-19,
                2.21017955084e-19,
                1.7314178813e-19,
                6.89461864803e-19,
                9.07051724935e-19,
                1.9247218996e-18,
                3.44967940327e-18,
                3.44077707872e-18,
                3.90060243854e-18,
                6.87890221639e-18,
                5.98457852634e-18,
                6.01956247598e-18,
                2.87868262348e-18,
                5.03251556157e-18,
                3.15102129361e-18,
                9.74043387025e-18,
                1.10106185045e-17,
                1.1352938102e-17,
                1.29724741961e-17,
                1.17558197281e-17,
                1.32362728468e-17,
                1.68062189345e-17,
                2.08313343891e-17,
                1.57604988585e-17,
                1.44121183594e-17,
                1.48541901485e-17,
                1.94921074707e-17,
                1.84699537703e-17,
                1.12455278723e-17,
                1.03786765047e-17,
                5.83640359526e-18,
                2.76133960896e-18,
                1.46970566446e-18,
                3.20122154082e-19,
                4.25067437276e-20
            ],
            "var": [
                1.24710166454,
                64.6625289917,
                489.556488037,
                292.515136719,
                372.681243896,
                302.136077881,
                405.53704834,
                692.078857422,
                362.267059326,
                1115.39782715,
                3792.27368164,
                4951.98339844,
                2156.76391602,
                8709.11035156,
                6133.72265625,
                8219.03808594,
                6251.83251953,
                7071.99072266,
                3590.50634766,
                4041.13085938,
                1827.42944336,
                1364.86816406,
                841.944458008,
                629.793579102,
                556.050231934,
                273.570648193,
                246.90914917,
                240.082366943,
                201.553466797,
                385.913024902,
                169.742996216,
                104.737548828,
                81.9261627197,
                69.7873764038,
                21.4275722504,
                2.70779323578,
                0.0980439409614,
                0.00257223076187,
                2.51566998486e-05,
                7.12220682431e-08
            ]
        },
        "erbbands_crest": {
            "dmean": 3.11204051971,
            "dmean2": 4.93263912201,
            "dvar": 9.52792453766,
            "dvar2": 23.4195728302,
            "max": 32.2621231079,
            "mean": 9.86912441254,
            "median": 8.7283115387,
            "min": 2.4646282196,
            "var": 26.7627410889
        },
        "erbbands_flatness_db": {
            "dmean": 0.0236385092139,
            "dmean2": 0.0326390899718,
            "dvar": 0.000729369523469,
            "dvar2": 0.00135446491186,
            "max": 0.46848911047,
            "mean": 0.146912887692,
            "median": 0.136692047119,
            "min": 0.0391603969038,
            "var": 0.00349105102941
        },
        "erbbands_kurtosis": {
            "dmean": 2.07802605629,
            "dmean2": 3.27304911613,
            "dvar": 65.1345596313,
            "dvar2": 140.490249634,
            "max": 383.313323975,
            "mean": 1.99424898624,
            "median": 0.319359540939,
            "min": -1.9441934824,
            "var": 96.666885376
        },
        "erbbands_skewness": {
            "dmean": 0.553457736969,
            "dmean2": 0.84197807312,
            "dvar": 0.612506330013,
            "dvar2": 1.44255781174,
            "max": 14.5481138229,
            "mean": 0.471585094929,
            "median": 0.331973671913,
            "min": -5.37649345398,
            "var": 1.29138016701
        },
        "erbbands_spread": {
            "dmean": 13.4289417267,
            "dmean2": 19.8230609894,
            "dvar": 282.518737793,
            "dvar2": 593.180419922,
            "max": 200.134613037,
            "mean": 44.2366218567,
            "median": 37.5226478577,
            "min": 0.701470315456,
            "var": 827.186096191
        },
        "gfcc": {
            "cov": [
                [
                    24401.3652344,
                    300.6456604,
                    -597.873596191,
                    1513.31665039,
                    -428.308197021,
                    910.38092041,
                    -806.524719238,
                    301.648620605,
                    -675.608764648,
                    153.520294189,
                    -424.202148438,
                    93.8173980713,
                    -310.66897583
                ],
                [
                    300.6456604,
                    2429.76635742,
                    59.855922699,
                    1.01000165939,
                    149.134109497,
                    -236.218719482,
                    152.270858765,
                    -168.499710083,
                    -10.1930093765,
                    -176.9790802,
                    59.7373733521,
                    -254.60798645,
                    24.5373039246
                ],
                [
                    -597.873596191,
                    59.855922699,
                    1897.31518555,
                    576.303527832,
                    316.830535889,
                    158.821212769,
                    125.550552368,
                    42.6627922058,
                    92.929107666,
                    10.5374317169,
                    -107.345481873,
                    36.8509559631,
                    -95.0300750732
                ],
                [
                    1513.31665039,
                    1.01000165939,
                    576.303527832,
                    916.61315918,
                    298.335113525,
                    132.712921143,
                    12.6831827164,
                    51.4790153503,
                    76.8885879517,
                    -16.2265205383,
                    -70.7197265625,
                    34.1356811523,
                    -48.272857666
                ],
                [
                    -428.308197021,
                    149.134109497,
                    316.830535889,
                    298.335113525,
                    549.161193848,
                    160.325973511,
                    220.972640991,
                    23.1386642456,
                    89.3339157104,
                    26.0013523102,
                    -6.05334711075,
                    10.6035175323,
                    -9.68241024017
                ],
                [
                    910.38092041,
                    -236.218719482,
                    158.821212769,
                    132.712921143,
                    160.325973511,
                    403.169616699,
                    138.814987183,
                    98.687713623,
                    -12.0569095612,
                    71.4507217407,
                    15.4362573624,
                    28.8898868561,
                    -11.3319225311
                ],
                [
                    -806.524719238,
                    152.270858765,
                    125.550552368,
                    12.6831827164,
                    220.972640991,
                    138.814987183,
                    387.070709229,
                    19.3143348694,
                    36.4750480652,
                    20.0297622681,
                    56.5808029175,
                    5.51966285706,
                    -18.7978191376
                ],
                [
                    301.648620605,
                    -168.499710083,
                    42.6627922058,
                    51.4790153503,
                    23.1386642456,
                    98.687713623,
                    19.3143348694,
                    191.272827148,
                    61.3994483948,
                    44.5529251099,
                    6.81141233444,
                    36.8162078857,
                    27.3261241913
                ],
                [
                    -675.608764648,
                    -10.1930093765,
                    92.929107666,
                    76.8885879517,
                    89.3339157104,
                    -12.0569095612,
                    36.4750480652,
                    61.3994483948,
                    208.159896851,
                    42.4854812622,
                    7.56792068481,
                    25.4861469269,
                    31.5291824341
                ],
                [
                    153.520294189,
                    -176.9790802,
                    10.5374317169,
                    -16.2265205383,
                    26.0013523102,
                    71.4507217407,
                    20.0297622681,
                    44.5529251099,
                    42.4854812622,
                    140.898254395,
                    41.4112281799,
                    43.0220336914,
                    16.3424854279
                ],
                [
                    -424.202148438,
                    59.7373733521,
                    -107.345481873,
                    -70.7197265625,
                    -6.05334711075,
                    15.4362573624,
                    56.5808029175,
                    6.81141233444,
                    7.56792068481,
                    41.4112281799,
                    145.742630005,
                    22.8025188446,
                    41.6945571899
                ],
                [
                    93.8173980713,
                    -254.60798645,
                    36.8509559631,
                    34.1356811523,
                    10.6035175323,
                    28.8898868561,
                    5.51966285706,
                    36.8162078857,
                    25.4861469269,
                    43.0220336914,
                    22.8025188446,
                    141.614196777,
                    36.8440475464
                ],
                [
                    -310.66897583,
                    24.5373039246,
                    -95.0300750732,
                    -48.272857666,
                    -9.68241024017,
                    -11.3319225311,
                    -18.7978191376,
                    27.3261241913,
                    31.5291824341,
                    16.3424854279,
                    41.6945571899,
                    36.8440475464,
                    117.239517212
                ]
            ],
            "icov": [
                [
                    0.000109403154056,
                    -0.000156648005941,
                    0.000127401537611,
                    -0.000238719192566,
                    0.000165332108736,
                    -0.000325030181557,
                    0.00024043515441,
                    -0.000177311012521,
                    0.000348162022419,
                    -0.000340151571436,
                    0.000356005301001,
                    -0.000339958467521,
                    0.00032379271579
                ],
                [
                    -0.000156648005941,
                    0.000901513791177,
                    -0.000255953142187,
                    0.00027027213946,
                    -0.00041228873306,
                    0.000864779634867,
                    -0.000645567837637,
                    0.000476530491142,
                    -0.000458137335954,
                    0.000958748860285,
                    -0.000974087568466,
                    0.00170702883042,
                    -0.00106547272298
                ],
                [
                    0.000127401537611,
                    -0.000255953142187,
                    0.00087037391495,
                    -0.00060661288444,
                    0.00010765594925,
                    -0.00048945704475,
                    0.000159728122526,
                    -0.000195191547391,
                    0.000231386438827,
                    -0.00051952782087,
                    0.000840359774884,
                    -0.000720291864127,
                    0.000817267980892
                ],
                [
                    -0.000238719192566,
                    0.00027027213946,
                    -0.00060661288444,
                    0.00227490626276,
                    -0.00122041162103,
                    0.000282682245597,
                    0.000242048627115,
                    0.000156376700033,
                    -0.00116036436521,
                    0.00142030080315,
                    -0.000695220136549,
                    0.000124687270727,
                    6.8747426667e-06
                ],
                [
                    0.000165332108736,
                    -0.00041228873306,
                    0.00010765594925,
                    -0.00122041162103,
                    0.00363549776375,
                    -0.00123742001597,
                    -0.00123384408653,
                    0.00040940445615,
                    -0.000403029756853,
                    -0.00093525624834,
                    0.00125963392202,
                    -0.000493957486469,
                    -5.74384212086e-05
                ],
                [
                    -0.000325030181557,
                    0.000864779634867,
                    -0.00048945704475,
                    0.000282682245597,
                    -0.00123742001597,
                    0.00532928109169,
                    -0.00197194050997,
                    -0.00134951598011,
                    0.000807861390058,
                    -0.000576819176786,
                    -0.00112243997864,
                    0.00178813643288,
                    -0.0012109556701
                ],
                [
                    0.00024043515441,
                    -0.000645567837637,
                    0.000159728122526,
                    0.000242048627115,
                    -0.00123384408653,
                    -0.00197194050997,
                    0.00499054929242,
                    -0.000452646636404,
                    0.000106207531644,
                    5.48284733668e-05,
                    -0.00103752454743,
                    -0.0015000209678,
                    0.0024187148083
                ],
                [
                    -0.000177311012521,
                    0.000476530491142,
                    -0.000195191547391,
                    0.000156376700033,
                    0.00040940445615,
                    -0.00134951598011,
                    -0.000452646636404,
                    0.00771082984284,
                    -0.00271976110525,
                    8.0501245975e-05,
                    -0.000172752479557,
                    0.000238144086325,
                    -0.00192305189557
                ],
                [
                    0.000348162022419,
                    -0.000458137335954,
                    0.000231386438827,
                    -0.00116036436521,
                    -0.000403029756853,
                    0.000807861390058,
                    0.000106207531644,
                    -0.00271976110525,
                    0.00801849365234,
                    -0.00314693478867,
                    0.00157060450874,
                    -0.000854616577271,
                    -0.000583740475122
                ],
                [
                    -0.000340151571436,
                    0.000958748860285,
                    -0.00051952782087,
                    0.00142030080315,
                    -0.00093525624834,
                    -0.000576819176786,
                    5.48284733668e-05,
                    8.0501245975e-05,
                    -0.00314693478867,
                    0.0115822115913,
                    -0.00407125614583,
                    -0.000311158742988,
                    -0.000303804117721
                ],
                [
                    0.000356005301001,
                    -0.000974087568466,
                    0.000840359774884,
                    -0.000695220136549,
                    0.00125963392202,
                    -0.00112243997864,
                    -0.00103752454743,
                    -0.000172752479557,
                    0.00157060450874,
                    -0.00407125614583,
                    0.0110628996044,
                    -0.00220727291889,
                    -0.00168397533707
                ],
                [
                    -0.000339958467521,
                    0.00170702883042,
                    -0.000720291864127,
                    0.000124687270727,
                    -0.000493957486469,
                    0.00178813643288,
                    -0.0015000209678,
                    0.000238144086325,
                    -0.000854616577271,
                    -0.000311158742988,
                    -0.00220727291889,
                    0.0119999637827,
                    -0.0046675442718
                ],
                [
                    0.00032379271579,
                    -0.00106547272298,
                    0.000817267980892,
                    6.8747426667e-06,
                    -5.74384212086e-05,
                    -0.0012109556701,
                    0.0024187148083,
                    -0.00192305189557,
                    -0.000583740475122,
                    -0.000303804117721,
                    -0.00168397533707,
                    -0.0046675442718,
                    0.013255123049
                ]
            ],
            "mean": [
                -17.3251266479,
                68.7239761353,
                -93.5200271606,
                27.6673259735,
                -51.676651001,
                23.0334529877,
                -37.104259491,
                13.0573892593,
                -22.2191257477,
                4.26580715179,
                -11.7296571732,
                -1.08948266506,
                -7.3170132637
            ]
        },
        "hfc": {
            "dmean": 11.9250125885,
            "dmean2": 18.491689682,
            "dvar": 505.809814453,
            "dvar2": 1314.52685547,
            "max": 300.200531006,
            "mean": 26.4164981842,
            "median": 20.3505706787,
            "min": 1.2260497509e-16,
            "var": 716.628173828
        },
        "melbands": {
            "dmean": [
                0.00346984365024,
                0.00418670848012,
                0.00130651611835,
                0.000508505152538,
                0.000268587842584,
                0.000185823315405,
                9.5395858807e-05,
                8.67628477863e-05,
                0.000140012431075,
                0.000113715788757,
                5.62114073546e-05,
                8.10684432508e-05,
                7.55375731387e-05,
                5.31057121407e-05,
                4.97441724292e-05,
                4.49476028734e-05,
                4.22768571298e-05,
                3.89695742342e-05,
                2.41941415879e-05,
                2.38492521021e-05,
                1.69186805579e-05,
                1.56199857884e-05,
                1.44387477121e-05,
                1.10928149297e-05,
                9.12391806196e-06,
                6.51747950542e-06,
                5.79927564104e-06,
                4.55627969131e-06,
