{
    "lowlevel": {
        "average_loudness": 0.886657834053,
        "barkbands": {
            "dmean": [
                0.000403859216021,
                0.00551587576047,
                0.00400599744171,
                0.0015635403106,
                0.00100875040516,
                0.000583101529628,
                0.00139604648575,
                0.00064297451172,
                0.00104000396095,
                0.000451209256425,
                0.000613198440988,
                0.000325740926201,
                0.000337680132361,
                0.000661107013002,
                0.000375325878849,
                0.000299643783364,
                0.000327430578182,
                0.000214822895941,
                0.000188768826774,
                0.000287716218736,
                0.000336072960636,
                0.000237350672251,
                0.000217646549572,
                0.000144614605233,
                0.000216295971768,
                0.000237207888858,
                1.67036487255e-05
            ],
            "dmean2": [
                0.000674142735079,
                0.00664072297513,
                0.00691165775061,
                0.0027421740815,
                0.0017924887361,
                0.000972835696302,
                0.00225091842003,
                0.00103973119985,
                0.00159717933275,
                0.000767979072407,
                0.00100736261811,
                0.000546574417967,
                0.000527860771399,
                0.00109137967229,
                0.000600107305218,
                0.000477446854347,
                0.000524086994119,
                0.000352221686626,
                0.000288534502033,
                0.00045748098637,
                0.000496390392072,
                0.000375469709979,
                0.000337970646797,
                0.000220302288653,
                0.000344658881659,
                0.000384762883186,
                2.76359369309e-05
            ],
            "dvar": [
                2.72579268312e-06,
                0.000251131918048,
                0.000162529424415,
                3.9968843339e-05,
                8.46492093842e-06,
                1.82768008017e-06,
                7.59510839998e-06,
                2.21292748392e-06,
                4.77466983284e-06,
                2.06318713936e-06,
                2.67749010163e-06,
                9.09499533464e-07,
                6.48190450647e-07,
                4.45559226137e-06,
                1.28814610889e-06,
                1.08586698389e-06,
                1.08487370198e-06,
                5.11151199589e-07,
                3.00827394994e-07,
                1.14422391562e-06,
                8.94287495612e-07,
                5.70745328332e-07,
                3.23122662849e-07,
                1.28131802057e-07,
                1.70766597307e-07,
                1.74488221205e-07,
                1.42170519801e-09
            ],
            "dvar2": [
                7.57312409405e-06,
                0.000398542382754,
                0.000490881619044,
                0.000115035094495,
                2.43819104071e-05,
                4.68511143481e-06,
                1.83532592928e-05,
                5.14771545568e-06,
                1.08035728772e-05,
                5.58371584702e-06,
                6.65159814162e-06,
                2.36953906096e-06,
                1.51761844336e-06,
                1.17414865599e-05,
                3.1226406918e-06,
                2.6404604796e-06,
                2.72934653367e-06,
                1.30644536966e-06,
                6.3042051579e-07,
                2.86690192297e-06,
                2.01956595447e-06,
                1.42517581025e-06,
                7.20907848972e-07,
                2.31935118222e-07,
                3.52691898797e-07,
                3.84229394967e-07,
                3.37273697859e-09
            ],
            "max": [
                0.0479512400925,
                0.226212993264,
                0.174204990268,
                0.0833843126893,
                0.0391677059233,
                0.0260748378932,
                0.0403205752373,
                0.0281026866287,
                0.0492759384215,
                0.0229279287159,
                0.0271716117859,
                0.017058910802,
                0.0120331244543,
                0.0295520257205,
                0.016752647236,
                0.0130495876074,
                0.0119912736118,
                0.00845241267234,
                0.00761632248759,
                0.0149523690343,
                0.0131087871268,
                0.00942164938897,
                0.00657808035612,
                0.00425964873284,
                0.0041134567,
                0.00381743558683,
                0.000765284989029
            ],
            "mean": [
                0.000722969823983,
                0.0300364699215,
                0.00700373994187,
                0.00150355685037,
                0.00101239455398,
                0.000585013011005,
                0.00165440200362,
                0.000676695490256,
                0.001345103723,
                0.00040165061364,
                0.000601896084845,
                0.000329997506924,
                0.000395202136133,
                0.000620804959908,
                0.000409394851886,
                0.000314317934681,
                0.000338645360898,
                0.000229722514632,
                0.000229657525779,
                0.000293601624435,
                0.000358869554475,
                0.000242585520027,
                0.000240029243287,
                0.000199912363314,
                0.000250286830124,
                0.000247943069553,
                1.42772605614e-05
            ],
            "median": [
                4.31611915701e-05,
                0.00635267188773,
                0.00173994689249,
                0.000104532926343,
                0.000353985233232,
                0.000106658466393,
                0.000222191403736,
                9.70188120846e-05,
                0.000178241651156,
                3.51089474862e-05,
                4.32434462709e-05,
                3.62747887266e-05,
                4.80435410282e-05,
                5.65516966162e-05,
                5.73148208787e-05,
                4.65820703539e-05,
                6.04547567491e-05,
                4.64578115498e-05,
                5.04980416736e-05,
                4.64382828795e-05,
                3.83874430554e-05,
                4.14639907831e-05,
                4.37359412899e-05,
                4.16632465203e-05,
                4.49092985946e-05,
                4.58850663563e-05,
                8.81068331182e-07
            ],
            "min": [
                5.13771006682e-25,
                4.81500856695e-24,
                4.96363114479e-25,
                7.50820454649e-25,
                4.53677219808e-24,
                5.14861587162e-24,
                1.02326753111e-23,
                8.60010794618e-24,
                1.27564519727e-23,
                1.13147928912e-23,
                1.72841838248e-23,
                2.4271524026e-23,
                2.69698637731e-23,
                2.99020629132e-23,
                4.186146876e-23,
                6.82105557986e-23,
                8.04220784352e-23,
                1.06977389492e-22,
                1.50091856515e-22,
                1.74416199511e-22,
                1.68785360857e-22,
                2.99239654785e-22,
                4.13175277088e-22,
                5.77286845341e-22,
                8.49831447093e-22,
                1.35987826274e-21,
                1.70391047471e-21
            ],
            "var": [
                3.97018675358e-06,
                0.00178498681635,
                0.000147645041579,
                2.6822595828e-05,
                5.50166623725e-06,
                1.93673054127e-06,
                1.04790342448e-05,
                2.95245195048e-06,
                8.4107823568e-06,
                1.67847065313e-06,
                3.02966805066e-06,
                9.15187627015e-07,
                8.45458714593e-07,
                3.53611267201e-06,
                1.29153079342e-06,
                1.0106616628e-06,
                9.52861398673e-07,
                4.350293068e-07,
                3.64785393003e-07,
                1.02281774161e-06,
                9.9702310763e-07,
                5.49355888779e-07,
                3.80583969672e-07,
                2.1583504406e-07,
                2.68611842102e-07,
                2.17892264232e-07,
                1.50218404382e-09
            ]
        },
        "barkbands_crest": {
            "dmean": 2.74795246124,
            "dmean2": 4.2720079422,
            "dvar": 12.0182523727,
            "dvar2": 25.7910957336,
            "max": 26.647310257,
            "mean": 17.1739330292,
            "median": 18.7234420776,
            "min": 1.99842357635,
            "var": 43.2349777222
        },
        "barkbands_flatness_db": {
            "dmean": 0.0387988835573,
            "dmean2": 0.0526978261769,
            "dvar": 0.0027017230168,
            "dvar2": 0.00503454776481,
            "max": 0.677068650723,
            "mean": 0.20983286202,
            "median": 0.188205808401,
            "min": 0.0161009114236,
            "var": 0.0140194930136
        },
        "barkbands_kurtosis": {
            "dmean": 36.6273727417,
            "dmean2": 57.807800293,
            "dvar": 21905.8164062,
            "dvar2": 58858.3945312,
            "max": 4894.27685547,
            "mean": 52.8501853943,
            "median": 8.10848236084,
            "min": -1.9746068716,
            "var": 21853.703125
        },
        "barkbands_skewness": {
            "dmean": 1.64180111885,
            "dmean2": 2.40015482903,
            "dvar": 8.94434928894,
            "dvar2": 20.3076171875,
            "max": 59.3363418579,
            "mean": 3.92419528961,
            "median": 2.68217658997,
            "min": -6.84132385254,
            "var": 20.5103473663
        },
        "barkbands_spread": {
            "dmean": 8.99452972412,
            "dmean2": 13.839758873,
            "dvar": 167.818069458,
            "dvar2": 390.699737549,
            "max": 157.622467041,
            "mean": 21.0413284302,
            "median": 15.5259952545,
            "min": 0.0576498806477,
            "var": 391.213897705
        },
        "dissonance": {
            "dmean": 0.0246841106564,
            "dmean2": 0.0402332879603,
            "dvar": 0.000712979410309,
            "dvar2": 0.00174705462996,
            "max": 0.500000059605,
            "mean": 0.453229665756,
            "median": 0.465727508068,
            "min": 0.190425544977,
            "var": 0.00210843747482
        },
        "dynamic_complexity": 3.77164053917,
        "erbbands": {
            "dmean": [
                0.1752833426,
                1.26589179039,
                3.79040050507,
                5.53266096115,
                3.68840050697,
                3.27819228172,
                4.16260623932,
                5.13184309006,
                14.8908872604,
                20.6619300842,
                14.9111833572,
                24.2824134827,
                14.2896175385,
                19.0199184418,
                21.3286819458,
                13.2730464935,
                15.0797681808,
                27.6675071716,
                28.8375759125,
                15.4026422501,
                17.8048362732,
                18.3239994049,
                12.7909479141,
                9.23886966705,
                10.6873121262,
                13.1549758911,
                11.253572464,
                14.2735280991,
                9.68439292908,
                6.04801654816,
                6.49484777451,
                3.35415196419,
                2.48253655434,
                2.12086176872,
                1.71580004692,
                1.31859707832,
                0.385107547045,
                0.0521089732647,
                0.00251622358337,
                9.18206351344e-05
            ],
            "dmean2": [
                0.197736024857,
                1.64396035671,
                6.40256166458,
                9.59028148651,
                6.78224897385,
                5.72393035889,
                7.20435190201,
                8.48085021973,
                24.2781925201,
                32.4849777222,
                24.0861682892,
                37.1875267029,
                22.4506855011,
                32.4316368103,
                34.6901245117,
                21.8138751984,
                23.4470310211,
                44.8654098511,
                47.4055404663,
                24.0245075226,
                27.9975910187,
                30.1212158203,
                21.0003795624,
                14.2323064804,
                16.1467475891,
                21.0142440796,
                17.1610355377,
                21.4077835083,
                14.9000062943,
                9.32034778595,
                10.1216039658,
                4.95689201355,
                3.91105175018,
                3.35030913353,
                2.72803044319,
                2.11021661758,
                0.64666312933,
                0.0831616893411,
                0.00432726414874,
                0.000156126523507
            ],
            "dvar": [
                0.284445166588,
                13.9986581802,
                142.393768311,
                387.311859131,
                200.08682251,
                71.9913024902,
                118.706069946,
                147.577468872,
                1026.87145996,
                1912.29382324,
                1033.30749512,
                2790.4465332,
                1248.3494873,
                3940.62036133,
                3089.17724609,
                1464.08911133,
                1355.78955078,
                5851.51025391,
                10004.8632812,
                2002.20483398,
                3598.13842773,
                3854.93237305,
                1996.58068848,
                690.677124023,
                1108.12695312,
                2310.45727539,
                1544.94934082,
                1675.40197754,
                812.361206055,
                263.337463379,
                279.430145264,
                75.7132339478,
                35.7477111816,
                26.758146286,
                8.79566955566,
                5.00314712524,
                0.506818056107,
                0.0118236681446,
                3.91887733713e-05,
                4.05342923671e-08
            ],
            "dvar2": [
                0.391237139702,
                25.5729846954,
                414.752044678,
                1123.47424316,
                583.570617676,
                205.167098999,
                321.542816162,
                364.855407715,
                2526.20629883,
                4360.66308594,
                2445.04589844,
                6327.81787109,
                2942.66845703,
                11009.6582031,
                7409.97851562,
                3755.86547852,
                3128.77783203,
                14921.328125,
                26452.4609375,
                4488.93994141,
                8692.68652344,
                9996.94238281,
                5201.34179688,
                1484.72229004,
                2392.3737793,
                5843.4375,
                3555.28613281,
                4019.49487305,
                1989.34777832,
                589.338867188,
                640.151245117,
                148.135009766,
                71.9926376343,
                56.6420555115,
                18.8258361816,
                11.3384180069,
                1.1171476841,
                0.022707676515,
                0.000103082653368,
                1.06365831698e-07
            ],
            "max": [
                8.54038238525,
                50.4959144592,
                178.824020386,
                237.585830688,
                194.239425659,
                137.749710083,
                180.572021484,
                330.751403809,
                571.090270996,
                600.218811035,
                700.864257812,
                1099.72253418,
                787.646484375,
                849.694458008,
                1003.26800537,
                504.731719971,
                586.679992676,
                791.993530273,
                1266.89758301,
                692.223999023,
                680.25177002,
                671.029663086,
                524.678405762,
                350.14541626,
                473.702697754,
                624.208862305,
                589.303894043,
                521.913208008,
                341.835632324,
                208.704269409,
                196.787994385,
                110.023651123,
                67.5822219849,
                57.5559692383,
                34.4118118286,
                22.1280155182,
                6.48031997681,
                1.32814860344,
                0.137390360236,
                0.00316888815723
            ],
            "mean": [
                0.98414927721,
                6.31782722473,
                7.92511940002,
                8.09883594513,
                3.25552392006,
                3.53669095039,
                3.88191699982,
                5.37157583237,
                16.9925117493,
                25.1042690277,
                17.0625114441,
                30.9873886108,
                17.1520881653,
                17.8767318726,
                21.9233188629,
                14.0093336105,
                18.0578193665,
                28.1327629089,
                28.5396881104,
                17.4814109802,
                19.2697048187,
                18.7759094238,
                13.4872703552,
                11.2599487305,
                12.4870996475,
                13.2880630493,
                12.4880857468,
                14.5729541779,
                10.0105791092,
                6.81647586823,
                7.09008836746,
                4.41999340057,
                3.22997832298,
                2.51054406166,
                1.95048284531,
                1.43679225445,
                0.368118226528,
                0.0514250397682,
                0.0020687954966,
                0.000123619131045
            ],
            "median": [
                0.193787544966,
                1.4700037241,
                4.03244400024,
                1.1798838377,
                0.894313216209,
                1.32209050655,
                0.776168823242,
                1.22568035126,
                2.97949695587,
                4.42887067795,
                4.17531967163,
                4.48447990417,
                2.0550160408,
                1.99211657047,
                1.96509408951,
                1.87994134426,
                2.31331038475,
                2.83220028877,
                3.36118841171,
                3.05320096016,
                3.08227777481,
                3.60048365593,
                2.80208516121,
                2.4502453804,
                2.60795497894,
                2.15558862686,
                1.75107324123,
                1.35628938675,
                1.74058032036,
                1.44293129444,
                1.27885377407,
                0.891464412212,
                0.651880204678,
                0.417590081692,
                0.437902778387,
                0.306846499443,
                0.0425097122788,
                0.00503097474575,
                0.000172937347088,
                6.06567700743e-05
            ],
            "min": [
                8.02683136676e-23,
                4.58765303227e-22,
                1.8582553896e-21,
                4.2786838069e-21,
                1.34983993325e-20,
                1.3740332698e-20,
                3.43168575632e-20,
                9.18333912728e-20,
                8.14238014776e-20,
                2.08214646768e-19,
                2.79864281795e-19,
                3.67474573536e-19,
                5.18892259411e-19,
                7.16316128293e-19,
                1.07951360938e-18,
                1.31115292542e-18,
                1.641480472e-18,
                2.35646923391e-18,
                2.16884109633e-18,
                2.54078658108e-18,
                4.29082406533e-18,
                5.01720692998e-18,
                6.00585692041e-18,
                6.4632046675e-18,
                7.65958576594e-18,
                9.11793910028e-18,
                8.4960630614e-18,
                9.7901374989e-18,
                1.04744673284e-17,
                8.45949919678e-18,
                1.08120860585e-17,
                1.22518509901e-17,
                8.72647670257e-18,
                8.0822221194e-18,
                6.65400090683e-18,
                3.90047836145e-18,
                2.45650101257e-18,
                9.59722243644e-19,
                2.15407770601e-19,
                2.73788543261e-20
            ],
            "var": [
                2.50068497658,
                75.7311782837,
                134.909820557,
                325.801849365,
                114.220481873,
                54.42993927,
                94.7363967896,
                174.237976074,
                1275.66674805,
                3059.23266602,
                1428.91357422,
                4951.2890625,
                1742.70715332,
                2953.30151367,
                3851.95263672,
                1468.30493164,
                1766.53601074,
                5289.30078125,
                8208.0625,
                2179.08032227,
                3409.84765625,
                3149.17651367,
                1615.2064209,
                826.663757324,
                1274.26806641,
                2038.83642578,
                1645.52880859,
                1709.72424316,
                804.008605957,
                310.340789795,
                320.211517334,
                113.723228455,
                55.7998504639,
                36.5000534058,
                13.7668943405,
                6.25681877136,
                0.622441351414,
                0.0174381155521,
                3.4703170968e-05,
                3.73123647535e-08
            ]
        },
        "erbbands_crest": {
            "dmean": 3.27971243858,
            "dmean2": 5.26849222183,
            "dvar": 10.6050367355,
            "dvar2": 25.0017967224,
            "max": 30.950176239,
            "mean": 10.2189483643,
            "median": 8.91835021973,
            "min": 2.35952162743,
            "var": 27.6283245087
        },
        "erbbands_flatness_db": {
            "dmean": 0.0252912789583,
            "dmean2": 0.0363437831402,
            "dvar": 0.000922996900044,
            "dvar2": 0.00181100226473,
            "max": 0.554204523563,
            "mean": 0.149004667997,
            "median": 0.132923677564,
            "min": 0.019754929468,
            "var": 0.005087479949
        },
        "erbbands_kurtosis": {
            "dmean": 4.09682416916,
            "dmean2": 6.69029760361,
            "dvar": 346.267913818,
            "dvar2": 772.913818359,
            "max": 351.429229736,
            "mean": 5.75954961777,
            "median": 0.129122018814,
            "min": -1.9528208971,
            "var": 758.750488281
        },
        "erbbands_skewness": {
            "dmean": 0.630991697311,
            "dmean2": 0.954717934132,
            "dvar": 0.814562320709,
            "dvar2": 1.73692321777,
            "max": 14.528840065,
            "mean": 0.664201080799,
            "median": 0.364702999592,
            "min": -4.92252111435,
            "var": 2.93797540665
        },
        "erbbands_spread": {
            "dmean": 16.9007892609,
            "dmean2": 25.7046661377,
            "dvar": 473.595397949,
            "dvar2": 1003.2543335,
            "max": 226.923049927,
            "mean": 53.1250762939,
            "median": 44.2849655151,
            "min": 0.61460930109,
            "var": 1289.47167969
        },
        "gfcc": {
            "cov": [
                [
                    26142.9960938,
                    2035.97302246,
                    -2267.27392578,
                    -316.955596924,
                    -856.745544434,
                    358.965209961,
                    -642.499816895,
                    870.71887207,
                    -456.169799805,
                    700.972961426,
                    -412.000091553,
                    514.455383301,
                    -175.824356079
                ],
                [
                    2035.97302246,
                    3744.30834961,
                    704.556335449,
                    -174.317260742,
                    426.173950195,
                    -254.848342896,
                    139.057556152,
                    -46.4445800781,
                    35.7064781189,
                    -122.136756897,
                    27.6974754333,
                    -177.721054077,
                    44.8749885559
                ],
                [
                    -2267.27392578,
                    704.556335449,
                    2230.62988281,
                    428.78338623,
                    179.904418945,
                    -44.4724121094,
                    73.7241973877,
                    -199.167007446,
                    55.5315666199,
                    -106.758232117,
                    18.5420417786,
                    -35.9785232544,
                    -2.41099762917
                ],
                [
                    -316.955596924,
                    -174.317260742,
                    428.78338623,
                    673.663085938,
                    110.833198547,
                    50.6879768372,
                    -8.50113964081,
                    -19.8063411713,
                    38.1735229492,
                    -28.2267665863,
                    53.6730957031,
                    -36.6409568787,
                    41.3441886902
                ],
                [
                    -856.745544434,
                    426.173950195,
                    179.904418945,
                    110.833198547,
                    511.341033936,
                    103.668243408,
                    178.849441528,
                    2.90686321259,
                    61.5998725891,
                    -7.11370563507,
                    26.7309207916,
                    -12.4769010544,
                    33.3894042969
                ],
                [
                    358.965209961,
                    -254.848342896,
                    -44.4724121094,
                    50.6879768372,
                    103.668243408,
                    411.067504883,
                    153.924423218,
                    39.3821258545,
                    -2.59209513664,
                    9.59846687317,
                    0.67010384798,
                    11.0632562637,
                    5.72698307037
                ],
                [
                    -642.499816895,
                    139.057556152,
                    73.7241973877,
                    -8.50113964081,
                    178.849441528,
                    153.924423218,
                    311.409790039,
                    43.2109375,
                    21.6469688416,
                    -6.667324543,
                    25.9846191406,
                    2.21232438087,
                    37.4943466187
                ],
                [
                    870.71887207,
                    -46.4445800781,
                    -199.167007446,
                    -19.8063411713,
                    2.90686321259,
                    39.3821258545,
                    43.2109375,
                    291.971893311,
                    116.612686157,
                    136.874679565,
                    55.0608596802,
                    49.8115653992,
                    39.7126541138
                ],
                [
                    -456.169799805,
                    35.7064781189,
                    55.5315666199,
                    38.1735229492,
                    61.5998725891,
                    -2.59209513664,
                    21.6469688416,
                    116.612686157,
                    245.783966064,
                    102.635643005,
                    87.1911468506,
                    18.880569458,
                    47.5218658447
                ],
                [
                    700.972961426,
                    -122.136756897,
                    -106.758232117,
                    -28.2267665863,
                    -7.11370563507,
                    9.59846687317,
                    -6.667324543,
                    136.874679565,
                    102.635643005,
                    245.61529541,
                    74.1385116577,
                    94.2122879028,
                    39.0954933167
                ],
                [
                    -412.000091553,
                    27.6974754333,
                    18.5420417786,
                    53.6730957031,
                    26.7309207916,
                    0.67010384798,
                    25.9846191406,
                    55.0608596802,
                    87.1911468506,
                    74.1385116577,
                    217.98425293,
                    65.6635284424,
                    97.7101669312
                ],
                [
                    514.455383301,
                    -177.721054077,
                    -35.9785232544,
                    -36.6409568787,
                    -12.4769010544,
                    11.0632562637,
                    2.21232438087,
                    49.8115653992,
                    18.880569458,
                    94.2122879028,
                    65.6635284424,
                    208.587982178,
                    57.5592651367
                ],
                [
                    -175.824356079,
                    44.8749885559,
                    -2.41099762917,
                    41.3441886902,
                    33.3894042969,
                    5.72698307037,
                    37.4943466187,
                    39.7126541138,
                    47.5218658447,
                    39.0954933167,
                    97.7101669312,
                    57.5592651367,
                    158.911834717
                ]
            ],
            "icov": [
                [
                    0.000121230084915,
                    -0.000199509304366,
                    0.000124678510474,
                    -0.000186195029528,
                    0.00024948376813,
                    -0.000316371006193,
                    0.000291886244668,
                    -0.000322624051478,
                    0.00033035146771,
                    -0.000311615440296,
                    0.000348278728779,
                    -0.000407205632655,
                    0.000122764278785
                ],
                [
                    -0.000199509304366,
                    0.000720860203728,
                    -0.000349499838194,
                    0.000573980156332,
                    -0.000781647686381,
                    0.000823943468276,
                    -0.000503383518662,
                    0.000367973349057,
                    -0.000421972596087,
                    0.000610638584476,
                    -0.000702616176568,
                    0.00106664025225,
                    -0.000395957118599
                ],
                [
                    0.000124678510474,
                    -0.000349499838194,
                    0.000769756035879,
                    -0.000657475960907,
                    0.000349002337316,
                    -0.000263435184024,
                    3.58380275429e-05,
                    0.000211203994695,
                    -4.38043462054e-05,
                    -0.000262562243734,
                    0.000437398412032,
                    -0.000719459552784,
                    0.000363651226507
                ],
                [
                    -0.000186195029528,
                    0.000573980156332,
                    -0.000657475960907,
                    0.00238101510331,
                    -0.00100869266316,
                    0.000262956949882,
                    0.00022428201919,
                    0.000176541318069,
                    -0.000385526247555,
                    0.00075053650653,
                    -0.00105804856867,
                    0.00138777785469,
                    -0.000813576043583
                ],
                [
                    0.00024948376813,
                    -0.000781647686381,
                    0.000349002337316,
                    -0.00100869266316,
                    0.00354461488314,
                    -0.00106029550079,
                    -0.000864161236677,
                    -9.27190048969e-05,
                    -0.000141458498547,
                    -0.000743757584132,
                    0.00100115966052,
                    -0.00115115148947,
                    0.000311655021505
                ],
                [
                    -0.000316371006193,
                    0.000823943468276,
                    -0.000263435184024,
                    0.000262956949882,
                    -0.00106029550079,
                    0.0042192004621,
                    -0.00238445377909,
                    0.000554528960492,
                    -0.000507055374328,
                    0.00071094580926,
                    -0.000817337480839,
                    0.00109194288962,
                    -7.66073208069e-05
                ],
                [
                    0.000291886244668,
                    -0.000503383518662,
                    3.58380275429e-05,
                    0.00022428201919,
                    -0.000864161236677,
                    -0.00238445377909,
                    0.00591570930555,
                    -0.00174682354555,
                    0.00110559642781,
                    -7.2558010288e-05,
                    0.000492636463605,
                    -0.000719991745427,
                    -0.000639336416498
                ],
                [
                    -0.000322624051478,
                    0.000367973349057,
                    0.000211203994695,
                    0.000176541318069,
                    -9.27190048969e-05,
                    0.000554528960492,
                    -0.00174682354555,
                    0.00662908982486,
                    -0.0028688532766,
                    -0.00140286702663,
                    -0.000571475480683,
                    0.000782148621511,
                    -0.000477449037135
                ],
                [
                    0.00033035146771,
                    -0.000421972596087,
                    -4.38043462054e-05,
                    -0.000385526247555,
                    -0.000141458498547,
                    -0.000507055374328,
                    0.00110559642781,
                    -0.0028688532766,
                    0.00741638289765,
                    -0.00249402644113,
                    -0.000718966068234,
                    0.000160086419783,
                    -0.000131787208375
                ],
                [
                    -0.000311615440296,
                    0.000610638584476,
                    -0.000262562243734,
                    0.00075053650653,
                    -0.000743757584132,
                    0.00071094580926,
                    -7.2558010288e-05,
                    -0.00140286702663,
                    -0.00249402644113,
                    0.00799977779388,
                    -0.00177290569991,
                    -0.00122631364502,
                    9.38943849178e-05
                ],
                [
                    0.000348278728779,
                    -0.000702616176568,
                    0.000437398412032,
                    -0.00105804856867,
                    0.00100115966052,
                    -0.000817337480839,
                    0.000492636463605,
                    -0.000571475480683,
                    -0.000718966068234,
                    -0.00177290569991,
                    0.00845262315124,
                    -0.00230033765547,
                    -0.00300154648721
                ],
                [
                    -0.000407205632655,
                    0.00106664025225,
                    -0.000719459552784,
                    0.00138777785469,
                    -0.00115115148947,
                    0.00109194288962,
                    -0.000719991745427,
                    0.000782148621511,
                    0.000160086419783,
                    -0.00122631364502,
                    -0.00230033765547,
                    0.00842785462737,
                    -0.00233119935729
                ],
                [
                    0.000122764278785,
                    -0.000395957118599,
                    0.000363651226507,
                    -0.000813576043583,
                    0.000311655021505,
                    -7.66073208069e-05,
                    -0.000639336416498,
                    -0.000477449037135,
                    -0.000131787208375,
                    9.38943849178e-05,
                    -0.00300154648721,
                    -0.00233119935729,
                    0.00967132300138
                ]
            ],
            "mean": [
                -44.3967514038,
                57.295173645,
                -75.301574707,
                38.4700622559,
                -43.1455688477,
                27.387928009,
                -28.8338298798,
                22.0782566071,
                -15.3121852875,
                14.6985216141,
                -19.9746170044,
                -0.00641525955871,
                -18.2114124298
            ]
        },
        "hfc": {
            "dmean": 17.5965709686,
            "dmean2": 25.9579429626,
            "dvar": 1666.14306641,
            "dvar2": 3627.01391602,
            "max": 408.854675293,
            "mean": 25.9780693054,
            "median": 13.5339336395,
            "min": 1.06493448904e-16,
            "var": 2132.06738281
        },
        "melbands": {
            "dmean": [
                0.00156423531007,
                0.00168842507992,
                0.000895062403288,
                0.000241578745772,
                0.000141486088978,
                0.000115560142149,
                0.000248302210821,
                0.000204294701689,
                0.000134982183226,
                0.000152256965521,
                7.23435587133e-05,
                7.62143463362e-05,
                8.39907079353e-05,
                3.97630683437e-05,
                2.93236043944e-05,
                3.96825416829e-05,
                5.51943303435e-05,
                5.28498640051e-05,
                2.52383870247e-05,
                1.6674388462e-05,
                2.37445274252e-05,
                2.10135149246e-05,
                1.44067089423e-05,
                9.32243892748e-06,
                7.44462931834e-06,
                7.4932759162e-06,
                9.69014126895e-06,
