{
    "lowlevel": {
        "average_loudness": 0.631805241108,
        "barkbands": {
            "dmean": [
                0.00016157241771,
                0.0036610129755,
                0.00119204912335,
                0.000675938208587,
                0.00152859371156,
                0.000838182633743,
                0.00106548820622,
                0.000722648343071,
                0.00117704225704,
                0.000952125468757,
                0.000929122674279,
                0.000514345359989,
                0.000341534265317,
                0.000486638600705,
                0.000272052915534,
                0.000189081576536,
                0.000195558342966,
                0.00014395659673,
                0.000138034127303,
                0.000113688176498,
                7.9543395259e-05,
                5.98378173891e-05,
                6.61815938656e-05,
                7.06409846316e-05,
                5.06710130139e-05,
                2.65037724603e-05,
                6.57415375827e-06
            ],
            "dmean2": [
                0.000253803853411,
                0.00557341519743,
                0.00217878096737,
                0.00122627639212,
                0.00252239010297,
                0.00133307592478,
                0.00170286709908,
                0.00114618835505,
                0.00186422944535,
                0.00143584469333,
                0.00140413583722,
                0.000767094665207,
                0.000527202908415,
                0.000769050326198,
                0.00043996272143,
                0.000302805477986,
                0.000325463071931,
                0.000237788408413,
                0.00022899718897,
                0.000182139061508,
                0.000126861224999,
                9.91362467175e-05,
                0.000109792068542,
                0.000112376132165,
                7.8185556049e-05,
                4.18016788899e-05,
                1.10969058369e-05
            ],
            "dvar": [
                1.34706340305e-07,
                7.15597707313e-05,
                2.30272107729e-05,
                4.45332489107e-06,
                1.29054160425e-05,
                2.37300992012e-06,
                4.19356274506e-06,
                1.96639302885e-06,
                5.93957611272e-06,
                5.45206285096e-06,
                6.3670995587e-06,
                2.82097084892e-06,
                1.06347340534e-06,
                1.17339413919e-06,
                4.90410059228e-07,
                2.48458349006e-07,
                1.8935098467e-07,
                8.66384297638e-08,
                6.53387388638e-08,
                3.39016921203e-08,
                1.74204846104e-08,
                1.26448078674e-08,
                2.06305976747e-08,
                2.04281622729e-08,
                1.23741381586e-08,
                3.28162674812e-09,
                3.15551224039e-10
            ],
            "dvar2": [
                3.45872933849e-07,
                0.000155550267664,
                6.62158054183e-05,
                1.29477448354e-05,
                3.16538389598e-05,
                5.56459326617e-06,
                1.00577590274e-05,
                4.72904230264e-06,
                1.43939278132e-05,
                1.20662298286e-05,
                1.39806415973e-05,
                5.41461486137e-06,
                2.10467533179e-06,
                2.72030979431e-06,
                1.09892380351e-06,
                5.62913612612e-07,
                4.94569064813e-07,
                2.11692110952e-07,
                1.70824861812e-07,
                8.40199945173e-08,
                4.06696472055e-08,
                3.20451505331e-08,
                5.34306430211e-08,
                4.58884201748e-08,
                2.55765240098e-08,
                8.38842240114e-09,
                9.50408529654e-10
            ],
            "max": [
                0.00961762666702,
                0.099693402648,
                0.0479041412473,
                0.0224621407688,
                0.0585261657834,
                0.0400572344661,
                0.0314407981932,
                0.033514443785,
                0.0450562983751,
                0.0607979483902,
                0.0831128954887,
                0.0523180440068,
                0.0242984499782,
                0.024538256228,
                0.0149544617161,
                0.0143967866898,
                0.00916865281761,
                0.0072313095443,
                0.00646051578224,
                0.00261093629524,
                0.00295047136024,
                0.00205111643299,
                0.00392489274964,
                0.00401563150808,
                0.00443479977548,
                0.00112237781286,
                0.000378860073397
            ],
            "mean": [
                0.000414471374825,
                0.00880844518542,
                0.00120497995522,
                0.000761453178711,
                0.00204304978251,
                0.00166474224534,
                0.00188512075692,
                0.00134114816319,
                0.00195053278003,
                0.00199734652415,
                0.00262300181203,
                0.001206788118,
                0.000578991428483,
                0.000862781365868,
                0.000453782005934,
                0.000328806840116,
                0.00037624349352,
                0.000277286046185,
                0.000281631306279,
                0.000247298070462,
                0.000182201794814,
                0.000126530401758,
                0.000130659871502,
                0.000157911694259,
                0.000114377406135,
                5.57397288503e-05,
                9.42657970882e-06
            ],
            "median": [
                1.35894424602e-05,
                0.000694054062478,
                0.000271673954558,
                0.000317369238473,
                0.00107372668572,
                0.000840648019221,
                0.000752622960135,
                0.000515581457876,
                0.000737515860237,
                0.00049524824135,
                0.000276952865534,
                0.000213915569475,
                0.000147300583194,
                0.000238537293626,
                0.00017369442503,
                0.000115495815407,
                0.000138504168717,
                0.000131203429191,
                0.000149358325871,
                0.000135884329211,
                0.000114348236821,
                6.64161125314e-05,
                5.96506506554e-05,
                8.1886551925e-05,
                5.74592922931e-05,
                2.13714320125e-05,
                2.23071992878e-06
            ],
            "min": [
                6.0474293931e-25,
                2.78657009224e-24,
                4.24356916569e-24,
                5.37720882929e-24,
                9.47820795244e-23,
                1.11508644397e-22,
                5.01858351099e-23,
                2.80312508775e-23,
                2.18331612788e-23,
                5.94188146059e-23,
                6.52102653406e-23,
                8.64544220468e-23,
                1.06812586982e-22,
                1.61984395355e-22,
                1.14088105961e-22,
                9.16341458593e-23,
                2.04921614799e-22,
                4.18986013894e-22,
                2.24394374876e-22,
                2.47293883617e-22,
                3.75476157164e-22,
                5.45808240753e-22,
                7.18605634578e-22,
                8.01569063129e-22,
                1.34271032704e-21,
                1.6181513736e-21,
                2.51199767462e-21
            ],
            "var": [
                8.04345290817e-07,
                0.000269273790764,
                1.3936927644e-05,
                2.93011021313e-06,
                1.22376686704e-05,
                6.49704088573e-06,
                9.93488265522e-06,
                5.56369195692e-06,
                1.14387048598e-05,
                1.6699452317e-05,
                5.52538003831e-05,
                1.63923104992e-05,
                2.56561315837e-06,
                3.38466225003e-06,
                9.67706341726e-07,
                5.87596446167e-07,
                5.49191270238e-07,
                2.27341402592e-07,
                1.71849947606e-07,
                1.0348076529e-07,
                5.26467438533e-08,
                2.74849103477e-08,
                4.58070310572e-08,
                6.19947115865e-08,
                3.54675613323e-08,
                7.14412973224e-09,
                3.54039880746e-10
            ]
        },
        "barkbands_crest": {
            "dmean": 2.54712438583,
            "dmean2": 4.00771713257,
            "dvar": 6.37515926361,
            "dvar2": 14.6304931641,
            "max": 26.022190094,
            "mean": 11.3119297028,
            "median": 10.2682762146,
            "min": 2.59930634499,
            "var": 24.5541286469
        },
        "barkbands_flatness_db": {
            "dmean": 0.0189644787461,
            "dmean2": 0.0289843287319,
            "dvar": 0.000415579706896,
            "dvar2": 0.000898707425222,
            "max": 0.453926920891,
            "mean": 0.133784100413,
            "median": 0.120831355453,
            "min": 0.0201989151537,
            "var": 0.00416423380375
        },
        "barkbands_kurtosis": {
            "dmean": 2.697524786,
            "dmean2": 4.17282581329,
            "dvar": 33.0565910339,
            "dvar2": 68.6101608276,
            "max": 203.198410034,
            "mean": 4.89934015274,
            "median": 2.17944908142,
            "min": -1.89667987823,
            "var": 81.4781265259
        },
        "barkbands_skewness": {
            "dmean": 0.468108892441,
            "dmean2": 0.705105423927,
            "dvar": 0.2999958992,
            "dvar2": 0.62772923708,
            "max": 12.8793764114,
            "mean": 1.40576124191,
            "median": 1.24682784081,
            "min": -3.56962871552,
            "var": 1.82296943665
        },
        "barkbands_spread": {
            "dmean": 4.92030191422,
            "dmean2": 7.54632568359,
            "dvar": 44.0989952087,
            "dvar2": 93.3838195801,
            "max": 144.4559021,
            "mean": 21.2827033997,
            "median": 19.3814201355,
            "min": 0.698502063751,
            "var": 211.493438721
        },
        "dissonance": {
            "dmean": 0.0220419000834,
            "dmean2": 0.0371419265866,
            "dvar": 0.000513557810336,
            "dvar2": 0.00139310804661,
            "max": 0.500000119209,
            "mean": 0.456171989441,
            "median": 0.467436373234,
            "min": 0.19163005054,
            "var": 0.00161214824766
        },
        "dynamic_complexity": 4.4508433342,
        "erbbands": {
            "dmean": [
                0.130521684885,
                0.848312556744,
                1.39923787117,
                1.86248350143,
                3.81113243103,
                5.56080818176,
                5.50028705597,
                7.28816413879,
                13.9279518127,
                14.3495464325,
                20.2954444885,
                24.8844814301,
                25.8147296906,
                31.4614334106,
                27.7083301544,
                18.8721122742,
                15.4863796234,
                21.9763526917,
                15.2647132874,
                12.4631290436,
                8.94158840179,
                10.280005455,
                8.27861213684,
                7.32045841217,
                5.57069587708,
                4.92344331741,
                4.01836872101,
                2.63094830513,
                2.23844337463,
                2.07679891586,
                1.85317921638,
                1.53897511959,
                1.18998837471,
                0.675732731819,
                0.330190777779,
                0.136434048414,
                0.0464690290391,
                0.0114362165332,
                0.00104189687409,
                1.9017546947e-05
            ],
            "dmean2": [
                0.174286961555,
                1.32338023186,
                2.46880292892,
                3.38742136955,
                6.48538541794,
                9.16525936127,
                8.56339359283,
                11.771021843,
                22.6567077637,
                22.3726177216,
                31.54529953,
                39.6100769043,
                39.5919570923,
                46.7429008484,
                40.8183097839,
                28.1963062286,
                23.931760788,
                35.3136749268,
                23.7830123901,
                19.7411308289,
                14.146484375,
                17.0968513489,
                13.7030820847,
                11.9993906021,
                9.21918869019,
                7.98199653625,
                6.36615514755,
                4.25590229034,
                3.71249032021,
                3.47146677971,
                3.04784393311,
                2.47826361656,
                1.91382825375,
                1.06115424633,
                0.510363578796,
                0.213576242328,
                0.0741508156061,
                0.0186856351793,
                0.00176454288885,
                3.11551666528e-05
            ],
            "dvar": [
                0.0781227126718,
                4.26547050476,
                28.3108634949,
                39.8343544006,
                89.2302474976,
                171.002090454,
                89.2902145386,
                253.002990723,
                769.16192627,
                711.365844727,
                2086.23095703,
                2358.60620117,
                4338.37939453,
                6984.59179688,
                8350.08105469,
                3326.53198242,
                1758.77783203,
                2402.2265625,
                1256.7286377,
                955.734985352,
                426.251617432,
                526.255126953,
                325.608337402,
                196.140640259,
                89.6683273315,
                71.1477966309,
                49.6008300781,
                19.3715248108,
                17.9530315399,
                18.1049747467,
                16.062297821,
                9.0561580658,
                6.38172388077,
                2.38759207726,
                0.496798455715,
                0.0788414701819,
                0.0111092738807,
                0.000862138811499,
                8.06011394161e-06,
                1.82610515598e-09
            ],
            "dvar2": [
                0.136903986335,
                10.2287817001,
                78.6080856323,
                115.665779114,
                231.514099121,
                415.727966309,
                214.017364502,
                596.719055176,
                1858.54101562,
                1665.16821289,
                4783.07958984,
                5910.26025391,
                10298.0410156,
                14449.5996094,
                17790.8125,
                7024.79638672,
                3507.55175781,
                6052.82714844,
                2715.21582031,
                2131.61987305,
                948.985534668,
                1367.34118652,
                783.119140625,
                498.955780029,
                239.100982666,
                174.095596313,
                115.827087402,
                47.0799789429,
                46.1775169373,
                46.9550895691,
                40.3990402222,
                21.1435890198,
                14.1578350067,
                4.95318317413,
                1.06262266636,
                0.1841776371,
                0.029533803463,
                0.002542643575,
                2.40306981141e-05,
                5.36566346909e-09
            ],
            "max": [
                4.1529583931,
                23.7543354034,
                56.9281425476,
                67.2774887085,
                127.980506897,
                221.352645874,
                240.954727173,
                492.508178711,
                557.147705078,
                540.868164062,
                935.099731445,
                807.150268555,
                1943.91845703,
                2668.4855957,
                4082.81225586,
                1995.91137695,
                960.775939941,
                1150.32885742,
                1031.50354004,
                599.13104248,
                647.088012695,
                623.221679688,
                519.286071777,
                390.273071289,
                160.029846191,
                176.260269165,
                180.862960815,
                98.6277770996,
                83.7338867188,
                103.671279907,
                119.014595032,
                71.2252120972,
                77.5367736816,
                58.0677223206,
                26.4805145264,
                7.66568088531,
                2.52141785622,
                0.512968182564,
                0.0658602491021,
                0.000930594513193
            ],
            "mean": [
                0.346415162086,
                1.59341287613,
                1.6117027998,
                2.09417033195,
                4.29315042496,
                7.51661586761,
                11.0530729294,
                13.9949703217,
                24.654258728,
                27.0168857574,
                37.4811820984,
                42.6046066284,
                56.4752616882,
                79.271156311,
                87.35572052,
                47.3498954773,
                31.5280246735,
                38.5259666443,
                31.3182754517,
                23.3478183746,
                18.238237381,
                20.8681221008,
                16.5875225067,
                15.4322128296,
                12.4824075699,
                10.8024921417,
                9.32540225983,
                6.00889348984,
                4.65479850769,
                4.09039354324,
                3.7189617157,
                3.33873510361,
                2.52043914795,
                1.47154200077,
                0.711313605309,
                0.292527973652,
                0.0919668748975,
                0.0206485297531,
                0.00143773644231,
                6.08566879237e-05
            ],
            "median": [
                0.0123626478016,
                0.178306460381,
                0.568095743656,
                0.894033551216,
                1.88568508625,
                3.6703414917,
                5.99278736115,
                6.99008274078,
                10.8840560913,
                11.1810741425,
                14.8687725067,
                17.1838626862,
                17.2201728821,
                17.5767059326,
                10.9281368256,
                10.2976732254,
                9.43083190918,
                13.1410169601,
                13.0349264145,
                10.1738834381,
                7.36290740967,
                8.51779747009,
                7.64612960815,
                7.98634243011,
                7.37208127975,
                6.26530408859,
                5.25924110413,
                3.84827947617,
                2.56183195114,
                1.83604574203,
                1.72696197033,
                1.69714927673,
                1.31432127953,
                0.740802168846,
                0.33172416687,
                0.115073800087,
                0.0344624854624,
                0.00712261255831,
                0.000326208129991,
                4.5878769015e-05
            ],
            "min": [
                8.3623364341e-23,
                6.38045593837e-22,
                4.3947597035e-21,
                8.89079410207e-21,
                6.91100225253e-20,
                4.58299159891e-19,
                4.07760233922e-19,
                1.28612947112e-18,
                6.13804358763e-19,
                9.79242775522e-19,
                6.74277465395e-19,
                5.25067007587e-19,
                1.46134907232e-18,
                2.79795000249e-18,
                2.40130924735e-18,
                3.67637238604e-18,
                4.82069032313e-18,
                7.34086314976e-18,
                7.30793722548e-18,
                5.01608858179e-18,
                6.50570934328e-18,
                1.20013897996e-17,
                1.82058713967e-17,
                1.8966093393e-17,
                1.11226510195e-17,
                1.14075518748e-17,
                1.13875829076e-17,
                1.59479892705e-17,
                1.69772186738e-17,
                2.72179859724e-17,
                2.03027643233e-17,
                1.56307175291e-17,
                1.52046698828e-17,
                1.56296421943e-17,
                8.74078196408e-18,
                6.00017377602e-18,
                2.94043124262e-18,
                1.46163548361e-18,
                3.49808477194e-19,
                3.35635642127e-20
            ],
            "var": [
                0.447329133749,
                9.83032226562,
                19.865896225,
                24.2795906067,
                73.7148132324,
                169.73147583,
                236.947662354,
                630.559631348,
                1679.36999512,
                1877.5012207,
                4943.453125,
                4677.62841797,
                12139.2050781,
                40780.1835938,
                90196.1796875,
                18971.8242188,
                5946.59863281,
                5053.88867188,
                4207.95166016,
                2093.26147461,
                1239.57800293,
                1640.84106445,
                897.532836914,
                557.166809082,
                259.415527344,
                192.742050171,
                165.277709961,
                50.2464561462,
                36.5557479858,
                37.4528541565,
                37.8009338379,
                27.5631542206,
                16.9474105835,
                6.43993377686,
                1.37604224682,
                0.206349238753,
                0.0205463021994,
                0.00119328033179,
                8.80915013113e-06,
                3.70821440221e-09
            ]
        },
        "erbbands_crest": {
            "dmean": 2.69845080376,
            "dmean2": 4.31821918488,
            "dvar": 6.54800033569,
            "dvar2": 16.3571815491,
            "max": 31.9372329712,
            "mean": 10.5146083832,
            "median": 9.23661613464,
            "min": 2.33707213402,
            "var": 29.2014064789
        },
        "erbbands_flatness_db": {
            "dmean": 0.015577393584,
            "dmean2": 0.0234301742166,
            "dvar": 0.000229538680287,
            "dvar2": 0.000490480102599,
            "max": 0.465093046427,
            "mean": 0.158290192485,
            "median": 0.144819483161,
            "min": 0.0468886643648,
            "var": 0.00395949045196
        },
        "erbbands_kurtosis": {
            "dmean": 1.25807523727,
            "dmean2": 1.9704734087,
            "dvar": 3.15631890297,
            "dvar2": 7.31674051285,
            "max": 51.7557563782,
            "mean": 1.90196037292,
            "median": 0.548863768578,
            "min": -1.89835965633,
            "var": 14.1843519211
        },
        "erbbands_skewness": {
            "dmean": 0.369025379419,
            "dmean2": 0.567837357521,
            "dvar": 0.118694983423,
            "dvar2": 0.2746720016,
            "max": 5.84895992279,
            "mean": 0.685914337635,
            "median": 0.669757425785,
            "min": -2.43407917023,
            "var": 0.77683442831
        },
        "erbbands_spread": {
            "dmean": 7.42925786972,
            "dmean2": 11.1682901382,
            "dvar": 95.0923995972,
            "dvar2": 189.449310303,
            "max": 151.291000366,
            "mean": 34.0232810974,
            "median": 31.2040863037,
            "min": 3.19395446777,
            "var": 441.115600586
        },
        "gfcc": {
            "cov": [
                [
                    22292.8945312,
                    202.310638428,
                    -350.986175537,
                    961.194824219,
                    257.744598389,
                    1298.73242188,
                    294.676422119,
                    915.411315918,
                    71.2776641846,
                    409.917663574,
                    -276.004241943,
                    -107.17275238,
                    -281.061798096
                ],
                [
                    202.310638428,
                    2187.99121094,
                    -29.4476261139,
                    -494.31463623,
                    26.1493854523,
                    -343.979034424,
                    -53.0611572266,
                    -290.994537354,
                    -73.593963623,
                    -237.878799438,
                    44.6487617493,
                    -208.255126953,
                    95.2662506104
                ],
                [
                    -350.986175537,
                    -29.4476261139,
                    846.155822754,
                    128.825866699,
                    -20.5624866486,
                    98.2646026611,
                    -80.7675170898,
                    2.86836123466,
                    32.2510147095,
                    4.80524969101,
                    -96.3632278442,
                    47.1777381897,
                    -60.4067001343
                ],
                [
                    961.194824219,
                    -494.31463623,
                    128.825866699,
                    587.616882324,
                    166.664093018,
                    181.540374756,
                    49.3107719421,
                    175.568649292,
                    126.035392761,
                    88.1211700439,
                    -41.5102310181,
                    77.6495056152,
                    -39.2322769165
                ],
                [
                    257.744598389,
                    26.1493854523,
                    -20.5624866486,
                    166.664093018,
                    364.588867188,
                    124.585960388,
                    158.126220703,
                    98.380027771,
                    133.118255615,
                    73.098274231,
                    20.5989933014,
                    54.8663673401,
                    1.22095489502
                ],
                [
                    1298.73242188,
                    -343.979034424,
                    98.2646026611,
                    181.540374756,
                    124.585960388,
                    379.513397217,
                    163.474227905,
                    156.530563354,
                    66.5928421021,
                    117.794914246,
                    -2.23649907112,
                    44.2886238098,
                    -50.7875328064
                ],
                [
                    294.676422119,
                    -53.0611572266,
                    -80.7675170898,
                    49.3107719421,
                    158.126220703,
                    163.474227905,
                    246.085464478,
                    103.101593018,
                    72.9346466064,
                    69.7569198608,
                    43.8621635437,
                    38.8549766541,
                    6.27124834061
                ],
                [
                    915.411315918,
                    -290.994537354,
                    2.86836123466,
                    175.568649292,
                    98.380027771,
                    156.530563354,
                    103.101593018,
                    262.736114502,
                    140.379974365,
                    107.210800171,
                    19.1098499298,
                    59.4225349426,
                    -5.63960647583
                ],
                [
                    71.2776641846,
                    -73.593963623,
                    32.2510147095,
                    126.035392761,
                    133.118255615,
                    66.5928421021,
                    72.9346466064,
                    140.379974365,
                    221.812652588,
                    100.895423889,
                    17.3624858856,
                    54.5151062012,
                    -3.46783685684
                ],
                [
                    409.917663574,
                    -237.878799438,
                    4.80524969101,
                    88.1211700439,
                    73.098274231,
                    117.794914246,
                    69.7569198608,
                    107.210800171,
                    100.895423889,
                    164.958969116,
                    44.5854034424,
                    48.5506591797,
                    -13.1932058334
                ],
                [
                    -276.004241943,
                    44.6487617493,
                    -96.3632278442,
                    -41.5102310181,
                    20.5989933014,
                    -2.23649907112,
                    43.8621635437,
                    19.1098499298,
                    17.3624858856,
                    44.5854034424,
                    125.544403076,
                    37.3424415588,
                    32.9384422302
                ],
                [
                    -107.17275238,
                    -208.255126953,
                    47.1777381897,
                    77.6495056152,
                    54.8663673401,
                    44.2886238098,
                    38.8549766541,
                    59.4225349426,
                    54.5151062012,
                    48.5506591797,
                    37.3424415588,
                    128.645874023,
                    23.0951328278
                ],
                [
                    -281.061798096,
                    95.2662506104,
                    -60.4067001343,
                    -39.2322769165,
                    1.22095489502,
                    -50.7875328064,
                    6.27124834061,
                    -5.63960647583,
                    -3.46783685684,
                    -13.1932058334,
                    32.9384422302,
                    23.0951328278,
                    92.2073745728
                ]
            ],
            "icov": [
                [
                    0.000109625514597,
                    -0.000239595116,
                    0.000208688012208,
                    -0.000161410585861,
                    0.000120913879073,
                    -0.000404220249038,
                    0.000242450361839,
                    -0.000482831266709,
                    0.000427543069236,
                    -0.000392455200199,
                    0.000491030979902,
                    -0.000254745944403,
                    0.000227797412663
                ],
                [
                    -0.000239595116,
                    0.00153403962031,
                    -0.000814665516373,
                    0.000872152100783,
                    -0.000915677577723,
                    0.00118283473421,
                    -0.000710175547283,
                    0.00155450880993,
                    -0.00169786741026,
                    0.00202651810832,
                    -0.00206347485073,
                    0.00232090451755,
                    -0.00128896220122
                ],
                [
                    0.000208688012208,
                    -0.000814665516373,
                    0.00210569426417,
                    -0.000522998336237,
                    0.000595087651163,
                    -0.00163886859082,
                    0.00135453534313,
                    -0.000640539219603,
                    0.000549110467546,
                    -0.000944218772929,
                    0.00227377400734,
                    -0.00215727603063,
                    0.00120653316844
                ],
                [
                    -0.000161410585861,
                    0.000872152100783,
                    -0.000522998336237,
                    0.00328005873598,
                    -0.00152486504521,
                    2.89705003524e-05,
                    0.000636263226625,
                    -0.000237912143348,
                    -0.00115424802061,
                    0.00113407755271,
                    -0.000156942376634,
                    0.000196536013391,
                    -0.000236102801864
                ],
                [
                    0.000120913879073,
                    -0.000915677577723,
                    0.000595087651163,
                    -0.00152486504521,
                    0.00548036070541,
                    -0.000828501302749,
                    -0.0022529726848,
                    0.000265215203399,
                    -0.00129329808988,
                    -0.000870214716997,
                    0.00125092524104,
                    -0.00175270519685,
                    0.00051521055866
                ],
                [
                    -0.000404220249038,
                    0.00118283473421,
                    -0.00163886859082,
                    2.89705003524e-05,
                    -0.000828501302749,
                    0.00786295905709,
                    -0.00441178446636,
                    -4.39552823082e-05,
                    0.000556090555619,
                    -0.000973690941464,
                    -0.00117255444638,
                    0.00144211668521,
                    0.00106296001468
                ],
                [
                    0.000242450361839,
                    -0.000710175547283,
                    0.00135453534313,
                    0.000636263226625,
                    -0.0022529726848,
                    -0.00441178446636,
                    0.00938048958778,
                    -0.0021379000973,
                    0.00055824656738,
                    -0.000402266159654,
                    -0.000144947509398,
                    -0.00119706487749,
                    -0.000223011928028
                ],
                [
                    -0.000482831266709,
                    0.00155450880993,
                    -0.000640539219603,
                    -0.000237912143348,
                    0.000265215203399,
                    -4.39552823082e-05,
                    -0.0021379000973,
                    0.0106927575544,
                    -0.00605040090159,
                    0.00125687231775,
                    -0.00250946125016,
                    0.00133457849734,
                    -0.00231255288236
                ],
                [
                    0.000427543069236,
                    -0.00169786741026,
                    0.000549110467546,
                    -0.00115424802061,
                    -0.00129329808988,
                    0.000556090555619,
                    0.00055824656738,
                    -0.00605040090159,
                    0.0119843110442,
                    -0.00628775497898,
                    0.00349532230757,
                    -0.00296978279948,
                    0.00188771716785
                ],
                [
                    -0.000392455200199,
                    0.00202651810832,
                    -0.000944218772929,
                    0.00113407755271,
                    -0.000870214716997,
                    -0.000973690941464,
                    -0.000402266159654,
                    0.00125687231775,
                    -0.00628775497898,
                    0.0149750635028,
                    -0.00687389494851,
                    0.00186218949966,
                    4.86569952045e-05
                ],
                [
                    0.000491030979902,
                    -0.00206347485073,
                    0.00227377400734,
                    -0.000156942376634,
                    0.00125092524104,
                    -0.00117255444638,
                    -0.000144947509398,
                    -0.00250946125016,
                    0.00349532230757,
                    -0.00687389494851,
                    0.0155671741813,
                    -0.0058782864362,
                    -0.000695220602211
                ],
                [
                    -0.000254745944403,
                    0.00232090451755,
                    -0.00215727603063,
                    0.000196536013391,
                    -0.00175270519685,
                    0.00144211668521,
                    -0.00119706487749,
                    0.00133457849734,
                    -0.00296978279948,
                    0.00186218949966,
                    -0.0058782864362,
                    0.0151582220569,
                    -0.00506555475295
                ],
                [
                    0.000227797412663,
                    -0.00128896220122,
                    0.00120653316844,
                    -0.000236102801864,
                    0.00051521055866,
                    0.00106296001468,
                    -0.000223011928028,
                    -0.00231255288236,
                    0.00188771716785,
                    4.86569952045e-05,
                    -0.000695220602211,
                    -0.00506555475295,
                    0.0156086180359
                ]
            ],
            "mean": [
                -14.3027582169,
                74.0764846802,
                -108.592399597,
                13.899353981,
                -64.4895782471,
                13.403216362,
                -36.045085907,
                14.2469205856,
                -24.4526443481,
                6.64956760406,
                -13.8556079865,
                1.95823681355,
                -8.17429351807
            ]
        },
        "hfc": {
            "dmean": 4.96818447113,
            "dmean2": 7.72662401199,
            "dvar": 47.2917556763,
            "dvar2": 119.924369812,
            "max": 128.471603394,
            "mean": 23.7458515167,
            "median": 19.4276542664,
            "min": 1.1791451691e-16,
            "var": 413.31652832
        },
        "melbands": {
            "dmean": [
                0.00108196958899,
                0.000813437800389,
                0.000349556270521,
                0.000376670388505,
                0.00018653619918,
                0.000168152735569,
                0.000212909668335,
                0.000154431341798,
                0.0001994848717,
                0.000150889944052,
                0.000133327732328,
                0.000129024774651,
                0.00010105320689,
                6.09092494415e-05,
                5.13786872034e-05,
                3.32258314302e-05,
                4.7911908041e-05,
                2.80513086182e-05,
                2.39962482738e-05,
                1.58336297318e-05,
                1.10663295345e-05,
                1.26069380713e-05,
                7.787020877e-06,
                7.00373038853e-06,
                6.59279658066e-06,
                4.90735010317e-06,
                4.01113493353e-06,
