{
    "lowlevel": {
        "average_loudness": 0.924211621284,
        "barkbands": {
            "dmean": [
                0.000123597754282,
                0.00652315281332,
                0.00270240195096,
                0.00148113188334,
                0.00217716302723,
                0.00131980574224,
                0.00102641992271,
                0.000815025938209,
                0.00150124495849,
                0.00116236554459,
                0.000647744978778,
                0.000926393317059,
                0.000670367502607,
                0.000649053894449,
                0.000511354766786,
                0.000274154241197,
                0.000260717904894,
                0.000166004421772,
                8.66904447321e-05,
                0.000130746542709,
                0.000204426949495,
                0.000236758001847,
                0.000148641018313,
                0.000111421039037,
                8.00056295702e-05,
                3.21877960232e-05,
                5.73453506902e-09
            ],
            "dmean2": [
                0.000197358327569,
                0.00949135422707,
                0.00447534304112,
                0.00263965199701,
                0.00366561743431,
                0.00213670148514,
                0.00176088849548,
                0.00128689454868,
                0.00238786265254,
                0.00188441597857,
                0.00104471179657,
                0.0014018996153,
                0.00104865711182,
                0.000999360578135,
                0.000814775528852,
                0.000440321571659,
                0.000398479314754,
                0.000254579965258,
                0.000131438311655,
                0.000193942920305,
                0.000314304459607,
                0.000336580938892,
                0.000206074517337,
                0.000159325325512,
                0.000117118164781,
                4.51279047411e-05,
                1.07355830892e-08
            ],
            "dvar": [
                5.65075737313e-08,
                0.000375390052795,
                9.54257702688e-05,
                2.56254625128e-05,
                3.52718088834e-05,
                6.33411491435e-06,
                6.23632058705e-06,
                4.26370024798e-06,
                1.14838612717e-05,
                8.63772493176e-06,
                3.4216207041e-06,
                4.54012433693e-06,
                3.20128378917e-06,
                2.19889830078e-06,
                1.7791829805e-06,
                5.37977484782e-07,
                5.90140132317e-07,
                1.25718173649e-07,
                4.56833753049e-08,
                1.27760458213e-07,
                3.45608157204e-07,
                8.30081603453e-07,
                2.61685386249e-07,
                1.27503014369e-07,
                6.97189292964e-08,
                1.047449949e-08,
                2.45143320452e-15
            ],
            "dvar2": [
                1.3545960087e-07,
                0.000840795575641,
                0.000248855474638,
                7.27017468307e-05,
                9.65416547842e-05,
                1.5929199435e-05,
                1.62482228916e-05,
                9.61552177614e-06,
                2.69545871561e-05,
                2.00719096028e-05,
                8.04048158898e-06,
                9.49965124164e-06,
                7.53784161134e-06,
                4.83743906443e-06,
                4.22768789576e-06,
                1.28257090637e-06,
                1.3933512264e-06,
                2.83581670146e-07,
                8.69315002205e-08,
                2.41166674186e-07,
                7.70293411279e-07,
                1.62977437412e-06,
                4.51727032669e-07,
                2.20995445943e-07,
                1.52839604084e-07,
                2.06181596241e-08,
                7.14852778209e-15
            ],
            "max": [
                0.00695861969143,
                0.176598638296,
                0.122188791633,
                0.057199805975,
                0.0685876905918,
                0.0313392356038,
                0.0304993670434,
                0.0382755212486,
                0.0484410151839,
                0.0593459680676,
                0.04770809412,
                0.0443108305335,
                0.0310998484492,
                0.0203327443451,
                0.0326196141541,
                0.0167887620628,
                0.0154763627797,
                0.00555061036721,
                0.00258623552509,
                0.00504034757614,
                0.00896533764899,
                0.0120591977611,
                0.00947451684624,
                0.00489826081321,
                0.0033681280911,
                0.00134184060153,
                1.94011158783e-06
            ],
            "mean": [
                0.000254889397183,
                0.00815164297819,
                0.00260715698823,
                0.00163184455596,
                0.00233016209677,
                0.0018284538528,
                0.00098623521626,
                0.00103909347672,
                0.00192305643577,
                0.0014985416783,
                0.00076124665793,
                0.001334232511,
                0.000846305978484,
                0.000844585127197,
                0.000569286581594,
                0.000330279173795,
                0.000411856017308,
                0.000240992478211,
                0.000120314376545,
                0.000182727701031,
                0.00027607526863,
                0.000256010651356,
                0.000187991958228,
                0.000152386041009,
                9.86100712908e-05,
                4.09379681514e-05,
                3.67277919189e-09
            ],
            "median": [
                2.09505851672e-05,
                0.00115258083679,
                0.000191017999896,
                9.77836971288e-05,
                0.000371800007997,
                0.000586480484344,
                0.000103596226836,
                0.000142066943226,
                0.00030882935971,
                0.000297102145851,
                9.42858896451e-05,
                0.00019657840312,
                0.00010133034084,
                8.65191686898e-05,
                8.14222730696e-05,
                4.31517873949e-05,
                5.54502039449e-05,
                3.76321295334e-05,
                2.16301159526e-05,
                3.15079232678e-05,
                3.73610382667e-05,
                6.53902679915e-06,
                7.57234602133e-06,
                1.57736358233e-05,
                9.48806336964e-06,
                2.0994298211e-06,
                3.394025061e-10
            ],
            "min": [
                1.26325960774e-23,
                2.14101866832e-23,
                1.77569970747e-23,
                5.94633884025e-23,
                1.03054321101e-22,
                4.62585289586e-23,
                4.48932473899e-23,
                5.92463317467e-23,
                7.17196741623e-23,
                4.6354072636e-23,
                5.19315874486e-23,
                1.27275373806e-22,
                2.01217792942e-22,
                9.74259626255e-23,
                1.29886844191e-22,
                8.23585047656e-23,
                1.59720680102e-22,
                1.06779076171e-22,
                1.79781741088e-22,
                1.916096312e-22,
                2.98058584859e-22,
                5.41408441629e-22,
                7.35228511573e-22,
                7.46040020673e-22,
                1.25309098242e-21,
                1.6354046325e-21,
                2.48662487868e-21
            ],
            "var": [
                1.58143322437e-07,
                0.000466260156827,
                7.37683731131e-05,
                1.78256796062e-05,
                2.70478649327e-05,
                8.9652448878e-06,
                5.93258482695e-06,
                7.79946549301e-06,
                1.81063478522e-05,
                1.44693813127e-05,
                5.06650121679e-06,
                1.02034928204e-05,
                5.15977399118e-06,
                4.00218914365e-06,
                2.14510282603e-06,
                7.88103022842e-07,
                1.4110620441e-06,
                2.5006420401e-07,
                7.7525243114e-08,
                2.05971559808e-07,
                4.83786891436e-07,
                1.105383717e-06,
                4.3754903345e-07,
                2.18582172806e-07,
                8.9699391026e-08,
                1.61498832085e-08,
                1.33395290748e-15
            ]
        },
        "barkbands_crest": {
            "dmean": 3.24703335762,
            "dmean2": 4.985039711,
            "dvar": 8.66037368774,
            "dvar2": 18.8892612457,
            "max": 26.9884185791,
            "mean": 11.9460000992,
            "median": 10.6362943649,
            "min": 2.24401021004,
            "var": 31.3645553589
        },
        "barkbands_flatness_db": {
            "dmean": 0.0349704660475,
            "dmean2": 0.0497955307364,
            "dvar": 0.00140459567774,
            "dvar2": 0.00271332543343,
            "max": 0.733148396015,
            "mean": 0.205808922648,
            "median": 0.189341828227,
            "min": 0.0372108221054,
            "var": 0.00896231643856
        },
        "barkbands_kurtosis": {
            "dmean": 20.4872875214,
            "dmean2": 30.5502185822,
            "dvar": 33918.640625,
            "dvar2": 79128.875,
            "max": 6997.56640625,
            "mean": 23.7373332977,
            "median": 1.54216229916,
            "min": -1.98210012913,
            "var": 52415.9140625
        },
        "barkbands_skewness": {
            "dmean": 0.951330304146,
            "dmean2": 1.37088441849,
            "dvar": 2.75941777229,
            "dvar2": 6.15326356888,
            "max": 48.4903831482,
            "mean": 1.31777155399,
            "median": 0.922635316849,
            "min": -22.5593452454,
            "var": 6.8488278389
        },
        "barkbands_spread": {
            "dmean": 5.95276498795,
            "dmean2": 8.7274312973,
            "dvar": 59.6866073608,
            "dvar2": 108.973350525,
            "max": 101.534240723,
            "mean": 17.7683467865,
            "median": 14.2637224197,
            "min": 0.00879123061895,
            "var": 212.640014648
        },
        "dissonance": {
            "dmean": 0.0352299772203,
            "dmean2": 0.0597410127521,
            "dvar": 0.00160146690905,
            "dvar2": 0.00447910046205,
            "max": 0.500000059605,
            "mean": 0.443912655115,
            "median": 0.45756778121,
            "min": 0.0642142742872,
            "var": 0.00253204279579
        },
        "dynamic_complexity": 5.70083713531,
        "erbbands": {
            "dmean": [
                0.120874769986,
                1.69369292259,
                3.11507344246,
                4.17042207718,
                5.35107183456,
                8.099152565,
                10.2994375229,
                10.3861055374,
                13.9215497971,
                13.2940177917,
                22.2005634308,
                32.6030807495,
                40.0284919739,
                31.2567691803,
                27.9944725037,
                38.7052001953,
                28.7163677216,
                31.8055858612,
                24.1122570038,
                22.085899353,
                15.4294023514,
                13.0256576538,
                8.52048492432,
                6.37383508682,
                4.56218099594,
                6.12189626694,
                8.03636646271,
                7.70025873184,
                9.02547550201,
                6.74031162262,
                4.11191225052,
                2.37286615372,
                1.96173286438,
                1.10049510002,
                0.474629551172,
                0.155894473195,
                0.0636694058776,
                0.00518296612427,
                0.000101698708022,
                1.94050226128e-05
            ],
            "dmean2": [
                0.171131283045,
                2.47695708275,
                4.88936567307,
                7.28997278214,
                9.20102596283,
                13.6032705307,
                16.6462612152,
                16.9813613892,
                23.7576332092,
                22.5546875,
                34.5418319702,
                52.3003883362,
                64.5730285645,
                50.4091529846,
                44.1360168457,
                58.4777107239,
                44.119468689,
                49.1786384583,
                36.7209129333,
                35.5068626404,
                24.3898639679,
                19.5383224487,
                12.8685083389,
                9.60720920563,
                6.81776428223,
                9.01375007629,
                12.2119054794,
                11.5625724792,
                12.9191989899,
                9.6438369751,
                5.83871555328,
                3.38959336281,
                2.83868432045,
                1.62215828896,
                0.701730310917,
                0.220550134778,
                0.0904121026397,
                0.00755632761866,
                0.000144995719893,
                2.6818130209e-05
            ],
            "dvar": [
                0.0927138775587,
                26.5537052155,
                110.082931519,
                206.407867432,
                276.81237793,
                501.152404785,
                568.842346191,
                430.179412842,
                1070.41918945,
                1050.54516602,
                2947.02832031,
                6354.54638672,
                10727.1025391,
                7051.36962891,
                4871.86572266,
                8560.59179688,
                6371.36181641,
                5415.75488281,
                3762.88891602,
                3524.88671875,
                2007.19824219,
                1463.97399902,
                321.340118408,
                210.126815796,
                169.283935547,
                275.915802002,
                445.580993652,
                602.605529785,
                1234.04199219,
                685.45690918,
                194.545166016,
                53.1521224976,
                45.0415802002,
                14.1270999908,
                2.30223631859,
                0.223007157445,
                0.0442841239274,
                0.000355135387508,
                1.17648852438e-07,
                1.09605358123e-09
            ],
            "dvar2": [
                0.179235994816,
                59.9566802979,
                256.378875732,
                573.925354004,
                776.976501465,
                1348.26599121,
                1404.47290039,
                1076.68444824,
                2745.47998047,
                2682.96704102,
                6580.52539063,
                15015.4501953,
                25448.3457031,
                16236.6054688,
                11949.0244141,
                18249.0234375,
                14592.9882813,
                11939.6191406,
                8292.6484375,
                8703.18554688,
                4820.36132813,
                3347.13745117,
                708.975708008,
                449.99697876,
                320.347320557,
                514.936950684,
                960.791931152,
                1305.63232422,
                2533.94360352,
                1338.52868652,
                351.702606201,
                96.0300140381,
                84.2886657715,
                30.1884403229,
                5.25783967972,
                0.458581060171,
                0.0864674597979,
                0.000732875079848,
                2.3607606181e-07,
                2.00222616265e-09
            ],
            "max": [
                4.26427459717,
                46.8596572876,
                130.876144409,
                179.960388184,
                182.851547241,
                283.348571777,
                384.45513916,
                307.724456787,
                454.492706299,
                512.42590332,
                1010.04779053,
                1375.55126953,
                2093.59082031,
                2065.421875,
                1843.25097656,
                2139.21948242,
                1582.99206543,
                1085.64099121,
                1731.54772949,
                1132.14099121,
                1070.95019531,
                1015.56030273,
                320.214324951,
                237.777069092,
                164.677001953,
                215.773986816,
                307.787139893,
                356.204650879,
                423.484588623,
                429.011169434,
                250.787353516,
                126.437240601,
                91.0273208618,
                51.0293960571,
                19.9688625336,
                6.09497070313,
                2.92245292664,
                0.290994405746,
                0.00507321860641,
                0.000351241527824
            ],
            "mean": [
                0.188527166843,
                1.95681321621,
                3.48400568962,
                4.59524965286,
                5.82080221176,
                8.01037788391,
                13.4639225006,
                13.6703672409,
                14.4028921127,
                13.5127506256,
                30.3343391418,
                42.763053894,
                53.1767158508,
                39.5574607849,
                38.3309898376,
                56.1122894287,
                40.188293457,
                44.2517814636,
                32.0202903748,
                25.708656311,
                20.4973831177,
                21.6300182343,
                14.1731090546,
                9.34278964996,
                6.38692188263,
                8.77016162872,
                11.3099889755,
                9.81936645508,
                9.45376491547,
                7.58862304688,
                5.17087268829,
                3.28621125221,
                2.50796747208,
                1.33875644207,
                0.581044852734,
                0.207251757383,
                0.0779671519995,
                0.00581054575741,
                0.000129462074256,
                4.16034818045e-05
            ],
            "median": [
                0.0243750158697,
                0.233492076397,
                0.41380956769,
                0.431835889816,
                0.864595830441,
                1.03669464588,
                2.90086197853,
                4.05957841873,
                2.40379953384,
                1.96607840061,
                6.05737543106,
                8.83100509644,
                10.9757642746,
                10.9044265747,
                9.10981655121,
                12.0488214493,
                7.34443712234,
                5.8184671402,
                5.14473819733,
                3.97649478912,
                2.94610452652,
                3.00181412697,
                2.73795366287,
                1.67575383186,
                1.18893873692,
                1.66432285309,
                1.76717841625,
                1.1651443243,
                0.352160722017,
                0.152017310262,
                0.23550349474,
                0.342097908258,
                0.225407645106,
                0.124849453568,
                0.0532394275069,
                0.0155025599524,
                0.00287829013541,
                0.000138641858939,
                2.1159696189e-05,
                2.83856570604e-05
            ],
            "min": [
                5.60608987896e-22,
                5.13370704422e-21,
                1.51138790299e-20,
                1.43128806224e-19,
                2.28905535815e-19,
                4.40919991824e-19,
                1.6963106559e-19,
                5.35125575535e-19,
                6.59744677514e-19,
                5.88187867661e-19,
                1.54664721331e-18,
                1.95577674133e-18,
                8.5290949682e-19,
                2.86805107786e-18,
                2.3584875546e-18,
                5.39906286564e-18,
                8.79807580203e-18,
                5.4413805986e-18,
                7.81027077659e-18,
                4.36784616089e-18,
                6.32994008056e-18,
                9.31364837885e-18,
                6.09202060251e-18,
                7.96640442593e-18,
                7.69325036251e-18,
                1.01750246379e-17,
                1.01797594197e-17,
                1.399964971e-17,
                1.86974697978e-17,
                1.91792694174e-17,
                2.12610365193e-17,
                1.40530723427e-17,
                1.41475462948e-17,
                1.40518084107e-17,
                8.80406789839e-18,
                6.15995281032e-18,
                3.04002833786e-18,
                1.24578280616e-18,
                2.77557688657e-19,
                3.94153435963e-20
            ],
            "var": [
                0.16594953835,
                31.5675411224,
                108.286903381,
                145.358413696,
                200.185470581,
                384.672088623,
                780.927307129,
                605.489074707,
                1088.07519531,
                1172.0958252,
                5616.34277344,
                9519.90820313,
                16776.5507813,
                10699.6386719,
                7711.69921875,
                17464.5195313,
                11157.6914063,
                10273.703125,
                5980.60498047,
                4115.56884766,
                3155.22924805,
                4041.1184082,
                843.554992676,
                399.38381958,
                263.388305664,
                452.512176514,
                685.032531738,
                825.938049316,
                1543.890625,
                938.011108398,
                316.214996338,
                95.1530227661,
                67.4580993652,
                18.187997818,
                2.91805315018,
                0.348551899195,
                0.0659542009234,
                0.000465425546281,
                1.64310023365e-07,
                2.36157959854e-09
            ]
        },
        "erbbands_crest": {
            "dmean": 4.18911647797,
            "dmean2": 6.62248802185,
            "dvar": 14.0900297165,
            "dvar2": 32.9653663635,
            "max": 35.0224571228,
            "mean": 13.2949132919,
            "median": 11.8999795914,
            "min": 2.59298634529,
            "var": 44.7897415161
        },
        "erbbands_flatness_db": {
            "dmean": 0.0301164221019,
            "dmean2": 0.0442581772804,
            "dvar": 0.00105250929482,
            "dvar2": 0.00202548597008,
            "max": 0.667166829109,
            "mean": 0.223910495639,
            "median": 0.206430718303,
            "min": 0.0636216253042,
            "var": 0.00823282357305
        },
        "erbbands_kurtosis": {
            "dmean": 3.80817937851,
            "dmean2": 6.07187461853,
            "dvar": 112.54901123,
            "dvar2": 288.218292236,
            "max": 241.875991821,
            "mean": 5.45214939117,
            "median": 1.34339368343,
            "min": -1.89331054688,
            "var": 301.539703369
        },
        "erbbands_skewness": {
            "dmean": 0.675346374512,
            "dmean2": 1.00344765186,
            "dvar": 0.545976579189,
            "dvar2": 1.25390458107,
            "max": 9.58593082428,
            "mean": 0.392077147961,
            "median": 0.401446908712,
            "min": -10.2747869492,
            "var": 1.87257015705
        },
        "erbbands_spread": {
            "dmean": 9.26993942261,
            "dmean2": 14.0648565292,
            "dvar": 144.338760376,
            "dvar2": 291.036071777,
            "max": 173.055801392,
            "mean": 26.4637260437,
            "median": 21.1827316284,
            "min": 0.147310718894,
            "var": 443.550262451
        },
        "gfcc": {
            "cov": [
                [
                    26549.4472656,
                    -1059.67419434,
                    973.704101563,
                    1775.6385498,
                    -1214.46057129,
                    559.537353516,
                    -566.406066895,
                    1222.42016602,
                    -199.088729858,
                    419.329589844,
                    -772.575378418,
                    141.239761353,
                    -269.187316895
                ],
                [
                    -1059.67419434,
                    3158.59179688,
                    881.39654541,
                    101.122795105,
                    792.002624512,
                    -37.0861434937,
                    673.282897949,
                    -16.9054794312,
                    326.076477051,
                    -180.115142822,
                    283.301239014,
                    -208.10357666,
                    146.710693359
                ],
                [
                    973.704101563,
                    881.39654541,
                    2232.92871094,
                    759.290893555,
                    231.330459595,
                    398.608825684,
                    197.545501709,
                    223.634857178,
                    153.027359009,
                    1.24012601376,
                    -66.9994277954,
                    100.389846802,
                    -201.360717773
                ],
                [
                    1775.6385498,
                    101.122795105,
                    759.290893555,
                    1082.06237793,
                    184.497940063,
                    33.0029525757,
                    9.57425308228,
                    132.953674316,
                    139.519592285,
                    20.5004825592,
                    -115.947502136,
                    62.0707778931,
                    -105.576248169
                ],
                [
                    -1214.46057129,
                    792.002624512,
                    231.330459595,
                    184.497940063,
                    752.852233887,
                    222.50378418,
                    310.363006592,
                    -30.660358429,
                    162.739807129,
                    19.697725296,
                    155.994888306,
                    -51.5356712341,
                    8.641705513
                ],
                [
                    559.537353516,
                    -37.0861434937,
                    398.608825684,
                    33.0029525757,
                    222.50378418,
                    593.701171875,
                    173.055557251,
                    24.0735111237,
                    10.656088829,
                    83.387008667,
                    66.5075149536,
                    8.4084815979,
                    -112.018562317
                ],
                [
                    -566.406066895,
                    673.282897949,
                    197.545501709,
                    9.57425308228,
                    310.363006592,
                    173.055557251,
                    400.742340088,
                    36.4589424133,
                    99.9026870728,
                    -13.3127794266,
                    129.065505981,
                    -33.2474861145,
                    16.6107120514
                ],
                [
                    1222.42016602,
                    -16.9054794312,
                    223.634857178,
                    132.953674316,
                    -30.660358429,
                    24.0735111237,
                    36.4589424133,
                    384.466949463,
                    67.9442825317,
                    42.0066413879,
                    -57.22448349,
                    34.6135597229,
                    30.0321540833
                ],
                [
                    -199.088729858,
                    326.076477051,
                    153.027359009,
                    139.519592285,
                    162.739807129,
                    10.656088829,
                    99.9026870728,
                    67.9442825317,
                    204.852172852,
                    47.0368919373,
                    28.1647720337,
                    -14.871515274,
                    15.9591464996
                ],
                [
                    419.329589844,
                    -180.115142822,
                    1.24012601376,
                    20.5004825592,
                    19.697725296,
                    83.387008667,
                    -13.3127794266,
                    42.0066413879,
                    47.0368919373,
                    180.21836853,
                    35.608669281,
                    11.3581008911,
                    1.96372616291
                ],
                [
                    -772.575378418,
                    283.301239014,
                    -66.9994277954,
                    -115.947502136,
                    155.994888306,
                    66.5075149536,
                    129.065505981,
                    -57.22448349,
                    28.1647720337,
                    35.608669281,
                    207.623596191,
                    5.51896476746,
                    37.5219726563
                ],
                [
                    141.239761353,
                    -208.10357666,
                    100.389846802,
                    62.0707778931,
                    -51.5356712341,
                    8.4084815979,
                    -33.2474861145,
                    34.6135597229,
                    -14.871515274,
                    11.3581008911,
                    5.51896476746,
                    161.485366821,
                    -8.51586151123
                ],
                [
                    -269.187316895,
                    146.710693359,
                    -201.360717773,
                    -105.576248169,
                    8.641705513,
                    -112.018562317,
                    16.6107120514,
                    30.0321540833,
                    15.9591464996,
                    1.96372616291,
                    37.5219726563,
                    -8.51586151123,
                    182.691986084
                ]
            ],
            "icov": [
                [
                    8.42954032123e-05,
                    -0.000164710829267,
                    0.000134209505632,
                    -0.000212110709981,
                    0.000230800535064,
                    -0.000260183849605,
                    0.00013316773402,
                    -0.000235175641137,
                    0.000254003098235,
                    -0.000284938083496,
                    0.000230016041314,
                    -8.37211991893e-05,
                    6.76543277223e-05
                ],
                [
                    -0.000164710829267,
                    0.00146792642772,
                    -0.000907365756575,
                    0.000657272292301,
                    -0.000947610475123,
                    0.00129324267618,
                    -0.00123480521142,
                    0.000638498342596,
                    -0.00120580813382,
                    0.00154000823386,
                    -0.00129676528741,
                    0.00137029727921,
                    -0.00077768281335
                ],
                [
                    0.000134209505632,
                    -0.000907365756575,
                    0.00134651036933,
                    -0.000890446593985,
                    0.00073118385626,
                    -0.00128588627558,
                    0.000554350262973,
                    -0.000703089404851,
                    0.000501682108734,
                    -0.000658912991639,
                    0.000917723751627,
                    -0.00110977492295,
                    0.000861118081957
                ],
                [
                    -0.000212110709981,
                    0.000657272292301,
                    -0.000890446593985,
                    0.00215776311234,
                    -0.00127026217524,
                    0.00123624724802,
                    -0.000324963970343,
                    0.000492333085276,
                    -0.00131058425177,
                    0.000652097340208,
                    0.000146421356476,
                    -4.29541541962e-05,
                    0.000267272698693
                ],
                [
                    0.000230800535064,
                    -0.000947610475123,
                    0.00073118385626,
                    -0.00127026217524,
                    0.00350336451083,
                    -0.00179221283179,
                    -0.000274994963547,
                    -0.000216748943785,
                    -0.000253251841059,
                    -0.000772745406721,
                    -9.98425748548e-05,
                    -0.000153012195369,
                    1.26930281112e-05
                ],
                [
                    -0.000260183849605,
                    0.00129324267618,
                    -0.00128588627558,
                    0.00123624724802,
                    -0.00179221283179,
                    0.0044110561721,
                    -0.00209431466646,
                    0.000657064432744,
                    1.14382737593e-05,
                    -0.000220825502765,
                    -0.00121848122217,
                    0.000957936281338,
                    0.00104335253127
                ],
                [
                    0.00013316773402,
                    -0.00123480521142,
                    0.000554350262973,
                    -0.000324963970343,
                    -0.000274994963547,
                    -0.00209431466646,
                    0.00621746201068,
                    -0.00135085824877,
                    -0.000370507157641,
                    0.0006314588245,
                    -0.00127902196255,
                    -0.000357209413778,
                    0.000268274190603
                ],
                [
                    -0.000235175641137,
                    0.000638498342596,
                    -0.000703089404851,
                    0.000492333085276,
                    -0.000216748943785,
                    0.000657064432744,
                    -0.00135085824877,
                    0.00423094024882,
                    -0.00168807362206,
                    9.32227849262e-05,
                    0.000757179688662,
                    -0.000280676438706,
                    -0.00153137370944
                ],
                [
                    0.000254003098235,
                    -0.00120580813382,
                    0.000501682108734,
                    -0.00131058425177,
                    -0.000253251841059,
                    1.14382737593e-05,
                    -0.000370507157641,
                    -0.00168807362206,
                    0.00916681345552,
                    -0.00390387023799,
                    0.00132923736237,
                    -0.000284394831397,
                    0.000423262652475
                ],
                [
                    -0.000284938083496,
                    0.00154000823386,
                    -0.000658912991639,
                    0.000652097340208,
                    -0.000772745406721,
                    -0.000220825502765,
                    0.0006314588245,
                    9.32227849262e-05,
                    -0.00390387023799,
                    0.00956674758345,
                    -0.00366797694005,
                    0.00130130629987,
                    -0.00112533953506
                ],
                [
                    0.000230016041314,
                    -0.00129676528741,
                    0.000917723751627,
                    0.000146421356476,
                    -9.98425748548e-05,
                    -0.00121848122217,
                    -0.00127902196255,
                    0.000757179688662,
                    0.00132923736237,
                    -0.00366797694005,
                    0.00990801304579,
                    -0.00287878420204,
                    -0.000519996741787
                ],
                [
                    -8.37211991893e-05,
                    0.00137029727921,
                    -0.00110977492295,
                    -4.29541541962e-05,
                    -0.000153012195369,
                    0.000957936281338,
                    -0.000357209413778,
                    -0.000280676438706,
                    -0.000284394831397,
                    0.00130130629987,
                    -0.00287878420204,
                    0.00856456812471,
                    -0.000797224754933
                ],
                [
                    6.76543277223e-05,
                    -0.00077768281335,
                    0.000861118081957,
                    0.000267272698693,
                    1.26930281112e-05,
                    0.00104335253127,
                    0.000268274190603,
                    -0.00153137370944,
                    0.000423262652475,
                    -0.00112533953506,
                    -0.000519996741787,
                    -0.000797224754933,
                    0.00821270607412
                ]
            ],
            "mean": [
                -83.3507385254,
                95.9173431396,
                -131.952194214,
                10.5517301559,
                -61.0374984741,
                21.051612854,
                -34.2610168457,
                7.02828836441,
                -26.5634765625,
                2.92901945114,
                -11.2376337051,
                -2.22491645813,
                1.17071795464
            ]
        },
        "hfc": {
            "dmean": 10.5127182007,
            "dmean2": 14.9771270752,
            "dvar": 442.388793945,
            "dvar2": 789.024536133,
            "max": 256.517150879,
            "mean": 22.3672637939,
            "median": 13.9086465836,
            "min": 1.22704594106e-16,
            "var": 949.390380859
        },
        "melbands": {
            "dmean": [
                0.00149000785314,
                0.00181293848436,
                0.00072241196176,
                0.000490672478918,
                0.000353159091901,
                0.000238754160819,
                0.000215435822611,
                0.000143101482536,
                0.000190726394067,
                0.000213460836676,
                0.000199878923013,
                0.000129547828692,
                9.69860629993e-05,
                0.0001129207958,
                7.81968556112e-05,
                5.95993369643e-05,
                6.40675571049e-05,
                4.16733528255e-05,
                3.79588673241e-05,
                2.16024418478e-05,
                1.96298242372e-05,
                1.46838565342e-05,
                1.16457586046e-05,
                8.8795704869e-06,
                5.06673586642e-06,
                3.31342926074e-06,
                3.92007268601e-06,
