{
    "lowlevel": {
        "average_loudness": 0.945325374603,
        "barkbands": {
            "dmean": [
                0.00335577642545,
                0.00963204354048,
                0.00151918211486,
                0.000531258818228,
                0.000816449639387,
                0.00172761816066,
                0.00101438630372,
                0.000473435909953,
                0.00106305233203,
                0.00101452891249,
                0.000492933671921,
                0.000864685687702,
                0.000528105883859,
                0.000537042447831,
                0.000841076485813,
                0.000531204743311,
                0.000311573268846,
                0.000284567242488,
                0.000220382600673,
                0.000161474730703,
                0.000162732627359,
                0.000150328298332,
                0.000368383625755,
                0.000130115338834,
                4.16991060774e-05,
                1.97035642486e-05,
                2.74903163699e-06
            ],
            "dmean2": [
                0.0046794465743,
                0.013356057927,
                0.00271847867407,
                0.000930133042857,
                0.0013739032438,
                0.00274609634653,
                0.00165654858574,
                0.000743586104363,
                0.00168672879227,
                0.00159154098947,
                0.000784943928011,
                0.00135057209991,
                0.000846894050483,
                0.000875830708537,
                0.00135812535882,
                0.000881703803316,
                0.000491616025101,
                0.000450283725513,
                0.000342456653016,
                0.00025679601822,
                0.000255569437286,
                0.000240487395786,
                0.000670533336233,
                0.000234019840718,
                7.2915412602e-05,
                3.38686586474e-05,
                4.79392474517e-06
            ],
            "dvar": [
                2.05830656341e-05,
                0.000368733162759,
                2.99373350572e-05,
                3.08873063659e-06,
                8.17128420749e-06,
                1.59465816978e-05,
                7.05423872205e-06,
                1.93043501895e-06,
                5.97788084633e-06,
                1.10008895717e-05,
                3.77000856133e-06,
                5.01479371451e-06,
                3.03972865368e-06,
                3.7562090256e-06,
                6.41694350634e-06,
                3.24563188769e-06,
                9.15242310384e-07,
                5.47396382444e-07,
                4.07986078699e-07,
                2.53777699299e-07,
                1.65191792689e-07,
                9.15861591011e-08,
                1.0381335187e-06,
                1.41055338077e-07,
                2.20350759861e-08,
                8.71191030427e-09,
                3.0852528865e-10
            ],
            "dvar2": [
                4.34047797171e-05,
                0.000783717492595,
                8.54070240166e-05,
                8.35670380184e-06,
                2.08859928534e-05,
                3.8557631342e-05,
                1.78865684575e-05,
                4.36228447143e-06,
                1.41014270412e-05,
                2.66563474725e-05,
                9.36793185247e-06,
                1.16405581139e-05,
                6.5541148615e-06,
                9.36858396017e-06,
                1.5425906895e-05,
                7.88002853369e-06,
                2.29583633882e-06,
                1.27277473894e-06,
                9.00942268345e-07,
                6.02944396633e-07,
                3.84162859746e-07,
                2.11146485185e-07,
                2.9227039704e-06,
                3.88762003922e-07,
                6.1069442836e-08,
                2.42723885435e-08,
                8.50001236063e-10
            ],
            "max": [
                0.0563388504088,
                0.204116091132,
                0.0619418546557,
                0.0251874290407,
                0.129533439875,
                0.0736903697252,
                0.0412844009697,
                0.0321236550808,
                0.0423814319074,
                0.0726978257298,
                0.0445345044136,
                0.0387241765857,
                0.0626484453678,
                0.0552903153002,
                0.0628976747394,
                0.040356144309,
                0.0265239290893,
                0.0210440419614,
                0.0178107339889,
                0.0182269327343,
                0.0101867243648,
                0.00518852565438,
                0.0181547664106,
                0.00590322911739,
                0.00505089852959,
                0.00360325956717,
                0.000551688775886
            ],
            "mean": [
                0.0130312163383,
                0.0304321199656,
                0.00138251599856,
                0.000463690405013,
                0.00092217058409,
                0.00239501381293,
                0.00120154372416,
                0.000596765545197,
                0.0013880423503,
                0.00114226841833,
                0.000539238331839,
                0.000991253531538,
                0.000610283808783,
                0.000585927977227,
                0.00104218325578,
                0.000632587936707,
                0.00037046711077,
                0.000349796580849,
                0.000271237018751,
                0.000196133551071,
                0.000202975934371,
                0.00017596091493,
                0.000259174674284,
                9.27480141399e-05,
                3.29720351147e-05,
                1.65476430993e-05,
                2.05362630368e-06
            ],
            "median": [
                0.0101108886302,
                0.0245230607688,
                0.000144481688039,
                6.67088897899e-05,
                0.000344567000866,
                0.000758628360927,
                0.000449994113296,
                0.000150551990373,
                0.000516614527442,
                0.000169392442331,
                8.46319599077e-05,
                0.000137028226163,
                0.000130529835587,
                8.16436222522e-05,
                0.00019832905673,
                0.000124274956761,
                6.63424652885e-05,
                5.98267797614e-05,
                4.97173678013e-05,
                4.51521373179e-05,
                5.39933025721e-05,
                4.2046620365e-05,
                2.40254885284e-05,
                5.87134991292e-06,
                3.159490916e-06,
                2.04530010706e-06,
                3.58370400022e-08
            ],
            "min": [
                5.25001920782e-24,
                2.82313249357e-23,
                1.71882102182e-24,
                1.0502242493e-23,
                2.58335348826e-23,
                2.79769267601e-23,
                3.90177577253e-23,
                3.93137572696e-23,
                8.00574101268e-23,
                5.30971420578e-23,
                9.3603016461e-23,
                9.42749997345e-23,
                8.7613959225e-23,
                6.92035739061e-23,
                1.26813656674e-22,
                1.37124220167e-22,
                2.03049591073e-22,
                1.10541059165e-22,
                1.19566208522e-22,
                4.04912508153e-22,
                5.66746956828e-22,
                6.07670384774e-22,
                6.05283758681e-22,
                9.1078310679e-22,
                1.06862485906e-21,
                1.72668843576e-21,
                2.57032663055e-21
            ],
            "var": [
                0.000176565372385,
                0.00120335933752,
                1.91690924112e-05,
                2.27368991546e-06,
                6.69672363074e-06,
                2.04576699616e-05,
                6.78497463014e-06,
                2.67294421974e-06,
                7.74236013967e-06,
                1.24686876006e-05,
                3.61909042113e-06,
                6.32007913737e-06,
                3.89372917198e-06,
                3.6623196138e-06,
                7.6742917372e-06,
                3.65944788427e-06,
                1.00069189557e-06,
                7.50692436213e-07,
                5.97480948272e-07,
                3.34330252372e-07,
                2.07666062124e-07,
                1.27928217353e-07,
                6.49601133773e-07,
                9.66345723441e-08,
                1.62593760678e-08,
                6.18706508249e-09,
                2.11676648432e-10
            ]
        },
        "barkbands_crest": {
            "dmean": 2.54647779465,
            "dmean2": 3.98534464836,
            "dvar": 7.85879516602,
            "dvar2": 19.2544288635,
            "max": 26.1405315399,
            "mean": 13.2835626602,
            "median": 13.4945163727,
            "min": 2.14595675468,
            "var": 21.9944992065
        },
        "barkbands_flatness_db": {
            "dmean": 0.0334149971604,
            "dmean2": 0.0454176105559,
            "dvar": 0.000976223149337,
            "dvar2": 0.00164183997549,
            "max": 0.588782906532,
            "mean": 0.225182563066,
            "median": 0.219158023596,
            "min": 0.0273327734321,
            "var": 0.00666093640029
        },
        "barkbands_kurtosis": {
            "dmean": 12.3418188095,
            "dmean2": 19.2062759399,
            "dvar": 666.229797363,
            "dvar2": 1611.00793457,
            "max": 462.261535645,
            "mean": 19.6283988953,
            "median": 5.60250377655,
            "min": -1.91679620743,
            "var": 1297.91027832
        },
        "barkbands_skewness": {
            "dmean": 1.09779191017,
            "dmean2": 1.63183498383,
            "dvar": 1.62434482574,
            "dvar2": 3.643440485,
            "max": 17.7519054413,
            "mean": 2.88507676125,
            "median": 2.33551931381,
            "min": -3.49937915802,
            "var": 7.02129888535
        },
        "barkbands_spread": {
            "dmean": 7.20936012268,
            "dmean2": 11.2618131638,
            "dvar": 91.3170013428,
            "dvar2": 213.403793335,
            "max": 112.872131348,
            "mean": 15.5727014542,
            "median": 12.015630722,
            "min": 0.184683814645,
            "var": 183.937728882
        },
        "dissonance": {
            "dmean": 0.0234578214586,
            "dmean2": 0.0388947017491,
            "dvar": 0.000515361491125,
            "dvar2": 0.00135699333623,
            "max": 0.499997884035,
            "mean": 0.460375279188,
            "median": 0.468119859695,
            "min": 0.235602244735,
            "var": 0.00097125035245
        },
        "dynamic_complexity": 2.70506072044,
        "erbbands": {
            "dmean": [
                0.536151409149,
                1.60373151302,
                1.83098983765,
                1.86071813107,
                1.88840806484,
                2.71954488754,
                6.2399315834,
                17.1566829681,
                19.0470714569,
                7.15988922119,
                12.471288681,
                23.7825317383,
                38.116268158,
                17.2715511322,
                22.8682327271,
                36.2612266541,
                23.6563282013,
                28.1914730072,
                30.4183750153,
                44.779132843,
                23.1593914032,
                16.7674465179,
                15.7061481476,
                11.6511306763,
                10.3010253906,
                7.5785984993,
                6.84595441818,
                6.227684021,
                5.66546010971,
                7.01003646851,
                9.85513591766,
                5.04296207428,
                1.25462543964,
                0.592446804047,
                0.247653841972,
                0.095158174634,
                0.035266187042,
                0.00823138095438,
                0.000275718892226,
                2.06408094527e-05
            ],
            "dmean2": [
                0.695087373257,
                2.4858686924,
                3.20704555511,
                3.20823764801,
                3.23119783401,
                4.58676433563,
                10.3545894623,
                27.2753772736,
                30.6999797821,
                11.7925357819,
                19.4197597504,
                37.5881919861,
                58.9502830505,
                27.0622463226,
                35.3257217407,
                56.5010147095,
                37.3759078979,
                45.2346878052,
                49.4145088196,
                70.9819488525,
                36.7939147949,
                26.2872390747,
                24.804769516,
                17.8356323242,
                16.2255935669,
                12.0292387009,
                10.7947797775,
                9.77579784393,
                9.07478141785,
                12.1822624207,
                17.9560775757,
                9.17764186859,
                2.20920610428,
                1.0420358181,
                0.433928489685,
                0.167182460427,
                0.0610454939306,
                0.0140874730423,
                0.000474045489682,
                3.03415345115e-05
            ],
            "dvar": [
                0.922770321369,
                16.2060451508,
                41.8101348877,
                41.0697746277,
                26.5227146149,
                93.4632873535,
                507.515289307,
                1677.55371094,
                2626.98339844,
                377.973693848,
                1286.09899902,
                2938.32055664,
                14923.2714844,
                3289.22583008,
                5288.30273438,
                9486.8203125,
                5903.65917969,
                10754.4560547,
                8215.84472656,
                24184.6972656,
                5589.265625,
                2887.14819336,
                1701.52258301,
                1041.19812012,
                976.806030273,
                521.730773926,
                333.97177124,
                228.149414063,
                134.243301392,
                242.926040649,
                784.399780273,
                214.152145386,
                14.8016204834,
                4.41939640045,
                0.943757474422,
                0.227752059698,
                0.025042610243,
                0.00139973813202,
                2.4440382731e-06,
                1.1737704142e-09
            ],
            "dvar2": [
                1.70860493183,
                41.9440612793,
                117.932929993,
                111.946502686,
                70.0902252197,
                244.003890991,
                1144.06970215,
                4022.36743164,
                6581.80664063,
                954.512756348,
                2933.92138672,
                6971.38476563,
                35460.5625,
                7855.65527344,
                12684.9990234,
                22253.5351563,
                13507.7363281,
                26930.2246094,
                21064.4980469,
                55191.5390625,
                13518.59375,
                7333.6875,
                3954.48339844,
                2335.30371094,
                2251.58276367,
                1238.06616211,
                779.162475586,
                524.228820801,
                311.059906006,
                657.767456055,
                2207.50610352,
                600.009094238,
                39.5299110413,
                12.2772417068,
                2.58731508255,
                0.634073972702,
                0.0704724118114,
                0.00384522997774,
                6.83720236339e-06,
                2.88760659828e-09
            ],
            "max": [
                10.5918130875,
                38.6064758301,
                72.1808853149,
                66.3286895752,
                76.9235153198,
                471.048156738,
                1087.24523926,
                793.850891113,
                788.390869141,
                467.50692749,
                855.802368164,
                1338.23034668,
                2750.51342773,
                2068.37988281,
                1649.48095703,
                1910.13781738,
                2853.70019531,
                2993.28686523,
                2815.56445313,
                3712.96875,
                2233.98120117,
                1681.88574219,
                1296.25,
                678.142578125,
                992.489624023,
                553.020935059,
                376.948577881,
                475.957855225,
                200.893692017,
                277.667602539,
                550.24786377,
                202.881591797,
                86.6803665161,
                75.6582870483,
                24.176158905,
                19.5102291107,
                5.19821023941,
                0.980694711208,
                0.0547429323196,
                0.000993790337816
            ],
            "mean": [
                1.94366407394,
                2.64036726952,
                1.82370936871,
                1.72384238243,
                2.03002071381,
                3.20240950584,
                7.31296205521,
                23.8347663879,
                23.246799469,
                9.86349105835,
                16.9148597717,
                32.747592926,
                45.1512336731,
                21.782327652,
                27.6114196777,
                41.8200111389,
                28.7245788574,
                33.532169342,
                39.8469200134,
                55.4302635193,
                29.2817134857,
                21.0865192413,
                19.9261894226,
                14.906627655,
                12.7571401596,
                9.27773952484,
                8.32127094269,
                7.8806476593,
                6.60592889786,
                6.23954391479,
                6.85706806183,
                3.42543983459,
                0.976096570492,
                0.459634870291,
                0.19131283462,
                0.0750322937965,
                0.0293655730784,
                0.00706571200863,
                0.000252240773989,
                7.27057486074e-05
            ],
            "median": [
                1.66858351231,
                1.23003435135,
                0.259997427464,
                0.301331162453,
                0.506135225296,
                1.34263062477,
                2.36317491531,
                6.59784269333,
                8.43314170837,
                4.64439964294,
                5.18122196198,
                13.5754213333,
                8.28883266449,
                5.43321847916,
                5.00734710693,
                6.7243180275,
                7.47972536087,
                6.22838020325,
                7.82704496384,
                11.7657775879,
                6.68074560165,
                3.95606136322,
                3.61645817757,
                2.932472229,
                2.45509672165,
                2.2771282196,
                1.94534862041,
                2.28177213669,
                1.57113456726,
                1.07886695862,
                0.594035148621,
                0.22960332036,
                0.0858212336898,
                0.0398125238717,
                0.0169723648578,
                0.00846638716757,
                0.00324115296826,
                0.000643112114631,
                5.57033563382e-05,
                7.34537316021e-05
            ],
            "min": [
                1.19525478056e-21,
                4.37544535931e-21,
                4.48301882473e-21,
                1.87274563099e-20,
                4.92558815976e-20,
                6.65116478885e-20,
                2.44150086764e-19,
                2.07494728217e-19,
                5.89397619307e-19,
                5.82197684159e-19,
                9.56282516465e-19,
                1.92994368401e-18,
                1.38206308683e-18,
                2.37445648312e-18,
                4.09120222246e-18,
                3.85349202111e-18,
                5.07080120264e-18,
                3.83420134205e-18,
                5.48521579439e-18,
                8.12123857453e-18,
                5.55489211252e-18,
                1.26314631984e-17,
                6.62735245621e-18,
                6.83236255359e-18,
                9.87225668139e-18,
                1.53913628927e-17,
                2.39918442715e-17,
                2.1811942116e-17,
                2.28631381277e-17,
                1.77581896686e-17,
                1.7204678453e-17,
                1.53676525876e-17,
                1.71568624505e-17,
                1.22500055502e-17,
                8.41997319839e-18,
                6.44312444454e-18,
                2.94671078424e-18,
                1.35488110472e-18,
                3.18350695101e-19,
                4.19277366858e-20
            ],
            "var": [
                4.26673221588,
                21.6405773163,
                28.5881099701,
                29.3256397247,
                24.6311759949,
                74.217048645,
                523.768371582,
                2219.984375,
                2584.48950195,
                432.216552734,
                1809.48706055,
                3852.5793457,
                17914.2675781,
                3850.69213867,
                5981.59863281,
                11441.3837891,
                6923.38378906,
                11082.4707031,
                9662.66894531,
                28935.2167969,
                6946.96679688,
                3032.27294922,
                2294.33300781,
                1568.97839355,
                1506.44140625,
                665.151306152,
                405.443878174,
                296.555999756,
                184.128738403,
                194.794403076,
                488.512237549,
                136.230194092,
                11.861451149,
                3.23108434677,
                0.671533107758,
                0.152065932751,
                0.0180664546788,
                0.00108182488475,
                1.66369966337e-06,
                2.54428256241e-09
            ]
        },
        "erbbands_crest": {
            "dmean": 3.85155057907,
            "dmean2": 6.34788751602,
            "dvar": 11.6835832596,
            "dvar2": 29.7503604889,
            "max": 31.122833252,
            "mean": 10.9269790649,
            "median": 9.92404174805,
            "min": 2.44743800163,
            "var": 23.5984649658
        },
        "erbbands_flatness_db": {
            "dmean": 0.0272706095129,
            "dmean2": 0.0394493676722,
            "dvar": 0.000545505608898,
            "dvar2": 0.00106843293179,
            "max": 0.451667696238,
            "mean": 0.191145092249,
            "median": 0.183747798204,
            "min": 0.0425634495914,
            "var": 0.00349355768412
        },
        "erbbands_kurtosis": {
            "dmean": 1.3892198801,
            "dmean2": 2.27171492577,
            "dvar": 3.76868009567,
            "dvar2": 9.35545825958,
            "max": 42.4112167358,
            "mean": 0.751303792,
            "median": 0.0736249610782,
            "min": -1.83267152309,
            "var": 5.59556102753
        },
        "erbbands_skewness": {
            "dmean": 0.547126233578,
            "dmean2": 0.861683607101,
            "dvar": 0.253307282925,
            "dvar2": 0.606851577759,
            "max": 6.25221395493,
            "mean": 0.122753292322,
            "median": 0.118904814124,
            "min": -3.87608361244,
            "var": 0.716015100479
        },
        "erbbands_spread": {
            "dmean": 12.0710372925,
            "dmean2": 18.6862735748,
            "dvar": 166.735229492,
            "dvar2": 384.322753906,
            "max": 150.637695313,
            "mean": 35.2048072815,
            "median": 31.0166511536,
            "min": 2.10292887688,
            "var": 373.005523682
        },
        "gfcc": {
            "cov": [
                [
                    8700.20117188,
                    -123.049743652,
                    -260.230377197,
                    444.515319824,
                    -303.552978516,
                    131.761413574,
                    -97.4212875366,
                    11.7845802307,
                    -115.132865906,
                    67.7838745117,
                    -158.610717773,
                    317.632568359,
                    -148.500747681
                ],
                [
                    -123.049743652,
                    2522.05493164,
                    1194.86499023,
                    531.954040527,
                    832.554443359,
                    286.578277588,
                    588.634216309,
                    156.911300659,
                    430.741241455,
                    59.6846733093,
                    252.022964478,
                    -239.44203186,
                    179.700546265
                ],
                [
                    -260.230377197,
                    1194.86499023,
                    2291.79882813,
                    798.031799316,
                    564.237670898,
                    639.416931152,
                    302.835601807,
                    288.764312744,
                    335.885131836,
                    134.360137939,
                    184.882553101,
                    -107.065803528,
                    14.2174749374
                ],
                [
                    444.515319824,
                    531.954040527,
                    798.031799316,
                    856.081481934,
                    405.978393555,
                    298.426849365,
                    292.30670166,
                    170.232666016,
                    279.138885498,
                    61.8137969971,
                    140.051620483,
                    -19.7697315216,
                    29.6465015411
                ],
                [
                    -303.552978516,
                    832.554443359,
                    564.237670898,
                    405.978393555,
                    795.903076172,
                    240.387207031,
                    389.657806396,
                    216.58757019,
                    248.905395508,
                    119.209693909,
                    136.023483276,
                    9.14673137665,
                    117.021102905
                ],
                [
                    131.761413574,
                    286.578277588,
                    639.416931152,
                    298.426849365,
                    240.387207031,
                    550.019775391,
                    225.476760864,
                    182.039108276,
                    125.431427002,
                    48.7803535461,
                    162.886962891,
                    -45.4983940125,
                    24.6688861847
                ],
                [
                    -97.4212875366,
                    588.634216309,
                    302.835601807,
                    292.30670166,
                    389.657806396,
                    225.476760864,
                    644.50769043,
                    163.160339355,
                    146.397796631,
                    72.5544433594,
                    202.417434692,
                    47.5151672363,
                    29.5247173309
                ],
                [
                    11.7845802307,
                    156.911300659,
                    288.764312744,
                    170.232666016,
                    216.58757019,
                    182.039108276,
                    163.160339355,
                    292.100311279,
                    96.9157485962,
                    43.4629249573,
                    65.3002243042,
                    -14.6896686554,
                    60.1800689697
                ],
                [
                    -115.132865906,
                    430.741241455,
                    335.885131836,
                    279.138885498,
                    248.905395508,
                    125.431427002,
                    146.397796631,
                    96.9157485962,
                    372.457000732,
                    57.3408851624,
                    56.623790741,
                    -28.03150177,
                    84.1990432739
                ],
                [
                    67.7838745117,
                    59.6846733093,
                    134.360137939,
                    61.8137969971,
                    119.209693909,
                    48.7803535461,
                    72.5544433594,
                    43.4629249573,
                    57.3408851624,
                    210.334777832,
                    59.9295654297,
                    42.180393219,
                    25.042388916
                ],
                [
                    -158.610717773,
                    252.022964478,
                    184.882553101,
                    140.051620483,
                    136.023483276,
                    162.886962891,
                    202.417434692,
                    65.3002243042,
                    56.623790741,
                    59.9295654297,
                    294.909667969,
                    26.8929367065,
                    42.9515151978
                ],
                [
                    317.632568359,
                    -239.44203186,
                    -107.065803528,
                    -19.7697315216,
                    9.14673137665,
                    -45.4983940125,
                    47.5151672363,
                    -14.6896686554,
                    -28.03150177,
                    42.180393219,
                    26.8929367065,
                    253.92527771,
                    3.86917662621
                ],
                [
                    -148.500747681,
                    179.700546265,
                    14.2174749374,
                    29.6465015411,
                    117.021102905,
                    24.6688861847,
                    29.5247173309,
                    60.1800689697,
                    84.1990432739,
                    25.042388916,
                    42.9515151978,
                    3.86917662621,
                    179.589355469
                ]
            ],
            "icov": [
                [
                    0.000171111169038,
                    -0.000190363440197,
                    0.000168845203007,
                    -0.000269179407042,
                    0.000242623355007,
                    -0.000239323067944,
                    0.000153276370838,
                    -0.000164586308529,
                    0.000141967029776,
                    -0.000177797744982,
                    0.000249577366048,
                    -0.000417033123085,
                    0.000175301160198
                ],
                [
                    -0.000190363440197,
                    0.00138101563789,
                    -0.000731403997634,
                    0.000570286531001,
                    -0.00103783630766,
                    0.000841632252559,
                    -0.000903218053281,
                    0.000918223056942,
                    -0.000570830772631,
                    0.000619426835328,
                    -0.000702155462932,
                    0.00160825019702,
                    -0.000859538733494
                ],
                [
                    0.000168845203007,
                    -0.000731403997634,
                    0.00128272816073,
                    -0.00086141738575,
                    0.000364153063856,
                    -0.00116421387065,
                    0.000717403832823,
                    -0.000611977186054,
                    0.000191104947589,
                    -0.000603010877967,
                    0.000474783795653,
                    -0.000759975635447,
                    0.000819201814011
                ],
                [
                    -0.000269179407042,
                    0.000570286531001,
                    -0.00086141738575,
                    0.0027492758818,
                    -0.00096888304688,
                    0.0003798242833,
                    -0.000635026255623,
                    0.000310718227411,
                    -0.00128382467665,
                    0.000685024599079,
                    -0.000769047008362,
                    0.000789878366049,
                    7.38583257771e-05
                ],
                [
                    0.000242623355007,
                    -0.00103783630766,
                    0.000364153063856,
                    -0.00096888304688,
                    0.00343180214986,
                    -0.000645883497782,
                    -0.000343634543242,
                    -0.00125404377468,
                    7.18284718459e-05,
                    -0.00111788441427,
                    0.000927190238144,
                    -0.00135053996928,
                    -0.000370967871277
                ],
                [
                    -0.000239323067944,
                    0.000841632252559,
                    -0.00116421387065,
                    0.0003798242833,
                    -0.000645883497782,
                    0.00407207524404,
                    -0.000893866294064,
                    -0.000511165475473,
                    -0.000376813288312,
                    0.000614375458099,
                    -0.00166306074243,
                    0.0015604805667,
                    -0.000375707400963
                ],
                [
                    0.000153276370838,
                    -0.000903218053281,
                    0.000717403832823,
                    -0.000635026255623,
                    -0.000343634543242,
                    -0.000893866294064,
                    0.00347487605177,
                    -0.00118359737098,
                    0.000113587324449,
                    -0.000285764341243,
                    -0.00080138904741,
                    -0.00153426302131,
                    0.00146191276144
                ],
                [
                    -0.000164586308529,
                    0.000918223056942,
                    -0.000611977186054,
                    0.000310718227411,
                    -0.00125404377468,
                    -0.000511165475473,
                    -0.00118359737098,
                    0.00580970291048,
                    -0.000342327926774,
                    0.000196446082555,
                    -8.26027317089e-05,
                    0.00131476146635,
                    -0.00179807830136
                ],
                [
                    0.000141967029776,
                    -0.000570830772631,
                    0.000191104947589,
                    -0.00128382467665,
                    7.18284718459e-05,
                    -0.000376813288312,
                    0.000113587324449,
                    -0.000342327926774,
                    0.00457062292844,
                    -0.00080214679474,
                    0.000712675158866,
                    -0.000265636306722,
                    -0.00120939570479
                ],
                [
                    -0.000177797744982,
                    0.000619426835328,
                    -0.000603010877967,
                    0.000685024599079,
                    -0.00111788441427,
                    0.000614375458099,
                    -0.000285764341243,
                    0.000196446082555,
                    -0.00080214679474,
                    0.00601213611662,
                    -0.00124562962446,
                    -0.000128939049318,
                    -0.00036857611849
                ],
                [
                    0.000249577366048,
                    -0.000702155462932,
                    0.000474783795653,
                    -0.000769047008362,
                    0.000927190238144,
                    -0.00166306074243,
                    -0.00080138904741,
                    -8.26027317089e-05,
                    0.000712675158866,
                    -0.00124562962446,
                    0.00558824511245,
                    -0.00131598638836,
                    -0.00068655796349
                ],
                [
                    -0.000417033123085,
                    0.00160825019702,
                    -0.000759975635447,
                    0.000789878366049,
                    -0.00135053996928,
                    0.0015604805667,
                    -0.00153426302131,
                    0.00131476146635,
                    -0.000265636306722,
                    -0.000128939049318,
                    -0.00131598638836,
                    0.00655904458836,
                    -0.00123104162049
                ],
                [
                    0.000175301160198,
                    -0.000859538733494,
                    0.000819201814011,
                    7.38583257771e-05,
                    -0.000370967871277,
                    -0.000375707400963,
                    0.00146191276144,
                    -0.00179807830136,
                    -0.00120939570479,
                    -0.00036857611849,
                    -0.00068655796349,
                    -0.00123104162049,
                    0.00796089693904
                ]
            ],
            "mean": [
                -36.4934120178,
                92.1143493652,
                -130.347473145,
                25.2185688019,
                -56.1467247009,
                12.017660141,
                -23.906414032,
                4.61006450653,
                -2.54426169395,
                9.74085712433,
                -6.67372989655,
                8.13016605377,
                -1.4035974741
            ]
        },
        "hfc": {
            "dmean": 10.969370842,
            "dmean2": 16.6700649261,
            "dvar": 263.671691895,
            "dvar2": 592.93572998,
            "max": 185.803512573,
            "mean": 21.3999137878,
            "median": 14.1042881012,
            "min": 1.19671686759e-16,
            "var": 440.119110107
        },
        "melbands": {
            "dmean": [
                0.00349801918492,
                0.00120724609587,
                0.000315550452797,
                0.000161557458341,
                0.000195600267034,
                0.000377346324967,
                0.000270650431048,
                7.32595362933e-05,
                0.000106975094241,
                0.000161675081472,
                0.000190754668438,
                7.17881848686e-05,
                7.31183754397e-05,
                0.00010165508138,
                6.94312620908e-05,
                5.15577776241e-05,
                5.5364020227e-05,
                4.74737862532e-05,
                6.26244654995e-05,
                4.93397856189e-05,
                2.57927385974e-05,
                1.75801596924e-05,
                1.8669767087e-05,
                1.20850399981e-05,
                9.67845426203e-06,
                9.02333704289e-06,
                6.12894018559e-06,
