{
    "lowlevel": {
        "average_loudness": 0.445132046938,
        "barkbands": {
            "dmean": [
                0.0106557207182,
                0.0108859371394,
                0.00246592145413,
                0.00112775817979,
                0.00220862333663,
                0.0010537346825,
                0.000823504757136,
                0.00089377630502,
                0.000529288197868,
                0.000446280027973,
                0.000381914520403,
                0.000386244326364,
                0.00024311618472,
                0.000207304285141,
                0.000150743420818,
                0.000146209742525,
                0.00011954594811,
                0.000133690758958,
                0.000152233158587,
                0.000114582733659,
                9.53415947151e-05,
                4.65204029751e-05,
                2.34040307987e-05,
                7.64285141486e-06,
                2.82721680378e-06,
                2.65797989414e-05,
                0.000126651619212
            ],
            "dmean2": [
                0.0163266714662,
                0.0173629056662,
                0.00430563883856,
                0.00194125401322,
                0.00343327759765,
                0.00163884623908,
                0.00133937911596,
                0.0013034021249,
                0.000839083746541,
                0.000684898230247,
                0.000592322321609,
                0.000648949411698,
                0.000389940221794,
                0.000329368922394,
                0.000239179382334,
                0.000227310476475,
                0.000189544633031,
                0.00020609771309,
                0.000244958791882,
                0.000163190925377,
                0.000140465403092,
                6.59126380924e-05,
                3.36386292474e-05,
                1.28815790958e-05,
                5.4022493714e-06,
                4.07667939726e-05,
                0.000175494613359
            ],
            "dvar": [
                0.00084351998521,
                0.000776613247581,
                4.73063300888e-05,
                5.30279112354e-06,
                1.71775918716e-05,
                4.37224844063e-06,
                3.64205538972e-06,
                9.16270073503e-06,
                1.51060589815e-06,
                7.96288532001e-07,
                6.52540734336e-07,
                3.01280397252e-06,
                2.70622365406e-07,
                2.0973715209e-07,
                1.34767148552e-07,
                1.51108750401e-07,
                9.75321938768e-08,
                1.9245315741e-07,
                4.12055896959e-07,
                1.83012886623e-07,
                9.94063640292e-08,
                2.14085300598e-08,
                4.16290557581e-09,
                4.37639230411e-10,
                5.96044116841e-11,
                8.00847121951e-09,
                6.46567883678e-08
            ],
            "dvar2": [
                0.00185582740232,
                0.00191117962822,
                0.000131710141432,
                1.40675465445e-05,
                4.14802816522e-05,
                9.38033554121e-06,
                9.21063656278e-06,
                1.75522945938e-05,
                3.59128557648e-06,
                1.80725737664e-06,
                1.56054022682e-06,
                8.62919750944e-06,
                6.74575346693e-07,
                5.16914212767e-07,
                3.34711188543e-07,
                3.48758618429e-07,
                2.31917425708e-07,
                4.49744931075e-07,
                1.07786547687e-06,
                3.82952379141e-07,
                2.18883371872e-07,
                4.1095091774e-08,
                7.65439622796e-09,
                1.12425879717e-09,
                1.69666294902e-10,
                1.92053626336e-08,
                1.15032854353e-07
            ],
            "max": [
                0.632198810577,
                0.477272868156,
                0.13651484251,
                0.0616955682635,
                0.129835382104,
                0.0719548612833,
                0.0427782386541,
                0.138443082571,
                0.0524449944496,
                0.0222017616034,
                0.0194404087961,
                0.0337106212974,
                0.0115827461705,
                0.00826489087194,
                0.010691168718,
                0.00835274159908,
                0.00606536818668,
                0.00818616431206,
                0.0165875256062,
                0.0228141453117,
                0.00733667286113,
                0.00408410467207,
                0.0011331330752,
                0.000276607141132,
                0.000109711727418,
                0.00134456576779,
                0.00498007889837
            ],
            "mean": [
                0.0173793099821,
                0.01701868698,
                0.00264209369197,
                0.00132757320534,
                0.00376949529164,
                0.0016768159112,
                0.00112472020555,
                0.00156448304188,
                0.000857304257806,
                0.000755483575631,
                0.000604575907346,
                0.000491087383125,
                0.000399655633373,
                0.000320917926729,
                0.000248903146712,
                0.000229463999858,
                0.000193070838577,
                0.000198943569558,
                0.000203849500394,
                0.000188544639968,
                0.000154708468472,
                8.43562520458e-05,
                3.83097030863e-05,
                9.10385006136e-06,
                2.06075992537e-06,
                3.35726363119e-05,
                0.000273188023129
            ],
            "median": [
                0.000235073268414,
                0.00170419341885,
                0.00076618604362,
                0.000542456051335,
                0.00170929508749,
                0.000609020120464,
                0.000310987699777,
                0.000249642733252,
                0.000250531040365,
                0.000230240490055,
                0.000203789473744,
                0.000169467937667,
                0.00014240204473,
                0.000105388331576,
                8.76584672369e-05,
                5.35251092515e-05,
                4.58806025563e-05,
                3.98842639697e-05,
                3.14669559884e-05,
                2.99165149045e-05,
                2.59699463641e-05,
                1.77501278813e-05,
                4.9913805924e-06,
                1.4052232018e-06,
                1.93489199773e-07,
                2.97564247376e-06,
                9.55898212851e-05
            ],
            "min": [
                8.66569815905e-10,
                7.50068878119e-08,
                6.34625152429e-08,
                1.16141807283e-08,
                6.70845423656e-08,
                1.26513590715e-08,
                4.53335928796e-08,
                6.23845997083e-09,
                2.07548245257e-09,
                1.94097238282e-10,
                5.59821806967e-11,
                6.67868538251e-11,
                6.59569274197e-11,
                5.32008916088e-11,
                3.50175374808e-11,
                3.11193779079e-11,
                4.04779300356e-11,
                3.6187008251e-11,
                3.75263049801e-11,
                2.90260402519e-11,
                3.97092879412e-11,
                5.42480019239e-11,
                8.04888239392e-11,
                1.48701509439e-10,
                2.16488313387e-10,
                2.04938704895e-10,
                2.76819234202e-10
            ],
            "var": [
                0.00197998783551,
                0.00169546366669,
                3.70639936591e-05,
                5.78290519115e-06,
                3.91410285374e-05,
                1.00144943644e-05,
                5.82550728723e-06,
                4.24993304478e-05,
                3.25816722579e-06,
                2.00055205823e-06,
                1.32135483e-06,
                2.11858355215e-06,
                5.32203102921e-07,
                3.86605279346e-07,
                2.75923781601e-07,
                3.09849895075e-07,
                2.11111782278e-07,
                3.23925064549e-07,
                4.9170279226e-07,
                4.63204571588e-07,
                2.26034799766e-07,
                5.66722491158e-08,
                1.10889439853e-08,
                6.53016363206e-10,
                3.89840972004e-11,
                1.04584456651e-08,
                2.25445020874e-07
            ]
        },
        "barkbands_crest": {
            "dmean": 2.75783109665,
            "dmean2": 4.43168354034,
            "dvar": 6.04709434509,
            "dvar2": 14.8250274658,
            "max": 25.7148151398,
            "mean": 10.9121294022,
            "median": 10.274187088,
            "min": 2.23524451256,
            "var": 20.4788284302
        },
        "barkbands_flatness_db": {
            "dmean": 0.0345736183226,
            "dmean2": 0.0554801113904,
            "dvar": 0.00145814800635,
            "dvar2": 0.00341008696705,
            "max": 0.647628486156,
            "mean": 0.171269387007,
            "median": 0.157860413194,
            "min": 0.0277011319995,
            "var": 0.00644299248233
        },
        "barkbands_kurtosis": {
            "dmean": 10.135887146,
            "dmean2": 15.8958654404,
            "dvar": 580.890625,
            "dvar2": 1355.59741211,
            "max": 494.228515625,
            "mean": 17.5679092407,
            "median": 7.33120822906,
            "min": -1.84717071056,
            "var": 1121.31884766
        },
        "barkbands_skewness": {
            "dmean": 0.847283542156,
            "dmean2": 1.2745218277,
            "dvar": 1.18490803242,
            "dvar2": 2.62339162827,
            "max": 17.7479114532,
            "mean": 2.70335459709,
            "median": 2.21397185326,
            "min": -2.69559860229,
            "var": 4.45439004898
        },
        "barkbands_spread": {
            "dmean": 5.2769446373,
            "dmean2": 8.04100990295,
            "dvar": 50.1728820801,
            "dvar2": 104.38722229,
            "max": 107.23184967,
            "mean": 17.7256183624,
            "median": 14.3707027435,
            "min": 0.252771109343,
            "var": 192.659729004
        },
        "dissonance": {
            "dmean": 0.02235561423,
            "dmean2": 0.0372213311493,
            "dvar": 0.000635975506157,
            "dvar2": 0.0017294898862,
            "max": 0.500000119209,
            "mean": 0.455620020628,
            "median": 0.467979341745,
            "min": 0.0684622079134,
            "var": 0.00184805796016
        },
        "dynamic_complexity": 3.5485367775,
        "erbbands": {
            "dmean": [
                0.673884093761,
                1.49888777733,
                2.9417219162,
                2.93877100945,
                7.19947338104,
                7.01572847366,
                7.99035310745,
                7.91937160492,
                11.1270093918,
                14.0711593628,
                19.2090435028,
                12.7272338867,
                14.3134326935,
                13.278878212,
                14.7266635895,
                15.0028619766,
                11.1010560989,
                10.4184837341,
                8.34434509277,
                7.17916679382,
                7.86720228195,
                6.40010404587,
                6.82118177414,
                7.90189409256,
                7.32696342468,
                5.19385766983,
                4.54452228546,
                3.04891347885,
                1.81821763515,
                0.977188825607,
                0.63853764534,
                0.271238565445,
                0.0885835140944,
                0.0354291163385,
                0.018921110779,
                0.0197965148836,
                0.0580388866365,
                0.0471424758434,
                0.0161791350693,
                0.00314644142054
            ],
            "dmean2": [
                1.05938363075,
                2.52686047554,
                5.09425783157,
                5.00587654114,
                11.4766778946,
                11.2725725174,
                12.6209020615,
                12.4075717926,
                18.1524868011,
                21.5995159149,
                27.7481975555,
                19.7668800354,
                21.651102066,
                20.2982959747,
                23.167345047,
                25.1592540741,
                17.8224868774,
                16.5198059082,
                13.0042219162,
                11.2295246124,
                12.0582885742,
                10.0175218582,
                10.4364919662,
                12.5686893463,
                11.6379480362,
                7.23712825775,
                6.5585603714,
                4.48128843307,
                2.59271836281,
                1.36319470406,
                0.931925058365,
                0.428917944431,
                0.152384877205,
                0.0661340132356,
                0.0365153960884,
                0.0344032198191,
                0.0887966528535,
                0.0644140839577,
                0.0221266616136,
                0.004506603349
            ],
            "dvar": [
                3.37204647064,
                14.692937851,
                70.7936248779,
                39.5739135742,
                247.44631958,
                188.150787354,
                280.970947266,
                274.332885742,
                671.131347656,
                1783.83105469,
                4324.85351562,
                858.950866699,
                852.130187988,
                807.305480957,
                1279.23620605,
                4097.71923828,
                618.329284668,
                495.342376709,
                367.845001221,
                336.124359131,
                450.205505371,
                286.110443115,
                430.266204834,
                904.923400879,
                985.810058594,
                329.710968018,
                259.033081055,
                93.5844039917,
                33.5047874451,
                6.65695619583,
                3.45872974396,
                0.592214643955,
                0.0475238934159,
                0.0086394008249,
                0.00280431983992,
                0.00217933044769,
                0.0369669497013,
                0.0204693600535,
                0.001668458106,
                3.36824305123e-05
            ],
            "dvar2": [
                7.95052957535,
                39.2631530762,
                195.392868042,
                107.069984436,
                622.633056641,
                454.218597412,
                649.565429688,
                585.055725098,
                1712.3112793,
                4062.40332031,
                7389.41503906,
                2046.61364746,
                1817.70031738,
                1890.7911377,
                3268.52905273,
                11769.2880859,
                1571.47949219,
                1202.29321289,
                878.052307129,
                814.433410645,
                1035.77099609,
                653.280395508,
                964.487792969,
                2316.55541992,
                2561.40771484,
                628.223327637,
                534.343933105,
                202.161224365,
                64.3216171265,
                11.3440704346,
                6.85251045227,
                1.37583100796,
                0.123580887914,
                0.0240748859942,
                0.00806375686079,
                0.00554260797799,
                0.0868224203587,
                0.0410401150584,
                0.0031061838381,
                6.62869133521e-05
            ],
            "max": [
                29.7638721466,
                65.251991272,
                168.494186401,
                100.723152161,
                577.691345215,
                340.253967285,
                568.637573242,
                469.306152344,
                748.426757812,
                2009.31835938,
                3777.14794922,
                1053.49377441,
                1011.92852783,
                707.408447266,
                520.586975098,
                1274.60913086,
                500.847961426,
                422.946655273,
                518.780334473,
                580.086853027,
                530.741821289,
                326.843963623,
                430.371276855,
                601.124084473,
                863.181518555,
                913.937805176,
                431.636260986,
                309.295898438,
                167.624160767,
                58.3432846069,
                34.4957199097,
                12.4549064636,
                3.557482481,
                1.24752771854,
                0.778400123119,
                0.684481084347,
                2.66009521484,
                1.92658877373,
                0.880805909634,
                0.105936944485
            ],
            "mean": [
                1.05948853493,
                1.78262925148,
                3.17587208748,
                3.84148836136,
                11.5191602707,
                10.3857603073,
                12.0214748383,
                12.2425174713,
                15.263715744,
                22.1984024048,
                35.1791954041,
                22.1285533905,
                25.2441482544,
                22.1673583984,
                22.9043273926,
                20.4423084259,
                18.5636806488,
                17.294921875,
                14.5035495758,
                12.0077934265,
                12.8654880524,
                10.8545532227,
                10.6897535324,
                10.8989572525,
                10.1228885651,
                8.75460243225,
                7.53191614151,
                5.02839899063,
                3.27336835861,
                1.77414906025,
                0.984674036503,
                0.367991745472,
                0.0990060269833,
                0.0297209918499,
                0.0127999391407,
                0.0210681073368,
                0.0733721330762,
                0.0755076855421,
                0.0298788174987,
                0.00758925219998
            ],
            "median": [
                0.047594062984,
                0.3234847188,
                0.923403501511,
                1.76111865044,
                3.95888280869,
                4.62386369705,
                4.60626220703,
                4.1613945961,
                4.47744083405,
                5.34100484848,
                5.90399265289,
                6.26303672791,
                7.31247234344,
                8.25076580048,
                8.14326095581,
                7.65889167786,
                7.11405563354,
                6.24382781982,
                5.44206380844,
                4.03971290588,
                3.06820392609,
                2.6240811348,
                2.36209535599,
                1.94510364532,
                1.45704448223,
                1.40233898163,
                1.08888232708,
                0.992325782776,
                0.69273853302,
                0.300773769617,
                0.128316327929,
                0.0509061776102,
                0.0166098643094,
                0.00425018090755,
                0.00131327903364,
                0.00347436126322,
                0.00621341215447,
                0.00872922316194,
                0.00577469496056,
                0.00418826425448
            ],
            "min": [
                2.8740084872e-06,
                5.29704411747e-05,
                0.000199589892873,
                5.338185656e-05,
                5.64064830542e-05,
                0.000167087870068,
                0.000167320831679,
                9.86145823845e-05,
                0.00060935516376,
                0.000609170296229,
                0.000144190198625,
                0.000102460639027,
                1.75199984369e-05,
                5.40118480785e-06,
                3.63992830898e-06,
                3.16154728353e-06,
                4.23732626587e-06,
                3.15098486681e-06,
                2.1782998374e-06,
                2.23336883209e-06,
                1.83732879577e-06,
                2.3015250008e-06,
                2.01398961508e-06,
                1.80137521966e-06,
                1.77538981916e-06,
                1.49068364408e-06,
                1.85414569387e-06,
                1.5649272882e-06,
                2.01487932827e-06,
                2.30965974879e-06,
                2.65762878371e-06,
                2.47335287895e-06,
                2.96675875688e-06,
                2.45985961556e-06,
                1.77385243205e-06,
                1.22197479868e-06,
                6.70397128033e-07,
                1.90012627854e-07,
                5.72212286443e-08,
                3.65778909384e-08
            ],
            "var": [
                8.07159900665,
                16.627073288,
                55.199760437,
                42.5277175903,
                527.82623291,
                310.404541016,
                548.311523438,
                601.244018555,
                1015.95776367,
                4342.87792969,
                25893.0410156,
                2183.68334961,
                2506.84326172,
                1675.96496582,
                1828.19787598,
                2989.76538086,
                1092.94396973,
                1017.23901367,
                813.66583252,
                667.012329102,
                1007.16876221,
                668.143493652,
                844.871520996,
                1128.60339355,
                1380.84631348,
                951.273498535,
                608.561889648,
                227.523773193,
                88.7642211914,
                22.7966880798,
                7.84911823273,
                1.1042881012,
                0.0658422037959,
                0.00688898796216,
                0.00166587135755,
                0.00276187318377,
                0.050127774477,
                0.0436552427709,
                0.0047518373467,
                9.11701208679e-05
            ]
        },
        "erbbands_crest": {
            "dmean": 2.55732631683,
            "dmean2": 4.12741327286,
            "dvar": 5.80472564697,
            "dvar2": 13.9546318054,
            "max": 33.4884147644,
            "mean": 8.77504062653,
            "median": 7.72084140778,
            "min": 2.20651054382,
            "var": 18.5964221954
        },
        "erbbands_flatness_db": {
            "dmean": 0.0263543371111,
            "dmean2": 0.0436078198254,
            "dvar": 0.000829051947221,
            "dvar2": 0.00200627930462,
            "max": 0.499471753836,
            "mean": 0.16003523767,
            "median": 0.154350325465,
            "min": 0.0378398634493,
            "var": 0.00292983022518
        },
        "erbbands_kurtosis": {
            "dmean": 1.3843716383,
            "dmean2": 2.12382459641,
            "dvar": 12.4229974747,
            "dvar2": 26.8118515015,
            "max": 154.598602295,
            "mean": 1.51510334015,
            "median": 0.203792095184,
            "min": -1.79618036747,
            "var": 40.813495636
        },
        "erbbands_skewness": {
            "dmean": 0.398207962513,
            "dmean2": 0.598914146423,
            "dvar": 0.191559150815,
            "dvar2": 0.401241004467,
            "max": 8.57548904419,
            "mean": 0.388363063335,
            "median": 0.354547768831,
            "min": -5.30720710754,
            "var": 0.91014868021
        },
        "erbbands_spread": {
            "dmean": 7.41366243362,
            "dmean2": 11.32442379,
            "dvar": 74.5877761841,
            "dvar2": 164.668807983,
            "max": 150.505615234,
            "mean": 31.3402118683,
            "median": 28.5817680359,
            "min": 0.514846920967,
            "var": 271.232025146
        },
        "gfcc": {
            "cov": [
                [
                    7371.42773438,
                    -1930.29052734,
                    -611.451416016,
                    660.490661621,
                    -219.254272461,
                    268.147094727,
                    205.247589111,
                    380.461761475,
                    -99.0110015869,
                    218.347732544,
                    -56.8285102844,
                    264.8543396,
                    -226.670501709
                ],
                [
                    -1930.29052734,
                    1469.42077637,
                    199.612060547,
                    -362.004150391,
                    184.299636841,
                    -94.4225006104,
                    6.19913959503,
                    -128.105178833,
                    111.152565002,
                    -73.3864898682,
                    68.7812271118,
                    -96.2691116333,
                    152.398513794
                ],
                [
                    -611.451416016,
                    199.612060547,
                    703.157165527,
                    149.130325317,
                    -9.97492313385,
                    181.759597778,
                    -52.8230209351,
                    149.140380859,
                    1.10810983181,
                    69.379196167,
                    39.3031196594,
                    39.2985649109,
                    25.4060535431
                ],
                [
                    660.490661621,
                    -362.004150391,
                    149.130325317,
                    523.518371582,
                    153.885116577,
                    57.8475532532,
                    134.991500854,
                    31.2464046478,
                    -27.8057765961,
                    44.328289032,
                    18.8860664368,
                    78.1775741577,
                    -51.5375823975
                ],
                [
                    -219.254272461,
                    184.299636841,
                    -9.97492313385,
                    153.885116577,
                    420.424194336,
                    71.951675415,
                    115.942962646,
                    -30.4111175537,
                    4.06721115112,
                    -13.2607707977,
                    84.1067810059,
                    1.85812807083,
                    28.8187160492
                ],
                [
                    268.147094727,
                    -94.4225006104,
                    181.759597778,
                    57.8475532532,
                    71.951675415,
                    305.676635742,
                    -17.1553440094,
                    109.453620911,
                    -41.1341743469,
                    54.4335784912,
                    34.498588562,
                    23.6052017212,
                    20.6840896606
                ],
                [
                    205.247589111,
                    6.19913959503,
                    -52.8230209351,
                    134.991500854,
                    115.942962646,
                    -17.1553440094,
                    269.291503906,
                    -31.6902999878,
                    73.3253936768,
                    4.80695199966,
                    15.3818483353,
                    48.9258270264,
                    -23.2578735352
                ],
                [
                    380.461761475,
                    -128.105178833,
                    149.140380859,
                    31.2464046478,
                    -30.4111175537,
                    109.453620911,
                    -31.6902999878,
                    282.271972656,
                    23.2290172577,
                    55.8010978699,
                    37.530796051,
                    16.2794628143,
                    26.6009216309
                ],
                [
                    -99.0110015869,
                    111.152565002,
                    1.10810983181,
                    -27.8057765961,
                    4.06721115112,
                    -41.1341743469,
                    73.3253936768,
                    23.2290172577,
                    160.675201416,
                    37.8891181946,
                    11.0082902908,
                    28.2145824432,
                    0.956019043922
                ],
                [
                    218.347732544,
                    -73.3864898682,
                    69.379196167,
                    44.328289032,
                    -13.2607707977,
                    54.4335784912,
                    4.80695199966,
                    55.8010978699,
                    37.8891181946,
                    119.58290863,
                    46.3960037231,
                    23.7394161224,
                    18.5096168518
                ],
                [
                    -56.8285102844,
                    68.7812271118,
                    39.3031196594,
                    18.8860664368,
                    84.1067810059,
                    34.498588562,
                    15.3818483353,
                    37.530796051,
                    11.0082902908,
                    46.3960037231,
                    109.178184509,
                    36.9596061707,
                    24.327495575
                ],
                [
                    264.8543396,
                    -96.2691116333,
                    39.2985649109,
                    78.1775741577,
                    1.85812807083,
                    23.6052017212,
                    48.9258270264,
                    16.2794628143,
                    28.2145824432,
                    23.7394161224,
                    36.9596061707,
                    112.871559143,
                    4.68804788589
                ],
                [
                    -226.670501709,
                    152.398513794,
                    25.4060535431,
                    -51.5375823975,
                    28.8187160492,
                    20.6840896606,
                    -23.2578735352,
                    26.6009216309,
                    0.956019043922,
                    18.5096168518,
                    24.327495575,
                    4.68804788589,
                    111.128440857
                ]
            ],
            "icov": [
                [
                    0.000353734561941,
                    -6.88341606292e-05,
                    0.000698131683748,
                    -0.000376310461434,
                    0.000176672096131,
                    -0.000305326597299,
                    -7.41977273719e-05,
                    -0.000689349719323,
                    0.000550824566744,
                    -0.000844009919092,
                    0.000709102139808,
                    -0.000898461788893,
                    0.000660795427393
                ],
                [
                    -6.88341606292e-05,
                    0.002232757397,
                    -0.00171114550903,
                    0.00156114413403,
                    -0.000811248319224,
                    0.000690541986842,
                    -0.000602880434599,
                    0.00151954218745,
                    -0.00179591914639,
                    0.00212362571619,
                    -0.00206610327587,
                    0.00227315211669,
                    -0.00247705844231
                ],
                [
                    0.000698131683748,
                    -0.00171114550903,
                    0.00452903844416,
                    -0.00273615098558,
                    0.00148260465357,
                    -0.00217429874465,
                    0.000968612672295,
                    -0.00262192031369,
                    0.00143895519432,
                    -0.00262979930267,
                    0.00202945526689,
                    -0.00296254293062,
                    0.00242314347997
                ],
                [
                    -0.000376310461434,
                    0.00156114413403,
                    -0.00273615098558,
                    0.00563442707062,
                    -0.0031218752265,
                    0.00207016640343,
                    -0.00178560055792,
                    0.000687146151904,
                    0.00135651067831,
                    -0.00113658979535,
                    0.00122860679403,
                    -0.000951219815761,
                    0.000165010729688
                ],
                [
                    0.000176672096131,
                    -0.000811248319224,
                    0.00148260465357,
                    -0.0031218752265,
                    0.00595516199246,
                    -0.00264628767036,
                    -0.000945132167544,
                    0.000640644982923,
                    -0.00121282646433,
                    0.00308313244022,
                    -0.00504768872634,
                    0.00267083966173,
                    -0.0012275952613
                ],
                [
                    -0.000305326597299,
                    0.000690541986842,
                    -0.00217429874465,
                    0.00207016640343,
                    -0.00264628767036,
                    0.00622679386288,
                    -0.00034219675581,
                    -0.000938672746997,
                    0.00224428344518,
                    -0.00221245829016,
                    0.00135844876058,
                    -0.000872574921232,
                    -0.000343632535078
                ],
                [
                    -7.41977273719e-05,
                    -0.000602880434599,
                    0.000968612672295,
                    -0.00178560055792,
                    -0.000945132167544,
                    -0.00034219675581,
                    0.00644401507452,
                    0.000349855050445,
                    -0.00280824420042,
                    0.000332367664669,
                    0.000618058722466,
                    -0.00181357085239,
                    0.00110959575977
                ],
                [
                    -0.000689349719323,
                    0.00151954218745,
                    -0.00262192031369,
                    0.000687146151904,
                    0.000640644982923,
                    -0.000938672746997,
                    0.000349855050445,
                    0.0073675531894,
                    -0.0040385928005,
                    0.00343133509159,
                    -0.0049389237538,
                    0.00438886322081,
                    -0.00389435677789
                ],
                [
                    0.000550824566744,
                    -0.00179591914639,
                    0.00143895519432,
                    0.00135651067831,
                    -0.00121282646433,
                    0.00224428344518,
                    -0.00280824420042,
                    -0.0040385928005,
                    0.013238793239,
                    -0.00858766585588,
                    0.00626263860613,
                    -0.00665054377168,
                    0.00438837660477
                ],
                [
                    -0.000844009919092,
                    0.00212362571619,
                    -0.00262979930267,
                    -0.00113658979535,
                    0.00308313244022,
                    -0.00221245829016,
                    0.000332367664669,
                    0.00343133509159,
                    -0.00858766585588,
                    0.0198669545352,
                    -0.0121846590191,
                    0.00749904057011,
                    -0.00658339960501
                ],
                [
                    0.000709102139808,
                    -0.00206610327587,
                    0.00202945526689,
                    0.00122860679403,
                    -0.00504768872634,
                    0.00135844876058,
                    0.000618058722466,
                    -0.0049389237538,
                    0.00626263860613,
                    -0.0121846590191,
                    0.0223478712142,
                    -0.0112398304045,
                    0.00431085145101
                ],
                [
                    -0.000898461788893,
                    0.00227315211669,
                    -0.00296254293062,
                    -0.000951219815761,
                    0.00267083966173,
                    -0.000872574921232,
                    -0.00181357085239,
                    0.00438886322081,
                    -0.00665054377168,
                    0.00749904057011,
                    -0.0112398304045,
                    0.0189119428396,
                    -0.00620323373005
                ],
                [
                    0.000660795427393,
                    -0.00247705844231,
                    0.00242314347997,
                    0.000165010729688,
                    -0.0012275952613,
                    -0.000343632535078,
                    0.00110959575977,
                    -0.00389435677789,
                    0.00438837660477,
                    -0.00658339960501,
                    0.00431085145101,
                    -0.00620323373005,
                    0.0151894511655
                ]
            ],
            "mean": [
                -34.1129112244,
                109.145233154,
                -91.7840881348,
                0.480638980865,
                -19.3118515015,
                -21.2172222137,
                5.5262966156,
                -27.0203018188,
                0.103826805949,
                -11.6656370163,
                -8.98580360413,
                -0.951782226562,
                -10.1003856659
            ]
        },
        "hfc": {
            "dmean": 54.027557373,
            "dmean2": 82.0587921143,
            "dvar": 22750.9003906,
            "dvar2": 50104.3789062,
            "max": 1541.72375488,
            "mean": 95.9474105835,
            "median": 50.3866081238,
            "min": 0.00559365330264,
            "var": 27738.4511719
        },
        "melbands": {
            "dmean": [
                0.00466694496572,
                0.00160483492073,
                0.000616745383013,
                0.000530419347342,
                0.000264393020188,
                0.000185361524927,
                0.000169157559867,
                0.000161041476531,
                0.000150214938913,
                7.77930763434e-05,
                7.14950874681e-05,
                5.38110980415e-05,
                5.02517723362e-05,
                4.57924943476e-05,
                3.27975139953e-05,
                2.2371266823e-05,
                2.07985121961e-05,
                1.44654495671e-05,
                1.11559893412e-05,
                9.96628023131e-06,
                9.59447243076e-06,
                7.08866946297e-06,
                5.94298535361e-06,
                6.77909110891e-06,
                6.59748093312e-06,
                5.82003713134e-06,
                4.78229458167e-06,
                3.37491906066e-06,
