{
    "lowlevel": {
        "average_loudness": 0.872458159924,
        "barkbands": {
            "dmean": [
                0.000689239241183,
                0.00828263256699,
                0.00366931315511,
                0.00178289867472,
                0.00403916789219,
                0.000998534727842,
                0.000700099510141,
                0.000967841711827,
                0.000706394203007,
                0.000641295162495,
                0.000543055997696,
                0.000423436373239,
                0.000175541688805,
                0.000209588339203,
                0.000159187387908,
                0.000126295461087,
                0.000125238482724,
                0.000114689471957,
                0.000141646480188,
                0.000113918387797,
                0.0001230618509,
                0.000110557986773,
                9.59857788985e-05,
                9.03343752725e-05,
                7.71832128521e-05,
                3.44413347193e-05,
                1.87476471183e-05
            ],
            "dmean2": [
                0.000853031815495,
                0.0118107469752,
                0.00534616038203,
                0.00276332627982,
                0.00630563823506,
                0.00149739393964,
                0.00104875746183,
                0.00151390640531,
                0.00111498462502,
                0.000963412050623,
                0.000822968024295,
                0.000643933715764,
                0.000296904967399,
                0.000347894238075,
                0.000282802793663,
                0.000213718478335,
                0.000212331768125,
                0.00019365613116,
                0.000236769556068,
                0.000186033939826,
                0.000203339397558,
                0.000179238078999,
                0.000147412181832,
                0.000138350194902,
                0.000112411231385,
                5.31805817445e-05,
                3.18653364957e-05
            ],
            "dvar": [
                1.3314388525e-06,
                0.00013884252985,
                8.7004424131e-05,
                1.60763065651e-05,
                8.24484450277e-05,
                3.52608412868e-06,
                2.23890515372e-06,
                3.5722400753e-06,
                2.61617265096e-06,
                2.62005232798e-06,
                1.71637577751e-06,
                1.3725413055e-06,
                1.37667669264e-07,
                1.92445625657e-07,
                1.31385490931e-07,
                6.94513957455e-08,
                9.94289521827e-08,
                5.91484869972e-08,
                7.68411041463e-08,
                5.94064992754e-08,
                6.72377638011e-08,
                3.28043050501e-08,
                1.95724840779e-08,
                1.68963669722e-08,
                1.40658444892e-08,
                3.52667051118e-09,
                2.60014143549e-09
            ],
            "dvar2": [
                1.96443238565e-06,
                0.000301507127006,
                0.000167163860169,
                3.57496246579e-05,
                0.000189430065802,
                7.48226239011e-06,
                4.79730806546e-06,
                7.91685033619e-06,
                5.84868530495e-06,
                5.37444793736e-06,
                3.34399828716e-06,
                2.95153199659e-06,
                3.51830976797e-07,
                4.96317738907e-07,
                3.74259712999e-07,
                1.83685955335e-07,
                2.46040457341e-07,
                1.57016685876e-07,
                1.94175299839e-07,
                1.410971322e-07,
                1.6589810059e-07,
                8.34189251009e-08,
                4.4161428292e-08,
                3.80346634188e-08,
                3.16749968476e-08,
                7.76677566705e-09,
                6.65086385965e-09
            ],
            "max": [
                0.0174090471119,
                0.114973291755,
                0.106091171503,
                0.0628838986158,
                0.112069636583,
                0.0471507608891,
                0.037940915674,
                0.0343748219311,
                0.0262106955051,
                0.041862629354,
                0.0351929031312,
                0.0312585495412,
                0.00926427263767,
                0.00696100061759,
                0.00493211345747,
                0.00856455415487,
                0.00809442531317,
                0.00749337859452,
                0.00550529314205,
                0.00592571916059,
                0.00964176468551,
                0.00298795476556,
                0.00182683707681,
                0.00250428076833,
                0.00311010493897,
                0.0013736783294,
                0.000505293312017
            ],
            "mean": [
                0.00143763399683,
                0.0180936083198,
                0.00457652844489,
                0.00226138415746,
                0.00501237716526,
                0.00171717070043,
                0.0011568578193,
                0.00158397189807,
                0.000982343452051,
                0.00138640741352,
                0.00100360589568,
                0.000789458979852,
                0.000229777986533,
                0.000296361045912,
                0.000177900728886,
                0.000163790115039,
                0.000155368179549,
                0.000160574243637,
                0.000207332515856,
                0.000194076957996,
                0.000211648992263,
                0.000219907815335,
                0.000198277950403,
                0.00019754996174,
                0.000178616435733,
                6.66186970193e-05,
                1.37852266562e-05
            ],
            "median": [
                0.000148837425513,
                0.00652360077947,
                0.00122390850447,
                0.000591436109971,
                0.00151502736844,
                0.00071253371425,
                0.000413993373513,
                0.000460585724795,
                0.0002449391759,
                0.000175634690095,
                0.00013943106751,
                0.000130494969198,
                8.89454968274e-05,
                9.5955649158e-05,
                7.38534290576e-05,
                7.73684732849e-05,
                6.21748913545e-05,
                7.93496874394e-05,
                0.00010164862033,
                0.000100746641692,
                0.000104457649286,
                0.000116224211524,
                8.65280453581e-05,
                0.000106410967419,
                0.00010624738934,
                3.51513226633e-05,
                3.93771642848e-07
            ],
            "min": [
                1.38445946753e-24,
                5.58407576877e-24,
                1.0452481936e-23,
                5.77239264406e-24,
                3.68174574221e-23,
                3.70592685331e-23,
                1.16595203736e-23,
                9.30218941866e-24,
                4.73133811393e-23,
                7.77433529257e-23,
                2.78441236044e-23,
                6.81720152102e-23,
                6.68528125847e-23,
                1.11055459584e-22,
                4.95488583279e-23,
                1.050235956e-22,
                1.55138736151e-22,
                1.77370653995e-22,
                2.0920538195e-22,
                3.58313446874e-22,
                3.87931904826e-22,
                4.55676048192e-22,
                4.62694411137e-22,
                8.14053765142e-22,
                9.06143948335e-22,
                1.41081590754e-21,
                2.37586749492e-21
            ],
            "var": [
                6.40897860649e-06,
                0.000445076497272,
                0.000121049110021,
                1.95126594917e-05,
                9.98467075988e-05,
                9.61111345532e-06,
                5.51277571503e-06,
                1.04389446278e-05,
                4.88013893118e-06,
                1.58113471116e-05,
                8.2370625023e-06,
                5.84779490964e-06,
                1.93990331354e-07,
                3.6623316646e-07,
                1.04817992508e-07,
                7.48377928517e-08,
                1.1472496908e-07,
                6.30213961017e-08,
                1.06624177931e-07,
                1.00184102791e-07,
                9.77616778641e-08,
                7.07416418777e-08,
                6.2334514439e-08,
                5.46991643091e-08,
                4.48917134577e-08,
                8.15142531252e-09,
                1.98162375398e-09
            ]
        },
        "barkbands_crest": {
            "dmean": 2.96981859207,
            "dmean2": 4.62511014938,
            "dvar": 6.98124217987,
            "dvar2": 17.1832580566,
            "max": 25.3952674866,
            "mean": 12.9547338486,
            "median": 12.8528623581,
            "min": 2.49506878853,
            "var": 22.0880184174
        },
        "barkbands_flatness_db": {
            "dmean": 0.0279428474605,
            "dmean2": 0.0397546626627,
            "dvar": 0.000692227506079,
            "dvar2": 0.00139737618156,
            "max": 0.559435069561,
            "mean": 0.153575956821,
            "median": 0.14321115613,
            "min": 0.0160331316292,
            "var": 0.00456361658871
        },
        "barkbands_kurtosis": {
            "dmean": 6.05186080933,
            "dmean2": 8.84172725677,
            "dvar": 138.375335693,
            "dvar2": 257.326812744,
            "max": 345.482299805,
            "mean": 10.6254167557,
            "median": 5.16622829437,
            "min": -1.91989350319,
            "var": 403.329742432
        },
        "barkbands_skewness": {
            "dmean": 0.736559569836,
            "dmean2": 1.07432317734,
            "dvar": 0.596003293991,
            "dvar2": 1.25375878811,
            "max": 14.3945417404,
            "mean": 2.41569066048,
            "median": 2.15686988831,
            "min": -3.07273507118,
            "var": 2.73784589767
        },
        "barkbands_spread": {
            "dmean": 6.5660071373,
            "dmean2": 9.96556186676,
            "dvar": 57.8451080322,
            "dvar2": 121.524604797,
            "max": 108.155891418,
            "mean": 20.7245788574,
            "median": 18.7573375702,
            "min": 0.349296450615,
            "var": 180.256332397
        },
        "dissonance": {
            "dmean": 0.0227118004113,
            "dmean2": 0.0377572625875,
            "dvar": 0.000496166874655,
            "dvar2": 0.00136945443228,
            "max": 0.500000119209,
            "mean": 0.454203367233,
            "median": 0.461767554283,
            "min": 0.0949015766382,
            "var": 0.00108230905607
        },
        "dynamic_complexity": 3.79668664932,
        "erbbands": {
            "dmean": [
                0.33258959651,
                1.55559670925,
                4.21637487411,
                4.34168720245,
                12.0438671112,
                14.041636467,
                10.4500427246,
                7.9126906395,
                9.38067340851,
                13.8985490799,
                19.7723884583,
                15.2347669601,
                15.4770994186,
                23.4419002533,
                17.7407550812,
                11.7844552994,
                8.04288482666,
                8.20195388794,
                10.3627529144,
                7.24972105026,
                6.81900167465,
                6.92997598648,
                6.50179624557,
                6.44811725616,
                6.93836975098,
                5.1981883049,
                5.04025793076,
                4.73304748535,
                3.94856333733,
                3.92762994766,
                2.47218179703,
                2.03691101074,
                1.45233023167,
                0.947810232639,
                0.566745519638,
                0.217060044408,
                0.0483367517591,
                0.013480448164,
                0.00427114684135,
                0.000133293666295
            ],
            "dmean2": [
                0.453290611506,
                2.31389737129,
                6.07458639145,
                6.13162755966,
                18.3379917145,
                23.3910980225,
                16.1563396454,
                11.9604187012,
                14.0869731903,
                21.5461483002,
                30.6302433014,
                24.3272037506,
                23.6364326477,
                34.7245483398,
                26.8648509979,
                18.0440254211,
                13.4787654877,
                13.4769258499,
                17.8764572144,
                12.73183918,
                11.4601135254,
                11.6579809189,
                11.0155754089,
                10.6784496307,
                11.6193504333,
                8.46921443939,
                8.16027355194,
                7.82574701309,
                6.45544195175,
                6.24534511566,
                3.7819750309,
                3.15252542496,
                2.2360701561,
                1.40932548046,
                0.831045746803,
                0.332265615463,
                0.0742626190186,
                0.0220222566277,
                0.00730992201716,
                0.000222431801376
            ],
            "dvar": [
                0.240225836635,
                6.20342826843,
                107.300643921,
                86.4864120483,
                734.676818848,
                1242.22229004,
                370.866668701,
                289.856323242,
                380.416229248,
                951.658691406,
                1462.32336426,
                1261.36108398,
                1431.56945801,
                2781.79638672,
                1586.39746094,
                907.130859375,
                287.717102051,
                287.155181885,
                579.665344238,
                228.716827393,
                218.919128418,
                332.675476074,
                199.989700317,
                179.761978149,
                190.379592896,
                134.805084229,
                118.027145386,
                83.8029556274,
                42.5107040405,
                37.959236145,
                13.3590240479,
                8.89941215515,
                4.95496463776,
                2.53730487823,
                0.872071862221,
                0.125677451491,
                0.00835400726646,
                0.00104186951648,
                0.000135807640618,
                1.27148680917e-07
            ],
            "dvar2": [
                0.486817926168,
                13.6678228378,
                208.429962158,
                182.801589966,
                1653.48071289,
                3348.28442383,
                890.46661377,
                615.219726562,
                842.975463867,
                2139.57226562,
                3174.88842773,
                2975.52661133,
                3046.66796875,
                5548.27734375,
                3361.47924805,
                1967.64257812,
                732.880004883,
                720.79498291,
                1594.20507812,
                648.264892578,
                577.274719238,
                811.854797363,
                530.528198242,
                458.760528564,
                478.338256836,
                321.785583496,
                278.925476074,
                212.586074829,
                108.943885803,
                92.4370727539,
                30.2973213196,
                19.7051410675,
                11.8008022308,
                6.10060977936,
                1.997184515,
                0.27408427,
                0.0179991479963,
                0.00263162190095,
                0.000347908993717,
                3.20470149973e-07
            ],
            "max": [
                4.14808320999,
                29.7540435791,
                106.908973694,
                145.524887085,
                304.048217773,
                519.705932617,
                311.207092285,
                476.269805908,
                674.802490234,
                694.027709961,
                775.048706055,
                769.902832031,
                874.78302002,
                1349.32983398,
                773.451049805,
                808.938659668,
                459.755584717,
                382.94644165,
                305.769378662,
                205.579589844,
                530.33380127,
                554.213806152,
                401.604888916,
                356.967956543,
                258.725952148,
                275.867523193,
                420.285980225,
                198.563919067,
                103.022529602,
                82.6862945557,
                58.3794250488,
                50.1688804626,
                55.0217247009,
                59.5883903503,
                27.1594867706,
                7.64928102493,
                2.07773709297,
                0.3046246171,
                0.110246039927,
                0.00423203408718
            ],
            "mean": [
                0.733183383942,
                3.18349528313,
                5.70026350021,
                6.1675901413,
                14.1088380814,
                15.6014766693,
                15.3837652206,
                13.9798021317,
                16.0973167419,
                23.5562934875,
                32.2370071411,
                22.0314311981,
                34.2442970276,
                51.196018219,
                32.9039039612,
                21.8791980743,
                11.4904050827,
                12.1069126129,
                13.6172008514,
                9.03159809113,
                9.17803955078,
                9.15780353546,
                8.95769500732,
                9.67206478119,
                10.493396759,
                9.01453304291,
                8.5748796463,
                8.10357570648,
                7.83928489685,
                7.32538843155,
                5.30921506882,
                4.37205600739,
                3.14159584045,
                2.0333571434,
                1.24826109409,
                0.471629470587,
                0.0833651199937,
                0.0139702446759,
                0.00310819386505,
                0.000145164958667
            ],
            "median": [
                0.155577749014,
                1.2954069376,
                1.93112432957,
                2.08049917221,
                3.25859332085,
                4.47775745392,
                6.39671802521,
                5.7956700325,
                6.3159828186,
                8.78984069824,
                10.2092494965,
                7.14788198471,
                6.78308010101,
                8.41036605835,
                7.73016166687,
                5.22460460663,
                4.787150383,
                4.98345947266,
                5.02780246735,
                4.48725318909,
                4.49792098999,
                3.90605068207,
                4.40178489685,
                4.83318996429,
                5.45899391174,
                4.61558198929,
                4.3616065979,
                3.92268943787,
                4.13055562973,
                3.26692485809,
                2.43952798843,
                2.15932416916,
                1.70541954041,
                1.09489393234,
                0.71356356144,
                0.267812728882,
                0.0414725914598,
                0.00355969415978,
                0.000145786456414,
                5.95510209678e-05
            ],
            "min": [
                2.50097634114e-22,
                8.9026565506e-22,
                6.09964437725e-21,
                2.31885495977e-20,
                8.58861759261e-20,
                8.32805182224e-20,
                1.49922027005e-19,
                1.920738844e-19,
                1.62044565677e-19,
                4.13995728174e-19,
                5.14650942519e-19,
                1.11845396389e-18,
                1.65881817764e-18,
                1.51026946433e-18,
                1.33291294541e-18,
                2.81632023633e-18,
                3.64358790964e-18,
                3.52887532947e-18,
                3.38733169857e-18,
                2.73006597795e-18,
                7.92365490469e-18,
                8.2082951981e-18,
                7.67645197863e-18,
                9.84279168079e-18,
                1.13705529131e-17,
                1.61154007003e-17,
                1.59674247061e-17,
                1.57974672144e-17,
                1.65989853756e-17,
                1.50809054652e-17,
                1.20501686403e-17,
                1.59607708653e-17,
                1.45875550955e-17,
                1.18419945771e-17,
                6.1394399719e-18,
                4.66450787013e-18,
                2.56074355413e-18,
                1.31808718049e-18,
                3.05168667311e-19,
                3.35042915519e-20
            ],
            "var": [
                0.912639677525,
                16.3733139038,
                156.961029053,
                130.632537842,
                879.306518555,
                1105.65466309,
                598.468994141,
                860.408752441,
                977.75958252,
                2401.39233398,
                3524.27539062,
                2284.50024414,
                8257.14160156,
                15402.0595703,
                4989.55957031,
                3453.3828125,
                442.3855896,
                492.906616211,
                711.337890625,
                196.642623901,
                236.56036377,
                402.912475586,
                209.070510864,
                243.857666016,
                257.843261719,
                228.825378418,
                176.485214233,
                130.01890564,
                91.1590499878,
                86.6674728394,
                44.2411651611,
                28.7648963928,
                14.3964853287,
                6.6356253624,
                2.43090987206,
                0.359064489603,
                0.0160274710506,
                0.000946569954976,
                0.000101970741525,
                1.06805288169e-07
            ]
        },
        "erbbands_crest": {
            "dmean": 2.97720098495,
            "dmean2": 4.69064712524,
            "dvar": 8.35195732117,
            "dvar2": 19.0771217346,
            "max": 33.7563171387,
            "mean": 10.0008058548,
            "median": 8.47252178192,
            "min": 2.2866101265,
            "var": 30.5535640717
        },
        "erbbands_flatness_db": {
            "dmean": 0.0157715585083,
            "dmean2": 0.023344475776,
            "dvar": 0.000249381817412,
            "dvar2": 0.000518061104231,
            "max": 0.535774171352,
            "mean": 0.133422523737,
            "median": 0.123430550098,
            "min": 0.0452534928918,
            "var": 0.00281636044383
        },
        "erbbands_kurtosis": {
            "dmean": 1.38697004318,
            "dmean2": 2.14650797844,
            "dvar": 5.09737825394,
            "dvar2": 11.4426803589,
            "max": 48.2874908447,
            "mean": 1.34637916088,
            "median": 0.0048623085022,
            "min": -1.90880131721,
            "var": 15.353427887
        },
        "erbbands_skewness": {
            "dmean": 0.444172590971,
            "dmean2": 0.663584768772,
            "dvar": 0.193714275956,
            "dvar2": 0.41711589694,
            "max": 5.77363729477,
            "mean": 0.692556202412,
            "median": 0.659020364285,
            "min": -5.77804613113,
            "var": 0.832089066505
        },
        "erbbands_spread": {
            "dmean": 10.7968788147,
            "dmean2": 16.0697956085,
            "dvar": 120.170463562,
            "dvar2": 255.871948242,
            "max": 175.425628662,
            "mean": 50.3751525879,
            "median": 47.1078948975,
            "min": 2.44457364082,
            "var": 650.627441406
        },
        "gfcc": {
            "cov": [
                [
                    11185.1777344,
                    -2522.73925781,
                    833.280578613,
                    64.1840362549,
                    -458.798950195,
                    696.784545898,
                    -412.927124023,
                    496.576751709,
                    -529.958679199,
                    408.822479248,
                    -235.786911011,
                    320.497436523,
                    -34.8964881897
                ],
                [
                    -2522.73925781,
                    1595.52502441,
                    -189.964431763,
                    46.295375824,
                    264.451538086,
                    -203.073287964,
                    265.076202393,
                    -212.009155273,
                    235.428817749,
                    -153.089569092,
                    118.313232422,
                    -154.601135254,
                    35.0279083252
                ],
                [
                    833.280578613,
                    -189.964431763,
                    835.737854004,
                    168.048233032,
                    -61.253200531,
                    85.3712158203,
                    3.61679506302,
                    74.8895645142,
                    -20.8170051575,
                    63.0257339478,
                    -17.0364208221,
                    30.7462787628,
                    -8.58895206451
                ],
                [
                    64.1840362549,
                    46.295375824,
                    168.048233032,
                    524.200561523,
                    22.3532466888,
                    15.178647995,
                    12.5350799561,
                    -36.9292297363,
                    123.688354492,
                    -22.4582462311,
                    45.308216095,
                    -32.826335907,
                    -8.51428222656
                ],
                [
                    -458.798950195,
                    264.451538086,
                    -61.253200531,
                    22.3532466888,
                    302.849822998,
                    -0.827106118202,
                    108.576217651,
                    -29.1789360046,
                    60.476776123,
                    -7.07255458832,
                    39.119644165,
                    -9.94769859314,
                    18.899810791
                ],
                [
                    696.784545898,
                    -203.073287964,
                    85.3712158203,
                    15.178647995,
                    -0.827106118202,
                    291.179168701,
                    33.1952934265,
                    90.216468811,
                    -39.1219177246,
                    66.3457946777,
                    2.51550126076,
                    52.5708847046,
                    0.971209764481
                ],
                [
                    -412.927124023,
                    265.076202393,
                    3.61679506302,
                    12.5350799561,
                    108.576217651,
                    33.1952934265,
                    226.665588379,
                    -12.4005813599,
                    77.2345962524,
                    -6.01526689529,
                    24.4297428131,
                    10.5685319901,
                    33.4545631409
                ],
                [
                    496.576751709,
                    -212.009155273,
                    74.8895645142,
                    -36.9292297363,
                    -29.1789360046,
                    90.216468811,
                    -12.4005813599,
                    240.772644043,
                    -40.5057640076,
                    86.774597168,
                    -13.7262439728,
                    42.3504486084,
                    26.6823787689
                ],
                [
                    -529.958679199,
                    235.428817749,
                    -20.8170051575,
                    123.688354492,
                    60.476776123,
                    -39.1219177246,
                    77.2345962524,
                    -40.5057640076,
                    215.078140259,
                    -11.7603282928,
                    59.1277084351,
                    -12.0313491821,
                    5.26946592331
                ],
                [
                    408.822479248,
                    -153.089569092,
                    63.0257339478,
                    -22.4582462311,
                    -7.07255458832,
                    66.3457946777,
                    -6.01526689529,
                    86.774597168,
                    -11.7603282928,
                    145.077941895,
                    19.9555282593,
                    36.7075462341,
                    6.19429206848
                ],
                [
                    -235.786911011,
                    118.313232422,
                    -17.0364208221,
                    45.308216095,
                    39.119644165,
                    2.51550126076,
                    24.4297428131,
                    -13.7262439728,
                    59.1277084351,
                    19.9555282593,
                    109.1068573,
                    13.2229766846,
                    8.75525093079
                ],
                [
                    320.497436523,
                    -154.601135254,
                    30.7462787628,
                    -32.826335907,
                    -9.94769859314,
                    52.5708847046,
                    10.5685319901,
                    42.3504486084,
                    -12.0313491821,
                    36.7075462341,
                    13.2229766846,
                    104.673858643,
                    31.0981941223
                ],
                [
                    -34.8964881897,
                    35.0279083252,
                    -8.58895206451,
                    -8.51428222656,
                    18.899810791,
                    0.971209764481,
                    33.4545631409,
                    26.6823787689,
                    5.26946592331,
                    6.19429206848,
                    8.75525093079,
                    31.0981941223,
                    97.9055328369
                ]
            ],
            "icov": [
                [
                    0.000165494187968,
                    0.000149790212163,
                    -7.05337151885e-05,
                    -7.24277488189e-05,
                    2.1918429411e-05,
                    -0.000195294007426,
                    8.56581900734e-05,
                    2.19536673285e-06,
                    0.000145097365021,
                    -0.0001714383543,
                    0.0001620692492,
                    -0.000138532996061,
                    -6.70490908306e-06
                ],
                [
                    0.000149790212163,
                    0.00157273630612,
                    -7.75192602305e-05,
                    0.000256009283476,
                    -0.000404430029448,
                    0.000254886515904,
                    -0.00111683493014,
                    0.000325354922097,
                    -0.000422808603616,
                    0.000613800017163,
                    -0.0011266451329,
                    0.00184683175758,
                    -0.000627274566796
                ],
                [
                    -7.05337151885e-05,
                    -7.75192602305e-05,
                    0.0014702451881,
                    -0.000599536986556,
                    0.000269366864813,
                    1.11601966637e-05,
                    -0.000335427641403,
                    -0.00021293455211,
                    0.000269859883701,
                    -0.000446638587164,
                    0.000312346732244,
                    -0.000315137673169,
                    0.000285874470137
                ],
                [
                    -7.24277488189e-05,
                    0.000256009283476,
                    -0.000599536986556,
                    0.00273819756694,
                    -0.000172011976247,
                    -0.000411072687712,
                    0.000307898182655,
                    0.000269016629318,
                    -0.00177918060217,
                    0.000833445810713,
                    -0.000958083139267,
                    0.0014273126144,
                    -0.000397779193008
                ],
                [
                    2.1918429411e-05,
                    -0.000404430029448,
                    0.000269366864813,
                    -0.000172011976247,
                    0.00436599040404,
                    -0.000167767560924,
                    -0.00149407424033,
                    0.000136748480145,
                    6.65147599648e-05,
                    -0.000413478817791,
                    -0.000566546688788,
                    6.74239345244e-05,
                    -0.000154885914526
                ],
                [
                    -0.000195294007426,
                    0.000254886515904,
                    1.11601966637e-05,
                    -0.000411072687712,
                    -0.000167767560924,
                    0.00507214153185,
                    -0.00171872437932,
                    -0.00103063986171,
                    0.00093879312044,
                    -0.00064963492332,
                    -0.000677058473229,
                    -0.00101479364093,
                    0.00102812948171
                ],
                [
                    8.56581900734e-05,
                    -0.00111683493014,
                    -0.000335427641403,
                    0.000307898182655,
                    -0.00149407424033,
                    -0.00171872437932,
                    0.0075861774385,
                    0.000119705655379,
                    -0.00183983007446,
                    -0.000115258764708,
                    0.00144808576442,
                    -0.00176110432949,
                    -0.00135571009014
                ],
                [
                    2.19536673285e-06,
                    0.000325354922097,
                    -0.00021293455211,
                    0.000269016629318,
                    0.000136748480145,
                    -0.00103063986171,
                    0.000119705655379,
                    0.00620952947065,
                    2.55351660599e-05,
                    -0.00281035201624,
                    0.000874661607668,
                    3.137947715e-05,
                    -0.00177203177009
                ],
                [
                    0.000145097365021,
                    -0.000422808603616,
                    0.000269859883701,
                    -0.00177918060217,
                    6.65147599648e-05,
                    0.00093879312044,
                    -0.00183983007446,
                    2.55351660599e-05,
                    0.00783132202923,
                    -0.00065940793138,
                    -0.00216190959327,
                    -0.00081195961684,
                    0.000742956704926
                ],
                [
                    -0.0001714383543,
                    0.000613800017163,
                    -0.000446638587164,
                    0.000833445810713,
                    -0.000413478817791,
                    -0.00064963492332,
                    -0.000115258764708,
                    -0.00281035201624,
                    -0.00065940793138,
                    0.0107466066256,
                    -0.00321988016367,
                    -0.000290906842565,
                    0.000380063953344
                ],
                [
                    0.0001620692492,
                    -0.0011266451329,
                    0.000312346732244,
                    -0.000958083139267,
                    -0.000566546688788,
                    -0.000677058473229,
                    0.00144808576442,
                    0.000874661607668,
                    -0.00216190959327,
                    -0.00321988016367,
                    0.0133800273761,
                    -0.00359142385423,
                    5.2145725931e-05
                ],
                [
                    -0.000138532996061,
                    0.00184683175758,
                    -0.000315137673169,
                    0.0014273126144,
                    6.74239345244e-05,
                    -0.00101479364093,
                    -0.00176110432949,
                    3.137947715e-05,
                    -0.00081195961684,
                    -0.000290906842565,
                    -0.00359142385423,
                    0.015770431608,
                    -0.00464933598414
                ],
                [
                    -6.70490908306e-06,
                    -0.000627274566796,
                    0.000285874470137,
                    -0.000397779193008,
                    -0.000154885914526,
                    0.00102812948171,
                    -0.00135571009014,
                    -0.00177203177009,
                    0.000742956704926,
                    0.000380063953344,
                    5.2145725931e-05,
                    -0.00464933598414,
                    0.0128004243597
                ]
            ],
            "mean": [
                -0.24996702373,
                83.7987594604,
                -89.6528625488,
                38.8794174194,
                -63.1206550598,
                22.0091590881,
                -32.4371185303,
                14.8332548141,
                -22.718542099,
                5.82613754272,
                -14.2294549942,
                2.00285744667,
                -8.1080083847
            ]
        },
        "hfc": {
            "dmean": 6.36760425568,
            "dmean2": 9.62339782715,
            "dvar": 95.7061462402,
            "dvar2": 229.82220459,
            "max": 107.723617554,
            "mean": 20.98487854,
            "median": 17.4012889862,
            "min": 1.11058883698e-16,
            "var": 297.828704834
        },
        "melbands": {
            "dmean": [
                0.00251730694436,
                0.00199794606306,
                0.000887439295184,
                0.000963197206147,
                0.00040197945782,
                0.00017707439838,
                0.000141896365676,
                0.000174190674443,
                0.000157155867782,
                9.58153468673e-05,
                8.19496199256e-05,
                0.000100386379927,
                6.0649603256e-05,
                5.52029378014e-05,
                1.73150074261e-05,
                1.91354138224e-05,
                1.63442637131e-05,
                1.92455518118e-05,
                1.1878197256e-05,
                9.28582267079e-06,
                8.12747839518e-06,
                7.93520848674e-06,
                6.34443949821e-06,
                5.53474728804e-06,
                5.48047455595e-06,
                5.79547850066e-06,
                4.79126401842e-06,
