{
    "lowlevel": {
        "average_loudness": 0.907108068466,
        "barkbands": {
            "dmean": [
                0.000409253756516,
                0.0123929651454,
                0.00360555760562,
                0.00121613754891,
                0.00151956221089,
                0.00139190780465,
                0.00222356012091,
                0.00115774082951,
                0.00110974768177,
                0.000815590319689,
                0.000587057729717,
                0.000424681144068,
                0.000556260289159,
                0.000632771581877,
                0.000263196416199,
                0.000202110546525,
                0.000198120222194,
                0.00010257831309,
                0.000103845457488,
                0.000154985056724,
                0.000168877697433,
                0.000257899024291,
                0.000235242419876,
                0.000184634554898,
                0.00011509576143,
                5.43192545592e-05,
                1.29545624077e-05
            ],
            "dmean2": [
                0.000584082270507,
                0.0188210345805,
                0.00595335150138,
                0.00215863180347,
                0.00242335372604,
                0.00221382826567,
                0.00349518796429,
                0.00175549625419,
                0.00169392093085,
                0.00130765570793,
                0.000847820891067,
                0.000682265905198,
                0.00087091315072,
                0.00103777577169,
                0.000421179807745,
                0.000317802798236,
                0.000300202751532,
                0.000160255774972,
                0.000159053408424,
                0.00023108246387,
                0.000258078740444,
                0.00039628209197,
                0.000345703097992,
                0.000271545839496,
                0.000170836559846,
                8.0569050624e-05,
                2.08029377973e-05
            ],
            "dvar": [
                7.02789975549e-07,
                0.00114922807552,
                0.000106681014586,
                1.16448009067e-05,
                8.47822684591e-06,
                8.34637285152e-06,
                2.15407344513e-05,
                7.7250524555e-06,
                8.01856367616e-06,
                3.37028382091e-06,
                2.60381466433e-06,
                8.48360855343e-07,
                1.31465787945e-06,
                1.66087386333e-06,
                3.0914119975e-07,
                1.76486921077e-07,
                1.63263351283e-07,
                2.89127974895e-08,
                3.82029341495e-08,
                6.86610093226e-08,
                1.04178944582e-07,
                2.6600909564e-07,
                2.89696487243e-07,
                8.56027710938e-08,
                5.06838055969e-08,
                2.27200143144e-08,
                1.78396830641e-09
            ],
            "dvar2": [
                1.57185365879e-06,
                0.00251731951721,
                0.000265530135948,
                3.26928420691e-05,
                2.13125549635e-05,
                2.04997541005e-05,
                5.29890421603e-05,
                1.71444444277e-05,
                1.7066797227e-05,
                8.41958717501e-06,
                4.78885931443e-06,
                2.05883225135e-06,
                2.92033837468e-06,
                4.31417993241e-06,
                7.36041329219e-07,
                4.04108845942e-07,
                3.77489470793e-07,
                6.69780675366e-08,
                8.67620641998e-08,
                1.38071769129e-07,
                2.50480610475e-07,
                5.86840258165e-07,
                5.13541465352e-07,
                1.75823515747e-07,
                1.05525941763e-07,
                4.40659704282e-08,
                4.31946212132e-09
            ],
            "max": [
                0.0256252847612,
                0.277610391378,
                0.100841917098,
                0.0328806564212,
                0.0724535286427,
                0.0492549948394,
                0.0710785984993,
                0.056119017303,
                0.0870010331273,
                0.042232286185,
                0.0387482531369,
                0.0205067545176,
                0.0276073198766,
                0.0218625590205,
                0.0127579914406,
                0.00678522977978,
                0.00981852225959,
                0.0023551392369,
                0.00466360058635,
                0.00759272417054,
                0.00718634016812,
                0.0124270366505,
                0.0120698865503,
                0.00563381332904,
                0.00359883718193,
                0.00236333045177,
                0.000788632489275
            ],
            "mean": [
                0.000852714234497,
                0.0155429979786,
                0.00388747872785,
                0.00113433285151,
                0.00262586306781,
                0.00238401768729,
                0.00332959741354,
                0.00215897220187,
                0.00212049600668,
                0.00112719635945,
                0.000961192767136,
                0.000601915759034,
                0.000839598476887,
                0.000791114231106,
                0.000362521008356,
                0.000278119841823,
                0.000337542325724,
                0.000154271619976,
                0.000153749992023,
                0.000272069155471,
                0.000275363767287,
                0.000429227133282,
                0.000436681002611,
                0.000348175875843,
                0.000174965840415,
                7.12542896508e-05,
                1.54107256094e-05
            ],
            "median": [
                3.47959830833e-05,
                0.00132743944414,
                0.000359357974958,
                0.00024561182363,
                0.00132089899853,
                0.00104276556522,
                0.00110529595986,
                0.000358428253094,
                0.000420644297265,
                0.000251603894867,
                0.000116343879199,
                0.000166297177202,
                0.000260560191236,
                0.000159303468536,
                0.000101408251794,
                7.331847155e-05,
                9.9553304608e-05,
                6.16135439486e-05,
                5.15599094797e-05,
                0.000134253903525,
                0.000141387456097,
                0.000217690365389,
                0.000201058603125,
                0.000184496690053,
                6.23511878075e-05,
                9.87385465123e-06,
                3.79181130938e-07
            ],
            "min": [
                2.16682877719e-23,
                2.94328042706e-23,
                1.91398670861e-23,
                5.91655026917e-24,
                6.1744124119e-23,
                3.14911001445e-23,
                8.21969712957e-23,
                7.85077906973e-23,
                7.79633946311e-23,
                9.34356075552e-23,
                8.3451039254e-23,
                9.29165055251e-23,
                7.77217065824e-23,
                9.45859371489e-23,
                1.00341958563e-22,
                1.6434385939e-22,
                1.47909842007e-22,
                1.407807861e-22,
                3.41460954558e-22,
                3.50278702917e-22,
                4.09057751329e-22,
                5.12530780866e-22,
                5.2459618753e-22,
                1.0605605549e-21,
                1.10137048785e-21,
                1.85114741205e-21,
                2.54055762007e-21
            ],
            "var": [
                3.61695356332e-06,
                0.00142322795,
                0.000100804791145,
                8.28928023111e-06,
                1.41289883686e-05,
                1.60229610628e-05,
                3.74404953618e-05,
                2.57186638919e-05,
                3.29470749421e-05,
                5.62682225791e-06,
                7.51153538658e-06,
                1.67234236415e-06,
                3.12215070153e-06,
                2.25928806685e-06,
                5.36247910077e-07,
                3.12180958417e-07,
                4.44105609176e-07,
                5.4472568678e-08,
                7.95992534108e-08,
                1.67142019336e-07,
                1.63069927339e-07,
                5.18365482094e-07,
                6.98466749327e-07,
                2.16239669726e-07,
                1.08152335088e-07,
                3.74153188432e-08,
                2.73065969836e-09
            ]
        },
        "barkbands_crest": {
            "dmean": 3.32256031036,
            "dmean2": 5.15381097794,
            "dvar": 9.43136882782,
            "dvar2": 20.455324173,
            "max": 26.4775619507,
            "mean": 11.9938106537,
            "median": 10.9872541428,
            "min": 2.22728347778,
            "var": 27.1123065948
        },
        "barkbands_flatness_db": {
            "dmean": 0.0315942168236,
            "dmean2": 0.0443033054471,
            "dvar": 0.000996641931124,
            "dvar2": 0.00193607190158,
            "max": 0.454114407301,
            "mean": 0.148759007454,
            "median": 0.143046453595,
            "min": 0.0190872587264,
            "var": 0.00373469432816
        },
        "barkbands_kurtosis": {
            "dmean": 7.79037046432,
            "dmean2": 11.7949533463,
            "dvar": 384.527709961,
            "dvar2": 834.933654785,
            "max": 416.347412109,
            "mean": 9.67634391785,
            "median": 3.08035945892,
            "min": -1.93210935593,
            "var": 535.54510498
        },
        "barkbands_skewness": {
            "dmean": 0.880493760109,
            "dmean2": 1.24493789673,
            "dvar": 1.32799732685,
            "dvar2": 2.53362894058,
            "max": 19.3731899261,
            "mean": 2.1164598465,
            "median": 1.6928473711,
            "min": -6.82922649384,
            "var": 3.82503843307
        },
        "barkbands_spread": {
            "dmean": 7.48121404648,
            "dmean2": 10.9363803864,
            "dvar": 77.9197311401,
            "dvar2": 152.74105835,
            "max": 135.345779419,
            "mean": 23.3423900604,
            "median": 19.7025108337,
            "min": 0.723824501038,
            "var": 272.392059326
        },
        "dissonance": {
            "dmean": 0.0255905166268,
            "dmean2": 0.0416812896729,
            "dvar": 0.000607204099651,
            "dvar2": 0.00154984975234,
            "max": 0.499946445227,
            "mean": 0.445070415735,
            "median": 0.455186545849,
            "min": 0.216457381845,
            "var": 0.0016950184945
        },
        "dynamic_complexity": 2.46977066994,
        "erbbands": {
            "dmean": [
                0.307355105877,
                2.98839306831,
                4.41890001297,
                3.60942912102,
                4.24579811096,
                5.55302190781,
                7.44247055054,
                13.1681337357,
                32.1009597778,
                23.7677707672,
                23.6924991608,
                26.6802864075,
                18.3077869415,
                27.2008876801,
                21.6200218201,
                15.3605155945,
                25.9873466492,
                26.6753692627,
                21.8832359314,
                11.5513916016,
                10.8708524704,
                10.2261419296,
                6.5397439003,
                4.29009056091,
                5.82202100754,
                7.32483386993,
                6.29581212997,
                7.98383665085,
                9.21895694733,
                7.72266197205,
                6.6732301712,
                4.581407547,
                2.72283697128,
                1.48501932621,
                0.75535851717,
                0.316427052021,
                0.0801369026303,
                0.0157979074866,
                0.00233510602266,
                0.000117247735034
            ],
            "dmean2": [
                0.446601003408,
                4.62342643738,
                6.86662626266,
                6.09340381622,
                6.95150089264,
                9.00932121277,
                11.8007144928,
                20.7559185028,
                50.1740684509,
                37.2895889282,
                35.5464019775,
                40.5460243225,
                28.0207920074,
                41.8806991577,
                30.879940033,
                24.4647350311,
                40.4199638367,
                43.8584785461,
                34.4308128357,
                18.2826557159,
                16.5870285034,
                15.3711328506,
                10.0181283951,
                6.71322965622,
                8.78962802887,
                11.0104961395,
                9.47359085083,
                12.4312057495,
                14.1726980209,
                11.9074172974,
                9.69558048248,
                6.72160291672,
                4.02847146988,
                2.19513988495,
                1.13487827778,
                0.469225972891,
                0.11816650629,
                0.0243948586285,
                0.00377138634212,
                0.000185560929822
            ],
            "dvar": [
                0.583532691002,
                72.2375564575,
                134.375335693,
                108.992698669,
                93.6577987671,
                129.790374756,
                229.074111938,
                840.848571777,
                4446.81738281,
                2460.79150391,
                2505.8762207,
                5060.23388672,
                2948.77709961,
                2921.01586914,
                2882.19165039,
                1101.61755371,
                2976.05834961,
                3195.06005859,
                1841.171875,
                595.827880859,
                535.738342285,
                385.659545898,
                117.811843872,
                63.3379631042,
                105.125450134,
                151.336593628,
                128.205200195,
                271.457366943,
                339.833465576,
                358.105041504,
                219.959732056,
                61.0342330933,
                17.8359088898,
                8.3689956665,
                2.58900809288,
                0.703299939632,
                0.0494636669755,
                0.00224558846094,
                6.28794950899e-05,
                1.2083650347e-07
            ],
            "dvar2": [
                1.05804860592,
                167.544372559,
                308.591156006,
                295.697753906,
                238.909194946,
                334.529418945,
                584.13848877,
                2019.61254883,
                10934.8837891,
                5847.32177734,
                5587.73535156,
                10553.9775391,
                6641.22119141,
                6303.18212891,
                5487.859375,
                2741.79150391,
                6485.52197266,
                8386.76171875,
                4444.5859375,
                1379.53417969,
                1183.90588379,
                853.993652344,
                264.428436279,
                146.569732666,
                216.868286133,
                317.118011475,
                276.866119385,
                668.415100098,
                764.827209473,
                739.003234863,
                383.237670898,
                122.270187378,
                36.7414512634,
                17.9002609253,
                5.44427776337,
                1.33941841125,
                0.0998845249414,
                0.00519378716126,
                0.000153396147653,
                3.02243108763e-07
            ],
            "max": [
                7.01672315598,
                69.6228103638,
                121.181991577,
                123.096984863,
                143.713592529,
                436.446166992,
                289.376556396,
                519.299743652,
                1150.22106934,
                1057.52319336,
                1129.66882324,
                2193.10131836,
                1629.54187012,
                1143.32189941,
                1390.10266113,
                987.121459961,
                1125.3404541,
                1117.58044434,
                749.479797363,
                398.873718262,
                439.152587891,
                367.535980225,
                165.66986084,
                209.967391968,
                197.788314819,
                393.689849854,
                355.323944092,
                387.438079834,
                530.351928711,
                480.538726807,
                346.056945801,
                176.131561279,
                78.6090164185,
                62.6998176575,
                27.5729370117,
                14.1848983765,
                3.37090826035,
                0.647989213467,
                0.126127451658,
                0.0123381018639
            ],
            "mean": [
                0.471003443003,
                3.34838557243,
                5.3095407486,
                3.89358615875,
                5.4376373291,
                9.02686882019,
                13.9132089615,
                22.5530872345,
                49.356098175,
                41.9654998779,
                44.998664856,
                50.3550224304,
                31.3106555939,
                42.1034088135,
                39.1078109741,
                23.6956253052,
                40.5194892883,
                33.7520751953,
                31.5088348389,
                16.059513092,
                17.4006633759,
                18.1416130066,
                10.9348936081,
                6.94457769394,
                9.11992454529,
                13.0225744247,
                10.7563705444,
                12.548286438,
                15.3426618576,
                13.6321544647,
                12.3486223221,
                8.50886917114,
                5.04143238068,
                2.36770319939,
                1.07627260685,
                0.420490443707,
                0.105988167226,
                0.0187192875892,
                0.00259356037714,
                0.000202972078114
            ],
            "median": [
                0.0261549390852,
                0.333416908979,
                0.55790913105,
                0.938275098801,
                2.46016407013,
                4.26722240448,
                5.71700239182,
                9.5174369812,
                18.1306266785,
                13.0001163483,
                11.2089347839,
                11.8610267639,
                7.88982391357,
                11.2061338425,
                8.34743118286,
                8.71830368042,
                13.1398048401,
                8.83364868164,
                9.27297592163,
                5.09006071091,
                4.72713756561,
                5.8625421524,
                4.72706031799,
                2.70762777328,
                3.74616026878,
                6.35689735413,
                5.25755977631,
                6.13625621796,
                7.74858856201,
                6.42278957367,
                5.64839220047,
                4.19328832626,
                2.63273859024,
                0.990853667259,
                0.297922372818,
                0.0716112852097,
                0.0134821850806,
                0.00131426681764,
                9.91950946627e-05,
                4.86618082505e-05
            ],
            "min": [
                5.02169515705e-22,
                7.93980296952e-21,
                2.75888224923e-20,
                1.49977748605e-20,
                1.96182606825e-19,
                1.40175797287e-19,
                1.49393859259e-19,
                2.50713299635e-19,
                9.9902231833e-19,
                1.54242052717e-18,
                1.62765756019e-18,
                1.21380400368e-18,
                3.46775061131e-18,
                2.84811643869e-18,
                3.30530205838e-18,
                3.60783799075e-18,
                3.2439734402e-18,
                5.05620601432e-18,
                3.78179490075e-18,
                8.68507217701e-18,
                8.64678115927e-18,
                8.82517506608e-18,
                7.11229412136e-18,
                1.42399059733e-17,
                1.6027479673e-17,
                1.74099300871e-17,
                1.97031047013e-17,
                1.64028989027e-17,
                1.91291108394e-17,
                1.43451829042e-17,
                1.60066545739e-17,
                2.02230208035e-17,
                1.70074388903e-17,
                9.42768349809e-18,
                1.06474374119e-17,
                6.45635974794e-18,
                3.26920493042e-18,
                1.75348413906e-18,
                2.96347794205e-19,
                3.57323413059e-20
            ],
            "var": [
                1.04036700726,
                79.3670959473,
                159.911987305,
                86.8608551025,
                96.6039047241,
                203.617996216,
                513.540222168,
                1618.76574707,
                7765.84423828,
                7305.88378906,
                7709.74902344,
                18330.7792969,
                7388.16699219,
                6473.91308594,
                8401.13183594,
                1851.61901855,
                7313.65869141,
                4060.65185547,
                3339.37036133,
                957.684204102,
                1216.33789063,
                1079.58972168,
                273.821228027,
                142.853851318,
                206.361709595,
                390.785919189,
                260.109344482,
                395.904510498,
                638.874816895,
                761.623840332,
                539.25177002,
                156.218292236,
                43.6731987,
                17.167760849,
                5.17079496384,
                1.18322443962,
                0.0848780050874,
                0.00284068286419,
                7.66172815929e-05,
                4.20715196014e-07
            ]
        },
        "erbbands_crest": {
            "dmean": 3.10872650146,
            "dmean2": 4.92027854919,
            "dvar": 8.24058628082,
            "dvar2": 19.1937580109,
            "max": 30.4928684235,
            "mean": 10.5999450684,
            "median": 9.66809940338,
            "min": 2.41852974892,
            "var": 23.1154327393
        },
        "erbbands_flatness_db": {
            "dmean": 0.0201441589743,
            "dmean2": 0.0286985822022,
            "dvar": 0.000414241716499,
            "dvar2": 0.000758216134273,
            "max": 0.373048007488,
            "mean": 0.155767992139,
            "median": 0.152623325586,
            "min": 0.0345943681896,
            "var": 0.00248769856989
        },
        "erbbands_kurtosis": {
            "dmean": 1.51709246635,
            "dmean2": 2.28605175018,
            "dvar": 6.12264585495,
            "dvar2": 13.0925359726,
            "max": 54.0304679871,
            "mean": 1.61449384689,
            "median": 0.258046388626,
            "min": -1.86148095131,
            "var": 15.554058075
        },
        "erbbands_skewness": {
            "dmean": 0.469242423773,
            "dmean2": 0.686734616756,
            "dvar": 0.229343876243,
            "dvar2": 0.465608298779,
            "max": 5.92848348618,
            "mean": 0.818303406239,
            "median": 0.723766624928,
            "min": -6.32295131683,
            "var": 1.11789751053
        },
        "erbbands_spread": {
            "dmean": 10.8754224777,
            "dmean2": 15.9671173096,
            "dvar": 134.530700684,
            "dvar2": 280.535186768,
            "max": 172.616607666,
            "mean": 45.8047218323,
            "median": 41.8342285156,
            "min": 1.90796005726,
            "var": 594.359130859
        },
        "gfcc": {
            "cov": [
                [
                    9118.40332031,
                    158.119094849,
                    -265.669128418,
                    253.677062988,
                    67.7965087891,
                    318.356109619,
                    96.1731719971,
                    228.047927856,
                    41.3211860657,
                    113.676254272,
                    -149.344573975,
                    -59.7591094971,
                    -127.610527039
                ],
                [
                    158.119094849,
                    1361.15844727,
                    340.964630127,
                    166.643569946,
                    180.338760376,
                    84.380531311,
                    95.6961593628,
                    4.62430810928,
                    70.597328186,
                    -21.352273941,
                    72.0466308594,
                    -118.5259552,
                    -8.2028055191
                ],
                [
                    -265.669128418,
                    340.964630127,
                    1368.90893555,
                    433.107116699,
                    406.843048096,
                    75.7755050659,
                    136.3671875,
                    108.393409729,
                    44.7012863159,
                    50.2123794556,
                    51.0799255371,
                    48.8237304688,
                    -87.9290390015
                ],
                [
                    253.677062988,
                    166.643569946,
                    433.107116699,
                    666.262023926,
                    328.435333252,
                    82.7288742065,
                    10.6091327667,
                    95.9262084961,
                    98.7652359009,
                    -21.1184387207,
                    1.29332900047,
                    -13.4409227371,
                    31.4186267853
                ],
                [
                    67.7965087891,
                    180.338760376,
                    406.843048096,
                    328.435333252,
                    580.145874023,
                    171.367156982,
                    165.967575073,
                    143.020568848,
                    88.0745849609,
                    29.6691455841,
                    14.1857147217,
                    -10.2604417801,
                    10.9925899506
                ],
                [
                    318.356109619,
                    84.380531311,
                    75.7755050659,
                    82.7288742065,
                    171.367156982,
                    425.688903809,
                    224.630691528,
                    75.4410171509,
                    0.966278076172,
                    15.6486825943,
                    51.1306266785,
                    -19.9392776489,
                    4.6239695549
                ],
                [
                    96.1731719971,
                    95.6961593628,
                    136.3671875,
                    10.6091327667,
                    165.967575073,
                    224.630691528,
                    406.035064697,
                    93.3560333252,
                    27.6057929993,
                    51.857460022,
                    55.4914970398,
                    -3.05229020119,
                    -27.5552845001
                ],
                [
                    228.047927856,
                    4.62430810928,
                    108.393409729,
                    95.9262084961,
                    143.020568848,
                    75.4410171509,
                    93.3560333252,
                    221.563461304,
                    103.085083008,
                    4.83073997498,
                    1.44832909107,
                    20.5966453552,
                    9.29415893555
                ],
                [
                    41.3211860657,
                    70.597328186,
                    44.7012863159,
                    98.7652359009,
                    88.0745849609,
                    0.966278076172,
                    27.6057929993,
                    103.085083008,
                    230.099014282,
                    68.3617935181,
                    -0.519583165646,
                    -14.6452121735,
                    11.5102977753
                ],
                [
                    113.676254272,
                    -21.352273941,
                    50.2123794556,
                    -21.1184387207,
                    29.6691455841,
                    15.6486825943,
                    51.857460022,
                    4.83073997498,
                    68.3617935181,
                    165.568740845,
                    51.9548873901,
                    -3.64857506752,
                    -27.8457927704
                ],
                [
                    -149.344573975,
                    72.0466308594,
                    51.0799255371,
                    1.29332900047,
                    14.1857147217,
                    51.1306266785,
                    55.4914970398,
                    1.44832909107,
                    -0.519583165646,
                    51.9548873901,
                    140.008590698,
                    44.4222335815,
                    13.2955989838
                ],
                [
                    -59.7591094971,
                    -118.5259552,
                    48.8237304688,
                    -13.4409227371,
                    -10.2604417801,
                    -19.9392776489,
                    -3.05229020119,
                    20.5966453552,
                    -14.6452121735,
                    -3.64857506752,
                    44.4222335815,
                    139.364135742,
                    50.5309753418
                ],
                [
                    -127.610527039,
                    -8.2028055191,
                    -87.9290390015,
                    31.4186267853,
                    10.9925899506,
                    4.6239695549,
                    -27.5552845001,
                    9.29415893555,
                    11.5102977753,
                    -27.8457927704,
                    13.2955989838,
                    50.5309753418,
                    147.62928772
                ]
            ],
            "icov": [
                [
                    0.000136313596158,
                    -7.49988903408e-05,
                    9.98748801067e-05,
                    -0.000132938657771,
                    6.5377302235e-05,
                    -0.000131627064548,
                    4.23839483119e-05,
                    -0.000208742916584,
                    0.000169033868588,
                    -0.000304378336295,
                    0.000334979471518,
                    -0.000201203860343,
                    0.000189857004443
                ],
                [
                    -7.49988903408e-05,
                    0.00108237192035,
                    -0.000374005525373,
                    0.00018142980116,
                    -0.000160806579515,
                    0.000140982534504,
                    -0.000158496695803,
                    0.000431931723142,
                    -0.000612296222243,
                    0.000988099141978,
                    -0.00128589197993,
                    0.00152616936248,
                    -0.000487738405354
                ],
                [
                    9.98748801067e-05,
                    -0.000374005525373,
                    0.00138165405951,
                    -0.000777421984822,
                    -0.000455982604763,
                    8.13221777207e-05,
                    -9.98338509817e-05,
                    -0.000279953208519,
                    0.000516377738677,
                    -0.000672042777296,
                    0.000430871732533,
                    -0.00141137815081,
                    0.00136158626992
                ],
                [
                    -0.000132938657771,
                    0.00018142980116,
                    -0.000777421984822,
                    0.00281174131669,
                    -0.00112371426076,
                    -0.000165435223607,
                    0.000629736867268,
                    0.000257438718108,
                    -0.00112444197293,
                    0.00129555037711,
                    -0.000772088591475,
                    0.00100507470779,
                    -0.000918527075555
                ],
                [
                    6.5377302235e-05,
                    -0.000160806579515,
                    -0.000455982604763,
                    -0.00112371426076,
                    0.0033632167615,
                    -0.000575140002184,
                    -0.000642095983494,
                    -0.00113046530169,
                    0.000185292621609,
                    -0.000784103176557,
                    0.000736859859899,
                    0.000233358485275,
                    -0.000574532372411
                ],
                [
                    -0.000131627064548,
                    0.000140982534504,
                    8.13221777207e-05,
                    -0.000165435223607,
                    -0.000575140002184,
                    0.00392155442387,
                    -0.00180717161857,
                    -0.000425000325777,
                    0.000622918538284,
                    0.000476453045849,
                    -0.00143031252082,
                    0.00135042786133,
                    -0.000704972131643
                ],
                [
                    4.23839483119e-05,
                    -0.000158496695803,
                    -9.98338509817e-05,
                    0.000629736867268,
                    -0.000642095983494,
                    -0.00180717161857,
                    0.00422490527853,
                    -0.00110408104956,
                    0.000202151568374,
                    -0.000742537085898,
                    -0.000520004483406,
                    -0.000174559332663,
                    0.000747618614696
                ],
                [
                    -0.000208742916584,
                    0.000431931723142,
                    -0.000279953208519,
                    0.000257438718108,
                    -0.00113046530169,
                    -0.000425000325777,
                    -0.00110408104956,
                    0.00799552351236,
                    -0.00397522887215,
                    0.00239741802216,
                    -0.000229457888054,
                    -0.00131964369211,
                    0.000244569411734
                ],
                [
                    0.000169033868588,
                    -0.000612296222243,
                    0.000516377738677,
                    -0.00112444197293,
                    0.000185292621609,
                    0.000622918538284,
                    0.000202151568374,
                    -0.00397522887215,
                    0.00797735992819,
                    -0.0044843070209,
                    0.00166138715576,
                    0.000460788956843,
                    -0.000861506559886
                ],
                [
                    -0.000304378336295,
                    0.000988099141978,
                    -0.000672042777296,
                    0.00129555037711,
                    -0.000784103176557,
                    0.000476453045849,
                    -0.000742537085898,
                    0.00239741802216,
                    -0.0044843070209,
                    0.0106618804857,
                    -0.00505133485422,
                    0.00173196266405,
                    0.00109251507092
                ],
                [
                    0.000334979471518,
                    -0.00128589197993,
                    0.000430871732533,
                    -0.000772088591475,
                    0.000736859859899,
                    -0.00143031252082,
                    -0.000520004483406,
                    -0.000229457888054,
                    0.00166138715576,
                    -0.00505133485422,
                    0.0121832992882,
                    -0.0051971739158,
                    0.000145723577589
                ],
                [
                    -0.000201203860343,
                    0.00152616936248,
                    -0.00141137815081,
                    0.00100507470779,
                    0.000233358485275,
                    0.00135042786133,
                    -0.000174559332663,
                    -0.00131964369211,
                    0.000460788956843,
                    0.00173196266405,
                    -0.0051971739158,
                    0.0128706712276,
                    -0.00479941815138
                ],
                [
                    0.000189857004443,
                    -0.000487738405354,
                    0.00136158626992,
                    -0.000918527075555,
                    -0.000574532372411,
                    -0.000704972131643,
                    0.000747618614696,
                    0.000244569411734,
                    -0.000861506559886,
                    0.00109251507092,
                    0.000145723577589,
                    -0.00479941815138,
                    0.010009069927
                ]
            ],
            "mean": [
                9.47445392609,
                65.1891479492,
                -105.610176086,
                28.4492874146,
                -81.5624923706,
                23.166425705,
                -40.4720420837,
                4.55748558044,
                -16.148979187,
                7.37437868118,
                -9.12592411041,
                1.77405202389,
                -7.80663871765
            ]
        },
        "hfc": {
            "dmean": 10.9878635406,
            "dmean2": 15.7166280746,
            "dvar": 237.465362549,
            "dvar2": 471.169403076,
            "max": 201.310562134,
            "mean": 29.2955627441,
            "median": 23.5346870422,
            "min": 1.21269257072e-16,
            "var": 612.577392578
        },
        "melbands": {
            "dmean": [
                0.00319657148793,
                0.00270144664682,
                0.00063784501981,
                0.000361817888916,
                0.000246319337748,
                0.000288153387373,
                0.000487897894345,
                0.000263211841229,
                0.000194205233129,
                0.000157609130838,
                9.46347572608e-05,
                0.000116263036034,
                8.32485966384e-05,
                4.92839462822e-05,
                5.32015474164e-05,
                4.82518044009e-05,
                5.48879615963e-05,
                4.30820618931e-05,
                1.74060569407e-05,
                1.34693018481e-05,
                1.33762487167e-05,
                1.11341578304e-05,
                9.58059808909e-06,
                4.3980976443e-06,
                3.49056426785e-06,
                4.27803934144e-06,
                5.0348453442e-06,
