{
    "lowlevel": {
        "average_loudness": 0.920009672642,
        "barkbands": {
            "dmean": [
                0.000725108140614,
                0.0070349900052,
                0.00274825748056,
                0.00250103930011,
                0.00126685434952,
                0.000747360521927,
                0.000547439034563,
                0.000370957888663,
                0.000588628055993,
                0.000628454727121,
                0.000409555534134,
                0.000422535114922,
                0.000542661931831,
                0.000482139352243,
                0.000547795090824,
                0.000553036981728,
                0.000441171199782,
                0.000328006921336,
                0.000255503284279,
                0.000192461870029,
                0.000179957278306,
                0.000117884359497,
                0.000131754539325,
                9.59878743743e-05,
                7.76383603807e-05,
                5.51409721083e-05,
                7.45836314309e-06
            ],
            "dmean2": [
                0.00120638590306,
                0.0111061614007,
                0.00486934510991,
                0.00453534675762,
                0.00212377798744,
                0.00117494224105,
                0.000911171373446,
                0.000601434148848,
                0.000920359278098,
                0.00101885106415,
                0.00066502369009,
                0.000695353723131,
                0.000863515771925,
                0.000789040117525,
                0.000879619503394,
                0.000879592495039,
                0.000722621101886,
                0.000544079812244,
                0.000421322794864,
                0.0003154881706,
                0.000286892696749,
                0.000190358885447,
                0.000201153117814,
                0.000150300766109,
                0.000121789475088,
                8.78864375409e-05,
                1.25474734887e-05
            ],
            "dvar": [
                8.09457333162e-07,
                8.75261757756e-05,
                3.47263521689e-05,
                4.14687456214e-05,
                5.51798484594e-06,
                1.91192771126e-06,
                9.20762488477e-07,
                1.23970085042e-06,
                2.72190686701e-06,
                2.99018324768e-06,
                1.28334147576e-06,
                1.7059998072e-06,
                2.00829526875e-06,
                1.24822668113e-06,
                1.44449677464e-06,
                1.36327548717e-06,
                1.35791640332e-06,
                3.54687472282e-07,
                2.00886873358e-07,
                7.18354300488e-08,
                7.79227065095e-08,
                5.0096229387e-08,
                5.74642555762e-08,
                2.9591355144e-08,
                2.40279725006e-08,
                1.11744098419e-08,
                4.41190250999e-10
            ],
            "dvar2": [
                2.21258733291e-06,
                0.000196456137928,
                9.79689357337e-05,
                0.000119889853522,
                1.44930827446e-05,
                4.519383765e-06,
                2.36879759541e-06,
                3.13566260957e-06,
                6.26814244242e-06,
                7.65397908253e-06,
                3.4276374663e-06,
                4.59405464426e-06,
                4.706321306e-06,
                3.12840734296e-06,
                3.4477986901e-06,
                3.35889012604e-06,
                3.60538615496e-06,
                9.69182792687e-07,
                5.02368777688e-07,
                1.83616293725e-07,
                1.83666557518e-07,
                1.22898157429e-07,
                1.31646018531e-07,
                6.69133584097e-08,
                5.43067777414e-08,
                2.7195882879e-08,
                1.1871782446e-09
            ],
            "max": [
                0.0145772788674,
                0.0789806097746,
                0.0599270947278,
                0.0663629025221,
                0.0311093740165,
                0.0289518088102,
                0.0179779715836,
                0.0290677491575,
                0.0771769955754,
                0.0529843904078,
                0.027467245236,
                0.0503981821239,
                0.0412079952657,
                0.019500285387,
                0.0294930692762,
                0.0275918040425,
                0.0396662428975,
                0.015455157496,
                0.0105991903692,
                0.00351209612563,
                0.00292766722851,
                0.0024366134312,
                0.00418218551204,
                0.00277028558776,
                0.00309020397253,
                0.00149651383981,
                0.000372766400687
            ],
            "mean": [
                0.000858731917106,
                0.0101985521615,
                0.00303835351951,
                0.00244817277417,
                0.00194876384921,
                0.00126365409233,
                0.000840074673761,
                0.000551680917852,
                0.000877833052073,
                0.000865109963343,
                0.000528533710167,
                0.00058150338009,
                0.00074696727097,
                0.000633826712146,
                0.000781895825639,
                0.000919523008633,
                0.000746703939512,
                0.000572272052523,
                0.00039886587183,
                0.000349032168742,
                0.000319444516208,
                0.000158356095199,
                0.000202704759431,
                0.000159540300956,
                0.000133476598421,
                7.33029301045e-05,
                7.0584619607e-06
            ],
            "median": [
                0.000469513324788,
                0.00676435045898,
                0.000994144007564,
                0.000623111613095,
                0.00087073398754,
                0.000551134697162,
                0.000403609941714,
                0.000166711804923,
                0.00027223106008,
                0.000187567231478,
                0.000157477305038,
                0.000147924307385,
                0.000151574786287,
                0.000189992046217,
                0.000230413832469,
                0.000210155747482,
                0.000174050815986,
                0.000218275439693,
                0.000173382781213,
                0.000216447442654,
                0.000178278918611,
                7.55638902774e-05,
                8.0323581642e-05,
                7.40437535569e-05,
                6.14006567048e-05,
                2.19231751544e-05,
                1.85455019164e-06
            ],
            "min": [
                1.9129353148e-23,
                1.75339198325e-23,
                2.60350020692e-23,
                2.37005654355e-23,
                2.00819626445e-23,
                3.44934952834e-23,
                1.83028067796e-23,
                1.58720723174e-23,
                2.19240207002e-23,
                4.76427621216e-23,
                1.26257850524e-23,
                3.26738361442e-23,
                1.29416481143e-22,
                1.19786597326e-22,
                1.36729398439e-22,
                9.80115687853e-23,
                1.00947185271e-22,
                2.15620777485e-22,
                2.28843146485e-22,
                2.83841594786e-22,
                4.82094936799e-22,
                4.75813433048e-22,
                5.13708039015e-22,
                8.76968969052e-22,
                1.18254697606e-21,
                1.87095511616e-21,
                2.34370943497e-21
            ],
            "var": [
                1.05206095213e-06,
                0.000126851111418,
                2.88259834633e-05,
                2.81445063592e-05,
                8.18270655145e-06,
                4.00741237172e-06,
                1.35288030378e-06,
                1.74748186055e-06,
                4.98310237163e-06,
                4.15134081777e-06,
                1.73825026195e-06,
                3.22099981531e-06,
                4.22148468715e-06,
                1.88314368188e-06,
                2.85643636744e-06,
                4.19036450694e-06,
                3.09296342493e-06,
                9.66189304563e-07,
                3.52705257001e-07,
                1.54624856918e-07,
                1.5249820251e-07,
                6.17525444113e-08,
                9.06695305503e-08,
                5.75400953551e-08,
                5.10584214908e-08,
                1.7110565409e-08,
                3.32666616476e-10
            ]
        },
        "barkbands_crest": {
            "dmean": 3.49694752693,
            "dmean2": 5.52100896835,
            "dvar": 9.7961435318,
            "dvar2": 23.1451950073,
            "max": 26.5677146912,
            "mean": 11.3328886032,
            "median": 10.3897104263,
            "min": 2.17997193336,
            "var": 24.5293159485
        },
        "barkbands_flatness_db": {
            "dmean": 0.0294279623777,
            "dmean2": 0.0448868870735,
            "dvar": 0.00105724472087,
            "dvar2": 0.00221319706179,
            "max": 0.587346374989,
            "mean": 0.126691162586,
            "median": 0.113702826202,
            "min": 0.0156139377505,
            "var": 0.00422837585211
        },
        "barkbands_kurtosis": {
            "dmean": 5.15292835236,
            "dmean2": 8.17497253418,
            "dvar": 446.731201172,
            "dvar2": 1082.85449219,
            "max": 885.789916992,
            "mean": 6.55960035324,
            "median": 1.19225859642,
            "min": -1.89817798138,
            "var": 712.111694336
        },
        "barkbands_skewness": {
            "dmean": 0.781657338142,
            "dmean2": 1.20140326023,
            "dvar": 0.922412276268,
            "dvar2": 2.00089907646,
            "max": 27.4610328674,
            "mean": 1.6622979641,
            "median": 1.39955234528,
            "min": -2.43644762039,
            "var": 2.90985584259
        },
        "barkbands_spread": {
            "dmean": 8.32893371582,
            "dmean2": 12.9137048721,
            "dvar": 90.9952774048,
            "dvar2": 203.846679688,
            "max": 118.571861267,
            "mean": 29.2886009216,
            "median": 28.287109375,
            "min": 0.172570109367,
            "var": 272.142089844
        },
        "dissonance": {
            "dmean": 0.0180983226746,
            "dmean2": 0.0299041699618,
            "dvar": 0.000372351001715,
            "dvar2": 0.00096145371208,
            "max": 0.500000059605,
            "mean": 0.463743001223,
            "median": 0.472122490406,
            "min": 0.210913226008,
            "var": 0.000918916077353
        },
        "dynamic_complexity": 2.5972661972,
        "erbbands": {
            "dmean": [
                0.293709903955,
                1.34780013561,
                2.51222348213,
                6.81717252731,
                6.30626869202,
                3.45426797867,
                4.4646396637,
                6.76477527618,
                7.61656713486,
                7.23625040054,
                9.13039684296,
                9.14772605896,
                18.0613651276,
                21.3438510895,
                13.0834617615,
                14.8384113312,
                22.9569263458,
                23.5402259827,
                25.0308017731,
                26.3518886566,
                25.8034439087,
                26.352722168,
                17.4015865326,
                14.7261562347,
                10.1094179153,
                8.70575809479,
                8.3779592514,
                6.01399803162,
                4.19516658783,
                3.94881772995,
                3.78348493576,
                2.50167703629,
                1.4047935009,
                0.957423150539,
                0.522759437561,
                0.296491980553,
                0.0847564041615,
                0.0196163151413,
                0.00095196114853,
                2.86702888843e-05
            ],
            "dmean2": [
                0.463277369738,
                2.12701749802,
                4.37921714783,
                12.3559484482,
                11.0510387421,
                5.66617441177,
                7.12064981461,
                10.7426128387,
                12.7759389877,
                11.7672863007,
                14.4634943008,
                14.4633808136,
                28.6617679596,
                34.3979797363,
                21.3601818085,
                24.2186527252,
                36.4515647888,
                38.0914421082,
                40.2825737,
                42.1432723999,
                40.7048187256,
                43.0941696167,
                28.6918964386,
                23.9532165527,
                16.6609973907,
                14.2821273804,
                13.3248252869,
                9.62564373016,
                6.93647146225,
                6.05628490448,
                5.81319618225,
                3.90824055672,
                2.21379804611,
                1.53301525116,
                0.819433987141,
                0.470907390118,
                0.135589376092,
                0.0315822549164,
                0.00163218518719,
                4.57647111034e-05
            ],
            "dvar": [
                0.141543328762,
                3.56322073936,
                25.1885452271,
                293.762542725,
                209.85206604,
                35.4381103516,
                77.432510376,
                185.038619995,
                199.90965271,
                192.388259888,
                603.682434082,
                645.014038086,
                2215.72460938,
                2905.3972168,
                1417.23901367,
                1772.71313477,
                3820.71337891,
                2950.25634766,
                2701.1472168,
                2512.89550781,
                2953.1315918,
                4933.47460938,
                1092.56872559,
                674.597473145,
                258.769439697,
                156.493057251,
                179.784179688,
                81.5003051758,
                63.1320381165,
                55.4469032288,
                49.194065094,
                20.3103618622,
                7.94163131714,
                4.02003622055,
                1.06899178028,
                0.343333333731,
                0.0275618974119,
                0.00172851164825,
                1.07905052573e-05,
                2.92613000497e-09
            ],
            "dvar2": [
                0.314105898142,
                8.24207878113,
                69.2466201782,
                844.594421387,
                590.32611084,
                90.3146743774,
                172.796173096,
                447.944030762,
                518.919433594,
                487.822875977,
                1498.76953125,
                1604.61730957,
                5227.04785156,
                7317.12597656,
                3642.05224609,
                4834.29541016,
                9023.26757812,
                7576.23339844,
                6538.11376953,
                5991.77734375,
                7292.69482422,
                13119.2216797,
                2944.87646484,
                1634.3659668,
                665.304199219,
                405.179138184,
                433.471893311,
                193.386352539,
                161.971664429,
                127.055709839,
                112.600631714,
                47.8139038086,
                17.876499176,
                9.09299945831,
                2.44397997856,
                0.815595805645,
                0.0664066001773,
                0.0043840194121,
                2.9796427043e-05,
                7.77612196856e-09
            ],
            "max": [
                3.26925349236,
                17.1246757507,
                47.1658096313,
                165.353683472,
                142.690887451,
                133.892410278,
                239.464569092,
                275.350128174,
                268.410003662,
                285.646850586,
                660.348876953,
                895.585449219,
                1675.40393066,
                1185.2857666,
                1278.37805176,
                1047.26513672,
                1727.27722168,
                897.793457031,
                953.018859863,
                1047.31152344,
                1824.31066895,
                2629.2746582,
                923.463989258,
                711.397216797,
                244.15776062,
                166.364379883,
                188.672912598,
                126.68927002,
                84.9750671387,
                106.01486969,
                136.062011719,
                62.6151008606,
                54.7440948486,
                43.5720825195,
                21.4439659119,
                9.13333702087,
                2.76446485519,
                0.560773789883,
                0.0664110332727,
                0.000902457686607
            ],
            "mean": [
                0.413045495749,
                1.83086955547,
                3.26123690605,
                6.7803401947,
                7.61927461624,
                5.49038076401,
                7.86123752594,
                10.7732133865,
                11.6804733276,
                11.6566381454,
                14.3927745819,
                13.8234863281,
                27.0450992584,
                31.0033226013,
                18.8390331268,
                20.7972278595,
                33.2152709961,
                33.4090423584,
                38.2598152161,
                43.1665878296,
                44.4406852722,
                46.9783973694,
                33.7999343872,
                26.0240154266,
                17.3499736786,
                16.0516929626,
                14.7532424927,
                10.2674150467,
                5.72362709045,
                5.35729026794,
                5.94351434708,
                4.02153110504,
                2.35734796524,
                1.62296521664,
                0.85022598505,
                0.420297026634,
                0.10686391592,
                0.0219662692398,
                0.000868864939548,
                5.65035916225e-05
            ],
            "median": [
                0.229815065861,
                1.09495711327,
                1.38917016983,
                2.20208644867,
                2.83745217323,
                2.7942070961,
                3.68907260895,
                4.12726020813,
                5.55571937561,
                5.90189266205,
                5.33745670319,
                5.08485126495,
                7.44843387604,
                9.74751281738,
                6.89622020721,
                6.19369602203,
                7.98605108261,
                10.6968851089,
                12.5731344223,
                14.0245170593,
                14.0042057037,
                11.0106239319,
                11.6527500153,
                12.316242218,
                9.70803642273,
                9.5245513916,
                8.4374332428,
                5.74418830872,
                2.8308494091,
                2.10956335068,
                2.3115811348,
                1.68587267399,
                1.13175678253,
                0.696131229401,
                0.360953718424,
                0.118523351848,
                0.0360623449087,
                0.00688400119543,
                0.000210001162486,
                4.41570264229e-05
            ],
            "min": [
                1.05169865558e-21,
                2.63623248819e-21,
                1.82127157088e-20,
                7.65842455946e-20,
                3.22652686984e-20,
                9.29645801475e-20,
                1.45261898229e-19,
                3.72453451192e-19,
                2.79631352904e-19,
                2.69459952352e-19,
                3.34548339061e-19,
                5.65053952374e-19,
                1.6479188323e-18,
                1.13612781505e-18,
                9.38870157775e-19,
                2.11351181234e-18,
                6.53566113967e-18,
                7.90841244755e-18,
                7.5258943538e-18,
                8.39752103503e-18,
                5.41517220807e-18,
                5.122914822e-18,
                1.10020307154e-17,
                1.11244046424e-17,
                1.02584218145e-17,
                1.42191520117e-17,
                1.56093266384e-17,
                2.20862120461e-17,
                1.73376940586e-17,
                1.33198073354e-17,
                1.51507377068e-17,
                1.34679884703e-17,
                1.59583654241e-17,
                1.33138954755e-17,
                9.52259585594e-18,
                6.64099886837e-18,
                3.15701545792e-18,
                1.25041925689e-18,
                3.44243412828e-19,
                3.35701978134e-20
            ],
            "var": [
                0.223000749946,
                4.87850618362,
                24.5169734955,
                196.271118164,
                182.408584595,
                57.8122749329,
                192.453704834,
                357.3671875,
                288.867034912,
                289.815795898,
                866.62713623,
                990.581054688,
                3688.07788086,
                4567.62597656,
                2456.98486328,
                2764.5925293,
                8123.58642578,
                4608.08496094,
                5393.80029297,
                6239.20117188,
                8156.63623047,
                11578.0380859,
                3700.38476562,
                1530.92150879,
                444.104125977,
                344.239898682,
                333.234680176,
                160.929412842,
                74.2396774292,
                75.5449371338,
                78.7940979004,
                33.4850654602,
                16.198513031,
                8.60052776337,
                2.08605241776,
                0.568585455418,
                0.0413872003555,
                0.00182216404937,
                7.30184274289e-06,
                2.94254220989e-09
            ]
        },
        "erbbands_crest": {
            "dmean": 3.04823374748,
            "dmean2": 4.99008560181,
            "dvar": 9.2162027359,
            "dvar2": 23.635175705,
            "max": 28.0235557556,
            "mean": 9.04583263397,
            "median": 7.84053945541,
            "min": 2.2719745636,
            "var": 21.082157135
        },
        "erbbands_flatness_db": {
            "dmean": 0.0212762597948,
            "dmean2": 0.0322122983634,
            "dvar": 0.000467708625365,
            "dvar2": 0.0010313707171,
            "max": 0.45734089613,
            "mean": 0.137052848935,
            "median": 0.132965475321,
            "min": 0.0404007360339,
            "var": 0.00194074562751
        },
        "erbbands_kurtosis": {
            "dmean": 1.20858192444,
            "dmean2": 1.91760897636,
            "dvar": 7.12666225433,
            "dvar2": 17.8798427582,
            "max": 155.507232666,
            "mean": 0.917548894882,
            "median": 0.00408494472504,
            "min": -1.72699260712,
            "var": 13.7975893021
        },
        "erbbands_skewness": {
            "dmean": 0.409134179354,
            "dmean2": 0.631387352943,
            "dvar": 0.166906699538,
            "dvar2": 0.387952893972,
            "max": 9.16404819489,
            "mean": -0.0202263407409,
            "median": -0.0910584628582,
            "min": -3.14582443237,
            "var": 0.804467439651
        },
        "erbbands_spread": {
            "dmean": 10.8805837631,
            "dmean2": 17.041841507,
            "dvar": 142.525939941,
            "dvar2": 333.214324951,
            "max": 157.017120361,
            "mean": 41.3637542725,
            "median": 38.371257782,
            "min": 1.05743229389,
            "var": 437.619476318
        },
        "gfcc": {
            "cov": [
                [
                    6010.63183594,
                    -1060.16455078,
                    -554.893432617,
                    82.9827194214,
                    64.4234466553,
                    285.642822266,
                    -130.741470337,
                    411.854064941,
                    58.1055221558,
                    252.975082397,
                    -152.409606934,
                    217.122924805,
                    -79.9083862305
                ],
                [
                    -1060.16455078,
                    1265.90380859,
                    24.8664226532,
                    -17.9784736633,
                    76.6751937866,
                    -174.774749756,
                    105.979850769,
                    -179.129379272,
                    -5.22991943359,
                    -113.873809814,
                    56.7569122314,
                    -176.190322876,
                    73.4753799438
                ],
                [
                    -554.893432617,
                    24.8664226532,
                    731.545166016,
                    79.4938201904,
                    -1.82833266258,
                    31.6371994019,
                    -0.600277721882,
                    -23.4110050201,
                    18.7165241241,
                    -32.9998703003,
                    -22.7336330414,
                    37.7472190857,
                    -83.4837341309
                ],
                [
                    82.9827194214,
                    -17.9784736633,
                    79.4938201904,
                    321.417938232,
                    129.578536987,
                    25.1151981354,
                    29.2895336151,
                    53.95337677,
                    57.6676483154,
                    -18.5061569214,
                    0.604174077511,
                    4.33425569534,
                    18.7453346252
                ],
                [
                    64.4234466553,
                    76.6751937866,
                    -1.82833266258,
                    129.578536987,
                    349.678924561,
                    169.410003662,
                    134.166915894,
                    39.6862983704,
                    82.5829544067,
                    53.1107330322,
                    34.0231819153,
                    12.6583614349,
                    8.58457279205
                ],
                [
                    285.642822266,
                    -174.774749756,
                    31.6371994019,
                    25.1151981354,
                    169.410003662,
                    314.499420166,
                    129.397171021,
                    34.6697998047,
                    25.370306015,
                    46.579864502,
                    23.1655349731,
                    22.559928894,
                    -47.700504303
                ],
                [
                    -130.741470337,
                    105.979850769,
                    -0.600277721882,
                    29.2895336151,
                    134.166915894,
                    129.397171021,
                    212.701370239,
                    33.7678565979,
                    40.4677276611,
                    15.7750320435,
                    16.7177371979,
                    5.10948228836,
                    12.7736501694
                ],
                [
                    411.854064941,
                    -179.129379272,
                    -23.4110050201,
                    53.95337677,
                    39.6862983704,
                    34.6697998047,
                    33.7678565979,
                    211.682250977,
                    82.5326385498,
                    34.6866188049,
                    -6.81884765625,
                    43.4301452637,
                    34.5323600769
                ],
                [
                    58.1055221558,
                    -5.22991943359,
                    18.7165241241,
                    57.6676483154,
                    82.5829544067,
                    25.370306015,
                    40.4677276611,
                    82.5326385498,
                    158.000366211,
                    62.6902198792,
                    6.89888620377,
                    19.9633903503,
                    13.7956199646
                ],
                [
                    252.975082397,
                    -113.873809814,
                    -32.9998703003,
                    -18.5061569214,
                    53.1107330322,
                    46.579864502,
                    15.7750320435,
                    34.6866188049,
                    62.6902198792,
                    137.473571777,
                    39.3433647156,
                    27.8607578278,
                    -2.70126843452
                ],
                [
                    -152.409606934,
                    56.7569122314,
                    -22.7336330414,
                    0.604174077511,
                    34.0231819153,
                    23.1655349731,
                    16.7177371979,
                    -6.81884765625,
                    6.89888620377,
                    39.3433647156,
                    111.472091675,
                    33.2070007324,
                    17.9510803223
                ],
                [
                    217.122924805,
                    -176.190322876,
                    37.7472190857,
                    4.33425569534,
                    12.6583614349,
                    22.559928894,
                    5.10948228836,
                    43.4301452637,
                    19.9633903503,
                    27.8607578278,
                    33.2070007324,
                    133.374191284,
                    18.9176292419
                ],
                [
                    -79.9083862305,
                    73.4753799438,
                    -83.4837341309,
                    18.7453346252,
                    8.58457279205,
                    -47.700504303,
                    12.7736501694,
                    34.5323600769,
                    13.7956199646,
                    -2.70126843452,
                    17.9510803223,
                    18.9176292419,
                    117.846252441
                ]
            ],
            "icov": [
                [
                    0.000363059982192,
                    -0.000275212456472,
                    0.000418845593231,
                    -0.000350517511833,
                    0.000175795546966,
                    -0.000607527676038,
                    0.00064812292112,
                    -0.00075405248208,
                    0.000584114342928,
                    -0.000975361966994,
                    0.00117250322364,
                    -0.00100927660242,
                    0.000554914004169
                ],
                [
                    -0.000275212456472,
                    0.00246661552228,
                    -0.000755246670451,
                    0.00109080888797,
                    -0.00129247980658,
                    0.00242332136258,
                    -0.00217007170431,
                    0.00202996120788,
                    -0.00165271759033,
                    0.00281782564707,
                    -0.00319245364517,
                    0.00369546608999,
                    -0.0015664966777
                ],
                [
                    0.000418845593231,
                    -0.000755246670451,
                    0.00224450370297,
                    -0.00106036826037,
                    0.000666188600007,
                    -0.00112141121645,
                    0.000946189684328,
                    -0.000770933926105,
                    0.000366636930266,
                    -0.000961783574894,
                    0.00200149556622,
                    -0.00260088616051,
                    0.0021821691189
                ],
                [
                    -0.000350517511833,
                    0.00109080888797,
                    -0.00106036826037,
                    0.00500624952838,
                    -0.00252997665666,
                    0.00163432117552,
                    -0.00058415933745,
                    0.000385198974982,
                    -0.00195533502847,
                    0.00340394326486,
                    -0.00229352829047,
                    0.00235966010951,
                    -0.0013915192103
                ],
                [
                    0.000175795546966,
                    -0.00129247980658,
                    0.000666188600007,
                    -0.00252997665666,
                    0.00645565567538,
                    -0.00348839117214,
                    -0.000567322247662,
                    -0.000217297216295,
                    -0.000689328706358,
                    -0.00246148300357,
                    0.00128370430321,
                    -0.00175395270344,
                    0.000152613996761
                ],
                [
                    -0.000607527676038,
                    0.00242332136258,
                    -0.00112141121645,
                    0.00163432117552,
                    -0.00348839117214,
                    0.00879266113043,
                    -0.0050899120979,
                    0.00149160309229,
                    -0.000546293507796,
                    0.00243879342452,
                    -0.00425933953375,
                    0.0034757417161,
                    0.00116120476741
                ],
                [
                    0.00064812292112,
                    -0.00217007170431,
                    0.000946189684328,
                    -0.00058415933745,
                    -0.000567322247662,
                    -0.0050899120979,
                    0.00994552019984,
                    -0.00271648052149,
                    0.000844014808536,
                    -0.00203557009809,
                    0.00339439394884,
                    -0.00331618497148,
                    0.000124592232169
                ],
                [
                    -0.00075405248208,
                    0.00202996120788,
                    -0.000770933926105,
                    0.000385198974982,
                    -0.000217297216295,
                    0.00149160309229,
                    -0.00271648052149,
                    0.00956877414137,
                    -0.00513464584947,
                    0.00289298547432,
                    -0.0022231999319,
                    0.00210051937029,
                    -0.00360540463589
                ],
                [
                    0.000584114342928,
                    -0.00165271759033,
                    0.000366636930266,
                    -0.00195533502847,
                    -0.000689328706358,
                    -0.000546293507796,
                    0.000844014808536,
                    -0.00513464584947,
                    0.0125835193321,
                    -0.00723156705499,
                    0.00402867933735,
                    -0.00296024139971,
                    0.00146216340363
                ],
                [
                    -0.000975361966994,
                    0.00281782564707,
                    -0.000961783574894,
                    0.00340394326486,
                    -0.00246148300357,
                    0.00243879342452,
                    -0.00203557009809,
                    0.00289298547432,
                    -0.00723156705499,
                    0.0160882174969,
                    -0.00861265324056,
                    0.00447836704552,
                    -0.00129329832271
                ],
                [
                    0.00117250322364,
                    -0.00319245364517,
                    0.00200149556622,
                    -0.00229352829047,
                    0.00128370430321,
                    -0.00425933953375,
                    0.00339439394884,
                    -0.0022231999319,
                    0.00402867933735,
                    -0.00861265324056,
                    0.0177034921944,
                    -0.00879022013396,
                    0.0010795063572
                ],
                [
                    -0.00100927660242,
                    0.00369546608999,
                    -0.00260088616051,
                    0.00235966010951,
                    -0.00175395270344,
                    0.0034757417161,
                    -0.00331618497148,
                    0.00210051937029,
                    -0.00296024139971,
                    0.00447836704552,
                    -0.00879022013396,
                    0.0160690378398,
                    -0.00471905386075
                ],
                [
                    0.000554914004169,
                    -0.0015664966777,
                    0.0021821691189,
                    -0.0013915192103,
                    0.000152613996761,
                    0.00116120476741,
                    0.000124592232169,
                    -0.00360540463589,
                    0.00146216340363,
                    -0.00129329832271,
                    0.0010795063572,
                    -0.00471905386075,
                    0.0134999873117
                ]
            ],
            "mean": [
                14.6289310455,
                72.2185211182,
                -107.111152649,
                42.9376296997,
                -46.754573822,
                20.6775054932,
                -34.8369827271,
                16.3475227356,
                -22.595916748,
                8.1789522171,
                -15.7796831131,
                2.43963861465,
                -8.85495567322
            ]
        },
        "hfc": {
            "dmean": 8.88983726501,
            "dmean2": 13.9101085663,
            "dvar": 135.87260437,
            "dvar2": 331.352111816,
            "max": 139.59715271,
            "mean": 24.9086818695,
            "median": 21.1873321533,
            "min": 1.17111582616e-16,
            "var": 418.569091797
        },
        "melbands": {
            "dmean": [
                0.00222781533375,
                0.00132521695923,
                0.00113966525532,
                0.000330141425366,
                0.000145771104144,
                0.000147730941535,
                0.000116518676805,
                7.94162551756e-05,
                7.68196405261e-05,
                6.90897868481e-05,
                9.58349191933e-05,
                9.1413516202e-05,
                4.8419336963e-05,
                4.33378008893e-05,
                4.64686527266e-05,
                5.85783964198e-05,
                4.34766152466e-05,
                4.08921914641e-05,
                4.69124315714e-05,
                4.14784663008e-05,
                2.87500570266e-05,
                3.0913088267e-05,
                1.61764255608e-05,
                1.90554310393e-05,
                1.28525825858e-05,
                8.69986251928e-06,
                7.61586989029e-06,
                6.21740491624e-06,
                5.61964452572e-06,
