{
    "lowlevel": {
        "average_loudness": 0.897114932537,
        "barkbands": {
            "dmean": [
                0.000646477390546,
                0.00563731230795,
                0.00341994641349,
                0.00175079610199,
                0.00214940449223,
                0.000900733284652,
                0.000949064793531,
                0.000946192187257,
                0.000673087430187,
                0.000628001405858,
                0.000541293877177,
                0.000226625925279,
                0.000393110560253,
                0.000471885898151,
                0.000447065860499,
                0.000318164908094,
                0.000259092368651,
                0.000132303452119,
                0.000166553829331,
                0.000146795631736,
                0.000138213610626,
                0.000135032780236,
                0.000142665259773,
                0.000180066563189,
                0.000116987066576,
                2.52789050137e-05,
                3.53181212631e-06
            ],
            "dmean2": [
                0.00102148181759,
                0.00909454096109,
                0.00586790498346,
                0.00307300873101,
                0.00361092528328,
                0.00141958845779,
                0.00144366337918,
                0.00141432229429,
                0.000993281719275,
                0.00090278062271,
                0.000763529154938,
                0.000352452829247,
                0.000601518375333,
                0.000705063343048,
                0.000694095215295,
                0.000488567107823,
                0.000426464743214,
                0.000214369007153,
                0.000264141475782,
                0.000222655173275,
                0.000211779697565,
                0.000216930158786,
                0.000194980981178,
                0.000245845585596,
                0.000161801173817,
                3.75064191758e-05,
                5.98350925429e-06
            ],
            "dvar": [
                3.61728461939e-06,
                0.000314701377647,
                0.000116941831948,
                4.5510900236e-05,
                2.95599602396e-05,
                4.25021880801e-06,
                4.66035544378e-06,
                6.09071457802e-06,
                3.40829024026e-06,
                3.04591594613e-06,
                1.87666921647e-06,
                4.52738845524e-07,
                1.3118269635e-06,
                1.48899061969e-06,
                8.79822096067e-07,
                4.79781135709e-07,
                3.80870545769e-07,
                1.54168304789e-07,
                1.22559526972e-07,
                1.02189105178e-07,
                8.82632988919e-08,
                9.6519116255e-08,
                1.58083054203e-07,
                2.50904463428e-07,
                1.20277846349e-07,
                5.71217917411e-09,
                9.13362108168e-10
            ],
            "dvar2": [
                8.32930618344e-06,
                0.000737242109608,
                0.000334463024046,
                0.000132967790705,
                8.36445760797e-05,
                1.04209311758e-05,
                1.06265142676e-05,
                1.40683187055e-05,
                7.85005704529e-06,
                6.35509695712e-06,
                3.4695483464e-06,
                1.09984387109e-06,
                2.97668998428e-06,
                3.25041219185e-06,
                2.04368143386e-06,
                1.05306094156e-06,
                9.56019448495e-07,
                4.2485976337e-07,
                2.92311511885e-07,
                2.26157553129e-07,
                1.87048243561e-07,
                2.13470627841e-07,
                2.66506162916e-07,
                4.23587295018e-07,
                2.20512305305e-07,
                1.12694173993e-08,
                2.61910093613e-09
            ],
            "max": [
                0.0412436537445,
                0.230172902346,
                0.160108983517,
                0.0903809964657,
                0.0860298275948,
                0.0626523345709,
                0.0448504984379,
                0.0636328309774,
                0.0524661540985,
                0.0363726876676,
                0.0390109494328,
                0.0198098346591,
                0.0305871460587,
                0.0230832211673,
                0.0150160910562,
                0.0154258497059,
                0.0130404159427,
                0.0180597957224,
                0.00883621349931,
                0.0100785885006,
                0.00698082661256,
                0.00602644030005,
                0.0103138256818,
                0.0121530219913,
                0.0105190295726,
                0.0021280515939,
                0.000757681787945
            ],
            "mean": [
                0.00243104971014,
                0.0179917309433,
                0.00610531726852,
                0.00270745158195,
                0.00355253391899,
                0.00154627754819,
                0.00173327780794,
                0.00178496632725,
                0.00115662324242,
                0.00115264579654,
                0.00101265090052,
                0.000335282209562,
                0.000628291221801,
                0.000731887063012,
                0.00068115448812,
                0.000470646307804,
                0.000345581356669,
                0.000194164793356,
                0.000275382073596,
                0.000281773187453,
                0.000254653219599,
                0.000215224528802,
                0.000251278252108,
                0.000344987522112,
                0.000214218671317,
                3.80151104764e-05,
                3.1746787954e-06
            ],
            "median": [
                1.71882056748e-05,
                0.00533816404641,
                0.002933655167,
                0.000945873442106,
                0.00211618375033,
                0.000536911888048,
                0.000445556361228,
                0.000324068241753,
                0.000228707300266,
                0.000139821146149,
                0.000145922036609,
                6.42895683995e-05,
                0.000104247694253,
                0.000133127134177,
                0.000171476058313,
                9.28063818719e-05,
                6.03440894338e-05,
                5.23702547071e-05,
                7.85586526035e-05,
                0.000103240497992,
                7.56922672736e-05,
                5.19869026903e-05,
                6.29168134765e-05,
                0.000111753688543,
                6.06014691584e-05,
                8.07625565358e-06,
                2.26599894404e-07
            ],
            "min": [
                5.77291565884e-24,
                1.31011691999e-23,
                4.9424206472e-24,
                5.86853033372e-24,
                2.07807245902e-23,
                6.73720282108e-23,
                1.75883370354e-23,
                4.07356001651e-23,
                7.65332213644e-23,
                6.85929261457e-23,
                1.06904448257e-22,
                6.56045758863e-23,
                9.98787015738e-23,
                1.43670238445e-22,
                1.02610242899e-22,
                1.35727822768e-22,
                1.08893400102e-22,
                2.79176208283e-22,
                2.03028828254e-22,
                2.62834771616e-22,
                3.31169159644e-22,
                5.51732245363e-22,
                6.62618320733e-22,
                7.28829120448e-22,
                1.02139922765e-21,
                1.45892354854e-21,
                2.74534964711e-21
            ],
            "var": [
                3.55056399712e-05,
                0.000639653997496,
                0.000102972378954,
                3.26039989886e-05,
                2.63468427875e-05,
                7.29780549591e-06,
                9.67859432421e-06,
                1.38898094519e-05,
                6.47059050607e-06,
                8.28317752166e-06,
                5.97315965933e-06,
                9.08383242404e-07,
                3.09822530653e-06,
                3.03099477605e-06,
                1.71320027675e-06,
                9.19418653211e-07,
                6.90069214215e-07,
                2.12692214063e-07,
                2.83601309548e-07,
                2.87638982854e-07,
                2.18537053343e-07,
                2.07777759442e-07,
                4.59908875428e-07,
                7.68994027567e-07,
                3.17995841215e-07,
                1.1497439445e-08,
                5.48794842903e-10
            ]
        },
        "barkbands_crest": {
            "dmean": 2.31613659859,
            "dmean2": 3.59396672249,
            "dvar": 6.91050577164,
            "dvar2": 16.2022628784,
            "max": 26.9349994659,
            "mean": 13.0047044754,
            "median": 12.5117444992,
            "min": 2.79787063599,
            "var": 24.0536823273
        },
        "barkbands_flatness_db": {
            "dmean": 0.0255704261363,
            "dmean2": 0.0348006933928,
            "dvar": 0.000936200667638,
            "dvar2": 0.00160120218061,
            "max": 0.688744783401,
            "mean": 0.184601828456,
            "median": 0.16756722331,
            "min": 0.0305163860321,
            "var": 0.00691469106823
        },
        "barkbands_kurtosis": {
            "dmean": 12.8012294769,
            "dmean2": 19.7185020447,
            "dvar": 10701.7363281,
            "dvar2": 21131.1289063,
            "max": 9141.25585938,
            "mean": 50.8049697876,
            "median": 3.98513889313,
            "min": -1.969617486,
            "var": 216466.203125
        },
        "barkbands_skewness": {
            "dmean": 0.780844390392,
            "dmean2": 1.12209975719,
            "dvar": 1.69964337349,
            "dvar2": 2.99558734894,
            "max": 92.6197433472,
            "mean": 2.97321367264,
            "median": 1.96622824669,
            "min": -6.60489797592,
            "var": 37.3052330017
        },
        "barkbands_spread": {
            "dmean": 6.23926925659,
            "dmean2": 9.13658714294,
            "dvar": 95.3176193237,
            "dvar2": 172.246398926,
            "max": 117.450836182,
            "mean": 21.2709770203,
            "median": 17.9102134705,
            "min": 0.0596517138183,
            "var": 325.765045166
        },
        "dissonance": {
            "dmean": 0.0234930068254,
            "dmean2": 0.038725733757,
            "dvar": 0.000550018332433,
            "dvar2": 0.00142949668225,
            "max": 0.499999970198,
            "mean": 0.445613741875,
            "median": 0.453592002392,
            "min": 0.169419571757,
            "var": 0.00148790830281
        },
        "dynamic_complexity": 2.73727917671,
        "erbbands": {
            "dmean": [
                0.167985886335,
                1.30547213554,
                3.44659733772,
                5.16313028336,
                5.73511838913,
                8.33812046051,
                7.32093763351,
                7.71128988266,
                10.2964830399,
                22.1037368774,
                15.5454950333,
                16.2165260315,
                17.3862380981,
                18.1916484833,
                19.8825626373,
                10.4924879074,
                16.6307125092,
                23.9840736389,
                20.9410037994,
                22.116985321,
                15.7823419571,
                12.4655323029,
                7.60055780411,
                6.50751209259,
                8.79304599762,
                7.05967950821,
                5.55479192734,
                5.61344003677,
                5.1083984375,
                3.81823587418,
                4.23487663269,
                3.80011582375,
                3.02931189537,
                1.69120895863,
                0.668210327625,
                0.185287222266,
                0.0320126488805,
                0.00531600369141,
                0.000541785964742,
                4.15507420257e-05
            ],
            "dmean2": [
                0.266622185707,
                2.1150033474,
                5.67914295197,
                8.98026180267,
                9.98515319824,
                13.7415590286,
                11.753862381,
                12.1296615601,
                15.3753633499,
                33.3126220703,
                23.4570178986,
                23.6454906464,
                25.3321990967,
                25.9279670715,
                27.6942615509,
                15.8872423172,
                24.6950206757,
                35.7797203064,
                32.3511505127,
                34.0126342773,
                24.7519245148,
                20.1700439453,
                12.1814365387,
                10.698307991,
                13.5434474945,
                10.5892963409,
                8.10828495026,
                8.9716091156,
                8.34309387207,
                5.36674833298,
                5.84125232697,
                5.23880958557,
                4.19942617416,
                2.34636235237,
                0.918087244034,
                0.268510133028,
                0.0471293628216,
                0.00852701254189,
                0.000887783942744,
                6.64294275339e-05
            ],
            "dvar": [
                0.177730426192,
                20.9019527435,
                100.552787781,
                368.956787109,
                406.870422363,
                373.427246094,
                217.886520386,
                387.744476318,
                655.586791992,
                2217.41577148,
                2489.76611328,
                2021.84423828,
                2974.32543945,
                2720.99243164,
                2227.81787109,
                996.257995605,
                2463.59667969,
                4236.84375,
                2333.28979492,
                2305.82983398,
                1206.90234375,
                922.052612305,
                536.636169434,
                248.157745361,
                346.681030273,
                242.070648193,
                168.328674316,
                163.283935547,
                152.499389648,
                98.8230667114,
                143.383651733,
                120.823577881,
                69.0552368164,
                26.5738334656,
                4.06204080582,
                0.31418389082,
                0.00903787650168,
                0.00129835645203,
                1.55737998284e-05,
                6.78306903978e-08
            ],
            "dvar2": [
                0.434714913368,
                47.7246131897,
                265.810577393,
                1074.7310791,
                1185.75708008,
                1021.89923096,
                565.539611816,
                929.980285645,
                1440.84777832,
                5014.96044922,
                6010.02978516,
                4649.45800781,
                6580.51171875,
                5496.96240234,
                3966.57666016,
                2361.5,
                5209.19189453,
                9403.671875,
                5461.6796875,
                5249.56494141,
                2873.63232422,
                2222.83618164,
                1485.6027832,
                633.058166504,
                801.03326416,
                523.663024902,
                350.393493652,
                377.775238037,
                353.430786133,
                174.904754639,
                248.481231689,
                195.012161255,
                124.255874634,
                50.3625564575,
                7.37418270111,
                0.592797279358,
                0.0193525105715,
                0.00373513996601,
                4.35528017988e-05,
                1.90022049651e-07
            ],
            "max": [
                5.7051024437,
                56.9056549072,
                148.479156494,
                240.21937561,
                292.657226563,
                451.58026123,
                232.385894775,
                609.70690918,
                543.849609375,
                799.476745605,
                1674.52307129,
                1441.56799316,
                1333.08605957,
                1354.85900879,
                1219.36108398,
                1013.81011963,
                1621.61206055,
                1233.81396484,
                835.364379883,
                977.602844238,
                628.298278809,
                663.410400391,
                1140.19885254,
                406.009094238,
                437.825408936,
                483.970123291,
                445.730407715,
                327.044250488,
                252.354995728,
                250.605285645,
                366.36227417,
                279.964599609,
                232.467498779,
                189.096450806,
                53.5872116089,
                15.1991682053,
                2.22996282578,
                1.0172328949,
                0.085428096354,
                0.00632576690987
            ],
            "mean": [
                0.638037145138,
                3.53023910522,
                7.25094223022,
                8.59503746033,
                8.65840816498,
                13.706486702,
                13.0900287628,
                12.860367775,
                19.0044002533,
                43.0653648376,
                28.8239803314,
                29.6967430115,
                32.5114517212,
                33.3215522766,
                39.23387146,
                18.530626297,
                29.1572113037,
                40.377532959,
                33.8677902222,
                33.7338981628,
                23.5780467987,
                18.0591869354,
                12.0207300186,
                9.92631721497,
                15.6966733932,
                14.5570201874,
                11.1813793182,
                9.454621315,
                7.94152545929,
                6.58516454697,
                7.48128509521,
                7.06669569016,
                5.59772729874,
                3.10430669785,
                1.15176379681,
                0.291055083275,
                0.0477659739554,
                0.0060554575175,
                0.000558103027288,
                8.58523271745e-05
            ],
            "median": [
                0.0430650934577,
                1.29204368591,
                3.5903711319,
                4.35222816467,
                4.05281352997,
                7.14235258102,
                6.70478582382,
                4.34974718094,
                5.21073484421,
                10.9353551865,
                8.57853126526,
                7.46237230301,
                6.25465106964,
                6.44651269913,
                7.53152704239,
                4.64324617386,
                5.48927021027,
                8.2536945343,
                9.45736885071,
                9.70489883423,
                5.23063421249,
                3.55738019943,
                3.30703139305,
                3.06384420395,
                4.95963287354,
                5.40745449066,
                3.58758473396,
                2.5983479023,
                1.76912200451,
                1.74152171612,
                1.95916855335,
                1.98812639713,
                1.79171037674,
                0.886432826519,
                0.300484657288,
                0.0676623731852,
                0.0100375926122,
                0.000928464927711,
                8.046846051e-05,
                5.78423096158e-05
            ],
            "min": [
                4.54677514369e-22,
                3.68447126295e-21,
                9.79406321408e-21,
                1.47418076974e-20,
                5.63215905354e-20,
                7.86955142482e-20,
                2.18397782946e-19,
                4.87622454112e-19,
                4.2483132891e-19,
                5.79889746853e-19,
                1.28901891639e-18,
                1.23803388158e-18,
                1.75582175148e-18,
                2.67648969647e-18,
                4.09788790976e-18,
                2.9610096351e-18,
                4.24777096881e-18,
                6.76599040842e-18,
                5.74991110887e-18,
                1.14122072473e-17,
                6.93155515751e-18,
                6.57358033972e-18,
                1.63996398111e-17,
                8.28316414252e-18,
                9.383963694e-18,
                1.1965183277e-17,
                1.10699298359e-17,
                1.76816886968e-17,
                1.75416734889e-17,
                1.63780288904e-17,
                1.90365840704e-17,
                1.5157447796e-17,
                1.3101525125e-17,
                1.00709702799e-17,
                8.09506492559e-18,
                4.60644475422e-18,
                2.77452445434e-18,
                1.45027974136e-18,
                4.02998956466e-19,
                3.8310546953e-20
            ],
            "var": [
                0.825194239616,
                34.5806770325,
                122.814239502,
                248.277359009,
                274.539855957,
                418.7734375,
                354.185516357,
                639.143798828,
                1484.83642578,
                5650.72509766,
                4061.11987305,
                4158.50878906,
                6417.79150391,
                7441.91455078,
                7558.97167969,
                2172.51464844,
                6652.69091797,
                9171.01757813,
                4707.12158203,
                4297.92626953,
                2144.41870117,
                1830.83850098,
                791.221557617,
                398.711181641,
                862.840942383,
                760.290039063,
                526.449645996,
                311.073120117,
                298.553222656,
                268.764770508,
                404.373779297,
                366.921905518,
                196.495773315,
                68.4293441772,
                9.88631820679,
                0.664067327976,
                0.0169956665486,
                0.000840824679472,
                1.0314280189e-05,
                4.6286135813e-08
            ]
        },
        "erbbands_crest": {
            "dmean": 2.80274009705,
            "dmean2": 4.36369085312,
            "dvar": 7.68266105652,
            "dvar2": 17.7423000336,
            "max": 32.6747932434,
            "mean": 10.7481079102,
            "median": 9.64903640747,
            "min": 2.5375893116,
            "var": 24.1238098145
        },
        "erbbands_flatness_db": {
            "dmean": 0.0179366059601,
            "dmean2": 0.02605301328,
            "dvar": 0.000370770867448,
            "dvar2": 0.000730059342459,
            "max": 0.365798354149,
            "mean": 0.160251200199,
            "median": 0.153053417802,
            "min": 0.0227072238922,
            "var": 0.00231801858172
        },
        "erbbands_kurtosis": {
            "dmean": 1.39761388302,
            "dmean2": 2.11777997017,
            "dvar": 6.4919295311,
            "dvar2": 13.30148983,
            "max": 66.2608261108,
            "mean": 1.47571325302,
            "median": 0.425179570913,
            "min": -1.90402019024,
            "var": 14.1746091843
        },
        "erbbands_skewness": {
            "dmean": 0.452010244131,
            "dmean2": 0.663698852062,
            "dvar": 0.269172668457,
            "dvar2": 0.505170345306,
            "max": 7.2013168335,
            "mean": 0.467076033354,
            "median": 0.436899572611,
            "min": -4.77765274048,
            "var": 1.18610310555
        },
        "erbbands_spread": {
            "dmean": 10.6141014099,
            "dmean2": 15.9390087128,
            "dvar": 193.036834717,
            "dvar2": 439.346588135,
            "max": 194.54927063,
            "mean": 43.503326416,
            "median": 38.436340332,
            "min": 3.0694873333,
            "var": 670.068115234
        },
        "gfcc": {
            "cov": [
                [
                    16484.7128906,
                    -621.25994873,
                    -828.857116699,
                    219.244277954,
                    -1174.27990723,
                    711.979980469,
                    -460.666656494,
                    704.702087402,
                    -207.004714966,
                    515.678527832,
                    26.7241973877,
                    -29.5224323273,
                    -44.0113372803
                ],
                [
                    -621.25994873,
                    2051.57275391,
                    -102.688850403,
                    -158.456863403,
                    503.625640869,
                    -313.329345703,
                    246.818359375,
                    -268.881530762,
                    54.7066917419,
                    -214.311386108,
                    71.3293685913,
                    -155.616455078,
                    25.9557151794
                ],
                [
                    -828.857116699,
                    -102.688850403,
                    992.168640137,
                    305.613555908,
                    143.402023315,
                    172.791885376,
                    -17.2339878082,
                    54.9095001221,
                    68.3288955688,
                    -15.3424854279,
                    -23.5114822388,
                    30.2625694275,
                    -51.0965232849
                ],
                [
                    219.244277954,
                    -158.456863403,
                    305.613555908,
                    641.405761719,
                    204.36756897,
                    43.5228309631,
                    27.6004772186,
                    47.9225921631,
                    147.686965942,
                    33.0502357483,
                    -6.70802974701,
                    54.3830413818,
                    11.0038642883
                ],
                [
                    -1174.27990723,
                    503.625640869,
                    143.402023315,
                    204.36756897,
                    666.167053223,
                    -13.9005508423,
                    214.38079834,
                    -31.9936599731,
                    151.149246216,
                    -17.7054214478,
                    32.6956520081,
                    44.4708328247,
                    20.9331607819
                ],
                [
                    711.979980469,
                    -313.329345703,
                    172.791885376,
                    43.5228309631,
                    -13.9005508423,
                    440.688354492,
                    113.198913574,
                    168.125061035,
                    32.1944084167,
                    100.959632874,
                    59.8756065369,
                    8.08525657654,
                    -13.0297327042
                ],
                [
                    -460.666656494,
                    246.818359375,
                    -17.2339878082,
                    27.6004772186,
                    214.38079834,
                    113.198913574,
                    354.11428833,
                    56.8759117126,
                    73.7392501831,
                    76.0294189453,
                    109.846298218,
                    27.0319442749,
                    29.2204971313
                ],
                [
                    704.702087402,
                    -268.881530762,
                    54.9095001221,
                    47.9225921631,
                    -31.9936599731,
                    168.125061035,
                    56.8759117126,
                    305.096191406,
                    96.4205245972,
                    105.078147888,
                    49.7281608582,
                    37.2406044006,
                    15.0608854294
                ],
                [
                    -207.004714966,
                    54.7066917419,
                    68.3288955688,
                    147.686965942,
                    151.149246216,
                    32.1944084167,
                    73.7392501831,
                    96.4205245972,
                    238.440155029,
                    43.6762695313,
                    30.6275749207,
                    53.7873344421,
                    13.7696180344
                ],
                [
                    515.678527832,
                    -214.311386108,
                    -15.3424854279,
                    33.0502357483,
                    -17.7054214478,
                    100.959632874,
                    76.0294189453,
                    105.078147888,
                    43.6762695313,
                    235.640075684,
                    114.461051941,
                    44.6207580566,
                    34.7438201904
                ],
                [
                    26.7241973877,
                    71.3293685913,
                    -23.5114822388,
                    -6.70802974701,
                    32.6956520081,
                    59.8756065369,
                    109.846298218,
                    49.7281608582,
                    30.6275749207,
                    114.461051941,
                    197.542861938,
                    46.5309371948,
                    36.7928771973
                ],
                [
                    -29.5224323273,
                    -155.616455078,
                    30.2625694275,
                    54.3830413818,
                    44.4708328247,
                    8.08525657654,
                    27.0319442749,
                    37.2406044006,
                    53.7873344421,
                    44.6207580566,
                    46.5309371948,
                    153.118255615,
                    33.1985664368
                ],
                [
                    -44.0113372803,
                    25.9557151794,
                    -51.0965232849,
                    11.0038642883,
                    20.9331607819,
                    -13.0297327042,
                    29.2204971313,
                    15.0608854294,
                    13.7696180344,
                    34.7438201904,
                    36.7928771973,
                    33.1985664368,
                    107.134727478
                ]
            ],
            "icov": [
                [
                    0.00015604463988,
                    -0.000321565370541,
                    0.000263573718257,
                    -0.000338209210895,
                    0.000306831410853,
                    -0.00043711924809,
                    0.000418816838646,
                    -0.000402108649723,
                    0.000368011795217,
                    -0.000515650317539,
                    0.000356197066139,
                    -0.000413954607211,
                    0.000257512641838
                ],
                [
                    -0.000321565370541,
                    0.00190654513426,
                    -0.000671512796544,
                    0.001159083331,
                    -0.00130367535166,
                    0.0016473835567,
                    -0.00152136036195,
                    0.00133965432178,
                    -0.00136330304667,
                    0.00217964197509,
                    -0.00190873036627,
                    0.00247021461837,
                    -0.000993215944618
                ],
                [
                    0.000263573718257,
                    -0.000671512796544,
                    0.00182967609726,
                    -0.00118050992023,
                    0.000313816126436,
                    -0.00143475190271,
                    0.00116647453979,
                    -0.000759896123782,
                    0.000764021882787,
                    -0.000716222799383,
                    0.000668450084049,
                    -0.0011040577665,
                    0.00106435327325
                ],
                [
                    -0.000338209210895,
                    0.001159083331,
                    -0.00118050992023,
                    0.00312251481228,
                    -0.00133901357185,
                    0.00122228951659,
                    -0.000906152708922,
                    0.00115397386253,
                    -0.0019869976677,
                    0.00108708848711,
                    -0.000773297331762,
                    0.00128179497551,
                    -0.00103707390372
                ],
                [
                    0.000306831410853,
                    -0.00130367535166,
                    0.000313816126436,
                    -0.00133901357185,
                    0.00350248650648,
                    -0.000942531158216,
                    -0.000426875223638,
                    -0.000363029743312,
                    -0.000107140447653,
                    -0.0010909489356,
                    0.00144021376036,
                    -0.00185650202911,
                    0.000545815099031
                ],
                [
                    -0.00043711924809,
                    0.0016473835567,
                    -0.00143475190271,
                    0.00122228951659,
                    -0.000942531158216,
                    0.00523738516495,
                    -0.00269545149058,
                    -0.000160655195941,
                    -0.000882913533133,
                    0.0014172490919,
                    -0.00176096905489,
                    0.00245116953738,
                    -0.000310557545163
                ],
                [
                    0.000418816838646,
                    -0.00152136036195,
                    0.00116647453979,
                    -0.000906152708922,
                    -0.000426875223638,
                    -0.00269545149058,
                    0.00634032860398,
                    -0.00145302782767,
                    0.000970131135546,
                    -0.00219905632548,
                    -0.000279031461105,
                    -0.00162054772954,
                    0.000607061258052
                ],
                [
                    -0.000402108649723,
                    0.00133965432178,
                    -0.000759896123782,
                    0.00115397386253,
                    -0.000363029743312,
                    -0.000160655195941,
                    -0.00145302782767,
                    0.00660335784778,
                    -0.00332219759002,
                    0.000527902040631,
                    -0.00111682340503,
                    0.00141221901868,
                    -0.00124956539366
                ],
                [
                    0.000368011795217,
                    -0.00136330304667,
                    0.000764021882787,
                    -0.0019869976677,
                    -0.000107140447653,
                    -0.000882913533133,
                    0.000970131135546,
                    -0.00332219759002,
                    0.00783191807568,
                    -0.00194660772104,
                    0.00142575462814,
                    -0.00292432145216,
                    0.00120714935474
                ],
                [
                    -0.000515650317539,
                    0.00217964197509,
                    -0.000716222799383,
                    0.00108708848711,
                    -0.0010909489356,
                    0.0014172490919,
                    -0.00219905632548,
                    0.000527902040631,
                    -0.00194660772104,
                    0.00982866343111,
                    -0.00547803752124,
                    0.00230216863565,
                    -0.00205138209276
                ],
                [
                    0.000356197066139,
                    -0.00190873036627,
                    0.000668450084049,
                    -0.000773297331762,
                    0.00144021376036,
                    -0.00176096905489,
                    -0.000279031461105,
                    -0.00111682340503,
                    0.00142575462814,
                    -0.00547803752124,
                    0.0103373602033,
                    -0.00376934022643,
                    -4.4282154704e-05
                ],
                [
                    -0.000413954607211,
                    0.00247021461837,
                    -0.0011040577665,
                    0.00128179497551,
                    -0.00185650202911,
                    0.00245116953738,
                    -0.00162054772954,
                    0.00141221901868,
                    -0.00292432145216,
                    0.00230216863565,
                    -0.00376934022643,
                    0.0112474309281,
                    -0.00308398297057
                ],
                [
                    0.000257512641838,
                    -0.000993215944618,
                    0.00106435327325,
                    -0.00103707390372,
                    0.000545815099031,
                    -0.000310557545163,
                    0.000607061258052,
                    -0.00124956539366,
                    0.00120714935474,
                    -0.00205138209276,
                    -4.4282154704e-05,
                    -0.00308398297057,
                    0.0116412527859
                ]
            ],
            "mean": [
                -10.5102472305,
                90.1728439331,
                -99.4243087769,
                39.5269508362,
                -57.1326141357,
                23.3686237335,
                -39.7749824524,
                8.88767051697,
                -21.1611042023,
                3.23599123955,
                -15.0915222168,
                -10.076798439,
                -6.1327958107
            ]
        },
        "hfc": {
            "dmean": 7.89551925659,
            "dmean2": 11.0126428604,
            "dvar": 151.773681641,
            "dvar2": 257.223327637,
            "max": 257.158233643,
            "mean": 26.3577861786,
            "median": 21.4484367371,
            "min": 1.1951362247e-16,
            "var": 641.209350586
        },
        "melbands": {
            "dmean": [
                0.0015136054717,
                0.00161393242888,
                0.00088771659648,
                0.000492384075187,
                0.000287629256491,
                0.00017175389803,
                0.000165803838172,
                0.000238773529418,
                0.000124255777337,
                9.90694388747e-05,
                8.7260370492e-05,
                7.51905172365e-05,
                7.52196501708e-05,
                2.98003433272e-05,
                3.51191411028e-05,
                3.75446143153e-05,
                4.83228868688e-05,
                3.46156921296e-05,
                2.84183770418e-05,
                2.90051648335e-05,
                1.9492705178e-05,
                1.491675539e-05,
                9.54282950261e-06,
                6.40000189378e-06,
                5.33578759132e-06,
                7.5375905908e-06,
                5.49882770429e-06,
                4.7861431085e-06,
