{
    "lowlevel": {
        "average_loudness": 0.893227279186,
        "barkbands": {
            "dmean": [
                0.00446415971965,
                0.00467204162851,
                0.00222457014024,
                0.00111495319288,
                0.00284171150997,
                0.0021312397439,
                0.000890854396857,
                0.000674360257108,
                0.000598164973781,
                0.000465590972453,
                0.00036413219641,
                0.000308677204885,
                0.000194811480469,
                0.000134388741571,
                0.000135935799335,
                0.00010901720816,
                0.000105921419163,
                0.000100200581073,
                9.09816371859e-05,
                8.78343125805e-05,
                7.81957642175e-05,
                4.23399033025e-05,
                1.78290192707e-05,
                2.59547578025e-05,
                6.06650337431e-06,
                2.17606193473e-05,
                0.000127646679175
            ],
            "dmean2": [
                0.00692704599351,
                0.00773435691372,
                0.0035760323517,
                0.0018405164592,
                0.0044360300526,
                0.00340658146888,
                0.00141438655555,
                0.00113308103755,
                0.000974816910457,
                0.000781211594585,
                0.000602441083174,
                0.000509528908879,
                0.000321912550135,
                0.000222480855882,
                0.000226585267228,
                0.000182391508133,
                0.00017914037744,
                0.000162515440024,
                0.000144563964568,
                0.000132369168568,
                0.000112190042273,
                6.11015348113e-05,
                2.480472358e-05,
                3.54020630766e-05,
                8.94837739907e-06,
                2.90434927592e-05,
                0.00019557417545
            ],
            "dvar": [
                7.47342273826e-05,
                6.51698064758e-05,
                2.69849006145e-05,
                8.83990105649e-06,
                4.04098682338e-05,
                3.7850215449e-05,
                4.05446189689e-06,
                2.21509162657e-06,
                1.55008569891e-06,
                8.35253899822e-07,
                5.45653961126e-07,
                3.52684935478e-07,
                1.19779372199e-07,
                5.29423438422e-08,
                4.58169644446e-08,
                2.70747637643e-08,
                3.86286345133e-08,
                3.34303180693e-08,
                3.64440317924e-08,
                7.26123090544e-08,
                5.5139455668e-08,
                9.83167502966e-09,
                1.51167445228e-09,
                5.33061328412e-09,
                2.07026062959e-10,
                3.0825826336e-09,
                2.90010611081e-08
            ],
            "dvar2": [
                0.000161526651937,
                0.000173915483174,
                5.99485974817e-05,
                2.24796913244e-05,
                9.51815964072e-05,
                9.61591867963e-05,
                8.91962463356e-06,
                5.91326761423e-06,
                3.84365330319e-06,
                2.10509460885e-06,
                1.44407636071e-06,
                9.52840423452e-07,
                2.98567897516e-07,
                1.35785668931e-07,
                1.20001104165e-07,
                7.23821500515e-08,
                1.03351545988e-07,
                8.2391579781e-08,
                8.1452320444e-08,
                1.49542970007e-07,
                1.07344902744e-07,
                1.94226696948e-08,
                2.6485682536e-09,
                9.08767017194e-09,
                3.99449529009e-10,
                5.00325514352e-09,
                6.38375894368e-08
            ],
            "max": [
                0.190663710237,
                0.132066339254,
                0.20849737525,
                0.103847250342,
                0.134873777628,
                0.121166795492,
                0.0557116419077,
                0.042329184711,
                0.0366103500128,
                0.0238271895796,
                0.014148988761,
                0.0135515024886,
                0.010057779029,
                0.0073681678623,
                0.00345671526156,
                0.00251699634828,
                0.00291047221981,
                0.00449712853879,
                0.00605131266639,
                0.00928997155279,
                0.0121806804091,
                0.00314849545248,
                0.000684182799887,
                0.00135623151436,
                0.000295314792311,
                0.00105844740756,
                0.00479433080181
            ],
            "mean": [
                0.00563305057585,
                0.00731751974672,
                0.00347746955231,
                0.00139938970096,
                0.00469837151468,
                0.00324853253551,
                0.00136719061993,
                0.00095185264945,
                0.000900147075299,
                0.000673672475386,
                0.000587710994296,
                0.000523313414305,
                0.000315744400723,
                0.000226208823733,
                0.000250228913501,
                0.000218457265873,
                0.000185569704627,
                0.000189878832316,
                0.000196655702894,
                0.000184632372111,
                0.000168078098795,
                8.56074693729e-05,
                3.59088262485e-05,
                4.23033561674e-05,
                9.25314452616e-06,
                4.23800738645e-05,
                0.00056985008996
            ],
            "median": [
                0.00187515269499,
                0.00368128530681,
                0.000711464846972,
                0.000436704198364,
                0.00140313792508,
                0.000655539799482,
                0.00051095278468,
                0.000387732114177,
                0.000378791708499,
                0.000327768910211,
                0.000260383705609,
                0.000241925648879,
                0.000168759812368,
                0.000124887592392,
                0.000143914541695,
                0.000134558737045,
                0.000100876350189,
                9.54084898694e-05,
                9.43164341152e-05,
                7.65620789025e-05,
                5.6425556977e-05,
                2.359658356e-05,
                7.33773458705e-06,
                6.06714820606e-06,
                2.53977191278e-06,
                9.28830377234e-06,
                0.000404034857638
            ],
            "min": [
                3.76313883269e-23,
                1.50987882596e-23,
                1.03556106057e-23,
                4.30957931075e-23,
                2.18552998713e-23,
                9.10701576438e-24,
                9.45001879685e-24,
                5.04428144384e-23,
                6.43263750953e-23,
                4.2965722566e-23,
                9.20640119438e-23,
                1.0896785595e-22,
                6.48784136458e-23,
                1.39135323226e-22,
                5.2521664872e-23,
                1.08162776064e-22,
                9.03336045274e-23,
                1.56264093564e-22,
                3.15407870219e-22,
                3.29878002602e-22,
                3.19534660361e-22,
                4.25240406073e-22,
                4.90094970876e-22,
                7.32551483692e-22,
                1.15647301531e-21,
                1.7161420849e-21,
                2.12083070802e-21
            ],
            "var": [
                0.000114796821435,
                9.84115322353e-05,
                9.1352238087e-05,
                1.28722222144e-05,
                9.68606691458e-05,
                7.6248026744e-05,
                8.65224956215e-06,
                3.22439814227e-06,
                2.74328772321e-06,
                1.18665570881e-06,
                1.01298360278e-06,
                7.36171386961e-07,
                2.00238318371e-07,
                9.29329928567e-08,
                9.45349967196e-08,
                5.71599301225e-08,
                5.63831434874e-08,
                7.06796612349e-08,
                9.90252928545e-08,
                1.65486412129e-07,
                1.65857073853e-07,
                2.41914506205e-08,
                4.0974335036e-09,
                1.09808011572e-08,
                3.8862679741e-10,
                7.42179606661e-09,
                2.74740045825e-07
            ]
        },
        "barkbands_crest": {
            "dmean": 2.84290337563,
            "dmean2": 4.65504312515,
            "dvar": 5.79232025146,
            "dvar2": 14.5968236923,
            "max": 24.6708049774,
            "mean": 10.3912258148,
            "median": 9.68545341492,
            "min": 2.409106493,
            "var": 16.6950263977
        },
        "barkbands_flatness_db": {
            "dmean": 0.0251612365246,
            "dmean2": 0.039735801518,
            "dvar": 0.000468721089419,
            "dvar2": 0.00116126437206,
            "max": 0.324970453978,
            "mean": 0.130866125226,
            "median": 0.126734405756,
            "min": 0.0199800729752,
            "var": 0.00229275389574
        },
        "barkbands_kurtosis": {
            "dmean": 5.33566617966,
            "dmean2": 8.43126010895,
            "dvar": 79.7848815918,
            "dvar2": 200.772201538,
            "max": 235.926055908,
            "mean": 9.80564689636,
            "median": 6.41531610489,
            "min": -1.91302859783,
            "var": 155.756118774
        },
        "barkbands_skewness": {
            "dmean": 0.689639508724,
            "dmean2": 1.07184588909,
            "dvar": 0.487132519484,
            "dvar2": 1.18031573296,
            "max": 13.017914772,
            "mean": 2.54090595245,
            "median": 2.36304354668,
            "min": -2.04473829269,
            "var": 1.69015777111
        },
        "barkbands_spread": {
            "dmean": 7.46206760406,
            "dmean2": 11.6512136459,
            "dvar": 58.401184082,
            "dvar2": 129.946289062,
            "max": 136.767333984,
            "mean": 26.4911899567,
            "median": 22.8935432434,
            "min": 1.27373552322,
            "var": 249.021057129
        },
        "dissonance": {
            "dmean": 0.0169478412718,
            "dmean2": 0.0286297164857,
            "dvar": 0.000259016640484,
            "dvar2": 0.000705704267602,
            "max": 0.500000059605,
            "mean": 0.472204506397,
            "median": 0.47794508934,
            "min": 0.315558671951,
            "var": 0.000497609202284
        },
        "dynamic_complexity": 3.39021515846,
        "erbbands": {
            "dmean": [
                0.286744207144,
                0.609004020691,
                2.06605195999,
                3.50347971916,
                4.98453760147,
                11.145825386,
                15.5091114044,
                18.1441478729,
                14.2208662033,
                12.4252967834,
                14.6486673355,
                13.9719848633,
                12.8195104599,
                15.2792444229,
                13.6925086975,
                12.5679235458,
                8.760846138,
                6.82006120682,
                6.09394979477,
                6.99911022186,
                5.54189682007,
                5.33052253723,
                5.21407938004,
                4.86830997467,
                4.4148812294,
                4.27599620819,
                3.557690382,
                2.74922609329,
                1.6848706007,
                0.768198311329,
                0.487686395645,
                0.530049145222,
                0.429154545069,
                0.124568536878,
                0.0215574838221,
                0.0793611556292,
                0.0441228970885,
                0.0184175800532,
                0.0108588859439,
                0.00382119836286
            ],
            "dmean2": [
                0.469682961702,
                1.03643488884,
                3.35760784149,
                5.67116785049,
                7.95357084274,
                17.4767742157,
                25.3903598785,
                28.3931274414,
                22.3578681946,
                20.4779148102,
                24.4067707062,
                22.8865013123,
                21.325220108,
                25.443069458,
                22.6313247681,
                20.5073719025,
                14.4356603622,
                11.2380218506,
                9.94891929626,
                11.76151371,
                9.22977828979,
                8.88453197479,
                8.50515174866,
                7.73105859756,
                6.91454172134,
                6.45448923111,
                5.17494392395,
                4.02346229553,
                2.46790647507,
                1.08284592628,
                0.681860566139,
                0.730142951012,
                0.594845414162,
                0.175780057907,
                0.0319661609828,
                0.108715139329,
                0.0599303618073,
                0.0248453039676,
                0.0153414811939,
                0.00599350500852
            ],
            "dvar": [
                0.26721072197,
                0.989985287189,
                22.5375137329,
                69.7182159424,
                138.002151489,
                880.272888184,
                2433.99243164,
                3225.60913086,
                1595.04650879,
                753.484436035,
                997.507141113,
                864.302429199,
                844.001281738,
                924.000610352,
                790.936157227,
                526.81854248,
                254.714111328,
                135.563049316,
                101.115310669,
                121.134521484,
                78.3765182495,
                93.2287597656,
                92.0036010742,
                89.0899353027,
                118.222892761,
                160.327209473,
                102.650695801,
                70.899520874,
                17.909992218,
                2.65347838402,
                1.18890750408,
                2.17231798172,
                1.47115814686,
                0.105840496719,
                0.00162478373386,
                0.0462809242308,
                0.0132051622495,
                0.00125346228015,
                0.000412931083702,
                2.57438405242e-05
            ],
            "dvar2": [
                0.708052158356,
                2.66868710518,
                51.8823738098,
                172.359512329,
                322.715393066,
                2073.23999023,
                6712.68066406,
                7619.45410156,
                3609.171875,
                1969.85009766,
                2651.55810547,
                2124.84741211,
                2069.80517578,
                2320.36401367,
                2090.11889648,
                1342.00854492,
                643.718383789,
                342.678131104,
                244.938598633,
                329.627807617,
                206.045379639,
                245.135513306,
                230.382354736,
                196.553817749,
                266.198974609,
                329.721923828,
                192.579528809,
                139.705871582,
                35.7894477844,
                4.96888494492,
                2.08736515045,
                3.77697896957,
                2.58404922485,
                0.188600972295,
                0.00304781948216,
                0.0799570456147,
                0.0225049573928,
                0.00217492086813,
                0.000700929842424,
                6.52642556815e-05
            ],
            "max": [
                8.63969230652,
                15.3291625977,
                184.781997681,
                229.479064941,
                279.116912842,
                790.466369629,
                1477.15661621,
                1379.91015625,
                1208.47521973,
                863.724304199,
                1004.52563477,
                802.051269531,
                1204.47814941,
                867.30267334,
                642.188232422,
                522.329711914,
                364.420684814,
                390.492218018,
                187.368515015,
                183.859802246,
                164.467666626,
                137.154129028,
                216.985412598,
                329.458007812,
                320.938079834,
                439.101348877,
                374.93838501,
                536.015991211,
                140.254806519,
                32.7982940674,
                20.9761924744,
                26.0770454407,
                24.0235538483,
                6.75521612167,
                0.752455711365,
                3.98571634293,
                2.31297373772,
                0.739405989647,
                0.763076245785,
                0.148629054427
            ],
            "mean": [
                0.43215829134,
                0.868292093277,
                3.25668692589,
                5.22932052612,
                7.71275377274,
                17.9925174713,
                22.5841178894,
                28.3575801849,
                22.8218708038,
                18.2271823883,
                21.6855049133,
                21.1800918579,
                19.728395462,
                24.0904026031,
                24.042224884,
                22.3078346252,
                15.2921991348,
                12.2947826385,
                11.7186670303,
                13.9314613342,
                11.6759128571,
                10.1719293594,
                9.97185993195,
                10.3469953537,
                9.74276351929,
                8.95244693756,
                7.60816287994,
                5.8295249939,
                3.38220715523,
                1.58261168003,
                0.979160010815,
                0.888582527637,
                0.676448523998,
                0.196616530418,
                0.0327647663653,
                0.13333517313,
                0.0846231877804,
                0.0502230413258,
                0.0419664233923,
                0.020010150969
            ],
            "median": [
                0.167515203357,
                0.50693833828,
                0.820691049099,
                1.69082474709,
                2.62918281555,
                4.45712280273,
                4.7525138855,
                5.56927061081,
                7.07709407806,
                8.23299598694,
                9.13192558289,
                9.07725524902,
                9.64740657806,
                11.5707788467,
                10.8895206451,
                10.7232313156,
                8.31269454956,
                7.14179134369,
                6.96103191376,
                8.64557170868,
                7.25317573547,
                5.65804004669,
                5.16617298126,
                4.9538602829,
                4.71090507507,
                3.71083641052,
                2.59193229675,
                1.93423819542,
                0.974437117577,
                0.341677308083,
                0.205595806241,
                0.134146571159,
                0.0967569500208,
                0.040380243212,
                0.0125107318163,
                0.0255888421088,
                0.0178389139473,
                0.0160883925855,
                0.0239483565092,
                0.0152620105073
            ],
            "min": [
                7.06511349294e-22,
                2.31390770885e-21,
                9.78847570598e-21,
                1.37127623805e-19,
                4.37202855408e-20,
                5.42120279418e-20,
                1.56225776583e-19,
                7.58265546158e-20,
                1.50392834945e-19,
                3.03687729671e-19,
                1.36711148706e-18,
                1.3850467273e-18,
                9.80750829177e-19,
                2.39881653857e-18,
                3.34292905688e-18,
                4.22772341948e-18,
                3.61751683109e-18,
                7.50643492989e-18,
                2.97193090073e-18,
                3.25755553906e-18,
                6.61916171379e-18,
                5.79819198686e-18,
                7.40904599329e-18,
                1.4335994582e-17,
                1.50888282011e-17,
                1.39848696468e-17,
                1.36018999125e-17,
                1.27553550018e-17,
                1.3964023041e-17,
                1.57365321274e-17,
                1.35703338731e-17,
                1.33426127048e-17,
                1.48044435065e-17,
                1.10137386298e-17,
                9.02272813023e-18,
                5.74569496929e-18,
                3.41724503106e-18,
                1.31425319835e-18,
                2.96710874795e-19,
                3.11069218039e-20
            ],
            "var": [
                0.415797054768,
                1.33404111862,
                72.729385376,
                134.095916748,
                277.712249756,
                2157.07739258,
                4144.12451172,
                7177.75341797,
                3562.99853516,
                1027.6697998,
                1506.40234375,
                1465.22924805,
                1234.38537598,
                1585.03869629,
                1655.43029785,
                1217.46826172,
                446.113342285,
                248.45350647,
                210.056091309,
                248.416473389,
                160.405227661,
                157.043731689,
                184.187789917,
                243.140670776,
                285.454803467,
                382.23739624,
                307.310882568,
                201.263412476,
                41.7350921631,
                7.33617830276,
                3.13898348808,
                4.48089027405,
                2.91934752464,
                0.211904361844,
                0.0033158576116,
                0.0962608382106,
                0.0303228609264,
                0.00530284736305,
                0.00271915108897,
                0.000312467251206
            ]
        },
        "erbbands_crest": {
            "dmean": 2.74627780914,
            "dmean2": 4.53037834167,
            "dvar": 6.88778734207,
            "dvar2": 17.5853157043,
            "max": 29.2185058594,
            "mean": 8.18375778198,
            "median": 7.24930667877,
            "min": 2.31433367729,
            "var": 15.9223546982
        },
        "erbbands_flatness_db": {
            "dmean": 0.0175520163029,
            "dmean2": 0.0271097216755,
            "dvar": 0.000242053080001,
            "dvar2": 0.00056763982866,
            "max": 0.360620379448,
            "mean": 0.131982907653,
            "median": 0.119041264057,
            "min": 0.0468584746122,
            "var": 0.00277532520704
        },
        "erbbands_kurtosis": {
            "dmean": 0.908894002438,
            "dmean2": 1.44706940651,
            "dvar": 1.39110302925,
            "dvar2": 3.20819187164,
            "max": 22.4146461487,
            "mean": 0.494245171547,
            "median": -0.0085813999176,
            "min": -1.76803779602,
            "var": 3.09999012947
        },
        "erbbands_skewness": {
            "dmean": 0.361773967743,
            "dmean2": 0.559416055679,
            "dvar": 0.108934424818,
            "dvar2": 0.237277179956,
            "max": 3.48357343674,
            "mean": 0.418384820223,
            "median": 0.40279507637,
            "min": -4.06106424332,
            "var": 0.554117143154
        },
        "erbbands_spread": {
            "dmean": 6.87347555161,
            "dmean2": 10.6518735886,
            "dvar": 42.6128311157,
            "dvar2": 95.6627883911,
            "max": 119.829933167,
            "mean": 34.8293952942,
            "median": 34.5323371887,
            "min": 4.63818502426,
            "var": 228.75088501
        },
        "gfcc": {
            "cov": [
                [
                    10194.5976562,
                    -689.187805176,
                    906.666259766,
                    1686.80102539,
                    -121.737556458,
                    430.181640625,
                    -198.697952271,
                    -49.8274803162,
                    -310.643066406,
                    25.4194965363,
                    -92.5048294067,
                    248.011795044,
                    -149.48336792
                ],
                [
                    -689.187805176,
                    793.264221191,
                    48.3454475403,
                    -166.100738525,
                    155.771942139,
                    -147.17817688,
                    50.0136375427,
                    -97.3493270874,
                    -25.9559650421,
                    -55.3167076111,
                    9.81333732605,
                    -88.1457366943,
                    45.9524383545
                ],
                [
                    906.666259766,
                    48.3454475403,
                    581.389587402,
                    533.791809082,
                    51.6816902161,
                    187.107498169,
                    -71.7846221924,
                    11.4950637817,
                    -134.95324707,
                    11.7025909424,
                    -33.1180076599,
                    6.60406112671,
                    -35.6303672791
                ],
                [
                    1686.80102539,
                    -166.100738525,
                    533.791809082,
                    918.577941895,
                    130.455825806,
                    135.250961304,
                    24.2106590271,
                    -69.4354553223,
                    -150.859085083,
                    -5.10172748566,
                    -79.0889816284,
                    53.3041381836,
                    -71.2592163086
                ],
                [
                    -121.737556458,
                    155.771942139,
                    51.6816902161,
                    130.455825806,
                    245.373840332,
                    60.4220962524,
                    99.6273880005,
                    -18.9802131653,
                    -22.7665519714,
                    -19.2991390228,
                    8.76310634613,
                    -29.2108459473,
                    1.19175970554
                ],
                [
                    430.181640625,
                    -147.17817688,
                    187.107498169,
                    135.250961304,
                    60.4220962524,
                    292.218597412,
                    6.33895730972,
                    109.955741882,
                    -33.7057228088,
                    35.7328567505,
                    28.2604789734,
                    15.9107551575,
                    -23.0626659393
                ],
                [
                    -198.697952271,
                    50.0136375427,
                    -71.7846221924,
                    24.2106590271,
                    99.6273880005,
                    6.33895730972,
                    203.438186646,
                    21.8020515442,
                    40.6392822266,
                    5.60135889053,
                    9.37703514099,
                    -7.12194347382,
                    -4.2133307457
                ],
                [
                    -49.8274803162,
                    -97.3493270874,
                    11.4950637817,
                    -69.4354553223,
                    -18.9802131653,
                    109.955741882,
                    21.8020515442,
                    156.450576782,
                    54.8862533569,
                    47.3945655823,
                    38.3549041748,
                    0.249966904521,
                    1.10368657112
                ],
                [
                    -310.643066406,
                    -25.9559650421,
                    -134.95324707,
                    -150.859085083,
                    -22.7665519714,
                    -33.7057228088,
                    40.6392822266,
                    54.8862533569,
                    123.057563782,
                    46.7296142578,
                    25.1951885223,
                    7.95688486099,
                    10.9146842957
                ],
                [
                    25.4194965363,
                    -55.3167076111,
                    11.7025909424,
                    -5.10172748566,
                    -19.2991390228,
                    35.7328567505,
                    5.60135889053,
                    47.3945655823,
                    46.7296142578,
                    79.5060043335,
                    48.3299293518,
                    20.5384788513,
                    5.025141716
                ],
                [
                    -92.5048294067,
                    9.81333732605,
                    -33.1180076599,
                    -79.0889816284,
                    8.76310634613,
                    28.2604789734,
                    9.37703514099,
                    38.3549041748,
                    25.1951885223,
                    48.3299293518,
                    84.5131072998,
                    29.3885555267,
                    17.0903358459
                ],
                [
                    248.011795044,
                    -88.1457366943,
                    6.60406112671,
                    53.3041381836,
                    -29.2108459473,
                    15.9107551575,
                    -7.12194347382,
                    0.249966904521,
                    7.95688486099,
                    20.5384788513,
                    29.3885555267,
                    75.1431884766,
                    23.480173111
                ],
                [
                    -149.48336792,
                    45.9524383545,
                    -35.6303672791,
                    -71.2592163086,
                    1.19175970554,
                    -23.0626659393,
                    -4.2133307457,
                    1.10368657112,
                    10.9146842957,
                    5.025141716,
                    17.0903358459,
                    23.480173111,
                    64.5858078003
                ]
            ],
            "icov": [
                [
                    0.00018266227562,
                    -0.000211774968193,
                    0.000475280539831,
                    -0.00067324686097,
                    0.00048688260722,
                    -0.000433831213741,
                    0.000259395543253,
                    -8.80708685145e-05,
                    2.36236701312e-05,
                    0.000141735043144,
                    -0.000173680338776,
                    -8.57638660818e-05,
                    9.48223168962e-06
                ],
                [
                    -0.000211774968193,
                    0.00428877817467,
                    -0.00500703137368,
                    0.00366928777657,
                    -0.0031360827852,
                    0.00338803650811,
                    -0.00199562497437,
                    0.00245860754512,
                    -0.000978563562967,
                    0.00184383383021,
                    -0.00225871964358,
                    0.00235233735293,
                    -0.00139552971814
                ],
                [
                    0.000475280539831,
                    -0.00500703137368,
                    0.0128184463829,
                    -0.00931074749678,
                    0.00559881934896,
                    -0.00677203619853,
                    0.00473759369925,
                    -0.00355828320608,
                    0.00283617014065,
                    -0.00224768440239,
                    -2.28579137911e-05,
                    0.00309024215676,
                    -0.00211213389412
                ],
                [
                    -0.00067324686097,
                    0.00366928777657,
                    -0.00931074749678,
                    0.0113081382588,
                    -0.00833619758487,
                    0.00651921331882,
                    -0.00373744848184,
                    0.000803426722996,
                    0.00443915789947,
                    -0.0061348574236,
                    0.00884243659675,
                    -0.00990066025406,
                    0.00638203229755
                ],
                [
                    0.00048688260722,
                    -0.0031360827852,
                    0.00559881934896,
                    -0.00833619758487,
                    0.014629771933,
                    -0.00847548898309,
                    -0.00144704990089,
                    0.00415497412905,
                    -0.00564474146813,
                    0.00868426822126,
                    -0.0112040480599,
                    0.012410053052,
                    -0.00748113309965
                ],
                [
                    -0.000433831213741,
                    0.00338803650811,
                    -0.00677203619853,
                    0.00651921331882,
                    -0.00847548898309,
                    0.0132492454723,
                    -0.00153884547763,
                    -0.00676213996485,
                    0.00675015663728,
                    -0.00516693200916,
                    0.00475734099746,
                    -0.00781894288957,
                    0.00578985409811
                ],
                [
                    0.000259395543253,
                    -0.00199562497437,
                    0.00473759369925,
                    -0.00373744848184,
                    -0.00144704990089,
                    -0.00153884547763,
                    0.00916003994644,
                    -0.00305474875495,
                    -0.00159489142243,
                    -0.000152541528223,
                    0.000480557035189,
                    -0.00061513017863,
                    0.00101506651845
                ],
                [
                    -8.80708685145e-05,
                    0.00245860754512,
                    -0.00355828320608,
                    0.000803426722996,
                    0.00415497412905,
                    -0.00676213996485,
                    -0.00305474875495,
                    0.0189712624997,
                    -0.0114095201716,
                    0.005473846104,
                    -0.00982443057001,
                    0.0110257519409,
                    -0.00595097476617
                ],
                [
                    2.36236701312e-05,
                    -0.000978563562967,
                    0.00283617014065,
                    0.00443915789947,
                    -0.00564474146813,
                    0.00675015663728,
                    -0.00159489142243,
                    -0.0114095201716,
                    0.0280323196203,
                    -0.0216298475862,
                    0.0165230929852,
                    -0.0142452185974,
                    0.00757107604295
                ],
                [
                    0.000141735043144,
                    0.00184383383021,
                    -0.00224768440239,
                    -0.0061348574236,
                    0.00868426822126,
                    -0.00516693200916,
                    -0.000152541528223,
                    0.005473846104,
                    -0.0216298475862,
                    0.0421982593834,
                    -0.0297465976328,
                    0.0157549977303,
                    -0.0085856243968
                ],
                [
                    -0.000173680338776,
                    -0.00225871964358,
                    -2.28579137911e-05,
                    0.00884243659675,
                    -0.0112040480599,
                    0.00475734099746,
                    0.000480557035189,
                    -0.00982443057001,
                    0.0165230929852,
                    -0.0297465976328,
                    0.0436478741467,
                    -0.0277997199446,
                    0.01113218721
                ],
                [
                    -8.57638660818e-05,
                    0.00235233735293,
                    0.00309024215676,
                    -0.00990066025406,
                    0.012410053052,
                    -0.00781894288957,
                    -0.00061513017863,
                    0.0110257519409,
                    -0.0142452185974,
                    0.0157549977303,
                    -0.0277997199446,
                    0.0444209165871,
                    -0.0219520702958
                ],
                [
                    9.48223168962e-06,
                    -0.00139552971814,
                    -0.00211213389412,
                    0.00638203229755,
                    -0.00748113309965,
                    0.00578985409811,
                    0.00101506651845,
                    -0.00595097476617,
                    0.00757107604295,
                    -0.0085856243968,
                    0.01113218721,
                    -0.0219520702958,
                    0.0291712936014
                ]
            ],
            "mean": [
                -3.75488376617,
                80.6547698975,
                -90.1020126343,
                -4.26358890533,
                -20.9145584106,
                -20.2105903625,
                -0.865849077702,
                -11.6041107178,
                -4.35234260559,
                -5.82771682739,
                -2.79142999649,
                -2.85301780701,
                -1.09544241428
            ]
        },
        "hfc": {
            "dmean": 58.738697052,
            "dmean2": 96.0253982544,
            "dvar": 7084.87402344,
            "dvar2": 18193.7246094,
            "max": 3243.34179688,
            "mean": 187.878295898,
            "median": 157.679534912,
            "min": 1.19331444212e-16,
            "var": 26635.2089844
        },
        "melbands": {
            "dmean": [
                0.00199082912877,
                0.000906605448108,
                0.000600279716309,
                0.000554626341909,
                0.000547548290342,
                0.000404489925131,
                0.00020933165797,
                0.000135340495035,
                0.000116548668302,
                8.90972733032e-05,
                6.50847287034e-05,
                6.35924443486e-05,
                4.74556036352e-05,
                3.72642280126e-05,
                2.55975373875e-05,
                1.81726172741e-05,
                1.33146259031e-05,
                1.04468208519e-05,
                1.04562668639e-05,
                8.98919006431e-06,
                7.0093319664e-06,
                6.27452527624e-06,
                5.09398660142e-06,
                5.1391971283e-06,
                4.18500303567e-06,
                3.65916980627e-06,
                3.21270249515e-06,
                2.99112161883e-06,
