{
    "lowlevel": {
        "average_loudness": 0.842070639133,
        "barkbands": {
            "dmean": [
                0.0010185270803,
                0.00666549336165,
                0.00378738623112,
                0.00178198574577,
                0.00175374490209,
                0.000934840121772,
                0.00137707463,
                0.000490273290779,
                0.000679594988469,
                0.000574657926336,
                0.000377683260012,
                0.000585794157814,
                0.000453250278952,
                0.000539315398782,
                0.000341857667081,
                0.00046777431271,
                0.00044172393973,
                0.000309871160425,
                0.000240488981945,
                0.000219197929255,
                0.000110953034891,
                0.000138148796395,
                0.000143624449265,
                0.000138070303365,
                0.000145288213389,
                9.36035721679e-05,
                4.24056088377e-05
            ],
            "dmean2": [
                0.00128329428844,
                0.00943867955357,
                0.00691412016749,
                0.00325181894004,
                0.00290759978816,
                0.00152782199439,
                0.00223588407971,
                0.00080653274199,
                0.00111743656453,
                0.000936232390814,
                0.000612704199739,
                0.000966287858319,
                0.000755708490033,
                0.000879642379005,
                0.000556111044716,
                0.000778497138526,
                0.000708306324668,
                0.000499183079228,
                0.000384937156923,
                0.000348272064002,
                0.000178363057785,
                0.000214665051317,
                0.000227631564485,
                0.000217861219426,
                0.00022908844403,
                0.00014876757632,
                7.00351010892e-05
            ],
            "dvar": [
                4.23588880949e-06,
                0.000298945349641,
                0.000227513621212,
                2.68613384833e-05,
                1.36787002702e-05,
                2.32674051404e-06,
                1.05238777905e-05,
                1.34599531521e-06,
                2.20204606194e-06,
                1.50646314978e-06,
                1.05378228454e-06,
                1.56238422733e-06,
                8.85302199549e-07,
                1.34640140459e-06,
                4.86218709739e-07,
                1.22976791772e-06,
                8.68801521392e-07,
                3.62520921726e-07,
                2.73341754564e-07,
                2.18627562276e-07,
                6.08626322673e-08,
                9.35508168709e-08,
                6.5779175884e-08,
                6.77365505908e-08,
                1.09483963229e-07,
                6.95712003562e-08,
                1.62816267135e-08
            ],
            "dvar2": [
                6.08046275374e-06,
                0.000619192782324,
                0.000639299803879,
                7.68670579419e-05,
                3.35428085236e-05,
                5.91986190557e-06,
                2.53794823948e-05,
                3.26440977005e-06,
                5.54220832782e-06,
                3.61691854778e-06,
                2.65318431047e-06,
                4.08995447287e-06,
                2.28316184803e-06,
                3.62520177077e-06,
                1.23209713365e-06,
                3.29818067257e-06,
                2.15437466977e-06,
                9.39853805448e-07,
                6.29215492154e-07,
                5.22960988292e-07,
                1.50553432832e-07,
                2.12709380776e-07,
                1.61981347446e-07,
                1.61726276815e-07,
                2.60966288579e-07,
                1.78087063318e-07,
                4.3344996925e-08
            ],
            "max": [
                0.0295928642154,
                0.216485366225,
                0.146747663617,
                0.0559961944818,
                0.06251321733,
                0.0214051008224,
                0.0516516007483,
                0.026111183688,
                0.0260371491313,
                0.0275832656771,
                0.051052544266,
                0.015919148922,
                0.0183417703956,
                0.0243008099496,
                0.0117789283395,
                0.0185756608844,
                0.0219854433089,
                0.0132491299883,
                0.0293491501361,
                0.0141618447378,
                0.00805298890918,
                0.00782001763582,
                0.00537938717753,
                0.0045093651861,
                0.00796199031174,
                0.00615548482165,
                0.00235033291392
            ],
            "mean": [
                0.0019854796119,
                0.0149144586176,
                0.00265556806698,
                0.00145739899017,
                0.00239847856574,
                0.0014612559462,
                0.00174805824645,
                0.000643405423034,
                0.000942170096096,
                0.000885675661266,
                0.000541795918252,
                0.000828365969937,
                0.000623869535048,
                0.000824208720587,
                0.00048515945673,
                0.000628292618785,
                0.000667305430397,
                0.00054965808522,
                0.000425240345066,
                0.000373731774744,
                0.000215910375118,
                0.000257693987805,
                0.000264913483988,
                0.000251673540333,
                0.000244989176281,
                0.000144101170008,
                6.33011950413e-05
            ],
            "median": [
                7.92814535089e-05,
                0.00288793561049,
                0.000176982721314,
                0.000285526097286,
                0.000816281477455,
                0.000676429714076,
                0.000534880382475,
                0.000238286127569,
                0.000320513150655,
                0.000250583456364,
                0.000232750666328,
                0.000344680418493,
                0.000286753696855,
                0.00034705089638,
                0.000187101919437,
                0.000268648786005,
                0.000309263239615,
                0.000299110310152,
                0.00022733604419,
                0.00018574114074,
                7.71045379224e-05,
                8.6870539235e-05,
                8.12985526863e-05,
                6.49155117571e-05,
                6.95012495271e-05,
                3.86145402445e-05,
                1.50794749061e-05
            ],
            "min": [
                1.30940931176e-24,
                5.13165693988e-24,
                2.59971551854e-25,
                1.07631511377e-24,
                1.10976210617e-23,
                3.71719383807e-24,
                9.3382308957e-24,
                1.4003118838e-23,
                1.83320261875e-23,
                1.29704226047e-23,
                2.9747768031e-23,
                3.26617034635e-23,
                2.60971816635e-23,
                4.49920443297e-23,
                5.15385453912e-23,
                6.21104458798e-23,
                6.68890055231e-23,
                1.15865882897e-22,
                1.42481178936e-22,
                1.8087558193e-22,
                2.46263921576e-22,
                2.59270735912e-22,
                4.27269533026e-22,
                5.42397635339e-22,
                8.47338394197e-22,
                1.31167156605e-21,
                1.98824330896e-21
            ],
            "var": [
                1.45918329508e-05,
                0.000787060707808,
                0.00013830277021,
                1.7040012608e-05,
                1.83194824785e-05,
                4.30438376497e-06,
                1.35771379064e-05,
                1.89239096926e-06,
                3.07995424009e-06,
                3.21391144098e-06,
                1.78907976078e-06,
                2.09807740248e-06,
                1.11744066089e-06,
                2.09946233554e-06,
                7.30850445052e-07,
                1.33538287628e-06,
                1.30771059048e-06,
                6.28526606761e-07,
                4.88207376748e-07,
                3.43195381447e-07,
                1.29707686369e-07,
                1.82663498549e-07,
                1.60108228897e-07,
                1.74889024152e-07,
                1.99890834551e-07,
                8.11575233683e-08,
                1.64664601954e-08
            ]
        },
        "barkbands_crest": {
            "dmean": 2.79993367195,
            "dmean2": 4.23253059387,
            "dvar": 7.84397363663,
            "dvar2": 16.5875682831,
            "max": 26.6674766541,
            "mean": 10.8061876297,
            "median": 9.32867240906,
            "min": 2.11817884445,
            "var": 31.5463924408
        },
        "barkbands_flatness_db": {
            "dmean": 0.0246673841029,
            "dmean2": 0.0368419438601,
            "dvar": 0.0011406984413,
            "dvar2": 0.00230933306739,
            "max": 0.873035669327,
            "mean": 0.122312091291,
            "median": 0.107659250498,
            "min": 0.0147525984794,
            "var": 0.00468427408487
        },
        "barkbands_kurtosis": {
            "dmean": 7.10491943359,
            "dmean2": 10.8691654205,
            "dvar": 1826.484375,
            "dvar2": 4482.93261719,
            "max": 1759.12243652,
            "mean": 7.87387228012,
            "median": 0.670747280121,
            "min": -1.90710508823,
            "var": 2111.20336914
        },
        "barkbands_skewness": {
            "dmean": 0.752381682396,
            "dmean2": 1.10627138615,
            "dvar": 1.62087738514,
            "dvar2": 3.48584961891,
            "max": 37.4656333923,
            "mean": 1.57215249538,
            "median": 1.13472628593,
            "min": -3.23672556877,
            "var": 4.39155864716
        },
        "barkbands_spread": {
            "dmean": 7.44057798386,
            "dmean2": 11.3248329163,
            "dvar": 76.3009033203,
            "dvar2": 175.511657715,
            "max": 122.202453613,
            "mean": 28.004732132,
            "median": 25.9738845825,
            "min": 0.0540908835828,
            "var": 259.296173096
        },
        "dissonance": {
            "dmean": 0.0157778821886,
            "dmean2": 0.0266471076757,
            "dvar": 0.00030409253668,
            "dvar2": 0.000855568971019,
            "max": 0.500000119209,
            "mean": 0.472870200872,
            "median": 0.479345500469,
            "min": 0.237151175737,
            "var": 0.000584462657571
        },
        "dynamic_complexity": 3.3828971386,
        "erbbands": {
            "dmean": [
                0.28041768074,
                1.52737832069,
                3.90549254417,
                5.59004926682,
                5.80392313004,
                5.87542581558,
                6.18554210663,
                8.32927513123,
                20.663476944,
                12.0726966858,
                11.9192895889,
                15.0720672607,
                15.477730751,
                14.1855678558,
                16.0101528168,
                22.8386707306,
                20.4769821167,
                20.7858924866,
                23.6047935486,
                20.4749660492,
                24.7357616425,
                24.7760028839,
                16.0583953857,
                12.8706712723,
                12.4427642822,
                10.5644760132,
                5.15354633331,
                4.3230471611,
                4.87510108948,
                5.06463670731,
                3.86382985115,
                3.07418990135,
                2.26937055588,
                1.77777683735,
                0.998548805714,
                0.436833381653,
                0.174534112215,
                0.0441062860191,
                0.00586373265833,
                0.000495361746289
            ],
            "dmean2": [
                0.336769849062,
                2.36720228195,
                6.94137334824,
                10.1881227493,
                9.99071598053,
                9.74284934998,
                9.99400424957,
                13.5959444046,
                33.3831329346,
                19.7788486481,
                19.5776252747,
                25.1541538239,
                24.920167923,
                23.3155612946,
                25.6256752014,
                37.6820526123,
                33.7839775085,
                33.602230072,
                38.6079750061,
                33.4628562927,
                40.9374694824,
                39.9790306091,
                25.917798996,
                20.5314559937,
                19.6478424072,
                16.7469234467,
                8.2123336792,
                6.97719717026,
                7.57663297653,
                7.92989730835,
                6.17579460144,
                4.98335456848,
                3.54042434692,
                2.80842876434,
                1.57902300358,
                0.687735974789,
                0.281742095947,
                0.0717838406563,
                0.00954367406666,
                0.000824241666123
            ],
            "dvar": [
                0.40480017662,
                21.4488620758,
                225.944519043,
                352.043151855,
                185.007705688,
                169.886489868,
                132.709777832,
                205.603164673,
                2452.83349609,
                821.56854248,
                656.915771484,
                1284.98657227,
                1019.21392822,
                986.936767578,
                1393.57214355,
                2616.88842773,
                1727.17407227,
                1556.80859375,
                2677.95654297,
                1970.08422852,
                3280.36401367,
                2697.34228516,
                855.298706055,
                611.919921875,
                1077.24047852,
                572.612609863,
                113.258537292,
                119.214309692,
                135.106887817,
                97.9166717529,
                48.5420913696,
                34.6319885254,
                19.0246257782,
                16.7582054138,
                5.29407072067,
                1.2049844265,
                0.28715005517,
                0.0189710203558,
                0.000285735208308,
                2.16416879084e-06
            ],
            "dvar2": [
                0.505678534508,
                51.4284934998,
                612.517333984,
                1001.23260498,
                475.534851074,
                437.333831787,
                317.595489502,
                525.221923828,
                5864.51660156,
                2062.30566406,
                1609.96691895,
                3257.98608398,
                2365.87036133,
                2576.53857422,
                3094.88623047,
                7059.58886719,
                4503.35644531,
                3888.04638672,
                7284.96191406,
                5033.32910156,
                8671.07617188,
                6760.15185547,
                2241.01245117,
                1531.56066895,
                2463.23852539,
                1335.84851074,
                274.681976318,
                303.278198242,
                304.200683594,
                230.536590576,
                122.289604187,
                87.3343048096,
                44.2819595337,
                39.7542152405,
                12.935546875,
                2.99458312988,
                0.752940475941,
                0.049930177629,
                0.000740464311093,
                5.84981853535e-06
            ],
            "max": [
                7.36223983765,
                52.0735702515,
                121.216804504,
                227.136077881,
                206.743499756,
                263.979431152,
                278.862579346,
                236.556549072,
                898.659851074,
                852.692443848,
                511.465148926,
                677.357299805,
                733.709716797,
                912.775512695,
                1980.86669922,
                609.791015625,
                893.951843262,
                750.821655273,
                949.181640625,
                861.331665039,
                1195.16369629,
                1031.35998535,
                490.089691162,
                591.958679199,
                2044.65673828,
                568.849731445,
                259.350738525,
                439.872375488,
                324.440460205,
                198.084457397,
                116.126213074,
                89.1185684204,
                67.0697555542,
                119.214576721,
                45.6407699585,
                26.0128726959,
                12.9358434677,
                3.21366715431,
                0.388756811619,
                0.0212534572929
            ],
            "mean": [
                0.701731026173,
                2.27648091316,
                3.08937740326,
                4.35601758957,
                6.08429861069,
                7.84560775757,
                10.2754869461,
                13.2894773483,
                26.7516365051,
                16.2733879089,
                16.500497818,
                19.9287014008,
                25.9749298096,
                22.8301868439,
                25.5967082977,
                32.8489608765,
                30.5365886688,
                32.708568573,
                36.5301132202,
                29.6381816864,
                35.7482910156,
                39.1889953613,
                29.5701713562,
                24.7041854858,
                21.9961185455,
                18.0771694183,
                10.0631418228,
                8.0721950531,
                9.01346302032,
                9.22251605988,
                7.12026929855,
                5.38442611694,
                4.13398694992,
                2.95152878761,
                1.62057554722,
                0.690409719944,
                0.255396783352,
                0.0623407326639,
                0.00928941555321,
                0.000770278973505
            ],
            "median": [
                0.082635127008,
                0.561728477478,
                0.377823799849,
                0.749745607376,
                1.59235477448,
                2.52828454971,
                4.00141620636,
                6.36264419556,
                8.23478603363,
                6.8768863678,
                6.88266849518,
                7.24995231628,
                7.77204227448,
                9.72500038147,
                12.0487327576,
                14.8099546432,
                15.4586734772,
                14.9630870819,
                14.3726921082,
                12.8018331528,
                15.9491348267,
                19.3696994781,
                17.2840118408,
                14.1241569519,
                11.6891679764,
                8.7632856369,
                4.24502658844,
                2.90709352493,
                3.00377178192,
                2.98379421234,
                2.16840410233,
                1.44884836674,
                1.01220118999,
                0.761056184769,
                0.471929967403,
                0.186477988958,
                0.0662807822227,
                0.0159338843077,
                0.00230606505647,
                0.000226041709539
            ],
            "min": [
                1.27428816719e-22,
                3.45305067438e-22,
                2.50315576818e-21,
                8.65106278183e-21,
                9.05410976647e-21,
                3.88464792105e-20,
                5.07478601599e-20,
                5.81530201104e-20,
                1.25820672292e-19,
                1.8864909817e-19,
                3.35206774829e-19,
                4.79429643735e-19,
                6.69152564512e-19,
                1.041753228e-18,
                1.45265964338e-18,
                1.63048413974e-18,
                1.80980273107e-18,
                2.90789140488e-18,
                2.20495869701e-18,
                3.70082798085e-18,
                4.22472447617e-18,
                4.34999022659e-18,
                6.11090017281e-18,
                7.67872920686e-18,
                7.41463442551e-18,
                8.35726380897e-18,
                9.66967601348e-18,
                9.81845685435e-18,
                8.24539424857e-18,
                1.21919531876e-17,
                1.13998417243e-17,
                1.0337358006e-17,
                1.09504287072e-17,
                9.27006505955e-18,
                6.57807482558e-18,
                4.12038680883e-18,
                2.28430372252e-18,
                1.06938219784e-18,
                2.4165430191e-19,
                2.75716326452e-20
            ],
            "var": [
                1.80830287933,
                26.75548172,
                151.740036011,
                214.051010132,
                178.813400269,
                211.87953186,
                328.125396729,
                370.16796875,
                3329.66845703,
                964.170227051,
                933.903625488,
                1508.14697266,
                2625.71606445,
                1703.36767578,
                2833.88208008,
                3097.76342773,
                2245.90991211,
                2482.77294922,
                4476.60791016,
                2626.68017578,
                4035.52880859,
                4141.85498047,
                1460.84289551,
                1234.78100586,
                1548.79394531,
                963.024230957,
                264.032806396,
                208.860916138,
                249.458816528,
                203.550811768,
                119.105003357,
                78.1939163208,
                49.0190849304,
                31.6383972168,
                8.63698196411,
                1.69408416748,
                0.293764322996,
                0.0182119291276,
                0.000323517189827,
                2.20943297791e-06
            ]
        },
        "erbbands_crest": {
            "dmean": 2.6197245121,
            "dmean2": 4.28943872452,
            "dvar": 7.02169132233,
            "dvar2": 17.0317974091,
            "max": 31.9551544189,
            "mean": 8.05011177063,
            "median": 7.00015306473,
            "min": 2.11712884903,
            "var": 16.7615337372
        },
        "erbbands_flatness_db": {
            "dmean": 0.0171630363911,
            "dmean2": 0.025629337877,
            "dvar": 0.000338914891472,
            "dvar2": 0.000724346318748,
            "max": 0.459248274565,
            "mean": 0.139812856913,
            "median": 0.128733932972,
            "min": 0.0358453020453,
            "var": 0.00331911002286
        },
        "erbbands_kurtosis": {
            "dmean": 0.945147514343,
            "dmean2": 1.53121161461,
            "dvar": 6.5271987915,
            "dvar2": 14.3262205124,
            "max": 127.058532715,
            "mean": 0.33083447814,
            "median": -0.157771945,
            "min": -1.84039580822,
            "var": 9.36348628998
        },
        "erbbands_skewness": {
            "dmean": 0.38123819232,
            "dmean2": 0.578315973282,
            "dvar": 0.175177112222,
            "dvar2": 0.379281312227,
            "max": 9.85328578949,
            "mean": 0.0930386409163,
            "median": 0.0569727346301,
            "min": -4.16738033295,
            "var": 0.585007429123
        },
        "erbbands_spread": {
            "dmean": 9.7725725174,
            "dmean2": 15.0609550476,
            "dvar": 140.651306152,
            "dvar2": 328.995758057,
            "max": 198.128051758,
            "mean": 40.6425437927,
            "median": 37.4913330078,
            "min": 1.0948805809,
            "var": 392.248260498
        },
        "gfcc": {
            "cov": [
                [
                    18426.2207031,
                    -895.341552734,
                    715.403015137,
                    873.255859375,
                    194.958969116,
                    960.788635254,
                    462.588745117,
                    675.635314941,
                    388.72265625,
                    462.095458984,
                    28.7921581268,
                    401.727020264,
                    -141.851745605
                ],
                [
                    -895.341552734,
                    2001.42993164,
                    -224.542800903,
                    109.819091797,
                    165.438796997,
                    -105.326004028,
                    -96.5509490967,
                    -87.6789779663,
                    -38.4881286621,
                    -141.377471924,
                    117.265800476,
                    -79.3947219849,
                    27.4236106873
                ],
                [
                    715.403015137,
                    -224.542800903,
                    1596.75427246,
                    340.783691406,
                    347.253845215,
                    410.100067139,
                    288.114227295,
                    282.820343018,
                    274.471618652,
                    204.179901123,
                    36.8936042786,
                    191.527572632,
                    21.5841522217
                ],
                [
                    873.255859375,
                    109.819091797,
                    340.783691406,
                    616.696166992,
                    196.03427124,
                    211.2084198,
                    156.359573364,
                    129.866424561,
                    144.016525269,
                    81.1618804932,
                    62.404838562,
                    71.6404266357,
                    35.8846359253
                ],
                [
                    194.958969116,
                    165.438796997,
                    347.253845215,
                    196.03427124,
                    409.5675354,
                    242.982696533,
                    212.983505249,
                    140.314682007,
                    137.700012207,
                    104.908325195,
                    52.5407676697,
                    69.4012832642,
                    35.9705352783
                ],
                [
                    960.788635254,
                    -105.326004028,
                    410.100067139,
                    211.2084198,
                    242.982696533,
                    438.980163574,
                    311.619689941,
                    218.443466187,
                    168.027938843,
                    135.988830566,
                    59.360622406,
                    98.9468154907,
                    28.69647789
                ],
                [
                    462.588745117,
                    -96.5509490967,
                    288.114227295,
                    156.359573364,
                    212.983505249,
                    311.619689941,
                    442.419128418,
                    207.412216187,
                    171.103988647,
                    136.716949463,
                    81.5731506348,
                    101.927177429,
                    42.9145240784
                ],
                [
                    675.635314941,
                    -87.6789779663,
                    282.820343018,
                    129.866424561,
                    140.314682007,
                    218.443466187,
                    207.412216187,
                    263.445709229,
                    172.56137085,
                    122.995018005,
                    71.0130310059,
                    88.1302337646,
                    24.7895069122
                ],
                [
                    388.72265625,
                    -38.4881286621,
                    274.471618652,
                    144.016525269,
                    137.700012207,
                    168.027938843,
                    171.103988647,
                    172.56137085,
                    267.975280762,
                    143.457382202,
                    64.6872634888,
                    95.3173675537,
                    18.6858825684
                ],
                [
                    462.095458984,
                    -141.377471924,
                    204.179901123,
                    81.1618804932,
                    104.908325195,
                    135.988830566,
                    136.716949463,
                    122.995018005,
                    143.457382202,
                    172.067199707,
                    71.0622634888,
                    78.251121521,
                    18.6915245056
                ],
                [
                    28.7921581268,
                    117.265800476,
                    36.8936042786,
                    62.404838562,
                    52.5407676697,
                    59.360622406,
                    81.5731506348,
                    71.0130310059,
                    64.6872634888,
                    71.0622634888,
                    128.528274536,
                    59.3559036255,
                    35.1328125
                ],
                [
                    401.727020264,
                    -79.3947219849,
                    191.527572632,
                    71.6404266357,
                    69.4012832642,
                    98.9468154907,
                    101.927177429,
                    88.1302337646,
                    95.3173675537,
                    78.251121521,
                    59.3559036255,
                    145.277191162,
                    35.3773460388
                ],
                [
                    -141.851745605,
                    27.4236106873,
                    21.5841522217,
                    35.8846359253,
                    35.9705352783,
                    28.69647789,
                    42.9145240784,
                    24.7895069122,
                    18.6858825684,
                    18.6915245056,
                    35.1328125,
                    35.3773460388,
                    85.4015350342
                ]
            ],
            "icov": [
                [
                    7.73539140937e-05,
                    -1.06068773675e-05,
                    4.67366153316e-05,
                    -0.0001010130145,
                    9.40933314268e-05,
                    -0.000172966741957,
                    8.16999017843e-05,
                    -0.000161990697961,
                    0.000134173824335,
                    -0.000208841680433,
                    0.000201501432457,
                    -0.000227884942433,
                    0.000214835512452
                ],
                [
                    -1.06068773675e-05,
                    0.000793625949882,
                    2.6034331313e-05,
                    -6.25060056336e-05,
                    -0.000691016262863,
                    0.000166829064256,
                    0.000185771277756,
                    0.000261834909907,
                    -0.000493135012221,
                    0.0014280397445,
                    -0.00156829925254,
                    0.000578648410738,
                    1.36800836117e-05
                ],
                [
                    4.67366153316e-05,
                    2.6034331313e-05,
                    0.00105347891804,
                    -0.000276121456409,
                    -0.000335478864145,
                    -0.000513408274855,
                    0.000273870071396,
                    -0.000413443398429,
                    -6.53112219879e-05,
                    -0.000432918197475,
                    0.000837648636661,
                    -0.000956893898547,
                    0.000376081239665
                ],
                [
                    -0.0001010130145,
                    -6.25060056336e-05,
                    -0.000276121456409,
                    0.00232188822702,
                    -0.000511220830958,
                    -0.000406093749916,
                    5.35756771569e-05,
                    0.000299439940136,
                    -0.000841518165544,
                    0.000736989895813,
                    -0.000758836802561,
                    0.000387046486139,
                    -0.000640952785034
                ],
                [
                    9.40933314268e-05,
                    -0.000691016262863,
                    -0.000335478864145,
                    -0.000511220830958,
                    0.00484636612236,
                    -0.00154853006825,
                    -0.000682805373799,
                    -9.62521808106e-05,
                    0.000101783734863,
                    -0.00180525274482,
                    0.00136257323902,
                    -0.000174563538167,
                    -0.000587479793467
                ],
                [
                    -0.000172966741957,
                    0.000166829064256,
                    -0.000513408274855,
                    -0.000406093749916,
                    -0.00154853006825,
                    0.00690575223416,
                    -0.00278436020017,
                    -0.00175120984204,
                    0.000298456376186,
                    -0.000103401878732,
                    0.000194514272152,
                    0.00028988844133,
                    -4.40082476416e-05
                ],
                [
                    8.16999017843e-05,
                    0.000185771277756,
                    0.000273870071396,
                    5.35756771569e-05,
                    -0.000682805373799,
                    -0.00278436020017,
                    0.00545352790505,
                    -0.00125983019825,
                    -0.000433474284364,
                    -0.000284884969005,
                    -0.000757762638386,
                    -0.000482419243781,
                    -0.00049844518071
                ],
                [
                    -0.000161990697961,
                    0.000261834909907,
                    -0.000413443398429,
                    0.000299439940136,
                    -9.62521808106e-05,
                    -0.00175120984204,
                    -0.00125983019825,
                    0.00984273664653,
                    -0.00347133399919,
                    0.000161156756803,
                    -0.00244739162736,
                    0.000432483793702,
                    -0.000417557690525
                ],
                [
                    0.000134173824335,
                    -0.000493135012221,
                    -6.53112219879e-05,
                    -0.000841518165544,
                    0.000101783734863,
                    0.000298456376186,
                    -0.000433474284364,
                    -0.00347133399919,
                    0.00950787961483,
                    -0.00556008191779,
                    0.00188921089284,
                    -0.00227287528105,
                    0.00113453494851
                ],
                [
                    -0.000208841680433,
                    0.0014280397445,
                    -0.000432918197475,
                    0.000736989895813,
                    -0.00180525274482,
                    -0.000103401878732,
                    -0.000284884969005,
                    0.000161156756803,
                    -0.00556008191779,
                    0.0164376311004,
                    -0.00709045026451,
                    0.000209779260331,
                    0.000334672746249
                ],
                [
                    0.000201501432457,
                    -0.00156829925254,
                    0.000837648636661,
                    -0.000758836802561,
                    0.00136257323902,
                    0.000194514272152,
                    -0.000757762638386,
                    -0.00244739162736,
                    0.00188921089284,
                    -0.00709045026451,
                    0.0160801094025,
                    -0.00434683728963,
                    -0.00227857078426
                ],
                [
                    -0.000227884942433,
                    0.000578648410738,
                    -0.000956893898547,
                    0.000387046486139,
                    -0.000174563538167,
                    0.00028988844133,
                    -0.000482419243781,
                    0.000432483793702,
                    -0.00227287528105,
                    0.000209779260331,
                    -0.00434683728963,
                    0.0128645859659,
                    -0.00348162814043
                ],
                [
                    0.000214835512452,
                    1.36800836117e-05,
                    0.000376081239665,
                    -0.000640952785034,
                    -0.000587479793467,
                    -4.40082476416e-05,
                    -0.00049844518071,
                    -0.000417557690525,
                    0.00113453494851,
                    0.000334672746249,
                    -0.00227857078426,
                    -0.00348162814043,
                    0.0149281518534
                ]
            ],
            "mean": [
                4.51109409332,
                53.8943939209,
                -114.722297668,
                16.5507011414,
                -48.7313537598,
                7.19860553741,
                -39.2197189331,
                8.00766086578,
                -21.9545345306,
                1.66166937351,
                -9.12333869934,
                3.19300270081,
                -10.4777584076
            ]
        },
        "hfc": {
            "dmean": 10.6635227203,
            "dmean2": 16.4668312073,
            "dvar": 326.303100586,
            "dvar2": 821.492614746,
            "max": 227.339935303,
            "mean": 29.5112228394,
            "median": 21.7567024231,
            "min": 1.08239190426e-16,
            "var": 739.001403809
        },
        "melbands": {
            "dmean": [
                0.00198950967751,
                0.00187921174802,
                0.000971008616034,
                0.000418981013354,
                0.000219417765038,
                0.000192637264263,
                0.000299225386698,
                0.000122718440252,
                0.00010601588292,
                9.18062578421e-05,
                8.13497244962e-05,
                6.3587220211e-05,
                5.43639398529e-05,
                6.22309817118e-05,
                6.84715778334e-05,
                3.80412166123e-05,
                4.14872956753e-05,
                4.54983346572e-05,
                2.40344361373e-05,
                3.13711680064e-05,
                3.00649280689e-05,
                2.85300211544e-05,
                1.72857980942e-05,
                1.66093614098e-05,
                1.05283907033e-05,
                9.93781486613e-06,
                9.51754100242e-06,
                6.90202386977e-06,
