{
    "lowlevel": {
        "average_loudness": 0.902008533478,
        "barkbands": {
            "dmean": [
                0.00182882929221,
                0.0209118127823,
                0.00933718308806,
                0.00289536803029,
                0.00501952134073,
                0.00154962739907,
                0.000691430293955,
                0.000679671764374,
                0.000519536493812,
                0.000281103421003,
                0.00027642265195,
                0.000254567334196,
                0.000307482376229,
                0.000277672486845,
                0.000238633088884,
                0.000151887958054,
                0.000158077818924,
                0.000205108284717,
                6.92782341503e-05,
                7.12303226464e-05,
                7.41961484891e-05,
                0.000102212041384,
                7.87744138506e-05,
                7.78982794145e-05,
                9.24049236346e-05,
                6.22154620942e-05,
                1.88024296222e-05
            ],
            "dmean2": [
                0.00312775489874,
                0.0282276887447,
                0.0168163999915,
                0.00532640097663,
                0.00928907096386,
                0.00269246497191,
                0.00107820820995,
                0.00104568770621,
                0.000774403044488,
                0.000401780358516,
                0.000392558547901,
                0.00037959247129,
                0.000429836829426,
                0.000399201177061,
                0.000350204849383,
                0.000233096870943,
                0.000236908395891,
                0.000355045369361,
                0.000109645305201,
                0.000112504269055,
                0.000117649615277,
                0.000166646001162,
                0.00012111174874,
                0.000119227057439,
                0.000143138677231,
                9.85198566923e-05,
                3.11608746415e-05
            ],
            "dvar": [
                7.60032571634e-06,
                0.0014497685479,
                0.000731638167053,
                4.82231516798e-05,
                0.000152550768689,
                9.67532287177e-06,
                2.15109594137e-06,
                2.53950975093e-06,
                1.53764324295e-06,
                6.82272798258e-07,
                1.16295154839e-06,
                7.40490861517e-07,
                8.88167164703e-07,
                5.7664999531e-07,
                6.02230500135e-07,
                2.14455099012e-07,
                2.15212480725e-07,
                3.24345961644e-07,
                4.11169800429e-08,
                2.99134725879e-08,
                4.29214246367e-08,
                6.44372164516e-08,
                6.26736138543e-08,
                7.87993812423e-08,
                1.39830845569e-07,
                8.06321196478e-08,
                1.11350946241e-08
            ],
            "dvar2": [
                2.17264860112e-05,
                0.0023317693267,
                0.00204480462708,
                0.000137515962706,
                0.000434818910435,
                2.59397274931e-05,
                4.80869312014e-06,
                5.57105749976e-06,
                3.19346600008e-06,
                1.22855828977e-06,
                2.30564842241e-06,
                1.67111386418e-06,
                1.62567391726e-06,
                1.169391453e-06,
                1.25553935959e-06,
                4.50389876505e-07,
                4.48725444357e-07,
                8.81531434516e-07,
                9.58692183417e-08,
                6.79342448962e-08,
                9.73409868266e-08,
                1.53283266968e-07,
                1.27863941657e-07,
                1.63528198982e-07,
                3.16170599035e-07,
                1.86856013329e-07,
                2.74802189892e-08
            ],
            "max": [
                0.0252292789519,
                0.347215056419,
                0.215510249138,
                0.0729481130838,
                0.0994104072452,
                0.0313593260944,
                0.0263659916818,
                0.0315027870238,
                0.0321057997644,
                0.0165596343577,
                0.0296450071037,
                0.0312462653965,
                0.0184454992414,
                0.0174145810306,
                0.0170971341431,
                0.0106118014082,
                0.0156810544431,
                0.00768923480064,
                0.00868381280452,
                0.00391960190609,
                0.00397952320054,
                0.00443824101239,
                0.00551501521841,
                0.00636507710442,
                0.0121147250757,
                0.00490384828299,
                0.00124852417503
            ],
            "mean": [
                0.00240179058164,
                0.0382578894496,
                0.00882023479789,
                0.00230749323964,
                0.00436084531248,
                0.00176113739144,
                0.000989869004115,
                0.000977442134172,
                0.000842181325424,
                0.000484902411699,
                0.000438743358245,
                0.000398700241931,
                0.000510169949848,
                0.000432912551332,
                0.000350071903085,
                0.000213677747524,
                0.000260946399067,
                0.000213395833271,
                9.35602438403e-05,
                8.70700314408e-05,
                8.49430434755e-05,
                0.000104374339571,
                8.86532798177e-05,
                9.09218579181e-05,
                0.000101034151157,
                5.56786217203e-05,
                1.42563176269e-05
            ],
            "median": [
                0.00139298744034,
                0.0239656753838,
                0.00360455876216,
                0.000691234250553,
                0.00164415931795,
                0.000640882644802,
                0.000136645539897,
                0.000120552576846,
                0.000100976722024,
                4.53511202068e-05,
                2.76088430837e-05,
                3.09076203848e-05,
                3.88301778003e-05,
                3.56376622221e-05,
                3.43072970281e-05,
                3.14219614665e-05,
                3.71656569769e-05,
                4.22618104494e-05,
                2.82403561869e-05,
                2.32010970649e-05,
                1.89221718756e-05,
                2.09229547181e-05,
                1.40393058246e-05,
                1.32166842377e-05,
                6.94821483194e-06,
                2.00125487027e-06,
                1.87557347431e-07
            ],
            "min": [
                1.36833211844e-25,
                2.98986802777e-24,
                7.72883217839e-25,
                6.36482018274e-25,
                1.56786625561e-23,
                5.93151219953e-24,
                1.02519708488e-23,
                1.1374048967e-23,
                2.06447249702e-23,
                1.83912680638e-23,
                1.84836278986e-23,
                2.49803534147e-23,
                2.53131107217e-23,
                3.23886597716e-23,
                5.74168623333e-23,
                4.96507507579e-23,
                4.61955242158e-23,
                9.32108642387e-23,
                1.23543367527e-22,
                1.35632402153e-22,
                2.70126320248e-22,
                3.37643195943e-22,
                4.07398745291e-22,
                5.94002568109e-22,
                7.41643957594e-22,
                1.26027771983e-21,
                1.81123312022e-21
            ],
            "var": [
                9.35532079893e-06,
                0.00300396489911,
                0.000456254725577,
                2.96682173939e-05,
                9.31413596845e-05,
                9.31825343287e-06,
                4.10218763136e-06,
                5.02626926391e-06,
                3.29993713422e-06,
                1.89854858945e-06,
                2.46887543653e-06,
                1.63120193974e-06,
                2.42450960286e-06,
                1.30875821469e-06,
                1.25811106955e-06,
                3.95631303718e-07,
                5.41965903267e-07,
                2.92811080271e-07,
                5.03063439794e-08,
                3.76390261181e-08,
                5.34046264988e-08,
                6.82932537188e-08,
                8.33043287685e-08,
                9.84888686162e-08,
                1.58230591296e-07,
                7.39559098406e-08,
                8.80883987975e-09
            ]
        },
        "barkbands_crest": {
            "dmean": 3.15146780014,
            "dmean2": 4.66756916046,
            "dvar": 9.48488807678,
            "dvar2": 18.5441703796,
            "max": 26.4855690002,
            "mean": 14.6585359573,
            "median": 14.4904384613,
            "min": 2.85918474197,
            "var": 28.9381332397
        },
        "barkbands_flatness_db": {
            "dmean": 0.0395980402827,
            "dmean2": 0.0570014342666,
            "dvar": 0.00170486583374,
            "dvar2": 0.0031623786781,
            "max": 0.680427849293,
            "mean": 0.227485656738,
            "median": 0.20656695962,
            "min": 0.0144914956763,
            "var": 0.00991108268499
        },
        "barkbands_kurtosis": {
            "dmean": 26.3551559448,
            "dmean2": 38.677318573,
            "dvar": 4646.2421875,
            "dvar2": 10043.5009766,
            "max": 2034.02978516,
            "mean": 37.1979598999,
            "median": 11.6942920685,
            "min": -1.96194732189,
            "var": 7216.26513672
        },
        "barkbands_skewness": {
            "dmean": 1.45432841778,
            "dmean2": 2.04992461205,
            "dvar": 3.62993884087,
            "dvar2": 6.93377065659,
            "max": 39.148235321,
            "mean": 3.74254488945,
            "median": 2.88613080978,
            "min": -3.41277694702,
            "var": 11.0267009735
        },
        "barkbands_spread": {
            "dmean": 5.79750585556,
            "dmean2": 8.81934738159,
            "dvar": 91.6106796265,
            "dvar2": 194.745437622,
            "max": 145.351135254,
            "mean": 12.4512891769,
            "median": 8.5412273407,
            "min": 0.113080441952,
            "var": 182.960617065
        },
        "dissonance": {
            "dmean": 0.0288710519671,
            "dmean2": 0.0468938760459,
            "dvar": 0.000885550689418,
            "dvar2": 0.00221554469317,
            "max": 0.500000119209,
            "mean": 0.441050440073,
            "median": 0.455024421215,
            "min": 0.131230354309,
            "var": 0.00243623135611
        },
        "dynamic_complexity": 5.24944067001,
        "erbbands": {
            "dmean": [
                0.735333740711,
                4.68540525436,
                10.9260520935,
                9.52751255035,
                13.7649450302,
                18.0927371979,
                14.2318067551,
                11.876745224,
                8.69164276123,
                13.1543245316,
                13.3715734482,
                11.9429922104,
                9.71183109283,
                8.89361286163,
                9.80048084259,
                10.4803419113,
                13.2242479324,
                12.5151004791,
                13.0850915909,
                9.29650974274,
                8.21314907074,
                8.31678676605,
                12.4568052292,
                4.99226760864,
                2.90719652176,
                3.14019632339,
                3.36944079399,
                2.92180919647,
                3.37208461761,
                3.41366004944,
                2.11585187912,
                1.60265207291,
                1.36512136459,
                1.10471963882,
                0.615829408169,
                0.302979707718,
                0.109921202064,
                0.0316495597363,
                0.00272926967591,
                0.000110239852802
            ],
            "dmean2": [
                1.06691455841,
                6.4309296608,
                18.1518611908,
                17.3701934814,
                25.2838554382,
                33.6283416748,
                25.2567825317,
                20.6064395905,
                13.8566026688,
                20.5132923126,
                20.175075531,
                17.7965431213,
                14.0543556213,
                12.6123723984,
                13.4062004089,
                15.0443677902,
                18.3420200348,
                17.3145046234,
                18.8231868744,
                13.4721622467,
                12.2427024841,
                12.4804801941,
                21.3401870728,
                8.16368103027,
                4.53890800476,
                4.95187520981,
                5.33670282364,
                4.65892410278,
                5.46672058105,
                5.57402133942,
                3.23062443733,
                2.43480610847,
                2.09717416763,
                1.77997243404,
                0.930121302605,
                0.472333937883,
                0.175506800413,
                0.0525795854628,
                0.00437492551282,
                0.000173541353433
            ],
            "dvar": [
                1.72113072872,
                88.37084198,
                812.484680176,
                617.520507812,
                936.927368164,
                2226.97583008,
                993.698913574,
                619.020019531,
                391.617401123,
                896.371643066,
                1011.37371826,
                972.33795166,
                556.907470703,
                921.864440918,
                1088.35888672,
                1162.69592285,
                1693.65698242,
                1225.62304688,
                1662.25830078,
                809.952819824,
                576.431335449,
                517.89666748,
                1225.13195801,
                201.898635864,
                58.2573890686,
                56.698600769,
                93.9046401978,
                55.5627746582,
                70.5591049194,
                87.0204467773,
                48.0733985901,
                29.7001590729,
                26.0067596436,
                20.1127910614,
                6.17831802368,
                1.65504062176,
                0.289126098156,
                0.0310335606337,
                0.000217439534026,
                1.79190180916e-07
            ],
            "dvar2": [
                3.73670935631,
                134.878097534,
                2131.81884766,
                1740.58068848,
                2656.64111328,
                6362.32568359,
                2764.11230469,
                1629.66870117,
                900.598632812,
                1932.3293457,
                2131.37084961,
                2067.91552734,
                1075.36950684,
                1832.85717773,
                2001.27575684,
                2485.2890625,
                3073.51586914,
                2301.67724609,
                3556.24829102,
                1531.64160156,
                1110.58740234,
                1104.33996582,
                3328.71289062,
                489.667053223,
                132.109588623,
                127.418830872,
                217.742370605,
                124.202682495,
                166.325408936,
                201.057250977,
                96.5835113525,
                61.1138763428,
                55.8458862305,
                47.3309249878,
                13.6440420151,
                3.81745171547,
                0.676866769791,
                0.0772934406996,
                0.000508626340888,
                3.95831136757e-07
            ],
            "max": [
                12.5045967102,
                77.3318099976,
                239.499557495,
                206.363845825,
                252.638565063,
                377.082092285,
                431.945556641,
                287.643127441,
                353.645935059,
                599.938415527,
                855.274108887,
                1013.69836426,
                813.267028809,
                751.753295898,
                948.832580566,
                1030.7355957,
                969.431640625,
                705.319824219,
                1031.82226562,
                779.708740234,
                728.156005859,
                781.298339844,
                498.86505127,
                629.658935547,
                259.305541992,
                186.133422852,
                225.974090576,
                162.964797974,
                158.447006226,
                176.448730469,
                161.696365356,
                123.104652405,
                108.923957825,
                108.657432556,
                87.9146957397,
                40.0736122131,
                6.32879829407,
                2.10770440102,
                0.171275436878,
                0.00483190268278
            ],
            "mean": [
                1.22222876549,
                7.87401199341,
                12.6075086594,
                8.12639713287,
                11.7009859085,
                14.7168331146,
                15.5859041214,
                13.1140480042,
                11.7887125015,
                19.4607944489,
                21.3329372406,
                19.5231895447,
                16.7358341217,
                16.1670017242,
                17.701128006,
                17.3573818207,
                23.0064544678,
                22.3485965729,
                20.9876995087,
                14.9821491241,
                12.6410226822,
                13.5873804092,
                13.6617269516,
                6.39120531082,
                4.12153291702,
                3.99936127663,
                3.89249682426,
                3.24340319633,
                3.4966146946,
                3.52683877945,
                2.40996551514,
                1.91556060314,
                1.50473511219,
                1.10495960712,
                0.71530354023,
                0.301012456417,
                0.0931387245655,
                0.0241686608642,
                0.00220888666809,
                0.000141547818203
            ],
            "median": [
                0.63867866993,
                3.98860645294,
                6.34683418274,
                2.91695189476,
                3.78207349777,
                4.5316400528,
                6.95263290405,
                3.1164689064,
                2.47485494614,
                2.46737337112,
                3.30645751953,
                2.78117609024,
                1.80686318874,
                1.75303065777,
                1.41309726238,
                1.48939919472,
                1.88384008408,
                2.00626111031,
                2.05311465263,
                1.89786720276,
                1.92857468128,
                2.29606389999,
                2.56236600876,
                1.88931262493,
                1.28840732574,
                1.11889374256,
                0.926722943783,
                0.637854337692,
                0.685439705849,
                0.646648287773,
                0.369042396545,
                0.313426613808,
                0.174934118986,
                0.0814016610384,
                0.043247949332,
                0.01385873463,
                0.00272369757295,
                0.000438350776676,
                6.80215744069e-05,
                6.07967522228e-05
            ],
            "min": [
                1.06220714111e-22,
                7.33513868753e-22,
                2.36937404633e-21,
                5.25301451899e-21,
                1.33253335998e-20,
                3.87096357491e-20,
                3.32369021877e-20,
                6.41039836193e-20,
                1.75375253332e-19,
                1.46550296656e-19,
                3.24200981682e-19,
                5.1501738353e-19,
                6.11904014703e-19,
                7.19616682335e-19,
                1.004309967e-18,
                8.87665816702e-19,
                1.36086399869e-18,
                1.01659142775e-18,
                2.45311536232e-18,
                3.45418733081e-18,
                4.7225432755e-18,
                3.26221897656e-18,
                5.38646780005e-18,
                5.41126460686e-18,
                6.4587548494e-18,
                7.65118988272e-18,
                9.30201739225e-18,
                1.03790379827e-17,
                1.14694853688e-17,
                1.12772221246e-17,
                1.20146023555e-17,
                1.11678448594e-17,
                1.03493074571e-17,
                6.81144605103e-18,
                6.15263102113e-18,
                3.71762140164e-18,
                2.43055649265e-18,
                9.85540411718e-19,
                2.21440463432e-19,
                2.80555074542e-20
            ],
            "var": [
                2.84055018425,
                164.423217773,
                644.450439453,
                380.676147461,
                605.378662109,
                1332.96862793,
                785.291564941,
                656.968078613,
                641.742370605,
                1841.35241699,
                2288.64453125,
                1955.55688477,
                1567.84680176,
                2246.87597656,
                2933.43408203,
                2899.16601562,
                4742.44580078,
                3327.43847656,
                3560.34838867,
                1961.34338379,
                1276.87695312,
                1178.88500977,
                1151.9017334,
                236.740280151,
                84.3781814575,
                75.0327453613,
                107.212715149,
                74.5457000732,
                76.2787475586,
                94.9013214111,
                65.3386383057,
                38.6771240234,
                30.6676883698,
                21.1045265198,
                7.34243917465,
                1.63540494442,
                0.255086570978,
                0.0242102574557,
                0.000188078382052,
                1.769518434e-07
            ]
        },
        "erbbands_crest": {
            "dmean": 3.00463438034,
            "dmean2": 4.83680105209,
            "dvar": 7.80971574783,
            "dvar2": 19.1924190521,
            "max": 31.7113056183,
            "mean": 10.4432220459,
            "median": 9.68727493286,
            "min": 2.52490735054,
            "var": 21.0228652954
        },
        "erbbands_flatness_db": {
            "dmean": 0.0241344496608,
            "dmean2": 0.0361593477428,
            "dvar": 0.000543333764654,
            "dvar2": 0.00115991500206,
            "max": 0.503431499004,
            "mean": 0.164472907782,
            "median": 0.153157904744,
            "min": 0.0348035022616,
            "var": 0.00448099477217
        },
        "erbbands_kurtosis": {
            "dmean": 2.19586181641,
            "dmean2": 3.51466679573,
            "dvar": 12.2685480118,
            "dvar2": 29.0040740967,
            "max": 112.759002686,
            "mean": 2.21557545662,
            "median": 0.691453337669,
            "min": -1.86959052086,
            "var": 26.6483039856
        },
        "erbbands_skewness": {
            "dmean": 0.618441104889,
            "dmean2": 0.958205699921,
            "dvar": 0.396187275648,
            "dvar2": 0.916261911392,
            "max": 8.89385604858,
            "mean": 0.791497349739,
            "median": 0.718125522137,
            "min": -3.61430597305,
            "var": 1.41290903091
        },
        "erbbands_spread": {
            "dmean": 15.0233592987,
            "dmean2": 23.4408798218,
            "dvar": 312.546142578,
            "dvar2": 718.062316895,
            "max": 210.426391602,
            "mean": 43.8939094543,
            "median": 38.863319397,
            "min": 1.38373172283,
            "var": 781.169311523
        },
        "gfcc": {
            "cov": [
                [
                    29057.9570312,
                    -792.888122559,
                    -1004.77990723,
                    1604.31323242,
                    -559.220092773,
                    1541.61352539,
                    -182.322402954,
                    1043.31665039,
                    -146.20866394,
                    553.657470703,
                    -126.814674377,
                    -49.0681800842,
                    -338.138519287
                ],
                [
                    -792.888122559,
                    1599.13964844,
                    -188.282501221,
                    -266.566192627,
                    137.966369629,
                    -199.853744507,
                    217.996246338,
                    -142.021621704,
                    191.24609375,
                    -188.712356567,
                    146.309844971,
                    -46.1819992065,
                    72.6236495972
                ],
                [
                    -1004.77990723,
                    -188.282501221,
                    1450.79150391,
                    605.389648438,
                    234.933868408,
                    -36.5504646301,
                    70.7632141113,
                    3.01825547218,
                    16.4137115479,
                    3.3861758709,
                    22.3100643158,
                    87.5314331055,
                    7.26134729385
                ],
                [
                    1604.31323242,
                    -266.566192627,
                    605.389648438,
                    1427.70556641,
                    93.6408462524,
                    36.3262557983,
                    35.6404914856,
                    -21.0999011993,
                    47.0195465088,
                    -67.2803955078,
                    30.7137870789,
                    3.54923319817,
                    28.9818840027
                ],
                [
                    -559.220092773,
                    137.966369629,
                    234.933868408,
                    93.6408462524,
                    428.233276367,
                    57.253276825,
                    101.589874268,
                    48.7958946228,
                    57.9124183655,
                    8.67795372009,
                    47.4143829346,
                    1.05991649628,
                    68.8433609009
                ],
                [
                    1541.61352539,
                    -199.853744507,
                    -36.5504646301,
                    36.3262557983,
                    57.253276825,
                    394.781616211,
                    101.988952637,
                    94.7177276611,
                    -7.31672668457,
                    86.6983947754,
                    21.2999706268,
                    -11.7658815384,
                    -43.3104858398
                ],
                [
                    -182.322402954,
                    217.996246338,
                    70.7632141113,
                    35.6404914856,
                    101.589874268,
                    101.988952637,
                    314.737030029,
                    -15.4808177948,
                    22.7326526642,
                    -28.5631752014,
                    63.7748069763,
                    12.0584812164,
                    -8.68345451355
                ],
                [
                    1043.31665039,
                    -142.021621704,
                    3.01825547218,
                    -21.0999011993,
                    48.7958946228,
                    94.7177276611,
                    -15.4808177948,
                    238.395706177,
                    29.1610355377,
                    62.8432579041,
                    -1.73091614246,
                    11.6596536636,
                    9.26568984985
                ],
                [
                    -146.20866394,
                    191.24609375,
                    16.4137115479,
                    47.0195465088,
                    57.9124183655,
                    -7.31672668457,
                    22.7326526642,
                    29.1610355377,
                    225.689437866,
                    -14.1028499603,
                    26.4761047363,
                    8.11802864075,
                    30.7284374237
                ],
                [
                    553.657470703,
                    -188.712356567,
                    3.3861758709,
                    -67.2803955078,
                    8.67795372009,
                    86.6983947754,
                    -28.5631752014,
                    62.8432579041,
                    -14.1028499603,
                    167.268051147,
                    8.79265213013,
                    -13.4928836823,
                    -6.08714008331
                ],
                [
                    -126.814674377,
                    146.309844971,
                    22.3100643158,
                    30.7137870789,
                    47.4143829346,
                    21.2999706268,
                    63.7748069763,
                    -1.73091614246,
                    26.4761047363,
                    8.79265213013,
                    129.137985229,
                    9.0972328186,
                    13.379527092
                ],
                [
                    -49.0681800842,
                    -46.1819992065,
                    87.5314331055,
                    3.54923319817,
                    1.05991649628,
                    -11.7658815384,
                    12.0584812164,
                    11.6596536636,
                    8.11802864075,
                    -13.4928836823,
                    9.0972328186,
                    118.501266479,
                    6.45580244064
                ],
                [
                    -338.138519287,
                    72.6236495972,
                    7.26134729385,
                    28.9818840027,
                    68.8433609009,
                    -43.3104858398,
                    -8.68345451355,
                    9.26568984985,
                    30.7284374237,
                    -6.08714008331,
                    13.379527092,
                    6.45580244064,
                    107.827148438
                ]
            ],
            "icov": [
                [
                    8.11962308944e-05,
                    -0.000146687787492,
                    8.62626111484e-05,
                    -0.000187186873518,
                    0.000128760395455,
                    -0.000282272289041,
                    0.00012557671289,
                    -0.000319932762068,
                    0.000141442826134,
                    -0.000234016886679,
                    0.000188349775271,
                    -0.000152309701662,
                    0.000172172309249
                ],
                [
                    -0.000146687787492,
                    0.00153292401228,
                    -6.98081785231e-05,
                    0.00066820072243,
                    -0.000453266780823,
                    0.00104966457002,
                    -0.000897656893358,
                    0.000928482564632,
                    -0.00109828019049,
                    0.00151189812459,
                    -0.00147040723823,
                    0.00106898183003,
                    -0.00059163448168
                ],
                [
                    8.62626111484e-05,
                    -6.98081785231e-05,
                    0.00112526817247,
                    -0.000615459692199,
                    -0.000473326304927,
                    0.000114025911898,
                    -5.77654536755e-05,
                    -0.000281636166619,
                    0.000192891049664,
                    -0.000619093538262,
                    0.000288645445835,
                    -0.000899246660993,
                    0.000702830089722
                ],
                [
                    -0.000187186873518,
                    0.00066820072243,
                    -0.000615459692199,
                    0.0014436582569,
                    -0.000226834221394,
                    0.000447387574241,
                    -0.0003172980214,
                    0.000898761092685,
                    -0.000678440323099,
                    0.00138941034675,
                    -0.000933150295168,
                    0.000906034780201,
                    -0.000828571908642
                ],
                [
                    0.000128760395455,
                    -0.000453266780823,
                    -0.000473326304927,
                    -0.000226834221394,
                    0.00364474277012,
                    -0.00101934117265,
                    -0.000487318611704,
                    -0.00104814476799,
                    -1.43120369103e-05,
                    -0.00041814087308,
                    4.16391703766e-05,
                    0.000307140871882,
                    -0.00192680570763
                ],
                [
                    -0.000282272289041,
                    0.00104966457002,
                    0.000114025911898,
                    0.000447387574241,
                    -0.00101934117265,
                    0.00511941686273,
                    -0.00209825858474,
                    7.47390149627e-05,
                    -0.000633756339084,
                    -0.000578564417083,
                    -0.00102774682455,
                    0.000918356759939,
                    0.00103211042006
                ],
                [
                    0.00012557671289,
                    -0.000897656893358,
                    -5.77654536755e-05,
                    -0.0003172980214,
                    -0.000487318611704,
                    -0.00209825858474,
                    0.00500872731209,
                    -4.20386604674e-05,
                    0.000500865338836,
                    0.000481191294966,
                    -0.000898961036,
                    -0.000920931342989,
                    0.00101398129482
                ],
                [
                    -0.000319932762068,
                    0.000928482564632,
                    -0.000281636166619,
                    0.000898761092685,
                    -0.00104814476799,
                    7.47390149627e-05,
                    -4.20386604674e-05,
                    0.00669077550992,
                    -0.00152227701619,
                    -0.000175875538844,
                    -0.000594569719397,
                    -2.98046015814e-05,
                    -0.00123090459965
                ],
                [
                    0.000141442826134,
                    -0.00109828019049,
                    0.000192891049664,
                    -0.000678440323099,
                    -1.43120369103e-05,
                    -0.000633756339084,
                    0.000500865338836,
                    -0.00152227701619,
                    0.00571642769501,
                    -0.000620526145212,
                    0.000326989451423,
                    -0.000922745442949,
                    -0.000371062633349
                ],
                [
                    -0.000234016886679,
                    0.00151189812459,
                    -0.000619093538262,
                    0.00138941034675,
                    -0.00041814087308,
                    -0.000578564417083,
                    0.000481191294966,
                    -0.000175875538844,
                    -0.000620526145212,
                    0.00973385572433,
                    -0.00274057546631,
                    0.00224178074859,
                    -0.00106328865513
                ],
                [
                    0.000188349775271,
                    -0.00147040723823,
                    0.000288645445835,
                    -0.000933150295168,
                    4.16391703766e-05,
                    -0.00102774682455,
                    -0.000898961036,
                    -0.000594569719397,
                    0.000326989451423,
                    -0.00274057546631,
                    0.0106125641614,
                    -0.00177610421088,
                    -0.000106723397039
                ],
                [
                    -0.000152309701662,
                    0.00106898183003,
                    -0.000899246660993,
                    0.000906034780201,
                    0.000307140871882,
                    0.000918356759939,
                    -0.000920931342989,
                    -2.98046015814e-05,
                    -0.000922745442949,
                    0.00224178074859,
                    -0.00177610421088,
                    0.0101388003677,
                    -0.00127653311938
                ],
                [
                    0.000172172309249,
                    -0.00059163448168,
                    0.000702830089722,
                    -0.000828571908642,
                    -0.00192680570763,
                    0.00103211042006,
                    0.00101398129482,
                    -0.00123090459965,
                    -0.000371062633349,
                    -0.00106328865513,
                    -0.000106723397039,
                    -0.00127653311938,
                    0.0123554468155
                ]
            ],
            "mean": [
                -72.2599258423,
                111.899856567,
                -78.7105331421,
                43.646987915,
                -41.4932594299,
                15.673989296,
                -31.2882537842,
                8.68484306335,
                -13.3795804977,
                1.10392475128,
                -9.99511528015,
                1.23911201954,
                -6.56095504761
            ]
        },
        "hfc": {
            "dmean": 8.58463287354,
            "dmean2": 13.1169586182,
            "dvar": 258.079925537,
            "dvar2": 557.599243164,
            "max": 262.784942627,
            "mean": 17.2744865417,
            "median": 10.597694397,
            "min": 1.07277020555e-16,
            "var": 435.433197021
        },
        "melbands": {
            "dmean": [
                0.00613810727373,
                0.00536799384281,
                0.00178146210965,
                0.00119447533507,
                0.000554155034479,
                0.000267213123152,
                0.000134193149279,
                0.000145984813571,
                0.000103320009657,
                7.5279691373e-05,
                4.89924241265e-05,
                3.69741464965e-05,
                3.76323332603e-05,
                3.1000628951e-05,
                2.63153251581e-05,
                2.9621685826e-05,
                2.40062709054e-05,
                2.30970381381e-05,
                1.69174672919e-05,
                1.08048125185e-05,
                1.00271408883e-05,
                8.43932230055e-06,
                1.23293793877e-05,
                8.80187235452e-06,
                3.86423607779e-06,
                2.29377656069e-06,
