{
    "lowlevel": {
        "average_loudness": 0.63680356741,
        "barkbands": {
            "dmean": [
                0.000277604616713,
                0.00381666352041,
                0.00110475812107,
                0.000525367562659,
                0.000828480173368,
                0.000595935969613,
                0.000721642456483,
                0.000518431945238,
                0.00036880542757,
                0.00129700393882,
                0.000293399789371,
                0.000365550600691,
                0.000302773929434,
                0.000847687595524,
                0.00031768847839,
                0.00019785137556,
                0.000252740079304,
                0.000161982141435,
                0.000158988608746,
                0.000123996360344,
                0.000136267452035,
                0.00010248010949,
                9.83270292636e-05,
                7.97066895757e-05,
                6.68761786073e-05,
                4.66842429887e-05,
                2.56108287431e-05
            ],
            "dmean2": [
                0.000452442734968,
                0.00633411854506,
                0.00184588273987,
                0.000907580018975,
                0.00141272798646,
                0.000911285635084,
                0.00110419373959,
                0.000777288223617,
                0.000587804126553,
                0.00208700890653,
                0.0004796521971,
                0.000605075038038,
                0.000495458953083,
                0.00141973432619,
                0.00052632909501,
                0.000324705149978,
                0.000413468223996,
                0.000271824974334,
                0.000264700502157,
                0.000195868415176,
                0.000208957935683,
                0.000150432242663,
                0.000139745607157,
                0.000116108123621,
                9.72776688286e-05,
                6.90355009283e-05,
                3.83818733098e-05
            ],
            "dvar": [
                6.65159973323e-07,
                5.26788862771e-05,
                1.29106538225e-05,
                1.43040278999e-06,
                5.19510285812e-06,
                1.30948865262e-06,
                1.88800686374e-06,
                2.3369864266e-06,
                1.63537333719e-06,
                1.08437898234e-05,
                4.21829184916e-07,
                6.50598963148e-07,
                6.37363314127e-07,
                4.43028693553e-06,
                5.34395383056e-07,
                2.09706570331e-07,
                3.09483652927e-07,
                1.30161623701e-07,
                8.81271375874e-08,
                7.46441770616e-08,
                9.8011803118e-08,
                8.05201665344e-08,
                8.26851973557e-08,
                5.38952988904e-08,
                3.2164010122e-08,
                1.36262734429e-08,
                4.24452117898e-09
            ],
            "dvar2": [
                1.701035103e-06,
                0.000137571012601,
                3.38750578521e-05,
                3.9422025111e-06,
                1.45641270137e-05,
                3.17458943755e-06,
                4.3654995352e-06,
                5.64406263948e-06,
                4.0963191168e-06,
                2.7805521313e-05,
                1.15370210096e-06,
                1.74351930582e-06,
                1.68969904735e-06,
                1.20806043924e-05,
                1.39780922837e-06,
                5.27359418356e-07,
                7.9752817328e-07,
                3.4549120187e-07,
                2.34693558809e-07,
                1.62711287999e-07,
                2.03637782192e-07,
                1.46733455608e-07,
                1.60374440838e-07,
                1.16824111274e-07,
                6.53539871109e-08,
                2.86315824383e-08,
                8.69911609414e-09
            ],
            "max": [
                0.0118268262595,
                0.138706579804,
                0.0425928346813,
                0.0221566297114,
                0.043768864125,
                0.051885843277,
                0.0260162688792,
                0.053410127759,
                0.0395177975297,
                0.0462157949805,
                0.0223740264773,
                0.0154493907467,
                0.0259861852974,
                0.035725004971,
                0.0197918787599,
                0.0125242397189,
                0.0130396895111,
                0.0164581816643,
                0.0051659969613,
                0.00828361790627,
                0.0134064694867,
                0.00868882425129,
                0.00792977865785,
                0.00862068589777,
                0.00463959854096,
                0.00178383244202,
                0.00064212421421
            ],
            "mean": [
                0.000380213692551,
                0.00884595047683,
                0.00119968981016,
                0.000721132382751,
                0.00169027422089,
                0.0015088499058,
                0.00159329932649,
                0.00117374770343,
                0.000641333579551,
                0.00212265667506,
                0.000471989362268,
                0.000588991912082,
                0.000519893306773,
                0.00132287945598,
                0.000583252054639,
                0.00035606889287,
                0.000457981863292,
                0.000319397338899,
                0.000324972672388,
                0.000264910166152,
                0.000297909544315,
                0.000217793873162,
                0.000183608994121,
                0.000141562064528,
                0.000108507389086,
                6.46187691018e-05,
                2.64835744019e-05
            ],
            "median": [
                1.2405454072e-05,
                0.00119863345753,
                0.000262593239313,
                0.000357078126399,
                0.00113760086242,
                0.000827791402116,
                0.000563325418625,
                0.000369395856978,
                0.000216088927118,
                0.00031212088652,
                0.000195078944671,
                0.000176597372047,
                0.000157094618771,
                0.000254346552538,
                0.00019945538952,
                0.000137056471431,
                0.000191737810383,
                0.000110902270535,
                0.000140324322274,
                9.72667403403e-05,
                8.30301651149e-05,
                8.52185185067e-05,
                5.39784014109e-05,
                4.33896748291e-05,
                3.70679299522e-05,
                1.91552026081e-05,
                2.21483855967e-06
            ],
            "min": [
                5.7914277591e-25,
                6.42506854691e-24,
                7.01675130229e-24,
                1.99074729231e-23,
                5.33788032663e-23,
                3.97608615425e-23,
                4.51181295459e-23,
                5.61545775998e-23,
                5.71114848105e-23,
                8.28870668156e-23,
                1.01483017463e-22,
                8.37939917994e-23,
                9.99161440678e-23,
                4.02166590627e-23,
                2.21481193595e-22,
                1.43076459686e-22,
                1.48456579412e-22,
                2.61491941029e-22,
                2.44282454443e-22,
                3.25363623009e-22,
                6.88887717043e-22,
                4.80783130533e-22,
                7.34499831288e-22,
                9.03467122402e-22,
                1.39528334991e-21,
                1.52528207351e-21,
                2.68343025072e-21
            ],
            "var": [
                8.24637254482e-07,
                0.000171921725268,
                1.09776929094e-05,
                1.37853010074e-06,
                5.13057784701e-06,
                4.412654107e-06,
                7.28454097043e-06,
                6.9981406341e-06,
                3.92713536712e-06,
                2.30146179092e-05,
                7.19733179722e-07,
                1.19213336802e-06,
                1.36068604206e-06,
                8.06477328297e-06,
                1.23565155263e-06,
                4.76926857118e-07,
                6.5936461624e-07,
                2.9885492836e-07,
                2.13570771734e-07,
                2.17477975184e-07,
                3.02869182178e-07,
                2.47254234864e-07,
                2.09264442219e-07,
                1.06792313659e-07,
                6.17711961581e-08,
                1.84398558645e-08,
                5.12785325313e-09
            ]
        },
        "barkbands_crest": {
            "dmean": 2.27440214157,
            "dmean2": 3.63928365707,
            "dvar": 4.83447647095,
            "dvar2": 11.9537820816,
            "max": 25.4661846161,
            "mean": 10.7838468552,
            "median": 9.88869190216,
            "min": 2.12004184723,
            "var": 21.0200767517
        },
        "barkbands_flatness_db": {
            "dmean": 0.0188500210643,
            "dmean2": 0.028059983626,
            "dvar": 0.000348660920281,
            "dvar2": 0.00072124513099,
            "max": 0.503737330437,
            "mean": 0.134704828262,
            "median": 0.117181949317,
            "min": 0.0142683386803,
            "var": 0.00504691386595
        },
        "barkbands_kurtosis": {
            "dmean": 2.14150595665,
            "dmean2": 3.39837050438,
            "dvar": 22.338142395,
            "dvar2": 53.6558609009,
            "max": 148.931762695,
            "mean": 4.70352172852,
            "median": 1.09351110458,
            "min": -1.89377486706,
            "var": 149.214309692
        },
        "barkbands_skewness": {
            "dmean": 0.42043620348,
            "dmean2": 0.647743821144,
            "dvar": 0.221051841974,
            "dvar2": 0.484366178513,
            "max": 10.803524971,
            "mean": 1.45058321953,
            "median": 1.23367726803,
            "min": -3.18786811829,
            "var": 1.47369515896
        },
        "barkbands_spread": {
            "dmean": 5.30820131302,
            "dmean2": 8.04249286652,
            "dvar": 54.0485191345,
            "dvar2": 112.651374817,
            "max": 118.539909363,
            "mean": 23.5329322815,
            "median": 21.4090690613,
            "min": 0.273500978947,
            "var": 237.385238647
        },
        "dissonance": {
            "dmean": 0.0170730389655,
            "dmean2": 0.0287028346211,
            "dvar": 0.000309419468977,
            "dvar2": 0.000853184610605,
            "max": 0.5,
            "mean": 0.459433674812,
            "median": 0.470242232084,
            "min": 0.146841719747,
            "var": 0.00165447336622
        },
        "dynamic_complexity": 4.56168317795,
        "erbbands": {
            "dmean": [
                0.140078008175,
                0.802144885063,
                1.33454704285,
                1.21252608299,
                2.61634206772,
                2.84554004669,
                3.057751894,
                5.51693058014,
                11.6242313385,
                9.6161737442,
                8.55311203003,
                9.79249954224,
                43.2240104675,
                16.552740097,
                11.9947795868,
                16.8372764587,
                14.2630186081,
                42.0465316772,
                20.3760032654,
                11.5306415558,
                12.4020147324,
                9.51630973816,
                9.916472435,
                9.62605285645,
                6.54971504211,
                6.20552444458,
                5.35205984116,
                4.86447525024,
                3.73295688629,
                3.61954855919,
                2.6418390274,
                1.8390775919,
                1.29524219036,
                0.855789780617,
                0.436829149723,
                0.237787500024,
                0.0813306495547,
                0.0192376729101,
                0.00550432875752,
                0.000182976655196
            ],
            "dmean2": [
                0.218351110816,
                1.36443996429,
                2.18295359612,
                2.04309511185,
                4.563829422,
                4.79656839371,
                4.8849439621,
                8.53246212006,
                17.6066093445,
                14.5522508621,
                12.8811788559,
                15.4576368332,
                69.5891647339,
                26.8747749329,
                19.3298568726,
                27.7651252747,
                23.270614624,
                70.3885192871,
                33.7075233459,
                19.1997280121,
                20.3103561401,
                15.265709877,
                16.4187908173,
                16.2531242371,
                10.604681015,
                9.83239078522,
                8.28301429749,
                7.29528284073,
                5.51414060593,
                5.27786636353,
                3.77372169495,
                2.67375230789,
                1.91332650185,
                1.25825977325,
                0.628988862038,
                0.351624131203,
                0.121067740023,
                0.0286678671837,
                0.00826544221491,
                0.0002729363041
            ],
            "dvar": [
                0.0819297358394,
                2.41852974892,
                16.1984539032,
                7.09917116165,
                68.0301742554,
                48.5452728271,
                33.1765327454,
                128.675430298,
                470.927886963,
                505.578704834,
                743.697937012,
                1145.33056641,
                14187.0517578,
                2265.91040039,
                888.192993164,
                1456.18798828,
                1395.21704102,
                10859.7265625,
                1717.54455566,
                753.253295898,
                918.180236816,
                346.118743896,
                611.630859375,
                390.181976318,
                167.930786133,
                181.120025635,
                136.336349487,
                164.302642822,
                110.233131409,
                103.307899475,
                65.2412261963,
                27.7258586884,
                15.2617387772,
                5.34095096588,
                1.41298437119,
                0.349597454071,
                0.0436453483999,
                0.00224860571325,
                0.000201348593691,
                2.08138430935e-07
            ],
            "dvar2": [
                0.1893581599,
                6.66618394852,
                41.1551704407,
                18.5797843933,
                187.876647949,
                139.21446228,
                90.3710174561,
                313.782165527,
                1084.15368652,
                1239.92333984,
                1655.81762695,
                2965.27026367,
                36135.671875,
                5724.58447266,
                2429.06005859,
                3872.4699707,
                3709.67944336,
                29701.1171875,
                4524.61572266,
                2025.57995605,
                2283.93334961,
                850.677185059,
                1598.09973145,
                1096.15527344,
                410.738769531,
                396.66104126,
                286.779846191,
                334.840209961,
                211.058578491,
                199.974868774,
                129.790023804,
                58.1657562256,
                34.0615081787,
                11.256072998,
                2.7564136982,
                0.734923183918,
                0.0934317857027,
                0.00468628667295,
                0.000417809875216,
                4.25215091582e-07
            ],
            "max": [
                5.72691965103,
                25.2708950043,
                60.3960418701,
                43.297164917,
                157.168563843,
                128.312408447,
                157.938079834,
                558.878173828,
                398.899078369,
                623.344482422,
                1043.51123047,
                1033.19934082,
                1706.30334473,
                1029.99768066,
                1050.80969238,
                791.061584473,
                1253.45422363,
                1826.07458496,
                749.836486816,
                828.419250488,
                846.260314941,
                421.23147583,
                1164.57543945,
                360.48425293,
                297.940795898,
                394.3019104,
                364.236968994,
                608.471313477,
                362.41418457,
                328.994476318,
                261.503540039,
                210.415298462,
                131.036087036,
                53.9068756104,
                48.0053977966,
                12.4361076355,
                2.99655437469,
                0.499179273844,
                0.141563266516,
                0.00478510279208
            ],
            "mean": [
                0.320938229561,
                1.69033813477,
                1.80468046665,
                1.81007945538,
                4.06950521469,
                5.57238674164,
                7.87771844864,
                12.9769067764,
                26.7942962646,
                22.2663402557,
                19.6495113373,
                18.6046943665,
                69.5387649536,
                29.3243503571,
                21.7945537567,
                28.0827903748,
                26.7429294586,
                67.4434051514,
                39.0372123718,
                23.9395561218,
                23.9649085999,
                19.9717159271,
                20.0791091919,
                18.6871299744,
                14.0124721527,
                13.1283550262,
                11.7876367569,
                10.5852108002,
                7.80438184738,
                7.11210107803,
                4.92286777496,
                3.20270323753,
                2.20871186256,
                1.38253486156,
                0.694930970669,
                0.34159219265,
                0.107571616769,
                0.0226222705096,
                0.00563537888229,
                0.000213202831219
            ],
            "median": [
                0.0257204752415,
                0.276115298271,
                0.49682572484,
                0.929106354713,
                2.30442380905,
                3.37110638618,
                4.78291606903,
                6.81191015244,
                9.71963596344,
                8.62104415894,
                6.79634857178,
                7.05468273163,
                9.08816146851,
                7.50305938721,
                9.22924900055,
                8.89350128174,
                9.24625968933,
                15.4076471329,
                12.3334741592,
                10.20307827,
                9.59302425385,
                9.25295162201,
                7.11583375931,
                6.93569660187,
                6.25280570984,
                4.70016908646,
                3.94263601303,
                3.4098815918,
                2.99879693985,
                2.40331077576,
                1.45685696602,
                0.898385882378,
                0.668617963791,
                0.467754006386,
                0.226045325398,
                0.105958193541,
                0.0297588836402,
                0.00507379183546,
                0.000419831369072,
                5.06690957991e-05
            ],
            "min": [
                1.78773816665e-22,
                1.52929670656e-21,
                7.75000379303e-21,
                2.73466265939e-20,
                2.28117956475e-19,
                8.14275884139e-20,
                1.53610477055e-19,
                5.00912196327e-19,
                5.36343857481e-19,
                9.74787684141e-19,
                1.17295999638e-18,
                1.15184858939e-18,
                2.89947608292e-18,
                3.16252634195e-18,
                3.47633612569e-18,
                3.52324388386e-18,
                5.45429040642e-18,
                2.63076852889e-18,
                8.21079659227e-18,
                8.710339236e-18,
                8.48450569388e-18,
                9.75657299119e-18,
                1.1778512601e-17,
                1.71887089041e-17,
                9.07654036498e-18,
                1.87022872977e-17,
                2.43645470401e-17,
                2.4316636739e-17,
                1.79672926557e-17,
                1.57887421133e-17,
                2.5854732766e-17,
                1.82749558671e-17,
                1.59936678382e-17,
                1.67353527171e-17,
                8.836390808e-18,
                6.03073685888e-18,
                2.71255642554e-18,
                1.32437240898e-18,
                3.20078675401e-19,
                4.37169025014e-20
            ],
            "var": [
                0.284276515245,
                6.6245098114,
                17.5718574524,
                7.97104501724,
                55.6171913147,
                58.9889450073,
                89.3858108521,
                386.858642578,
                1886.01025391,
                1632.71679688,
                2325.10620117,
                2698.80981445,
                29164.7519531,
                4515.85791016,
                1685.95019531,
                2640.26782227,
                2982.19946289,
                19751.1191406,
                4123.43408203,
                1741.51403809,
                2097.4699707,
                967.834960938,
                1338.68762207,
                832.347839355,
                442.703491211,
                523.880187988,
                405.706695557,
                482.700805664,
                321.551025391,
                284.081604004,
                155.437332153,
                61.6923027039,
                26.4816646576,
                9.93198871613,
                2.75241708755,
                0.499941974878,
                0.055687956512,
                0.00284271175042,
                0.000239413973759,
                2.55918990888e-07
            ]
        },
        "erbbands_crest": {
            "dmean": 2.42417383194,
            "dmean2": 3.8865776062,
            "dvar": 5.82064199448,
            "dvar2": 15.0001296997,
            "max": 32.145111084,
            "mean": 9.6603307724,
            "median": 8.13021659851,
            "min": 2.1610314846,
            "var": 28.2437782288
        },
        "erbbands_flatness_db": {
            "dmean": 0.0170696526766,
            "dmean2": 0.0242157690227,
            "dvar": 0.000303569511743,
            "dvar2": 0.000578607374337,
            "max": 0.471666842699,
            "mean": 0.16249345243,
            "median": 0.153015911579,
            "min": 0.0388849526644,
            "var": 0.00427989056334
        },
        "erbbands_kurtosis": {
            "dmean": 0.899629831314,
            "dmean2": 1.36597394943,
            "dvar": 4.0302362442,
            "dvar2": 7.14923906326,
            "max": 144.801116943,
            "mean": 1.47312760353,
            "median": -0.114534378052,
            "min": -1.70817995071,
            "var": 74.6735076904
        },
        "erbbands_skewness": {
            "dmean": 0.313062787056,
            "dmean2": 0.480449974537,
            "dvar": 0.0886895433068,
            "dvar2": 0.198681667447,
            "max": 8.74038505554,
            "mean": 0.426254928112,
            "median": 0.298871040344,
            "min": -3.28459835052,
            "var": 1.1260215044
        },
        "erbbands_spread": {
            "dmean": 6.18117332458,
            "dmean2": 9.42740821838,
            "dvar": 50.3571815491,
            "dvar2": 105.518814087,
            "max": 159.329498291,
            "mean": 33.9451942444,
            "median": 31.830121994,
            "min": 0.631554365158,
            "var": 263.219116211
        },
        "gfcc": {
            "cov": [
                [
                    15949.3291016,
                    -3954.35424805,
                    251.446243286,
                    1358.29772949,
                    458.964080811,
                    1547.30969238,
                    508.630126953,
                    1317.13305664,
                    185.170974731,
                    660.290710449,
                    -175.288146973,
                    234.984863281,
                    -103.233169556
                ],
                [
                    -3954.35424805,
                    2241.89575195,
                    -526.491699219,
                    -165.125228882,
                    87.5558624268,
                    -492.654754639,
                    -90.9859390259,
                    -404.553405762,
                    5.90140771866,
                    -313.45123291,
                    61.3453559875,
                    -154.888122559,
                    53.2305107117
                ],
                [
                    251.446243286,
                    -526.491699219,
                    1076.91540527,
                    151.034835815,
                    87.6878356934,
                    259.547210693,
                    97.1613540649,
                    93.1372756958,
                    -6.76128816605,
                    132.126586914,
                    38.7890396118,
                    98.0416946411,
                    8.02788543701
                ],
                [
                    1358.29772949,
                    -165.125228882,
                    151.034835815,
                    619.913818359,
                    161.399078369,
                    199.304153442,
                    133.77684021,
                    128.172332764,
                    67.1826629639,
                    27.8700809479,
                    15.0200481415,
                    -8.15287590027,
                    5.26298809052
                ],
                [
                    458.964080811,
                    87.5558624268,
                    87.6878356934,
                    161.399078369,
                    271.380950928,
                    80.9464569092,
                    84.2762527466,
                    71.8385620117,
                    22.0094833374,
                    0.23075813055,
                    8.29477500916,
                    -4.69366264343,
                    8.18898391724
                ],
                [
                    1547.30969238,
                    -492.654754639,
                    259.547210693,
                    199.304153442,
                    80.9464569092,
                    413.436309814,
                    157.045776367,
                    215.926727295,
                    49.15102005,
                    127.354293823,
                    9.53944969177,
                    61.8556251526,
                    3.69722437859
                ],
                [
                    508.630126953,
                    -90.9859390259,
                    97.1613540649,
                    133.77684021,
                    84.2762527466,
                    157.045776367,
                    182.759033203,
                    117.362770081,
                    47.6885757446,
                    42.571231842,
                    13.9291496277,
                    2.89291334152,
                    -4.40338993073
                ],
                [
                    1317.13305664,
                    -404.553405762,
                    93.1372756958,
                    128.172332764,
                    71.8385620117,
                    215.926727295,
                    117.362770081,
                    280.062255859,
                    66.299079895,
                    128.631027222,
                    6.58498620987,
                    45.7822151184,
                    -8.8709192276
                ],
                [
                    185.170974731,
                    5.90140771866,
                    -6.76128816605,
                    67.1826629639,
                    22.0094833374,
                    49.15102005,
                    47.6885757446,
                    66.299079895,
                    118.581695557,
                    51.3706359863,
                    24.0720939636,
                    5.80832767487,
                    -12.6076040268
                ],
                [
                    660.290710449,
                    -313.45123291,
                    132.126586914,
                    27.8700809479,
                    0.23075813055,
                    127.354293823,
                    42.571231842,
                    128.631027222,
                    51.3706359863,
                    163.263244629,
                    38.289276123,
                    49.5426445007,
                    -3.43737578392
                ],
                [
                    -175.288146973,
                    61.3453559875,
                    38.7890396118,
                    15.0200481415,
                    8.29477500916,
                    9.53944969177,
                    13.9291496277,
                    6.58498620987,
                    24.0720939636,
                    38.289276123,
                    81.2620773315,
                    38.1855316162,
                    15.4473962784
                ],
                [
                    234.984863281,
                    -154.888122559,
                    98.0416946411,
                    -8.15287590027,
                    -4.69366264343,
                    61.8556251526,
                    2.89291334152,
                    45.7822151184,
                    5.80832767487,
                    49.5426445007,
                    38.1855316162,
                    93.7905883789,
                    33.2665596008
                ],
                [
                    -103.233169556,
                    53.2305107117,
                    8.02788543701,
                    5.26298809052,
                    8.18898391724,
                    3.69722437859,
                    -4.40338993073,
                    -8.8709192276,
                    -12.6076040268,
                    -3.43737578392,
                    15.4473962784,
                    33.2665596008,
                    78.8807144165
                ]
            ],
            "icov": [
                [
                    0.000224850169616,
                    0.000284489389742,
                    0.000264364585746,
                    -0.000295035628369,
                    -0.00029203723534,
                    -0.000349388486939,
                    0.000179534617928,
                    -0.000257867592154,
                    0.000106961764686,
                    -0.00015881031868,
                    0.000359928817488,
                    -0.00017734154244,
                    0.000137263908982
                ],
                [
                    0.000284489389742,
                    0.00149515992962,
                    0.000512661354151,
                    -6.34168318356e-05,
                    -0.00102555949707,
                    3.0414068533e-05,
                    -7.76359083829e-05,
                    0.000410362961702,
                    -0.000861682987306,
                    0.00119116646238,
                    -0.00139251677319,
                    0.00124787783716,
                    -0.000877122452948
                ],
                [
                    0.000264364585746,
                    0.000512661354151,
                    0.00165171630215,
                    -0.000504093593918,
                    -0.00080024584895,
                    -0.00086485396605,
                    -0.000250502518611,
                    0.000703661236912,
                    0.000646615633741,
                    -0.00106862117536,
                    0.000449775310699,
                    -0.00124457047787,
                    0.000547900504898
                ],
                [
                    -0.000295035628369,
                    -6.34168318356e-05,
                    -0.000504093593918,
                    0.00285904994234,
                    -0.000561681808904,
                    -0.000332539726514,
                    -0.000452590349596,
                    2.5724311854e-05,
                    -0.00129718938842,
                    0.00155870977324,
                    -0.0017733105924,
                    0.00195284583606,
                    -0.00104697025381
                ],
                [
                    -0.00029203723534,
                    -0.00102555949707,
                    -0.00080024584895,
                    -0.000561681808904,
                    0.00574427237734,
                    0.000327965157339,
                    -0.00121573242359,
                    -0.00140320614446,
                    0.000460673094494,
                    0.000928129011299,
                    -0.000352028117049,
                    0.000380867742933,
                    -0.000386200670619
                ],
                [
                    -0.000349388486939,
                    3.0414068533e-05,
                    -0.00086485396605,
                    -0.000332539726514,
                    0.000327965157339,
                    0.00684218062088,
                    -0.00349521893077,
                    -0.00103245431092,
                    9.46772561292e-05,
                    -0.00113786372822,
                    0.000944743864238,
                    -0.00167983886786,
                    -0.000544565671589
                ],
                [
                    0.000179534617928,
                    -7.76359083829e-05,
                    -0.000250502518611,
                    -0.000452590349596,
                    -0.00121573242359,
                    -0.00349521893077,
                    0.0111989760771,
                    -0.00336095457897,
                    -0.001490084338,
                    0.00188112433534,
                    -0.0024439112749,
                    0.00335246580653,
                    -0.00021116399148
                ],
                [
                    -0.000257867592154,
                    0.000410362961702,
                    0.000703661236912,
                    2.5724311854e-05,
                    -0.00140320614446,
                    -0.00103245431092,
                    -0.00336095457897,
                    0.0106697911397,
                    -0.00181953818537,
                    -0.0047135357745,
                    0.00262964493595,
                    -0.00258333422244,
                    0.00059692596551
                ],
                [
                    0.000106961764686,
                    -0.000861682987306,
                    0.000646615633741,
                    -0.00129718938842,
                    0.000460673094494,
                    9.46772561292e-05,
                    -0.001490084338,
                    -0.00181953818537,
                    0.0128960032016,
                    -0.00419741356745,
                    -0.000831559940707,
                    -0.000816557207145,
                    0.0027876291424
                ],
                [
                    -0.00015881031868,
                    0.00119116646238,
                    -0.00106862117536,
                    0.00155870977324,
                    0.000928129011299,
                    -0.00113786372822,
                    0.00188112433534,
                    -0.0047135357745,
                    -0.00419741356745,
                    0.0164512060583,
                    -0.00814061705023,
                    0.00174381316174,
                    -0.000570213305764
                ],
                [
                    0.000359928817488,
                    -0.00139251677319,
                    0.000449775310699,
                    -0.0017733105924,
                    -0.000352028117049,
                    0.000944743864238,
                    -0.0024439112749,
                    0.00262964493595,
                    -0.000831559940707,
                    -0.00814061705023,
                    0.0235565975308,
                    -0.0113879106939,
                    0.00133671460208
                ],
                [
                    -0.00017734154244,
                    0.00124787783716,
                    -0.00124457047787,
                    0.00195284583606,
                    0.000380867742933,
                    -0.00167983886786,
                    0.00335246580653,
                    -0.00258333422244,
                    -0.000816557207145,
                    0.00174381316174,
                    -0.0113879106939,
                    0.0238961577415,
                    -0.00904418621212
                ],
                [
                    0.000137263908982,
                    -0.000877122452948,
                    0.000547900504898,
                    -0.00104697025381,
                    -0.000386200670619,
                    -0.000544565671589,
                    -0.00021116399148,
                    0.00059692596551,
                    0.0027876291424,
                    -0.000570213305764,
                    0.00133671460208,
                    -0.00904418621212,
                    0.0175571236759
                ]
            ],
            "mean": [
                -18.5184249878,
                90.0817718506,
                -120.221099854,
                21.6972904205,
                -52.3803100586,
                6.62241888046,
                -34.4094390869,
                2.68255543709,
                -18.6710510254,
                6.64366292953,
                -11.2409391403,
                2.75154137611,
                -8.34786319733
            ]
        },
        "hfc": {
            "dmean": 6.11515760422,
            "dmean2": 8.81942176819,
            "dvar": 107.666427612,
            "dvar2": 204.763656616,
            "max": 223.822570801,
            "mean": 22.9104576111,
            "median": 13.392209053,
            "min": 1.22700703048e-16,
            "var": 620.179016113
        },
        "melbands": {
            "dmean": [
                0.0011352772126,
                0.000757858913857,
                0.000255872582784,
                0.00018606588128,
                0.000111128269054,
                0.00013084631064,
                0.000168230180861,
                0.000110019936983,
                6.38494821033e-05,
                6.66438936605e-05,
                0.000217557389988,
                7.01416574884e-05,
                3.6349734728e-05,
                4.30005929957e-05,
                3.2269887015e-05,
                3.20426552207e-05,
                9.52543268795e-05,
                3.73333896277e-05,
                2.15333711822e-05,
                1.50069981828e-05,
                1.69687336893e-05,
                1.18502712212e-05,
                1.15787488539e-05,
                6.97409586792e-06,
                8.94664299267e-06,
                5.21512038176e-06,
                4.36188793174e-06,
                4.31748139818e-06,
