{
    "lowlevel": {
        "average_loudness": 0.925840318203,
        "barkbands": {
            "dmean": [
                0.00124564603902,
                0.0131003037095,
                0.00359135470353,
                0.00236922060139,
                0.00440447125584,
                0.0013373743277,
                0.000575504265726,
                0.00110173400026,
                0.00136123329867,
                0.00159660889767,
                0.00171937572304,
                0.00086571049178,
                0.000459153379779,
                0.000357122626156,
                0.000409917731304,
                0.000414047535742,
                0.000253087288002,
                0.000140774151077,
                0.000129449967062,
                8.01029818831e-05,
                5.2899835282e-05,
                2.81950324279e-05,
                3.70500347344e-05,
                8.14148806967e-05,
                0.000130903252284,
                7.88474862929e-05,
                1.17254717225e-06
            ],
            "dmean2": [
                0.00169548904523,
                0.0205655395985,
                0.00619467254728,
                0.00435909908265,
                0.00793142430484,
                0.00228779623285,
                0.000954426359385,
                0.00179914047476,
                0.00221703154966,
                0.00261371722445,
                0.00274818646722,
                0.00140227680095,
                0.000764648837503,
                0.000603409251198,
                0.000684285769239,
                0.000683911668602,
                0.000416584924096,
                0.000230727571761,
                0.000215352760279,
                0.000132900138851,
                8.77306447364e-05,
                4.68699399789e-05,
                6.0765141825e-05,
                0.00013031096023,
                0.000198433903279,
                0.000119572519907,
                1.99187820726e-06
            ],
            "dvar": [
                5.49288915863e-06,
                0.000502716342453,
                0.000100274774013,
                6.33086383459e-05,
                0.000155773348524,
                6.26077462584e-06,
                1.16812918804e-06,
                6.59176885165e-06,
                9.10363633011e-06,
                1.13390669867e-05,
                1.17363688332e-05,
                5.03342062075e-06,
                1.57367787779e-06,
                1.34999584134e-06,
                1.02166347915e-06,
                7.3540405765e-07,
                2.35701421047e-07,
                8.47910825996e-08,
                4.59600784097e-08,
                1.30391226705e-08,
                5.10880360238e-09,
                2.10757011843e-09,
                4.21432577724e-09,
                4.1298907405e-08,
                1.59692021384e-07,
                4.88203539817e-08,
                1.38621709597e-11
            ],
            "dvar2": [
                9.8490372693e-06,
                0.00124066602439,
                0.0002769229759,
                0.000182053743629,
                0.0004474845191,
                1.75762615982e-05,
                2.97357132695e-06,
                1.65692708833e-05,
                2.26664487855e-05,
                2.83458230115e-05,
                2.78518036794e-05,
                1.14141048471e-05,
                4.05247374147e-06,
                3.50901405e-06,
                2.6478851396e-06,
                1.84622126653e-06,
                5.97140456193e-07,
                2.14986499714e-07,
                1.09852088315e-07,
                3.4341365307e-08,
                1.40191867004e-08,
                5.97009641723e-09,
                1.07114166426e-08,
                1.06831279822e-07,
                3.673597746e-07,
                1.11150157522e-07,
                3.97954134923e-11
            ],
            "max": [
                0.0608080178499,
                0.215914189816,
                0.113072410226,
                0.106433406472,
                0.170087739825,
                0.0569124892354,
                0.0219921711832,
                0.0422989092767,
                0.0483907200396,
                0.052640017122,
                0.0531631968915,
                0.0475688539445,
                0.0363450013101,
                0.0271486565471,
                0.0279613286257,
                0.0238462351263,
                0.010669901967,
                0.0089451931417,
                0.00758983753622,
                0.00376186217181,
                0.00140076957177,
                0.00129317876417,
                0.00238354480825,
                0.0102913519368,
                0.0139579959214,
                0.00613044807687,
                0.000155428802827
            ],
            "mean": [
                0.00281663564965,
                0.0406036563218,
                0.00470596179366,
                0.00198881467804,
                0.00495643960312,
                0.00176903267857,
                0.000781465612818,
                0.00136505847331,
                0.00200379244052,
                0.00206574401818,
                0.0023878715001,
                0.00113741611131,
                0.000594637356699,
                0.00048060840345,
                0.000594107143115,
                0.00063349714037,
                0.000385054736398,
                0.000249970791629,
                0.000267231982434,
                0.000180295784958,
                0.000135279304232,
                7.80764821684e-05,
                9.35611969908e-05,
                0.000196564549697,
                0.000242103720666,
                0.00014249648666,
                2.11261658478e-06
            ],
            "median": [
                0.00088770664297,
                0.0354120507836,
                0.00124265998602,
                0.000441789801698,
                0.00180210696999,
                0.000863375258632,
                0.000377993681468,
                0.000463899545139,
                0.000704676611349,
                0.000643457693513,
                0.000654446077533,
                0.000385229242966,
                0.000281340035144,
                0.000226909396588,
                0.000256992032519,
                0.000307647656882,
                0.000230976846069,
                0.000155292989803,
                0.000205031174119,
                0.000145415149746,
                0.000103558777482,
                4.65290395368e-05,
                5.77675527893e-05,
                9.55765717663e-05,
                0.000105498649646,
                4.55694571428e-05,
                7.93313006398e-07
            ],
            "min": [
                9.36270708022e-25,
                2.28079606437e-24,
                1.5377880937e-24,
                1.5042973984e-24,
                8.42433238155e-24,
                3.973008019e-24,
                1.67216139812e-23,
                5.34830496572e-24,
                2.27198188482e-23,
                2.32039490966e-23,
                2.69881937451e-23,
                2.34052253789e-23,
                2.94177654263e-23,
                4.48942634427e-23,
                3.0708240893e-23,
                6.00538602564e-23,
                8.30641755552e-23,
                1.17328557233e-22,
                1.53189012781e-22,
                1.76246748086e-22,
                2.16537118312e-22,
                3.15566854091e-22,
                4.35503372854e-22,
                5.61469389019e-22,
                9.40123077909e-22,
                1.47289302562e-21,
                1.81709224891e-21
            ],
            "var": [
                2.05062278837e-05,
                0.00156688981224,
                0.000108034262666,
                3.88662374462e-05,
                0.00010669639596,
                7.37516529625e-06,
                1.6635162865e-06,
                7.74864474806e-06,
                1.51011035996e-05,
                1.54570589075e-05,
                2.20477122639e-05,
                7.37012260288e-06,
                1.74496938143e-06,
                1.52252550834e-06,
                1.2689210962e-06,
                1.14545719043e-06,
                3.11195464064e-07,
                1.32691724275e-07,
                1.12519423112e-07,
                3.52549065497e-08,
                2.11490380764e-08,
                1.34902169435e-08,
                1.7100669325e-08,
                1.2745032052e-07,
                2.53797338701e-07,
                7.85788714097e-08,
                4.36769925782e-11
            ]
        },
        "barkbands_crest": {
            "dmean": 2.84092307091,
            "dmean2": 4.52344894409,
            "dvar": 8.39774131775,
            "dvar2": 19.9525661469,
            "max": 26.4894657135,
            "mean": 15.4526758194,
            "median": 15.643778801,
            "min": 2.5074660778,
            "var": 26.5597515106
        },
        "barkbands_flatness_db": {
            "dmean": 0.0262953080237,
            "dmean2": 0.0397845990956,
            "dvar": 0.00086206413107,
            "dvar2": 0.00188198511023,
            "max": 0.618252754211,
            "mean": 0.185246050358,
            "median": 0.15789718926,
            "min": 0.0298556126654,
            "var": 0.00805383268744
        },
        "barkbands_kurtosis": {
            "dmean": 8.61015224457,
            "dmean2": 13.7182369232,
            "dvar": 963.883605957,
            "dvar2": 2271.75048828,
            "max": 1213.84387207,
            "mean": 12.287560463,
            "median": 4.62422132492,
            "min": -1.92027723789,
            "var": 1562.08557129
        },
        "barkbands_skewness": {
            "dmean": 0.85305416584,
            "dmean2": 1.31112742424,
            "dvar": 1.2837754488,
            "dvar2": 2.83562159538,
            "max": 29.2588405609,
            "mean": 2.34886598587,
            "median": 2.03150296211,
            "min": -6.13108205795,
            "var": 4.44204950333
        },
        "barkbands_spread": {
            "dmean": 4.94969272614,
            "dmean2": 7.7331829071,
            "dvar": 42.5984268188,
            "dvar2": 96.2870559692,
            "max": 115.042678833,
            "mean": 17.6205406189,
            "median": 16.6910476685,
            "min": 0.17325502634,
            "var": 148.306976318
        },
        "dissonance": {
            "dmean": 0.0270170792937,
            "dmean2": 0.0457411929965,
            "dvar": 0.000832263380289,
            "dvar2": 0.0022443914786,
            "max": 0.499999463558,
            "mean": 0.450183242559,
            "median": 0.46626278758,
            "min": 0.109151363373,
            "var": 0.00248070759699
        },
        "dynamic_complexity": 2.91831064224,
        "erbbands": {
            "dmean": [
                0.529626250267,
                2.78394913673,
                4.10195732117,
                6.03188180923,
                12.7057800293,
                15.3708086014,
                10.3106136322,
                11.6252965927,
                7.49730873108,
                15.909901619,
                24.4552211761,
                32.6674919128,
                44.8770866394,
                38.8801956177,
                75.7710189819,
                34.4906387329,
                21.4063453674,
                17.9367923737,
                19.038187027,
                23.4414405823,
                17.3401851654,
                11.96833992,
                8.1398973465,
                7.25803899765,
                5.59268522263,
                3.93447113037,
                2.71552324295,
                1.59746098518,
                0.985398650169,
                1.07596349716,
                1.12182223797,
                1.40961229801,
                1.60061466694,
                1.29118895531,
                1.10563266277,
                0.536862850189,
                0.101657308638,
                0.00633383030072,
                0.000165852688951,
                2.30362275033e-05
            ],
            "dmean2": [
                0.73529446125,
                4.42251634598,
                6.63022470474,
                10.8031272888,
                23.2124862671,
                27.2554073334,
                17.9748439789,
                19.8868732452,
                12.2388629913,
                26.4441547394,
                39.9758377075,
                52.5166625977,
                73.3868560791,
                64.5694732666,
                119.78754425,
                54.6147880554,
                35.3605422974,
                29.8138389587,
                31.4139995575,
                38.7615509033,
                28.5936527252,
                19.5884876251,
                13.3187570572,
                11.9500370026,
                9.21627807617,
                6.53180170059,
                4.5323600769,
                2.6451690197,
                1.63506305218,
                1.80213010311,
                1.84325456619,
                2.23277711868,
                2.59703683853,
                1.99117195606,
                1.67974877357,
                0.814260840416,
                0.155246034265,
                0.00991260167211,
                0.00025905482471,
                3.7179201172e-05
            ],
            "dvar": [
                0.850150465965,
                24.8833045959,
                97.7253875732,
                345.49786377,
                1744.99377441,
                1569.74023438,
                449.084503174,
                453.103729248,
                184.642501831,
                1115.0892334,
                4111.24755859,
                4963.31298828,
                10398.8818359,
                10209.9882812,
                23654.6523438,
                7773.70898438,
                2966.61425781,
                3014.85375977,
                2491.57983398,
                3147.88623047,
                1105.0760498,
                580.843505859,
                239.66456604,
                194.917541504,
                110.467185974,
                28.2024593353,
                12.7446804047,
                5.53081417084,
                2.85387825966,
                2.93723511696,
                4.06854104996,
                12.839589119,
                15.8943738937,
                14.032160759,
                14.4561138153,
                2.65521454811,
                0.0647832155228,
                0.000215113395825,
                1.62142953286e-07,
                9.39172961623e-10
            ],
            "dvar2": [
                1.65907216072,
                62.2028999329,
                251.720993042,
                972.976867676,
                5026.20068359,
                4490.04589844,
                1307.22338867,
                1278.85693359,
                451.153320312,
                2845.72949219,
                10359.9345703,
                12297.6210938,
                25882.171875,
                25416.9980469,
                54868.2890625,
                17393.9804688,
                7445.98388672,
                7534.32568359,
                6350.86035156,
                8275.31738281,
                2799.25512695,
                1490.69946289,
                580.366149902,
                498.921844482,
                249.262756348,
                76.3601303101,
                34.3923454285,
                15.5181427002,
                7.90638113022,
                8.02902412415,
                10.2084655762,
                33.8915290833,
                40.8279037476,
                34.3265914917,
                32.7998390198,
                5.97498846054,
                0.148625120521,
                0.000550292024855,
                4.22487943297e-07,
                2.3717923181e-09
            ],
            "max": [
                10.5437841415,
                50.9209671021,
                114.32559967,
                200.154296875,
                556.089904785,
                559.566955566,
                467.71862793,
                411.375091553,
                353.99041748,
                658.700439453,
                1098.88476562,
                1349.45483398,
                2027.82519531,
                2028.69787598,
                2205.26855469,
                2407.62548828,
                1585.0859375,
                1446.18371582,
                1464.95446777,
                1903.41052246,
                748.948364258,
                557.686767578,
                361.691711426,
                559.869140625,
                566.896240234,
                123.701293945,
                64.8020629883,
                58.1010818481,
                53.0845909119,
                40.4880905151,
                87.6150741577,
                214.29800415,
                151.514205933,
                173.262557983,
                103.502685547,
                48.5158309937,
                6.564909935,
                0.449899733067,
                0.0135450689122,
                0.000594770419411
            ],
            "mean": [
                1.54231905937,
                7.50542879105,
                7.12181472778,
                6.17212677002,
                11.5194940567,
                18.1540374756,
                13.6824245453,
                15.2758588791,
                11.0799694061,
                20.5489845276,
                32.2731742859,
                51.7497253418,
                60.3421516418,
                51.5233078003,
                113.2762146,
                50.9094810486,
                29.7991142273,
                25.8932819366,
                27.8911914825,
                36.4003829956,
                27.9245529175,
                19.555557251,
                14.8962450027,
                14.3966941833,
                11.9659576416,
                9.00368499756,
                6.63469457626,
                4.21672058105,
                2.66131591797,
                2.79214310646,
                2.80557012558,
                3.35534763336,
                3.62369203568,
                2.62031555176,
                1.80332744122,
                0.919420003891,
                0.187300369143,
                0.0143595961854,
                0.00039970932994,
                9.86849918263e-05
            ],
            "median": [
                1.12626767159,
                5.97469806671,
                3.52994227409,
                2.04499173164,
                3.54367160797,
                6.02087974548,
                6.19396686554,
                7.39188957214,
                5.58294200897,
                9.37143230438,
                13.0545797348,
                19.0728626251,
                19.2816352844,
                21.1828899384,
                34.1987533569,
                19.9974193573,
                15.4452724457,
                13.2074756622,
                13.4915781021,
                18.7692584991,
                15.9890260696,
                12.3548469543,
                9.5975894928,
                10.6436462402,
                9.16306591034,
                7.27417993546,
                5.42911720276,
                2.97803235054,
                1.53727900982,
                1.83014321327,
                1.73437893391,
                1.68257439137,
                1.68541526794,
                1.21205306053,
                0.688178896904,
                0.311155080795,
                0.0606572814286,
                0.00688244728372,
                0.000220083238673,
                0.000103789381683
            ],
            "min": [
                5.10845938055e-23,
                5.83565168404e-22,
                2.26712293078e-21,
                5.14895616728e-21,
                1.91474281854e-20,
                3.15393337003e-20,
                2.95523133908e-20,
                5.36205873415e-20,
                1.7476138192e-19,
                2.30405653706e-19,
                2.27287234495e-19,
                6.0350492616e-19,
                9.1124852917e-19,
                9.82552842141e-19,
                8.086318111e-19,
                1.42166870135e-18,
                1.74185025734e-18,
                2.36025751432e-18,
                1.94651293886e-18,
                3.46836251817e-18,
                3.67534295977e-18,
                5.37520366806e-18,
                4.71404482189e-18,
                6.3618692522e-18,
                7.27897928659e-18,
                8.15907464293e-18,
                6.90153925462e-18,
                9.01562678467e-18,
                1.13802565689e-17,
                1.27094679845e-17,
                1.2354705109e-17,
                1.13280391384e-17,
                1.06151062305e-17,
                9.01912079558e-18,
                6.45229250086e-18,
                4.39684380444e-18,
                2.78687405409e-18,
                9.56566756403e-19,
                2.47726867431e-19,
                2.61186721278e-20
            ],
            "var": [
                3.08864879608,
                60.6741790771,
                135.789840698,
                236.132659912,
                1043.89086914,
                1262.23327637,
                532.106079102,
                521.45489502,
                302.437255859,
                1339.50341797,
                4618.13623047,
                9779.53320312,
                14112.984375,
                12408.7148438,
                50081.5195312,
                12012.1054688,
                3608.02246094,
                3988.37182617,
                2913.59912109,
                4071.31860352,
                1602.29321289,
                733.770568848,
                423.08972168,
                305.882415771,
                332.92755127,
                80.3642654419,
                42.7490196228,
                25.935962677,
                17.0566940308,
                14.4108867645,
                16.7482357025,
                39.8645172119,
                42.7407569885,
                24.1494846344,
                20.5058441162,
                4.01863956451,
                0.115439750254,
                0.000792971404735,
                5.50582569758e-07,
                3.66359564907e-09
            ]
        },
        "erbbands_crest": {
            "dmean": 3.65135836601,
            "dmean2": 5.83620023727,
            "dvar": 11.9028282166,
            "dvar2": 27.4552745819,
            "max": 32.3453979492,
            "mean": 11.644654274,
            "median": 9.88548946381,
            "min": 2.49015235901,
            "var": 43.9847793579
        },
        "erbbands_flatness_db": {
            "dmean": 0.0214949380606,
            "dmean2": 0.0321288108826,
            "dvar": 0.000477793946629,
            "dvar2": 0.0009848352056,
            "max": 0.585827708244,
            "mean": 0.165453195572,
            "median": 0.134898453951,
            "min": 0.0509256012738,
            "var": 0.00877729337662
        },
        "erbbands_kurtosis": {
            "dmean": 2.10745239258,
            "dmean2": 3.3162419796,
            "dvar": 21.1061992645,
            "dvar2": 52.3704566956,
            "max": 187.031906128,
            "mean": 2.68659496307,
            "median": 0.679956436157,
            "min": -1.90095341206,
            "var": 57.1768684387
        },
        "erbbands_skewness": {
            "dmean": 0.45712518692,
            "dmean2": 0.721515715122,
            "dvar": 0.237531617284,
            "dvar2": 0.587285161018,
            "max": 10.1770038605,
            "mean": 0.527047395706,
            "median": 0.400076538324,
            "min": -3.9614007473,
            "var": 0.819117605686
        },
        "erbbands_spread": {
            "dmean": 9.64966011047,
            "dmean2": 14.7918787003,
            "dvar": 124.731880188,
            "dvar2": 275.886932373,
            "max": 222.472396851,
            "mean": 35.2120780945,
            "median": 32.8638725281,
            "min": 0.392114907503,
            "var": 489.692749023
        },
        "gfcc": {
            "cov": [
                [
                    27174.71875,
                    -1877.35778809,
                    1528.74291992,
                    3373.80053711,
                    50.01512146,
                    2107.85205078,
                    -536.307250977,
                    1471.56774902,
                    -792.73046875,
                    772.557556152,
                    -269.819702148,
                    469.274200439,
                    -439.21975708
                ],
                [
                    -1877.35778809,
                    2447.26220703,
                    -280.062133789,
                    -257.326385498,
                    215.184829712,
                    -600.511291504,
                    366.121246338,
                    -449.789245605,
                    274.747528076,
                    -299.730133057,
                    112.771728516,
                    -221.084075928,
                    202.681335449
                ],
                [
                    1528.74291992,
                    -280.062133789,
                    1274.30932617,
                    742.265625,
                    171.977111816,
                    331.122314453,
                    -24.9060096741,
                    269.288421631,
                    -9.73202419281,
                    173.01751709,
                    19.1509990692,
                    102.263519287,
                    -117.335197449
                ],
                [
                    3373.80053711,
                    -257.326385498,
                    742.265625,
                    1128.72070312,
                    123.360153198,
                    362.523223877,
                    53.3341636658,
                    226.153411865,
                    11.1012382507,
                    132.197921753,
                    50.7813186646,
                    64.6319503784,
                    -97.255279541
                ],
                [
                    50.01512146,
                    215.184829712,
                    171.977111816,
                    123.360153198,
                    453.424468994,
                    174.069961548,
                    204.990524292,
                    129.882095337,
                    45.8252029419,
                    85.5602111816,
                    67.3356246948,
                    59.5589828491,
                    3.86632943153
                ],
                [
                    2107.85205078,
                    -600.511291504,
                    331.122314453,
                    362.523223877,
                    174.069961548,
                    623.245239258,
                    89.418800354,
                    307.509124756,
                    -55.7150497437,
                    174.651000977,
                    17.855638504,
                    138.791702271,
                    -38.1554450989
                ],
                [
                    -536.307250977,
                    366.121246338,
                    -24.9060096741,
                    53.3341636658,
                    204.990524292,
                    89.418800354,
                    478.817504883,
                    37.8481025696,
                    152.085800171,
                    38.7177810669,
                    32.5271148682,
                    52.3170051575,
                    60.8110122681
                ],
                [
                    1471.56774902,
                    -449.789245605,
                    269.288421631,
                    226.153411865,
                    129.882095337,
                    307.509124756,
                    37.8481025696,
                    402.816864014,
                    4.05081987381,
                    171.189834595,
                    5.45516586304,
                    70.5401611328,
                    -77.1034851074
                ],
                [
                    -792.73046875,
                    274.747528076,
                    -9.73202419281,
                    11.1012382507,
                    45.8252029419,
                    -55.7150497437,
                    152.085800171,
                    4.05081987381,
                    220.548080444,
                    32.8642807007,
                    44.8160820007,
                    -4.16621398926,
                    31.346830368
                ],
                [
                    772.557556152,
                    -299.730133057,
                    173.01751709,
                    132.197921753,
                    85.5602111816,
                    174.651000977,
                    38.7177810669,
                    171.189834595,
                    32.8642807007,
                    213.197952271,
                    26.9122028351,
                    83.4852294922,
                    -38.8865470886
                ],
                [
                    -269.819702148,
                    112.771728516,
                    19.1509990692,
                    50.7813186646,
                    67.3356246948,
                    17.855638504,
                    32.5271148682,
                    5.45516586304,
                    44.8160820007,
                    26.9122028351,
                    145.870864868,
                    25.7338809967,
                    13.9051027298
                ],
                [
                    469.274200439,
                    -221.084075928,
                    102.263519287,
                    64.6319503784,
                    59.5589828491,
                    138.791702271,
                    52.3170051575,
                    70.5401611328,
                    -4.16621398926,
                    83.4852294922,
                    25.7338809967,
                    162.176498413,
                    20.9693431854
                ],
                [
                    -439.21975708,
                    202.681335449,
                    -117.335197449,
                    -97.255279541,
                    3.86632943153,
                    -38.1554450989,
                    60.8110122681,
                    -77.1034851074,
                    31.346830368,
                    -38.8865470886,
                    13.9051027298,
                    20.9693431854,
                    133.565856934
                ]
            ],
            "icov": [
                [
                    0.000199340545805,
                    -0.000437940121628,
                    0.000391804729588,
                    -0.000678212381899,
                    0.000368653476471,
                    -0.000447453348897,
                    0.00042736181058,
                    -0.000535741273779,
                    0.000748014484998,
                    -0.000581575033721,
                    0.000668478372972,
                    -0.000622697116341,
                    0.000211389022297
                ],
                [
                    -0.000437940121628,
                    0.00216679694131,
                    -0.0010845529614,
                    0.00146379647776,
                    -0.00160366739146,
                    0.00175128027331,
                    -0.00156480015721,
                    0.00169338518754,
                    -0.00220633996651,
                    0.00206750980578,
                    -0.00206039147452,
                    0.00257320585661,
                    -0.00144812290091
                ],
                [
                    0.000391804729588,
                    -0.0010845529614,
                    0.00227986881509,
                    -0.00216089468449,
                    0.000473116524518,
                    -0.00100505619776,
                    0.00136418803595,
                    -0.00133320013992,
                    0.00137188343797,
                    -0.00146082811989,
                    0.00176535977516,
                    -0.00199158047326,
                    0.00105365028139
                ],
                [
                    -0.000678212381899,
                    0.00146379647776,
                    -0.00216089468449,
                    0.00396007020026,
                    -0.00101241783705,
                    0.000838062493131,
                    -0.00167202891316,
                    0.00188539153896,
                    -0.00268826866522,
                    0.00210018618964,
                    -0.00278601958416,
                    0.00243370863609,
                    -0.000197629036848
                ],
                [
                    0.000368653476471,
                    -0.00160366739146,
                    0.000473116524518,
                    -0.00101241783705,
                    0.00459756655619,
                    -0.00162393518258,
                    -0.000277602463029,
                    -0.00185670959763,
                    0.00231840717606,
                    -0.00188326556236,
                    0.000263438792899,
                    -0.00168179662433,
                    0.00092600780772
                ],
                [
                    -0.000447453348897,
                    0.00175128027331,
                    -0.00100505619776,
                    0.000838062493131,
                    -0.00162393518258,
                    0.00517738936469,
                    -0.00193441635929,
                    -0.000370779074728,
                    -0.000409274915,
                    0.001065723598,
                    -0.00184165150858,
                    0.000892261741683,
                    -0.00175093358848
                ],
                [
                    0.00042736181058,
                    -0.00156480015721,
                    0.00136418803595,
                    -0.00167202891316,
                    -0.000277602463029,
                    -0.00193441635929,
                    0.00499448087066,
                    -0.00118386594113,
                    -0.000656202726532,
                    -0.00118567654863,
                    0.00258197984658,
                    -0.00274846958928,
                    0.000230405174079
                ],
                [
                    -0.000535741273779,
                    0.00169338518754,
                    -0.00133320013992,
                    0.00188539153896,
                    -0.00185670959763,
                    -0.000370779074728,
                    -0.00118386594113,
                    0.00708334427327,
                    -0.0029243004974,
                    -0.00039832436596,
                    -0.00142326450441,
                    0.00250413781032,
                    0.000771453778725
                ],
                [
                    0.000748014484998,
                    -0.00220633996651,
                    0.00137188343797,
                    -0.00268826866522,
                    0.00231840717606,
                    -0.000409274915,
                    -0.000656202726532,
                    -0.0029243004974,
                    0.0105818137527,
                    -0.00460275541991,
                    0.00095763290301,
                    -0.00146691536065,
                    -0.000210742335184
                ],
                [
                    -0.000581575033721,
                    0.00206750980578,
                    -0.00146082811989,
                    0.00210018618964,
                    -0.00188326556236,
                    0.001065723598,
                    -0.00118567654863,
                    -0.00039832436596,
                    -0.00460275541991,
                    0.0114993145689,
                    -0.00283637084067,
                    -0.000758434704039,
                    0.000707452767529
                ],
                [
                    0.000668478372972,
                    -0.00206039147452,
                    0.00176535977516,
                    -0.00278601958416,
                    0.000263438792899,
                    -0.00184165150858,
                    0.00258197984658,
                    -0.00142326450441,
                    0.00095763290301,
                    -0.00283637084067,
                    0.0108352946118,
                    -0.00381024228409,
                    0.000735768000595
                ],
                [
                    -0.000622697116341,
                    0.00257320585661,
                    -0.00199158047326,
                    0.00243370863609,
                    -0.00168179662433,
                    0.000892261741683,
                    -0.00274846958928,
                    0.00250413781032,
                    -0.00146691536065,
                    -0.000758434704039,
                    -0.00381024228409,
                    0.0129448743537,
                    -0.00444158911705
                ],
                [
                    0.000211389022297,
                    -0.00144812290091,
                    0.00105365028139,
                    -0.000197629036848,
                    0.00092600780772,
                    -0.00175093358848,
                    0.000230405174079,
                    0.000771453778725,
                    -0.000210742335184,
                    0.000707452767529,
                    0.000735768000595,
                    -0.00444158911705,
                    0.0118508506566
                ]
            ],
            "mean": [
                -2.11370897293,
                92.8795700073,
                -104.029716492,
                17.70013237,
                -45.1806678772,
                23.5456256866,
                -32.6647033691,
                23.9888916016,
                -26.109046936,
                5.55949401855,
                -13.3736562729,
                2.04957389832,
                -2.62569832802
            ]
        },
        "hfc": {
            "dmean": 7.60595798492,
            "dmean2": 11.9453325272,
            "dvar": 98.9809188843,
            "dvar2": 241.444412231,
            "max": 203.48109436,
            "mean": 28.2819213867,
            "median": 28.0916252136,
            "min": 1.10621821315e-16,
            "var": 314.122924805
        },
        "melbands": {
            "dmean": [
                0.00400828570127,
                0.00236563710496,
                0.00115416559856,
                0.0011015930213,
                0.000400044140406,
                0.000252014753642,
                0.000114029186079,
                0.000190740902326,
                0.000221664275159,
                0.000193904794287,
                0.000226118616411,
                0.000160730458447,
                0.000235622443142,
                0.000139313255204,
                6.42550658085e-05,
                3.79158736905e-05,
                3.65223022527e-05,
                3.15463803418e-05,
                2.79453652183e-05,
                3.75362178602e-05,
                1.892794171e-05,
                1.33859348352e-05,
                1.16037927e-05,
                6.49494086247e-06,
                6.38518849883e-06,
                5.15335068485e-06,
                3.20085064232e-06,
                2.75472461908e-06,
                1.86799127277e-06,
                1.68824328739e-06,
