{
    "lowlevel": {
        "average_loudness": 0.805320858955,
        "barkbands": {
            "dmean": [
                0.000398346484872,
                0.0136759178713,
                0.00680882623419,
                0.00256873201579,
                0.00289618060924,
                0.00100662303157,
                0.000909187365323,
                0.000512662401889,
                0.000559383595828,
                0.000331534683937,
                0.000226221978664,
                0.000203311850782,
                0.000160325464094,
                0.00018219742924,
                0.000159719769727,
                0.000130602973513,
                0.00011983866716,
                0.000212309430935,
                0.000129501640913,
                0.000114143636893,
                4.23159726779e-05,
                4.37825037807e-05,
                0.000167534279171,
                0.000179865237442,
                0.000104709011794,
                1.83637221198e-05,
                2.45527348852e-06
            ],
            "dmean2": [
                0.000607209280133,
                0.017047226429,
                0.0118837067857,
                0.00472164200619,
                0.00531507423148,
                0.00172267097514,
                0.00146848172881,
                0.000794817286078,
                0.000858312181663,
                0.000491203682031,
                0.000326330889948,
                0.000296796672046,
                0.000232217164012,
                0.000273715355434,
                0.000241599846049,
                0.000189576967387,
                0.00018087393255,
                0.00031077323365,
                0.00019712401263,
                0.000166499157785,
                6.86315688654e-05,
                6.58178541926e-05,
                0.000255165679846,
                0.000278912630165,
                0.000161451403983,
                2.82131022686e-05,
                4.12864119426e-06
            ],
            "dvar": [
                2.23876827476e-06,
                0.00229055644013,
                0.00100254861172,
                0.000136889721034,
                0.000167664751643,
                9.20312231756e-06,
                4.78069796372e-06,
                2.15219915845e-06,
                3.12757310894e-06,
                8.66530911026e-07,
                5.33641639322e-07,
                9.22522758628e-07,
                3.69533097455e-07,
                2.84547098772e-07,
                2.41771687115e-07,
                1.14533634132e-07,
                8.07592073215e-08,
                2.0351487251e-07,
                1.61899748718e-07,
                1.22392791013e-07,
                6.45519548925e-08,
                2.22649454429e-08,
                1.96389990492e-07,
                1.11879614906e-07,
                4.2264868938e-08,
                2.91749313597e-09,
                1.95758353971e-10
            ],
            "dvar2": [
                4.70713939649e-06,
                0.00409120274708,
                0.00283324485645,
                0.000405542610679,
                0.000490444654133,
                2.5894079954e-05,
                1.18901916721e-05,
                4.83663734485e-06,
                7.10007179805e-06,
                1.70768612406e-06,
                1.0799615211e-06,
                1.87713078503e-06,
                6.95884523338e-07,
                6.15171074969e-07,
                5.25166342413e-07,
                2.28903644484e-07,
                1.8124094936e-07,
                4.23637942504e-07,
                3.24257456441e-07,
                2.65150276846e-07,
                1.70079275108e-07,
                4.62552627312e-08,
                4.08059548818e-07,
                2.43067205474e-07,
                9.03389789642e-08,
                6.02311933662e-09,
                5.01943597797e-10
            ],
            "max": [
                0.0167851280421,
                0.469200968742,
                0.274094462395,
                0.136279940605,
                0.126347452402,
                0.047083966434,
                0.0383074991405,
                0.0342494063079,
                0.0494277402759,
                0.0261695887893,
                0.0270276665688,
                0.0641017258167,
                0.0329993888736,
                0.0109907351434,
                0.00872523803264,
                0.00631870888174,
                0.00666360091418,
                0.00907709356397,
                0.005896337796,
                0.00729965930805,
                0.00440407218412,
                0.0031206891872,
                0.00620541162789,
                0.0051301731728,
                0.00276356958784,
                0.001385399024,
                0.000268982897978
            ],
            "mean": [
                0.000500232854392,
                0.0211573839188,
                0.0077698729001,
                0.00295680155978,
                0.00258641736582,
                0.00110396451782,
                0.00129374011885,
                0.000765428238083,
                0.0008099086117,
                0.000532693462446,
                0.000390887114918,
                0.000288140028715,
                0.000221623093239,
                0.000265540729742,
                0.000211975377169,
                0.000212962142541,
                0.000185909782886,
                0.000373416667571,
                0.000197542933165,
                0.000170477404026,
                4.05155187764e-05,
                5.16052677995e-05,
                0.00022390425147,
                0.000294305500574,
                0.000178840069566,
                2.80503372778e-05,
                2.3685420274e-06
            ],
            "median": [
                2.66356782959e-05,
                0.00256201904267,
                0.00245822942816,
                0.000879252678715,
                0.000618290156126,
                0.000206746597541,
                0.000289528165013,
                8.30306889839e-05,
                0.000110735760245,
                0.000101644713141,
                3.40754304489e-05,
                3.12168122036e-05,
                1.37887382152e-05,
                2.93541652354e-05,
                1.22520959849e-05,
                2.13256498682e-05,
                2.52992558671e-05,
                4.39728282799e-05,
                2.06921704375e-05,
                1.63912081916e-05,
                4.65547645945e-06,
                3.98896736442e-06,
                3.13402633765e-05,
                9.44587009144e-05,
                3.90033092117e-05,
                4.54517430626e-06,
                8.40751610554e-08
            ],
            "min": [
                7.15830371426e-24,
                1.24276295039e-23,
                6.2703859396e-24,
                3.068245303e-24,
                2.00761014079e-23,
                4.09783295102e-23,
                4.86585562212e-23,
                2.8893135059e-23,
                2.22310800744e-23,
                4.23430841198e-23,
                7.27521794913e-23,
                3.49687555798e-23,
                6.83017796737e-23,
                8.12716563866e-23,
                1.79762164716e-22,
                6.04542608083e-23,
                8.89245222459e-23,
                1.92340810596e-22,
                2.90984484158e-22,
                2.84136868578e-22,
                3.76479537748e-22,
                6.11911149539e-22,
                5.45263535453e-22,
                8.19444726972e-22,
                1.17407877512e-21,
                1.93596775607e-21,
                2.23237326712e-21
            ],
            "var": [
                3.73719035451e-06,
                0.0039071533829,
                0.000613357115071,
                7.71537524997e-05,
                9.34516720008e-05,
                7.43427335692e-06,
                7.1367471719e-06,
                3.68348696611e-06,
                5.5586228882e-06,
                2.05621745408e-06,
                1.51481390276e-06,
                1.40189717968e-06,
                7.86139310094e-07,
                5.7312752233e-07,
                4.06487657756e-07,
                3.01189515994e-07,
                1.6339615172e-07,
                6.00140936058e-07,
                2.61703206661e-07,
                1.80605681521e-07,
                4.89439422324e-08,
                3.28491225332e-08,
                3.04234134774e-07,
                2.26971366146e-07,
                9.19403291277e-08,
                6.6141372379e-09,
                1.85769996608e-10
            ]
        },
        "barkbands_crest": {
            "dmean": 2.35383558273,
            "dmean2": 3.45282053947,
            "dvar": 6.66204309464,
            "dvar2": 13.2320985794,
            "max": 26.4373970032,
            "mean": 12.3721399307,
            "median": 11.379617691,
            "min": 3.06479763985,
            "var": 26.9080429077
        },
        "barkbands_flatness_db": {
            "dmean": 0.0286224931479,
            "dmean2": 0.0379545390606,
            "dvar": 0.00116466230247,
            "dvar2": 0.00186847697478,
            "max": 0.680742025375,
            "mean": 0.227116107941,
            "median": 0.198511451483,
            "min": 0.0288920160383,
            "var": 0.0112466532737
        },
        "barkbands_kurtosis": {
            "dmean": 11.8001766205,
            "dmean2": 17.247095108,
            "dvar": 1261.4765625,
            "dvar2": 2909.54931641,
            "max": 802.978210449,
            "mean": 16.7223567963,
            "median": 4.86800479889,
            "min": -1.9578794241,
            "var": 1637.42993164
        },
        "barkbands_skewness": {
            "dmean": 0.953620314598,
            "dmean2": 1.29516756535,
            "dvar": 1.94919204712,
            "dvar2": 3.81888508797,
            "max": 22.0331993103,
            "mean": 2.528393507,
            "median": 2.03861021996,
            "min": -5.72786808014,
            "var": 5.62719631195
        },
        "barkbands_spread": {
            "dmean": 7.33821296692,
            "dmean2": 11.0540122986,
            "dvar": 140.476852417,
            "dvar2": 295.398529053,
            "max": 130.682098389,
            "mean": 20.6179447174,
            "median": 14.2129163742,
            "min": 0.0522264242172,
            "var": 444.408325195
        },
        "dissonance": {
            "dmean": 0.0320497192442,
            "dmean2": 0.0535567067564,
            "dvar": 0.0010270292405,
            "dvar2": 0.0027866861783,
            "max": 0.499999940395,
            "mean": 0.431050360203,
            "median": 0.44316187501,
            "min": 0.151600241661,
            "var": 0.00256359390914
        },
        "dynamic_complexity": 4.7627120018,
        "erbbands": {
            "dmean": [
                0.392036408186,
                3.48785376549,
                8.34258842468,
                7.92895507813,
                9.59332942963,
                9.76030063629,
                6.09660768509,
                9.33384609222,
                14.1261320114,
                9.17340946198,
                12.8552188873,
                11.06275177,
                10.3139266968,
                7.68596982956,
                8.95011806488,
                7.31002044678,
                6.71734666824,
                7.58543920517,
                8.52149772644,
                7.69572353363,
                5.92864513397,
                6.77568054199,
                11.5302648544,
                6.56444501877,
                7.21870994568,
                5.01880407333,
                2.72252845764,
                1.13659894466,
                1.21198451519,
                3.46942806244,
                5.17215919495,
                4.23800706863,
                2.81221461296,
                1.61856341362,
                0.533849358559,
                0.111908748746,
                0.0318887792528,
                0.00476348493248,
                0.000419672083808,
                4.28531056968e-05
            ],
            "dmean2": [
                0.468218684196,
                4.78525924683,
                13.9699583054,
                14.2520236969,
                17.5259838104,
                18.1509742737,
                10.6672401428,
                15.7059469223,
                22.7574234009,
                14.9905967712,
                19.6028213501,
                16.9161396027,
                15.4584970474,
                11.1354608536,
                12.8994750977,
                10.5442848206,
                9.51909065247,
                11.105714798,
                12.4211053848,
                11.2041215897,
                8.46178245544,
                9.85384368896,
                16.8172683716,
                9.54609394073,
                10.7316055298,
                7.22145748138,
                4.44040489197,
                1.76044034958,
                1.80891609192,
                5.2172908783,
                7.91947078705,
                6.63121318817,
                4.34537601471,
                2.49180555344,
                0.825355708599,
                0.170447021723,
                0.0496665202081,
                0.00757331214845,
                0.000697006820701,
                6.31319417153e-05
            ],
            "dvar": [
                2.05482888222,
                162.661895752,
                1348.43115234,
                1339.16748047,
                1680.49609375,
                2192.72802734,
                543.264587402,
                680.78112793,
                1172.38415527,
                736.293334961,
                1189.92675781,
                1721.6282959,
                785.24609375,
                505.154754639,
                773.619689941,
                1388.64709473,
                651.861206055,
                576.340393066,
                554.148742676,
                527.692382813,
                239.720199585,
                232.22038269,
                610.300598145,
                281.276153564,
                503.553863525,
                219.130950928,
                299.32043457,
                28.2431793213,
                19.1140365601,
                103.227264404,
                185.368667603,
                81.684677124,
                26.8620624542,
                9.38557052612,
                1.38288319111,
                0.0843081474304,
                0.0102235050872,
                0.000354694930138,
                5.99716258876e-06,
                3.77159103948e-08
            ],
            "dvar2": [
                2.87849926949,
                355.103118896,
                3682.14233398,
                3875.703125,
                4968.08496094,
                6405.50878906,
                1520.88586426,
                1885.63122559,
                2894.58837891,
                1778.84545898,
                2625.23388672,
                4043.88842773,
                1732.08886719,
                993.781921387,
                1677.73864746,
                2803.8984375,
                1214.69360352,
                1251.46337891,
                1196.51599121,
                1111.4432373,
                474.209411621,
                487.433898926,
                1264.93981934,
                566.595703125,
                934.391601563,
                452.284790039,
                800.768676758,
                67.3459243774,
                39.5990753174,
                204.333892822,
                401.831542969,
                178.559509277,
                59.3487892151,
                20.9673213959,
                2.94544219971,
                0.181887373328,
                0.021524105221,
                0.000762849638704,
                1.55553152581e-05,
                9.54893693006e-08
            ],
            "max": [
                15.8969097137,
                119.923316956,
                319.551330566,
                367.326751709,
                425.750549316,
                466.985076904,
                232.9271698,
                397.271789551,
                652.630065918,
                688.115722656,
                787.842651367,
                1432.6472168,
                568.48638916,
                545.09576416,
                969.017944336,
                2684.93676758,
                1568.31030273,
                539.627502441,
                511.932525635,
                486.062042236,
                396.947540283,
                331.448272705,
                443.49899292,
                441.211975098,
                348.859649658,
                292.640075684,
                297.995269775,
                107.571113586,
                80.7273025513,
                204.831130981,
                174.093307495,
                126.13331604,
                82.9749298096,
                35.8567085266,
                21.3192272186,
                8.67563056946,
                2.77866888046,
                0.586708664894,
                0.0483154691756,
                0.00383934215643
            ],
            "mean": [
                0.581968188286,
                4.80648899078,
                9.85123348236,
                9.25499725342,
                10.1243362427,
                7.75640869141,
                5.60805940628,
                11.0193443298,
                20.66264534,
                13.4656534195,
                21.0683746338,
                16.0011634827,
                16.2719917297,
                13.7811059952,
                15.9026403427,
                10.8954534531,
                9.99255180359,
                11.8531713486,
                12.8227424622,
                12.1062726974,
                10.3661680222,
                12.1189336777,
                20.0724487305,
                11.6779222488,
                11.4930467606,
                7.75187444687,
                2.84644770622,
                1.1745749712,
                1.39688754082,
                4.55615568161,
                6.77637767792,
                6.22810173035,
                4.721098423,
                2.73287773132,
                0.842765629292,
                0.178433313966,
                0.0458204597235,
                0.00638343254104,
                0.000430582964327,
                7.05170969013e-05
            ],
            "median": [
                0.041125882417,
                0.705256402493,
                3.15083551407,
                3.85331344604,
                3.90170931816,
                1.15316641331,
                0.898326158524,
                2.28959369659,
                5.12949991226,
                3.4565653801,
                2.65764021873,
                2.59349393845,
                3.79964947701,
                2.47873425484,
                1.95328366756,
                1.46910369396,
                0.961154282093,
                1.35030519962,
                1.36530613899,
                0.975129425526,
                1.35595083237,
                1.90677607059,
                2.89614272118,
                1.54071331024,
                1.05315089226,
                0.847053170204,
                0.356771618128,
                0.141192615032,
                0.121020361781,
                0.458458721638,
                0.998011112213,
                1.63604032993,
                1.39845335484,
                0.591824948788,
                0.183316126466,
                0.033606108278,
                0.00698281778023,
                0.000680793018546,
                5.22875889146e-05,
                3.35951954185e-05
            ],
            "min": [
                5.44503452194e-22,
                2.12133093418e-21,
                6.30805148245e-21,
                1.22988307324e-20,
                3.9959195462e-20,
                5.39091085854e-20,
                1.88139994353e-19,
                3.95967300874e-19,
                4.29073033543e-19,
                2.44684962427e-19,
                9.07534281425e-19,
                5.56381790832e-19,
                7.70226694138e-19,
                2.513927613e-18,
                2.8652035086e-18,
                1.86821326285e-18,
                3.97710465108e-18,
                3.55294380376e-18,
                7.95472463568e-18,
                6.33778630226e-18,
                4.40791396258e-18,
                4.76734916774e-18,
                9.39439940461e-18,
                1.09637380433e-17,
                1.48687783058e-17,
                1.61846886571e-17,
                1.63810414822e-17,
                1.58820530495e-17,
                2.14966986215e-17,
                1.71069255569e-17,
                1.59999213237e-17,
                1.59238918449e-17,
                1.25094259339e-17,
                1.3160934891e-17,
                9.3083767568e-18,
                7.37223728321e-18,
                3.33698969328e-18,
                1.33198412498e-18,
                3.09879796942e-19,
                3.00681186639e-20
            ],
            "var": [
                3.91181182861,
                203.945587158,
                916.93951416,
                775.23046875,
                942.522583008,
                1208.45849609,
                373.077850342,
                618.453491211,
                1682.77709961,
                1359.06140137,
                2554.53710938,
                2640.68969727,
                1511.18359375,
                1346.14685059,
                1939.17407227,
                2136.46704102,
                1640.78112793,
                1112.77099609,
                1174.87548828,
                1061.31665039,
                617.887939453,
                589.000183105,
                1595.54541016,
                800.243713379,
                855.25177002,
                355.188079834,
                219.982543945,
                28.2416114807,
                27.0658473969,
                168.591217041,
                272.845977783,
                133.262451172,
                59.1438713074,
                20.9737796783,
                2.47826457024,
                0.169382691383,
                0.0226259380579,
                0.000767359044403,
                5.29864200871e-06,
                3.32347056542e-08
            ]
        },
        "erbbands_crest": {
            "dmean": 2.81497883797,
            "dmean2": 4.54629611969,
            "dvar": 7.18723678589,
            "dvar2": 18.2902679443,
            "max": 30.5829925537,
            "mean": 10.7738218307,
            "median": 9.93613529205,
            "min": 2.80629205704,
            "var": 19.7101192474
        },
        "erbbands_flatness_db": {
            "dmean": 0.0203064661473,
            "dmean2": 0.0299255698919,
            "dvar": 0.000542443769518,
            "dvar2": 0.00105834426358,
            "max": 0.517750740051,
            "mean": 0.200297489762,
            "median": 0.173628300428,
            "min": 0.0590127930045,
            "var": 0.00697605637833
        },
        "erbbands_kurtosis": {
            "dmean": 1.90372765064,
            "dmean2": 3.00387454033,
            "dvar": 19.9818401337,
            "dvar2": 46.3392372131,
            "max": 153.352859497,
            "mean": 2.01201272011,
            "median": 0.258560150862,
            "min": -1.92168533802,
            "var": 42.0884666443
        },
        "erbbands_skewness": {
            "dmean": 0.532829880714,
            "dmean2": 0.780950963497,
            "dvar": 0.437410324812,
            "dvar2": 0.918792009354,
            "max": 10.2112970352,
            "mean": 0.558532655239,
            "median": 0.481088221073,
            "min": -6.32275295258,
            "var": 1.56564056873
        },
        "erbbands_spread": {
            "dmean": 12.8812942505,
            "dmean2": 19.8174800873,
            "dvar": 320.195129395,
            "dvar2": 738.026916504,
            "max": 220.876037598,
            "mean": 43.8927612305,
            "median": 37.3367500305,
            "min": 0.744178116322,
            "var": 908.899780273
        },
        "gfcc": {
            "cov": [
                [
                    17770.7929688,
                    -2977.52758789,
                    1801.54455566,
                    2942.66455078,
                    -107.514823914,
                    2308.98388672,
                    -1101.03979492,
                    1903.7791748,
                    -538.847473145,
                    -417.329437256,
                    166.700256348,
                    -511.698364258,
                    -985.36114502
                ],
                [
                    -2977.52758789,
                    4158.69042969,
                    -52.3591918945,
                    -495.922698975,
                    1296.03601074,
                    -494.713439941,
                    1153.22851563,
                    -556.175170898,
                    368.939819336,
                    -85.8145065308,
                    57.3918533325,
                    -183.631576538,
                    420.825286865
                ],
                [
                    1801.54455566,
                    -52.3591918945,
                    2938.98413086,
                    1524.34350586,
                    288.836639404,
                    1003.546875,
                    14.0017795563,
                    260.019012451,
                    27.6052436829,
                    -154.020965576,
                    -118.961021423,
                    -137.816848755,
                    -348.490661621
                ],
                [
                    2942.66455078,
                    -495.922698975,
                    1524.34350586,
                    1919.89501953,
                    384.954711914,
                    650.171264648,
                    -51.6316337585,
                    432.929626465,
                    83.5828094482,
                    -159.100708008,
                    -64.3000869751,
                    -112.582427979,
                    -249.61416626
                ],
                [
                    -107.514823914,
                    1296.03601074,
                    288.836639404,
                    384.954711914,
                    1025.97155762,
                    96.9905548096,
                    454.180175781,
                    -8.30426025391,
                    149.183929443,
                    -39.6111907959,
                    -25.6694145203,
                    -112.14755249,
                    111.229652405
                ],
                [
                    2308.98388672,
                    -494.713439941,
                    1003.546875,
                    650.171264648,
                    96.9905548096,
                    963.073486328,
                    -15.4248142242,
                    231.110916138,
                    -54.6410369873,
                    -28.6016921997,
                    -22.4904079437,
                    -93.2620849609,
                    -214.386383057
                ],
                [
                    -1101.03979492,
                    1153.22851563,
                    14.0017795563,
                    -51.6316337585,
                    454.180175781,
                    -15.4248142242,
                    742.87689209,
                    -154.787948608,
                    149.08821106,
                    -3.26205134392,
                    8.12546443939,
                    33.5195274353,
                    113.849578857
                ],
                [
                    1903.7791748,
                    -556.175170898,
                    260.019012451,
                    432.929626465,
                    -8.30426025391,
                    231.110916138,
                    -154.787948608,
                    556.366943359,
                    -27.8684005737,
                    -42.4999198914,
                    66.3684616089,
                    -49.769329071,
                    -140.269119263
                ],
                [
                    -538.847473145,
                    368.939819336,
                    27.6052436829,
                    83.5828094482,
                    149.183929443,
                    -54.6410369873,
                    149.08821106,
                    -27.8684005737,
                    271.326904297,
                    67.8734359741,
                    3.03639435768,
                    21.2647571564,
                    67.8391799927
                ],
                [
                    -417.329437256,
                    -85.8145065308,
                    -154.020965576,
                    -159.100708008,
                    -39.6111907959,
                    -28.6016921997,
                    -3.26205134392,
                    -42.4999198914,
                    67.8734359741,
                    199.628265381,
                    31.269405365,
                    3.92134571075,
                    37.5255012512
                ],
                [
                    166.700256348,
                    57.3918533325,
                    -118.961021423,
                    -64.3000869751,
                    -25.6694145203,
                    -22.4904079437,
                    8.12546443939,
                    66.3684616089,
                    3.03639435768,
                    31.269405365,
                    177.698745728,
                    28.602394104,
                    10.9463815689
                ],
                [
                    -511.698364258,
                    -183.631576538,
                    -137.816848755,
                    -112.582427979,
                    -112.14755249,
                    -93.2620849609,
                    33.5195274353,
                    -49.769329071,
                    21.2647571564,
                    3.92134571075,
                    28.602394104,
                    188.157897949,
                    50.8318405151
                ],
                [
                    -985.36114502,
                    420.825286865,
                    -348.490661621,
                    -249.61416626,
                    111.229652405,
                    -214.386383057,
                    113.849578857,
                    -140.269119263,
                    67.8391799927,
                    37.5255012512,
                    10.9463815689,
                    50.8318405151,
                    222.859771729
                ]
            ],
            "icov": [
                [
                    0.000175428474904,
                    -0.000100735858723,
                    0.000182375282748,
                    -0.000223559021833,
                    7.50936233089e-05,
                    -0.000374632450985,
                    0.000203899282496,
                    -0.000316904479405,
                    0.000196164211957,
                    8.33719532238e-05,
                    -5.68030154682e-05,
                    4.32490414823e-05,
                    0.000218333952944
                ],
                [
                    -0.000100735858723,
                    0.00149173068348,
                    -0.000582234875765,
                    0.000786845455877,
                    -0.0010095447069,
                    0.000863445166033,
                    -0.00125704926904,
                    0.000905634136871,
                    -0.00115006801207,
                    0.00145896966569,
                    -0.00131997233257,
                    0.00210113078356,
                    -0.00105469871778
                ],
                [
                    0.000182375282748,
                    -0.000582234875765,
                    0.00112266745418,
                    -0.000871183583513,
                    0.000383623118978,
                    -0.001084046904,
                    0.000561222492252,
                    -0.000304939603666,
                    0.00038689468056,
                    -0.000225691925152,
                    0.000535758386832,
                    -0.000655480020214,
                    0.00101605395321
                ],
                [
                    -0.000223559021833,
                    0.000786845455877,
                    -0.000871183583513,
                    0.00183531513903,
                    -0.000963809667155,
                    0.000612478877883,
                    -0.000484875432448,
                    0.000182128002052,
                    -0.00131687347312,
                    0.00113110244274,
                    -0.000348915607901,
                    0.000740196730476,
                    -0.000289617659291
                ],
                [
                    7.50936233089e-05,
                    -0.0010095447069,
                    0.000383623118978,
                    -0.000963809667155,
                    0.00264379987493,
                    -0.00065154855838,
                    -0.000204351657885,
                    -0.000735846580938,
                    0.000553797872271,
                    -0.000685552018695,
                    0.000897004734725,
                    7.52662072045e-06,
                    -0.000645264575724
                ],
                [
                    -0.000374632450985,
                    0.000863445166033,
                    -0.001084046904,
                    0.000612478877883,
                    -0.00065154855838,
                    0.00302146538161,
                    -0.00119264353998,
                    0.000667269574478,
                    -0.000312077318085,
                    -0.000151348576765,
                    -0.000465169287054,
                    0.00103839475196,
                    -0.000128484010929
                ],
                [
                    0.000203899282496,
                    -0.00125704926904,
                    0.000561222492252,
                    -0.000484875432448,
                    -0.000204351657885,
                    -0.00119264353998,
                    0.00345298997127,
                    -0.000449086364824,
                    0.000209018049645,
                    -0.00065056263702,
                    0.000675495597534,
                    -0.00240231724456,
                    0.00107845244929
                ],
                [
                    -0.000316904479405,
                    0.000905634136871,
                    -0.000304939603666,
                    0.000182128002052,
                    -0.000735846580938,
                    0.000667269574478,
                    -0.000449086364824,
                    0.00378854875453,
                    -0.00108754693065,
                    0.000989915453829,
                    -0.00191459152848,
                    0.00121576176025,
                    0.000220092799282
                ],
                [
                    0.000196164211957,
                    -0.00115006801207,
                    0.00038689468056,
                    -0.00131687347312,
                    0.000553797872271,
                    -0.000312077318085,
                    0.000209018049645,
                    -0.00108754693065,
                    0.00643158750609,
                    -0.00329858670011,
                    0.00121695082635,
                    -0.00203278963454,
                    -0.000197360976017
                ],
                [
                    8.33719532238e-05,
                    0.00145896966569,
                    -0.000225691925152,
                    0.00113110244274,
                    -0.000685552018695,
                    -0.000151348576765,
                    -0.00065056263702,
                    0.000989915453829,
                    -0.00329858670011,
                    0.00828134268522,
                    -0.00255298451521,
                    0.00298664299771,
                    -0.00126655166969
                ],
                [
                    -5.68030154682e-05,
                    -0.00131997233257,
                    0.000535758386832,
                    -0.000348915607901,
                    0.000897004734725,
                    -0.000465169287054,
                    0.000675495597534,
                    -0.00191459152848,
                    0.00121695082635,
                    -0.00255298451521,
                    0.00797521416098,
                    -0.00304170348682,
                    0.000604492495768
                ],
                [
                    4.32490414823e-05,
                    0.00210113078356,
                    -0.000655480020214,
                    0.000740196730476,
                    7.52662072045e-06,
                    0.00103839475196,
                    -0.00240231724456,
                    0.00121576176025,
                    -0.00203278963454,
                    0.00298664299771,
                    -0.00304170348682,
                    0.0101649556309,
                    -0.00303787970915
                ],
                [
                    0.000218333952944,
                    -0.00105469871778,
                    0.00101605395321,
                    -0.000289617659291,
                    -0.000645264575724,
                    -0.000128484010929,
                    0.00107845244929,
                    0.000220092799282,
                    -0.000197360976017,
                    -0.00126655166969,
                    0.000604492495768,
                    -0.00303787970915,
                    0.0094311023131
                ]
            ],
            "mean": [
                -81.9343719482,
                101.055213928,
                -93.028968811,
                22.8105297089,
                -54.4769897461,
                12.4125890732,
                -41.9092636108,
                21.133026123,
                -19.0429115295,
                -5.4537320137,
                -5.3724064827,
                -7.70953083038,
                -10.1812791824
            ]
        },
        "hfc": {
            "dmean": 6.95671272278,
            "dmean2": 10.2007741928,
            "dvar": 180.516220093,
            "dvar2": 386.851470947,
            "max": 176.180114746,
            "mean": 17.7924079895,
            "median": 11.6822986603,
            "min": 1.17182045169e-16,
            "var": 378.709197998
        },
        "melbands": {
            "dmean": [
                0.0034656773787,
                0.00438545038924,
                0.00141022261232,
                0.000725285615772,
                0.000253624370089,
                0.000211918610148,
                0.000201404327527,
                9.91615161183e-05,
                0.00011262530461,
                6.69446089887e-05,
                5.36501356692e-05,
                3.44658001268e-05,
                3.21431216435e-05,
                2.08456676773e-05,
                2.08085602935e-05,
                1.48543922478e-05,
                1.49464212882e-05,
                1.54744611791e-05,
                1.28866086015e-05,
                1.00586576082e-05,
                7.15515579941e-06,
                6.93365018378e-06,
                1.08073063529e-05,
                1.00994384411e-05,
                5.12104134032e-06,
                5.23325161339e-06,
