{
    "lowlevel": {
        "average_loudness": 0.911060094833,
        "barkbands": {
            "dmean": [
                0.00048413395416,
                0.00910833198577,
                0.00386111438274,
                0.00235617347062,
                0.00353848258965,
                0.000840414082631,
                0.000806401949376,
                0.000382018246455,
                0.000396783754695,
                0.000204163676244,
                0.000310340576107,
                0.000272833422059,
                0.000215811553062,
                0.000209976846236,
                0.000214037427213,
                0.000179225884494,
                0.000171517152921,
                9.202187357e-05,
                7.8218334238e-05,
                5.09373421664e-05,
                4.39983814431e-05,
                3.76327298e-05,
                3.00180035993e-05,
                3.59739497071e-05,
                5.07080476382e-05,
                1.37531787914e-05,
                6.48100012768e-06
            ],
            "dmean2": [
                0.000757227244321,
                0.0147081874311,
                0.0069458191283,
                0.00411021383479,
                0.00577804492787,
                0.0012706425041,
                0.00121167337056,
                0.00054650742095,
                0.000572158023715,
                0.000288701092359,
                0.000434487214079,
                0.000388327956898,
                0.00032853113953,
                0.000316249817843,
                0.000312415068038,
                0.000255655817455,
                0.000243862261414,
                0.00014048529556,
                0.000119040334539,
                8.13499718788e-05,
                7.01106982888e-05,
                5.97103498876e-05,
                4.25213402195e-05,
                5.07744480274e-05,
                6.96134229656e-05,
                1.94691983779e-05,
                9.44285238802e-06
            ],
            "dvar": [
                3.7283830352e-06,
                0.00102257961407,
                0.000142398916068,
                3.79240409529e-05,
                3.63711733371e-05,
                2.82228825199e-06,
                2.72221222986e-06,
                8.0864742813e-07,
                9.59424937719e-07,
                2.52410728763e-07,
                7.73517569996e-07,
                5.54679616016e-07,
                3.58183399385e-07,
                3.99211103286e-07,
                3.80422221724e-07,
                2.84982576204e-07,
                2.28016716619e-07,
                5.05950126239e-08,
                3.4130017923e-08,
                2.02260839188e-08,
                2.2469926364e-08,
                1.33165318772e-08,
                4.86508122677e-09,
                7.2264247919e-09,
                1.459543153e-08,
                2.27710494904e-09,
                2.06529238156e-10
            ],
            "dvar2": [
                8.71499196364e-06,
                0.00227065267973,
                0.000416233757278,
                0.000106175917608,
                9.56977091846e-05,
                6.35687638351e-06,
                6.06104822509e-06,
                1.4669800521e-06,
                1.99411920221e-06,
                4.75593168403e-07,
                1.54686381393e-06,
                1.09559255179e-06,
                8.39122037632e-07,
                9.24944401959e-07,
                7.57388932016e-07,
                5.67953975406e-07,
                4.22689424795e-07,
                1.1060993188e-07,
                7.50577697772e-08,
                5.32368389372e-08,
                5.70104461417e-08,
                3.53730662539e-08,
                9.98596760837e-09,
                1.48151988455e-08,
                2.54985135228e-08,
                4.79145256804e-09,
                4.76363171131e-10
            ],
            "max": [
                0.0203867293894,
                0.311515629292,
                0.117291033268,
                0.107576221228,
                0.0964278131723,
                0.0337882190943,
                0.031812377274,
                0.0287438835949,
                0.0257052443922,
                0.0109178908169,
                0.0189131963998,
                0.0232451949269,
                0.0139752076939,
                0.0146109173074,
                0.01444189623,
                0.0178239531815,
                0.0146186789498,
                0.00507600046694,
                0.00523248733953,
                0.00269904430024,
                0.00260682660155,
                0.00225386326201,
                0.00186675554141,
                0.00226655416191,
                0.00233959173784,
                0.00176028255373,
                0.000198323759832
            ],
            "mean": [
                0.000486059958348,
                0.0131116686389,
                0.00489952415228,
                0.00299697834998,
                0.00697056064382,
                0.00237018964253,
                0.00182898936328,
                0.000944719009567,
                0.000933855073527,
                0.00051823555259,
                0.000772312225308,
                0.000596834463067,
                0.00037224314292,
                0.000323280604789,
                0.00035950547317,
                0.000351001770468,
                0.000370395369828,
                0.000168774553458,
                0.000151908549014,
                8.39940621518e-05,
                6.97514915373e-05,
                5.97975595156e-05,
                5.58246720175e-05,
                6.56875417917e-05,
                7.63883435866e-05,
                2.07304747164e-05,
                8.36104300106e-06
            ],
            "median": [
                6.7743371801e-06,
                0.00640269787982,
                0.00243533100002,
                0.00125694496091,
                0.00385781587102,
                0.00139572843909,
                0.000682856305502,
                0.000241551839281,
                0.000309199473122,
                0.000124023732496,
                0.000112822097435,
                0.000104194543383,
                7.49541795813e-05,
                4.99101806781e-05,
                5.06326323375e-05,
                5.75627636863e-05,
                5.65755763091e-05,
                3.93600603275e-05,
                4.82671675854e-05,
                2.15337604459e-05,
                1.74827946466e-05,
                1.74334927578e-05,
                1.78370974027e-05,
                2.02547271329e-05,
                1.36613571158e-05,
                3.89791784983e-06,
                5.40968585483e-07
            ],
            "min": [
                2.41802295479e-24,
                1.44400452275e-23,
                3.94918157977e-23,
                1.38066214751e-23,
                1.82148661436e-23,
                5.13268309014e-23,
                2.91127728677e-23,
                3.1790138381e-23,
                1.62208015334e-22,
                6.74121086557e-23,
                3.06954424137e-23,
                6.90206465285e-23,
                1.13024494269e-22,
                7.31444579313e-23,
                8.87062538997e-23,
                9.77623518481e-23,
                1.21047992225e-22,
                3.03320501667e-22,
                2.70374110925e-22,
                2.33950926183e-22,
                4.4923520716e-22,
                4.72613964678e-22,
                7.62791336845e-22,
                8.13365726971e-22,
                1.13549936216e-21,
                2.23770430077e-21,
                2.57337968634e-21
            ],
            "var": [
                3.54049461748e-06,
                0.00101945328061,
                0.000100260433101,
                3.32908093696e-05,
                7.82508504926e-05,
                8.65038146003e-06,
                1.03992169898e-05,
                5.08990387971e-06,
                3.27139468936e-06,
                1.33764581278e-06,
                4.1297671487e-06,
                2.18860509449e-06,
                7.51954132738e-07,
                8.78512366853e-07,
                1.04431023829e-06,
                9.82661617854e-07,
                1.07189248411e-06,
                1.25871963519e-07,
                8.82931132651e-08,
                2.98196418669e-08,
                2.84398833372e-08,
                1.56963864129e-08,
                1.1155752766e-08,
                1.74206142844e-08,
                3.633417478e-08,
                4.14548262384e-09,
                3.10025644046e-10
            ]
        },
        "barkbands_crest": {
            "dmean": 2.20652508736,
            "dmean2": 3.49928641319,
            "dvar": 6.2278008461,
            "dvar2": 14.9075498581,
            "max": 24.8220901489,
            "mean": 11.4124622345,
            "median": 10.5610713959,
            "min": 2.46478581429,
            "var": 18.4782485962
        },
        "barkbands_flatness_db": {
            "dmean": 0.0232778359205,
            "dmean2": 0.0342641547322,
            "dvar": 0.000804173178039,
            "dvar2": 0.00160096178297,
            "max": 0.582870662212,
            "mean": 0.202852487564,
            "median": 0.182360857725,
            "min": 0.0309150479734,
            "var": 0.0088041909039
        },
        "barkbands_kurtosis": {
            "dmean": 7.22306728363,
            "dmean2": 11.2930011749,
            "dvar": 313.136688232,
            "dvar2": 774.661804199,
            "max": 541.01385498,
            "mean": 14.957485199,
            "median": 5.8767375946,
            "min": -1.95821797848,
            "var": 1225.84960938
        },
        "barkbands_skewness": {
            "dmean": 0.680729568005,
            "dmean2": 1.01597452164,
            "dvar": 0.987568080425,
            "dvar2": 2.15991139412,
            "max": 19.0108985901,
            "mean": 2.41222596169,
            "median": 2.05181670189,
            "min": -9.61996746063,
            "var": 3.52699184418
        },
        "barkbands_spread": {
            "dmean": 3.97738814354,
            "dmean2": 5.91729354858,
            "dvar": 47.9039039612,
            "dvar2": 94.3855133057,
            "max": 145.192855835,
            "mean": 13.9942684174,
            "median": 10.8280353546,
            "min": 0.291134029627,
            "var": 173.87612915
        },
        "dissonance": {
            "dmean": 0.0244405753911,
            "dmean2": 0.0400592684746,
            "dvar": 0.00065704039298,
            "dvar2": 0.00160727964249,
            "max": 0.499995112419,
            "mean": 0.433845192194,
            "median": 0.449029028416,
            "min": 0.153399199247,
            "var": 0.00272412085906
        },
        "dynamic_complexity": 4.37845993042,
        "erbbands": {
            "dmean": [
                0.320269525051,
                2.0129802227,
                4.58870124817,
                5.59888362885,
                11.1594514847,
                12.8450088501,
                8.45057868958,
                6.21340227127,
                10.2532691956,
                11.211139679,
                7.10913419724,
                8.77065658569,
                7.02189254761,
                6.69987487793,
                11.3596744537,
                10.9144802094,
                9.6829662323,
                8.76798343658,
                9.87818622589,
                9.69507312775,
                8.52640533447,
                8.71228027344,
                5.22410297394,
                3.55978274345,
                4.01657438278,
                2.20705389977,
                1.827896595,
                1.66211664677,
                1.38501727581,
                1.17223894596,
                0.842513740063,
                0.764515519142,
                0.615455806255,
                0.756810486317,
                0.260791659355,
                0.0864727571607,
                0.0191971268505,
                0.00777101516724,
                0.000899254402611,
                4.69323749712e-05
            ],
            "dmean2": [
                0.537432789803,
                3.25650382042,
                8.29294013977,
                9.75623035431,
                18.8022079468,
                20.8966941833,
                13.0303316116,
                9.45147037506,
                15.9319515228,
                16.4637889862,
                10.3481111526,
                12.599770546,
                9.96391582489,
                9.40505027771,
                16.0361385345,
                15.5387649536,
                14.505235672,
                13.1247625351,
                14.4654178619,
                14.0510368347,
                11.6651268005,
                12.1557130814,
                7.76118564606,
                5.41262960434,
                6.10846948624,
                3.50711345673,
                2.95374679565,
                2.61377096176,
                2.21059370041,
                1.77136576176,
                1.19236171246,
                1.08805179596,
                0.860071480274,
                1.05480730534,
                0.368892073631,
                0.122312217951,
                0.0273487307131,
                0.0113690067083,
                0.00129919871688,
                6.76482304698e-05
            ],
            "dvar": [
                1.60239315033,
                48.5518188477,
                218.887405396,
                166.229980469,
                685.719482422,
                515.008911133,
                230.276855469,
                229.8150177,
                443.0234375,
                698.211547852,
                288.227172852,
                541.422668457,
                299.838531494,
                389.368774414,
                1247.15820312,
                970.235046387,
                721.203857422,
                527.317687988,
                797.75579834,
                668.850402832,
                662.803649902,
                495.304260254,
                168.868377686,
                71.2082214355,
                109.079238892,
                38.4506149292,
                33.7971115112,
                37.5098800659,
                19.7869377136,
                11.0057344437,
                3.6450753212,
                3.41621756554,
                2.19788527489,
                3.00922441483,
                0.50456571579,
                0.0734485536814,
                0.00480167148635,
                0.000270978198387,
                4.0555587475e-06,
                9.3935126344e-09
            ],
            "dvar2": [
                3.90003347397,
                118.043586731,
                642.77911377,
                462.539428711,
                1848.38342285,
                1305.69555664,
                572.220092773,
                550.963012695,
                1056.78112793,
                1502.93359375,
                626.362243652,
                1096.02514648,
                592.652160645,
                832.263244629,
                2376.31958008,
                1915.25720215,
                1711.66564941,
                1246.27185059,
                1752.82287598,
                1401.90063477,
                1240.6541748,
                941.941833496,
                356.290130615,
                158.61038208,
                261.294616699,
                100.638847351,
                92.5573120117,
                92.9856796265,
                52.4294586182,
                27.0167179108,
                7.28352117538,
                7.34539175034,
                4.39793348312,
                5.41872596741,
                0.937127232552,
                0.148521527648,
                0.0103157917038,
                0.00061749498127,
                9.45991541812e-06,
                2.06413215409e-08
            ],
            "max": [
                11.3959379196,
                69.1413192749,
                140.255050659,
                151.757675171,
                613.700195312,
                499.008880615,
                348.132354736,
                365.902435303,
                497.440124512,
                569.238830566,
                696.869506836,
                685.211181641,
                461.557189941,
                664.998535156,
                1045.27709961,
                1165.66577148,
                690.465698242,
                546.827636719,
                833.680847168,
                711.514892578,
                1132.26940918,
                637.645385742,
                307.152191162,
                235.962112427,
                248.423736572,
                123.620330811,
                108.49520874,
                141.925308228,
                86.1772079468,
                86.4432601929,
                64.7201766968,
                54.9711647034,
                32.9676055908,
                31.061372757,
                18.7934417725,
                8.56989479065,
                2.59538817406,
                0.187480822206,
                0.0336062349379,
                0.00219142925926
            ],
            "mean": [
                0.357018440962,
                2.98307847977,
                6.28387832642,
                7.86263799667,
                17.1203365326,
                25.9177455902,
                21.348657608,
                16.670173645,
                23.3718547821,
                28.2776260376,
                17.6725292206,
                20.8598327637,
                18.9184989929,
                18.529964447,
                28.1308803558,
                25.5822467804,
                19.4856987,
                15.3830890656,
                17.3381404877,
                19.0253410339,
                20.0373249054,
                20.38971138,
                10.8760519028,
                7.3164229393,
                7.49426698685,
                3.82878470421,
                2.93313217163,
                2.59966731071,
                2.16513562202,
                1.97211933136,
                1.55949664116,
                1.36146807671,
                1.10061430931,
                1.06930136681,
                0.413637876511,
                0.13360708952,
                0.0284407120198,
                0.00952927209437,
                0.00120693701319,
                0.000100480734545
            ],
            "median": [
                0.128542974591,
                1.46062517166,
                3.58247685432,
                3.96859145164,
                8.36678314209,
                12.681394577,
                13.5963573456,
                9.27276134491,
                9.96569633484,
                8.4252910614,
                7.4424943924,
                6.513920784,
                5.25645303726,
                4.19337415695,
                4.03278398514,
                4.71424865723,
                4.46501779556,
                3.17979717255,
                3.25702118874,
                3.19291710854,
                3.39071130753,
                3.76529026031,
                2.42247319221,
                2.56627392769,
                2.13634490967,
                1.08944451809,
                0.767485141754,
                0.666207909584,
                0.619140386581,
                0.598632693291,
                0.50298666954,
                0.388147056103,
                0.315373331308,
                0.178889751434,
                0.0782182514668,
                0.0251709967852,
                0.00527834473178,
                0.000934647745453,
                0.000119103286124,
                4.77787361888e-05
            ],
            "min": [
                3.07315268048e-22,
                4.09293611904e-21,
                3.14633397127e-20,
                6.05192671878e-20,
                5.5481562774e-20,
                6.93105492004e-20,
                1.44532790218e-19,
                4.80257754926e-19,
                3.58277488348e-19,
                7.39552562278e-19,
                8.69880399556e-19,
                3.9962820064e-18,
                2.65590117103e-18,
                1.74967393837e-18,
                1.14396007808e-18,
                3.00604941266e-18,
                5.15257751876e-18,
                5.02770343836e-18,
                3.17981483035e-18,
                5.82345945944e-18,
                5.08598782509e-18,
                8.1061830602e-18,
                1.63373564197e-17,
                1.55579504506e-17,
                1.06005048383e-17,
                1.04534718301e-17,
                1.54277224437e-17,
                1.96526020162e-17,
                1.66058096157e-17,
                2.13422871622e-17,
                2.04846679575e-17,
                1.52782045849e-17,
                1.56740171254e-17,
                1.2392218577e-17,
                8.89452588863e-18,
                6.35816472383e-18,
                4.74497186422e-18,
                1.58075641945e-18,
                2.81074524579e-19,
                4.35393074701e-20
            ],
            "var": [
                1.3413156271,
                44.1505393982,
                149.882965088,
                154.973556519,
                785.01739502,
                1426.63891602,
                634.247070312,
                625.015991211,
                1548.68041992,
                3007.77416992,
                1130.21057129,
                1890.87731934,
                1499.6217041,
                2345.14868164,
                6881.91601562,
                3886.79321289,
                1752.69238281,
                1234.62854004,
                1969.609375,
                2073.72729492,
                3075.42382812,
                2501.21875,
                495.860565186,
                184.437011719,
                225.41065979,
                61.9092788696,
                39.3535232544,
                47.4425163269,
                22.3917713165,
                16.4980449677,
                8.97366333008,
                7.10658979416,
                5.62772226334,
                6.85728263855,
                1.16653227806,
                0.147105962038,
                0.00833172816783,
                0.000367846019799,
                6.1495375121e-06,
                2.55363996615e-08
            ]
        },
        "erbbands_crest": {
            "dmean": 2.1767976284,
            "dmean2": 3.41746735573,
            "dvar": 4.85800457001,
            "dvar2": 11.767950058,
            "max": 29.6147480011,
            "mean": 10.0728368759,
            "median": 9.14296340942,
            "min": 2.22689509392,
            "var": 19.5626983643
        },
        "erbbands_flatness_db": {
            "dmean": 0.0172459874302,
            "dmean2": 0.02370919846,
            "dvar": 0.000400008924771,
            "dvar2": 0.00070842448622,
            "max": 0.412415027618,
            "mean": 0.170152485371,
            "median": 0.159245476127,
            "min": 0.0451739542186,
            "var": 0.00392610952258
        },
        "erbbands_kurtosis": {
            "dmean": 1.32553184032,
            "dmean2": 2.03792333603,
            "dvar": 6.45560693741,
            "dvar2": 15.0560569763,
            "max": 168.277709961,
            "mean": 2.96734881401,
            "median": 0.576432943344,
            "min": -1.92782390118,
            "var": 137.204803467
        },
        "erbbands_skewness": {
            "dmean": 0.361907094717,
            "dmean2": 0.533889949322,
            "dvar": 0.186862677336,
            "dvar2": 0.39859443903,
            "max": 10.5679826736,
            "mean": 0.798090457916,
            "median": 0.645837426186,
            "min": -4.18696451187,
            "var": 1.6220331192
        },
        "erbbands_spread": {
            "dmean": 8.05053901672,
            "dmean2": 11.7450714111,
            "dvar": 145.044723511,
            "dvar2": 282.886413574,
            "max": 245.64276123,
            "mean": 36.6924667358,
            "median": 31.5585689545,
            "min": 2.35972237587,
            "var": 640.730163574
        },
        "gfcc": {
            "cov": [
                [
                    25266.4257812,
                    -1257.47851562,
                    -4333.328125,
                    487.440704346,
                    -824.449829102,
                    434.403961182,
                    -683.512817383,
                    507.159851074,
                    -307.741271973,
                    44.8539237976,
                    -45.517036438,
                    38.2684288025,
                    -52.7256660461
                ],
                [
                    -1257.47851562,
                    2047.65454102,
                    89.2257537842,
                    -438.549499512,
                    131.446868896,
                    -139.003967285,
                    208.413314819,
                    -140.059936523,
                    146.440505981,
                    -117.215232849,
                    138.14654541,
                    -5.51714992523,
                    58.5293464661
                ],
                [
                    -4333.328125,
                    89.2257537842,
                    1663.38928223,
                    123.10723877,
                    235.223999023,
                    98.1277236938,
                    267.195770264,
                    46.417388916,
                    94.2615814209,
                    95.581199646,
                    21.1734199524,
                    23.0003204346,
                    46.1153144836
                ],
                [
                    487.440704346,
                    -438.549499512,
                    123.10723877,
                    611.312194824,
                    91.8269577026,
                    38.3883705139,
                    -21.2114009857,
                    113.847503662,
                    48.6894645691,
                    68.6256256104,
                    -17.4525470734,
                    -33.7895126343,
                    23.4414310455
                ],
                [
                    -824.449829102,
                    131.446868896,
                    235.223999023,
                    91.8269577026,
                    414.869232178,
                    28.5828552246,
                    26.6422557831,
                    62.3531951904,
                    106.94467926,
                    47.6370239258,
                    14.5601491928,
                    -10.3651390076,
                    25.3770961761
                ],
                [
                    434.403961182,
                    -139.003967285,
                    98.1277236938,
                    38.3883705139,
                    28.5828552246,
                    284.282318115,
                    119.568069458,
                    66.8073654175,
                    10.934841156,
                    36.2300071716,
                    27.5884056091,
                    22.0751628876,
                    -7.69686079025
                ],
                [
                    -683.512817383,
                    208.413314819,
                    267.195770264,
                    -21.2114009857,
                    26.6422557831,
                    119.568069458,
                    318.865447998,
                    27.5880622864,
                    45.886554718,
                    22.7501506805,
                    55.6851272583,
                    43.201374054,
                    3.01104021072
                ],
                [
                    507.159851074,
                    -140.059936523,
                    46.417388916,
                    113.847503662,
                    62.3531951904,
                    66.8073654175,
                    27.5880622864,
                    217.180908203,
                    44.8110351562,
                    33.1641769409,
                    16.9630527496,
                    19.6018257141,
                    13.6940250397
                ],
                [
                    -307.741271973,
                    146.440505981,
                    94.2615814209,
                    48.6894645691,
                    106.94467926,
                    10.934841156,
                    45.886554718,
                    44.8110351562,
                    154.672912598,
                    40.0389289856,
                    14.5397863388,
                    -0.804632127285,
                    29.1949806213
                ],
                [
                    44.8539237976,
                    -117.215232849,
                    95.581199646,
                    68.6256256104,
                    47.6370239258,
                    36.2300071716,
                    22.7501506805,
                    33.1641769409,
                    40.0389289856,
                    127.679328918,
                    10.4734573364,
                    -13.014374733,
                    1.2245593071
                ],
                [
                    -45.517036438,
                    138.14654541,
                    21.1734199524,
                    -17.4525470734,
                    14.5601491928,
                    27.5884056091,
                    55.6851272583,
                    16.9630527496,
                    14.5397863388,
                    10.4734573364,
                    92.5164718628,
                    27.7904720306,
                    -0.266735643148
                ],
                [
                    38.2684288025,
                    -5.51714992523,
                    23.0003204346,
                    -33.7895126343,
                    -10.3651390076,
                    22.0751628876,
                    43.201374054,
                    19.6018257141,
                    -0.804632127285,
                    -13.014374733,
                    27.7904720306,
                    94.4893875122,
                    14.4025726318
                ],
                [
                    -52.7256660461,
                    58.5293464661,
                    46.1153144836,
                    23.4414310455,
                    25.3770961761,
                    -7.69686079025,
                    3.01104021072,
                    13.6940250397,
                    29.1949806213,
                    1.2245593071,
                    -0.266735643148,
                    14.4025726318,
                    87.6220703125
                ]
            ],
            "icov": [
                [
                    0.000107472747914,
                    -6.40567886876e-05,
                    0.000283736066194,
                    -0.000129169769934,
                    0.000128999992739,
                    -0.00026108516613,
                    0.000126430342789,
                    -0.00024689102429,
                    0.000168291633599,
                    -0.000251366000157,
                    0.00013519343338,
                    -0.00015783472918,
                    -5.95738929405e-05
                ],
                [
                    -6.40567886876e-05,
                    0.00107289897278,
                    -0.000150128485984,
                    0.000714332272764,
                    -0.000376074836822,
                    0.000737175461836,
                    -0.00076533248648,
                    0.000567678303923,
                    -0.0010568209691,
                    0.00123683083802,
                    -0.00158014893532,
                    0.0011183032766,
                    -0.000609842070844
                ],
                [
                    0.000283736066194,
                    -0.000150128485984,
                    0.00153720518574,
                    -0.000429108011303,
                    -4.38735733042e-05,
                    -0.000616374949459,
                    -0.000371597910998,
                    -0.00054484186694,
                    0.000535769329872,
                    -0.00102192582563,
                    0.000619322818238,
                    -0.000478892878164,
                    -0.0004503588425
                ],
                [
                    -0.000129169769934,
                    0.000714332272764,
                    -0.000429108011303,
                    0.00255889026448,
                    -0.000474148284411,
                    0.000547069648746,
                    -0.000317047873978,
                    -0.00038593634963,
                    -0.000848265131935,
                    0.000314296368742,
                    -0.000738181814086,
                    0.00152339891065,
                    -0.000731439271476
                ],
                [
                    0.000128999992739,
                    -0.000376074836822,
                    -4.38735733042e-05,
                    -0.000474148284411,
                    0.00346389994957,
                    -0.000661446538288,
                    0.000781468523201,
                    -0.000786987191532,
                    -0.00139308918733,
                    -0.000727381091565,
                    0.000191145387362,
                    -6.06397588854e-05,
                    -1.52385757701e-06
                ],
                [
                    -0.00026108516613,
                    0.000737175461836,
                    -0.000616374949459,
                    0.000547069648746,
                    -0.000661446538288,
                    0.00559552013874,
                    -0.0023701034952,
                    -0.000287002592813,
                    -0.000178683694685,
                    0.000312823685817,
                    -0.00126538716722,
                    0.00062794261612,
                    0.000286003923975
                ],
                [
                    0.000126430342789,
                    -0.00076533248648,
                    -0.000371597910998,
                    -0.000317047873978,
                    0.000781468523201,
                    -0.0023701034952,
                    0.00556583004072,
                    -0.00033196201548,
                    -0.000509290199261,
                    -0.000815725477878,
                    -0.000703656871337,
                    -0.00198682537302,
                    0.000799313129392
                ],
                [
                    -0.00024689102429,
                    0.000567678303923,
                    -0.00054484186694,
                    -0.00038593634963,
                    -0.000786987191532,
                    -0.000287002592813,
                    -0.00033196201548,
                    0.0066936975345,
                    -0.0018182763597,
                    0.000534270890057,
                    -0.00131812482141,
                    -0.000641429331154,
                    -0.000269973330433
                ],
                [
                    0.000168291633599,
                    -0.0010568209691,
                    0.000535769329872,
                    -0.000848265131935,
                    -0.00139308918733,
                    -0.000178683694685,
                    -0.000509290199261,
                    -0.0018182763597,
                    0.0104911439121,
                    -0.00325382174924,
                    0.00114472513087,
                    -0.000466206372948,
                    -0.00192837684881
                ],
                [
                    -0.000251366000157,
                    0.00123683083802,
                    -0.00102192582563,
                    0.000314296368742,
                    -0.000727381091565,
                    0.000312823685817,
                    -0.000815725477878,
                    0.000534270890057,
                    -0.00325382174924,
                    0.0114142596722,
                    -0.00295928912237,
                    0.00304797710851,
                    7.36200599931e-05
                ],
                [
                    0.00013519343338,
                    -0.00158014893532,
                    0.000619322818238,
                    -0.000738181814086,
                    0.000191145387362,
                    -0.00126538716722,
                    -0.000703656871337,
                    -0.00131812482141,
                    0.00114472513087,
                    -0.00295928912237,
                    0.0155901005492,
                    -0.00487399473786,
                    0.00158060714602
                ],
                [
                    -0.00015783472918,
                    0.0011183032766,
                    -0.000478892878164,
                    0.00152339891065,
                    -6.06397588854e-05,
                    0.00062794261612,
                    -0.00198682537302,
                    -0.000641429331154,
                    -0.000466206372948,
                    0.00304797710851,
                    -0.00487399473786,
                    0.0145767619833,
                    -0.00305434619077
                ],
                [
                    -5.95738929405e-05,
                    -0.000609842070844,
                    -0.0004503588425,
                    -0.000731439271476,
                    -1.52385757701e-06,
                    0.000286003923975,
                    0.000799313129392,
                    -0.000269973330433,
                    -0.00192837684881,
                    7.36200599931e-05,
                    0.00158060714602,
                    -0.00305434619077,
                    0.0134055046365
                ]
            ],
            "mean": [
                -49.4802436829,
                115.628799438,
                -76.9464035034,
                26.2464313507,
                -48.1064796448,
                9.6062078476,
                -40.3779640198,
                5.04909181595,
                -21.2861995697,
                -3.41481614113,
                -11.4537734985,
                -1.35883545876,
                -10.0360479355
            ]
        },
        "hfc": {
            "dmean": 4.21583414078,
            "dmean2": 6.06347322464,
            "dvar": 50.9338378906,
            "dvar2": 110.312965393,
            "max": 94.252571106,
            "mean": 15.7493801117,
            "median": 12.3165616989,
            "min": 1.30634860665e-16,
            "var": 200.525161743
        },
        "melbands": {
            "dmean": [
                0.00261791283265,
                0.0024189373944,
                0.00113608292304,
                0.000878213730175,
                0.00033248073305,
                0.000147753424244,
                0.000156109890668,
                0.000114950060379,
                6.25965185463e-05,
                5.57272906008e-05,
                3.5427739931e-05,
                2.67560717475e-05,
                3.76143179892e-05,
                2.79216292256e-05,
                3.1175892218e-05,
                2.09001136682e-05,
                1.81311879714e-05,
                1.71375631908e-05,
                1.87295827345e-05,
                1.34155034175e-05,
                1.0522606317e-05,
                9.97269489744e-06,
                6.79553613736e-06,
                3.73832926925e-06,
                2.9549107694e-06,
                3.42884300153e-06,
                2.32460456573e-06,
