{
    "lowlevel": {
        "average_loudness": 0.404980689287,
        "barkbands": {
            "dmean": [
                0.0013673909707,
                0.00733704539016,
                0.00241663772613,
                0.000742600881495,
                0.00131145573687,
                0.000447169266408,
                0.000435757392552,
                0.000311634590616,
                0.000614180928096,
                0.000895296980161,
                0.000556079496164,
                0.000334138050675,
                0.000280826992821,
                0.000359979225323,
                0.000239428482018,
                0.000269952375675,
                0.000227533411817,
                0.000246016774327,
                0.000199156726012,
                0.000151068801642,
                0.000113314497867,
                6.47179840598e-05,
                6.01768078923e-05,
                3.24761094816e-05,
                1.99642781809e-05,
                7.41991289033e-06,
                1.46090178532e-06
            ],
            "dmean2": [
                0.00230206572451,
                0.011395720765,
                0.00440592691302,
                0.00126941676717,
                0.0022207046859,
                0.000713430868927,
                0.000705863058101,
                0.000484721647808,
                0.000941334059462,
                0.00134289485868,
                0.000795828935225,
                0.000497340341099,
                0.000440263276687,
                0.000536668405402,
                0.000389990658732,
                0.000430848856922,
                0.00034406647319,
                0.0003766650334,
                0.000306079571601,
                0.000234957886278,
                0.000185316923307,
                0.000104426762846,
                9.14861084311e-05,
                4.7865552915e-05,
                2.93344164675e-05,
                1.10868959382e-05,
                2.42587088906e-06
            ],
            "dvar": [
                3.05015801132e-05,
                0.000466344848974,
                7.72439525463e-05,
                7.16280965207e-06,
                2.24616396736e-05,
                1.65176106748e-06,
                2.1719695269e-06,
                9.88151555248e-07,
                3.53686232302e-06,
                6.31983630228e-06,
                2.68956819127e-06,
                9.65118488239e-07,
                1.03987167677e-06,
                1.19528306186e-06,
                6.8304296974e-07,
                7.27341500806e-07,
                5.34888272341e-07,
                4.53423524505e-07,
                2.42951358587e-07,
                1.45487376813e-07,
                9.44514155776e-08,
                2.9587198469e-08,
                1.75050800522e-08,
                8.19658652063e-09,
                3.27795879329e-09,
                4.92520579876e-10,
                6.5042915498e-11
            ],
            "dvar2": [
                8.14104569145e-05,
                0.00101065007038,
                0.000231369544053,
                1.86766465049e-05,
                5.8313147747e-05,
                3.90698278352e-06,
                5.22389927937e-06,
                2.22216613111e-06,
                8.22044785309e-06,
                1.37541201184e-05,
                5.37490041097e-06,
                1.90744663087e-06,
                2.28988415074e-06,
                2.39118185164e-06,
                1.73728449226e-06,
                1.76308765276e-06,
                1.13194732876e-06,
                1.00178544926e-06,
                5.49021081042e-07,
                3.34789689305e-07,
                2.48458007945e-07,
                7.48546682416e-08,
                3.97620496528e-08,
                1.67288884967e-08,
                6.78346312455e-09,
                1.01016295329e-09,
                1.44774817135e-10
            ],
            "max": [
                0.095935292542,
                0.254915565252,
                0.112538963556,
                0.0366302579641,
                0.072475194931,
                0.0332307033241,
                0.0491994470358,
                0.0253608245403,
                0.0355999469757,
                0.0551662668586,
                0.0415814369917,
                0.0269511565566,
                0.0288104619831,
                0.0350310876966,
                0.0155251948163,
                0.0147301163524,
                0.0216199178249,
                0.0219513438642,
                0.013832051307,
                0.0112681984901,
                0.0108433300629,
                0.00341188698076,
                0.00349935819395,
                0.00281172199175,
                0.00169993424788,
                0.000676963303704,
                0.00064324750565
            ],
            "mean": [
                0.00203046831302,
                0.0171131398529,
                0.00264162034728,
                0.000865383946802,
                0.00130707398057,
                0.000747452198993,
                0.000597590580583,
                0.000524873903487,
                0.00107665651012,
                0.00183327379636,
                0.00146523315925,
                0.000568174466025,
                0.000404135178542,
                0.00065203855047,
                0.000344401894836,
                0.000421350181568,
                0.000414785696194,
                0.00044846063247,
                0.000386086059734,
                0.00029362126952,
                0.000202304378035,
                0.000109794149466,
                0.000132634071633,
                6.5182459366e-05,
                3.84412232961e-05,
                1.36121288961e-05,
                2.0801176106e-06
            ],
            "median": [
                5.96656991547e-06,
                3.59213809134e-05,
                0.000143464130815,
                0.000144683712278,
                0.000257023377344,
                0.000257792911725,
                0.000162565571372,
                9.8438715213e-05,
                0.000101552119304,
                8.73838289408e-05,
                7.83741561463e-05,
                0.000131838212837,
                6.91714885761e-05,
                8.31569268485e-05,
                5.9156340285e-05,
                9.4923103461e-05,
                8.46306356834e-05,
                0.000114925554954,
                0.000138574803714,
                9.35394127737e-05,
                3.47774039255e-05,
                2.53158832493e-05,
                3.35048789566e-05,
                1.75546410901e-05,
                1.146698105e-05,
                4.00458202421e-06,
                5.13591942308e-07
            ],
            "min": [
                2.07527189877e-11,
                1.89324431132e-10,
                2.83248258182e-10,
                2.43134956612e-10,
                1.39396966192e-10,
                4.52495096948e-10,
                1.3357709383e-09,
                6.31323548994e-10,
                4.15817880128e-10,
                1.10118814067e-09,
                7.96620436283e-10,
                5.79415959656e-10,
                6.69214017535e-10,
                2.71596989343e-09,
                3.07480463313e-09,
                2.41132536161e-09,
                2.78425615896e-10,
                4.02452249304e-09,
                1.43265421748e-09,
                2.10461892358e-09,
                1.65302826982e-09,
                1.91542182115e-09,
                9.87061876678e-10,
                3.51201401294e-10,
                3.62488872252e-10,
                1.14105579152e-10,
                8.20942896995e-11
            ],
            "var": [
                2.79792529909e-05,
                0.000974863651209,
                5.87380163779e-05,
                6.66026517138e-06,
                1.88974845514e-05,
                2.89664831143e-06,
                2.78268589682e-06,
                2.10526127375e-06,
                8.58830480865e-06,
                2.17808665184e-05,
                1.46969750858e-05,
                2.25426401812e-06,
                1.68675398982e-06,
                3.28431588059e-06,
                8.82317863216e-07,
                1.09270183657e-06,
                1.33315234052e-06,
                9.90160970105e-07,
                5.1462529882e-07,
                2.93251815719e-07,
                1.64907106637e-07,
                5.1891017705e-08,
                5.35642854516e-08,
                2.18348130687e-08,
                7.19522486037e-09,
                1.01571939748e-09,
                1.06826145152e-10
            ]
        },
        "barkbands_crest": {
            "dmean": 2.43282961845,
            "dmean2": 3.81820368767,
            "dvar": 5.54421758652,
            "dvar2": 14.121720314,
            "max": 25.8902606964,
            "mean": 12.3094882965,
            "median": 11.8948440552,
            "min": 2.32263898849,
            "var": 23.0428161621
        },
        "barkbands_flatness_db": {
            "dmean": 0.0214612334967,
            "dmean2": 0.0322222523391,
            "dvar": 0.000535182945896,
            "dvar2": 0.00117386283819,
            "max": 0.391471803188,
            "mean": 0.161459162831,
            "median": 0.15974701941,
            "min": 0.011954786256,
            "var": 0.00313803344034
        },
        "barkbands_kurtosis": {
            "dmean": 4.31926488876,
            "dmean2": 6.56957244873,
            "dvar": 111.01461792,
            "dvar2": 246.538772583,
            "max": 287.727478027,
            "mean": 6.27891588211,
            "median": 1.47207975388,
            "min": -1.96661841869,
            "var": 213.453155518
        },
        "barkbands_skewness": {
            "dmean": 0.619681596756,
            "dmean2": 0.896571576595,
            "dvar": 0.685307919979,
            "dvar2": 1.35074877739,
            "max": 13.0603103638,
            "mean": 1.67649435997,
            "median": 1.33283817768,
            "min": -12.2358894348,
            "var": 2.84647512436
        },
        "barkbands_spread": {
            "dmean": 5.07040405273,
            "dmean2": 7.67200040817,
            "dvar": 51.722038269,
            "dvar2": 115.071228027,
            "max": 108.209403992,
            "mean": 20.1127605438,
            "median": 16.6810245514,
            "min": 0.597330749035,
            "var": 195.407562256
        },
        "dissonance": {
            "dmean": 0.0229667574167,
            "dmean2": 0.0383182317019,
            "dvar": 0.00055722281104,
            "dvar2": 0.00151922029909,
            "max": 0.5,
            "mean": 0.44775173068,
            "median": 0.459327280521,
            "min": 0.222260996699,
            "var": 0.00186594726983
        },
        "dynamic_complexity": 6.58070611954,
        "erbbands": {
            "dmean": [
                0.35980334878,
                1.40938746929,
                2.9762904644,
                2.34176301956,
                3.40974760056,
                5.19668483734,
                3.31928086281,
                3.85985589027,
                5.79478549957,
                6.57039737701,
                7.10868787766,
                14.7786417007,
                23.9308414459,
                22.2969379425,
                17.8293628693,
                13.2299957275,
                12.4496154785,
                16.4975566864,
                12.5879154205,
                14.4980192184,
                11.8437309265,
                11.8496999741,
                11.8137702942,
                12.3030700684,
                7.51320838928,
                6.98664712906,
                5.27952671051,
                3.77554392815,
                2.47331166267,
                1.76153051853,
                1.7723788023,
                0.930031955242,
                0.451703101397,
                0.272251307964,
                0.122582085431,
                0.0462408773601,
                0.0116669498384,
                0.00169099424966,
                0.000259637919953,
                2.45062401518e-05
            ],
            "dmean2": [
                0.584740877151,
                2.29883718491,
                5.45990037918,
                4.04527616501,
                5.89934015274,
                8.72951698303,
                5.3425359726,
                6.22773265839,
                9.55695343018,
                10.4807949066,
                10.920747757,
                22.7706069946,
                35.2406921387,
                32.7006721497,
                25.3518505096,
                19.4139499664,
                19.1121234894,
                24.5444774628,
                19.2555274963,
                23.3475475311,
                18.4032382965,
                17.5629673004,
                17.8478755951,
                18.3424739838,
                11.5292224884,
                10.982919693,
                8.4621257782,
                6.21318531036,
                4.01645278931,
                2.73378038406,
                2.6713578701,
                1.39832699299,
                0.658807039261,
                0.403577983379,
                0.184213295579,
                0.0691910386086,
                0.0176986902952,
                0.00265911803581,
                0.000423455028795,
                3.78921249649e-05
            ],
            "dvar": [
                1.51608014107,
                16.6506748199,
                109.329406738,
                69.4944000244,
                147.571640015,
                437.795654297,
                101.975059509,
                161.574676514,
                304.26083374,
                809.65423584,
                406.504486084,
                2371.2590332,
                5224.53173828,
                4296.76318359,
                3131.38891602,
                1600.98876953,
                1628.65991211,
                2485.69897461,
                1443.33984375,
                2507.34667969,
                1194.94299316,
                1376.62646484,
                1291.84460449,
                902.11114502,
                400.013916016,
                332.565032959,
                202.08039856,
                113.430030823,
                44.9780731201,
                18.3771476746,
                16.0596008301,
                5.97199010849,
                1.83603489399,
                0.704215168953,
                0.116322942078,
                0.0203779507428,
                0.00122922135051,
                3.23643507727e-05,
                1.61261414178e-06,
                1.67056981581e-08
            ],
            "dvar2": [
                3.79641103745,
                43.2082519531,
                334.843200684,
                186.031997681,
                396.929168701,
                1112.04211426,
                259.626281738,
                387.458526611,
                744.050292969,
                1909.70214844,
                889.335144043,
                5739.20019531,
                11427.9355469,
                9543.421875,
                6501.421875,
                3154.15234375,
                3736.58789062,
                4836.71289062,
                3219.09448242,
                6462.74121094,
                2761.4050293,
                2887.89233398,
                2826.33569336,
                1839.75915527,
                901.038085938,
                774.757629395,
                518.285583496,
                305.139312744,
                115.307807922,
                43.4034233093,
                36.3857269287,
                12.9682979584,
                3.7129983902,
                1.57058656216,
                0.243407607079,
                0.041173838079,
                0.00266039697453,
                7.32577973395e-05,
                3.60154081136e-06,
                3.95384702756e-08
            ],
            "max": [
                13.9751310349,
                50.9965553284,
                109.611236572,
                119.983207703,
                270.760864258,
                346.859832764,
                295.671142578,
                417.905731201,
                449.743804932,
                919.50970459,
                633.576965332,
                898.32623291,
                1581.94494629,
                2217.62451172,
                1573.36425781,
                1279.90344238,
                1225.10693359,
                1532.00170898,
                1054.31994629,
                894.219726562,
                717.046447754,
                1103.0703125,
                1522.54602051,
                731.356933594,
                892.352050781,
                585.370605469,
                547.470153809,
                162.804367065,
                139.654067993,
                130.202285767,
                118.854743958,
                68.0492782593,
                42.8553619385,
                30.1246871948,
                9.70164203644,
                5.13658189774,
                1.14026856422,
                0.367901086807,
                0.0961919501424,
                0.0113178985193
            ],
            "mean": [
                0.683748304844,
                3.02521514893,
                3.7225663662,
                2.96870326996,
                3.32626748085,
                5.1005320549,
                5.31662082672,
                5.73027658463,
                8.13418006897,
                9.9861946106,
                13.840221405,
                26.4233531952,
                51.7363586426,
                51.5506782532,
                49.973033905,
                25.7665615082,
                21.1679019928,
                32.0587539673,
                21.9553928375,
                22.6698265076,
                21.1856403351,
                22.6921329498,
                22.2394180298,
                26.0875167847,
                16.6063365936,
                14.0977220535,
                10.1362810135,
                6.1475892067,
                4.16773080826,
                3.56766414642,
                3.85565137863,
                1.91002810001,
                0.884478747845,
                0.499264478683,
                0.227057442069,
                0.0850225090981,
                0.0209432244301,
                0.00283151236363,
                0.000397347728722,
                5.9240795963e-05
            ],
            "median": [
                0.000929467263632,
                0.0133076170459,
                0.174307286739,
                0.585544645786,
                0.615074753761,
                0.852668583393,
                1.87590396404,
                1.86365556717,
                2.60102033615,
                2.04328250885,
                2.93054747581,
                3.06316971779,
                4.0104432106,
                5.78481006622,
                4.99413108826,
                7.49363040924,
                6.27232408524,
                5.37464332581,
                5.34812259674,
                5.2599401474,
                5.5276055336,
                5.52251672745,
                5.97091007233,
                8.7954826355,
                6.77688169479,
                4.48882055283,
                1.9785695076,
                1.26493096352,
                0.942830920219,
                0.886123657227,
                0.936719715595,
                0.51466947794,
                0.22482188046,
                0.133734062314,
                0.0639949962497,
                0.0247411187738,
                0.00593412481248,
                0.000816412444692,
                0.000118929703603,
                2.93340435746e-05
            ],
            "min": [
                4.09973877069e-09,
                4.99478964855e-08,
                2.70978603112e-07,
                6.58806015963e-07,
                6.2195300643e-07,
                3.15696468078e-07,
                1.55223870024e-06,
                4.58371096101e-06,
                1.48863082359e-05,
                2.11174065043e-05,
                1.12611041914e-05,
                1.00530987766e-05,
                2.31594076467e-05,
                4.58382783108e-05,
                6.32516457699e-05,
                4.43716526206e-05,
                3.72392569261e-05,
                0.000108768828795,
                0.000174217668246,
                0.000178908623639,
                6.61509184283e-05,
                3.07536829496e-05,
                0.000224173432798,
                0.000120205048006,
                6.76623894833e-05,
                8.96313576959e-05,
                9.81815537671e-05,
                6.00619678153e-05,
                6.23970991001e-05,
                5.65082191315e-05,
                1.99484402401e-05,
                9.74603062787e-06,
                6.67017866363e-06,
                4.71524526802e-06,
                2.27817531595e-06,
                6.55519556858e-07,
                2.2311809289e-07,
                5.11329254493e-08,
                1.03166506449e-08,
                1.21701981826e-09
            ],
            "var": [
                1.96349346638,
                32.0351409912,
                88.3949813843,
                66.2743453979,
                121.240814209,
                370.467468262,
                156.838851929,
                227.200912476,
                391.37399292,
                1099.62646484,
                1258.05664062,
                5597.90429688,
                20241.3691406,
                16272.0537109,
                21342.6777344,
                4079.47973633,
                2868.44555664,
                7564.78222656,
                2703.58325195,
                3121.88598633,
                2316.39550781,
                3552.78198242,
                2824.16357422,
                2281.44580078,
                986.312255859,
                669.677612305,
                386.41595459,
                164.126342773,
                77.1502838135,
                43.6921958923,
                48.1429405212,
                15.4399271011,
                4.58273029327,
                1.35793530941,
                0.24821472168,
                0.0406070351601,
                0.0024724828545,
                5.77926875849e-05,
                2.51870073953e-06,
                2.71148277164e-08
            ]
        },
        "erbbands_crest": {
            "dmean": 2.63699150085,
            "dmean2": 4.13623714447,
            "dvar": 6.69047164917,
            "dvar2": 15.7964801788,
            "max": 31.8403244019,
            "mean": 11.0386953354,
            "median": 9.82769584656,
            "min": 2.27296495438,
            "var": 29.5419178009
        },
        "erbbands_flatness_db": {
            "dmean": 0.0171799492091,
            "dmean2": 0.0250077601522,
            "dvar": 0.000335537682986,
            "dvar2": 0.000651145644952,
            "max": 0.386161357164,
            "mean": 0.183394595981,
            "median": 0.181348755956,
            "min": 0.0352646037936,
            "var": 0.00356176216155
        },
        "erbbands_kurtosis": {
            "dmean": 1.15641319752,
            "dmean2": 1.79970312119,
            "dvar": 12.3298187256,
            "dvar2": 31.5956459045,
            "max": 158.730834961,
            "mean": 0.894941151142,
            "median": 0.00430512428284,
            "min": -1.88375008106,
            "var": 17.7938137054
        },
        "erbbands_skewness": {
            "dmean": 0.377861499786,
            "dmean2": 0.559844911098,
            "dvar": 0.199435830116,
            "dvar2": 0.422789186239,
            "max": 6.29047822952,
            "mean": 0.275197535753,
            "median": 0.248811766505,
            "min": -9.57398033142,
            "var": 0.872773885727
        },
        "erbbands_spread": {
            "dmean": 7.62552881241,
            "dmean2": 11.6681814194,
            "dvar": 107.187019348,
            "dvar2": 246.593597412,
            "max": 157.903106689,
            "mean": 34.0829124451,
            "median": 28.117565155,
            "min": 1.03950166702,
            "var": 392.355712891
        },
        "gfcc": {
            "cov": [
                [
                    16197.4355469,
                    -201.573135376,
                    -426.238189697,
                    2421.87207031,
                    36.9573478699,
                    2052.57568359,
                    1336.99755859,
                    1408.11364746,
                    244.134170532,
                    177.108810425,
                    225.12348938,
                    99.7850723267,
                    422.63381958
                ],
                [
                    -201.573135376,
                    2427.93945312,
                    602.535583496,
                    -81.375038147,
                    552.176513672,
                    -171.384399414,
                    71.8578720093,
                    -127.21938324,
                    55.3007583618,
                    -57.7977333069,
                    131.729370117,
                    -89.8085250854,
                    -13.4048614502
                ],
                [
                    -426.238189697,
                    602.535583496,
                    1471.42138672,
                    699.364074707,
                    197.702392578,
                    197.644744873,
                    142.983154297,
                    -17.7093448639,
                    105.061325073,
                    12.8935165405,
                    -55.6303901672,
                    -21.033449173,
                    -8.92294216156
                ],
                [
                    2421.87207031,
                    -81.375038147,
                    699.364074707,
                    1252.41186523,
                    217.948287964,
                    585.711730957,
                    456.761322021,
                    289.245513916,
                    195.023330688,
                    47.9805984497,
                    -7.18459033966,
                    12.0239915848,
                    94.5886306763
                ],
                [
                    36.9573478699,
                    552.176513672,
                    197.702392578,
                    217.948287964,
                    590.526428223,
                    175.616226196,
                    199.249633789,
                    60.0909004211,
                    126.62663269,
                    25.8914241791,
                    61.6361694336,
                    12.7168931961,
                    17.3575725555
                ],
                [
                    2052.57568359,
                    -171.384399414,
                    197.644744873,
                    585.711730957,
                    175.616226196,
                    701.082092285,
                    479.151031494,
                    288.005279541,
                    118.387794495,
                    50.9713020325,
                    49.6112670898,
                    11.0987911224,
                    61.5157775879
                ],
                [
                    1336.99755859,
                    71.8578720093,
                    142.983154297,
                    456.761322021,
                    199.249633789,
                    479.151031494,
                    604.096008301,
                    271.122802734,
                    88.4413299561,
                    29.9325847626,
                    49.1215934753,
                    -14.3240194321,
                    28.8715667725
                ],
                [
                    1408.11364746,
                    -127.21938324,
                    -17.7093448639,
                    289.245513916,
                    60.0909004211,
                    288.005279541,
                    271.122802734,
                    356.009277344,
                    109.156806946,
                    22.5231685638,
                    50.4876937866,
                    -5.26834964752,
                    26.6038665771
                ],
                [
                    244.134170532,
                    55.3007583618,
                    105.061325073,
                    195.023330688,
                    126.62663269,
                    118.387794495,
                    88.4413299561,
                    109.156806946,
                    228.640457153,
                    46.2131690979,
                    -1.1834744215,
                    31.7436408997,
                    18.9835414886
                ],
                [
                    177.108810425,
                    -57.7977333069,
                    12.8935165405,
                    47.9805984497,
                    25.8914241791,
                    50.9713020325,
                    29.9325847626,
                    22.5231685638,
                    46.2131690979,
                    106.589302063,
                    32.7973327637,
                    9.0955581665,
                    -2.53140044212
                ],
                [
                    225.12348938,
                    131.729370117,
                    -55.6303901672,
                    -7.18459033966,
                    61.6361694336,
                    49.6112670898,
                    49.1215934753,
                    50.4876937866,
                    -1.1834744215,
                    32.7973327637,
                    133.242263794,
                    19.0262908936,
                    -15.8092594147
                ],
                [
                    99.7850723267,
                    -89.8085250854,
                    -21.033449173,
                    12.0239915848,
                    12.7168931961,
                    11.0987911224,
                    -14.3240194321,
                    -5.26834964752,
                    31.7436408997,
                    9.0955581665,
                    19.0262908936,
                    124.233154297,
                    37.5267715454
                ],
                [
                    422.63381958,
                    -13.4048614502,
                    -8.92294216156,
                    94.5886306763,
                    17.3575725555,
                    61.5157775879,
                    28.8715667725,
                    26.6038665771,
                    18.9835414886,
                    -2.53140044212,
                    -15.8092594147,
                    37.5267715454,
                    128.447601318
                ]
            ],
            "icov": [
                [
                    0.000273622019449,
                    -0.000387877051253,
                    0.000498024164699,
                    -0.00063264981145,
                    0.000391093431972,
                    -0.000688087078743,
                    0.000443517055828,
                    -0.000769787351601,
                    0.000634803553112,
                    -0.000558015191928,
                    0.000515926280059,
                    -0.000516805739608,
                    5.80092182645e-06
                ],
                [
                    -0.000387877051253,
                    0.00145766383503,
                    -0.00119306112174,
                    0.00123478122987,
                    -0.00120282464195,
                    0.00152160192374,
                    -0.00107097369619,
                    0.00148932309821,
                    -0.00139460945502,
                    0.00167585304007,
                    -0.00216047395952,
                    0.00175815529656,
                    -0.000738154107239
                ],
                [
                    0.000498024164699,
                    -0.00119306112174,
                    0.00226593809202,
                    -0.00212220451795,
                    0.000866824295372,
                    -0.00147676572669,
                    0.00109614152461,
                    -0.00101556128357,
                    0.00127675978001,
                    -0.00141042668838,
                    0.00196120375767,
                    -0.00135142891668,
                    0.000930820824578
                ],
                [
                    -0.00063264981145,
                    0.00123478122987,
                    -0.00212220451795,
                    0.00363402743824,
                    -0.00112002389506,
                    0.000872462347616,
                    -0.00148559198715,
                    0.00134174549021,
                    -0.00207902141847,
                    0.00148619839456,
                    -0.00135124707595,
                    0.00157801457681,
                    -0.00111428252421
                ],
                [
                    0.000391093431972,
                    -0.00120282464195,
                    0.000866824295372,
                    -0.00112002389506,
                    0.00340274721384,
                    -0.00141814537346,
                    0.000178940856131,
                    -0.00054079038091,
                    -0.000203240546398,
                    -0.000897876394447,
                    0.00032022871892,
                    -0.00112758250907,
                    0.000144971854752
                ],
                [
                    -0.000688087078743,
                    0.00152160192374,
                    -0.00147676572669,
                    0.000872462347616,
                    -0.00141814537346,
                    0.00613942695782,
                    -0.00347511516884,
                    0.00131588266231,
                    -0.00177245645318,
                    0.00121327862144,
                    -0.00242937868461,
                    0.00162317883223,
                    -0.00104967725929
                ],
                [
                    0.000443517055828,
                    -0.00107097369619,
                    0.00109614152461,
                    -0.00148559198715,
                    0.000178940856131,
                    -0.00347511516884,
                    0.00525768520311,
                    -0.00291549018584,
                    0.00193082145415,
                    -0.00126135046594,
                    0.00162139593158,
                    -0.000923498475458,
                    0.000820378714707
                ],
                [
                    -0.000769787351601,
                    0.00148932309821,
                    -0.00101556128357,
                    0.00134174549021,
                    -0.00054079038091,
                    0.00131588266231,
                    -0.00291549018584,
                    0.00836636777967,
                    -0.00449032429606,
                    0.0031125722453,
                    -0.00419515091926,
                    0.00312586035579,
                    -0.000709560059477
                ],
                [
                    0.000634803553112,
                    -0.00139460945502,
                    0.00127675978001,
                    -0.00207902141847,
                    -0.000203240546398,
                    -0.00177245645318,
                    0.00193082145415,
                    -0.00449032429606,
                    0.00905817281455,
                    -0.00464412989095,
                    0.00435752235353,
                    -0.00382785126567,
                    0.000982190016657
                ],
                [
                    -0.000558015191928,
                    0.00167585304007,
                    -0.00141042668838,
                    0.00148619839456,
                    -0.000897876394447,
                    0.00121327862144,
                    -0.00126135046594,
                    0.0031125722453,
                    -0.00464412989095,
                    0.0136230587959,
                    -0.00577701255679,
                    0.00246580294333,
                    -0.000478938716697
                ],
                [
                    0.000515926280059,
                    -0.00216047395952,
                    0.00196120375767,
                    -0.00135124707595,
                    0.00032022871892,
                    -0.00242937868461,
                    0.00162139593158,
                    -0.00419515091926,
                    0.00435752235353,
                    -0.00577701255679,
                    0.0138439806178,
                    -0.00511995796114,
                    0.00327478838153
                ],
                [
                    -0.000516805739608,
                    0.00175815529656,
                    -0.00135142891668,
                    0.00157801457681,
                    -0.00112758250907,
                    0.00162317883223,
                    -0.000923498475458,
                    0.00312586035579,
                    -0.00382785126567,
                    0.00246580294333,
                    -0.00511995796114,
                    0.01214020513,
                    -0.00399950658903
                ],
                [
                    5.80092182645e-06,
                    -0.000738154107239,
                    0.000930820824578,
                    -0.00111428252421,
                    0.000144971854752,
                    -0.00104967725929,
                    0.000820378714707,
                    -0.000709560059477,
                    0.000982190016657,
                    -0.000478938716697,
                    0.00327478838153,
                    -0.00399950658903,
                    0.0104369958863
                ]
            ],
            "mean": [
                -64.0876846313,
                72.7748031616,
                -128.331710815,
                21.1065483093,
                -51.3825492859,
                8.90945911407,
                -32.6346244812,
                7.91193246841,
                -23.9564418793,
                -0.98246383667,
                -10.2158193588,
                1.03117263317,
                -11.6286725998
            ]
        },
        "hfc": {
            "dmean": 5.50874328613,
            "dmean2": 8.12717819214,
            "dvar": 129.09147644,
            "dvar2": 304.736083984,
            "max": 181.244995117,
            "mean": 18.6525878906,
            "median": 10.5415668488,
            "min": 0.000103511738416,
            "var": 441.775726318
        },
        "melbands": {
            "dmean": [
                0.00250103347935,
                0.00162096612621,
                0.000433376175351,
                0.000329262926243,
                0.000130399464979,
                8.79849176272e-05,
                8.6910535174e-05,
                7.00500459061e-05,
                6.57054188196e-05,
                9.4846029242e-05,
                0.000123467834783,
                9.68197491602e-05,
                6.5728338086e-05,
                3.45918415405e-05,
                3.86382234865e-05,
                2.81388529402e-05,
                3.43314168276e-05,
                2.32278998737e-05,
                1.91068920685e-05,
                2.22205799219e-05,
                1.42463068187e-05,
                1.42994949783e-05,
                9.57316115091e-06,
                1.32060285978e-05,
                1.10854989543e-05,
                6.04191291131e-06,
                5.79695370106e-06,
                4.90766797157e-06,
