{
    "lowlevel": {
        "average_loudness": 0.903632760048,
        "barkbands": {
            "dmean": [
                0.00107109849341,
                0.00855628680438,
                0.00371825275943,
                0.0020513550844,
                0.00314919534139,
                0.00178050028626,
                0.00190959696192,
                0.00104178825859,
                0.00100186560303,
                0.000630084774457,
                0.000390392437112,
                0.000316298828693,
                0.000428189698141,
                0.000137026276207,
                0.000110553824925,
                9.73087444436e-05,
                0.000156414709636,
                0.000116805676953,
                7.09361993358e-05,
                7.64163050917e-05,
                0.000141218130011,
                0.000175841574674,
                0.000170656712726,
                0.000164848170243,
                0.000105244842416,
                5.55142687517e-05,
                1.00458391898e-05
            ],
            "dmean2": [
                0.00119275297038,
                0.01044838503,
                0.00687073357403,
                0.00374557427131,
                0.00543081667274,
                0.00278071966022,
                0.00301483576186,
                0.00168440502603,
                0.00157756719273,
                0.0009822815191,
                0.000651179230772,
                0.000508811615873,
                0.000731024658307,
                0.000232776801568,
                0.000168870261405,
                0.000161597810802,
                0.000257590174442,
                0.0002016506769,
                0.000113524904009,
                0.000122733676108,
                0.000233330079936,
                0.000282886874629,
                0.000265885872068,
                0.000252036406891,
                0.000159098897711,
                8.53019155329e-05,
                1.55592497322e-05
            ],
            "dvar": [
                6.88470709065e-06,
                0.00054541695863,
                0.000210836675251,
                5.32962330908e-05,
                7.50025792513e-05,
                1.31055021484e-05,
                1.08157701106e-05,
                4.88248042529e-06,
                5.65297159483e-06,
                3.47465174855e-06,
                1.3899913256e-06,
                1.45946250996e-06,
                4.29077226727e-06,
                1.66128430124e-07,
                9.51948777583e-08,
                6.4962186741e-08,
                1.92205831695e-07,
                2.15686156935e-07,
                2.98536022569e-08,
                3.06245553361e-08,
                1.60848642849e-07,
                1.79092339181e-07,
                1.40608193533e-07,
                1.20523850455e-07,
                4.69412633208e-08,
                1.45848941813e-08,
                8.47409198368e-10
            ],
            "dvar2": [
                1.00091374406e-05,
                0.0010126439156,
                0.000601400446612,
                0.000153949527885,
                0.000207929319004,
                3.12017400574e-05,
                2.71726330539e-05,
                1.23228119264e-05,
                1.36965772981e-05,
                7.6489886851e-06,
                3.57352814717e-06,
                3.59943737749e-06,
                1.12669404189e-05,
                4.62620590724e-07,
                1.78017941721e-07,
                1.65611666603e-07,
                4.9275723768e-07,
                5.85570262501e-07,
                6.67972557267e-08,
                7.56385531986e-08,
                4.28761751436e-07,
                4.37442281509e-07,
                3.13034519195e-07,
                2.55338278521e-07,
                1.01355311699e-07,
                3.11031556066e-08,
                1.82062598331e-09
            ],
            "max": [
                0.0317817479372,
                0.243240892887,
                0.11968742311,
                0.0957391411066,
                0.0787846073508,
                0.0486050359905,
                0.0480376631021,
                0.0341850221157,
                0.0412239953876,
                0.0419348478317,
                0.024229247123,
                0.0244159046561,
                0.038986697793,
                0.00688060373068,
                0.00934507418424,
                0.00497020827606,
                0.00621579540893,
                0.00915658660233,
                0.00275212712586,
                0.00482694152743,
                0.00435739196837,
                0.00594551395625,
                0.00454164436087,
                0.00355468620546,
                0.00279656401835,
                0.00204222975299,
                0.00072934338823
            ],
            "mean": [
                0.00212286016904,
                0.0141100557521,
                0.00261937524192,
                0.00165968528017,
                0.00376977003179,
                0.00281439698301,
                0.00321676745079,
                0.00151412759442,
                0.00152176897973,
                0.000931956863496,
                0.000458009861177,
                0.000357241166057,
                0.000448929757113,
                0.000163231030456,
                0.000146897727973,
                0.000119331089081,
                0.000190325314179,
                0.000128809435409,
                8.13567530713e-05,
                8.66936461534e-05,
                0.000152989596245,
                0.000200476919417,
                0.000192575505935,
                0.00019365499611,
                0.000129393563839,
                6.02073050686e-05,
                1.06829174911e-05
            ],
            "median": [
                5.42138077435e-05,
                0.00106576294638,
                0.000389364664443,
                0.000366705993656,
                0.00122623820789,
                0.00100584176835,
                0.00122021464631,
                0.00040139380144,
                0.00034019240411,
                0.00013067740656,
                6.94225309417e-05,
                4.81080423924e-05,
                6.33995659882e-05,
                3.60789272236e-05,
                3.26599401888e-05,
                2.23322804231e-05,
                3.03293963952e-05,
                2.32773436437e-05,
                1.51339609147e-05,
                1.74484430318e-05,
                3.11954354402e-05,
                4.01547949878e-05,
                3.16876539728e-05,
                3.73976436094e-05,
                2.90785792458e-05,
                1.22478722915e-05,
                1.32359855343e-06
            ],
            "min": [
                7.48076165332e-24,
                1.1444413782e-23,
                3.46452594998e-23,
                2.63365409948e-23,
                3.30156117091e-23,
                1.99611911953e-23,
                6.61124192935e-23,
                2.84439986803e-23,
                8.67507182028e-23,
                6.89617154634e-23,
                1.33199580365e-22,
                4.21782532114e-23,
                8.3881321857e-23,
                4.90915398839e-23,
                8.22696096079e-23,
                1.71793874401e-22,
                3.13575163321e-22,
                3.00413984683e-22,
                3.54084723282e-22,
                2.38786580423e-22,
                3.37645568837e-22,
                5.5364040523e-22,
                4.92950773571e-22,
                6.55840983194e-22,
                1.39208711271e-21,
                1.83191788619e-21,
                2.63922415167e-21
            ],
            "var": [
                2.12872637348e-05,
                0.00108904158697,
                0.000122156066936,
                3.04550576402e-05,
                6.37870180071e-05,
                2.15688723983e-05,
                2.34553444898e-05,
                9.37642562349e-06,
                1.13602382044e-05,
                8.11001336842e-06,
                1.77618971975e-06,
                1.72879913407e-06,
                4.81740744362e-06,
                1.56160680831e-07,
                1.64641832612e-07,
                8.98230183566e-08,
                2.30387243505e-07,
                1.8778345634e-07,
                3.85593779129e-08,
                3.86436376232e-08,
                1.4399495285e-07,
                2.12538282085e-07,
                1.82159482165e-07,
                1.72197218262e-07,
                7.21690156524e-08,
                2.2123590071e-08,
                1.21661392072e-09
            ]
        },
        "barkbands_crest": {
            "dmean": 2.88789057732,
            "dmean2": 4.41322517395,
            "dvar": 7.24071359634,
            "dvar2": 16.2717895508,
            "max": 25.6141815186,
            "mean": 11.8826198578,
            "median": 10.8739433289,
            "min": 2.21279549599,
            "var": 24.3534927368
        },
        "barkbands_flatness_db": {
            "dmean": 0.036232765764,
            "dmean2": 0.0492580682039,
            "dvar": 0.00188297615387,
            "dvar2": 0.00353048066609,
            "max": 0.726540625095,
            "mean": 0.187140762806,
            "median": 0.165212869644,
            "min": 0.0131228435785,
            "var": 0.0107996743172
        },
        "barkbands_kurtosis": {
            "dmean": 11.5126276016,
            "dmean2": 16.9921665192,
            "dvar": 1229.08654785,
            "dvar2": 2677.70068359,
            "max": 878.094055176,
            "mean": 15.8382081985,
            "median": 5.92710733414,
            "min": -1.94046723843,
            "var": 1919.70092773
        },
        "barkbands_skewness": {
            "dmean": 0.977851808071,
            "dmean2": 1.38381874561,
            "dvar": 1.75197184086,
            "dvar2": 3.64887928963,
            "max": 22.3680591583,
            "mean": 2.30440235138,
            "median": 1.96641600132,
            "min": -5.5975151062,
            "var": 4.5894613266
        },
        "barkbands_spread": {
            "dmean": 7.86604166031,
            "dmean2": 11.8698091507,
            "dvar": 138.935211182,
            "dvar2": 288.084381104,
            "max": 101.679679871,
            "mean": 17.589471817,
            "median": 11.8315601349,
            "min": 0.138195931911,
            "var": 306.278747559
        },
        "dissonance": {
            "dmean": 0.0335462726653,
            "dmean2": 0.0559739395976,
            "dvar": 0.00113954697736,
            "dvar2": 0.00286549539305,
            "max": 0.500000178814,
            "mean": 0.433087170124,
            "median": 0.445681810379,
            "min": 0.0617153681815,
            "var": 0.00290995766409
        },
        "dynamic_complexity": 3.96855020523,
        "erbbands": {
            "dmean": [
                0.38408228755,
                1.70364582539,
                3.95312666893,
                5.86280488968,
                7.92440700531,
                11.5635185242,
                14.6842451096,
                13.9937705994,
                26.2211647034,
                23.8973903656,
                22.0041427612,
                21.8542327881,
                17.310792923,
                18.1852169037,
                16.873254776,
                11.6255693436,
                18.4179096222,
                9.51707553864,
                6.44976043701,
                4.81312894821,
                5.77697038651,
                8.27593898773,
                7.04664039612,
                3.25071787834,
                3.96020364761,
                3.47868442535,
                4.73489284515,
                6.15842056274,
                6.22066879272,
                5.80090284348,
                4.64936494827,
                4.16313695908,
                2.48743748665,
                1.40376591682,
                0.640329778194,
                0.300958305597,
                0.090166606009,
                0.015617701225,
                0.00164142751601,
                9.17679499253e-05
            ],
            "dmean2": [
                0.433945178986,
                2.50829219818,
                7.00056123734,
                10.735909462,
                13.9491968155,
                19.9637584686,
                23.9287776947,
                21.7519836426,
                41.3110542297,
                38.0398674011,
                35.2122802734,
                33.9471359253,
                28.2826309204,
                28.3299102783,
                28.4216899872,
                19.118642807,
                30.7958183289,
                16.5767173767,
                9.98107051849,
                7.4939160347,
                9.56157875061,
                13.6433553696,
                11.9460220337,
                5.2090086937,
                6.38029766083,
                5.52905511856,
                7.90323543549,
                10.1060581207,
                10.0689554214,
                8.98980808258,
                7.27536058426,
                6.4597659111,
                3.79369521141,
                2.15040826797,
                0.96175634861,
                0.465189099312,
                0.138304933906,
                0.0239254999906,
                0.00250144558959,
                0.000138931529364
            ],
            "dvar": [
                1.11096990108,
                28.3061542511,
                218.668899536,
                465.245727539,
                624.439758301,
                963.400939941,
                1138.48388672,
                902.657043457,
                2452.01049805,
                1860.84240723,
                2333.00341797,
                2979.27636719,
                2262.94165039,
                2764.65600586,
                2837.74389648,
                1627.49890137,
                8007.52832031,
                1631.64794922,
                363.023834229,
                131.476623535,
                253.26902771,
                524.10559082,
                636.156738281,
                82.7864608765,
                89.9489517212,
                63.4395332336,
                182.547561646,
                293.023620605,
                239.8490448,
                166.748077393,
                109.092697144,
                82.0593414307,
                26.3658905029,
                8.57871818542,
                1.74661743641,
                0.38558781147,
                0.0444400832057,
                0.00174982543103,
                2.15093114093e-05,
                6.02703025265e-08
            ],
            "dvar2": [
                1.74702131748,
                67.4499588013,
                604.069702148,
                1333.61901855,
                1779.1315918,
                2617.68701172,
                2746.56787109,
                2183.85693359,
                6028.81738281,
                4588.33984375,
                5759.28466797,
                6845.22900391,
                5910.82617188,
                5460.85400391,
                7675.69677734,
                4214.01611328,
                20294.3886719,
                4705.74511719,
                696.772155762,
                297.582672119,
                671.336303711,
                1338.64489746,
                1740.28845215,
                171.750061035,
                197.730606079,
                154.13760376,
                486.066253662,
                769.30255127,
                590.168640137,
                362.506286621,
                249.197250366,
                182.69921875,
                58.1339607239,
                19.2192382813,
                3.60606074333,
                0.843890011311,
                0.0940565690398,
                0.0035534829367,
                4.31627704529e-05,
                1.3246601327e-07
            ],
            "max": [
                11.6751241684,
                50.7536506653,
                121.131729126,
                181.82421875,
                271.197387695,
                430.335968018,
                629.837646484,
                477.160919189,
                713.461425781,
                660.119384766,
                827.287658691,
                1126.69616699,
                904.893493652,
                1567.46447754,
                1131.95361328,
                850.578796387,
                2094.22363281,
                659.252258301,
                572.98260498,
                241.895675659,
                225.461685181,
                413.875915527,
                468.797332764,
                133.940887451,
                124.821090698,
                255.818664551,
                189.971191406,
                201.404586792,
                180.540252686,
                244.763473511,
                106.092597961,
                78.0845794678,
                73.2009506226,
                34.714641571,
                23.5537223816,
                9.62193965912,
                4.4150967598,
                1.33570206165,
                0.0852080434561,
                0.00396842882037
            ],
            "mean": [
                0.692176580429,
                2.01468276978,
                3.02042889595,
                4.69053125381,
                7.84225130081,
                13.7217378616,
                20.2851486206,
                23.5530986786,
                42.7958106995,
                40.1800384521,
                34.5291252136,
                34.1620750427,
                25.4282169342,
                28.5067863464,
                21.1431350708,
                14.3425693512,
                20.7663116455,
                10.4595098495,
                8.78060817719,
                6.73729133606,
                7.03238534927,
                10.4745874405,
                8.32227039337,
                4.0802192688,
                4.59783649445,
                4.07908964157,
                4.96285438538,
                6.81694936752,
                7.00693130493,
                7.05069923401,
                5.08815288544,
                4.58627414703,
                2.85558176041,
                1.6075848341,
                0.838791847229,
                0.338117390871,
                0.0955989733338,
                0.0170850306749,
                0.00178875250276,
                0.000129980428028
            ],
            "median": [
                0.0302900392562,
                0.20521569252,
                0.489394754171,
                1.1540607214,
                2.2972111702,
                4.01525068283,
                6.52935028076,
                9.46478271484,
                14.168182373,
                16.1462402344,
                11.5981340408,
                8.68103027344,
                5.92337322235,
                5.23366069794,
                3.5267572403,
                2.25075054169,
                3.11857557297,
                2.47801733017,
                2.03840494156,
                1.5634534359,
                1.46649062634,
                1.92876172066,
                1.64928603172,
                0.873130559921,
                0.88768529892,
                0.852053642273,
                0.964474916458,
                1.32072305679,
                1.38801896572,
                1.39466619492,
                0.768886327744,
                0.749721109867,
                0.592336535454,
                0.328401207924,
                0.197733312845,
                0.0805125832558,
                0.0165383033454,
                0.0025828354992,
                0.000242359034019,
                5.11006510351e-05
            ],
            "min": [
                5.59036971128e-22,
                2.22429674509e-21,
                2.4685106734e-20,
                7.41982818918e-20,
                1.0020079492e-19,
                1.30450828695e-19,
                1.69962739166e-19,
                1.43446818396e-19,
                5.85553038917e-19,
                8.67045289705e-19,
                1.10285664626e-18,
                2.21453207183e-18,
                1.2216367837e-18,
                4.68923560737e-18,
                4.40193634188e-18,
                1.72836245707e-18,
                3.09972616946e-18,
                3.88727655887e-18,
                3.56532214803e-18,
                5.31088623953e-18,
                1.23306970189e-17,
                1.66334424112e-17,
                1.52961395149e-17,
                1.83180040005e-17,
                1.6231146429e-17,
                1.06964280109e-17,
                1.57240797505e-17,
                1.0716286963e-17,
                1.87784292731e-17,
                1.71932832129e-17,
                1.38655116203e-17,
                1.2626373556e-17,
                1.19373850453e-17,
                1.20295784605e-17,
                1.12893552099e-17,
                7.05289924465e-18,
                3.42861524897e-18,
                1.26423358671e-18,
                3.87811455131e-19,
                4.09063883492e-20
            ],
            "var": [
                2.63593244553,
                31.5261039734,
                140.699401855,
                269.259918213,
                410.764892578,
                896.950927734,
                1618.17541504,
                1454.74291992,
                5196.21679688,
                3903.31542969,
                4528.91357422,
                6360.88134766,
                3534.81445313,
                7726.26416016,
                3663.78662109,
                2040.65356445,
                10494.9169922,
                1100.24975586,
                625.650024414,
                226.267913818,
                288.746124268,
                614.563781738,
                580.856872559,
                119.988204956,
                117.380142212,
                82.1299514771,
                156.388442993,
                285.761016846,
                268.787109375,
                254.503219604,
                129.179824829,
                102.461524963,
                37.8825149536,
                11.8775920868,
                3.0226893425,
                0.561332166195,
                0.0683482289314,
                0.00298578408547,
                3.32130257448e-05,
                8.22662826749e-08
            ]
        },
        "erbbands_crest": {
            "dmean": 3.17448329926,
            "dmean2": 5.0055308342,
            "dvar": 7.82464075089,
            "dvar2": 18.1936035156,
            "max": 30.459733963,
            "mean": 11.1235160828,
            "median": 10.3120689392,
            "min": 2.18171644211,
            "var": 24.2971496582
        },
        "erbbands_flatness_db": {
            "dmean": 0.0271931197494,
            "dmean2": 0.0396452210844,
            "dvar": 0.000986722297966,
            "dvar2": 0.00201840116642,
            "max": 0.628965735435,
            "mean": 0.175947070122,
            "median": 0.164234101772,
            "min": 0.0430933460593,
            "var": 0.00493181496859
        },
        "erbbands_kurtosis": {
            "dmean": 3.44160866737,
            "dmean2": 5.31051778793,
            "dvar": 48.1329460144,
            "dvar2": 111.30128479,
            "max": 185.456878662,
            "mean": 4.40389633179,
            "median": 2.08863258362,
            "min": -1.92754709721,
            "var": 78.0931854248
        },
        "erbbands_skewness": {
            "dmean": 0.687663674355,
            "dmean2": 1.02383244038,
            "dvar": 0.613536894321,
            "dvar2": 1.29512691498,
            "max": 10.1247138977,
            "mean": 1.22224676609,
            "median": 1.17575287819,
            "min": -5.50380849838,
            "var": 1.58085501194
        },
        "erbbands_spread": {
            "dmean": 12.6189813614,
            "dmean2": 19.1857261658,
            "dvar": 273.777648926,
            "dvar2": 600.295593262,
            "max": 162.799072266,
            "mean": 35.1142234802,
            "median": 27.71027565,
            "min": 0.725135982037,
            "var": 657.55657959
        },
        "gfcc": {
            "cov": [
                [
                    13718.2861328,
                    -1611.31164551,
                    -951.368469238,
                    391.756195068,
                    -52.3710289001,
                    424.706695557,
                    -132.690155029,
                    650.540588379,
                    -241.837661743,
                    97.5942687988,
                    -339.563323975,
                    316.251403809,
                    -80.103302002
                ],
                [
                    -1611.31164551,
                    3349.93530273,
                    1039.27770996,
                    90.6435241699,
                    572.215759277,
                    -158.544448853,
                    389.905334473,
                    -93.4724807739,
                    344.957366943,
                    -105.113807678,
                    245.302032471,
                    -126.37272644,
                    201.549575806
                ],
                [
                    -951.368469238,
                    1039.27770996,
                    1861.93237305,
                    441.250091553,
                    87.3120727539,
                    -94.9649124146,
                    37.6342582703,
                    -70.1855163574,
                    71.6906890869,
                    -52.4667282104,
                    51.1798171997,
                    -46.8753089905,
                    65.3563995361
                ],
                [
                    391.756195068,
                    90.6435241699,
                    441.250091553,
                    712.795654297,
                    203.865234375,
                    80.7581710815,
                    39.7597389221,
                    25.4415779114,
                    42.5299186707,
                    -18.6634597778,
                    33.6325721741,
                    -30.785150528,
                    13.9102506638
                ],
                [
                    -52.3710289001,
                    572.215759277,
                    87.3120727539,
                    203.865234375,
                    748.879150391,
                    240.623245239,
                    287.720672607,
                    117.619384766,
                    166.75163269,
                    110.942268372,
                    163.309265137,
                    78.3974685669,
                    44.955368042
                ],
                [
                    424.706695557,
                    -158.544448853,
                    -94.9649124146,
                    80.7581710815,
                    240.623245239,
                    415.716094971,
                    199.360305786,
                    100.043746948,
                    59.2616882324,
                    109.523269653,
                    69.7564849854,
                    61.2314147949,
                    -33.5443496704
                ],
                [
                    -132.690155029,
                    389.905334473,
                    37.6342582703,
                    39.7597389221,
                    287.720672607,
                    199.360305786,
                    398.015380859,
                    99.736831665,
                    136.269790649,
                    85.2335586548,
                    135.649276733,
                    56.2396812439,
                    27.4732017517
                ],
                [
                    650.540588379,
                    -93.4724807739,
                    -70.1855163574,
                    25.4415779114,
                    117.619384766,
                    100.043746948,
                    99.736831665,
                    243.665435791,
                    90.9965515137,
                    75.2086486816,
                    33.4812774658,
                    66.6963195801,
                    29.380689621
                ],
                [
                    -241.837661743,
                    344.957366943,
                    71.6906890869,
                    42.5299186707,
                    166.75163269,
                    59.2616882324,
                    136.269790649,
                    90.9965515137,
                    204.635452271,
                    65.6707458496,
                    83.1919326782,
                    24.0957202911,
                    51.9085426331
                ],
                [
                    97.5942687988,
                    -105.113807678,
                    -52.4667282104,
                    -18.6634597778,
                    110.942268372,
                    109.523269653,
                    85.2335586548,
                    75.2086486816,
                    65.6707458496,
                    149.812393188,
                    70.9101257324,
                    57.4099884033,
                    2.11193299294
                ],
                [
                    -339.563323975,
                    245.302032471,
                    51.1798171997,
                    33.6325721741,
                    163.309265137,
                    69.7564849854,
                    135.649276733,
                    33.4812774658,
                    83.1919326782,
                    70.9101257324,
                    188.653945923,
                    55.0199966431,
                    36.5767440796
                ],
                [
                    316.251403809,
                    -126.37272644,
                    -46.8753089905,
                    -30.785150528,
                    78.3974685669,
                    61.2314147949,
                    56.2396812439,
                    66.6963195801,
                    24.0957202911,
                    57.4099884033,
                    55.0199966431,
                    134.094009399,
                    37.5843200684
                ],
                [
                    -80.103302002,
                    201.549575806,
                    65.3563995361,
                    13.9102506638,
                    44.955368042,
                    -33.5443496704,
                    27.4732017517,
                    29.380689621,
                    51.9085426331,
                    2.11193299294,
                    36.5767440796,
                    37.5843200684,
                    116.592887878
                ]
            ],
            "icov": [
                [
                    0.000116436473036,
                    -7.03670957591e-05,
                    7.98244218458e-05,
                    -0.000156492984388,
                    7.63048810768e-05,
                    -9.17252837098e-05,
                    6.82063182467e-05,
                    -0.000349516572896,
                    0.000259891152382,
                    -8.22693400551e-05,
                    0.000291175558232,
                    -0.000366641121218,
                    0.000104381295387
                ],
                [
                    -7.03670957591e-05,
                    0.000892054347787,
                    -0.000419018964749,
                    0.000533779617399,
                    -0.000665286148433,
                    0.000445489771664,
                    -0.000565094756894,
                    0.000602050160524,
                    -0.00101872032974,
                    0.00106437900104,
                    -0.000748082064092,
                    0.00137170264497,
                    -0.000826300820336
                ],
                [
                    7.98244218458e-05,
                    -0.000419018964749,
                    0.000900543818716,
                    -0.000738936534617,
                    0.000364833656931,
                    -1.05191602415e-05,
                    0.000140534917591,
                    -0.000131204506033,
                    0.000337385194143,
                    -0.000456371257314,
                    0.000380959361792,
                    -0.000714299094398,
                    0.000187597048352
                ],
                [
                    -0.000156492984388,
                    0.000533779617399,
                    -0.000738936534617,
                    0.00237324135378,
                    -0.000951653404627,
                    -0.000207671226235,
                    7.12655601092e-05,
                    0.00026597516262,
                    -0.000714189372957,
                    0.00128050497733,
                    -0.000961461861152,
                    0.0018078914145,
                    -0.000662189093418
                ],
                [
                    7.63048810768e-05,
                    -0.000665286148433,
                    0.000364833656931,
                    -0.000951653404627,
                    0.00283387466334,
                    -0.000919370853808,
                    -0.000367950939108,
                    -0.000476704357425,
                    7.59566028137e-05,
                    -0.00095556670567,
                    -2.20167330554e-05,
                    -0.00145702739246,
                    0.000421235221438
                ],
                [
                    -9.17252837098e-05,
                    0.000445489771664,
                    -1.05191602415e-05,
                    -0.000207671226235,
                    -0.000919370853808,
                    0.00459177419543,
                    -0.00187289167661,
                    2.33408773056e-05,
                    -0.000104564569483,
                    -0.00123159482609,
                    -1.36934413604e-05,
                    -3.9699334593e-05,
                    0.00139450654387
                ],
                [
                    6.82063182467e-05,
                    -0.000565094756894,
                    0.000140534917591,
                    7.12655601092e-05,
                    -0.000367950939108,
                    -0.00187289167661,
                    0.00532618490979,
                    -0.000973319052719,
                    -0.000795894302428,
                    -7.02103022832e-07,
                    -0.00137592176907,
                    -0.00075624755118,
                    0.000559492444154
                ],
                [
                    -0.000349516572896,
                    0.000602050160524,
                    -0.000131204506033,
                    0.00026597516262,
                    -0.000476704357425,
                    2.33408773056e-05,
                    -0.000973319052719,
                    0.00755855534226,
                    -0.00335577176884,
                    -0.000791280879639,
                    0.000525435258169,
                    -0.000619221827947,
                    -0.00118076184299
                ],
                [
                    0.000259891152382,
                    -0.00101872032974,
                    0.000337385194143,
                    -0.000714189372957,
                    7.59566028137e-05,
                    -0.000104564569483,
                    -0.000795894302428,
                    -0.00335577176884,
                    0.0105287032202,
                    -0.00342239462771,
                    -0.000179204755113,
                    0.000579694402404,
                    -0.00194669654593
                ],
                [
                    -8.22693400551e-05,
                    0.00106437900104,
                    -0.000456371257314,
                    0.00128050497733,
                    -0.00095556670567,
                    -0.00123159482609,
                    -7.02103022832e-07,
                    -0.000791280879639,
                    -0.00342239462771,
                    0.013009452261,
                    -0.00352773652412,
                    -0.000977602321655,
                    0.00113012036309
                ],
                [
                    0.000291175558232,
                    -0.000748082064092,
                    0.000380959361792,
                    -0.000961461861152,
                    -2.20167330554e-05,
                    -1.36934413604e-05,
                    -0.00137592176907,
                    0.000525435258169,
                    -0.000179204755113,
                    -0.00352773652412,
                    0.0103461947292,
                    -0.00376346893609,
                    -0.00029813600122
                ],
                [
                    -0.000366641121218,
                    0.00137170264497,
                    -0.000714299094398,
                    0.0018078914145,
                    -0.00145702739246,
                    -3.9699334593e-05,
                    -0.00075624755118,
                    -0.000619221827947,
                    0.000579694402404,
                    -0.000977602321655,
                    -0.00376346893609,
                    0.0146274892613,
                    -0.00532876001671
                ],
                [
                    0.000104381295387,
                    -0.000826300820336,
                    0.000187597048352,
                    -0.000662189093418,
                    0.000421235221438,
                    0.00139450654387,
                    0.000559492444154,
                    -0.00118076184299,
                    -0.00194669654593,
                    0.00113012036309,
                    -0.00029813600122,
                    -0.00532876001671,
                    0.0131128076464
                ]
            ],
            "mean": [
                -42.0634651184,
                83.8363494873,
                -81.0931472778,
                14.2404956818,
                -76.7529144287,
                9.66094589233,
                -39.2537193298,
                7.03712320328,
                -14.7981395721,
                6.21285867691,
                -13.3512716293,
                4.33800125122,
                -9.05798912048
            ]
        },
        "hfc": {
            "dmean": 9.55745410919,
            "dmean2": 14.5279026031,
            "dvar": 236.908416748,
            "dvar2": 518.309631348,
            "max": 161.947723389,
            "mean": 18.3381175995,
            "median": 12.3542480469,
            "min": 1.2643680656e-16,
            "var": 414.682159424
        },
        "melbands": {
            "dmean": [
                0.00272800703533,
                0.00195525609888,
                0.00105213595089,
                0.00070117530413,
                0.000507191754878,
                0.000318626262015,
                0.000393780384911,
                0.000251149031101,
                0.000182020638022,
                0.000133130626637,
                8.87834321475e-05,
                7.86224845797e-05,
                5.97449979978e-05,
                3.96267132601e-05,
                3.36185366905e-05,
                3.95090573875e-05,
                1.55115776579e-05,
                1.08768399514e-05,
                6.52416156299e-06,
                6.89306489221e-06,
                7.32867511033e-06,
                9.23138031794e-06,
                9.71463668975e-06,
                4.36256004832e-06,
                2.52673089562e-06,
                2.93845118904e-06,
                2.96804591926e-06,
