{
    "lowlevel": {
        "average_loudness": 0.839504361153,
        "barkbands": {
            "dmean": [
                0.00176770344842,
                0.00848067738116,
                0.00303394999355,
                0.000926736043766,
                0.000680888828356,
                0.000671728455927,
                0.000613096810412,
                0.000699791242369,
                0.000526581599843,
                0.000501579488628,
                0.000566836562939,
                0.000919478654396,
                0.000584290421102,
                0.000428107596235,
                0.000256115366938,
                0.000324786815327,
                0.000355701165972,
                0.000368537555914,
                0.000257086969214,
                0.000193930623936,
                0.000166948186234,
                0.000200621347176,
                0.000511565071065,
                0.00034411723027,
                0.000175020817551,
                5.62696695852e-05,
                3.0788417007e-06
            ],
            "dmean2": [
                0.0025430128444,
                0.0115126175806,
                0.00514684431255,
                0.00157139834482,
                0.00115569855552,
                0.00114927382674,
                0.0010269616032,
                0.00109479192179,
                0.000835885177366,
                0.00074807839701,
                0.000847483461257,
                0.00138796493411,
                0.000881306943484,
                0.000647503824439,
                0.000387348525692,
                0.000507170276251,
                0.000525739626028,
                0.000566716131289,
                0.000378704513423,
                0.000296664453344,
                0.000244296592427,
                0.000317755620927,
                0.000904504559003,
                0.000582794426009,
                0.000270061194897,
                8.37163242977e-05,
                4.69374344902e-06
            ],
            "dvar": [
                1.13222113214e-05,
                0.000395841809222,
                0.000158234091941,
                9.63157344813e-06,
                3.89656361222e-06,
                2.74750163953e-06,
                1.44203033869e-06,
                1.43280885823e-06,
                1.06414347556e-06,
                1.19321293823e-06,
                1.82033386409e-06,
                1.13577616503e-05,
                3.93611480831e-06,
                1.60274021255e-06,
                4.20070620066e-07,
                9.12545488063e-07,
                6.96108600096e-07,
                1.38740210787e-06,
                4.38094502897e-07,
                2.88406823756e-07,
                2.76029027191e-07,
                3.12876750286e-07,
                1.13197143037e-06,
                4.72103579341e-07,
                1.84007845405e-07,
                2.46801334924e-08,
                8.41716696343e-11
            ],
            "dvar2": [
                2.35610241361e-05,
                0.000874852121342,
                0.000413417234086,
                2.67263403657e-05,
                1.06109346234e-05,
                7.60983493819e-06,
                3.7302149849e-06,
                3.37195206157e-06,
                2.51106553151e-06,
                2.57445776697e-06,
                3.73040211343e-06,
                2.00402773771e-05,
                8.6281215772e-06,
                3.62473224413e-06,
                9.48711203819e-07,
                2.2573701699e-06,
                1.48929825627e-06,
                3.14047542815e-06,
                8.47331364184e-07,
                6.4571099756e-07,
                5.2164614317e-07,
                6.32955277524e-07,
                2.94573169413e-06,
                1.14994418254e-06,
                3.95545271203e-07,
                4.13654248632e-08,
                1.6493446886e-10
            ],
            "max": [
                0.0577453896403,
                0.316646188498,
                0.145030364394,
                0.0334725342691,
                0.0280713830143,
                0.0220852009952,
                0.0147434342653,
                0.0202778242528,
                0.0130718769506,
                0.0178815238178,
                0.0219458211213,
                0.0769821330905,
                0.0507917515934,
                0.016651513055,
                0.00813083909452,
                0.0143205523491,
                0.0223068054765,
                0.0206986200064,
                0.00831512920558,
                0.00569198187441,
                0.00634685717523,
                0.00657416088507,
                0.00754649657756,
                0.00716569740325,
                0.00620388891548,
                0.0046165175736,
                0.000221315276576
            ],
            "mean": [
                0.00902486499399,
                0.045026242733,
                0.00322034186684,
                0.00130828528199,
                0.00091299781343,
                0.000935134419706,
                0.00100541661959,
                0.00116452435032,
                0.000823547190521,
                0.000754569366109,
                0.000938364944886,
                0.00115873233881,
                0.000687382882461,
                0.000472880637972,
                0.000328809168423,
                0.000405670405598,
                0.000553272315301,
                0.000433901324868,
                0.000328310328769,
                0.000216200074647,
                0.000183679716429,
                0.000205318428925,
                0.000391647015931,
                0.000316544465022,
                0.000194855354493,
                6.70935914968e-05,
                3.21091397382e-06
            ],
            "median": [
                0.00250546727329,
                0.0193423554301,
                0.000232588499784,
                0.000160978990607,
                0.000424917321652,
                0.000439300813014,
                0.00055995414732,
                0.000567735929508,
                0.000273465237115,
                0.000122661731439,
                0.000171672611032,
                5.83967484999e-05,
                3.79574776161e-05,
                3.72145404981e-05,
                4.08447558584e-05,
                3.81336576538e-05,
                0.000163419565069,
                6.1297971115e-05,
                6.75612027408e-05,
                4.30989603046e-05,
                1.89945785678e-05,
                1.56292262545e-05,
                2.00522263185e-05,
                2.35900697589e-05,
                2.41559118876e-05,
                3.40910560226e-06,
                1.0806865447e-07
            ],
            "min": [
                2.54078982759e-24,
                2.19035071612e-23,
                4.62915175439e-24,
                7.27280450807e-24,
                1.57380606268e-23,
                1.67927424135e-23,
                1.23436315947e-23,
                8.91091519853e-24,
                3.97559990039e-23,
                6.32376839372e-23,
                2.1967056218e-23,
                3.59420805637e-23,
                9.05986239263e-23,
                6.23352838596e-23,
                4.78622579353e-23,
                7.11480403068e-23,
                9.23658490588e-23,
                1.5724494428e-22,
                1.90624324997e-22,
                2.72172183674e-22,
                4.72508598104e-22,
                4.10675862818e-22,
                5.31958367612e-22,
                7.18189368455e-22,
                8.17903456846e-22,
                1.38579642031e-21,
                2.1872279061e-21
            ],
            "var": [
                0.000138226983836,
                0.00266501819715,
                0.000124336860608,
                9.67690630205e-06,
                3.29647946273e-06,
                2.42559849539e-06,
                1.97666281565e-06,
                2.56031535173e-06,
                1.80551739959e-06,
                2.09147447094e-06,
                3.44159252563e-06,
                1.54881054186e-05,
                4.80413564219e-06,
                1.86848569683e-06,
                6.51290122278e-07,
                1.05695710317e-06,
                1.09443396923e-06,
                1.66682661984e-06,
                6.04913509505e-07,
                3.33827586019e-07,
                3.86111025819e-07,
                3.86935738561e-07,
                9.01064481695e-07,
                4.9247557854e-07,
                2.53990577903e-07,
                6.1992658118e-08,
                1.37634764696e-10
            ]
        },
        "barkbands_crest": {
            "dmean": 1.98035526276,
            "dmean2": 3.05170345306,
            "dvar": 5.50011348724,
            "dvar2": 12.5214309692,
            "max": 25.5630588531,
            "mean": 13.8971815109,
            "median": 14.3373508453,
            "min": 2.07973718643,
            "var": 33.8183288574
        },
        "barkbands_flatness_db": {
            "dmean": 0.0370612405241,
            "dmean2": 0.049481280148,
            "dvar": 0.00220948504284,
            "dvar2": 0.00338398222812,
            "max": 0.715294659138,
            "mean": 0.216938570142,
            "median": 0.198617622256,
            "min": 0.0144484834746,
            "var": 0.0126467840746
        },
        "barkbands_kurtosis": {
            "dmean": 12.0128116608,
            "dmean2": 19.998468399,
            "dvar": 957.626831055,
            "dvar2": 2643.2487793,
            "max": 562.920349121,
            "mean": 17.1731090546,
            "median": 5.99645090103,
            "min": -1.90842247009,
            "var": 1117.58459473
        },
        "barkbands_skewness": {
            "dmean": 1.00842678547,
            "dmean2": 1.56927752495,
            "dvar": 1.86086881161,
            "dvar2": 4.57066440582,
            "max": 18.7169017792,
            "mean": 2.59853386879,
            "median": 2.23389863968,
            "min": -4.32251882553,
            "var": 6.01141834259
        },
        "barkbands_spread": {
            "dmean": 7.68845701218,
            "dmean2": 12.129986763,
            "dvar": 122.809402466,
            "dvar2": 269.145599365,
            "max": 112.033004761,
            "mean": 16.3166923523,
            "median": 11.4597835541,
            "min": 0.180154949427,
            "var": 243.869934082
        },
        "dissonance": {
            "dmean": 0.0279229544103,
            "dmean2": 0.0454214923084,
            "dvar": 0.00100692803971,
            "dvar2": 0.00242401403375,
            "max": 0.499976426363,
            "mean": 0.437734603882,
            "median": 0.455469220877,
            "min": 0.0695017129183,
            "var": 0.00357127515599
        },
        "dynamic_complexity": 4.90300559998,
        "erbbands": {
            "dmean": [
                0.430269122124,
                1.59243643284,
                3.31532144547,
                3.49593520164,
                1.92973220348,
                2.47241020203,
                4.58069992065,
                5.86084127426,
                7.84709405899,
                10.6706619263,
                15.3389167786,
                11.6462554932,
                14.8813018799,
                19.1179733276,
                23.0220775604,
                40.8369674683,
                25.0378055573,
                22.6691818237,
                14.6311016083,
                13.4743127823,
                18.1372718811,
                19.3974475861,
                19.0852813721,
                15.7385616302,
                12.0484352112,
                9.10479831696,
                6.7396531105,
                6.91698551178,
                7.2959022522,
                9.45491218567,
                14.1908063889,
                10.0000200272,
                4.48956441879,
                2.32665944099,
                1.08177220821,
                0.330430984497,
                0.0932711735368,
                0.0125906132162,
                0.000559100531973,
                4.30368709203e-05
            ],
            "dmean2": [
                0.557314693928,
                2.33165645599,
                5.42621517181,
                5.89569330215,
                3.25374031067,
                4.24295139313,
                7.84616661072,
                10.0312757492,
                13.012720108,
                17.3062496185,
                23.9569168091,
                18.1583976746,
                22.4512805939,
                27.6112537384,
                33.4398078918,
                60.2751846313,
                37.0680847168,
                33.9341278076,
                21.1842956543,
                18.8827056885,
                27.8649978638,
                28.3000545502,
                29.1362380981,
                22.8619747162,
                18.2375583649,
                13.6625576019,
                10.2304372787,
                10.433599472,
                11.7226295471,
                15.7959356308,
                25.1200504303,
                17.6106815338,
                7.27782821655,
                3.62135744095,
                1.66589868069,
                0.50125682354,
                0.141789019108,
                0.019307859242,
                0.000826889881864,
                6.28467387287e-05
            ],
            "dvar": [
                0.793857753277,
                24.0093708038,
                184.839523315,
                157.250991821,
                40.8620147705,
                43.6131858826,
                167.190765381,
                192.15007019,
                231.937805176,
                399.892211914,
                842.161499023,
                568.055725098,
                1050.8704834,
                1455.71289063,
                4031.74951172,
                22046.4121094,
                6766.76806641,
                4239.24462891,
                1460.75305176,
                1156.00109863,
                2677.18188477,
                2329.65966797,
                3660.00805664,
                1957.80810547,
                964.229248047,
                715.239196777,
                412.778167725,
                499.711608887,
                448.754638672,
                404.153594971,
                867.856628418,
                403.899139404,
                100.484657288,
                31.6079654694,
                7.62573766708,
                0.824253618717,
                0.0697793513536,
                0.00105970026925,
                3.22440814671e-06,
                1.0822523322e-08
            ],
            "dvar2": [
                1.512809515,
                56.5952110291,
                465.106903076,
                423.512878418,
                110.913131714,
                118.579734802,
                459.39855957,
                528.289489746,
                598.300476074,
                978.551818848,
                1982.78137207,
                1323.18066406,
                2300.31958008,
                3071.53295898,
                7465.57177734,
                38738.1367188,
                13297.2949219,
                9570.51953125,
                2828.3581543,
                2362.48291016,
                6527.66552734,
                4921.51123047,
                7957.1328125,
                4158.20214844,
                2003.07470703,
                1561.69189453,
                813.013366699,
                1022.62780762,
                913.806030273,
                882.437194824,
                2276.3684082,
                1055.93518066,
                232.601013184,
                69.3034973145,
                16.2365951538,
                1.43376708031,
                0.128141403198,
                0.00200020079501,
                5.96722975388e-06,
                2.10553672275e-08
            ],
            "max": [
                13.4947814941,
                65.9341964722,
                155.75831604,
                153.890472412,
                92.4893188477,
                88.3981781006,
                203.0597229,
                132.560348511,
                211.136856079,
                244.249008179,
                616.664855957,
                405.654937744,
                504.176574707,
                767.709655762,
                1085.38012695,
                3176.37011719,
                1993.69372559,
                1091.31982422,
                452.762664795,
                458.243408203,
                749.89831543,
                1240.1887207,
                1129.13037109,
                624.476257324,
                330.505096436,
                311.481109619,
                252.271011353,
                248.880661011,
                256.743499756,
                201.834701538,
                198.22467041,
                147.70539856,
                134.298339844,
                87.3964157104,
                59.5563545227,
                27.4800300598,
                7.70275831223,
                0.760557174683,
                0.0524905733764,
                0.00248345034197
            ],
            "mean": [
                2.62027001381,
                4.77938079834,
                3.76132082939,
                4.87234210968,
                2.61560368538,
                3.18550014496,
                5.49349975586,
                8.03052997589,
                13.7056474686,
                17.4208087921,
                26.188129425,
                19.4190177917,
                23.1268730164,
                32.2215805054,
                36.3495368958,
                52.4153556824,
                32.1961898804,
                26.1689357758,
                18.8321380615,
                18.6682929993,
                25.1109695435,
                29.8158245087,
                24.5958175659,
                19.2454013824,
                14.6113185883,
                10.0051107407,
                8.01815509796,
                7.08377552032,
                7.49631690979,
                8.74847888947,
                10.7822732925,
                8.02488422394,
                4.5460934639,
                2.55500936508,
                1.18560433388,
                0.396869689226,
                0.106091365218,
                0.0134344827384,
                0.000642078986857,
                0.00011087943858
            ],
            "median": [
                1.02822244167,
                1.5070322752,
                0.415983229876,
                0.538710176945,
                0.671496033669,
                1.5085875988,
                2.24355530739,
                3.58223342896,
                7.70757389069,
                9.22587299347,
                12.5457305908,
                6.66100645065,
                6.47642087936,
                7.74324893951,
                4.6730928421,
                2.92013835907,
                2.0864470005,
                2.18988537788,
                2.34636116028,
                2.00154471397,
                4.33686065674,
                8.33891391754,
                4.37237215042,
                4.02986907959,
                2.88639855385,
                2.09934306145,
                1.26231658459,
                0.462071448565,
                0.47441843152,
                0.732820391655,
                0.488202959299,
                0.316866129637,
                0.483038157225,
                0.34712523222,
                0.10866034776,
                0.0281650200486,
                0.0043270047754,
                0.000474987726193,
                7.17722941772e-05,
                8.32562000141e-05
            ],
            "min": [
                3.76757292517e-22,
                3.79047720495e-21,
                1.0453080593e-20,
                1.54758190155e-20,
                5.01612501651e-20,
                7.14550924866e-20,
                2.05683745512e-19,
                1.39409556621e-19,
                1.78454187593e-19,
                3.50216147989e-19,
                3.32501222141e-19,
                8.37048722164e-19,
                1.78932752937e-18,
                1.51654900595e-18,
                8.77564493856e-19,
                1.91251002542e-18,
                3.78004706811e-18,
                3.63834523892e-18,
                3.03640466639e-18,
                3.71033476763e-18,
                4.97452068806e-18,
                6.02602234298e-18,
                7.67803272078e-18,
                7.40038293073e-18,
                9.82371358715e-18,
                1.29109427119e-17,
                1.78761820199e-17,
                1.35061123975e-17,
                1.28063870825e-17,
                1.32206002558e-17,
                1.4365731725e-17,
                1.42240638102e-17,
                1.22051889046e-17,
                8.42976949839e-18,
                5.85277887626e-18,
                4.73762195089e-18,
                2.38330897004e-18,
                1.11812205767e-18,
                2.82858442968e-19,
                3.33488591449e-20
            ],
            "var": [
                8.84236049652,
                48.7118797302,
                158.378219604,
                144.830596924,
                37.2697486877,
                37.3425865173,
                133.454208374,
                180.422088623,
                348.920898438,
                598.474487305,
                1510.55578613,
                994.067443848,
                1768.51196289,
                2993.33251953,
                7350.72460938,
                30457.9960938,
                9563.38183594,
                5122.60595703,
                2218.25585938,
                1940.19287109,
                3196.5847168,
                3539.13769531,
                4744.62255859,
                2443.30444336,
                1222.13183594,
                819.856689453,
                599.00402832,
                617.854980469,
                554.678161621,
                458.507476807,
                682.623046875,
                335.817626953,
                116.376609802,
                40.9935531616,
                11.2704572678,
                1.94226539135,
                0.162836030126,
                0.00195930688642,
                5.86536134506e-06,
                2.16814637355e-08
            ]
        },
        "erbbands_crest": {
            "dmean": 2.49193716049,
            "dmean2": 4.01229143143,
            "dvar": 5.7286400795,
            "dvar2": 13.280456543,
            "max": 29.6788482666,
            "mean": 9.61968994141,
            "median": 8.65023803711,
            "min": 2.3785700798,
            "var": 18.9810886383
        },
        "erbbands_flatness_db": {
            "dmean": 0.0270717423409,
            "dmean2": 0.0393108204007,
            "dvar": 0.00109626271296,
            "dvar2": 0.00194714276586,
            "max": 0.579210162163,
            "mean": 0.189229011536,
            "median": 0.17100058496,
            "min": 0.0441020838916,
            "var": 0.00633562542498
        },
        "erbbands_kurtosis": {
            "dmean": 1.66156148911,
            "dmean2": 2.74933338165,
            "dvar": 9.78433799744,
            "dvar2": 26.9244766235,
            "max": 63.9946670532,
            "mean": 1.37331688404,
            "median": 0.273791819811,
            "min": -1.91691470146,
            "var": 14.122964859
        },
        "erbbands_skewness": {
            "dmean": 0.552241325378,
            "dmean2": 0.867668151855,
            "dvar": 0.427909940481,
            "dvar2": 1.0460767746,
            "max": 6.67721939087,
            "mean": 0.28021979332,
            "median": 0.237566798925,
            "min": -4.97449731827,
            "var": 1.04226601124
        },
        "erbbands_spread": {
            "dmean": 14.1234827042,
            "dmean2": 22.4788036346,
            "dvar": 378.598480225,
            "dvar2": 841.431335449,
            "max": 184.10484314,
            "mean": 38.5215492249,
            "median": 30.5859775543,
            "min": 1.24789452553,
            "var": 826.635375977
        },
        "gfcc": {
            "cov": [
                [
                    23547.0761719,
                    -3599.73925781,
                    -783.508239746,
                    3030.96533203,
                    258.042419434,
                    2215.37890625,
                    966.76574707,
                    1377.54211426,
                    358.705596924,
                    483.756286621,
                    289.910552979,
                    975.163513184,
                    -199.256164551
                ],
                [
                    -3599.73925781,
                    3851.78588867,
                    852.253356934,
                    -664.410583496,
                    845.27557373,
                    -442.415863037,
                    412.25592041,
                    -92.8085403442,
                    331.13861084,
                    -252.295150757,
                    283.160766602,
                    -267.10269165,
                    301.179199219
                ],
                [
                    -783.508239746,
                    852.253356934,
                    2617.28344727,
                    663.87286377,
                    342.315673828,
                    466.261444092,
                    538.566833496,
                    88.2894439697,
                    557.429992676,
                    91.2142486572,
                    140.238327026,
                    209.030944824,
                    118.001014709
                ],
                [
                    3030.96533203,
                    -664.410583496,
                    663.87286377,
                    1343.2824707,
                    266.239013672,
                    565.049072266,
                    368.647003174,
                    323.66986084,
                    289.152435303,
                    140.281326294,
                    157.401168823,
                    210.974594116,
                    26.2243080139
                ],
                [
                    258.042419434,
                    845.27557373,
                    342.315673828,
                    266.239013672,
                    838.372741699,
                    221.604324341,
                    325.326660156,
                    143.763031006,
                    253.295394897,
                    68.2343292236,
                    129.098388672,
                    48.6941261292,
                    143.203948975
                ],
                [
                    2215.37890625,
                    -442.415863037,
                    466.261444092,
                    565.049072266,
                    221.604324341,
                    771.054199219,
                    435.394714355,
                    146.789123535,
                    187.768768311,
                    111.91230011,
                    118.24773407,
                    217.071548462,
                    14.9744825363
                ],
                [
                    966.76574707,
                    412.25592041,
                    538.566833496,
                    368.647003174,
                    325.326660156,
                    435.394714355,
                    688.711242676,
                    138.843612671,
                    167.602615356,
                    23.5475997925,
                    194.006393433,
                    147.842590332,
                    97.4313659668
                ],
                [
                    1377.54211426,
                    -92.8085403442,
                    88.2894439697,
                    323.66986084,
                    143.763031006,
                    146.789123535,
                    138.843612671,
                    301.351135254,
                    131.148574829,
                    37.4908027649,
                    73.5132827759,
                    82.2506332397,
                    39.6287460327
                ],
                [
                    358.705596924,
                    331.13861084,
                    557.429992676,
                    289.152435303,
                    253.295394897,
                    187.768768311,
                    167.602615356,
                    131.148574829,
                    349.120788574,
                    65.9082717896,
                    73.2447357178,
                    62.2988739014,
                    45.6862602234
                ],
                [
                    483.756286621,
                    -252.295150757,
                    91.2142486572,
                    140.281326294,
                    68.2343292236,
                    111.91230011,
                    23.5475997925,
                    37.4908027649,
                    65.9082717896,
                    190.738082886,
                    -1.16409516335,
                    38.1995353699,
                    12.5538625717
                ],
                [
                    289.910552979,
                    283.160766602,
                    140.238327026,
                    157.401168823,
                    129.098388672,
                    118.24773407,
                    194.006393433,
                    73.5132827759,
                    73.2447357178,
                    -1.16409516335,
                    215.596237183,
                    17.0391597748,
                    50.873966217
                ],
                [
                    975.163513184,
                    -267.10269165,
                    209.030944824,
                    210.974594116,
                    48.6941261292,
                    217.071548462,
                    147.842590332,
                    82.2506332397,
                    62.2988739014,
                    38.1995353699,
                    17.0391597748,
                    222.297485352,
                    7.61932325363
                ],
                [
                    -199.256164551,
                    301.179199219,
                    118.001014709,
                    26.2243080139,
                    143.203948975,
                    14.9744825363,
                    97.4313659668,
                    39.6287460327,
                    45.6862602234,
                    12.5538625717,
                    50.873966217,
                    7.61932325363,
                    131.850250244
                ]
            ],
            "icov": [
                [
                    0.000108344240289,
                    -6.95075432304e-05,
                    0.000123486723169,
                    -0.000174357992364,
                    9.70699475147e-05,
                    -0.000244564958848,
                    3.69829431293e-05,
                    -0.000318868318573,
                    8.34735837998e-05,
                    -0.000129547523102,
                    8.44541864353e-05,
                    -0.000212981161894,
                    0.000200658018002
                ],
                [
                    -6.95075432304e-05,
                    0.00120467122179,
                    -0.000374153110897,
                    0.00080032274127,
                    -0.000966370105743,
                    0.00103799789213,
                    -0.000703304831404,
                    0.000559404259548,
                    -0.000970257911831,
                    0.00127005879767,
                    -0.000907885492779,
                    0.000957188720349,
                    -0.000887607515324
                ],
                [
                    0.000123486723169,
                    -0.000374153110897,
                    0.000949188659433,
                    -0.000580652733333,
                    0.000531586119905,
                    -0.000419271498686,
                    -0.000160201772815,
                    0.000195146043552,
                    -0.000867242168169,
                    -0.000349472597009,
                    0.000464093434857,
                    -0.000739087990951,
                    3.46787528542e-05
                ],
                [
                    -0.000174357992364,
                    0.00080032274127,
                    -0.000580652733333,
                    0.0021491558291,
                    -0.000729859166313,
                    0.000277617335087,
                    -0.000345933600329,
                    -0.000375744188204,
                    -0.00071405665949,
                    0.00053658609977,
                    -0.00101702066604,
                    0.000687542778905,
                    -0.000320672610542
                ],
                [
                    9.70699475147e-05,
                    -0.000966370105743,
                    0.000531586119905,
                    -0.000729859166313,
                    0.00277907843702,
                    -0.000959459459409,
                    -2.43726299232e-05,
                    -0.000557968509383,
                    -0.000441344833234,
                    -0.00125037145335,
                    0.000747587357182,
                    -0.000538595428225,
                    -0.000685514474753
                ],
                [
                    -0.000244564958848,
                    0.00103799789213,
                    -0.000419271498686,
                    0.000277617335087,
                    -0.000959459459409,
                    0.00429330766201,
                    -0.00199829484336,
                    0.00139059405774,
                    -0.00126033264678,
                    0.000285080895992,
                    -0.000962460471783,
                    -0.000338671117788,
                    -6.95675544193e-06
                ],
                [
                    3.69829431293e-05,
                    -0.000703304831404,
                    -0.000160201772815,
                    -0.000345933600329,
                    -2.43726299232e-05,
                    -0.00199829484336,
                    0.00388111709617,
                    -0.000617099460214,
                    0.00113296310883,
                    -1.09208276626e-05,
                    -0.00113097112626,
                    -0.00113829004113,
                    -0.000443852302851
                ],
                [
                    -0.000318868318573,
                    0.000559404259548,
                    0.000195146043552,
                    -0.000375744188204,
                    -0.000557968509383,
                    0.00139059405774,
                    -0.000617099460214,
                    0.0067050200887,
                    -0.00241495389491,
                    0.000899908714928,
                    -0.00103738764301,
                    -0.000398848816985,
                    -0.00179635733366
                ],
                [
                    8.34735837998e-05,
                    -0.000970257911831,
                    -0.000867242168169,
                    -0.00071405665949,
                    -0.000441344833234,
                    -0.00126033264678,
                    0.00113296310883,
                    -0.00241495389491,
                    0.00721206283197,
                    -0.00183501455467,
                    0.000250614801189,
                    -0.0003434419923,
                    0.00137062463909
                ],
                [
                    -0.000129547523102,
                    0.00127005879767,
                    -0.000349472597009,
                    0.00053658609977,
                    -0.00125037145335,
                    0.000285080895992,
                    -1.09208276626e-05,
                    0.000899908714928,
                    -0.00183501455467,
                    0.00770944543183,
                    -0.000329871603753,
                    0.000861619482748,
                    -0.0018483272288
                ],
                [
                    8.44541864353e-05,
                    -0.000907885492779,
                    0.000464093434857,
                    -0.00101702066604,
                    0.000747587357182,
                    -0.000962460471783,
                    -0.00113097112626,
                    -0.00103738764301,
                    0.000250614801189,
                    -0.000329871603753,
                    0.00762983644381,
                    0.000401369354222,
                    -0.00058928958606
                ],
                [
                    -0.000212981161894,
                    0.000957188720349,
                    -0.000739087990951,
                    0.000687542778905,
                    -0.000538595428225,
                    -0.000338671117788,
                    -0.00113829004113,
                    -0.000398848816985,
                    -0.0003434419923,
                    0.000861619482748,
                    0.000401369354222,
                    0.00792949832976,
                    -0.000975285365712
                ],
                [
                    0.000200658018002,
                    -0.000887607515324,
                    3.46787528542e-05,
                    -0.000320672610542,
                    -0.000685514474753,
                    -6.95675544193e-06,
                    -0.000443852302851,
                    -0.00179635733366,
                    0.00137062463909,
                    -0.0018483272288,
                    -0.00058928958606,
                    -0.000975285365712,
                    0.0115458946675
                ]
            ],
            "mean": [
                -64.5545196533,
                92.634262085,
                -102.453445435,
                15.3511581421,
                -61.0375480652,
                12.451333046,
                -39.2833786011,
                22.2005157471,
                -16.0640583038,
                0.882188737392,
                -6.34822273254,
                0.404495894909,
                -6.08737754822
            ]
        },
        "hfc": {
            "dmean": 16.652671814,
            "dmean2": 25.5062904358,
            "dvar": 1158.13098145,
            "dvar2": 2245.87866211,
            "max": 360.883789063,
            "mean": 26.4987430573,
            "median": 16.261920929,
            "min": 1.14259172696e-16,
            "var": 1718.10314941
        },
        "melbands": {
            "dmean": [
                0.00285090878606,
                0.00170982896816,
                0.00055822962895,
                0.000142181495903,
                0.000148967927089,
                0.000130336324219,
                0.000123033081763,
                0.000119562180771,
                0.000122980156448,
                7.37461814424e-05,
                7.54852953833e-05,
                7.67951642047e-05,
                7.35950816306e-05,
                0.000102261110442,
                9.10867966013e-05,
                4.74153785035e-05,
                4.46281701443e-05,
                2.5846185963e-05,
                1.97420358745e-05,
                2.10316593439e-05,
                2.17279412027e-05,
                2.08308247238e-05,
                2.07169559872e-05,
                1.56617952598e-05,
                1.27585080918e-05,
                9.93109642877e-06,
                7.39053530197e-06,
