{
    "lowlevel": {
        "average_loudness": 0.874391078949,
        "barkbands": {
            "dmean": [
                0.0043084663339,
                0.0485025756061,
                0.00454595359042,
                0.00200622156262,
                0.00192617950961,
                0.000387798878364,
                0.000261149485596,
                0.00024995545391,
                0.000588091555983,
                0.000311222072924,
                0.000560855609365,
                0.000145377372974,
                0.000160727373441,
                0.000223904309678,
                0.000379369186703,
                0.000563128152862,
                0.000155608373461,
                0.000187134515727,
                0.000271386641543,
                0.00020329747349,
                0.000322693202179,
                0.000158427254064,
                7.72990315454e-05,
                5.4278960306e-05,
                6.10235547356e-05,
                1.86679080798e-05,
                6.35950536676e-09
            ],
            "dmean2": [
                0.00729260779917,
                0.075803399086,
                0.00850429479033,
                0.00388881727122,
                0.00352662964724,
                0.000684868835378,
                0.000459430826595,
                0.000427367485827,
                0.000920412421692,
                0.000464914832264,
                0.000793902203441,
                0.000228616525419,
                0.000252016267041,
                0.000350109941792,
                0.000615410914179,
                0.000971168570686,
                0.000247072515776,
                0.000297968217637,
                0.00042330485303,
                0.000314650009386,
                0.000486357545014,
                0.000277523387922,
                0.000131555760163,
                8.35982282297e-05,
                9.16059070732e-05,
                2.82012788375e-05,
                1.05158628472e-08
            ],
            "dvar": [
                6.05263703619e-05,
                0.00803241226822,
                0.000428427563747,
                8.77174534253e-05,
                6.03286207479e-05,
                1.41810335208e-06,
                6.78199285176e-07,
                7.4885599588e-07,
                3.10328323394e-06,
                8.52225014114e-07,
                2.65375024355e-06,
                1.64379144962e-07,
                2.43118165599e-07,
                2.53677853834e-07,
                1.21602147374e-06,
                4.02035311708e-06,
                1.74633541405e-07,
                2.68450122576e-07,
                2.64131870154e-07,
                2.06552670079e-07,
                4.67325691034e-07,
                5.13739735197e-07,
                8.27744841558e-08,
                4.31500843945e-08,
                6.50853237971e-08,
                3.22662501162e-08,
                7.79518650946e-16
            ],
            "dvar2": [
                0.000161655625561,
                0.0191538017243,
                0.00122245342936,
                0.000263053516392,
                0.000174057495315,
                4.05739319831e-06,
                1.91361618818e-06,
                1.81274549504e-06,
                7.55453129386e-06,
                1.99773421627e-06,
                4.86843100589e-06,
                3.63324602404e-07,
                5.73075851662e-07,
                5.47031561382e-07,
                3.2005907542e-06,
                1.0890984413e-05,
                3.69844343595e-07,
                6.76025763369e-07,
                6.26896053291e-07,
                5.07624804413e-07,
                1.00928457414e-06,
                1.42926762692e-06,
                2.05192009162e-07,
                9.13389683888e-08,
                1.38104752523e-07,
                8.04153117429e-08,
                1.86105928709e-15
            ],
            "max": [
                0.0761921256781,
                0.591818749905,
                0.165925979614,
                0.136039629579,
                0.0775503963232,
                0.014590954408,
                0.0137949641794,
                0.0215254817158,
                0.0353295952082,
                0.0166140478104,
                0.0416827537119,
                0.0118659576401,
                0.0142012694851,
                0.0175575986505,
                0.0289280507714,
                0.0338621884584,
                0.00682980148122,
                0.0128190349787,
                0.0107026444748,
                0.0115209445357,
                0.014947659336,
                0.00821305066347,
                0.0038803727366,
                0.00682480866089,
                0.00829412601888,
                0.0131854945794,
                1.69008262674e-06
            ],
            "mean": [
                0.0083318753168,
                0.0716296508908,
                0.0027108725626,
                0.00125130312517,
                0.00153884897009,
                0.000438312534243,
                0.000257436040556,
                0.000261981564108,
                0.000797211425379,
                0.000468726007966,
                0.000825115363114,
                0.000203638046514,
                0.000227564203669,
                0.000320413411828,
                0.000518384273164,
                0.000532986188773,
                0.000189383295947,
                0.000228780278121,
                0.000412830908317,
                0.000364343781257,
                0.000536867708433,
                0.000149365572724,
                8.67393609951e-05,
                6.72862879583e-05,
                8.757931937e-05,
                2.25639432756e-05,
                6.94412261026e-09
            ],
            "median": [
                0.00582179939374,
                0.0201480872929,
                6.92290559527e-05,
                3.62382488674e-05,
                0.000159196526511,
                0.000137490191264,
                8.55968537508e-05,
                7.57970192353e-05,
                0.000120043056086,
                6.93034453434e-05,
                0.000141952434205,
                4.50983643532e-05,
                6.00401290285e-05,
                9.55440482358e-05,
                7.31712061679e-05,
                0.000108327745693,
                3.12968404614e-05,
                4.02946025133e-05,
                0.000112478453957,
                0.000108302832814,
                0.000148018516484,
                1.73544485733e-05,
                4.59946022602e-06,
                8.10680012364e-06,
                2.07186167245e-05,
                2.51445021604e-06,
                1.17433673896e-09
            ],
            "min": [
                1.07947189845e-23,
                1.16199186096e-22,
                3.75467814171e-23,
                7.61400183794e-24,
                1.62076269252e-23,
                3.48260979737e-23,
                8.73959559362e-23,
                3.12378253068e-23,
                1.71851404449e-22,
                1.12362015191e-22,
                1.53971550177e-22,
                4.95104218692e-23,
                1.626180463e-22,
                9.69162196412e-23,
                1.64816772037e-22,
                1.9154703982e-22,
                1.80983018474e-22,
                2.53853949931e-22,
                2.69490788659e-22,
                3.03155383613e-22,
                4.61546385017e-22,
                6.61353568443e-22,
                5.19409950882e-22,
                8.58981324826e-22,
                1.11043938428e-21,
                1.55053107508e-21,
                2.36211824257e-21
            ],
            "var": [
                8.44756359584e-05,
                0.0156680010259,
                0.000245702045504,
                4.6356326493e-05,
                3.67891407222e-05,
                1.03727313672e-06,
                4.51873148677e-07,
                8.48526383379e-07,
                4.07109746448e-06,
                1.56885698743e-06,
                5.42067436982e-06,
                2.91977869438e-07,
                4.45146895345e-07,
                5.71199109345e-07,
                1.88599426565e-06,
                2.99452199215e-06,
                2.54657720689e-07,
                3.59092553026e-07,
                5.26946735135e-07,
                4.84493170916e-07,
                9.70650830823e-07,
                4.09638829524e-07,
                1.05476232193e-07,
                6.13427602048e-08,
                9.68769953147e-08,
                2.95579685172e-08,
                9.37882101287e-16
            ]
        },
        "barkbands_crest": {
            "dmean": 2.676476717,
            "dmean2": 4.40956687927,
            "dvar": 8.87241077423,
            "dvar2": 20.8881320953,
            "max": 26.5471458435,
            "mean": 14.996717453,
            "median": 15.2266950607,
            "min": 2.50166678429,
            "var": 40.6132965088
        },
        "barkbands_flatness_db": {
            "dmean": 0.0352853611112,
            "dmean2": 0.0541742295027,
            "dvar": 0.00157855788711,
            "dvar2": 0.00360615295358,
            "max": 0.573486924171,
            "mean": 0.218548804522,
            "median": 0.202077567577,
            "min": 0.0347095802426,
            "var": 0.00855676271021
        },
        "barkbands_kurtosis": {
            "dmean": 30.7203083038,
            "dmean2": 49.829750061,
            "dvar": 5504.7109375,
            "dvar2": 13387.3886719,
            "max": 884.261779785,
            "mean": 36.8385276794,
            "median": 3.42071819305,
            "min": -1.94089686871,
            "var": 8051.03173828
        },
        "barkbands_skewness": {
            "dmean": 1.63843476772,
            "dmean2": 2.51463842392,
            "dvar": 5.59216117859,
            "dvar2": 12.635427475,
            "max": 24.4685592651,
            "mean": 3.46787595749,
            "median": 1.97373139858,
            "min": -4.98105096817,
            "var": 17.4583072662
        },
        "barkbands_spread": {
            "dmean": 7.84870767593,
            "dmean2": 12.3341836929,
            "dvar": 120.318313599,
            "dvar2": 280.651184082,
            "max": 121.217483521,
            "mean": 21.2669696808,
            "median": 18.4110832214,
            "min": 0.130362838507,
            "var": 330.841186523
        },
        "dissonance": {
            "dmean": 0.017438782379,
            "dmean2": 0.0295972358435,
            "dvar": 0.000329783681082,
            "dvar2": 0.00090290751541,
            "max": 0.499999314547,
            "mean": 0.472315877676,
            "median": 0.478369832039,
            "min": 0.28388273716,
            "var": 0.000505995994899
        },
        "dynamic_complexity": 5.57310628891,
        "erbbands": {
            "dmean": [
                2.46597981453,
                6.81510305405,
                5.60608053207,
                5.92511177063,
                7.53858566284,
                5.58385038376,
                3.65208315849,
                3.26930546761,
                2.94951581955,
                5.60173034668,
                5.49603796005,
                13.9860677719,
                11.6231203079,
                11.669962883,
                19.1342334747,
                6.26781225204,
                7.27744531631,
                9.13333415985,
                14.0011205673,
                33.0998573303,
                19.8203296661,
                8.85998821259,
                9.49584388733,
                11.1225471497,
                13.0430498123,
                9.30849552155,
                16.4595222473,
                7.33063697815,
                6.79866218567,
                4.19067907333,
                1.60544002056,
                1.06272101402,
                1.00788259506,
                0.694174945354,
                0.444592148066,
                0.153747275472,
                0.0174482036382,
                0.000477366324048,
                3.82502876164e-05,
                5.79485022172e-05
            ],
            "dmean2": [
                4.11170578003,
                10.5248403549,
                9.6331949234,
                11.4616470337,
                14.2247724533,
                9.90092372894,
                6.53579950333,
                5.68188047409,
                5.06947231293,
                9.84694099426,
                9.12293338776,
                22.1971530914,
                16.8681221008,
                17.4777812958,
                27.1039733887,
                9.74233436584,
                11.3582277298,
                14.3815851212,
                21.9542446136,
                55.5674514771,
                33.4642753601,
                13.6850280762,
                15.2053127289,
                16.7958068848,
                20.208562851,
                14.1796789169,
                24.6345996857,
                11.3713064194,
                12.2473468781,
                6.68642473221,
                2.6280400753,
                1.56167435646,
                1.57937419415,
                1.07296597958,
                0.665904641151,
                0.232424885035,
                0.0258617196232,
                0.000706010963768,
                5.86173337069e-05,
                9.26576394704e-05
            ],
            "dvar": [
                22.6488513947,
                188.41847229,
                474.001373291,
                822.494873047,
                1052.26635742,
                464.041168213,
                168.551071167,
                88.5746612549,
                72.4350662231,
                310.692749023,
                385.167694092,
                2364.29443359,
                1068.18371582,
                1237.54345703,
                3123.69140625,
                196.257369995,
                573.290039063,
                418.217926025,
                1270.8692627,
                11279.1445313,
                4630.15380859,
                528.148071289,
                814.138183594,
                531.22845459,
                589.116882324,
                413.413482666,
                1266.80358887,
                255.225830078,
                999.191650391,
                325.886230469,
                32.5967483521,
                17.5937957764,
                13.4565057755,
                8.81396770477,
                3.93594408035,
                1.61591124535,
                0.00956620834768,
                6.54284121993e-06,
                1.21021850319e-08,
                9.91787185711e-09
            ],
            "dvar2": [
                60.7652702332,
                359.488677979,
                1275.87548828,
                2426.58544922,
                3134.90917969,
                1292.26452637,
                475.56036377,
                250.152267456,
                199.36882019,
                886.475219727,
                883.524719238,
                5946.69873047,
                1953.09765625,
                2824.63525391,
                5513.54882813,
                447.447174072,
                1346.92736816,
                921.734741211,
                3060.14624023,
                30917.0410156,
                12133.8076172,
                1119.03955078,
                2157.80810547,
                1140.49902344,
                1395.18127441,
                1016.77612305,
                2821.21875,
                574.566772461,
                2903.98339844,
                802.997741699,
                71.5138168335,
                37.4575233459,
                28.2877216339,
                19.0520515442,
                8.64557552338,
                3.89804625511,
                0.0202964078635,
                1.40231468322e-05,
                2.65528861121e-08,
                2.42958009267e-08
            ],
            "max": [
                26.6799488068,
                119.604164124,
                200.530502319,
                374.086486816,
                327.779418945,
                294.53237915,
                185.183105469,
                115.206710815,
                121.137390137,
                199.821166992,
                524.168334961,
                1080.0657959,
                804.865356445,
                547.857116699,
                1859.40771484,
                303.922119141,
                763.612365723,
                887.454101563,
                899.00213623,
                1909.81811523,
                1066.65441895,
                388.612548828,
                569.21697998,
                470.737091064,
                501.479614258,
                484.282836914,
                791.571777344,
                347.812774658,
                362.805664063,
                188.896896362,
                141.004592896,
                161.734603882,
                96.6645889282,
                74.2585525513,
                68.4619598389,
                90.735748291,
                4.3833937645,
                0.11230597645,
                0.00593950832263,
                0.0007403093623
            ],
            "mean": [
                3.30652356148,
                11.1058444977,
                5.19029045105,
                3.70284771919,
                5.32495498657,
                4.70417261124,
                3.42642688751,
                3.88163018227,
                3.26571965218,
                5.48213672638,
                6.3920841217,
                17.7255706787,
                20.219827652,
                17.564031601,
                29.7839946747,
                10.1916379929,
                10.8823814392,
                13.5980939865,
                21.2376213074,
                37.6260108948,
                19.8150215149,
                11.1701383591,
                11.1106433868,
                16.9868602753,
                21.5520801544,
                17.2794475555,
                27.3729190826,
                11.6167163849,
                6.14014434814,
                4.21716117859,
                1.94102978706,
                1.31228244305,
                1.2389550209,
                0.940151512623,
                0.638961315155,
                0.192424565554,
                0.0225080549717,
                0.000622086925432,
                7.01411772752e-05,
                0.000105529172288
            ],
            "median": [
                1.20712661743,
                1.3550401926,
                0.209393009543,
                0.148423269391,
                0.187160596251,
                0.554009616375,
                0.874619364738,
                1.07964587212,
                1.12983334064,
                1.77466714382,
                1.87761986256,
                2.40897965431,
                3.25082588196,
                3.39993453026,
                6.78909349442,
                3.43678998947,
                3.16854119301,
                4.54037761688,
                3.98801708221,
                7.81217861176,
                3.82238006592,
                2.23865222931,
                2.05588960648,
                3.79411053658,
                7.15229654312,
                5.63075208664,
                7.26272344589,
                3.51898550987,
                0.944579958916,
                0.225081712008,
                0.133196040988,
                0.137239456177,
                0.154158368707,
                0.194437071681,
                0.144693523645,
                0.0272861979902,
                0.00257361633703,
                8.45780596137e-05,
                2.94147175737e-05,
                4.76980494568e-05
            ],
            "min": [
                3.35640630252e-21,
                2.53160242059e-20,
                4.62334896552e-20,
                4.04893471488e-20,
                3.39127119794e-20,
                5.72589024917e-20,
                6.64343905117e-20,
                4.10327001212e-19,
                7.91253728707e-19,
                1.437051986e-18,
                1.05586182733e-18,
                4.27249870604e-18,
                4.33187248964e-18,
                4.99469272807e-18,
                3.48470181681e-18,
                2.23176286437e-18,
                5.05654102247e-18,
                8.64764639019e-18,
                4.75956994767e-18,
                8.97474421008e-18,
                1.22667857361e-17,
                1.24348771083e-17,
                1.09497537278e-17,
                1.58524829969e-17,
                1.12622542915e-17,
                1.46343850987e-17,
                2.39201905781e-17,
                1.33372335493e-17,
                2.28612240318e-17,
                2.08654423545e-17,
                1.4235837899e-17,
                1.70804557773e-17,
                1.41316975143e-17,
                1.09981264229e-17,
                8.66110958184e-18,
                5.4995384267e-18,
                3.00627564656e-18,
                1.30134690605e-18,
                3.33449584714e-19,
                3.44295738464e-20
            ],
            "var": [
                29.9315681458,
                490.994232178,
                364.456604004,
                442.216156006,
                582.038818359,
                329.819915771,
                112.225814819,
                73.7558364868,
                57.0967559814,
                203.990386963,
                501.254608154,
                2699.94946289,
                3293.76318359,
                2130.48950195,
                6349.47802734,
                407.691375732,
                1062.69128418,
                1167.53674316,
                2561.61254883,
                10033.6181641,
                3793.94677734,
                782.848449707,
                847.870849609,
                1105.61547852,
                1250.47961426,
                949.227233887,
                2513.74975586,
                470.933441162,
                704.298950195,
                338.886291504,
                48.2469558716,
                24.5337409973,
                19.1556015015,
                12.4335737228,
                5.52172470093,
                1.59335112572,
                0.0142722642049,
                9.91648175841e-06,
                2.00158467578e-08,
                2.22047376042e-08
            ]
        },
        "erbbands_crest": {
            "dmean": 3.51777625084,
            "dmean2": 5.80683374405,
            "dvar": 9.5818901062,
            "dvar2": 24.3958339691,
            "max": 30.6641216278,
            "mean": 10.496421814,
            "median": 9.33474445343,
            "min": 2.78930354118,
            "var": 21.8882846832
        },
        "erbbands_flatness_db": {
            "dmean": 0.0197707954794,
            "dmean2": 0.0302896499634,
            "dvar": 0.000318309961585,
            "dvar2": 0.000720884359907,
            "max": 0.362762629986,
            "mean": 0.175578445196,
            "median": 0.171955451369,
            "min": 0.0532460696995,
            "var": 0.0018997186562
        },
        "erbbands_kurtosis": {
            "dmean": 1.28691256046,
            "dmean2": 2.13329195976,
            "dvar": 3.00557136536,
            "dvar2": 7.7284860611,
            "max": 41.3825721741,
            "mean": 0.640021622181,
            "median": 0.0754800513387,
            "min": -1.84508502483,
            "var": 4.67699241638
        },
        "erbbands_skewness": {
            "dmean": 0.515714347363,
            "dmean2": 0.798199474812,
            "dvar": 0.243146687746,
            "dvar2": 0.576319873333,
            "max": 4.17507076263,
            "mean": -0.025998743251,
            "median": -0.0736117437482,
            "min": -5.02953910828,
            "var": 0.779920041561
        },
        "erbbands_spread": {
            "dmean": 11.8662595749,
            "dmean2": 18.9202194214,
            "dvar": 188.617080688,
            "dvar2": 464.418640137,
            "max": 224.019287109,
            "mean": 39.6410446167,
            "median": 33.0207443237,
            "min": 2.16321873665,
            "var": 549.187866211
        },
        "gfcc": {
            "cov": [
                [
                    11836.2460938,
                    -717.020996094,
                    1005.59649658,
                    1119.2635498,
                    272.055603027,
                    685.49041748,
                    503.303344727,
                    904.520446777,
                    -93.0773925781,
                    657.079162598,
                    -229.074371338,
                    71.3760681152,
                    428.640533447
                ],
                [
                    -717.020996094,
                    1865.42895508,
                    457.341918945,
                    -131.415328979,
                    490.737579346,
                    -173.422180176,
                    305.82208252,
                    -215.796737671,
                    125.560920715,
                    -142.810455322,
                    168.189544678,
                    -218.176483154,
                    79.9562759399
                ],
                [
                    1005.59649658,
                    457.341918945,
                    1376.22460938,
                    311.60144043,
                    348.248291016,
                    198.49017334,
                    92.1834335327,
                    93.794921875,
                    186.758407593,
                    -12.292098999,
                    67.4943237305,
                    -28.3955802917,
                    -8.81184577942
                ],
                [
                    1119.2635498,
                    -131.415328979,
                    311.60144043,
                    519.829833984,
                    106.152046204,
                    85.2715148926,
                    75.4473342896,
                    73.3593139648,
                    127.588676453,
                    -8.38834571838,
                    30.2191562653,
                    25.8764362335,
                    11.7239818573
                ],
                [
                    272.055603027,
                    490.737579346,
                    348.248291016,
                    106.152046204,
                    508.217071533,
                    75.7889328003,
                    262.818817139,
                    48.7720527649,
                    121.326286316,
                    43.7964439392,
                    42.6423912048,
                    -31.9279670715,
                    85.0931549072
                ],
                [
                    685.49041748,
                    -173.422180176,
                    198.49017334,
                    85.2715148926,
                    75.7889328003,
                    362.671722412,
                    63.9508094788,
                    44.6460380554,
                    108.18094635,
                    28.0502300262,
                    17.2579555511,
                    56.1071014404,
                    -4.51509809494
                ],
                [
                    503.303344727,
                    305.82208252,
                    92.1834335327,
                    75.4473342896,
                    262.818817139,
                    63.9508094788,
                    400.667022705,
                    95.4472503662,
                    30.0881919861,
                    81.6945037842,
                    23.8473377228,
                    -35.6562614441,
                    104.356292725
                ],
                [
                    904.520446777,
                    -215.796737671,
                    93.794921875,
                    73.3593139648,
                    48.7720527649,
                    44.6460380554,
                    95.4472503662,
                    262.651916504,
                    7.89245080948,
                    121.451095581,
                    -48.5156860352,
                    19.1662254333,
                    77.3253631592
                ],
                [
                    -93.0773925781,
                    125.560920715,
                    186.758407593,
                    127.588676453,
                    121.326286316,
                    108.18094635,
                    30.0881919861,
                    7.89245080948,
                    305.237121582,
                    -34.9952278137,
                    43.9147949219,
                    16.2900924683,
                    -6.34775829315
                ],
                [
                    657.079162598,
                    -142.810455322,
                    -12.292098999,
                    -8.38834571838,
                    43.7964439392,
                    28.0502300262,
                    81.6945037842,
                    121.451095581,
                    -34.9952278137,
                    221.247741699,
                    -28.1735744476,
                    2.51233482361,
                    81.6485977173
                ],
                [
                    -229.074371338,
                    168.189544678,
                    67.4943237305,
                    30.2191562653,
                    42.6423912048,
                    17.2579555511,
                    23.8473377228,
                    -48.5156860352,
                    43.9147949219,
                    -28.1735744476,
                    138.142349243,
                    21.5534610748,
                    -16.5900669098
                ],
                [
                    71.3760681152,
                    -218.176483154,
                    -28.3955802917,
                    25.8764362335,
                    -31.9279670715,
                    56.1071014404,
                    -35.6562614441,
                    19.1662254333,
                    16.2900924683,
                    2.51233482361,
                    21.5534610748,
                    165.604644775,
                    -6.05576086044
                ],
                [
                    428.640533447,
                    79.9562759399,
                    -8.81184577942,
                    11.7239818573,
                    85.0931549072,
                    -4.51509809494,
                    104.356292725,
                    77.3253631592,
                    -6.34775829315,
                    81.6485977173,
                    -16.5900669098,
                    -6.05576086044,
                    166.936325073
                ]
            ],
            "icov": [
                [
                    0.00021432916401,
                    -0.000227872165851,
                    1.40850688695e-05,
                    -0.000549470307305,
                    0.000190985578229,
                    -0.000478793022921,
                    0.00012976511789,
                    -0.000494026171509,
                    0.000379922363209,
                    -0.000407729472499,
                    0.000348601111909,
                    -0.000101092846307,
                    -0.000119598669698
                ],
                [
                    -0.000227872165851,
                    0.00216452311724,
                    -0.000660037156194,
                    0.00160881946795,
                    -0.0011345022358,
                    0.00167109852191,
                    -0.00122163910419,
                    0.00191228149924,
                    -0.000979992910288,
                    0.0014733877033,
                    -0.00177102047019,
                    0.00158497935627,
                    -0.000974457478151
                ],
                [
                    1.40850688695e-05,
                    -0.000660037156194,
                    0.00135685550049,
                    -0.000823033042252,
                    -0.000519836321473,
                    -0.000857823935803,
                    0.000891558476724,
                    -0.00103683490306,
                    0.000223756913329,
                    -0.000176874003955,
                    7.00235832483e-05,
                    -1.57527883857e-05,
                    0.000675501476508
                ],
                [
                    -0.000549470307305,
                    0.00160881946795,
                    -0.000823033042252,
                    0.00445439154282,
                    -0.000825221242849,
                    0.00185123633128,
                    -0.00128919212148,
                    0.00142002000939,
                    -0.0019814861007,
                    0.00197591283359,
                    -0.00180600001477,
                    0.000680255936459,
                    -0.00029367703246
                ],
                [
                    0.000190985578229,
                    -0.0011345022358,
                    -0.000519836321473,
                    -0.000825221242849,
                    0.00467139948159,
                    -0.000766468292568,
                    -0.00167840300128,
                    -0.00040505931247,
                    -0.000448829843663,
                    -0.00110938225407,
                    0.000910557166208,
                    -0.00076691666618,
                    -0.000493353116326
                ],
                [
                    -0.000478793022921,
                    0.00167109852191,
                    -0.000857823935803,
                    0.00185123633128,
                    -0.000766468292568,
                    0.00541464146227,
                    -0.00168453634251,
                    0.00200222851709,
                    -0.00227748951875,
                    0.00089483789634,
                    -0.0012890418293,
                    -0.000217487395275,
                    0.000256197206909
                ],
                [
                    0.00012976511789,
                    -0.00122163910419,
                    0.000891558476724,
                    -0.00128919212148,
                    -0.00167840300128,
                    -0.00168453634251,
                    0.00554104521871,
                    -0.00223517697304,
                    0.00118936691433,
                    -0.00103087176103,
                    -0.000179304712219,
                    0.000284648645902,
                    -0.000687078165356
                ],
                [
                    -0.000494026171509,
                    0.00191228149924,
                    -0.00103683490306,
                    0.00142002000939,
                    -0.00040505931247,
                    0.00200222851709,
                    -0.00223517697304,
                    0.00868658348918,
                    -0.00167377968319,
                    -0.0010031509446,
                    0.000461586168967,
                    0.000147567101521,
                    -0.00168939784635
                ],
                [
                    0.000379922363209,
                    -0.000979992910288,
                    0.000223756913329,
                    -0.0019814861007,
                    -0.000448829843663,
                    -0.00227748951875,
                    0.00118936691433,
                    -0.00167377968319,
                    0.00539424736053,
                    -0.0001303395984,
                    0.00012876575056,
                    -0.00051347236149,
                    0.000106844534457
                ],
                [
                    -0.000407729472499,
                    0.0014733877033,
                    -0.000176874003955,
                    0.00197591283359,
                    -0.00110938225407,
                    0.00089483789634,
                    -0.00103087176103,
                    -0.0010031509446,
                    -0.0001303395984,
                    0.00842802878469,
                    -0.00145856570452,
                    0.00114414165728,
                    -0.0023386545945
                ],
                [
                    0.000348601111909,
                    -0.00177102047019,
                    7.00235832483e-05,
                    -0.00180600001477,
                    0.000910557166208,
                    -0.0012890418293,
                    -0.000179304712219,
                    0.000461586168967,
                    0.00012876575056,
                    -0.00145856570452,
                    0.0106763308868,
                    -0.0030069258064,
                    0.00115317106247
                ],
                [
                    -0.000101092846307,
                    0.00158497935627,
                    -1.57527883857e-05,
                    0.000680255936459,
                    -0.00076691666618,
                    -0.000217487395275,
                    0.000284648645902,
                    0.000147567101521,
                    -0.00051347236149,
                    0.00114414165728,
                    -0.0030069258064,
                    0.00841982383281,
                    -0.000981946126558
                ],
                [
                    -0.000119598669698,
                    -0.000974457478151,
                    0.000675501476508,
                    -0.00029367703246,
                    -0.000493353116326,
                    0.000256197206909,
                    -0.000687078165356,
                    -0.00168939784635,
                    0.000106844534457,
                    -0.0023386545945,
                    0.00115317106247,
                    -0.000981946126558,
                    0.00951774325222
                ]
            ],
            "mean": [
                -55.3916969299,
                89.130859375,
                -125.988487244,
                46.9702110291,
                -41.1849250793,
                24.7264289856,
                -17.0101661682,
                23.8205528259,
                -21.70936203,
                21.407951355,
                -5.45903682709,
                -1.82625627518,
                14.0924320221
            ]
        },
        "hfc": {
            "dmean": 8.68971729279,
            "dmean2": 12.9782037735,
            "dvar": 208.431060791,
            "dvar2": 460.279846191,
            "max": 280.827392578,
            "mean": 20.1916656494,
            "median": 12.9881677628,
            "min": 1.19275645917e-16,
            "var": 491.43939209
        },
        "melbands": {
            "dmean": [
                0.0167903192341,
                0.00399676058441,
                0.00110387941822,
                0.000491501414217,
                0.000143024415593,
                7.13674962753e-05,
                4.80983799207e-05,
                6.16339893895e-05,
                4.70880659122e-05,
                9.12802861421e-05,
                5.6006363593e-05,
                4.49930994364e-05,
                7.85483498476e-05,
                2.23591505346e-05,
                1.56317455549e-05,
                1.46296852108e-05,
                1.75655295607e-05,
                2.26984011533e-05,
                3.3132826502e-05,
                4.94469204568e-05,
                1.92999050341e-05,
                9.14433258004e-06,
                8.84184737515e-06,
                9.06663717615e-06,
                9.47083026404e-06,
                1.25726828628e-05,
                7.62422450862e-06,
