{
    "lowlevel": {
        "average_loudness": 0.871124923229,
        "barkbands": {
            "dmean": [
                0.00131725159008,
                0.0144070731476,
                0.00538275111467,
                0.0019121048972,
                0.00240361550823,
                0.00145935313776,
                0.00136468559504,
                0.00123622035608,
                0.000668800901622,
                0.000517904292792,
                0.000373574323021,
                0.000455157103715,
                0.000247696705628,
                0.000243681206484,
                0.000227912256378,
                0.000164417302585,
                0.000142399789183,
                0.000142478922498,
                7.57827656344e-05,
                7.36723595764e-05,
                6.74453403917e-05,
                9.96804883471e-05,
                0.000213809515117,
                0.000184476273716,
                0.000129548090626,
                5.19866152899e-05,
                3.25711630467e-06
            ],
            "dmean2": [
                0.00162268581335,
                0.0183621551841,
                0.00892937649041,
                0.00339088658802,
                0.00405765417963,
                0.00242008804344,
                0.00218313722871,
                0.0018804371357,
                0.00100622267928,
                0.000731423206162,
                0.000552215147763,
                0.00070323899854,
                0.000393032241846,
                0.000385033141356,
                0.000346990971593,
                0.000261829729425,
                0.000215401974856,
                0.000227863769396,
                0.000112482433906,
                0.000111130371806,
                9.52950504143e-05,
                0.000150640946231,
                0.000351443974068,
                0.00029338063905,
                0.000196598091861,
                7.90623089415e-05,
                5.37792266186e-06
            ],
            "dvar": [
                9.31748127186e-06,
                0.00127810891718,
                0.000441909069195,
                4.90981146868e-05,
                4.86662647745e-05,
                1.04277341961e-05,
                7.4946933637e-06,
                6.52396738587e-06,
                1.82096653134e-06,
                1.93051937458e-06,
                9.76913383965e-07,
                1.72431725787e-06,
                4.67638500368e-07,
                3.5724309555e-07,
                2.87461858761e-07,
                1.50086577833e-07,
                9.95466677978e-08,
                1.40175600905e-07,
                3.5253474806e-08,
                3.64776546746e-08,
                3.10422336725e-08,
                5.14927691597e-08,
                1.4070458576e-07,
                1.09210340327e-07,
                7.5241388231e-08,
                9.28733001615e-09,
                1.13842948957e-10
            ],
            "dvar2": [
                1.72039235622e-05,
                0.00269561680034,
                0.00110515556298,
                0.000136223839945,
                0.000132664281409,
                2.77563885902e-05,
                1.7575086531e-05,
                1.38266968861e-05,
                3.94222479372e-06,
                2.84500879388e-06,
                1.91307731257e-06,
                3.59448222298e-06,
                1.01448722489e-06,
                8.36321589759e-07,
                6.4519906573e-07,
                3.60981118774e-07,
                2.21677254331e-07,
                3.1628007946e-07,
                6.36021866285e-08,
                8.02282684731e-08,
                5.85012251975e-08,
                9.15036295623e-08,
                3.16165113645e-07,
                2.23046725978e-07,
                1.48489505136e-07,
                1.80691053231e-08,
                2.46463016662e-10
            ],
            "max": [
                0.0325923934579,
                0.39585006237,
                0.184924200177,
                0.0914273113012,
                0.0748373642564,
                0.0362287722528,
                0.0635421425104,
                0.0558205097914,
                0.0260496325791,
                0.0488788411021,
                0.0249594580382,
                0.0303306225687,
                0.0189049560577,
                0.00995052047074,
                0.0113933058456,
                0.00529644405469,
                0.00426593935117,
                0.00542005058378,
                0.00264471489936,
                0.00374485715292,
                0.00339323864318,
                0.00533243082464,
                0.00541739538312,
                0.00620617484674,
                0.00806775037199,
                0.00322523689829,
                0.000644455139991
            ],
            "mean": [
                0.005751601886,
                0.0598143041134,
                0.0044716396369,
                0.00190036941785,
                0.00284196203575,
                0.0019813159015,
                0.00182201655116,
                0.00184053275734,
                0.00107533007395,
                0.000794913270511,
                0.000522711721715,
                0.000522693560924,
                0.000297256046906,
                0.000298510189168,
                0.000302752567222,
                0.000210574260564,
                0.000196130902623,
                0.000185632612556,
                0.000105340383016,
                9.7927331808e-05,
                8.88190334081e-05,
                0.000137448761961,
                0.000221895315917,
                0.000217824970605,
                0.00017074290372,
                6.78415308357e-05,
                3.10485256705e-06
            ],
            "median": [
                0.000279969652183,
                0.0188980009407,
                0.000162902462762,
                0.000432718516095,
                0.000899301609024,
                0.000842775742058,
                0.000693116686307,
                0.000557522929739,
                0.000302424450638,
                0.000168484082678,
                0.000107814179501,
                0.000111982764793,
                4.36338777945e-05,
                4.81941860926e-05,
                5.07464610564e-05,
                3.50090340362e-05,
                3.77939250029e-05,
                3.64148691006e-05,
                2.3333077479e-05,
                1.79240742e-05,
                1.68006645254e-05,
                3.77911419491e-05,
                5.59442996746e-05,
                6.68965658406e-05,
                5.83230539632e-05,
                2.45815244853e-05,
                6.19060472218e-07
            ],
            "min": [
                3.86555948391e-23,
                1.12874588608e-23,
                1.57929779676e-23,
                3.00015035635e-23,
                1.00386778484e-22,
                7.98487027749e-23,
                3.05120006988e-23,
                5.51247291544e-23,
                8.70194988904e-23,
                6.44694618417e-23,
                1.05798818678e-22,
                6.15122053237e-23,
                8.48189493072e-23,
                1.01977917241e-22,
                4.81818065554e-23,
                1.63153550326e-22,
                1.94365052922e-22,
                2.03433873619e-22,
                1.78837165351e-22,
                1.96160020715e-22,
                4.16687967414e-22,
                6.5276788403e-22,
                5.3738295385e-22,
                8.32948359595e-22,
                1.29736120008e-21,
                1.64824087617e-21,
                2.25462474872e-21
            ],
            "var": [
                7.05061393091e-05,
                0.00516164163128,
                0.000343043648172,
                3.24972133967e-05,
                3.98548327212e-05,
                1.13536671051e-05,
                1.21669390865e-05,
                1.31240640258e-05,
                4.57271607956e-06,
                5.37103233e-06,
                1.79234245934e-06,
                2.09862946576e-06,
                6.19521358658e-07,
                4.92407764341e-07,
                4.99911834595e-07,
                2.03119213893e-07,
                1.58107354764e-07,
                1.93119618075e-07,
                5.85953188192e-08,
                5.87485047276e-08,
                4.86009277267e-08,
                8.46590637593e-08,
                1.79214652007e-07,
                1.78659519179e-07,
                1.33488953225e-07,
                1.6794356128e-08,
                1.34194572121e-10
            ]
        },
        "barkbands_crest": {
            "dmean": 2.34483575821,
            "dmean2": 3.47740602493,
            "dvar": 7.274102211,
            "dvar2": 15.0382642746,
            "max": 26.5527095795,
            "mean": 15.665312767,
            "median": 16.359960556,
            "min": 2.41338896751,
            "var": 41.3057289124
        },
        "barkbands_flatness_db": {
            "dmean": 0.0330418236554,
            "dmean2": 0.0450948216021,
            "dvar": 0.00115751684643,
            "dvar2": 0.00200298265554,
            "max": 0.575917363167,
            "mean": 0.218499720097,
            "median": 0.206541374326,
            "min": 0.0311792511493,
            "var": 0.00782312452793
        },
        "barkbands_kurtosis": {
            "dmean": 19.5196800232,
            "dmean2": 30.3423442841,
            "dvar": 1771.1986084,
            "dvar2": 4314.36376953,
            "max": 792.930114746,
            "mean": 31.6673316956,
            "median": 11.836016655,
            "min": -1.93553233147,
            "var": 3096.87792969
        },
        "barkbands_skewness": {
            "dmean": 1.22508895397,
            "dmean2": 1.77766728401,
            "dvar": 2.16615700722,
            "dvar2": 4.68412637711,
            "max": 23.6196193695,
            "mean": 3.72679615021,
            "median": 3.01962590218,
            "min": -9.06353855133,
            "var": 9.06899356842
        },
        "barkbands_spread": {
            "dmean": 6.29170560837,
            "dmean2": 9.5973072052,
            "dvar": 100.316429138,
            "dvar2": 208.657455444,
            "max": 113.896507263,
            "mean": 14.0252904892,
            "median": 8.8887014389,
            "min": 0.126559376717,
            "var": 234.490570068
        },
        "dissonance": {
            "dmean": 0.0315746441483,
            "dmean2": 0.0516591817141,
            "dvar": 0.000858937448356,
            "dvar2": 0.00218853144906,
            "max": 0.500000238419,
            "mean": 0.433975309134,
            "median": 0.444755941629,
            "min": 0.0867459625006,
            "var": 0.00234665907919
        },
        "dynamic_complexity": 3.02744102478,
        "erbbands": {
            "dmean": [
                0.676385700703,
                2.6124753952,
                6.13866567612,
                6.41372585297,
                5.72070264816,
                8.37566566467,
                13.6878147125,
                10.5990991592,
                15.7509002686,
                26.0346031189,
                21.7790603638,
                15.3855886459,
                19.1259918213,
                10.8971910477,
                16.0583629608,
                19.7194824219,
                11.2170095444,
                12.2966899872,
                10.6444721222,
                9.7375831604,
                8.63086223602,
                7.50069046021,
                7.97371339798,
                4.68989562988,
                3.38048386574,
                3.49342656136,
                3.00802111626,
                2.69063162804,
                3.68106484413,
                4.46798849106,
                5.97057771683,
                4.6215171814,
                2.76798534393,
                1.68947887421,
                0.830404579639,
                0.303258001804,
                0.0888539552689,
                0.0116380080581,
                0.000464137177914,
                3.35724653269e-05
            ],
            "dmean2": [
                0.793511688709,
                3.62523889542,
                10.0536603928,
                11.0287532806,
                9.98657131195,
                14.1495857239,
                22.8825702667,
                17.4544029236,
                25.8172092438,
                39.866519928,
                33.1925468445,
                22.6631793976,
                26.6686248779,
                16.2642822266,
                23.1890449524,
                29.9540157318,
                17.7335910797,
                19.364118576,
                15.9820461273,
                14.471206665,
                13.5699453354,
                11.1649217606,
                12.7015247345,
                6.86756086349,
                4.98458099365,
                5.2729549408,
                4.5617609024,
                3.81757116318,
                5.53341341019,
                7.12853193283,
                9.80326652527,
                7.46915769577,
                4.33946371078,
                2.5723118782,
                1.27444171906,
                0.453697860241,
                0.140262424946,
                0.0183924287558,
                0.000756976078264,
                5.06536962348e-05
            ],
            "dvar": [
                2.97768878937,
                51.0973243713,
                570.879882813,
                570.161132813,
                335.398590088,
                564.346618652,
                1474.59533691,
                469.379699707,
                970.326538086,
                2886.81005859,
                1711.26428223,
                1078.17272949,
                2853.59106445,
                692.702819824,
                2142.40600586,
                3182.36425781,
                927.687927246,
                899.811706543,
                551.399475098,
                593.627685547,
                420.143280029,
                265.293243408,
                427.037109375,
                146.409393311,
                66.5636367798,
                82.3985900879,
                66.9187164307,
                48.5191040039,
                80.9368286133,
                69.7521133423,
                106.430778503,
                63.3564796448,
                28.1867961884,
                13.5990819931,
                2.95877766609,
                0.355217248201,
                0.0246247556061,
                0.000607626629062,
                3.22167829836e-06,
                3.895451961e-09
            ],
            "dvar2": [
                4.9649438858,
                126.468238831,
                1425.12731934,
                1527.72729492,
                919.423034668,
                1517.06408691,
                4020.20410156,
                1214.06420898,
                2462.16357422,
                6332.30712891,
                3867.2409668,
                2259.86499023,
                4024.65234375,
                1435.52246094,
                4341.61865234,
                6558.48828125,
                1994.45605469,
                2074.03808594,
                1202.56665039,
                1352.72424316,
                981.560302734,
                551.62097168,
                946.587402344,
                293.60269165,
                122.881149292,
                189.912322998,
                137.763916016,
                90.5128707886,
                151.449386597,
                136.561889648,
                238.174087524,
                137.227462769,
                56.6917915344,
                27.8389167786,
                5.95129966736,
                0.684945940971,
                0.0522201731801,
                0.00122846290469,
                6.96762072039e-06,
                8.90069795645e-09
            ],
            "max": [
                20.0871276855,
                72.8752288818,
                207.153915405,
                216.651702881,
                263.176574707,
                281.728820801,
                397.632720947,
                314.331542969,
                408.858062744,
                1087.8651123,
                830.24230957,
                721.284118652,
                1924.36865234,
                998.780822754,
                1142.02514648,
                1475.21118164,
                847.736816406,
                569.484191895,
                502.586242676,
                584.398071289,
                307.276672363,
                212.137695313,
                286.118591309,
                149.889373779,
                113.522293091,
                107.844665527,
                132.367660522,
                138.04737854,
                237.235153198,
                153.026824951,
                159.362030029,
                151.045959473,
                104.797164917,
                100.591156006,
                55.0139961243,
                15.3159818649,
                5.23915529251,
                1.13758862019,
                0.100760251284,
                0.00227510998957
            ],
            "mean": [
                2.94119882584,
                8.50606632233,
                6.04678535461,
                6.31624221802,
                6.03944540024,
                10.0146751404,
                17.1062984467,
                14.5738019943,
                21.0393295288,
                38.9167556763,
                34.188621521,
                26.2935218811,
                30.970916748,
                16.6809387207,
                20.8399982452,
                23.457233429,
                14.5124607086,
                16.1061611176,
                14.8311195374,
                13.6093530655,
                11.9623746872,
                10.9066801071,
                10.6938753128,
                6.43310689926,
                4.82643842697,
                4.51538944244,
                4.09301328659,
                3.52209997177,
                4.89800405502,
                5.48971223831,
                6.26791667938,
                5.08111000061,
                3.34718084335,
                2.14565563202,
                1.08508872986,
                0.410578638315,
                0.104473017156,
                0.0134016554803,
                0.000499148038216,
                0.000110766246507
            ],
            "median": [
                0.60320186615,
                2.62227320671,
                0.590938091278,
                0.98004168272,
                2.02759861946,
                2.52696275711,
                5.5770149231,
                6.41691207886,
                8.68955039978,
                13.146651268,
                13.7798528671,
                8.64329338074,
                6.68748140335,
                4.6772942543,
                4.04563856125,
                5.37531995773,
                2.83390927315,
                3.05463933945,
                2.93275332451,
                2.62925720215,
                2.27283000946,
                2.24846982956,
                2.19221448898,
                1.54878997803,
                1.17901170254,
                0.890045046806,
                0.587017595768,
                0.809641718864,
                1.25902366638,
                1.47489082813,
                1.6224591732,
                1.43166136742,
                1.05388557911,
                0.670087814331,
                0.365319669247,
                0.150867044926,
                0.0344141200185,
                0.00399389490485,
                0.000155493660714,
                9.48382585193e-05
            ],
            "min": [
                2.661322102e-22,
                3.45006330231e-21,
                1.92042677719e-20,
                4.78152173139e-20,
                1.99142672647e-19,
                2.6800812113e-19,
                4.49258127495e-19,
                8.5932640212e-19,
                6.87582924042e-19,
                5.80961152541e-19,
                1.37779948776e-18,
                1.52483342658e-18,
                3.00509401905e-18,
                2.87660081667e-18,
                3.2938110721e-18,
                2.72673285368e-18,
                3.87521998785e-18,
                4.52787500373e-18,
                3.78290001405e-18,
                3.01683729541e-18,
                1.16329627276e-17,
                1.18598459619e-17,
                1.01390646152e-17,
                9.7136803677e-18,
                9.37712373751e-18,
                9.53767866723e-18,
                1.42793558711e-17,
                1.82657940146e-17,
                2.15835013006e-17,
                1.94179126784e-17,
                1.60037528243e-17,
                1.64613739546e-17,
                1.56726655123e-17,
                1.23309269751e-17,
                9.99546109773e-18,
                6.03608499513e-18,
                3.1161765171e-18,
                1.1794913111e-18,
                3.27316712556e-19,
                3.23462613126e-20
            ],
            "var": [
                13.1700563431,
                139.170089722,
                463.38079834,
                402.674835205,
                241.832519531,
                519.292297363,
                1381.92932129,
                529.25592041,
                1239.5501709,
                5396.15332031,
                3446.83349609,
                2915.81103516,
                8243.09960938,
                1500.17980957,
                3272.06274414,
                4004.82568359,
                1256.88452148,
                1352.54199219,
                941.690673828,
                909.406677246,
                608.722167969,
                464.992950439,
                605.258911133,
                226.565948486,
                107.09311676,
                118.042167664,
                109.972984314,
                73.485458374,
                122.228408813,
                108.662101746,
                139.661712646,
                93.1646118164,
                47.4585227966,
                22.7519817352,
                5.14000749588,
                0.654411673546,
                0.0387037657201,
                0.000921383092646,
                3.81515746994e-06,
                1.09798152792e-08
            ]
        },
        "erbbands_crest": {
            "dmean": 3.13544797897,
            "dmean2": 4.98474407196,
            "dvar": 8.44142723083,
            "dvar2": 19.9839229584,
            "max": 31.261259079,
            "mean": 10.0000104904,
            "median": 8.96968269348,
            "min": 2.56418919563,
            "var": 20.0193252563
        },
        "erbbands_flatness_db": {
            "dmean": 0.0239458400756,
            "dmean2": 0.0349459610879,
            "dvar": 0.000530423712917,
            "dvar2": 0.0010572503088,
            "max": 0.450976788998,
            "mean": 0.163282290101,
            "median": 0.154234394431,
            "min": 0.05369316414,
            "var": 0.00332846096717
        },
        "erbbands_kurtosis": {
            "dmean": 2.05833411217,
            "dmean2": 3.25989103317,
            "dvar": 7.13118600845,
            "dvar2": 16.5542926788,
            "max": 43.2065124512,
            "mean": 2.04450368881,
            "median": 0.824841022491,
            "min": -1.90412414074,
            "var": 14.37931633
        },
        "erbbands_skewness": {
            "dmean": 0.579367697239,
            "dmean2": 0.874985992908,
            "dvar": 0.319407224655,
            "dvar2": 0.68767786026,
            "max": 5.6832113266,
            "mean": 0.874057590961,
            "median": 0.828272759914,
            "min": -3.75947093964,
            "var": 0.907877027988
        },
        "erbbands_spread": {
            "dmean": 17.79296875,
            "dmean2": 27.9827651978,
            "dvar": 571.057617188,
            "dvar2": 1321.19604492,
            "max": 210.43711853,
            "mean": 44.7240447998,
            "median": 35.8563041687,
            "min": 2.87952494621,
            "var": 1023.91174316
        },
        "gfcc": {
            "cov": [
                [
                    8513.10839844,
                    -1138.28320313,
                    681.400085449,
                    1346.81323242,
                    541.023254395,
                    1252.19445801,
                    265.451324463,
                    828.589782715,
                    286.347625732,
                    568.982421875,
                    61.3940010071,
                    341.731781006,
                    -30.3014717102
                ],
                [
                    -1138.28320313,
                    2437.17431641,
                    726.210083008,
                    217.293441772,
                    882.721862793,
                    179.016769409,
                    653.533813477,
                    100.234474182,
                    405.578948975,
                    -23.2623806,
                    369.414367676,
                    -63.0807723999,
                    169.830123901
                ],
                [
                    681.400085449,
                    726.210083008,
                    2302.65454102,
                    980.465759277,
                    675.907165527,
                    825.785583496,
                    615.689941406,
                    356.4453125,
                    409.043304443,
                    227.121261597,
                    321.839080811,
                    173.042251587,
                    89.7135848999
                ],
                [
                    1346.81323242,
                    217.293441772,
                    980.465759277,
                    1137.5793457,
                    663.234375,
                    534.521911621,
                    414.879821777,
                    349.171539307,
                    357.240936279,
                    198.680831909,
                    227.049331665,
                    133.562088013,
                    136.842529297
                ],
                [
                    541.023254395,
                    882.721862793,
                    675.907165527,
                    663.234375,
                    965.238464355,
                    496.418334961,
                    524.176696777,
                    303.587982178,
                    394.271118164,
                    185.659759521,
                    268.303253174,
                    56.3570671082,
                    149.346939087
                ],
                [
                    1252.19445801,
                    179.016769409,
                    825.785583496,
                    534.521911621,
                    496.418334961,
                    750.611877441,
                    462.220428467,
                    281.883911133,
                    266.812805176,
                    221.392211914,
                    186.562988281,
                    112.904449463,
                    47.3393821716
                ],
                [
                    265.451324463,
                    653.533813477,
                    615.689941406,
                    414.879821777,
                    524.176696777,
                    462.220428467,
                    688.757873535,
                    245.36126709,
                    251.789047241,
                    137.048706055,
                    239.64793396,
                    82.1987228394,
                    97.072769165
                ],
                [
                    828.589782715,
                    100.234474182,
                    356.4453125,
                    349.171539307,
                    303.587982178,
                    281.883911133,
                    245.36126709,
                    344.571929932,
                    194.210189819,
                    129.908966064,
                    126.704826355,
                    66.6564254761,
                    45.0505065918
                ],
                [
                    286.347625732,
                    405.578948975,
                    409.043304443,
                    357.240936279,
                    394.271118164,
                    266.812805176,
                    251.789047241,
                    194.210189819,
                    351.601409912,
                    126.520050049,
                    132.735366821,
                    47.3470535278,
                    81.9196090698
                ],
                [
                    568.982421875,
                    -23.2623806,
                    227.121261597,
                    198.680831909,
                    185.659759521,
                    221.392211914,
                    137.048706055,
                    129.908966064,
                    126.520050049,
                    205.789550781,
                    83.0972824097,
                    52.8908615112,
                    37.1084709167
                ],
                [
                    61.3940010071,
                    369.414367676,
                    321.839080811,
                    227.049331665,
                    268.303253174,
                    186.562988281,
                    239.64793396,
                    126.704826355,
                    132.735366821,
                    83.0972824097,
                    256.193939209,
                    70.5973739624,
                    50.7763175964
                ],
                [
                    341.731781006,
                    -63.0807723999,
                    173.042251587,
                    133.562088013,
                    56.3570671082,
                    112.904449463,
                    82.1987228394,
                    66.6564254761,
                    47.3470535278,
                    52.8908615112,
                    70.5973739624,
                    145.699829102,
                    45.9266319275
                ],
                [
                    -30.3014717102,
                    169.830123901,
                    89.7135848999,
                    136.842529297,
                    149.346939087,
                    47.3393821716,
                    97.072769165,
                    45.0505065918,
                    81.9196090698,
                    37.1084709167,
                    50.7763175964,
                    45.9266319275,
                    133.466400146
                ]
            ],
            "icov": [
                [
                    0.0003036071721,
                    -0.000158569746418,
                    0.000237686690525,
                    -0.000419821008109,
                    0.00016865998623,
                    -0.000614606309682,
                    0.000355118594598,
                    -0.000577308353968,
                    0.000391153153032,
                    -0.000441142445197,
                    0.000458451744635,
                    -0.000516409345437,
                    0.000393077847548
                ],
                [
                    -0.000158569746418,
                    0.00159242760856,
                    -0.000605381152127,
                    0.00109624525066,
                    -0.00135961873457,
                    0.00117910443805,
                    -0.00104502926115,
                    0.000930095731746,
                    -0.00121818250045,
                    0.001413215301,
                    -0.0014353817096,
                    0.00138391018845,
                    -0.000805400253739
                ],
                [
                    0.000237686690525,
                    -0.000605381152127,
                    0.00123636063654,
                    -0.00110537884757,
                    0.00071395537816,
                    -0.00139392795973,
                    0.000416824070271,
                    -0.000440314179286,
                    0.000351294060238,
                    -0.000449776329333,
                    0.000399364187615,
                    -0.000877974089235,
                    0.000727151054889
                ],
                [
                    -0.000419821008109,
                    0.00109624525066,
                    -0.00110537884757,
                    0.0032639678102,
                    -0.00176014844328,
                    0.00109932757914,
                    -0.000618996389676,
                    0.000360940292012,
                    -0.00134240591433,
                    0.0013195752399,
                    -0.00119004352018,
                    0.00081781251356,
                    -0.00155733374413
                ],
                [
                    0.00016865998623,
                    -0.00135961873457,
                    0.00071395537816,
                    -0.00176014844328,
                    0.00442305812612,
                    -0.00173334917054,
                    0.000146574544488,
                    -0.000950438668951,
                    -0.000370238354662,
                    -0.00114721164573,
                    0.000118796509923,
                    0.00046087327064,
                    -0.000684786529746
                ],
                [
                    -0.000614606309682,
                    0.00117910443805,
                    -0.00139392795973,
                    0.00109932757914,
                    -0.00173334917054,
                    0.00586634362116,
                    -0.00260031293146,
                    0.00109227967914,
                    -0.00136162457056,
                    -0.000499746936839,
                    -0.000728854851332,
                    0.000466032972327,
                    0.000642974919174
                ],
                [
                    0.000355118594598,
                    -0.00104502926115,
                    0.000416824070271,
                    -0.000618996389676,
                    0.000146574544488,
                    -0.00260031293146,
                    0.0044840243645,
                    -0.0016203696141,
                    0.00101112551056,
                    -0.00048055613297,
                    -0.000251379329711,
                    -0.00100026198197,
                    -0.000238401960814
                ],
                [
                    -0.000577308353968,
                    0.000930095731746,
                    -0.000440314179286,
                    0.000360940292012,
                    -0.000950438668951,
                    0.00109227967914,
                    -0.0016203696141,
                    0.00700080534443,
                    -0.00243506301194,
                    0.00018621115305,
                    -0.00171017670073,
                    0.000753569242079,
                    -6.29612331977e-05
                ],
                [
                    0.000391153153032,
                    -0.00121818250045,
                    0.000351294060238,
                    -0.00134240591433,
                    -0.000370238354662,
                    -0.00136162457056,
                    0.00101112551056,
                    -0.00243506301194,
                    0.00759598100558,
                    -0.00252145086415,
                    0.00126103137154,
                    -0.000942116719671,
                    -0.000353912386345
                ],
                [
                    -0.000441142445197,
                    0.001413215301,
                    -0.000449776329333,
                    0.0013195752399,
                    -0.00114721164573,
                    -0.000499746936839,
                    -0.00048055613297,
                    0.00018621115305,
                    -0.00252145086415,
                    0.00983419269323,
                    -0.00240713823587,
                    0.000973453745246,
                    -0.00180722563528
                ],
                [
                    0.000458451744635,
                    -0.0014353817096,
                    0.000399364187615,
                    -0.00119004352018,
                    0.000118796509923,
                    -0.000728854851332,
                    -0.000251379329711,
                    -0.00171017670073,
                    0.00126103137154,
                    -0.00240713823587,
                    0.00878912210464,
                    -0.00396217498928,
                    0.00168284436222
                ],
                [
                    -0.000516409345437,
                    0.00138391018845,
                    -0.000877974089235,
                    0.00081781251356,
                    0.00046087327064,
                    0.000466032972327,
                    -0.00100026198197,
                    0.000753569242079,
                    -0.000942116719671,
                    0.000973453745246,
                    -0.00396217498928,
                    0.0119831319898,
                    -0.00464289821684
                ],
                [
                    0.000393077847548,
                    -0.000805400253739,
                    0.000727151054889,
                    -0.00155733374413,
                    -0.000684786529746,
                    0.000642974919174,
                    -0.000238401960814,
                    -6.29612331977e-05,
                    -0.000353912386345,
                    -0.00180722563528,
                    0.00168284436222,
                    -0.00464289821684,
                    0.0121245309711
                ]
            ],
            "mean": [
                -22.9849033356,
                77.9705734253,
                -87.1052246094,
                10.5609865189,
                -72.3409194946,
                16.7989406586,
                -46.235534668,
                14.4356060028,
                -17.3414440155,
                4.52863407135,
                -11.9555082321,
                5.0256485939,
                -11.5648002625
            ]
        },
        "hfc": {
            "dmean": 9.37122058868,
            "dmean2": 14.2022781372,
            "dvar": 198.705688477,
            "dvar2": 382.745025635,
            "max": 167.783569336,
            "mean": 21.0102367401,
            "median": 15.9460735321,
            "min": 1.1626493348e-16,
            "var": 390.771026611
        },
        "melbands": {
            "dmean": [
                0.00475795846432,
                0.00299038132653,
                0.00109022378456,
                0.000477530556964,
                0.000467565958388,
                0.000249634293141,
                0.000253549456829,
                0.000287109782221,
                0.000168506565387,
                9.93651992758e-05,
                9.47403241298e-05,
                4.30047039117e-05,
                5.0057151384e-05,
                5.36924017069e-05,
                3.95690840378e-05,
                2.21883128688e-05,
                2.56120019912e-05,
                1.74420747499e-05,
                1.70591847564e-05,
                1.2498147953e-05,
                9.88085776044e-06,
                8.09162247606e-06,
                9.02198644326e-06,
                5.47933177586e-06,
                3.83921633329e-06,
                2.95105519399e-06,
                2.10636517295e-06,
                2.50798530033e-06,
                2.10188045457e-06,
