{
    "lowlevel": {
        "average_loudness": 0.784445405006,
        "barkbands": {
            "dmean": [
                0.0060227974318,
                0.00982806645334,
                0.00292447442189,
                0.000956577074248,
                0.00116206950042,
                0.000869218143634,
                0.00111531710718,
                0.00048240358592,
                0.000621723476797,
                0.000480143207824,
                0.000363750266843,
                0.00063982931897,
                0.000448546430562,
                0.000461273884866,
                0.000711475149728,
                0.00064584100619,
                0.000345068809111,
                0.000181089839316,
                0.000157698872499,
                0.000137112656375,
                0.000120034419524,
                0.000166951562278,
                0.00027163993218,
                0.000204137948458,
                6.69890650897e-05,
                2.19330850086e-05,
                1.37498736876e-05
            ],
            "dmean2": [
                0.00937905162573,
                0.0141104515642,
                0.00498619116843,
                0.00164986844175,
                0.00195626192726,
                0.00144266884308,
                0.00171193596907,
                0.000761210161727,
                0.000968487118371,
                0.00069803459337,
                0.000542761117686,
                0.000949025328737,
                0.000693408888765,
                0.000679514661897,
                0.00103791023139,
                0.000903109437786,
                0.00047818874009,
                0.000269025244052,
                0.000227092663408,
                0.000216450236621,
                0.000176733607077,
                0.000260587898083,
                0.000462882948341,
                0.000345323816873,
                0.000108958731289,
                3.51096787199e-05,
                1.69118084159e-05
            ],
            "dvar": [
                0.000245966162765,
                0.000787434633821,
                0.000179164941073,
                2.20147085201e-05,
                1.98462221306e-05,
                6.95756489222e-06,
                4.83805843032e-06,
                1.62932224157e-06,
                2.12578879655e-06,
                1.96364067051e-06,
                1.16687954232e-06,
                3.02301737065e-06,
                1.25302540255e-06,
                1.16111709758e-06,
                2.02425462703e-06,
                1.63252934726e-06,
                5.43354815363e-07,
                6.96874963069e-07,
                4.34767457591e-07,
                3.02710105871e-07,
                1.69893539237e-07,
                2.24720508868e-07,
                3.21489096677e-07,
                1.98336721269e-07,
                4.24500932183e-08,
                4.08426803489e-09,
                6.65857680104e-09
            ],
            "dvar2": [
                0.000622741819825,
                0.0019400290912,
                0.00051379139768,
                6.32340161246e-05,
                5.40091132279e-05,
                1.85098269867e-05,
                1.10281125671e-05,
                3.58000534106e-06,
                4.84614974994e-06,
                3.94359176425e-06,
                2.61057061834e-06,
                6.24697986495e-06,
                2.77602748611e-06,
                2.47392517849e-06,
                4.05464561481e-06,
                3.18410184263e-06,
                9.89352315628e-07,
                1.64360255894e-06,
                9.04893681763e-07,
                7.69942403167e-07,
                3.71218078499e-07,
                4.62005147028e-07,
                8.04030719337e-07,
                4.82871769236e-07,
                1.01203859515e-07,
                9.99799976142e-09,
                1.04697326364e-08
            ],
            "max": [
                0.253936767578,
                0.349914938211,
                0.160769283772,
                0.0655790865421,
                0.059135094285,
                0.0284685045481,
                0.0347267799079,
                0.0225303489715,
                0.0207606274635,
                0.0287135299295,
                0.0231306888163,
                0.0305775422603,
                0.0162417795509,
                0.0185702648014,
                0.0210802443326,
                0.0238647591323,
                0.0117048295215,
                0.0122748212889,
                0.0101810246706,
                0.00686471257359,
                0.0056362641044,
                0.00632278621197,
                0.00728168943897,
                0.00623465096578,
                0.00802297797054,
                0.00173396139871,
                0.00180004839785
            ],
            "mean": [
                0.0190843846649,
                0.0389045029879,
                0.00357254641131,
                0.00102377065923,
                0.00123525504023,
                0.00102357426658,
                0.00147643045057,
                0.000530683551915,
                0.000749981962144,
                0.000622252409812,
                0.000467366335215,
                0.000772318744566,
                0.000519756868016,
                0.000542308203876,
                0.000943870167248,
                0.000922876526602,
                0.000501415284816,
                0.000185399185284,
                0.000161982665304,
                0.000137540802825,
                0.000140201751492,
                0.000166799640283,
                0.000254377926467,
                0.000206497759791,
                7.22233380657e-05,
                2.53081507253e-05,
                2.15427371586e-05
            ],
            "median": [
                0.000760586175602,
                0.0191308744252,
                6.90244542056e-06,
                3.0992050597e-05,
                0.00025757891126,
                0.000101018675196,
                0.000312522694003,
                5.19958048244e-05,
                0.000118459691294,
                8.29706696095e-05,
                6.80357261444e-05,
                5.61857777939e-05,
                4.32077540609e-05,
                6.16905308561e-05,
                0.000166664744029,
                0.000223949144129,
                7.19203235349e-05,
                1.45872327266e-05,
                1.42160597534e-05,
                1.54958652274e-05,
                2.94085584756e-05,
                2.49363565672e-05,
                2.57540377788e-05,
                3.4748318285e-05,
                1.46263528222e-05,
                4.35988067693e-06,
                5.61163346902e-07
            ],
            "min": [
                1.45054574197e-17,
                1.99482505946e-16,
                1.16008083974e-16,
                9.74729384451e-17,
                9.25718284648e-16,
                9.23772014693e-16,
                6.3915279785e-16,
                2.27615350037e-15,
                5.47673080728e-16,
                1.06703969679e-15,
                5.46257212217e-16,
                1.44028772961e-15,
                8.1988008852e-16,
                3.10087115287e-16,
                5.20986037175e-16,
                5.30445595251e-16,
                1.39152594866e-15,
                3.88777534878e-15,
                4.21078162234e-15,
                3.47706855441e-15,
                6.28601742531e-15,
                5.30146274983e-15,
                5.76167777293e-15,
                3.42745851232e-14,
                3.72044178776e-14,
                1.04629365339e-13,
                6.72817574224e-12
            ],
            "var": [
                0.00130963581614,
                0.00354036549106,
                0.000145048397826,
                1.76953199116e-05,
                1.54284189193e-05,
                7.6747210187e-06,
                7.99573717813e-06,
                2.23766278395e-06,
                3.02408989228e-06,
                3.17961394103e-06,
                1.66521977008e-06,
                4.42459986516e-06,
                1.81605150829e-06,
                1.74404408426e-06,
                3.63512458534e-06,
                3.1582308111e-06,
                1.08882738914e-06,
                7.04342312474e-07,
                5.02617012899e-07,
                2.70724228812e-07,
                1.99583851668e-07,
                2.70462351182e-07,
                3.24573392163e-07,
                2.24527738624e-07,
                4.60442777239e-08,
                4.33664260058e-09,
                1.64218629806e-08
            ]
        },
        "barkbands_crest": {
            "dmean": 2.43480443954,
            "dmean2": 3.85873627663,
            "dvar": 7.38777017593,
            "dvar2": 19.7186317444,
            "max": 26.6975479126,
            "mean": 14.0111694336,
            "median": 13.4123735428,
            "min": 2.70526242256,
            "var": 30.982755661
        },
        "barkbands_flatness_db": {
            "dmean": 0.0306785646826,
            "dmean2": 0.0435550510883,
            "dvar": 0.00104710098822,
            "dvar2": 0.00197133794427,
            "max": 0.591202795506,
            "mean": 0.230341672897,
            "median": 0.21251617372,
            "min": 0.0352694429457,
            "var": 0.0089676855132
        },
        "barkbands_kurtosis": {
            "dmean": 15.4677553177,
            "dmean2": 24.0422668457,
            "dvar": 936.578552246,
            "dvar2": 2092.80004883,
            "max": 462.480773926,
            "mean": 30.2240772247,
            "median": 4.36611747742,
            "min": -1.96638607979,
            "var": 2848.03564453
        },
        "barkbands_skewness": {
            "dmean": 1.18267631531,
            "dmean2": 1.73813641071,
            "dvar": 2.18072485924,
            "dvar2": 4.61451721191,
            "max": 18.8051147461,
            "mean": 3.19668221474,
            "median": 1.88113617897,
            "min": -16.0869140625,
            "var": 12.5155906677
        },
        "barkbands_spread": {
            "dmean": 7.16271066666,
            "dmean2": 10.780087471,
            "dvar": 108.578025818,
            "dvar2": 246.750427246,
            "max": 128.306030273,
            "mean": 16.7128734589,
            "median": 12.5931062698,
            "min": 0.209224417806,
            "var": 245.188674927
        },
        "dissonance": {
            "dmean": 0.0283962246031,
            "dmean2": 0.046297326684,
            "dvar": 0.000944496132433,
            "dvar2": 0.00247526913881,
            "max": 0.500000238419,
            "mean": 0.447054982185,
            "median": 0.459350675344,
            "min": 0.186268746853,
            "var": 0.00198377529159
        },
        "dynamic_complexity": 4.16280984879,
        "erbbands": {
            "dmean": [
                0.571194112301,
                1.86923027039,
                3.47304272652,
                3.23009991646,
                3.40407657623,
                4.10850477219,
                3.87868905067,
                8.22206783295,
                14.3646841049,
                15.2137537003,
                10.9046707153,
                13.8799104691,
                13.6402664185,
                15.082277298,
                16.3731079102,
                25.7282562256,
                20.4419822693,
                23.0789661407,
                28.563325882,
                39.5983695984,
                33.0229263306,
                18.3809394836,
                9.83681774139,
                8.70042991638,
                7.26009178162,
                6.99597787857,
                4.93262243271,
                4.8002204895,
                5.79326820374,
                7.56305646896,
                7.57372331619,
                5.81583976746,
                2.3537299633,
                0.937381744385,
                0.416569143534,
                0.128515914083,
                0.0390649288893,
                0.0163776259869,
                0.00180498103146,
                4.86744975206e-05
            ],
            "dmean2": [
                0.842804014683,
                2.99170231819,
                5.85980367661,
                5.50376653671,
                5.7491850853,
                6.87922000885,
                6.89929962158,
                13.5429334641,
                21.7740726471,
                23.8162231445,
                16.9469356537,
                21.7627353668,
                19.6270198822,
                20.901638031,
                23.5208797455,
                37.9323616028,
                30.7750358582,
                33.1910705566,
                41.2303085327,
                54.8905181885,
                44.9460678101,
                25.053232193,
                14.0348472595,
                12.4583044052,
                10.769818306,
                11.1675024033,
                7.40740394592,
                7.23928308487,
                9.26992702484,
                12.5726652145,
                12.889960289,
                9.99026489258,
                3.81908082962,
                1.53611218929,
                0.678137719631,
                0.206324905157,
                0.0613147430122,
                0.0218520350754,
                0.00226216088049,
                6.06060639257e-05
            ],
            "dvar": [
                2.62191462517,
                44.8261222839,
                246.047485352,
                248.887039185,
                206.590942383,
                228.43119812,
                313.90145874,
                576.56652832,
                837.733825684,
                1401.24230957,
                871.709899902,
                1198.73205566,
                1387.84118652,
                2010.98583984,
                1964.45446777,
                5280.86132812,
                2563.20410156,
                2788.78881836,
                4079.7331543,
                6372.05078125,
                4415.60498047,
                1584.12109375,
                1654.89550781,
                1462.63977051,
                854.984069824,
                877.883605957,
                333.391082764,
                249.420471191,
                277.388397217,
                281.221405029,
                250.812774658,
                161.026535034,
                29.5038490295,
                6.09526729584,
                2.56562519073,
                0.197362467647,
                0.0112294768915,
                0.00685815792531,
                9.63597994996e-05,
                2.21765663611e-08
            ],
            "dvar2": [
                7.66833257675,
                116.35395813,
                689.146240234,
                706.821777344,
                572.458007812,
                620.156860352,
                892.935546875,
                1513.22729492,
                1861.84533691,
                3242.48974609,
                1858.08813477,
                2831.19848633,
                2738.68652344,
                3916.17700195,
                4197.01953125,
                10968.265625,
                5520.49072266,
                5826.84179688,
                8526.58300781,
                12419.2070312,
                8148.88964844,
                2902.53613281,
                3630.484375,
                3214.06469727,
                1910.11303711,
                2264.92431641,
                766.973693848,
                538.807922363,
                542.112121582,
                655.857055664,
                624.684631348,
                407.604888916,
                67.3770141602,
                13.7729797363,
                6.52886629105,
                0.483204632998,
                0.0277787856758,
                0.0110854646191,
                0.000149182844325,
                3.08476479915e-08
            ],
            "max": [
                18.1936187744,
                78.5079879761,
                191.528945923,
                193.972183228,
                200.667449951,
                217.709472656,
                200.964202881,
                316.265808105,
                587.457458496,
                680.018127441,
                599.321044922,
                591.604980469,
                813.999755859,
                1050.42285156,
                1070.31274414,
                1047.48303223,
                745.632446289,
                798.674438477,
                1124.22021484,
                1498.51550293,
                1639.05639648,
                624.88873291,
                609.216430664,
                587.112609863,
                435.122192383,
                390.587585449,
                268.517883301,
                204.024215698,
                213.275177002,
                195.21913147,
                250.841690063,
                181.130081177,
                87.8511962891,
                55.665561676,
                83.5154953003,
                19.7558403015,
                2.02152299881,
                1.7735915184,
                0.218852698803,
                0.00349109526724
            ],
            "mean": [
                2.28345918655,
                4.27132177353,
                4.60593509674,
                3.82035207748,
                3.77398014069,
                4.39331388474,
                3.26514744759,
                10.0630397797,
                20.2703838348,
                18.1965560913,
                12.9757642746,
                17.0008411407,
                18.4153022766,
                21.4988975525,
                22.5975608826,
                31.0136108398,
                25.5063457489,
                29.0171985626,
                36.6936302185,
                54.7898635864,
                51.1392974854,
                27.3706111908,
                11.3891057968,
                8.89793491364,
                7.49555635452,
                6.82633447647,
                5.66588449478,
                5.54437208176,
                5.92942428589,
                6.84207391739,
                7.33874940872,
                5.41460466385,
                2.61785101891,
                1.01071083546,
                0.439448982477,
                0.139715105295,
                0.0454993285239,
                0.0247850231826,
                0.00281214783899,
                0.000136800765176
            ],
            "median": [
                0.741603732109,
                1.07644212246,
                0.12679618597,
                0.0995612516999,
                0.655064940453,
                0.805192470551,
                0.511369287968,
                1.47256708145,
                4.92588186264,
                3.61219668388,
                2.16693210602,
                3.08192110062,
                2.39096093178,
                4.06176805496,
                3.98111867905,
                2.2946228981,
                2.30591964722,
                3.51588964462,
                6.07066059113,
                12.4482250214,
                13.1404256821,
                4.68735599518,
                1.18453836441,
                0.878066122532,
                0.694713413715,
                0.780999481678,
                1.04747021198,
                1.21780991554,
                0.919414520264,
                0.723495602608,
                0.739423930645,
                0.669327199459,
                0.55282586813,
                0.198070943356,
                0.0865471735597,
                0.0278751254082,
                0.00617176201195,
                0.00108173897024,
                0.000140295785968,
                4.6495362767e-05
            ],
            "min": [
                5.53445313802e-15,
                4.53933392882e-14,
                1.30476684145e-13,
                2.47377856047e-13,
                8.70153395952e-13,
                3.54084491762e-12,
                7.96420828592e-12,
                6.71183811654e-12,
                5.83663456108e-12,
                2.68684709898e-11,
                4.6799300546e-11,
                1.29339334382e-11,
                2.35575031704e-11,
                3.60563974511e-11,
                1.65855558454e-11,
                6.90720675101e-11,
                4.03259092785e-11,
                1.93886122435e-11,
                1.10519622967e-11,
                4.55409078504e-11,
                2.77971309165e-11,
                8.64508048481e-11,
                2.21446888604e-10,
                1.38436304087e-10,
                2.60912152994e-10,
                2.09920109073e-10,
                3.01541625003e-10,
                1.51424664474e-10,
                2.16255097163e-10,
                1.40664868642e-10,
                1.99994631966e-10,
                4.94624508018e-10,
                6.84457046596e-10,
                5.11274689252e-10,
                2.00351180091e-10,
                2.8693791787e-10,
                2.08349643094e-10,
                1.45795431283e-10,
                2.50263004764e-10,
                1.84062043385e-10
            ],
            "var": [
                11.7883195877,
                77.6013565063,
                208.794876099,
                199.936264038,
                173.681762695,
                183.187545776,
                196.554336548,
                689.640258789,
                1573.03259277,
                2070.07763672,
                1261.71057129,
                1542.25183105,
                2414.85083008,
                3361.90478516,
                3071.41259766,
                7352.23339844,
                3958.55126953,
                4692.71240234,
                6458.56445312,
                11867.4111328,
                9455.22167969,
                3193.93212891,
                1956.29467773,
                1577.29553223,
                941.979614258,
                743.514160156,
                367.631439209,
                296.395294189,
                348.402832031,
                300.514678955,
                262.665985107,
                160.706497192,
                38.1154670715,
                7.65234518051,
                2.27848362923,
                0.187593951821,
                0.0138137722388,
                0.0166513435543,
                0.000247511168709,
                8.94610820978e-08
            ]
        },
        "erbbands_crest": {
            "dmean": 3.45181488991,
            "dmean2": 5.50652265549,
            "dvar": 9.08997631073,
            "dvar2": 21.6470451355,
            "max": 30.8428897858,
            "mean": 10.979798317,
            "median": 10.2920799255,
            "min": 2.56990766525,
            "var": 20.3300762177
        },
        "erbbands_flatness_db": {
            "dmean": 0.0266850609332,
            "dmean2": 0.0388649478555,
            "dvar": 0.000613897573203,
            "dvar2": 0.00127527571749,
            "max": 0.419137567282,
            "mean": 0.18635725975,
            "median": 0.185750246048,
            "min": 0.0478439442813,
            "var": 0.00315524428152
        },
        "erbbands_kurtosis": {
            "dmean": 2.03761124611,
            "dmean2": 3.24403858185,
            "dvar": 10.4967384338,
            "dvar2": 24.7226161957,
            "max": 59.7633171082,
            "mean": 1.59896111488,
            "median": 0.450363636017,
            "min": -1.89187538624,
            "var": 15.1129770279
        },
        "erbbands_skewness": {
            "dmean": 0.624139785767,
            "dmean2": 0.921094894409,
            "dvar": 0.443596839905,
            "dvar2": 0.927917182446,
            "max": 5.74558496475,
            "mean": -0.0529300160706,
            "median": 0.0334300026298,
            "min": -6.44376468658,
            "var": 1.27603900433
        },
        "erbbands_spread": {
            "dmean": 14.9952783585,
            "dmean2": 23.5245113373,
            "dvar": 366.739318848,
            "dvar2": 895.019165039,
            "max": 188.230163574,
            "mean": 38.8428230286,
            "median": 32.4463806152,
            "min": 1.5493773222,
            "var": 735.415039062
        },
        "gfcc": {
            "cov": [
                [
                    13778.4814453,
                    208.394104004,
                    349.617645264,
                    1016.38433838,
                    -415.345367432,
                    756.152954102,
                    -190.297531128,
                    446.422424316,
                    73.7326812744,
                    107.925117493,
                    -186.814590454,
                    109.014396667,
                    -105.472068787
                ],
                [
                    208.394104004,
                    3198.00463867,
                    1015.45678711,
                    574.685180664,
                    1393.85668945,
                    315.707244873,
                    1030.90686035,
                    347.673706055,
                    554.848937988,
                    256.69708252,
                    441.217163086,
                    -8.30241966248,
                    398.025238037
                ],
                [
                    349.617645264,
                    1015.45678711,
                    2468.27685547,
                    1243.36901855,
                    972.308166504,
                    686.23425293,
                    718.167053223,
                    356.533325195,
                    500.320709229,
                    128.263519287,
                    333.594146729,
                    237.632247925,
                    60.7438926697
                ],
                [
                    1016.38433838,
                    574.685180664,
                    1243.36901855,
                    1460.66687012,
                    864.317138672,
                    354.465332031,
                    465.976318359,
                    374.893218994,
                    438.93637085,
                    142.42590332,
                    229.098648071,
                    181.187484741,
                    138.466323853
                ],
                [
                    -415.345367432,
                    1393.85668945,
                    972.308166504,
                    864.317138672,
                    1513.52563477,
                    366.591308594,
                    804.633422852,
                    443.6796875,
                    535.497802734,
                    248.068634033,
                    340.479797363,
                    66.6743850708,
                    229.811248779
                ],
                [
                    756.152954102,
                    315.707244873,
                    686.23425293,
                    354.465332031,
                    366.591308594,
                    650.116882324,
                    487.16998291,
                    201.027511597,
                    186.176528931,
                    141.759170532,
                    134.518249512,
                    68.7867965698,
                    39.4755592346
                ],
                [
                    -190.297531128,
                    1030.90686035,
                    718.167053223,
                    465.976318359,
                    804.633422852,
                    487.16998291,
                    1056.64196777,
                    298.555419922,
                    253.94442749,
                    227.983718872,
                    273.136749268,
                    77.7039260864,
                    148.379272461
                ],
                [
                    446.422424316,
                    347.673706055,
                    356.533325195,
                    374.893218994,
                    443.6796875,
                    201.027511597,
                    298.555419922,
                    369.252746582,
                    224.159500122,
                    138.419311523,
                    154.656585693,
                    50.7193717957,
                    88.1426925659
                ],
                [
                    73.7326812744,
                    554.848937988,
                    500.320709229,
                    438.93637085,
                    535.497802734,
                    186.176528931,
                    253.94442749,
                    224.159500122,
                    417.846710205,
                    134.577636719,
                    147.242980957,
                    66.095413208,
                    93.7256164551
                ],
                [
                    107.925117493,
                    256.69708252,
                    128.263519287,
                    142.42590332,
                    248.068634033,
                    141.759170532,
                    227.983718872,
                    138.419311523,
                    134.577636719,
                    231.068222046,
                    105.833450317,
                    13.5742053986,
                    74.7649688721
                ],
                [
                    -186.814590454,
                    441.217163086,
                    333.594146729,
                    229.098648071,
                    340.479797363,
                    134.518249512,
                    273.136749268,
                    154.656585693,
                    147.242980957,
                    105.833450317,
                    236.446258545,
                    60.1371383667,
                    66.8530349731
                ],
                [
                    109.014396667,
                    -8.30241966248,
                    237.632247925,
                    181.187484741,
                    66.6743850708,
                    68.7867965698,
                    77.7039260864,
                    50.7193717957,
                    66.095413208,
                    13.5742053986,
                    60.1371383667,
                    151.799468994,
                    25.223274231
                ],
                [
                    -105.472068787,
                    398.025238037,
                    60.7438926697,
                    138.466323853,
                    229.811248779,
                    39.4755592346,
                    148.379272461,
                    88.1426925659,
                    93.7256164551,
                    74.7649688721,
                    66.8530349731,
                    25.223274231,
                    178.194122314
                ]
            ],
            "icov": [
                [
                    0.000128612766275,
                    -0.000173232518137,
                    0.000108102685772,
                    -0.000212877130252,
                    0.0001590631,
                    -0.000279616331682,
                    0.000182115822099,
                    -0.000296548183542,
                    0.000160572541063,
                    -0.000124104437418,
                    0.000303936423734,
                    -0.000187265046407,
                    0.000323573156493
                ],
                [
                    -0.000173232518137,
                    0.00111686356831,
                    -0.000402720121201,
                    0.000554241298232,
                    -0.000479334121337,
                    0.000686522515025,
                    -0.000750088540372,
                    0.000782473711297,
                    -0.000794467690866,
                    0.000549425836653,
                    -0.00109429517761,
                    0.00119889841881,
                    -0.00175879697781
                ],
                [
                    0.000108102685772,
                    -0.000402720121201,
                    0.00121391110588,
                    -0.000819481327198,
                    3.86516258004e-05,
                    -0.000971079978626,
                    0.000231972895563,
                    -3.05080448015e-05,
                    -1.39121730172e-05,
                    0.000264836591668,
                    -5.7533463405e-05,
                    -0.000904794840608,
                    0.00121956609655
                ],
                [
                    -0.000212877130252,
                    0.000554241298232,
                    -0.000819481327198,
                    0.00207805121318,
                    -0.000770251557697,
                    0.000656089279801,
                    -0.000285919668386,
                    -4.06336112064e-05,
                    -0.000712731678504,
                    0.000337842007866,
                    -0.000270953489235,
                    -0.000222033530008,
                    -0.00122697767802
                ],
                [
                    0.0001590631,
                    -0.000479334121337,
                    3.86516258004e-05,
                    -0.000770251557697,
                    0.00255843391642,
                    7.59762178859e-06,
                    -0.000630063586868,
                    -0.000946228625253,
                    -0.00108587858267,
                    1.71852680069e-05,
                    -0.000141985961818,
                    0.000765664386563,
                    -4.95303902426e-05
                ],
                [
                    -0.000279616331682,
                    0.000686522515025,
                    -0.000971079978626,
                    0.000656089279801,
                    7.59762178859e-06,
                    0.00380294397473,
                    -0.00173314579297,
                    0.000144556121086,
                    -0.000828163465485,
                    -0.000388296379242,
                    -0.000321630446706,
                    0.000733871769626,
                    -0.000743064272683
                ],
                [
                    0.000182115822099,
                    -0.000750088540372,
                    0.000231972895563,
                    -0.000285919668386,
                    -0.000630063586868,
                    -0.00173314579297,
                    0.00300326803699,
                    -0.000701935496181,
                    0.00145031744614,
                    -0.0010444271611,
                    -5.53879453946e-06,
                    -0.00110369280446,
                    0.000802976428531
                ],
                [
                    -0.000296548183542,
                    0.000782473711297,
                    -3.05080448015e-05,
                    -4.06336112064e-05,
                    -0.000946228625253,
                    0.000144556121086,
                    -0.000701935496181,
                    0.00636336999014,
                    -0.00158777681645,
                    -0.000487512821564,
                    -0.00226383423433,
                    0.000813375925645,
                    -0.00148228323087
                ],
                [
                    0.000160572541063,
                    -0.000794467690866,
                    -1.39121730172e-05,
                    -0.000712731678504,
                    -0.00108587858267,
                    -0.000828163465485,
                    0.00145031744614,
                    -0.00158777681645,
                    0.00626214779913,
                    -0.00176665186882,
                    0.000755231885705,
                    -0.00167853175662,
                    0.000991560635157
                ],
                [
                    -0.000124104437418,
                    0.000549425836653,
                    0.000264836591668,
                    0.000337842007866,
                    1.71852680069e-05,
                    -0.000388296379242,
                    -0.0010444271611,
                    -0.000487512821564,
                    -0.00176665186882,
                    0.00758772110566,
                    -0.00217190524563,
                    0.00147177511826,
                    -0.00212667323649
                ],
                [
                    0.000303936423734,
                    -0.00109429517761,
                    -5.7533463405e-05,
                    -0.000270953489235,
                    -0.000141985961818,
                    -0.000321630446706,
                    -5.53879453946e-06,
                    -0.00226383423433,
                    0.000755231885705,
                    -0.00217190524563,
                    0.00956548936665,
                    -0.0030864989385,
                    0.00159535510466
                ],
                [
                    -0.000187265046407,
                    0.00119889841881,
                    -0.000904794840608,
                    -0.000222033530008,
                    0.000765664386563,
                    0.000733871769626,
                    -0.00110369280446,
                    0.000813375925645,
                    -0.00167853175662,
                    0.00147177511826,
                    -0.0030864989385,
                    0.0104125672951,
                    -0.0029917228967
                ],
                [
                    0.000323573156493,
                    -0.00175879697781,
                    0.00121956609655,
                    -0.00122697767802,
                    -4.95303902426e-05,
                    -0.000743064272683,
                    0.000802976428531,
                    -0.00148228323087,
                    0.000991560635157,
                    -0.00212667323649,
                    0.00159535510466,
                    -0.0029917228967,
                    0.0107583971694
                ]
            ],
            "mean": [
                -56.7702865601,
                66.3040390015,
                -115.052482605,
                14.2195243835,
                -53.0294075012,
                21.0479507446,
                -41.8370132446,
                6.42178821564,
                -4.52119636536,
                4.702647686,
                -14.0365533829,
                1.9427280426,
                -0.803789615631
            ]
        },
        "hfc": {
            "dmean": 11.3058013916,
            "dmean2": 15.9288845062,
            "dvar": 482.878082275,
            "dvar2": 959.77532959,
            "max": 309.060424805,
            "mean": 21.7823486328,
            "median": 15.5848426819,
            "min": 2.55334043686e-07,
            "var": 804.81262207
        },
        "melbands": {
            "dmean": [
                0.00345555064268,
                0.00189165503252,
                0.000566977541894,
                0.000266242044745,
                0.000148841820192,
                0.00018502677267,
                0.000224888848606,
                0.000149640211021,
                9.08586735022e-05,
                8.91691161087e-05,
                6.93498732289e-05,
                6.29971182207e-05,
                5.41355293535e-05,
                7.35641515348e-05,
                6.04395390837e-05,
                3.85996172554e-05,
                4.64189033664e-05,
                4.56400339317e-05,
                4.89279191243e-05,
                4.86745630042e-05,
                3.69554800272e-05,
                2.16376902245e-05,
                1.15470975288e-05,
                7.91108141129e-06,
                7.00351893101e-06,
                6.09340168012e-06,
                4.45140994998e-06,
