{
    "lowlevel": {
        "average_loudness": 0.796091258526,
        "barkbands": {
            "dmean": [
                0.00274671218358,
                0.0106554534286,
                0.00248142355122,
                0.00174110126682,
                0.00212852633558,
                0.00136620865669,
                0.000911615730729,
                0.0017015049234,
                0.00105759967119,
                0.000666174746584,
                0.000944113417063,
                0.000716123147868,
                0.000678878161125,
                0.000440430216258,
                0.000414650799939,
                0.000225069888984,
                0.000201174683752,
                0.000137649825774,
                0.000186652046978,
                0.000184267628356,
                0.00013964039681,
                0.000279574043816,
                0.000207396195037,
                0.000278308638372,
                0.000235392042669,
                4.95757631143e-05,
                1.11009712782e-05
            ],
            "dmean2": [
                0.00455043278635,
                0.0175783317536,
                0.00429632561281,
                0.0032121874392,
                0.00359436171129,
                0.00226289965212,
                0.00149927416351,
                0.00265827379189,
                0.00161161692813,
                0.00100951793138,
                0.00141447689384,
                0.00109311752021,
                0.00104274542537,
                0.000684814178385,
                0.000637983437628,
                0.000341530598234,
                0.000303577835439,
                0.000213521328988,
                0.000282581226202,
                0.000288048468065,
                0.000215446882066,
                0.000448895560112,
                0.000352471193764,
                0.000452430715086,
                0.000390844565118,
                8.30095232232e-05,
                1.95967531909e-05
            ],
            "dvar": [
                2.4659670089e-05,
                0.000524868664797,
                6.51885129628e-05,
                5.74042896915e-05,
                3.54609728674e-05,
                9.00290979189e-06,
                5.02843568029e-06,
                1.0640965229e-05,
                4.06377603213e-06,
                2.00322779165e-06,
                6.42340091872e-06,
                2.81108259514e-06,
                2.85435203295e-06,
                1.33109438138e-06,
                1.14795159334e-06,
                3.87776594835e-07,
                1.90524517052e-07,
                1.72746624116e-07,
                1.92458813331e-07,
                2.60574040567e-07,
                1.68655972743e-07,
                5.00193664266e-07,
                2.76545563338e-07,
                4.62465948203e-07,
                3.07750752881e-07,
                1.78296382103e-08,
                1.62361224465e-09
            ],
            "dvar2": [
                6.72314854455e-05,
                0.00149418984074,
                0.000186005243449,
                0.000168354570633,
                9.81552439043e-05,
                2.34875569731e-05,
                1.26191971503e-05,
                2.43244448939e-05,
                8.89496277523e-06,
                4.25066900789e-06,
                1.39892154039e-05,
                5.99817212787e-06,
                6.32925048194e-06,
                3.06602896671e-06,
                2.63635547526e-06,
                8.17822638055e-07,
                4.16002080783e-07,
                3.69775534637e-07,
                4.28765446259e-07,
                5.73416400584e-07,
                3.56965728088e-07,
                1.1455550748e-06,
                6.7554793759e-07,
                1.03813988517e-06,
                7.37638742976e-07,
                4.45385062164e-08,
                4.16749035281e-09
            ],
            "max": [
                0.053200006485,
                0.223694756627,
                0.102591216564,
                0.085477694869,
                0.0848925709724,
                0.0460891537368,
                0.0519173555076,
                0.0599016994238,
                0.0487739555538,
                0.0301545858383,
                0.0550818368793,
                0.0302059110254,
                0.0337146706879,
                0.0210199505091,
                0.0160546358675,
                0.0125837633386,
                0.00996675621718,
                0.00628325063735,
                0.00721748964861,
                0.00835693348199,
                0.00659656990319,
                0.0101491902024,
                0.00472920015454,
                0.0130505235866,
                0.00792160350829,
                0.00177828234155,
                0.00052785553271
            ],
            "mean": [
                0.00979909487069,
                0.0256172660738,
                0.00350884930231,
                0.00170042912941,
                0.00281492481008,
                0.00199070037343,
                0.0012179199839,
                0.0028204175178,
                0.00182522903197,
                0.00122262444347,
                0.00148401781917,
                0.00101180630736,
                0.000934133713599,
                0.000538732972927,
                0.000530435470864,
                0.00028097780887,
                0.000297135091387,
                0.000163117481861,
                0.000253922684351,
                0.000223910901695,
                0.000157606133143,
                0.000332144700224,
                0.000188510646694,
                0.000288705981802,
                0.000224600255024,
                4.65807315777e-05,
                7.82431288826e-06
            ],
            "median": [
                3.23287385982e-05,
                0.00250856205821,
                0.00163438951131,
                0.000522847869433,
                0.00100597785786,
                0.000635839882307,
                0.000326827692334,
                0.00101635057945,
                0.000550910364836,
                0.000392565212678,
                0.000336292316206,
                0.000213148086914,
                0.0001194144279,
                5.18499182363e-05,
                4.06429389841e-05,
                3.63753279089e-05,
                5.35105173185e-05,
                2.56992334471e-05,
                5.86395726714e-05,
                3.08942180709e-05,
                1.30850294227e-05,
                5.87457398069e-05,
                1.22746978377e-05,
                2.3990707632e-05,
                1.96275705093e-05,
                5.88695093029e-06,
                2.47998229952e-07
            ],
            "min": [
                1.04037074551e-23,
                3.62387932382e-23,
                3.2721142555e-23,
                1.54481447778e-23,
                1.82532268717e-23,
                4.51861104232e-23,
                8.64017766254e-23,
                4.78519522565e-23,
                4.77646064216e-23,
                7.81172793056e-23,
                3.76661550047e-23,
                6.32890103831e-23,
                7.51671667121e-23,
                8.59149484727e-23,
                1.45592143424e-22,
                7.55080871517e-23,
                1.32634856931e-22,
                1.98792973359e-22,
                2.25223574973e-22,
                4.12454094138e-22,
                4.14100175479e-22,
                4.93838892111e-22,
                5.06837704241e-22,
                6.4421153262e-22,
                1.22676044623e-21,
                1.49172673263e-21,
                2.35696250013e-21
            ],
            "var": [
                0.000161682619364,
                0.00120607006829,
                4.8058838729e-05,
                3.30597686116e-05,
                3.05492721964e-05,
                1.19607375382e-05,
                6.85516033627e-06,
                2.45874362008e-05,
                1.085931126e-05,
                5.51369203095e-06,
                1.27652529045e-05,
                5.71282134842e-06,
                5.26946905666e-06,
                1.87507600913e-06,
                1.7682161797e-06,
                5.75273134018e-07,
                3.21660280633e-07,
                2.31092982972e-07,
                2.70489181275e-07,
                3.31214522475e-07,
                2.2377334119e-07,
                6.37147138605e-07,
                2.69209294856e-07,
                6.73486852065e-07,
                3.83351959954e-07,
                1.82959123407e-08,
                1.22207388653e-09
            ]
        },
        "barkbands_crest": {
            "dmean": 2.65393352509,
            "dmean2": 4.27011442184,
            "dvar": 7.30651712418,
            "dvar2": 18.6505031586,
            "max": 26.793598175,
            "mean": 12.27064991,
            "median": 11.6561594009,
            "min": 2.100897789,
            "var": 20.3703784943
        },
        "barkbands_flatness_db": {
            "dmean": 0.0326169133186,
            "dmean2": 0.0489900037646,
            "dvar": 0.00132745446172,
            "dvar2": 0.0026451558806,
            "max": 0.61240708828,
            "mean": 0.224002495408,
            "median": 0.200700253248,
            "min": 0.0264593865722,
            "var": 0.0102845085785
        },
        "barkbands_kurtosis": {
            "dmean": 6.45016670227,
            "dmean2": 10.5067434311,
            "dvar": 201.062973022,
            "dvar2": 506.22064209,
            "max": 628.578430176,
            "mean": 10.2001342773,
            "median": 3.68337440491,
            "min": -1.94060945511,
            "var": 690.194885254
        },
        "barkbands_skewness": {
            "dmean": 0.776422321796,
            "dmean2": 1.21976006031,
            "dvar": 0.797182142735,
            "dvar2": 2.00961303711,
            "max": 20.2085361481,
            "mean": 1.81160986423,
            "median": 1.67261707783,
            "min": -22.4279537201,
            "var": 4.41669607162
        },
        "barkbands_spread": {
            "dmean": 6.2059841156,
            "dmean2": 9.81078529358,
            "dvar": 92.6429901123,
            "dvar2": 204.98487854,
            "max": 99.5587005615,
            "mean": 15.2534122467,
            "median": 11.1437158585,
            "min": 0.136542886496,
            "var": 209.363006592
        },
        "dissonance": {
            "dmean": 0.0386659614742,
            "dmean2": 0.0647117942572,
            "dvar": 0.00141270866152,
            "dvar2": 0.00389008363709,
            "max": 0.5,
            "mean": 0.421130359173,
            "median": 0.436955362558,
            "min": 0.109550252557,
            "var": 0.00390724651515
        },
        "dynamic_complexity": 3.82047629356,
        "erbbands": {
            "dmean": [
                0.550172626972,
                1.60779857635,
                2.51776981354,
                4.58088302612,
                5.88214302063,
                7.46712207794,
                9.958152771,
                11.9398860931,
                12.4188842773,
                15.9572372437,
                44.1059837341,
                24.3633842468,
                19.7698879242,
                21.7018203735,
                40.6406440735,
                30.3128948212,
                26.5911045074,
                27.8072872162,
                22.9075374603,
                12.7533016205,
                10.7717056274,
                9.59798526764,
                8.41928291321,
                6.97001457214,
                10.3863620758,
                8.30107116699,
                5.91942930222,
                6.02446317673,
                10.2908563614,
                8.70088481903,
                5.37724924088,
                4.68555164337,
                5.47490501404,
                3.34013199806,
                1.15172719955,
                0.333822518587,
                0.0675873532891,
                0.0132256997749,
                0.00190948415548,
                0.000110465531179
            ],
            "dmean2": [
                0.901134073734,
                2.65680789948,
                4.27521896362,
                8.37855625153,
                10.5869808197,
                12.2188863754,
                16.4829807281,
                19.5391769409,
                20.995967865,
                25.2577037811,
                68.5308532715,
                36.5258331299,
                29.8544330597,
                32.0035514832,
                60.0477104187,
                44.787776947,
                40.1154136658,
                42.2048835754,
                34.60364151,
                19.3731098175,
                16.1417541504,
                14.3763656616,
                12.9874868393,
                10.3786725998,
                15.5130338669,
                12.8595228195,
                9.24568939209,
                9.28179740906,
                16.4610424042,
                14.5159311295,
                9.0869140625,
                7.55672216415,
                8.98512077332,
                5.53031492233,
                1.90221726894,
                0.560610890388,
                0.112827859819,
                0.0227064937353,
                0.00337546411902,
                0.000190659091459
            ],
            "dvar": [
                1.36121463776,
                16.2520122528,
                63.0864372253,
                368.77722168,
                510.419921875,
                386.046875,
                563.05480957,
                735.047241211,
                1049.25231934,
                820.895263672,
                7772.02392578,
                2062.88671875,
                1933.06970215,
                2534.48876953,
                13799.3603516,
                4989.37939453,
                4525.89599609,
                4760.36572266,
                3288.9609375,
                1078.0447998,
                769.726074219,
                475.928588867,
                594.229553223,
                341.422668457,
                505.907348633,
                591.995910645,
                403.99307251,
                272.435791016,
                703.290161133,
                479.978851318,
                184.156463623,
                126.720375061,
                192.489776611,
                66.8320159912,
                7.43144321442,
                0.742110311985,
                0.0341223664582,
                0.00201162626036,
                4.82709983771e-05,
                1.26367154962e-07
            ],
            "dvar2": [
                3.79837059975,
                45.018901825,
                172.301651001,
                1077.29321289,
                1482.9185791,
                1019.71325684,
                1427.08532715,
                1887.78125,
                2823.11376953,
                1934.88977051,
                17693.5742188,
                4388.96386719,
                4039.16040039,
                5261.625,
                30211.5761719,
                10076.6074219,
                9898.31054688,
                10572.6660156,
                7524.87304688,
                2456.54345703,
                1695.7565918,
                1019.05725098,
                1285.63049316,
                724.02520752,
                1097.76855469,
                1354.92944336,
                875.927185059,
                566.101501465,
                1649.94226074,
                1159.60766602,
                446.083007812,
                287.790008545,
                440.701629639,
                158.269256592,
                17.5535640717,
                1.84206104279,
                0.0844219401479,
                0.00510544190183,
                0.000125362668769,
                3.25069891005e-07
            ],
            "max": [
                12.2240467072,
                54.6695365906,
                100.626457214,
                220.315933228,
                291.840393066,
                278.571685791,
                343.677947998,
                387.557037354,
                797.589355469,
                420.903808594,
                1639.1907959,
                967.683105469,
                976.311157227,
                1208.71923828,
                2798.70556641,
                1533.50378418,
                1676.02319336,
                1234.25024414,
                1014.68487549,
                950.986999512,
                469.392425537,
                549.710388184,
                400.030975342,
                322.396514893,
                388.562866211,
                399.360198975,
                285.829589844,
                310.994049072,
                361.544677734,
                230.217544556,
                136.096389771,
                198.539016724,
                353.796173096,
                133.309829712,
                53.3108901978,
                13.7595796585,
                2.95794510841,
                0.609878778458,
                0.0889097601175,
                0.00493073044345
            ],
            "mean": [
                1.47104644775,
                2.93185377121,
                4.03483486176,
                5.27376317978,
                6.6373090744,
                10.2225408554,
                13.1237821579,
                18.036108017,
                16.2592735291,
                25.5612220764,
                74.7268753052,
                46.6419410706,
                35.4146842957,
                41.2841072083,
                63.5252456665,
                47.7408905029,
                38.1096916199,
                38.5070152283,
                31.8214454651,
                17.5556907654,
                14.5055303574,
                14.1056280136,
                10.9843931198,
                8.86261081696,
                15.0666465759,
                10.0025663376,
                6.41133117676,
                7.16694545746,
                12.0331850052,
                9.26910877228,
                4.82282733917,
                4.71864366531,
                5.52500772476,
                3.17583489418,
                1.1409971714,
                0.323880344629,
                0.0623757094145,
                0.0105646718293,
                0.00138221075758,
                0.000137712791911
            ],
            "median": [
                0.0330392569304,
                0.629783570766,
                1.97919356823,
                2.28962993622,
                2.29216337204,
                3.06941890717,
                4.20105171204,
                5.86220026016,
                5.95548915863,
                10.3351449966,
                27.2314758301,
                18.0874576569,
                13.3786993027,
                16.3342227936,
                13.5204620361,
                11.7667999268,
                6.50475549698,
                4.936647892,
                2.85753107071,
                2.0170917511,
                2.46583604813,
                2.93379163742,
                2.1238515377,
                2.33537483215,
                3.68200755119,
                1.73677933216,
                0.621522665024,
                0.756681621075,
                2.02295589447,
                1.291431427,
                0.272084653378,
                0.282572835684,
                0.476882278919,
                0.257907688618,
                0.115171514452,
                0.0420584157109,
                0.00687738973647,
                0.000726870959625,
                8.46932671266e-05,
                6.27039262326e-05
            ],
            "min": [
                8.22693723185e-22,
                9.39145890031e-21,
                4.1112417714e-20,
                7.00002498102e-20,
                9.7669531773e-20,
                7.73622994336e-20,
                6.95623933852e-20,
                4.35235710052e-19,
                1.06832743916e-18,
                1.22556868334e-18,
                8.10631158339e-19,
                1.31582618569e-18,
                1.81203673911e-18,
                2.96421578715e-18,
                1.29438535402e-18,
                2.00802395036e-18,
                3.33927188459e-18,
                4.85084147005e-18,
                6.5200228766e-18,
                5.82930845355e-18,
                5.07765356683e-18,
                8.27666829317e-18,
                8.47634638432e-18,
                1.14025019371e-17,
                1.30788794014e-17,
                1.83373716074e-17,
                1.83640630714e-17,
                1.78957150629e-17,
                1.79669684009e-17,
                1.72519485163e-17,
                1.41101941271e-17,
                1.46062047096e-17,
                1.12105571575e-17,
                1.30260647465e-17,
                8.63417244519e-18,
                5.79754223649e-18,
                2.78297782661e-18,
                1.23334180295e-18,
                3.57955921884e-19,
                2.84028457633e-20
            ],
            "var": [
                3.90544438362,
                24.4249820709,
                56.0566253662,
                219.306976318,
                326.842254639,
                430.925201416,
                708.385986328,
                1080.59899902,
                998.875915527,
                1491.18237305,
                18316.3613281,
                6236.10546875,
                4331.76269531,
                7019.78662109,
                27403.5507812,
                11758.5244141,
                8180.95947266,
                8407.25878906,
                5545.25292969,
                1580.27929688,
                1127.22143555,
                752.48425293,
                827.821289062,
                427.666625977,
                841.146606445,
                689.220703125,
                467.257995605,
                398.778930664,
                856.931213379,
                543.025878906,
                180.128585815,
                169.320175171,
                270.322296143,
                82.6910324097,
                10.2782058716,
                0.830515444279,
                0.0345407836139,
                0.00161453569308,
                3.56810123776e-05,
                1.03987510158e-07
            ]
        },
        "erbbands_crest": {
            "dmean": 3.48076176643,
            "dmean2": 5.50928640366,
            "dvar": 10.7065067291,
            "dvar2": 24.8903942108,
            "max": 32.4837493896,
            "mean": 12.077955246,
            "median": 11.0223178864,
            "min": 2.58408951759,
            "var": 31.6442909241
        },
        "erbbands_flatness_db": {
            "dmean": 0.0250517819077,
            "dmean2": 0.037539601326,
            "dvar": 0.000704706413671,
            "dvar2": 0.00140392268077,
            "max": 0.585146844387,
            "mean": 0.214230269194,
            "median": 0.188291594386,
            "min": 0.0477557443082,
            "var": 0.0110909827054
        },
        "erbbands_kurtosis": {
            "dmean": 2.07193946838,
            "dmean2": 3.27650880814,
            "dvar": 8.73292064667,
            "dvar2": 20.4369831085,
            "max": 148.80090332,
            "mean": 3.02116322517,
            "median": 1.34712791443,
            "min": -1.84848618507,
            "var": 44.0629386902
        },
        "erbbands_skewness": {
            "dmean": 0.538764595985,
            "dmean2": 0.842407405376,
            "dvar": 0.267895042896,
            "dvar2": 0.6238540411,
            "max": 10.1793355942,
            "mean": 0.514157354832,
            "median": 0.456793308258,
            "min": -3.29200673103,
            "var": 1.09755921364
        },
        "erbbands_spread": {
            "dmean": 10.5405244827,
            "dmean2": 16.7235622406,
            "dvar": 236.214050293,
            "dvar2": 573.184387207,
            "max": 162.845352173,
            "mean": 28.7020874023,
            "median": 22.0410861969,
            "min": 0.757845878601,
            "var": 596.768737793
        },
        "gfcc": {
            "cov": [
                [
                    27158.9863281,
                    -4380.88818359,
                    -1655.89807129,
                    5366.1328125,
                    443.53805542,
                    2934.23730469,
                    -554.209960938,
                    1493.61669922,
                    -20.033821106,
                    987.387756348,
                    -432.604888916,
                    457.651550293,
                    -388.08694458
                ],
                [
                    -4380.88818359,
                    4342.73925781,
                    547.858886719,
                    -1788.36755371,
                    507.168548584,
                    -453.242523193,
                    496.17489624,
                    -389.853973389,
                    52.2261009216,
                    -309.719360352,
                    182.646530151,
                    -242.918457031,
                    54.2813568115
                ],
                [
                    -1655.89807129,
                    547.858886719,
                    1455.66870117,
                    -17.5270786285,
                    82.9645004272,
                    86.3606033325,
                    148.716812134,
                    -17.6730155945,
                    73.3814849854,
                    16.1403636932,
                    87.352722168,
                    15.6372032166,
                    98.7509765625
                ],
                [
                    5366.1328125,
                    -1788.36755371,
                    -17.5270786285,
                    2112.73999023,
                    324.221679688,
                    705.28112793,
                    -55.9672241211,
                    462.444915771,
                    147.535614014,
                    298.875762939,
                    -24.1278648376,
                    151.275161743,
                    5.52988195419
                ],
                [
                    443.53805542,
                    507.168548584,
                    82.9645004272,
                    324.221679688,
                    772.514892578,
                    383.596923828,
                    268.388763428,
                    124.65296936,
                    250.187133789,
                    106.65814209,
                    106.584228516,
                    -11.783326149,
                    36.4894790649
                ],
                [
                    2934.23730469,
                    -453.242523193,
                    86.3606033325,
                    705.28112793,
                    383.596923828,
                    820.990234375,
                    237.799362183,
                    244.233337402,
                    162.437393188,
                    186.684173584,
                    27.6402454376,
                    62.0705833435,
                    -27.1393451691
                ],
                [
                    -554.209960938,
                    496.17489624,
                    148.716812134,
                    -55.9672241211,
                    268.388763428,
                    237.799362183,
                    547.624206543,
                    58.6475868225,
                    91.5556640625,
                    6.28508377075,
                    113.121612549,
                    22.071844101,
                    10.098575592
                ],
                [
                    1493.61669922,
                    -389.853973389,
                    -17.6730155945,
                    462.444915771,
                    124.65296936,
                    244.233337402,
                    58.6475868225,
                    268.682800293,
                    80.5578079224,
                    82.1322937012,
                    4.13620328903,
                    46.0688819885,
                    -0.106397099793
                ],
                [
                    -20.033821106,
                    52.2261009216,
                    73.3814849854,
                    147.535614014,
                    250.187133789,
                    162.437393188,
                    91.5556640625,
                    80.5578079224,
                    312.592285156,
                    91.0316390991,
                    28.732219696,
                    -19.6759281158,
                    27.1990242004
                ],
                [
                    987.387756348,
                    -309.719360352,
                    16.1403636932,
                    298.875762939,
                    106.65814209,
                    186.684173584,
                    6.28508377075,
                    82.1322937012,
                    91.0316390991,
                    180.32975769,
                    4.33501338959,
                    7.75229549408,
                    4.84949111938
                ],
                [
                    -432.604888916,
                    182.646530151,
                    87.352722168,
                    -24.1278648376,
                    106.584228516,
                    27.6402454376,
                    113.121612549,
                    4.13620328903,
                    28.732219696,
                    4.33501338959,
                    135.859115601,
                    24.6342563629,
                    19.3522491455
                ],
                [
                    457.651550293,
                    -242.918457031,
                    15.6372032166,
                    151.275161743,
                    -11.783326149,
                    62.0705833435,
                    22.071844101,
                    46.0688819885,
                    -19.6759281158,
                    7.75229549408,
                    24.6342563629,
                    134.580444336,
                    23.2817497253
                ],
                [
                    -388.08694458,
                    54.2813568115,
                    98.7509765625,
                    5.52988195419,
                    36.4894790649,
                    -27.1393451691,
                    10.098575592,
                    -0.106397099793,
                    27.1990242004,
                    4.84949111938,
                    19.3522491455,
                    23.2817497253,
                    123.034980774
                ]
            ],
            "icov": [
                [
                    0.000268950272584,
                    -0.00031723518623,
                    0.000335067335982,
                    -0.000543968286365,
                    0.000445804616902,
                    -0.000843303219881,
                    0.000485639233375,
                    -0.000407463230658,
                    0.000355614029104,
                    -0.000545749266166,
                    0.000377892458346,
                    -0.000474659260362,
                    0.000358649907866
                ],
                [
                    -0.00031723518623,
                    0.00101856561378,
                    -0.000588205875829,
                    0.00108086003456,
                    -0.00122349301819,
                    0.0011976637179,
                    -0.000851788674481,
                    0.000560747052077,
                    -0.000268484116532,
                    0.0011172798695,
                    -0.000520913337823,
                    0.00112769997213,
                    -0.000445197423687
                ],
                [
                    0.000335067335982,
                    -0.000588205875829,
                    0.00124801706988,
                    -0.000827073759865,
                    0.000894454715308,
                    -0.00125957804266,
                    0.000562870933209,
                    -0.000336083874572,
                    0.000269251788268,
                    -0.000784076051787,
                    0.000112180932774,
                    -0.000642396393232,
                    -0.000162421536515
                ],
                [
                    -0.000543968286365,
                    0.00108086003456,
                    -0.000827073759865,
                    0.00245667714626,
                    -0.00158427667338,
                    0.00140641082544,
                    -0.000681293022353,
                    -0.000286215421511,
                    -0.000396524497773,
                    0.000678242591675,
                    -0.000640704412945,
                    0.000712363049388,
                    -0.000776610395405
                ],
                [
                    0.000445804616902,
                    -0.00122349301819,
                    0.000894454715308,
                    -0.00158427667338,
                    0.00399650540203,
                    -0.00237530213781,
                    0.000589745410252,
                    -0.000594078446738,
                    -0.000829887343571,
                    -0.00119794206694,
                    -0.000619038124569,
                    -0.000425763399107,
                    -5.02548609802e-05
                ],
                [
                    -0.000843303219881,
                    0.0011976637179,
                    -0.00125957804266,
                    0.00140641082544,
                    -0.00237530213781,
                    0.00554279983044,
                    -0.00255166366696,
                    0.000558847968932,
                    -0.00103455618955,
                    0.000447920960141,
                    -0.00035763613414,
                    0.000948928180151,
                    -1.58839739015e-05
                ],
                [
                    0.000485639233375,
                    -0.000851788674481,
                    0.000562870933209,
                    -0.000681293022353,
                    0.000589745410252,
                    -0.00255166366696,
                    0.00399360666052,
                    -0.00130466953851,
                    0.000460821174784,
                    -0.000467760983156,
                    -0.00096807355294,
                    -0.00132477434818,
                    0.000739329203498
                ],
                [
                    -0.000407463230658,
                    0.000560747052077,
                    -0.000336083874572,
                    -0.000286215421511,
                    -0.000594078446738,
                    0.000558847968932,
                    -0.00130466953851,
                    0.00750661967322,
                    -0.00145010976121,
                    0.000852036988363,
                    -0.000321646337397,
                    -2.34716935665e-05,
                    -0.000494972162414
                ],
                [
                    0.000355614029104,
                    -0.000268484116532,
                    0.000269251788268,
                    -0.000396524497773,
                    -0.000829887343571,
                    -0.00103455618955,
                    0.000460821174784,
                    -0.00145010976121,
                    0.00551615515724,
                    -0.00237942393869,
                    0.000645557011012,
                    0.000420689495513,
                    -0.000286086520646
                ],
                [
                    -0.000545749266166,
                    0.0011172798695,
                    -0.000784076051787,
                    0.000678242591675,
                    -0.00119794206694,
                    0.000447920960141,
                    -0.000467760983156,
                    0.000852036988363,
                    -0.00237942393869,
                    0.0104455621913,
                    -0.00146180810407,
                    0.00219946820289,
                    -0.00119430152699
                ],
                [
                    0.000377892458346,
                    -0.000520913337823,
                    0.000112180932774,
                    -0.000640704412945,
                    -0.000619038124569,
                    -0.00035763613414,
                    -0.00096807355294,
                    -0.000321646337397,
                    0.000645557011012,
                    -0.00146180810407,
                    0.0108617283404,
                    -0.00300335581414,
                    0.000319221260725
                ],
                [
                    -0.000474659260362,
                    0.00112769997213,
                    -0.000642396393232,
                    0.000712363049388,
                    -0.000425763399107,
                    0.000948928180151,
                    -0.00132477434818,
                    -2.34716935665e-05,
                    0.000420689495513,
                    0.00219946820289,
                    -0.00300335581414,
                    0.0110857766122,
                    -0.00287188543007
                ],
                [
                    0.000358649907866,
                    -0.000445197423687,
                    -0.000162421536515,
                    -0.000776610395405,
                    -5.02548609802e-05,
                    -1.58839739015e-05,
                    0.000739329203498,
                    -0.000494972162414,
                    -0.000286086520646,
                    -0.00119430152699,
                    0.000319221260725,
                    -0.00287188543007,
                    0.0101745771244
                ]
            ],
            "mean": [
                -48.3871459961,
                114.292564392,
                -94.4294509888,
                2.19890785217,
                -63.6134223938,
                16.152557373,
                -26.6832199097,
                11.8814706802,
                -21.8686962128,
                1.00544929504,
                -10.7096233368,
                -2.6453666687,
                -8.808842659
            ]
        },
        "hfc": {
            "dmean": 13.1242675781,
            "dmean2": 20.5765972137,
            "dvar": 603.202941895,
            "dvar2": 1356.22460938,
            "max": 280.033691406,
            "mean": 26.900144577,
            "median": 20.5713195801,
            "min": 1.13598592876e-16,
            "var": 915.60949707
        },
        "melbands": {
            "dmean": [
                0.00369501323439,
                0.00130941928364,
                0.000815966515802,
                0.000464942364488,
                0.000345194945112,
                0.00026448542485,
                0.000192099396372,
                0.000197294983082,
                0.000363788916729,
                0.000143529905472,
                9.86499144346e-05,
                8.73543322086e-05,
                0.000121802659123,
                9.82599958661e-05,
                6.11778887105e-05,
                6.89224834787e-05,
                5.1484497817e-05,
                3.68788787455e-05,
                2.67609320872e-05,
                1.80131974048e-05,
                1.22599849419e-05,
                1.01888481367e-05,
                1.10856162792e-05,
                5.7845113588e-06,
                5.61357001061e-06,
                8.30175304145e-06,
                7.75191529101e-06,
                5.32969988853e-06,
