{
    "lowlevel": {
        "average_loudness": 0.793425858021,
        "barkbands": {
            "dmean": [
                3.47113527823e-05,
                0.00257989880629,
                0.00139998632949,
                0.001628176542,
                0.00205328594893,
                0.000916997611057,
                0.000606822373811,
                0.000448495527962,
                0.000899713602848,
                0.000440220290329,
                0.000351875845809,
                0.000212168073631,
                0.000225867610425,
                0.000262174435193,
                0.000187572877621,
                0.000190040693269,
                0.000121475888591,
                0.000155282570631,
                8.01505157142e-05,
                9.0146488219e-05,
                6.41406804789e-05,
                6.46163462079e-05,
                7.73329302319e-05,
                6.6851003794e-05,
                4.65735101898e-05,
                1.6849486201e-05,
                4.16264310843e-06
            ],
            "dmean2": [
                5.38841595699e-05,
                0.00430579204112,
                0.00242516910657,
                0.0026421379298,
                0.00329098757356,
                0.00142237753607,
                0.000908194400836,
                0.000632236187812,
                0.00129288935568,
                0.000651917071082,
                0.000533882295713,
                0.000323259213474,
                0.000356798729626,
                0.00041550458991,
                0.000297641498037,
                0.000307382608298,
                0.000188825302757,
                0.000241562753217,
                0.000128218147438,
                0.000140816438943,
                9.97198440018e-05,
                9.65964209172e-05,
                0.000115708142403,
                9.92631685222e-05,
                6.72877213219e-05,
                2.47861189564e-05,
                6.14399823462e-06
            ],
            "dvar": [
                7.52465201259e-09,
                5.60011576454e-05,
                1.17425743156e-05,
                1.08356562123e-05,
                1.3549313735e-05,
                3.23910239786e-06,
                1.56899659487e-06,
                1.53837981998e-06,
                3.75385775442e-06,
                1.43423278587e-06,
                1.5730688574e-06,
                4.96441771247e-07,
                5.15017973157e-07,
                6.69576536438e-07,
                4.29941650282e-07,
                2.53648153148e-07,
                8.76942038985e-08,
                1.38676043093e-07,
                3.68567647513e-08,
                3.8444216699e-08,
                1.87515407646e-08,
                2.43102462605e-08,
                2.74205085304e-08,
                2.76318701253e-08,
                1.43951170983e-08,
                1.44980538686e-09,
                1.31724575692e-10
            ],
            "dvar2": [
                1.66765232734e-08,
                0.000145084763062,
                3.41288978234e-05,
                2.74799331237e-05,
                3.56983800884e-05,
                7.55891460358e-06,
                3.4435129237e-06,
                3.06804918182e-06,
                8.04215596872e-06,
                3.1160063827e-06,
                3.73594980374e-06,
                1.11473593734e-06,
                1.23476843328e-06,
                1.62329683917e-06,
                9.74031422629e-07,
                5.97802852553e-07,
                1.85575032674e-07,
                3.16237418474e-07,
                8.70613945381e-08,
                8.65142268935e-08,
                4.42362981801e-08,
                5.31782688995e-08,
                5.80327181865e-08,
                6.03623391271e-08,
                3.12365244781e-08,
                3.27634874786e-09,
                2.94418572855e-10
            ],
            "max": [
                0.00108076678589,
                0.0879815667868,
                0.0441472381353,
                0.0445008575916,
                0.0654841288924,
                0.0382699370384,
                0.0329381711781,
                0.0373669378459,
                0.0401898361742,
                0.0367381609976,
                0.0499763227999,
                0.0249605029821,
                0.0170152727515,
                0.0246118716896,
                0.017449406907,
                0.0120014045388,
                0.0080791991204,
                0.00845454074442,
                0.00608249427751,
                0.00599388824776,
                0.0029346391093,
                0.004008684773,
                0.00333770760335,
                0.00327722146176,
                0.00303260749206,
                0.000700272619724,
                0.000163897697348
            ],
            "mean": [
                4.96535285492e-05,
                0.00469808885828,
                0.00289227371104,
                0.00262116920203,
                0.00421068677679,
                0.00205053109676,
                0.001318405848,
                0.000962977879681,
                0.00215164688416,
                0.00099876220338,
                0.000676801428199,
                0.000397584488383,
                0.000405539292842,
                0.000485906639369,
                0.000304184737615,
                0.000362096470781,
                0.000262459390797,
                0.000329319242155,
                0.000169250837644,
                0.000188211241039,
                0.000127035993501,
                0.000122935278341,
                0.000153972301632,
                0.000131688735564,
                8.67326743901e-05,
                2.98718568956e-05,
                5.74377327212e-06
            ],
            "median": [
                1.08230979095e-05,
                0.00275046471506,
                0.00142776197754,
                0.00116786034778,
                0.00276792538352,
                0.00107788864989,
                0.000542204710655,
                0.000272570119705,
                0.000607080059126,
                0.00010876324086,
                5.90978197579e-05,
                5.6547094573e-05,
                5.49319738639e-05,
                5.10874124302e-05,
                3.79998309654e-05,
                5.92461292399e-05,
                4.88629411848e-05,
                7.15380519978e-05,
                3.79304801754e-05,
                4.98460904055e-05,
                3.17974590871e-05,
                3.0820039683e-05,
                3.8737347495e-05,
                2.80363074125e-05,
                1.76233934326e-05,
                6.9608126978e-06,
                1.27248858917e-06
            ],
            "min": [
                1.16634100495e-24,
                2.41669628796e-24,
                4.13976305778e-25,
                5.45914475468e-25,
                1.13453170751e-23,
                9.19663509638e-24,
                7.00502804038e-24,
                3.25977461712e-24,
                1.67239379654e-23,
                1.97267212239e-23,
                1.46843270509e-23,
                4.39590088862e-23,
                3.89710003617e-23,
                4.36779030358e-23,
                4.69697375517e-23,
                5.3608847728e-23,
                7.09854276753e-23,
                1.02339827691e-22,
                1.19547326347e-22,
                1.95294684478e-22,
                2.52178712291e-22,
                3.22286030493e-22,
                3.63972570925e-22,
                6.67408587073e-22,
                9.48627629556e-22,
                1.36324504535e-21,
                1.8817680389e-21
            ],
            "var": [
                1.08206288374e-08,
                5.65639675187e-05,
                1.63463628269e-05,
                1.72658983502e-05,
                2.38338689087e-05,
                8.37151219457e-06,
                4.92327944812e-06,
                5.47602166989e-06,
                1.53622459038e-05,
                6.6234579208e-06,
                4.99677253174e-06,
                1.79135395229e-06,
                1.24850066641e-06,
                1.99279998014e-06,
                7.75698254074e-07,
                6.55658709547e-07,
                3.24805853325e-07,
                4.10131519857e-07,
                9.01671057818e-08,
                1.02672949254e-07,
                4.64159306546e-08,
                5.22656158353e-08,
                7.25804909507e-08,
                7.11496994654e-08,
                3.3070126193e-08,
                2.90398727287e-09,
                1.68082561758e-10
            ]
        },
        "barkbands_crest": {
            "dmean": 2.08346605301,
            "dmean2": 3.37618947029,
            "dvar": 5.09247303009,
            "dvar2": 13.6272468567,
            "max": 25.6180801392,
            "mean": 10.581372261,
            "median": 9.65395069122,
            "min": 2.74723243713,
            "var": 19.3284568787
        },
        "barkbands_flatness_db": {
            "dmean": 0.0209377352148,
            "dmean2": 0.0306142289191,
            "dvar": 0.000531677156687,
            "dvar2": 0.00117734901141,
            "max": 0.510733008385,
            "mean": 0.18034915626,
            "median": 0.154816538095,
            "min": 0.0291431937367,
            "var": 0.0090290941298
        },
        "barkbands_kurtosis": {
            "dmean": 5.90510129929,
            "dmean2": 9.19982433319,
            "dvar": 183.657821655,
            "dvar2": 461.409179688,
            "max": 266.799316406,
            "mean": 13.6181058884,
            "median": 5.39668750763,
            "min": -1.95267009735,
            "var": 488.540985107
        },
        "barkbands_skewness": {
            "dmean": 0.59703963995,
            "dmean2": 0.894630908966,
            "dvar": 0.633280396461,
            "dvar2": 1.42689538002,
            "max": 14.1116199493,
            "mean": 2.28579831123,
            "median": 1.86869287491,
            "min": -2.64088058472,
            "var": 3.00057435036
        },
        "barkbands_spread": {
            "dmean": 4.30424976349,
            "dmean2": 6.54417133331,
            "dvar": 56.8540878296,
            "dvar2": 115.283218384,
            "max": 113.745002747,
            "mean": 16.2024250031,
            "median": 12.7544136047,
            "min": 0.210731357336,
            "var": 228.584594727
        },
        "dissonance": {
            "dmean": 0.0229521915317,
            "dmean2": 0.0372092984617,
            "dvar": 0.000517767213751,
            "dvar2": 0.00131143454928,
            "max": 0.499917656183,
            "mean": 0.435690224171,
            "median": 0.450821369886,
            "min": 0.133126601577,
            "var": 0.00273607973941
        },
        "dynamic_complexity": 4.97628974915,
        "erbbands": {
            "dmean": [
                0.0562632828951,
                0.656103074551,
                1.58930492401,
                2.9581182003,
                8.64906978607,
                5.94791460037,
                6.0150270462,
                8.17719936371,
                8.93309402466,
                8.11584568024,
                10.7817697525,
                22.3862247467,
                13.5382490158,
                12.3737840652,
                12.8277235031,
                8.48909950256,
                10.1619491577,
                10.9475326538,
                11.1682786942,
                9.93429660797,
                8.94642066956,
                6.05938005447,
                6.94004917145,
                5.58367824554,
                3.76832103729,
                4.00860500336,
                2.90763163567,
                2.36201262474,
                2.41429567337,
                2.32458043098,
                2.24310350418,
                1.55837106705,
                1.0569524765,
                0.59963363409,
                0.31763407588,
                0.0984878987074,
                0.0278134569526,
                0.00490811094642,
                0.000748699938413,
                4.69932165288e-05
            ],
            "dmean2": [
                0.0902779325843,
                1.114331007,
                2.75250792503,
                4.87176895142,
                13.8889112473,
                9.48549556732,
                9.54152679443,
                12.5515155792,
                13.661195755,
                11.3158197403,
                14.9393062592,
                32.2851142883,
                19.328704834,
                18.2940311432,
                19.0940418243,
                12.9348802567,
                15.866106987,
                17.0228042603,
                17.2876796722,
                16.0344944,
                14.1171274185,
                9.317278862,
                10.711605072,
                8.70041275024,
                5.99334049225,
                6.20145368576,
                4.4528055191,
                3.67815566063,
                3.6496989727,
                3.43795681,
                3.38304853439,
                2.31823587418,
                1.58438289165,
                0.879848599434,
                0.457990378141,
                0.144320353866,
                0.0412330552936,
                0.0072245337069,
                0.00110076798592,
                6.95839917171e-05
            ],
            "dvar": [
                0.0315539687872,
                3.5198700428,
                16.0283260345,
                31.6501750946,
                360.405609131,
                87.2740936279,
                162.025817871,
                263.526733398,
                382.322387695,
                299.889984131,
                946.47052002,
                2684.91772461,
                1464.45373535,
                1606.75830078,
                2115.5,
                815.287963867,
                936.258728027,
                1748.7199707,
                1084.72668457,
                817.117858887,
                659.265563965,
                222.544509888,
                238.555038452,
                217.06980896,
                61.397693634,
                89.4268417358,
                41.5254821777,
                25.8814067841,
                33.1557502747,
                28.2710876465,
                23.8389015198,
                14.4739570618,
                7.65635919571,
                2.753875494,
                0.580215156078,
                0.050777439028,
                0.00418362626806,
                0.000140218849992,
                4.45958812634e-06,
                2.00224050673e-08
            ],
            "dvar2": [
                0.0771335288882,
                9.37210845947,
                45.8128318787,
                84.5466079712,
                912.755859375,
                228.883743286,
                400.937774658,
                622.60559082,
                874.344177246,
                607.528808594,
                1832.98461914,
                5917.56005859,
                3151.3425293,
                3575.51708984,
                4950.26220703,
                1858.22460938,
                2248.97412109,
                4263.07519531,
                2374.48364258,
                1895.48522949,
                1496.28356934,
                448.880401611,
                538.41595459,
                480.991333008,
                144.591491699,
                199.455963135,
                95.9749984741,
                60.9835777283,
                74.3118896484,
                59.1321334839,
                51.5785140991,
                31.9221515656,
                17.1011486053,
                6.07894325256,
                1.24926245213,
                0.114519037306,
                0.00953418482095,
                0.000311991694616,
                1.00873103293e-05,
                4.57004709631e-08
            ],
            "max": [
                2.45714616776,
                20.9894447327,
                50.6827278137,
                104.034950256,
                316.444061279,
                135.711807251,
                335.123260498,
                442.069549561,
                537.14465332,
                680.682006836,
                835.076049805,
                1194.14904785,
                1631.11462402,
                1176.98840332,
                2216.19506836,
                998.79119873,
                753.739074707,
                1383.91809082,
                977.52545166,
                740.704284668,
                721.347839355,
                437.919250488,
                305.377960205,
                409.139129639,
                223.432434082,
                310.218597412,
                193.606338501,
                104.577163696,
                149.408782959,
                114.470039368,
                84.4166793823,
                78.3241043091,
                60.4765815735,
                39.3169364929,
                16.4930992126,
                4.42087602615,
                1.13271844387,
                0.196582689881,
                0.0311800204217,
                0.00241590477526
            ],
            "mean": [
                0.0887568071485,
                1.21006441116,
                3.37541413307,
                5.92062282562,
                13.5239572525,
                12.9295434952,
                13.7012109756,
                18.0400867462,
                18.7350120544,
                20.1215305328,
                26.6271076202,
                53.2763786316,
                34.3482475281,
                26.136554718,
                26.7635192871,
                18.1083831787,
                20.3964061737,
                21.5907077789,
                21.524805069,
                18.6081085205,
                18.6274814606,
                14.4311561584,
                15.8812704086,
                12.5252971649,
                8.99041557312,
                8.41044616699,
                5.81692457199,
                4.65371131897,
                4.52875089645,
                4.51493740082,
                4.35600566864,
                3.06266593933,
                1.99842882156,
                1.10330832005,
                0.55886900425,
                0.177818238735,
                0.0473236441612,
                0.0078078112565,
                0.00103347713593,
                8.63556124386e-05
            ],
            "median": [
                0.0479282699525,
                0.709725379944,
                1.98906159401,
                3.52868962288,
                6.95752286911,
                8.31989955902,
                7.4124917984,
                9.42568969727,
                8.08460521698,
                8.45081329346,
                8.83726596832,
                13.4951038361,
                6.04029941559,
                3.82716798782,
                3.46140193939,
                2.82237100601,
                3.01256799698,
                2.40174627304,
                2.79808473587,
                2.91706514359,
                3.20588588715,
                3.16228461266,
                3.95780086517,
                2.43287706375,
                2.20867609978,
                2.40468239784,
                1.45588386059,
                1.22643303871,
                1.07012581825,
                1.14159917831,
                1.06963336468,
                0.689085841179,
                0.400485306978,
                0.197226732969,
                0.116677172482,
                0.0396186485887,
                0.0109611591324,
                0.00186318776105,
                0.000226408737944,
                4.40007352154e-05
            ],
            "min": [
                1.12192025132e-22,
                3.67820394607e-22,
                4.80962662653e-22,
                2.6556512397e-21,
                1.23239199928e-20,
                3.53761851222e-20,
                5.56438000339e-20,
                1.30276526231e-19,
                1.13822249486e-19,
                2.08747027965e-19,
                3.66477588254e-19,
                3.4836995841e-19,
                7.27714677134e-19,
                9.94049825475e-19,
                7.71489850632e-19,
                1.724235136e-18,
                1.99181493267e-18,
                2.52492146373e-18,
                3.01473522268e-18,
                3.84034605323e-18,
                2.43979878843e-18,
                4.26748888666e-18,
                5.88657540813e-18,
                7.19507587552e-18,
                6.93659186026e-18,
                9.63490795797e-18,
                9.99848196133e-18,
                1.038896415e-17,
                1.11553900009e-17,
                1.19645852254e-17,
                1.09630117787e-17,
                1.05578661593e-17,
                1.11770546884e-17,
                7.9244696776e-18,
                6.83008946126e-18,
                4.66258467521e-18,
                2.41974958474e-18,
                9.77584071599e-19,
                2.3818857024e-19,
                2.51225075634e-20
            ],
            "var": [
                0.0315702445805,
                3.47261548042,
                19.8018989563,
                56.3121337891,
                457.603240967,
                218.174758911,
                396.897918701,
                652.010009766,
                1047.10864258,
                1427.49072266,
                3539.109375,
                11387.6240234,
                6903.41015625,
                4195.27148438,
                7499.91748047,
                3060.6159668,
                2753.68286133,
                4939.00244141,
                3351.68408203,
                1761.93261719,
                1824.48046875,
                829.572021484,
                799.76550293,
                614.094543457,
                200.353912354,
                216.766143799,
                104.855911255,
                59.9272117615,
                68.1627960205,
                71.2013778687,
                59.4866600037,
                37.0962944031,
                17.7187843323,
                6.18360948563,
                1.25817275047,
                0.110056437552,
                0.00760672939941,
                0.000223553390242,
                5.60173475606e-06,
                2.45120315157e-08
            ]
        },
        "erbbands_crest": {
            "dmean": 2.20949912071,
            "dmean2": 3.43514060974,
            "dvar": 4.43160820007,
            "dvar2": 11.0067806244,
            "max": 31.5688743591,
            "mean": 10.134352684,
            "median": 9.45736408234,
            "min": 2.35687232018,
            "var": 17.9922294617
        },
        "erbbands_flatness_db": {
            "dmean": 0.0173406153917,
            "dmean2": 0.0231799390167,
            "dvar": 0.000334051903337,
            "dvar2": 0.00061591604026,
            "max": 0.41486543417,
            "mean": 0.163849338889,
            "median": 0.149742439389,
            "min": 0.0477788560092,
            "var": 0.00383011461236
        },
        "erbbands_kurtosis": {
            "dmean": 1.73529827595,
            "dmean2": 2.62548732758,
            "dvar": 10.2388763428,
            "dvar2": 23.6486358643,
            "max": 59.9839935303,
            "mean": 3.33553981781,
            "median": 1.12102508545,
            "min": -1.89997363091,
            "var": 37.1583175659
        },
        "erbbands_skewness": {
            "dmean": 0.383546859026,
            "dmean2": 0.567698419094,
            "dvar": 0.225611150265,
            "dvar2": 0.483582854271,
            "max": 6.76131725311,
            "mean": 1.07789230347,
            "median": 0.919954955578,
            "min": -5.2886557579,
            "var": 1.37226819992
        },
        "erbbands_spread": {
            "dmean": 9.2082118988,
            "dmean2": 13.206032753,
            "dvar": 186.223724365,
            "dvar2": 390.269805908,
            "max": 163.464294434,
            "mean": 36.7127037048,
            "median": 31.5418128967,
            "min": 1.87004935741,
            "var": 600.516235352
        },
        "gfcc": {
            "cov": [
                [
                    29940.1445312,
                    -2931.86010742,
                    -4203.66015625,
                    843.550964355,
                    -1083.9822998,
                    1835.70959473,
                    162.833831787,
                    1392.9342041,
                    -357.428253174,
                    418.178039551,
                    -232.076843262,
                    494.811950684,
                    -59.589881897
                ],
                [
                    -2931.86010742,
                    1756.54760742,
                    392.459960938,
                    -402.701934814,
                    278.473175049,
                    -384.436798096,
                    39.459941864,
                    -235.880355835,
                    61.3294563293,
                    -133.59262085,
                    116.256828308,
                    -123.45300293,
                    18.0143356323
                ],
                [
                    -4203.66015625,
                    392.459960938,
                    1377.05566406,
                    214.826171875,
                    105.319541931,
                    -224.542892456,
                    -63.5501899719,
                    -214.151184082,
                    103.917304993,
                    -7.34021234512,
                    53.67918396,
                    -25.0935726166,
                    3.83587431908
                ],
                [
                    843.550964355,
                    -402.701934814,
                    214.826171875,
                    635.138427734,
                    13.8095598221,
                    66.5841445923,
                    -32.6921157837,
                    22.6315898895,
                    44.4850616455,
                    74.6366348267,
                    18.4705352783,
                    70.7523651123,
                    9.21785831451
                ],
                [
                    -1083.9822998,
                    278.473175049,
                    105.319541931,
                    13.8095598221,
                    338.125457764,
                    -20.7155628204,
                    12.8993282318,
                    -65.5439834595,
                    31.9902763367,
                    3.88295435905,
                    42.7978553772,
                    -9.8076171875,
                    19.2827129364
                ],
                [
                    1835.70959473,
                    -384.436798096,
                    -224.542892456,
                    66.5841445923,
                    -20.7155628204,
                    384.446411133,
                    127.654258728,
                    129.646286011,
                    -11.588555336,
                    76.5067672729,
                    -1.13881850243,
                    41.651676178,
                    20.2031536102
                ],
                [
                    162.833831787,
                    39.459941864,
                    -63.5501899719,
                    -32.6921157837,
                    12.8993282318,
                    127.654258728,
                    228.411087036,
                    51.5391273499,
                    7.41655111313,
                    29.3740196228,
                    12.1429643631,
                    5.32448244095,
                    17.7112121582
                ],
                [
                    1392.9342041,
                    -235.880355835,
                    -214.151184082,
                    22.6315898895,
                    -65.5439834595,
                    129.646286011,
                    51.5391273499,
                    258.621887207,
                    54.3725204468,
                    24.215845108,
                    -4.79627513885,
                    33.6524505615,
                    21.3315238953
                ],
                [
                    -357.428253174,
                    61.3294563293,
                    103.917304993,
                    44.4850616455,
                    31.9902763367,
                    -11.588555336,
                    7.41655111313,
                    54.3725204468,
                    134.26411438,
                    28.1381587982,
                    -1.90206503868,
                    -4.08975744247,
                    17.5369243622
                ],
                [
                    418.178039551,
                    -133.59262085,
                    -7.34021234512,
                    74.6366348267,
                    3.88295435905,
                    76.5067672729,
                    29.3740196228,
                    24.215845108,
                    28.1381587982,
                    101.961486816,
                    17.2985668182,
                    14.8792991638,
                    3.15797710419
                ],
                [
                    -232.076843262,
                    116.256828308,
                    53.67918396,
                    18.4705352783,
                    42.7978553772,
                    -1.13881850243,
                    12.1429643631,
                    -4.79627513885,
                    -1.90206503868,
                    17.2985668182,
                    113.851005554,
                    21.7969970703,
                    -1.72784459591
                ],
                [
                    494.811950684,
                    -123.45300293,
                    -25.0935726166,
                    70.7523651123,
                    -9.8076171875,
                    41.651676178,
                    5.32448244095,
                    33.6524505615,
                    -4.08975744247,
                    14.8792991638,
                    21.7969970703,
                    85.0523300171,
                    16.5552635193
                ],
                [
                    -59.589881897,
                    18.0143356323,
                    3.83587431908,
                    9.21785831451,
                    19.2827129364,
                    20.2031536102,
                    17.7112121582,
                    21.3315238953,
                    17.5369243622,
                    3.15797710419,
                    -1.72784459591,
                    16.5552635193,
                    64.5611343384
                ]
            ],
            "icov": [
                [
                    0.000176906542038,
                    -0.000310859875754,
                    0.000425422738772,
                    -0.000409743341152,
                    0.000398467876948,
                    -0.000623166095465,
                    0.000430170824984,
                    -0.000529212818947,
                    0.000493773899507,
                    -0.000501227099448,
                    0.000525392650161,
                    -0.000595800636802,
                    0.000473323976621
                ],
                [
                    -0.000310859875754,
                    0.00205307756551,
                    -0.000825648254249,
                    0.00140198017471,
                    -0.00133435812313,
                    0.00206858897582,
                    -0.00162838143297,
                    0.00169168319553,
                    -0.00190409692004,
                    0.00214609713294,
                    -0.0025945387315,
                    0.00214991695248,
                    -0.00158041482791
                ],
                [
                    0.000425422738772,
                    -0.000825648254249,
                    0.00213129632175,
                    -0.00142980355304,
                    0.00108250102494,
                    -0.00125553505495,
                    0.000956869858783,
                    -0.000262767454842,
                    6.05232526141e-05,
                    -0.000933446688578,
                    0.00081214599777,
                    -0.00130409456324,
                    0.00097981793806
                ],
                [
                    -0.000409743341152,
                    0.00140198017471,
                    -0.00142980355304,
                    0.003369738115,
                    -0.00131033291109,
                    0.00152024638373,
                    -0.000802799419034,
                    0.00143512559589,
                    -0.0018113439437,
                    0.000528173404746,
                    -0.00166128913406,
                    0.00024991799728,
                    -0.00114622910041
                ],
                [
                    0.000398467876948,
                    -0.00133435812313,
                    0.00108250102494,
                    -0.00131033291109,
                    0.00477971695364,
                    -0.00211341911927,
                    0.00113059591968,
                    -6.73417889629e-05,
                    0.000101769604953,
                    -0.00116639828775,
                    0.000349683570676,
                    -0.00121522694826,
                    0.000159132745466
                ],
                [
                    -0.000623166095465,
                    0.00206858897582,
                    -0.00125553505495,
                    0.00152024638373,
                    -0.00211341911927,
                    0.00760596385226,
                    -0.00398636516184,
                    0.000554020574782,
                    -0.000554898928385,
                    -0.000261788198259,
                    -0.00213273544796,
                    0.00212079961784,
                    -0.00257059023716
                ],
                [
                    0.000430170824984,
                    -0.00162838143297,
                    0.000956869858783,
                    -0.000802799419034,
                    0.00113059591968,
                    -0.00398636516184,
                    0.00729432934895,
                    -0.00204991339706,
                    0.00163586821873,
                    -0.0024274669122,
                    0.0015813249629,
                    -0.00149695412256,
                    0.00059575762134
                ],
                [
                    -0.000529212818947,
                    0.00169168319553,
                    -0.000262767454842,
                    0.00143512559589,
                    -6.73417889629e-05,
                    0.000554020574782,
                    -0.00204991339706,
                    0.00907182972878,
                    -0.00639537302777,
                    0.00358725967817,
                    -0.00314084091224,
                    0.000876312551554,
                    -0.00248513044789
                ],
                [
                    0.000493773899507,
                    -0.00190409692004,
                    6.05232526141e-05,
                    -0.0018113439437,
                    0.000101769604953,
                    -0.000554898928385,
                    0.00163586821873,
                    -0.00639537302777,
                    0.0139642972499,
                    -0.00616554450244,
                    0.0040200073272,
                    -0.000647650798783,
                    -0.000168282771483
                ],
                [
                    -0.000501227099448,
                    0.00214609713294,
                    -0.000933446688578,
                    0.000528173404746,
                    -0.00116639828775,
                    -0.000261788198259,
                    -0.0024274669122,
                    0.00358725967817,
                    -0.00616554450244,
                    0.0165645312518,
                    -0.0051002711989,
                    0.00235922657885,
                    -0.00104738713708
                ],
                [
                    0.000525392650161,
                    -0.0025945387315,
                    0.00081214599777,
                    -0.00166128913406,
                    0.000349683570676,
                    -0.00213273544796,
                    0.0015813249629,
                    -0.00314084091224,
                    0.0040200073272,
                    -0.0051002711989,
                    0.0140212364495,
                    -0.00619786698371,
                    0.00368679873645
                ],
                [
                    -0.000595800636802,
                    0.00214991695248,
                    -0.00130409456324,
                    0.00024991799728,
                    -0.00121522694826,
                    0.00212079961784,
                    -0.00149695412256,
                    0.000876312551554,
                    -0.000647650798783,
                    0.00235922657885,
                    -0.00619786698371,
                    0.0186672508717,
                    -0.00617974530905
                ],
                [
                    0.000473323976621,
                    -0.00158041482791,
                    0.00097981793806,
                    -0.00114622910041,
                    0.000159132745466,
                    -0.00257059023716,
                    0.00059575762134,
                    -0.00248513044789,
                    -0.000168282771483,
                    -0.00104738713708,
                    0.00368679873645,
                    -0.00617974530905,
                    0.0196673218161
                ]
            ],
            "mean": [
                -53.3628578186,
                100.482154846,
                -76.7852325439,
                31.305398941,
                -56.7732925415,
                3.07404875755,
                -41.3599243164,
                5.21007680893,
                -20.3484020233,
                -3.64028382301,
                -17.0037593842,
                -4.1745891571,
                -13.1821775436
            ]
        },
        "hfc": {
            "dmean": 3.86128950119,
            "dmean2": 5.45648860931,
            "dvar": 38.2091941833,
            "dvar2": 72.7999801636,
            "max": 93.7997436523,
            "mean": 17.8465595245,
            "median": 10.6491680145,
            "min": 1.06810517159e-16,
            "var": 352.656219482
        },
        "melbands": {
            "dmean": [
                0.000623001193162,
                0.000824573158752,
                0.000708739855327,
                0.000509576231707,
                0.000211306745769,
                0.000177439389518,
                0.000130910091684,
                8.967253234e-05,
                9.99789117486e-05,
                0.000136096627102,
                6.87654974172e-05,
                5.42205634702e-05,
                5.02302282257e-05,
                2.68111507467e-05,
                2.6571800845e-05,
                2.08928395296e-05,
                2.13886669371e-05,
                2.03950530704e-05,
                1.32442273753e-05,
                1.28983983814e-05,
                1.18247753562e-05,
                6.90181468599e-06,
                7.24461324353e-06,
                7.68806967244e-06,
                4.6228683459e-06,
                3.19452556141e-06,
                3.59285763807e-06,
                2.72524198408e-06,
