{
    "lowlevel": {
        "average_loudness": 0.937183558941,
        "barkbands": {
            "dmean": [
                0.000237340442254,
                0.00326473801397,
                0.00191193725914,
                0.000673169502988,
                0.00111883471254,
                0.00106681254692,
                0.00094713724684,
                0.00119364412967,
                0.00120445806533,
                0.000494899519254,
                0.000700125587173,
                0.00060164812021,
                0.000574019330088,
                0.000624666921794,
                0.000408527848776,
                0.000427719671279,
                0.000397294206778,
                0.000403235841077,
                0.000261649111053,
                0.000268780568149,
                0.000310159957735,
                0.000420787313487,
                0.000420125026722,
                0.000421021482907,
                0.000231827667449,
                6.91084060236e-05,
                1.05205999716e-05
            ],
            "dmean2": [
                0.000435411202488,
                0.00490442849696,
                0.00350387766957,
                0.00127223308664,
                0.00178447761573,
                0.00170478934888,
                0.00161863048561,
                0.00199825363234,
                0.00194410665426,
                0.000787099241279,
                0.00115737563465,
                0.00097954692319,
                0.000930207548663,
                0.00101125461515,
                0.000647382577881,
                0.000679656805005,
                0.000636641983874,
                0.000627731787972,
                0.000402201112593,
                0.000420134718297,
                0.000466231402243,
                0.000652169575915,
                0.000640443584416,
                0.000636889308225,
                0.000354513205821,
                0.000106080784462,
                1.60753952514e-05
            ],
            "dvar": [
                3.50043450226e-07,
                9.79478427325e-05,
                7.91421261965e-05,
                8.71041902428e-06,
                4.80898415844e-06,
                6.03430044066e-06,
                4.79958407595e-06,
                6.43370276521e-06,
                9.67674532149e-06,
                2.54247902376e-06,
                3.90395052818e-06,
                3.61639786206e-06,
                3.76711159333e-06,
                2.92033860205e-06,
                1.15959096547e-06,
                1.43990064316e-06,
                9.34855108881e-07,
                7.58037913329e-07,
                2.95569492437e-07,
                4.7660716973e-07,
                7.07183744453e-07,
                1.26300960801e-06,
                1.27042380882e-06,
                1.06802838218e-06,
                3.25533278556e-07,
                3.40859642733e-08,
                7.53708706558e-10
            ],
            "dvar2": [
                1.13915086786e-06,
                0.000195854634512,
                0.000223623472266,
                2.55576578638e-05,
                1.13282958409e-05,
                1.40152433232e-05,
                1.239944595e-05,
                1.6049549231e-05,
                2.30681525863e-05,
                5.77492846787e-06,
                9.62933154369e-06,
                8.9020741143e-06,
                9.34728359425e-06,
                7.30193914933e-06,
                2.91994069812e-06,
                3.39796906701e-06,
                2.25469193538e-06,
                1.72425609435e-06,
                6.68996392506e-07,
                1.1691505506e-06,
                1.41830810207e-06,
                2.68205963039e-06,
                2.91683636533e-06,
                2.42031455855e-06,
                7.50750984935e-07,
                7.76937625346e-08,
                1.70864611349e-09
            ],
            "max": [
                0.00786254089326,
                0.0941684991121,
                0.0934476181865,
                0.0404460951686,
                0.0465810671449,
                0.0432782135904,
                0.0410007089376,
                0.0469368509948,
                0.0656666234136,
                0.0813297256827,
                0.0490596406162,
                0.0369033254683,
                0.0522586926818,
                0.0386549085379,
                0.031689286232,
                0.021966682747,
                0.0341250747442,
                0.0220794267952,
                0.0145916417241,
                0.00645118486136,
                0.00696494942531,
                0.00851675122976,
                0.00941746402532,
                0.00867219548672,
                0.00991159677505,
                0.00376408011653,
                0.000324392371112
            ],
            "mean": [
                0.000203714720556,
                0.00443912483752,
                0.00125543377362,
                0.000547384319361,
                0.0014864730183,
                0.00130288559012,
                0.000974952650722,
                0.00120763748419,
                0.00128105818294,
                0.000604446453508,
                0.000808417564258,
                0.000678027688991,
                0.000619287660811,
                0.000702688004822,
                0.000500925816596,
                0.000517492473591,
                0.000488941499498,
                0.00054688117234,
                0.000325329572661,
                0.000270903168712,
                0.000308885151753,
                0.000415696558775,
                0.000393367110519,
                0.000417873408878,
                0.000232691381825,
                6.38336932752e-05,
                1.02185040305e-05
            ],
            "median": [
                3.55322008545e-05,
                0.000223390059546,
                8.02490976639e-05,
                0.000136381131597,
                0.000684424652718,
                0.000419334799517,
                0.000326123845298,
                0.000289141549729,
                0.000280322332401,
                0.00015928450739,
                0.000155331654241,
                0.000120873330161,
                0.000114926355309,
                0.000117554140161,
                9.88048122963e-05,
                9.71040863078e-05,
                0.000116266513942,
                0.000113225614768,
                8.02640061011e-05,
                4.16593829868e-05,
                2.01460643439e-05,
                4.29604078818e-05,
                2.88649735012e-05,
                2.64066147793e-05,
                1.61991956702e-05,
                2.96433108815e-06,
                9.39250412557e-07
            ],
            "min": [
                3.59896709644e-23,
                9.58701080393e-24,
                7.34689826859e-24,
                1.72513009469e-23,
                7.88414157513e-23,
                5.39829129475e-23,
                3.66919780511e-23,
                5.19388923006e-23,
                5.82187110444e-23,
                2.46778789e-23,
                1.17928142008e-22,
                1.6756003899e-22,
                1.29669194311e-22,
                8.56370233095e-23,
                7.14679581138e-23,
                9.38044347382e-23,
                2.30267589466e-22,
                8.52909721184e-23,
                2.32023328784e-22,
                2.19231236076e-22,
                4.90564500887e-22,
                6.40529660029e-22,
                6.94152562103e-22,
                9.70928285585e-22,
                1.14064520913e-21,
                1.97255939101e-21,
                2.17601027878e-21
            ],
            "var": [
                2.7227892474e-07,
                0.000169779683347,
                4.71577332064e-05,
                4.72298370369e-06,
                6.70847293804e-06,
                7.63234311307e-06,
                4.75242632092e-06,
                7.30991860109e-06,
                1.04855553218e-05,
                3.30600232701e-06,
                4.62851903649e-06,
                4.05144965043e-06,
                3.89347769669e-06,
                3.36832249559e-06,
                1.56002579388e-06,
                1.87355271919e-06,
                1.34061474455e-06,
                1.20660945413e-06,
                3.72949443772e-07,
                4.57855037439e-07,
                8.21608750812e-07,
                1.36242954341e-06,
                1.27476641865e-06,
                1.17823651635e-06,
                3.74309991003e-07,
                3.50718920572e-08,
                8.10705114151e-10
            ]
        },
        "barkbands_crest": {
            "dmean": 3.34375047684,
            "dmean2": 5.23514270782,
            "dvar": 8.85843086243,
            "dvar2": 19.3848781586,
            "max": 26.2851848602,
            "mean": 9.94292640686,
            "median": 8.663022995,
            "min": 2.02768754959,
            "var": 25.5817699432
        },
        "barkbands_flatness_db": {
            "dmean": 0.028153238818,
            "dmean2": 0.0410642437637,
            "dvar": 0.000791894097347,
            "dvar2": 0.00145570281893,
            "max": 0.484186947346,
            "mean": 0.121899597347,
            "median": 0.115087606013,
            "min": 0.01735034585,
            "var": 0.00318193319254
        },
        "barkbands_kurtosis": {
            "dmean": 4.55237913132,
            "dmean2": 7.02972221375,
            "dvar": 349.236633301,
            "dvar2": 718.102783203,
            "max": 1128.7088623,
            "mean": 4.23123407364,
            "median": 0.683145403862,
            "min": -1.91712534428,
            "var": 563.02355957
        },
        "barkbands_skewness": {
            "dmean": 0.842732131481,
            "dmean2": 1.24204289913,
            "dvar": 0.92991745472,
            "dvar2": 1.8154001236,
            "max": 31.5807628632,
            "mean": 1.03426861763,
            "median": 0.822614789009,
            "min": -8.05333423615,
            "var": 2.75469565392
        },
        "barkbands_spread": {
            "dmean": 9.35193634033,
            "dmean2": 14.2445793152,
            "dvar": 126.003295898,
            "dvar2": 251.671051025,
            "max": 118.396446228,
            "mean": 24.5250797272,
            "median": 18.9083824158,
            "min": 0.164556726813,
            "var": 320.255859375
        },
        "dissonance": {
            "dmean": 0.0225501954556,
            "dmean2": 0.0376720614731,
            "dvar": 0.000460853421828,
            "dvar2": 0.00121963850688,
            "max": 0.500000119209,
            "mean": 0.463848918676,
            "median": 0.47080975771,
            "min": 0.258497327566,
            "var": 0.000797432847321
        },
        "dynamic_complexity": 3.0783059597,
        "erbbands": {
            "dmean": [
                0.106395557523,
                0.803214848042,
                2.08947134018,
                2.36643028259,
                1.89536571503,
                4.16151380539,
                9.04644393921,
                8.1237487793,
                9.04137039185,
                23.5484352112,
                24.9097385406,
                27.9364833832,
                15.6775493622,
                20.8709812164,
                23.6086902618,
                23.0895023346,
                24.6901721954,
                28.6884231567,
                21.0911445618,
                22.5305786133,
                22.709400177,
                21.5958709717,
                22.973285675,
                14.1907148361,
                12.8842906952,
                11.6676502228,
                12.8653364182,
                13.0668039322,
                14.5263118744,
                13.5244865417,
                12.7147798538,
                9.29746723175,
                6.57662391663,
                3.04099440575,
                1.36253917217,
                0.458088845015,
                0.103075459599,
                0.00912909954786,
                0.00171238952316,
                0.000155927875312
            ],
            "dmean2": [
                0.151886537671,
                1.1430118084,
                3.64404797554,
                4.44538974762,
                3.36735081673,
                6.67889499664,
                14.1634511948,
                13.1025009155,
                14.9495887756,
                40.5229682922,
                41.2523117065,
                44.9184532166,
                24.6400699615,
                33.6969108582,
                37.9848327637,
                36.5634651184,
                39.2506217957,
                45.7701530457,
                33.3528175354,
                35.6123161316,
                35.3741798401,
                34.0271759033,
                35.5153427124,
                21.8662605286,
                19.7094612122,
                17.9136295319,
                19.1487541199,
                19.9147930145,
                22.5731716156,
                20.8509941101,
                19.5277194977,
                14.429772377,
                9.78622436523,
                4.62566900253,
                2.07955622673,
                0.707429051399,
                0.155480623245,
                0.013699493371,
                0.00260721473023,
                0.000234622973949
            ],
            "dvar": [
                0.0756331011653,
                6.76418209076,
                84.2420501709,
                115.334114075,
                36.3971214294,
                70.9235076904,
                413.670501709,
                490.61605835,
                550.343933105,
                2866.56152344,
                2381.40942383,
                6026.68359375,
                2287.37036133,
                3603.66967773,
                4738.07128906,
                5292.54443359,
                7158.63574219,
                5998.0859375,
                2724.84521484,
                4716.15771484,
                4039.52880859,
                2781.26123047,
                2299.90893555,
                772.166870117,
                778.075073242,
                870.909179688,
                1272.33703613,
                1258.24609375,
                1502.21191406,
                1314.59350586,
                1186.99182129,
                599.572021484,
                238.40838623,
                53.3841209412,
                11.8693761826,
                1.5016566515,
                0.0727766752243,
                0.000548022217117,
                1.98302932404e-05,
                1.48051881865e-07
            ],
            "dvar2": [
                0.138382077217,
                14.4484100342,
                226.807357788,
                334.722229004,
                104.70249176,
                168.714569092,
                947.133789063,
                1172.68713379,
                1324.38525391,
                7583.43212891,
                6010.53759766,
                14442.8398438,
                5083.78613281,
                8811.94433594,
                11616.4082031,
                12730.0810547,
                17447.3359375,
                15094.8007813,
                6579.76806641,
                12259.9931641,
                9555.74121094,
                6628.83105469,
                5209.06494141,
                1804.52075195,
                1712.42529297,
                2069.78320313,
                2729.49316406,
                2640.38842773,
                3225.17211914,
                2819.7331543,
                2785.57885742,
                1426.37805176,
                512.941467285,
                122.558486938,
                27.101266861,
                3.48562121391,
                0.157710328698,
                0.00119320349768,
                4.45940786449e-05,
                3.31065365344e-07
            ],
            "max": [
                2.70990610123,
                25.4396266937,
                89.7719039917,
                105.922698975,
                67.9156188965,
                222.366271973,
                474.202819824,
                555.124816895,
                689.021179199,
                890.608947754,
                790.171081543,
                1901.11523438,
                1753.8536377,
                1379.46728516,
                1631.07409668,
                1682.23815918,
                2205.22241211,
                1572.23596191,
                1313.05285645,
                2645.0859375,
                1308.77197266,
                1957.78442383,
                1474.17016602,
                416.690307617,
                759.595336914,
                282.888122559,
                294.839569092,
                316.007141113,
                312.443511963,
                270.900756836,
                295.964233398,
                225.425430298,
                167.265853882,
                115.914466858,
                58.465675354,
                30.073474884,
                3.23579096794,
                0.261889189482,
                0.0565490946174,
                0.00526101049036
            ],
            "mean": [
                0.142150998116,
                0.931843519211,
                1.5684709549,
                1.75220942497,
                2.04933428764,
                5.37163543701,
                11.5097570419,
                9.66700363159,
                10.8517723083,
                22.7204437256,
                26.8163318634,
                29.6172084808,
                19.9314746857,
                26.4944915771,
                28.4683151245,
                27.8479804993,
                28.517118454,
                33.8019371033,
                26.1986904144,
                29.536108017,
                28.6986312866,
                28.7140083313,
                31.8346614838,
                19.1534843445,
                15.8489580154,
                12.2708969116,
                12.6356163025,
                12.6557722092,
                14.3236265182,
                13.1273021698,
                11.6911153793,
                8.65332794189,
                6.87802267075,
                3.11313176155,
                1.3579877615,
                0.42723762989,
                0.0964684933424,
                0.00904342439026,
                0.00168543332256,
                0.000167818216141
            ],
            "median": [
                0.00710061378777,
                0.0463478378952,
                0.104635715485,
                0.360164761543,
                1.05017530918,
                2.33752846718,
                3.81118583679,
                3.23574137688,
                4.14356422424,
                5.95493221283,
                8.76587200165,
                7.02003860474,
                5.8971529007,
                6.83285427094,
                6.67437314987,
                5.4013543129,
                5.66716957092,
                6.32968997955,
                5.9452123642,
                6.08576011658,
                5.98005485535,
                7.37018585205,
                7.17691659927,
                4.78044700623,
                3.87216949463,
                1.99737668037,
                0.908914089203,
                0.982763707638,
                1.51864385605,
                1.17304098606,
                0.802877545357,
                0.598492860794,
                0.405322253704,
                0.224670141935,
                0.0859121084213,
                0.0202662535012,
                0.00428127404302,
                0.000800045323558,
                0.000165064702742,
                3.72564827558e-05
            ],
            "min": [
                4.75343145731e-22,
                1.78087805551e-21,
                6.51673606474e-21,
                4.80276799467e-20,
                1.59465610397e-19,
                1.96368748312e-19,
                3.67084532028e-19,
                5.79170254816e-19,
                5.47160433062e-19,
                4.51662327945e-19,
                1.29073252443e-18,
                1.4755447324e-18,
                1.25827912707e-18,
                2.15714062657e-18,
                5.80568582962e-18,
                6.32248304734e-18,
                5.78342433139e-18,
                4.85986518335e-18,
                3.63773353886e-18,
                5.49325640354e-18,
                6.17513322892e-18,
                1.24678452188e-17,
                4.96557390255e-18,
                8.79422114037e-18,
                1.16965390023e-17,
                1.19911716375e-17,
                1.51271696768e-17,
                2.09845844868e-17,
                2.48050273337e-17,
                1.83708310631e-17,
                2.23371207413e-17,
                2.12214162224e-17,
                1.46092834758e-17,
                1.02999214658e-17,
                8.73280380707e-18,
                7.66625780476e-18,
                3.75841215919e-18,
                1.27871689885e-18,
                2.82486237542e-19,
                3.58779380184e-20
            ],
            "var": [
                0.153816491365,
                9.3322429657,
                58.0143127441,
                63.8522453308,
                22.2072048187,
                94.2450256348,
                563.647216797,
                561.038208008,
                630.801940918,
                2551.62817383,
                2571.76171875,
                6253.9453125,
                3387.42407227,
                4396.47314453,
                5420.09375,
                6333.12402344,
                7712.67041016,
                7266.35058594,
                3339.82836914,
                6248.07958984,
                5212.75341797,
                4233.31152344,
                3902.11328125,
                1140.26940918,
                959.05657959,
                887.976318359,
                1394.27453613,
                1379.08435059,
                1602.60839844,
                1404.23510742,
                1152.59118652,
                579.93939209,
                297.100311279,
                63.7840614319,
                13.5624284744,
                1.53539729118,
                0.0793885067105,
                0.000615685828961,
                2.15906802623e-05,
                1.64770582955e-07
            ]
        },
        "erbbands_crest": {
            "dmean": 3.39555168152,
            "dmean2": 5.59141731262,
            "dvar": 10.0037403107,
            "dvar2": 24.6230354309,
            "max": 32.054775238,
            "mean": 9.2249879837,
            "median": 8.24535655975,
            "min": 2.38161849976,
            "var": 19.5933532715
        },
        "erbbands_flatness_db": {
            "dmean": 0.0251675061882,
            "dmean2": 0.0369185768068,
            "dvar": 0.000526893534698,
            "dvar2": 0.00100211903919,
            "max": 0.379837840796,
            "mean": 0.167321264744,
            "median": 0.168683469296,
            "min": 0.0541107207537,
            "var": 0.00203580479138
        },
        "erbbands_kurtosis": {
            "dmean": 1.4459297657,
            "dmean2": 2.36221122742,
            "dvar": 3.25533175468,
            "dvar2": 8.11932182312,
            "max": 32.623840332,
            "mean": 0.662914216518,
            "median": 0.0223093740642,
            "min": -1.89359045029,
            "var": 5.02749347687
        },
        "erbbands_skewness": {
            "dmean": 0.559724926949,
            "dmean2": 0.849618673325,
            "dvar": 0.253399133682,
            "dvar2": 0.563504040241,
            "max": 3.38291287422,
            "mean": 0.143598794937,
            "median": 0.208545207977,
            "min": -3.89585280418,
            "var": 0.73465937376
        },
        "erbbands_spread": {
            "dmean": 12.4897766113,
            "dmean2": 19.5083141327,
            "dvar": 194.602645874,
            "dvar2": 445.478729248,
            "max": 201.60925293,
            "mean": 35.4328575134,
            "median": 30.4087028503,
            "min": 2.19741368294,
            "var": 449.832733154
        },
        "gfcc": {
            "cov": [
                [
                    5036.36621094,
                    -2142.64282227,
                    39.9480209351,
                    201.070861816,
                    -427.457336426,
                    134.256072998,
                    -77.0556640625,
                    157.608901978,
                    -4.95140886307,
                    185.799835205,
                    -56.7870178223,
                    122.977478027,
                    -53.7361373901
                ],
                [
                    -2142.64282227,
                    2466.24072266,
                    -198.596435547,
                    -100.287879944,
                    521.152954102,
                    -114.77192688,
                    211.954833984,
                    -79.8989105225,
                    35.9672431946,
                    -158.535324097,
                    96.0088729858,
                    -94.1915130615,
                    32.8725662231
                ],
                [
                    39.9480209351,
                    -198.596435547,
                    917.935424805,
                    249.627075195,
                    -68.0106048584,
                    205.656265259,
                    -40.4530296326,
                    50.4445457458,
                    -0.523542225361,
                    78.2088012695,
                    -0.16290409863,
                    -11.4586935043,
                    43.0905914307
                ],
                [
                    201.070861816,
                    -100.287879944,
                    249.627075195,
                    330.25579834,
                    93.4618225098,
                    22.7110157013,
                    27.7240829468,
                    61.4600105286,
                    91.898109436,
                    50.5620498657,
                    -2.75953292847,
                    8.79522418976,
                    28.693151474
                ],
                [
                    -427.457336426,
                    521.152954102,
                    -68.0106048584,
                    93.4618225098,
                    373.597167969,
                    40.2633056641,
                    83.4378128052,
                    56.6460151672,
                    92.6374206543,
                    -14.3384189606,
                    45.947353363,
                    -2.07067251205,
                    29.0103054047
                ],
                [
                    134.256072998,
                    -114.77192688,
                    205.656265259,
                    22.7110157013,
                    40.2633056641,
                    290.277740479,
                    134.16217041,
                    38.4270553589,
                    2.5367193222,
                    60.8199615479,
                    37.4147453308,
                    5.84305143356,
                    -11.4462709427
                ],
                [
                    -77.0556640625,
                    211.954833984,
                    -40.4530296326,
                    27.7240829468,
                    83.4378128052,
                    134.16217041,
                    290.794647217,
                    49.4480934143,
                    18.8745079041,
                    19.9607067108,
                    59.2574653625,
                    10.3163747787,
                    -11.5115356445
                ],
                [
                    157.608901978,
                    -79.8989105225,
                    50.4445457458,
                    61.4600105286,
                    56.6460151672,
                    38.4270553589,
                    49.4480934143,
                    169.117462158,
                    83.936668396,
                    21.6014385223,
                    22.1290130615,
                    24.4320297241,
                    14.4875144958
                ],
                [
                    -4.95140886307,
                    35.9672431946,
                    -0.523542225361,
                    91.898109436,
                    92.6374206543,
                    2.5367193222,
                    18.8745079041,
                    83.936668396,
                    178.275939941,
                    47.6717185974,
                    7.61571025848,
                    4.29286193848,
                    20.328868866
                ],
                [
                    185.799835205,
                    -158.535324097,
                    78.2088012695,
                    50.5620498657,
                    -14.3384189606,
                    60.8199615479,
                    19.9607067108,
                    21.6014385223,
                    47.6717185974,
                    116.157356262,
                    22.9013938904,
                    -1.46153724194,
                    0.0027227839455
                ],
                [
                    -56.7870178223,
                    96.0088729858,
                    -0.16290409863,
                    -2.75953292847,
                    45.947353363,
                    37.4147453308,
                    59.2574653625,
                    22.1290130615,
                    7.61571025848,
                    22.9013938904,
                    100.185890198,
                    42.6171646118,
                    5.79343128204
                ],
                [
                    122.977478027,
                    -94.1915130615,
                    -11.4586935043,
                    8.79522418976,
                    -2.07067251205,
                    5.84305143356,
                    10.3163747787,
                    24.4320297241,
                    4.29286193848,
                    -1.46153724194,
                    42.6171646118,
                    99.4932556152,
                    40.180934906
                ],
                [
                    -53.7361373901,
                    32.8725662231,
                    43.0905914307,
                    28.693151474,
                    29.0103054047,
                    -11.4462709427,
                    -11.5115356445,
                    14.4875144958,
                    20.328868866,
                    0.0027227839455,
                    5.79343128204,
                    40.180934906,
                    92.4985809326
                ]
            ],
            "icov": [
                [
                    0.000344654283253,
                    0.000214694926399,
                    0.000187918514712,
                    -0.00030736712506,
                    0.000166173893376,
                    -0.000156029811478,
                    5.32894700882e-05,
                    -0.000268483971013,
                    0.000202651150175,
                    -0.000215888518142,
                    0.000111042667413,
                    -0.000222677015699,
                    0.000154229346663
                ],
                [
                    0.000214694926399,
                    0.00124468898866,
                    -0.000514596060384,
                    0.000887596223038,
                    -0.00152218679432,
                    0.00123336375691,
                    -0.00118368084077,
                    0.000864708039444,
                    -0.000396036804887,
                    0.000888652575668,
                    -0.000948653148953,
                    0.00116581923794,
                    -0.000365941319615
                ],
                [
                    0.000187918514712,
                    -0.000514596060384,
                    0.00296427309513,
                    -0.00306696328335,
                    0.00219687307253,
                    -0.00326511380263,
                    0.0022169847507,
                    -0.00135070073884,
                    0.00121442053933,
                    -0.000159278672072,
                    -0.000702892371919,
                    0.00105363654438,
                    -0.00142364110798
                ],
                [
                    -0.00030736712506,
                    0.000887596223038,
                    -0.00306696328335,
                    0.00736445887014,
                    -0.00368373747915,
                    0.00380960432813,
                    -0.00282945530489,
                    0.00127286009956,
                    -0.00226106774062,
                    -0.00103682465851,
                    0.00160122674424,
                    -0.000917466939427,
                    0.000520758738276
                ],
                [
                    0.000166173893376,
                    -0.00152218679432,
                    0.00219687307253,
                    -0.00368373747915,
                    0.00717881880701,
                    -0.003778624814,
                    0.00204187422059,
                    -0.00180468033068,
                    -0.000972251582425,
                    0.00139979238156,
                    -0.00181517878082,
                    0.000992639223114,
                    -0.00152940012049
                ],
                [
                    -0.000156029811478,
                    0.00123336375691,
                    -0.00326511380263,
                    0.00380960432813,
                    -0.003778624814,
                    0.00917411595583,
                    -0.00496208062395,
                    0.00111251429189,
                    2.97083206533e-05,
                    -0.00227251066826,
                    0.000514129351359,
                    -0.00061658618506,
                    0.00156809214968
                ],
                [
                    5.32894700882e-05,
                    -0.00118368084077,
                    0.0022169847507,
                    -0.00282945530489,
                    0.00204187422059,
                    -0.00496208062395,
                    0.0073140701279,
                    -0.00224353768863,
                    0.00106293300632,
                    1.06179277282e-05,
                    -0.00200544903055,
                    0.000217927241465,
                    0.000101076322608
                ],
                [
                    -0.000268483971013,
                    0.000864708039444,
                    -0.00135070073884,
                    0.00127286009956,
                    -0.00180468033068,
                    0.00111251429189,
                    -0.00224353768863,
                    0.00990758743137,
                    -0.00479549216107,
                    0.00189099356066,
                    -0.00116257939953,
                    -0.000722137803677,
                    8.41798828333e-05
                ],
                [
                    0.000202651150175,
                    -0.000396036804887,
                    0.00121442053933,
                    -0.00226106774062,
                    -0.000972251582425,
                    2.97083206533e-05,
                    0.00106293300632,
                    -0.00479549216107,
                    0.0108552481979,
                    -0.00492237461731,
                    0.00172669137828,
                    -0.000186782839592,
                    -0.000826480274554
                ],
                [
                    -0.000215888518142,
                    0.000888652575668,
                    -0.000159278672072,
                    -0.00103682465851,
                    0.00139979238156,
                    -0.00227251066826,
                    1.06179277282e-05,
                    0.00189099356066,
                    -0.00492237461731,
                    0.015022653155,
                    -0.00613652030006,
                    0.00458001764491,
                    -0.00158430915326
                ],
                [
                    0.000111042667413,
                    -0.000948653148953,
                    -0.000702892371919,
                    0.00160122674424,
                    -0.00181517878082,
                    0.000514129351359,
                    -0.00200544903055,
                    -0.00116257939953,
                    0.00172669137828,
                    -0.00613652030006,
                    0.0185995101929,
                    -0.0105055728927,
                    0.00381714082323
                ],
                [
                    -0.000222677015699,
                    0.00116581923794,
                    0.00105363654438,
                    -0.000917466939427,
                    0.000992639223114,
                    -0.00061658618506,
                    0.000217927241465,
                    -0.000722137803677,
                    -0.000186782839592,
                    0.00458001764491,
                    -0.0105055728927,
                    0.020058715716,
                    -0.00901181157678
                ],
                [
                    0.000154229346663,
                    -0.000365941319615,
                    -0.00142364110798,
                    0.000520758738276,
                    -0.00152940012049,
                    0.00156809214968,
                    0.000101076322608,
                    8.41798828333e-05,
                    -0.000826480274554,
                    -0.00158430915326,
                    0.00381714082323,
                    -0.00901181157678,
                    0.0160626899451
                ]
            ],
            "mean": [
                -16.6002521515,
                73.8431625366,
                -126.033363342,
                18.9052581787,
                -62.8302078247,
                10.7923793793,
                -42.6262931824,
                9.73879432678,
                -16.9039459229,
                -2.01233053207,
                -9.04174518585,
                1.04115116596,
                -7.89827251434
            ]
        },
        "hfc": {
            "dmean": 19.4792461395,
            "dmean2": 28.7649707794,
            "dvar": 1514.68688965,
            "dvar2": 3336.38696289,
            "max": 294.426422119,
            "mean": 28.0819377899,
            "median": 13.7556171417,
            "min": 1.18565713193e-16,
            "var": 1920.0892334
        },
        "melbands": {
            "dmean": [
                0.000848580908496,
                0.00101894908585,
                0.000393453694414,
                0.000190574719454,
                0.000295330013614,
                0.000186063232832,
                0.000151140338858,
                0.000269131764071,
                0.000214871746721,
                0.000166071011336,
                7.78441972216e-05,
                8.31130164443e-05,
                8.9114473667e-05,
                6.25192769803e-05,
                7.18567243894e-05,
                4.70300001325e-05,
                5.9458809119e-05,
                3.87462023355e-05,
                3.35882577929e-05,
                2.99883959087e-05,
                2.67454925051e-05,
                2.34181588894e-05,
                2.27021464525e-05,
                1.99449787033e-05,
                1.13170435725e-05,
                1.078085279e-05,
                8.19856722956e-06,
