{
    "lowlevel": {
        "average_loudness": 0.944594800472,
        "barkbands": {
            "dmean": [
                0.000325311237248,
                0.00622563902289,
                0.00283276545815,
                0.00214200280607,
                0.00134730164427,
                0.000533325306606,
                0.000441660959041,
                0.000530445715412,
                0.00049625110114,
                0.000569342635572,
                0.00059473363217,
                0.000563158711884,
                0.000763492134865,
                0.000746528385207,
                0.000815762905404,
                0.000511211401317,
                0.000443446362624,
                0.000223607523367,
                0.000221909504035,
                9.33514820645e-05,
                0.000101934885606,
                9.70445980784e-05,
                5.96231948293e-05,
                6.58956778352e-05,
                4.46321246272e-05,
                2.74077992799e-05,
                4.69334827358e-06
            ],
            "dmean2": [
                0.000521852227394,
                0.0102244699374,
                0.0050018504262,
                0.00376362144016,
                0.00232182000764,
                0.000838127103634,
                0.000665455299895,
                0.000772080325987,
                0.000752565742005,
                0.000829152355436,
                0.000908412563149,
                0.000869006558787,
                0.00120870897081,
                0.00117103848606,
                0.00130103400443,
                0.000797932327259,
                0.000700302363839,
                0.000350972870365,
                0.000352870236384,
                0.000152843174874,
                0.000163621356478,
                0.000148981329403,
                8.9864290203e-05,
                9.85401420621e-05,
                6.43331295578e-05,
                3.90659988625e-05,
                7.00790133124e-06
            ],
            "dvar": [
                4.47995461172e-07,
                0.000100620905869,
                3.80790515919e-05,
                2.67965588137e-05,
                6.96259439792e-06,
                1.22896585708e-06,
                1.43848149037e-06,
                1.31752904053e-06,
                1.91480421563e-06,
                1.09974166662e-06,
                9.75368379841e-07,
                1.25513633975e-06,
                2.21653704102e-06,
                2.27109194384e-06,
                2.20102810999e-06,
                1.18375942293e-06,
                6.55268991068e-07,
                2.2387325771e-07,
                3.43115686974e-07,
                2.99421643035e-08,
                4.20084944608e-08,
                6.3088904767e-08,
                1.91688727114e-08,
                3.78079505481e-08,
                1.61814579513e-08,
                3.97343447034e-09,
                1.07043755804e-10
            ],
            "dvar2": [
                1.04520881905e-06,
                0.000270738149993,
                0.000110663524538,
                7.68659447203e-05,
                1.97581484827e-05,
                2.97165820484e-06,
                3.12220413434e-06,
                2.81226289189e-06,
                4.77561206935e-06,
                2.39521455114e-06,
                2.29743841373e-06,
                2.90427897198e-06,
                5.38355516255e-06,
                5.45223065274e-06,
                5.31588148078e-06,
                2.69298539024e-06,
                1.56320948008e-06,
                5.24319659689e-07,
                8.09032485449e-07,
                7.39812264783e-08,
                1.03164317977e-07,
                1.42502827316e-07,
                4.34667413174e-08,
                8.26708514978e-08,
                3.13773718119e-08,
                8.2510833721e-09,
                2.40794800765e-10
            ],
            "max": [
                0.00869826041162,
                0.11588935554,
                0.0781212374568,
                0.0805788487196,
                0.034878782928,
                0.0294402875006,
                0.0425344593823,
                0.0316155441105,
                0.0509108267725,
                0.024502504617,
                0.0243176911026,
                0.0267477668822,
                0.0348138064146,
                0.0358214899898,
                0.0284056663513,
                0.0225534271449,
                0.0178782865405,
                0.0147288097069,
                0.0218764599413,
                0.0040850196965,
                0.00511408783495,
                0.0100269000977,
                0.00454968586564,
                0.00650968262926,
                0.00694509549066,
                0.00333230965771,
                0.000258939951891
            ],
            "mean": [
                0.000613492098637,
                0.0189699176699,
                0.00467451056466,
                0.00244606798515,
                0.00252033304423,
                0.00117707694881,
                0.00106013636105,
                0.0012529931264,
                0.000963507220149,
                0.00130043609533,
                0.00115885783453,
                0.00106556224637,
                0.00136527104769,
                0.00134975009132,
                0.00156785652507,
                0.00097459636163,
                0.000922320352402,
                0.000416644208599,
                0.0004253781226,
                0.000209731180803,
                0.000227315467782,
                0.00020663466421,
                0.000128774510813,
                0.000141421420267,
                9.44176717894e-05,
                5.29022181581e-05,
                8.11682184576e-06
            ],
            "median": [
                8.55129692354e-05,
                0.0174620971084,
                0.00344233354554,
                0.00116870575584,
                0.00173878029454,
                0.000652941700537,
                0.000378267955966,
                0.00047275662655,
                0.000394226663047,
                0.000715691305231,
                0.000598642160185,
                0.000501627335325,
                0.000677981879562,
                0.000592545839027,
                0.000757083063945,
                0.000404873804655,
                0.000447287195129,
                0.000191645158338,
                0.000210968762985,
                0.000121837118058,
                0.000110582725029,
                7.68699901528e-05,
                5.31415244041e-05,
                5.67476527067e-05,
                4.32820925198e-05,
                1.57236518135e-05,
                1.241135692e-06
            ],
            "min": [
                4.78312438688e-24,
                1.17009048056e-23,
                2.30748157219e-23,
                9.20236222655e-24,
                8.97450054293e-24,
                1.9125910559e-23,
                1.62330519122e-23,
                2.74552877534e-23,
                5.78527490042e-23,
                1.88508884039e-23,
                1.91404823976e-23,
                7.57990442971e-23,
                7.90499590202e-23,
                5.39608690184e-23,
                1.07409685268e-22,
                1.31108404769e-22,
                1.42850870711e-22,
                8.75438957549e-23,
                1.6580108112e-22,
                1.97455090508e-22,
                3.02646372692e-22,
                4.73624362969e-22,
                4.72507386414e-22,
                5.51889512673e-22,
                1.10364644623e-21,
                1.63754579032e-21,
                2.30311720239e-21
            ],
            "var": [
                9.93890921563e-07,
                0.000263101159362,
                3.10750438075e-05,
                2.07906523428e-05,
                8.27053827379e-06,
                3.00855913338e-06,
                6.50529545965e-06,
                5.76394131713e-06,
                4.64846698378e-06,
                4.080619874e-06,
                2.73120303973e-06,
                3.26051008415e-06,
                4.90668026032e-06,
                4.78609626953e-06,
                5.32052536073e-06,
                3.12570796268e-06,
                2.02526871362e-06,
                5.38272274753e-07,
                6.83898576881e-07,
                7.74964163952e-08,
                1.13271973134e-07,
                1.38869779676e-07,
                4.66342200411e-08,
                8.69852883056e-08,
                3.45712543037e-08,
                8.28285440235e-09,
                2.12780223996e-10
            ]
        },
        "barkbands_crest": {
            "dmean": 2.23459768295,
            "dmean2": 3.65144824982,
            "dvar": 5.29560136795,
            "dvar2": 13.7615213394,
            "max": 26.0652675629,
            "mean": 11.8366384506,
            "median": 11.4964294434,
            "min": 2.8262963295,
            "var": 21.4845714569
        },
        "barkbands_flatness_db": {
            "dmean": 0.0229344628751,
            "dmean2": 0.0312157087028,
            "dvar": 0.00111450906843,
            "dvar2": 0.00185213552322,
            "max": 0.584126293659,
            "mean": 0.16290409863,
            "median": 0.124051779509,
            "min": 0.0268489997834,
            "var": 0.0108077879995
        },
        "barkbands_kurtosis": {
            "dmean": 5.20020532608,
            "dmean2": 8.27260494232,
            "dvar": 269.574584961,
            "dvar2": 665.268432617,
            "max": 324.601745605,
            "mean": 7.78141593933,
            "median": 0.825936079025,
            "min": -1.93415045738,
            "var": 505.245819092
        },
        "barkbands_skewness": {
            "dmean": 0.593720734119,
            "dmean2": 0.937135338783,
            "dvar": 0.833852469921,
            "dvar2": 2.15786576271,
            "max": 16.1153411865,
            "mean": 1.70596122742,
            "median": 1.2106719017,
            "min": -2.03017282486,
            "var": 3.02164363861
        },
        "barkbands_spread": {
            "dmean": 4.3443813324,
            "dmean2": 6.79061794281,
            "dvar": 45.4877281189,
            "dvar2": 107.218193054,
            "max": 112.479667664,
            "mean": 23.8847236633,
            "median": 24.8994674683,
            "min": 0.200076714158,
            "var": 266.004516602
        },
        "dissonance": {
            "dmean": 0.0198834612966,
            "dmean2": 0.0318440981209,
            "dvar": 0.000624324544333,
            "dvar2": 0.00140034023207,
            "max": 0.500000059605,
            "mean": 0.450657069683,
            "median": 0.473155528307,
            "min": 0.114227674901,
            "var": 0.00347667606547
        },
        "dynamic_complexity": 4.12487220764,
        "erbbands": {
            "dmean": [
                0.2169957757,
                1.361135602,
                2.99556064606,
                5.41364812851,
                6.21941709518,
                3.73085236549,
                4.21092271805,
                4.29879331589,
                6.066218853,
                8.30800914764,
                10.7976551056,
                12.4220666885,
                15.7281045914,
                15.0865430832,
                24.8753147125,
                26.6876087189,
                35.9257507324,
                36.9256095886,
                41.2152023315,
                33.2281646729,
                24.0251808167,
                17.7240829468,
                12.5201368332,
                14.5089950562,
                5.92917919159,
                4.22638654709,
                3.9725227356,
                4.21347665787,
                3.58139777184,
                2.41477036476,
                1.55237483978,
                1.61123526096,
                0.996929824352,
                0.586880505085,
                0.298586249352,
                0.172860905528,
                0.0359481163323,
                0.00922941695899,
                0.000658941222355,
                1.83507672773e-05
            ],
            "dmean2": [
                0.354885548353,
                2.24814224243,
                5.28437662125,
                9.471367836,
                10.9928665161,
                6.31170606613,
                6.73630571365,
                6.82232761383,
                8.91645431519,
                12.843539238,
                15.9263963699,
                18.7362384796,
                22.7999134064,
                22.5763378143,
                37.8186416626,
                40.8476829529,
                56.7731704712,
                57.9659843445,
                64.9468154907,
                51.9556884766,
                37.8151512146,
                27.8939914703,
                19.5129203796,
                22.6796016693,
                9.47096729279,
                6.90437841415,
                6.40643930435,
                6.7123913765,
                5.57078313828,
                3.66350054741,
                2.35631728172,
                2.4204249382,
                1.48983550072,
                0.855840861797,
                0.439277112484,
                0.255215913057,
                0.050257705152,
                0.0130818597972,
                0.000984565005638,
                2.76531300187e-05
            ],
            "dvar": [
                0.152735590935,
                4.76713371277,
                39.9252243042,
                128.331710815,
                216.491363525,
                59.9048309326,
                79.4675064087,
                92.4900817871,
                247.304962158,
                380.091094971,
                682.67578125,
                1113.34301758,
                1007.74249268,
                936.59588623,
                1776.75817871,
                2886.42456055,
                4889.83056641,
                4136.60400391,
                6475.38183594,
                5188.26318359,
                2037.60498047,
                1091.24121094,
                573.831176758,
                1572.17797852,
                116.449157715,
                65.7682189941,
                61.1738891602,
                80.4035644531,
                79.4092788696,
                67.5532226562,
                10.8502531052,
                19.3163051605,
                10.8511600494,
                3.43884921074,
                0.642468333244,
                0.171364441514,
                0.00706623401493,
                0.00039259812911,
                1.98058796741e-06,
                9.03816632647e-10
            ],
            "dvar2": [
                0.387461066246,
                13.3508548737,
                116.198860168,
                365.481292725,
                625.370544434,
                162.576721191,
                194.619644165,
                224.811569214,
                518.61505127,
                922.108642578,
                1536.66821289,
                2594.0078125,
                2151.17700195,
                2146.5390625,
                4207.64941406,
                6599.69384766,
                11929.4160156,
                10269.1611328,
                15762.9707031,
                11525.9775391,
                4879.89160156,
                2660.27416992,
                1378.43395996,
                3558.77539062,
                275.30355835,
                163.378967285,
                154.324249268,
                193.457000732,
                180.727401733,
                160.484207153,
                24.6439437866,
                44.0930252075,
                23.9953708649,
                7.35349798203,
                1.33395648003,
                0.366392582655,
                0.0146301854402,
                0.00082240550546,
                4.39045516032e-06,
                1.94791738295e-09
            ],
            "max": [
                4.10957145691,
                27.3677616119,
                76.9046859741,
                133.782653809,
                208.285598755,
                180.162780762,
                198.7862854,
                298.213531494,
                491.971710205,
                605.254211426,
                876.605102539,
                1072.05273438,
                874.524963379,
                1199.05249023,
                955.221679688,
                1385.39904785,
                1403.77270508,
                1250.46191406,
                1669.75402832,
                1879.48339844,
                982.784606934,
                745.163757324,
                762.008239746,
                1463.14758301,
                232.072570801,
                239.373153687,
                179.756546021,
                202.58581543,
                374.776397705,
                351.754547119,
                88.3661727905,
                182.312774658,
                133.429321289,
                104.10068512,
                33.3188934326,
                21.2845077515,
                4.86986494064,
                0.488419800997,
                0.0322995781898,
                0.000594673736487
            ],
            "mean": [
                0.623998582363,
                3.92954564095,
                5.97047662735,
                7.14420843124,
                9.21238613129,
                6.85301876068,
                8.70909404755,
                9.31781673431,
                15.7059288025,
                20.2102222443,
                25.4089756012,
                26.1680183411,
                35.4627380371,
                34.0110206604,
                53.0232200623,
                54.2017059326,
                67.6182479858,
                73.1117935181,
                80.1995544434,
                65.9607620239,
                55.4684448242,
                40.4188613892,
                26.7857532501,
                28.0404376984,
                13.1419267654,
                9.79147529602,
                8.90989589691,
                9.60144519806,
                7.88680076599,
                4.88410425186,
                3.423381567,
                3.36708045006,
                2.09607481956,
                1.20436286926,
                0.602633416653,
                0.307003110647,
                0.0739844366908,
                0.0182111095637,
                0.00114946463145,
                7.36840520403e-05
            ],
            "median": [
                0.480352342129,
                3.47677445412,
                4.90621805191,
                4.20636129379,
                5.2591047287,
                4.41917943954,
                4.64205694199,
                5.07211494446,
                5.94486188889,
                7.45808029175,
                11.3518705368,
                12.0130443573,
                18.6830005646,
                21.6331577301,
                30.7587680817,
                28.9149513245,
                36.734954834,
                39.2519111633,
                41.3368873596,
                33.3333358765,
                28.4443817139,
                21.7375392914,
                14.7105922699,
                12.9063682556,
                7.90145874023,
                5.7853064537,
                5.23273849487,
                3.88117456436,
                2.92186641693,
                1.97735667229,
                1.35707116127,
                1.32312595844,
                0.860311448574,
                0.551921784878,
                0.249270021915,
                0.0926999002695,
                0.0232105720788,
                0.0036522441078,
                0.000218118511839,
                6.91668465151e-05
            ],
            "min": [
                4.79350155233e-22,
                2.41585226674e-21,
                1.61162991477e-20,
                3.36807395163e-20,
                2.42288067662e-20,
                2.26096023327e-20,
                6.3762222317e-20,
                1.892835457e-19,
                3.37825732045e-19,
                3.09512011762e-19,
                8.98215471439e-19,
                1.47541165972e-18,
                8.05202061786e-19,
                1.34874332117e-18,
                9.71202166378e-19,
                3.76043213425e-18,
                3.93894929096e-18,
                3.34965899834e-18,
                4.70310949419e-18,
                5.50496100921e-18,
                7.30299316695e-18,
                8.82720165858e-18,
                5.0747580211e-18,
                8.0702031851e-18,
                1.03292367467e-17,
                8.20887339735e-18,
                9.10941417689e-18,
                1.1812902635e-17,
                1.1538532616e-17,
                2.02342472988e-17,
                1.4092694294e-17,
                1.11759032529e-17,
                9.83868390187e-18,
                9.83711556743e-18,
                7.48256994204e-18,
                5.52689949341e-18,
                3.10307480338e-18,
                1.08485698934e-18,
                3.13910441272e-19,
                3.2750287343e-20
            ],
            "var": [
                0.419868528843,
                11.1347570419,
                37.4668235779,
                107.453987122,
                178.324325562,
                80.521987915,
                154.795806885,
                231.698043823,
                1366.36169434,
                1751.26831055,
                2322.57836914,
                3034.72412109,
                3963.98388672,
                2422.08813477,
                5307.66552734,
                7805.10498047,
                11066.3808594,
                10049.0390625,
                14189.5029297,
                12314.6025391,
                6670.60351562,
                3453.27490234,
                1635.14538574,
                3343.86816406,
                317.358276367,
                168.253952026,
                132.825180054,
                252.178207397,
                192.491714478,
                111.707641602,
                29.1373767853,
                41.1610488892,
                24.5175590515,
                6.59530687332,
                1.31171691418,
                0.314997375011,
                0.0157052595168,
                0.000935163698159,
                4.00684848501e-06,
                2.91779911343e-09
            ]
        },
        "erbbands_crest": {
            "dmean": 2.38080048561,
            "dmean2": 3.80433559418,
            "dvar": 5.10409355164,
            "dvar2": 12.8753385544,
            "max": 26.873374939,
            "mean": 9.33003425598,
            "median": 8.5545425415,
            "min": 2.21926426888,
            "var": 15.3554468155
        },
        "erbbands_flatness_db": {
            "dmean": 0.0191693771631,
            "dmean2": 0.0257768388838,
            "dvar": 0.000602481886744,
            "dvar2": 0.000895047967788,
            "max": 0.435861498117,
            "mean": 0.162742987275,
            "median": 0.146797522902,
            "min": 0.0428454056382,
            "var": 0.00416826969013
        },
        "erbbands_kurtosis": {
            "dmean": 1.70063471794,
            "dmean2": 2.73816299438,
            "dvar": 25.7713565826,
            "dvar2": 67.608757019,
            "max": 120.247848511,
            "mean": 2.52493453026,
            "median": 1.0179977417,
            "min": -1.88129675388,
            "var": 54.1087837219
        },
        "erbbands_skewness": {
            "dmean": 0.36090272665,
            "dmean2": 0.550312817097,
            "dvar": 0.255885899067,
            "dvar2": 0.622869312763,
            "max": 8.39253616333,
            "mean": 0.1540517658,
            "median": -0.0383449159563,
            "min": -4.28464221954,
            "var": 1.08614289761
        },
        "erbbands_spread": {
            "dmean": 8.05930709839,
            "dmean2": 12.2697172165,
            "dvar": 180.140777588,
            "dvar2": 383.499511719,
            "max": 178.61050415,
            "mean": 30.6734390259,
            "median": 25.420539856,
            "min": 1.15407264233,
            "var": 446.768280029
        },
        "gfcc": {
            "cov": [
                [
                    28366.2558594,
                    -2702.80371094,
                    -4950.70849609,
                    1124.57287598,
                    597.733337402,
                    1505.41040039,
                    225.429855347,
                    853.410888672,
                    340.555206299,
                    966.219970703,
                    187.948989868,
                    432.019012451,
                    -137.86932373
                ],
                [
                    -2702.80371094,
                    1993.42285156,
                    532.371765137,
                    -449.553344727,
                    84.176109314,
                    -385.03112793,
                    49.0970115662,
                    -170.413345337,
                    95.5366134644,
                    -265.658874512,
                    71.5976257324,
                    -151.070083618,
                    77.9980773926
                ],
                [
                    -4950.70849609,
                    532.371765137,
                    1904.1315918,
                    64.2057418823,
                    -170.427886963,
                    -231.495651245,
                    -55.3904953003,
                    -183.073486328,
                    -45.9028968811,
                    -163.289230347,
                    -59.4114189148,
                    -84.2382507324,
                    39.6290740967
                ],
                [
                    1124.57287598,
                    -449.553344727,
                    64.2057418823,
                    552.244567871,
                    46.1772651672,
                    107.865814209,
                    8.27987384796,
                    44.7414093018,
                    55.7281608582,
                    54.5995330811,
                    34.7482185364,
                    38.3508453369,
                    43.4871635437
                ],
                [
                    597.733337402,
                    84.176109314,
                    -170.427886963,
                    46.1772651672,
                    383.251739502,
                    63.5369911194,
                    76.6314239502,
                    49.5948104858,
                    38.0244674683,
                    45.9137077332,
                    39.9939994812,
                    38.569934845,
                    15.237950325
                ],
                [
                    1505.41040039,
                    -385.03112793,
                    -231.495651245,
                    107.865814209,
                    63.5369911194,
                    295.491882324,
                    92.9247817993,
                    68.5523147583,
                    26.0589427948,
                    124.452598572,
                    24.7577877045,
                    40.7300682068,
                    3.95900607109
                ],
                [
                    225.429855347,
                    49.0970115662,
                    -55.3904953003,
                    8.27987384796,
                    76.6314239502,
                    92.9247817993,
                    218.310501099,
                    52.6239318848,
                    5.24377822876,
                    54.5127258301,
                    28.2688751221,
                    20.5905590057,
                    6.40862894058
                ],
                [
                    853.410888672,
                    -170.413345337,
                    -183.073486328,
                    44.7414093018,
                    49.5948104858,
                    68.5523147583,
                    52.6239318848,
                    149.174468994,
                    47.2801246643,
                    56.6629333496,
                    24.678812027,
                    41.1890640259,
                    7.61146068573
                ],
                [
                    340.555206299,
                    95.5366134644,
                    -45.9028968811,
                    55.7281608582,
                    38.0244674683,
                    26.0589427948,
                    5.24377822876,
                    47.2801246643,
                    145.741149902,
                    32.0432929993,
                    26.8581638336,
                    -0.366749286652,
                    30.030790329
                ],
                [
                    966.219970703,
                    -265.658874512,
                    -163.289230347,
                    54.5995330811,
                    45.9137077332,
                    124.452598572,
                    54.5127258301,
                    56.6629333496,
                    32.0432929993,
                    147.346923828,
                    27.8438282013,
                    33.5668640137,
                    -7.06977987289
                ],
                [
                    187.948989868,
                    71.5976257324,
                    -59.4114189148,
                    34.7482185364,
                    39.9939994812,
                    24.7577877045,
                    28.2688751221,
                    24.678812027,
                    26.8581638336,
                    27.8438282013,
                    106.931335449,
                    29.8823204041,
                    18.457660675
                ],
                [
                    432.019012451,
                    -151.070083618,
                    -84.2382507324,
                    38.3508453369,
                    38.569934845,
                    40.7300682068,
                    20.5905590057,
                    41.1890640259,
                    -0.366749286652,
                    33.5668640137,
                    29.8823204041,
                    104.546302795,
                    16.745847702
                ],
                [
                    -137.86932373,
                    77.9980773926,
                    39.6290740967,
                    43.4871635437,
                    15.237950325,
                    3.95900607109,
                    6.40862894058,
                    7.61146068573,
                    30.030790329,
                    -7.06977987289,
                    18.457660675,
                    16.745847702,
                    78.1665420532
                ]
            ],
            "icov": [
                [
                    0.000130056927446,
                    -0.000282008462818,
                    0.000307651469484,
                    -0.000431774067692,
                    0.000113017384137,
                    -0.000482992181787,
                    0.000370139809093,
                    -0.000391933019273,
                    0.00025902123889,
                    -0.00051280867774,
                    0.000421103817644,
                    -0.000334620213835,
                    0.000431637687143
                ],
                [
                    -0.000282008462818,
                    0.0028252529446,
                    -0.000915260752663,
                    0.00256550195627,
                    -0.00109387631528,
                    0.00259287608787,
                    -0.0025992996525,
                    0.00255922181532,
                    -0.0030501971487,
                    0.00367972417735,
                    -0.00332623836584,
                    0.0026264146436,
                    -0.00250657903962
                ],
                [
                    0.000307651469484,
                    -0.000915260752663,
                    0.00144811638165,
                    -0.00144195707981,
                    0.000562791246921,
                    -0.000912569579668,
                    0.000779767520726,
                    -0.000480679969769,
                    0.000868552189786,
                    -0.00126615643967,
                    0.00145729561336,
                    -0.000854978978168,
                    0.000834196282085
                ],
                [
                    -0.000431774067692,
                    0.00256550195627,
                    -0.00144195707981,
                    0.00482476921752,
                    -0.00113123957999,
                    0.00190556095913,
                    -0.00206464086659,
                    0.00224495166913,
                    -0.00307831820101,
                    0.00337693863548,
                    -0.0034550963901,
                    0.00218829186633,
                    -0.00336486916058
                ],
                [
                    0.000113017384137,
                    -0.00109387631528,
                    0.000562791246921,
                    -0.00113123957999,
                    0.00348049658351,
                    -0.00100647786167,
                    0.000125352511532,
                    -0.000990125816315,
                    0.000631387985777,
                    -0.0014611951774,
                    0.000866691058036,
                    -0.00162007904146,
                    0.000861192820594
                ],
                [
                    -0.000482992181787,
                    0.00259287608787,
                    -0.000912569579668,
                    0.00190556095913,
                    -0.00100647786167,
                    0.00901902839541,
                    -0.00413444219157,
                    0.00249756290577,
                    -0.00238806451671,
                    -0.000278591644019,
                    -0.00264065084048,
                    0.00234259245917,
                    -0.00318753509782
                ],
                [
                    0.000370139809093,
                    -0.0025992996525,
                    0.000779767520726,
                    -0.00206464086659,
                    0.000125352511532,
                    -0.00413444219157,
                    0.00861001294106,
                    -0.00417427532375,
                    0.00376655929722,
                    -0.00430914061144,
                    0.00216826517135,
                    -0.0019216198707,
                    0.00194824999198
                ],
                [
                    -0.000391933019273,
                    0.00255922181532,
                    -0.000480679969769,
                    0.00224495166913,
                    -0.000990125816315,
                    0.00249756290577,
                    -0.00417427532375,
                    0.012789612636,
                    -0.00554637797177,
                    0.00237893569283,
                    -0.00285855634138,
                    -0.000365436309949,
                    -0.00198757369071
                ],
                [
                    0.00025902123889,
                    -0.0030501971487,
                    0.000868552189786,
                    -0.00307831820101,
                    0.000631387985777,
                    -0.00238806451671,
                    0.00376655929722,
                    -0.00554637797177,
                    0.012670552358,
                    -0.00571558810771,
                    0.00215640384704,
                    -0.000105618513771,
                    -0.000869544455782
                ],
                [
                    -0.00051280867774,
                    0.00367972417735,
                    -0.00126615643967,
                    0.00337693863548,
                    -0.0014611951774,
                    -0.000278591644019,
                    -0.00430914061144,
                    0.00237893569283,
                    -0.00571558810771,
                    0.0173497889191,
                    -0.00564727326855,
                    0.00187125825323,
                    -0.000694790156558
                ],
                [
                    0.000421103817644,
                    -0.00332623836584,
                    0.00145729561336,
                    -0.0034550963901,
                    0.000866691058036,
                    -0.00264065084048,
                    0.00216826517135,
                    -0.00285855634138,
                    0.00215640384704,
                    -0.00564727326855,
                    0.0153494775295,
                    -0.0055078570731,
                    0.00152678252198
                ],
                [
                    -0.000334620213835,
                    0.0026264146436,
                    -0.000854978978168,
                    0.00218829186633,
                    -0.00162007904146,
                    0.00234259245917,
                    -0.0019216198707,
                    -0.000365436309949,
                    -0.000105618513771,
                    0.00187125825323,
                    -0.0055078570731,
                    0.0152922570705,
                    -0.0053703202866
                ],
                [
                    0.000431637687143,
                    -0.00250657903962,
                    0.000834196282085,
                    -0.00336486916058,
                    0.000861192820594,
                    -0.00318753509782,
                    0.00194824999198,
                    -0.00198757369071,
                    -0.000869544455782,
                    -0.000694790156558,
                    0.00152678252198,
                    -0.0053703202866,
                    0.0185933560133
                ]
            ],
            "mean": [
                -12.9119701385,
                100.159820557,
                -97.6603012085,
                27.5905017853,
                -38.574016571,
                25.9224414825,
                -33.2701797485,
                10.0502557755,
                -20.331741333,
                3.03332161903,
                -18.5146121979,
                -0.161542400718,
                -10.6995944977
            ]
        },
        "hfc": {
            "dmean": 6.50534534454,
            "dmean2": 9.73626899719,
            "dvar": 80.5054168701,
            "dvar2": 180.013305664,
            "max": 175.402267456,
            "mean": 29.3484268188,
            "median": 29.0435886383,
            "min": 1.12612858284e-16,
            "var": 494.955841064
        },
        "melbands": {
            "dmean": [
                0.00178200565279,
                0.00154733692762,
                0.000950556132011,
                0.000343393156072,
                0.000144575576996,
                9.7267649835e-05,
                9.20879465411e-05,
                9.43546838243e-05,
                9.14136180654e-05,
                7.41569965612e-05,
                7.90855192463e-05,
                6.28293710179e-05,
                8.45195463626e-05,
                7.04398698872e-05,
                7.44575881981e-05,
                6.63581013214e-05,
                7.81551061664e-05,
                6.7293025495e-05,
                4.88198747917e-05,
                4.65105367766e-05,
                3.06014553644e-05,
                2.23632814595e-05,
                1.65210512932e-05,
                1.19831229313e-05,
                1.31483056975e-05,
                5.9759886426e-06,
                3.50532172888e-06,
                2.91548121822e-06,
