{
    "lowlevel": {
        "average_loudness": 0.950615823269,
        "barkbands": {
            "dmean": [
                0.00010618520173,
                0.00687051704153,
                0.00437871180475,
                0.00187384395394,
                0.00348342093639,
                0.00138198002242,
                0.000720611424185,
                0.00038655922981,
                0.000892171752639,
                0.000833010883071,
                0.000548002077267,
                0.000222895367187,
                0.000313210184686,
                0.000336318829795,
                0.000291703239782,
                0.000237411062699,
                0.00020509416936,
                0.000248767726589,
                0.000161872696481,
                0.000161723030033,
                0.000161329386174,
                0.00018068823556,
                0.000147843806189,
                0.000304138025967,
                0.000344700616552,
                0.000142543765833,
                3.94548333134e-05
            ],
            "dmean2": [
                0.000180892311619,
                0.011511770077,
                0.00764260813594,
                0.00331572932191,
                0.00580546632409,
                0.00221414817497,
                0.00113868573681,
                0.000610209535807,
                0.00132411613595,
                0.0012026373297,
                0.000807448581327,
                0.000357132084901,
                0.000489932310302,
                0.000533477461431,
                0.00047217469546,
                0.000382059341064,
                0.000335259159328,
                0.000394426810089,
                0.00025888622622,
                0.000248900789302,
                0.000245742936386,
                0.000265421462245,
                0.000215262436541,
                0.000439933646703,
                0.000502516981214,
                0.000201502305572,
                5.99199047429e-05
            ],
            "dvar": [
                6.33261976191e-08,
                0.00026930324384,
                0.000110276698251,
                1.78155351023e-05,
                5.98388724029e-05,
                4.98549707117e-06,
                1.88446733773e-06,
                1.05277410967e-06,
                2.9505170005e-06,
                4.29884676123e-06,
                2.73967748399e-06,
                3.3018625345e-07,
                4.43784045956e-07,
                4.06340632253e-07,
                2.55265689475e-07,
                2.3377113223e-07,
                1.75246427148e-07,
                2.34549304423e-07,
                6.50657554502e-08,
                6.24192892928e-08,
                4.76553765338e-08,
                9.58483639124e-08,
                1.43161344113e-07,
                4.73357602004e-07,
                6.01115630161e-07,
                1.88721145378e-07,
                1.47112508841e-08
            ],
            "dvar2": [
                1.77564487558e-07,
                0.000646777218208,
                0.000321209518006,
                5.01559807162e-05,
                0.000159900417202,
                1.24192856674e-05,
                4.47011234428e-06,
                2.45476053351e-06,
                6.11231962466e-06,
                8.5755254986e-06,
                5.45487091586e-06,
                7.42390170672e-07,
                1.00301053862e-06,
                9.40061113397e-07,
                6.18698209109e-07,
                5.34370087735e-07,
                4.34832770679e-07,
                5.25885468505e-07,
                1.56005924623e-07,
                1.35071132945e-07,
                1.09863925957e-07,
                1.9739900381e-07,
                2.77466909893e-07,
                9.34816398512e-07,
                1.11052474949e-06,
                3.53000103814e-07,
                3.06425178564e-08
            ],
            "max": [
                0.00339416437782,
                0.135339796543,
                0.101418107748,
                0.0415661521256,
                0.0898289009929,
                0.048783171922,
                0.0242433398962,
                0.0229840911925,
                0.0291474983096,
                0.0565962009132,
                0.0548306368291,
                0.018289513886,
                0.0178187191486,
                0.0154798384756,
                0.00856891926378,
                0.0118946433067,
                0.0112404981628,
                0.0190777853131,
                0.00691746687517,
                0.00557389389724,
                0.00402461597696,
                0.00603446317837,
                0.0107050677761,
                0.0124727552757,
                0.0156455468386,
                0.00752999167889,
                0.00430281599984
            ],
            "mean": [
                0.000178074958967,
                0.0122174052522,
                0.00735336821526,
                0.00222619087435,
                0.00561795663089,
                0.00279498635791,
                0.00143195420969,
                0.000576589896809,
                0.0018230767455,
                0.00186187529471,
                0.00103731267154,
                0.000362463004421,
                0.000504507333972,
                0.000547762378119,
                0.000543531554285,
                0.000420192955062,
                0.000356962787919,
                0.000464497948997,
                0.00031964541995,
                0.000352052593371,
                0.000337734003551,
                0.000343501189491,
                0.00025728874607,
                0.000594055280089,
                0.000702358433045,
                0.000239591056015,
                6.39521676931e-05
            ],
            "median": [
                0.000103773389128,
                0.00786762591451,
                0.00493300240487,
                0.000951249734499,
                0.00312836514786,
                0.00153358001262,
                0.000552091281861,
                0.000188223537407,
                0.000597573351115,
                0.000217776425416,
                0.000198386973352,
                0.000133398134494,
                0.0001831833506,
                0.000243481685175,
                0.000209317833651,
                0.000178217160283,
                0.00018787116278,
                0.000227424723562,
                0.000198375899345,
                0.000227472279221,
                0.000243451038841,
                0.000175417488208,
                0.00010412906704,
                0.00025541827199,
                0.000268344767392,
                5.51305856789e-05,
                1.59470037033e-05
            ],
            "min": [
                8.4939753642e-26,
                2.10449097687e-24,
                9.2343278565e-25,
                2.79342253249e-25,
                8.23243644433e-24,
                1.08622525777e-23,
                3.38543167907e-24,
                7.16549575913e-24,
                2.14662336728e-23,
                1.6249755253e-23,
                1.52857230506e-23,
                2.1778261293e-23,
                1.45160661752e-23,
                3.26010779252e-23,
                3.52592046988e-23,
                6.45257234014e-23,
                5.78376028748e-23,
                8.47076441889e-23,
                1.25850224006e-22,
                1.70665879037e-22,
                2.60223048796e-22,
                3.4957981002e-22,
                3.62919788716e-22,
                5.60861019489e-22,
                8.57021718606e-22,
                1.31102573509e-21,
                1.7386005636e-21
            ],
            "var": [
                7.35883745051e-08,
                0.000312345073326,
                0.000109358596092,
                1.60208273883e-05,
                6.78077485645e-05,
                1.3713071894e-05,
                4.99999441672e-06,
                1.77281390279e-06,
                9.2111313279e-06,
                1.79275357368e-05,
                9.00631130207e-06,
                6.56875670302e-07,
                1.07814560124e-06,
                8.86682926193e-07,
                7.47113801935e-07,
                5.14221369485e-07,
                3.31050642899e-07,
                5.68794746414e-07,
                1.45669261542e-07,
                1.90053256688e-07,
                1.2781694636e-07,
                2.59160913174e-07,
                3.16189812111e-07,
                1.21363018479e-06,
                1.76586513589e-06,
                4.83313726818e-07,
                3.3997622495e-08
            ]
        },
        "barkbands_crest": {
            "dmean": 2.61034059525,
            "dmean2": 4.30676651001,
            "dvar": 7.56153964996,
            "dvar2": 20.2907161713,
            "max": 26.5093994141,
            "mean": 10.7673778534,
            "median": 9.92659568787,
            "min": 2.47838830948,
            "var": 18.729763031
        },
        "barkbands_flatness_db": {
            "dmean": 0.0254336856306,
            "dmean2": 0.0383046939969,
            "dvar": 0.000870899762958,
            "dvar2": 0.00194585788995,
            "max": 0.531091094017,
            "mean": 0.13654461503,
            "median": 0.115349210799,
            "min": 0.0240661203861,
            "var": 0.0055957515724
        },
        "barkbands_kurtosis": {
            "dmean": 5.20281839371,
            "dmean2": 8.09753894806,
            "dvar": 234.679260254,
            "dvar2": 484.875396729,
            "max": 782.43145752,
            "mean": 7.80498838425,
            "median": 2.61431193352,
            "min": -1.97388386726,
            "var": 454.794616699
        },
        "barkbands_skewness": {
            "dmean": 0.682738602161,
            "dmean2": 1.03895068169,
            "dvar": 0.853564560413,
            "dvar2": 1.84747254848,
            "max": 21.2065029144,
            "mean": 1.91679227352,
            "median": 1.66875612736,
            "min": -8.84294223785,
            "var": 2.8064661026
        },
        "barkbands_spread": {
            "dmean": 8.44868659973,
            "dmean2": 12.9075345993,
            "dvar": 128.112243652,
            "dvar2": 268.756011963,
            "max": 124.401473999,
            "mean": 28.0898723602,
            "median": 25.9081459045,
            "min": 0.144605472684,
            "var": 389.366149902
        },
        "dissonance": {
            "dmean": 0.0187997538596,
            "dmean2": 0.0307259596884,
            "dvar": 0.000393742113374,
            "dvar2": 0.000974879134446,
            "max": 0.5,
            "mean": 0.458096414804,
            "median": 0.468120396137,
            "min": 0.152277827263,
            "var": 0.00126710243057
        },
        "dynamic_complexity": 2.9762532711,
        "erbbands": {
            "dmean": [
                0.133889183402,
                1.78365170956,
                4.6897854805,
                5.62000799179,
                10.5893182755,
                11.05037117,
                11.0871572495,
                11.1928138733,
                10.1659555435,
                10.4929914474,
                9.16565132141,
                18.5702648163,
                24.958984375,
                20.5356750488,
                17.2133464813,
                7.5731306076,
                13.7424163818,
                15.2327947617,
                12.1331338882,
                18.0066223145,
                13.2028045654,
                10.2040100098,
                12.4647245407,
                9.92084503174,
                6.38579320908,
                8.39260292053,
                6.48287582397,
                6.63519859314,
                6.47053384781,
                5.0424990654,
                4.32882785797,
                5.61066389084,
                5.80371427536,
                4.59137868881,
                2.13764119148,
                0.754577934742,
                0.24356636405,
                0.0579496920109,
                0.00728259189054,
                0.000275470025372
            ],
            "dmean2": [
                0.220128029585,
                2.99654698372,
                7.91707277298,
                9.90149211884,
                18.3714523315,
                18.3925762177,
                17.8529186249,
                17.6640510559,
                16.5059432983,
                15.7292709351,
                14.2808122635,
                27.6049842834,
                36.3628311157,
                30.0676231384,
                25.0886211395,
                12.0277271271,
                21.1155948639,
                23.7872047424,
                19.5560359955,
                29.2185401917,
                21.1126499176,
                16.5422000885,
                19.6658535004,
                15.5406732559,
                10.0867490768,
                12.883395195,
                10.0347080231,
                9.89993953705,
                9.57589626312,
                7.38589286804,
                6.27633571625,
                8.31216335297,
                8.37816143036,
                6.80795860291,
                3.11350250244,
                1.09032762051,
                0.349144518375,
                0.0849001333117,
                0.011050561443,
                0.000412273220718
            ],
            "dvar": [
                0.107591025531,
                17.9032783508,
                112.679832458,
                170.408752441,
                822.410217285,
                427.463348389,
                318.807128906,
                367.387268066,
                432.945770264,
                495.419647217,
                515.489807129,
                1435.38000488,
                2813.40795898,
                2696.3046875,
                2079.67358398,
                237.253616333,
                894.516784668,
                988.81463623,
                419.678710938,
                1076.14233398,
                784.948059082,
                375.539520264,
                541.574035645,
                248.163223267,
                93.3500976562,
                187.614089966,
                76.6256256104,
                87.7433166504,
                129.037948608,
                148.33921814,
                116.637451172,
                186.290039062,
                173.621292114,
                108.506057739,
                26.2617092133,
                5.15044975281,
                0.560848891735,
                0.0294390302151,
                0.000544396578334,
                7.6462066545e-07
            ],
            "dvar2": [
                0.272830873728,
                42.4480934143,
                304.446014404,
                480.246948242,
                2262.41796875,
                1119.22473145,
                797.434753418,
                879.459228516,
                1062.63000488,
                1068.12866211,
                1224.05847168,
                3020.55200195,
                5836.58447266,
                5467.51025391,
                4251.20361328,
                554.360046387,
                1962.69152832,
                2110.99609375,
                1050.14331055,
                2671.37939453,
                1757.47717285,
                920.072937012,
                1225.03991699,
                579.770080566,
                224.691192627,
                391.93145752,
                181.944519043,
                192.068908691,
                263.673706055,
                311.941802979,
                230.981750488,
                406.801239014,
                342.673461914,
                217.71194458,
                48.5327301025,
                10.1066980362,
                1.06624817848,
                0.0551946647465,
                0.00116165669169,
                1.46221213981e-06
            ],
            "max": [
                3.21935129166,
                37.2029724121,
                105.385002136,
                145.078048706,
                335.77935791,
                247.555084229,
                301.62713623,
                390.875366211,
                428.939575195,
                507.685791016,
                625.109191895,
                869.564880371,
                1077.79003906,
                2022.21972656,
                1241.84338379,
                319.239959717,
                904.262878418,
                909.755065918,
                318.691436768,
                574.220275879,
                781.627441406,
                551.312683105,
                776.631225586,
                322.157409668,
                197.125869751,
                333.800445557,
                157.212356567,
                260.232391357,
                244.531112671,
                348.042022705,
                278.245483398,
                327.258026123,
                270.575866699,
                224.173492432,
                93.4760513306,
                53.4812164307,
                15.9384975433,
                3.73216986656,
                0.756022691727,
                0.0432438738644
            ],
            "mean": [
                0.261297464371,
                3.07251787186,
                8.52641677856,
                8.09957122803,
                13.1967029572,
                18.0868377686,
                22.8081588745,
                23.0408039093,
                19.2779254913,
                20.1372241974,
                15.9972763062,
                38.0597000122,
                57.0195274353,
                46.5473098755,
                33.9451408386,
                14.508436203,
                24.3930854797,
                25.9350223541,
                23.6937217712,
                32.2447509766,
                24.5813140869,
                19.958562851,
                24.4148159027,
                20.881149292,
                13.7829961777,
                17.8934745789,
                14.5555095673,
                13.7795658112,
                12.626326561,
                8.55456352234,
                7.68025541306,
                10.2607898712,
                11.1588401794,
                8.95566177368,
                4.1149315834,
                1.29484665394,
                0.39187207818,
                0.0948161780834,
                0.0114130526781,
                0.000514659273904
            ],
            "median": [
                0.172272980213,
                1.8210889101,
                5.7751455307,
                4.94936752319,
                5.21587085724,
                10.7454433441,
                13.6671619415,
                12.0635662079,
                7.87458324432,
                7.82444858551,
                6.61903476715,
                14.0451908112,
                12.3977127075,
                10.5282611847,
                10.1841716766,
                7.12949991226,
                9.62471389771,
                11.7164640427,
                10.7531414032,
                13.5169487,
                10.8716125488,
                11.2589263916,
                13.1142091751,
                12.3463554382,
                9.84008216858,
                11.0876693726,
                10.2468528748,
                8.7971496582,
                6.57699871063,
                3.49006223679,
                3.41683530807,
                4.57781505585,
                4.47913074493,
                3.30051040649,
                1.37051510811,
                0.371357381344,
                0.0728868544102,
                0.0184453986585,
                0.00268325349316,
                0.000170963918208
            ],
            "min": [
                1.07131021731e-22,
                4.6360979271e-22,
                1.81431586242e-21,
                5.51334013232e-21,
                1.3870631416e-20,
                3.31445907701e-20,
                7.77713273218e-20,
                7.77465894516e-20,
                8.86390976281e-20,
                8.96905475843e-20,
                2.44465475222e-19,
                4.15523582464e-19,
                8.04264659357e-19,
                7.24645940459e-19,
                9.47662984289e-19,
                1.40778064906e-18,
                8.6764453036e-19,
                2.19691746748e-18,
                2.42846186455e-18,
                3.59729557384e-18,
                3.78830398499e-18,
                3.64951672668e-18,
                4.33814003714e-18,
                5.42996095666e-18,
                6.8033876575e-18,
                8.04648212667e-18,
                9.00995315285e-18,
                1.02110152664e-17,
                1.11501704913e-17,
                1.12283961346e-17,
                1.15082470523e-17,
                9.8489864364e-18,
                1.06213473082e-17,
                8.54311805773e-18,
                6.10503380791e-18,
                4.28741029094e-18,
                2.46983185532e-18,
                8.39488284586e-19,
                2.52085049434e-19,
                2.75331073544e-20
            ],
            "var": [
                0.123426444829,
                21.201713562,
                131.54989624,
                158.54133606,
                735.63684082,
                577.779602051,
                767.00177002,
                994.135253906,
                984.394897461,
                1253.13964844,
                898.002990723,
                3957.04882812,
                11297.9736328,
                10184.8193359,
                6887.07519531,
                565.065734863,
                2329.12695312,
                2321.70605469,
                1200.14953613,
                2624.01708984,
                1897.5489502,
                939.594604492,
                1422.70629883,
                716.587585449,
                215.179840088,
                553.429870605,
                229.612304688,
                253.31187439,
                354.792388916,
                314.269470215,
                250.70703125,
                386.447662354,
                442.407775879,
                286.903625488,
                73.0404052734,
                12.0691862106,
                1.40986359119,
                0.0790870785713,
                0.00117482605856,
                1.76645198735e-06
            ]
        },
        "erbbands_crest": {
            "dmean": 2.41612410545,
            "dmean2": 3.81073451042,
            "dvar": 5.7897143364,
            "dvar2": 13.3492164612,
            "max": 29.2963428497,
            "mean": 8.79200077057,
            "median": 7.48242092133,
            "min": 2.16307449341,
            "var": 21.5244617462
        },
        "erbbands_flatness_db": {
            "dmean": 0.0174540281296,
            "dmean2": 0.0245393849909,
            "dvar": 0.000411469052779,
            "dvar2": 0.000738028495107,
            "max": 0.471564501524,
            "mean": 0.130124330521,
            "median": 0.111336909235,
            "min": 0.0381400436163,
            "var": 0.00425516767427
        },
        "erbbands_kurtosis": {
            "dmean": 1.2203347683,
            "dmean2": 1.86653983593,
            "dvar": 9.56986904144,
            "dvar2": 19.8723487854,
            "max": 111.358215332,
            "mean": 0.904924809933,
            "median": -0.373478770256,
            "min": -1.8428760767,
            "var": 22.6737747192
        },
        "erbbands_skewness": {
            "dmean": 0.40375906229,
            "dmean2": 0.595539212227,
            "dvar": 0.251955717802,
            "dvar2": 0.486542016268,
            "max": 9.08361244202,
            "mean": 0.439906388521,
            "median": 0.330313563347,
            "min": -5.27500343323,
            "var": 1.04298496246
        },
        "erbbands_spread": {
            "dmean": 11.9770469666,
            "dmean2": 17.9998531342,
            "dvar": 205.595443726,
            "dvar2": 455.536071777,
            "max": 177.235519409,
            "mean": 53.1785621643,
            "median": 49.7147521973,
            "min": 1.18355357647,
            "var": 713.642822266
        },
        "gfcc": {
            "cov": [
                [
                    31729.2832031,
                    -2116.53564453,
                    -222.005142212,
                    2199.57592773,
                    -985.520202637,
                    1192.2923584,
                    -405.780303955,
                    843.866699219,
                    -583.938598633,
                    404.206878662,
                    -532.476501465,
                    -110.206802368,
                    -111.218040466
                ],
                [
                    -2116.53564453,
                    2566.56762695,
                    -304.594238281,
                    -126.070739746,
                    528.804992676,
                    -264.137878418,
                    179.748458862,
                    -152.760192871,
                    121.23526001,
                    -117.242248535,
                    122.106613159,
                    -48.4960594177,
                    15.7943429947
                ],
                [
                    -222.005142212,
                    -304.594238281,
                    1003.71783447,
                    351.071533203,
                    111.06603241,
                    131.734176636,
                    -25.966091156,
                    -19.5143508911,
                    31.3382530212,
                    12.1523857117,
                    -12.6769828796,
                    36.6330757141,
                    -95.7259750366
                ],
                [
                    2199.57592773,
                    -126.070739746,
                    351.071533203,
                    917.178283691,
                    124.076858521,
                    193.722702026,
                    49.4539031982,
                    8.1277513504,
                    1.78686237335,
                    59.0437812805,
                    -45.8663711548,
                    22.5361862183,
                    -87.990737915
                ],
                [
                    -985.520202637,
                    528.804992676,
                    111.06603241,
                    124.076858521,
                    480.540374756,
                    51.6589164734,
                    143.879928589,
                    33.2644500732,
                    116.338920593,
                    -18.1371650696,
                    30.6492652893,
                    12.2707796097,
                    -26.5775203705
                ],
                [
                    1192.2923584,
                    -264.137878418,
                    131.734176636,
                    193.722702026,
                    51.6589164734,
                    333.770935059,
                    109.191291809,
                    101.90411377,
                    13.1899337769,
                    58.3766937256,
                    -5.04671669006,
                    3.06656932831,
                    -31.8938102722
                ],
                [
                    -405.780303955,
                    179.748458862,
                    -25.966091156,
                    49.4539031982,
                    143.879928589,
                    109.191291809,
                    242.642791748,
                    62.6181488037,
                    60.5827560425,
                    31.1664543152,
                    32.7689552307,
                    8.56203556061,
                    7.39616298676
                ],
                [
                    843.866699219,
                    -152.760192871,
                    -19.5143508911,
                    8.1277513504,
                    33.2644500732,
                    101.90411377,
                    62.6181488037,
                    250.879608154,
                    73.1951675415,
                    59.1516532898,
                    3.9461312294,
                    -9.55056667328,
                    41.8671035767
                ],
                [
                    -583.938598633,
                    121.23526001,
                    31.3382530212,
                    1.78686237335,
                    116.338920593,
                    13.1899337769,
                    60.5827560425,
                    73.1951675415,
                    165.714309692,
                    38.8464508057,
                    25.4694061279,
                    17.4308395386,
                    -9.82726669312
                ],
                [
                    404.206878662,
                    -117.242248535,
                    12.1523857117,
                    59.0437812805,
                    -18.1371650696,
                    58.3766937256,
                    31.1664543152,
                    59.1516532898,
                    38.8464508057,
                    134.994796753,
                    37.1469345093,
                    4.08541584015,
                    6.18492889404
                ],
                [
                    -532.476501465,
                    122.106613159,
                    -12.6769828796,
                    -45.8663711548,
                    30.6492652893,
                    -5.04671669006,
                    32.7689552307,
                    3.9461312294,
                    25.4694061279,
                    37.1469345093,
                    108.49697113,
                    17.536075592,
                    11.6318426132
                ],
                [
                    -110.206802368,
                    -48.4960594177,
                    36.6330757141,
                    22.5361862183,
                    12.2707796097,
                    3.06656932831,
                    8.56203556061,
                    -9.55056667328,
                    17.4308395386,
                    4.08541584015,
                    17.536075592,
                    88.3032150269,
                    0.842414259911
                ],
                [
                    -111.218040466,
                    15.7943429947,
                    -95.7259750366,
                    -87.990737915,
                    -26.5775203705,
                    -31.8938102722,
                    7.39616298676,
                    41.8671035767,
                    -9.82726669312,
                    6.18492889404,
                    11.6318426132,
                    0.842414259911,
                    120.794036865
                ]
            ],
            "icov": [
                [
                    7.63191565056e-05,
                    -6.00277489866e-05,
                    7.90921549196e-05,
                    -0.000168338112417,
                    0.000137615061249,
                    -0.000210817874176,
                    0.00022727951,
                    -0.000346739776433,
                    0.000305836292682,
                    -0.000168184589711,
                    0.000266782648396,
                    -0.000105505081592,
                    0.000107590334665
                ],
                [
                    -6.00277489866e-05,
                    0.000805788964499,
                    0.00016201431572,
                    5.67927127122e-05,
                    -0.000850703159813,
                    0.000708567909896,
                    -0.00054299342446,
                    0.00074934278382,
                    -0.000516165688168,
                    0.000609394279309,
                    -0.000939270597883,
                    0.000775404681917,
                    -0.00020558614051
                ],
                [
                    7.90921549196e-05,
                    0.00016201431572,
                    0.00143784284592,
                    -0.000548491894733,
                    -0.000309938128339,
                    -0.000517134030815,
                    0.000708598759957,
                    -7.97964748926e-05,
                    -1.65140172612e-05,
                    6.57972195768e-05,
                    -4.00027638534e-05,
                    -0.000282433262328,
                    0.000572192366235
                ],
                [
                    -0.000168338112417,
                    5.67927127122e-05,
                    -0.000548491894733,
                    0.0019479932962,
                    -0.00067619397305,
                    -0.000103657148429,
                    -0.00049858156126,
                    0.000868877687026,
                    -0.000138095041621,
                    -0.000648442131933,
                    0.000429425534094,
                    -0.000240059176576,
                    0.000357422570232
                ],
                [
                    0.000137615061249,
                    -0.000850703159813,
                    -0.000309938128339,
                    -0.00067619397305,
                    0.00430474197492,
                    -0.000823292124551,
                    -0.000818428758066,
                    -0.000976370472927,
                    -0.00126120809,
                    0.000991938519292,
                    0.000322284497088,
                    -0.000455252622487,
                    0.000436789443484
                ],
                [
                    -0.000210817874176,
                    0.000708567909896,
                    -0.000517134030815,
                    -0.000103657148429,
                    -0.000823292124551,
                    0.00606896728277,
                    -0.00301702856086,
                    -0.000745032273699,
                    0.000589112867601,
                    -0.000424794183346,
                    -0.000689942389727,
                    0.000511321006343,
                    0.00122470711358
                ],
                [
                    0.00022727951,
                    -0.00054299342446,
                    0.000708598759957,
                    -0.00049858156126,
                    -0.000818428758066,
                    -0.00301702856086,
                    0.00741279032081,
                    -0.00128339172807,
                    1.103860086e-05,
                    -0.000905157008674,
                    -2.21875015995e-05,
                    -0.00077191577293,
                    -0.000452347943792
                ],
                [
                    -0.000346739776433,
                    0.00074934278382,
                    -7.97964748926e-05,
                    0.000868877687026,
                    -0.000976370472927,
                    -0.000745032273699,
                    -0.00128339172807,
                    0.00835424475372,
                    -0.00448388699442,
                    -0.00028701138217,
                    -0.000680046912748,
                    0.00204533617944,
                    -0.00337494979613
                ],
                [
                    0.000305836292682,
                    -0.000516165688168,
                    -1.65140172612e-05,
                    -0.000138095041621,
                    -0.00126120809,
                    0.000589112867601,
                    1.103860086e-05,
                    -0.00448388699442,
                    0.0113491592929,
                    -0.00340288458392,
                    0.0011897040531,
                    -0.00253548519686,
                    0.00266756047495
                ],
                [
                    -0.000168184589711,
                    0.000609394279309,
                    6.57972195768e-05,
                    -0.000648442131933,
                    0.000991938519292,
                    -0.000424794183346,
                    -0.000905157008674,
                    -0.00028701138217,
                    -0.00340288458392,
                    0.0117632979527,
                    -0.00515739852563,
                    0.00135578843765,
                    -0.000785724725574
                ],
                [
                    0.000266782648396,
                    -0.000939270597883,
                    -4.00027638534e-05,
                    0.000429425534094,
                    0.000322284497088,
                    -0.000689942389727,
                    -2.21875015995e-05,
                    -0.000680046912748,
                    0.0011897040531,
                    -0.00515739852563,
                    0.0136692998931,
                    -0.00307741155848,
                    -0.00015860311396
                ],
                [
                    -0.000105505081592,
                    0.000775404681917,
                    -0.000282433262328,
                    -0.000240059176576,
                    -0.000455252622487,
                    0.000511321006343,
                    -0.00077191577293,
                    0.00204533617944,
                    -0.00253548519686,
                    0.00135578843765,
                    -0.00307741155848,
                    0.013200067915,
                    -0.00129543780349
                ],
                [
                    0.000107590334665,
                    -0.00020558614051,
                    0.000572192366235,
                    0.000357422570232,
                    0.000436789443484,
                    0.00122470711358,
                    -0.000452347943792,
                    -0.00337494979613,
                    0.00266756047495,
                    -0.000785724725574,
                    -0.00015860311396,
                    -0.00129543780349,
                    0.0110167823732
                ]
            ],
            "mean": [
                14.8427753448,
                64.0119400024,
                -86.3449935913,
                27.9826583862,
                -52.7269744873,
                13.5542936325,
                -38.5303344727,
                9.58742523193,
                -26.7619132996,
                1.31177759171,
                -15.8294372559,
                -1.31546092033,
                -3.986992836
            ]
        },
        "hfc": {
            "dmean": 11.672088623,
            "dmean2": 16.6045513153,
            "dvar": 364.862731934,
            "dvar2": 634.578796387,
            "max": 324.294403076,
            "mean": 40.0565795898,
            "median": 32.9033203125,
            "min": 1.07149522244e-16,
            "var": 1434.50646973
        },
        "melbands": {
            "dmean": [
                0.0016198400408,
                0.00230870442465,
                0.00106458552182,
                0.000836224935483,
                0.000384296668926,
                0.000252358033322,
                0.000146670427057,
                0.000107829917397,
                8.7560954853e-05,
                0.000119103468023,
                0.000131576409331,
                9.35613497859e-05,
                7.60122202337e-05,
                2.23274382734e-05,
                2.94150249829e-05,
                3.16964833473e-05,
                2.94078763545e-05,
                2.29121997108e-05,
                2.14276951738e-05,
                1.95292032004e-05,
                1.69332834048e-05,
                1.10996697913e-05,
                1.16833170978e-05,
                1.40071797432e-05,
                8.21605954116e-06,
                6.16996339886e-06,
                4.4857301873e-06,
                6.34243133391e-06,
