{
    "lowlevel": {
        "average_loudness": 0.89642983675,
        "barkbands": {
            "dmean": [
                0.000197545334231,
                0.00788752455264,
                0.00181760266423,
                0.0015561284963,
                0.00140610383824,
                0.000482669915073,
                0.00043192517478,
                0.000308147631586,
                0.000340662576491,
                0.000750577135477,
                0.000343014748069,
                0.000377064920031,
                0.00024010175548,
                0.000377583084628,
                0.00052982266061,
                0.000300282088574,
                0.000349618960172,
                0.00021734276379,
                0.000247766176471,
                0.00021009586635,
                0.000201822665986,
                7.44329372537e-05,
                7.15895876056e-05,
                8.6053776613e-05,
                0.000111395333079,
                5.83033724979e-05,
                1.39162912092e-05
            ],
            "dmean2": [
                0.000352754548658,
                0.0136068146676,
                0.00316644925624,
                0.00246837059967,
                0.00235436437652,
                0.000777674547862,
                0.000683190010022,
                0.000470034603495,
                0.000513686216436,
                0.00112537527457,
                0.000518921413459,
                0.000577277038246,
                0.000362286285963,
                0.000585412723012,
                0.000807932810858,
                0.000470900267828,
                0.000549323565792,
                0.00034036062425,
                0.00039243401261,
                0.000331918039592,
                0.000312630552799,
                0.000118448399007,
                0.000108275082312,
                0.000127589446492,
                0.000159653267474,
                8.47247065394e-05,
                2.09864556382e-05
            ],
            "dvar": [
                3.90929699279e-07,
                0.000559551815968,
                1.58566635946e-05,
                1.72167892742e-05,
                1.43118222695e-05,
                8.29577004424e-07,
                1.03874356228e-06,
                3.40384673336e-07,
                5.91677746797e-07,
                2.17205774788e-06,
                9.31801139359e-07,
                8.13807901068e-07,
                4.96042332543e-07,
                9.07211642698e-07,
                1.27564669583e-06,
                4.94246990002e-07,
                5.66310347949e-07,
                2.33406396433e-07,
                2.22312607434e-07,
                1.50693608703e-07,
                1.75958646764e-07,
                2.59356784937e-08,
                2.22666010075e-08,
                4.49798207569e-08,
                8.64363798314e-08,
                2.19610392094e-08,
                1.47590217825e-09
            ],
            "dvar2": [
                1.08706410629e-06,
                0.00149061903358,
                4.66921301268e-05,
                3.98422780563e-05,
                3.85333769373e-05,
                2.04895764e-06,
                2.47432103606e-06,
                7.76570175276e-07,
                1.26042607462e-06,
                4.8471088121e-06,
                1.88525348221e-06,
                1.79830908564e-06,
                1.02530987078e-06,
                2.03727631742e-06,
                2.68407279691e-06,
                1.14786564609e-06,
                1.32464197122e-06,
                5.36153208941e-07,
                5.28480995854e-07,
                3.6732004105e-07,
                3.9041231048e-07,
                6.30626146858e-08,
                4.97328613847e-08,
                9.54113517082e-08,
                1.86089067711e-07,
                4.72377372773e-08,
                3.3157570023e-09
            ],
            "max": [
                0.00686163129285,
                0.197682574391,
                0.0543252192438,
                0.0556072890759,
                0.0540135428309,
                0.0163936056197,
                0.0214566551149,
                0.0164127126336,
                0.0254240166396,
                0.0416990816593,
                0.0370590165257,
                0.0244193971157,
                0.0256316829473,
                0.0209170021117,
                0.0267845131457,
                0.0183547995985,
                0.0151961073279,
                0.0105338655412,
                0.010666529648,
                0.00854870118201,
                0.00813692528754,
                0.00255684833974,
                0.00305230449885,
                0.00502324104309,
                0.00561565067619,
                0.00339828478172,
                0.000733700813726
            ],
            "mean": [
                0.000168467784533,
                0.00842876546085,
                0.0027602459304,
                0.00210558134131,
                0.00199375161901,
                0.000988373183645,
                0.00074630236486,
                0.000605845300015,
                0.000670423032716,
                0.00148554868065,
                0.000685056787916,
                0.000715329486411,
                0.000423607678385,
                0.000664631312247,
                0.000938224198762,
                0.000506235403009,
                0.000634632422589,
                0.00040451384848,
                0.000466513505671,
                0.0004267191689,
                0.000412854569731,
                0.000144484642078,
                0.000146541264257,
                0.000174812405021,
                0.000199300367967,
                8.48742056405e-05,
                1.44120122059e-05
            ],
            "median": [
                2.0053174012e-05,
                0.00353637849912,
                0.00142348161899,
                0.000861014064867,
                0.00091718317708,
                0.000498301174957,
                0.000340987142408,
                0.000265683222096,
                0.00026953232009,
                0.000558746804018,
                0.000132318702526,
                0.000223413182539,
                0.00014288276725,
                0.000180914998055,
                0.000339607591741,
                0.000222828617552,
                0.000323800515616,
                0.000161687770742,
                0.000226520511205,
                0.000214136540308,
                0.000162851152709,
                6.87552965246e-05,
                6.90727247274e-05,
                7.71616541897e-05,
                7.14483903721e-05,
                2.16734915739e-05,
                9.60556917562e-07
            ],
            "min": [
                2.90379995035e-25,
                1.49244594659e-24,
                2.39025815706e-25,
                1.28243453358e-25,
                7.05718752343e-24,
                6.18216565242e-24,
                2.85945255684e-24,
                3.9179155511e-24,
                1.18234464586e-23,
                1.30201650179e-23,
                1.15149221697e-23,
                1.46117755134e-23,
                1.61803165607e-23,
                1.65136102931e-23,
                2.66326162698e-23,
                4.34565833756e-23,
                5.23216286791e-23,
                8.7723270103e-23,
                1.01889457534e-22,
                1.45207532712e-22,
                1.96002816514e-22,
                2.76052596778e-22,
                2.77172678289e-22,
                5.28104233043e-22,
                8.19661114674e-22,
                1.22105469734e-21,
                1.71246622027e-21
            ],
            "var": [
                2.76947815792e-07,
                0.000421229371568,
                1.62905325851e-05,
                1.9388678993e-05,
                1.38379318741e-05,
                2.22616722567e-06,
                1.65457788626e-06,
                1.01767159322e-06,
                1.7350082544e-06,
                6.44291458229e-06,
                4.4394409997e-06,
                2.51847200161e-06,
                1.39121209486e-06,
                2.18316995415e-06,
                3.3507376429e-06,
                9.99186568151e-07,
                1.22113385714e-06,
                6.06909566159e-07,
                4.86003955302e-07,
                3.8459970142e-07,
                4.77940488963e-07,
                4.65591050158e-08,
                5.15582385674e-08,
                9.57238057708e-08,
                1.81772065844e-07,
                3.85969656236e-08,
                1.73273495552e-09
            ]
        },
        "barkbands_crest": {
            "dmean": 2.61567831039,
            "dmean2": 4.24219799042,
            "dvar": 8.8526802063,
            "dvar2": 22.1112194061,
            "max": 25.8415603638,
            "mean": 9.52966403961,
            "median": 8.36481761932,
            "min": 2.41947102547,
            "var": 19.486120224
        },
        "barkbands_flatness_db": {
            "dmean": 0.0243574716151,
            "dmean2": 0.0359624885023,
            "dvar": 0.000862766813952,
            "dvar2": 0.00181520718616,
            "max": 0.523321390152,
            "mean": 0.123484686017,
            "median": 0.0999787673354,
            "min": 0.0238532144576,
            "var": 0.00489830691367
        },
        "barkbands_kurtosis": {
            "dmean": 3.29585623741,
            "dmean2": 5.41446256638,
            "dvar": 91.7790756226,
            "dvar2": 239.190887451,
            "max": 254.842254639,
            "mean": 3.30836319923,
            "median": 0.30291724205,
            "min": -1.97218286991,
            "var": 108.017837524
        },
        "barkbands_skewness": {
            "dmean": 0.601331710815,
            "dmean2": 0.91584956646,
            "dvar": 0.707724690437,
            "dvar2": 1.64722239971,
            "max": 12.9569330215,
            "mean": 1.15049374104,
            "median": 0.939234733582,
            "min": -4.60958433151,
            "var": 2.07494974136
        },
        "barkbands_spread": {
            "dmean": 6.97800779343,
            "dmean2": 10.7613067627,
            "dvar": 91.4319839478,
            "dvar2": 187.799560547,
            "max": 128.584213257,
            "mean": 31.0386676788,
            "median": 29.6652355194,
            "min": 0.632708191872,
            "var": 316.061706543
        },
        "dissonance": {
            "dmean": 0.0160513911396,
            "dmean2": 0.0267697870731,
            "dvar": 0.000381107733119,
            "dvar2": 0.000976532930508,
            "max": 0.5,
            "mean": 0.467420548201,
            "median": 0.47745513916,
            "min": 0.141164809465,
            "var": 0.00107468571514
        },
        "dynamic_complexity": 3.19736528397,
        "erbbands": {
            "dmean": [
                0.220642372966,
                1.77953588963,
                2.30763459206,
                3.36422753334,
                5.78904724121,
                4.00311088562,
                3.52532458305,
                4.10044050217,
                6.26162338257,
                5.45146560669,
                7.51882457733,
                7.77509450912,
                20.867893219,
                17.3102169037,
                12.1216411591,
                18.1176624298,
                11.3705911636,
                19.8839645386,
                21.6092338562,
                22.1634254456,
                19.0377483368,
                15.2245454788,
                10.3361139297,
                12.2891979218,
                11.4186029434,
                9.34035110474,
                10.5698881149,
                5.04740285873,
                2.67143726349,
                2.37985610962,
                2.08813691139,
                1.85987722874,
                1.48878216743,
                1.3727812767,
                0.74705350399,
                0.302737921476,
                0.101413369179,
                0.0229995343834,
                0.0023812581785,
                7.5238313002e-05
            ],
            "dmean2": [
                0.389371395111,
                3.04753828049,
                3.98030853271,
                5.46040010452,
                9.2481470108,
                6.82316732407,
                5.52419042587,
                6.7246928215,
                9.92471218109,
                8.7349023819,
                11.2377500534,
                11.6335821152,
                31.7833023071,
                25.1901950836,
                18.1635932922,
                27.7426204681,
                16.8354759216,
                30.1863212585,
                32.2273712158,
                34.5391540527,
                29.2761383057,
                23.5991916656,
                16.1014633179,
                19.5281944275,
                17.9302940369,
                14.4569416046,
                16.0773410797,
                8.05836963654,
                4.2669878006,
                3.71497917175,
                3.15318799019,
                2.83199620247,
                2.19059348106,
                2.01743197441,
                1.0664126873,
                0.441588401794,
                0.148601621389,
                0.0335397534072,
                0.00361256161705,
                0.000116690789582
            ],
            "dvar": [
                0.497545391321,
                26.6651172638,
                29.7656040192,
                45.5057754517,
                341.528259277,
                81.5947036743,
                51.471031189,
                69.3216018677,
                195.449035645,
                236.229385376,
                206.772476196,
                357.108764648,
                2008.18859863,
                1631.99645996,
                920.354125977,
                1982.71911621,
                1063.78186035,
                2367.16357422,
                2992.47680664,
                2852.39453125,
                1682.30554199,
                1249.60632324,
                535.74987793,
                633.480224609,
                448.051635742,
                337.42868042,
                536.754516602,
                98.0595932007,
                33.4666557312,
                26.9971122742,
                18.8404102325,
                18.9744739532,
                15.7292785645,
                13.384018898,
                3.94527316093,
                0.686084926128,
                0.0627590343356,
                0.00352155929431,
                4.36157752119e-05,
                4.21360120129e-08
            ],
            "dvar2": [
                1.34638428688,
                70.6981964111,
                84.7626647949,
                112.81665802,
                827.161437988,
                219.112609863,
                125.90435791,
                175.615783691,
                473.726013184,
                586.084777832,
                453.830505371,
                779.648071289,
                4616.45751953,
                3402.45898438,
                1887.89099121,
                4372.88964844,
                2028.60681152,
                5120.97265625,
                5955.13671875,
                6452.06835938,
                3729.16650391,
                2866.35791016,
                1206.66137695,
                1511.06225586,
                1024.95043945,
                783.183776855,
                1179.3458252,
                237.058746338,
                82.991859436,
                61.8433456421,
                42.6244239807,
                43.1289253235,
                33.0408096313,
                29.8584537506,
                8.36933517456,
                1.48907411098,
                0.13721396029,
                0.00768578797579,
                9.78334937827e-05,
                9.91997097799e-08
            ],
            "max": [
                6.35393333435,
                43.6476097107,
                68.0107574463,
                92.9676589966,
                284.535858154,
                173.095916748,
                165.02633667,
                160.3775177,
                249.382980347,
                584.116210938,
                454.419464111,
                686.793273926,
                1629.07446289,
                927.944702148,
                1136.17602539,
                996.137268066,
                1408.2845459,
                1110.71862793,
                1600.33349609,
                888.613342285,
                1218.65490723,
                761.323364258,
                579.125244141,
                556.737731934,
                401.710601807,
                553.902404785,
                542.150512695,
                231.504959106,
                101.144371033,
                105.289924622,
                101.677459717,
                113.646469116,
                112.694976807,
                82.967010498,
                39.3733215332,
                17.6874408722,
                5.01265668869,
                1.85247981548,
                0.0961100980639,
                0.00303842290305
            ],
            "mean": [
                0.208029538393,
                1.99579632282,
                3.43936610222,
                5.59906721115,
                7.31372594833,
                5.90713500977,
                7.04668426514,
                7.63458442688,
                11.2411136627,
                9.14933872223,
                16.0009803772,
                16.7841529846,
                40.3219642639,
                36.8479995728,
                26.9552993774,
                34.7187271118,
                22.0168209076,
                37.6591835022,
                40.2555961609,
                38.8589859009,
                37.4977340698,
                30.5398197174,
                21.285736084,
                23.4905815125,
                23.1880378723,
                20.5644397736,
                22.3523807526,
                10.5603666306,
                5.22876739502,
                4.63551568985,
                4.22754240036,
                3.78413414955,
                2.84421682358,
                2.41837978363,
                1.27997088432,
                0.46164008975,
                0.141085296869,
                0.0285204555839,
                0.00245352624916,
                9.68926688074e-05
            ],
            "median": [
                0.0697479695082,
                0.879067540169,
                1.79718875885,
                3.11993598938,
                2.77716112137,
                2.55608010292,
                3.37124586105,
                3.51323890686,
                5.45042896271,
                4.39230203629,
                7.62030506134,
                8.07391357422,
                15.0413045883,
                13.1323080063,
                9.56602859497,
                11.9196500778,
                8.97914981842,
                11.2583112717,
                15.5765542984,
                15.6272974014,
                19.3828468323,
                16.0477981567,
                9.67430400848,
                10.7670450211,
                11.3202266693,
                10.1397075653,
                8.75730609894,
                5.12947034836,
                2.64257693291,
                2.01932168007,
                1.99800717831,
                1.70094609261,
                1.20168483257,
                0.912504196167,
                0.414851814508,
                0.131107538939,
                0.0350161418319,
                0.00462015718222,
                0.000184456963325,
                3.83528167731e-05
            ],
            "min": [
                3.28148781632e-23,
                2.07103906986e-22,
                6.63100775441e-22,
                2.45567830713e-21,
                8.69292022109e-21,
                2.24103245065e-20,
                1.84823135806e-20,
                6.70678880763e-20,
                5.74305295441e-20,
                1.61881184581e-19,
                1.82575136782e-19,
                3.25992318847e-19,
                5.34953056678e-19,
                6.06153041494e-19,
                6.81804447077e-19,
                6.7127655753e-19,
                1.25675080749e-18,
                1.39806189725e-18,
                1.6886178762e-18,
                2.3870397614e-18,
                3.06110552025e-18,
                4.07488194898e-18,
                4.33534954334e-18,
                5.34765483135e-18,
                6.99276569566e-18,
                6.90130681687e-18,
                7.69154306173e-18,
                8.09084382292e-18,
                9.9333795384e-18,
                9.55235946874e-18,
                8.08215346341e-18,
                1.03320069746e-17,
                8.69067384411e-18,
                7.53544746269e-18,
                5.74620947563e-18,
                3.54463560168e-18,
                2.17116175154e-18,
                9.0432047795e-19,
                1.93980664959e-19,
                2.71327357821e-20
            ],
            "var": [
                0.356657534838,
                20.5555820465,
                28.4512958527,
                59.9617233276,
                335.500274658,
                110.040710449,
                124.32333374,
                152.781234741,
                325.55078125,
                315.610626221,
                701.802612305,
                926.028808594,
                5914.70898438,
                5157.80273438,
                4411.38769531,
                5676.45068359,
                3136.81201172,
                6399.90625,
                8559.95214844,
                5924.90283203,
                4194.73144531,
                2930.98266602,
                1515.68566895,
                1449.65966797,
                1149.86706543,
                973.504760742,
                1480.57080078,
                234.145553589,
                56.9572677612,
                55.6135749817,
                42.5748252869,
                40.7242202759,
                31.0789604187,
                26.7273616791,
                7.99839925766,
                1.22285699844,
                0.104553021491,
                0.0049915057607,
                5.04375238961e-05,
                4.40088285814e-08
            ]
        },
        "erbbands_crest": {
            "dmean": 2.54669189453,
            "dmean2": 3.98840975761,
            "dvar": 6.45120716095,
            "dvar2": 14.5594549179,
            "max": 28.7764530182,
            "mean": 9.26898479462,
            "median": 8.16242408752,
            "min": 2.206802845,
            "var": 22.7712783813
        },
        "erbbands_flatness_db": {
            "dmean": 0.0202790722251,
            "dmean2": 0.0270135328174,
            "dvar": 0.000578236533329,
            "dvar2": 0.000933448493015,
            "max": 0.438351780176,
            "mean": 0.14294667542,
            "median": 0.132119998336,
            "min": 0.0418437570333,
            "var": 0.00331677403301
        },
        "erbbands_kurtosis": {
            "dmean": 0.948598921299,
            "dmean2": 1.45618665218,
            "dvar": 3.19255447388,
            "dvar2": 7.48477077484,
            "max": 49.8931694031,
            "mean": 0.759774804115,
            "median": 0.0962104797363,
            "min": -1.92598342896,
            "var": 6.81238126755
        },
        "erbbands_skewness": {
            "dmean": 0.332581192255,
            "dmean2": 0.490782976151,
            "dvar": 0.144166171551,
            "dvar2": 0.278458744287,
            "max": 5.3920340538,
            "mean": -0.0248092692345,
            "median": -0.073014177382,
            "min": -5.52030849457,
            "var": 0.655782580376
        },
        "erbbands_spread": {
            "dmean": 9.30163955688,
            "dmean2": 13.7637825012,
            "dvar": 135.593170166,
            "dvar2": 291.868103027,
            "max": 175.58706665,
            "mean": 39.225982666,
            "median": 34.6536254883,
            "min": 1.83609223366,
            "var": 458.093017578
        },
        "gfcc": {
            "cov": [
                [
                    57433.125,
                    153.596817017,
                    -4594.54833984,
                    2171.83544922,
                    -2485.40527344,
                    1490.22583008,
                    -1640.09680176,
                    1131.59106445,
                    -1321.63928223,
                    497.974121094,
                    -1054.92944336,
                    218.85369873,
                    -444.740905762
                ],
                [
                    153.596817017,
                    2462.34033203,
                    -914.453613281,
                    -168.891769409,
                    230.336364746,
                    -292.437164307,
                    151.292739868,
                    -175.426864624,
                    74.4658584595,
                    -159.980834961,
                    136.65663147,
                    -260.192932129,
                    162.367523193
                ],
                [
                    -4594.54833984,
                    -914.453613281,
                    1412.0345459,
                    -111.949508667,
                    68.6847686768,
                    17.6389312744,
                    36.4488792419,
                    -9.10920524597,
                    89.6590423584,
                    25.8860778809,
                    10.7469263077,
                    127.268470764,
                    -77.1322250366
                ],
                [
                    2171.83544922,
                    -168.891769409,
                    -111.949508667,
                    489.03237915,
                    -105.673561096,
                    62.0000495911,
                    -42.0586471558,
                    64.9516906738,
                    20.165397644,
                    36.8879432678,
                    -1.04884362221,
                    24.1071414948,
                    7.74113368988
                ],
                [
                    -2485.40527344,
                    230.336364746,
                    68.6847686768,
                    -105.673561096,
                    406.456237793,
                    -79.7213287354,
                    160.317276001,
                    -50.5852737427,
                    87.9702911377,
                    -0.773888409138,
                    59.3976097107,
                    -15.7435007095,
                    47.4933700562
                ],
                [
                    1490.22583008,
                    -292.437164307,
                    17.6389312744,
                    62.0000495911,
                    -79.7213287354,
                    305.68762207,
                    -13.5310945511,
                    77.0888671875,
                    -40.4128036499,
                    54.544342041,
                    -18.5521125793,
                    41.176574707,
                    -20.032989502
                ],
                [
                    -1640.09680176,
                    151.292739868,
                    36.4488792419,
                    -42.0586471558,
                    160.317276001,
                    -13.5310945511,
                    225.391265869,
                    -27.9429473877,
                    74.9529876709,
                    -4.35903263092,
                    52.6049156189,
                    -12.7370843887,
                    30.1857509613
                ],
                [
                    1131.59106445,
                    -175.426864624,
                    -9.10920524597,
                    64.9516906738,
                    -50.5852737427,
                    77.0888671875,
                    -27.9429473877,
                    218.00730896,
                    -5.02662801743,
                    49.8641281128,
                    -15.5543308258,
                    35.3546638489,
                    8.01327323914
                ],
                [
                    -1321.63928223,
                    74.4658584595,
                    89.6590423584,
                    20.165397644,
                    87.9702911377,
                    -40.4128036499,
                    74.9529876709,
                    -5.02662801743,
                    176.002105713,
                    3.49306774139,
                    49.3960151672,
                    8.00059890747,
                    10.5436410904
                ],
                [
                    497.974121094,
                    -159.980834961,
                    25.8860778809,
                    36.8879432678,
                    -0.773888409138,
                    54.544342041,
                    -4.35903263092,
                    49.8641281128,
                    3.49306774139,
                    134.808868408,
                    15.3874921799,
                    25.4979572296,
                    -1.50119388103
                ],
                [
                    -1054.92944336,
                    136.65663147,
                    10.7469263077,
                    -1.04884362221,
                    59.3976097107,
                    -18.5521125793,
                    52.6049156189,
                    -15.5543308258,
                    49.3960151672,
                    15.3874921799,
                    128.62852478,
                    -7.85791301727,
                    38.2035713196
                ],
                [
                    218.85369873,
                    -260.192932129,
                    127.268470764,
                    24.1071414948,
                    -15.7435007095,
                    41.176574707,
                    -12.7370843887,
                    35.3546638489,
                    8.00059890747,
                    25.4979572296,
                    -7.85791301727,
                    115.856666565,
                    -13.652466774
                ],
                [
                    -444.740905762,
                    162.367523193,
                    -77.1322250366,
                    7.74113368988,
                    47.4933700562,
                    -20.032989502,
                    30.1857509613,
                    8.01327323914,
                    10.5436410904,
                    -1.50119388103,
                    38.2035713196,
                    -13.652466774,
                    109.363555908
                ]
            ],
            "icov": [
                [
                    8.48701456562e-05,
                    -0.000115738526802,
                    0.000198422596441,
                    -0.000245251634624,
                    0.000173243810423,
                    -0.000221313355723,
                    0.000213758743485,
                    -0.000176040062797,
                    0.000269166514045,
                    -0.000249781558523,
                    0.000396605639253,
                    -0.000308424787363,
                    0.000305969530018
                ],
                [
                    -0.000115738526802,
                    0.00106209178921,
                    0.000238268490648,
                    0.000580874911975,
                    -0.000380280485842,
                    0.000651637092233,
                    -0.000416559370933,
                    0.000420455413405,
                    -0.000701915589161,
                    0.000909234397113,
                    -0.00108196411747,
                    0.00143105711322,
                    -0.00091514311498
                ],
                [
                    0.000198422596441,
                    0.000238268490648,
                    0.00162478163838,
                    -0.000204624477192,
                    0.000239209039137,
                    -0.000345868524164,
                    0.000421288510552,
                    -0.000228537843213,
                    4.69024125778e-05,
                    -0.000310632865876,
                    0.000526733871084,
                    -0.00108966045082,
                    0.00101798924152
                ],
                [
                    -0.000245251634624,
                    0.000580874911975,
                    -0.000204624477192,
                    0.0031843080651,
                    7.55350702093e-05,
                    0.000466948316898,
                    -0.000441727548605,
                    0.000252974801697,
                    -0.00168288801797,
                    0.000491316255648,
                    -0.00130457710475,
                    0.000809366232716,
                    -0.00134759326465
                ],
                [
                    0.000173243810423,
                    -0.000380280485842,
                    0.000239209039137,
                    7.55350702093e-05,
                    0.00436440343037,
                    0.000145127181895,
                    -0.00174420827534,
                    -1.46354786921e-05,
                    -0.000217257766053,
                    -0.00117678311653,
                    0.000794469786342,
                    -0.00081641349243,
                    -0.000328437599819
                ],
                [
                    -0.000221313355723,
                    0.000651637092233,
                    -0.000345868524164,
                    0.000466948316898,
                    0.000145127181895,
                    0.00491341436282,
                    -0.00149051786866,
                    -0.000424275262048,
                    0.00020940793911,
                    -0.00028630453744,
                    -0.0011706224177,
                    0.000320637365803,
                    -0.000440113304649
                ],
                [
                    0.000213758743485,
                    -0.000416559370933,
                    0.000421288510552,
                    -0.000441727548605,
                    -0.00174420827534,
                    -0.00149051786866,
                    0.00755068240687,
                    -0.000120678145322,
                    -0.00105891528074,
                    -0.000254823011346,
                    -2.64168029389e-05,
                    -0.000389577180613,
                    0.000284491368802
                ],
                [
                    -0.000176040062797,
                    0.000420455413405,
                    -0.000228537843213,
                    0.000252974801697,
                    -1.46354786921e-05,
                    -0.000424275262048,
                    -0.000120678145322,
                    0.00618025707081,
                    -0.00112398073543,
                    -0.000942871323787,
                    -2.14421397686e-05,
                    -0.000219505673158,
                    -0.00193459715229
                ],
                [
                    0.000269166514045,
                    -0.000701915589161,
                    4.69024125778e-05,
                    -0.00168288801797,
                    -0.000217257766053,
                    0.00020940793911,
                    -0.00105891528074,
                    -0.00112398073543,
                    0.00891377404332,
                    -0.000855598191265,
                    -0.000641622464173,
                    -0.00190913572442,
                    0.00191093736794
                ],
                [
                    -0.000249781558523,
                    0.000909234397113,
                    -0.000310632865876,
                    0.000491316255648,
                    -0.00117678311653,
                    -0.00028630453744,
                    -0.000254823011346,
                    -0.000942871323787,
                    -0.000855598191265,
                    0.0100727509707,
                    -0.00314827100374,
                    0.000507959281094,
                    -0.00063757650787
                ],
                [
                    0.000396605639253,
                    -0.00108196411747,
                    0.000526733871084,
                    -0.00130457710475,
                    0.000794469786342,
                    -0.0011706224177,
                    -2.64168029389e-05,
                    -2.14421397686e-05,
                    -0.000641622464173,
                    -0.00314827100374,
                    0.0125462710857,
                    -0.00153823511209,
                    -0.00142367742956
                ],
                [
                    -0.000308424787363,
                    0.00143105711322,
                    -0.00108966045082,
                    0.000809366232716,
                    -0.00081641349243,
                    0.000320637365803,
                    -0.000389577180613,
                    -0.000219505673158,
                    -0.00190913572442,
                    0.000507959281094,
                    -0.00153823511209,
                    0.0130165163428,
                    -0.00131449697074
                ],
                [
                    0.000305969530018,
                    -0.00091514311498,
                    0.00101798924152,
                    -0.00134759326465,
                    -0.000328437599819,
                    -0.000440113304649,
                    0.000284491368802,
                    -0.00193459715229,
                    0.00191093736794,
                    -0.00063757650787,
                    -0.00142367742956,
                    -0.00131449697074,
                    0.0128255989403
                ]
            ],
            "mean": [
                -34.2803459167,
                78.5439529419,
                -107.075439453,
                34.1804008484,
                -45.0630760193,
                19.0942993164,
                -32.1738052368,
                15.3435230255,
                -26.0831127167,
                4.07109880447,
                -18.1042118073,
                -3.94873809814,
                -6.39264154434
            ]
        },
        "hfc": {
            "dmean": 7.03118753433,
            "dmean2": 10.2035226822,
            "dvar": 119.177116394,
            "dvar2": 248.165435791,
            "max": 154.170135498,
            "mean": 25.2332687378,
            "median": 20.4809436798,
            "min": 1.03514738431e-16,
            "var": 483.532745361
        },
        "melbands": {
            "dmean": [
                0.00214366917498,
                0.00158451113384,
                0.000661974831019,
                0.000347408087691,
                0.000125184800709,
                9.29495727178e-05,
                9.46288273553e-05,
                5.60930784559e-05,
                6.23751693638e-05,
                5.07214499521e-05,
                0.000105835468275,
                7.30903193471e-05,
                4.934028766e-05,
                4.42857453891e-05,
                3.35742988682e-05,
                2.24333543883e-05,
                4.19466850872e-05,
                3.44954314642e-05,
                3.23666426993e-05,
                2.37920812651e-05,
                2.54255901382e-05,
                1.87395071407e-05,
                1.43521201608e-05,
                9.50896901486e-06,
                1.08981221274e-05,
                1.09569700726e-05,
