{
    "lowlevel": {
        "average_loudness": 0.789801776409,
        "barkbands": {
            "dmean": [
                0.000336991128279,
                0.00449672993273,
                0.0039067636244,
                0.00116071547382,
                0.00169224431738,
                0.000629286922049,
                0.00050002586795,
                0.000527385214809,
                0.000685907027218,
                0.000204880954698,
                0.000317334837746,
                0.000390043249354,
                0.000300373998471,
                0.000377306045266,
                0.000346451939549,
                0.000246034673182,
                0.000156660928042,
                0.000198759502382,
                0.000161223055329,
                0.000173729495145,
                0.000116187162348,
                8.86404159246e-05,
                7.5511256e-05,
                6.21733997832e-05,
                7.69816106185e-05,
                4.202481432e-05,
                6.75049068377e-06
            ],
            "dmean2": [
                0.000477792345919,
                0.00721689965576,
                0.00687695527449,
                0.00204287352972,
                0.003050892381,
                0.00100903981365,
                0.000793138111476,
                0.000822576810606,
                0.000961340498179,
                0.000297034188407,
                0.000493016676046,
                0.000572636607103,
                0.000463380798465,
                0.000565354770515,
                0.000553412362933,
                0.000390946137486,
                0.000246489595156,
                0.000307808426442,
                0.000247357675107,
                0.000262277375441,
                0.000171311578015,
                0.000133972789627,
                0.000114537244372,
                9.13532057893e-05,
                0.000113780530228,
                6.26293403911e-05,
                1.07971391117e-05
            ],
            "dvar": [
                7.48740092149e-07,
                0.000103147438494,
                0.000179739305167,
                1.08827280201e-05,
                3.25159999193e-05,
                2.54371593655e-06,
                1.60727279308e-06,
                2.15547493099e-06,
                2.94704204862e-06,
                4.49086371646e-07,
                6.67383744712e-07,
                1.31541833071e-06,
                1.02631793197e-06,
                8.25785093639e-07,
                6.09557389453e-07,
                3.67497705156e-07,
                1.66625312659e-07,
                1.59505859187e-07,
                1.59645665576e-07,
                1.83616407412e-07,
                7.74301156525e-08,
                6.98916622355e-08,
                5.85814419196e-08,
                1.20068905929e-08,
                1.90917184284e-08,
                1.0588362187e-08,
                1.93163263162e-10
            ],
            "dvar2": [
                1.31357069222e-06,
                0.00024472453515,
                0.000482104107505,
                2.86739286821e-05,
                9.40951067605e-05,
                6.16497754891e-06,
                3.71348551198e-06,
                4.87795523441e-06,
                5.56997656531e-06,
                7.21751121091e-07,
                1.34701008392e-06,
                2.81788493339e-06,
                2.35842344409e-06,
                1.72590239345e-06,
                1.45842022903e-06,
                8.99240603758e-07,
                3.9476543634e-07,
                3.68666661643e-07,
                3.48153150753e-07,
                3.64479518566e-07,
                1.4237271273e-07,
                1.46861637518e-07,
                1.25890579739e-07,
                2.46001370385e-08,
                3.89266041623e-08,
                2.21439666603e-08,
                4.54810827888e-10
            ],
            "max": [
                0.0118567775935,
                0.121794685721,
                0.119853675365,
                0.0440851971507,
                0.0840703696012,
                0.036138728261,
                0.0264805871993,
                0.043162368238,
                0.0630806535482,
                0.0453254170716,
                0.0204656869173,
                0.0312064066529,
                0.0324746780097,
                0.0197944976389,
                0.0199841205031,
                0.0120991794392,
                0.0105976779014,
                0.00942912511528,
                0.00808170996606,
                0.00706495530903,
                0.00439555151388,
                0.00412041693926,
                0.00407417863607,
                0.00224547204562,
                0.00256640324369,
                0.00187342078425,
                0.000253941776464
            ],
            "mean": [
                0.000432575325249,
                0.00633627874777,
                0.0031514170114,
                0.00102274201345,
                0.00197013583966,
                0.00111482001375,
                0.000972668756731,
                0.000944937288295,
                0.00187741289847,
                0.000460315321106,
                0.000565724272747,
                0.000847177114338,
                0.000474497705,
                0.000624474836513,
                0.000649454945233,
                0.000453279790236,
                0.000284429319436,
                0.000421346892836,
                0.000314940145472,
                0.000336551485816,
                0.000239259854425,
                0.000163904143847,
                0.000147099854075,
                0.0001513499883,
                0.000169685663423,
                8.00032794359e-05,
                1.15002067105e-05
            ],
            "median": [
                6.65588813717e-05,
                0.00188545847777,
                0.000537120271474,
                0.000207421078812,
                0.000766480108723,
                0.00044113129843,
                0.000259500578977,
                0.000193425803445,
                0.0003107530938,
                8.22509391583e-05,
                0.000134541653097,
                0.000189264523215,
                0.000139566021971,
                0.000184536926099,
                0.000200736976694,
                0.000125052160001,
                8.63611567183e-05,
                0.000153434069944,
                0.000102930025605,
                0.000132738467073,
                8.67532435223e-05,
                5.05790012539e-05,
                6.14988894085e-05,
                8.80879888427e-05,
                9.45397332544e-05,
                3.44469262927e-05,
                4.36845903096e-06
            ],
            "min": [
                1.15544527785e-23,
                3.31189556432e-23,
                1.54419948182e-23,
                1.69093187004e-23,
                6.97224487442e-23,
                3.37600502791e-23,
                5.77488718002e-23,
                1.03213677315e-22,
                4.45174940081e-23,
                8.43553325978e-23,
                1.12282094115e-22,
                7.07024411805e-23,
                5.82490916556e-23,
                1.20181330702e-22,
                1.56295572269e-22,
                2.03997890234e-22,
                1.9963571662e-22,
                3.13002134759e-22,
                3.49803063967e-22,
                2.30410316492e-22,
                3.85675434471e-22,
                7.13257132397e-22,
                3.85780447634e-22,
                8.759740703e-22,
                1.2624735047e-21,
                1.56697886282e-21,
                2.49814199546e-21
            ],
            "var": [
                1.37453628213e-06,
                0.000170759740286,
                0.000130767381052,
                8.64674075274e-06,
                2.15987602132e-05,
                4.37313246948e-06,
                3.88949865737e-06,
                5.15298461323e-06,
                2.10525013244e-05,
                3.06828724206e-06,
                1.9458807401e-06,
                4.37877497461e-06,
                2.31104377235e-06,
                2.05523087971e-06,
                1.49160928231e-06,
                8.54035533848e-07,
                3.23145343373e-07,
                4.73785462418e-07,
                3.07037680614e-07,
                3.56587861461e-07,
                1.91532905092e-07,
                1.28278742295e-07,
                9.3307889415e-08,
                3.85150897841e-08,
                5.20733358655e-08,
                2.50074627672e-08,
                4.40334768648e-10
            ]
        },
        "barkbands_crest": {
            "dmean": 2.52008509636,
            "dmean2": 4.04488563538,
            "dvar": 6.30432271957,
            "dvar2": 15.2201185226,
            "max": 25.2171859741,
            "mean": 9.77539157867,
            "median": 8.78562545776,
            "min": 2.23352050781,
            "var": 18.7874336243
        },
        "barkbands_flatness_db": {
            "dmean": 0.0205624904484,
            "dmean2": 0.0318918004632,
            "dvar": 0.000606007408351,
            "dvar2": 0.00139097764622,
            "max": 0.611310064793,
            "mean": 0.113418370485,
            "median": 0.0987609401345,
            "min": 0.0143127208576,
            "var": 0.00384341762401
        },
        "barkbands_kurtosis": {
            "dmean": 3.07513356209,
            "dmean2": 5.07576560974,
            "dvar": 62.1090545654,
            "dvar2": 159.394638062,
            "max": 180.559066772,
            "mean": 3.40896987915,
            "median": 0.789437770844,
            "min": -1.86395037174,
            "var": 82.8734970093
        },
        "barkbands_skewness": {
            "dmean": 0.574950635433,
            "dmean2": 0.883725106716,
            "dvar": 0.59112995863,
            "dvar2": 1.34917771816,
            "max": 11.2537269592,
            "mean": 1.25192129612,
            "median": 1.03753101826,
            "min": -8.93076610565,
            "var": 1.77789187431
        },
        "barkbands_spread": {
            "dmean": 6.88700437546,
            "dmean2": 10.6447143555,
            "dvar": 80.8425521851,
            "dvar2": 172.644836426,
            "max": 118.41947937,
            "mean": 27.9101715088,
            "median": 25.0744609833,
            "min": 0.193025991321,
            "var": 265.111236572
        },
        "dissonance": {
            "dmean": 0.0175226144493,
            "dmean2": 0.0294742751867,
            "dvar": 0.000366879947251,
            "dvar2": 0.00100675481372,
            "max": 0.500000059605,
            "mean": 0.462952494621,
            "median": 0.47012719512,
            "min": 0.0815001651645,
            "var": 0.000877354876138
        },
        "dynamic_complexity": 4.94985628128,
        "erbbands": {
            "dmean": [
                0.170002743602,
                0.969778060913,
                3.86524510384,
                4.5017285347,
                4.68187522888,
                6.18158340454,
                5.21705389023,
                4.89683771133,
                4.11378717422,
                12.4164943695,
                11.0019159317,
                11.5578022003,
                12.8033037186,
                7.52096843719,
                12.5848369598,
                12.5387020111,
                12.7596464157,
                17.4164066315,
                13.8598794937,
                17.3493537903,
                13.5657215118,
                9.08142089844,
                8.7175359726,
                9.26782417297,
                7.77163124084,
                8.32510089874,
                5.48675346375,
                4.34329843521,
                3.27435612679,
                2.6033205986,
                1.95517849922,
                1.29328322411,
                1.09693217278,
                0.893815636635,
                0.569619119167,
                0.237360015512,
                0.0707250237465,
                0.0112814744934,
                0.00127921171952,
                3.93421905756e-05
            ],
            "dmean2": [
                0.259346604347,
                1.6213773489,
                6.62040042877,
                7.82010507584,
                8.66139602661,
                10.9899425507,
                8.53787708282,
                7.79468584061,
                6.73965501785,
                19.405134201,
                16.566740036,
                16.592634201,
                17.6766262054,
                11.125164032,
                19.0733718872,
                18.4711837769,
                19.4331455231,
                26.2330970764,
                21.0514259338,
                27.8756771088,
                21.2268428802,
                13.9944181442,
                13.3864679337,
                14.2419862747,
                11.8643054962,
                12.7009105682,
                8.04715919495,
                6.43406295776,
                5.02128696442,
                3.8295507431,
                3.00975990295,
                1.93320739269,
                1.61600089073,
                1.33796536922,
                0.844976246357,
                0.358372747898,
                0.104242697358,
                0.0169584173709,
                0.00204811966978,
                6.14794771536e-05
            ],
            "dvar": [
                0.188329100609,
                4.80610942841,
                156.400817871,
                185.833633423,
                268.381500244,
                386.892578125,
                151.828826904,
                173.96484375,
                160.441085815,
                1093.48693848,
                1023.67333984,
                893.918212891,
                1266.5189209,
                317.723297119,
                1000.40563965,
                1420.58886719,
                1940.0802002,
                1555.81848145,
                1358.00512695,
                1424.16711426,
                1211.63989258,
                511.464416504,
                331.685516357,
                368.035186768,
                494.248748779,
                378.154174805,
                176.354385376,
                143.203918457,
                90.0197906494,
                70.4237670898,
                31.2254753113,
                5.73600625992,
                3.74820709229,
                2.37698078156,
                1.27807641029,
                0.366284757853,
                0.028335146606,
                0.000524609466083,
                6.70485087539e-06,
                5.34894084581e-09
            ],
            "dvar2": [
                0.379925519228,
                12.491060257,
                407.357269287,
                483.511505127,
                770.589233398,
                1115.89501953,
                372.951690674,
                414.085357666,
                403.20199585,
                2590.93579102,
                2201.47314453,
                1899.1854248,
                2368.52709961,
                648.235900879,
                2137.609375,
                3112.71630859,
                4501.45654297,
                3385.32910156,
                2935.5390625,
                3628.90454102,
                2961.38110352,
                1167.94824219,
                755.601257324,
                843.854614258,
                1100.76916504,
                769.39642334,
                341.16696167,
                256.106811523,
                190.081512451,
                134.808364868,
                66.3050994873,
                11.7633943558,
                7.72081518173,
                5.16483879089,
                2.61659145355,
                0.801111936569,
                0.0568641610444,
                0.0011783069931,
                1.5833595171e-05,
                1.24613315222e-08
            ],
            "max": [
                5.49638462067,
                23.8433456421,
                125.052871704,
                150.445602417,
                234.982696533,
                348.608123779,
                259.969970703,
                329.712097168,
                409.506774902,
                852.264587402,
                1316.65625,
                720.379394531,
                1458.14123535,
                684.530822754,
                889.518005371,
                1127.5020752,
                1684.18444824,
                888.181030273,
                743.818603516,
                789.86895752,
                658.475280762,
                693.610656738,
                436.922088623,
                487.206695557,
                354.079956055,
                292.543029785,
                264.28704834,
                193.028671265,
                143.552032471,
                127.876739502,
                86.7167358398,
                48.5921707153,
                38.8892669678,
                23.2058429718,
                27.4018001556,
                10.5394744873,
                4.30036640167,
                0.41327047348,
                0.053731340915,
                0.00168075668626
            ],
            "mean": [
                0.230630740523,
                1.232421875,
                3.45706701279,
                3.8004117012,
                4.02784013748,
                7.63842487335,
                8.6096572876,
                9.08826541901,
                7.67975616455,
                24.2057476044,
                22.8725318909,
                27.9808998108,
                37.6835289001,
                18.0832977295,
                26.5473155975,
                27.2991313934,
                23.8139190674,
                30.1343173981,
                27.3519325256,
                32.6749610901,
                26.3222198486,
                18.2327747345,
                19.4487686157,
                21.0781555176,
                15.4627523422,
                16.4787845612,
                10.6729755402,
                8.60051822662,
                6.20783805847,
                4.93776035309,
                4.00267648697,
                2.98375725746,
                2.62420797348,
                2.01781630516,
                1.12262058258,
                0.416525363922,
                0.140095308423,
                0.0228378959,
                0.00214746640995,
                8.54010504554e-05
            ],
            "median": [
                0.0508935712278,
                0.371394336224,
                0.737445235252,
                0.726114988327,
                1.21974039078,
                2.66322135925,
                3.10454130173,
                3.70847916603,
                3.32847976685,
                6.35632562637,
                5.19059419632,
                6.26806497574,
                7.28013038635,
                5.26503610611,
                8.53262519836,
                7.59756851196,
                7.80364751816,
                10.3174142838,
                8.13474845886,
                12.2219114304,
                6.59308815002,
                5.8024930954,
                7.2928237915,
                8.04051494598,
                5.7029209137,
                6.57307767868,
                4.00238990784,
                2.85802412033,
                1.87775504589,
                1.79366791248,
                1.81292748451,
                1.66815197468,
                1.48688542843,
                1.16023850441,
                0.552887260914,
                0.170663669705,
                0.0619426593184,
                0.0107574937865,
                0.000773093255702,
                5.19811364939e-05
            ],
            "min": [
                5.16794567748e-22,
                8.74202276085e-21,
                1.83320138939e-20,
                5.06258768689e-20,
                6.61637538174e-20,
                2.90492156799e-19,
                3.78948292416e-19,
                2.52153731275e-19,
                8.2940831334e-19,
                1.75943983948e-18,
                1.31402034701e-18,
                9.38067482388e-19,
                2.58352927808e-18,
                1.93855297982e-18,
                6.36180431852e-18,
                2.25752871328e-18,
                2.92424641996e-18,
                4.93932994326e-18,
                8.22105776777e-18,
                9.41705257286e-18,
                9.6819455835e-18,
                1.20794905387e-17,
                1.56921522332e-17,
                1.45709519262e-17,
                1.68917146682e-17,
                1.19159056464e-17,
                1.33593176173e-17,
                1.81912269911e-17,
                2.55062614262e-17,
                2.05301728173e-17,
                9.55554907718e-18,
                1.58370130651e-17,
                1.45399210727e-17,
                1.30388380695e-17,
                1.0166359921e-17,
                5.92483416582e-18,
                2.62543238675e-18,
                1.57934866145e-18,
                3.13482220208e-19,
                3.55106665953e-20
            ],
            "var": [
                0.320113062859,
                6.18720436096,
                125.188987732,
                145.585479736,
                164.975784302,
                283.786834717,
                281.985290527,
                297.282775879,
                219.659591675,
                2444.8671875,
                3321.64819336,
                3898.9699707,
                9919.40722656,
                1751.63122559,
                2938.98364258,
                4442.07470703,
                4934.359375,
                3609.26635742,
                3637.95410156,
                2828.19116211,
                3033.26416016,
                1176.66833496,
                1016.53863525,
                964.672607422,
                781.03314209,
                793.02722168,
                374.152435303,
                323.241760254,
                174.586975098,
                125.420898438,
                55.412322998,
                16.3950138092,
                12.2990818024,
                6.51205635071,
                3.10964035988,
                0.775352716446,
                0.0724944546819,
                0.00126302102581,
                1.62582346093e-05,
                1.48343195505e-08
            ]
        },
        "erbbands_crest": {
            "dmean": 2.39225792885,
            "dmean2": 3.76309347153,
            "dvar": 6.23345899582,
            "dvar2": 14.3438863754,
            "max": 32.7584152222,
            "mean": 9.39276027679,
            "median": 8.14323043823,
            "min": 2.13209366798,
            "var": 23.6612453461
        },
        "erbbands_flatness_db": {
            "dmean": 0.015172669664,
            "dmean2": 0.0222968216985,
            "dvar": 0.000278565159533,
            "dvar2": 0.00056118494831,
            "max": 0.642929136753,
            "mean": 0.143665403128,
            "median": 0.131601378322,
            "min": 0.0346856825054,
            "var": 0.00391225144267
        },
        "erbbands_kurtosis": {
            "dmean": 0.897666335106,
            "dmean2": 1.385024786,
            "dvar": 4.2685251236,
            "dvar2": 9.27344989777,
            "max": 130.378982544,
            "mean": 0.648850381374,
            "median": -0.00848041754216,
            "min": -1.88234448433,
            "var": 9.2299156189
        },
        "erbbands_skewness": {
            "dmean": 0.347954064608,
            "dmean2": 0.525375425816,
            "dvar": 0.151219889522,
            "dvar2": 0.353155255318,
            "max": 3.8115644455,
            "mean": 0.217548027635,
            "median": 0.216296836734,
            "min": -4.06692934036,
            "var": 0.633356332779
        },
        "erbbands_spread": {
            "dmean": 7.86496782303,
            "dmean2": 12.0639295578,
            "dvar": 100.287483215,
            "dvar2": 234.8543396,
            "max": 148.827758789,
            "mean": 38.6540565491,
            "median": 36.1740455627,
            "min": 0.214466229081,
            "var": 347.564086914
        },
        "gfcc": {
            "cov": [
                [
                    17349.8066406,
                    -2173.62817383,
                    1642.50158691,
                    1111.79980469,
                    221.93107605,
                    928.164794922,
                    309.246582031,
                    1147.84643555,
                    19.0557880402,
                    35.1814727783,
                    -308.183502197,
                    345.265106201,
                    -148.397583008
                ],
                [
                    -2173.62817383,
                    1374.40344238,
                    -248.442474365,
                    -125.018638611,
                    189.752853394,
                    -142.068496704,
                    58.4435997009,
                    -160.404922485,
                    61.825050354,
                    -53.9903907776,
                    94.6541366577,
                    -113.931846619,
                    45.512462616
                ],
                [
                    1642.50158691,
                    -248.442474365,
                    1088.1973877,
                    446.783325195,
                    167.260040283,
                    244.133468628,
                    38.6697463989,
                    193.786453247,
                    -26.046541214,
                    34.0258102417,
                    -81.4634780884,
                    55.6834945679,
                    -89.0048446655
                ],
                [
                    1111.79980469,
                    -125.018638611,
                    446.783325195,
                    805.912841797,
                    169.057601929,
                    221.706100464,
                    149.168609619,
                    143.761520386,
                    56.6728744507,
                    -37.314868927,
                    -68.8985290527,
                    91.6779708862,
                    -59.7745132446
                ],
                [
                    221.93107605,
                    189.752853394,
                    167.260040283,
                    169.057601929,
                    305.56628418,
                    127.331367493,
                    80.0685119629,
                    44.9304542542,
                    52.6602973938,
                    9.15152168274,
                    12.3285083771,
                    9.24127674103,
                    -8.22595977783
                ],
                [
                    928.164794922,
                    -142.068496704,
                    244.133468628,
                    221.706100464,
                    127.331367493,
                    324.052978516,
                    134.27583313,
                    91.3722381592,
                    4.82156610489,
                    31.9150848389,
                    -12.674197197,
                    43.0730667114,
                    -40.2969398499
                ],
                [
                    309.246582031,
                    58.4435997009,
                    38.6697463989,
                    149.168609619,
                    80.0685119629,
                    134.27583313,
                    240.085540771,
                    48.1472587585,
                    22.31823349,
                    -10.1760425568,
                    -3.4711534977,
                    20.4671020508,
                    -23.015209198
                ],
                [
                    1147.84643555,
                    -160.404922485,
                    193.786453247,
                    143.761520386,
                    44.9304542542,
                    91.3722381592,
                    48.1472587585,
                    247.816925049,
                    51.2292327881,
                    -11.1712369919,
                    -31.0519485474,
                    32.1136016846,
                    7.38287687302
                ],
                [
                    19.0557880402,
                    61.825050354,
                    -26.046541214,
                    56.6728744507,
                    52.6602973938,
                    4.82156610489,
                    22.31823349,
                    51.2292327881,
                    144.608383179,
                    12.3067474365,
                    0.58195579052,
                    24.0738830566,
                    22.2137966156
                ],
                [
                    35.1814727783,
                    -53.9903907776,
                    34.0258102417,
                    -37.314868927,
                    9.15152168274,
                    31.9150848389,
                    -10.1760425568,
                    -11.1712369919,
                    12.3067474365,
                    112.201324463,
                    34.860534668,
                    3.62060594559,
                    -1.36712574959
                ],
                [
                    -308.183502197,
                    94.6541366577,
                    -81.4634780884,
                    -68.8985290527,
                    12.3285083771,
                    -12.674197197,
                    -3.4711534977,
                    -31.0519485474,
                    0.58195579052,
                    34.860534668,
                    118.284843445,
                    16.6328525543,
                    11.9577865601
                ],
                [
                    345.265106201,
                    -113.931846619,
                    55.6834945679,
                    91.6779708862,
                    9.24127674103,
                    43.0730667114,
                    20.4671020508,
                    32.1136016846,
                    24.0738830566,
                    3.62060594559,
                    16.6328525543,
                    103.155532837,
                    9.51212882996
                ],
                [
                    -148.397583008,
                    45.512462616,
                    -89.0048446655,
                    -59.7745132446,
                    -8.22595977783,
                    -40.2969398499,
                    -23.015209198,
                    7.38287687302,
                    22.2137966156,
                    -1.36712574959,
                    11.9577865601,
                    9.51212882996,
                    87.4151535034
                ]
            ],
            "icov": [
                [
                    0.000106073581264,
                    9.16363133001e-05,
                    -2.42249843723e-05,
                    2.95984045806e-06,
                    -4.33905588579e-05,
                    -9.26861466723e-05,
                    -9.3254056992e-06,
                    -0.000365435087588,
                    0.000105142251414,
                    -2.76434984698e-05,
                    0.000106151142973,
                    -0.00013175632921,
                    6.39847785351e-05
                ],
                [
                    9.16363133001e-05,
                    0.00141526747029,
                    -0.000122043034935,
                    2.29161432799e-05,
                    -0.000953712093178,
                    0.000517942942679,
                    -0.000633185380138,
                    0.000542351452168,
                    -0.000649330671877,
                    0.000989451189525,
                    -0.00112356571481,
                    0.00147935049608,
                    -0.000580181134865
                ],
                [
                    -2.42249843723e-05,
                    -0.000122043034935,
                    0.00173811533023,
                    -0.000585941772442,
                    -0.000579659594223,
                    -0.000365186395356,
                    0.000769100617617,
                    -0.00100402638782,
                    0.00106810615398,
                    -0.00102869526017,
                    0.000937595090363,
                    -0.000572815886699,
                    0.00110243365634
                ],
                [
                    2.95984045806e-06,
                    2.29161432799e-05,
                    -0.000585941772442,
                    0.00228093424812,
                    -0.000489496567752,
                    -0.000422095356043,
                    -0.000609556329437,
                    -7.14192428859e-05,
                    -0.000671438348945,
                    0.000947717868257,
                    0.000723466277122,
                    -0.001399148372,
                    0.000799832690973
                ],
                [
                    -4.33905588579e-05,
                    -0.000953712093178,
                    -0.000579659594223,
                    -0.000489496567752,
                    0.00552138546482,
                    -0.00183711061254,
                    -0.000125753009343,
                    0.000170959086972,
                    -0.00152291322593,
                    3.91705798393e-05,
                    -0.000810160709079,
                    0.000609685084783,
                    -0.0004447887477
                ],
                [
                    -9.26861466723e-05,
                    0.000517942942679,
                    -0.000365186395356,
                    -0.000422095356043,
                    -0.00183711061254,
                    0.00643980363384,
                    -0.00261882669292,
                    -0.000465680728666,
                    0.00105439929757,
                    -0.00182358955499,
                    7.28527447791e-05,
                    -0.00067518488504,
                    0.000825171009637
                ],
                [
                    -9.3254056992e-06,
                    -0.000633185380138,
                    0.000769100617617,
                    -0.000609556329437,
                    -0.000125753009343,
                    -0.00261882669292,
                    0.00645796395838,
                    -0.000776281638537,
                    -7.91409838712e-05,
                    0.000514402287081,
                    0.000180648785317,
                    -0.000624871987384,
                    0.00129833468236
                ],
                [
                    -0.000365435087588,
                    0.000542351452168,
                    -0.00100402638782,
                    -7.14192428859e-05,
                    0.000170959086972,
                    -0.000465680728666,
                    -0.000776281638537,
                    0.00772120710462,
                    -0.00303209736012,
                    0.00195250089746,
                    -0.000698602292687,
                    0.00131861097179,
                    -0.00227582128718
                ],
                [
                    0.000105142251414,
                    -0.000649330671877,
                    0.00106810615398,
                    -0.000671438348945,
                    -0.00152291322593,
                    0.00105439929757,
                    -7.91409838712e-05,
                    -0.00303209736012,
                    0.0100966664031,
                    -0.00300402706489,
                    0.00193699251395,
                    -0.00287871458568,
                    -0.000841485802084
                ],
                [
                    -2.76434984698e-05,
                    0.000989451189525,
                    -0.00102869526017,
                    0.000947717868257,
                    3.91705798393e-05,
                    -0.00182358955499,
                    0.000514402287081,
                    0.00195250089746,
                    -0.00300402706489,
                    0.0124650960788,
                    -0.00458458485082,
                    0.00199151178822,
                    -0.000459105329355
                ],
                [
                    0.000106151142973,
                    -0.00112356571481,
                    0.000937595090363,
                    0.000723466277122,
                    -0.000810160709079,
                    7.28527447791e-05,
                    0.000180648785317,
                    -0.000698602292687,
                    0.00193699251395,
                    -0.00458458485082,
                    0.012587399222,
                    -0.00489064492285,
                    0.000524831935763
                ],
                [
                    -0.00013175632921,
                    0.00147935049608,
                    -0.000572815886699,
                    -0.001399148372,
                    0.000609685084783,
                    -0.00067518488504,
                    -0.000624871987384,
                    0.00131861097179,
                    -0.00287871458568,
                    0.00199151178822,
                    -0.00489064492285,
                    0.0149534707889,
                    -0.00325910979882
                ],
                [
                    6.39847785351e-05,
                    -0.000580181134865,
                    0.00110243365634,
                    0.000799832690973,
                    -0.0004447887477,
                    0.000825171009637,
                    0.00129833468236,
                    -0.00227582128718,
                    -0.000841485802084,
                    -0.000459105329355,
                    0.000524831935763,
                    -0.00325910979882,
                    0.0148818474263
                ]
            ],
            "mean": [
                -17.626947403,
                64.7791290283,
                -111.868927002,
                20.6585865021,
                -52.5951499939,
                14.430683136,
                -38.759185791,
                13.2865657806,
                -26.2415885925,
                10.4020195007,
                -13.549990654,
                -0.226472496986,
                -8.95312595367
            ]
        },
        "hfc": {
            "dmean": 5.87981987,
            "dmean2": 8.21215343475,
            "dvar": 118.089607239,
            "dvar2": 219.999221802,
            "max": 172.548858643,
            "mean": 21.6783618927,
            "median": 16.9419403076,
            "min": 1.16148559094e-16,
            "var": 441.244293213
        },
        "melbands": {
            "dmean": [
                0.00132825074252,
                0.00169968104456,
                0.00076672056457,
                0.000400588556658,
                0.000194612046471,
                0.00011074241047,
                7.23605044186e-05,
                0.000133353431011,
                8.98452199181e-05,
                8.29177733976e-05,
                6.52805392747e-05,
                3.02021453535e-05,
                4.63272263005e-05,
                4.29785868619e-05,
                3.60100420949e-05,
                3.19753562508e-05,
                3.26630397467e-05,
                2.33322789427e-05,
                2.97043497994e-05,
                1.77293914021e-05,
                1.64277644217e-05,
                1.0746611224e-05,
                6.74913553667e-06,
                1.13377191155e-05,
                7.77633431426e-06,
                6.16137003817e-06,
                6.45442059977e-06,
