{
    "lowlevel": {
        "average_loudness": 0.800956249237,
        "barkbands": {
            "dmean": [
                0.00108862889465,
                0.00968661159277,
                0.0038242097944,
                0.00233996426687,
                0.00188040791545,
                0.000839117798023,
                0.00103021156974,
                0.000657809432596,
                0.000453204731457,
                0.0004526906705,
                0.000504344527144,
                0.000483828596771,
                0.000575422483962,
                0.000464361393824,
                0.000483670359245,
                0.00032548038871,
                0.000374502997147,
                0.000198420806555,
                0.000242403577431,
                0.000203695206437,
                0.000150788167957,
                0.00019941899518,
                0.000246034236625,
                0.000238470485783,
                0.00023057468934,
                0.00013424793724,
                5.57881394343e-05
            ],
            "dmean2": [
                0.00128474039957,
                0.013541569002,
                0.00708042271435,
                0.00438469136134,
                0.00316358311102,
                0.00143075489905,
                0.00164395745378,
                0.00112413824536,
                0.000726378173567,
                0.000735704612453,
                0.000812269048765,
                0.000758140580729,
                0.00090952240862,
                0.000745911733247,
                0.000771346734837,
                0.000509140896611,
                0.000589005998336,
                0.000323500309605,
                0.000393332011299,
                0.000330989860231,
                0.000234614723013,
                0.000313169381116,
                0.00038003543159,
                0.000369546964066,
                0.000347812310793,
                0.000204223309993,
                8.0891091784e-05
            ],
            "dvar": [
                3.79405469175e-06,
                0.00045300956117,
                0.00020954910724,
                7.45694123907e-05,
                2.36369323829e-05,
                2.87102284346e-06,
                3.91360117646e-06,
                1.9368892481e-06,
                1.21900870909e-06,
                7.02791510321e-07,
                1.06788979792e-06,
                1.06923687326e-06,
                1.32898787797e-06,
                7.12285839199e-07,
                7.60319949222e-07,
                4.6187082603e-07,
                4.22536629685e-07,
                1.26783618271e-07,
                1.95081838683e-07,
                1.15967459635e-07,
                8.9628329647e-08,
                1.16962468155e-07,
                1.72313704638e-07,
                1.87200186019e-07,
                2.80650112927e-07,
                1.15865340433e-07,
                1.50450407688e-08
            ],
            "dvar2": [
                6.21378057986e-06,
                0.000745806784835,
                0.000599346472882,
                0.000218077620957,
                6.30141876172e-05,
                7.81722701504e-06,
                8.88675549504e-06,
                5.09448364028e-06,
                2.80470226244e-06,
                1.71544445493e-06,
                2.59872285824e-06,
                2.45031765189e-06,
                3.01183740703e-06,
                1.72218244643e-06,
                1.73336809439e-06,
                1.06132813471e-06,
                9.16822614272e-07,
                3.13455217338e-07,
                4.73414246471e-07,
                2.82299282617e-07,
                2.03754837003e-07,
                2.73818898222e-07,
                4.05627275768e-07,
                4.37225139649e-07,
                6.0636324406e-07,
                2.82236669591e-07,
                2.93696302833e-08
            ],
            "max": [
                0.0250724479556,
                0.220765918493,
                0.129887163639,
                0.079785361886,
                0.0828421786427,
                0.0191083438694,
                0.0297664385289,
                0.0177065674216,
                0.0247546378523,
                0.0151473069564,
                0.0196529235691,
                0.0179904587567,
                0.0236967299134,
                0.0110094882548,
                0.014709119685,
                0.0125283207744,
                0.0146323507652,
                0.00676853442565,
                0.0079760812223,
                0.0052392417565,
                0.00751659600064,
                0.00755774136633,
                0.0056112902239,
                0.00746989855543,
                0.0120825683698,
                0.00854184478521,
                0.00122090685181
            ],
            "mean": [
                0.00290590384975,
                0.0310666263103,
                0.00289968191646,
                0.00192258972675,
                0.00216336338781,
                0.00115002447274,
                0.00148618116509,
                0.00076880690176,
                0.000630997586995,
                0.000667957006954,
                0.000739714480005,
                0.000714649271686,
                0.000988857587799,
                0.000645141117275,
                0.000844948750455,
                0.00045309466077,
                0.000588181777857,
                0.000317336001899,
                0.000372353650164,
                0.00034307630267,
                0.000265688402578,
                0.00035502659739,
                0.000414485955844,
                0.000433225592133,
                0.000401917204726,
                0.000217632012209,
                8.45536706038e-05
            ],
            "median": [
                0.000447258527856,
                0.00558567745611,
                0.000407978455769,
                0.000365251326002,
                0.000695805356372,
                0.000602748477831,
                0.000643961655442,
                0.000285371788777,
                0.000258380896412,
                0.000278641236946,
                0.000241233588895,
                0.000248980155447,
                0.000278494087979,
                0.000262690940872,
                0.00026333986898,
                0.00016319770657,
                0.000236306499573,
                0.000168983999174,
                0.0002021958353,
                0.000181482959306,
                0.000127313134726,
                0.000193943837075,
                0.00020013145695,
                0.000230577337788,
                0.000179730704986,
                8.72798118507e-05,
                2.16662901948e-05
            ],
            "min": [
                2.38325706583e-24,
                6.51807721979e-24,
                6.15155863816e-24,
                5.31585398909e-24,
                1.90479411248e-23,
                1.36528693292e-23,
                1.26986592339e-23,
                1.1738095653e-23,
                2.31337136548e-23,
                2.58183761315e-23,
                3.40504331337e-23,
                5.45790330455e-23,
                3.00300540174e-23,
                4.56962289053e-23,
                7.79726463918e-23,
                6.70232380947e-23,
                4.94421917118e-23,
                1.38580570994e-22,
                1.69002026238e-22,
                2.42441593878e-22,
                3.00111844645e-22,
                3.94116473348e-22,
                5.22571402467e-22,
                5.54324151997e-22,
                9.86394301217e-22,
                1.48027403739e-21,
                2.37641437117e-21
            ],
            "var": [
                2.54704700637e-05,
                0.00240935338661,
                0.000123041769257,
                4.38974493591e-05,
                2.15237960219e-05,
                3.03841693494e-06,
                5.98030146648e-06,
                2.04101502277e-06,
                1.95448069462e-06,
                1.31996625896e-06,
                1.76526748419e-06,
                1.98817065211e-06,
                3.70035854758e-06,
                1.13407406843e-06,
                2.170944299e-06,
                7.09240453034e-07,
                8.64332946549e-07,
                1.9140385632e-07,
                2.61160067794e-07,
                2.05944687082e-07,
                1.53863666696e-07,
                2.17056722818e-07,
                3.00655159435e-07,
                3.59281955298e-07,
                5.00760336308e-07,
                1.53192317498e-07,
                2.49246365769e-08
            ]
        },
        "barkbands_crest": {
            "dmean": 2.51293778419,
            "dmean2": 3.79993462563,
            "dvar": 7.96015787125,
            "dvar2": 15.1852874756,
            "max": 26.3799705505,
            "mean": 11.8222417831,
            "median": 9.66452217102,
            "min": 2.12586665154,
            "var": 42.7250671387
        },
        "barkbands_flatness_db": {
            "dmean": 0.0228316038847,
            "dmean2": 0.0319175198674,
            "dvar": 0.000714729074389,
            "dvar2": 0.00128040381242,
            "max": 0.434610754251,
            "mean": 0.114687815309,
            "median": 0.0927558764815,
            "min": 0.011372779496,
            "var": 0.0050843572244
        },
        "barkbands_kurtosis": {
            "dmean": 6.04936742783,
            "dmean2": 8.54583263397,
            "dvar": 356.88470459,
            "dvar2": 773.710876465,
            "max": 703.482299805,
            "mean": 9.40438365936,
            "median": 1.04353284836,
            "min": -1.87573838234,
            "var": 815.667419434
        },
        "barkbands_skewness": {
            "dmean": 0.716735422611,
            "dmean2": 1.01305389404,
            "dvar": 0.972594618797,
            "dvar2": 1.8252915144,
            "max": 22.2629680634,
            "mean": 1.96961712837,
            "median": 1.30362010002,
            "min": -2.48201036453,
            "var": 5.22614717484
        },
        "barkbands_spread": {
            "dmean": 8.4642534256,
            "dmean2": 12.8503675461,
            "dvar": 119.154472351,
            "dvar2": 256.194122314,
            "max": 135.446243286,
            "mean": 32.2942390442,
            "median": 29.5720863342,
            "min": 0.459545969963,
            "var": 406.759857178
        },
        "dissonance": {
            "dmean": 0.014825835824,
            "dmean2": 0.0251773148775,
            "dvar": 0.000239083208726,
            "dvar2": 0.000651197100524,
            "max": 0.500000059605,
            "mean": 0.475952833891,
            "median": 0.48096370697,
            "min": 0.304137825966,
            "var": 0.000394274829887
        },
        "dynamic_complexity": 4.01721334457,
        "erbbands": {
            "dmean": [
                0.435698419809,
                2.11330032349,
                4.11872434616,
                6.79288578033,
                6.68154478073,
                6.8077287674,
                5.8367767334,
                6.6643280983,
                11.6107940674,
                18.4325675964,
                12.3833608627,
                10.3743419647,
                13.3000993729,
                15.6477489471,
                17.7766990662,
                22.0183010101,
                24.6855239868,
                25.164768219,
                24.3244419098,
                20.1032066345,
                17.6637058258,
                18.8332023621,
                11.1043767929,
                11.4525594711,
                12.2864694595,
                9.51421451569,
                6.89583730698,
                5.83180952072,
                6.59819507599,
                7.56057262421,
                7.35516452789,
                5.12070608139,
                4.05695009232,
                2.68953585625,
                1.70198643208,
                0.749185502529,
                0.215204671025,
                0.0469044968486,
                0.00923172477633,
                0.000676621100865
            ],
            "dmean2": [
                0.508209645748,
                3.11418890953,
                7.23131895065,
                12.7616987228,
                12.0018510818,
                11.2799730301,
                9.84852218628,
                11.3262348175,
                18.8769893646,
                29.6388015747,
                20.7719631195,
                16.5930919647,
                21.1212825775,
                25.0168514252,
                28.6076965332,
                34.0470695496,
                38.6226425171,
                39.8375892639,
                39.0064125061,
                30.9243774414,
                27.7353839874,
                29.5479068756,
                17.7070980072,
                18.4955673218,
                19.9351768494,
                15.2720441818,
                11.0314941406,
                9.06905078888,
                10.3162240982,
                11.6502065659,
                11.5452890396,
                7.95685005188,
                6.32962179184,
                4.12184667587,
                2.59576773643,
                1.15415358543,
                0.32345995307,
                0.0698792263865,
                0.0135708842427,
                0.000994281261228
            ],
            "dvar": [
                0.770663321018,
                25.3528270721,
                207.20375061,
                689.352294922,
                451.902282715,
                276.318756104,
                171.79699707,
                166.475814819,
                447.040588379,
                1412.03613281,
                717.051025391,
                747.012634277,
                802.071777344,
                1091.72607422,
                1180.38903809,
                2026.4552002,
                2562.84741211,
                2142.3059082,
                1997.89196777,
                1801.40637207,
                1181.37878418,
                1219.38513184,
                377.806549072,
                433.353759766,
                597.795837402,
                224.708648682,
                161.615310669,
                152.496688843,
                146.572311401,
                159.761657715,
                157.399169922,
                80.7354431152,
                64.0591506958,
                30.0459728241,
                19.6830615997,
                4.34801912308,
                0.276275843382,
                0.00918524898589,
                0.000416643044446,
                2.57185547525e-06
            ],
            "dvar2": [
                0.831977903843,
                53.8226966858,
                569.955749512,
                2002.11730957,
                1301.27062988,
                696.424743652,
                454.764984131,
                449.580566406,
                1094.08581543,
                3307.64624023,
                1822.53527832,
                1725.30383301,
                1854.63671875,
                2697.04003906,
                2870.7109375,
                4539.05273438,
                5749.50244141,
                5044.25439453,
                4749.37792969,
                3727.86621094,
                2655.73901367,
                2674.06933594,
                902.489562988,
                1096.18359375,
                1446.12353516,
                526.862915039,
                378.580047607,
                349.634033203,
                351.89642334,
                364.437591553,
                376.610748291,
                193.350311279,
                149.514465332,
                65.6574783325,
                44.7743301392,
                10.5566577911,
                0.669399082661,
                0.0204371288419,
                0.000835570273921,
                5.02768489241e-06
            ],
            "max": [
                9.54271793365,
                53.2196922302,
                125.592025757,
                239.472366333,
                265.387207031,
                251.047836304,
                259.928070068,
                156.148986816,
                479.345825195,
                581.684509277,
                514.061401367,
                716.40020752,
                615.933105469,
                686.476867676,
                738.691589355,
                826.500610352,
                1151.48327637,
                659.217895508,
                932.027587891,
                917.284912109,
                579.66784668,
                781.999328613,
                384.538574219,
                307.086120605,
                567.322631836,
                283.248687744,
                211.260116577,
                383.879577637,
                283.551208496,
                226.182037354,
                169.572616577,
                130.583267212,
                145.004180908,
                119.432044983,
                118.312896729,
                50.7368507385,
                18.2653770447,
                2.06457996368,
                0.19862921536,
                0.0146721601486
            ],
            "mean": [
                1.47285449505,
                4.60893154144,
                3.82275128365,
                5.55585861206,
                6.31003141403,
                7.86879396439,
                7.24361133575,
                9.37465763092,
                17.3277320862,
                23.8360748291,
                16.1458415985,
                14.9248466492,
                21.0142555237,
                23.5818309784,
                27.948759079,
                35.29845047,
                44.5658950806,
                39.3965759277,
                43.9696464539,
                31.8714008331,
                28.5855045319,
                30.0366897583,
                19.2430324554,
                17.2452888489,
                19.565120697,
                16.6684093475,
                12.0807647705,
                9.97674655914,
                11.7169504166,
                13.0898485184,
                11.9997644424,
                9.18900489807,
                7.06148290634,
                4.68471765518,
                2.79182076454,
                1.19132125378,
                0.341673761606,
                0.0769538581371,
                0.013849042356,
                0.00101365428418
            ],
            "median": [
                0.188757181168,
                1.03818511963,
                0.958715677261,
                1.13584256172,
                1.70183539391,
                2.2222533226,
                3.29303789139,
                4.90008211136,
                7.59479618073,
                9.81078720093,
                6.55728721619,
                6.55365371704,
                9.41501617432,
                9.37598228455,
                11.3567333221,
                13.7975301743,
                14.6362199783,
                17.7645339966,
                14.2184553146,
                13.0481395721,
                12.123380661,
                13.3249282837,
                10.6145906448,
                9.46217727661,
                10.6017246246,
                8.75382518768,
                5.8709654808,
                4.74641036987,
                6.43464374542,
                6.79548931122,
                5.60392141342,
                4.88870668411,
                3.42333078384,
                2.15500998497,
                1.16544032097,
                0.487470984459,
                0.129199326038,
                0.0257226768881,
                0.00356244877912,
                0.00027688179398
            ],
            "min": [
                2.07909466499e-22,
                1.32910284245e-21,
                6.71950840592e-21,
                1.5748387952e-20,
                3.23929808613e-20,
                5.05496017692e-20,
                5.61365670345e-20,
                1.15370408475e-19,
                2.17024404635e-19,
                3.50172514212e-19,
                3.88851970793e-19,
                4.06770331373e-19,
                8.40900643783e-19,
                1.07028589266e-18,
                1.78133386272e-18,
                2.52498143432e-18,
                1.77111590741e-18,
                2.81245626889e-18,
                3.92900533923e-18,
                3.49477067282e-18,
                3.23886808146e-18,
                3.32658975824e-18,
                9.84056077468e-18,
                9.72949854256e-18,
                9.64746869557e-18,
                1.04063969814e-17,
                1.34238335692e-17,
                1.09049188843e-17,
                1.4387898511e-17,
                1.33675902506e-17,
                1.46888020025e-17,
                1.11134047946e-17,
                9.41030691497e-18,
                9.11591912522e-18,
                7.58440993751e-18,
                4.98952243565e-18,
                2.49524325733e-18,
                9.29710166467e-19,
                2.68518207224e-19,
                3.26450609218e-20
            ],
            "var": [
                6.32372379303,
                59.7163925171,
                141.444351196,
                400.466094971,
                298.380767822,
                306.279418945,
                158.395736694,
                198.536315918,
                720.932250977,
                1854.90893555,
                947.395385742,
                1135.71960449,
                1702.74133301,
                1573.41210938,
                1958.03466797,
                4127.18945312,
                7298.79296875,
                4178.421875,
                6870.11474609,
                3556.90942383,
                1985.3927002,
                2263.5769043,
                647.7578125,
                549.804077148,
                785.587158203,
                509.072357178,
                278.170013428,
                246.489501953,
                255.139862061,
                296.489715576,
                258.839538574,
                148.694137573,
                114.015830994,
                56.4271354675,
                30.3544998169,
                5.65221738815,
                0.360638380051,
                0.0151071306318,
                0.000671798130497,
                3.99921282224e-06
            ]
        },
        "erbbands_crest": {
            "dmean": 2.5958032608,
            "dmean2": 4.12615776062,
            "dvar": 6.18382549286,
            "dvar2": 14.2585525513,
            "max": 28.6421051025,
            "mean": 8.36215782166,
            "median": 7.17880821228,
            "min": 2.09111475945,
            "var": 20.6498279572
        },
        "erbbands_flatness_db": {
            "dmean": 0.0147813176736,
            "dmean2": 0.0213467422873,
            "dvar": 0.000205845746677,
            "dvar2": 0.000392917630961,
            "max": 0.286739200354,
            "mean": 0.112554773688,
            "median": 0.10353526473,
            "min": 0.0250915456563,
            "var": 0.0019173634937
        },
        "erbbands_kurtosis": {
            "dmean": 0.84721237421,
            "dmean2": 1.29529678822,
            "dvar": 1.3549656868,
            "dvar2": 2.99291920662,
            "max": 30.6435470581,
            "mean": 0.439293980598,
            "median": -0.075886964798,
            "min": -1.77903389931,
            "var": 3.4442858696
        },
        "erbbands_skewness": {
            "dmean": 0.350396513939,
            "dmean2": 0.527594208717,
            "dvar": 0.122550301254,
            "dvar2": 0.271124303341,
            "max": 2.92229557037,
            "mean": 0.0520149692893,
            "median": 0.0708932727575,
            "min": -3.72348880768,
            "var": 0.451233863831
        },
        "erbbands_spread": {
            "dmean": 10.620475769,
            "dmean2": 15.9418144226,
            "dvar": 144.710662842,
            "dvar2": 312.164733887,
            "max": 186.867538452,
            "mean": 47.95677948,
            "median": 43.5125160217,
            "min": 4.73992681503,
            "var": 638.409606934
        },
        "gfcc": {
            "cov": [
                [
                    20573.2519531,
                    -141.26121521,
                    -428.066864014,
                    238.31262207,
                    -518.895080566,
                    305.456726074,
                    -323.908477783,
                    171.564407349,
                    -254.034667969,
                    154.124176025,
                    -165.333374023,
                    50.299369812,
                    -116.807518005
                ],
                [
                    -141.26121521,
                    1738.09765625,
                    -358.288391113,
                    -46.8826560974,
                    82.0627059937,
                    -50.390712738,
                    -36.4128913879,
                    -62.4839439392,
                    141.608673096,
                    -102.318901062,
                    170.774078369,
                    8.58499908447,
                    37.9020004272
                ],
                [
                    -428.066864014,
                    -358.288391113,
                    967.82244873,
                    224.764129639,
                    202.649307251,
                    148.729400635,
                    131.388366699,
                    108.378845215,
                    25.1623153687,
                    3.51381587982,
                    7.34634160995,
                    24.9212684631,
                    1.84748804569
                ],
                [
                    238.31262207,
                    -46.8826560974,
                    224.764129639,
                    384.170684814,
                    159.28225708,
                    105.256980896,
                    69.0673675537,
                    52.6721115112,
                    49.7595443726,
                    62.129070282,
                    19.0415534973,
                    11.5116081238,
                    42.6228027344
                ],
                [
                    -518.895080566,
                    82.0627059937,
                    202.649307251,
                    159.28225708,
                    429.531677246,
                    163.445739746,
                    130.329772949,
                    40.9740905762,
                    78.138053894,
                    50.9136352539,
                    48.6108779907,
                    11.9147224426,
                    45.174407959
                ],
                [
                    305.456726074,
                    -50.390712738,
                    148.729400635,
                    105.256980896,
                    163.445739746,
                    261.350830078,
                    111.616889954,
                    60.5670585632,
                    33.0065002441,
                    67.5488433838,
                    34.1841773987,
                    41.9402313232,
                    25.8823108673
                ],
                [
                    -323.908477783,
                    -36.4128913879,
                    131.388366699,
                    69.0673675537,
                    130.329772949,
                    111.616889954,
                    242.218521118,
                    50.5507316589,
                    26.0281391144,
                    52.7009735107,
                    42.1231803894,
                    26.4111003876,
                    21.3703022003
                ],
                [
                    171.564407349,
                    -62.4839439392,
                    108.378845215,
                    52.6721115112,
                    40.9740905762,
                    60.5670585632,
                    50.5507316589,
                    168.995880127,
                    54.7409553528,
                    21.4525642395,
                    24.0700531006,
                    29.0345916748,
                    14.3646030426
                ],
                [
                    -254.034667969,
                    141.608673096,
                    25.1623153687,
                    49.7595443726,
                    78.138053894,
                    33.0065002441,
                    26.0281391144,
                    54.7409553528,
                    168.473144531,
                    28.3121109009,
                    43.7140426636,
                    25.8216133118,
                    22.988193512
                ],
                [
                    154.124176025,
                    -102.318901062,
                    3.51381587982,
                    62.129070282,
                    50.9136352539,
                    67.5488433838,
                    52.7009735107,
                    21.4525642395,
                    28.3121109009,
                    158.117431641,
                    34.8829345703,
                    13.6351299286,
                    30.8123207092
                ],
                [
                    -165.333374023,
                    170.774078369,
                    7.34634160995,
                    19.0415534973,
                    48.6108779907,
                    34.1841773987,
                    42.1231803894,
                    24.0700531006,
                    43.7140426636,
                    34.8829345703,
                    107.248031616,
                    36.0610313416,
                    15.5735254288
                ],
                [
                    50.299369812,
                    8.58499908447,
                    24.9212684631,
                    11.5116081238,
                    11.9147224426,
                    41.9402313232,
                    26.4111003876,
                    29.0345916748,
                    25.8216133118,
                    13.6351299286,
                    36.0610313416,
                    83.0392150879,
                    25.8059101105
                ],
                [
                    -116.807518005,
                    37.9020004272,
                    1.84748804569,
                    42.6228027344,
                    45.174407959,
                    25.8823108673,
                    21.3703022003,
                    14.3646030426,
                    22.988193512,
                    30.8123207092,
                    15.5735254288,
                    25.8059101105,
                    79.7595901489
                ]
            ],
            "icov": [
                [
                    6.18339399807e-05,
                    -3.51800154021e-05,
                    3.3387055737e-05,
                    -8.19159831735e-05,
                    9.08797883312e-05,
                    -0.00014596444089,
                    0.000108331747469,
                    -0.000116991694085,
                    0.00012461663573,
                    -0.000114782153105,
                    0.000150084932102,
                    -9.6605726867e-05,
                    0.000148589315359
                ],
                [
                    -3.51800154021e-05,
                    0.00102592876647,
                    0.000360390375135,
                    -2.22936378123e-05,
                    -0.000199032365344,
                    -9.27373275772e-06,
                    4.1623647121e-05,
                    0.000525604409631,
                    -0.00076824426651,
                    0.00133128347807,
                    -0.00202624103986,
                    0.00075380387716,
                    -0.00066668249201
                ],
                [
                    3.3387055737e-05,
                    0.000360390375135,
                    0.0015635866439,
                    -0.000708430772647,
                    -0.000371886213543,
                    -0.000327121000737,
                    -0.000249927397817,
                    -0.000498860434163,
                    6.42867016722e-05,
                    0.000841711531393,
                    -0.000352130475221,
                    -0.000101639430795,
                    0.000451534084277
                ],
                [
                    -8.19159831735e-05,
                    -2.22936378123e-05,
                    -0.000708430772647,
                    0.00378443743102,
                    -0.000765093078371,
                    -0.000243379487074,
                    -1.57401736942e-05,
                    -0.00013508599659,
                    -0.000497275090311,
                    -0.000769975071307,
                    0.000179398455657,
                    0.000657288357615,
                    -0.0013813872356
                ],
                [
                    9.08797883312e-05,
                    -0.000199032365344,
                    -0.000371886213543,
                    -0.000765093078371,
                    0.00418350705877,
                    -0.00197959458455,
                    -0.00084526342107,
                    0.000452185980976,
                    -0.000980600016192,
                    0.000166542609804,
                    -0.000411769346101,
                    0.00149894028436,
                    -0.00112318061292
                ],
                [
                    -0.00014596444089,
                    -9.27373275772e-06,
                    -0.000327121000737,
                    -0.000243379487074,
                    -0.00197959458455,
                    0.00697276974097,
                    -0.00148984987754,
                    -0.000750093138777,
                    0.000403957354138,
                    -0.00154976593331,
                    0.000380306388251,
                    -0.00248190481216,
                    0.000532090256456
                ],
                [
                    0.000108331747469,
                    4.1623647121e-05,
                    -0.000249927397817,
                    -1.57401736942e-05,
                    -0.00084526342107,
                    -0.00148984987754,
                    0.00609942199662,
                    -0.000910783186555,
                    0.000684569997247,
                    -0.000948469794821,
                    -0.00107833149377,
                    -0.000374689348973,
                    0.000145947313285
                ],
                [
                    -0.000116991694085,
                    0.000525604409631,
                    -0.000498860434163,
                    -0.00013508599659,
                    0.000452185980976,
                    -0.000750093138777,
                    -0.000910783186555,
                    0.0081309825182,
                    -0.00269642309286,
                    0.000839476939291,
                    -0.00126856460702,
                    -0.00059206323931,
                    -0.000678299344145
                ],
                [
                    0.00012461663573,
                    -0.00076824426651,
                    6.42867016722e-05,
                    -0.000497275090311,
                    -0.000980600016192,
                    0.000403957354138,
                    0.000684569997247,
                    -0.00269642309286,
                    0.00861693546176,
                    -0.0015141578624,
                    -0.000352844741428,
                    -0.00163628126029,
                    0.000238022796111
                ],
                [
                    -0.000114782153105,
                    0.00133128347807,
                    0.000841711531393,
                    -0.000769975071307,
                    0.000166542609804,
                    -0.00154976593331,
                    -0.000948469794821,
                    0.000839476939291,
                    -0.0015141578624,
                    0.0101064285263,
                    -0.00461345398799,
                    0.0023721542675,
                    -0.00323179340921
                ],
                [
                    0.000150084932102,
                    -0.00202624103986,
                    -0.000352130475221,
                    0.000179398455657,
                    -0.000411769346101,
                    0.000380306388251,
                    -0.00107833149377,
                    -0.00126856460702,
                    -0.000352844741428,
                    -0.00461345398799,
                    0.0170003212988,
                    -0.00639453576878,
                    0.00235561700538
                ],
                [
                    -9.6605726867e-05,
                    0.00075380387716,
                    -0.000101639430795,
                    0.000657288357615,
                    0.00149894028436,
                    -0.00248190481216,
                    -0.000374689348973,
                    -0.00059206323931,
                    -0.00163628126029,
                    0.0023721542675,
                    -0.00639453576878,
                    0.0179959181696,
                    -0.00570387812331
                ],
                [
                    0.000148589315359,
                    -0.00066668249201,
                    0.000451534084277,
                    -0.0013813872356,
                    -0.00112318061292,
                    0.000532090256456,
                    0.000145947313285,
                    -0.000678299344145,
                    0.000238022796111,
                    -0.00323179340921,
                    0.00235561700538,
                    -0.00570387812331,
                    0.0169117860496
                ]
            ],
            "mean": [
                19.0383777618,
                48.6663970947,
                -92.9721755981,
                26.2757129669,
                -44.935874939,
                24.2328186035,
                -31.4798526764,
                12.6622924805,
                -15.0228614807,
                8.99158287048,
                -7.08619308472,
                5.50923681259,
                -10.1826753616
            ]
        },
        "hfc": {
            "dmean": 12.9478988647,
            "dmean2": 18.8746089935,
            "dvar": 373.199249268,
            "dvar2": 833.345947266,
            "max": 257.143554688,
            "mean": 35.5439300537,
            "median": 28.8923683167,
            "min": 1.13746016314e-16,
            "var": 911.418579102
        },
        "melbands": {
            "dmean": [
                0.00312078511342,
                0.0021805530414,
                0.00114739709534,
                0.000472941232147,
                0.000215963009396,
                0.000158132068464,
                0.000187674828339,
                0.000188042788068,
                9.50635076151e-05,
                6.59969809931e-05,
                6.70996741974e-05,
                6.27639965387e-05,
                6.84141632519e-05,
                5.35292492714e-05,
                6.26986220595e-05,
                5.37477753824e-05,
                4.77518478874e-05,
                4.06638027926e-05,
                3.1376912375e-05,
                2.38278535107e-05,
                2.22938633669e-05,
                2.19662597374e-05,
                1.52900247485e-05,
                9.11375082069e-06,
                9.95472237264e-06,
                1.00350371213e-05,
                8.27380245028e-06,
                6.40351981929e-06,
