{
    "lowlevel": {
        "average_loudness": 0.913084566593,
        "barkbands": {
            "dmean": [
                0.00203173840418,
                0.0117065366358,
                0.00367933139205,
                0.00337263941765,
                0.00194581749383,
                0.00102674483787,
                0.00140464596916,
                0.000918806996197,
                0.000877040496562,
                0.000684004276991,
                0.000656946096569,
                0.000719086092431,
                0.000492274295539,
                0.000421031320002,
                0.000377246120479,
                0.000370816123905,
                0.000280295469565,
                0.000221708221943,
                0.000201278860914,
                0.000187164667295,
                0.000243262213189,
                0.00017252190446,
                0.000181662893738,
                0.000123664824059,
                9.39165183809e-05,
                3.06463116431e-05,
                2.4061187105e-06
            ],
            "dmean2": [
                0.0032878566999,
                0.0185773838311,
                0.00666508637369,
                0.0060155550018,
                0.00344829796813,
                0.00166447018273,
                0.00217461911961,
                0.00148031848948,
                0.00133164960425,
                0.00103409949224,
                0.00104594277218,
                0.00105744076427,
                0.000736200541724,
                0.000623325700872,
                0.000569452124182,
                0.000545343325939,
                0.000416444381699,
                0.000321528583299,
                0.000298260478303,
                0.00027356427745,
                0.000348020228557,
                0.000253541453276,
                0.000280191365164,
                0.000185385899385,
                0.000135425652843,
                4.71467174066e-05,
                3.78277195523e-06
            ],
            "dvar": [
                3.33522330038e-05,
                0.000938577170018,
                0.00012819589756,
                5.31351361133e-05,
                2.14294705074e-05,
                4.12430290453e-06,
                1.33714293042e-05,
                7.573691164e-06,
                7.2147749961e-06,
                3.77566061616e-06,
                3.10772338707e-06,
                3.77375408789e-06,
                1.95263578462e-06,
                1.30817875288e-06,
                8.49703269523e-07,
                7.06332514255e-07,
                4.05613405974e-07,
                1.52358282435e-07,
                1.94787247665e-07,
                3.08100339907e-07,
                3.24641746374e-07,
                2.05292593591e-07,
                3.81951394957e-07,
                1.60892568601e-07,
                1.12875412128e-07,
                1.45819338826e-08,
                1.06615355433e-10
            ],
            "dvar2": [
                7.68125973991e-05,
                0.00215737335384,
                0.000369225745089,
                0.000150716383359,
                6.16633842583e-05,
                1.01149635157e-05,
                2.98027571262e-05,
                1.88454305317e-05,
                1.58930106409e-05,
                7.82426104706e-06,
                7.47250442146e-06,
                7.85800057201e-06,
                3.84513350582e-06,
                2.64619870904e-06,
                1.78226059688e-06,
                1.54153156018e-06,
                8.70742610459e-07,
                2.99208977594e-07,
                4.13602094795e-07,
                5.92151423007e-07,
                6.12074643414e-07,
                4.45660845116e-07,
                8.37724769553e-07,
                3.03238095967e-07,
                2.10110016496e-07,
                2.98093496554e-08,
                2.62139143725e-10
            ],
            "max": [
                0.0875158086419,
                0.235604017973,
                0.101456202567,
                0.0590985193849,
                0.0466352291405,
                0.029557576403,
                0.103675745428,
                0.0633757337928,
                0.068499751389,
                0.0408735089004,
                0.0388179980218,
                0.0521993711591,
                0.0385482683778,
                0.0371323414147,
                0.016902955249,
                0.0275280233473,
                0.014241900295,
                0.00751774432138,
                0.00857380032539,
                0.0128828398883,
                0.00848608557135,
                0.00558842346072,
                0.00861760415137,
                0.0056803743355,
                0.0062620062381,
                0.00232365122065,
                0.000401651777793
            ],
            "mean": [
                0.00655716750771,
                0.0178898144513,
                0.00330157554708,
                0.0032505041454,
                0.00205690762959,
                0.00126791454386,
                0.00185378221795,
                0.00099103350658,
                0.00114298821427,
                0.000865857989993,
                0.000791053113062,
                0.000941638019867,
                0.000633034622297,
                0.000537196581718,
                0.000514084182214,
                0.0005679919268,
                0.000437193317339,
                0.000336884550052,
                0.000282018008875,
                0.000238534907112,
                0.000326469482388,
                0.000217482287553,
                0.000200587819563,
                0.000153272194439,
                0.000115415597975,
                3.4307831811e-05,
                2.53219673141e-06
            ],
            "median": [
                1.11916415335e-05,
                0.00147290877067,
                0.000941016536672,
                0.000519676948898,
                0.000819441338535,
                0.000429246923886,
                0.000367454602383,
                0.000169566454133,
                0.000163301388966,
                0.000100918274256,
                0.000103665290226,
                0.000117497285828,
                8.34496022435e-05,
                6.54894392937e-05,
                9.2802423751e-05,
                0.000136647271574,
                8.89432703843e-05,
                0.000106231978862,
                6.80446391925e-05,
                3.45929438481e-05,
                7.43550772313e-05,
                4.35524634668e-05,
                2.19853936869e-05,
                1.40228330565e-05,
                7.26104553905e-06,
                1.51198491949e-06,
                6.04413372685e-08
            ],
            "min": [
                2.20004281897e-23,
                3.93317306764e-23,
                1.09598756925e-23,
                1.25092355868e-23,
                3.48069065656e-23,
                7.97765125357e-23,
                3.99265160218e-23,
                2.83067558155e-23,
                4.86082268954e-23,
                1.09301121283e-22,
                2.08385307397e-22,
                1.69829446664e-22,
                1.05195908065e-22,
                1.71444276491e-22,
                1.23108446422e-22,
                2.3504281065e-22,
                1.8016905286e-22,
                2.64215391796e-22,
                3.0129049119e-22,
                3.67201927658e-22,
                4.26737197066e-22,
                4.86546990069e-22,
                6.97602093069e-22,
                7.82372353882e-22,
                1.18968989068e-21,
                1.73000523615e-21,
                2.20938366415e-21
            ],
            "var": [
                0.000256802915828,
                0.00120054290164,
                7.83710129326e-05,
                4.42707168986e-05,
                1.51308458953e-05,
                5.31712794327e-06,
                2.13246476051e-05,
                7.75289390731e-06,
                1.18506541185e-05,
                6.29337500868e-06,
                4.32141951023e-06,
                6.16526813246e-06,
                3.62834134648e-06,
                2.51575715993e-06,
                1.53588075591e-06,
                1.61414993727e-06,
                9.60214265433e-07,
                3.2363195146e-07,
                3.32079054033e-07,
                5.07809602368e-07,
                5.39454106274e-07,
                2.82721913436e-07,
                4.40812129909e-07,
                2.43882738005e-07,
                1.82789833048e-07,
                1.99478780161e-08,
                1.32038602274e-10
            ]
        },
        "barkbands_crest": {
            "dmean": 3.34195184708,
            "dmean2": 5.26507616043,
            "dvar": 10.7399139404,
            "dvar2": 23.1178760529,
            "max": 26.7263202667,
            "mean": 11.3768777847,
            "median": 10.6198444366,
            "min": 2.2783601284,
            "var": 24.8655700684
        },
        "barkbands_flatness_db": {
            "dmean": 0.0367861092091,
            "dmean2": 0.0515219196677,
            "dvar": 0.00152061646804,
            "dvar2": 0.00265962909907,
            "max": 0.741377830505,
            "mean": 0.187264055014,
            "median": 0.173519566655,
            "min": 0.0185444168746,
            "var": 0.00638365326449
        },
        "barkbands_kurtosis": {
            "dmean": 13.6330251694,
            "dmean2": 21.7666625977,
            "dvar": 2455.30297852,
            "dvar2": 6176.70361328,
            "max": 1022.50939941,
            "mean": 14.0222301483,
            "median": 2.34261083603,
            "min": -1.94304263592,
            "var": 2291.21191406
        },
        "barkbands_skewness": {
            "dmean": 1.21129500866,
            "dmean2": 1.73194003105,
            "dvar": 3.06182551384,
            "dvar2": 6.46192169189,
            "max": 27.3259334564,
            "mean": 1.95138764381,
            "median": 1.41870558262,
            "min": -10.9509096146,
            "var": 7.04557180405
        },
        "barkbands_spread": {
            "dmean": 8.41944694519,
            "dmean2": 12.5966758728,
            "dvar": 124.834724426,
            "dvar2": 255.373718262,
            "max": 120.730575562,
            "mean": 20.1930618286,
            "median": 16.12266922,
            "min": 0.0797164961696,
            "var": 277.813659668
        },
        "dissonance": {
            "dmean": 0.025250595063,
            "dmean2": 0.0413605384529,
            "dvar": 0.00078570790356,
            "dvar2": 0.00202396605164,
            "max": 0.500000119209,
            "mean": 0.455235898495,
            "median": 0.467320919037,
            "min": 0.110390663147,
            "var": 0.00169819802977
        },
        "dynamic_complexity": 3.37981057167,
        "erbbands": {
            "dmean": [
                0.406749248505,
                2.51154470444,
                4.09602546692,
                8.85272598267,
                7.64129543304,
                6.56360006332,
                7.45692968369,
                9.25708389282,
                18.9904708862,
                17.7071018219,
                20.5548267365,
                20.072271347,
                19.3312988281,
                22.9471263885,
                26.9114055634,
                27.8572559357,
                21.3253688812,
                20.0415706635,
                18.6838092804,
                19.5287475586,
                18.2333049774,
                14.7765722275,
                11.2315645218,
                11.5128803253,
                8.90077590942,
                8.95743846893,
                9.97868537903,
                8.82383537292,
                6.39904356003,
                5.80873823166,
                4.79756832123,
                3.2259888649,
                1.8024828434,
                1.26287043095,
                0.557963550091,
                0.206679552794,
                0.0430120639503,
                0.00525644561276,
                0.000465392309707,
                3.24011125485e-05
            ],
            "dmean2": [
                0.647479832172,
                3.90122270584,
                7.15016555786,
                15.643280983,
                14.0003404617,
                11.6222505569,
                12.0051984787,
                15.350522995,
                29.7813796997,
                27.2300548553,
                32.5031700134,
                30.3871688843,
                29.0240631104,
                35.1442451477,
                41.2487220764,
                39.3445739746,
                30.5105209351,
                29.1957035065,
                27.2775020599,
                28.1811199188,
                26.3259391785,
                21.518119812,
                15.9950609207,
                16.5315246582,
                12.8818082809,
                13.0267848969,
                14.2990865707,
                12.7969379425,
                9.5204076767,
                8.79224300385,
                7.33389997482,
                4.82012367249,
                2.63647961617,
                1.80836164951,
                0.83090877533,
                0.314903527498,
                0.0661253407598,
                0.00824620202184,
                0.000731465173885,
                4.91727332701e-05
            ],
            "dvar": [
                1.07415366173,
                50.0382728577,
                159.045074463,
                395.616760254,
                373.466400146,
                210.129745483,
                174.373001099,
                418.057525635,
                2366.49072266,
                2947.66748047,
                3964.22509766,
                4195.92675781,
                3441.64160156,
                4182.67480469,
                5488.00341797,
                5088.14355469,
                3426.00219727,
                3188.79150391,
                2278.34106445,
                2149.74169922,
                1661.15734863,
                1146.00048828,
                427.020141602,
                430.979705811,
                474.105651855,
                728.264465332,
                513.916137695,
                496.122253418,
                274.985107422,
                357.088562012,
                258.98526001,
                111.888412476,
                34.9573898315,
                20.9942169189,
                3.99496817589,
                0.642025887966,
                0.028744507581,
                0.000417306815507,
                3.18183060699e-06,
                3.78300946124e-09
            ],
            "dvar2": [
                2.64753842354,
                117.569396973,
                439.712524414,
                1126.36242676,
                1080.42126465,
                604.466674805,
                432.074615479,
                1054.28869629,
                5311.67285156,
                6721.35546875,
                9731.17089844,
                9323.06542969,
                7493.36474609,
                9189.50585938,
                12572.2705078,
                10530.5361328,
                6467.42480469,
                6194.53125,
                4914.48242188,
                4467.33154297,
                3437.77929688,
                2404.90039062,
                818.545043945,
                872.18157959,
                963.663635254,
                1481.76660156,
                988.516296387,
                947.03515625,
                577.954833984,
                763.033874512,
                567.424072266,
                233.765838623,
                65.1332626343,
                40.7348976135,
                7.36520338058,
                1.29198515415,
                0.059668444097,
                0.000969368673395,
                7.58705027692e-06,
                8.31605007079e-09
            ],
            "max": [
                11.811788559,
                57.2354888916,
                104.638793945,
                173.506286621,
                218.739074707,
                159.576156616,
                215.383209229,
                321.785491943,
                1182.20556641,
                1760.42822266,
                1265.05285645,
                1874.07531738,
                1759.2590332,
                1436.92089844,
                1734.92590332,
                1423.78198242,
                1844.96960449,
                2199.12841797,
                936.041625977,
                1311.63977051,
                1406.76367188,
                734.681884766,
                439.378936768,
                417.012237549,
                278.451446533,
                658.694580078,
                336.651855469,
                297.867370605,
                197.133621216,
                254.44883728,
                227.039199829,
                166.687469482,
                115.076026917,
                95.505607605,
                35.034778595,
                13.5226736069,
                4.15575265884,
                0.504914939404,
                0.0681427195668,
                0.00150517909788
            ],
            "mean": [
                0.802415013313,
                2.91607117653,
                3.92973399162,
                8.95774078369,
                6.78367996216,
                6.93796682358,
                9.70192432404,
                11.1799430847,
                24.9815711975,
                22.7586593628,
                23.7587890625,
                26.2157592773,
                25.4867362976,
                28.8142414093,
                36.6782989502,
                38.617816925,
                30.0436706543,
                27.4966640472,
                25.9336700439,
                30.1456375122,
                30.7386837006,
                24.5399188995,
                18.1961326599,
                17.6999034882,
                12.0069036484,
                11.4092264175,
                13.528169632,
                11.5876016617,
                8.1321554184,
                6.86438798904,
                5.29916381836,
                3.71738910675,
                2.25880599022,
                1.51625406742,
                0.677276790142,
                0.233296841383,
                0.0474040843546,
                0.00580410379916,
                0.000520670670085,
                6.70479130349e-05
            ],
            "median": [
                0.0264669153839,
                0.368803560734,
                1.10431075096,
                2.25767850876,
                1.30984425545,
                2.80259752274,
                4.27234363556,
                3.5647315979,
                5.41189002991,
                6.12562561035,
                4.81548023224,
                4.21393871307,
                3.45485877991,
                4.19306373596,
                5.37177753448,
                5.39921569824,
                4.90654563904,
                3.62436819077,
                5.1288228035,
                6.25544071198,
                7.69387817383,
                5.80281257629,
                5.66253089905,
                5.41478395462,
                2.56592416763,
                1.80421972275,
                2.71819734573,
                2.69627928734,
                1.66084730625,
                1.00274074078,
                0.567022204399,
                0.341447889805,
                0.200339585543,
                0.103326573968,
                0.0365734919906,
                0.0104878786951,
                0.00216393359005,
                0.000287450180622,
                4.79971859022e-05,
                3.91103349102e-05
            ],
            "min": [
                1.65458054106e-21,
                6.91929958493e-21,
                1.05479535241e-20,
                2.80815797993e-20,
                9.17946947298e-20,
                8.38907254829e-20,
                6.91498176676e-19,
                4.32885457287e-19,
                5.88467299612e-19,
                5.2343404966e-19,
                4.95401932677e-19,
                9.5943355761e-19,
                4.17651473571e-18,
                5.21321606152e-18,
                5.45254670969e-18,
                6.63012144331e-18,
                6.40103625421e-18,
                8.49744362584e-18,
                5.76285069519e-18,
                7.43325922418e-18,
                1.45006117957e-17,
                1.0919060364e-17,
                1.22298852089e-17,
                1.76677837907e-17,
                1.67898175973e-17,
                1.49987912458e-17,
                1.58698372462e-17,
                1.86715360312e-17,
                1.49656560448e-17,
                2.0546603933e-17,
                1.97771191682e-17,
                1.59537447932e-17,
                1.37348774677e-17,
                1.11030162333e-17,
                9.15346237168e-18,
                5.68889123585e-18,
                3.46896884156e-18,
                1.2206042555e-18,
                3.57110672545e-19,
                3.11795327521e-20
            ],
            "var": [
                2.32788133621,
                51.8191070557,
                106.938316345,
                308.553070068,
                240.991073608,
                157.887634277,
                241.966567993,
                517.351318359,
                3843.40307617,
                3982.62744141,
                4281.80126953,
                7015.72412109,
                5294.46044922,
                6688.37988281,
                8549.84765625,
                8797.390625,
                6656.57763672,
                6948.91162109,
                3824.76416016,
                4611.93994141,
                4467.16503906,
                2779.74072266,
                1003.50964355,
                917.687072754,
                731.929016113,
                1117.32312012,
                908.135498047,
                775.423156738,
                383.567047119,
                448.114135742,
                300.382110596,
                144.762435913,
                56.5074195862,
                32.188293457,
                6.59707355499,
                0.895379662514,
                0.0379086770117,
                0.000531479890924,
                4.5027336455e-06,
                6.69544375498e-09
            ]
        },
        "erbbands_crest": {
            "dmean": 3.43192863464,
            "dmean2": 5.5420422554,
            "dvar": 10.0540428162,
            "dvar2": 23.7677993774,
            "max": 31.6948451996,
            "mean": 10.3814201355,
            "median": 9.35384559631,
            "min": 2.12431144714,
            "var": 23.5002403259
        },
        "erbbands_flatness_db": {
            "dmean": 0.0273963399231,
            "dmean2": 0.0388231612742,
            "dvar": 0.000693777867127,
            "dvar2": 0.00132355187088,
            "max": 0.45749270916,
            "mean": 0.188113600016,
            "median": 0.184773340821,
            "min": 0.0358492061496,
            "var": 0.00325543712825
        },
        "erbbands_kurtosis": {
            "dmean": 1.99231112003,
            "dmean2": 3.15589642525,
            "dvar": 11.5183963776,
            "dvar2": 26.4959087372,
            "max": 93.4349136353,
            "mean": 1.52510011196,
            "median": 0.255557179451,
            "min": -1.93106877804,
            "var": 17.6003112793
        },
        "erbbands_skewness": {
            "dmean": 0.629216611385,
            "dmean2": 0.931564629078,
            "dvar": 0.429247885942,
            "dvar2": 0.932027637959,
            "max": 7.89248466492,
            "mean": 0.0684594064951,
            "median": 0.0719894766808,
            "min": -5.33203697205,
            "var": 1.22247850895
        },
        "erbbands_spread": {
            "dmean": 13.5397539139,
            "dmean2": 20.9180755615,
            "dvar": 294.590942383,
            "dvar2": 662.203186035,
            "max": 232.731292725,
            "mean": 37.8985557556,
            "median": 32.4566574097,
            "min": 1.74647796154,
            "var": 666.580322266
        },
        "gfcc": {
            "cov": [
                [
                    10125.4824219,
                    165.086257935,
                    173.824676514,
                    163.421661377,
                    253.270309448,
                    571.649719238,
                    178.679656982,
                    408.332702637,
                    -24.1837482452,
                    55.3663330078,
                    -45.7600326538,
                    68.1348114014,
                    -269.204315186
                ],
                [
                    165.086257935,
                    3027.37548828,
                    462.3543396,
                    -62.3891181946,
                    695.492614746,
                    76.6120071411,
                    490.29788208,
                    -62.8490905762,
                    282.967895508,
                    -140.455490112,
                    163.302261353,
                    -63.3266487122,
                    120.274925232
                ],
                [
                    173.824676514,
                    462.3543396,
                    2127.23388672,
                    412.496337891,
                    420.116455078,
                    488.517944336,
                    263.007873535,
                    223.12210083,
                    51.3053359985,
                    78.3435821533,
                    55.2384529114,
                    71.8857650757,
                    -60.2614860535
                ],
                [
                    163.421661377,
                    -62.3891181946,
                    412.496337891,
                    1084.74169922,
                    214.024093628,
                    30.3413219452,
                    76.3411254883,
                    -150.675369263,
                    144.420852661,
                    63.3002510071,
                    64.1298980713,
                    -26.4447364807,
                    120.692260742
                ],
                [
                    253.270309448,
                    695.492614746,
                    420.116455078,
                    214.024093628,
                    652.256347656,
                    213.221786499,
                    218.745620728,
                    90.5649490356,
                    136.47593689,
                    77.519317627,
                    86.7370147705,
                    -3.08393168449,
                    62.132358551
                ],
                [
                    571.649719238,
                    76.6120071411,
                    488.517944336,
                    30.3413219452,
                    213.221786499,
                    533.82800293,
                    256.418151855,
                    126.448059082,
                    51.1315231323,
                    42.4912986755,
                    82.4672241211,
                    59.9193840027,
                    -39.4733772278
                ],
                [
                    178.679656982,
                    490.29788208,
                    263.007873535,
                    76.3411254883,
                    218.745620728,
                    256.418151855,
                    527.69708252,
                    152.509033203,
                    64.4670410156,
                    10.7164754868,
                    120.948165894,
                    40.1194801331,
                    69.1057739258
                ],
                [
                    408.332702637,
                    -62.8490905762,
                    223.12210083,
                    -150.675369263,
                    90.5649490356,
                    126.448059082,
                    152.509033203,
                    383.501800537,
                    23.1284885406,
                    46.0200538635,
                    26.5474662781,
                    28.3993988037,
                    -23.0198402405
                ],
                [
                    -24.1837482452,
                    282.967895508,
                    51.3053359985,
                    144.420852661,
                    136.47593689,
                    51.1315231323,
                    64.4670410156,
                    23.1284885406,
                    347.392181396,
                    64.7513122559,
                    54.7869148254,
                    31.9535217285,
                    45.4760475159
                ],
                [
                    55.3663330078,
                    -140.455490112,
                    78.3435821533,
                    63.3002510071,
                    77.519317627,
                    42.4912986755,
                    10.7164754868,
                    46.0200538635,
                    64.7513122559,
                    193.705322266,
                    60.3763046265,
                    1.0435115099,
                    25.4354419708
                ],
                [
                    -45.7600326538,
                    163.302261353,
                    55.2384529114,
                    64.1298980713,
                    86.7370147705,
                    82.4672241211,
                    120.948165894,
                    26.5474662781,
                    54.7869148254,
                    60.3763046265,
                    196.498092651,
                    40.4533920288,
                    47.4100265503
                ],
                [
                    68.1348114014,
                    -63.3266487122,
                    71.8857650757,
                    -26.4447364807,
                    -3.08393168449,
                    59.9193840027,
                    40.1194801331,
                    28.3993988037,
                    31.9535217285,
                    1.0435115099,
                    40.4533920288,
                    172.379501343,
                    15.1218643188
                ],
                [
                    -269.204315186,
                    120.274925232,
                    -60.2614860535,
                    120.692260742,
                    62.132358551,
                    -39.4733772278,
                    69.1057739258,
                    -23.0198402405,
                    45.4760475159,
                    25.4354419708,
                    47.4100265503,
                    15.1218643188,
                    188.353057861
                ]
            ],
            "icov": [
                [
                    0.000126082115457,
                    -8.30451681395e-05,
                    9.25906206248e-05,
                    -0.00014056256623,
                    4.4062424422e-05,
                    -0.000204735944862,
                    9.23712796066e-05,
                    -0.000217533975956,
                    0.000117677715025,
                    -0.000122226731037,
                    0.000140066040331,
                    -0.000125530801597,
                    0.000197922738153
                ],
                [
                    -8.30451681395e-05,
                    0.000922465580516,
                    -0.000345399195794,
                    0.000649237423204,
                    -0.000903802050743,
                    0.000766182492953,
                    -0.0007930797874,
                    0.00086246652063,
                    -0.000785983982496,
                    0.00115196336992,
                    -0.0006733192713,
                    0.000692345900461,
                    -0.00023107205925
                ],
                [
                    9.25906206248e-05,
                    -0.000345399195794,
                    0.000900408951566,
                    -0.000625013257377,
                    5.83020519116e-05,
                    -0.000834008445963,
                    0.000337646779371,
                    -0.000729885767214,
                    0.00050308147911,
                    -0.00050366926007,
                    0.000480526563479,
                    -0.000549441494513,
                    0.000504073745105
                ],
                [
                    -0.00014056256623,
                    0.000649237423204,
                    -0.000625013257377,
                    0.00185107858852,
                    -0.00076512870146,
                    0.000798067369033,
                    -0.000694322050549,
                    0.00144973734859,
                    -0.000977234449238,
                    0.000627153378446,
                    -0.000649117107969,
                    0.000879498547874,
                    -0.000905970053282
                ],
                [
                    4.4062424422e-05,
                    -0.000903802050743,
                    5.83020519116e-05,
                    -0.00076512870146,
                    0.00317137152888,
                    -0.00114482571371,
                    0.000370403664419,
                    -0.000937579898164,
                    0.000211956867133,
                    -0.0014222341124,
                    0.000452652369859,
                    -7.39946553949e-05,
                    -0.000354626768967
                ],
                [
                    -0.000204735944862,
                    0.000766182492953,
                    -0.000834008445963,
                    0.000798067369033,
                    -0.00114482571371,
                    0.00411798572168,
                    -0.00192516902462,
                    0.000920285237953,
                    -0.000766401644796,
                    0.00060308794491,
                    -0.0010510312859,
                    -1.39632848004e-05,
                    0.000868649745826
                ],
                [
                    9.23712796066e-05,
                    -0.0007930797874,
                    0.000337646779371,
                    -0.000694322050549,
                    0.000370403664419,
                    -0.00192516902462,
                    0.00407749926671,
                    -0.00180489837658,
                    0.000654771807604,
                    9.78997777565e-05,
                    -0.000690141809173,
                    -0.000422006996814,
                    -0.00101457769051
                ],
                [
                    -0.000217533975956,
                    0.00086246652063,
                    -0.000729885767214,
                    0.00144973734859,
                    -0.000937579898164,
                    0.000920285237953,
                    -0.00180489837658,
                    0.0046412833035,
                    -0.000959540891927,
                    0.000123689897009,
                    -0.000396740535507,
                    0.000520295114256,
                    -1.94702261069e-05
                ],
                [
                    0.000117677715025,
                    -0.000785983982496,
                    0.00050308147911,
                    -0.000977234449238,
                    0.000211956867133,
                    -0.000766401644796,
                    0.000654771807604,
                    -0.000959540891927,
                    0.00419790716842,
                    -0.00175345200114,
                    0.000426129467087,
                    -0.0012944432674,
                    8.91036397661e-05
                ],
                [
                    -0.000122226731037,
                    0.00115196336992,
                    -0.00050366926007,
                    0.000627153378446,
                    -0.0014222341124,
                    0.00060308794491,
                    9.78997777565e-05,
                    0.000123689897009,
                    -0.00175345200114,
                    0.00801275670528,
                    -0.0028020630125,
                    0.0015190562699,
                    -0.000973911257461
                ],
                [
                    0.000140066040331,
                    -0.0006733192713,
                    0.000480526563479,
                    -0.000649117107969,
                    0.000452652369859,
                    -0.0010510312859,
                    -0.000690141809173,
                    -0.000396740535507,
                    0.000426129467087,
                    -0.0028020630125,
                    0.00771408947185,
                    -0.00183314352762,
                    -0.000484055723064
                ],
                [
                    -0.000125530801597,
                    0.000692345900461,
                    -0.000549441494513,
                    0.000879498547874,
                    -7.39946553949e-05,
                    -1.39632848004e-05,
                    -0.000422006996814,
                    0.000520295114256,
                    -0.0012944432674,
                    0.0015190562699,
                    -0.00183314352762,
                    0.0072456127964,
                    -0.00113386579324
                ],
                [
                    0.000197922738153,
                    -0.00023107205925,
                    0.000504073745105,
                    -0.000905970053282,
                    -0.000354626768967,
                    0.000868649745826,
                    -0.00101457769051,
                    -1.94702261069e-05,
                    8.91036397661e-05,
                    -0.000973911257461,
                    -0.000484055723064,
                    -0.00113386579324,
                    0.00747317820787
                ]
            ],
            "mean": [
                -38.2914009094,
                89.0092773438,
                -122.181999207,
                37.6690864563,
                -58.6986351013,
                10.9947538376,
                -36.5539550781,
                2.92638731003,
                -17.3316345215,
                -0.56561589241,
                -12.8489685059,
                -0.1571482867,
                -6.82514047623
            ]
        },
        "hfc": {
            "dmean": 10.6991491318,
            "dmean2": 15.1236667633,
            "dvar": 348.514434814,
            "dvar2": 635.623779297,
            "max": 247.300338745,
            "mean": 22.8890838623,
            "median": 15.6634960175,
            "min": 1.12833285374e-16,
            "var": 681.391662598
        },
        "melbands": {
            "dmean": [
                0.00344021525234,
                0.00242845411412,
                0.00148448930122,
                0.000455871457234,
                0.000273546786048,
                0.000214590487303,
                0.000287869363092,
                0.000191587183508,
                0.000167451886227,
                0.000127542269183,
                9.89525215118e-05,
                9.52959744609e-05,
                8.8703513029e-05,
                8.24290182209e-05,
                6.84076730977e-05,
                4.28393868788e-05,
                3.96968025598e-05,
                3.28592286678e-05,
                2.87242110062e-05,
                2.62092289631e-05,
                2.18533332372e-05,
                1.70297353179e-05,
                1.18614298117e-05,
                1.06366678665e-05,
                9.72186626313e-06,
                7.54393931857e-06,
                6.17257182967e-06,
