{
    "lowlevel": {
        "average_loudness": 0.827969908714,
        "barkbands": {
            "dmean": [
                0.00204220577143,
                0.00808298867196,
                0.00318608037196,
                0.00144019618165,
                0.00131204491481,
                0.000973108282778,
                0.000737768190447,
                0.000754430831876,
                0.000783469469752,
                0.000593387638219,
                0.000284637877485,
                0.000372481299564,
                0.000301179738017,
                0.000304895831505,
                0.000343972234987,
                0.000296807440463,
                0.000268237577984,
                0.000293601478916,
                0.000392530695535,
                0.000318839825923,
                0.00030191015685,
                0.000359518162441,
                0.000512860657182,
                0.00047510152217,
                0.000397679832531,
                0.00028882920742,
                6.5731095674e-05
            ],
            "dmean2": [
                0.00288696843199,
                0.0115631893277,
                0.00583707308397,
                0.00267536146566,
                0.00224727299064,
                0.00154576904606,
                0.00117651885375,
                0.00116875395179,
                0.00115209200885,
                0.000856373691931,
                0.000420463155024,
                0.000575023470446,
                0.000452006526757,
                0.000473248655908,
                0.000526217278093,
                0.000469586375402,
                0.00040386262117,
                0.000459154718556,
                0.000612390693277,
                0.000507324934006,
                0.000458846916445,
                0.000545783434063,
                0.000810626661405,
                0.000752981286496,
                0.00062239356339,
                0.000488326186314,
                0.000116310729936
            ],
            "dvar": [
                4.67855024908e-05,
                0.000591965392232,
                0.000173900945811,
                3.59220139217e-05,
                1.44971663758e-05,
                4.90394359076e-06,
                3.41153440786e-06,
                4.83451003674e-06,
                4.81833149024e-06,
                2.58025602307e-06,
                7.24726987755e-07,
                1.10963105726e-06,
                7.92694947904e-07,
                7.30430826934e-07,
                7.42686438571e-07,
                1.02473461538e-06,
                5.42993291219e-07,
                1.53902044531e-06,
                2.93039533972e-06,
                1.65244136952e-06,
                9.51976232955e-07,
                1.01355556126e-06,
                1.47198034028e-06,
                1.48075912421e-06,
                1.47507569181e-06,
                5.3169100056e-07,
                3.00588958169e-08
            ],
            "dvar2": [
                6.52854796499e-05,
                0.00104315264616,
                0.000496636610478,
                0.000106300620246,
                3.839317651e-05,
                1.17405243145e-05,
                7.84009171184e-06,
                1.10842602226e-05,
                1.03572638182e-05,
                4.75754177387e-06,
                1.5008806713e-06,
                2.30887735597e-06,
                1.68690075952e-06,
                1.53194696395e-06,
                1.56741521096e-06,
                2.56963016909e-06,
                1.11316353468e-06,
                3.61042293662e-06,
                6.77245452607e-06,
                3.98854990635e-06,
                2.02628257284e-06,
                2.13678436012e-06,
                3.21851143781e-06,
                3.22576624967e-06,
                2.83412555291e-06,
                1.32078469051e-06,
                8.00330113293e-08
            ],
            "max": [
                0.283455312252,
                0.23760035634,
                0.11458106339,
                0.0604648888111,
                0.0461513474584,
                0.0480747707188,
                0.0402320772409,
                0.0596534125507,
                0.0519314557314,
                0.0334472469985,
                0.0261966604739,
                0.0406168587506,
                0.0210934039205,
                0.0331836082041,
                0.0245798099786,
                0.0194055810571,
                0.00916068069637,
                0.0182351078838,
                0.0208200197667,
                0.0147850336507,
                0.01260540355,
                0.0272847507149,
                0.0315759666264,
                0.0327651165426,
                0.059174451977,
                0.0153261357918,
                0.00213189725764
            ],
            "mean": [
                0.00589401181787,
                0.0168689265847,
                0.00276519567706,
                0.00113263865933,
                0.00148412131239,
                0.00120901386254,
                0.000986952451058,
                0.000964193604887,
                0.00107741681859,
                0.000921741011553,
                0.000409909844166,
                0.000523477385286,
                0.000401007302571,
                0.000404997757869,
                0.000490975216962,
                0.000327167857904,
                0.000373469025362,
                0.00030484556919,
                0.000375798845198,
                0.000303775159409,
                0.000333948264597,
                0.000432657630881,
                0.000563867390156,
                0.000562089495361,
                0.000442474993179,
                0.000234341292526,
                4.5173237595e-05
            ],
            "median": [
                0.000242250913288,
                0.00272505334578,
                0.000465281074867,
                0.000207949226024,
                0.000350437330781,
                0.000277901126537,
                0.000177816749783,
                0.000125994440168,
                0.000124527199659,
                0.000196364620933,
                5.5075106502e-05,
                8.5667707026e-05,
                7.5415991887e-05,
                6.8499117333e-05,
                7.58361420594e-05,
                5.14706989634e-05,
                6.7524946644e-05,
                2.80057356576e-05,
                2.51690617006e-05,
                2.30899877351e-05,
                1.89009006135e-05,
                4.43553399236e-05,
                5.03806149936e-05,
                5.91101706959e-05,
                2.93036173389e-05,
                5.7603156165e-06,
                1.93200492049e-07
            ],
            "min": [
                9.29981786024e-13,
                1.83065455156e-12,
                2.09040207019e-12,
                5.36068498619e-12,
                1.98972754939e-10,
                2.06283393145e-10,
                1.21280194221e-10,
                5.89144011354e-11,
                7.44651562634e-11,
                5.90304541359e-11,
                3.42218857419e-11,
                5.56910628724e-11,
                2.81796912194e-11,
                9.23008128262e-11,
                7.61617574563e-11,
                6.87112450271e-11,
                2.61985017014e-10,
                2.74685024726e-10,
                2.74604505801e-10,
                1.54966248167e-10,
                2.35565067452e-10,
                3.83293674577e-11,
                2.9129386403e-11,
                1.87701174048e-11,
                2.28408767594e-11,
                3.25427185199e-11,
                1.50716661373e-11
            ],
            "var": [
                0.000191873652511,
                0.00109213776886,
                0.000101940917375,
                1.98371963052e-05,
                1.37692222779e-05,
                6.7632227001e-06,
                5.8055302361e-06,
                7.4087847679e-06,
                8.51380264066e-06,
                5.91385651205e-06,
                1.5635505406e-06,
                2.33193804888e-06,
                1.30622800043e-06,
                1.23043912481e-06,
                1.2326529486e-06,
                9.46013074099e-07,
                7.48572858811e-07,
                1.44079865549e-06,
                2.73220939562e-06,
                1.48229310071e-06,
                1.18706680041e-06,
                1.68323106209e-06,
                2.36488608607e-06,
                2.76317996395e-06,
                3.39359712598e-06,
                5.32435876721e-07,
                2.1451590726e-08
            ]
        },
        "barkbands_crest": {
            "dmean": 2.78841018677,
            "dmean2": 4.29459428787,
            "dvar": 8.95236492157,
            "dvar2": 18.9414844513,
            "max": 26.2168674469,
            "mean": 11.8962287903,
            "median": 11.0278606415,
            "min": 2.09556007385,
            "var": 30.286649704
        },
        "barkbands_flatness_db": {
            "dmean": 0.0406257584691,
            "dmean2": 0.0557438321412,
            "dvar": 0.00257467431948,
            "dvar2": 0.00437172409147,
            "max": 0.96181422472,
            "mean": 0.205575913191,
            "median": 0.18511146307,
            "min": 0.0210019685328,
            "var": 0.0142243430018
        },
        "barkbands_kurtosis": {
            "dmean": 19.6634883881,
            "dmean2": 30.0964775085,
            "dvar": 4584.43652344,
            "dvar2": 9802.13867188,
            "max": 1300.63427734,
            "mean": 22.00806427,
            "median": 2.23947906494,
            "min": -1.97326421738,
            "var": 5647.7421875
        },
        "barkbands_skewness": {
            "dmean": 1.28372955322,
            "dmean2": 1.81824588776,
            "dvar": 3.75303530693,
            "dvar2": 7.28843736649,
            "max": 31.2028942108,
            "mean": 2.15107870102,
            "median": 1.33669376373,
            "min": -8.39249610901,
            "var": 10.483464241
        },
        "barkbands_spread": {
            "dmean": 10.9999799728,
            "dmean2": 17.2702445984,
            "dvar": 263.898468018,
            "dvar2": 599.229187012,
            "max": 130.649795532,
            "mean": 23.9479904175,
            "median": 18.5265312195,
            "min": 0.0772399827838,
            "var": 492.67199707
        },
        "dissonance": {
            "dmean": 0.03045845218,
            "dmean2": 0.0495645925403,
            "dvar": 0.00106908183079,
            "dvar2": 0.00275100884028,
            "max": 0.500000059605,
            "mean": 0.445005148649,
            "median": 0.458653390408,
            "min": 0.147789955139,
            "var": 0.0024257840123
        },
        "dynamic_complexity": 3.97535514832,
        "erbbands": {
            "dmean": [
                0.395698964596,
                1.48185670376,
                3.51853966713,
                4.34423112869,
                5.08578491211,
                3.75111818314,
                4.51518297195,
                9.49680328369,
                11.1032648087,
                10.979470253,
                17.164768219,
                15.8193702698,
                15.5693597794,
                16.7852535248,
                11.9231624603,
                14.8930673599,
                12.4167537689,
                14.2307949066,
                17.3660392761,
                14.9230175018,
                15.336107254,
                15.0895366669,
                17.1875896454,
                17.115234375,
                19.9189815521,
                14.4592647552,
                11.3366270065,
                12.9185323715,
                13.427189827,
                13.0542163849,
                14.9445619583,
                11.7032308578,
                6.98556852341,
                4.42316055298,
                2.89405798912,
                1.45083498955,
                0.510527789593,
                0.098614372313,
                0.0130030205473,
                0.000358338438673
            ],
            "dmean2": [
                0.573594689369,
                2.13858413696,
                6.29061031342,
                7.99002552032,
                8.87239646912,
                6.50126981735,
                7.71856594086,
                14.7933931351,
                17.6210784912,
                16.75989151,
                26.2448043823,
                23.1089954376,
                22.5031471252,
                24.2253932953,
                17.4243946075,
                23.0053520203,
                18.1865844727,
                21.5962715149,
                26.496427536,
                22.5446548462,
                23.5189533234,
                22.6350269318,
                26.6146411896,
                28.2379207611,
                30.6875457764,
                22.9089870453,
                17.1507816315,
                19.7561511993,
                20.7420291901,
                19.9383335114,
                23.7903594971,
                18.7483558655,
                10.9874153137,
                6.88362884521,
                4.68459367752,
                2.42051506042,
                0.871746599674,
                0.170985713601,
                0.0230365339667,
                0.000624253065325
            ],
            "dvar": [
                1.51882410049,
                21.4129295349,
                191.353118896,
                352.829772949,
                277.02041626,
                121.484840393,
                212.394775391,
                494.218933105,
                813.813232422,
                930.878417969,
                2367.72558594,
                2327.14624023,
                2124.75610352,
                1822.89526367,
                1250.52209473,
                1896.02685547,
                1376.24731445,
                1249.65551758,
                2040.4498291,
                1833.22021484,
                2485.05712891,
                2385.64648438,
                5261.20068359,
                6380.97900391,
                7180.37011719,
                3321.08959961,
                1514.92297363,
                1621.18579102,
                1595.30615234,
                1040.21386719,
                1419.88269043,
                732.271484375,
                426.439483643,
                199.400375366,
                80.6553268433,
                14.1078300476,
                1.71431100368,
                0.0632739067078,
                0.00123257830273,
                9.18840669328e-07
            ],
            "dvar2": [
                3.04364180565,
                41.2836036682,
                531.521911621,
                1028.84997559,
                763.448547363,
                326.598236084,
                565.06463623,
                1121.953125,
                1838.17834473,
                2075.35546875,
                5548.61767578,
                4920.11328125,
                4332.28369141,
                3323.34472656,
                2667.38818359,
                3962.37231445,
                2834.53930664,
                2603.99829102,
                4249.57177734,
                3897.21459961,
                6152.54394531,
                5063.24511719,
                12157.2685547,
                16295.4980469,
                16042.7548828,
                7940.0625,
                3196.16113281,
                3630.46484375,
                3602.39306641,
                2065.70898438,
                3273.29541016,
                1657.42163086,
                909.776733398,
                381.588195801,
                165.56703186,
                33.4895477295,
                4.29417037964,
                0.163456350565,
                0.00330306682736,
                2.45394517151e-06
            ],
            "max": [
                11.5717782974,
                50.6323547363,
                111.541610718,
                181.309829712,
                188.845031738,
                241.994430542,
                528.242431641,
                523.17010498,
                715.36505127,
                787.950073242,
                1242.4440918,
                1646.87390137,
                1029.6607666,
                1143.38647461,
                1174.08361816,
                2098.87475586,
                1089.38708496,
                965.776245117,
                1530.98706055,
                871.609924316,
                1079.43774414,
                604.093322754,
                1113.09350586,
                1131.08044434,
                1162.15820313,
                649.146972656,
                584.506652832,
                524.779052734,
                913.252441406,
                1190.37329102,
                983.250671387,
                525.92755127,
                756.186889648,
                712.314208984,
                332.677490234,
                112.696800232,
                30.0371170044,
                4.12051773071,
                0.378395020962,
                0.0116330757737
            ],
            "mean": [
                0.901746749878,
                2.17298078537,
                3.21515130997,
                3.69593930244,
                5.1482629776,
                4.15998935699,
                4.99756526947,
                12.3593053818,
                15.7617902756,
                15.1086683273,
                22.8660411835,
                22.4399871826,
                23.6086025238,
                27.4800128937,
                18.2596206665,
                21.7960777283,
                18.3589267731,
                20.980758667,
                26.6000747681,
                19.9176101685,
                20.4165802002,
                19.8613147736,
                18.465549469,
                15.900305748,
                19.6158466339,
                13.9607515335,
                12.0821609497,
                14.5021066666,
                15.5314264297,
                15.506731987,
                16.2030487061,
                13.2975730896,
                8.34237861633,
                5.16312122345,
                2.99627351761,
                1.2823189497,
                0.393339365721,
                0.0718848258257,
                0.00894482713193,
                0.000289697956759
            ],
            "median": [
                0.130166232586,
                0.375578522682,
                0.657762527466,
                1.03609132767,
                1.15237379074,
                0.849970638752,
                1.28647065163,
                2.31348419189,
                2.95914626122,
                2.88568282127,
                3.47256755829,
                3.23221302032,
                4.46952867508,
                6.87438297272,
                3.17430472374,
                3.67161178589,
                3.96470737457,
                4.04345417023,
                5.11036968231,
                3.77779173851,
                3.69620418549,
                3.86890172958,
                1.96875667572,
                1.66308784485,
                1.42385971546,
                1.26529216766,
                0.748962402344,
                0.862708508968,
                1.49354434013,
                1.76249563694,
                1.35693955421,
                1.33585906029,
                0.79039222002,
                0.391613274813,
                0.156703233719,
                0.0427113249898,
                0.00773255899549,
                0.000911464798264,
                6.44386454951e-05,
                3.70684501831e-05
            ],
            "min": [
                2.84426163177e-11,
                5.26899857078e-10,
                2.01569738678e-09,
                1.85111002082e-08,
                2.04106868296e-07,
                8.51435743243e-07,
                5.39866823601e-06,
                4.49614117315e-06,
                2.0342764401e-05,
                2.46490053541e-05,
                2.30718742387e-05,
                2.38903085119e-05,
                1.64090506587e-05,
                1.34413894557e-05,
                1.09625971163e-05,
                1.04253194877e-05,
                7.93354320194e-06,
                8.19796878204e-06,
                1.0909437151e-05,
                1.26865625134e-05,
                1.27637458718e-05,
                1.99599999178e-05,
                1.90408136405e-05,
                7.51607058191e-06,
                1.48220897245e-05,
                8.98633516044e-06,
                1.28192577904e-05,
                6.5966519287e-06,
                3.24607549373e-06,
                2.29841066357e-06,
                1.80985955467e-06,
                9.54037432166e-07,
                6.77215894029e-07,
                4.43608570322e-07,
                2.60831399146e-07,
                2.05797988428e-07,
                1.10368546302e-07,
                4.63090401581e-08,
                3.37950245566e-09,
                2.93682522745e-10
            ],
            "var": [
                2.85362315178,
                31.2014293671,
                122.69984436,
                199.798965454,
                215.278427124,
                107.9871521,
                216.013000488,
                760.063781738,
                1546.76452637,
                1512.38562012,
                3640.98461914,
                4335.08789063,
                4079.22509766,
                4314.56542969,
                2788.64282227,
                4004.85888672,
                2547.3347168,
                2420.1887207,
                3571.49829102,
                2596.32299805,
                2545.40917969,
                2855.85668945,
                5062.18652344,
                5063.07861328,
                7033.00097656,
                3039.39135742,
                1811.53747559,
                2023.12902832,
                2245.04516602,
                2084.67919922,
                2050.29736328,
                1208.52758789,
                825.290100098,
                458.979492188,
                162.111068726,
                18.6414089203,
                1.51804065704,
                0.0489354468882,
                0.00087088427972,
                6.75004912409e-07
            ]
        },
        "erbbands_crest": {
            "dmean": 3.0142159462,
            "dmean2": 4.86225509644,
            "dvar": 8.31297779083,
            "dvar2": 19.8377151489,
            "max": 32.4088592529,
            "mean": 10.1135597229,
            "median": 8.98534584045,
            "min": 2.52875471115,
            "var": 21.4274196625
        },
        "erbbands_flatness_db": {
            "dmean": 0.029954360798,
            "dmean2": 0.043594263494,
            "dvar": 0.00112173566595,
            "dvar2": 0.00211573275737,
            "max": 0.541526794434,
            "mean": 0.18658670783,
            "median": 0.173375338316,
            "min": 0.0423535816371,
            "var": 0.00581408571452
        },
        "erbbands_kurtosis": {
            "dmean": 2.54558110237,
            "dmean2": 4.02629995346,
            "dvar": 22.6783084869,
            "dvar2": 51.7672996521,
            "max": 122.386894226,
            "mean": 2.58418893814,
            "median": 0.716401100159,
            "min": -1.90326690674,
            "var": 44.2992515564
        },
        "erbbands_skewness": {
            "dmean": 0.658218622208,
            "dmean2": 0.975884199142,
            "dvar": 0.568740725517,
            "dvar2": 1.14004540443,
            "max": 9.00216388702,
            "mean": 0.106631144881,
            "median": 0.174314618111,
            "min": -6.7979092598,
            "var": 1.83282482624
        },
        "erbbands_spread": {
            "dmean": 16.7516822815,
            "dmean2": 26.0126190186,
            "dvar": 502.180328369,
            "dvar2": 1162.56787109,
            "max": 207.549194336,
            "mean": 41.1185073853,
            "median": 31.5874671936,
            "min": 0.564119160175,
            "var": 1000.46984863
        },
        "gfcc": {
            "cov": [
                [
                    14884.5839844,
                    -3647.31762695,
                    521.596130371,
                    573.300292969,
                    -1360.16955566,
                    728.402648926,
                    -816.112915039,
                    895.759887695,
                    -43.1437797546,
                    475.440551758,
                    -245.579681396,
                    337.482818604,
                    -612.110839844
                ],
                [
                    -3647.31762695,
                    5588.74169922,
                    -1367.46801758,
                    -590.852844238,
                    1356.25158691,
                    -745.653503418,
                    739.08392334,
                    -575.887939453,
                    185.272155762,
                    -377.360168457,
                    129.276275635,
                    -218.286407471,
                    358.943145752
                ],
                [
                    521.596130371,
                    -1367.46801758,
                    3932.15625,
                    1039.31115723,
                    145.272598267,
                    1003.88049316,
                    8.16347312927,
                    542.511962891,
                    272.129821777,
                    308.465423584,
                    292.487670898,
                    235.617141724,
                    -59.9952774048
                ],
                [
                    573.300292969,
                    -590.852844238,
                    1039.31115723,
                    1441.01501465,
                    304.872314453,
                    214.879348755,
                    69.3381881714,
                    151.209289551,
                    141.764038086,
                    146.628570557,
                    139.81729126,
                    32.850528717,
                    67.1576919556
                ],
                [
                    -1360.16955566,
                    1356.25158691,
                    145.272598267,
                    304.872314453,
                    1148.61169434,
                    -81.3542556763,
                    436.528625488,
                    -125.599700928,
                    146.992721558,
                    5.59119510651,
                    37.6872253418,
                    -40.780040741,
                    127.351982117
                ],
                [
                    728.402648926,
                    -745.653503418,
                    1003.88049316,
                    214.879348755,
                    -81.3542556763,
                    783.83795166,
                    76.9424209595,
                    345.653045654,
                    139.447860718,
                    147.644973755,
                    115.322410583,
                    92.9350280762,
                    -38.1928634644
                ],
                [
                    -816.112915039,
                    739.08392334,
                    8.16347312927,
                    69.3381881714,
                    436.528625488,
                    76.9424209595,
                    566.509338379,
                    -11.8893241882,
                    85.1794891357,
                    -30.3194446564,
                    73.0215606689,
                    18.351392746,
                    64.724937439
                ],
                [
                    895.759887695,
                    -575.887939453,
                    542.511962891,
                    151.209289551,
                    -125.599700928,
                    345.653045654,
                    -11.8893241882,
                    412.839630127,
                    125.14944458,
                    136.466033936,
                    90.5214614868,
                    81.959854126,
                    -29.1075019836
                ],
                [
                    -43.1437797546,
                    185.272155762,
                    272.129821777,
                    141.764038086,
                    146.992721558,
                    139.447860718,
                    85.1794891357,
                    125.14944458,
                    271.946105957,
                    101.703720093,
                    71.8115463257,
                    14.2355165482,
                    34.6395721436
                ],
                [
                    475.440551758,
                    -377.360168457,
                    308.465423584,
                    146.628570557,
                    5.59119510651,
                    147.644973755,
                    -30.3194446564,
                    136.466033936,
                    101.703720093,
                    245.579605103,
                    52.9458580017,
                    27.3366355896,
                    -43.2684669495
                ],
                [
                    -245.579681396,
                    129.276275635,
                    292.487670898,
                    139.81729126,
                    37.6872253418,
                    115.322410583,
                    73.0215606689,
                    90.5214614868,
                    71.8115463257,
                    52.9458580017,
                    218.056137085,
                    55.2029342651,
                    37.9351730347
                ],
                [
                    337.482818604,
                    -218.286407471,
                    235.617141724,
                    32.850528717,
                    -40.780040741,
                    92.9350280762,
                    18.351392746,
                    81.959854126,
                    14.2355165482,
                    27.3366355896,
                    55.2029342651,
                    160.67376709,
                    20.3982639313
                ],
                [
                    -612.110839844,
                    358.943145752,
                    -59.9952774048,
                    67.1576919556,
                    127.351982117,
                    -38.1928634644,
                    64.724937439,
                    -29.1075019836,
                    34.6395721436,
                    -43.2684669495,
                    37.9351730347,
                    20.3982639313,
                    174.609863281
                ]
            ],
            "icov": [
                [
                    0.000118789845146,
                    -2.88939081656e-05,
                    5.69182047911e-05,
                    -0.000117999174108,
                    7.10522581358e-05,
                    -6.40731159365e-05,
                    9.96417802526e-05,
                    -0.000199332469492,
                    3.46421329596e-05,
                    -8.40325519675e-05,
                    0.000249211443588,
                    -0.000322891370161,
                    0.000360647652997
                ],
                [
                    -2.88939081656e-05,
                    0.000514688203111,
                    1.35936588777e-05,
                    0.000319968239637,
                    -0.000448967766715,
                    0.000273674057098,
                    -0.000217138396692,
                    0.000253979320405,
                    -0.000461610819912,
                    0.000514451938216,
                    -0.000692003814038,
                    0.000547366740648,
                    -0.000462121883174
                ],
                [
                    5.69182047911e-05,
                    1.35936588777e-05,
                    0.000533391605131,
                    -0.000283707864583,
                    -0.000149682397023,
                    -0.000519266468473,
                    0.000270482705673,
                    -0.000122096986161,
                    -6.89503140165e-05,
                    2.60887572949e-05,
                    -0.000143099139677,
                    -0.000538197811693,
                    0.000453057029517
                ],
                [
                    -0.000117999174108,
                    0.000319968239637,
                    -0.000283707864583,
                    0.00125255261082,
                    -0.000515744322911,
                    0.000319107813993,
                    -0.000148569015437,
                    0.000190973922145,
                    -0.000246125186095,
                    3.5280630982e-05,
                    -0.000832075893413,
                    0.000872848846484,
                    -0.000981402234174
                ],
                [
                    7.10522581358e-05,
                    -0.000448967766715,
                    -0.000149682397023,
                    -0.000515744322911,
                    0.00203659129329,
                    8.28720949357e-05,
                    -0.000955137016717,
                    0.000253558799159,
                    -0.000150181862409,
                    -0.000849320495035,
                    0.00101598445326,
                    -0.000159681978403,
                    -0.000134736561449
                ],
                [
                    -6.40731159365e-05,
                    0.000273674057098,
                    -0.000519266468473,
                    0.000319107813993,
                    8.28720949357e-05,
                    0.00285593350418,
                    -0.000820473069325,
                    -0.00120711454656,
                    -0.000419999880251,
                    1.53576766024e-05,
                    -0.000431907537859,
                    0.00050214730436,
                    -0.000298902683426
                ],
                [
                    9.96417802526e-05,
                    -0.000217138396692,
                    0.000270482705673,
                    -0.000148569015437,
                    -0.000955137016717,
                    -0.000820473069325,
                    0.00310525228269,
                    -0.000167379490449,
                    -0.000136524657137,
                    0.000566973176319,
                    -0.000361939368304,
                    -0.000949092675,
                    0.000641039398033
                ],
                [
                    -0.000199332469492,
                    0.000253979320405,
                    -0.000122096986161,
                    0.000190973922145,
                    0.000253558799159,
                    -0.00120711454656,
                    -0.000167379490449,
                    0.00532594602555,
                    -0.00151053606533,
                    -0.000617217097897,
                    -0.00108200067189,
                    -0.000368656154023,
                    -0.000410514971009
                ],
                [
                    3.46421329596e-05,
                    -0.000461610819912,
                    -6.89503140165e-05,
                    -0.000246125186095,
                    -0.000150181862409,
                    -0.000419999880251,
                    -0.000136524657137,
                    -0.00151053606533,
                    0.0061296094209,
                    -0.00220768875442,
                    5.88066250202e-05,
                    0.000364055857062,
                    -0.000860571919475
                ],
                [
                    -8.40325519675e-05,
                    0.000514451938216,
                    2.60887572949e-05,
                    3.5280630982e-05,
                    -0.000849320495035,
                    1.53576766024e-05,
                    0.000566973176319,
                    -0.000617217097897,
                    -0.00220768875442,
                    0.00684828963131,
                    -0.00148469093256,
                    0.000220328816795,
                    0.00138481252361
                ],
                [
                    0.000249211443588,
                    -0.000692003814038,
                    -0.000143099139677,
                    -0.000832075893413,
                    0.00101598445326,
                    -0.000431907537859,
                    -0.000361939368304,
                    -0.00108200067189,
                    5.88066250202e-05,
                    -0.00148469093256,
                    0.00756730092689,
                    -0.00232674740255,
                    -6.64554609102e-05
                ],
                [
                    -0.000322891370161,
                    0.000547366740648,
                    -0.000538197811693,
                    0.000872848846484,
                    -0.000159681978403,
                    0.00050214730436,
                    -0.000949092675,
                    -0.000368656154023,
                    0.000364055857062,
                    0.000220328816795,
                    -0.00232674740255,
                    0.00931481830776,
                    -0.0028614141047
                ],
                [
                    0.000360647652997,
                    -0.000462121883174,
                    0.000453057029517,
                    -0.000981402234174,
                    -0.000134736561449,
                    -0.000298902683426,
                    0.000641039398033,
                    -0.000410514971009,
                    -0.000860571919475,
                    0.00138481252361,
                    -6.64554609102e-05,
                    -0.0028614141047,
                    0.00906387530267
                ]
            ],
            "mean": [
                -57.0146408081,
                77.638381958,
                -102.578521729,
                27.3554153442,
                -53.1925086975,
                20.5617370605,
                -33.365196228,
                6.00876092911,
                -12.822760582,
                2.50297832489,
                -13.2192029953,
                0.616472244263,
                -7.69194602966
            ]
        },
        "hfc": {
            "dmean": 24.6835021973,
            "dmean2": 38.2004508972,
            "dvar": 3260.02612305,
            "dvar2": 7245.37402344,
            "max": 1018.33502197,
            "mean": 34.351360321,
            "median": 13.6802692413,
            "min": 6.12677104073e-05,
            "var": 4666.28759766
        },
        "melbands": {
            "dmean": [
                0.00272732391022,
                0.00174333830364,
                0.00078205234604,
                0.000320610182825,
                0.000153869099449,
                0.000207434059121,
                0.000161215284606,
                0.000130997927045,
                0.000146555161336,
                0.000100764329545,
                8.12661164673e-05,
                7.37991722417e-05,
                3.77278483938e-05,
                3.98393312935e-05,
                3.78051845473e-05,
                3.03078340949e-05,
                2.7936846891e-05,
                2.90155676339e-05,
                2.54663682426e-05,
                1.78587797564e-05,
                1.98564066523e-05,
                1.56142978085e-05,
                1.64075627254e-05,
                1.41328100653e-05,
                1.41934360727e-05,
                1.60787894856e-05,
                1.29058598759e-05,
