{
    "lowlevel": {
        "average_loudness": 0.934581696987,
        "barkbands": {
            "dmean": [
                0.00111830409151,
                0.0131112085655,
                0.00208522938192,
                0.00214340677485,
                0.00137478357647,
                0.00110461958684,
                0.00138188712299,
                0.000821266381536,
                0.0010885130614,
                0.0004593358899,
                0.000578619772568,
                0.000590159615967,
                0.000416947674239,
                0.000360149773769,
                0.000209930352867,
                0.000178694288479,
                0.000219281355385,
                0.000243303671596,
                0.00025571254082,
                0.00026307720691,
                0.000233029873925,
                0.00023247669742,
                0.000173178021214,
                0.000166713580256,
                8.31426441437e-05,
                4.00019889639e-05,
                8.27860367281e-06
            ],
            "dmean2": [
                0.0018798498204,
                0.0230763070285,
                0.00329150701873,
                0.00392997264862,
                0.00240383902565,
                0.00188026099931,
                0.00225957110524,
                0.00129262928385,
                0.00161461438984,
                0.000693186593708,
                0.000910327187739,
                0.000943724648096,
                0.000640062673483,
                0.00055636127945,
                0.000321840518154,
                0.000274090794846,
                0.000334029202349,
                0.000355326745193,
                0.000381651479984,
                0.000374682189431,
                0.000340482452884,
                0.000321291503496,
                0.00024267147819,
                0.000240570545429,
                0.000116996459838,
                5.65181217098e-05,
                1.35541768032e-05
            ],
            "dvar": [
                2.58025465882e-06,
                0.000604742439464,
                3.19635946653e-05,
                5.25516115886e-05,
                1.08157055365e-05,
                4.28238263339e-06,
                6.69598148306e-06,
                2.86468980448e-06,
                4.1364792196e-06,
                1.01182024537e-06,
                1.22679307424e-06,
                1.6059502741e-06,
                8.68481379257e-07,
                7.72108990077e-07,
                2.25746873639e-07,
                1.59564535807e-07,
                1.77201627594e-07,
                3.98432291604e-07,
                4.39529486584e-07,
                3.68987883803e-07,
                3.30058497866e-07,
                2.74542315992e-07,
                1.45331725321e-07,
                1.33726246077e-07,
                2.77023506356e-08,
                5.70961988799e-09,
                4.34908414837e-10
            ],
            "dvar2": [
                7.39897313906e-06,
                0.00187767250463,
                8.04262163001e-05,
                0.000149782921653,
                3.09493843815e-05,
                1.14309159471e-05,
                1.5952376998e-05,
                6.34177195025e-06,
                8.6517247837e-06,
                2.09108065974e-06,
                2.83787971966e-06,
                3.89591059502e-06,
                1.90860873772e-06,
                1.78776315352e-06,
                5.02439206684e-07,
                3.65388075352e-07,
                3.95932659103e-07,
                8.01136366135e-07,
                9.79475998975e-07,
                7.14352381692e-07,
                5.69187989186e-07,
                5.26248811639e-07,
                2.5142074378e-07,
                2.78480939642e-07,
                5.13203772812e-08,
                1.10653726182e-08,
                1.08898789986e-09
            ],
            "max": [
                0.0174524150789,
                0.173129811883,
                0.0665947496891,
                0.0508820563555,
                0.0390204377472,
                0.0319311879575,
                0.0384516641498,
                0.0249318163842,
                0.026194350794,
                0.0214258302003,
                0.0218830797821,
                0.0222243070602,
                0.0196578390896,
                0.0193924624473,
                0.00820091553032,
                0.0096319289878,
                0.00588724808767,
                0.0107224108651,
                0.0114704947919,
                0.00590259581804,
                0.00751714827493,
                0.00482294522226,
                0.00467541860417,
                0.00441063614562,
                0.00190318620298,
                0.000860379019286,
                0.000255251361523
            ],
            "mean": [
                0.00388099369593,
                0.0235536042601,
                0.00222855783068,
                0.00165334856138,
                0.00209694774821,
                0.00130431586877,
                0.00165307242423,
                0.00102281197906,
                0.0016647442244,
                0.000671107438393,
                0.000777791894507,
                0.000747290498111,
                0.000498135108501,
                0.00042348302668,
                0.000250984594459,
                0.00025600506342,
                0.00029915876803,
                0.000281839311356,
                0.00030112604145,
                0.00033919204725,
                0.000333021336701,
                0.000323005748214,
                0.000244568858761,
                0.00022486798116,
                0.000122409313917,
                5.5175714806e-05,
                8.27019175631e-06
            ],
            "median": [
                0.00267241476104,
                0.017105974257,
                0.000488313962705,
                0.000181930430699,
                0.00106157385744,
                0.000567382201552,
                0.00040795141831,
                0.000202877039555,
                0.000437965296442,
                0.000197099114303,
                0.00025349916541,
                0.000194221065613,
                0.000118139796541,
                8.99791484699e-05,
                6.64074250381e-05,
                6.89018561388e-05,
                8.97957361303e-05,
                5.78198778385e-05,
                5.82039210713e-05,
                7.62968265917e-05,
                7.07844810677e-05,
                7.05146958353e-05,
                4.14013338741e-05,
                5.97448670305e-05,
                3.51918497472e-05,
                1.38309369504e-05,
                6.80639061557e-07
            ],
            "min": [
                1.05937140704e-23,
                1.20817881499e-23,
                3.78940158995e-23,
                3.43708495008e-23,
                4.8647821402e-23,
                1.04082364633e-22,
                6.70512268796e-23,
                5.46353387815e-23,
                9.44546833161e-23,
                4.02842423542e-23,
                4.465873482e-23,
                1.60789933727e-22,
                1.62549951827e-22,
                1.12501738235e-22,
                1.05008190724e-22,
                1.59859532243e-22,
                1.92979169462e-22,
                2.65472066151e-22,
                2.0495483531e-22,
                3.58797870579e-22,
                3.96848103026e-22,
                4.96987116076e-22,
                5.42803097223e-22,
                1.12911718714e-21,
                1.23991263816e-21,
                1.83049213055e-21,
                1.97628776222e-21
            ],
            "var": [
                1.42969283843e-05,
                0.00074943236541,
                3.00124920614e-05,
                3.18641687045e-05,
                9.28563804337e-06,
                4.53907659903e-06,
                1.0373260011e-05,
                4.82518908029e-06,
                9.4874185379e-06,
                2.17435990635e-06,
                2.0965587737e-06,
                2.25320218306e-06,
                1.21467519421e-06,
                1.10463167857e-06,
                3.08950433237e-07,
                2.77649547797e-07,
                2.76106391084e-07,
                5.07303639097e-07,
                5.4020671314e-07,
                5.39250549991e-07,
                5.48253808574e-07,
                4.4425846113e-07,
                2.57450096797e-07,
                1.95561966621e-07,
                4.90170570799e-08,
                9.79835146353e-09,
                4.2227857322e-10
            ]
        },
        "barkbands_crest": {
            "dmean": 3.24692416191,
            "dmean2": 5.24956178665,
            "dvar": 10.1688051224,
            "dvar2": 27.3492240906,
            "max": 26.8984737396,
            "mean": 13.7468223572,
            "median": 13.5389957428,
            "min": 2.22652387619,
            "var": 28.4797878265
        },
        "barkbands_flatness_db": {
            "dmean": 0.0353516563773,
            "dmean2": 0.0524595752358,
            "dvar": 0.00139844533987,
            "dvar2": 0.00299586262554,
            "max": 0.652621150017,
            "mean": 0.179635345936,
            "median": 0.160423129797,
            "min": 0.0180412288755,
            "var": 0.00861288141459
        },
        "barkbands_kurtosis": {
            "dmean": 14.8384485245,
            "dmean2": 24.1260261536,
            "dvar": 8737.41796875,
            "dvar2": 20000.1875,
            "max": 4179.27636719,
            "mean": 17.6773281097,
            "median": 4.91278553009,
            "min": -1.91686522961,
            "var": 11553.7304688
        },
        "barkbands_skewness": {
            "dmean": 1.110065341,
            "dmean2": 1.72117328644,
            "dvar": 2.11538314819,
            "dvar2": 5.11408996582,
            "max": 50.9475364685,
            "mean": 2.39175653458,
            "median": 1.966583848,
            "min": -8.30366706848,
            "var": 6.12397527695
        },
        "barkbands_spread": {
            "dmean": 7.35578918457,
            "dmean2": 10.8089265823,
            "dvar": 86.9738616943,
            "dvar2": 164.798751831,
            "max": 107.687492371,
            "mean": 18.9328784943,
            "median": 14.636844635,
            "min": 0.0160352159292,
            "var": 270.975006104
        },
        "dissonance": {
            "dmean": 0.0312847234309,
            "dmean2": 0.0521712489426,
            "dvar": 0.00137948978227,
            "dvar2": 0.00372399925254,
            "max": 0.500000059605,
            "mean": 0.445524960756,
            "median": 0.461755305529,
            "min": 0.0702078416944,
            "var": 0.002706509782
        },
        "dynamic_complexity": 3.60757684708,
        "erbbands": {
            "dmean": [
                0.450525164604,
                2.84942221642,
                2.4943010807,
                5.78565692902,
                5.60329294205,
                4.713098526,
                4.87900400162,
                10.4264812469,
                18.6572380066,
                17.312746048,
                20.8498821259,
                22.953912735,
                14.9463167191,
                17.3227958679,
                22.8577136993,
                20.0042076111,
                18.0242443085,
                17.8246479034,
                12.4767885208,
                9.9621181488,
                9.94562530518,
                12.6570854187,
                12.9648017883,
                12.729133606,
                12.8206205368,
                12.8365955353,
                8.31246852875,
                11.0628919601,
                8.24089813232,
                6.6431646347,
                4.98478794098,
                3.89727473259,
                2.58788609505,
                1.04691660404,
                0.55357503891,
                0.223034605384,
                0.0654290467501,
                0.0142239863053,
                0.0014244725462,
                5.17087464686e-05
            ],
            "dmean2": [
                0.779884874821,
                4.94681835175,
                3.97693824768,
                10.6186037064,
                10.0947608948,
                7.92313814163,
                8.36564064026,
                17.7895870209,
                30.2516517639,
                29.04829216,
                31.2716350555,
                34.0026931763,
                21.9734973907,
                26.8339214325,
                35.3190536499,
                31.5867195129,
                27.3483753204,
                27.1764202118,
                18.920501709,
                14.8708906174,
                14.9116487503,
                19.0607357025,
                18.8543052673,
                19.4944572449,
                18.5013027191,
                18.2097969055,
                11.9738302231,
                15.5999898911,
                11.3483476639,
                9.33489608765,
                7.08340740204,
                5.60293912888,
                3.75034427643,
                1.48861455917,
                0.789776027203,
                0.314474672079,
                0.0951890796423,
                0.021523874253,
                0.00239832489751,
                8.41637011035e-05
            ],
            "dvar": [
                0.572729229927,
                31.8001289368,
                35.2602233887,
                383.728302002,
                268.225799561,
                101.390098572,
                124.43422699,
                407.230926514,
                1220.10314941,
                1198.60974121,
                1628.29272461,
                2125.05541992,
                1099.24328613,
                1132.33532715,
                2217.30981445,
                1825.63647461,
                1514.33312988,
                1848.51513672,
                758.29284668,
                513.606689453,
                390.529174805,
                608.227478027,
                1068.43273926,
                1323.33776855,
                905.155944824,
                908.068908691,
                409.038635254,
                719.676086426,
                322.980041504,
                242.828674316,
                123.013526917,
                73.6985778809,
                32.8190498352,
                4.32406377792,
                1.32098114491,
                0.187696039677,
                0.0169442314655,
                0.000941721722484,
                1.44408431879e-05,
                9.67767110893e-09
            ],
            "dvar2": [
                1.7580729723,
                97.9333496094,
                80.6484603882,
                1088.6015625,
                762.699157715,
                286.707244873,
                342.879577637,
                1078.98901367,
                2855.28979492,
                3026.87109375,
                3429.62670898,
                4522.16601563,
                2164.87670898,
                2687.21240234,
                4984.19628906,
                4367.73193359,
                3302.46533203,
                4119.48828125,
                1720.3737793,
                1101.51147461,
                868.171569824,
                1329.86547852,
                2115.99755859,
                3096.86132813,
                1915.07629395,
                1761.21826172,
                785.931152344,
                1266.47363281,
                598.85357666,
                450.663787842,
                223.839904785,
                156.221343994,
                69.5864868164,
                8.20503044128,
                2.51745271683,
                0.349752277136,
                0.0351211056113,
                0.00204409984872,
                3.74889714294e-05,
                2.4858872294e-08
            ],
            "max": [
                5.70678853989,
                45.1211204529,
                73.734916687,
                156.952697754,
                156.48739624,
                135.953018188,
                176.800064087,
                356.752380371,
                548.086486816,
                500.805877686,
                532.913513184,
                747.103820801,
                862.626647949,
                732.733032227,
                983.688781738,
                666.081237793,
                853.752075195,
                1083.32250977,
                460.710906982,
                488.52722168,
                339.567901611,
                370.93838501,
                593.848266602,
                491.185241699,
                514.38458252,
                278.218902588,
                201.18611145,
                358.499847412,
                173.390625,
                165.505859375,
                144.865707397,
                110.180397034,
                59.8638038635,
                24.6743431091,
                11.8358821869,
                4.84809350967,
                1.5022867918,
                0.335326194763,
                0.0535189770162,
                0.00183059228584
            ],
            "mean": [
                0.986291527748,
                3.97890925407,
                3.5519990921,
                4.48845672607,
                5.7749247551,
                8.97892189026,
                5.76432752609,
                12.331489563,
                23.7391242981,
                19.5003585815,
                30.2785892487,
                34.8483810425,
                24.2148952484,
                27.109708786,
                32.3767623901,
                27.0005893707,
                23.1507225037,
                21.8285522461,
                15.6534986496,
                13.5042848587,
                14.641544342,
                17.821231842,
                15.7507896423,
                13.9124040604,
                16.5109596252,
                16.1943683624,
                11.9832248688,
                14.6509056091,
                11.7397851944,
                9.05682182312,
                6.77622413635,
                5.09669113159,
                3.46552181244,
                1.55294954777,
                0.792818665504,
                0.317821830511,
                0.0854371264577,
                0.0167746432126,
                0.00139180559199,
                8.91347008292e-05
            ],
            "median": [
                1.01029205322,
                1.49577879906,
                0.931152641773,
                0.728466808796,
                2.20854139328,
                3.24294900894,
                2.95562791824,
                5.25739574432,
                6.8752374649,
                6.0359621048,
                7.84722137451,
                9.06742668152,
                8.70080757141,
                10.517375946,
                9.98070526123,
                7.79070854187,
                6.36794137955,
                5.54632616043,
                3.76655507088,
                3.70772886276,
                4.46854639053,
                5.46662807465,
                3.42916488647,
                2.76734948158,
                3.67152786255,
                3.41249752045,
                2.9230594635,
                2.61533379555,
                2.71702241898,
                1.59608972073,
                1.13672578335,
                1.13091504574,
                0.964448332787,
                0.466582387686,
                0.207277461886,
                0.0796869248152,
                0.0207710191607,
                0.00281796092167,
                0.000142991368193,
                5.63801440876e-05
            ],
            "min": [
                2.46771973242e-22,
                3.62995367901e-21,
                3.65659519553e-20,
                8.95542308043e-20,
                1.45462812645e-19,
                1.17886355856e-19,
                3.19744442734e-19,
                1.08540964938e-18,
                1.25048574153e-18,
                6.65162607129e-19,
                1.3788981904e-18,
                2.06587923715e-18,
                1.78965343853e-18,
                1.50648842175e-18,
                4.16490484222e-18,
                5.5005835694e-18,
                8.20366794975e-18,
                4.12167224751e-18,
                7.58050316348e-18,
                7.8208471079e-18,
                8.08177709623e-18,
                1.12004548007e-17,
                1.60373793705e-17,
                8.44073625895e-18,
                1.43096306815e-17,
                1.66218387216e-17,
                1.58157925737e-17,
                1.69971553809e-17,
                1.83952659784e-17,
                1.49649397064e-17,
                1.77410223622e-17,
                2.19506421068e-17,
                1.77476546963e-17,
                1.29663993817e-17,
                9.33642810574e-18,
                5.47847385881e-18,
                3.96570941096e-18,
                1.34166141436e-18,
                2.91201128132e-19,
                2.69077911231e-20
            ],
            "var": [
                0.89695006609,
                35.729434967,
                45.4519424438,
                231.591140747,
                175.979507446,
                157.183654785,
                109.620391846,
                430.496520996,
                2031.37988281,
                1480.56396484,
                3199.05981445,
                4555.18164063,
                2749.22509766,
                2113.73486328,
                3765.72314453,
                2648.36132813,
                2262.75854492,
                2542.67016602,
                1148.71948242,
                822.306030273,
                727.471984863,
                978.444702148,
                1415.4152832,
                1387.77038574,
                1281.23303223,
                1303.36730957,
                649.186401367,
                1153.52514648,
                552.193054199,
                381.541900635,
                206.149032593,
                107.564559937,
                46.3867454529,
                7.66516160965,
                2.18754553795,
                0.334696561098,
                0.0260464549065,
                0.00123311171774,
                1.29697664306e-05,
                1.17521334886e-08
            ]
        },
        "erbbands_crest": {
            "dmean": 3.13056206703,
            "dmean2": 5.0558681488,
            "dvar": 8.71518611908,
            "dvar2": 20.6222572327,
            "max": 34.6546669006,
            "mean": 9.65140724182,
            "median": 8.31376838684,
            "min": 2.25680351257,
            "var": 27.6851787567
        },
        "erbbands_flatness_db": {
            "dmean": 0.0225425120443,
            "dmean2": 0.0335559025407,
            "dvar": 0.000618478981778,
            "dvar2": 0.00129081215709,
            "max": 0.691666781902,
            "mean": 0.159958168864,
            "median": 0.132865488529,
            "min": 0.0382126234472,
            "var": 0.00852548889816
        },
        "erbbands_kurtosis": {
            "dmean": 2.15008378029,
            "dmean2": 3.34765458107,
            "dvar": 60.2741203308,
            "dvar2": 145.985946655,
            "max": 377.32232666,
            "mean": 2.48098325729,
            "median": 0.227679550648,
            "min": -1.8160712719,
            "var": 214.027740479
        },
        "erbbands_skewness": {
            "dmean": 0.547664940357,
            "dmean2": 0.804845809937,
            "dvar": 0.307606518269,
            "dvar2": 0.680273532867,
            "max": 13.3234596252,
            "mean": 0.51715773344,
            "median": 0.480223238468,
            "min": -3.86080265045,
            "var": 1.2471601963
        },
        "erbbands_spread": {
            "dmean": 11.5563783646,
            "dmean2": 17.8427696228,
            "dvar": 178.903167725,
            "dvar2": 416.333465576,
            "max": 175.060394287,
            "mean": 39.578212738,
            "median": 37.3845252991,
            "min": 0.184903860092,
            "var": 586.885253906
        },
        "gfcc": {
            "cov": [
                [
                    23314.453125,
                    -1081.51379395,
                    1566.19909668,
                    3258.3503418,
                    -408.768493652,
                    46.2470054626,
                    -901.870910645,
                    1093.8626709,
                    275.219787598,
                    610.569885254,
                    -639.30645752,
                    146.536453247,
                    -321.565704346
                ],
                [
                    -1081.51379395,
                    2372.50292969,
                    289.013000488,
                    -444.064758301,
                    418.227508545,
                    -150.932846069,
                    184.314697266,
                    -240.178894043,
                    146.680984497,
                    -161.149780273,
                    177.399963379,
                    -145.230285645,
                    214.583404541
                ],
                [
                    1566.19909668,
                    289.013000488,
                    1670.39086914,
                    918.78503418,
                    314.305511475,
                    207.437683105,
                    -35.4889450073,
                    150.292068481,
                    58.2081184387,
                    43.137676239,
                    -15.983250618,
                    84.4784545898,
                    -0.0164506305009
                ],
                [
                    3258.3503418,
                    -444.064758301,
                    918.78503418,
                    1377.38842773,
                    113.963493347,
                    28.6611175537,
                    -234.693862915,
                    227.844070435,
                    80.6239700317,
                    126.078536987,
                    -72.251083374,
                    100.83959198,
                    -3.37791872025
                ],
                [
                    -408.768493652,
                    418.227508545,
                    314.305511475,
                    113.963493347,
                    471.673278809,
                    73.2007217407,
                    100.556747437,
                    -7.72168540955,
                    82.6431732178,
                    6.70568418503,
                    53.621421814,
                    -10.1138315201,
                    23.4740924835
                ],
                [
                    46.2470054626,
                    -150.932846069,
                    207.437683105,
                    28.6611175537,
                    73.2007217407,
                    303.641937256,
                    130.284378052,
                    48.5781478882,
                    -44.0946731567,
                    23.7160949707,
                    -1.35688376427,
                    19.2542476654,
                    -33.6981468201
                ],
                [
                    -901.870910645,
                    184.314697266,
                    -35.4889450073,
                    -234.693862915,
                    100.556747437,
                    130.284378052,
                    312.136291504,
                    8.47233772278,
                    -25.5757579803,
                    -42.7220497131,
                    33.9662895203,
                    1.38863325119,
                    -6.58717823029
                ],
                [
                    1093.8626709,
                    -240.178894043,
                    150.292068481,
                    227.844070435,
                    -7.72168540955,
                    48.5781478882,
                    8.47233772278,
                    218.71295166,
                    44.7912864685,
                    51.9763412476,
                    -51.8112411499,
                    29.3980674744,
                    -34.5341339111
                ],
                [
                    275.219787598,
                    146.680984497,
                    58.2081184387,
                    80.6239700317,
                    82.6431732178,
                    -44.0946731567,
                    -25.5757579803,
                    44.7912864685,
                    161.482223511,
                    44.264213562,
                    5.86721849442,
                    -17.366065979,
                    14.2925043106
                ],
                [
                    610.569885254,
                    -161.149780273,
                    43.137676239,
                    126.078536987,
                    6.70568418503,
                    23.7160949707,
                    -42.7220497131,
                    51.9763412476,
                    44.264213562,
                    126.16733551,
                    -5.78237533569,
                    4.41644144058,
                    -23.716293335
                ],
                [
                    -639.30645752,
                    177.399963379,
                    -15.983250618,
                    -72.251083374,
                    53.621421814,
                    -1.35688376427,
                    33.9662895203,
                    -51.8112411499,
                    5.86721849442,
                    -5.78237533569,
                    119.767860413,
                    21.4061031342,
                    35.2777633667
                ],
                [
                    146.536453247,
                    -145.230285645,
                    84.4784545898,
                    100.83959198,
                    -10.1138315201,
                    19.2542476654,
                    1.38863325119,
                    29.3980674744,
                    -17.366065979,
                    4.41644144058,
                    21.4061031342,
                    106.308296204,
                    22.5694198608
                ],
                [
                    -321.565704346,
                    214.583404541,
                    -0.0164506305009,
                    -3.37791872025,
                    23.4740924835,
                    -33.6981468201,
                    -6.58717823029,
                    -34.5341339111,
                    14.2925043106,
                    -23.716293335,
                    35.2777633667,
                    22.5694198608,
                    128.272506714
                ]
            ],
            "icov": [
                [
                    0.000115977542009,
                    -0.000214040686842,
                    0.000132904518978,
                    -0.000282956898445,
                    0.000159583054483,
                    -0.000173347070813,
                    0.000221631737077,
                    -0.000324784428813,
                    8.92202951945e-05,
                    -0.000298346916679,
                    0.000434600253357,
                    -0.000292401033221,
                    0.000357390119461
                ],
                [
                    -0.000214040686842,
                    0.00156712078024,
                    -0.000848203198984,
                    0.000974323251285,
                    -0.00073760835221,
                    0.00113203038927,
                    -0.000950010784436,
                    0.000977818737738,
                    -0.000810775498394,
                    0.0011875522323,
                    -0.00163363316096,
                    0.00225032982416,
                    -0.00212252931669
                ],
                [
                    0.000132904518978,
                    -0.000848203198984,
                    0.00167121784762,
                    -0.00132529449183,
                    -9.73480200628e-05,
                    -0.00135190202855,
                    0.000640272337478,
                    -0.000534896214958,
                    0.000247730611591,
                    -3.9402373659e-05,
                    0.000880816136487,
                    -0.00143723329529,
                    0.00124470726587
                ],
                [
                    -0.000282956898445,
                    0.000974323251285,
                    -0.00132529449183,
                    0.00264365784824,
                    -0.000864995992742,
                    0.000978934811428,
                    0.000387079839129,
                    -0.000166719517438,
                    -0.000245177157922,
                    0.000200646274607,
                    -0.000903860433027,
                    0.000534123799298,
                    -0.00166033196729
                ],
                [
                    0.000159583054483,
                    -0.00073760835221,
                    -9.73480200628e-05,
                    -0.000864995992742,
                    0.00371528835967,
                    -0.000919333600905,
                    -0.000750592618715,
                    0.000300568295643,
                    -0.00144115008879,
                    -0.000546645664144,
                    -8.38885753183e-05,
                    -0.000261685112491,
                    0.000860768253915
                ],
                [
                    -0.000173347070813,
                    0.00113203038927,
                    -0.00135190202855,
                    0.000978934811428,
                    -0.000919333600905,
                    0.00626840209588,
                    -0.0028695166111,
                    9.435096581e-05,
                    0.00157417310402,
                    -0.00120469671674,
                    -0.000951762951445,
                    0.00143043207936,
                    -0.00099772203248
                ],
                [
                    0.000221631737077,
                    -0.000950010784436,
                    0.000640272337478,
                    0.000387079839129,
                    -0.000750592618715,
                    -0.0028695166111,
                    0.00650864373893,
                    -0.00254178489558,
                    0.000797578890342,
                    0.00101431738585,
                    0.000120758129924,
                    -0.00167819426861,
                    0.00154930597637
                ],
                [
                    -0.000324784428813,
                    0.000977818737738,
                    -0.000534896214958,
                    -0.000166719517438,
                    0.000300568295643,
                    9.435096581e-05,
                    -0.00254178489558,
                    0.00906248483807,
                    -0.00316472887062,
                    -0.000272795412457,
                    0.00148974498734,
                    -0.000872857752256,
                    -0.000129273132188
                ],
                [
                    8.92202951945e-05,
                    -0.000810775498394,
                    0.000247730611591,
                    -0.000245177157922,
                    -0.00144115008879,
                    0.00157417310402,
                    0.000797578890342,
                    -0.00316472887062,
                    0.0101697733626,
                    -0.00367148616351,
                    -9.55930081545e-05,
                    0.00119891494978,
                    -0.000556845858227
                ],
                [
                    -0.000298346916679,
                    0.0011875522323,
                    -3.9402373659e-05,
                    0.000200646274607,
                    -0.000546645664144,
                    -0.00120469671674,
                    0.00101431738585,
                    -0.000272795412457,
                    -0.00367148616351,
                    0.0125694591552,
                    -0.00298904441297,
                    0.00151461339556,
                    0.000321544095641
                ],
                [
                    0.000434600253357,
                    -0.00163363316096,
                    0.000880816136487,
                    -0.000903860433027,
                    -8.38885753183e-05,
                    -0.000951762951445,
                    0.000120758129924,
                    0.00148974498734,
                    -9.55930081545e-05,
                    -0.00298904441297,
                    0.0140150310472,
                    -0.00576094863936,
                    0.000588458264247
                ],
                [
                    -0.000292401033221,
                    0.00225032982416,
                    -0.00143723329529,
                    0.000534123799298,
                    -0.000261685112491,
                    0.00143043207936,
                    -0.00167819426861,
                    -0.000872857752256,
                    0.00119891494978,
                    0.00151461339556,
                    -0.00576094863936,
                    0.0159500781447,
                    -0.00545671349391
                ],
                [
                    0.000357390119461,
                    -0.00212252931669,
                    0.00124470726587,
                    -0.00166033196729,
                    0.000860768253915,
                    -0.00099772203248,
                    0.00154930597637,
                    -0.000129273132188,
                    -0.000556845858227,
                    0.000321544095641,
                    0.000588458264247,
                    -0.00545671349391,
                    0.0127438837662
                ]
            ],
            "mean": [
                -26.9328918457,
                83.7624664307,
                -99.9221115112,
                24.8316555023,
                -57.9418716431,
                23.639919281,
                -24.3796157837,
                15.0965747833,
                -17.0379123688,
                8.97385787964,
                -7.69479656219,
                7.49755334854,
                -3.8240814209
            ]
        },
        "hfc": {
            "dmean": 11.3981132507,
            "dmean2": 15.4406251907,
            "dvar": 440.913421631,
            "dvar2": 724.30267334,
            "max": 222.157928467,
            "mean": 23.1628799438,
            "median": 14.5762729645,
            "min": 1.10274160612e-16,
            "var": 887.3515625
        },
        "melbands": {
            "dmean": [
                0.00379634834826,
                0.00210588565096,
                0.000971889588982,
                0.000365067477105,
                0.000163041928317,
                0.000233112601563,
                0.00028559716884,
                0.000184125165106,
                0.000185515673365,
                0.000142406715895,
                7.65826625866e-05,
                7.08791558282e-05,
                7.71842896938e-05,
                6.79455188219e-05,
                5.21654292243e-05,
                3.83366314054e-05,
                3.39019388775e-05,
                2.27262498811e-05,
                1.61102980201e-05,
                1.32005861815e-05,
                1.2092954421e-05,
                1.42605376823e-05,
                1.23908230307e-05,
                1.11920262498e-05,
                1.03883567135e-05,
                1.04079363155e-05,
                9.15461077966e-06,
                8.75976274983e-06,
