{
    "lowlevel": {
        "average_loudness": 0.775740087032,
        "barkbands": {
            "dmean": [
                0.000312655552989,
                0.00840433035046,
                0.00353924650699,
                0.0017108010361,
                0.00170821021311,
                0.000840784225147,
                0.0011000566883,
                0.000817246793304,
                0.000602914020419,
                0.000484146410599,
                0.000305421504891,
                0.000352075818228,
                0.000302881584503,
                0.000215354419197,
                0.000273187382845,
                0.00018767786969,
                0.000189003359992,
                0.000122016739624,
                0.000109086875455,
                8.08932818472e-05,
                8.09354896774e-05,
                0.000126068247482,
                0.000134161455208,
                0.00011193145474,
                0.000107224135718,
                7.00488963048e-05,
                1.95671236725e-05
            ],
            "dmean2": [
                0.000378225638997,
                0.0121632376686,
                0.00621984852478,
                0.00322513142601,
                0.00278725218959,
                0.00131984846666,
                0.00171453901567,
                0.00117280310951,
                0.000872344593517,
                0.000710885564331,
                0.000443111726781,
                0.000551818695385,
                0.000471601553727,
                0.000317344209179,
                0.000407034385717,
                0.000292186043225,
                0.000284485373413,
                0.000183446420124,
                0.000158903581905,
                0.000126133832964,
                0.000127199818962,
                0.00020474352641,
                0.000215298859985,
                0.000172311862116,
                0.000161036863574,
                0.000104708429717,
                2.83882054646e-05
            ],
            "dvar": [
                4.39341164338e-07,
                0.000521346577443,
                0.000204105599551,
                6.75386836519e-05,
                1.42319777297e-05,
                3.86643705497e-06,
                9.32311650104e-06,
                3.56772648047e-06,
                2.81828715742e-06,
                1.46072443385e-06,
                8.61153125697e-07,
                1.15800696676e-06,
                7.09988796643e-07,
                3.40317370728e-07,
                4.25569510298e-07,
                5.60970420338e-07,
                1.69065799582e-07,
                1.07561014318e-07,
                8.42355518671e-08,
                7.7015727129e-08,
                7.37415888352e-08,
                8.94330582923e-08,
                8.07086166787e-08,
                6.42932675987e-08,
                5.98573421939e-08,
                3.27032090297e-08,
                3.90982179965e-09
            ],
            "dvar2": [
                7.05494414888e-07,
                0.00121366698295,
                0.000549908552784,
                0.000197301793378,
                3.73749535356e-05,
                9.11719507712e-06,
                2.27376713156e-05,
                7.03715113559e-06,
                5.99653094469e-06,
                2.92041454486e-06,
                1.91825120055e-06,
                2.72850115834e-06,
                1.64623111232e-06,
                7.23782136447e-07,
                9.3464626616e-07,
                1.4598326743e-06,
                3.62954239108e-07,
                2.27679777254e-07,
                1.65514435935e-07,
                1.76087880277e-07,
                1.58918140869e-07,
                2.15497138356e-07,
                1.84262987091e-07,
                1.44131035995e-07,
                1.30810306587e-07,
                7.2985166355e-08,
                7.48330020173e-09
            ],
            "max": [
                0.0136904129758,
                0.32883182168,
                0.154416233301,
                0.115764200687,
                0.0750914365053,
                0.0549466982484,
                0.0735803991556,
                0.0391765646636,
                0.0706298649311,
                0.0396976619959,
                0.0372767373919,
                0.028737405315,
                0.0229274481535,
                0.0144826425239,
                0.0124849751592,
                0.0260803475976,
                0.00863921828568,
                0.00879037007689,
                0.0125082461163,
                0.00427764002234,
                0.00358724198304,
                0.00361413578503,
                0.00596956349909,
                0.00488198874518,
                0.00582613423467,
                0.00441946461797,
                0.000994274043478
            ],
            "mean": [
                0.0019762062002,
                0.0226530060172,
                0.00308766961098,
                0.00134530535433,
                0.00313476100564,
                0.00158509716857,
                0.00277180294506,
                0.00174433644861,
                0.00130939856172,
                0.00100702210329,
                0.000647079432383,
                0.000488505640533,
                0.000519175664522,
                0.000340999744367,
                0.000462611089461,
                0.000320803403156,
                0.000358707038686,
                0.000190712642507,
                0.000203041854547,
                0.000102247737232,
                0.000101553472632,
                0.000154558147187,
                0.000181625116966,
                0.000167262463947,
                0.000176459609065,
                0.000116218645417,
                2.42779715336e-05
            ],
            "median": [
                0.00122327997815,
                0.0189883057028,
                0.000625969609246,
                0.000256226281635,
                0.00126413151156,
                0.000394256552681,
                0.000569993630052,
                0.000324352207826,
                0.000240653462242,
                0.000257985375356,
                8.38008054416e-05,
                7.34073109925e-05,
                0.000104162019852,
                5.82304492127e-05,
                8.50386932143e-05,
                4.24052050221e-05,
                8.20096975076e-05,
                4.01555807912e-05,
                3.69509762095e-05,
                1.95364082174e-05,
                2.39360160776e-05,
                3.5788234527e-05,
                4.76394561701e-05,
                5.97909893258e-05,
                6.76170675433e-05,
                4.52264866908e-05,
                4.99111320096e-06
            ],
            "min": [
                3.56117332267e-24,
                4.51149425478e-23,
                1.15010287514e-23,
                8.1394762864e-24,
                5.59845244322e-23,
                1.46172467371e-22,
                3.12159391499e-23,
                1.55290456191e-23,
                1.01819362509e-22,
                1.07658813853e-22,
                6.0882157896e-23,
                7.72535649669e-23,
                5.12138029109e-23,
                1.12616419678e-22,
                1.08760366599e-22,
                2.03790956241e-22,
                9.58001202998e-23,
                1.65054074019e-22,
                3.13010338912e-22,
                3.21973389139e-22,
                3.83461297547e-22,
                6.36031865448e-22,
                6.66561817466e-22,
                1.21238838504e-21,
                1.1242560874e-21,
                1.74015738375e-21,
                2.15533480244e-21
            ],
            "var": [
                4.29792498835e-06,
                0.000853647710755,
                0.000140541233122,
                3.7309491745e-05,
                2.36924315686e-05,
                1.00268580354e-05,
                3.32504387188e-05,
                1.45595085996e-05,
                1.30213147713e-05,
                5.32890271643e-06,
                3.33539469466e-06,
                2.46060790232e-06,
                1.70203679772e-06,
                7.33026865873e-07,
                1.06667721411e-06,
                8.9492192501e-07,
                4.71731283369e-07,
                2.10872300954e-07,
                2.88564734774e-07,
                8.57544861788e-08,
                8.40723970441e-08,
                1.05625076685e-07,
                1.21166351619e-07,
                9.93081101797e-08,
                1.0610217771e-07,
                5.29385779657e-08,
                5.24320009632e-09
            ]
        },
        "barkbands_crest": {
            "dmean": 2.2199280262,
            "dmean2": 3.29433035851,
            "dvar": 6.15275239944,
            "dvar2": 13.7366342545,
            "max": 26.3534488678,
            "mean": 14.2318048477,
            "median": 13.8801774979,
            "min": 2.83598732948,
            "var": 23.4421691895
        },
        "barkbands_flatness_db": {
            "dmean": 0.0259336289018,
            "dmean2": 0.0350147411227,
            "dvar": 0.000933178584091,
            "dvar2": 0.00156340154354,
            "max": 0.63646286726,
            "mean": 0.189211949706,
            "median": 0.167552664876,
            "min": 0.0189520977437,
            "var": 0.00912481360137
        },
        "barkbands_kurtosis": {
            "dmean": 6.67982244492,
            "dmean2": 9.82411766052,
            "dvar": 295.057006836,
            "dvar2": 644.237792969,
            "max": 681.139953613,
            "mean": 11.9782295227,
            "median": 5.28787565231,
            "min": -1.90397894382,
            "var": 519.493713379
        },
        "barkbands_skewness": {
            "dmean": 0.677652299404,
            "dmean2": 0.959945976734,
            "dvar": 0.843792319298,
            "dvar2": 1.73810684681,
            "max": 21.0430450439,
            "mean": 2.45143175125,
            "median": 2.04799556732,
            "min": -5.35442590714,
            "var": 3.14661288261
        },
        "barkbands_spread": {
            "dmean": 5.22236394882,
            "dmean2": 7.56252765656,
            "dvar": 66.1150131226,
            "dvar2": 125.358406067,
            "max": 113.170249939,
            "mean": 17.5944805145,
            "median": 14.3894662857,
            "min": 0.105858586729,
            "var": 212.72857666
        },
        "dissonance": {
            "dmean": 0.0279361754656,
            "dmean2": 0.0454988777637,
            "dvar": 0.000772841158323,
            "dvar2": 0.00197430513799,
            "max": 0.499999910593,
            "mean": 0.426825016737,
            "median": 0.440454959869,
            "min": 0.0817499086261,
            "var": 0.00323694176041
        },
        "dynamic_complexity": 4.23194360733,
        "erbbands": {
            "dmean": [
                0.267573088408,
                1.93717050552,
                3.99837207794,
                5.11532831192,
                4.51514911652,
                6.73999404907,
                7.78846502304,
                6.67547035217,
                14.7390317917,
                15.7238836288,
                16.8593540192,
                14.8656749725,
                11.9598312378,
                13.9580230713,
                11.7723941803,
                16.0573692322,
                13.0215787888,
                10.7756757736,
                11.9001150131,
                11.9240875244,
                9.3211145401,
                9.03819942474,
                7.48971271515,
                4.03255701065,
                5.72395038605,
                4.13478422165,
                3.13185548782,
                3.48047685623,
                4.21251583099,
                4.95458364487,
                3.43417644501,
                2.54375648499,
                1.82480168343,
                1.14801061153,
                0.833939015865,
                0.395416349173,
                0.108393318951,
                0.0266654286534,
                0.00356760248542,
                0.000127229723148
            ],
            "dmean2": [
                0.349094897509,
                2.93185162544,
                6.64448785782,
                9.34239864349,
                8.07946872711,
                10.829041481,
                12.0824108124,
                10.589422226,
                23.0972385406,
                23.1615486145,
                24.0866527557,
                20.9475479126,
                16.7681598663,
                20.4970855713,
                16.662355423,
                24.576215744,
                20.2304420471,
                15.326675415,
                17.559513092,
                17.5690250397,
                13.7680273056,
                13.4862213135,
                11.0610389709,
                5.7329864502,
                8.53619003296,
                6.48021125793,
                4.89513063431,
                5.59928703308,
                6.8289308548,
                8.09445285797,
                5.44087791443,
                3.99170279503,
                2.81843280792,
                1.76749300957,
                1.25472664833,
                0.59091681242,
                0.162852317095,
                0.0392675511539,
                0.00520326988772,
                0.000186237375601
            ],
            "dvar": [
                0.435467541218,
                33.8017807007,
                224.822036743,
                556.963928223,
                265.460876465,
                252.509536743,
                305.30255127,
                282.464904785,
                2027.82348633,
                1240.59655762,
                1958.88977051,
                1671.60888672,
                1110.56652832,
                1302.87219238,
                899.248596191,
                2478.41601563,
                1309.58032227,
                777.621704102,
                865.556762695,
                1147.21813965,
                1234.97949219,
                408.900695801,
                342.969177246,
                108.678657532,
                267.674865723,
                230.510848999,
                109.371620178,
                139.455108643,
                142.588119507,
                100.504951477,
                60.7874832153,
                36.2171096802,
                17.1288890839,
                7.59461832047,
                3.73147249222,
                0.985818982124,
                0.0848899483681,
                0.00551942363381,
                0.000136992282933,
                1.68632354303e-07
            ],
            "dvar2": [
                0.869193077087,
                82.4694519043,
                578.577331543,
                1577.24816895,
                765.936706543,
                640.067565918,
                723.002868652,
                669.928405762,
                5022.38085938,
                2587.18261719,
                3927.55004883,
                3472.75952148,
                1992.55603027,
                2627.27954102,
                1738.77282715,
                5734.37548828,
                3062.22460938,
                1583.68103027,
                1897.77636719,
                2559.15893555,
                2876.52929688,
                863.856262207,
                694.50402832,
                204.80380249,
                563.22442627,
                536.72277832,
                243.276199341,
                304.355255127,
                353.534942627,
                244.568572998,
                135.270965576,
                85.3657455444,
                37.9033927917,
                16.620300293,
                8.08898067474,
                2.15427136421,
                0.196687027812,
                0.0114582963288,
                0.000271679658908,
                2.99405229498e-07
            ],
            "max": [
                8.97976207733,
                86.1287078857,
                185.364349365,
                308.987121582,
                302.257171631,
                335.268707275,
                318.687225342,
                466.921722412,
                1032.64099121,
                1087.62426758,
                1052.58654785,
                2006.93359375,
                1131.03027344,
                1263.38684082,
                1271.1496582,
                1491.05725098,
                904.214172363,
                899.195556641,
                586.383911133,
                846.201904297,
                1619.09362793,
                373.879425049,
                524.518676758,
                313.773468018,
                656.48614502,
                214.618881226,
                131.876495361,
                181.219818115,
                169.228668213,
                144.415939331,
                196.175247192,
                167.688156128,
                82.7045059204,
                111.705566406,
                53.56590271,
                28.4782810211,
                9.9824552536,
                1.35285246372,
                0.181968763471,
                0.00597816286609
            ],
            "mean": [
                1.0285756588,
                3.51992273331,
                4.12073421478,
                4.09604930878,
                5.42339754105,
                12.0869407654,
                15.4711370468,
                12.6091632843,
                36.7040023804,
                38.5302276611,
                37.6101417542,
                34.8826713562,
                25.1977024078,
                30.4894962311,
                24.7875270844,
                23.8249378204,
                23.4159507751,
                19.4265727997,
                21.4914875031,
                21.5911026001,
                19.3945922852,
                18.159072876,
                13.5889453888,
                7.65366601944,
                10.3522434235,
                5.40300321579,
                4.10726833344,
                3.98302006721,
                4.99349832535,
                6.47278213501,
                4.8095574379,
                3.63234734535,
                2.71450686455,
                1.80214250088,
                1.35990154743,
                0.649148404598,
                0.175558596849,
                0.0376243926585,
                0.00439000828192,
                0.00020172886434
            ],
            "median": [
                0.957419872284,
                1.91241729259,
                1.15898633003,
                0.871929347515,
                2.01212143898,
                4.17348527908,
                4.73540258408,
                3.91108965874,
                8.09104251862,
                9.7822599411,
                9.71389579773,
                7.89999485016,
                6.29239797592,
                8.56854057312,
                5.71811342239,
                4.7279047966,
                5.52490139008,
                3.92669177055,
                4.8790640831,
                3.75285983086,
                3.0480890274,
                4.31620788574,
                3.61635446548,
                1.97747385502,
                1.74539160728,
                1.07399046421,
                0.940426886082,
                0.860138833523,
                1.05238521099,
                1.70406830311,
                1.24049890041,
                1.12376689911,
                0.971272408962,
                0.656992793083,
                0.510284006596,
                0.240442872047,
                0.0693199709058,
                0.011774122715,
                0.000958727614488,
                8.2211503468e-05
            ],
            "min": [
                1.06545891412e-21,
                1.09877155341e-20,
                1.44965696484e-20,
                2.70446588183e-20,
                6.52133620677e-20,
                2.90528888788e-19,
                3.08737744859e-19,
                1.55237554244e-18,
                6.2986427715e-19,
                6.43274736036e-19,
                6.96462139231e-19,
                2.74233182567e-18,
                3.03195670944e-18,
                2.54412839076e-18,
                2.26895083676e-18,
                3.06291890695e-18,
                3.17511479011e-18,
                4.5915083539e-18,
                7.05873996696e-18,
                4.72588963467e-18,
                1.30345334216e-17,
                4.34885368043e-18,
                8.1614436882e-18,
                1.18268017508e-17,
                1.58783522434e-17,
                1.47407390188e-17,
                1.78642755822e-17,
                1.39366020037e-17,
                2.02864440498e-17,
                2.36511269228e-17,
                1.84177322039e-17,
                1.92812624413e-17,
                2.22549403474e-17,
                1.24185444271e-17,
                8.78059747569e-18,
                5.7736234819e-18,
                3.08593231236e-18,
                1.23059566672e-18,
                2.95339124996e-19,
                3.45353334114e-20
            ],
            "var": [
                1.2285656929,
                39.3127861023,
                178.196990967,
                332.54864502,
                177.238937378,
                444.680023193,
                812.629455566,
                682.323059082,
                6915.79394531,
                5878.51220703,
                7168.10351563,
                9005.89160156,
                4123.28369141,
                4789.34521484,
                3623.73339844,
                5521.91552734,
                3041.06689453,
                2090.14672852,
                2243.49536133,
                2672.20678711,
                2904.82861328,
                1120.40197754,
                762.042724609,
                319.157989502,
                848.313842773,
                247.235946655,
                124.629722595,
                149.417831421,
                143.722686768,
                146.509979248,
                94.1089859009,
                51.3278083801,
                26.8619594574,
                12.2313280106,
                6.82190895081,
                1.83521234989,
                0.11797824502,
                0.00765521451831,
                0.000174958593561,
                2.44031696184e-07
            ]
        },
        "erbbands_crest": {
            "dmean": 2.69926023483,
            "dmean2": 4.09951162338,
            "dvar": 6.6208114624,
            "dvar2": 15.0199842453,
            "max": 31.6590003967,
            "mean": 11.6725502014,
            "median": 10.6040792465,
            "min": 2.41829800606,
            "var": 28.4491119385
        },
        "erbbands_flatness_db": {
            "dmean": 0.0184935964644,
            "dmean2": 0.0259129460901,
            "dvar": 0.000453655986348,
            "dvar2": 0.000757214787882,
            "max": 0.567731261253,
            "mean": 0.159024909139,
            "median": 0.141976192594,
            "min": 0.0398377738893,
            "var": 0.00598430354148
        },
        "erbbands_kurtosis": {
            "dmean": 1.31170117855,
            "dmean2": 1.98269236088,
            "dvar": 3.67528486252,
            "dvar2": 8.22767353058,
            "max": 41.597743988,
            "mean": 1.7572261095,
            "median": 0.801070988178,
            "min": -1.86039376259,
            "var": 10.4294338226
        },
        "erbbands_skewness": {
            "dmean": 0.388901442289,
            "dmean2": 0.566507160664,
            "dvar": 0.168532639742,
            "dvar2": 0.348810493946,
            "max": 5.2823972702,
            "mean": 0.75413441658,
            "median": 0.727549016476,
            "min": -3.89805150032,
            "var": 0.740398168564
        },
        "erbbands_spread": {
            "dmean": 9.39633178711,
            "dmean2": 14.1332139969,
            "dvar": 165.971298218,
            "dvar2": 363.14666748,
            "max": 202.322280884,
            "mean": 36.7877922058,
            "median": 32.1079101563,
            "min": 1.56077730656,
            "var": 508.357635498
        },
        "gfcc": {
            "cov": [
                [
                    18839.4726563,
                    -3750.19604492,
                    -48.5643157959,
                    2030.61132813,
                    813.779724121,
                    2043.19543457,
                    566.293029785,
                    1500.48583984,
                    579.806640625,
                    1059.5078125,
                    511.409820557,
                    1056.27783203,
                    103.384399414
                ],
                [
                    -3750.19604492,
                    2118.90209961,
                    342.196960449,
                    -406.85357666,
                    174.556762695,
                    -314.205627441,
                    72.6280670166,
                    -212.983535767,
                    48.4542388916,
                    -194.900344849,
                    -26.3667163849,
                    -304.734039307,
                    24.7653102875
                ],
                [
                    -48.5643157959,
                    342.196960449,
                    1051.43676758,
                    186.604110718,
                    174.853118896,
                    251.575561523,
                    114.164054871,
                    64.0198669434,
                    75.4141693115,
                    94.278755188,
                    46.3952865601,
                    2.09692811966,
                    -4.22213459015
                ],
                [
                    2030.61132813,
                    -406.85357666,
                    186.604110718,
                    668.598144531,
                    206.921600342,
                    323.119171143,
                    158.120269775,
                    203.144134521,
                    168.370269775,
                    140.836898804,
                    111.995780945,
                    163.279510498,
                    68.0517654419
                ],
                [
                    813.779724121,
                    174.556762695,
                    174.853118896,
                    206.921600342,
                    490.992492676,
                    253.131439209,
                    160.883544922,
                    185.929595947,
                    129.618911743,
                    114.289833069,
                    66.2657470703,
                    25.3959579468,
                    40.9360809326
                ],
                [
                    2043.19543457,
                    -314.205627441,
                    251.575561523,
                    323.119171143,
                    253.131439209,
                    592.302246094,
                    274.97744751,
                    246.067947388,
                    90.5737228394,
                    171.766571045,
                    143.907409668,
                    136.762802124,
                    -8.49011707306
                ],
                [
                    566.293029785,
                    72.6280670166,
                    114.164054871,
                    158.120269775,
                    160.883544922,
                    274.97744751,
                    373.009063721,
                    134.190948486,
                    60.4022331238,
                    81.6774215698,
                    127.682785034,
                    64.3753738403,
                    20.6930904388
                ],
                [
                    1500.48583984,
                    -212.983535767,
                    64.0198669434,
                    203.144134521,
                    185.929595947,
                    246.067947388,
                    134.190948486,
                    324.505462646,
                    130.091201782,
                    137.734924316,
                    81.4014282227,
                    112.532775879,
                    28.0351581573
                ],
                [
                    579.806640625,
                    48.4542388916,
                    75.4141693115,
                    168.370269775,
                    129.618911743,
                    90.5737228394,
                    60.4022331238,
                    130.091201782,
                    236.211364746,
                    97.083732605,
                    35.7276000977,
                    40.31980896,
                    52.7458992004
                ],
                [
                    1059.5078125,
                    -194.900344849,
                    94.278755188,
                    140.836898804,
                    114.289833069,
                    171.766571045,
                    81.6774215698,
                    137.734924316,
                    97.083732605,
                    201.664703369,
                    90.158164978,
                    86.5363845825,
                    19.2354927063
                ],
                [
                    511.409820557,
                    -26.3667163849,
                    46.3952865601,
                    111.995780945,
                    66.2657470703,
                    143.907409668,
                    127.682785034,
                    81.4014282227,
                    35.7276000977,
                    90.158164978,
                    192.784240723,
                    104.655830383,
                    12.0446128845
                ],
                [
                    1056.27783203,
                    -304.734039307,
                    2.09692811966,
                    163.279510498,
                    25.3959579468,
                    136.762802124,
                    64.3753738403,
                    112.532775879,
                    40.31980896,
                    86.5363845825,
                    104.655830383,
                    222.354995728,
                    42.1915206909
                ],
                [
                    103.384399414,
                    24.7653102875,
                    -4.22213459015,
                    68.0517654419,
                    40.9360809326,
                    -8.49011707306,
                    20.6930904388,
                    28.0351581573,
                    52.7458992004,
                    19.2354927063,
                    12.0446128845,
                    42.1915206909,
                    123.402915955
                ]
            ],
            "icov": [
                [
                    0.000177299487405,
                    0.000115810871648,
                    0.000108891385025,
                    -0.000209258272662,
                    -2.48833941896e-07,
                    -0.000343642546795,
                    0.000166469544638,
                    -0.000308585906168,
                    3.58226971002e-05,
                    -0.000297464284813,
                    0.000144098768942,
                    -0.000178417933057,
                    4.39668947365e-05
                ],
                [
                    0.000115810871648,
                    0.00128705368843,
                    -0.000455329398392,
                    0.000622526800726,
                    -0.000795956410002,
                    0.000509420293383,
                    -0.000522818998434,
                    0.000195029540919,
                    -0.000939055113122,
                    0.00106485700235,
                    -0.00101032713428,
                    0.000887251284439,
                    -0.000341090984875
                ],
                [
                    0.000108891385025,
                    -0.000455329398392,
                    0.00142082420643,
                    -0.000604923465289,
                    0.000182566145668,
                    -0.000994902919047,
                    0.000392408488551,
                    -1.4146257854e-06,
                    0.00029250793159,
                    -0.00100447412115,
                    0.000600130122621,
                    -0.000221795897232,
                    0.000236666892306
                ],
                [
                    -0.000209258272662,
                    0.000622526800726,
                    -0.000604923465289,
                    0.00333739561029,
                    -0.000734309083782,
                    -9.57939191721e-05,
                    -0.000481915310957,
                    0.000609374197666,
                    -0.00174964836333,
                    0.00136261165608,
                    -0.000891091069207,
                    -0.000241735237068,
                    -0.000926312117372
                ],
                [
                    -2.48833941896e-07,
                    -0.000795956410002,
                    0.000182566145668,
                    -0.000734309083782,
                    0.00384163623676,
                    -0.00123612699099,
                    8.97171121323e-05,
                    -0.00126002484467,
                    9.06887798919e-05,
                    -0.00115801801439,
                    0.000543459958863,
                    0.000685264647473,
                    -0.000662664882839
                ],
                [
                    -0.000343642546795,
                    0.000509420293383,
                    -0.000994902919047,
                    -9.57939191721e-05,
                    -0.00123612699099,
                    0.00566411064938,
                    -0.00258590350859,
                    -0.000437124952441,
                    0.000267712195637,
                    0.000146124715684,
                    -0.00087502488168,
                    6.65055631544e-05,
                    0.00146259006578
                ],
                [
                    0.000166469544638,
                    -0.000522818998434,
                    0.000392408488551,
                    -0.000481915310957,
                    8.97171121323e-05,
                    -0.00258590350859,
                    0.00534301996231,
                    -0.000906881585252,
                    0.000407744431868,
                    -8.66047412273e-05,
                    -0.00170014915057,
                    0.000233220940572,
                    -0.000727536913473
                ],
                [
                    -0.000308585906168,
                    0.000195029540919,
                    -1.4146257854e-06,
                    0.000609374197666,
                    -0.00126002484467,
                    -0.000437124952441,
                    -0.000906881585252,
                    0.00715532479808,
                    -0.0021997326985,
                    -0.00057218252914,
                    0.00010432095587,
                    -0.00112606899347,
                    0.00020193963428
                ],
                [
                    3.58226971002e-05,
                    -0.000939055113122,
                    0.00029250793159,
                    -0.00174964836333,
                    9.06887798919e-05,
                    0.000267712195637,
                    0.000407744431868,
                    -0.0021997326985,
                    0.00789420772344,
                    -0.00322248297743,
                    0.00118146499153,
                    0.000196593464352,
                    -0.00150141457561
                ],
                [
                    -0.000297464284813,
                    0.00106485700235,
                    -0.00100447412115,
                    0.00136261165608,
                    -0.00115801801439,
                    0.000146124715684,
                    -8.66047412273e-05,
                    -0.00057218252914,
                    -0.00322248297743,
                    0.011171258986,
                    -0.00381382601336,
                    0.000330097303959,
                    -0.000316135003231
                ],
                [
                    0.000144098768942,
                    -0.00101032713428,
                    0.000600130122621,
                    -0.000891091069207,
                    0.000543459958863,
                    -0.00087502488168,
                    -0.00170014915057,
                    0.00010432095587,
                    0.00118146499153,
                    -0.00381382601336,
                    0.0104574654251,
                    -0.00438111601397,
                    0.00118158757687
                ],
                [
                    -0.000178417933057,
                    0.000887251284439,
                    -0.000221795897232,
                    -0.000241735237068,
                    0.000685264647473,
                    6.65055631544e-05,
                    0.000233220940572,
                    -0.00112606899347,
                    0.000196593464352,
                    0.000330097303959,
                    -0.00438111601397,
                    0.0095697036013,
                    -0.00288865063339
                ],
                [
                    4.39668947365e-05,
                    -0.000341090984875,
                    0.000236666892306,
                    -0.000926312117372,
                    -0.000662664882839,
                    0.00146259006578,
                    -0.000727536913473,
                    0.00020193963428,
                    -0.00150141457561,
                    -0.000316135003231,
                    0.00118158757687,
                    -0.00288865063339,
                    0.0106139751151
                ]
            ],
            "mean": [
                -25.9000530243,
                85.4182739258,
                -77.8695220947,
                9.61625003815,
                -52.9298591614,
                16.7052173615,
                -38.8896369934,
                15.6843957901,
                -16.2706813812,
                6.2869720459,
                -13.1206569672,
                7.14159393311,
                -11.5427618027
            ]
        },
        "hfc": {
            "dmean": 7.74577999115,
            "dmean2": 11.417142868,
            "dvar": 266.338989258,
            "dvar2": 529.202148438,
            "max": 244.453277588,
            "mean": 21.6409378052,
            "median": 15.2631578445,
            "min": 1.15412169826e-16,
            "var": 582.120178223
        },
        "melbands": {
            "dmean": [
                0.00230639544316,
                0.00206767697819,
                0.000858245126437,
                0.000378209108021,
                0.000282502995105,
                0.000152857464855,
                0.000225178344408,
                0.000169760445715,
                0.000138705450809,
                8.56499755173e-05,
                6.03773805778e-05,
                5.96902464167e-05,
                4.18975942011e-05,
                4.09789936384e-05,
                3.54716139555e-05,
                2.56100902334e-05,
                2.14327919821e-05,
                1.96406272153e-05,
                1.8797814846e-05,
                1.44393197843e-05,
                1.15461261885e-05,
                9.65179606283e-06,
                1.03615102489e-05,
                5.39310713066e-06,
                3.11833355227e-06,
                5.21541142007e-06,
                2.86606564259e-06,
