{
    "lowlevel": {
        "average_loudness": 0.972402632236,
        "barkbands": {
            "dmean": [
                0.00269100978039,
                0.0246591642499,
                0.00192990375217,
                0.000809789751656,
                0.000909527647309,
                0.00121710647363,
                0.00143026036676,
                0.000864957924932,
                0.00164175289683,
                0.00127573846839,
                0.000753929489292,
                0.000623373372946,
                0.000386613392038,
                0.000280452688457,
                0.00022145055118,
                0.000187717596418,
                0.000127662555315,
                0.000161777992616,
                9.01216335478e-05,
                7.45934594306e-05,
                9.68626845861e-05,
                0.000160823998158,
                0.000991595094092,
                0.000453086657217,
                0.000102263737062,
                2.55821269093e-05,
                2.05526930586e-06
            ],
            "dmean2": [
                0.00347089371644,
                0.0328426472843,
                0.00343645503744,
                0.0014148313785,
                0.00160005537327,
                0.00207166303881,
                0.00227085920051,
                0.00138680066448,
                0.00258909608237,
                0.00188449898269,
                0.00110245752148,
                0.000948838773184,
                0.00059300090652,
                0.000441695621703,
                0.000340091704857,
                0.000294465542538,
                0.000189643091289,
                0.000244671711698,
                0.000129271866172,
                0.000114185895654,
                0.000142523407703,
                0.000262358633336,
                0.00181069294922,
                0.000809541961644,
                0.000173355219886,
                4.24222998845e-05,
                3.49302740688e-06
            ],
            "dvar": [
                2.59777807514e-05,
                0.00182893814053,
                7.41074472899e-05,
                8.69067298481e-06,
                8.71028350957e-06,
                1.14699678306e-05,
                1.98515008378e-05,
                4.92618983117e-06,
                1.75463428604e-05,
                1.18706711874e-05,
                4.99270527143e-06,
                2.98143481814e-06,
                1.0901552514e-06,
                5.71525049509e-07,
                3.18703740732e-07,
                2.7417166848e-07,
                1.05675425743e-07,
                1.71408402139e-07,
                6.66952999495e-08,
                3.53910110107e-08,
                8.53350670127e-08,
                9.93190383269e-08,
                3.61669890481e-06,
                6.90804370151e-07,
                2.93615638469e-08,
                1.70271274857e-09,
                1.89778037035e-11
            ],
            "dvar2": [
                4.47242782684e-05,
                0.00472341803834,
                0.000207649427466,
                2.38155080297e-05,
                2.48889427894e-05,
                3.08913913614e-05,
                4.68283615191e-05,
                1.20644772323e-05,
                4.18951713073e-05,
                2.46911222348e-05,
                1.04929185909e-05,
                6.16884062765e-06,
                2.42513056037e-06,
                1.32200625558e-06,
                7.40734833471e-07,
                6.40202188151e-07,
                2.26077830234e-07,
                3.88912411609e-07,
                1.38370367608e-07,
                8.16542211624e-08,
                1.84040644058e-07,
                2.13922930925e-07,
                9.85888527794e-06,
                1.85894407423e-06,
                7.459992446e-08,
                4.23127355376e-09,
                4.92971150012e-11
            ],
            "max": [
                0.0802432745695,
                0.384600400925,
                0.0892541408539,
                0.0319522954524,
                0.0382931903005,
                0.0750500112772,
                0.0896166563034,
                0.0443479977548,
                0.0716342553496,
                0.0772913023829,
                0.0393243655562,
                0.0312280766666,
                0.0166360046715,
                0.0154960639775,
                0.0107116438448,
                0.00950727146119,
                0.00568532571197,
                0.00554577913135,
                0.00559694180265,
                0.00316995941103,
                0.010194927454,
                0.00785167515278,
                0.0127429980785,
                0.00611694995314,
                0.00205344683491,
                0.000474890635815,
                9.02282263269e-05
            ],
            "mean": [
                0.0131149450317,
                0.126290485263,
                0.00170020665973,
                0.000943804276176,
                0.0011551163625,
                0.00145666731987,
                0.00183066911995,
                0.00112323008943,
                0.00203229254112,
                0.00164393289015,
                0.000873766839504,
                0.000725355988834,
                0.000444467412308,
                0.000315869488986,
                0.000274563732091,
                0.000211497070268,
                0.000160808936926,
                0.000195617132704,
                0.000110255845357,
                8.88524737093e-05,
                0.000114379392471,
                0.000165382138221,
                0.000657184747979,
                0.000331149552949,
                9.04167027329e-05,
                2.25356234296e-05,
                1.86240697531e-06
            ],
            "median": [
                0.00654413923621,
                0.144555613399,
                0.000392514222767,
                0.000540780252777,
                0.000687099061906,
                0.000619902275503,
                0.00044498720672,
                0.000367507280316,
                0.000520475325175,
                0.000293140299618,
                8.76444901223e-05,
                6.73898248351e-05,
                4.88220757688e-05,
                4.91553219035e-05,
                6.82161917211e-05,
                2.34438230109e-05,
                2.16082844418e-05,
                2.15510372072e-05,
                1.64209632203e-05,
                1.88726444321e-05,
                1.43032139022e-05,
                2.10967318708e-05,
                2.64349328063e-05,
                2.25378971663e-05,
                1.40364691106e-05,
                2.90409252557e-06,
                2.88957608063e-07
            ],
            "min": [
                1.62159283057e-25,
                3.00931739338e-24,
                2.64365078153e-24,
                1.33811842529e-24,
                2.02689242567e-23,
                2.39041846346e-23,
                1.2996355618e-23,
                3.18065971749e-23,
                3.69716103093e-23,
                1.71977798899e-23,
                4.68386793564e-23,
                4.58102224616e-23,
                7.49125224119e-23,
                4.3981043349e-23,
                6.71701997259e-23,
                7.68229857521e-23,
                1.13981010204e-22,
                1.45402084744e-22,
                1.18331710625e-22,
                2.81513659944e-22,
                3.09155522767e-22,
                3.64724323813e-22,
                3.84928932241e-22,
                6.464068631e-22,
                1.05181982461e-21,
                1.46134935263e-21,
                2.2315026676e-21
            ],
            "var": [
                0.000236150735873,
                0.00750708952546,
                4.87120523758e-05,
                6.01874307904e-06,
                5.84277540838e-06,
                9.96932976705e-06,
                2.53588550549e-05,
                5.61690785617e-06,
                2.06217937375e-05,
                1.94699714484e-05,
                7.22324512026e-06,
                4.17164073951e-06,
                1.58537261541e-06,
                7.47927686007e-07,
                4.2595908667e-07,
                3.4989554365e-07,
                1.48388522803e-07,
                2.1787877813e-07,
                8.5657973159e-08,
                4.32060041078e-08,
                1.27303167119e-07,
                1.46315429106e-07,
                2.41629913944e-06,
                5.18890658441e-07,
                3.01875324737e-08,
                1.89867588318e-09,
                1.81750829664e-11
            ]
        },
        "barkbands_crest": {
            "dmean": 2.16661214828,
            "dmean2": 3.33909630775,
            "dvar": 9.57623100281,
            "dvar2": 23.367307663,
            "max": 26.5529403687,
            "mean": 19.7205581665,
            "median": 21.1771411896,
            "min": 2.10794305801,
            "var": 32.0403022766
        },
        "barkbands_flatness_db": {
            "dmean": 0.0456291697919,
            "dmean2": 0.057740226388,
            "dvar": 0.00174437940586,
            "dvar2": 0.00282663339749,
            "max": 0.528965711594,
            "mean": 0.273031443357,
            "median": 0.269163548946,
            "min": 0.0338376089931,
            "var": 0.00900196004659
        },
        "barkbands_kurtosis": {
            "dmean": 32.0494499207,
            "dmean2": 51.1904029846,
            "dvar": 2591.89038086,
            "dvar2": 6739.04492188,
            "max": 608.21685791,
            "mean": 52.2929534912,
            "median": 22.1632423401,
            "min": -1.93994903564,
            "var": 4667.30078125
        },
        "barkbands_skewness": {
            "dmean": 1.78163707256,
            "dmean2": 2.74138760567,
            "dvar": 3.99297976494,
            "dvar2": 10.0025224686,
            "max": 19.6716861725,
            "mean": 5.08851718903,
            "median": 4.36316871643,
            "min": -3.12469100952,
            "var": 12.3702392578
        },
        "barkbands_spread": {
            "dmean": 7.1043381691,
            "dmean2": 11.6818113327,
            "dvar": 132.094909668,
            "dvar2": 342.505554199,
            "max": 105.968666077,
            "mean": 9.91237449646,
            "median": 5.77829742432,
            "min": 0.175473898649,
            "var": 150.736312866
        },
        "dissonance": {
            "dmean": 0.0293771643192,
            "dmean2": 0.0483360812068,
            "dvar": 0.000795029278379,
            "dvar2": 0.00204874272458,
            "max": 0.499795675278,
            "mean": 0.446969479322,
            "median": 0.455392718315,
            "min": 0.199753910303,
            "var": 0.00147603056394
        },
        "dynamic_complexity": 2.95721077919,
        "erbbands": {
            "dmean": [
                1.21199405193,
                3.97535610199,
                2.50747013092,
                2.77473926544,
                2.22639775276,
                3.22991085052,
                6.60928106308,
                11.1144695282,
                20.686882019,
                15.5030908585,
                23.610168457,
                36.9735641479,
                35.7335128784,
                35.8501014709,
                27.1513557434,
                24.5914058685,
                16.7568912506,
                13.6553049088,
                11.6196594238,
                11.4724340439,
                8.75896549225,
                7.18849945068,
                9.06046104431,
                5.55951976776,
                4.02700519562,
                3.66586256027,
                3.87915945053,
                3.85610818863,
                5.84619760513,
                14.1288480759,
                27.333770752,
                16.8179111481,
                4.33055305481,
                1.48761844635,
                0.622198462486,
                0.154401570559,
                0.0463691316545,
                0.0060602077283,
                0.000351965805748,
                4.2591305828e-05
            ],
            "dmean2": [
                1.56724119186,
                5.63520050049,
                4.267121315,
                4.8101606369,
                3.80458021164,
                5.72860479355,
                12.0657196045,
                18.5650730133,
                32.632976532,
                24.7667598724,
                37.3258285522,
                58.4041442871,
                51.5932922363,
                51.2250747681,
                38.4937019348,
                37.0269241333,
                25.4201641083,
                20.8946075439,
                17.4996109009,
                16.8813877106,
                13.3447208405,
                10.4011077881,
                13.5392208099,
                7.9480471611,
                5.81648015976,
                5.6306886673,
                5.89977073669,
                5.77917766571,
                9.54268550873,
                24.8270111084,
                49.9386177063,
                30.5365543365,
                7.54953145981,
                2.53308916092,
                1.05473852158,
                0.253731995821,
                0.0795206800103,
                0.0102453650907,
                0.000594263488892,
                6.25825705356e-05
            ],
            "dvar": [
                3.9867811203,
                65.9626464844,
                98.6156692505,
                120.706932068,
                40.0264968872,
                114.523170471,
                554.508239746,
                979.94152832,
                4267.24755859,
                2432.9453125,
                3311.59814453,
                10661.1523438,
                8055.62207031,
                10051.5664062,
                5423.66601562,
                4738.90478516,
                2093.35766602,
                1335.40783691,
                928.719787598,
                809.510620117,
                633.145874023,
                323.130249023,
                521.032531738,
                260.255187988,
                115.621376038,
                98.4012908936,
                138.456420898,
                125.265266418,
                145.171310425,
                632.66229248,
                2729.72631836,
                1014.33050537,
                59.121837616,
                6.50152921677,
                1.06696021557,
                0.0625362694263,
                0.00611489312723,
                0.000102255195088,
                5.00716282659e-07,
                4.25887503042e-09
            ],
            "dvar2": [
                9.49505233765,
                173.390991211,
                276.16116333,
                327.751312256,
                108.578224182,
                330.010894775,
                1600.36352539,
                2585,
                9941.46777344,
                5319.54150391,
                7956.82617188,
                25839.1308594,
                16728.5683594,
                20514.0410156,
                11036.2001953,
                9607.80371094,
                4470.15771484,
                2915.94775391,
                2164.27075195,
                1764.72387695,
                1484.13305664,
                676.905517578,
                1154.32617188,
                586.11529541,
                229.082687378,
                233.715332031,
                321.632507324,
                257.609802246,
                324.705993652,
                1682.56884766,
                7429.98974609,
                2749.33959961,
                154.958724976,
                16.4515419006,
                2.74068379402,
                0.152387410402,
                0.0159115791321,
                0.000260367727606,
                1.28888132167e-06,
                1.09109210555e-08
            ],
            "max": [
                21.4548873901,
                76.9281387329,
                103.080291748,
                109.634788513,
                91.6332092285,
                146.917541504,
                299.44909668,
                776.129638672,
                1223.45532227,
                1224.99401855,
                1131.03710938,
                2147.6953125,
                1672.66174316,
                2423.63378906,
                1539.8079834,
                1289.42321777,
                695.734008789,
                839.988830566,
                601.608276367,
                724.293762207,
                575.437194824,
                314.999359131,
                340.150695801,
                245.003433228,
                221.341323853,
                155.771987915,
                457.345397949,
                387.890289307,
                306.824768066,
                346.516204834,
                369.370452881,
                187.910720825,
                82.1180114746,
                37.5467147827,
                9.78637981415,
                3.19044137001,
                0.766473889351,
                0.166654333472,
                0.0135954963043,
                0.00123604317196
            ],
            "mean": [
                6.17873764038,
                18.3105125427,
                4.9387178421,
                3.30503368378,
                3.33962965012,
                3.72207069397,
                6.19543933868,
                13.9616956711,
                27.2880516052,
                20.7521381378,
                32.1204185486,
                45.9591636658,
                47.9658622742,
                47.1137237549,
                33.9873580933,
                29.2118244171,
                20.6722583771,
                16.9098815918,
                14.6988792419,
                15.049908638,
                10.3474063873,
                9.51370716095,
                11.3882913589,
                6.60255432129,
                5.08140707016,
                4.31105327606,
                4.76645755768,
                4.3509106636,
                5.78050422668,
                10.9902267456,
                18.1193199158,
                11.3120708466,
                3.54901981354,
                1.28600764275,
                0.551022589207,
                0.14180034399,
                0.0374631546438,
                0.00518301082775,
                0.000387714913813,
                0.000186897654203
            ],
            "median": [
                6.67545890808,
                14.7055387497,
                1.98892700672,
                1.54285025597,
                1.57544088364,
                1.99307918549,
                2.89145708084,
                5.31785869598,
                6.11301088333,
                8.87712574005,
                11.8335990906,
                11.6097259521,
                8.3796749115,
                10.4080820084,
                4.02124500275,
                2.39256954193,
                2.11321306229,
                2.66836977005,
                2.75008869171,
                3.51955628395,
                1.51350855827,
                1.39647436142,
                1.34334874153,
                0.982907414436,
                0.930015563965,
                0.948017477989,
                0.741869390011,
                0.420194476843,
                0.597479939461,
                1.07622265816,
                0.659503698349,
                0.410142809153,
                0.381306052208,
                0.172309219837,
                0.0924907699227,
                0.0215171743184,
                0.00382700981572,
                0.000668598921038,
                0.000137840790558,
                0.000211127378861
            ],
            "min": [
                8.03467769286e-23,
                7.98513079091e-22,
                4.69544631851e-21,
                5.95153542675e-21,
                1.70749013112e-20,
                7.01272091095e-20,
                1.16417968097e-19,
                1.3572603088e-19,
                1.25328913418e-19,
                3.26988347702e-19,
                5.93483684738e-19,
                9.58708740599e-19,
                7.27308893345e-19,
                1.20423093905e-18,
                1.95493487827e-18,
                2.41523483296e-18,
                3.17904079609e-18,
                2.96481507951e-18,
                3.19429917646e-18,
                3.79998005292e-18,
                4.80353046132e-18,
                7.38394685196e-18,
                9.22246577838e-18,
                5.57135259312e-18,
                9.54534497715e-18,
                1.32637228355e-17,
                1.18512780251e-17,
                1.30374914195e-17,
                1.2788633305e-17,
                1.40773997245e-17,
                1.29818883387e-17,
                1.28648720605e-17,
                1.32274369035e-17,
                1.02383403507e-17,
                7.28908908804e-18,
                4.68357355607e-18,
                2.75023987912e-18,
                1.0801781456e-18,
                2.48788967338e-19,
                3.41552051458e-20
            ],
            "var": [
                19.6583499908,
                270.368896484,
                77.4239044189,
                87.6126480103,
                33.0991477966,
                75.4801330566,
                327.439971924,
                930.210144043,
                5597.8984375,
                3122.10571289,
                4031.94091797,
                12023.6875,
                13321.4335938,
                15680.1582031,
                8226.81640625,
                6754.37402344,
                3250.67480469,
                2069.00976562,
                1268.859375,
                1227.19445801,
                765.278198242,
                472.465240479,
                692.169128418,
                306.919219971,
                157.715194702,
                109.899490356,
                179.532608032,
                205.731643677,
                202.484100342,
                514.856079102,
                1832.28015137,
                694.452880859,
                54.3604469299,
                6.70641708374,
                1.05661249161,
                0.0750572308898,
                0.00556927314028,
                0.000100754368759,
                5.12087808602e-07,
                1.32059430058e-08
            ]
        },
        "erbbands_crest": {
            "dmean": 3.18829512596,
            "dmean2": 5.14963579178,
            "dvar": 8.52624607086,
            "dvar2": 20.2777404785,
            "max": 31.8162384033,
            "mean": 10.6416702271,
            "median": 9.87022781372,
            "min": 2.78868985176,
            "var": 18.7670783997
        },
        "erbbands_flatness_db": {
            "dmean": 0.0278179030865,
            "dmean2": 0.0394930168986,
            "dvar": 0.000630869646557,
            "dvar2": 0.0011733105639,
            "max": 0.440481185913,
            "mean": 0.170995861292,
            "median": 0.162030383945,
            "min": 0.0576269738376,
            "var": 0.0031381319277
        },
        "erbbands_kurtosis": {
            "dmean": 1.86113476753,
            "dmean2": 2.96068191528,
            "dvar": 8.40603351593,
            "dvar2": 18.8720321655,
            "max": 54.2368278503,
            "mean": 1.3640614748,
            "median": 0.380301237106,
            "min": -1.87187969685,
            "var": 13.5269088745
        },
        "erbbands_skewness": {
            "dmean": 0.602403342724,
            "dmean2": 0.970264613628,
            "dvar": 0.455368101597,
            "dvar2": 1.136089921,
            "max": 6.64624071121,
            "mean": 0.492241352797,
            "median": 0.51338249445,
            "min": -4.17569065094,
            "var": 0.819773554802
        },
        "erbbands_spread": {
            "dmean": 18.3511047363,
            "dmean2": 29.0083808899,
            "dvar": 506.008758545,
            "dvar2": 1073.56335449,
            "max": 178.457199097,
            "mean": 43.7717323303,
            "median": 34.7210350037,
            "min": 2.56634712219,
            "var": 931.110961914
        },
        "gfcc": {
            "cov": [
                [
                    15455.5585938,
                    -508.371704102,
                    1498.56872559,
                    1429.06445312,
                    -143.923660278,
                    1856.2890625,
                    321.59286499,
                    871.332946777,
                    196.534194946,
                    280.851745605,
                    166.187820435,
                    539.414672852,
                    -170.771057129
                ],
                [
                    -508.371704102,
                    2626.63623047,
                    438.887817383,
                    -221.331237793,
                    1033.21154785,
                    -270.29800415,
                    541.111877441,
                    -10.382598877,
                    288.425689697,
                    -39.5426750183,
                    265.779022217,
                    -165.731796265,
                    261.432312012
                ],
                [
                    1498.56872559,
                    438.887817383,
                    2320.375,
                    755.290588379,
                    556.998840332,
                    794.765075684,
                    433.875274658,
                    313.616607666,
                    346.446533203,
                    211.545669556,
                    217.883117676,
                    209.248031616,
                    66.9925613403
                ],
                [
                    1429.06445312,
                    -221.331237793,
                    755.290588379,
                    704.435668945,
                    179.500595093,
                    408.583953857,
                    174.691558838,
                    174.871765137,
                    184.145935059,
                    123.872398376,
                    73.8417739868,
                    123.165657043,
                    21.8390598297
                ],
                [
                    -143.923660278,
                    1033.21154785,
                    556.998840332,
                    179.500595093,
                    871.202575684,
                    134.287902832,
                    405.81048584,
                    148.44758606,
                    217.926345825,
                    96.3112792969,
                    159.386566162,
                    8.62431049347,
                    148.524398804
                ],
                [
                    1856.2890625,
                    -270.29800415,
                    794.765075684,
                    408.583953857,
                    134.287902832,
                    777.222106934,
                    245.382507324,
                    204.066574097,
                    99.4411468506,
                    93.8930511475,
                    89.2818908691,
                    170.531494141,
                    -34.7902107239
                ],
                [
                    321.59286499,
                    541.111877441,
                    433.875274658,
                    174.691558838,
                    405.81048584,
                    245.382507324,
                    477.888183594,
                    117.693832397,
                    108.402481079,
                    47.7072296143,
                    124.178123474,
                    49.6262779236,
                    66.1035079956
                ],
                [
                    871.332946777,
                    -10.382598877,
                    313.616607666,
                    174.871765137,
                    148.44758606,
                    204.066574097,
                    117.693832397,
                    258.63381958,
                    77.6551589966,
                    68.9076919556,
                    51.4387054443,
                    65.6985702515,
                    14.8530273438
                ],
                [
                    196.534194946,
                    288.425689697,
                    346.446533203,
                    184.145935059,
                    217.926345825,
                    99.4411468506,
                    108.402481079,
                    77.6551589966,
                    233.435348511,
                    49.5880813599,
                    56.3009414673,
                    10.1515483856,
                    46.1558265686
                ],
                [
                    280.851745605,
                    -39.5426750183,
                    211.545669556,
                    123.872398376,
                    96.3112792969,
                    93.8930511475,
                    47.7072296143,
                    68.9076919556,
                    49.5880813599,
                    142.671600342,
                    42.6353797913,
                    21.2847995758,
                    13.8612670898
                ],
                [
                    166.187820435,
                    265.779022217,
                    217.883117676,
                    73.8417739868,
                    159.386566162,
                    89.2818908691,
                    124.178123474,
                    51.4387054443,
                    56.3009414673,
                    42.6353797913,
                    144.058181763,
                    26.6544361115,
                    20.5508270264
                ],
                [
                    539.414672852,
                    -165.731796265,
                    209.248031616,
                    123.165657043,
                    8.62431049347,
                    170.531494141,
                    49.6262779236,
                    65.6985702515,
                    10.1515483856,
                    21.2847995758,
                    26.6544361115,
                    143.001144409,
                    -6.42055988312
                ],
                [
                    -170.771057129,
                    261.432312012,
                    66.9925613403,
                    21.8390598297,
                    148.524398804,
                    -34.7902107239,
                    66.1035079956,
                    14.8530273438,
                    46.1558265686,
                    13.8612670898,
                    20.5508270264,
                    -6.42055988312,
                    111.117637634
                ]
            ],
            "icov": [
                [
                    0.000164571712958,
                    -0.000381021818612,
                    0.000160995812621,
                    -0.000405691040214,
                    0.000357703771442,
                    -0.000443968980107,
                    0.000243095797487,
                    -0.000446645688498,
                    0.000247327465331,
                    -0.000288743001875,
                    0.000318137666909,
                    -0.000340915721608,
                    0.00028475059662
                ],
                [
                    -0.000381021818612,
                    0.00266228010878,
                    -0.000775711727329,
                    0.00195145152975,
                    -0.0020775787998,
                    0.00172023661435,
                    -0.00141357339453,
                    0.00147426989861,
                    -0.00155685679056,
                    0.00214193295687,
                    -0.00251500168815,
                    0.00204187165946,
                    -0.00184307130985
                ],
                [
                    0.000160995812621,
                    -0.000775711727329,
                    0.00120041216724,
                    -0.00101625756361,
                    0.000420647265855,
                    -0.00114169006702,
                    0.00043757550884,
                    -0.000510093232151,
                    -5.29018761881e-05,
                    -0.000866998801939,
                    0.000375438597985,
                    -0.000886060181074,
                    0.00044614833314
                ],
                [
                    -0.000405691040214,
                    0.00195145152975,
                    -0.00101625756361,
                    0.00444089109078,
                    -0.00131698488258,
                    0.000862144632265,
                    -0.00121184252203,
                    0.00110089115333,
                    -0.00249726651236,
                    0.000515317777172,
                    -0.0013756492408,
                    0.000705206766725,
                    -0.00160265201703
                ],
                [
                    0.000357703771442,
                    -0.0020775787998,
                    0.000420647265855,
                    -0.00131698488258,
                    0.00445715431124,
                    -0.00112860742956,
                    -0.000507377029862,
                    -0.0017181399744,
                    0.000125980674056,
                    -0.00220934278332,
                    0.00114288821351,
                    -0.00110637571197,
                    -0.000388505490264
                ],
                [
                    -0.000443968980107,
                    0.00172023661435,
                    -0.00114169006702,
                    0.000862144632265,
                    -0.00112860742956,
                    0.00449286121875,
                    -0.00200959015638,
                    0.000616167322733,
                    -0.000820418877993,
                    0.00118287280202,
                    -0.00144725490827,
                    -0.000114893569844,
                    0.00027188990498
                ],
                [
                    0.000243095797487,
                    -0.00141357339453,
                    0.00043757550884,
                    -0.00121184252203,
                    -0.000507377029862,
                    -0.00200959015638,
                    0.00517862476408,
                    -0.00108087121043,
                    0.00123028852977,
                    -0.000241980626015,
                    -0.000247004936682,
                    -0.00101743801497,
                    0.000292521057418
                ],
                [
                    -0.000446645688498,
                    0.00147426989861,
                    -0.000510093232151,
                    0.00110089115333,
                    -0.0017181399744,
                    0.000616167322733,
                    -0.00108087121043,
                    0.00712964078411,
                    -0.0015327410074,
                    -0.0002266978845,
                    -0.00128595589194,
                    -1.83931035735e-06,
                    -0.00098173529841
                ],
                [
                    0.000247327465331,
                    -0.00155685679056,
                    -5.29018761881e-05,
                    -0.00249726651236,
                    0.000125980674056,
                    -0.000820418877993,
                    0.00123028852977,
                    -0.0015327410074,
                    0.00818654801697,
                    -0.00103048270103,
                    0.000850996584632,
                    0.000161297764862,
                    0.000193403626326
                ],
                [
                    -0.000288743001875,
                    0.00214193295687,
                    -0.000866998801939,
                    0.000515317777172,
                    -0.00220934278332,
                    0.00118287280202,
                    -0.000241980626015,
                    -0.0002266978845,
                    -0.00103048270103,
                    0.0111862039194,
                    -0.00366258900613,
                    0.00232076714747,
                    -0.00171994930133
                ],
                [
                    0.000318137666909,
                    -0.00251500168815,
                    0.000375438597985,
                    -0.0013756492408,
                    0.00114288821351,
                    -0.00144725490827,
                    -0.000247004936682,
                    -0.00128595589194,
                    0.000850996584632,
                    -0.00366258900613,
                    0.0126036619768,
                    -0.00290293479338,
                    0.00239286362194
                ],
                [
                    -0.000340915721608,
                    0.00204187165946,
                    -0.000886060181074,
                    0.000705206766725,
                    -0.00110637571197,
                    -0.000114893569844,
                    -0.00101743801497,
                    -1.83931035735e-06,
                    0.000161297764862,
                    0.00232076714747,
                    -0.00290293479338,
                    0.011986086145,
                    -0.00201101927087
                ],
                [
                    0.00028475059662,
                    -0.00184307130985,
                    0.00044614833314,
                    -0.00160265201703,
                    -0.000388505490264,
                    0.00027188990498,
                    0.000292521057418,
                    -0.00098173529841,
                    0.000193403626326,
                    -0.00171994930133,
                    0.00239286362194,
                    -0.00201101927087,
                    0.0139564778656
                ]
            ],
            "mean": [
                -32.5128936768,
                107.163070679,
                -87.8069152832,
                24.1840858459,
                -54.1366729736,
                26.2294330597,
                -20.814786911,
                20.2380275726,
                0.225773319602,
                3.85486292839,
                -2.55696105957,
                2.08054661751,
                -0.892187178135
            ]
        },
        "hfc": {
            "dmean": 17.7084274292,
            "dmean2": 28.3827781677,
            "dvar": 646.645690918,
            "dvar2": 1589.44726562,
            "max": 179.530761719,
            "mean": 28.2951869965,
            "median": 18.1367149353,
            "min": 1.11878957175e-16,
            "var": 815.692749023
        },
        "melbands": {
            "dmean": [
                0.00843977089971,
                0.00243798806332,
                0.000457010581158,
                0.000180445931619,
                0.00021591525001,
                0.000249466887908,
                0.000308590912027,
                0.000164361481438,
                0.00021885575552,
                0.000232194899581,
                0.000184755248483,
                0.000155742513016,
                9.82982746791e-05,
                7.24187702872e-05,
                5.51409029868e-05,
                3.38876634487e-05,
                2.61752902588e-05,
                2.10669168155e-05,
                1.64085668075e-05,
                1.457747112e-05,
                9.67129926721e-06,
                7.08811921868e-06,
                9.65805065789e-06,
                6.95027392794e-06,
                4.4328076001e-06,
                3.44488512383e-06,
                2.43051454163e-06,
                2.51731330536e-06,
