{
    "lowlevel": {
        "average_loudness": 0.938611030579,
        "barkbands": {
            "dmean": [
                0.000220624555368,
                0.00542263872921,
                0.00275705591775,
                0.00125552003738,
                0.00203039194457,
                0.000839963438921,
                0.000853072036989,
                0.000617806683294,
                0.000786574557424,
                0.000414519396145,
                0.000559476669878,
                0.000454548950074,
                0.00056450732518,
                0.000641443941277,
                0.000505597272422,
                0.000371033791453,
                0.000322241918184,
                0.000149206767674,
                0.000199452930246,
                0.000161523217685,
                8.16368410597e-05,
                7.11902830517e-05,
                6.94292612025e-05,
                6.72336173011e-05,
                3.34599280905e-05,
                1.3652643247e-05,
                2.37380095314e-06
            ],
            "dmean2": [
                0.000350335845724,
                0.00957324448973,
                0.00482933642343,
                0.00216680811718,
                0.00338829122484,
                0.00130579026882,
                0.00130542949773,
                0.000969454529695,
                0.00117958139163,
                0.000653457769658,
                0.000831841083709,
                0.000721951539163,
                0.00092460605083,
                0.00102135527413,
                0.000805555086117,
                0.000578819948714,
                0.000494666048326,
                0.000241690358962,
                0.000310944771627,
                0.000267866649665,
                0.000137206923682,
                0.00011750831618,
                0.000111174646008,
                0.000104388403997,
                4.9561382184e-05,
                2.02273240575e-05,
                3.77385958927e-06
            ],
            "dvar": [
                3.75351902449e-07,
                0.000230736332014,
                3.22536252497e-05,
                3.97095800508e-06,
                1.75196710188e-05,
                2.98499003293e-06,
                3.25431915371e-06,
                2.52030122283e-06,
                2.73539899354e-06,
                9.46963780279e-07,
                1.94385825125e-06,
                1.50828702772e-06,
                1.58452428423e-06,
                2.21511845666e-06,
                1.23887900827e-06,
                4.98161739415e-07,
                3.02955442066e-07,
                7.38597449867e-08,
                1.03019516473e-07,
                8.0864609231e-08,
                2.69923674523e-08,
                2.6331537839e-08,
                3.7566650235e-08,
                3.44720447742e-08,
                9.84132242365e-09,
                1.38272115979e-09,
                3.06582433052e-11
            ],
            "dvar2": [
                8.69800771852e-07,
                0.000649505120236,
                9.44387793425e-05,
                1.11471144919e-05,
                4.5729586418e-05,
                7.137286957e-06,
                7.26843245502e-06,
                5.84630470257e-06,
                5.91548314333e-06,
                2.13309363062e-06,
                3.77855985789e-06,
                3.66279778063e-06,
                4.0053214434e-06,
                5.28455075255e-06,
                3.07320783577e-06,
                1.11522706447e-06,
                6.88564909979e-07,
                1.8017620107e-07,
                2.29235538995e-07,
                1.98929271278e-07,
                7.20004180721e-08,
                6.75176252685e-08,
                8.85771456183e-08,
                7.85551819149e-08,
                2.23775487029e-08,
                3.21197379805e-09,
                6.99791752323e-11
            ],
            "max": [
                0.00506899971515,
                0.121256753802,
                0.0659756362438,
                0.0256098657846,
                0.0518726930022,
                0.0343405082822,
                0.0300822500139,
                0.0335682593286,
                0.0310833081603,
                0.0292546916753,
                0.0430514328182,
                0.0481838285923,
                0.0247492883354,
                0.0293593369424,
                0.0230246447027,
                0.0136207947508,
                0.00854849908501,
                0.00533324247226,
                0.00679761311039,
                0.00454133143649,
                0.00212531839497,
                0.00297238770872,
                0.00517396023497,
                0.00418841885403,
                0.00347022362985,
                0.00153259153012,
                0.000202988740057
            ],
            "mean": [
                0.000225013471209,
                0.00612854957581,
                0.00432880921289,
                0.00201383722015,
                0.00316138914786,
                0.00165955896955,
                0.00165375985671,
                0.00105308718048,
                0.00160180567764,
                0.000727884238586,
                0.00102839886677,
                0.000791668193415,
                0.000891727802809,
                0.000928730936721,
                0.000873778713867,
                0.000882145599462,
                0.000739075418096,
                0.000282621302176,
                0.000447402941063,
                0.000317519385135,
                0.000150193984155,
                0.000135938636959,
                0.000117009592941,
                0.000116647592222,
                6.86405328452e-05,
                2.76547161775e-05,
                3.61703132512e-06
            ],
            "median": [
                4.73827894893e-05,
                0.00333620817401,
                0.00304386625066,
                0.00126285699662,
                0.0018628470134,
                0.000809666991699,
                0.000625444343314,
                0.000286437076284,
                0.000753717264161,
                0.000335662858561,
                0.000395135488361,
                0.000343008548953,
                0.00039442704292,
                0.000359962345101,
                0.000342350831488,
                0.000342255225405,
                0.000325957516907,
                0.000164216122357,
                0.000245092465775,
                0.000151349726366,
                8.33358426462e-05,
                7.18376541045e-05,
                4.38899478468e-05,
                4.44494216936e-05,
                2.9685712434e-05,
                9.74018621491e-06,
                6.3184040755e-07
            ],
            "min": [
                1.67045698524e-23,
                5.24688080359e-23,
                5.76356765712e-24,
                4.31598423021e-24,
                1.66361850783e-23,
                2.31078327062e-23,
                2.71547222822e-23,
                4.51640538723e-23,
                9.14273570171e-23,
                8.58985023006e-23,
                7.04665212827e-23,
                1.37574868003e-22,
                6.42664090447e-23,
                4.28445661527e-23,
                1.72380218935e-22,
                1.65209940312e-22,
                1.79113430751e-22,
                1.92509828778e-22,
                5.04774548984e-22,
                2.51424081638e-22,
                6.5908801041e-22,
                5.92744530602e-22,
                6.60872325426e-22,
                1.26536560761e-21,
                1.36447794028e-21,
                1.79927232282e-21,
                2.23804720914e-21
            ],
            "var": [
                3.63932457503e-07,
                0.000152305743541,
                2.8526665119e-05,
                6.31762895864e-06,
                1.86271699931e-05,
                6.44944066153e-06,
                8.85132249095e-06,
                6.19426919002e-06,
                6.72108444633e-06,
                2.31905141845e-06,
                5.10148265676e-06,
                2.94396454592e-06,
                2.79703658634e-06,
                3.28096916746e-06,
                2.5326485229e-06,
                2.11366136682e-06,
                1.22115682188e-06,
                1.49036765151e-07,
                3.2160684782e-07,
                1.95721426621e-07,
                3.94863697295e-08,
                4.25173602991e-08,
                6.03592553716e-08,
                5.86581379025e-08,
                1.94705016554e-08,
                2.76881428896e-09,
                5.10279492272e-11
            ]
        },
        "barkbands_crest": {
            "dmean": 2.29278516769,
            "dmean2": 3.79641675949,
            "dvar": 6.69852399826,
            "dvar2": 18.3988819122,
            "max": 23.4875793457,
            "mean": 8.86604404449,
            "median": 7.97986936569,
            "min": 1.97023689747,
            "var": 14.7686033249
        },
        "barkbands_flatness_db": {
            "dmean": 0.0177304130048,
            "dmean2": 0.0277172774076,
            "dvar": 0.00041738586151,
            "dvar2": 0.00102528149728,
            "max": 0.47180980444,
            "mean": 0.128154247999,
            "median": 0.109555028379,
            "min": 0.0199365615845,
            "var": 0.00490259751678
        },
        "barkbands_kurtosis": {
            "dmean": 2.39608025551,
            "dmean2": 3.94424343109,
            "dvar": 25.1684398651,
            "dvar2": 65.588508606,
            "max": 113.896209717,
            "mean": 3.42186808586,
            "median": 0.907241165638,
            "min": -1.94893872738,
            "var": 62.1210021973
        },
        "barkbands_skewness": {
            "dmean": 0.503004968166,
            "dmean2": 0.79408800602,
            "dvar": 0.397994071245,
            "dvar2": 0.983800649643,
            "max": 9.67365837097,
            "mean": 1.36727666855,
            "median": 1.16999197006,
            "min": -2.07634711266,
            "var": 1.34785401821
        },
        "barkbands_spread": {
            "dmean": 4.6829533577,
            "dmean2": 7.23028802872,
            "dvar": 39.734287262,
            "dvar2": 81.0696640015,
            "max": 159.804611206,
            "mean": 23.8555908203,
            "median": 22.4643516541,
            "min": 0.517400383949,
            "var": 233.856781006
        },
        "dissonance": {
            "dmean": 0.015243708156,
            "dmean2": 0.0251869019121,
            "dvar": 0.000322266132571,
            "dvar2": 0.000833698839415,
            "max": 0.5,
            "mean": 0.466043144464,
            "median": 0.477542847395,
            "min": 0.22185780108,
            "var": 0.00126648065634
        },
        "dynamic_complexity": 3.03240036964,
        "erbbands": {
            "dmean": [
                0.141199350357,
                1.27516961098,
                3.10123205185,
                3.47336483002,
                6.23712348938,
                7.00111913681,
                6.36583471298,
                7.43733024597,
                9.00041007996,
                16.2829494476,
                11.2601213455,
                17.5266132355,
                15.2872695923,
                12.4823284149,
                20.7373046875,
                16.2092342377,
                24.8812713623,
                23.0611915588,
                26.622800827,
                32.6794967651,
                19.4073581696,
                15.0426874161,
                8.81799030304,
                8.19786071777,
                10.4144973755,
                6.69046592712,
                3.75908946991,
                3.11876606941,
                2.61124777794,
                2.25059175491,
                1.9562394619,
                1.58561658859,
                1.02608668804,
                0.449770689011,
                0.219055175781,
                0.0772030055523,
                0.0235587432981,
                0.00454229535535,
                0.000401674798923,
                2.36776559177e-05
            ],
            "dmean2": [
                0.252361387014,
                2.24730682373,
                5.46641492844,
                5.99643230438,
                10.6147594452,
                11.8585338593,
                10.1067657471,
                11.5292882919,
                14.110994339,
                24.8395709991,
                17.4530162811,
                26.2049560547,
                23.6316242218,
                19.159116745,
                31.0191402435,
                25.6263332367,
                39.7725753784,
                36.8077812195,
                42.6841850281,
                51.2048988342,
                30.4313106537,
                22.9065303802,
                14.094244957,
                12.9692831039,
                16.0915222168,
                11.0527563095,
                6.32632350922,
                5.27364444733,
                4.32379436493,
                3.67842388153,
                3.12821555138,
                2.47559905052,
                1.59704816341,
                0.676959455013,
                0.326283097267,
                0.113132961094,
                0.0356692895293,
                0.00716271391138,
                0.000638627621811,
                3.82929683838e-05
            ],
            "dvar": [
                0.177990153432,
                12.1651830673,
                47.9857902527,
                33.7320022583,
                193.548461914,
                197.668762207,
                140.629196167,
                262.229431152,
                403.574951172,
                1621.17871094,
                739.522216797,
                1703.26672363,
                1113.9666748,
                834.008789063,
                2420.49536133,
                1516.06604004,
                2940.80371094,
                2941.07861328,
                5814.4453125,
                5427.5859375,
                1218.64221191,
                553.151611328,
                226.40562439,
                214.778167725,
                308.999420166,
                138.03742981,
                58.4974441528,
                42.1615791321,
                35.9676055908,
                30.8443279266,
                30.2493686676,
                21.1685600281,
                7.42509174347,
                1.33319556713,
                0.656840801239,
                0.0761673375964,
                0.00283188349567,
                9.04177722987e-05,
                9.46867032781e-07,
                1.85771809047e-09
            ],
            "dvar2": [
                0.505087196827,
                34.1511077881,
                140.044250488,
                95.4077377319,
                516.894714355,
                525.410766602,
                330.708404541,
                618.138793945,
                899.905334473,
                3404.41894531,
                1694.89929199,
                3735.67138672,
                2380.19360352,
                1847.86706543,
                5028.86083984,
                3625.14575195,
                7333.49658203,
                6884.53369141,
                14808.8691406,
                12410.1933594,
                2867.64624023,
                1224.81323242,
                549.988891602,
                493.393798828,
                673.232910156,
                343.640808105,
                155.873779297,
                112.916038513,
                93.2525024414,
                75.2438735962,
                70.8848419189,
                47.5321311951,
                17.6063976288,
                2.89354467392,
                1.57712066174,
                0.179675519466,
                0.00662723649293,
                0.000216307729715,
                2.12452368942e-06,
                4.49347181686e-09
            ],
            "max": [
                3.18511223793,
                29.2096729279,
                89.7516708374,
                71.5998764038,
                160.789627075,
                189.809082031,
                346.048461914,
                311.333679199,
                529.061401367,
                1010.71466064,
                591.078491211,
                939.429077148,
                928.389099121,
                717.548217773,
                1297.55505371,
                1097.99780273,
                1074.77844238,
                1086.03283691,
                1740.79333496,
                1482.8104248,
                760.183898926,
                399.266601563,
                348.293945313,
                567.728881836,
                304.946044922,
                218.496643066,
                177.133163452,
                88.9265365601,
                100.192756653,
                110.229537964,
                132.452529907,
                94.2096099854,
                57.3291473389,
                34.0998764038,
                33.7102050781,
                8.89070987701,
                2.03895258904,
                0.160722762346,
                0.042071249336,
                0.000846607843414
            ],
            "mean": [
                0.147071912885,
                1.50402593613,
                4.7499833107,
                6.0470790863,
                8.65708446503,
                10.6341209412,
                12.3610134125,
                14.5166606903,
                16.1148738861,
                33.2498626709,
                21.5913658142,
                33.9067802429,
                32.376247406,
                25.5100917816,
                40.4408454895,
                31.1519470215,
                42.7280654907,
                38.8794746399,
                41.8510360718,
                62.0957984924,
                48.0711669922,
                38.2474594116,
                20.8220424652,
                17.6711387634,
                24.607383728,
                13.4502124786,
                7.13572502136,
                5.61145401001,
                4.92407989502,
                4.0498714447,
                3.22987794876,
                2.60402226448,
                1.7984136343,
                0.901529669762,
                0.427022814751,
                0.155071824789,
                0.0457038395107,
                0.00800100527704,
                0.000612690870184,
                5.62084242119e-05
            ],
            "median": [
                0.0719895660877,
                0.84730297327,
                3.34902858734,
                4.51643753052,
                4.65880537033,
                5.76843214035,
                7.11913299561,
                7.18311882019,
                6.72341775894,
                10.2553319931,
                8.38083267212,
                15.6966905594,
                16.9312038422,
                13.317158699,
                17.7451992035,
                14.9288129807,
                20.034526825,
                16.3713760376,
                17.5378837585,
                22.197719574,
                20.5998420715,
                18.6220092773,
                12.440454483,
                10.7102766037,
                11.8271532059,
                7.23486185074,
                3.85722851753,
                3.14961791039,
                2.60131311417,
                1.77195203304,
                1.21792519093,
                0.913019835949,
                0.708515644073,
                0.404957234859,
                0.168601006269,
                0.0594021193683,
                0.0149240549654,
                0.00200174050406,
                0.000126797618577,
                4.20070136897e-05
            ],
            "min": [
                2.93595863665e-21,
                6.18188987927e-21,
                6.59959387429e-21,
                1.3267892207e-20,
                6.4631705463e-20,
                2.77452404075e-20,
                9.42607010816e-20,
                1.99207645099e-19,
                2.6176267486e-19,
                8.31483761196e-19,
                1.05740617353e-18,
                2.47604087979e-18,
                1.75577977206e-18,
                2.77961533742e-18,
                5.21930907391e-18,
                4.0782857972e-18,
                2.81251603269e-18,
                1.7174128605e-18,
                6.79010851354e-18,
                8.69090876341e-18,
                7.87689603903e-18,
                8.71920578498e-18,
                1.04982322274e-17,
                1.95763905576e-17,
                2.36529748443e-17,
                1.36939742136e-17,
                2.421540803e-17,
                2.44028256501e-17,
                2.2718768641e-17,
                2.18858027273e-17,
                1.86702423207e-17,
                2.4092804974e-17,
                2.06742809149e-17,
                1.38186477027e-17,
                1.04437508035e-17,
                6.04100961491e-18,
                3.43445183537e-18,
                1.2722169136e-18,
                3.00272197525e-19,
                3.29405388839e-20
            ],
            "var": [
                0.114807553589,
                8.10669612885,
                37.2416419983,
                40.2303276062,
                179.39894104,
                229.717391968,
                274.757995605,
                517.818115234,
                856.287475586,
                4903.20019531,
                2025.29174805,
                3656.34130859,
                3019.16894531,
                1885.86181641,
                6176.08837891,
                3186.35961914,
                5465.93115234,
                5606.953125,
                6920.25878906,
                14504.9208984,
                5089.07910156,
                2729.74536133,
                661.784851074,
                525.120666504,
                1091.25256348,
                289.487823486,
                90.2434082031,
                58.161277771,
                55.2809486389,
                53.6243896484,
                47.6901779175,
                34.9669418335,
                12.3598966599,
                3.11569285393,
                0.986557245255,
                0.12752597034,
                0.0059869219549,
                0.000175241963007,
                1.5408213585e-06,
                2.94484103769e-09
            ]
        },
        "erbbands_crest": {
            "dmean": 2.23558735847,
            "dmean2": 3.57837581635,
            "dvar": 5.25659990311,
            "dvar2": 13.3189849854,
            "max": 30.0691146851,
            "mean": 8.1879491806,
            "median": 7.38402605057,
            "min": 2.26968240738,
            "var": 14.161690712
        },
        "erbbands_flatness_db": {
            "dmean": 0.0149902561679,
            "dmean2": 0.0218583680689,
            "dvar": 0.000258436368313,
            "dvar2": 0.000503055518493,
            "max": 0.355764895678,
            "mean": 0.150593265891,
            "median": 0.145806372166,
            "min": 0.0316336341202,
            "var": 0.00211000116542
        },
        "erbbands_kurtosis": {
            "dmean": 0.724793195724,
            "dmean2": 1.10474014282,
            "dvar": 1.24279808998,
            "dvar2": 2.68929314613,
            "max": 38.2602462769,
            "mean": 0.604334235191,
            "median": 0.0214305706322,
            "min": -1.73979866505,
            "var": 4.68554973602
        },
        "erbbands_skewness": {
            "dmean": 0.275098323822,
            "dmean2": 0.414878368378,
            "dvar": 0.0816673636436,
            "dvar2": 0.175017029047,
            "max": 5.14614868164,
            "mean": 0.0894255712628,
            "median": 0.0377868786454,
            "min": -3.06694436073,
            "var": 0.609405398369
        },
        "erbbands_spread": {
            "dmean": 7.25007772446,
            "dmean2": 11.3874502182,
            "dvar": 78.7869338989,
            "dvar2": 188.988082886,
            "max": 172.039123535,
            "mean": 35.3176460266,
            "median": 32.7803764343,
            "min": 3.30092978477,
            "var": 268.816101074
        },
        "gfcc": {
            "cov": [
                [
                    15356.5957031,
                    -1582.10266113,
                    -2181.94824219,
                    571.966918945,
                    -759.024230957,
                    282.629425049,
                    -302.32824707,
                    613.643493652,
                    -154.22076416,
                    164.229614258,
                    -393.578338623,
                    36.3133354187,
                    -203.324584961
                ],
                [
                    -1582.10266113,
                    1585.53588867,
                    139.62487793,
                    -148.497558594,
                    240.983703613,
                    -130.687591553,
                    109.142601013,
                    -157.830184937,
                    100.939491272,
                    -102.145637512,
                    129.161087036,
                    -97.545211792,
                    81.1929626465
                ],
                [
                    -2181.94824219,
                    139.62487793,
                    960.330322266,
                    -59.9273605347,
                    167.959625244,
                    24.3558673859,
                    29.5314483643,
                    -75.4528884888,
                    23.4429645538,
                    30.5910129547,
                    48.2751502991,
                    45.3257484436,
                    -24.7298851013
                ],
                [
                    571.966918945,
                    -148.497558594,
                    -59.9273605347,
                    436.014953613,
                    1.68099415302,
                    81.770362854,
                    23.786315918,
                    18.6723213196,
                    31.3911800385,
                    -13.8903617859,
                    -31.6910839081,
                    -3.2729139328,
                    45.7273178101
                ],
                [
                    -759.024230957,
                    240.983703613,
                    167.959625244,
                    1.68099415302,
                    309.965362549,
                    -6.46507644653,
                    24.1472473145,
                    -10.8218917847,
                    62.2500953674,
                    28.3860530853,
                    24.6199760437,
                    11.5594596863,
                    23.9178543091
                ],
                [
                    282.629425049,
                    -130.687591553,
                    24.3558673859,
                    81.770362854,
                    -6.46507644653,
                    215.598419189,
                    102.750541687,
                    25.4842853546,
                    -20.9854679108,
                    11.5718412399,
                    -3.71083521843,
                    -0.631878495216,
                    -9.62502765656
                ],
                [
                    -302.32824707,
                    109.142601013,
                    29.5314483643,
                    23.786315918,
                    24.1472473145,
                    102.750541687,
                    223.77166748,
                    25.6035385132,
                    -5.01487159729,
                    -21.1311092377,
                    17.3178634644,
                    -16.9528503418,
                    -6.92842245102
                ],
                [
                    613.643493652,
                    -157.830184937,
                    -75.4528884888,
                    18.6723213196,
                    -10.8218917847,
                    25.4842853546,
                    25.6035385132,
                    138.213088989,
                    15.1512498856,
                    20.0987148285,
                    -20.5143680573,
                    6.20234537125,
                    -15.3903770447
                ],
                [
                    -154.22076416,
                    100.939491272,
                    23.4429645538,
                    31.3911800385,
                    62.2500953674,
                    -20.9854679108,
                    -5.01487159729,
                    15.1512498856,
                    99.266960144,
                    30.4626502991,
                    5.31026220322,
                    -10.1539850235,
                    15.0892620087
                ],
                [
                    164.229614258,
                    -102.145637512,
                    30.5910129547,
                    -13.8903617859,
                    28.3860530853,
                    11.5718412399,
                    -21.1311092377,
                    20.0987148285,
                    30.4626502991,
                    94.5955505371,
                    9.23191070557,
                    12.834148407,
                    -15.5878067017
                ],
                [
                    -393.578338623,
                    129.161087036,
                    48.2751502991,
                    -31.6910839081,
                    24.6199760437,
                    -3.71083521843,
                    17.3178634644,
                    -20.5143680573,
                    5.31026220322,
                    9.23191070557,
                    75.7909469604,
                    5.85506725311,
                    3.38308238983
                ],
                [
                    36.3133354187,
                    -97.545211792,
                    45.3257484436,
                    -3.2729139328,
                    11.5594596863,
                    -0.631878495216,
                    -16.9528503418,
                    6.20234537125,
                    -10.1539850235,
                    12.834148407,
                    5.85506725311,
                    76.5797729492,
                    16.1865367889
                ],
                [
                    -203.324584961,
                    81.1929626465,
                    -24.7298851013,
                    45.7273178101,
                    23.9178543091,
                    -9.62502765656,
                    -6.92842245102,
                    -15.3903770447,
                    15.0892620087,
                    -15.5878067017,
                    3.38308238983,
                    16.1865367889,
                    75.9893035889
                ]
            ],
            "icov": [
                [
                    0.000202667797566,
                    -0.000214697953197,
                    0.000391474401113,
                    -0.000293949357001,
                    0.000271889788564,
                    -0.000347250781488,
                    0.000440723233623,
                    -0.000629288027994,
                    0.000357291777618,
                    -0.000538789434358,
                    0.000721438322216,
                    -0.000589707167819,
                    0.000771160877775
                ],
                [
                    -0.000214697953197,
                    0.00174706790131,
                    -0.000415548449382,
                    0.000866141461302,
                    -0.00107676524203,
                    0.000992812449113,
                    -0.00122507056221,
                    0.00171826733276,
                    -0.00172947614919,
                    0.00224089389667,
                    -0.00256910314783,
                    0.0023819510825,
                    -0.00198654225096
                ],
                [
                    0.000391474401113,
                    -0.000415548449382,
                    0.00209476356395,
                    -0.000471863546409,
                    -0.000102838028397,
                    -0.000925389700569,
                    0.000717063259799,
                    -0.000316712423228,
                    0.000269080745056,
                    -0.000980663578957,
                    0.0011055477662,
                    -0.00220387219451,
                    0.00253916159272
                ],
                [
                    -0.000293949357001,
                    0.000866141461302,
                    -0.000471863546409,
                    0.00355692277662,
                    -0.000561580760404,
                    -0.000705437269062,
                    -0.000675683433656,
                    0.00120406947099,
                    -0.00231560878456,
                    0.00204298389144,
                    -0.000653565395623,
                    0.00157508184202,
                    -0.00316380523145
                ],
                [
                    0.000271889788564,
                    -0.00107676524203,
                    -0.000102838028397,
                    -0.000561580760404,
                    0.00504753133282,
                    -0.000592609110754,
                    0.000332669267664,
                    -0.00117101741489,
                    -0.00102629163302,
                    -0.00227754912339,
                    0.0015028337948,
                    -0.0020181692671,
                    0.00041141937254
                ],
                [
                    -0.000347250781488,
                    0.000992812449113,
                    -0.000925389700569,
                    -0.000705437269062,
                    -0.000592609110754,
                    0.00812897644937,
                    -0.00441513909027,
                    0.00105867546517,
                    0.00142223923467,
                    -0.00100764201488,
                    -0.00136070291046,
                    0.00185296777636,
                    -0.00166180287488
                ],
                [
                    0.000440723233623,
                    -0.00122507056221,
                    0.000717063259799,
                    -0.000675683433656,
                    0.000332669267664,
                    -0.00441513909027,
                    0.00810248870403,
                    -0.00337559171021,
                    0.00103759602644,
                    0.000722330179997,
                    0.000332445750246,
                    -0.00080456212163,
                    0.00261802226305
                ],
                [
                    -0.000629288027994,
                    0.00171826733276,
                    -0.000316712423228,
                    0.00120406947099,
                    -0.00117101741489,
                    0.00105867546517,
                    -0.00337559171021,
                    0.0120225371793,
                    -0.0043086707592,
                    0.00143077294342,
                    -0.00092188664712,
                    0.000587825721595,
                    -0.00065257854294
                ],
                [
                    0.000357291777618,
                    -0.00172947614919,
                    0.000269080745056,
                    -0.00231560878456,
                    -0.00102629163302,
                    0.00142223923467,
                    0.00103759602644,
                    -0.0043086707592,
                    0.0174960512668,
                    -0.00802852027118,
                    0.00233729393221,
                    0.00194582541008,
                    -0.00162959680893
                ],
                [
                    -0.000538789434358,
                    0.00224089389667,
                    -0.000980663578957,
                    0.00204298389144,
                    -0.00227754912339,
                    -0.00100764201488,
                    0.000722330179997,
                    0.00143077294342,
                    -0.00802852027118,
                    0.0185468774289,
                    -0.00598951522261,
                    0.000191767525394,
                    0.00118494278286
                ],
                [
                    0.000721438322216,
                    -0.00256910314783,
                    0.0011055477662,
                    -0.000653565395623,
                    0.0015028337948,
                    -0.00136070291046,
                    0.000332445750246,
                    -0.00092188664712,
                    0.00233729393221,
                    -0.00598951522261,
                    0.0202947109938,
                    -0.00529204681516,
                    0.00315766385756
                ],
                [
                    -0.000589707167819,
                    0.0023819510825,
                    -0.00220387219451,
                    0.00157508184202,
                    -0.0020181692671,
                    0.00185296777636,
                    -0.00080456212163,
                    0.000587825721595,
                    0.00194582541008,
                    0.000191767525394,
                    -0.00529204681516,
                    0.0204422008246,
                    -0.00933821685612
                ],
                [
                    0.000771160877775,
                    -0.00198654225096,
                    0.00253916159272,
                    -0.00316380523145,
                    0.00041141937254,
                    -0.00166180287488,
                    0.00261802226305,
                    -0.00065257854294,
                    -0.00162959680893,
                    0.00118494278286,
                    0.00315766385756,
                    -0.00933821685612,
                    0.022257681936
                ]
            ],
            "mean": [
                5.07780361176,
                98.8302536011,
                -114.762115479,
                32.2298774719,
                -47.4644317627,
                16.692773819,
                -37.2542953491,
                9.9309091568,
                -23.3779010773,
                0.175127387047,
                -15.8304758072,
                -2.61915445328,
                -10.3605709076
            ]
        },
        "hfc": {
            "dmean": 6.22377109528,
            "dmean2": 9.80912303925,
            "dvar": 87.8267440796,
            "dvar2": 201.670959473,
            "max": 112.630706787,
            "mean": 23.7359981537,
            "median": 19.3182182312,
            "min": 1.19754828337e-16,
            "var": 329.374969482
        },
        "melbands": {
            "dmean": [
                0.00140158482827,
                0.00163446262013,
                0.000663027225528,
                0.000470846862299,
                0.000240303168539,
                0.000163169359439,
                0.00014313000429,
                0.00016962470545,
                9.34207128012e-05,
                0.000112590729259,
                7.75812877691e-05,
                5.1750575949e-05,
                8.32661680761e-05,
                4.62640527985e-05,
                5.95544515818e-05,
                5.11974540132e-05,
                4.51943415101e-05,
                5.48371826881e-05,
                3.28905916831e-05,
                3.57288590749e-05,
                2.6034158509e-05,
                1.74691485881e-05,
                1.42684402817e-05,
                7.09758114681e-06,
                7.17671082384e-06,
                8.67516519065e-06,
                7.62108402341e-06,
