{
    "lowlevel": {
        "average_loudness": 0.910194039345,
        "barkbands": {
            "dmean": [
                0.000623486354016,
                0.00580877764151,
                0.00380514073186,
                0.00138085184153,
                0.00170175917447,
                0.000891052535735,
                0.000496519671287,
                0.000371394009562,
                0.000756094057579,
                0.00108970340807,
                0.000788889243267,
                0.000835073820781,
                0.000498669513036,
                0.000635154021438,
                0.000318094331305,
                0.000379896984668,
                0.0001297222625,
                0.000188792299014,
                0.000127311592223,
                7.19051749911e-05,
                3.30140755977e-05,
                2.58532400039e-05,
                2.82569126284e-05,
                3.1791299989e-05,
                1.94365838979e-05,
                6.91333798386e-06,
                4.23429497687e-07
            ],
            "dmean2": [
                0.00103452848271,
                0.00986123923212,
                0.00673250714317,
                0.00241791433655,
                0.00285122729838,
                0.00148784311023,
                0.000808740616776,
                0.000603145046625,
                0.00114580278751,
                0.00160404318012,
                0.00119273539167,
                0.00122608942911,
                0.000745690660551,
                0.000970085791778,
                0.000475639419165,
                0.000556471175514,
                0.000185440221685,
                0.000283527100692,
                0.000199451547815,
                0.000111513196316,
                5.10751815455e-05,
                4.00677927246e-05,
                4.1466235416e-05,
                4.89888625452e-05,
                2.92967652058e-05,
                1.03459005913e-05,
                6.69969153932e-07
            ],
            "dvar": [
                1.3692911125e-06,
                0.000100926808955,
                6.81218807586e-05,
                7.38729022487e-06,
                1.22496321637e-05,
                2.61273862634e-06,
                9.83375684882e-07,
                8.14615361833e-07,
                2.902129836e-06,
                6.62842558086e-06,
                5.22925893165e-06,
                5.57948351343e-06,
                1.70762496055e-06,
                2.24608038479e-06,
                7.42698091472e-07,
                1.46191098338e-06,
                1.6088556265e-07,
                2.08495066545e-07,
                6.30366869814e-08,
                2.00416927498e-08,
                6.93318691347e-09,
                6.67319799419e-09,
                5.45113731931e-09,
                1.10496483074e-08,
                4.45583836495e-09,
                7.23542614711e-10,
                3.98126106735e-12
            ],
            "dvar2": [
                3.56392274625e-06,
                0.000304019922623,
                0.000196658613277,
                2.08822129935e-05,
                3.14851022267e-05,
                7.17482862456e-06,
                2.50642256105e-06,
                1.95123425328e-06,
                6.08848267802e-06,
                1.44101368278e-05,
                1.12397592602e-05,
                1.10631744974e-05,
                3.7147644889e-06,
                5.05280786456e-06,
                1.6051072862e-06,
                2.90216121357e-06,
                3.05877023266e-07,
                4.54587450349e-07,
                1.50163074863e-07,
                4.45631513912e-08,
                1.69342477818e-08,
                1.39087514839e-08,
                1.08558282363e-08,
                2.42012330176e-08,
                9.44763556276e-09,
                1.59919799625e-09,
                1.0310987307e-11
            ],
            "max": [
                0.0189857855439,
                0.107385128736,
                0.0739335492253,
                0.0319400429726,
                0.0618062838912,
                0.0360777750611,
                0.033460855484,
                0.033800881356,
                0.0547914206982,
                0.0490645244718,
                0.0594967640936,
                0.0568630695343,
                0.0563474185765,
                0.0354476235807,
                0.0233476758003,
                0.0298483651131,
                0.0100982161239,
                0.0140324672684,
                0.00601431075484,
                0.00313050253317,
                0.00185417174362,
                0.00193223799579,
                0.00187502929475,
                0.00390556803904,
                0.00156113144476,
                0.000581354019232,
                4.81777569803e-05
            ],
            "mean": [
                0.00205116719007,
                0.0117449713871,
                0.00436988845468,
                0.00166058284231,
                0.00268160365522,
                0.00152739568148,
                0.00090561399702,
                0.000654152943753,
                0.00169126596302,
                0.00257929880172,
                0.00160384119954,
                0.00199090805836,
                0.000927116314415,
                0.00133472238667,
                0.000573826255277,
                0.000697331910487,
                0.000249473727308,
                0.000390122411773,
                0.000280814332655,
                0.000152759181219,
                7.73573265178e-05,
                5.4134583479e-05,
                6.65554834995e-05,
                5.73029501538e-05,
                3.25160981447e-05,
                1.12882607937e-05,
                5.62307207019e-07
            ],
            "median": [
                0.000404851773055,
                0.0103173917159,
                0.000949618057348,
                0.000613890122622,
                0.00127955689095,
                0.000758765439969,
                0.000490307458676,
                0.000241071160417,
                0.00053622701671,
                0.000413932546508,
                0.000217467793846,
                0.00029406073736,
                0.000296518934192,
                0.000257677515037,
                0.000132311470225,
                0.000124208367197,
                7.95440209913e-05,
                0.000156111374963,
                0.00015215825988,
                8.64097673912e-05,
                1.87929290405e-05,
                7.47240528653e-06,
                1.54386234499e-05,
                1.33402618303e-05,
                7.08231118551e-06,
                1.73830324002e-06,
                8.33098781072e-08
            ],
            "min": [
                5.19923826214e-10,
                1.27314425669e-09,
                1.6641177325e-09,
                2.89260941588e-11,
                2.36525576902e-09,
                1.12509934702e-09,
                6.40958008891e-10,
                4.01286087692e-10,
                3.76319309048e-10,
                1.69820060791e-10,
                1.2572114183e-10,
                1.71159530993e-10,
                8.31069865703e-11,
                1.12654677253e-10,
                9.61584561976e-11,
                7.70313118847e-11,
                3.96131773217e-11,
                6.50590623041e-11,
                1.68519660032e-11,
                1.95858329555e-11,
                1.44970875582e-11,
                7.20451953304e-12,
                4.00225902766e-12,
                3.84819780208e-12,
                5.5374962428e-12,
                7.32725338737e-12,
                9.98992642082e-12
            ],
            "var": [
                8.88803879207e-06,
                0.000166401325259,
                6.89015796524e-05,
                7.90758986113e-06,
                1.63359472936e-05,
                4.42886994279e-06,
                1.72205977833e-06,
                2.71849808087e-06,
                1.30484449983e-05,
                2.9350292607e-05,
                2.03971885639e-05,
                2.80728327198e-05,
                4.0734621507e-06,
                7.86968121247e-06,
                1.65113613093e-06,
                3.80916844733e-06,
                4.27595608699e-07,
                4.99205498272e-07,
                1.49130272575e-07,
                4.5894832823e-08,
                2.24564047357e-08,
                1.67926970107e-08,
                1.5508705431e-08,
                1.96806375641e-08,
                7.86490250704e-09,
                1.24998000839e-09,
                4.26933922243e-12
            ]
        },
        "barkbands_crest": {
            "dmean": 2.60089612007,
            "dmean2": 4.29714870453,
            "dvar": 6.22663545609,
            "dvar2": 17.446975708,
            "max": 25.7836685181,
            "mean": 11.4982404709,
            "median": 10.6652441025,
            "min": 2.88920116425,
            "var": 17.7559928894
        },
        "barkbands_flatness_db": {
            "dmean": 0.0195472985506,
            "dmean2": 0.0301153287292,
            "dvar": 0.000444905657787,
            "dvar2": 0.00096175755607,
            "max": 0.569227874279,
            "mean": 0.178529888391,
            "median": 0.171901062131,
            "min": 0.0328531265259,
            "var": 0.00395350437611
        },
        "barkbands_kurtosis": {
            "dmean": 2.73195004463,
            "dmean2": 4.40576124191,
            "dvar": 51.2692451477,
            "dvar2": 123.908714294,
            "max": 325.127258301,
            "mean": 4.53512859344,
            "median": 1.17698097229,
            "min": -1.91872799397,
            "var": 109.001861572
        },
        "barkbands_skewness": {
            "dmean": 0.502875208855,
            "dmean2": 0.779662132263,
            "dvar": 0.341978609562,
            "dvar2": 0.798202633858,
            "max": 15.0472888947,
            "mean": 1.41980731487,
            "median": 1.17407786846,
            "min": -2.57379627228,
            "var": 1.79355990887
        },
        "barkbands_spread": {
            "dmean": 3.64697885513,
            "dmean2": 5.48421049118,
            "dvar": 23.466714859,
            "dvar2": 45.7144851685,
            "max": 97.569770813,
            "mean": 17.7327079773,
            "median": 16.6896781921,
            "min": 0.296623200178,
            "var": 117.260009766
        },
        "dissonance": {
            "dmean": 0.0255361944437,
            "dmean2": 0.0433824285865,
            "dvar": 0.000563031469937,
            "dvar2": 0.00154405215289,
            "max": 0.499999970198,
            "mean": 0.445928543806,
            "median": 0.457408428192,
            "min": 0.189318940043,
            "var": 0.00172168563586
        },
        "dynamic_complexity": 3.84586572647,
        "erbbands": {
            "dmean": [
                0.218638181686,
                1.21526372433,
                3.52997946739,
                4.69091510773,
                5.38743686676,
                6.01181793213,
                5.94192838669,
                8.69400405884,
                7.72080469131,
                5.9548830986,
                8.88765239716,
                16.5610809326,
                21.5268497467,
                39.0016136169,
                35.7792510986,
                23.5254573822,
                21.0339488983,
                24.6969203949,
                25.5164928436,
                14.5887994766,
                18.9616718292,
                7.51339292526,
                8.0785369873,
                8.87904644012,
                4.63247060776,
                3.41900420189,
                1.76796329021,
                0.875412046909,
                0.867235720158,
                0.894974172115,
                0.851571500301,
                0.710844516754,
                0.484786868095,
                0.250805824995,
                0.132225066423,
                0.0467390120029,
                0.0115337269381,
                0.00104783917777,
                8.17937107058e-05,
                1.33761304824e-05
            ],
            "dmean2": [
                0.371331930161,
                2.07033801079,
                6.17080545425,
                8.17752552032,
                9.30125713348,
                10.2556838989,
                10.0444078445,
                14.7574605942,
                12.567946434,
                9.81800270081,
                13.9803657532,
                25.2103881836,
                31.7424430847,
                56.2343025208,
                52.5628242493,
                34.1448554993,
                31.0919246674,
                36.388885498,
                37.5784873962,
                21.0512886047,
                27.6528301239,
                10.2979154587,
                11.7808666229,
                13.4639034271,
                6.98938179016,
                5.21643638611,
                2.69731163979,
                1.36315107346,
                1.31736266613,
                1.32972538471,
                1.26023519039,
                1.07464122772,
                0.757349431515,
                0.385075777769,
                0.202329516411,
                0.0704043880105,
                0.0179468411952,
                0.00163526495453,
                0.000129905340145,
                2.14274023165e-05
            ],
            "dvar": [
                0.141864001751,
                4.58243942261,
                57.0223083496,
                93.5290603638,
                139.954589844,
                147.937271118,
                114.562919617,
                274.911773682,
                218.005935669,
                172.209564209,
                413.387359619,
                1734.57177734,
                1990.16992188,
                9726.33105469,
                7061.62451172,
                3345.67700195,
                3271.78515625,
                4143.890625,
                3799.85302734,
                2308.7890625,
                3625.01489258,
                527.487731934,
                517.565734863,
                328.648498535,
                76.3509368896,
                48.4499931335,
                17.6455059052,
                6.33949804306,
                7.65131139755,
                7.53948783875,
                4.80876779556,
                4.2247710228,
                3.23887300491,
                0.73916387558,
                0.219659268856,
                0.0329466201365,
                0.00210398808122,
                1.98331545107e-05,
                1.47051565591e-07,
                5.44379985534e-10
            ],
            "dvar2": [
                0.421192675829,
                13.7835559845,
                163.788986206,
                269.785827637,
                361.079406738,
                396.725128174,
                313.811218262,
                776.509765625,
                561.135986328,
                442.950897217,
                930.407043457,
                3830.47705078,
                4233.84472656,
                20345.0371094,
                15127.3828125,
                6618.74267578,
                7063.00341797,
                8621.34667969,
                7781.30517578,
                4291.45410156,
                7083.39746094,
                931.205871582,
                1129.65515137,
                682.796081543,
                167.155395508,
                105.517860413,
                42.8450088501,
                15.0149869919,
                15.8183689117,
                14.9654407501,
                9.86933135986,
                8.84911251068,
                7.30459880829,
                1.61754357815,
                0.516292393208,
                0.0734351351857,
                0.00501109147444,
                4.88712103106e-05,
                3.83173443197e-07,
                1.39527389642e-09
            ],
            "max": [
                3.45764827728,
                23.1483955383,
                71.7471466064,
                94.9172210693,
                164.225601196,
                257.536682129,
                255.787582397,
                263.558654785,
                366.846221924,
                353.015533447,
                929.919494629,
                1277.38220215,
                1256.44934082,
                2370.62792969,
                2538.80200195,
                1483.91040039,
                3093.953125,
                1814.49536133,
                1628.73168945,
                1390.2208252,
                1834.24560547,
                660.595214844,
                998,
                566.240478516,
                263.423278809,
                205.038604736,
                104.264503479,
                83.8777008057,
                55.5756378174,
                76.4429321289,
                61.9474945068,
                92.7975692749,
                48.0065689087,
                18.6053390503,
                10.8488559723,
                3.96233201027,
                0.900888800621,
                0.0909714922309,
                0.00918164942414,
                0.000562039902434
            ],
            "mean": [
                0.51904541254,
                1.93447160721,
                4.59245824814,
                6.06353712082,
                6.94278049469,
                9.07685470581,
                9.90766239166,
                13.792757988,
                14.5042877197,
                10.6774349213,
                17.9745521545,
                35.5561218262,
                50.0552978516,
                94.9831771851,
                87.0196609497,
                56.9717674255,
                43.9203529358,
                51.2883529663,
                55.7280006409,
                30.1792030334,
                36.7100067139,
                16.4694309235,
                18.3085765839,
                19.8974685669,
                11.6414804459,
                7.7157292366,
                4.22868394852,
                2.03183937073,
                1.86861276627,
                1.9974565506,
                1.96659195423,
                1.40031039715,
                0.801270484924,
                0.381889909506,
                0.224867731333,
                0.0754079148173,
                0.018105590716,
                0.00158133869991,
                0.000128608735395,
                4.97530563734e-05
            ],
            "median": [
                0.374519437551,
                1.28608930111,
                1.34027981758,
                1.90097916126,
                3.1652739048,
                4.10562562943,
                5.22626686096,
                6.71649885178,
                8.32073497772,
                5.80921840668,
                7.68280076981,
                13.5463275909,
                15.0221261978,
                20.4664974213,
                23.2242450714,
                17.4938182831,
                17.677110672,
                15.2938718796,
                15.8322057724,
                8.66843605042,
                7.57754564285,
                5.73307037354,
                7.64803647995,
                9.93092632294,
                7.35491752625,
                4.37993764877,
                1.41559970379,
                0.467353820801,
                0.254288852215,
                0.358930408955,
                0.440818071365,
                0.336585819721,
                0.162597000599,
                0.0758119001985,
                0.0499812960625,
                0.0125540392473,
                0.0029301061295,
                0.000268198433332,
                3.98285737901e-05,
                4.67029421998e-05
            ],
            "min": [
                7.43444772411e-08,
                2.69588298352e-07,
                1.6615218783e-06,
                1.07501432467e-06,
                1.52116069785e-06,
                7.58665282774e-06,
                8.46814236866e-06,
                9.12196082936e-06,
                8.91902436706e-06,
                9.00271788851e-06,
                9.17331271921e-06,
                8.4331159087e-06,
                8.09433731774e-06,
                7.77733566792e-06,
                7.32930948288e-06,
                6.83023245074e-06,
                5.6694475461e-06,
                5.87249360251e-06,
                5.36936613571e-06,
                4.89328840558e-06,
                4.43194630861e-06,
                2.5064446163e-06,
                3.56699501936e-06,
                1.19093260764e-06,
                1.07981486508e-06,
                9.73598957899e-07,
                7.7621376704e-07,
                4.31831267633e-07,
                3.02464144397e-07,
                1.40916881719e-07,
                1.1687433954e-07,
                8.69797389669e-08,
                5.79692773783e-08,
                6.14666006982e-08,
                3.80678990552e-08,
                2.68293582906e-08,
                1.37833948699e-08,
                5.5225739537e-09,
                2.50969600657e-09,
                5.07724584597e-10
            ],
            "var": [
                0.324732512236,
                6.20906162262,
                63.8545608521,
                104.269874573,
                148.663070679,
                189.301193237,
                198.421569824,
                407.073455811,
                409.382781982,
                255.750701904,
                1821.11694336,
                5536.21240234,
                8396.80175781,
                36603.1523438,
                31065.2636719,
                15619.1816406,
                8154.44140625,
                11542.8759766,
                12103.0878906,
                6534.69238281,
                9666.04296875,
                1561.94958496,
                1138.60864258,
                947.232299805,
                214.361618042,
                121.106178284,
                63.281703949,
                15.4764671326,
                20.1439838409,
                19.8182373047,
                13.2459058762,
                8.86013793945,
                5.21419525146,
                1.19264650345,
                0.35876724124,
                0.0538803562522,
                0.00328700011596,
                2.64515674644e-05,
                1.59799256494e-07,
                1.48820733514e-09
            ]
        },
        "erbbands_crest": {
            "dmean": 2.74323320389,
            "dmean2": 4.20423650742,
            "dvar": 6.89751768112,
            "dvar2": 15.5075674057,
            "max": 32.4640731812,
            "mean": 11.6189870834,
            "median": 10.4715547562,
            "min": 2.2468495369,
            "var": 30.6010322571
        },
        "erbbands_flatness_db": {
            "dmean": 0.0159957055002,
            "dmean2": 0.0229803156108,
            "dvar": 0.000295740435831,
            "dvar2": 0.000535277533345,
            "max": 0.438548266888,
            "mean": 0.199000194669,
            "median": 0.19402679801,
            "min": 0.0665783211589,
            "var": 0.00294764968567
        },
        "erbbands_kurtosis": {
            "dmean": 1.05149459839,
            "dmean2": 1.61517822742,
            "dvar": 1.76876986027,
            "dvar2": 4.00459957123,
            "max": 25.1684989929,
            "mean": 1.57012569904,
            "median": 0.89866733551,
            "min": -1.79012823105,
            "var": 6.78121995926
        },
        "erbbands_skewness": {
            "dmean": 0.341967105865,
            "dmean2": 0.520152688026,
            "dvar": 0.112368673086,
            "dvar2": 0.252299278975,
            "max": 4.79719638824,
            "mean": 0.300235927105,
            "median": 0.284074991941,
            "min": -3.05727171898,
            "var": 0.691686213017
        },
        "erbbands_spread": {
            "dmean": 5.52203512192,
            "dmean2": 8.28778362274,
            "dvar": 52.3016891479,
            "dvar2": 106.103530884,
            "max": 143.836547852,
            "mean": 25.5065479279,
            "median": 22.1113376617,
            "min": 2.76180648804,
            "var": 228.304733276
        },
        "gfcc": {
            "cov": [
                [
                    11945.4423828,
                    -1590.77075195,
                    -299.761352539,
                    1399.41015625,
                    -39.4991912842,
                    1265.80493164,
                    281.126220703,
                    405.944763184,
                    61.6183357239,
                    168.605285645,
                    -130.877914429,
                    417.36050415,
                    79.5869522095
                ],
                [
                    -1590.77075195,
                    1954.68640137,
                    595.374694824,
                    154.688293457,
                    653.362060547,
                    -123.296142578,
                    488.322937012,
                    -85.0589675903,
                    165.901489258,
                    -94.6260681152,
                    125.48625946,
                    -131.199142456,
                    68.510559082
                ],
                [
                    -299.761352539,
                    595.374694824,
                    952.016052246,
                    312.570617676,
                    148.924987793,
                    105.89591217,
                    149.219177246,
                    -0.719153285027,
                    80.3184127808,
                    37.6938323975,
                    -45.288608551,
                    25.830663681,
                    16.4127960205
                ],
                [
                    1399.41015625,
                    154.688293457,
                    312.570617676,
                    684.432434082,
                    273.051300049,
                    274.799560547,
                    237.094909668,
                    63.1382904053,
                    167.697723389,
                    39.7421035767,
                    2.7014529705,
                    92.4873428345,
                    53.2433395386
                ],
                [
                    -39.4991912842,
                    653.362060547,
                    148.924987793,
                    273.051300049,
                    576.141235352,
                    150.465179443,
                    294.717163086,
                    59.2892723083,
                    154.32270813,
                    6.74040460587,
                    98.4282150269,
                    -9.78530406952,
                    23.7814102173
                ],
                [
                    1265.80493164,
                    -123.296142578,
                    105.89591217,
                    274.799560547,
                    150.465179443,
                    428.268676758,
                    215.87991333,
                    50.9982757568,
                    60.3808517456,
                    62.5645294189,
                    47.2000732422,
                    66.540435791,
                    -3.85561513901
                ],
                [
                    281.126220703,
                    488.322937012,
                    149.219177246,
                    237.094909668,
                    294.717163086,
                    215.87991333,
                    482.84463501,
                    38.7636032104,
                    82.5269088745,
                    25.3239536285,
                    97.8061828613,
                    4.47208690643,
                    35.1479072571
                ],
                [
                    405.944763184,
                    -85.0589675903,
                    -0.719153285027,
                    63.1382904053,
                    59.2892723083,
                    50.9982757568,
                    38.7636032104,
                    176.007080078,
                    34.2606239319,
                    11.7878904343,
                    24.3227748871,
                    0.575354337692,
                    7.85164785385
                ],
                [
                    61.6183357239,
                    165.901489258,
                    80.3184127808,
                    167.697723389,
                    154.32270813,
                    60.3808517456,
                    82.5269088745,
                    34.2606239319,
                    195.755462646,
                    20.1497573853,
                    0.483676940203,
                    46.59009552,
                    12.3392028809
                ],
                [
                    168.605285645,
                    -94.6260681152,
                    37.6938323975,
                    39.7421035767,
                    6.74040460587,
                    62.5645294189,
                    25.3239536285,
                    11.7878904343,
                    20.1497573853,
                    119.904495239,
                    32.8753166199,
                    21.5628948212,
                    9.09929466248
                ],
                [
                    -130.877914429,
                    125.48625946,
                    -45.288608551,
                    2.7014529705,
                    98.4282150269,
                    47.2000732422,
                    97.8061828613,
                    24.3227748871,
                    0.483676940203,
                    32.8753166199,
                    147.196990967,
                    -11.9971046448,
                    3.47098588943
                ],
                [
                    417.36050415,
                    -131.199142456,
                    25.830663681,
                    92.4873428345,
                    -9.78530406952,
                    66.540435791,
                    4.47208690643,
                    0.575354337692,
                    46.59009552,
                    21.5628948212,
                    -11.9971046448,
                    135.194549561,
                    20.6274814606
                ],
                [
                    79.5869522095,
                    68.510559082,
                    16.4127960205,
                    53.2433395386,
                    23.7814102173,
                    -3.85561513901,
                    35.1479072571,
                    7.85164785385,
                    12.3392028809,
                    9.09929466248,
                    3.47098588943,
                    20.6274814606,
                    86.1250991821
                ]
            ],
            "icov": [
                [
                    0.000239215922193,
                    -0.000270273943897,
                    0.00041735873674,
                    -0.000571195036173,
                    0.000372734502889,
                    -0.000728293904103,
                    0.000245510949753,
                    -0.000604185566772,
                    0.000524992472492,
                    -0.000292930111755,
                    0.000529983371962,
                    -0.000415469345171,
                    0.000120765413158
                ],
                [
                    -0.000270273943897,
                    0.00339295924641,
                    -0.00228425301611,
                    0.00149735622108,
                    -0.0028532743454,
                    0.00299084000289,
                    -0.00237926165573,
                    0.00291912956163,
                    -0.00202198210172,
                    0.00276644644327,
                    -0.00220126099885,
                    0.00225675618276,
                    -0.00176740286406
                ],
                [
                    0.00041735873674,
                    -0.00228425301611,
                    0.00311824516393,
                    -0.00206078053452,
                    0.00193445489276,
                    -0.00236611254513,
                    0.00136483076494,
                    -0.00219540856779,
                    0.00185650098138,
                    -0.00247196131386,
                    0.00261530280113,
                    -0.00164928694721,
                    0.00139902229421
                ],
                [
                    -0.000571195036173,
                    0.00149735622108,
                    -0.00206078053452,
                    0.00464179366827,
                    -0.00216482486576,
                    0.00103756890167,
                    -0.00137628719676,
                    0.00175790756475,
                    -0.00276543805376,
                    0.00155076861847,
                    -0.000995640992187,
                    0.000727288774215,
                    -0.00199623755179
                ],
                [
                    0.000372734502889,
                    -0.0028532743454,
                    0.00193445489276,
                    -0.00216482486576,
                    0.006015565712,
                    -0.00292833545245,
                    0.000923538929783,
                    -0.00282946671359,
                    -0.000106217899884,
                    -0.00142975652125,
                    0.00038750062231,
                    -0.000855413323734,
                    0.00133937818464
                ],
                [
                    -0.000728293904103,
                    0.00299084000289,
                    -0.00236611254513,
                    0.00103756890167,
                    -0.00292833545245,
                    0.00806582160294,
                    -0.00367685151286,
                    0.00281653227285,
                    -0.00169986789115,
                    0.00108103593811,
                    -0.00276959710754,
                    0.000905978668015,
                    0.000540735083632
                ],
                [
                    0.000245510949753,
                    -0.00237926165573,
                    0.00136483076494,
                    -0.00137628719676,
                    0.000923538929783,
                    -0.00367685151286,
                    0.00569188874215,
                    -0.00185952452011,
                    0.00125085003674,
                    -0.0013956069015,
                    1.8023984012e-05,
                    -0.000875574187376,
                    -0.000139237468829
                ],
                [
                    -0.000604185566772,
                    0.00291912956163,
                    -0.00219540856779,
                    0.00175790756475,
                    -0.00282946671359,
                    0.00281653227285,
                    -0.00185952452011,
                    0.00939480029047,
                    -0.00323970289901,
                    0.00246844789945,
                    -0.00330302654766,
                    0.00308393104933,
                    -0.00202452996746
                ],
                [
                    0.000524992472492,
                    -0.00202198210172,
                    0.00185650098138,
                    -0.00276543805376,
                    -0.000106217899884,
                    -0.00169986789115,
                    0.00125085003674,
                    -0.00323970289901,
                    0.0101034073159,
                    -0.0030697688926,
                    0.00339341862127,
                    -0.00423633446917,
                    0.00197190744802
                ],
                [
                    -0.000292930111755,
                    0.00276644644327,
                    -0.00247196131386,
                    0.00155076861847,
                    -0.00142975652125,
                    0.00108103593811,
                    -0.0013956069015,
                    0.00246844789945,
                    -0.0030697688926,
                    0.0125710656866,
                    -0.00489768804982,
                    0.00142493611202,
                    -0.0026621168945
                ],
                [
                    0.000529983371962,
                    -0.00220126099885,
                    0.00261530280113,
                    -0.000995640992187,
                    0.00038750062231,
                    -0.00276959710754,
                    1.8023984012e-05,
                    -0.00330302654766,
                    0.00339341862127,
                    -0.00489768804982,
                    0.012036697939,
                    -0.00171986536589,
                    0.00139929342549
                ],
                [
                    -0.000415469345171,
                    0.00225675618276,
                    -0.00164928694721,
                    0.000727288774215,
                    -0.000855413323734,
                    0.000905978668015,
                    -0.000875574187376,
                    0.00308393104933,
                    -0.00423633446917,
                    0.00142493611202,
                    -0.00171986536589,
                    0.0118084428832,
                    -0.00349613069557
                ],
                [
                    0.000120765413158,
                    -0.00176740286406,
                    0.00139902229421,
                    -0.00199623755179,
                    0.00133937818464,
                    0.000540735083632,
                    -0.000139237468829,
                    -0.00202452996746,
                    0.00197190744802,
                    -0.0026621168945,
                    0.00139929342549,
                    -0.00349613069557,
                    0.0145482830703
                ]
            ],
            "mean": [
                -29.001493454,
                117.594688416,
                -129.401855469,
                17.6984500885,
                -47.2802391052,
                14.738199234,
                -33.4013175964,
                11.4989061356,
                -26.9838256836,
                -2.76463532448,
                -3.98109507561,
                -3.75832414627,
                -6.45736694336
            ]
        },
        "hfc": {
            "dmean": 4.73081254959,
            "dmean2": 6.8110833168,
            "dvar": 39.7347450256,
            "dvar2": 77.8685073853,
            "max": 104.010505676,
            "mean": 22.0479640961,
            "median": 17.9300632477,
            "min": 7.99114059191e-06,
            "var": 329.439300537
        },
        "melbands": {
            "dmean": [
                0.00173667026684,
                0.00153322482947,
                0.000776565517299,
                0.000422567129135,
                0.000203172472538,
                0.000181823939783,
                0.000113337846415,
                6.82698228047e-05,
                7.89603873272e-05,
                0.000108134765469,
                0.000115591537906,
                0.000167769467225,
                0.000122237601317,
                0.000109242333565,
                4.60866831418e-05,
                4.29883984907e-05,
                5.20109169884e-05,
                5.18602828379e-05,
                1.87098194147e-05,
                2.57986739598e-05,
                2.13420880755e-05,
                8.21972298581e-06,
                7.66440280131e-06,
                9.37284403335e-06,
                7.93059371063e-06,
                4.8481037993e-06,
                3.02413923237e-06,
                2.18747800318e-06,
