{
    "lowlevel": {
        "average_loudness": 0.754853725433,
        "barkbands": {
            "dmean": [
                3.63147410098e-05,
                0.000727781211026,
                0.000861774431542,
                0.00129865878262,
                0.00223323167302,
                0.00043741313857,
                0.000381207675673,
                0.000420366675826,
                0.000490726728458,
                0.000784494506661,
                0.000358057353878,
                0.000299514009384,
                0.000349567068042,
                0.000233687154832,
                0.000425575475674,
                0.000188511767192,
                9.77119925665e-05,
                4.79469090351e-05,
                4.11168693972e-05,
                1.50913647303e-05,
                2.02586979867e-05,
                1.44705991261e-05,
                1.77640013135e-05,
                1.99434216483e-05,
                3.61171041732e-05,
                1.99187106773e-05,
                6.71428665555e-07
            ],
            "dmean2": [
                5.98128681304e-05,
                0.00116069114301,
                0.00129072146956,
                0.00201939465478,
                0.00347887142561,
                0.000660042103846,
                0.000569997122511,
                0.000566516071558,
                0.000681410951074,
                0.00106683862396,
                0.000505679170601,
                0.000405894534197,
                0.00044986337889,
                0.000331052084221,
                0.000593575416133,
                0.00027739876532,
                0.000139851355925,
                6.81874589645e-05,
                6.2803941546e-05,
                2.18922996282e-05,
                2.93584544124e-05,
                2.08463079616e-05,
                2.66208735411e-05,
                2.9595767046e-05,
                5.22438604094e-05,
                2.96947728202e-05,
                1.00358397503e-06
            ],
            "dvar": [
                1.97010514569e-08,
                3.76209527531e-06,
                3.23075050801e-06,
                6.1097730395e-06,
                1.51729882418e-05,
                7.95918367658e-07,
                1.39230076002e-06,
                2.50245079769e-06,
                3.47147943103e-06,
                1.10198288894e-05,
                1.74479930592e-06,
                2.07661742024e-06,
                2.63283345703e-06,
                1.78141362994e-06,
                2.82624023384e-06,
                7.5825556678e-07,
                2.15344527987e-07,
                3.80515032816e-08,
                2.92718382866e-08,
                2.14627937645e-09,
                4.47046888397e-09,
                4.31147118007e-09,
                6.45989040038e-09,
                2.7961682747e-08,
                5.14151459186e-08,
                5.54252146401e-08,
                6.94373655796e-11
            ],
            "dvar2": [
                4.69448480089e-08,
                8.74084435054e-06,
                6.03401804256e-06,
                1.33987241497e-05,
                3.40895639965e-05,
                1.82014002803e-06,
                3.12569000016e-06,
                4.90309548695e-06,
                6.36757749817e-06,
                2.27546006499e-05,
                3.47419631908e-06,
                3.71594865101e-06,
                4.57280930277e-06,
                3.46877845914e-06,
                5.24639881405e-06,
                1.64610264619e-06,
                4.48909162287e-07,
                7.68280514762e-08,
                6.85743373197e-08,
                4.4958734513e-09,
                9.43206135418e-09,
                8.51132586632e-09,
                1.5912757334e-08,
                7.19999775356e-08,
                1.12939503083e-07,
                1.2981644204e-07,
                1.45862308343e-10
            ],
            "max": [
                0.00577825587243,
                0.0777609050274,
                0.0589690878987,
                0.0489842370152,
                0.0820622816682,
                0.0223468225449,
                0.0371746867895,
                0.0564150996506,
                0.085405766964,
                0.0887051075697,
                0.0323924645782,
                0.0515471473336,
                0.0614354200661,
                0.0470211617649,
                0.0459825359285,
                0.0295166876167,
                0.017315255478,
                0.00871869456023,
                0.00783633906394,
                0.00143251055852,
                0.00283266231418,
                0.00273902830668,
                0.00330191012472,
                0.0105494009331,
                0.0114410277456,
                0.0146402306855,
                0.000529485696461
            ],
            "mean": [
                0.000173612323124,
                0.00420075794682,
                0.00282327109016,
                0.00288010761142,
                0.00530352536589,
                0.00132760510314,
                0.000885817222297,
                0.00103796855547,
                0.00107938190922,
                0.00189006375149,
                0.000824007438496,
                0.000525450392161,
                0.00080448371591,
                0.000388068758184,
                0.000878325721715,
                0.000370418303646,
                0.000202680050279,
                9.24992782529e-05,
                7.42757838452e-05,
                3.0232615245e-05,
                3.83870501537e-05,
                2.41501293203e-05,
                2.97172537103e-05,
                2.777942791e-05,
                5.35088183824e-05,
                2.21452974074e-05,
                8.30100475468e-07
            ],
            "median": [
                8.62667207002e-07,
                0.000407027022447,
                0.000999147305265,
                0.00136180128902,
                0.00336652086116,
                0.000716004928108,
                0.000185847602552,
                0.000233099664911,
                0.000156572365086,
                0.000143139986903,
                9.47560693021e-05,
                5.20842113474e-05,
                4.13407979067e-05,
                1.94404947251e-05,
                4.83209623781e-05,
                3.51014423359e-05,
                3.1215382478e-05,
                1.16068949865e-05,
                1.07776259028e-05,
                6.57923646941e-06,
                8.09255107015e-06,
                4.21027516495e-06,
                4.09330414186e-06,
                2.44327566179e-06,
                3.27368434228e-06,
                6.13855718257e-07,
                3.07249798936e-08
            ],
            "min": [
                2.69299008685e-24,
                2.34553022691e-23,
                3.19565442502e-24,
                8.33326312321e-24,
                1.12430349478e-23,
                2.05121647837e-23,
                4.75642673061e-23,
                1.44572976155e-23,
                3.06369215563e-23,
                3.91539813818e-23,
                4.19819372865e-23,
                6.369086875e-23,
                7.31639396402e-23,
                3.64169338079e-23,
                1.11260045926e-22,
                8.26183050607e-23,
                1.01666462333e-22,
                1.8023719782e-22,
                1.54801532824e-22,
                2.05802223383e-22,
                4.02536762029e-22,
                4.82928832195e-22,
                5.68087237816e-22,
                7.53610510521e-22,
                9.98183341508e-22,
                1.47206836936e-21,
                2.21890633862e-21
            ],
            "var": [
                1.85141942666e-07,
                4.08269042964e-05,
                2.59492408077e-05,
                1.63407385116e-05,
                4.07854968216e-05,
                3.37924029736e-06,
                4.49853541795e-06,
                6.89538501319e-06,
                1.37261840791e-05,
                3.61917736882e-05,
                6.55169924357e-06,
                5.21444553669e-06,
                1.01511222965e-05,
                3.79008520213e-06,
                1.10505970952e-05,
                2.56619136962e-06,
                6.16020940924e-07,
                1.32805382691e-07,
                5.358250732e-08,
                5.70159786051e-09,
                1.03846851118e-08,
                8.29539903435e-09,
                9.65487423343e-09,
                2.73461360223e-08,
                7.62203029581e-08,
                5.52218892835e-08,
                1.09749674626e-10
            ]
        },
        "barkbands_crest": {
            "dmean": 1.77413606644,
            "dmean2": 2.77021813393,
            "dvar": 3.37310099602,
            "dvar2": 7.76610040665,
            "max": 25.6151275635,
            "mean": 12.4142856598,
            "median": 11.7607831955,
            "min": 3.81056261063,
            "var": 18.3755435944
        },
        "barkbands_flatness_db": {
            "dmean": 0.0203206203878,
            "dmean2": 0.0303993020207,
            "dvar": 0.000489642494358,
            "dvar2": 0.00100001564715,
            "max": 0.541413009167,
            "mean": 0.230408519506,
            "median": 0.216249525547,
            "min": 0.0244265161455,
            "var": 0.0055968281813
        },
        "barkbands_kurtosis": {
            "dmean": 5.23621511459,
            "dmean2": 7.91429948807,
            "dvar": 104.565200806,
            "dvar2": 228.709259033,
            "max": 778.026916504,
            "mean": 20.3260765076,
            "median": 6.66429615021,
            "min": -1.97131502628,
            "var": 3449.84130859
        },
        "barkbands_skewness": {
            "dmean": 0.52520608902,
            "dmean2": 0.765028595924,
            "dvar": 0.41151791811,
            "dvar2": 0.838076174259,
            "max": 21.2411975861,
            "mean": 2.58031058311,
            "median": 2.22452688217,
            "min": -2.0073325634,
            "var": 5.78355836868
        },
        "barkbands_spread": {
            "dmean": 2.90661668777,
            "dmean2": 4.24265146255,
            "dvar": 35.5736961365,
            "dvar2": 64.8182144165,
            "max": 134.802566528,
            "mean": 11.5999889374,
            "median": 8.56626796722,
            "min": 0.218909457326,
            "var": 152.835647583
        },
        "dissonance": {
            "dmean": 0.0263713300228,
            "dmean2": 0.0440652891994,
            "dvar": 0.000643843261059,
            "dvar2": 0.00173224881291,
            "max": 0.5,
            "mean": 0.422166854143,
            "median": 0.427785873413,
            "min": 0.191914647818,
            "var": 0.00173041177914
        },
        "dynamic_complexity": 4.33473539352,
        "erbbands": {
            "dmean": [
                0.0179335251451,
                0.188456594944,
                0.931988358498,
                2.03338694572,
                8.80490016937,
                6.49120950699,
                3.76752138138,
                4.36484289169,
                5.06326389313,
                8.50332260132,
                5.43554210663,
                12.9962644577,
                20.1189556122,
                17.6571388245,
                17.9635715485,
                11.2144651413,
                16.1904811859,
                10.5744962692,
                23.5082206726,
                10.0364341736,
                8.77896785736,
                4.25373315811,
                2.451171875,
                3.11213779449,
                1.03719687462,
                0.654363453388,
                0.952940285206,
                0.607936859131,
                0.577672183514,
                0.395137757063,
                0.570509374142,
                0.337877333164,
                0.417811155319,
                0.541003525257,
                0.182919159532,
                0.125038996339,
                0.0269553046674,
                0.00212495075539,
                0.000104350954643,
                8.64483627083e-06
            ],
            "dmean2": [
                0.028641987592,
                0.298631459475,
                1.4134670496,
                3.09694314003,
                14.0654182434,
                9.8666229248,
                5.56520986557,
                6.55836725235,
                7.37526607513,
                11.6765918732,
                7.4803647995,
                17.6100635529,
                26.7738132477,
                24.0565109253,
                24.3700885773,
                14.4549350739,
                20.1889877319,
                14.6395597458,
                33.0249710083,
                13.9833536148,
                12.5649108887,
                6.04227113724,
                3.29709219933,
                4.60557889938,
                1.50197267532,
                0.938078284264,
                1.37855124474,
                0.882493376732,
                0.828138113022,
                0.595172345638,
                0.862578511238,
                0.495359390974,
                0.62242603302,
                0.785430908203,
                0.272723972797,
                0.190628007054,
                0.0393360853195,
                0.00298726116307,
                0.000150100575411,
                1.24809230329e-05
            ],
            "dvar": [
                0.00437474111095,
                0.185566678643,
                3.24407434464,
                11.4782161713,
                316.663360596,
                141.045516968,
                61.3117713928,
                88.9644851685,
                256.951324463,
                740.325622559,
                406.593170166,
                2613.06445312,
                6683.30615234,
                9735.08886719,
                4189.06201172,
                2460.19702148,
                5573.25537109,
                3115.46435547,
                9298.47851562,
                1421.83496094,
                2237.89697266,
                529.592712402,
                98.9241943359,
                163.639587402,
                11.9600639343,
                3.55451917648,
                9.41247558594,
                7.39750766754,
                7.89215326309,
                4.47617340088,
                6.36839008331,
                3.08724522591,
                17.2348461151,
                10.3822889328,
                2.05672931671,
                2.8760933876,
                0.0761633515358,
                0.000601704523433,
                1.4011670828e-06,
                7.68364205594e-10
            ],
            "dvar2": [
                0.0104679856449,
                0.424949586391,
                6.19853067398,
                24.4243927002,
                695.419189453,
                335.336761475,
                135.484161377,
                200.972229004,
                573.606323242,
                1458.09020996,
                798.366760254,
                4651.03710938,
                12105.53125,
                20470.6835938,
                8142.01513672,
                3735.56201172,
                9547.89453125,
                6065.3125,
                17334.9453125,
                2604.73022461,
                4905.02734375,
                1143.36010742,
                174.567779541,
                372.517425537,
                25.755235672,
                7.08490896225,
                18.5575389862,
                16.876329422,
                15.8621387482,
                10.8908596039,
                15.6522932053,
                7.35421895981,
                45.1222190857,
                22.1685409546,
                4.92825889587,
                7.07914352417,
                0.148098900914,
                0.000975447590463,
                2.42133774009e-06,
                1.39801148435e-09
            ],
            "max": [
                2.48980379105,
                16.3230705261,
                61.2642211914,
                67.3140640259,
                386.096557617,
                252.597076416,
                227.640884399,
                278.368865967,
                610.337524414,
                1023.39593506,
                727.075805664,
                2524.1875,
                3028.34057617,
                3303.92041016,
                1665.01062012,
                2302.04003906,
                2687.52514648,
                2287.84375,
                2793.59814453,
                1384.43334961,
                2034.72753906,
                1136.41687012,
                479.022521973,
                538.320861816,
                128.065567017,
                50.5382499695,
                105.826370239,
                175.267684937,
                128.634048462,
                94.646812439,
                85.3202667236,
                65.9159698486,
                285.535614014,
                137.673370361,
                70.6778717041,
                112.537467957,
                15.0772047043,
                1.72597706318,
                0.0830207467079,
                0.00144622917287
            ],
            "mean": [
                0.124008528888,
                0.94488966465,
                3.12370753288,
                5.6876540184,
                16.0954780579,
                17.4609584808,
                11.9023008347,
                13.3825769424,
                13.5717773438,
                21.4488315582,
                13.1726255417,
                30.6832084656,
                52.4518928528,
                38.3114395142,
                44.2117538452,
                25.9330406189,
                38.9529876709,
                22.5667419434,
                52.637878418,
                20.518913269,
                20.0208683014,
                9.1969203949,
                5.8691444397,
                5.83270454407,
                2.26210546494,
                1.45175182819,
                1.96331250668,
                1.12574255466,
                0.968802034855,
                0.638758659363,
                0.941689372063,
                0.53414273262,
                0.564978182316,
                0.796162426472,
                0.255844652653,
                0.133782982826,
                0.0322469696403,
                0.00286238733679,
                0.00015006918693,
                3.38304962497e-05
            ],
            "median": [
                0.00374689348973,
                0.176430463791,
                1.39351558685,
                3.3940808773,
                8.64503765106,
                10.2659473419,
                6.55445814133,
                7.10094928741,
                3.43201351166,
                6.03110265732,
                4.62657260895,
                5.39256954193,
                5.7026515007,
                3.84173154831,
                6.41349458694,
                3.14134550095,
                2.47972106934,
                2.00159525871,
                2.88051533699,
                2.50662088394,
                2.07026743889,
                1.58531475067,
                0.993191897869,
                0.686979711056,
                0.394080400467,
                0.319724142551,
                0.380221396685,
                0.252118647099,
                0.171320155263,
                0.109067894518,
                0.114290513098,
                0.060531090945,
                0.0430625081062,
                0.0473387949169,
                0.015185829252,
                0.00395095115528,
                0.000967356201727,
                0.000133049572469,
                2.33800255955e-05,
                2.78279167105e-05
            ],
            "min": [
                8.08075890798e-22,
                3.22367996297e-21,
                3.74783862931e-21,
                1.58297505357e-20,
                4.57903373355e-20,
                5.81879878783e-20,
                7.85719541442e-20,
                2.2763390072e-19,
                6.41400086274e-19,
                3.65120753555e-19,
                5.47596874233e-19,
                7.31994974913e-19,
                8.2152750515e-19,
                1.61637440304e-18,
                1.89541551088e-18,
                3.01653206577e-18,
                2.72433857939e-18,
                2.83016082913e-18,
                3.8477625546e-18,
                5.27290665529e-18,
                5.47923279702e-18,
                7.08683846518e-18,
                1.0332865588e-17,
                8.84477759223e-18,
                7.33342183297e-18,
                1.00404398707e-17,
                1.27605571407e-17,
                1.49941722692e-17,
                1.47134999612e-17,
                1.55178305365e-17,
                1.51085481869e-17,
                1.44077309934e-17,
                1.21937580957e-17,
                9.45578447786e-18,
                7.4926276311e-18,
                4.57692557329e-18,
                3.06601525078e-18,
                1.25915645551e-18,
                2.61267736511e-19,
                2.95937822814e-20
            ],
            "var": [
                0.0508142672479,
                1.89521157742,
                23.3856620789,
                43.1839447021,
                597.938476562,
                475.530029297,
                261.644226074,
                384.799468994,
                896.343200684,
                2186.1809082,
                1060.40161133,
                10991.1025391,
                31302.5097656,
                22795.234375,
                18093.8847656,
                9121.90917969,
                22795.6582031,
                8055.81347656,
                41175.0703125,
                4333.60449219,
                9112.078125,
                1283.02832031,
                497.663665771,
                408.282897949,
                35.9979324341,
                11.3109149933,
                27.5791568756,
                11.5015468597,
                14.4133367538,
                6.29573726654,
                9.40724372864,
                4.25587701797,
                15.3334550858,
                16.2103710175,
                2.44661283493,
                2.51584100723,
                0.107075251639,
                0.00111938931514,
                2.44204170485e-06,
                1.77039338745e-09
            ]
        },
        "erbbands_crest": {
            "dmean": 2.32208752632,
            "dmean2": 3.58009600639,
            "dvar": 6.13995933533,
            "dvar2": 14.2148075104,
            "max": 31.5563659668,
            "mean": 11.9541854858,
            "median": 10.9597625732,
            "min": 2.48856759071,
            "var": 24.9093208313
        },
        "erbbands_flatness_db": {
            "dmean": 0.0172548517585,
            "dmean2": 0.0246280469,
            "dvar": 0.000347372086253,
            "dvar2": 0.000697145820595,
            "max": 0.395626872778,
            "mean": 0.206612035632,
            "median": 0.206389427185,
            "min": 0.0427832752466,
            "var": 0.00250126374885
        },
        "erbbands_kurtosis": {
            "dmean": 1.33366811275,
            "dmean2": 2.01313948631,
            "dvar": 5.80887031555,
            "dvar2": 13.8883113861,
            "max": 73.7192001343,
            "mean": 2.64426517487,
            "median": 1.11810731888,
            "min": -1.90651798248,
            "var": 27.3626804352
        },
        "erbbands_skewness": {
            "dmean": 0.346899837255,
            "dmean2": 0.504780173302,
            "dvar": 0.152903094888,
            "dvar2": 0.310216158628,
            "max": 7.74278783798,
            "mean": 0.853573262691,
            "median": 0.699558973312,
            "min": -5.00331735611,
            "var": 1.44331431389
        },
        "erbbands_spread": {
            "dmean": 5.85605573654,
            "dmean2": 8.48940753937,
            "dvar": 94.7774963379,
            "dvar2": 178.01725769,
            "max": 177.199478149,
            "mean": 29.5475578308,
            "median": 25.1846294403,
            "min": 2.41549754143,
            "var": 446.006378174
        },
        "gfcc": {
            "cov": [
                [
                    15722.1552734,
                    -217.010421753,
                    -2265.28027344,
                    -1279.73583984,
                    -1199.74389648,
                    615.38848877,
                    -577.596496582,
                    380.406433105,
                    -241.401367188,
                    134.365631104,
                    -358.086151123,
                    -249.544708252,
                    52.8052978516
                ],
                [
                    -217.010421753,
                    1771.71569824,
                    -273.371551514,
                    -115.340827942,
                    419.191101074,
                    -321.073516846,
                    359.764160156,
                    -217.532196045,
                    201.238189697,
                    -135.72795105,
                    195.144775391,
                    -114.192672729,
                    107.702125549
                ],
                [
                    -2265.28027344,
                    -273.371551514,
                    1331.56774902,
                    286.919403076,
                    52.3951301575,
                    11.8960828781,
                    -20.4084434509,
                    116.10369873,
                    46.1931991577,
                    110.29309082,
                    5.47232103348,
                    114.234672546,
                    -83.6516571045
                ],
                [
                    -1279.73583984,
                    -115.340827942,
                    286.919403076,
                    634.407226562,
                    202.063812256,
                    -70.5360641479,
                    42.1357040405,
                    -42.2922859192,
                    78.5675430298,
                    -14.2803735733,
                    68.5584640503,
                    102.285484314,
                    2.24460053444
                ],
                [
                    -1199.74389648,
                    419.191101074,
                    52.3951301575,
                    202.063812256,
                    505.847106934,
                    -22.6352825165,
                    166.337112427,
                    -34.7483482361,
                    106.927024841,
                    6.66976451874,
                    112.237030029,
                    18.1372413635,
                    64.64112854
                ],
                [
                    615.38848877,
                    -321.073516846,
                    11.8960828781,
                    -70.5360641479,
                    -22.6352825165,
                    429.00894165,
                    61.7256660461,
                    90.882194519,
                    21.1224193573,
                    116.322776794,
                    7.09055280685,
                    -3.16153168678,
                    35.0170021057
                ],
                [
                    -577.596496582,
                    359.764160156,
                    -20.4084434509,
                    42.1357040405,
                    166.337112427,
                    61.7256660461,
                    317.404022217,
                    10.3106193542,
                    100.106941223,
                    30.2961368561,
                    98.8091506958,
                    -4.95800828934,
                    58.5561485291
                ],
                [
                    380.406433105,
                    -217.532196045,
                    116.10369873,
                    -42.2922859192,
                    -34.7483482361,
                    90.882194519,
                    10.3106193542,
                    270.434051514,
                    67.7965011597,
                    91.3861312866,
                    -10.6955862045,
                    35.6579284668,
                    28.0355968475
                ],
                [
                    -241.401367188,
                    201.238189697,
                    46.1931991577,
                    78.5675430298,
                    106.927024841,
                    21.1224193573,
                    100.106941223,
                    67.7965011597,
                    215.793548584,
                    59.0249481201,
                    50.293510437,
                    22.823797226,
                    39.3413352966
                ],
                [
                    134.365631104,
                    -135.72795105,
                    110.29309082,
                    -14.2803735733,
                    6.66976451874,
                    116.322776794,
                    30.2961368561,
                    91.3861312866,
                    59.0249481201,
                    198.772338867,
                    40.7513046265,
                    26.3898468018,
                    16.0762691498
                ],
                [
                    -358.086151123,
                    195.144775391,
                    5.47232103348,
                    68.5584640503,
                    112.237030029,
                    7.09055280685,
                    98.8091506958,
                    -10.6955862045,
                    50.293510437,
                    40.7513046265,
                    163.262588501,
                    25.3668670654,
                    13.3893976212
                ],
                [
                    -249.544708252,
                    -114.192672729,
                    114.234672546,
                    102.285484314,
                    18.1372413635,
                    -3.16153168678,
                    -4.95800828934,
                    35.6579284668,
                    22.823797226,
                    26.3898468018,
                    25.3668670654,
                    135.995437622,
                    9.469622612
                ],
                [
                    52.8052978516,
                    107.702125549,
                    -83.6516571045,
                    2.24460053444,
                    64.64112854,
                    35.0170021057,
                    58.5561485291,
                    28.0355968475,
                    39.3413352966,
                    16.0762691498,
                    13.3893976212,
                    9.469622612,
                    117.360198975
                ]
            ],
            "icov": [
                [
                    0.000211786464206,
                    -0.000515353342053,
                    0.000409949716413,
                    -0.00023905019043,
                    0.000499311019666,
                    -0.000611729803495,
                    0.000626274617389,
                    -0.00063825561665,
                    0.000420412747189,
                    -0.000408403866459,
                    0.000406126899179,
                    -0.000187652258319,
                    0.00030574700213
                ],
                [
                    -0.000515353342053,
                    0.00350815290585,
                    -0.00117432966363,
                    0.00198979745619,
                    -0.00212144921534,
                    0.00317349121906,
                    -0.00293437065557,
                    0.00305183511227,
                    -0.0029760338366,
                    0.00214699632488,
                    -0.00252891820855,
                    0.0016364834737,
                    -0.002046022797
                ],
                [
                    0.000409949716413,
                    -0.00117432966363,
                    0.00182999053504,
                    -0.00100149749778,
                    0.000902812229469,
                    -0.00127190432977,
                    0.00124429888092,
                    -0.0017561664572,
                    0.0010669779731,
                    -0.00142292736564,
                    0.00126074103173,
                    -0.000915939803235,
                    0.00166500534397
                ],
                [
                    -0.00023905019043,
                    0.00198979745619,
                    -0.00100149749778,
                    0.00352787040174,
                    -0.00181196862832,
                    0.00183969561476,
                    -0.00139076577034,
                    0.00224196095951,
                    -0.00234383274801,
                    0.00169810303487,
                    -0.00173453474417,
                    -0.000469903519843,
                    -0.00110346707515
                ],
                [
                    0.000499311019666,
                    -0.00212144921534,
                    0.000902812229469,
                    -0.00181196862832,
                    0.00464400788769,
                    -0.00194020150229,
                    0.00123096175957,
                    -0.0016687863972,
                    0.00113181350753,
                    -0.0012176601449,
                    0.000429408886703,
                    -0.00047523053945,
                    -1.74038159457e-05
                ],
                [
                    -0.000611729803495,
                    0.00317349121906,
                    -0.00127190432977,
                    0.00183969561476,
                    -0.00194020150229,
                    0.00605099741369,
                    -0.0035445780959,
                    0.00246945023537,
                    -0.00219237827696,
                    0.000370793568436,
                    -0.00197085156105,
                    0.00167782092467,
                    -0.00236342311837
                ],
                [
                    0.000626274617389,
                    -0.00293437065557,
                    0.00124429888092,
                    -0.00139076577034,
                    0.00123096175957,
                    -0.0035445780959,
                    0.00776489730924,
                    -0.00271208956838,
                    0.00104441703297,
                    -0.00138030271046,
                    -7.79093388701e-05,
                    -0.00048460016842,
                    0.000364796025679
                ],
                [
                    -0.00063825561665,
                    0.00305183511227,
                    -0.0017561664572,
                    0.00224196095951,
                    -0.0016687863972,
                    0.00246945023537,
                    -0.00271208956838,
                    0.0082498434931,
                    -0.00409417133778,
                    0.000581284286454,
                    -0.0013974760659,
                    0.000228937933571,
                    -0.00280960649252
                ],
                [
                    0.000420412747189,
                    -0.0029760338366,
                    0.0010669779731,
                    -0.00234383274801,
                    0.00113181350753,
                    -0.00219237827696,
                    0.00104441703297,
                    -0.00409417133778,
                    0.00934285484254,
                    -0.0031758735422,
                    0.00188065052498,
                    -0.00132548622787,
                    0.00103051785845
                ],
                [
                    -0.000408403866459,
                    0.00214699632488,
                    -0.00142292736564,
                    0.00169810303487,
                    -0.0012176601449,
                    0.000370793568436,
                    -0.00138030271046,
                    0.000581284286454,
                    -0.0031758735422,
                    0.00921412184834,
                    -0.00370341376401,
                    0.000482570525492,
                    -0.00153736479115
                ],
                [
                    0.000406126899179,
                    -0.00252891820855,
                    0.00126074103173,
                    -0.00173453474417,
                    0.000429408886703,
                    -0.00197085156105,
                    -7.79093388701e-05,
                    -0.0013974760659,
                    0.00188065052498,
                    -0.00370341376401,
                    0.0110207088292,
                    -0.00270811771043,
                    0.00263216649182
                ],
                [
                    -0.000187652258319,
                    0.0016364834737,
                    -0.000915939803235,
                    -0.000469903519843,
                    -0.00047523053945,
                    0.00167782092467,
                    -0.00048460016842,
                    0.000228937933571,
                    -0.00132548622787,
                    0.000482570525492,
                    -0.00270811771043,
                    0.0103216981515,
                    -0.00225866865367
                ],
                [
                    0.00030574700213,
                    -0.002046022797,
                    0.00166500534397,
                    -0.00110346707515,
                    -1.74038159457e-05,
                    -0.00236342311837,
                    0.000364796025679,
                    -0.00280960649252,
                    0.00103051785845,
                    -0.00153736479115,
                    0.00263216649182,
                    -0.00225866865367,
                    0.0124197555706
                ]
            ],
            "mean": [
                -80.420791626,
                132.956558228,
                -97.3848419189,
                22.077922821,
                -48.2510185242,
                8.17749500275,
                -41.4451713562,
                -2.45208573341,
                -26.937959671,
                -8.66911125183,
                -18.0942325592,
                -5.57018232346,
                -5.77947616577
            ]
        },
        "hfc": {
            "dmean": 3.62113928795,
            "dmean2": 4.97802257538,
            "dvar": 56.1401748657,
            "dvar2": 107.173881531,
            "max": 209.477981567,
            "mean": 14.3145923615,
            "median": 7.28278541565,
            "min": 1.1515044988e-16,
            "var": 339.890686035
        },
        "melbands": {
            "dmean": [
                0.000170925603015,
                0.000397246418288,
                0.000600512081292,
                0.00055596412858,
                0.000158894865308,
                9.15230120881e-05,
                7.76663873694e-05,
                0.0001002729623,
                4.15595932282e-05,
                8.59819774632e-05,
                0.000101651705336,
                7.63173884479e-05,
                5.0088900025e-05,
                4.18061354139e-05,
                3.33291463903e-05,
                2.93772845907e-05,
                2.1408775865e-05,
                3.75985327992e-05,
                2.19406756514e-05,
                1.51079384523e-05,
                9.33359206101e-06,
                4.88023579237e-06,
                3.73003103959e-06,
                2.11487690649e-06,
                2.9011780498e-06,
                1.247970431e-06,
                2.98865387549e-07,
