{
    "lowlevel": {
        "average_loudness": 0.92250341177,
        "barkbands": {
            "dmean": [
                0.00087431166321,
                0.0108208125457,
                0.00374879920855,
                0.00207638414577,
                0.00210845377296,
                0.000947240623645,
                0.00277017592452,
                0.00123122730292,
                0.00145676231477,
                0.000562567845918,
                0.000607767433394,
                0.000633183692116,
                0.000554436061066,
                0.000460922310594,
                0.000445945886895,
                0.000336309458362,
                0.000437141308794,
                0.000144754201756,
                0.000168199359905,
                0.000174045446329,
                0.000132424465846,
                0.000111862253107,
                9.25189015106e-05,
                7.57337766117e-05,
                4.97331857332e-05,
                2.79778432741e-05,
                6.5616932261e-06
            ],
            "dmean2": [
                0.0013740012655,
                0.0160335171968,
                0.00694800261408,
                0.00390651915222,
                0.00366621254943,
                0.00167161389254,
                0.00430687796324,
                0.0019550784491,
                0.00219818204641,
                0.000890650320798,
                0.000967317959294,
                0.000995359732769,
                0.000866360089276,
                0.000709830783308,
                0.000697641342413,
                0.000505451578647,
                0.000689000531565,
                0.000233863829635,
                0.000266090093646,
                0.000272017292446,
                0.000200486218091,
                0.00016152569151,
                0.000130920132506,
                0.000108511543658,
                7.31047111913e-05,
                4.28791281593e-05,
                1.00475317595e-05
            ],
            "dvar": [
                1.49896513904e-05,
                0.000511048128828,
                0.000167553560459,
                5.14790735906e-05,
                2.79827308987e-05,
                5.85888619753e-06,
                2.88741903205e-05,
                7.74842737883e-06,
                1.01530040411e-05,
                1.61500690865e-06,
                2.25172038881e-06,
                2.58546629084e-06,
                1.60281990702e-06,
                9.28518545606e-07,
                5.18757985901e-07,
                4.10220877711e-07,
                5.09614721977e-07,
                1.03693800213e-07,
                1.13420853154e-07,
                1.46149488955e-07,
                1.69427494257e-07,
                9.82943220151e-08,
                6.60308572265e-08,
                3.16188959459e-08,
                1.313071607e-08,
                4.18449763728e-09,
                2.70589051166e-10
            ],
            "dvar2": [
                4.65046105091e-05,
                0.00115155905951,
                0.000473613647046,
                0.000150221807417,
                7.9335164628e-05,
                1.63797776622e-05,
                6.43320818199e-05,
                1.8239072233e-05,
                2.16072730836e-05,
                3.68582709598e-06,
                5.33654201718e-06,
                5.75891499466e-06,
                3.86022111343e-06,
                2.22193648369e-06,
                1.19917319807e-06,
                8.85809186002e-07,
                1.21611412851e-06,
                2.64458009269e-07,
                2.87622640371e-07,
                3.40009620459e-07,
                3.91311374415e-07,
                2.13522895365e-07,
                1.30083037675e-07,
                6.78681004729e-08,
                2.84017342977e-08,
                9.93935334037e-09,
                6.37470409792e-10
            ],
            "max": [
                0.164916425943,
                0.169960394502,
                0.102178156376,
                0.0650488436222,
                0.0599947720766,
                0.0355244502425,
                0.098125487566,
                0.050317786634,
                0.0868211239576,
                0.0275199431926,
                0.0285298991948,
                0.0418306291103,
                0.0224526729435,
                0.0224619172513,
                0.0108296526596,
                0.0191822107881,
                0.0137399155647,
                0.00398642756045,
                0.00429086340591,
                0.00858646538109,
                0.00909542199224,
                0.00718938698992,
                0.00529261538759,
                0.00289483112283,
                0.00163602619432,
                0.000801398127805,
                0.000208877958357
            ],
            "mean": [
                0.00128385005519,
                0.0242523178458,
                0.00266330782324,
                0.00140315957833,
                0.00221946113743,
                0.00090653449297,
                0.00370591180399,
                0.00152796134353,
                0.00216353684664,
                0.000800528971013,
                0.000811425969005,
                0.000889029877726,
                0.000760692171752,
                0.000644881569315,
                0.000691910623573,
                0.000528465490788,
                0.000727050646674,
                0.000208230281714,
                0.000284999259748,
                0.000271586177405,
                0.000193412459339,
                0.000168924598256,
                0.000141072378028,
                0.00011878676014,
                7.94443767518e-05,
                3.75790405087e-05,
                7.64516789786e-06
            ],
            "median": [
                0.00011454297055,
                0.0182522404939,
                0.000393712572986,
                0.000151313171955,
                0.000720701820683,
                0.00029049051227,
                0.00137921795249,
                0.000344980828231,
                0.00050968391588,
                0.000301914347801,
                0.000228366145166,
                0.000261091918219,
                0.000231866055401,
                0.000236057079746,
                0.000368114182493,
                0.000206771437661,
                0.000421690376243,
                0.000109787913971,
                0.000155250134412,
                0.000115957431262,
                6.97092909832e-05,
                5.26989279024e-05,
                3.52227580152e-05,
                3.55017837137e-05,
                2.44527909672e-05,
                1.2340057765e-05,
                2.29830857279e-06
            ],
            "min": [
                4.15225037513e-13,
                1.72230155485e-12,
                5.4284343947e-13,
                4.72714532448e-13,
                7.5977993428e-13,
                1.68072847306e-12,
                1.7230279703e-11,
                3.65878941727e-12,
                1.50060144866e-10,
                1.29774854057e-11,
                1.04775623941e-11,
                2.91424696874e-12,
                2.33864598694e-12,
                2.86833252462e-12,
                3.4066380359e-12,
                1.84159848829e-12,
                1.18615815954e-12,
                1.64923847149e-12,
                1.97473461194e-12,
                3.10266000175e-13,
                7.07703752371e-13,
                3.73080798026e-13,
                4.16894275178e-13,
                4.69956810013e-13,
                3.58599705919e-13,
                4.83099942428e-13,
                5.21013625038e-13
            ],
            "var": [
                2.41661036853e-05,
                0.00109618576244,
                9.97379102046e-05,
                2.91912583634e-05,
                2.16749176616e-05,
                4.19220259573e-06,
                4.33586428699e-05,
                1.21703924378e-05,
                2.00300273718e-05,
                2.94926076094e-06,
                3.3561454984e-06,
                4.91767013955e-06,
                2.4082210075e-06,
                1.43777003814e-06,
                9.2052130185e-07,
                8.29657381018e-07,
                9.04068940599e-07,
                1.14504175031e-07,
                1.64331652286e-07,
                2.15139380089e-07,
                2.38296081534e-07,
                1.57555334113e-07,
                1.32634554006e-07,
                6.15016091388e-08,
                2.58724455193e-08,
                5.16599696354e-09,
                2.94309909776e-10
            ]
        },
        "barkbands_crest": {
            "dmean": 3.36796164513,
            "dmean2": 5.23161458969,
            "dvar": 9.79450130463,
            "dvar2": 23.2516441345,
            "max": 26.1838951111,
            "mean": 13.9891004562,
            "median": 13.5815820694,
            "min": 2.00585985184,
            "var": 31.2534637451
        },
        "barkbands_flatness_db": {
            "dmean": 0.026306392625,
            "dmean2": 0.0385203622282,
            "dvar": 0.000657960597891,
            "dvar2": 0.00139784289058,
            "max": 0.404250234365,
            "mean": 0.151097238064,
            "median": 0.145900905132,
            "min": 0.0217855703086,
            "var": 0.00301989843138
        },
        "barkbands_kurtosis": {
            "dmean": 5.15138721466,
            "dmean2": 8.06375312805,
            "dvar": 125.743942261,
            "dvar2": 307.762145996,
            "max": 248.768463135,
            "mean": 6.14474201202,
            "median": 1.98750925064,
            "min": -1.82517623901,
            "var": 178.472885132
        },
        "barkbands_skewness": {
            "dmean": 0.77912569046,
            "dmean2": 1.15262627602,
            "dvar": 0.803652226925,
            "dvar2": 1.81718528271,
            "max": 13.7756910324,
            "mean": 1.77963984013,
            "median": 1.47852826118,
            "min": -3.01156187057,
            "var": 2.67308616638
        },
        "barkbands_spread": {
            "dmean": 6.45620822906,
            "dmean2": 9.64373493195,
            "dvar": 56.7915306091,
            "dvar2": 115.483024597,
            "max": 108.577079773,
            "mean": 21.0443572998,
            "median": 19.0369987488,
            "min": 0.651922881603,
            "var": 169.693908691
        },
        "dissonance": {
            "dmean": 0.0207102913409,
            "dmean2": 0.0341023877263,
            "dvar": 0.000415853166487,
            "dvar2": 0.00107401213609,
            "max": 0.500000059605,
            "mean": 0.46129617095,
            "median": 0.468400478363,
            "min": 0.24502196908,
            "var": 0.000900220533367
        },
        "dynamic_complexity": 3.26425528526,
        "erbbands": {
            "dmean": [
                0.393941223621,
                2.36851596832,
                4.20065641403,
                5.91444015503,
                6.53110837936,
                7.9162402153,
                6.09715557098,
                8.71497631073,
                24.8854827881,
                47.6206207275,
                26.6078681946,
                35.3395500183,
                18.1294384003,
                21.8770103455,
                20.6051177979,
                26.5000801086,
                24.541601181,
                24.5281181335,
                20.7089214325,
                20.9076042175,
                20.3609409332,
                22.1559410095,
                8.32704925537,
                6.42312765121,
                9.32426643372,
                8.06310367584,
                5.78899240494,
                5.06682682037,
                4.56546020508,
                2.89283537865,
                2.64039993286,
                1.82284009457,
                1.18414211273,
                0.645732402802,
                0.326762855053,
                0.146282300353,
                0.04644639045,
                0.00927704200149,
                0.00102858815808,
                7.39489478292e-05
            ],
            "dmean2": [
                0.53637611866,
                3.66490411758,
                7.42110681534,
                11.0034513474,
                11.9362745285,
                13.2749795914,
                10.6908826828,
                15.3191661835,
                38.9242897034,
                75.2278747559,
                41.2661628723,
                52.9752311707,
                28.2654781342,
                34.0530319214,
                32.7416496277,
                41.3030128479,
                37.8654747009,
                37.8087425232,
                31.761920929,
                32.1063346863,
                31.1036128998,
                34.6121177673,
                13.1173458099,
                10.1371774673,
                14.4595489502,
                12.5418252945,
                8.75441455841,
                7.60090923309,
                6.61387681961,
                4.09386634827,
                3.8173532486,
                2.67503905296,
                1.71990442276,
                0.938661873341,
                0.492093116045,
                0.225464463234,
                0.0708675682545,
                0.0141386166215,
                0.00157177762594,
                0.000111213368655
            ],
            "dvar": [
                0.682736873627,
                26.8034248352,
                178.577789307,
                409.481506348,
                437.498931885,
                317.104888916,
                206.834793091,
                554.231262207,
                2332.85986328,
                12376.0615234,
                3844.21533203,
                6476.73779297,
                1637.99377441,
                2497.48632812,
                2496.74829102,
                4634.1640625,
                3148.01391602,
                2756.37866211,
                1416.97937012,
                1269.37353516,
                1454.15026855,
                1370.06958008,
                287.146026611,
                371.640869141,
                252.251663208,
                304.756439209,
                309.109619141,
                265.530456543,
                181.875152588,
                65.1799545288,
                55.6177330017,
                21.8994293213,
                7.33438158035,
                2.34241533279,
                0.554763138294,
                0.107991248369,
                0.011499946937,
                0.000522944901604,
                7.07518393028e-06,
                2.55080561118e-08
            ],
            "dvar2": [
                1.21017551422,
                64.9951553345,
                490.930145264,
                1174.76049805,
                1272.38293457,
                847.720092773,
                564.143554688,
                1556.05627441,
                5251.08544922,
                28038.3457031,
                8954.14746094,
                13575.4101562,
                3562.15429688,
                5895.46875,
                6024.40185547,
                10170.6542969,
                7465.20410156,
                6659.31884766,
                3372.22607422,
                2734.89331055,
                3241.29443359,
                3091.92211914,
                700.16015625,
                945.053466797,
                593.833374023,
                720.490539551,
                738.393981934,
                587.390625,
                399.546234131,
                120.801643372,
                120.147209167,
                49.8983306885,
                15.3104333878,
                4.90935993195,
                1.27846324444,
                0.261043071747,
                0.0265929251909,
                0.00120988232084,
                1.65545552591e-05,
                5.90284123803e-08
            ],
            "max": [
                7.83455753326,
                40.8916664124,
                108.728088379,
                177.194976807,
                222.366760254,
                262.470855713,
                212.624053955,
                394.538818359,
                1049.50646973,
                2415.08178711,
                1322.98596191,
                2177.70996094,
                1048.46716309,
                1459.46496582,
                1416.02453613,
                1998.97399902,
                1108.07885742,
                1355.3963623,
                703.641235352,
                735.09753418,
                1313.60876465,
                713.219909668,
                245.564697266,
                278.504272461,
                303.395050049,
                402.006439209,
                466.520019531,
                448.478515625,
                312.356750488,
                142.930679321,
                166.284896851,
                74.6310882568,
                46.6950874329,
                28.3527870178,
                11.5826721191,
                4.79797124863,
                1.27933454514,
                0.338068246841,
                0.0343009606004,
                0.00258456799202
            ],
            "mean": [
                0.828967928886,
                4.86057043076,
                4.28013753891,
                4.21738529205,
                5.39170980453,
                8.96181201935,
                6.04314136505,
                8.65888023376,
                34.5935249329,
                59.0103492737,
                38.5492782593,
                53.4043006897,
                27.8303451538,
                32.8818740845,
                30.360616684,
                38.8452110291,
                36.347026825,
                36.7070426941,
                32.1601791382,
                33.7969436646,
                36.5274810791,
                38.8109779358,
                13.7502651215,
                10.0364189148,
                17.0106468201,
                13.0353746414,
                8.59457969666,
                7.20930671692,
                6.51576280594,
                4.73172283173,
                3.92117786407,
                2.72182488441,
                1.86962473392,
                1.0370644331,
                0.489515423775,
                0.199809014797,
                0.0617422387004,
                0.0120441364124,
                0.00122259592172,
                0.000122658035252
            ],
            "median": [
                0.365044295788,
                3.03398513794,
                1.49560403824,
                0.711499810219,
                1.18537414074,
                2.5638024807,
                1.76148796082,
                3.32060408592,
                13.8614368439,
                19.3021087646,
                11.3755636215,
                13.2477245331,
                11.2088928223,
                12.0753173828,
                10.3908643723,
                12.2396678925,
                12.1337451935,
                14.0801792145,
                14.224899292,
                19.3784561157,
                17.7113342285,
                23.193195343,
                7.80514001846,
                5.61286735535,
                9.57609558105,
                5.96404790878,
                3.32240152359,
                2.29354476929,
                1.93153381348,
                1.33445549011,
                0.964689970016,
                0.685369253159,
                0.581943392754,
                0.308933377266,
                0.147472053766,
                0.0626931264997,
                0.0203873962164,
                0.004573459737,
                0.0003662398085,
                7.44688368286e-05
            ],
            "min": [
                5.35938828039e-11,
                3.72412350957e-10,
                9.46335121377e-10,
                1.33681721248e-09,
                2.08849959549e-09,
                2.68257815961e-09,
                2.79521983337e-09,
                2.14677946531e-08,
                1.31783266966e-07,
                1.22523636037e-06,
                2.26555380323e-06,
                3.4725057958e-06,
                1.18523223591e-06,
                9.99125177259e-07,
                3.70158517171e-07,
                1.08341311034e-07,
                7.74286874616e-08,
                1.75084110765e-07,
                1.70726721649e-07,
                1.90907130104e-07,
                1.14060171086e-07,
                7.7452469327e-08,
                4.69140921666e-08,
                1.5935027875e-07,
                6.26089118327e-08,
                1.55533061985e-08,
                3.45432802362e-08,
                2.04371239931e-08,
                1.31410677895e-08,
                1.19104575091e-08,
                1.15317302374e-08,
                5.86586690332e-09,
                1.09707736229e-08,
                4.13781009456e-09,
                2.72687517011e-09,
                1.96048843826e-09,
                8.41524239181e-10,
                4.36616770516e-10,
                1.14764101e-10,
                3.16671818976e-12
            ],
            "var": [
                1.7463735342,
                44.3947410583,
                124.173843384,
                241.431137085,
                260.304840088,
                349.275512695,
                181.070541382,
                383.885894775,
                3936.68676758,
                15849.375,
                7058.10400391,
                13066.4130859,
                3300.4128418,
                4276.80029297,
                3701.46679688,
                9058.99121094,
                5049.21435547,
                4279.54931641,
                2485.38964844,
                2169.86865234,
                3162.24316406,
                2566.68676758,
                384.608093262,
                366.961212158,
                484.615753174,
                450.772796631,
                392.521514893,
                405.205108643,
                265.902709961,
                129.041595459,
                106.724716187,
                39.4260177612,
                13.9680891037,
                4.71145963669,
                0.955989062786,
                0.141502454877,
                0.0144380908459,
                0.000603565189522,
                7.78058256401e-06,
                2.99595512843e-08
            ]
        },
        "erbbands_crest": {
            "dmean": 3.38198041916,
            "dmean2": 5.49046421051,
            "dvar": 9.84466266632,
            "dvar2": 23.6615200043,
            "max": 30.2652587891,
            "mean": 9.99333667755,
            "median": 8.85117530823,
            "min": 2.53292822838,
            "var": 22.2968082428
        },
        "erbbands_flatness_db": {
            "dmean": 0.0213338565081,
            "dmean2": 0.030664306134,
            "dvar": 0.000433614419308,
            "dvar2": 0.000846243463457,
            "max": 0.415557235479,
            "mean": 0.162271946669,
            "median": 0.15239328146,
            "min": 0.0429394580424,
            "var": 0.00300562079065
        },
        "erbbands_kurtosis": {
            "dmean": 1.13052618504,
            "dmean2": 1.79396116734,
            "dvar": 2.70318388939,
            "dvar2": 6.53554010391,
            "max": 44.6451797485,
            "mean": 0.626864433289,
            "median": 0.0155910253525,
            "min": -1.74614536762,
            "var": 5.05207300186
        },
        "erbbands_skewness": {
            "dmean": 0.467328906059,
            "dmean2": 0.71042150259,
            "dvar": 0.197687551379,
            "dvar2": 0.446200489998,
            "max": 6.02320194244,
            "mean": 0.202817708254,
            "median": 0.169159159064,
            "min": -3.10361099243,
            "var": 0.667963445187
        },
        "erbbands_spread": {
            "dmean": 9.07158756256,
            "dmean2": 13.6352148056,
            "dvar": 105.398223877,
            "dvar2": 241.858840942,
            "max": 163.315811157,
            "mean": 35.2195892334,
            "median": 32.0494155884,
            "min": 3.54563117027,
            "var": 321.81237793
        },
        "gfcc": {
            "cov": [
                [
                    10899.6083984,
                    466.956634521,
                    1573.9107666,
                    956.814941406,
                    611.254333496,
                    956.837463379,
                    112.980621338,
                    343.425689697,
                    205.080810547,
                    231.472869873,
                    -34.714389801,
                    115.083465576,
                    60.9357452393
                ],
                [
                    466.956634521,
                    1404.19372559,
                    197.625213623,
                    197.064056396,
                    402.070587158,
                    52.0561523438,
                    255.894195557,
                    61.92162323,
                    135.722763062,
                    19.3926773071,
                    84.8760757446,
                    -22.3849887848,
                    64.3485870361
                ],
                [
                    1573.9107666,
                    197.625213623,
                    1440.66699219,
                    470.614349365,
                    353.778533936,
                    539.245727539,
                    87.7004928589,
                    198.144119263,
                    99.8147888184,
                    46.2440605164,
                    55.5684356689,
                    120.452796936,
                    3.16876745224
                ],
                [
                    956.814941406,
                    197.064056396,
                    470.614349365,
                    593.406311035,
                    313.145812988,
                    167.839569092,
                    84.6986312866,
                    76.3910980225,
                    117.58946991,
                    58.8217163086,
                    32.5117607117,
                    37.2554512024,
                    53.0893745422
                ],
                [
                    611.254333496,
                    402.070587158,
                    353.778533936,
                    313.145812988,
                    500.818054199,
                    216.141265869,
                    195.95098877,
                    129.634399414,
                    138.462387085,
                    83.9741973877,
                    52.2198181152,
                    38.2228355408,
                    41.4760856628
                ],
                [
                    956.837463379,
                    52.0561523438,
                    539.245727539,
                    167.839569092,
                    216.141265869,
                    568.797180176,
                    194.142089844,
                    181.205596924,
                    120.627967834,
                    64.2818908691,
                    57.7652015686,
                    67.4204177856,
                    -22.1715908051
                ],
                [
                    112.980621338,
                    255.894195557,
                    87.7004928589,
                    84.6986312866,
                    195.95098877,
                    194.142089844,
                    346.274108887,
                    147.668930054,
                    103.061683655,
                    69.9086303711,
                    63.8899688721,
                    21.9092884064,
                    8.48753166199
                ],
                [
                    343.425689697,
                    61.92162323,
                    198.144119263,
                    76.3910980225,
                    129.634399414,
                    181.205596924,
                    147.668930054,
                    241.657440186,
                    132.265487671,
                    85.6420974731,
                    52.3076629639,
                    22.9242534637,
                    11.9345855713
                ],
                [
                    205.080810547,
                    135.722763062,
                    99.8147888184,
                    117.58946991,
                    138.462387085,
                    120.627967834,
                    103.061683655,
                    132.265487671,
                    207.535507202,
                    93.1922302246,
                    54.7955093384,
                    22.0229663849,
                    11.9249677658
                ],
                [
                    231.472869873,
                    19.3926773071,
                    46.2440605164,
                    58.8217163086,
                    83.9741973877,
                    64.2818908691,
                    69.9086303711,
                    85.6420974731,
                    93.1922302246,
                    138.561233521,
                    64.3687210083,
                    16.8066978455,
                    14.4630279541
                ],
                [
                    -34.714389801,
                    84.8760757446,
                    55.5684356689,
                    32.5117607117,
                    52.2198181152,
                    57.7652015686,
                    63.8899688721,
                    52.3076629639,
                    54.7955093384,
                    64.3687210083,
                    115.315887451,
                    41.7744064331,
                    11.4287996292
                ],
                [
                    115.083465576,
                    -22.3849887848,
                    120.452796936,
                    37.2554512024,
                    38.2228355408,
                    67.4204177856,
                    21.9092884064,
                    22.9242534637,
                    22.0229663849,
                    16.8066978455,
                    41.7744064331,
                    99.2043762207,
                    27.611038208
                ],
                [
                    60.9357452393,
                    64.3485870361,
                    3.16876745224,
                    53.0893745422,
                    41.4760856628,
                    -22.1715908051,
                    8.48753166199,
                    11.9345855713,
                    11.9249677658,
                    14.4630279541,
                    11.4287996292,
                    27.611038208,
                    85.0509262085
                ]
            ],
            "icov": [
                [
                    0.000137653638376,
                    -9.41367979976e-05,
                    -1.06017769212e-05,
                    -0.000178035828867,
                    6.81630699546e-05,
                    -0.000226548363571,
                    0.000166679048561,
                    -0.000116775867355,
                    0.000191385843209,
                    -0.000373113056412,
                    0.000369435991161,
                    -0.000123338220874,
                    1.85913631867e-05
                ],
                [
                    -9.41367979976e-05,
                    0.00135409552604,
                    -0.000319485989166,
                    0.000466332421638,
                    -0.000993586028926,
                    0.000622783321887,
                    -0.000916863791645,
                    0.000798264401965,
                    -0.00101820507552,
                    0.00145942519885,
                    -0.00149002519902,
                    0.00148928479757,
                    -0.000998540432192
                ],
                [
                    -1.06017769212e-05,
                    -0.000319485989166,
                    0.00172023335472,
                    -0.00101258023642,
                    -0.000167595513631,
                    -0.00126269331668,
                    0.00104725698475,
                    -0.00114256516099,
                    0.00102844380308,
                    6.1143298808e-05,
                    0.00022958315094,
                    -0.00139684113674,
                    0.000893691962119
                ],
                [
                    -0.000178035828867,
                    0.000466332421638,
                    -0.00101258023642,
                    0.00359506043606,
                    -0.00165512645617,
                    0.000660715391859,
                    -0.000431564258179,
                    0.0013127727434,
                    -0.00172628264409,
                    0.000657405180391,
                    -0.000673443370033,
                    0.00121941044927,
                    -0.00176849227864
                ],
                [
                    6.81630699546e-05,
                    -0.000993586028926,
                    -0.000167595513631,
                    -0.00165512645617,
                    0.00482813175768,
                    -0.00064845662564,
                    -0.000914533273317,
                    -0.000279357249383,
                    -0.000142442979268,
                    -0.00161884340923,
                    0.0013685754966,
                    -0.000826163159218,
                    -0.000271227443591
                ],
                [
                    -0.000226548363571,
                    0.000622783321887,
                    -0.00126269331668,
                    0.000660715391859,
                    -0.00064845662564,
                    0.00442470423877,
                    -0.00188854988664,
                    -0.00040006954805,
                    -0.00118817097973,
                    0.00105454854202,
                    -0.000766342796851,
                    -0.000512405880727,
                    0.00129662570544
                ],
                [
                    0.000166679048561,
                    -0.000916863791645,
                    0.00104725698475,
                    -0.000431564258179,
                    -0.000914533273317,
                    -0.00188854988664,
                    0.00599489873275,
                    -0.002696079202,
                    0.00111749907956,
                    -0.000879112398252,
                    -0.00022536679171,
                    -0.000808416982181,
                    0.00082391028991
                ],
                [
                    -0.000116775867355,
                    0.000798264401965,
                    -0.00114256516099,
                    0.0013127727434,
                    -0.000279357249383,
                    -0.00040006954805,
                    -0.002696079202,
                    0.00954539701343,
                    -0.00435766857117,
                    -0.000967650033999,
                    -0.000880858453456,
                    0.00206957943738,
                    -0.00211357884109
                ],
                [
                    0.000191385843209,
                    -0.00101820507552,
                    0.00102844380308,
                    -0.00172628264409,
                    -0.000142442979268,
                    -0.00118817097973,
                    0.00111749907956,
                    -0.00435766857117,
                    0.0107219927013,
                    -0.00453284569085,
                    0.000744694785681,
                    -0.00182663672604,
                    0.00169258948881
                ],
                [
                    -0.000373113056412,
                    0.00145942519885,
                    6.1143298808e-05,
                    0.000657405180391,
                    -0.00161884340923,
                    0.00105454854202,
                    -0.000879112398252,
                    -0.000967650033999,
                    -0.00453284569085,
                    0.0152355926111,
                    -0.00747071858495,
                    0.00284832553007,
                    -0.00183771492448
                ],
                [
                    0.000369435991161,
                    -0.00149002519902,
                    0.00022958315094,
                    -0.000673443370033,
                    0.0013685754966,
                    -0.000766342796851,
                    -0.00022536679171,
                    -0.000880858453456,
                    0.000744694785681,
                    -0.00747071858495,
                    0.0163609683514,
                    -0.00681543955579,
                    0.00173342647031
                ],
                [
                    -0.000123338220874,
                    0.00148928479757,
                    -0.00139684113674,
                    0.00121941044927,
                    -0.000826163159218,
                    -0.000512405880727,
                    -0.000808416982181,
                    0.00206957943738,
                    -0.00182663672604,
                    0.00284832553007,
                    -0.00681543955579,
                    0.0167489629239,
                    -0.00643777661026
                ],
                [
                    1.85913631867e-05,
                    -0.000998540432192,
                    0.000893691962119,
                    -0.00176849227864,
                    -0.000271227443591,
                    0.00129662570544,
                    0.00082391028991,
                    -0.00211357884109,
                    0.00169258948881,
                    -0.00183771492448,
                    0.00173342647031,
                    -0.00643777661026,
                    0.0161873027682
                ]
            ],
            "mean": [
                1.29803144932,
                75.8735275269,
                -123.260704041,
                19.4482841492,
                -50.2166519165,
                11.2903051376,
                -30.8330459595,
                16.958864212,
                -11.5609903336,
                11.3871049881,
                -11.8069343567,
                1.88460159302,
                -8.89253902435
            ]
        },
        "hfc": {
            "dmean": 7.98717403412,
            "dmean2": 11.4056119919,
            "dvar": 163.646255493,
            "dvar2": 353.073150635,
            "max": 170.597244263,
            "mean": 23.7703876495,
            "median": 20.1826629639,
            "min": 3.3458377402e-07,
            "var": 379.217254639
        },
        "melbands": {
            "dmean": [
                0.0032477627974,
                0.00226809852757,
                0.00103358353954,
                0.000513406237587,
                0.000240475579631,
                0.000194970387383,
                0.000437888258602,
                0.000462282099761,
                0.000222678325372,
                0.000215330903302,
                9.03129184735e-05,
                8.86343914317e-05,
                7.956106856e-05,
                6.98634175933e-05,
                6.35517353658e-05,
                5.50557342649e-05,
                4.70243321615e-05,
                3.45839071088e-05,
                3.07715272356e-05,
                2.43595604843e-05,
                2.64856807917e-05,
                2.86916692858e-05,
                1.12887091746e-05,
                6.56734709992e-06,
                5.20818321093e-06,
                7.604160146e-06,
                6.9325651566e-06,
                5.09692381456e-06,
