{
    "lowlevel": {
        "average_loudness": 0.483102798462,
        "barkbands": {
            "dmean": [
                0.000331123359501,
                0.00885859783739,
                0.00581997074187,
                0.00180940830614,
                0.000901058665477,
                0.000397316151066,
                0.000291326025035,
                0.000426312879426,
                0.000367829343304,
                0.000222836853936,
                0.000186694509466,
                0.000227263153647,
                0.000238224354689,
                0.00020974301151,
                0.000154195193318,
                0.000122825367725,
                0.000267347379122,
                0.000294198427582,
                0.000168401282281,
                0.00013419748575,
                0.000136457470944,
                0.000190804392332,
                0.000175083274371,
                0.000203984600375,
                0.000106179337308,
                7.89738332969e-05,
                4.27250051871e-06
            ],
            "dmean2": [
                0.000502721813973,
                0.0130752250552,
                0.0102299870923,
                0.0031251439359,
                0.00147777271923,
                0.000669754343107,
                0.000462269003037,
                0.000681264558807,
                0.000523643568158,
                0.000292577897198,
                0.000264312955551,
                0.000332510186126,
                0.000363796512829,
                0.000359512196155,
                0.00026411266299,
                0.000212173632463,
                0.000466036988655,
                0.000528384232894,
                0.000276810431387,
                0.000229930170462,
                0.000220950387302,
                0.000332117226208,
                0.000311273091938,
                0.000370634428691,
                0.000181584444363,
                0.000142982797115,
                7.40534096622e-06
            ],
            "dvar": [
                1.2813579815e-06,
                0.00116066087503,
                0.000519267574418,
                2.83610825136e-05,
                1.25912465592e-05,
                1.65421897691e-06,
                1.00287877558e-06,
                2.1581463443e-06,
                1.59111164066e-06,
                3.98320480599e-07,
                3.7147464127e-07,
                5.43319742974e-07,
                4.72179181088e-07,
                4.72196234114e-07,
                2.42482769863e-07,
                1.44230597243e-07,
                6.26231781098e-07,
                1.25264602957e-06,
                2.21197637984e-07,
                1.94823385868e-07,
                2.19848814709e-07,
                5.53482323085e-07,
                5.73987563257e-07,
                8.56074734656e-07,
                1.95761856503e-07,
                1.42948181292e-07,
                2.72417782776e-10
            ],
            "dvar2": [
                2.49754452852e-06,
                0.00213622651063,
                0.00140903051943,
                7.88975521573e-05,
                2.83965728158e-05,
                4.66066239824e-06,
                2.43367685471e-06,
                5.43106079931e-06,
                3.39739926858e-06,
                6.61881870201e-07,
                7.38069161343e-07,
                1.1253566754e-06,
                1.01399700725e-06,
                1.26440852455e-06,
                6.66633695801e-07,
                3.96259395075e-07,
                1.74874685399e-06,
                3.6341662053e-06,
                6.0244889255e-07,
                5.31439241058e-07,
                5.65912046113e-07,
                1.57171393766e-06,
                1.65376377481e-06,
                2.47575576395e-06,
                5.34587741186e-07,
                4.07495548416e-07,
                7.5025102797e-10
            ],
            "max": [
                0.0127601185814,
                0.37851074338,
                0.212063163519,
                0.0660132989287,
                0.070479311049,
                0.0314462147653,
                0.0241181831807,
                0.0307033974677,
                0.0321372374892,
                0.0154755143449,
                0.0122637599707,
                0.0206361599267,
                0.0174710359424,
                0.00959441065788,
                0.00814276281744,
                0.00488501926884,
                0.00696941278875,
                0.0103788729757,
                0.00605131452903,
                0.00330183561891,
                0.00466871913522,
                0.00683844368905,
                0.00673207361251,
                0.00807137787342,
                0.00385255739093,
                0.00323482509702,
                0.000147336235386
            ],
            "mean": [
                0.000625881482847,
                0.0158813521266,
                0.00585345411673,
                0.00214669760317,
                0.00110176228918,
                0.0005430339952,
                0.000458225491457,
                0.000620693550445,
                0.000711795059033,
                0.000499106361531,
                0.00039532489609,
                0.000377153744921,
                0.00039757770719,
                0.000212163271499,
                0.00015840222477,
                0.000131077045808,
                0.000285014073597,
                0.000290658412268,
                0.000237295171246,
                0.000132723813294,
                0.000147334358189,
                0.000195205793716,
                0.000158581402502,
                0.000166871075635,
                9.59709650488e-05,
                5.86668757023e-05,
                3.87051977668e-06
            ],
            "median": [
                2.64158529717e-07,
                5.03664305143e-05,
                0.000232175749261,
                0.000180256989552,
                0.000268762581982,
                7.69220714574e-05,
                6.50793153909e-05,
                6.06426146987e-05,
                6.4962390752e-05,
                3.26595836668e-05,
                2.45710089075e-05,
                3.00441151921e-05,
                3.13239434035e-05,
                1.59845476446e-05,
                9.19893136597e-06,
                7.32154967409e-06,
                2.12298127735e-05,
                1.60516283358e-05,
                2.44662642217e-05,
                4.07554080084e-06,
                1.16779347081e-06,
                1.0393518096e-05,
                1.11819472295e-05,
                1.24438493003e-05,
                6.9635766522e-06,
                2.3612037694e-06,
                2.74126222166e-07
            ],
            "min": [
                2.68937259615e-12,
                4.02222661644e-13,
                5.98027453025e-15,
                1.43872685965e-15,
                2.59020388281e-14,
                4.2097395177e-14,
                1.66162978423e-14,
                2.02055847097e-14,
                5.08129745691e-14,
                4.88392963224e-14,
                3.14175463802e-14,
                7.58625950145e-14,
                5.69047440462e-14,
                3.12880621476e-14,
                6.34834524359e-14,
                9.1610353743e-14,
                7.08262794117e-14,
                2.21244152014e-13,
                2.21812382372e-13,
                1.2092762772e-13,
                2.41588704337e-13,
                2.97461274362e-13,
                3.37353219361e-13,
                6.19096408253e-13,
                6.11675857534e-13,
                1.09321395252e-12,
                1.71031785956e-10
            ],
            "var": [
                2.40146505348e-06,
                0.00195202138275,
                0.000385930965422,
                3.08636008413e-05,
                1.26185077534e-05,
                1.69853103671e-06,
                1.45099431847e-06,
                2.6240365969e-06,
                3.61733395948e-06,
                1.78558514108e-06,
                1.21534083064e-06,
                1.27252508264e-06,
                1.34604704272e-06,
                4.31132775702e-07,
                2.2410620204e-07,
                1.30727997316e-07,
                5.3182833426e-07,
                7.93133551724e-07,
                2.61476486685e-07,
                1.78569294462e-07,
                2.3920748049e-07,
                3.8820681425e-07,
                3.49965858959e-07,
                4.98374561175e-07,
                1.34402952767e-07,
                8.50402130936e-08,
                1.8697809967e-10
            ]
        },
        "barkbands_crest": {
            "dmean": 2.91589832306,
            "dmean2": 4.4244222641,
            "dvar": 7.78270864487,
            "dvar2": 17.6034069061,
            "max": 26.8950309753,
            "mean": 13.6268806458,
            "median": 12.8913211823,
            "min": 2.67599010468,
            "var": 30.6774177551
        },
        "barkbands_flatness_db": {
            "dmean": 0.0321473367512,
            "dmean2": 0.0462582558393,
            "dvar": 0.0013352552196,
            "dvar2": 0.0027319365181,
            "max": 0.765575528145,
            "mean": 0.228477582335,
            "median": 0.200151711702,
            "min": 0.0288195125759,
            "var": 0.0132378078997
        },
        "barkbands_kurtosis": {
            "dmean": 27.0130558014,
            "dmean2": 40.7590141296,
            "dvar": 19835.5410156,
            "dvar2": 44925.4335938,
            "max": 7555.80224609,
            "mean": 43.5438232422,
            "median": 5.44809436798,
            "min": -1.96596086025,
            "var": 48288.421875
        },
        "barkbands_skewness": {
            "dmean": 1.25029623508,
            "dmean2": 1.837195158,
            "dvar": 4.21555233002,
            "dvar2": 8.93898582458,
            "max": 69.2163162231,
            "mean": 3.18685555458,
            "median": 1.98636627197,
            "min": -2.60454320908,
            "var": 18.1533985138
        },
        "barkbands_spread": {
            "dmean": 6.64155578613,
            "dmean2": 10.4540863037,
            "dvar": 148.082565308,
            "dvar2": 381.908966064,
            "max": 150.067138672,
            "mean": 17.9535980225,
            "median": 11.4164075851,
            "min": 0.0284401811659,
            "var": 491.027893066
        },
        "dissonance": {
            "dmean": 0.0350842885673,
            "dmean2": 0.0582337193191,
            "dvar": 0.00153166416567,
            "dvar2": 0.00404393160716,
            "max": 0.500000119209,
            "mean": 0.421702355146,
            "median": 0.440994143486,
            "min": 0.0323945097625,
            "var": 0.00468452787027
        },
        "dynamic_complexity": 13.4916267395,
        "erbbands": {
            "dmean": [
                0.322028726339,
                2.11220765114,
                6.78547048569,
                6.41161108017,
                3.34961366653,
                3.32208442688,
                3.73618006706,
                3.00119185448,
                3.12431669235,
                7.44971084595,
                8.26770877838,
                9.03816604614,
                7.13998031616,
                5.30741643906,
                8.22480106354,
                9.700340271,
                10.7905225754,
                11.278181076,
                7.37826251984,
                7.86904096603,
                7.54003334045,
                13.6064252853,
                14.8339500427,
                12.409819603,
                8.09892368317,
                6.12548971176,
                4.81130838394,
                6.62570476532,
                7.37536001205,
                6.65606021881,
                4.19626092911,
                5.81420898438,
                2.19001126289,
                1.1130592823,
                0.836497604847,
                0.494267374277,
                0.105115182698,
                0.010359111242,
                0.00082248961553,
                5.61610868317e-05
            ],
            "dmean2": [
                0.44688937068,
                3.34766387939,
                11.8895120621,
                11.0248670578,
                5.76557445526,
                5.32622146606,
                6.36333990097,
                4.96055841446,
                4.86514377594,
                11.7490205765,
                13.0836181641,
                12.8903207779,
                9.20259666443,
                7.20938587189,
                11.2569293976,
                14.0677099228,
                16.3466358185,
                18.9451007843,
                12.500043869,
                13.8011217117,
                12.9643831253,
                23.5876598358,
                26.0586261749,
                21.5186214447,
                14.0326862335,
                10.2299604416,
                7.49303293228,
                11.3848514557,
                12.7811813354,
                11.7447881699,
                7.42248296738,
                10.7141284943,
                3.90295338631,
                1.88246321678,
                1.43972814083,
                0.901460528374,
                0.186598196626,
                0.0185199137777,
                0.00145212712232,
                8.72654272825e-05
            ],
            "dvar": [
                1.50623273849,
                67.8380203247,
                804.615966797,
                319.008239746,
                85.6349868774,
                279.542236328,
                165.726470947,
                100.960411072,
                119.90524292,
                522.280700684,
                940.403686523,
                1071.85827637,
                543.186218262,
                220.609313965,
                577.323791504,
                971.363586426,
                1021.54107666,
                1262.96801758,
                438.995910645,
                639.811584473,
                561.340454102,
                1669.66784668,
                2592.72070313,
                1861.87963867,
                610.555480957,
                417.565795898,
                243.065170288,
                565.976318359,
                805.359741211,
                781.459106445,
                317.662322998,
                742.270202637,
                81.0985488892,
                18.7696037292,
                13.1582622528,
                5.79885149002,
                0.229862809181,
                0.00214212597348,
                1.21492130347e-05,
                3.13556363096e-08
            ],
            "dvar2": [
                2.98744869232,
                144.60484314,
                2220.6887207,
                869.21685791,
                232.600402832,
                652.389160156,
                446.651794434,
                272.453765869,
                279.157196045,
                1297.60168457,
                2297.84814453,
                2360.80615234,
                859.864929199,
                406.760406494,
                1068.84143066,
                1990.70544434,
                2179.38085938,
                3356.24389648,
                1181.08630371,
                1794.75842285,
                1553.66162109,
                4673.85888672,
                7457.5390625,
                5337.96191406,
                1761.95996094,
                1126.52746582,
                539.206665039,
                1563.93237305,
                2283.75537109,
                2251.46948242,
                913.819152832,
                2154.23706055,
                230.915908813,
                51.4014816284,
                35.6751747131,
                16.5840606689,
                0.646488308907,
                0.00607003923506,
                3.39501893905e-05,
                8.05508122426e-08
            ],
            "max": [
                12.3571996689,
                79.592376709,
                253.475296021,
                207.656417847,
                124.627716064,
                407.722595215,
                295.054260254,
                268.213745117,
                351.196685791,
                426.772033691,
                538.116882324,
                944.901550293,
                614.131347656,
                427.610015869,
                590.238220215,
                792.906494141,
                900.193847656,
                518.357666016,
                341.030761719,
                228.20463562,
                255.503890991,
                342.242248535,
                483.852905273,
                435.109649658,
                326.006500244,
                161.552383423,
                130.176681519,
                227.614471436,
                246.418365479,
                252.370071411,
                155.450759888,
                240.574325562,
                78.7272186279,
                36.6909255981,
                31.9864654541,
                20.9070053101,
                4.0850982666,
                0.408744543791,
                0.0290282461792,
                0.0017337531317
            ],
            "mean": [
                0.450660824776,
                3.53298592567,
                7.3673324585,
                7.36365890503,
                4.12442541122,
                3.96416401863,
                4.42297792435,
                4.46493339539,
                5.09888935089,
                12.0459861755,
                12.1804208755,
                17.850440979,
                17.4829559326,
                11.0850858688,
                19.1576271057,
                17.801530838,
                19.1651153564,
                13.1780376434,
                8.04662513733,
                8.08054256439,
                8.08104324341,
                14.7874488831,
                16.7437458038,
                13.9813652039,
                10.1464757919,
                6.17884111404,
                5.65343236923,
                6.64601707458,
                7.39360141754,
                6.0733590126,
                3.88409423828,
                4.40987300873,
                2.06054210663,
                1.06974041462,
                0.715065956116,
                0.357705533504,
                0.0827077925205,
                0.00848281849176,
                0.000706524879206,
                8.1245561887e-05
            ],
            "median": [
                0.00192137039267,
                0.0343546755612,
                0.249133497477,
                0.713785588741,
                0.772682309151,
                0.763240695,
                0.900827467442,
                0.720513999462,
                0.86232149601,
                1.62615573406,
                1.78072297573,
                1.93782532215,
                1.14656758308,
                1.05655872822,
                1.64241790771,
                1.65525507927,
                1.86439502239,
                1.27771294117,
                0.723296821117,
                0.426614135504,
                0.56903976202,
                1.23748803139,
                1.11069095135,
                1.11846411228,
                1.05060482025,
                0.24922336638,
                0.0678757280111,
                0.0767328888178,
                0.320270627737,
                0.37578484416,
                0.31124484539,
                0.299773693085,
                0.161479905248,
                0.0779059678316,
                0.0405309312046,
                0.0139212952927,
                0.00365879572928,
                0.000550879456569,
                5.95135061303e-05,
                1.83006341103e-05
            ],
            "min": [
                1.5784894225e-10,
                5.14963939546e-11,
                1.5247948737e-11,
                2.24666396598e-11,
                3.4357225398e-11,
                8.64256166633e-11,
                1.57054397265e-10,
                2.84533174799e-10,
                2.66692418149e-10,
                4.89826956773e-10,
                7.28086202439e-10,
                1.36085198665e-09,
                1.99194771788e-09,
                1.6191407104e-09,
                2.13215267664e-09,
                3.88226739645e-09,
                3.09362069295e-09,
                2.00318162058e-09,
                2.33238361957e-09,
                4.48969128541e-09,
                4.91552398785e-09,
                4.60826710125e-09,
                8.87790818638e-09,
                1.42058089736e-08,
                9.31549859473e-09,
                5.62135138438e-09,
                5.94323790182e-09,
                1.49879308964e-08,
                9.94731852444e-09,
                8.13342460049e-09,
                9.96718085844e-09,
                8.60815330128e-09,
                1.15414300339e-08,
                7.79126541062e-09,
                3.94695653938e-09,
                4.61063809354e-09,
                1.76667069862e-09,
                8.35098101781e-10,
                4.40424985371e-09,
                4.95012164592e-09
            ],
            "var": [
                2.02215743065,
                98.2401199341,
                601.865234375,
                324.043792725,
                88.1790008545,
                257.783660889,
                145.892425537,
                127.376197815,
                203.93888855,
                747.167663574,
                1107.55883789,
                2226.14672852,
                2681.46972656,
                701.808105469,
                2415.27319336,
                2491.77368164,
                3018.43554688,
                1357.89990234,
                433.734130859,
                577.637145996,
                487.017425537,
                1382.24243164,
                1855.14978027,
                1350.89697266,
                567.292663574,
                380.793884277,
                335.1043396,
                500.562042236,
                569.697570801,
                485.158660889,
                196.015045166,
                419.402679443,
                52.0776023865,
                13.2787475586,
                9.02537536621,
                3.40662884712,
                0.143344342709,
                0.00131823844276,
                7.84162057244e-06,
                3.48805002659e-08
            ]
        },
        "erbbands_crest": {
            "dmean": 2.97909784317,
            "dmean2": 4.74912643433,
            "dvar": 8.16620826721,
            "dvar2": 19.8490600586,
            "max": 33.9596557617,
            "mean": 12.4371700287,
            "median": 11.1566419601,
            "min": 2.53573465347,
            "var": 39.3969078064
        },
        "erbbands_flatness_db": {
            "dmean": 0.0218619164079,
            "dmean2": 0.0315428338945,
            "dvar": 0.000503209710587,
            "dvar2": 0.0010383373592,
            "max": 0.641585946083,
            "mean": 0.206723079085,
            "median": 0.17102894187,
            "min": 0.0199676677585,
            "var": 0.0118693271652
        },
        "erbbands_kurtosis": {
            "dmean": 4.10267305374,
            "dmean2": 6.30782985687,
            "dvar": 98.9800872803,
            "dvar2": 226.120498657,
            "max": 285.497436523,
            "mean": 7.8822054863,
            "median": 1.29191160202,
            "min": -1.84956789017,
            "var": 424.974334717
        },
        "erbbands_skewness": {
            "dmean": 0.581119418144,
            "dmean2": 0.877340316772,
            "dvar": 0.435629725456,
            "dvar2": 1.00806319714,
            "max": 12.6898059845,
            "mean": 1.17390835285,
            "median": 0.724499344826,
            "min": -3.69067764282,
            "var": 3.41279625893
        },
        "erbbands_spread": {
            "dmean": 9.7777557373,
            "dmean2": 15.2187805176,
            "dvar": 227.199310303,
            "dvar2": 591.793762207,
            "max": 177.273269653,
            "mean": 33.260597229,
            "median": 27.5718765259,
            "min": 0.393667191267,
            "var": 760.927612305
        },
        "gfcc": {
            "cov": [
                [
                    90822.2890625,
                    -1659.80712891,
                    -4761.07421875,
                    6215.30517578,
                    8.79707527161,
                    7284.2421875,
                    1446.8157959,
                    5027.37353516,
                    -408.866821289,
                    710.604919434,
                    -134.267059326,
                    1681.78479004,
                    -2008.73413086
                ],
                [
                    -1659.80712891,
                    3914.37744141,
                    450.492828369,
                    -946.361572266,
                    556.034423828,
                    -255.993972778,
                    173.103347778,
                    -50.4747924805,
                    318.076629639,
                    -194.237472534,
                    176.486907959,
                    -117.664955139,
                    121.876823425
                ],
                [
                    -4761.07421875,
                    450.492828369,
                    2530.42480469,
                    500.569244385,
                    -8.69246101379,
                    -216.079467773,
                    -43.7681427002,
                    -157.218353271,
                    28.2002601624,
                    35.5728340149,
                    132.930297852,
                    98.8615341187,
                    204.670852661
                ],
                [
                    6215.30517578,
                    -946.361572266,
                    500.569244385,
                    1665.82751465,
                    267.962219238,
                    709.504394531,
                    103.888748169,
                    258.782897949,
                    -49.1714286804,
                    152.72668457,
                    -38.852973938,
                    151.243301392,
                    -42.0787277222
                ],
                [
                    8.79707527161,
                    556.034423828,
                    -8.69246101379,
                    267.962219238,
                    955.38873291,
                    349.800994873,
                    219.49168396,
                    16.0136165619,
                    204.546157837,
                    53.3448448181,
                    4.79572343826,
                    -11.7467937469,
                    148.691986084
                ],
                [
                    7284.2421875,
                    -255.993972778,
                    -216.079467773,
                    709.504394531,
                    349.800994873,
                    997.479309082,
                    402.124511719,
                    548.673217773,
                    48.1034965515,
                    99.8162155151,
                    37.9542541504,
                    175.972839355,
                    -124.744659424
                ],
                [
                    1446.8157959,
                    173.103347778,
                    -43.7681427002,
                    103.888748169,
                    219.49168396,
                    402.124511719,
                    521.408813477,
                    321.568481445,
                    85.4649047852,
                    13.892865181,
                    46.2221450806,
                    47.3172798157,
                    -12.1012802124
                ],
                [
                    5027.37353516,
                    -50.4747924805,
                    -157.218353271,
                    258.782897949,
                    16.0136165619,
                    548.673217773,
                    321.568481445,
                    589.335510254,
                    103.227516174,
                    73.2340393066,
                    55.0085639954,
                    133.632339478,
                    -139.358276367
                ],
                [
                    -408.866821289,
                    318.076629639,
                    28.2002601624,
                    -49.1714286804,
                    204.546157837,
                    48.1034965515,
                    85.4649047852,
                    103.227516174,
                    289.602294922,
                    118.183547974,
                    43.4809913635,
                    1.086612463,
                    58.742767334
                ],
                [
                    710.604919434,
                    -194.237472534,
                    35.5728340149,
                    152.72668457,
                    53.3448448181,
                    99.8162155151,
                    13.892865181,
                    73.2340393066,
                    118.183547974,
                    185.049697876,
                    44.3607254028,
                    42.0441131592,
                    10.1773586273
                ],
                [
                    -134.267059326,
                    176.486907959,
                    132.930297852,
                    -38.852973938,
                    4.79572343826,
                    37.9542541504,
                    46.2221450806,
                    55.0085639954,
                    43.4809913635,
                    44.3607254028,
                    184.365692139,
                    93.3621826172,
                    7.5745472908
                ],
                [
                    1681.78479004,
                    -117.664955139,
                    98.8615341187,
                    151.243301392,
                    -11.7467937469,
                    175.972839355,
                    47.3172798157,
                    133.632339478,
                    1.086612463,
                    42.0441131592,
                    93.3621826172,
                    196.352371216,
                    30.7839374542
                ],
                [
                    -2008.73413086,
                    121.876823425,
                    204.670852661,
                    -42.0787277222,
                    148.691986084,
                    -124.744659424,
                    -12.1012802124,
                    -139.358276367,
                    58.742767334,
                    10.1773586273,
                    7.5745472908,
                    30.7839374542,
                    215.349060059
                ]
            ],
            "icov": [
                [
                    0.000143956945976,
                    -0.000282568711555,
                    0.000294505560305,
                    -0.000377967720851,
                    0.000299935141811,
                    -0.000639678793959,
                    0.000455525092548,
                    -0.000556167156901,
                    0.000431736494647,
                    -0.000432933768025,
                    0.000560860265978,
                    -0.000608326634392,
                    0.000206935306778
                ],
                [
                    -0.000282568711555,
                    0.00104393449146,
                    -0.000731368025299,
                    0.00101846363395,
                    -0.000913310039323,
                    0.00123054161668,
                    -0.000797263171989,
                    0.000952491478529,
                    -0.00137081020512,
                    0.0017040054081,
                    -0.00159098673612,
                    0.00145855895244,
                    -0.00027658676845
                ],
                [
                    0.000294505560305,
                    -0.000731368025299,
                    0.00121007324196,
                    -0.00123793131206,
                    0.000802846683655,
                    -0.000920812075492,
                    0.000754942768253,
                    -0.00110958772711,
                    0.000927034765482,
                    -0.000933932315093,
                    0.000777239969466,
                    -0.00133857550099,
                    -3.90393470298e-05
                ],
                [
                    -0.000377967720851,
                    0.00101846363395,
                    -0.00123793131206,
                    0.00248072016984,
                    -0.00113683729433,
                    0.000533168495167,
                    -0.000714810565114,
                    0.00151141453534,
                    -0.000740388175473,
                    0.000571580661926,
                    -0.000911906710826,
                    0.0015393961221,
                    -0.00042205612408
                ],
                [
                    0.000299935141811,
                    -0.000913310039323,
                    0.000802846683655,
                    -0.00113683729433,
                    0.00324210943654,
                    -0.00308842491359,
                    0.000535953440703,
                    0.000445299461717,
                    -0.000646909349598,
                    -0.000512515660375,
                    0.00104119861498,
                    -0.000313389406074,
                    -0.00117100565694
                ],
                [
                    -0.000639678793959,
                    0.00123054161668,
                    -0.000920812075492,
                    0.000533168495167,
                    -0.00308842491359,
                    0.00797034800053,
                    -0.00333851133473,
                    -0.000214098879951,
                    -0.000441730953753,
                    0.00100603851024,
                    -0.00193772651255,
                    0.000472576066386,
                    0.000812932790723
                ],
                [
                    0.000455525092548,
                    -0.000797263171989,
                    0.000754942768253,
                    -0.000714810565114,
                    0.000535953440703,
                    -0.00333851133473,
                    0.00560128362849,
                    -0.00402608467266,
                    0.00165277044289,
                    -0.00049151526764,
                    0.000525334849954,
                    0.000244960800046,
                    -0.00123260985129
                ],
                [
                    -0.000556167156901,
                    0.000952491478529,
                    -0.00110958772711,
                    0.00151141453534,
                    0.000445299461717,
                    -0.000214098879951,
                    -0.00402608467266,
                    0.00952629838139,
                    -0.00528809288517,
                    0.00229897140525,
                    -0.000899163656868,
                    -0.00101517129224,
                    0.00264059286565
                ],
                [
                    0.000431736494647,
                    -0.00137081020512,
                    0.000927034765482,
                    -0.000740388175473,
                    -0.000646909349598,
                    -0.000441730953753,
                    0.00165277044289,
                    -0.00528809288517,
                    0.0104234470055,
                    -0.00719738192856,
                    0.00125816266518,
                    0.000333968229825,
                    -0.00195632455871
                ],
                [
                    -0.000432933768025,
                    0.0017040054081,
                    -0.000933932315093,
                    0.000571580661926,
                    -0.000512515660375,
                    0.00100603851024,
                    -0.00049151526764,
                    0.00229897140525,
                    -0.00719738192856,
                    0.0124941803515,
                    -0.00408571166918,
                    0.00174110755324,
                    -0.000339004094712
                ],
                [
                    0.000560860265978,
                    -0.00159098673612,
                    0.000777239969466,
                    -0.000911906710826,
                    0.00104119861498,
                    -0.00193772651255,
                    0.000525334849954,
                    -0.000899163656868,
                    0.00125816266518,
                    -0.00408571166918,
                    0.0119758024812,
                    -0.00853230059147,
                    0.00346974376589
                ],
                [
                    -0.000608326634392,
                    0.00145855895244,
                    -0.00133857550099,
                    0.0015393961221,
                    -0.000313389406074,
                    0.000472576066386,
                    0.000244960800046,
                    -0.00101517129224,
                    0.000333968229825,
                    0.00174110755324,
                    -0.00853230059147,
                    0.0156650673598,
                    -0.00719245430082
                ],
                [
                    0.000206935306778,
                    -0.00027658676845,
                    -3.90393470298e-05,
                    -0.00042205612408,
                    -0.00117100565694,
                    0.000812932790723,
                    -0.00123260985129,
                    0.00264059286565,
                    -0.00195632455871,
                    -0.000339004094712,
                    0.00346974376589,
                    -0.00719245430082,
                    0.0110598076135
                ]
            ],
            "mean": [
                -215.246459961,
                90.4197845459,
                -88.6056976318,
                11.2720136642,
                -51.5266189575,
                4.89306926727,
                -37.305267334,
                4.46268606186,
                -22.2444438934,
                -9.65748310089,
                -10.5318460464,
                -4.06967353821,
                -20.7231407166
            ]
        },
        "hfc": {
            "dmean": 10.4767875671,
            "dmean2": 16.7620563507,
            "dvar": 1244.03417969,
            "dvar2": 3383.63208008,
            "max": 315.259643555,
            "mean": 15.3820552826,
            "median": 4.47687149048,
            "min": 5.19223567608e-06,
            "var": 1095.67663574
        },
        "melbands": {
            "dmean": [
                0.00264813588001,
                0.00323456968181,
                0.00101486127824,
                0.000220703324885,
                0.000131514680106,
                6.74103212077e-05,
                5.06464020873e-05,
                8.57750274008e-05,
                6.90256201779e-05,
                5.41464432899e-05,
                3.53766590706e-05,
                2.21440568566e-05,
                2.67543855443e-05,
                2.53809630522e-05,
                2.81703523797e-05,
                2.1192310669e-05,
                2.21530499402e-05,
                1.15161146823e-05,
                1.23338822959e-05,
                9.64061109698e-06,
                8.98483631318e-06,
                1.43150273288e-05,
                1.44577625178e-05,
                1.50224423123e-05,
                9.69501888903e-06,
                6.4217306317e-06,
                5.32434341949e-06,
