{
    "lowlevel": {
        "average_loudness": 0.813220024109,
        "barkbands": {
            "dmean": [
                0.00161616911646,
                0.00463055633008,
                0.00264456844889,
                0.00142452854197,
                0.0028340597637,
                0.000873429118656,
                0.00116443901788,
                0.000530143210199,
                0.000721433956642,
                0.000454342953162,
                0.00034369318746,
                0.000377892312827,
                0.00040854816325,
                0.000318884325679,
                0.000345044390997,
                0.000310041854391,
                0.000254266546108,
                0.000272638775641,
                0.00024213490542,
                0.000192614665139,
                0.000202464798349,
                0.000254649930866,
                0.000170838931808,
                0.000201245755306,
                0.000116925752081,
                3.56585296686e-05,
                2.56642624663e-06
            ],
            "dmean2": [
                0.00268786586821,
                0.00765221519396,
                0.00445659365505,
                0.00252993870527,
                0.00457527441904,
                0.00137576262932,
                0.00178104243241,
                0.000828768010251,
                0.00107526022475,
                0.000682533311192,
                0.000532730889972,
                0.000588419148698,
                0.000649063906167,
                0.000490934122354,
                0.000547283154447,
                0.000467942852993,
                0.000390354951378,
                0.000416977913119,
                0.000401159137255,
                0.000296634389088,
                0.000299392966554,
                0.000371082540369,
                0.000246226059971,
                0.000287010974716,
                0.000164785626112,
                4.90409001941e-05,
                3.80791129828e-06
            ],
            "dvar": [
                1.36811959237e-05,
                0.000139122101245,
                0.000212616170757,
                2.37756485149e-05,
                5.43571331946e-05,
                2.72616489383e-06,
                4.45839668828e-06,
                1.47787875449e-06,
                2.59440002992e-06,
                1.60318563758e-06,
                9.4814942031e-07,
                8.76224987678e-07,
                6.02244085712e-07,
                4.32180570442e-07,
                4.20840621018e-07,
                2.68393904435e-07,
                1.72667128595e-07,
                1.74462215341e-07,
                1.18026711959e-07,
                7.97709063249e-08,
                1.26218751006e-07,
                1.92299765445e-07,
                1.64392531588e-07,
                2.43304810965e-07,
                1.00682441939e-07,
                8.395729445e-09,
                7.19195675236e-11
            ],
            "dvar2": [
                3.60205485777e-05,
                0.000378193653887,
                0.000584866676945,
                6.66443447699e-05,
                0.000129796011606,
                6.24725726084e-06,
                9.72198995441e-06,
                3.28334817823e-06,
                5.48261732547e-06,
                3.359476068e-06,
                2.10609596252e-06,
                1.95705592887e-06,
                1.40438316976e-06,
                9.36557739806e-07,
                9.45443048295e-07,
                5.68473353724e-07,
                3.75802613917e-07,
                3.82480891403e-07,
                3.10236060841e-07,
                1.88485969943e-07,
                2.70781697509e-07,
                4.00591432026e-07,
                3.10202807441e-07,
                4.34600451626e-07,
                1.78548219765e-07,
                1.72793281905e-08,
                1.61355498407e-10
            ],
            "max": [
                0.0522848963737,
                0.195725604892,
                0.209745109081,
                0.0551652237773,
                0.0793522447348,
                0.0236765444279,
                0.0320972576737,
                0.0200111214072,
                0.023762697354,
                0.0325469374657,
                0.0225772298872,
                0.0186935700476,
                0.0142327612266,
                0.00951220095158,
                0.0109934946522,
                0.00768314348534,
                0.00743639748544,
                0.0056708343327,
                0.00586125813425,
                0.00539613002911,
                0.00431309361011,
                0.00790022592992,
                0.010242681019,
                0.00983507558703,
                0.00624582450837,
                0.00249133235775,
                0.000170994302607
            ],
            "mean": [
                0.00517893675715,
                0.0129738757387,
                0.0024422542192,
                0.00114110286813,
                0.00340915517882,
                0.00138870615046,
                0.00172015605494,
                0.000779705471359,
                0.00109110074118,
                0.000679118209518,
                0.000475170265418,
                0.000541515706573,
                0.000610024435446,
                0.000475034321425,
                0.00053129211301,
                0.00053867243696,
                0.000452953157946,
                0.000500734196976,
                0.000526775256731,
                0.000348705216311,
                0.000350494025042,
                0.000429626932601,
                0.000277179758996,
                0.000358784483979,
                0.00019440340111,
                5.65604423173e-05,
                3.05608659801e-06
            ],
            "median": [
                5.26093172084e-05,
                0.00337747414596,
                0.000257820327533,
                0.000181278839591,
                0.00116654112935,
                0.000581123167649,
                0.000518561922945,
                0.000165094039403,
                0.000251544464845,
                0.00012485741172,
                0.000126274695504,
                0.000121252705867,
                0.000240637760726,
                0.000145368016092,
                0.000210290163523,
                0.000241467612796,
                0.0002307297691,
                0.000234236358665,
                0.000288632581942,
                0.000209583609831,
                0.000157770235091,
                0.000166432742844,
                8.79754661582e-05,
                0.000121720790048,
                5.00551941514e-05,
                1.66285226442e-05,
                5.03201533775e-07
            ],
            "min": [
                1.29859710531e-23,
                1.93371059782e-23,
                6.95694617934e-24,
                1.14744007516e-23,
                3.97444658575e-23,
                1.14333791956e-23,
                2.31935960861e-23,
                3.15633724252e-23,
                2.54514548364e-23,
                2.54178856494e-23,
                2.80269847177e-23,
                6.61626728886e-23,
                1.00980778124e-22,
                3.26739749838e-23,
                8.31204244932e-23,
                1.10468483961e-22,
                9.56918444074e-23,
                1.40252842517e-22,
                1.52831097122e-22,
                2.94270108761e-22,
                4.00802378754e-22,
                5.86185549761e-22,
                4.91404353761e-22,
                7.63196445318e-22,
                9.88381877289e-22,
                1.52765274568e-21,
                2.03651422524e-21
            ],
            "var": [
                5.65606715099e-05,
                0.000342041690601,
                0.000153499073349,
                1.54887875397e-05,
                5.55492624699e-05,
                5.78987965127e-06,
                8.13334827399e-06,
                3.17139210892e-06,
                5.30982151759e-06,
                3.10126915792e-06,
                1.71472117927e-06,
                1.68186409155e-06,
                1.22218227716e-06,
                8.79274864474e-07,
                8.12550013052e-07,
                6.16823115251e-07,
                3.87766846188e-07,
                4.6111100005e-07,
                3.74874758791e-07,
                1.70728313265e-07,
                2.61180900907e-07,
                4.2870627226e-07,
                3.90951782947e-07,
                7.33328988645e-07,
                2.61379909716e-07,
                1.7474937053e-08,
                9.73812211424e-11
            ]
        },
        "barkbands_crest": {
            "dmean": 2.32315587997,
            "dmean2": 3.73160648346,
            "dvar": 5.09396791458,
            "dvar2": 12.071146965,
            "max": 25.8443069458,
            "mean": 11.0109539032,
            "median": 10.4981374741,
            "min": 2.34147953987,
            "var": 17.7799072266
        },
        "barkbands_flatness_db": {
            "dmean": 0.0221967287362,
            "dmean2": 0.0326907858253,
            "dvar": 0.000460779032437,
            "dvar2": 0.000936979311518,
            "max": 0.636792421341,
            "mean": 0.134382396936,
            "median": 0.125581204891,
            "min": 0.0314948223531,
            "var": 0.00267457100563
        },
        "barkbands_kurtosis": {
            "dmean": 3.40427136421,
            "dmean2": 5.25887346268,
            "dvar": 64.1974945068,
            "dvar2": 146.80418396,
            "max": 361.549377441,
            "mean": 4.44438028336,
            "median": 1.37584102154,
            "min": -1.91460800171,
            "var": 147.107421875
        },
        "barkbands_skewness": {
            "dmean": 0.608641326427,
            "dmean2": 0.900232374668,
            "dvar": 0.508738279343,
            "dvar2": 1.04189622402,
            "max": 14.8079319,
            "mean": 1.53235423565,
            "median": 1.44245362282,
            "min": -4.27501153946,
            "var": 2.2661678791
        },
        "barkbands_spread": {
            "dmean": 7.795566082,
            "dmean2": 11.731051445,
            "dvar": 81.3191680908,
            "dvar2": 172.453643799,
            "max": 119.552597046,
            "mean": 30.1531944275,
            "median": 28.0484867096,
            "min": 0.194438397884,
            "var": 284.776275635
        },
        "dissonance": {
            "dmean": 0.0147742209956,
            "dmean2": 0.0236811656505,
            "dvar": 0.000243703500018,
            "dvar2": 0.000581495347433,
            "max": 0.500000059605,
            "mean": 0.467310607433,
            "median": 0.4739587605,
            "min": 0.20245526731,
            "var": 0.000716413953342
        },
        "dynamic_complexity": 3.81434726715,
        "erbbands": {
            "dmean": [
                0.231360509992,
                0.842903077602,
                2.7801258564,
                3.90368771553,
                7.58551454544,
                11.5961866379,
                4.83900308609,
                8.48047924042,
                16.8495464325,
                13.2976942062,
                12.4551467896,
                17.2058429718,
                11.263715744,
                15.0143995285,
                14.7111330032,
                13.6945581436,
                19.516122818,
                14.2718639374,
                16.7490234375,
                17.9342708588,
                14.0092334747,
                13.6697187424,
                14.9441776276,
                11.9135723114,
                11.3656320572,
                9.65129184723,
                7.31945848465,
                9.49119472504,
                8.78436279297,
                6.87486362457,
                4.96309900284,
                4.20982837677,
                3.42344617844,
                1.659314394,
                0.693778038025,
                0.224266335368,
                0.0537503659725,
                0.009232214652,
                0.000252628466114,
                1.76217472472e-05
            ],
            "dmean2": [
                0.369997501373,
                1.32579576969,
                4.37277889252,
                6.90875291824,
                12.3713312149,
                19.3471946716,
                7.91588306427,
                13.3185157776,
                26.1553821564,
                19.9177455902,
                19.1636142731,
                25.5188961029,
                16.6854572296,
                22.9834423065,
                22.6115036011,
                21.1065711975,
                31.2930450439,
                21.1834564209,
                25.4796905518,
                27.5572013855,
                20.733587265,
                20.6786079407,
                22.7879428864,
                19.3281612396,
                18.4772014618,
                14.9446125031,
                10.8432035446,
                14.1403245926,
                12.7621164322,
                10.1229505539,
                7.19366931915,
                6.08620071411,
                4.95662975311,
                2.37244844437,
                0.996004700661,
                0.31401142478,
                0.0743194445968,
                0.0126784034073,
                0.000355464348104,
                2.55199702224e-05
            ],
            "dvar": [
                0.314031720161,
                7.76044845581,
                177.891998291,
                329.038696289,
                426.540161133,
                1096.83520508,
                98.0937042236,
                288.971191406,
                949.825927734,
                823.685424805,
                756.580871582,
                1621.52429199,
                877.932006836,
                1917.18273926,
                1470.85192871,
                989.703918457,
                1344.40661621,
                944.200561523,
                1018.44372559,
                1089.51818848,
                531.269226074,
                484.795471191,
                534.789489746,
                305.240478516,
                380.140960693,
                207.64263916,
                156.863739014,
                264.101715088,
                263.554260254,
                179.08505249,
                159.944442749,
                98.1576843262,
                84.1912536621,
                20.5892429352,
                3.60779428482,
                0.325679510832,
                0.0216429103166,
                0.000618675490841,
                6.0869575691e-07,
                9.37161348524e-10
            ],
            "dvar2": [
                0.855142891407,
                19.1062583923,
                445.031677246,
                950.306274414,
                1004.43609619,
                2816.21728516,
                244.720474243,
                661.170776367,
                2110.58520508,
                1813.8671875,
                1697.74609375,
                3511.86669922,
                1816.26855469,
                4086.10693359,
                3166.77172852,
                2142.98095703,
                3289.46386719,
                1934.73693848,
                2259.39428711,
                2428.91870117,
                1088.49438477,
                1013.80029297,
                1182.7800293,
                748.745178223,
                994.743408203,
                508.070343018,
                343.531311035,
                577.266967773,
                551.01550293,
                378.493377686,
                309.284576416,
                183.43963623,
                159.86239624,
                37.558971405,
                6.75031328201,
                0.658617794514,
                0.0459965132177,
                0.00120194023475,
                1.29630768697e-06,
                1.92547933153e-09
            ],
            "max": [
                7.81114244461,
                45.5596389771,
                197.179153442,
                259.890838623,
                289.269622803,
                343.672119141,
                111.263275146,
                271.243804932,
                463.540161133,
                539.672851563,
                537.240905762,
                705.255432129,
                746.893249512,
                1120.68237305,
                1018.35345459,
                623.824035645,
                653.918884277,
                509.955383301,
                584.597290039,
                664.277404785,
                453.555877686,
                405.37411499,
                340.740844727,
                301.919128418,
                332.762054443,
                232.584396362,
                197.291885376,
                249.858306885,
                297.448059082,
                206.756759644,
                374.125640869,
                195.962844849,
                182.659957886,
                100.780754089,
                36.8453140259,
                11.0679569244,
                4.98773002625,
                0.472191900015,
                0.0145013965666,
                0.000418419775087
            ],
            "mean": [
                0.723176836967,
                1.5435833931,
                2.87442731857,
                3.37943410873,
                8.32808303833,
                12.8494606018,
                6.61918878555,
                13.621717453,
                25.3572921753,
                20.0808086395,
                19.8034877777,
                25.9583587646,
                18.409330368,
                22.2500972748,
                22.8090667725,
                21.7490062714,
                29.4063243866,
                23.5556678772,
                27.5621891022,
                30.0588436127,
                26.5850467682,
                26.6626224518,
                29.2962608337,
                24.3644142151,
                25.3919792175,
                18.0755081177,
                12.9171772003,
                16.7148456573,
                15.5752811432,
                10.1495933533,
                7.97183513641,
                7.23860788345,
                5.88876771927,
                2.75138640404,
                1.10864698887,
                0.34869581461,
                0.0841516852379,
                0.0135701838881,
                0.000374524504878,
                5.87868380535e-05
            ],
            "median": [
                0.104497812688,
                0.580905854702,
                0.364933848381,
                0.69498360157,
                2.28704977036,
                3.79661297798,
                2.6384780407,
                5.38787889481,
                8.68848705292,
                6.19519376755,
                5.48914575577,
                6.28546905518,
                4.43541479111,
                4.20906352997,
                6.18477249146,
                5.95395088196,
                12.4424514771,
                7.95820188522,
                10.017156601,
                14.5642576218,
                12.440372467,
                14.4171056747,
                15.1228303909,
                14.6777153015,
                9.91137599945,
                11.2381372452,
                7.06157445908,
                7.29029130936,
                5.83583450317,
                3.43325996399,
                2.47581458092,
                2.47152900696,
                1.80511689186,
                0.716690540314,
                0.280409216881,
                0.101895809174,
                0.0234305523336,
                0.00322737242095,
                0.00010175362695,
                4.57642090623e-05
            ],
            "min": [
                8.46414227869e-22,
                3.38256932252e-21,
                9.78029437273e-21,
                3.73818040708e-20,
                5.88856177898e-20,
                1.56156280486e-19,
                7.90014030538e-20,
                7.8036677815e-20,
                1.95247259423e-19,
                5.28732865267e-19,
                4.07043404373e-19,
                6.19015700019e-19,
                1.19061678694e-18,
                1.16071224324e-18,
                8.96181227518e-19,
                2.74537047365e-18,
                4.9415724299e-18,
                2.91325505077e-18,
                4.88870814413e-18,
                6.2338762873e-18,
                6.2560794693e-18,
                5.75994191457e-18,
                8.18943382577e-18,
                6.86018063759e-18,
                9.07685882952e-18,
                1.26139459945e-17,
                1.58950050435e-17,
                1.26017831308e-17,
                1.9525482554e-17,
                1.85706646642e-17,
                1.31632907014e-17,
                1.32137139772e-17,
                1.41683101826e-17,
                8.14949920016e-18,
                8.08332475115e-18,
                4.29823436285e-18,
                3.15406614544e-18,
                1.15102182237e-18,
                2.75301889578e-19,
                3.33793452741e-20
            ],
            "var": [
                1.0280714035,
                11.1611309052,
                162.539962769,
                202.023452759,
                425.652313232,
                968.15637207,
                126.727737427,
                612.360656738,
                1746.31530762,
                1519.08508301,
                1612.90307617,
                3093.6875,
                1937.20788574,
                3595.11425781,
                2939.11376953,
                2202.69775391,
                2441.64355469,
                2122.99145508,
                2278.10693359,
                2110.50830078,
                1385.94274902,
                1195.93151855,
                1410.33996582,
                870.762695313,
                1184.62536621,
                439.262084961,
                305.420898438,
                572.747802734,
                609.193664551,
                340.24597168,
                365.042053223,
                270.7550354,
                230.864044189,
                54.643901825,
                8.26546192169,
                0.692049562931,
                0.041450381279,
                0.00116599805187,
                9.76627461569e-07,
                2.88891199851e-09
            ]
        },
        "erbbands_crest": {
            "dmean": 2.48587918282,
            "dmean2": 4.05964136124,
            "dvar": 5.17670440674,
            "dvar2": 12.7763957977,
            "max": 28.0347290039,
            "mean": 8.61895847321,
            "median": 7.91366195679,
            "min": 2.14071822166,
            "var": 12.6414709091
        },
        "erbbands_flatness_db": {
            "dmean": 0.016844112426,
            "dmean2": 0.0245238225907,
            "dvar": 0.00025006159558,
            "dvar2": 0.000505374162458,
            "max": 0.370203584433,
            "mean": 0.146381303668,
            "median": 0.141596421599,
            "min": 0.047139711678,
            "var": 0.0016816991847
        },
        "erbbands_kurtosis": {
            "dmean": 0.9656239748,
            "dmean2": 1.49230754375,
            "dvar": 2.22785401344,
            "dvar2": 4.96434831619,
            "max": 40.686870575,
            "mean": 0.403335481882,
            "median": -0.207877874374,
            "min": -1.81668019295,
            "var": 5.64329338074
        },
        "erbbands_skewness": {
            "dmean": 0.405359596014,
            "dmean2": 0.59306114912,
            "dvar": 0.161143660545,
            "dvar2": 0.333416640759,
            "max": 5.70687770844,
            "mean": -0.0846576020122,
            "median": -0.13131698966,
            "min": -4.41934108734,
            "var": 0.775484681129
        },
        "erbbands_spread": {
            "dmean": 9.76249980927,
            "dmean2": 14.5540351868,
            "dvar": 113.862678528,
            "dvar2": 236.349578857,
            "max": 142.050048828,
            "mean": 43.0547065735,
            "median": 41.3201255798,
            "min": 3.34072327614,
            "var": 339.653259277
        },
        "gfcc": {
            "cov": [
                [
                    22485.6855469,
                    797.093139648,
                    -330.073791504,
                    357.909423828,
                    -825.125976563,
                    102.833366394,
                    -504.188598633,
                    49.1404838562,
                    -96.4056472778,
                    154.534088135,
                    -70.8785934448,
                    171.885025024,
                    -91.48802948
                ],
                [
                    797.093139648,
                    1514.23254395,
                    65.7834854126,
                    65.2780303955,
                    146.285919189,
                    -165.873794556,
                    129.546646118,
                    10.108707428,
                    90.1400756836,
                    -16.6440525055,
                    64.2678833008,
                    -22.1440677643,
                    135.722625732
                ],
                [
                    -330.073791504,
                    65.7834854126,
                    977.037963867,
                    305.649383545,
                    255.672973633,
                    255.102920532,
                    124.200126648,
                    151.982162476,
                    128.872833252,
                    158.825210571,
                    80.7617797852,
                    107.977539063,
                    46.6196632385
                ],
                [
                    357.909423828,
                    65.2780303955,
                    305.649383545,
                    527.104248047,
                    257.800994873,
                    134.690811157,
                    60.3023986816,
                    94.6255722046,
                    140.349731445,
                    111.445411682,
                    93.0981140137,
                    42.3313560486,
                    62.3385887146
                ],
                [
                    -825.125976563,
                    146.285919189,
                    255.672973633,
                    257.800994873,
                    530.475097656,
                    254.263778687,
                    176.670257568,
                    139.211334229,
                    148.841064453,
                    130.394622803,
                    88.8707351685,
                    51.804725647,
                    79.3269958496
                ],
                [
                    102.833366394,
                    -165.873794556,
                    255.102920532,
                    134.690811157,
                    254.263778687,
                    478.744628906,
                    274.8203125,
                    164.425094604,
                    106.256629944,
                    129.396377563,
                    53.6696662903,
                    75.977180481,
                    36.3103904724
                ],
                [
                    -504.188598633,
                    129.546646118,
                    124.200126648,
                    60.3023986816,
                    176.670257568,
                    274.8203125,
                    416.034240723,
                    159.208328247,
                    108.07875061,
                    81.8079147339,
                    49.5179595947,
                    66.3390350342,
                    53.9262466431
                ],
                [
                    49.1404838562,
                    10.108707428,
                    151.982162476,
                    94.6255722046,
                    139.211334229,
                    164.425094604,
                    159.208328247,
                    240.798370361,
                    168.897583008,
                    106.037117004,
                    56.3989868164,
                    48.0443572998,
                    41.1314582825
                ],
                [
                    -96.4056472778,
                    90.1400756836,
                    128.872833252,
                    140.349731445,
                    148.841064453,
                    106.256629944,
                    108.07875061,
                    168.897583008,
                    253.421340942,
                    128.748062134,
                    69.793838501,
                    42.5396766663,
                    59.0644721985
                ],
                [
                    154.534088135,
                    -16.6440525055,
                    158.825210571,
                    111.445411682,
                    130.394622803,
                    129.396377563,
                    81.8079147339,
                    106.037117004,
                    128.748062134,
                    185.924255371,
                    80.2522583008,
                    41.0505943298,
                    36.1380653381
                ],
                [
                    -70.8785934448,
                    64.2678833008,
                    80.7617797852,
                    93.0981140137,
                    88.8707351685,
                    53.6696662903,
                    49.5179595947,
                    56.3989868164,
                    69.793838501,
                    80.2522583008,
                    162.320465088,
                    51.4774627686,
                    36.2495765686
                ],
                [
                    171.885025024,
                    -22.1440677643,
                    107.977539063,
                    42.3313560486,
                    51.804725647,
                    75.977180481,
                    66.3390350342,
                    48.0443572998,
                    42.5396766663,
                    41.0505943298,
                    51.4774627686,
                    125.107147217,
                    45.6331138611
                ],
                [
                    -91.48802948,
                    135.722625732,
                    46.6196632385,
                    62.3385887146,
                    79.3269958496,
                    36.3103904724,
                    53.9262466431,
                    41.1314582825,
                    59.0644721985,
                    36.1380653381,
                    36.2495765686,
                    45.6331138611,
                    118.052139282
                ]
            ],
            "icov": [
                [
                    8.04948867881e-05,
                    -0.000167343343492,
                    0.000123256613733,
                    -0.000190058126464,
                    0.000282085209619,
                    -0.000296552840155,
                    0.00030009628972,
                    -0.000200117574423,
                    0.000185949509614,
                    -0.000253505422734,
                    0.000175184206455,
                    -0.000325372035149,
                    0.000197310946533
                ],
                [
                    -0.000167343343492,
                    0.00136442144867,
                    -0.00048514563241,
                    0.000506386102643,
                    -0.000935732561629,
                    0.00155151239596,
                    -0.00140830734745,
                    0.000751242332626,
                    -0.000760814815294,
                    0.000971409084741,
                    -0.000768020981923,
                    0.00141389470082,
                    -0.00146844156552
                ],
                [
                    0.000123256613733,
                    -0.00048514563241,
                    0.00174665509257,
                    -0.000941253034398,
                    0.000347141321981,
                    -0.000988470041193,
                    0.000825446215458,
                    -0.000782960501965,
                    0.000694062211551,
                    -0.00111878104508,
                    0.000637486518826,
                    -0.0015582452761,
                    0.000828870455734
                ],
                [
                    -0.000190058126464,
                    0.000506386102643,
                    -0.000941253034398,
                    0.00350001314655,
                    -0.0016340095317,
                    0.000654363771901,
                    -0.000381628691684,
                    0.000914573844057,
                    -0.00146667263471,
                    0.000721247692127,
                    -0.00123803853057,
                    0.00126319692936,
                    -0.00104868633207
                ],
                [
                    0.000282085209619,
                    -0.000935732561629,
                    0.000347141321981,
                    -0.0016340095317,
                    0.00449917744845,
                    -0.00247082370333,
                    0.00103701546323,
                    -0.000795961124822,
                    0.000345619831933,
                    -0.00127221876755,
                    0.000285937421722,
                    -0.000711285043508,
                    -3.58529177902e-05
                ],
                [
                    -0.000296552840155,
                    0.00155151239596,
                    -0.000988470041193,
                    0.000654363771901,
                    -0.00247082370333,
                    0.00662413425744,
                    -0.00392139144242,
                    -8.44469032018e-05,
                    0.000124983896967,
                    -0.000285258109216,
                    -0.000255303923041,
                    0.000856729922816,
                    -0.000753166445065
                ],
                [
                    0.00030009628972,
                    -0.00140830734745,
                    0.000825446215458,
                    -0.000381628691684,
                    0.00103701546323,
                    -0.00392139144242,
                    0.00623552221805,
                    -0.00255167298019,
                    0.000836049497593,
                    -0.000678711570799,
                    0.000739596143831,
                    -0.00224298308603,
                    0.000706577266101
                ],
                [
                    -0.000200117574423,
                    0.000751242332626,
                    -0.000782960501965,
                    0.000914573844057,
                    -0.000795961124822,
                    -8.44469032018e-05,
                    -0.00255167298019,
                    0.0105872731656,
                    -0.00596177857369,
                    0.000411956338212,
                    -0.000762671465054,
                    0.000781705952249,
                    -0.000366146006854
                ],
                [
                    0.000185949509614,
                    -0.000760814815294,
                    0.000694062211551,
                    -0.00146667263471,
                    0.000345619831933,
                    0.000124983896967,
                    0.000836049497593,
                    -0.00596177857369,
                    0.010533680208,
                    -0.00442298967391,
                    0.000600759522058,
                    -0.000956214033067,
                    -0.000787351338658
                ],
                [
                    -0.000253505422734,
                    0.000971409084741,
                    -0.00111878104508,
                    0.000721247692127,
                    -0.00127221876755,
                    -0.000285258109216,
                    -0.000678711570799,
                    0.000411956338212,
                    -0.00442298967391,
                    0.0118759656325,
                    -0.00376530573703,
                    0.00168723589741,
                    -0.00106173520908
                ],
                [
                    0.000175184206455,
                    -0.000768020981923,
                    0.000637486518826,
                    -0.00123803853057,
                    0.000285937421722,
                    -0.000255303923041,
                    0.000739596143831,
                    -0.000762671465054,
                    0.000600759522058,
                    -0.00376530573703,
                    0.00954135321081,
                    -0.00367626175284,
                    0.000578334380407
                ],
                [
                    -0.000325372035149,
                    0.00141389470082,
                    -0.0015582452761,
                    0.00126319692936,
                    -0.000711285043508,
                    0.000856729922816,
                    -0.00224298308603,
                    0.000781705952249,
                    -0.000956214033067,
                    0.00168723589741,
                    -0.00367626175284,
                    0.0133978016675,
                    -0.00505084451288
                ],
                [
                    0.000197310946533,
                    -0.00146844156552,
                    0.000828870455734,
                    -0.00104868633207,
                    -3.58529177902e-05,
                    -0.000753166445065,
                    0.000706577266101,
                    -0.000366146006854,
                    -0.000787351338658,
                    -0.00106173520908,
                    0.000578334380407,
                    -0.00505084451288,
                    0.0130927590653
                ]
            ],
            "mean": [
                -9.79678821564,
                58.2957344055,
                -118.183380127,
                43.1262245178,
                -60.1436080933,
                17.7311496735,
                -40.7037010193,
                13.6013031006,
                -21.4201335907,
                9.17301464081,
                -12.1347961426,
                3.33962440491,
                -9.76631832123
            ]
        },
        "hfc": {
            "dmean": 8.32489585876,
            "dmean2": 11.3852872849,
            "dvar": 138.892593384,
            "dvar2": 235.2134552,
            "max": 188.925415039,
            "mean": 27.6627635956,
            "median": 23.9916381836,
            "min": 1.21837086784e-16,
            "var": 567.898071289
        },
        "melbands": {
            "dmean": [
                0.00153801380657,
                0.00122947082855,
                0.000783546653111,
                0.000708711624611,
                0.000234426741372,
                0.000190576392924,
                0.000251181976637,
                0.000135801499709,
                0.00011203259055,
                0.000101704601548,
                5.75378289795e-05,
                6.38426863588e-05,
                4.78890178783e-05,
                4.6063814807e-05,
                3.88445550925e-05,
                3.7351201172e-05,
                2.89849322144e-05,
                2.89833933493e-05,
                2.54409824265e-05,
                2.52161426033e-05,
                1.5832050849e-05,
                1.38456225613e-05,
                1.87661280506e-05,
                1.12470424938e-05,
                1.10805967779e-05,
                8.10576602817e-06,
                7.4285003393e-06,
