{
    "lowlevel": {
        "average_loudness": 0.890051245689,
        "barkbands": {
            "dmean": [
                0.000777426699642,
                0.0113997114822,
                0.00394248915836,
                0.00278911506757,
                0.00337365246378,
                0.000487550918479,
                0.000791728147306,
                0.00089148938423,
                0.000620623643044,
                0.000516356551088,
                0.000404806836741,
                0.000484746240545,
                0.000559723528568,
                0.000559994834475,
                0.000565867987461,
                0.000277317943983,
                0.000339599675499,
                0.000313348224154,
                0.000164668803336,
                0.000107153609861,
                0.000106461644464,
                8.24975504656e-05,
                7.96809690655e-05,
                9.97586612357e-05,
                9.83728750725e-05,
                7.67230885685e-05,
                3.80675883207e-05
            ],
            "dmean2": [
                0.000537798274308,
                0.0136850876734,
                0.00684381835163,
                0.00519289448857,
                0.00606305617839,
                0.000761666160543,
                0.00123288633768,
                0.00139128847513,
                0.000997222959995,
                0.000785133917816,
                0.000655397190712,
                0.000759316026233,
                0.00093746749917,
                0.000881552346982,
                0.000875796715263,
                0.000437063863501,
                0.000495004176628,
                0.000512678700034,
                0.000268542848062,
                0.000171674255398,
                0.000168848244357,
                0.000128785133711,
                0.00011912566697,
                0.00014856980124,
                0.000144902689499,
                0.000112454945338,
                5.66872804484e-05
            ],
            "dvar": [
                1.39537178256e-06,
                0.000460892711999,
                0.000140267235111,
                9.70042092376e-05,
                9.63909915299e-05,
                1.31469266762e-06,
                2.81110601463e-06,
                4.74284024676e-06,
                2.99399312098e-06,
                1.49617721945e-06,
                8.25979896035e-07,
                1.47104037751e-06,
                2.56267981058e-06,
                2.54686869994e-06,
                2.13268185689e-06,
                4.50385101658e-07,
                5.28273687905e-07,
                5.07627419211e-07,
                1.05569434083e-07,
                3.57625111747e-08,
                2.81134653335e-08,
                2.65553126155e-08,
                4.11676950307e-08,
                5.56089787551e-08,
                8.72150778264e-08,
                4.31464250994e-08,
                4.64677185619e-09
            ],
            "dvar2": [
                5.80127050398e-07,
                0.000804593437351,
                0.000371385773178,
                0.000280905311229,
                0.000275632279227,
                3.28505007019e-06,
                6.64409844831e-06,
                1.07150008262e-05,
                7.19381796443e-06,
                3.22871574099e-06,
                1.8876115746e-06,
                3.2953828395e-06,
                6.26984956398e-06,
                5.88980083194e-06,
                4.63906644654e-06,
                1.03862191736e-06,
                1.04238097265e-06,
                1.21299081002e-06,
                2.76575661928e-07,
                8.83761686055e-08,
                6.69147581789e-08,
                6.09270216501e-08,
                9.63579864788e-08,
                1.20373911727e-07,
                2.03193920356e-07,
                7.87937111113e-08,
                1.01190344992e-08
            ],
            "max": [
                0.0156148420647,
                0.206770628691,
                0.100450880826,
                0.0856959596276,
                0.0853038877249,
                0.0315751060843,
                0.0461245924234,
                0.0420544594526,
                0.0783944651484,
                0.0265441574156,
                0.0221496894956,
                0.0330117680132,
                0.0521895773709,
                0.0483787246048,
                0.0492406710982,
                0.019104398787,
                0.0136182140559,
                0.0179995447397,
                0.0145854447037,
                0.00451611494645,
                0.00288385874592,
                0.00597538379952,
                0.00772488070652,
                0.00829650647938,
                0.0103584937751,
                0.0130158849061,
                0.00124144821893
            ],
            "mean": [
                0.00206695054658,
                0.0312489699572,
                0.00305571453646,
                0.00195771781728,
                0.00286869239062,
                0.000721762946341,
                0.00121464196127,
                0.00148975348566,
                0.000892540439963,
                0.000773476203904,
                0.000558027881198,
                0.000671471061651,
                0.000690482964274,
                0.000749724160414,
                0.000828452582937,
                0.000404733698815,
                0.000509531586431,
                0.000411923596403,
                0.00027337030042,
                0.000197417393792,
                0.000205518343137,
                0.000155325673404,
                0.000153205633978,
                0.000189492828213,
                0.000180285380338,
                0.00014741520863,
                8.46184047987e-05
            ],
            "median": [
                0.000343516265275,
                0.00671136705205,
                0.000384144746931,
                0.000279951374978,
                0.000807509641163,
                0.000249667675234,
                0.000512470724061,
                0.000274809019174,
                0.000265103619313,
                0.000274053192697,
                0.000215739797568,
                0.000203888193937,
                0.000225025039981,
                0.000235724917729,
                0.000287527625915,
                0.000187036479474,
                0.000202890994842,
                0.000150764666614,
                0.000167337959283,
                0.000122397716041,
                0.000126398634166,
                7.75676744524e-05,
                7.62293784646e-05,
                9.35934222071e-05,
                8.12794023659e-05,
                6.7397566454e-05,
                4.20182514063e-05
            ],
            "min": [
                7.06562281309e-24,
                1.14919757837e-23,
                1.76275765546e-23,
                2.48999921542e-24,
                1.30595899194e-23,
                1.44354919224e-23,
                3.91214487581e-23,
                1.17616115965e-23,
                2.04214536682e-23,
                2.34923661099e-23,
                2.57642318744e-23,
                4.14967089437e-23,
                4.84320143018e-23,
                8.86543089869e-23,
                9.74263286569e-23,
                1.03161057137e-22,
                1.30158010394e-22,
                1.7509426648e-22,
                2.35533065615e-22,
                2.93959638352e-22,
                3.2919415486e-22,
                5.2412317391e-22,
                6.52722597103e-22,
                7.4084898775e-22,
                9.48107006602e-22,
                1.56551594867e-21,
                2.17381348418e-21
            ],
            "var": [
                1.16208320833e-05,
                0.00182330561802,
                9.83262871159e-05,
                5.42870911886e-05,
                5.78810504521e-05,
                1.86993543139e-06,
                4.66778737973e-06,
                1.39388521347e-05,
                6.50046740702e-06,
                2.5029819426e-06,
                1.35914763177e-06,
                2.58464206127e-06,
                3.25855990013e-06,
                4.26398037234e-06,
                3.64709785572e-06,
                6.91364789418e-07,
                9.76597334557e-07,
                7.70480767187e-07,
                1.56150477437e-07,
                6.64798989192e-08,
                6.36893915384e-08,
                6.05853571756e-08,
                7.60083551654e-08,
                1.07826636508e-07,
                1.5344923554e-07,
                9.3934922063e-08,
                1.23296599597e-08
            ]
        },
        "barkbands_crest": {
            "dmean": 2.77616524696,
            "dmean2": 3.93771386147,
            "dvar": 7.80031299591,
            "dvar2": 15.3649950027,
            "max": 26.6048355103,
            "mean": 13.8552875519,
            "median": 12.5173625946,
            "min": 1.90524816513,
            "var": 49.6989250183
        },
        "barkbands_flatness_db": {
            "dmean": 0.0301052313298,
            "dmean2": 0.0390445739031,
            "dvar": 0.0013915131567,
            "dvar2": 0.00221954658628,
            "max": 0.769089341164,
            "mean": 0.155784249306,
            "median": 0.128480091691,
            "min": 0.0142612569034,
            "var": 0.0102759832516
        },
        "barkbands_kurtosis": {
            "dmean": 15.9654521942,
            "dmean2": 22.1699199677,
            "dvar": 4387.28710938,
            "dvar2": 8511.00195312,
            "max": 2426.33984375,
            "mean": 25.2692909241,
            "median": 2.98145055771,
            "min": -1.91216850281,
            "var": 8802.15039062
        },
        "barkbands_skewness": {
            "dmean": 1.05185222626,
            "dmean2": 1.37600588799,
            "dvar": 2.794880867,
            "dvar2": 5.17514038086,
            "max": 43.4544410706,
            "mean": 2.84414601326,
            "median": 1.72463965416,
            "min": -4.90141010284,
            "var": 11.8880996704
        },
        "barkbands_spread": {
            "dmean": 6.73880338669,
            "dmean2": 9.39461708069,
            "dvar": 67.7076644897,
            "dvar2": 123.513160706,
            "max": 123.78163147,
            "mean": 23.0454425812,
            "median": 19.7884254456,
            "min": 0.0567837655544,
            "var": 305.995635986
        },
        "dissonance": {
            "dmean": 0.0181928388774,
            "dmean2": 0.0302901007235,
            "dvar": 0.00043543879292,
            "dvar2": 0.00117784331087,
            "max": 0.500000119209,
            "mean": 0.467139959335,
            "median": 0.47589430213,
            "min": 0.260706335306,
            "var": 0.000896857585758
        },
        "dynamic_complexity": 2.44403553009,
        "erbbands": {
            "dmean": [
                0.409614592791,
                2.77254080772,
                4.8602437973,
                6.29614257812,
                12.8538131714,
                10.2628154755,
                3.88445425034,
                4.4928689003,
                9.15886497498,
                18.2715873718,
                14.5515995026,
                15.0935211182,
                13.9700565338,
                14.7278356552,
                17.5460090637,
                20.4884376526,
                25.4272155762,
                27.2122249603,
                28.6949501038,
                23.4672794342,
                14.7600135803,
                15.1863908768,
                14.3041038513,
                15.0637931824,
                6.31558084488,
                4.98389005661,
                5.11574316025,
                3.70112299919,
                2.98108053207,
                2.41008019447,
                2.432721138,
                2.13172531128,
                1.6732609272,
                1.24703776836,
                0.644933581352,
                0.35962548852,
                0.13850672543,
                0.0380629636347,
                0.00608873320743,
                0.000451493397122
            ],
            "dmean2": [
                0.367396354675,
                3.51882123947,
                7.64704847336,
                11.3471412659,
                23.5793495178,
                18.23503685,
                6.30153179169,
                6.99274635315,
                14.2533426285,
                28.4963531494,
                22.661687851,
                24.0784435272,
                21.4551296234,
                23.0026226044,
                28.0403881073,
                31.8678836823,
                41.9983558655,
                42.8532180786,
                44.5508995056,
                35.8885383606,
                22.2578659058,
                22.464553833,
                22.7163639069,
                25.2806739807,
                10.1519756317,
                7.99628067017,
                8.11132335663,
                5.92449188232,
                4.66672229767,
                3.76081681252,
                3.65206956863,
                3.26153373718,
                2.47405099869,
                1.86879003048,
                0.946551084518,
                0.523245215416,
                0.205035865307,
                0.0598076842725,
                0.00906460452825,
                0.000663776299916
            ],
            "dvar": [
                0.380444437265,
                33.1127204895,
                177.553237915,
                447.262451172,
                1853.00512695,
                715.58392334,
                69.162902832,
                115.186164856,
                442.702453613,
                1668.13452148,
                1692.71679688,
                1977.76403809,
                1381.15771484,
                1119.3704834,
                1511.3112793,
                2418.45581055,
                4651.84521484,
                5475.43505859,
                6312.33789062,
                3615.32666016,
                922.792236328,
                879.356384277,
                1048.08691406,
                967.932861328,
                163.708389282,
                60.4508056641,
                74.9747238159,
                40.105632782,
                34.8360023499,
                26.2287769318,
                44.460483551,
                24.3705310822,
                18.0103359222,
                12.816701889,
                3.92509818077,
                1.33181023598,
                0.130084082484,
                0.0050863949582,
                0.000107397398097,
                9.15585303574e-07
            ],
            "dvar2": [
                0.404423415661,
                58.9865722656,
                421.05065918,
                1266.31762695,
                5327.42431641,
                2026.00634766,
                176.378662109,
                280.806365967,
                1091.12280273,
                3815.04272461,
                3745.17871094,
                4611.47412109,
                3192.01147461,
                2513.54907227,
                3458.0847168,
                5288.78417969,
                11550.2099609,
                13129.0859375,
                13514.4775391,
                7749.06152344,
                1990.08361816,
                1844.703125,
                2401.41064453,
                2581.10571289,
                420.050262451,
                146.602615356,
                180.915359497,
                96.5706100464,
                79.8200378418,
                59.7500457764,
                106.557571411,
                55.1874542236,
                39.9790649414,
                31.5472221375,
                8.58290100098,
                2.60200667381,
                0.235599160194,
                0.0119148241356,
                0.00022665943834,
                2.07343987313e-06
            ],
            "max": [
                8.49510097504,
                55.2639884949,
                120.102416992,
                185.906829834,
                387.325012207,
                297.108734131,
                234.77494812,
                323.799285889,
                787.077331543,
                750.656311035,
                1219.09399414,
                2383.46606445,
                923.754821777,
                730.589477539,
                934.023864746,
                1231.79821777,
                1989.87597656,
                1753.51696777,
                3375.57324219,
                1879.58972168,
                847.956970215,
                643.569213867,
                968.314880371,
                765.314758301,
                711.573059082,
                136.134887695,
                197.44128418,
                174.910461426,
                180.820495605,
                187.616210938,
                270.540405273,
                174.907791138,
                157.961135864,
                128.589294434,
                68.9395446777,
                55.646522522,
                25.2844562531,
                1.99404001236,
                0.14610901475,
                0.0245936252177
            ],
            "mean": [
                1.32001793385,
                5.23640441895,
                4.72937250137,
                4.8588347435,
                9.38324832916,
                9.28452110291,
                5.13577413559,
                6.69915723801,
                13.9503650665,
                31.9743080139,
                24.3763847351,
                22.1592350006,
                20.8441562653,
                22.9519958496,
                25.8697490692,
                30.6596126556,
                33.3989295959,
                38.5234947205,
                41.5747528076,
                36.3055763245,
                24.4209499359,
                24.0973377228,
                21.7183189392,
                20.9813728333,
                11.4195585251,
                9.44593715668,
                9.59934711456,
                7.06043434143,
                5.55003929138,
                4.76193761826,
                4.50443792343,
                3.9473233223,
                3.0920882225,
                2.21499419212,
                1.15835726261,
                0.639790534973,
                0.265355139971,
                0.0772406309843,
                0.0144048864022,
                0.000952232338022
            ],
            "median": [
                0.233292415738,
                1.20233082771,
                0.927631020546,
                0.983481943607,
                1.66436815262,
                2.78034710884,
                2.17239236832,
                2.42350530624,
                6.72991371155,
                8.731798172,
                5.84310293198,
                6.88810682297,
                8.25209140778,
                9.01105594635,
                11.7206068039,
                10.2980461121,
                12.0174283981,
                13.5933160782,
                14.1340122223,
                13.8514642715,
                12.0005865097,
                11.0812063217,
                8.72539615631,
                9.86462783813,
                7.44026565552,
                6.24788761139,
                5.83109951019,
                4.11433744431,
                2.77425527573,
                2.40838503838,
                2.15541529655,
                1.98556435108,
                1.46621334553,
                1.0221568346,
                0.500648319721,
                0.255339592695,
                0.124830380082,
                0.0417012572289,
                0.00703238369897,
                0.000431706401287
            ],
            "min": [
                3.0203108643e-22,
                3.47937974644e-21,
                1.65030917102e-20,
                1.65102988444e-20,
                2.64697634458e-20,
                3.50189820381e-20,
                5.55279559741e-20,
                1.70661370741e-19,
                3.62750286564e-19,
                7.79309602553e-19,
                2.82985027451e-19,
                4.49258282591e-19,
                6.14603105042e-19,
                9.62833683518e-19,
                1.75223199441e-18,
                1.80697149863e-18,
                2.44816096404e-18,
                3.53856699112e-18,
                4.77147431746e-18,
                4.95925672421e-18,
                7.11335125818e-18,
                8.38555917619e-18,
                8.38950069181e-18,
                8.81645079216e-18,
                1.16989022573e-17,
                1.40312579356e-17,
                1.56055844733e-17,
                1.41182740273e-17,
                1.55969023856e-17,
                1.5353837017e-17,
                2.00151205371e-17,
                1.49806329769e-17,
                1.17005524826e-17,
                9.9621786586e-18,
                7.30859566124e-18,
                5.82963022681e-18,
                2.88333799597e-18,
                1.21402599828e-18,
                3.33969028289e-19,
                3.0753932171e-20
            ],
            "var": [
                3.28244805336,
                75.4517211914,
                166.833404541,
                270.54699707,
                1055.15393066,
                464.868408203,
                82.6653060913,
                164.249572754,
                563.419921875,
                4850.80029297,
                4254.88720703,
                4454.39453125,
                1928.78271484,
                2120.5715332,
                2417.38256836,
                4892.91259766,
                6194.88427734,
                8560.6796875,
                11465.0390625,
                6804.71923828,
                1855.20593262,
                1593.36035156,
                1857.21142578,
                1310.93994141,
                271.631561279,
                121.179901123,
                162.551635742,
                85.8190231323,
                75.824180603,
                62.0574417114,
                73.8712005615,
                45.8696556091,
                32.1345596313,
                20.2370281219,
                7.49765634537,
                2.67319321632,
                0.277360618114,
                0.0107791880146,
                0.000345499662217,
                1.74154388333e-06
            ]
        },
        "erbbands_crest": {
            "dmean": 3.01761698723,
            "dmean2": 4.80091524124,
            "dvar": 8.10683441162,
            "dvar2": 18.9938564301,
            "max": 30.2767677307,
            "mean": 9.64259529114,
            "median": 8.51634311676,
            "min": 1.96280956268,
            "var": 23.7576694489
        },
        "erbbands_flatness_db": {
            "dmean": 0.0196428839117,
            "dmean2": 0.0281905438751,
            "dvar": 0.000446789490525,
            "dvar2": 0.000847648771014,
            "max": 0.43662750721,
            "mean": 0.132071793079,
            "median": 0.117562159896,
            "min": 0.036217533052,
            "var": 0.00316051789559
        },
        "erbbands_kurtosis": {
            "dmean": 1.38814842701,
            "dmean2": 2.07909488678,
            "dvar": 11.2515172958,
            "dvar2": 22.392993927,
            "max": 139.993347168,
            "mean": 1.12776184082,
            "median": 0.112160205841,
            "min": -1.83267879486,
            "var": 23.40741539
        },
        "erbbands_skewness": {
            "dmean": 0.437988340855,
            "dmean2": 0.635148882866,
            "dvar": 0.230957448483,
            "dvar2": 0.497203081846,
            "max": 9.1977148056,
            "mean": 0.121706843376,
            "median": 0.083360761404,
            "min": -4.61272668839,
            "var": 0.872550010681
        },
        "erbbands_spread": {
            "dmean": 10.6956338882,
            "dmean2": 15.4425907135,
            "dvar": 142.14805603,
            "dvar2": 289.043273926,
            "max": 216.718444824,
            "mean": 42.7159767151,
            "median": 38.3353118896,
            "min": 0.895875632763,
            "var": 578.983764648
        },
        "gfcc": {
            "cov": [
                [
                    9594.45507812,
                    -1340.40759277,
                    255.332489014,
                    134.584609985,
                    143.865692139,
                    110.715660095,
                    -184.759780884,
                    -238.937728882,
                    -194.132354736,
                    -52.4830513,
                    -135.28767395,
                    96.6789093018,
                    -332.297576904
                ],
                [
                    -1340.40759277,
                    1477.23486328,
                    -82.9111404419,
                    -45.4287834167,
                    97.6366958618,
                    37.704662323,
                    97.4365081787,
                    90.9130477905,
                    14.7547044754,
                    8.92206192017,
                    56.8497047424,
                    -127.017631531,
                    103.942932129
                ],
                [
                    255.332489014,
                    -82.9111404419,
                    1058.36791992,
                    564.887023926,
                    290.811981201,
                    190.940689087,
                    214.08052063,
                    101.77772522,
                    154.841842651,
                    99.5870666504,
                    113.608627319,
                    133.352233887,
                    -4.50468635559
                ],
                [
                    134.584609985,
                    -45.4287834167,
                    564.887023926,
                    797.558410645,
                    385.64666748,
                    221.092147827,
                    249.753005981,
                    196.372207642,
                    188.187362671,
                    124.876144409,
                    154.957427979,
                    107.861419678,
                    90.8864746094
                ],
                [
                    143.865692139,
                    97.6366958618,
                    290.811981201,
                    385.64666748,
                    567.912963867,
                    279.641235352,
                    255.332382202,
                    114.047790527,
                    173.052200317,
                    125.67603302,
                    125.844551086,
                    79.0087509155,
                    62.9340209961
                ],
                [
                    110.715660095,
                    37.704662323,
                    190.940689087,
                    221.092147827,
                    279.641235352,
                    414.639709473,
                    251.809066772,
                    118.588806152,
                    79.2945327759,
                    126.191467285,
                    83.3944168091,
                    53.4262657166,
                    63.090839386
                ],
                [
                    -184.759780884,
                    97.4365081787,
                    214.08052063,
                    249.753005981,
                    255.332382202,
                    251.809066772,
                    412.670562744,
                    171.028549194,
                    143.155654907,
                    130.200317383,
                    143.474197388,
                    78.3813400269,
                    84.8282546997
                ],
                [
                    -238.937728882,
                    90.9130477905,
                    101.77772522,
                    196.372207642,
                    114.047790527,
                    118.588806152,
                    171.028549194,
                    306.364654541,
                    132.247207642,
                    96.216178894,
                    102.224258423,
                    34.3854255676,
                    79.2859649658
                ],
                [
                    -194.132354736,
                    14.7547044754,
                    154.841842651,
                    188.187362671,
                    173.052200317,
                    79.2945327759,
                    143.155654907,
                    132.247207642,
                    265.0625,
                    143.91003418,
                    111.814231873,
                    72.2619400024,
                    39.4765205383
                ],
                [
                    -52.4830513,
                    8.92206192017,
                    99.5870666504,
                    124.876144409,
                    125.67603302,
                    126.191467285,
                    130.200317383,
                    96.216178894,
                    143.91003418,
                    203.561233521,
                    114.818809509,
                    61.4286842346,
                    42.177318573
                ],
                [
                    -135.28767395,
                    56.8497047424,
                    113.608627319,
                    154.957427979,
                    125.844551086,
                    83.3944168091,
                    143.474197388,
                    102.224258423,
                    111.814231873,
                    114.818809509,
                    177.759414673,
                    77.8824081421,
                    53.2585945129
                ],
                [
                    96.6789093018,
                    -127.017631531,
                    133.352233887,
                    107.861419678,
                    79.0087509155,
                    53.4262657166,
                    78.3813400269,
                    34.3854255676,
                    72.2619400024,
                    61.4286842346,
                    77.8824081421,
                    135.038284302,
                    33.2534332275
                ],
                [
                    -332.297576904,
                    103.942932129,
                    -4.50468635559,
                    90.8864746094,
                    62.9340209961,
                    63.090839386,
                    84.8282546997,
                    79.2859649658,
                    39.4765205383,
                    42.177318573,
                    53.2585945129,
                    33.2534332275,
                    125.907569885
                ]
            ],
            "icov": [
                [
                    0.00013659337128,
                    9.11957904464e-05,
                    1.6809477529e-05,
                    -4.55360241176e-05,
                    -9.13418116397e-05,
                    -5.13622944709e-05,
                    5.00350652146e-05,
                    -1.47941364048e-05,
                    0.000171466017491,
                    -6.89250373398e-05,
                    4.36418049503e-05,
                    -0.000114737777039,
                    0.000346855318639
                ],
                [
                    9.11957904464e-05,
                    0.000995532376692,
                    -0.000148136707139,
                    0.000307788111968,
                    -0.000350579852238,
                    9.41914695431e-05,
                    -7.93844737927e-05,
                    -4.85592609039e-05,
                    6.69491782901e-05,
                    0.000144431891385,
                    -0.000678838812746,
                    0.00147718540393,
                    -0.000768919300754
                ],
                [
                    1.6809477529e-05,
                    -0.000148136707139,
                    0.00180929957423,
                    -0.00128995499108,
                    0.000139713127282,
                    -0.000223748604185,
                    -0.000286580092506,
                    0.000147573606228,
                    -9.78487660177e-05,
                    4.47952770628e-05,
                    0.000327890680637,
                    -0.00130526488647,
                    0.00152668799274
                ],
                [
                    -4.55360241176e-05,
                    0.000307788111968,
                    -0.00128995499108,
                    0.00315437745303,
                    -0.00122049450874,
                    0.000108709704364,
                    0.00012748556037,
                    -0.000770745740738,
                    -0.000297152146231,
                    0.000438487855718,
                    -0.000820314628072,
                    0.000705109618139,
                    -0.00163532840088
                ],
                [
                    -9.13418116397e-05,
                    -0.000350579852238,
                    0.000139713127282,
                    -0.00122049450874,
                    0.00399955641478,
                    -0.00178412743844,
                    -0.00053530652076,
                    0.000894574739505,
                    -0.00164904375561,
                    0.000648230139632,
                    -0.000398582196794,
                    -0.000197560453671,
                    0.000147208556882
                ],
                [
                    -5.13622944709e-05,
                    9.41914695431e-05,
                    -0.000223748604185,
                    0.000108709704364,
                    -0.00178412743844,
                    0.00535738002509,
                    -0.00213239435107,
                    -0.000619094411377,
                    0.00190769147594,
                    -0.00258559035137,
                    0.0014361521462,
                    5.91312273173e-05,
                    -0.000621108571067
                ],
                [
                    5.00350652146e-05,
                    -7.93844737927e-05,
                    -0.000286580092506,
                    0.00012748556037,
                    -0.00053530652076,
                    -0.00213239435107,
                    0.00553458556533,
                    -0.000993908033706,
                    -0.000616086123046,
                    0.000417313713115,
                    -0.00190744944848,
                    -0.000312432704959,
                    -0.000728829123545
                ],
                [
                    -1.47941364048e-05,
                    -4.85592609039e-05,
                    0.000147573606228,
                    -0.000770745740738,
                    0.000894574739505,
                    -0.000619094411377,
                    -0.000993908033706,
                    0.00565243978053,
                    -0.00194266997278,
                    0.000186224409845,
                    -0.00117094174493,
                    0.00136294972617,
                    -0.00178198842332
                ],
                [
                    0.000171466017491,
                    6.69491782901e-05,
                    -9.78487660177e-05,
                    -0.000297152146231,
                    -0.00164904375561,
                    0.00190769147594,
                    -0.000616086123046,
                    -0.00194266997278,
                    0.0086204437539,
                    -0.00453871814534,
                    0.000145770332892,
                    -0.00161540368572,
                    0.00129758892581
                ],
                [
                    -6.89250373398e-05,
                    0.000144431891385,
                    4.47952770628e-05,
                    0.000438487855718,
                    0.000648230139632,
                    -0.00258559035137,
                    0.000417313713115,
                    0.000186224409845,
                    -0.00453871814534,
                    0.0112713808194,
                    -0.00455764075741,
                    0.000203185438295,
                    -0.000521395646501
                ],
                [
                    4.36418049503e-05,
                    -0.000678838812746,
                    0.000327890680637,
                    -0.000820314628072,
                    -0.000398582196794,
                    0.0014361521462,
                    -0.00190744944848,
                    -0.00117094174493,
                    0.000145770332892,
                    -0.00455764075741,
                    0.0132026793435,
                    -0.00487905414775,
                    -3.3516655094e-05
                ],
                [
                    -0.000114737777039,
                    0.00147718540393,
                    -0.00130526488647,
                    0.000705109618139,
                    -0.000197560453671,
                    5.91312273173e-05,
                    -0.000312432704959,
                    0.00136294972617,
                    -0.00161540368572,
                    0.000203185438295,
                    -0.00487905414775,
                    0.0140680968761,
                    -0.00386991910636
                ],
                [
                    0.000346855318639,
                    -0.000768919300754,
                    0.00152668799274,
                    -0.00163532840088,
                    0.000147208556882,
                    -0.000621108571067,
                    -0.000728829123545,
                    -0.00178198842332,
                    0.00129758892581,
                    -0.000521395646501,
                    -3.3516655094e-05,
                    -0.00386991910636,
                    0.0133825400844
                ]
            ],
            "mean": [
                16.4063262939,
                54.2487792969,
                -95.2567520142,
                19.968334198,
                -35.9411239624,
                16.2257270813,
                -26.9699993134,
                14.2536878586,
                -15.0180597305,
                8.80297088623,
                -9.78426170349,
                1.03909575939,
                -9.03053092957
            ]
        },
        "hfc": {
            "dmean": 8.47492694855,
            "dmean2": 12.1857004166,
            "dvar": 161.039764404,
            "dvar2": 351.800964355,
            "max": 351.356506348,
            "mean": 26.0855140686,
            "median": 21.147813797,
            "min": 1.11185832761e-16,
            "var": 438.705627441
        },
        "melbands": {
            "dmean": [
                0.00316258193925,
                0.00268746633083,
                0.00127918156795,
                0.00089419062715,
                0.000178097980097,
                9.90431653918e-05,
                0.000145412093843,
                0.000206330762012,
                0.000117053641588,
                8.96397687029e-05,
                7.02965480741e-05,
                6.19706406724e-05,
                5.83288201597e-05,
                5.23225098732e-05,
                6.46267581033e-05,
                4.90810016345e-05,
                5.52207857254e-05,
                4.92020117235e-05,
                3.62368191418e-05,
                2.54915667028e-05,
                1.79362195922e-05,
                1.54210811161e-05,
                1.96063283511e-05,
                1.33438561534e-05,
                1.29701866172e-05,
                5.59361205887e-06,
                3.40180395142e-06,
                3.48468597622e-06,
