{
    "lowlevel": {
        "average_loudness": 0.186750784516,
        "barkbands": {
            "dmean": [
                0.00360446423292,
                0.0128813525662,
                0.00296101602726,
                0.00171112816315,
                0.000493843515869,
                0.000411835528212,
                0.000741781725083,
                0.000450068153441,
                0.000462225812953,
                0.000418075243942,
                0.000342767278198,
                0.000436863600044,
                0.00038516940549,
                0.00040039268788,
                0.000275524740573,
                0.000271148164757,
                0.000267859402811,
                0.000311513082124,
                0.00021407098393,
                0.000211340593523,
                0.000186573379324,
                0.000248590047704,
                0.000561142864171,
                0.000418471434386,
                0.000114089525596,
                6.1582068156e-05,
                1.27488256112e-05
            ],
            "dmean2": [
                0.00539853191003,
                0.0209107063711,
                0.00549651915208,
                0.00325337913819,
                0.000837841362227,
                0.000653837283608,
                0.00111943017691,
                0.000667237909511,
                0.000677596370224,
                0.000645075167995,
                0.000514712242875,
                0.000653241295367,
                0.000588082533795,
                0.000610428163782,
                0.000428554281825,
                0.000433211243944,
                0.000394951843191,
                0.000499487097841,
                0.000304762652377,
                0.00033403901034,
                0.000289929186692,
                0.000407168117817,
                0.000990920932963,
                0.000734952569474,
                0.000193423271412,
                0.0001071049046,
                2.38624033955e-05
            ],
            "dvar": [
                0.00023961738043,
                0.00192430545576,
                0.000640220066998,
                0.000236574400333,
                8.19042179501e-06,
                1.39941914767e-06,
                2.9097298011e-06,
                1.27030455133e-06,
                1.77401659585e-06,
                1.75284856141e-06,
                1.07680523342e-06,
                3.04574450638e-06,
                1.84962902949e-06,
                1.44595651363e-06,
                6.38033952782e-07,
                8.26002008125e-07,
                7.52638584345e-07,
                2.20871925194e-06,
                9.09852019504e-07,
                7.58308431159e-07,
                4.66872279503e-07,
                6.79411868987e-07,
                2.50065886576e-06,
                1.20284005334e-06,
                7.36129024403e-08,
                3.49253745924e-08,
                2.34277397482e-09
            ],
            "dvar2": [
                0.00044940871885,
                0.00549096567556,
                0.00182246044278,
                0.000687720021233,
                2.298650179e-05,
                3.67462348549e-06,
                6.7385813054e-06,
                2.52649215327e-06,
                3.56806799573e-06,
                3.95130746256e-06,
                2.36877735915e-06,
                5.77423588766e-06,
                3.61183083442e-06,
                3.22052505908e-06,
                1.45776436966e-06,
                1.94666745301e-06,
                1.67269581652e-06,
                4.96091342939e-06,
                1.75510683675e-06,
                1.84915757018e-06,
                9.66709308159e-07,
                1.43504348671e-06,
                6.64463550493e-06,
                3.23112476508e-06,
                1.85383910889e-07,
                9.6046576914e-08,
                6.76445521819e-09
            ],
            "max": [
                0.278019547462,
                0.517753005028,
                0.338230907917,
                0.205516576767,
                0.0524603538215,
                0.0244972519577,
                0.0508163757622,
                0.0205888785422,
                0.0315381512046,
                0.0281401872635,
                0.0245128776878,
                0.0297148302197,
                0.0208460930735,
                0.0196532718837,
                0.0154365906492,
                0.014929371886,
                0.0143448160961,
                0.0195062160492,
                0.0141669902951,
                0.0127615155652,
                0.00860974658281,
                0.00885708630085,
                0.0130813336,
                0.00837905332446,
                0.00253543257713,
                0.00155206851196,
                0.000388521439163
            ],
            "mean": [
                0.00723453657702,
                0.0344052352011,
                0.00192212883849,
                0.00103173579555,
                0.000597242906224,
                0.000661809288431,
                0.00124979123939,
                0.000727140635718,
                0.000758507405408,
                0.000585328612942,
                0.000439666735474,
                0.000536266597919,
                0.000496989465319,
                0.000493130064569,
                0.000351082591806,
                0.000333124626195,
                0.000361453567166,
                0.000332769588567,
                0.000240823021159,
                0.000212031794945,
                0.000236279680394,
                0.000260043278104,
                0.000409462343669,
                0.000330754672177,
                0.000108457825263,
                4.93227234983e-05,
                8.21449157229e-06
            ],
            "median": [
                1.03788170236e-06,
                6.24109015916e-05,
                8.75408295542e-05,
                3.32482304657e-05,
                0.000152427412104,
                0.00022966787219,
                0.000386672734749,
                0.000101155164884,
                0.000105247454485,
                0.000187814948731,
                0.000107841638965,
                4.65705052193e-05,
                4.92085891892e-05,
                7.27610604372e-05,
                5.59603759029e-05,
                8.30841163406e-05,
                4.56599227618e-05,
                1.47816035678e-05,
                1.37043844006e-05,
                8.45486647449e-06,
                6.40089820081e-06,
                9.9488406704e-06,
                4.36739992438e-06,
                1.4742098756e-05,
                7.28219265511e-06,
                2.96593816529e-06,
                2.17124522806e-07
            ],
            "min": [
                1.04131879854e-23,
                1.28661880467e-23,
                4.42175351709e-24,
                1.3052927989e-23,
                1.50986620419e-23,
                1.61343890788e-23,
                3.02003028225e-23,
                2.92656667329e-23,
                3.90079632283e-23,
                5.393335355e-23,
                3.32766520936e-23,
                4.71789939509e-23,
                3.04864510718e-23,
                5.75954225769e-23,
                5.9218443936e-23,
                1.30517049391e-22,
                1.09307684606e-22,
                5.32580255063e-23,
                1.52316911273e-22,
                2.37455639548e-22,
                3.58770481328e-22,
                3.19230702788e-22,
                5.78447139825e-22,
                6.34765649032e-22,
                1.01938539829e-21,
                1.46023570822e-21,
                2.23132051016e-21
            ],
            "var": [
                0.000468220794573,
                0.00535095017403,
                0.000371197325876,
                0.000129264575662,
                5.4278011703e-06,
                1.74183696799e-06,
                5.09226310896e-06,
                2.76312312053e-06,
                4.23543815486e-06,
                2.67401514975e-06,
                1.51922245095e-06,
                4.22604716732e-06,
                2.785401648e-06,
                2.05974288292e-06,
                1.08016172362e-06,
                9.42912777191e-07,
                1.08089307105e-06,
                2.42476767198e-06,
                1.17128831789e-06,
                7.17084162716e-07,
                6.69270207254e-07,
                7.62253137054e-07,
                1.78922050509e-06,
                8.71907786859e-07,
                7.09009171374e-08,
                2.45461553305e-08,
                1.32900546124e-09
            ]
        },
        "barkbands_crest": {
            "dmean": 2.38391375542,
            "dmean2": 3.67221450806,
            "dvar": 6.99896812439,
            "dvar2": 14.1185245514,
            "max": 26.7048358917,
            "mean": 12.6374692917,
            "median": 10.7589139938,
            "min": 2.36650323868,
            "var": 44.923160553
        },
        "barkbands_flatness_db": {
            "dmean": 0.032934576273,
            "dmean2": 0.0461887307465,
            "dvar": 0.00185332552064,
            "dvar2": 0.0031633656472,
            "max": 0.730019986629,
            "mean": 0.216712072492,
            "median": 0.191580891609,
            "min": 0.0386640876532,
            "var": 0.0117613375187
        },
        "barkbands_kurtosis": {
            "dmean": 17.6146430969,
            "dmean2": 28.4141597748,
            "dvar": 5117.13085938,
            "dvar2": 13068.3017578,
            "max": 2706.75512695,
            "mean": 25.5919094086,
            "median": 2.32602071762,
            "min": -1.94158613682,
            "var": 6342.73095703
        },
        "barkbands_skewness": {
            "dmean": 1.14284610748,
            "dmean2": 1.73111391068,
            "dvar": 3.67043542862,
            "dvar2": 8.19828701019,
            "max": 30.8637981415,
            "mean": 2.73777031898,
            "median": 1.5202280283,
            "min": -4.8206205368,
            "var": 12.4602823257
        },
        "barkbands_spread": {
            "dmean": 7.63725471497,
            "dmean2": 12.5213518143,
            "dvar": 171.004211426,
            "dvar2": 420.536346436,
            "max": 115.87538147,
            "mean": 16.9498291016,
            "median": 13.3968791962,
            "min": 0.0321781001985,
            "var": 224.565261841
        },
        "dissonance": {
            "dmean": 0.0245342757553,
            "dmean2": 0.0398136042058,
            "dvar": 0.000514995423146,
            "dvar2": 0.00128367333673,
            "max": 0.500000059605,
            "mean": 0.450094878674,
            "median": 0.455129683018,
            "min": 0.229088053107,
            "var": 0.00114320742432
        },
        "dynamic_complexity": 5.94039487839,
        "erbbands": {
            "dmean": [
                0.673586130142,
                1.99934458733,
                2.67347407341,
                5.85505485535,
                2.44243907928,
                1.78722751141,
                1.83967661858,
                3.82171201706,
                10.1191549301,
                11.2242078781,
                8.6602973938,
                10.819527626,
                10.9427881241,
                13.9341201782,
                14.7378673553,
                18.3160133362,
                18.3019008636,
                16.6155986786,
                18.5029067993,
                13.394036293,
                13.7656898499,
                16.1220588684,
                17.2468166351,
                12.886387825,
                9.80630207062,
                10.1777439117,
                8.06154346466,
                8.20293426514,
                8.64167118073,
                9.57071495056,
                16.0224132538,
                12.6394090652,
                5.31486129761,
                1.73345541954,
                0.713746070862,
                0.319540470839,
                0.101970456541,
                0.0224196240306,
                0.00165963813197,
                8.50203650771e-05
            ],
            "dmean2": [
                1.07377266884,
                3.11779808998,
                4.53350162506,
                11.052573204,
                4.29348468781,
                3.04861426353,
                3.10453748703,
                6.01574039459,
                15.4940423965,
                16.6497478485,
                12.6834440231,
                15.8504772186,
                16.8420753479,
                21.114818573,
                21.2919158936,
                27.1105518341,
                26.5334568024,
                25.0102310181,
                28.2157497406,
                20.3970470428,
                22.2436161041,
                24.0611438751,
                27.2867202759,
                20.0408706665,
                14.8156528473,
                16.0405902863,
                12.9970188141,
                11.7281894684,
                14.3193769455,
                16.3343601227,
                28.147321701,
                22.2685604095,
                9.44952106476,
                2.98502826691,
                1.20283222198,
                0.543161988258,
                0.179490476847,
                0.0407882481813,
                0.00307950912975,
                0.000151176165673
            ],
            "dvar": [
                4.4975194931,
                77.5679016113,
                416.775787354,
                2765.79272461,
                336.614685059,
                89.0293655396,
                70.6506500244,
                107.693008423,
                621.343444824,
                621.050415039,
                568.802124023,
                1120.23791504,
                1201.4083252,
                1952.22961426,
                1982.4720459,
                5941.57421875,
                4043.69189453,
                2444.05004883,
                2985.4152832,
                1249.78894043,
                3092.03930664,
                3001.59472656,
                6744.29150391,
                4121.43554688,
                1706.54162598,
                1753.78759766,
                1107.1574707,
                732.477783203,
                895.032958984,
                782.958007812,
                2017.42590332,
                1216.30810547,
                195.531936646,
                18.7139797211,
                2.89069461823,
                0.792301356792,
                0.102038271725,
                0.00627573207021,
                3.66805943486e-05,
                6.47977032031e-08
            ],
            "dvar2": [
                12.0998430252,
                201.383300781,
                1091.98913574,
                8020.92724609,
                921.420898438,
                255.018234253,
                198.940261841,
                278.489776611,
                1523.29333496,
                1347.20324707,
                1126.25964355,
                2228.02539062,
                2742.94775391,
                3831.63183594,
                3978.13671875,
                11382.1923828,
                7343.74804688,
                4999.65234375,
                6770.18945312,
                2738.453125,
                7490.96533203,
                6851.51416016,
                14785.1875,
                9635.17675781,
                3114.8894043,
                4288.02685547,
                2597.32421875,
                1433.96655273,
                1965.24072266,
                1844.84887695,
                5312.42041016,
                3298.65673828,
                528.338256836,
                48.4274101257,
                7.2527551651,
                2.12934017181,
                0.283892810345,
                0.0178472977132,
                0.000105331499071,
                1.83383548347e-07
            ],
            "max": [
                28.834569931,
                119.319656372,
                291.248046875,
                693.044921875,
                266.359619141,
                162.010910034,
                152.268951416,
                213.546859741,
                861.440612793,
                442.544281006,
                545.580200195,
                986.754150391,
                750.11315918,
                1346.23144531,
                1050.77062988,
                1373.19226074,
                1122.32580566,
                1108.87060547,
                986.056030273,
                597.908935547,
                905.102294922,
                930.332641602,
                1106.48364258,
                907.627624512,
                635.514099121,
                599.870666504,
                425.946624756,
                348.087677002,
                354.479156494,
                310.335662842,
                337.373840332,
                276.592529297,
                123.346374512,
                38.1750335693,
                18.7363357544,
                8.01088905334,
                2.45240712166,
                0.642820835114,
                0.0509886220098,
                0.00227852910757
            ],
            "mean": [
                1.70671772957,
                4.98902225494,
                2.65775680542,
                3.59688019753,
                2.05361962318,
                2.1756477356,
                2.46244621277,
                6.28564977646,
                16.2665481567,
                19.7275676727,
                14.5938444138,
                17.540802002,
                16.3919754028,
                19.5091209412,
                20.5150260925,
                22.6000595093,
                24.569229126,
                23.6373653412,
                23.1834373474,
                17.877779007,
                16.884344101,
                21.8043022156,
                20.0682029724,
                12.6561689377,
                11.6709127426,
                10.0828428268,
                9.26554679871,
                9.91323375702,
                9.25598144531,
                8.58633327484,
                11.7119922638,
                9.44858646393,
                4.25396060944,
                1.54767715931,
                0.680515050888,
                0.274975597858,
                0.0776541531086,
                0.0154697997496,
                0.00114252185449,
                0.00010826811922
            ],
            "median": [
                0.000677357194945,
                0.0211182832718,
                0.228376239538,
                0.188243836164,
                0.250191777945,
                0.51346719265,
                0.90617531538,
                2.13507461548,
                5.31634712219,
                3.85469007492,
                1.92731833458,
                2.58849978447,
                4.56204319,
                4.75530719757,
                4.84560775757,
                1.85416674614,
                2.79729485512,
                3.76450800896,
                3.63199138641,
                4.83869171143,
                3.31447649002,
                2.72257971764,
                0.967592895031,
                0.691126585007,
                0.604580700397,
                0.430598676205,
                0.323064029217,
                0.277539253235,
                0.360868424177,
                0.229792028666,
                0.140750974417,
                0.256821453571,
                0.228186294436,
                0.0795915126801,
                0.0490791350603,
                0.0180253442377,
                0.00440554600209,
                0.000623110332526,
                7.61040937505e-05,
                2.73159294011e-05
            ],
            "min": [
                4.01566576712e-22,
                2.92114168315e-21,
                5.66517422286e-21,
                3.05029151669e-20,
                3.11829674903e-20,
                3.71972684772e-20,
                1.6257030358e-19,
                1.82559963187e-19,
                3.14254987846e-19,
                4.97065186094e-19,
                8.83104432611e-19,
                8.46658286136e-19,
                1.07739995612e-18,
                2.16301567687e-18,
                1.48517497589e-18,
                2.13117604753e-18,
                1.73752286196e-18,
                2.30308423795e-18,
                3.88314065581e-18,
                6.19436476457e-18,
                7.09960434358e-18,
                6.09975432765e-18,
                3.61806856056e-18,
                7.57669399676e-18,
                8.56348159005e-18,
                1.02508506303e-17,
                1.11724588729e-17,
                1.46129032182e-17,
                1.35891778746e-17,
                1.048586505e-17,
                1.41929188058e-17,
                1.18019118862e-17,
                1.11065631837e-17,
                1.12355413207e-17,
                6.95289972604e-18,
                4.50010406903e-18,
                2.65984185947e-18,
                1.15969739603e-18,
                2.97010107381e-19,
                3.37441868542e-20
            ],
            "var": [
                14.6679563522,
                129.975570679,
                298.260498047,
                1522.5447998,
                217.155471802,
                58.7570457458,
                51.0274620056,
                149.875274658,
                898.790283203,
                1484.07165527,
                1230.01464844,
                2603.84204102,
                2000.42675781,
                3513.93139648,
                3241.41040039,
                7904.20458984,
                6559.08154297,
                4499.66699219,
                4334.68115234,
                1878.34777832,
                3288.52148438,
                4129.42236328,
                7808.02587891,
                4097.04736328,
                2316.63354492,
                1642.40966797,
                1304.40136719,
                1045.55456543,
                968.075073242,
                745.333190918,
                1470.42370605,
                837.558410645,
                141.592437744,
                16.1676311493,
                2.87122488022,
                0.624139964581,
                0.067792929709,
                0.00378792127594,
                2.14264800888e-05,
                5.19873921689e-08
            ]
        },
        "erbbands_crest": {
            "dmean": 2.83357906342,
            "dmean2": 4.60159349442,
            "dvar": 6.63217735291,
            "dvar2": 16.5613098145,
            "max": 30.0198822021,
            "mean": 9.68737030029,
            "median": 9.03465652466,
            "min": 2.82294774055,
            "var": 13.9165506363
        },
        "erbbands_flatness_db": {
            "dmean": 0.0247723404318,
            "dmean2": 0.0365649871528,
            "dvar": 0.000801307323854,
            "dvar2": 0.00152550276835,
            "max": 0.472319960594,
            "mean": 0.20639963448,
            "median": 0.184400171041,
            "min": 0.0495764389634,
            "var": 0.00659267930314
        },
        "erbbands_kurtosis": {
            "dmean": 1.25309991837,
            "dmean2": 2.04477500916,
            "dvar": 15.0292396545,
            "dvar2": 33.6833190918,
            "max": 159.826843262,
            "mean": 0.544064164162,
            "median": -0.216474890709,
            "min": -1.85985350609,
            "var": 26.456697464
        },
        "erbbands_skewness": {
            "dmean": 0.517590105534,
            "dmean2": 0.796176075935,
            "dvar": 0.390784859657,
            "dvar2": 0.913092017174,
            "max": 9.9614238739,
            "mean": 0.185699597001,
            "median": 0.182036042213,
            "min": -5.39407968521,
            "var": 0.841047465801
        },
        "erbbands_spread": {
            "dmean": 11.2987365723,
            "dmean2": 17.8905277252,
            "dvar": 288.490997314,
            "dvar2": 707.567993164,
            "max": 206.446044922,
            "mean": 36.0410614014,
            "median": 29.7568378448,
            "min": 1.57269763947,
            "var": 544.647827148
        },
        "gfcc": {
            "cov": [
                [
                    23165.2988281,
                    -4960.69433594,
                    3680.24951172,
                    4444.84521484,
                    -1373.93566895,
                    3201.08349609,
                    979.678161621,
                    1339.42004395,
                    311.107666016,
                    1250.86486816,
                    17.3664550781,
                    530.557983398,
                    -461.756072998
                ],
                [
                    -4960.69433594,
                    4310.80029297,
                    -669.148925781,
                    -933.859191895,
                    1716.53198242,
                    -813.378723145,
                    473.577667236,
                    -142.690490723,
                    382.501098633,
                    -263.824951172,
                    348.617248535,
                    -123.324867249,
                    414.880004883
                ],
                [
                    3680.24951172,
                    -669.148925781,
                    2627.62841797,
                    1619.76733398,
                    343.96472168,
                    1397.01928711,
                    619.924987793,
                    595.148254395,
                    519.978271484,
                    425.273956299,
                    215.213699341,
                    276.376373291,
                    75.5665359497
                ],
                [
                    4444.84521484,
                    -933.859191895,
                    1619.76733398,
                    1801.72290039,
                    121.271080017,
                    1080.65161133,
                    587.392028809,
                    484.952545166,
                    344.297821045,
                    404.680725098,
                    164.13331604,
                    221.201904297,
                    32.3768882751
                ],
                [
                    -1373.93566895,
                    1716.53198242,
                    343.96472168,
                    121.271080017,
                    1250.00048828,
                    114.691574097,
                    561.209289551,
                    174.15965271,
                    417.605224609,
                    32.3254241943,
                    298.395965576,
                    64.8876419067,
                    291.505065918
                ],
                [
                    3201.08349609,
                    -813.378723145,
                    1397.01928711,
                    1080.65161133,
                    114.691574097,
                    1171.55749512,
                    517.465820312,
                    422.32409668,
                    368.29473877,
                    294.958984375,
                    146.122924805,
                    227.290893555,
                    64.487197876
                ],
                [
                    979.678161621,
                    473.577667236,
                    619.924987793,
                    587.392028809,
                    561.209289551,
                    517.465820312,
                    794.020324707,
                    266.186950684,
                    346.348876953,
                    160.556381226,
                    179.666351318,
                    145.001068115,
                    140.036239624
                ],
                [
                    1339.42004395,
                    -142.690490723,
                    595.148254395,
                    484.952545166,
                    174.15965271,
                    422.32409668,
                    266.186950684,
                    319.572570801,
                    202.708496094,
                    163.68862915,
                    102.690605164,
                    84.5737228394,
                    56.3343505859
                ],
                [
                    311.107666016,
                    382.501098633,
                    519.978271484,
                    344.297821045,
                    417.605224609,
                    368.29473877,
                    346.348876953,
                    202.708496094,
                    411.023101807,
                    107.966316223,
                    159.919723511,
                    99.5937347412,
                    145.953582764
                ],
                [
                    1250.86486816,
                    -263.824951172,
                    425.273956299,
                    404.680725098,
                    32.3254241943,
                    294.958984375,
                    160.556381226,
                    163.68862915,
                    107.966316223,
                    252.053634644,
                    63.8995857239,
                    50.8241119385,
                    -4.37405061722
                ],
                [
                    17.3664550781,
                    348.617248535,
                    215.213699341,
                    164.13331604,
                    298.395965576,
                    146.122924805,
                    179.666351318,
                    102.690605164,
                    159.919723511,
                    63.8995857239,
                    210.817657471,
                    71.1369094849,
                    96.5700759888
                ],
                [
                    530.557983398,
                    -123.324867249,
                    276.376373291,
                    221.201904297,
                    64.8876419067,
                    227.290893555,
                    145.001068115,
                    84.5737228394,
                    99.5937347412,
                    50.8241119385,
                    71.1369094849,
                    161.601654053,
                    48.338470459
                ],
                [
                    -461.756072998,
                    414.880004883,
                    75.5665359497,
                    32.3768882751,
                    291.505065918,
                    64.487197876,
                    140.036239624,
                    56.3343505859,
                    145.953582764,
                    -4.37405061722,
                    96.5700759888,
                    48.338470459,
                    197.599075317
                ]
            ],
            "icov": [
                [
                    0.000127256193082,
                    -5.28402997588e-05,
                    0.000106640385638,
                    -0.000248891767114,
                    0.000140167569043,
                    -0.000254791782936,
                    4.16826042056e-05,
                    -0.000208484590985,
                    0.000132184432005,
                    -0.000140972610097,
                    8.11000281828e-05,
                    -5.4985001043e-05,
                    0.000187648969586
                ],
                [
                    -5.28402997588e-05,
                    0.00110616977327,
                    -0.000270828255452,
                    0.000449331564596,
                    -0.00112575571984,
                    0.0010366543429,
                    -0.000526895280927,
                    0.000403295882279,
                    -0.000463272939669,
                    0.000369718618458,
                    -0.000589300238062,
                    0.000657053431496,
                    -0.000357544980943
                ],
                [
                    0.000106640385638,
                    -0.000270828255452,
                    0.00153697340284,
                    -0.000859298161231,
                    -0.000172448679223,
                    -0.00153307942674,
                    0.000715763075277,
                    -0.000571114826016,
                    -9.13876210689e-05,
                    -0.000284647248918,
                    0.000483064388391,
                    -0.000404770777095,
                    0.000705290294718
                ],
                [
                    -0.000248891767114,
                    0.000449331564596,
                    -0.000859298161231,
                    0.00234474660829,
                    -0.00030663140933,
                    0.000402351433877,
                    -0.000808773038443,
                    6.62935708533e-05,
                    -7.27101796656e-05,
                    -0.000456298468634,
                    -0.000532805279363,
                    0.000227922428166,
                    -0.000457058253232
                ],
                [
                    0.000140167569043,
                    -0.00112575571984,
                    -0.000172448679223,
                    -0.00030663140933,
                    0.00371655635536,
                    -0.000122834913782,
                    -0.000884964305442,
                    -0.000678990792949,
                    -0.000437367707491,
                    -2.55798095168e-05,
                    -0.00112143275328,
                    0.000300856103422,
                    -0.00101763068233
                ],
                [
                    -0.000254791782936,
                    0.0010366543429,
                    -0.00153307942674,
                    0.000402351433877,
                    -0.000122834913782,
                    0.00521995266899,
                    -0.00154781073797,
                    -0.000455872272141,
                    -0.0015907009365,
                    0.000426543701906,
                    -0.000666579871904,
                    -0.000557288469281,
                    -0.00090058153728
                ],
                [
                    4.16826042056e-05,
                    -0.000526895280927,
                    0.000715763075277,
                    -0.000808773038443,
                    -0.000884964305442,
                    -0.00154781073797,
                    0.00353555125184,
                    -0.000553116435185,
                    -0.000337184465025,
                    -0.00045038247481,
                    0.00086022389587,
                    -0.0012285677949,
                    0.000644443905912
                ],
                [
                    -0.000208484590985,
                    0.000403295882279,
                    -0.000571114826016,
                    6.62935708533e-05,
                    -0.000678990792949,
                    -0.000455872272141,
                    -0.000553116435185,
                    0.0084219686687,
                    -0.00126493407879,
                    -0.00158483104315,
                    -0.000926146691199,
                    0.000815503939521,
                    -0.000832660123706
                ],
                [
                    0.000132184432005,
                    -0.000463272939669,
                    -9.13876210689e-05,
                    -7.27101796656e-05,
                    -0.000437367707491,
                    -0.0015907009365,
                    -0.000337184465025,
                    -0.00126493407879,
                    0.00673420354724,
                    -0.0006017225096,
                    -0.000559602514841,
                    -0.000414147041738,
                    -0.0015202567447
                ],
                [
                    -0.000140972610097,
                    0.000369718618458,
                    -0.000284647248918,
                    -0.000456298468634,
                    -2.55798095168e-05,
                    0.000426543701906,
                    -0.00045038247481,
                    -0.00158483104315,
                    -0.0006017225096,
                    0.007590866182,
                    -0.00164377875626,
                    0.000927213928662,
                    0.000936471857131
                ],
                [
                    8.11000281828e-05,
                    -0.000589300238062,
                    0.000483064388391,
                    -0.000532805279363,
                    -0.00112143275328,
                    -0.000666579871904,
                    0.00086022389587,
                    -0.000926146691199,
                    -0.000559602514841,
                    -0.00164377875626,
                    0.0096472017467,
                    -0.00286318478175,
                    -0.000781673938036
                ],
                [
                    -5.4985001043e-05,
                    0.000657053431496,
                    -0.000404770777095,
                    0.000227922428166,
                    0.000300856103422,
                    -0.000557288469281,
                    -0.0012285677949,
                    0.000815503939521,
                    -0.000414147041738,
                    0.000927213928662,
                    -0.00286318478175,
                    0.0103580150753,
                    -0.00182253366802
                ],
                [
                    0.000187648969586,
                    -0.000357544980943,
                    0.000705290294718,
                    -0.000457058253232,
                    -0.00101763068233,
                    -0.00090058153728,
                    0.000644443905912,
                    -0.000832660123706,
                    -0.0015202567447,
                    0.000936471857131,
                    -0.000781673938036,
                    -0.00182253366802,
                    0.00960246566683
                ]
            ],
            "mean": [
                -97.2208862305,
                92.1781158447,
                -131.61100769,
                -2.98912024498,
                -52.8169517517,
                5.71415948868,
                -41.5069389343,
                7.24208259583,
                -10.0742206573,
                2.72166728973,
                -10.5797309875,
                2.08361077309,
                -4.18402862549
            ]
        },
        "hfc": {
            "dmean": 16.5642795563,
            "dmean2": 27.3299503326,
            "dvar": 1878.87561035,
            "dvar2": 4160.85839844,
            "max": 441.091156006,
            "mean": 22.4722061157,
            "median": 7.18860244751,
            "min": 1.15013773173e-16,
            "var": 2218.43383789
        },
        "melbands": {
            "dmean": [
                0.00448399176821,
                0.00157303432934,
                0.000896066834684,
                0.000132084751385,
                6.61649683025e-05,
                9.12089672056e-05,
                0.000152788270498,
                0.000117795992992,
                7.42269548937e-05,
                6.65175539325e-05,
                5.4878903029e-05,
                5.73485522182e-05,
                5.03830742673e-05,
                4.49849903816e-05,
                4.93165753142e-05,
                3.59790064977e-05,
                3.21977313433e-05,
                3.36576631526e-05,
                2.06206586881e-05,
                1.77887304744e-05,
                1.66686459124e-05,
                1.65245346579e-05,
                1.84136188182e-05,
                1.2856055946e-05,
                1.04234795799e-05,
                8.10786332295e-06,
