{
    "lowlevel": {
        "average_loudness": 0.936972558498,
        "barkbands": {
            "dmean": [
                0.00108945625834,
                0.0209145396948,
                0.00653341179714,
                0.00158056803048,
                0.00168685417157,
                0.00162281212397,
                0.000629257701803,
                0.00061615271261,
                0.00110388535541,
                0.00051583093591,
                0.000597142439801,
                0.00035301205935,
                0.000452450331068,
                0.000622477382421,
                0.000487988203531,
                0.000259439169895,
                0.000262340268819,
                0.000202257244382,
                0.000202230468858,
                0.000153318076627,
                0.0001516075572,
                0.000135046240757,
                0.000111708868644,
                0.000103502039565,
                7.04296471667e-05,
                2.82337059616e-05,
                5.45488455828e-06
            ],
            "dmean2": [
                0.00161999685224,
                0.0353175215423,
                0.0120341554284,
                0.00281935720704,
                0.00286952685565,
                0.00274992734194,
                0.000985349179246,
                0.000963070197031,
                0.00165525870398,
                0.0007904539234,
                0.000905176741071,
                0.000544863170944,
                0.0007006599335,
                0.000956875854172,
                0.000779519788921,
                0.000422012613853,
                0.000419526855694,
                0.000324685650412,
                0.00031640502857,
                0.000234784864006,
                0.000224559844355,
                0.000196333043277,
                0.000164246928762,
                0.000149878571392,
                0.000101355464722,
                3.88531225326e-05,
                7.94436436991e-06
            ],
            "dvar": [
                2.28590261031e-06,
                0.00122622109484,
                0.000400909135351,
                1.64391767612e-05,
                1.20264103316e-05,
                1.30267935674e-05,
                1.64963239513e-06,
                3.41606119036e-06,
                6.45933278065e-06,
                1.99321084438e-06,
                1.67616281033e-06,
                8.1859718648e-07,
                1.04019932223e-06,
                2.54098449659e-06,
                9.24527739699e-07,
                2.31298571407e-07,
                1.94853981839e-07,
                1.12489743742e-07,
                1.10589759572e-07,
                6.15897093326e-08,
                6.68331381348e-08,
                4.27003286063e-08,
                5.31081028043e-08,
                5.24800789492e-08,
                2.68289301886e-08,
                3.48413964346e-09,
                1.65266619834e-10
            ],
            "dvar2": [
                5.55543965675e-06,
                0.00342947873287,
                0.00111930142157,
                4.68239522888e-05,
                3.23270214722e-05,
                3.49380643456e-05,
                3.66070730706e-06,
                7.53054928282e-06,
                1.40672527777e-05,
                4.43812859885e-06,
                3.62985724678e-06,
                1.65528820162e-06,
                2.27013333642e-06,
                5.59311547477e-06,
                2.24670930038e-06,
                6.05135596743e-07,
                4.47451839136e-07,
                2.92994229767e-07,
                2.66839208507e-07,
                1.36256232963e-07,
                1.47509567228e-07,
                8.52900541304e-08,
                1.13253740608e-07,
                1.00045156159e-07,
                5.45618341619e-08,
                6.94763890863e-09,
                3.74893505128e-10
            ],
            "max": [
                0.0190163757652,
                0.256095379591,
                0.13517549634,
                0.0467789508402,
                0.0511840693653,
                0.0448722951114,
                0.0240783486515,
                0.0458296090364,
                0.0580252446234,
                0.0400638729334,
                0.0263486132026,
                0.0274892579764,
                0.0194088369608,
                0.0355343483388,
                0.023686921224,
                0.00772929191589,
                0.0087898960337,
                0.00744268018752,
                0.00607467722148,
                0.00445542577654,
                0.00459780590609,
                0.00466954754665,
                0.00467469869182,
                0.00423665624112,
                0.00329637504183,
                0.00142961286474,
                0.000478099187603
            ],
            "mean": [
                0.00363721512258,
                0.0385313369334,
                0.00450166873634,
                0.00138002273161,
                0.00184390076902,
                0.0019661122933,
                0.000909419439267,
                0.000998382573016,
                0.00224444782361,
                0.000831471872516,
                0.000957583310083,
                0.000525162147824,
                0.000701394339558,
                0.000945836247411,
                0.000704906415194,
                0.000399925629608,
                0.000460033363197,
                0.000335621647537,
                0.00039854409988,
                0.000320564751746,
                0.000314907287247,
                0.00029660097789,
                0.000208149096579,
                0.000198444002308,
                0.000137149603688,
                6.12370640738e-05,
                1.57908871188e-05
            ],
            "median": [
                0.00144907413051,
                0.0284388102591,
                0.000491986807901,
                0.00040736925439,
                0.000564217043575,
                0.000544010428712,
                0.00023473156034,
                0.000158859416842,
                0.000538973894436,
                0.000160972616868,
                0.000230022371397,
                0.00014610265498,
                0.000203987699933,
                0.000237076354097,
                0.000228955061175,
                0.000179843511432,
                0.000283014436718,
                0.000163170698215,
                0.000233263053815,
                0.000171332314494,
                0.000161278483574,
                0.000159686722327,
                8.19176784717e-05,
                6.7307970312e-05,
                4.50892111985e-05,
                1.88300728041e-05,
                3.52940264747e-06
            ],
            "min": [
                1.64113476409e-25,
                1.7282072833e-24,
                1.24903699782e-24,
                1.32109303202e-24,
                4.89764924095e-24,
                7.86061395641e-24,
                1.17012495378e-23,
                7.21399808303e-24,
                1.32671794554e-23,
                2.00285851602e-23,
                1.96753143141e-23,
                2.74342440999e-23,
                1.96000412066e-23,
                3.31321106876e-23,
                4.22018496188e-23,
                4.55412840018e-23,
                6.64228833914e-23,
                8.82766907379e-23,
                1.50121038057e-22,
                1.81059645267e-22,
                2.34527211163e-22,
                2.98515467852e-22,
                3.5722464212e-22,
                6.01622737261e-22,
                7.9515513172e-22,
                1.37743525202e-21,
                1.89003338268e-21
            ],
            "var": [
                1.79983762791e-05,
                0.00158267293591,
                0.000247867661528,
                1.09852971946e-05,
                1.20464055726e-05,
                1.45841377162e-05,
                3.58225838681e-06,
                1.16276078188e-05,
                2.31537869695e-05,
                5.9317690102e-06,
                4.08010782849e-06,
                1.83980603197e-06,
                2.14018132283e-06,
                5.29759336132e-06,
                1.50734240378e-06,
                3.86441030287e-07,
                3.60273219258e-07,
                2.11319857613e-07,
                2.57749661614e-07,
                1.83948273502e-07,
                1.80372865088e-07,
                1.45430860243e-07,
                1.23088966575e-07,
                1.3449310643e-07,
                5.77654581946e-08,
                1.06609867601e-08,
                7.54403539638e-10
            ]
        },
        "barkbands_crest": {
            "dmean": 3.1091029644,
            "dmean2": 4.92344617844,
            "dvar": 10.5655260086,
            "dvar2": 26.1527099609,
            "max": 26.2491455078,
            "mean": 15.7835359573,
            "median": 16.0641708374,
            "min": 1.95691895485,
            "var": 27.5591373444
        },
        "barkbands_flatness_db": {
            "dmean": 0.0304802134633,
            "dmean2": 0.0486279577017,
            "dvar": 0.00102675345261,
            "dvar2": 0.00269492855296,
            "max": 0.462062984705,
            "mean": 0.164566934109,
            "median": 0.157281339169,
            "min": 0.0130261164159,
            "var": 0.00465193716809
        },
        "barkbands_kurtosis": {
            "dmean": 9.10435009003,
            "dmean2": 15.021774292,
            "dvar": 361.8671875,
            "dvar2": 934.537536621,
            "max": 466.580413818,
            "mean": 13.0490684509,
            "median": 3.6759557724,
            "min": -1.82829523087,
            "var": 818.510559082
        },
        "barkbands_skewness": {
            "dmean": 0.990999698639,
            "dmean2": 1.59421920776,
            "dvar": 1.3288718462,
            "dvar2": 3.47588539124,
            "max": 17.4268283844,
            "mean": 2.53766822815,
            "median": 2.03672838211,
            "min": -2.22951960564,
            "var": 4.58201217651
        },
        "barkbands_spread": {
            "dmean": 6.97271728516,
            "dmean2": 10.8012237549,
            "dvar": 63.7176933289,
            "dvar2": 149.136444092,
            "max": 110.135475159,
            "mean": 21.8505039215,
            "median": 19.6695575714,
            "min": 0.331718444824,
            "var": 222.295043945
        },
        "dissonance": {
            "dmean": 0.0193716529757,
            "dmean2": 0.0323791280389,
            "dvar": 0.000484597752802,
            "dvar2": 0.00130835047457,
            "max": 0.5,
            "mean": 0.464785277843,
            "median": 0.474641114473,
            "min": 0,
            "var": 0.00112197443377
        },
        "dynamic_complexity": 2.90634036064,
        "erbbands": {
            "dmean": [
                0.725997745991,
                4.43118000031,
                7.7738161087,
                6.17237520218,
                4.97085285187,
                5.59571647644,
                10.8924865723,
                12.8551988602,
                8.31719398499,
                11.7776031494,
                15.8127985001,
                27.2364196777,
                20.7485218048,
                12.733165741,
                21.382314682,
                15.0529432297,
                19.4372520447,
                31.9358234406,
                22.10414505,
                24.3875217438,
                12.5279808044,
                12.1511011124,
                10.4249620438,
                11.4284553528,
                8.65068721771,
                7.30689907074,
                7.39712095261,
                4.61950874329,
                4.89763641357,
                4.70385694504,
                2.81082296371,
                2.14922881126,
                1.77877008915,
                0.939653217793,
                0.445669531822,
                0.169972553849,
                0.0446710921824,
                0.00938800908625,
                0.000795245054178,
                6.18552076048e-05
            ],
            "dmean2": [
                1.17459881306,
                7.6172375679,
                14.3509883881,
                10.9850873947,
                8.78139019012,
                9.48392868042,
                18.9117965698,
                21.6529941559,
                13.3912982941,
                18.6379032135,
                24.1172199249,
                41.2382469177,
                31.4873695374,
                19.5744915009,
                32.2398300171,
                22.8825473785,
                29.8697929382,
                48.6289291382,
                34.8788795471,
                39.6636505127,
                19.9193973541,
                19.0546226501,
                16.6525421143,
                18.1172771454,
                13.3968744278,
                11.2882537842,
                10.8570814133,
                6.96468305588,
                7.22078180313,
                6.99552202225,
                4.10427761078,
                3.07401394844,
                2.6304473877,
                1.38910138607,
                0.637921988964,
                0.239263474941,
                0.0626914873719,
                0.0130910500884,
                0.00113063619938,
                9.29753150558e-05
            ],
            "dvar": [
                1.38226735592,
                64.783164978,
                514.069885254,
                270.050628662,
                139.154251099,
                151.560256958,
                783.448181152,
                792.506164551,
                299.159454346,
                720.647094727,
                2265.52856445,
                4859.09716797,
                2948.13208008,
                652.548828125,
                2109.15673828,
                1525.54638672,
                1862.31628418,
                8220.27636719,
                2333.44384766,
                2402.52612305,
                462.155395508,
                449.458740234,
                235.667984009,
                434.221160889,
                184.509628296,
                132.4324646,
                184.45475769,
                58.3020515442,
                57.5236625671,
                68.5281982422,
                35.4151344299,
                20.7642097473,
                18.4244976044,
                5.52486419678,
                0.943165659904,
                0.129687741399,
                0.00815696455538,
                0.000403923913836,
                3.59613113687e-06,
                1.26107373433e-08
            ],
            "dvar2": [
                3.55706954002,
                190.893829346,
                1462.17102051,
                753.142456055,
                387.019256592,
                404.23614502,
                2144.94311523,
                2054.81103516,
                693.727844238,
                1600.84692383,
                4854.14306641,
                10674.9453125,
                6402.43310547,
                1534.69213867,
                4583.85498047,
                2948.38574219,
                4055.30615234,
                17632.7421875,
                5478.50732422,
                6147.66162109,
                1141.4197998,
                980.971984863,
                597.901489258,
                1108.59973145,
                435.007080078,
                298.994628906,
                411.395965576,
                124.659973145,
                116.221801758,
                144.600204468,
                73.9456253052,
                40.3639144897,
                37.3661727905,
                11.4322347641,
                1.95790874958,
                0.264424800873,
                0.0165166705847,
                0.000826648669317,
                8.03917646408e-06,
                2.9079414432e-08
            ],
            "max": [
                9.40546131134,
                52.9012260437,
                154.983978271,
                150.425567627,
                145.180801392,
                288.37008667,
                321.519958496,
                486.050109863,
                434.294067383,
                590.872070312,
                1258.14685059,
                1747.78625488,
                1446.0222168,
                717.744140625,
                1101.30078125,
                1424.90917969,
                933.079467773,
                2397.48754883,
                1492.22192383,
                653.122131348,
                389.36920166,
                581.826660156,
                416.473083496,
                341.589019775,
                371.665008545,
                207.066360474,
                262.660736084,
                139.624511719,
                120.922241211,
                153.546737671,
                119.159263611,
                85.4266281128,
                89.2699890137,
                48.0745010376,
                24.6937885284,
                9.56335926056,
                2.05896711349,
                0.53007620573,
                0.0723408162594,
                0.00414272025228
            ],
            "mean": [
                1.53886651993,
                6.90358972549,
                6.4732298851,
                5.05309677124,
                4.95863056183,
                6.15543937683,
                11.176156044,
                15.8104028702,
                11.8837547302,
                17.9682788849,
                29.670375824,
                54.9937019348,
                39.8758773804,
                21.5955924988,
                34.8725624084,
                25.2478752136,
                32.7934684753,
                50.3277206421,
                33.7434806824,
                36.4440574646,
                22.5263195038,
                23.1787433624,
                19.7774219513,
                20.6964492798,
                18.3998031616,
                15.4467744827,
                14.7199459076,
                10.2967500687,
                10.4972600937,
                9.50174713135,
                5.22369813919,
                4.13789176941,
                3.23743700981,
                1.75067031384,
                0.862058520317,
                0.340907305479,
                0.0989258289337,
                0.0216255430132,
                0.00236917147413,
                0.000217704524403
            ],
            "median": [
                1.29960823059,
                3.65726828575,
                1.96022498608,
                1.29532659054,
                1.46053874493,
                1.85752165318,
                2.93219280243,
                4.4905128479,
                3.66996335983,
                4.62394237518,
                6.52881479263,
                13.2787065506,
                9.21813774109,
                8.16695976257,
                10.0022106171,
                9.11244487762,
                10.8247814178,
                12.5124387741,
                11.4986314774,
                13.4545946121,
                12.1122560501,
                14.4145584106,
                11.9600372314,
                11.2075128555,
                11.0550403595,
                8.52838802338,
                6.84037351608,
                5.66687488556,
                5.51046037674,
                4.96920585632,
                1.9126355648,
                1.37302207947,
                1.06855535507,
                0.554317474365,
                0.271740466356,
                0.105565920472,
                0.0297227986157,
                0.0049865138717,
                0.000576839200221,
                0.000106718500319
            ],
            "min": [
                5.5551004344e-23,
                2.51319926755e-22,
                1.93828794114e-21,
                5.34515872337e-21,
                6.84895772892e-21,
                1.9325158926e-20,
                3.97558382782e-20,
                6.06962579895e-20,
                7.50663239341e-20,
                2.26428724417e-19,
                2.45543239861e-19,
                3.98746524335e-19,
                5.25376011245e-19,
                5.28050854852e-19,
                9.2530222438e-19,
                1.28257714398e-18,
                1.39211529582e-18,
                2.00372075002e-18,
                3.05070082892e-18,
                3.80453285502e-18,
                3.44701670887e-18,
                4.10274428714e-18,
                5.14353891621e-18,
                5.60010125531e-18,
                7.32591599609e-18,
                8.25484809579e-18,
                1.0024196525e-17,
                9.6342966715e-18,
                1.05200135473e-17,
                1.19947053531e-17,
                1.05170108817e-17,
                1.02017582881e-17,
                9.76803854166e-18,
                8.27399649979e-18,
                6.52564439604e-18,
                4.39505419918e-18,
                2.49714391158e-18,
                9.07949319297e-19,
                2.65706129184e-19,
                2.85421093742e-20
            ],
            "var": [
                1.99667286873,
                76.8509597778,
                327.184265137,
                176.707885742,
                107.836708069,
                175.343032837,
                711.940612793,
                979.825500488,
                699.856567383,
                1812.80273438,
                8475.99121094,
                15297.8310547,
                10835.8720703,
                1360.02636719,
                4933.26464844,
                3722.79394531,
                3990.13330078,
                18929.2871094,
                4008.83422852,
                3833.75415039,
                939.47088623,
                927.39251709,
                526.891113281,
                829.333984375,
                509.027435303,
                398.283843994,
                459.583343506,
                172.700271606,
                187.419754028,
                180.052001953,
                82.6622467041,
                54.939250946,
                40.3163375854,
                10.6205091476,
                2.22550272942,
                0.349393159151,
                0.0266059860587,
                0.00139970402233,
                1.86888064491e-05,
                7.30795406412e-08
            ]
        },
        "erbbands_crest": {
            "dmean": 3.15033650398,
            "dmean2": 5.03275060654,
            "dvar": 9.30027580261,
            "dvar2": 21.6222324371,
            "max": 33.4491043091,
            "mean": 10.324136734,
            "median": 8.49049758911,
            "min": 2.31598091125,
            "var": 37.5312423706
        },
        "erbbands_flatness_db": {
            "dmean": 0.0182108357549,
            "dmean2": 0.0259659513831,
            "dvar": 0.000296445767162,
            "dvar2": 0.000579098879825,
            "max": 0.428196787834,
            "mean": 0.137557953596,
            "median": 0.125895664096,
            "min": 0.0421150550246,
            "var": 0.00298875547014
        },
        "erbbands_kurtosis": {
            "dmean": 1.34193849564,
            "dmean2": 2.06278252602,
            "dvar": 5.47703170776,
            "dvar2": 11.8966569901,
            "max": 64.2522659302,
            "mean": 1.19692754745,
            "median": 0.123702526093,
            "min": -1.77957463264,
            "var": 15.9392948151
        },
        "erbbands_skewness": {
            "dmean": 0.425632059574,
            "dmean2": 0.633890211582,
            "dvar": 0.170446336269,
            "dvar2": 0.370087981224,
            "max": 6.62100124359,
            "mean": 0.196820124984,
            "median": 0.104988895357,
            "min": -3.04837965965,
            "var": 0.895056545734
        },
        "erbbands_spread": {
            "dmean": 10.6992282867,
            "dmean2": 16.2423992157,
            "dvar": 122.774528503,
            "dvar2": 282.855407715,
            "max": 168.937683105,
            "mean": 41.5447883606,
            "median": 38.6492500305,
            "min": 2.10255336761,
            "var": 470.012695312
        },
        "gfcc": {
            "cov": [
                [
                    23697.1054688,
                    464.143798828,
                    -243.574203491,
                    1289.42358398,
                    -248.451690674,
                    872.924560547,
                    -195.704910278,
                    422.999053955,
                    5.37375640869,
                    520.406188965,
                    -78.289855957,
                    127.298934937,
                    -193.172637939
                ],
                [
                    464.143798828,
                    1133.73950195,
                    107.26714325,
                    130.549118042,
                    139.044082642,
                    9.08006954193,
                    168.089981079,
                    2.37519145012,
                    106.100547791,
                    -8.83720016479,
                    104.388038635,
                    -39.4590835571,
                    34.8745956421
                ],
                [
                    -243.574203491,
                    107.26714325,
                    1205.52148438,
                    361.8800354,
                    188.988601685,
                    186.695220947,
                    100.548583984,
                    82.7818145752,
                    116.221138,
                    124.374694824,
                    135.108337402,
                    68.2649765015,
                    62.3775634766
                ],
                [
                    1289.42358398,
                    130.549118042,
                    361.8800354,
                    512.14276123,
                    123.436157227,
                    49.0329780579,
                    -23.6299762726,
                    43.4213943481,
                    70.3936309814,
                    67.681602478,
                    51.6119194031,
                    10.489027977,
                    48.3564109802
                ],
                [
                    -248.451690674,
                    139.044082642,
                    188.988601685,
                    123.436157227,
                    315.23425293,
                    120.676094055,
                    76.7978363037,
                    19.6443824768,
                    67.91796875,
                    52.9526405334,
                    65.4792327881,
                    12.7742061615,
                    17.2385349274
                ],
                [
                    872.924560547,
                    9.08006954193,
                    186.695220947,
                    49.0329780579,
                    120.676094055,
                    330.026641846,
                    135.548294067,
                    70.7673034668,
                    52.0136222839,
                    58.7273483276,
                    66.9459915161,
                    36.8394813538,
                    -13.022110939
                ],
                [
                    -195.704910278,
                    168.089981079,
                    100.548583984,
                    -23.6299762726,
                    76.7978363037,
                    135.548294067,
                    229.45954895,
                    78.5592193604,
                    72.5573348999,
                    20.8120880127,
                    54.1433677673,
                    9.07773208618,
                    5.60892629623
                ],
                [
                    422.999053955,
                    2.37519145012,
                    82.7818145752,
                    43.4213943481,
                    19.6443824768,
                    70.7673034668,
                    78.5592193604,
                    165.809890747,
                    95.6705932617,
                    35.3985023499,
                    8.54566574097,
                    -2.59700679779,
                    21.5588207245
                ],
                [
                    5.37375640869,
                    106.100547791,
                    116.221138,
                    70.3936309814,
                    67.91796875,
                    52.0136222839,
                    72.5573348999,
                    95.6705932617,
                    169.110580444,
                    62.1382255554,
                    43.2383346558,
                    -9.73240184784,
                    33.1748657227
                ],
                [
                    520.406188965,
                    -8.83720016479,
                    124.374694824,
                    67.681602478,
                    52.9526405334,
                    58.7273483276,
                    20.8120880127,
                    35.3985023499,
                    62.1382255554,
                    130.67640686,
                    62.1806106567,
                    20.5974063873,
                    4.51700592041
                ],
                [
                    -78.289855957,
                    104.388038635,
                    135.108337402,
                    51.6119194031,
                    65.4792327881,
                    66.9459915161,
                    54.1433677673,
                    8.54566574097,
                    43.2383346558,
                    62.1806106567,
                    137.239868164,
                    49.3863296509,
                    23.2238864899
                ],
                [
                    127.298934937,
                    -39.4590835571,
                    68.2649765015,
                    10.489027977,
                    12.7742061615,
                    36.8394813538,
                    9.07773208618,
                    -2.59700679779,
                    -9.73240184784,
                    20.5974063873,
                    49.3863296509,
                    104.329193115,
                    34.5769805908
                ],
                [
                    -193.172637939,
                    34.8745956421,
                    62.3775634766,
                    48.3564109802,
                    17.2385349274,
                    -13.022110939,
                    5.60892629623,
                    21.5588207245,
                    33.1748657227,
                    4.51700592041,
                    23.2238864899,
                    34.5769805908,
                    104.062232971
                ]
            ],
            "icov": [
                [
                    0.000114450733236,
                    -0.000185917917406,
                    0.00016605546989,
                    -0.000360959442332,
                    0.000293629069347,
                    -0.000471566076158,
                    0.000289641728159,
                    -0.000347969442373,
                    0.000294997182209,
                    -0.000601648178417,
                    0.000432002096204,
                    -0.000321467407048,
                    0.000234259845456
                ],
                [
                    -0.000185917917406,
                    0.00159948004875,
                    -0.000196969107492,
                    0.0001888488041,
                    -0.000684560625814,
                    0.00120832549874,
                    -0.00157887779642,
                    0.00124108372256,
                    -0.00106860208325,
                    0.00174050161149,
                    -0.00175758078694,
                    0.00133640260901,
                    -0.000544941460248
                ],
                [
                    0.00016605546989,
                    -0.000196969107492,
                    0.00148035318125,
                    -0.00125986593775,
                    0.000281045096926,
                    -0.000924166815821,
                    0.000102238838736,
                    -0.000504171883222,
                    0.000334584445227,
                    -0.00116827676538,
                    0.000236697916989,
                    -0.000748131831642,
                    0.000148884646478
                ],
                [
                    -0.000360959442332,
                    0.0001888488041,
                    -0.00125986593775,
                    0.00419461587444,
                    -0.00163027015515,
                    0.00124208373018,
                    0.000723698583897,
                    0.000338670535712,
                    -0.000967228086665,
                    0.00130948971491,
                    -0.00136390584521,
                    0.0014244025806,
                    -0.00152840127703
                ],
                [
                    0.000293629069347,
                    -0.000684560625814,
                    0.000281045096926,
                    -0.00163027015515,
                    0.00530470348895,
                    -0.00242610229179,
                    8.67061971803e-05,
                    0.000429145991802,
                    -0.000310575211188,
                    -0.00196144497022,
                    0.000739602954127,
                    -0.000510287412908,
                    0.000276299775578
                ],
                [
                    -0.000471566076158,
                    0.00120832549874,
                    -0.000924166815821,
                    0.00124208373018,
                    -0.00242610229179,
                    0.00722606759518,
                    -0.00370795046911,
                    0.000281635002466,
                    -0.000662780541461,
                    0.00190326455049,
                    -0.00247733760625,
                    5.48440220882e-05,
                    0.000807456322946
                ],
                [
                    0.000289641728159,
                    -0.00157887779642,
                    0.000102238838736,
                    0.000723698583897,
                    8.67061971803e-05,
                    -0.00370795046911,
                    0.00946415029466,
                    -0.00380261591636,
                    -0.000246731418883,
                    -0.000148107297719,
                    -0.000463069358375,
                    -0.000788847042713,
                    0.00091907865135
                ],
                [
                    -0.000347969442373,
                    0.00124108372256,
                    -0.000504171883222,
                    0.000338670535712,
                    0.000429145991802,
                    0.000281635002466,
                    -0.00380261591636,
                    0.0123886857182,
                    -0.00651027541608,
                    0.00121757213492,
                    0.00109219294973,
                    0.000922958133742,
                    -0.00184231984895
                ],
                [
                    0.000294997182209,
                    -0.00106860208325,
                    0.000334584445227,
                    -0.000967228086665,
                    -0.000310575211188,
                    -0.000662780541461,
                    -0.000246731418883,
                    -0.00651027541608,
                    0.0135578690097,
                    -0.00544818583876,
                    -0.00032045826083,
                    0.00252225785516,
                    -0.00236710626632
                ],
                [
                    -0.000601648178417,
                    0.00174050161149,
                    -0.00116827676538,
                    0.00130948971491,
                    -0.00196144497022,
                    0.00190326455049,
                    -0.000148107297719,
                    0.00121757213492,
                    -0.00544818583876,
                    0.0160015001893,
                    -0.00707788718864,
                    0.000986644881777,
                    0.00100453209598
                ],
                [
                    0.000432002096204,
                    -0.00175758078694,
                    0.000236697916989,
                    -0.00136390584521,
                    0.000739602954127,
                    -0.00247733760625,
                    -0.000463069358375,
                    0.00109219294973,
                    -0.00032045826083,
                    -0.00707788718864,
                    0.0157274790108,
                    -0.00654216995463,
                    0.000322242703987
                ],
                [
                    -0.000321467407048,
                    0.00133640260901,
                    -0.000748131831642,
                    0.0014244025806,
                    -0.000510287412908,
                    5.48440220882e-05,
                    -0.000788847042713,
                    0.000922958133742,
                    0.00252225785516,
                    0.000986644881777,
                    -0.00654216995463,
                    0.0161077044904,
                    -0.00605439161882
                ],
                [
                    0.000234259845456,
                    -0.000544941460248,
                    0.000148884646478,
                    -0.00152840127703,
                    0.000276299775578,
                    0.000807456322946,
                    0.00091907865135,
                    -0.00184231984895,
                    -0.00236710626632,
                    0.00100453209598,
                    0.000322242703987,
                    -0.00605439161882,
                    0.0138863343745
                ]
            ],
            "mean": [
                7.58315658569,
                69.8623504639,
                -103.734436035,
                38.512802124,
                -43.92735672,
                22.515089035,
                -21.6203231812,
                16.4594917297,
                -12.6093502045,
                8.83658790588,
                -10.3163080215,
                5.292283535,
                -5.3158288002
            ]
        },
        "hfc": {
            "dmean": 7.62944412231,
            "dmean2": 11.002494812,
            "dvar": 88.7535400391,
            "dvar2": 171.90953064,
            "max": 140.277740479,
            "mean": 27.3144721985,
            "median": 23.0638122559,
            "min": 1.08925895918e-16,
            "var": 433.852905273
        },
        "melbands": {
            "dmean": [
                0.00606557028368,
                0.00452123302966,
                0.00105757359415,
                0.000349335488863,
                0.000360030593583,
                0.000292576674838,
                0.000129091989947,
                0.00012611708371,
                0.000147304672282,
                0.000162024793099,
                0.00010168470908,
                4.83986077597e-05,
                8.79075596458e-05,
                4.15448885178e-05,
                4.18571507907e-05,
                4.95990170748e-05,
                6.06991670793e-05,
                3.90877830796e-05,
                3.09773749905e-05,
                2.5823535907e-05,
                1.63410659297e-05,
                1.31161841637e-05,
                1.45073090607e-05,
                1.0503289559e-05,
                9.97149891191e-06,
                7.38641301723e-06,
                5.97251437284e-06,
                4.89937292514e-06,
                4.95393169331e-06,
