{
    "lowlevel": {
        "average_loudness": 0.937952339649,
        "barkbands": {
            "dmean": [
                0.00148123817053,
                0.0144769037142,
                0.00428366148844,
                0.00238473922946,
                0.00162039301358,
                0.000564514251892,
                0.000858610554133,
                0.000605364679359,
                0.00114963704254,
                0.00119404634461,
                0.000826427305583,
                0.000425820646342,
                0.000452762353234,
                0.000600249913987,
                0.000707034836523,
                0.000630917900708,
                0.000340586499078,
                0.000411342742154,
                0.000318907987094,
                0.000270747899776,
                0.000148249309859,
                0.000151125772391,
                0.000164173543453,
                0.000171895517269,
                0.000108338339487,
                4.92857143399e-05,
                4.37309718109e-05
            ],
            "dmean2": [
                0.00192164443433,
                0.0207400750369,
                0.00775144807994,
                0.00420052697882,
                0.00278094713576,
                0.000912743562367,
                0.00142736302223,
                0.000973312358838,
                0.00180862948764,
                0.00185750622768,
                0.00132760440465,
                0.000715977628715,
                0.000737216614652,
                0.000991856562905,
                0.00112236267887,
                0.00103585107718,
                0.000568829011172,
                0.000655653129797,
                0.000528630102053,
                0.000444402074208,
                0.000244025693974,
                0.000249358941801,
                0.000264177273493,
                0.000266020564595,
                0.000174427303136,
                7.79666079325e-05,
                7.85416414146e-05
            ],
            "dvar": [
                5.42531324754e-06,
                0.000499816553202,
                0.000135268797749,
                2.52269583143e-05,
                8.36920571601e-06,
                1.31839090045e-06,
                4.00978024118e-06,
                2.10417579183e-06,
                4.81820279674e-06,
                5.73950819671e-06,
                1.91965546037e-06,
                5.59969521419e-07,
                6.72856515394e-07,
                1.01375019312e-06,
                2.01850525627e-06,
                1.8391139065e-06,
                3.02461387491e-07,
                4.82909626953e-07,
                3.55796174745e-07,
                1.67651805327e-07,
                5.55304069394e-08,
                1.20946751281e-07,
                1.18963484397e-07,
                1.29446092956e-07,
                4.58486404398e-08,
                7.8219857258e-09,
                3.17996793342e-08
            ],
            "dvar2": [
                1.0063578884e-05,
                0.000921103986911,
                0.000383281090762,
                6.64651015541e-05,
                2.22931430471e-05,
                3.15461761602e-06,
                1.07267051135e-05,
                5.02447028339e-06,
                1.14530184874e-05,
                1.27451803564e-05,
                4.48452192359e-06,
                1.46497666265e-06,
                1.59841476943e-06,
                2.48485685006e-06,
                4.85442706122e-06,
                4.48055061497e-06,
                7.64225319472e-07,
                1.17705531011e-06,
                8.94278230135e-07,
                4.18469142005e-07,
                1.32799101493e-07,
                3.22841515299e-07,
                2.93005655294e-07,
                2.80985034351e-07,
                1.11976383721e-07,
                1.84541537607e-08,
                9.1821704018e-08
            ],
            "max": [
                0.0516406260431,
                0.244327604771,
                0.0955039560795,
                0.0404326319695,
                0.0396682173014,
                0.0280344933271,
                0.0504861027002,
                0.0349714532495,
                0.0543513223529,
                0.0493429303169,
                0.036680623889,
                0.01333952602,
                0.0168399401009,
                0.0156250111759,
                0.0409753061831,
                0.0257828924805,
                0.0108351698145,
                0.0114645976573,
                0.0178423468024,
                0.00979995913804,
                0.00571925146505,
                0.00554838310927,
                0.00882276985794,
                0.00813709199429,
                0.00484179798514,
                0.00197790213861,
                0.00263524777256
            ],
            "mean": [
                0.00393136870116,
                0.0410927720368,
                0.00352742243558,
                0.00214146403596,
                0.00204408192076,
                0.000867243506946,
                0.00118687644135,
                0.00085186411161,
                0.00185866851825,
                0.00201801443473,
                0.00122569559608,
                0.000604329572525,
                0.000698507355992,
                0.000952463888098,
                0.00110535125714,
                0.000930613430683,
                0.000515844323672,
                0.000704915670212,
                0.000492267019581,
                0.000448504200904,
                0.000268736097496,
                0.000243581380346,
                0.000276488135569,
                0.000296772224829,
                0.000195996632101,
                0.000101786972664,
                4.6636127081e-05
            ],
            "median": [
                0.00170337688178,
                0.0192495305091,
                0.000757041270845,
                0.000537226675078,
                0.000860314641614,
                0.000388098764233,
                0.000436999602243,
                0.000262909161393,
                0.000653639901429,
                0.000507775053848,
                0.000517541368026,
                0.00029690732481,
                0.000338862766512,
                0.000483624869958,
                0.000396679737605,
                0.000357560580596,
                0.000261724489974,
                0.000374419469154,
                0.000245524424827,
                0.0002686358348,
                0.000152444350533,
                0.000143687284435,
                0.000143830868183,
                0.000150598643813,
                0.000111489142,
                4.61759700556e-05,
                1.28601950564e-05
            ],
            "min": [
                4.42718288696e-08,
                2.67730627002e-07,
                3.03140872404e-08,
                1.60015538597e-08,
                2.08020821901e-07,
                2.04448696195e-07,
                1.17390925425e-07,
                1.84734361142e-07,
                2.1614462753e-07,
                1.86310529671e-07,
                3.07975653868e-07,
                3.96613160092e-07,
                8.1403106833e-07,
                4.64094313202e-07,
                2.51412757279e-07,
                8.00817616664e-08,
                4.07215701159e-08,
                3.0152438768e-08,
                5.76208805114e-08,
                4.78534545323e-08,
                1.737211619e-08,
                2.26422791627e-08,
                7.45066319752e-09,
                2.10197086403e-08,
                9.55263512736e-09,
                5.66857538686e-09,
                2.83574852489e-09
            ],
            "var": [
                2.97706756101e-05,
                0.0021760344971,
                8.44347814564e-05,
                2.02606079256e-05,
                1.07347905214e-05,
                2.6203069865e-06,
                4.91213359055e-06,
                3.51665789822e-06,
                1.13916639748e-05,
                1.79680773726e-05,
                3.85208613807e-06,
                8.51188019624e-07,
                1.29111856495e-06,
                1.97524104806e-06,
                4.14612168242e-06,
                3.28385385728e-06,
                5.16622435498e-07,
                9.19486581097e-07,
                5.68130587908e-07,
                2.98028567158e-07,
                1.52115589458e-07,
                1.22118123613e-07,
                1.84834320294e-07,
                2.43623588858e-07,
                7.04620148895e-08,
                2.04538732618e-08,
                2.07644710315e-08
            ]
        },
        "barkbands_crest": {
            "dmean": 2.83634781837,
            "dmean2": 4.28797864914,
            "dvar": 10.4661083221,
            "dvar2": 18.7535076141,
            "max": 26.3714389801,
            "mean": 13.7361068726,
            "median": 12.1553249359,
            "min": 1.98784029484,
            "var": 46.5481872559
        },
        "barkbands_flatness_db": {
            "dmean": 0.0288795884699,
            "dmean2": 0.042948409915,
            "dvar": 0.0011767228134,
            "dvar2": 0.00227617705241,
            "max": 0.503722548485,
            "mean": 0.133972898126,
            "median": 0.116495236754,
            "min": 0.0162274613976,
            "var": 0.00523278862238
        },
        "barkbands_kurtosis": {
            "dmean": 9.04608821869,
            "dmean2": 13.4426383972,
            "dvar": 1022.15203857,
            "dvar2": 1676.84375,
            "max": 1192.99401855,
            "mean": 14.3299779892,
            "median": 2.27643585205,
            "min": -1.95628201962,
            "var": 2522.12573242
        },
        "barkbands_skewness": {
            "dmean": 0.910067796707,
            "dmean2": 1.3244997263,
            "dvar": 1.65903186798,
            "dvar2": 2.88090133667,
            "max": 28.6088275909,
            "mean": 2.41810059547,
            "median": 1.6910507679,
            "min": -6.76582527161,
            "var": 7.35533046722
        },
        "barkbands_spread": {
            "dmean": 7.88611698151,
            "dmean2": 12.4665288925,
            "dvar": 88.5300827026,
            "dvar2": 201.649261475,
            "max": 121.020675659,
            "mean": 25.5519714355,
            "median": 24.3376407623,
            "min": 0.294049590826,
            "var": 236.637863159
        },
        "dissonance": {
            "dmean": 0.0148150157183,
            "dmean2": 0.0252670757473,
            "dvar": 0.000196011547814,
            "dvar2": 0.000530280580278,
            "max": 0.499999940395,
            "mean": 0.475769996643,
            "median": 0.479903310537,
            "min": 0.318790495396,
            "var": 0.000334667594871
        },
        "dynamic_complexity": 1.45576512814,
        "erbbands": {
            "dmean": [
                0.619757533073,
                3.06212568283,
                5.53264093399,
                6.5253739357,
                6.46131467819,
                5.1896238327,
                4.6394405365,
                5.38740205765,
                9.19576454163,
                15.2807540894,
                12.0352268219,
                28.7968349457,
                33.8390922546,
                33.5198631287,
                26.0892601013,
                15.8734703064,
                20.0513935089,
                26.6170959473,
                31.6694755554,
                34.3177452087,
                26.6325340271,
                18.4137401581,
                24.314535141,
                15.5472955704,
                15.971663475,
                12.0255498886,
                7.01253128052,
                5.51656770706,
                5.32597351074,
                5.30860090256,
                4.72591733932,
                3.73086571693,
                2.87610173225,
                1.41702055931,
                0.734907746315,
                0.292611867189,
                0.0743770748377,
                0.0330821871758,
                0.00690246745944,
                0.000425356032792
            ],
            "dmean2": [
                0.783875823021,
                4.57173442841,
                9.71970748901,
                11.174120903,
                11.5463685989,
                8.75851917267,
                7.65602684021,
                8.70022201538,
                15.1865711212,
                25.1091690063,
                19.4203109741,
                45.1689987183,
                53.38048172,
                52.3095397949,
                42.7673301697,
                26.7159843445,
                32.6160736084,
                44.3944206238,
                50.0424003601,
                55.3392677307,
                44.2528877258,
                30.5399608612,
                38.9555091858,
                25.5227832794,
                26.4923744202,
                19.5990104675,
                11.4882202148,
                9.0841255188,
                8.74442481995,
                8.62569904327,
                7.66549158096,
                5.85880947113,
                4.47908973694,
                2.25960040092,
                1.19252133369,
                0.472913444042,
                0.116058200598,
                0.0575823001564,
                0.012332258746,
                0.000753046944737
            ],
            "dvar": [
                0.817395687103,
                28.5872421265,
                216.856674194,
                195.938644409,
                162.892578125,
                94.0207519531,
                93.1016769409,
                128.957870483,
                309.479125977,
                1674.3001709,
                900.778198242,
                3129.89404297,
                4770.83398438,
                4002.98168945,
                1935.79199219,
                709.345581055,
                1449.81347656,
                2134.99023438,
                3431.22485352,
                4733.34863281,
                2426.33227539,
                894.121765137,
                1975.46923828,
                644.921447754,
                960.566833496,
                317.194854736,
                117.522735596,
                90.4840393066,
                132.618835449,
                128.071838379,
                111.587623596,
                58.2118415833,
                41.3032455444,
                8.34181499481,
                1.95148956776,
                0.291461199522,
                0.0181234199554,
                0.0101462230086,
                0.00081097218208,
                3.49217043549e-06
            ],
            "dvar2": [
                1.24526965618,
                60.6605300903,
                600.359130859,
                525.160766602,
                456.261993408,
                235.999237061,
                233.904663086,
                297.712432861,
                788.579040527,
                4426.84179688,
                2272.35131836,
                7246.52392578,
                11381.1738281,
                8875.72558594,
                4639.02392578,
                1882.91455078,
                3402.73120117,
                5397.94921875,
                8293.296875,
                12093.2314453,
                6031.83398438,
                2245.99291992,
                4874.88232422,
                1615.5456543,
                2397.19750977,
                768.807922363,
                271.19619751,
                225.859481812,
                349.157226562,
                326.681152344,
                279.580718994,
                133.528900146,
                88.2574310303,
                19.7358779907,
                4.92326164246,
                0.708643853664,
                0.0423106066883,
                0.0288256052881,
                0.00233908579685,
                1.00606675915e-05
            ],
            "max": [
                11.3463869095,
                59.2081794739,
                131.575286865,
                115.263916016,
                112.238700867,
                176.736572266,
                288.871673584,
                348.52835083,
                290.879547119,
                1015.56402588,
                822.118591309,
                1078.06115723,
                1452.01318359,
                1362.56311035,
                1370.6295166,
                508.974975586,
                834.37701416,
                889.633605957,
                1255.73364258,
                1561.0324707,
                1063.89770508,
                522.865905762,
                753.354736328,
                530.380371094,
                1006.56939697,
                338.527496338,
                284.796478271,
                173.010848999,
                170.964401245,
                323.860687256,
                245.069442749,
                186.008499146,
                180.267532349,
                59.9959869385,
                28.9779109955,
                12.3027896881,
                2.72407484055,
                1.32806825638,
                0.437393248081,
                0.0281029120088
            ],
            "mean": [
                1.80844092369,
                6.63301706314,
                5.43448638916,
                5.98899888992,
                6.53256130219,
                6.88371181488,
                6.2761554718,
                8.30724906921,
                13.5231752396,
                22.0234413147,
                18.1129608154,
                46.5451812744,
                60.1137924194,
                56.0568466187,
                40.0398254395,
                24.3724632263,
                32.5669975281,
                45.1625938416,
                57.0812644958,
                56.1689910889,
                41.9471168518,
                30.5183258057,
                41.0395355225,
                26.7106685638,
                25.473241806,
                20.3004989624,
                13.1474027634,
                9.31494808197,
                8.57736110687,
                8.90692996979,
                7.82290506363,
                6.25317811966,
                4.83099365234,
                2.50621914864,
                1.27419090271,
                0.532290995121,
                0.15914003551,
                0.0518585219979,
                0.00713405199349,
                0.000503114424646
            ],
            "median": [
                0.648533284664,
                2.84279966354,
                1.82195699215,
                1.59001326561,
                2.46560931206,
                2.57602596283,
                2.84571266174,
                3.66027331352,
                5.84358453751,
                7.35298252106,
                7.69928646088,
                16.5768737793,
                20.1332645416,
                19.4736042023,
                20.4253025055,
                13.5857944489,
                17.6557064056,
                27.8821849823,
                26.7124977112,
                24.6851882935,
                19.2169399261,
                16.5652236938,
                21.5879878998,
                14.3486795425,
                13.6606054306,
                12.2380743027,
                7.63184499741,
                5.35401344299,
                4.9929690361,
                4.96396684647,
                4.0793170929,
                3.09928607941,
                2.51345181465,
                1.35572385788,
                0.727327108383,
                0.269496738911,
                0.0679643005133,
                0.0142655279487,
                0.00202552252449,
                0.000211626378587
            ],
            "min": [
                1.53448654601e-05,
                6.88473228365e-05,
                8.0484249338e-05,
                0.000135722628329,
                0.000120718330436,
                0.000380639685318,
                0.00100298796315,
                0.00242491508834,
                0.00176186941098,
                0.00289452611469,
                0.00727802049369,
                0.0104794735089,
                0.0109150232747,
                0.0113947866485,
                0.0132174035534,
                0.0134662734345,
                0.0392023697495,
                0.0274863298982,
                0.032551843673,
                0.00573779689148,
                0.00290080928244,
                0.00247416319326,
                0.00166087644175,
                0.00212472677231,
                0.00330348894931,
                0.00251077231951,
                0.000742211355828,
                0.000960374367423,
                0.000921360566281,
                0.000573969911784,
                0.000323518557707,
                0.000592667842284,
                0.000254062499152,
                0.000117921721539,
                6.80843149894e-05,
                2.93214743579e-05,
                1.04203427327e-05,
                4.57324040326e-06,
                8.13858434867e-07,
                9.45313090028e-08
            ],
            "var": [
                4.65073823929,
                72.306060791,
                151.127761841,
                155.563964844,
                127.055969238,
                162.915557861,
                137.049087524,
                278.611846924,
                483.592590332,
                2158.66503906,
                1188.14221191,
                7918.00927734,
                12598.2714844,
                9396.25292969,
                3620.8203125,
                1108.17468262,
                2501.97290039,
                3712.98632812,
                7981.22998047,
                8230.33007812,
                4122.65625,
                1559.38891602,
                3470.43945312,
                1276.45397949,
                1500.10241699,
                577.662963867,
                366.932220459,
                149.922515869,
                143.658157349,
                168.61100769,
                159.292999268,
                102.004669189,
                74.1715545654,
                13.4436130524,
                2.85281276703,
                0.526350796223,
                0.0557085089386,
                0.0123547613621,
                0.000515156949405,
                2.24230689128e-06
            ]
        },
        "erbbands_crest": {
            "dmean": 2.75896644592,
            "dmean2": 4.45327425003,
            "dvar": 6.83603191376,
            "dvar2": 16.7580490112,
            "max": 28.9017028809,
            "mean": 8.63061332703,
            "median": 7.54581260681,
            "min": 2.29456019402,
            "var": 16.7698516846
        },
        "erbbands_flatness_db": {
            "dmean": 0.0172228999436,
            "dmean2": 0.0250663124025,
            "dvar": 0.000271251192316,
            "dvar2": 0.000555382168386,
            "max": 0.297802656889,
            "mean": 0.121798045933,
            "median": 0.119996972382,
            "min": 0.0373886600137,
            "var": 0.00119694008026
        },
        "erbbands_kurtosis": {
            "dmean": 0.863379001617,
            "dmean2": 1.36996173859,
            "dvar": 1.3735973835,
            "dvar2": 3.16326403618,
            "max": 32.292339325,
            "mean": 0.442874163389,
            "median": 0.0705282688141,
            "min": -1.86298549175,
            "var": 2.65043783188
        },
        "erbbands_skewness": {
            "dmean": 0.377386599779,
            "dmean2": 0.581623852253,
            "dvar": 0.131770938635,
            "dvar2": 0.310466319323,
            "max": 3.76022553444,
            "mean": 0.0417347922921,
            "median": 0.0560985989869,
            "min": -4.69974660873,
            "var": 0.4642560184
        },
        "erbbands_spread": {
            "dmean": 10.4369773865,
            "dmean2": 15.8696508408,
            "dvar": 139.353363037,
            "dvar2": 304.850463867,
            "max": 195.469146729,
            "mean": 43.0690765381,
            "median": 37.322265625,
            "min": 5.32022237778,
            "var": 502.306549072
        },
        "gfcc": {
            "cov": [
                [
                    1965.875,
                    -360.863372803,
                    -78.568611145,
                    -166.958633423,
                    -239.779785156,
                    -81.001373291,
                    -94.5771026611,
                    19.7940483093,
                    -77.3357009888,
                    -48.3717956543,
                    -170.946395874,
                    -29.003408432,
                    -92.6549530029
                ],
                [
                    -360.863372803,
                    734.657775879,
                    -102.891860962,
                    48.5908622742,
                    172.150588989,
                    -27.1855220795,
                    86.6669235229,
                    30.6995429993,
                    68.5590362549,
                    -26.0061569214,
                    81.1499099731,
                    -40.942035675,
                    41.5192680359
                ],
                [
                    -78.568611145,
                    -102.891860962,
                    721.498596191,
                    185.934463501,
                    91.039352417,
                    123.529075623,
                    62.0078659058,
                    -14.8456392288,
                    -11.247838974,
                    43.0265693665,
                    6.72585582733,
                    29.8921165466,
                    -16.9841690063
                ],
                [
                    -166.958633423,
                    48.5908622742,
                    185.934463501,
                    372.043365479,
                    67.4975585938,
                    43.4872703552,
                    -26.0408573151,
                    21.0702877045,
                    48.2724609375,
                    35.55052948,
                    81.0873794556,
                    44.5075149536,
                    54.895236969
                ],
                [
                    -239.779785156,
                    172.150588989,
                    91.039352417,
                    67.4975585938,
                    314.430908203,
                    79.3538665771,
                    144.822052002,
                    45.2855148315,
                    72.5920715332,
                    22.7226161957,
                    60.2711448669,
                    33.3240814209,
                    49.1296195984
                ],
                [
                    -81.001373291,
                    -27.1855220795,
                    123.529075623,
                    43.4872703552,
                    79.3538665771,
                    231.587493896,
                    134.622589111,
                    41.1352233887,
                    27.4720420837,
                    38.9987754822,
                    14.6790180206,
                    28.3985042572,
                    24.7126674652
                ],
                [
                    -94.5771026611,
                    86.6669235229,
                    62.0078659058,
                    -26.0408573151,
                    144.822052002,
                    134.622589111,
                    260.201751709,
                    67.3436050415,
                    58.3797721863,
                    29.2193927765,
                    26.0750083923,
                    21.6720981598,
                    32.8059921265
                ],
                [
                    19.7940483093,
                    30.6995429993,
                    -14.8456392288,
                    21.0702877045,
                    45.2855148315,
                    41.1352233887,
                    67.3436050415,
                    151.255142212,
                    78.9478607178,
                    28.6030158997,
                    31.8615322113,
                    23.1783409119,
                    30.5533981323
                ],
                [
                    -77.3357009888,
                    68.5590362549,
                    -11.247838974,
                    48.2724609375,
                    72.5920715332,
                    27.4720420837,
                    58.3797721863,
                    78.9478607178,
                    159.472305298,
                    64.2481155396,
                    61.8201370239,
                    30.1272563934,
                    44.5682601929
                ],
                [
                    -48.3717956543,
                    -26.0061569214,
                    43.0265693665,
                    35.55052948,
                    22.7226161957,
                    38.9987754822,
                    29.2193927765,
                    28.6030158997,
                    64.2481155396,
                    111.769355774,
                    56.7198677063,
                    36.096282959,
                    14.1350317001
                ],
                [
                    -170.946395874,
                    81.1499099731,
                    6.72585582733,
                    81.0873794556,
                    60.2711448669,
                    14.6790180206,
                    26.0750083923,
                    31.8615322113,
                    61.8201370239,
                    56.7198677063,
                    144.146759033,
                    56.0423660278,
                    40.6791000366
                ],
                [
                    -29.003408432,
                    -40.942035675,
                    29.8921165466,
                    44.5075149536,
                    33.3240814209,
                    28.3985042572,
                    21.6720981598,
                    23.1783409119,
                    30.1272563934,
                    36.096282959,
                    56.0423660278,
                    96.3148269653,
                    51.1688690186
                ],
                [
                    -92.6549530029,
                    41.5192680359,
                    -16.9841690063,
                    54.895236969,
                    49.1296195984,
                    24.7126674652,
                    32.8059921265,
                    30.5533981323,
                    44.5682601929,
                    14.1350317001,
                    40.6791000366,
                    51.1688690186,
                    101.845970154
                ]
            ],
            "icov": [
                [
                    0.000659551296849,
                    0.000176598725375,
                    3.07211557811e-05,
                    4.73566833534e-05,
                    0.00027863192372,
                    0.000193024388864,
                    -5.92477808823e-05,
                    -0.000389386666939,
                    -2.63492511294e-05,
                    5.88834154769e-05,
                    0.000647686189041,
                    -0.000415578717366,
                    0.000415740767494
                ],
                [
                    0.000176598725375,
                    0.00215222290717,
                    0.000283564266283,
                    -0.00021530748927,
                    -0.000809317221865,
                    0.000599316786975,
                    -0.000597816659138,
                    4.82319701405e-05,
                    -0.000370188878151,
                    0.000949505367316,
                    -0.00137582235038,
                    0.00208364031278,
                    -0.000597415666562
                ],
                [
                    3.07211557811e-05,
                    0.000283564266283,
                    0.00201260042377,
                    -0.00118054961786,
                    -0.000487774639623,
                    -0.000504652387463,
                    -0.000446631747764,
                    0.000373120390577,
                    0.000441921758465,
                    -0.000563159468584,
                    0.000604283821303,
                    -0.000528176838998,
                    0.00118275324348
                ],
                [
                    4.73566833534e-05,
                    -0.00021530748927,
                    -0.00118054961786,
                    0.00431645149365,
                    -0.000416954542743,
                    -0.000904956192244,
                    0.00204447610304,
                    -0.000323265965562,
                    -0.000516098982189,
                    0.00029865372926,
                    -0.00174777151551,
                    0.000364086998161,
                    -0.00183388241567
                ],
                [
                    0.00027863192372,
                    -0.000809317221865,
                    -0.000487774639623,
                    -0.000416954542743,
                    0.00554225733504,
                    -7.4097981269e-05,
                    -0.00235988129862,
                    0.00026739234454,
                    -0.00119974464178,
                    0.000887208676431,
                    -0.000271411059657,
                    -0.00102590804454,
                    -0.000223091308726
                ],
                [
                    0.000193024388864,
                    0.000599316786975,
                    -0.000504652387463,
                    -0.000904956192244,
                    -7.4097981269e-05,
                    0.00741551164538,
                    -0.00378013472073,
                    -0.000666519685183,
                    0.00100762664806,
                    -0.0016367189819,
                    0.000988602871075,
                    -0.000286344002234,
                    -0.000475911510875
                ],
                [
                    -5.92477808823e-05,
                    -0.000597816659138,
                    -0.000446631747764,
                    0.00204447610304,
                    -0.00235988129862,
                    -0.00378013472073,
                    0.00828185956925,
                    -0.00163410743698,
                    -0.000613866490312,
                    -0.000106620303995,
                    -0.000141613301821,
                    0.000143702782225,
                    -0.000840705877636
                ],
                [
                    -0.000389386666939,
                    4.82319701405e-05,
                    0.000373120390577,
                    -0.000323265965562,
                    0.00026739234454,
                    -0.000666519685183,
                    -0.00163410743698,
                    0.00993091892451,
                    -0.00438323942944,
                    0.000796936335973,
                    -0.000416912458604,
                    -0.000486109551275,
                    -0.000339301885106
                ],
                [
                    -2.63492511294e-05,
                    -0.000370188878151,
                    0.000441921758465,
                    -0.000516098982189,
                    -0.00119974464178,
                    0.00100762664806,
                    -0.000613866490312,
                    -0.00438323942944,
                    0.0125717492774,
                    -0.0057903341949,
                    -0.0010082005756,
                    0.00152442639228,
                    -0.00273526809178
                ],
                [
                    5.88834154769e-05,
                    0.000949505367316,
                    -0.000563159468584,
                    0.00029865372926,
                    0.000887208676431,
                    -0.0016367189819,
                    -0.000106620303995,
                    0.000796936335973,
                    -0.0057903341949,
                    0.0155162503943,
                    -0.00439463090152,
                    -0.00228855712339,
                    0.00246152793989
                ],
                [
                    0.000647686189041,
                    -0.00137582235038,
                    0.000604283821303,
                    -0.00174777151551,
                    -0.000271411059657,
                    0.000988602871075,
                    -0.000141613301821,
                    -0.000416912458604,
                    -0.0010082005756,
                    -0.00439463090152,
                    0.013988330029,
                    -0.00654772669077,
                    0.00100827065762
                ],
                [
                    -0.000415578717366,
                    0.00208364031278,
                    -0.000528176838998,
                    0.000364086998161,
                    -0.00102590804454,
                    -0.000286344002234,
                    0.000143702782225,
                    -0.000486109551275,
                    0.00152442639228,
                    -0.00228855712339,
                    -0.00654772669077,
                    0.0205984376371,
                    -0.00893106032163
                ],
                [
                    0.000415740767494,
                    -0.000597415666562,
                    0.00118275324348,
                    -0.00183388241567,
                    -0.000223091308726,
                    -0.000475911510875,
                    -0.000840705877636,
                    -0.000339301885106,
                    -0.00273526809178,
                    0.00246152793989,
                    0.00100827065762,
                    -0.00893106032163,
                    0.0171616189182
                ]
            ],
            "mean": [
                55.4665985107,
                59.692779541,
                -102.920227051,
                32.4026527405,
                -38.203666687,
                27.9468631744,
                -24.6774864197,
                19.8070144653,
                -14.2054281235,
                6.33677530289,
                -11.1670837402,
                2.18535447121,
                -6.4238243103
            ]
        },
        "hfc": {
            "dmean": 10.3002128601,
            "dmean2": 16.2142391205,
            "dvar": 194.773208618,
            "dvar2": 487.247253418,
            "max": 160.620300293,
            "mean": 34.5688972473,
            "median": 30.7127113342,
            "min": 0.00955571606755,
            "var": 401.42376709
        },
        "melbands": {
            "dmean": [
                0.00459628552198,
                0.00318428454921,
                0.00111215922516,
                0.000401706347475,
                0.000176269095391,
                0.000117319941637,
                0.000151497442857,
                0.000161263335031,
                0.000100905868749,
                0.000194359468878,
                0.000174443339347,
                0.000143372555613,
                9.37913282542e-05,
                5.36128936801e-05,
                3.56848104275e-05,
                5.52837227588e-05,
                5.49598480575e-05,
                5.29156786797e-05,
                5.7554232626e-05,
                5.31245641469e-05,
                2.97591304843e-05,
                2.21626432904e-05,
                2.06646018341e-05,
                1.9317949409e-05,
                1.33833354994e-05,
                1.21161638162e-05,
                1.15671109597e-05,
                8.32775640447e-06,
                4.80288599647e-06,
