{
    "lowlevel": {
        "average_loudness": 0.861799716949,
        "barkbands": {
            "dmean": [
                0.000862096785568,
                0.00433221599087,
                0.0018140359316,
                0.000979071715847,
                0.00163872039411,
                0.00143931421917,
                0.000969269312918,
                0.000508113647811,
                0.0014577122638,
                0.00129580055363,
                0.00109467050061,
                0.000675373594277,
                0.000737889262382,
                0.00052958104061,
                0.000222581598791,
                0.0002198273869,
                0.000116740964586,
                0.000165184595971,
                7.31320833438e-05,
                8.32623700262e-05,
                0.000184418779099,
                0.00011443002586,
                7.96234307927e-05,
                9.74932336248e-05,
                7.08254665369e-05,
                2.33002028835e-05,
                2.29865190704e-06
            ],
            "dmean2": [
                0.00131718616467,
                0.00664997147396,
                0.00308582372963,
                0.00177529652137,
                0.00280564674176,
                0.0023390268907,
                0.00157126481645,
                0.00079901679419,
                0.00221790326759,
                0.00205077859573,
                0.00171196076553,
                0.00106777029578,
                0.00118522311095,
                0.000853231758811,
                0.00036025288864,
                0.000365994375898,
                0.000187604979146,
                0.000253214297118,
                0.000110421206045,
                0.000120074430015,
                0.000224218005314,
                0.00014473144256,
                0.000110572203994,
                0.000139566327562,
                9.71226545516e-05,
                3.29903523379e-05,
                3.06477818413e-06
            ],
            "dvar": [
                4.36544814875e-06,
                9.01469829842e-05,
                0.000103138008853,
                2.49361328315e-05,
                3.38019417541e-05,
                5.80687310503e-06,
                3.77194646717e-06,
                1.03199749901e-06,
                7.98995552032e-06,
                9.60711895459e-06,
                8.46877173899e-06,
                2.87150487566e-06,
                3.68996757061e-06,
                1.46226523157e-06,
                2.86587464871e-07,
                6.06107846579e-07,
                9.9185129443e-08,
                1.40533771287e-07,
                5.41685984956e-08,
                9.5846345971e-08,
                6.92935770985e-07,
                2.23366711793e-07,
                6.20492386361e-08,
                9.78877565672e-08,
                6.10901551568e-08,
                6.77860967357e-09,
                7.80621817187e-11
            ],
            "dvar2": [
                1.03392085293e-05,
                0.000229951299843,
                0.000273702840786,
                7.33405977371e-05,
                9.18757141335e-05,
                1.52576712935e-05,
                9.79441210802e-06,
                2.37726203522e-06,
                1.79984544957e-05,
                2.24917039304e-05,
                2.02301744139e-05,
                6.53732104183e-06,
                8.9346049208e-06,
                3.44899922311e-06,
                6.77716570863e-07,
                1.72114789621e-06,
                2.34491508877e-07,
                2.90703724204e-07,
                1.20109049817e-07,
                1.83919709684e-07,
                9.35907394251e-07,
                2.72982902061e-07,
                1.07990345555e-07,
                1.94113397356e-07,
                1.06085735752e-07,
                1.11550644277e-08,
                1.2831170848e-10
            ],
            "max": [
                0.0432362407446,
                0.138886451721,
                0.154911532998,
                0.0916938185692,
                0.123936235905,
                0.0349913872778,
                0.0334883406758,
                0.0190456174314,
                0.0592342540622,
                0.0805516019464,
                0.0770674794912,
                0.0513719879091,
                0.0601093024015,
                0.0200823247433,
                0.0154047356918,
                0.0257885567844,
                0.00842651166022,
                0.013291391544,
                0.00496320379898,
                0.00640681618825,
                0.0191227532923,
                0.0102522484958,
                0.0094150705263,
                0.00749242585152,
                0.00752774300054,
                0.00387760740705,
                0.000189215905266
            ],
            "mean": [
                0.00361878052354,
                0.0231892950833,
                0.00215631653555,
                0.00111109565478,
                0.00235377787612,
                0.00293700234033,
                0.00177694635931,
                0.000909574388061,
                0.00308951176703,
                0.00225344859064,
                0.0018703561509,
                0.00107567664236,
                0.00112601846922,
                0.000815005798358,
                0.000346530345269,
                0.000345990323694,
                0.0002138762502,
                0.000333963020239,
                0.000127078732476,
                0.000150053048856,
                0.000293404911645,
                0.000193713232875,
                0.000136221467983,
                0.0001661691349,
                0.000117870506074,
                4.00137178076e-05,
                3.45430203197e-06
            ],
            "median": [
                0.000549054937437,
                0.00796706229448,
                0.000402338395361,
                0.000386836647522,
                0.000843125162646,
                0.00160381454043,
                0.000984216574579,
                0.000352740404196,
                0.0009675626643,
                0.000540651613846,
                0.000319906044751,
                0.000298523460515,
                0.000309922615997,
                0.000210522615816,
                9.45680076256e-05,
                7.04762642272e-05,
                5.82570974075e-05,
                9.78349999059e-05,
                3.55154188583e-05,
                2.80277527054e-05,
                2.96832422464e-05,
                1.47089212987e-05,
                1.51047643158e-05,
                1.63490185514e-05,
                1.03515649243e-05,
                5.02639613842e-06,
                3.42200905834e-07
            ],
            "min": [
                9.39978413441e-24,
                5.10817507508e-23,
                2.49964114672e-23,
                2.36814150481e-23,
                5.03599871988e-23,
                1.10600406748e-22,
                2.71409992578e-23,
                4.14390432115e-23,
                5.34012258487e-23,
                6.56435897912e-23,
                5.13939124774e-23,
                2.97043522823e-23,
                1.43453787635e-22,
                7.68508798737e-23,
                2.23595441795e-22,
                8.57205163477e-23,
                1.87163447055e-22,
                1.02789793952e-22,
                2.09453096896e-22,
                4.59137494113e-22,
                3.80514163692e-22,
                5.46700044851e-22,
                5.24137108349e-22,
                1.02049177255e-21,
                1.14836892732e-21,
                2.0122715325e-21,
                2.45475439324e-21
            ],
            "var": [
                3.51205999323e-05,
                0.000755920947995,
                7.71830891608e-05,
                1.60387153301e-05,
                3.19725986628e-05,
                1.38710138344e-05,
                6.21469189355e-06,
                2.56675502897e-06,
                2.71766857622e-05,
                2.55517625192e-05,
                2.32442562265e-05,
                6.17197929387e-06,
                7.06315177013e-06,
                2.85665964839e-06,
                5.882763503e-07,
                1.01721457213e-06,
                2.43459879812e-07,
                4.16748946463e-07,
                1.18422391893e-07,
                2.81304210148e-07,
                1.81906000307e-06,
                6.71848795264e-07,
                1.5450484625e-07,
                2.32007494105e-07,
                1.54207185687e-07,
                1.68082543439e-08,
                1.50999476811e-10
            ]
        },
        "barkbands_crest": {
            "dmean": 2.07886457443,
            "dmean2": 3.35056376457,
            "dvar": 4.80107450485,
            "dvar2": 12.6588687897,
            "max": 25.2494125366,
            "mean": 12.9925355911,
            "median": 12.5478191376,
            "min": 2.68759512901,
            "var": 23.3223991394
        },
        "barkbands_flatness_db": {
            "dmean": 0.0190401226282,
            "dmean2": 0.0281663313508,
            "dvar": 0.000448671344202,
            "dvar2": 0.000843227258883,
            "max": 0.563626885414,
            "mean": 0.205210402608,
            "median": 0.184370592237,
            "min": 0.0340185761452,
            "var": 0.00902743171901
        },
        "barkbands_kurtosis": {
            "dmean": 3.3776717186,
            "dmean2": 5.29222202301,
            "dvar": 37.1560935974,
            "dvar2": 87.3696594238,
            "max": 161.957321167,
            "mean": 6.78807640076,
            "median": 2.73219156265,
            "min": -1.94390499592,
            "var": 134.637374878
        },
        "barkbands_skewness": {
            "dmean": 0.510412931442,
            "dmean2": 0.78598177433,
            "dvar": 0.310359656811,
            "dvar2": 0.689628124237,
            "max": 10.5933542252,
            "mean": 1.64379167557,
            "median": 1.45022344589,
            "min": -2.21256399155,
            "var": 2.48045921326
        },
        "barkbands_spread": {
            "dmean": 3.66971158981,
            "dmean2": 5.36462545395,
            "dvar": 39.1482849121,
            "dvar2": 68.621635437,
            "max": 108.638572693,
            "mean": 14.9703140259,
            "median": 11.9748725891,
            "min": 0.674681782722,
            "var": 168.941894531
        },
        "dissonance": {
            "dmean": 0.0318315215409,
            "dmean2": 0.0548424459994,
            "dvar": 0.00113548536319,
            "dvar2": 0.00311470706947,
            "max": 0.500000059605,
            "mean": 0.440345108509,
            "median": 0.453199744225,
            "min": 0.107566796243,
            "var": 0.0026402855292
        },
        "dynamic_complexity": 3.4676668644,
        "erbbands": {
            "dmean": [
                0.212351515889,
                0.766418099403,
                1.79891097546,
                2.61988401413,
                3.84534358978,
                6.35185670853,
                9.31111240387,
                13.000418663,
                13.9395713806,
                10.1426000595,
                16.3632316589,
                27.7466678619,
                38.3719558716,
                46.6868362427,
                25.1140670776,
                22.8912181854,
                30.9138622284,
                26.0275440216,
                17.0542221069,
                11.9477367401,
                8.48067855835,
                7.00918722153,
                9.80305290222,
                4.43074607849,
                3.21587991714,
                3.50986719131,
                5.36271953583,
                8.17123699188,
                4.60627222061,
                3.04700517654,
                2.21724867821,
                1.77812826633,
                1.75886046886,
                1.0655528307,
                0.363542675972,
                0.144662186503,
                0.0343102701008,
                0.00536261824891,
                0.000376886571757,
                2.24739069381e-05
            ],
            "dmean2": [
                0.32181251049,
                1.17411577702,
                3.00756955147,
                4.390583992,
                6.99704360962,
                10.8100662231,
                15.0120410919,
                21.6737518311,
                22.5690536499,
                16.8206691742,
                24.0552959442,
                42.7204322815,
                59.9702568054,
                73.8647155762,
                38.9715499878,
                36.2785606384,
                49.3793716431,
                41.5937232971,
                27.4579200745,
                19.3810501099,
                13.8602933884,
                10.9445848465,
                14.9619464874,
                6.5101723671,
                4.67100811005,
                4.81452560425,
                6.83339834213,
                10.4218187332,
                5.89843225479,
                3.72302746773,
                3.08609843254,
                2.52465724945,
                2.52370095253,
                1.46627378464,
                0.504692256451,
                0.208288639784,
                0.0480180196464,
                0.00743419630453,
                0.000484729738673,
                3.00382871501e-05
            ],
            "dvar": [
                0.200133770704,
                4.15068435669,
                85.6194915771,
                173.675491333,
                236.335296631,
                658.401306152,
                478.453552246,
                523.336303711,
                802.653503418,
                414.096954346,
                1221.97998047,
                3183.59570312,
                6489.20556641,
                11405.2460938,
                4447.01660156,
                3483.80566406,
                6560.51904297,
                3547.85522461,
                1419.56811523,
                1079.55212402,
                643.716369629,
                345.607055664,
                536.830871582,
                132.754623413,
                123.364082336,
                188.738189697,
                610.721374512,
                1681.84643555,
                406.184082031,
                114.260917664,
                51.5815124512,
                41.8504219055,
                29.0155735016,
                13.7282361984,
                1.83774805069,
                0.273070186377,
                0.0172140151262,
                0.000322742096614,
                2.32593106375e-06,
                5.61267166077e-09
            ],
            "dvar2": [
                0.485552996397,
                10.289478302,
                224.073120117,
                452.337646484,
                713.308288574,
                1704.04919434,
                1268.08666992,
                1408.03100586,
                2020.46557617,
                1130.95837402,
                2536.56005859,
                7235.47949219,
                15232.3740234,
                26982.1386719,
                10460.7480469,
                7947.98632812,
                15784.4912109,
                8369.79492188,
                3449.92358398,
                2818.36206055,
                1724.73815918,
                768.259033203,
                1129.55505371,
                244.978012085,
                248.692962646,
                315.749267578,
                743.623474121,
                2441.9699707,
                545.502807617,
                144.273986816,
                99.0922546387,
                83.044593811,
                60.0915336609,
                24.6862506866,
                3.16736221313,
                0.483150184155,
                0.0271746460348,
                0.000576373364311,
                3.68084511138e-06,
                9.50804945887e-09
            ],
            "max": [
                6.18913507462,
                31.4842853546,
                143.390670776,
                226.310165405,
                275.076721191,
                698.247070312,
                345.37109375,
                449.080627441,
                527.473205566,
                411.146759033,
                735.658813477,
                1369.5480957,
                1719.11254883,
                2075.12963867,
                2401.34765625,
                2428.54956055,
                2723.89306641,
                1156.33959961,
                853.849182129,
                909.127685547,
                600.881530762,
                555.340820312,
                894.08782959,
                243.942230225,
                307.036682129,
                321.831481934,
                906.962768555,
                1031.21569824,
                457.663452148,
                273.709564209,
                335.673583984,
                154.015960693,
                133.236373901,
                109.40473938,
                50.1392402649,
                18.8905086517,
                7.66726303101,
                0.797154009342,
                0.0334639698267,
                0.00233352510259
            ],
            "mean": [
                1.21157622337,
                3.08925223351,
                2.57881426811,
                3.40065979958,
                4.90839958191,
                8.75585746765,
                17.9656047821,
                24.6015853882,
                25.9860420227,
                18.1153450012,
                34.8783874512,
                57.8246536255,
                75.035118103,
                87.4850997925,
                46.9378929138,
                39.1559333801,
                51.1428718567,
                43.3602523804,
                29.4863567352,
                19.8057785034,
                14.9741926193,
                14.21022892,
                19.4727249146,
                9.54663562775,
                6.26922655106,
                6.65526390076,
                9.60911178589,
                12.2977466583,
                7.50835323334,
                5.19024801254,
                3.72392678261,
                2.97060656548,
                2.92477273941,
                1.74105930328,
                0.60108590126,
                0.241186618805,
                0.0582147650421,
                0.00884723104537,
                0.000614866439719,
                8.34654565551e-05
            ],
            "median": [
                0.365265130997,
                1.09433984756,
                1.20179450512,
                1.48542284966,
                2.04014587402,
                2.93639135361,
                8.08424282074,
                12.8314342499,
                14.5490264893,
                11.039680481,
                11.7970104218,
                19.1248645782,
                25.3114261627,
                21.7623100281,
                12.7726249695,
                13.0558109283,
                16.8078594208,
                14.9054994583,
                10.0464782715,
                6.04495239258,
                4.07124757767,
                4.07657909393,
                5.75671434402,
                3.11651945114,
                1.90710949898,
                1.21763706207,
                1.16483283043,
                0.999830245972,
                0.575480401516,
                0.500960707664,
                0.387025177479,
                0.26652815938,
                0.308903992176,
                0.152198940516,
                0.0563370510936,
                0.0263806134462,
                0.00701548904181,
                0.0011528164614,
                8.78131031641e-05,
                6.19249622105e-05
            ],
            "min": [
                2.37162920402e-21,
                8.56306094285e-21,
                2.48727216366e-20,
                4.65484483669e-20,
                1.06995999642e-19,
                2.12122713271e-19,
                4.97248251503e-19,
                1.0435325969e-18,
                3.59638148756e-19,
                5.8283978311e-19,
                9.9408332629e-19,
                1.25175339582e-18,
                1.82318692697e-18,
                2.36481362513e-18,
                1.22946677198e-18,
                1.75493522065e-18,
                4.14043104944e-18,
                6.45828583799e-18,
                9.343422745e-18,
                8.47546957287e-18,
                6.55200250626e-18,
                1.00558171583e-17,
                5.45168106518e-18,
                1.04730363059e-17,
                1.63874604037e-17,
                1.98823067636e-17,
                1.66118281818e-17,
                1.32890279448e-17,
                1.83060264252e-17,
                1.84698875958e-17,
                1.65466298059e-17,
                2.23668032904e-17,
                1.56181228771e-17,
                1.19406424826e-17,
                8.6584063556e-18,
                6.77718505724e-18,
                4.13143587387e-18,
                1.22619909836e-18,
                3.51676457812e-19,
                3.88887494323e-20
            ],
            "var": [
                2.04489445686,
                18.9171600342,
                70.1940917969,
                145.624069214,
                158.694381714,
                655.487915039,
                789.524230957,
                1244.93041992,
                1373.8013916,
                571.834533691,
                4729.88134766,
                9739.1796875,
                18173.6035156,
                29898.0996094,
                12932.7353516,
                7298.87841797,
                13201.4951172,
                7063.48925781,
                3120.84472656,
                1966.65075684,
                1200.86071777,
                995.741821289,
                1549.43371582,
                401.892089844,
                322.346984863,
                597.440185547,
                1872.2019043,
                3813.41577148,
                1106.89526367,
                358.935852051,
                116.279579163,
                89.1246871948,
                67.5437088013,
                34.592540741,
                4.15624570847,
                0.636184811592,
                0.0405824556947,
                0.0006822051364,
                4.57811347587e-06,
                1.43286831289e-08
            ]
        },
        "erbbands_crest": {
            "dmean": 2.77373957634,
            "dmean2": 4.52710580826,
            "dvar": 6.36427259445,
            "dvar2": 16.628578186,
            "max": 30.0979042053,
            "mean": 11.0677423477,
            "median": 10.1092071533,
            "min": 2.47739171982,
            "var": 21.34416008
        },
        "erbbands_flatness_db": {
            "dmean": 0.0178782176226,
            "dmean2": 0.0267031937838,
            "dvar": 0.000337587087415,
            "dvar2": 0.000644328480121,
            "max": 0.529328644276,
            "mean": 0.206323802471,
            "median": 0.181480050087,
            "min": 0.0528576374054,
            "var": 0.00864606816322
        },
        "erbbands_kurtosis": {
            "dmean": 1.5367307663,
            "dmean2": 2.44129514694,
            "dvar": 5.62657308578,
            "dvar2": 13.8006649017,
            "max": 86.4361953735,
            "mean": 2.44478797913,
            "median": 1.30104136467,
            "min": -1.87159097195,
            "var": 15.8735055923
        },
        "erbbands_skewness": {
            "dmean": 0.412005662918,
            "dmean2": 0.629921674728,
            "dvar": 0.14853720367,
            "dvar2": 0.334638059139,
            "max": 6.61454772949,
            "mean": 0.630998790264,
            "median": 0.547027349472,
            "min": -2.5429084301,
            "var": 0.79479175806
        },
        "erbbands_spread": {
            "dmean": 6.31082725525,
            "dmean2": 9.61204338074,
            "dvar": 85.3261108398,
            "dvar2": 180.093460083,
            "max": 134.141586304,
            "mean": 25.9214134216,
            "median": 21.5150032043,
            "min": 1.0451002121,
            "var": 366.006500244
        },
        "gfcc": {
            "cov": [
                [
                    14230.9433594,
                    -5826.95800781,
                    -1844.62524414,
                    1902.70849609,
                    26.0197315216,
                    2524.2668457,
                    168.565628052,
                    998.025634766,
                    -118.808944702,
                    840.524597168,
                    -263.91696167,
                    910.266723633,
                    96.0708084106
                ],
                [
                    -5826.95800781,
                    3928.12597656,
                    256.231628418,
                    -966.552185059,
                    444.488677979,
                    -1167.47155762,
                    418.592681885,
                    -582.480957031,
                    249.733398438,
                    -401.353271484,
                    212.653289795,
                    -494.071807861,
                    81.2576675415
                ],
                [
                    -1844.62524414,
                    256.231628418,
                    1522.63146973,
                    37.1431465149,
                    -64.0888137817,
                    -110.37412262,
                    -244.992736816,
                    194.076889038,
                    2.9060857296,
                    -6.07937765121,
                    47.5243415833,
                    40.6535873413,
                    -32.8465309143
                ],
                [
                    1902.70849609,
                    -966.552185059,
                    37.1431465149,
                    789.952819824,
                    27.1591949463,
                    377.462219238,
                    -25.1842708588,
                    207.648605347,
                    77.2258834839,
                    134.477111816,
                    -11.7137060165,
                    154.9947052,
                    65.6441650391
                ],
                [
                    26.0197315216,
                    444.488677979,
                    -64.0888137817,
                    27.1591949463,
                    385.181671143,
                    91.8409347534,
                    210.912811279,
                    34.8235855103,
                    129.174209595,
                    32.5675239563,
                    42.1457824707,
                    21.1090812683,
                    75.6840667725
                ],
                [
                    2524.2668457,
                    -1167.47155762,
                    -110.37412262,
                    377.462219238,
                    91.8409347534,
                    799.832580566,
                    120.470062256,
                    278.63873291,
                    -7.1947479248,
                    227.340774536,
                    -0.160196349025,
                    212.729232788,
                    27.876083374
                ],
                [
                    168.565628052,
                    418.592681885,
                    -244.992736816,
                    -25.1842708588,
                    210.912811279,
                    120.470062256,
                    433.583068848,
                    -12.4028110504,
                    102.494132996,
                    44.065410614,
                    35.8245735168,
                    3.83639812469,
                    80.6267700195
                ],
                [
                    998.025634766,
                    -582.480957031,
                    194.076889038,
                    207.648605347,
                    34.8235855103,
                    278.63873291,
                    -12.4028110504,
                    315.689300537,
                    35.8745918274,
                    93.061706543,
                    7.90702104568,
                    148.288986206,
                    24.359582901
                ],
                [
                    -118.808944702,
                    249.733398438,
                    2.9060857296,
                    77.2258834839,
                    129.174209595,
                    -7.1947479248,
                    102.494132996,
                    35.8745918274,
                    207.494232178,
                    21.8521099091,
                    19.3332595825,
                    3.49195241928,
                    65.2862854004
                ],
                [
                    840.524597168,
                    -401.353271484,
                    -6.07937765121,
                    134.477111816,
                    32.5675239563,
                    227.340774536,
                    44.065410614,
                    93.061706543,
                    21.8521099091,
                    159.488845825,
                    7.08443307877,
                    71.1504821777,
                    7.26595163345
                ],
                [
                    -263.91696167,
                    212.653289795,
                    47.5243415833,
                    -11.7137060165,
                    42.1457824707,
                    -0.160196349025,
                    35.8245735168,
                    7.90702104568,
                    19.3332595825,
                    7.08443307877,
                    117.424491882,
                    -2.74776148796,
                    5.40043926239
                ],
                [
                    910.266723633,
                    -494.071807861,
                    40.6535873413,
                    154.9947052,
                    21.1090812683,
                    212.729232788,
                    3.83639812469,
                    148.288986206,
                    3.49195241928,
                    71.1504821777,
                    -2.74776148796,
                    182.624664307,
                    37.4449539185
                ],
                [
                    96.0708084106,
                    81.2576675415,
                    -32.8465309143,
                    65.6441650391,
                    75.6840667725,
                    27.876083374,
                    80.6267700195,
                    24.359582901,
                    65.2862854004,
                    7.26595163345,
                    5.40043926239,
                    37.4449539185,
                    114.898712158
                ]
            ],
            "icov": [
                [
                    0.000454592547612,
                    0.000221362162847,
                    0.000532810750883,
                    -0.000385127990739,
                    -0.000104467144411,
                    -0.000472432788229,
                    -2.60915089711e-06,
                    -0.000386399042327,
                    0.00022117489425,
                    -0.000430894782767,
                    0.000403832120355,
                    -0.000439180439571,
                    0.000128602827317
                ],
                [
                    0.000221362162847,
                    0.00298113934696,
                    -0.000766284356359,
                    0.00121104810387,
                    -0.00248935003765,
                    0.00179125659633,
                    -0.00210392707959,
                    0.00162481295411,
                    -0.00123620207887,
                    0.00215919502079,
                    -0.00287034315988,
                    0.00236182706431,
                    -0.0009362148121
                ],
                [
                    0.000532810750883,
                    -0.000766284356359,
                    0.00185615464579,
                    -0.000930707668886,
                    0.000682696525473,
                    -0.000921744154766,
                    0.00118254451081,
                    -0.00192501675338,
                    0.00072697782889,
                    -0.00148298661225,
                    0.00117516925093,
                    -0.00135614536703,
                    0.000578456500079
                ],
                [
                    -0.000385127990739,
                    0.00121104810387,
                    -0.000930707668886,
                    0.00299119297415,
                    -0.000878349179402,
                    0.000625489454251,
                    -0.000401839904953,
                    0.000984688056633,
                    -0.00170556863304,
                    0.00113510177471,
                    -0.00170121470001,
                    0.00131029076874,
                    -0.00145913555752
                ],
                [
                    -0.000104467144411,
                    -0.00248935003765,
                    0.000682696525473,
                    -0.000878349179402,
                    0.0063279112801,
                    -0.00206562154926,
                    0.00043262928375,
                    -0.00147567607928,
                    -0.000663459068164,
                    -0.0016101928195,
                    0.00176222249866,
                    -0.00208224053495,
                    -3.83863880415e-05
                ],
                [
                    -0.000472432788229,
                    0.00179125659633,
                    -0.000921744154766,
                    0.000625489454251,
                    -0.00206562154926,
                    0.00540949776769,
                    -0.00230509485118,
                    4.31785811088e-05,
                    0.00029519299278,
                    -0.000648326822557,
                    -0.00239616702311,
                    0.00107828178443,
                    -0.000201566886972
                ],
                [
                    -2.60915089711e-06,
                    -0.00210392707959,
                    0.00118254451081,
                    -0.000401839904953,
                    0.00043262928375,
                    -0.00230509485118,
                    0.00566712766886,
                    -0.000821070396341,
                    8.94376571523e-05,
                    -0.00223575625569,
                    0.00159011920914,
                    -0.00131472130306,
                    -0.00102635961957
                ],
                [
                    -0.000386399042327,
                    0.00162481295411,
                    -0.00192501675338,
                    0.000984688056633,
                    -0.00147567607928,
                    4.31785811088e-05,
                    -0.000821070396341,
                    0.00857365876436,
                    -0.00252631679177,
                    0.00185003946535,
                    -0.00245028641075,
                    -0.0015623975778,
                    -0.000276042206679
                ],
                [
                    0.00022117489425,
                    -0.00123620207887,
                    0.00072697782889,
                    -0.00170556863304,
                    -0.000663459068164,
                    0.00029519299278,
                    8.94376571523e-05,
                    -0.00252631679177,
                    0.00870188418776,
                    -0.00281218672171,
                    0.00148795649875,
                    9.48421165958e-06,
                    -0.00212984136306
                ],
                [
                    -0.000430894782767,
                    0.00215919502079,
                    -0.00148298661225,
                    0.00113510177471,
                    -0.0016101928195,
                    -0.000648326822557,
                    -0.00223575625569,
                    0.00185003946535,
                    -0.00281218672171,
                    0.01363015268,
                    -0.00338408024982,
                    0.00141367898323,
                    0.000589714443777
                ],
                [
                    0.000403832120355,
                    -0.00287034315988,
                    0.00117516925093,
                    -0.00170121470001,
                    0.00176222249866,
                    -0.00239616702311,
                    0.00159011920914,
                    -0.00245028641075,
                    0.00148795649875,
                    -0.00338408024982,
                    0.0128420824185,
                    -0.00288260355592,
                    0.00152876228094
                ],
                [
                    -0.000439180439571,
                    0.00236182706431,
                    -0.00135614536703,
                    0.00131029076874,
                    -0.00208224053495,
                    0.00107828178443,
                    -0.00131472130306,
                    -0.0015623975778,
                    9.48421165958e-06,
                    0.00141367898323,
                    -0.00288260355592,
                    0.0138644389808,
                    -0.00455325702205
                ],
                [
                    0.000128602827317,
                    -0.0009362148121,
                    0.000578456500079,
                    -0.00145913555752,
                    -3.83863880415e-05,
                    -0.000201566886972,
                    -0.00102635961957,
                    -0.000276042206679,
                    -0.00212984136306,
                    0.000589714443777,
                    0.00152876228094,
                    -0.00455325702205,
                    0.0136947510764
                ]
            ],
            "mean": [
                -30.3776302338,
                126.269897461,
                -103.179985046,
                9.67597389221,
                -55.477104187,
                11.8607778549,
                -28.419921875,
                10.0106163025,
                -14.7291946411,
                3.39440131187,
                -6.31487560272,
                2.4766304493,
                -4.94797420502
            ]
        },
        "hfc": {
            "dmean": 6.82447481155,
            "dmean2": 9.15402698517,
            "dvar": 162.90133667,
            "dvar2": 209.546798706,
            "max": 251.061035156,
            "mean": 25.1827945709,
            "median": 18.8633480072,
            "min": 1.2751047376e-16,
            "var": 827.016967773
        },
        "melbands": {
            "dmean": [
                0.00147470494267,
                0.000870082178153,
                0.000465802586405,
                0.000357231154339,
                0.000309323513648,
                0.000282222667011,
                0.000205245043617,
                0.000103458150988,
                0.000159006216563,
                0.000193854561076,
                0.000205966556678,
                0.000198421214009,
                0.000106693783891,
                6.21365470579e-05,
                7.22125550965e-05,
                8.51691802382e-05,
                4.69275400974e-05,
                3.33500829583e-05,
                1.92534753296e-05,
                1.90668342839e-05,
                8.35064020066e-06,
                8.39274889586e-06,
                7.64624110161e-06,
                8.55547295942e-06,
                3.69896520169e-06,
                2.49045911005e-06,
                2.79343885268e-06,
                2.56538942267e-06,
