{
    "lowlevel": {
        "average_loudness": 0.825916230679,
        "barkbands": {
            "dmean": [
                0.000144685647683,
                0.00180279952474,
                0.00124658655841,
                0.000507942633703,
                0.000869304523803,
                0.000967052590568,
                0.000773946172558,
                0.000851939490531,
                0.00130368571263,
                0.00105867919046,
                0.000247423711699,
                0.000457130401628,
                0.000248014897807,
                0.000164262528415,
                0.000155703979544,
                0.000157237431267,
                0.000128107261844,
                0.000180375704076,
                8.95060802577e-05,
                4.38883434981e-05,
                5.25661598658e-05,
                3.87938052882e-05,
                6.97260911693e-05,
                7.87238532212e-05,
                5.24704337295e-05,
                2.42782662099e-05,
                1.3048920664e-06
            ],
            "dmean2": [
                0.000246291048825,
                0.00287663121708,
                0.00206855125725,
                0.000867703813128,
                0.00138087861706,
                0.00148869212717,
                0.00120635319036,
                0.00117816391867,
                0.0019119019853,
                0.00149994948879,
                0.000387425185181,
                0.000672583526466,
                0.000375177362002,
                0.000253060017712,
                0.000240661232965,
                0.000236391366343,
                0.000195340748178,
                0.000271091033937,
                0.000134972142405,
                6.61970407236e-05,
                7.89616460679e-05,
                5.46900664631e-05,
                9.91444685496e-05,
                0.000110786575533,
                7.04911799403e-05,
                3.29453287122e-05,
                2.11954625229e-06
            ],
            "dvar": [
                1.02433915572e-07,
                2.11150345422e-05,
                1.03810862129e-05,
                1.94451058633e-06,
                3.85600196751e-06,
                4.92261642648e-06,
                5.87440217714e-06,
                6.78932929077e-06,
                1.92148672795e-05,
                1.03554648376e-05,
                1.44855891904e-06,
                3.44454565493e-06,
                8.34715422116e-07,
                4.33071562611e-07,
                2.10734654615e-07,
                3.31391589725e-07,
                2.20163983045e-07,
                2.20397268436e-07,
                4.14474570221e-08,
                1.84688140337e-08,
                3.01408142889e-08,
                1.77596035655e-08,
                3.83273217608e-08,
                6.76860167914e-08,
                5.35656425882e-08,
                7.62994201153e-09,
                2.13640875824e-11
            ],
            "dvar2": [
                2.7815337944e-07,
                5.54148682568e-05,
                3.0121394957e-05,
                5.4431211538e-06,
                9.98311406875e-06,
                1.16501923912e-05,
                1.39134717756e-05,
                1.25139686133e-05,
                3.83642145607e-05,
                1.83971806109e-05,
                3.17839749187e-06,
                7.24705705579e-06,
                1.76787148121e-06,
                9.61897626439e-07,
                4.73039222015e-07,
                7.29766497898e-07,
                4.82192547224e-07,
                4.79091738725e-07,
                9.02129713154e-08,
                4.25663806425e-08,
                6.91887365178e-08,
                3.31234915052e-08,
                8.26325461389e-08,
                1.22452831874e-07,
                8.47607353194e-08,
                1.27556800678e-08,
                4.91822797766e-11
            ],
            "max": [
                0.00595501391217,
                0.097551420331,
                0.0513661280274,
                0.0459409058094,
                0.0576255917549,
                0.0648341476917,
                0.0485175922513,
                0.0736234784126,
                0.0998431146145,
                0.0932698845863,
                0.0428410433233,
                0.0583130568266,
                0.0442866161466,
                0.0225652512163,
                0.0176090709865,
                0.0212314594537,
                0.0187087282538,
                0.0149969020858,
                0.00688025448471,
                0.0081198355183,
                0.00496697844937,
                0.00595310516655,
                0.00535456743091,
                0.00931769609451,
                0.00703457510099,
                0.00342548592016,
                0.00018988015654
            ],
            "mean": [
                0.000374332797946,
                0.00375307840295,
                0.00222943606786,
                0.000782270624768,
                0.00185098266229,
                0.00178545725066,
                0.00126981048379,
                0.00196745945141,
                0.00249910936691,
                0.00234100455418,
                0.0004072074953,
                0.000868107134011,
                0.000413887872128,
                0.000253925973084,
                0.000262229325017,
                0.000244125782046,
                0.000222096656216,
                0.000318507198244,
                0.000167738020536,
                7.79336114647e-05,
                8.65073307068e-05,
                6.8131936132e-05,
                0.000138040501042,
                0.000153258646606,
                9.36563737923e-05,
                4.33961395174e-05,
                1.5513847984e-06
            ],
            "median": [
                1.3440994735e-05,
                0.00142414914444,
                0.000462358933873,
                0.000207582867006,
                0.000608503934927,
                0.00051936856471,
                0.000261428678641,
                0.000189425685676,
                0.000241667003138,
                0.00023204232275,
                5.73073084524e-05,
                9.55119176069e-05,
                6.78005453665e-05,
                3.48496396327e-05,
                4.70029044664e-05,
                2.92860131594e-05,
                3.17864178214e-05,
                5.21350557392e-05,
                3.9413011109e-05,
                1.5630343114e-05,
                1.15880820886e-05,
                8.37787411001e-06,
                1.77042693394e-05,
                2.70029486273e-05,
                1.38175901157e-05,
                6.52715789329e-06,
                2.30649476407e-07
            ],
            "min": [
                1.7530633438e-23,
                3.15216448387e-23,
                2.56030723246e-24,
                3.23602300134e-24,
                2.70100988347e-23,
                1.88001867358e-23,
                5.88235023015e-23,
                3.0844552902e-23,
                3.1555575324e-23,
                2.74517820555e-23,
                6.15696533303e-23,
                6.48300974931e-23,
                7.26432157121e-23,
                1.04872323632e-22,
                2.00075787409e-22,
                1.61691355617e-22,
                1.31156380134e-22,
                1.56655696739e-22,
                2.87362034881e-22,
                2.60377741264e-22,
                4.55836597163e-22,
                3.63957980154e-22,
                4.93411569314e-22,
                7.39620030812e-22,
                1.1736832592e-21,
                1.54727425337e-21,
                2.04744185467e-21
            ],
            "var": [
                4.6572284873e-07,
                5.08128177898e-05,
                1.99857659027e-05,
                2.89311537927e-06,
                1.403494025e-05,
                1.12656916826e-05,
                1.02111853266e-05,
                2.9494305636e-05,
                6.24222157057e-05,
                4.52889216831e-05,
                3.31306659973e-06,
                1.07001724245e-05,
                2.36805908571e-06,
                8.96522124094e-07,
                4.97160556279e-07,
                7.74187753905e-07,
                4.96553639096e-07,
                5.43769715478e-07,
                1.08527657972e-07,
                3.68912118631e-08,
                5.67242253169e-08,
                4.7047549856e-08,
                9.1524739787e-08,
                1.8545974001e-07,
                1.42882058185e-07,
                1.8366268506e-08,
                3.25118265643e-11
            ]
        },
        "barkbands_crest": {
            "dmean": 2.41573166847,
            "dmean2": 3.83508682251,
            "dvar": 5.22456169128,
            "dvar2": 12.7519674301,
            "max": 26.2509899139,
            "mean": 11.6144151688,
            "median": 10.8431568146,
            "min": 3.35384583473,
            "var": 19.9776668549
        },
        "barkbands_flatness_db": {
            "dmean": 0.0204402320087,
            "dmean2": 0.0295573845506,
            "dvar": 0.000453107932117,
            "dvar2": 0.000858126149978,
            "max": 0.549919009209,
            "mean": 0.176115646958,
            "median": 0.16109007597,
            "min": 0.0283274520189,
            "var": 0.005984576419
        },
        "barkbands_kurtosis": {
            "dmean": 3.31769347191,
            "dmean2": 5.0751414299,
            "dvar": 40.4380493164,
            "dvar2": 93.5229034424,
            "max": 147.642532349,
            "mean": 6.81236743927,
            "median": 3.3450627327,
            "min": -1.96909070015,
            "var": 126.594993591
        },
        "barkbands_skewness": {
            "dmean": 0.505667865276,
            "dmean2": 0.754340708256,
            "dvar": 0.313956141472,
            "dvar2": 0.684595167637,
            "max": 9.99921417236,
            "mean": 1.73461568356,
            "median": 1.52720785141,
            "min": -3.46815681458,
            "var": 1.75043690205
        },
        "barkbands_spread": {
            "dmean": 4.51450872421,
            "dmean2": 6.68870544434,
            "dvar": 57.5557250977,
            "dvar2": 119.359336853,
            "max": 130.051605225,
            "mean": 17.492898941,
            "median": 13.1655254364,
            "min": 0.353768467903,
            "var": 285.160919189
        },
        "dissonance": {
            "dmean": 0.0272423513234,
            "dmean2": 0.0457187518477,
            "dvar": 0.000680631783325,
            "dvar2": 0.00186711689457,
            "max": 0.499999463558,
            "mean": 0.440374106169,
            "median": 0.449729919434,
            "min": 0.000601205509156,
            "var": 0.00164833897725
        },
        "dynamic_complexity": 5.37752103806,
        "erbbands": {
            "dmean": [
                0.0423852913082,
                0.448351621628,
                1.34909403324,
                1.56278884411,
                2.02800631523,
                3.25553512573,
                4.63702630997,
                9.44160079956,
                12.774438858,
                7.99112558365,
                21.2100791931,
                35.1479911804,
                34.602848053,
                20.5222988129,
                12.555106163,
                20.85704422,
                11.3980054855,
                9.21091079712,
                7.71848964691,
                7.35918092728,
                7.63761281967,
                5.86553764343,
                9.34820175171,
                6.52379512787,
                3.36048722267,
                2.05971193314,
                2.05179405212,
                1.83787488937,
                1.36792945862,
                1.91225528717,
                1.90881562233,
                1.43933665752,
                1.45495593548,
                0.62469959259,
                0.37009319663,
                0.163794264197,
                0.0354973897338,
                0.0036236809101,
                0.000262851972366,
                1.43415982166e-05
            ],
            "dmean2": [
                0.0706495419145,
                0.704380750656,
                2.19797921181,
                2.63322591782,
                3.33681082726,
                5.09860372543,
                6.86441850662,
                14.7812833786,
                19.6624107361,
                12.1917533875,
                28.9692573547,
                50.9514045715,
                48.3145980835,
                29.5720272064,
                19.0051021576,
                30.1421451569,
                16.9405879974,
                13.8748645782,
                11.7815122604,
                10.9107608795,
                11.3295145035,
                8.66928291321,
                14.0801877975,
                9.92578125,
                4.89311075211,
                3.07650923729,
                3.06915020943,
                2.70896267891,
                1.89939582348,
                2.7485203743,
                2.71015548706,
                2.0264775753,
                2.05113816261,
                0.855260789394,
                0.503099739552,
                0.222221761942,
                0.0476674325764,
                0.00511193275452,
                0.000424221128924,
                2.16423086385e-05
            ],
            "dvar": [
                0.0104441270232,
                1.39391541481,
                12.0856781006,
                17.1487941742,
                24.2225418091,
                66.0603103638,
                160.357147217,
                510.153045654,
                1520.88415527,
                656.064331055,
                4335.19873047,
                14173.1972656,
                11977.5439453,
                5031.88671875,
                3453.64746094,
                7361.30322266,
                1718.2644043,
                1140.5279541,
                518.78137207,
                582.022033691,
                859.373291016,
                350.427825928,
                723.768615723,
                274.743804932,
                61.5274467468,
                45.6500968933,
                50.732131958,
                39.7455406189,
                25.3953781128,
                29.1850833893,
                31.9246635437,
                24.3519573212,
                25.2178554535,
                7.53500175476,
                2.77296257019,
                0.417157828808,
                0.0132482061163,
                0.000121395598399,
                1.05767253444e-06,
                1.41609479698e-09
            ],
            "dvar2": [
                0.0302026346326,
                3.59764075279,
                33.9355125427,
                50.0750007629,
                65.936378479,
                166.154296875,
                331.618896484,
                1228.38635254,
                3521.51660156,
                1417.99487305,
                7583.33691406,
                28168.0214844,
                20246.1582031,
                9157.68554688,
                7591.2265625,
                15356.3525391,
                3714.05126953,
                2489.45556641,
                1137.22399902,
                1227.37194824,
                1826.38659668,
                724.66394043,
                1574.25415039,
                618.979064941,
                123.650779724,
                106.463516235,
                115.938400269,
                84.5754699707,
                47.8446540833,
                60.5639648438,
                68.8184356689,
                46.7748680115,
                44.7973937988,
                12.7790050507,
                4.42692327499,
                0.676225841045,
                0.0230108741671,
                0.000234880688367,
                2.41041038862e-06,
                3.26313309706e-09
            ],
            "max": [
                2.3829202652,
                25.601064682,
                56.9019699097,
                137.329956055,
                201.387985229,
                228.893753052,
                575.303833008,
                441.9637146,
                715.716369629,
                947.419372559,
                2040.61364746,
                2397.27709961,
                3698.69970703,
                2766.78613281,
                2014.31872559,
                2940.17602539,
                1660.82385254,
                1206.10241699,
                900.410095215,
                1151.73474121,
                1425.63305664,
                741.52355957,
                924.637023926,
                500.078582764,
                272.334320068,
                427.92477417,
                169.366485596,
                329.129486084,
                273.7527771,
                148.197982788,
                162.887283325,
                153.769515991,
                174.512893677,
                89.1661834717,
                59.8783454895,
                27.5889167786,
                3.51746344566,
                0.303749084473,
                0.0482651740313,
                0.00116162013728
            ],
            "mean": [
                0.0816152915359,
                0.933879494667,
                2.63888978958,
                2.77364563942,
                3.60439014435,
                6.61977720261,
                10.0112457275,
                16.3781013489,
                22.5972595215,
                15.3109788895,
                51.0149345398,
                72.4325942993,
                74.7612838745,
                42.9454841614,
                23.4677886963,
                42.7561073303,
                20.9858951569,
                16.2540187836,
                13.5849819183,
                13.4710521698,
                13.240070343,
                11.3584651947,
                16.9326190948,
                12.8406152725,
                6.68282699585,
                3.81540632248,
                3.33934640884,
                3.11495447159,
                2.45512580872,
                3.61470723152,
                3.68702864647,
                2.64413404465,
                2.82181406021,
                1.16118264198,
                0.631199359894,
                0.28820502758,
                0.0618672631681,
                0.00611853739247,
                0.000322334846715,
                3.87595500797e-05
            ],
            "median": [
                0.0332477279007,
                0.294142663479,
                0.676267683506,
                0.825874984264,
                1.10214805603,
                1.97129559517,
                2.6421918869,
                4.700984478,
                4.87433767319,
                4.2579164505,
                6.13983821869,
                8.84980869293,
                8.55091190338,
                6.98226451874,
                4.48999977112,
                5.39591789246,
                4.47547149658,
                3.14630055428,
                2.85505819321,
                2.28856754303,
                1.96975898743,
                1.82672166824,
                2.60492420197,
                2.63277816772,
                1.76142334938,
                0.891696929932,
                0.533502221107,
                0.395202845335,
                0.305264294147,
                0.479504942894,
                0.470588296652,
                0.429412901402,
                0.470069468021,
                0.175985276699,
                0.0840581655502,
                0.0387100987136,
                0.00955934263766,
                0.00122133153491,
                6.12563017057e-05,
                2.61712411884e-05
            ],
            "min": [
                1.89775588918e-21,
                3.28329149314e-21,
                3.56092327585e-21,
                9.96673716695e-21,
                1.11115002048e-20,
                8.54903958524e-20,
                3.18425994386e-19,
                2.11132448831e-19,
                6.57699783642e-19,
                9.49364805002e-19,
                7.34183901609e-19,
                8.65908588447e-19,
                5.1701755795e-19,
                1.33488349642e-18,
                3.07455816535e-18,
                2.77660667473e-18,
                3.54534201393e-18,
                5.32930548382e-18,
                6.75910164828e-18,
                1.00471921461e-17,
                9.98786261662e-18,
                7.51668121614e-18,
                8.77056956512e-18,
                1.04026572979e-17,
                1.60445229023e-17,
                1.30348444415e-17,
                1.43642411455e-17,
                1.74915860485e-17,
                1.35825240338e-17,
                1.35905964894e-17,
                1.51432566854e-17,
                1.69468677628e-17,
                1.27854660304e-17,
                1.08723718087e-17,
                9.76349235701e-18,
                5.59751424794e-18,
                3.13358680784e-18,
                1.15233259345e-18,
                2.87123386206e-19,
                2.92789592789e-20
            ],
            "var": [
                0.0190423615277,
                3.5052857399,
                25.9597072601,
                29.5584144592,
                52.6812553406,
                239.17956543,
                630.549987793,
                1080.25463867,
                2781.59179688,
                1439.91381836,
                20330.1484375,
                48559.875,
                47622.3945313,
                23797.4824219,
                8227.83496094,
                25789.5800781,
                4978.41845703,
                2630.015625,
                1277.07958984,
                1502.67687988,
                2048.3046875,
                969.383483887,
                1680.46313477,
                739.329833984,
                166.686309814,
                89.1293945313,
                86.1349716187,
                92.323387146,
                67.8577575684,
                66.6626205444,
                72.3725585938,
                56.9141426086,
                68.5396957397,
                19.5229187012,
                7.04646062851,
                1.03464078903,
                0.0314206555486,
                0.000258960499195,
                1.55137718139e-06,
                2.66981081687e-09
            ]
        },
        "erbbands_crest": {
            "dmean": 2.93499755859,
            "dmean2": 4.57247161865,
            "dvar": 8.42917633057,
            "dvar2": 18.2885665894,
            "max": 33.6415328979,
            "mean": 12.6039524078,
            "median": 10.9938011169,
            "min": 2.23746442795,
            "var": 43.0421714783
        },
        "erbbands_flatness_db": {
            "dmean": 0.0174715761095,
            "dmean2": 0.0248098056763,
            "dvar": 0.000362523656804,
            "dvar2": 0.000666579580866,
            "max": 0.390785425901,
            "mean": 0.181521296501,
            "median": 0.178594946861,
            "min": 0.0323817320168,
            "var": 0.00297926669009
        },
        "erbbands_kurtosis": {
            "dmean": 1.57335615158,
            "dmean2": 2.39008522034,
            "dvar": 8.86092185974,
            "dvar2": 17.9873561859,
            "max": 150.531295776,
            "mean": 2.454652071,
            "median": 0.971900165081,
            "min": -1.77793300152,
            "var": 34.6084251404
        },
        "erbbands_skewness": {
            "dmean": 0.399256020784,
            "dmean2": 0.596934318542,
            "dvar": 0.170919537544,
            "dvar2": 0.354956507683,
            "max": 9.53287315369,
            "mean": 0.867824673653,
            "median": 0.825367808342,
            "min": -3.73460125923,
            "var": 0.967979729176
        },
        "erbbands_spread": {
            "dmean": 7.1874704361,
            "dmean2": 10.5469589233,
            "dvar": 98.3214797974,
            "dvar2": 204.658325195,
            "max": 153.299316406,
            "mean": 30.7121448517,
            "median": 25.8666687012,
            "min": 1.40590631962,
            "var": 381.896209717
        },
        "gfcc": {
            "cov": [
                [
                    22867.5527344,
                    -3279.07739258,
                    -2108.96313477,
                    611.114257813,
                    -1605.50048828,
                    662.189880371,
                    -719.733154297,
                    854.730957031,
                    -348.129577637,
                    131.423873901,
                    -313.865692139,
                    308.414093018,
                    -500.842407227
                ],
                [
                    -3279.07739258,
                    2962.57641602,
                    274.507904053,
                    -135.11050415,
                    859.62701416,
                    -227.930938721,
                    383.135284424,
                    -270.535003662,
                    224.413574219,
                    -162.627441406,
                    152.646636963,
                    -311.040863037,
                    156.883010864
                ],
                [
                    -2108.96313477,
                    274.507904053,
                    1103.32922363,
                    122.131904602,
                    233.683990479,
                    156.238037109,
                    110.487541199,
                    -0.704183459282,
                    13.4534549713,
                    79.0418777466,
                    34.2086296082,
                    -4.80591344833,
                    -13.7546691895
                ],
                [
                    611.114257813,
                    -135.11050415,
                    122.131904602,
                    488.288543701,
                    109.613067627,
                    94.5974121094,
                    23.0863132477,
                    72.3124160767,
                    118.087257385,
                    20.4745426178,
                    -5.51504468918,
                    18.519197464,
                    13.7122354507
                ],
                [
                    -1605.50048828,
                    859.62701416,
                    233.683990479,
                    109.613067627,
                    564.576416016,
                    7.95127391815,
                    223.411437988,
                    -33.2512817383,
                    159.03465271,
                    -16.3809909821,
                    24.7177639008,
                    -77.9143981934,
                    52.0506744385
                ],
                [
                    662.189880371,
                    -227.930938721,
                    156.238037109,
                    94.5974121094,
                    7.95127391815,
                    312.666564941,
                    101.611450195,
                    74.5095443726,
                    3.25625562668,
                    60.8141670227,
                    -6.22954845428,
                    32.9297332764,
                    -33.141544342
                ],
                [
                    -719.733154297,
                    383.135284424,
                    110.487541199,
                    23.0863132477,
                    223.411437988,
                    101.611450195,
                    314.278625488,
                    27.7795410156,
                    61.6835784912,
                    28.1783866882,
                    17.5645160675,
                    -33.8511810303,
                    14.9816637039
                ],
                [
                    854.730957031,
                    -270.535003662,
                    -0.704183459282,
                    72.3124160767,
                    -33.2512817383,
                    74.5095443726,
                    27.7795410156,
                    211.173080444,
                    38.7126655579,
                    29.098493576,
                    -4.72241687775,
                    21.2198181152,
                    -33.5812644958
                ],
                [
                    -348.129577637,
                    224.413574219,
                    13.4534549713,
                    118.087257385,
                    159.03465271,
                    3.25625562668,
                    61.6835784912,
                    38.7126655579,
                    219.011459351,
                    5.98897123337,
                    -8.15023040771,
                    -27.7434921265,
                    37.9495239258
                ],
                [
                    131.423873901,
                    -162.627441406,
                    79.0418777466,
                    20.4745426178,
                    -16.3809909821,
                    60.8141670227,
                    28.1783866882,
                    29.098493576,
                    5.98897123337,
                    134.159423828,
                    18.8467082977,
                    23.9696140289,
                    -18.1099090576
                ],
                [
                    -313.865692139,
                    152.646636963,
                    34.2086296082,
                    -5.51504468918,
                    24.7177639008,
                    -6.22954845428,
                    17.5645160675,
                    -4.72241687775,
                    -8.15023040771,
                    18.8467082977,
                    158.326858521,
                    3.99917459488,
                    10.0078105927
                ],
                [
                    308.414093018,
                    -311.040863037,
                    -4.80591344833,
                    18.519197464,
                    -77.9143981934,
                    32.9297332764,
                    -33.8511810303,
                    21.2198181152,
                    -27.7434921265,
                    23.9696140289,
                    3.99917459488,
                    132.499954224,
                    16.370803833
                ],
                [
                    -500.842407227,
                    156.883010864,
                    -13.7546691895,
                    13.7122354507,
                    52.0506744385,
                    -33.141544342,
                    14.9816637039,
                    -33.5812644958,
                    37.9495239258,
                    -18.1099090576,
                    10.0078105927,
                    16.370803833,
                    109.932365417
                ]
            ],
            "icov": [
                [
                    0.0001245016756,
                    -0.000152405438712,
                    0.000275852187769,
                    -0.000254022597801,
                    0.000251704797847,
                    -0.000335244287271,
                    0.000278571969829,
                    -0.000420362688601,
                    0.000215062435018,
                    -0.000171315055923,
                    0.000242676018388,
                    -0.000209368095966,
                    0.000370920519345
                ],
                [
                    -0.000152405438712,
                    0.00141153438017,
                    -0.000478497764561,
                    0.000768979021814,
                    -0.00146003335249,
                    0.000839753483888,
                    -0.000956348027103,
                    0.00132596842013,
                    -0.000632272334769,
                    0.00109597132541,
                    -0.00126380450092,
                    0.00186900177505,
                    -0.00114914122969
                ],
                [
                    0.000275852187769,
                    -0.000478497764561,
                    0.00177691201679,
                    -0.000771859660745,
                    5.38558633707e-05,
                    -0.00127669656649,
                    0.000867223367095,
                    -0.000903499021661,
                    0.000924901571125,
                    -0.00104797189124,
                    0.000540311913937,
                    -0.000635307980701,
                    0.00100714922883
                ],
                [
                    -0.000254022597801,
                    0.000768979021814,
                    -0.000771859660745,
                    0.00339839817025,
                    -0.00139373540878,
                    6.35767864878e-05,
                    -0.000126639686641,
                    0.000587600283325,
                    -0.00180994009133,
                    0.000753656728193,
                    -0.000832376885228,
                    0.000584980647545,
                    -0.00116172444541
                ],
                [
                    0.000251704797847,
                    -0.00146003335249,
                    5.38558633707e-05,
                    -0.00139373540878,
                    0.00538805453107,
                    -0.000482187781017,
                    -0.00114889291581,
                    -0.000708520063199,
                    -0.00107286369894,
                    -0.000339268124662,
                    0.0010388243245,
                    -0.00103000062518,
                    0.00102784996852
                ],
                [
                    -0.000335244287271,
                    0.000839753483888,
                    -0.00127669656649,
                    6.35767864878e-05,
                    -0.000482187781017,
                    0.00591064197943,
                    -0.00283864582889,
                    0.000663223676383,
                    -0.000384088809369,
                    -0.000138958057505,
                    -0.000549832242541,
                    9.20787642826e-05,
                    -0.000147724538692
                ],
                [
                    0.000278571969829,
                    -0.000956348027103,
                    0.000867223367095,
                    -0.000126639686641,
                    -0.00114889291581,
                    -0.00283864582889,
                    0.00650294218212,
                    -0.00215102359653,
                    0.000835756014567,
                    -0.00171467231121,
                    0.000801453483291,
                    -0.000386664090911,
                    0.000316785386531
                ],
                [
                    -0.000420362688601,
                    0.00132596842013,
                    -0.000903499021661,
                    0.000587600283325,
                    -0.000708520063199,
                    0.000663223676383,
                    -0.00215102359653,
                    0.00818131770939,
                    -0.00269163609482,
                    0.00101764558349,
                    -0.00158505700529,
                    0.000778427929617,
                    0.000459167204099
                ],
                [
                    0.000215062435018,
                    -0.000632272334769,
                    0.000924901571125,
                    -0.00180994009133,
                    -0.00107286369894,
                    -0.000384088809369,
                    0.000835756014567,
                    -0.00269163609482,
                    0.00793067552149,
                    -0.00165088789072,
                    0.00144136825111,
                    0.000516598287504,
                    -0.0015381751582
                ],
                [
                    -0.000171315055923,
                    0.00109597132541,
                    -0.00104797189124,
                    0.000753656728193,
                    -0.000339268124662,
                    -0.000138958057505,
                    -0.00171467231121,
                    0.00101764558349,
                    -0.00165088789072,
                    0.0100878560916,
                    -0.00219277269207,
                    -0.000109102322313,
                    0.000541222514585
                ],
                [
                    0.000242676018388,
                    -0.00126380450092,
                    0.000540311913937,
                    -0.000832376885228,
                    0.0010388243245,
                    -0.000549832242541,
                    0.000801453483291,
                    -0.00158505700529,
                    0.00144136825111,
                    -0.00219277269207,
                    0.00789757352322,
                    -0.00179356941953,
                    0.000518891087268
                ],
                [
                    -0.000209368095966,
                    0.00186900177505,
                    -0.000635307980701,
                    0.000584980647545,
                    -0.00103000062518,
                    9.20787642826e-05,
                    -0.000386664090911,
                    0.000778427929617,
                    0.000516598287504,
                    -0.000109102322313,
                    -0.00179356941953,
                    0.0122431814671,
                    -0.00482386676595
                ],
                [
                    0.000370920519345,
                    -0.00114914122969,
                    0.00100714922883,
                    -0.00116172444541,
                    0.00102784996852,
                    -0.000147724538692,
                    0.000316785386531,
                    0.000459167204099,
                    -0.0015381751582,
                    0.000541222514585,
                    0.000518891087268,
                    -0.00482386676595,
                    0.0135543867946
                ]
            ],
            "mean": [
                -65.2729263306,
                102.809867859,
                -101.319732666,
                14.0094976425,
                -59.2759284973,
                15.1074857712,
                -36.8853034973,
                16.8151073456,
                -22.4663238525,
                -0.606144487858,
                -9.91832733154,
                0.347820729017,
                -11.8571805954
            ]
        },
        "hfc": {
            "dmean": 4.90916538239,
            "dmean2": 6.40766859055,
            "dvar": 91.4196166992,
            "dvar2": 148.778869629,
            "max": 209.344345093,
            "mean": 17.5064411163,
            "median": 9.31413650513,
            "min": 1.17411366105e-16,
            "var": 443.369018555
        },
        "melbands": {
            "dmean": [
                0.000434338871855,
                0.000642868282739,
                0.000264542060904,
                0.00018856866518,
                0.000153957764269,
                0.000204047275474,
                0.000185203985893,
                9.69520260696e-05,
                0.00017144731828,
                0.000231520782108,
                0.000172275918885,
                8.85099434527e-05,
                3.47546811099e-05,
                5.61783417652e-05,
                3.41399208992e-05,
                2.42083169724e-05,
                1.81066134246e-05,
                1.30035223265e-05,
                8.79402796272e-06,
                1.31053366204e-05,
                9.06321565708e-06,
                6.80348284732e-06,
                9.39648634812e-06,
                7.8077755461e-06,
                5.74267187403e-06,
