{
    "lowlevel": {
        "average_loudness": 0.945863127708,
        "barkbands": {
            "dmean": [
                0.00171512912493,
                0.00595069443807,
                0.00235056574456,
                0.00102081825025,
                0.000912507413886,
                0.000865209382027,
                0.00113974302076,
                0.00223030080087,
                0.000978248659521,
                0.000916603021324,
                0.00045422554831,
                0.00138698425144,
                0.000424283411121,
                0.000530533958226,
                0.000790519174188,
                0.000674778828397,
                0.000282439723378,
                0.000323008687701,
                0.000298404920613,
                0.000362000515452,
                0.000327562796883,
                0.000466561847134,
                0.000652353861369,
                0.00107589387335,
                0.000593318371102,
                0.000141924916534,
                2.50989669439e-05
            ],
            "dmean2": [
                0.00238547357731,
                0.00833191163838,
                0.0042784572579,
                0.00186208938248,
                0.00153556326404,
                0.00146208528895,
                0.00184581358917,
                0.00356610864401,
                0.00157536228653,
                0.0013705054298,
                0.000729125982616,
                0.00199643010274,
                0.000669093162287,
                0.000801593938377,
                0.00117097690236,
                0.00112800486386,
                0.000436304631876,
                0.000478241883684,
                0.000444665987743,
                0.000521720154211,
                0.000481145398226,
                0.00069703371264,
                0.000995681621134,
                0.00165240676142,
                0.000904441636521,
                0.000214976258576,
                4.12086264987e-05
            ],
            "dvar": [
                1.1338242075e-05,
                0.000199642308871,
                0.000136260976433,
                2.08382080018e-05,
                4.59547482023e-06,
                4.67046356789e-06,
                1.01110326796e-05,
                2.65251801466e-05,
                7.79158563091e-06,
                5.19101422469e-06,
                1.43600379943e-06,
                4.70050190415e-06,
                9.25785855088e-07,
                1.32831871724e-06,
                1.57319686878e-06,
                1.63884669746e-06,
                1.95500888367e-07,
                2.68330751396e-07,
                2.47367125894e-07,
                4.06197216307e-07,
                4.59895346694e-07,
                5.37652169896e-07,
                1.2991163203e-06,
                3.36466519002e-06,
                1.36538164952e-06,
                1.17472033878e-07,
                6.65633992369e-09
            ],
            "dvar2": [
                1.9671395421e-05,
                0.000476312387036,
                0.000397800700739,
                6.28622146905e-05,
                1.27248304125e-05,
                1.18322041089e-05,
                2.4049757485e-05,
                6.28625348327e-05,
                1.85201388376e-05,
                1.1105552403e-05,
                3.29293538925e-06,
                8.44492296892e-06,
                1.99014903046e-06,
                2.79603864328e-06,
                3.24103552884e-06,
                4.11170867665e-06,
                4.61513565142e-07,
                5.14783039307e-07,
                4.94791549954e-07,
                8.18608555164e-07,
                1.01488433302e-06,
                1.19426726997e-06,
                2.99297130368e-06,
                7.42114025343e-06,
                3.05300795844e-06,
                2.81510807554e-07,
                1.7739942848e-08
            ],
            "max": [
                0.042352847755,
                0.186429619789,
                0.133134335279,
                0.0543902888894,
                0.0287689063698,
                0.0355064161122,
                0.0681887120008,
                0.0622806474566,
                0.0569761507213,
                0.0398188643157,
                0.0207871887833,
                0.0321769416332,
                0.0138393575326,
                0.0168078746647,
                0.0244961231947,
                0.0148406345397,
                0.00542275141925,
                0.0083946660161,
                0.00634915195405,
                0.00867342110723,
                0.00925301201642,
                0.0116033600643,
                0.0152136879042,
                0.0224447268993,
                0.0194610357285,
                0.00427257968113,
                0.000919602054637
            ],
            "mean": [
                0.0117981135845,
                0.0539796315134,
                0.00302400905639,
                0.00154295039829,
                0.00122300430667,
                0.000867411261424,
                0.00127976294607,
                0.00238606939092,
                0.00101472856477,
                0.00119643798098,
                0.000520613451954,
                0.00246807723306,
                0.00057054910576,
                0.000744292512536,
                0.00140715471935,
                0.000885916582774,
                0.000395834504161,
                0.000475698121591,
                0.000468164886115,
                0.000530778372195,
                0.000448008620879,
                0.00069059478119,
                0.000944806379266,
                0.0016134652542,
                0.000805828662124,
                0.000160357405548,
                2.11412116187e-05
            ],
            "median": [
                0.00676889484748,
                0.0565858632326,
                0.000870960881002,
                0.000379664474167,
                0.000631556496955,
                0.000139240801218,
                9.84664948191e-05,
                0.000268722011242,
                0.000125278922496,
                0.000182506380952,
                7.58076857892e-05,
                0.000609485548921,
                0.000125102873426,
                0.000232219274039,
                0.000572225544602,
                0.000302439380903,
                0.000188510137377,
                0.000176009751158,
                0.000200249240152,
                0.000165349134477,
                0.000150454114191,
                0.000329454313032,
                0.000422895594966,
                0.000732626882382,
                0.000302904460113,
                4.13900816056e-05,
                1.19498190543e-06
            ],
            "min": [
                2.08195203751e-24,
                2.19050975048e-24,
                1.36313862802e-24,
                1.51313816256e-24,
                9.56316827193e-24,
                1.46920484214e-23,
                7.34866689474e-24,
                7.0626724733e-24,
                1.65219438197e-23,
                1.62431603758e-23,
                1.2756790394e-23,
                2.04953383806e-23,
                3.58780439908e-23,
                3.86476021004e-23,
                5.75697877529e-23,
                7.01051346357e-23,
                4.69225857577e-23,
                1.38096879352e-22,
                1.53217336043e-22,
                1.75771563521e-22,
                2.09967711885e-22,
                3.37241192426e-22,
                4.56980483341e-22,
                6.33603183602e-22,
                9.71791413011e-22,
                1.39083139761e-21,
                2.02053465485e-21
            ],
            "var": [
                0.000183126510819,
                0.00189499882981,
                8.18911648821e-05,
                1.35568288897e-05,
                4.23013216277e-06,
                4.81678216602e-06,
                1.30567386805e-05,
                3.09207534883e-05,
                9.341490113e-06,
                8.44291662361e-06,
                2.06268009606e-06,
                1.3146762285e-05,
                1.65119206486e-06,
                2.14046804103e-06,
                3.93543587052e-06,
                1.87447119515e-06,
                3.05651894905e-07,
                5.39023005786e-07,
                5.02561135818e-07,
                8.19065235191e-07,
                6.79421702898e-07,
                9.11780603019e-07,
                2.01993611881e-06,
                5.59934233024e-06,
                2.06828144655e-06,
                1.30384464114e-07,
                5.09454300968e-09
            ]
        },
        "barkbands_crest": {
            "dmean": 2.0367205143,
            "dmean2": 3.2090575695,
            "dvar": 6.53455591202,
            "dvar2": 16.6800174713,
            "max": 24.8877124786,
            "mean": 14.871679306,
            "median": 14.5946950912,
            "min": 1.89610409737,
            "var": 29.6777992249
        },
        "barkbands_flatness_db": {
            "dmean": 0.0296121705323,
            "dmean2": 0.0413740053773,
            "dvar": 0.000839663494844,
            "dvar2": 0.00157514237799,
            "max": 0.473485380411,
            "mean": 0.185606509447,
            "median": 0.176904886961,
            "min": 0.00868724100292,
            "var": 0.00399229349568
        },
        "barkbands_kurtosis": {
            "dmean": 7.79433107376,
            "dmean2": 12.0100650787,
            "dvar": 343.337921143,
            "dvar2": 736.665039063,
            "max": 287.904571533,
            "mean": 10.1054925919,
            "median": 3.57429456711,
            "min": -1.96112680435,
            "var": 522.742736816
        },
        "barkbands_skewness": {
            "dmean": 0.864577412605,
            "dmean2": 1.28122711182,
            "dvar": 1.28152477741,
            "dvar2": 2.53880429268,
            "max": 14.6173992157,
            "mean": 2.29732084274,
            "median": 2.08125114441,
            "min": -12.1998882294,
            "var": 4.41235256195
        },
        "barkbands_spread": {
            "dmean": 9.66433620453,
            "dmean2": 14.3876619339,
            "dvar": 124.201080322,
            "dvar2": 257.016998291,
            "max": 126.359863281,
            "mean": 27.1492977142,
            "median": 24.4316940308,
            "min": 0.476068019867,
            "var": 301.629211426
        },
        "dissonance": {
            "dmean": 0.0217928607017,
            "dmean2": 0.0358374044299,
            "dvar": 0.000502966402564,
            "dvar2": 0.00129491242114,
            "max": 0.500000059605,
            "mean": 0.464353531599,
            "median": 0.472235262394,
            "min": 0,
            "var": 0.000946011336055
        },
        "dynamic_complexity": 2.67655348778,
        "erbbands": {
            "dmean": [
                0.285656392574,
                1.26853847504,
                2.50316309929,
                3.30399870872,
                2.67689990997,
                3.10229325294,
                5.95653104782,
                6.94970083237,
                14.5110359192,
                25.5984954834,
                48.1702384949,
                22.3454494476,
                24.1427745819,
                22.2052898407,
                22.8890113831,
                56.5331573486,
                22.5200748444,
                32.5354270935,
                30.5292263031,
                27.5869140625,
                36.7892532349,
                15.9759407043,
                16.5268878937,
                14.3799972534,
                17.8270149231,
                15.9053964615,
                11.8802661896,
                15.1851816177,
                17.2079124451,
                15.2527551651,
                19.6213932037,
                20.632101059,
                19.6620349884,
                9.24384307861,
                2.93105268478,
                0.87564343214,
                0.233380362391,
                0.0257737543434,
                0.00493311183527,
                0.000315891666105
            ],
            "dmean2": [
                0.362717926502,
                1.85943365097,
                4.41877937317,
                6.07201957703,
                4.81240797043,
                5.15637636185,
                9.99346637726,
                11.6635065079,
                23.0752372742,
                40.634223938,
                77.8819122314,
                35.7976799011,
                35.9370040894,
                34.1979408264,
                35.3460350037,
                78.9129714966,
                33.8798866272,
                48.4676322937,
                45.6042289734,
                42.123626709,
                61.0262031555,
                24.4325771332,
                24.3125076294,
                20.646156311,
                25.3799495697,
                22.7472724915,
                17.5752906799,
                22.5752506256,
                25.8997402191,
                23.2696075439,
                29.80884552,
                32.0217857361,
                30.1640510559,
                14.152674675,
                4.45446681976,
                1.33178591728,
                0.355500131845,
                0.0408299490809,
                0.00780815957114,
                0.000541483052075
            ],
            "dvar": [
                0.312770485878,
                14.9001207352,
                155.446350098,
                220.168395996,
                119.74369812,
                44.9711952209,
                185.398895264,
                344.038909912,
                1811.09448242,
                4061.87792969,
                13208.9658203,
                4035.2043457,
                3673.52758789,
                3170.45751953,
                3223.70654297,
                8713.18457031,
                1721.14941406,
                5124.05517578,
                2101.20922852,
                2183.91088867,
                5556.17871094,
                549.18951416,
                598.608093262,
                797.399719238,
                944.350830078,
                774.568359375,
                623.307739258,
                970.032226563,
                762.450927734,
                706.816223145,
                1272.14538574,
                1400.03833008,
                1180.18554688,
                337.743988037,
                38.7949104309,
                3.5280790329,
                0.433926731348,
                0.00610280316323,
                0.000225557203521,
                1.40081863265e-06
            ],
            "dvar2": [
                0.664358496666,
                35.1645278931,
                442.241882324,
                652.427185059,
                362.286682129,
                115.99773407,
                461.345123291,
                855.023132324,
                4206.17236328,
                9405.984375,
                32340.6054688,
                9522.13867188,
                7499.66015625,
                7244.94970703,
                7322.76904297,
                14100.5869141,
                3698.90112305,
                11018.3291016,
                4289.65429688,
                4879.08251953,
                14250.5332031,
                1268.94799805,
                1153.18786621,
                1521.07995605,
                1871.33056641,
                1510.52392578,
                1347.02392578,
                2187.92675781,
                1691.56335449,
                1682.23449707,
                2894.35717773,
                3129.16210938,
                2644.76660156,
                764.227111816,
                89.4039077759,
                8.1763086319,
                1.06543266773,
                0.0160125996917,
                0.000546331808437,
                3.96904397348e-06
            ],
            "max": [
                6.66703462601,
                45.020565033,
                135.842453003,
                161.052001953,
                133.340423584,
                111.111503601,
                230.700714111,
                420.417266846,
                868.23828125,
                1082.90454102,
                1542.33300781,
                1419.51403809,
                1105.66308594,
                1181.82897949,
                1458.86230469,
                1089.60803223,
                713.016296387,
                1092.24951172,
                556.781555176,
                1040.23010254,
                898.968017578,
                337.373046875,
                379.387664795,
                379.812164307,
                436.448974609,
                431.386749268,
                413.729919434,
                452.949066162,
                505.365478516,
                507.212036133,
                513.935180664,
                503.062286377,
                433.89944458,
                404.342132568,
                138.679199219,
                32.511806488,
                6.92215299606,
                0.925489008427,
                0.161852136254,
                0.015530128032
            ],
            "mean": [
                3.05668592453,
                6.18183708191,
                3.86637735367,
                4.72113466263,
                3.87190151215,
                3.87865400314,
                6.456138134,
                7.253013134,
                17.5264339447,
                28.6608219147,
                50.1262016296,
                24.1336040497,
                33.8006896973,
                28.8423805237,
                32.3936271667,
                105.411697388,
                37.2404403687,
                48.4952888489,
                58.0827789307,
                48.6870727539,
                45.9435348511,
                24.2847080231,
                25.682882309,
                22.6077384949,
                27.2708473206,
                24.5757656097,
                16.9942073822,
                20.9765205383,
                25.0052280426,
                22.4410114288,
                28.458398819,
                29.8171005249,
                28.6627464294,
                12.6715240479,
                3.86117649078,
                1.07659161091,
                0.242231011391,
                0.0269158892334,
                0.00429844297469,
                0.000353928015102
            ],
            "median": [
                3.85191774368,
                3.80353450775,
                2.39467477798,
                2.17513418198,
                2.02262639999,
                1.81118345261,
                1.71672797203,
                1.2610026598,
                1.68535137177,
                4.85724449158,
                7.77314662933,
                5.01530122757,
                5.68198871613,
                5.88712024689,
                12.0851325989,
                22.3886375427,
                15.4636135101,
                16.6012763977,
                25.7708892822,
                22.4173107147,
                18.1475067139,
                13.1650390625,
                11.1010560989,
                9.44700813293,
                10.8717079163,
                8.00811767578,
                5.65194129944,
                7.79721641541,
                11.5169963837,
                10.6551761627,
                12.3844890594,
                12.8234958649,
                11.8657093048,
                4.80634641647,
                1.3748319149,
                0.322692155838,
                0.0524238757789,
                0.00573695264757,
                0.000312154297717,
                0.000160415438586
            ],
            "min": [
                5.24342685501e-23,
                6.32041466202e-22,
                1.84106534054e-21,
                5.55127573381e-21,
                8.02523602495e-21,
                2.24856124825e-20,
                5.51828148635e-20,
                8.0632978038e-20,
                1.70320003642e-19,
                2.23793378684e-19,
                3.52190912455e-19,
                3.07568783557e-19,
                6.39564882688e-19,
                6.92370128439e-19,
                4.95100632139e-19,
                1.38342576349e-18,
                1.51416434764e-18,
                2.31923742095e-18,
                4.10599179822e-18,
                3.90528758953e-18,
                4.42848387646e-18,
                3.84306871821e-18,
                6.89503223834e-18,
                6.77586363621e-18,
                6.06756169898e-18,
                8.71286875431e-18,
                8.58354237426e-18,
                1.07565061388e-17,
                1.16651003488e-17,
                1.36138270297e-17,
                1.35625707831e-17,
                1.23092143112e-17,
                1.1511712939e-17,
                9.34724349225e-18,
                7.28080404702e-18,
                4.53643549589e-18,
                2.22922073156e-18,
                1.02976727753e-18,
                2.5382771219e-19,
                2.69470773554e-20
            ],
            "var": [
                5.27942466736,
                45.7859306335,
                98.6585464478,
                131.008544922,
                76.2534866333,
                48.0261116028,
                206.16619873,
                370.175720215,
                2567.46826172,
                4942.12695313,
                14036.1386719,
                4844.62402344,
                6751.81787109,
                4645.56542969,
                5070.28759766,
                26648.1621094,
                3225.91870117,
                8079.99902344,
                5503.05126953,
                4356.3046875,
                5496.83349609,
                944.456176758,
                1242.40588379,
                1486.1270752,
                1874.45214844,
                1708.19006348,
                1003.62091064,
                1364.61572266,
                1248.46582031,
                1051.16931152,
                1968.70874023,
                2186.18066406,
                1913.79699707,
                502.316558838,
                54.7586097717,
                4.54523801804,
                0.42141225934,
                0.00496166944504,
                0.000211722392123,
                8.91719764695e-07
            ]
        },
        "erbbands_crest": {
            "dmean": 3.48642253876,
            "dmean2": 5.6037311554,
            "dvar": 9.908867836,
            "dvar2": 24.8731441498,
            "max": 29.7938976288,
            "mean": 9.93236637115,
            "median": 9.04654407501,
            "min": 2.3204240799,
            "var": 19.771396637
        },
        "erbbands_flatness_db": {
            "dmean": 0.0246621686965,
            "dmean2": 0.0367462299764,
            "dvar": 0.000687269202899,
            "dvar2": 0.00137946486939,
            "max": 0.534590959549,
            "mean": 0.160436734557,
            "median": 0.141961336136,
            "min": 0.0534263923764,
            "var": 0.00415889034048
        },
        "erbbands_kurtosis": {
            "dmean": 1.7276237011,
            "dmean2": 2.80880904198,
            "dvar": 7.87648868561,
            "dvar2": 19.3317661285,
            "max": 56.146900177,
            "mean": 1.06387078762,
            "median": 0.107061937451,
            "min": -1.85052680969,
            "var": 10.1949043274
        },
        "erbbands_skewness": {
            "dmean": 0.620634257793,
            "dmean2": 0.939019799232,
            "dvar": 0.424643039703,
            "dvar2": 0.931869804859,
            "max": 4.9446606636,
            "mean": -0.0623647421598,
            "median": 0.0278142429888,
            "min": -6.33548593521,
            "var": 0.978644132614
        },
        "erbbands_spread": {
            "dmean": 14.6248140335,
            "dmean2": 22.8731422424,
            "dvar": 252.580429077,
            "dvar2": 609.244140625,
            "max": 184.980178833,
            "mean": 46.5623512268,
            "median": 43.6236953735,
            "min": 1.84053337574,
            "var": 581.036010742
        },
        "gfcc": {
            "cov": [
                [
                    18563.1542969,
                    202.701461792,
                    1542.17260742,
                    622.153381348,
                    -634.89855957,
                    710.493835449,
                    -228.238220215,
                    730.134155273,
                    -61.7697525024,
                    481.45980835,
                    -47.1151237488,
                    164.532836914,
                    -236.110610962
                ],
                [
                    202.701461792,
                    2499.16894531,
                    1073.76623535,
                    778.298400879,
                    873.158935547,
                    296.302612305,
                    359.564056396,
                    -38.3828582764,
                    418.405670166,
                    198.922973633,
                    275.782806396,
                    -10.5060625076,
                    9.06351566315
                ],
                [
                    1542.17260742,
                    1073.76623535,
                    2739.07788086,
                    1246.8392334,
                    833.470947266,
                    668.274108887,
                    152.047607422,
                    193.531021118,
                    346.440765381,
                    325.868499756,
                    269.275665283,
                    178.499435425,
                    -86.4201202393
                ],
                [
                    622.153381348,
                    778.298400879,
                    1246.8392334,
                    1225.93041992,
                    775.117492676,
                    426.371887207,
                    250.689620972,
                    86.0395278931,
                    312.568572998,
                    184.474258423,
                    228.7215271,
                    119.360321045,
                    -19.9780235291
                ],
                [
                    -634.89855957,
                    873.158935547,
                    833.470947266,
                    775.117492676,
                    1283.73999023,
                    627.636169434,
                    388.414031982,
                    -68.133026123,
                    247.271408081,
                    172.612426758,
                    197.548492432,
                    74.729347229,
                    11.1052007675
                ],
                [
                    710.493835449,
                    296.302612305,
                    668.274108887,
                    426.371887207,
                    627.636169434,
                    804.881652832,
                    249.627288818,
                    33.684967041,
                    157.604324341,
                    139.910186768,
                    117.192047119,
                    24.8625526428,
                    -8.27044868469
                ],
                [
                    -228.238220215,
                    359.564056396,
                    152.047607422,
                    250.689620972,
                    388.414031982,
                    249.627288818,
                    471.097198486,
                    121.685180664,
                    144.898239136,
                    47.8056144714,
                    44.2245025635,
                    -5.31608724594,
                    -0.420352876186
                ],
                [
                    730.134155273,
                    -38.3828582764,
                    193.531021118,
                    86.0395278931,
                    -68.133026123,
                    33.684967041,
                    121.685180664,
                    424.917510986,
                    135.775497437,
                    28.6068267822,
                    -37.7012825012,
                    -8.5787191391,
                    -20.8585720062
                ],
                [
                    -61.7697525024,
                    418.405670166,
                    346.440765381,
                    312.568572998,
                    247.271408081,
                    157.604324341,
                    144.898239136,
                    135.775497437,
                    313.765289307,
                    97.9731445313,
                    80.267868042,
                    6.67170858383,
                    -7.58734560013
                ],
                [
                    481.45980835,
                    198.922973633,
                    325.868499756,
                    184.474258423,
                    172.612426758,
                    139.910186768,
                    47.8056144714,
                    28.6068267822,
                    97.9731445313,
                    202.385620117,
                    87.342666626,
                    23.9732837677,
                    -25.8005657196
                ],
                [
                    -47.1151237488,
                    275.782806396,
                    269.275665283,
                    228.7215271,
                    197.548492432,
                    117.192047119,
                    44.2245025635,
                    -37.7012825012,
                    80.267868042,
                    87.342666626,
                    176.932540894,
                    48.310005188,
                    -8.58615779877
                ],
                [
                    164.532836914,
                    -10.5060625076,
                    178.499435425,
                    119.360321045,
                    74.729347229,
                    24.8625526428,
                    -5.31608724594,
                    -8.5787191391,
                    6.67170858383,
                    23.9732837677,
                    48.310005188,
                    133.89503479,
                    7.12669897079
                ],
                [
                    -236.110610962,
                    9.06351566315,
                    -86.4201202393,
                    -19.9780235291,
                    11.1052007675,
                    -8.27044868469,
                    -0.420352876186,
                    -20.8585720062,
                    -7.58734560013,
                    -25.8005657196,
                    -8.58615779877,
                    7.12669897079,
                    96.617980957
                ]
            ],
            "icov": [
                [
                    8.76226258697e-05,
                    -7.9010722402e-05,
                    3.15958241117e-05,
                    -0.000112328736577,
                    0.00016901352501,
                    -0.000192189560039,
                    9.38124867389e-05,
                    -0.00016954432067,
                    0.000227027776418,
                    -0.000244618830038,
                    0.000192265128135,
                    -0.000165779449162,
                    0.000136322734761
                ],
                [
                    -7.9010722402e-05,
                    0.000857820734382,
                    -0.000305927009322,
                    0.000179108668817,
                    -0.000459028116893,
                    0.000586665119044,
                    -0.000430301530287,
                    0.000503532006405,
                    -0.000870211049914,
                    0.000298066617688,
                    -0.000797205721028,
                    0.000875229598023,
                    -0.000424488534918
                ],
                [
                    3.15958241117e-05,
                    -0.000305927009322,
                    0.000977071234956,
                    -0.000762779673096,
                    0.00011583455489,
                    -0.000560482381843,
                    0.000581175379921,
                    -0.000511056277901,
                    0.000368687207811,
                    -0.000581772939768,
                    0.000317127211019,
                    -0.000716631824616,
                    0.00060767843388
                ],
                [
                    -0.000112328736577,
                    0.000179108668817,
                    -0.000762779673096,
                    0.00247599068098,
                    -0.000964861130342,
                    0.000511964317411,
                    -0.000374337192625,
                    0.000170560757397,
                    -0.00118377164472,
                    0.000695079041179,
                    -0.00124562322162,
                    -0.000200140173547,
                    -0.000274970079772
                ],
                [
                    0.00016901352501,
                    -0.000459028116893,
                    0.00011583455489,
                    -0.000964861130342,
                    0.00260221073404,
                    -0.00138623267412,
                    -0.000729187508114,
                    0.000522979244124,
                    0.000334627693519,
                    -0.0007330061635,
                    0.00057149596978,
                    -0.000819695182145,
                    -6.04859815212e-06
                ],
                [
                    -0.000192189560039,
                    0.000586665119044,
                    -0.000560482381843,
                    0.000511964317411,
                    -0.00138623267412,
                    0.00292712193914,
                    -0.000844449852593,
                    0.000459498784039,
                    -0.000745702651329,
                    0.000164567696629,
                    -0.000951320573222,
                    0.00118199910503,
                    -0.000601084204391
                ],
                [
                    9.38124867389e-05,
                    -0.000430301530287,
                    0.000581175379921,
                    -0.000374337192625,
                    -0.000729187508114,
                    -0.000844449852593,
                    0.00388185563497,
                    -0.00152995460667,
                    0.00011725256627,
                    -4.56505622424e-05,
                    0.000400932622142,
                    -0.000136681512231,
                    0.00045289870468
                ],
                [
                    -0.00016954432067,
                    0.000503532006405,
                    -0.000511056277901,
                    0.000170560757397,
                    0.000522979244124,
                    0.000459498784039,
                    -0.00152995460667,
                    0.00422125216573,
                    -0.00242160633206,
                    0.000275864003925,
                    0.000991867971607,
                    0.00032577678212,
                    -5.19149398315e-05
                ],
                [
                    0.000227027776418,
                    -0.000870211049914,
                    0.000368687207811,
                    -0.00118377164472,
                    0.000334627693519,
                    -0.000745702651329,
                    0.00011725256627,
                    -0.00242160633206,
                    0.00692935567349,
                    -0.00189045630395,
                    -0.000272642879281,
                    0.000103732658317,
                    0.000104311751784
                ],
                [
                    -0.000244618830038,
                    0.000298066617688,
                    -0.000581772939768,
                    0.000695079041179,
                    -0.0007330061635,
                    0.000164567696629,
                    -4.56505622424e-05,
                    0.000275864003925,
                    -0.00189045630395,
                    0.00833100173622,
                    -0.00312576792203,
                    0.000556123733986,
                    0.000912731688004
                ],
                [
                    0.000192265128135,
                    -0.000797205721028,
                    0.000317127211019,
                    -0.00124562322162,
                    0.00057149596978,
                    -0.000951320573222,
                    0.000400932622142,
                    0.000991867971607,
                    -0.000272642879281,
                    -0.00312576792203,
                    0.0107134571299,
                    -0.00301724439487,
                    0.0009580066544
                ],
                [
                    -0.000165779449162,
                    0.000875229598023,
                    -0.000716631824616,
                    -0.000200140173547,
                    -0.000819695182145,
                    0.00118199910503,
                    -0.000136681512231,
                    0.00032577678212,
                    0.000103732658317,
                    0.000556123733986,
                    -0.00301724439487,
                    0.0102061955258,
                    -0.0017687814543
                ],
                [
                    0.000136322734761,
                    -0.000424488534918,
                    0.00060767843388,
                    -0.000274970079772,
                    -6.04859815212e-06,
                    -0.000601084204391,
                    0.00045289870468,
                    -5.19149398315e-05,
                    0.000104311751784,
                    0.000912731688004,
                    0.0009580066544,
                    -0.0017687814543,
                    0.0116172162816
                ]
            ],
            "mean": [
                17.4959850311,
                35.221534729,
                -115.29598999,
                39.7251472473,
                -52.8510932922,
                43.4342956543,
                -37.4257545471,
                16.2365379333,
                -13.01308918,
                7.1316151619,
                -6.87047529221,
                -0.912755668163,
                -6.89388895035
            ]
        },
        "hfc": {
            "dmean": 25.3751945496,
            "dmean2": 37.3509178162,
            "dvar": 1264.45898438,
            "dvar2": 2752.87670898,
            "max": 355.638824463,
            "mean": 61.3874740601,
            "median": 49.7238044739,
            "min": 1.05724819444e-16,
            "var": 2601.47924805
        },
        "melbands": {
            "dmean": [
                0.00194654392544,
                0.00130490912125,
                0.000550032360479,
                0.000188702906598,
                0.000194190797629,
                0.000166108162375,
                0.000219328081585,
                0.000333100295393,
                0.000375294330297,
                0.000127595485537,
                0.000126302737044,
                9.88074170891e-05,
                6.69963628752e-05,
                0.000120048978715,
                0.000118976917292,
                4.96240973007e-05,
                6.11467985436e-05,
                3.93846676161e-05,
                6.71869056532e-05,
                4.24957070209e-05,
                3.888275387e-05,
                1.72092277353e-05,
                1.42378676173e-05,
                1.7232274331e-05,
                1.16094361147e-05,
                1.27534867715e-05,
                1.51290705617e-05,
                1.02739659269e-05,
