{
    "lowlevel": {
        "average_loudness": 0.773189127445,
        "barkbands": {
            "dmean": [
                0.00284613319673,
                0.0113172344863,
                0.00308987218887,
                0.00201647193171,
                0.00136918819044,
                0.000649681547657,
                0.000686489336658,
                0.000691259396262,
                0.000494054576848,
                0.00040530518163,
                0.000288100389298,
                0.000332259718562,
                0.000121826546092,
                0.000411094311858,
                0.000290533178486,
                0.000166077457834,
                0.000194410094991,
                0.000237768370425,
                0.000154313864186,
                0.000187867888599,
                0.000121314566059,
                9.25116546568e-05,
                6.41638180241e-05,
                0.000123409408843,
                7.05399579601e-05,
                2.08922283491e-05,
                2.26632141676e-06
            ],
            "dmean2": [
                0.00427923956886,
                0.0162582751364,
                0.00539584737271,
                0.00376749644056,
                0.00241301441565,
                0.00105137762148,
                0.00107011909131,
                0.00102842203341,
                0.00071281043347,
                0.000591948570218,
                0.000444942357717,
                0.000490314443596,
                0.000185665878234,
                0.000683845661115,
                0.000414868671214,
                0.000263700203504,
                0.000292008859105,
                0.000374109076802,
                0.000231499274378,
                0.000286415859591,
                0.000186642166227,
                0.000145890138811,
                0.000100531186035,
                0.000202512426767,
                0.000101309902675,
                3.03689103021e-05,
                3.48353205482e-06
            ],
            "dvar": [
                5.40561632079e-05,
                0.000562531175092,
                0.000179488633876,
                0.000107719766675,
                2.6101623007e-05,
                3.37371693604e-06,
                2.57910596702e-06,
                2.91511787509e-06,
                2.49815479947e-06,
                1.75532693447e-06,
                5.95635356149e-07,
                9.95393520498e-07,
                2.11617646073e-07,
                3.18261982102e-06,
                8.11832364889e-07,
                4.50268458962e-07,
                3.38575262049e-07,
                5.38353503998e-07,
                2.45762066697e-07,
                3.76412970127e-07,
                1.38083834145e-07,
                1.67903394299e-07,
                7.27662978761e-08,
                1.83205884241e-07,
                3.1762358077e-08,
                5.97390226176e-09,
                1.13660345025e-10
            ],
            "dvar2": [
                0.000126944927615,
                0.00136751052924,
                0.000508105731569,
                0.000314761186019,
                7.55215296522e-05,
                8.78254468262e-06,
                5.89855062572e-06,
                6.06958565186e-06,
                4.61494801129e-06,
                3.42915859619e-06,
                1.19670403365e-06,
                1.73827027083e-06,
                4.43113464144e-07,
                8.78039554664e-06,
                1.75317882167e-06,
                1.12058933155e-06,
                7.2253470762e-07,
                1.28492524709e-06,
                5.14920145633e-07,
                8.87545013484e-07,
                2.90859759389e-07,
                3.63264263115e-07,
                1.64386975143e-07,
                4.809671168e-07,
                5.79677248425e-08,
                1.14047615796e-08,
                2.35553299088e-10
            ],
            "max": [
                0.140052437782,
                0.241482704878,
                0.133807748556,
                0.0959880501032,
                0.0597055703402,
                0.031148692593,
                0.0311523191631,
                0.0466239787638,
                0.044227078557,
                0.0372208692133,
                0.0217054542154,
                0.0381006337702,
                0.0139135224745,
                0.0282160360366,
                0.0250340793282,
                0.0184991639107,
                0.015067409724,
                0.0152404159307,
                0.00803190749139,
                0.0117699485272,
                0.00554869929329,
                0.00623316550627,
                0.00422798562795,
                0.00999282393605,
                0.0037203701213,
                0.00236912001856,
                0.000544130452909
            ],
            "mean": [
                0.00872158166021,
                0.0301799811423,
                0.002887703944,
                0.00145755405538,
                0.00173789286055,
                0.00107665651012,
                0.00127146649174,
                0.0014050983591,
                0.000944732688367,
                0.00073103728937,
                0.000489263969939,
                0.000577215512749,
                0.000178641930688,
                0.000437542388681,
                0.000504764379002,
                0.000210081954719,
                0.000334547366947,
                0.000410065083997,
                0.000224869669182,
                0.000299039704259,
                0.0002021031396,
                9.80691766017e-05,
                6.43816238153e-05,
                0.00015590141993,
                0.000141190685099,
                3.38557219948e-05,
                3.34294327331e-06
            ],
            "median": [
                0.00115826586261,
                0.0104471985251,
                0.00044569480815,
                7.41284893593e-05,
                0.000280162552372,
                0.000123532896396,
                0.00012546547805,
                0.000108735679532,
                4.61440176878e-05,
                5.83156797802e-05,
                7.46696750866e-05,
                6.28134803264e-05,
                2.60252982116e-05,
                4.80556118418e-05,
                4.59754883195e-05,
                2.22687176574e-05,
                3.33802636305e-05,
                5.72731732973e-05,
                4.10071734223e-05,
                6.01828505751e-05,
                4.24800418841e-05,
                8.25073038868e-06,
                7.31834916223e-06,
                3.56971067959e-05,
                4.08847772633e-05,
                6.7541759563e-06,
                9.71879899225e-07
            ],
            "min": [
                8.21167816126e-25,
                9.4917943066e-25,
                1.53248714563e-24,
                9.56255808802e-25,
                8.9300789965e-24,
                8.18564673746e-24,
                6.97937743918e-24,
                8.5738073236e-24,
                8.2998422421e-24,
                1.42858954958e-23,
                1.41907430934e-23,
                1.8056552804e-23,
                2.330840848e-23,
                3.24198292436e-23,
                4.74224869133e-23,
                5.06277518335e-23,
                6.67927076947e-23,
                7.01862358476e-23,
                1.34870665441e-22,
                1.54470539409e-22,
                2.39210217662e-22,
                3.22450290266e-22,
                3.53099038425e-22,
                5.70914919198e-22,
                9.1592824694e-22,
                1.26328250995e-21,
                1.93573935244e-21
            ],
            "var": [
                0.000270939694019,
                0.00171468977351,
                0.000111538123747,
                5.96397549089e-05,
                1.96160344785e-05,
                5.47914578419e-06,
                7.7173790487e-06,
                1.0684724657e-05,
                9.2368636615e-06,
                5.26417034052e-06,
                1.88886008345e-06,
                3.92010451833e-06,
                3.79537283379e-07,
                2.71612884717e-06,
                2.35008997151e-06,
                6.3104914716e-07,
                9.1911203981e-07,
                1.10375788154e-06,
                3.55277080644e-07,
                4.83258304484e-07,
                2.14146737676e-07,
                1.78791836447e-07,
                7.24621642689e-08,
                1.72036010326e-07,
                7.79642022053e-08,
                1.20677805526e-08,
                1.46416212488e-10
            ]
        },
        "barkbands_crest": {
            "dmean": 2.55728125572,
            "dmean2": 3.84361410141,
            "dvar": 7.86683988571,
            "dvar2": 17.6098632813,
            "max": 26.7720394135,
            "mean": 14.5101308823,
            "median": 14.3899879456,
            "min": 2.64977812767,
            "var": 27.759147644
        },
        "barkbands_flatness_db": {
            "dmean": 0.0319764465094,
            "dmean2": 0.0420610122383,
            "dvar": 0.00137045083102,
            "dvar2": 0.00222298433073,
            "max": 0.648592293262,
            "mean": 0.223539069295,
            "median": 0.202890589833,
            "min": 0.0215522237122,
            "var": 0.00997688062489
        },
        "barkbands_kurtosis": {
            "dmean": 22.7600402832,
            "dmean2": 33.2911911011,
            "dvar": 5854.62011719,
            "dvar2": 12214.4023438,
            "max": 2173.48779297,
            "mean": 33.2055435181,
            "median": 6.60943603516,
            "min": -1.95376074314,
            "var": 9148.93847656
        },
        "barkbands_skewness": {
            "dmean": 1.24343848228,
            "dmean2": 1.77913296223,
            "dvar": 3.45607209206,
            "dvar2": 6.89982414246,
            "max": 33.1767578125,
            "mean": 3.2107527256,
            "median": 2.39536619186,
            "min": -4.90141439438,
            "var": 11.6921520233
        },
        "barkbands_spread": {
            "dmean": 6.46406984329,
            "dmean2": 9.85789585114,
            "dvar": 117.884841919,
            "dvar2": 262.11428833,
            "max": 129.065673828,
            "mean": 17.3971824646,
            "median": 12.9213066101,
            "min": 0.0375780500472,
            "var": 282.617340088
        },
        "dissonance": {
            "dmean": 0.027254672721,
            "dmean2": 0.0449709892273,
            "dvar": 0.000891262316145,
            "dvar2": 0.00239477306604,
            "max": 0.500000059605,
            "mean": 0.447903543711,
            "median": 0.458262592554,
            "min": 0.185141608119,
            "var": 0.00182268023491
        },
        "dynamic_complexity": 6.5730509758,
        "erbbands": {
            "dmean": [
                0.540512681007,
                2.07300877571,
                3.42125153542,
                5.76565647125,
                5.10209274292,
                4.56613683701,
                4.82036399841,
                5.82317686081,
                8.34264469147,
                14.219833374,
                10.7437419891,
                12.1197872162,
                15.0502471924,
                8.03766155243,
                12.6297540665,
                14.3492746353,
                5.54213237762,
                17.0376663208,
                15.5198774338,
                13.8649549484,
                8.39214706421,
                9.55179309845,
                11.6566524506,
                11.0454330444,
                6.42948961258,
                7.86115503311,
                6.15423583984,
                4.09642028809,
                3.06416559219,
                2.91000533104,
                1.83799207211,
                2.09851765633,
                2.36569190025,
                0.921998500824,
                0.509654998779,
                0.151399850845,
                0.028049916029,
                0.00395172275603,
                0.000395955401473,
                2.75476322713e-05
            ],
            "dmean2": [
                0.784730792046,
                2.77881622314,
                5.53847789764,
                10.6191139221,
                9.40666389465,
                7.86532402039,
                7.96463441849,
                9.28706073761,
                12.8345594406,
                21.4581718445,
                16.0491924286,
                17.1537647247,
                21.3859138489,
                11.7882947922,
                18.8804264069,
                20.9816741943,
                8.44683074951,
                27.1668338776,
                23.9917373657,
                20.8513011932,
                12.3638839722,
                14.3238210678,
                17.7139320374,
                16.8265590668,
                9.21598625183,
                12.0636787415,
                9.37447452545,
                6.31423091888,
                4.76009893417,
                4.65137290955,
                2.92533874512,
                3.36738610268,
                3.90474796295,
                1.37550830841,
                0.746323943138,
                0.217857331038,
                0.0408393517137,
                0.0058148088865,
                0.00060396862682,
                4.09950007452e-05
            ],
            "dvar": [
                1.15500211716,
                28.0532588959,
                167.095458984,
                826.030212402,
                619.650695801,
                219.937820435,
                207.348464966,
                281.332672119,
                403.645172119,
                1183.05944824,
                716.707397461,
                1657.76013184,
                2449.67456055,
                507.627655029,
                1187.65429688,
                2290.40649414,
                346.765350342,
                4402.51660156,
                2835.48876953,
                2595.30151367,
                776.918518066,
                992.034240723,
                1402.42163086,
                1105.48547363,
                490.837738037,
                630.51348877,
                504.52923584,
                166.026123047,
                215.721405029,
                178.647521973,
                56.2689094543,
                34.3190002441,
                127.272476196,
                5.93301486969,
                1.48683536053,
                0.214125424623,
                0.0165535323322,
                0.000492901948746,
                3.44105933436e-06,
                3.91178112125e-09
            ],
            "dvar2": [
                2.75399661064,
                64.9466705322,
                447.557312012,
                2400.61645508,
                1814.66723633,
                616.609741211,
                556.17578125,
                707.950378418,
                960.505615234,
                2678.14111328,
                1510.96789551,
                2851.66357422,
                4591.12744141,
                965.305297852,
                2322.43676758,
                3920.6027832,
                760.950073242,
                11527.4189453,
                7378.32519531,
                6182.17138672,
                1707.71838379,
                2262.69116211,
                3067.35327148,
                2565.75268555,
                992.890441895,
                1478.38977051,
                1204.30334473,
                350.240692139,
                504.030731201,
                394.856811523,
                129.706329346,
                80.6381454468,
                339.73928833,
                11.8930864334,
                2.91072058678,
                0.415991663933,
                0.0323584116995,
                0.00100595736876,
                7.22067761671e-06,
                8.3271496365e-09
            ],
            "max": [
                10.5100574493,
                62.6555633545,
                130.393661499,
                273.850311279,
                267.654602051,
                192.54800415,
                221.90965271,
                336.531677246,
                368.561950684,
                852.376525879,
                709.989135742,
                1089.13305664,
                1430.78076172,
                815.992736816,
                1148.28295898,
                1894.17993164,
                579.860595703,
                940.589172363,
                893.852233887,
                1197.14160156,
                922.436584473,
                837.977233887,
                1081.76672363,
                492.700744629,
                441.44128418,
                494.275512695,
                393.536071777,
                170.515731812,
                246.313812256,
                200.12651062,
                121.294761658,
                75.1837158203,
                287.90713501,
                50.002166748,
                22.6670532227,
                11.5900859833,
                4.91505718231,
                1.1038633585,
                0.0947632789612,
                0.00272677303292
            ],
            "mean": [
                1.50035655499,
                4.25384712219,
                4.10299158096,
                4.53320407867,
                4.32521104813,
                6.4090628624,
                7.04631376266,
                9.86786079407,
                14.7534208298,
                30.5493202209,
                21.8082733154,
                25.5722503662,
                28.2869701385,
                14.6115970612,
                23.6416740417,
                25.4818096161,
                9.17325115204,
                21.0082149506,
                23.9865188599,
                20.873544693,
                14.3008356094,
                16.7014064789,
                22.1087913513,
                17.9550704956,
                10.0721254349,
                12.6464643478,
                10.8130998611,
                6.55170631409,
                3.4608798027,
                2.72518277168,
                1.84509563446,
                2.4470179081,
                2.99361228943,
                1.60473382473,
                1.03177154064,
                0.273079395294,
                0.0427180230618,
                0.00631161779165,
                0.000604547152761,
                8.67221679073e-05
            ],
            "median": [
                0.393901437521,
                1.41538417339,
                1.00909137726,
                0.538564801216,
                0.477032423019,
                0.824136316776,
                1.31286501884,
                1.22411704063,
                2.06858158112,
                3.83994150162,
                3.24809932709,
                2.2088470459,
                2.50770378113,
                3.26426386833,
                4.80210781097,
                2.99408769608,
                1.89706754684,
                2.72508907318,
                2.91445684433,
                2.15151357651,
                1.56679677963,
                1.94419169426,
                3.15196084976,
                3.13441514969,
                2.14646315575,
                2.85057735443,
                2.20747184753,
                1.38208532333,
                0.455742448568,
                0.15639333427,
                0.261716037989,
                0.546989679337,
                0.605249941349,
                0.389732182026,
                0.253756195307,
                0.0524187758565,
                0.0093787163496,
                0.00157448486425,
                0.000213028397411,
                5.78126200708e-05
            ],
            "min": [
                2.70240332737e-23,
                2.6459162165e-22,
                1.59921608654e-21,
                3.48449469531e-21,
                1.15956625882e-20,
                1.98811341575e-20,
                4.28329016893e-20,
                4.56535423417e-20,
                1.29969241558e-19,
                1.3991965564e-19,
                2.32082064464e-19,
                2.28582056497e-19,
                6.01523363304e-19,
                7.3618273186e-19,
                8.25731857409e-19,
                7.75106542764e-19,
                1.29197432932e-18,
                2.28384918678e-18,
                2.12745807747e-18,
                2.71813761993e-18,
                3.19784075026e-18,
                4.80849892167e-18,
                3.43282787303e-18,
                6.4256932675e-18,
                7.72727643701e-18,
                7.00202515544e-18,
                8.73243240298e-18,
                9.05507585527e-18,
                1.0487990077e-17,
                1.17733807725e-17,
                9.94967830519e-18,
                1.11903359003e-17,
                1.0139888487e-17,
                8.49846271236e-18,
                6.13117643758e-18,
                3.84607055666e-18,
                2.19476121442e-18,
                9.37360656555e-19,
                2.52396121043e-19,
                2.90209920189e-20
            ],
            "var": [
                4.43654441833,
                52.6688575745,
                130.49029541,
                467.074645996,
                351.744995117,
                242.427307129,
                251.941650391,
                545.492004395,
                954.21295166,
                4192.34326172,
                2573.55322266,
                6635.29541016,
                7204.75683594,
                1661.93249512,
                4566.32470703,
                8644.11816406,
                654.43157959,
                5054.38818359,
                4576.77050781,
                4740.55224609,
                2066.61352539,
                2159.5390625,
                3503.95703125,
                1714.03405762,
                719.37713623,
                806.373962402,
                650.270385742,
                248.680526733,
                211.58581543,
                175.968200684,
                54.4880561829,
                36.0310783386,
                107.616088867,
                11.7922105789,
                3.76951551437,
                0.469653815031,
                0.0314275547862,
                0.000673660135362,
                4.30869158663e-06,
                1.01058512669e-08
            ]
        },
        "erbbands_crest": {
            "dmean": 3.11781001091,
            "dmean2": 4.86019229889,
            "dvar": 8.3417301178,
            "dvar2": 19.9182453156,
            "max": 31.0845069885,
            "mean": 11.6178588867,
            "median": 10.810874939,
            "min": 2.49836182594,
            "var": 25.956495285
        },
        "erbbands_flatness_db": {
            "dmean": 0.025371208787,
            "dmean2": 0.0342105291784,
            "dvar": 0.000909148249775,
            "dvar2": 0.00146795320325,
            "max": 0.605939567089,
            "mean": 0.182683572173,
            "median": 0.161166638136,
            "min": 0.0363716743886,
            "var": 0.00743516907096
        },
        "erbbands_kurtosis": {
            "dmean": 2.7162630558,
            "dmean2": 4.3363032341,
            "dvar": 59.5226898193,
            "dvar2": 154.019592285,
            "max": 234.653259277,
            "mean": 2.34772467613,
            "median": 0.483356237411,
            "min": -1.85011017323,
            "var": 60.1809654236
        },
        "erbbands_skewness": {
            "dmean": 0.594880700111,
            "dmean2": 0.865172564983,
            "dvar": 0.539618849754,
            "dvar2": 1.1790753603,
            "max": 10.9842729568,
            "mean": 0.609787464142,
            "median": 0.514790058136,
            "min": -4.433781147,
            "var": 1.55199337006
        },
        "erbbands_spread": {
            "dmean": 12.4188117981,
            "dmean2": 19.1209697723,
            "dvar": 287.811340332,
            "dvar2": 662.881286621,
            "max": 217.2996521,
            "mean": 40.078578949,
            "median": 35.6589813232,
            "min": 0.467824399471,
            "var": 751.542358398
        },
        "gfcc": {
            "cov": [
                [
                    54457.4414063,
                    -870.763366699,
                    -2017.82128906,
                    4758.34082031,
                    802.93939209,
                    2332.08618164,
                    268.004974365,
                    3199.48974609,
                    -368.249023438,
                    978.595397949,
                    -281.581604004,
                    -215.805221558,
                    728.140686035
                ],
                [
                    -870.763366699,
                    2679.77124023,
                    716.110046387,
                    -245.495147705,
                    510.735321045,
                    62.513469696,
                    436.294647217,
                    -261.716430664,
                    145.619262695,
                    -107.903388977,
                    105.283966064,
                    -133.719741821,
                    -87.1553726196
                ],
                [
                    -2017.82128906,
                    716.110046387,
                    2591.68652344,
                    956.358764648,
                    666.96685791,
                    368.978790283,
                    315.300628662,
                    186.830963135,
                    175.719558716,
                    -80.3269958496,
                    -40.0088768005,
                    -45.9809341431,
                    -134.490158081
                ],
                [
                    4758.34082031,
                    -245.495147705,
                    956.358764648,
                    2138.00073242,
                    809.884277344,
                    722.57244873,
                    510.240936279,
                    628.88885498,
                    347.659484863,
                    121.637046814,
                    40.7499504089,
                    -9.18570232391,
                    27.4345855713
                ],
                [
                    802.93939209,
                    510.735321045,
                    666.96685791,
                    809.884277344,
                    939.773681641,
                    501.613830566,
                    447.821624756,
                    306.400177002,
                    203.29019165,
                    90.3570175171,
                    5.71207809448,
                    -64.0597000122,
                    36.0609054565
                ],
                [
                    2332.08618164,
                    62.513469696,
                    368.978790283,
                    722.57244873,
                    501.613830566,
                    710.954223633,
                    429.120758057,
                    283.528625488,
                    176.062576294,
                    123.579711914,
                    26.8080921173,
                    -58.0795211792,
                    7.69071722031
                ],
                [
                    268.004974365,
                    436.294647217,
                    315.300628662,
                    510.240936279,
                    447.821624756,
                    429.120758057,
                    620.037719727,
                    151.114685059,
                    231.243606567,
                    93.5974502563,
                    116.475364685,
                    -12.509355545,
                    -25.6085548401
                ],
                [
                    3199.48974609,
                    -261.716430664,
                    186.830963135,
                    628.88885498,
                    306.400177002,
                    283.528625488,
                    151.114685059,
                    589.389099121,
                    79.9752578735,
                    170.500656128,
                    -0.764219284058,
                    -16.8954467773,
                    94.4151992798
                ],
                [
                    -368.249023438,
                    145.619262695,
                    175.719558716,
                    347.659484863,
                    203.29019165,
                    176.062576294,
                    231.243606567,
                    79.9752578735,
                    354.68649292,
                    42.7213172913,
                    97.2702865601,
                    9.35597133636,
                    -40.3972816467
                ],
                [
                    978.595397949,
                    -107.903388977,
                    -80.3269958496,
                    121.637046814,
                    90.3570175171,
                    123.579711914,
                    93.5974502563,
                    170.500656128,
                    42.7213172913,
                    208.109695435,
                    34.4589195251,
                    1.63147699833,
                    41.5272827148
                ],
                [
                    -281.581604004,
                    105.283966064,
                    -40.0088768005,
                    40.7499504089,
                    5.71207809448,
                    26.8080921173,
                    116.475364685,
                    -0.764219284058,
                    97.2702865601,
                    34.4589195251,
                    177.073623657,
                    47.6842346191,
                    -5.90455722809
                ],
                [
                    -215.805221558,
                    -133.719741821,
                    -45.9809341431,
                    -9.18570232391,
                    -64.0597000122,
                    -58.0795211792,
                    -12.509355545,
                    -16.8954467773,
                    9.35597133636,
                    1.63147699833,
                    47.6842346191,
                    158.383422852,
                    16.7567157745
                ],
                [
                    728.140686035,
                    -87.1553726196,
                    -134.490158081,
                    27.4345855713,
                    36.0609054565,
                    7.69071722031,
                    -25.6085548401,
                    94.4151992798,
                    -40.3972816467,
                    41.5272827148,
                    -5.90455722809,
                    16.7567157745,
                    158.27684021
                ]
            ],
            "icov": [
                [
                    6.44798346912e-05,
                    -0.00014238768199,
                    0.000132892964757,
                    -0.00019985785184,
                    0.000193632498849,
                    -0.000250369077548,
                    0.000189669706742,
                    -0.000286937254714,
                    0.000194592488697,
                    -5.27841075382e-05,
                    9.31146496441e-05,
                    -7.53155109123e-05,
                    1.73857297341e-05
                ],
                [
                    -0.00014238768199,
                    0.000998333794996,
                    -0.000452560780104,
                    0.000713533430826,
                    -0.000900393060874,
                    0.000861860753503,
                    -0.000922850565985,
                    0.000882190535776,
                    -0.000456461159047,
                    0.000382228405215,
                    -0.000607769179624,
                    0.000752224761527,
                    -0.000134843299747
                ],
                [
                    0.000132892964757,
                    -0.000452560780104,
                    0.000877269776538,
                    -0.000639295263682,
                    0.000167082849657,
                    -0.000549260643311,
                    0.000515224062838,
                    -0.000689864740707,
                    0.000463930220576,
                    0.000160903306096,
                    0.000393226364395,
                    -0.000361955491826,
                    0.000608355854638
                ],
                [
                    -0.00019985785184,
                    0.000713533430826,
                    -0.000639295263682,
                    0.00183553935494,
                    -0.00105292059015,
                    0.000362031714758,
                    -0.000760502880439,
                    0.000154141525854,
                    -0.00108340778388,
                    0.000744753633626,
                    -0.000406059552915,
                    9.69467364484e-05,
                    -3.90670356865e-05
                ],
                [
                    0.000193632498849,
                    -0.000900393060874,
                    0.000167082849657,
                    -0.00105292059015,
                    0.00341891008429,
                    -0.00146185292397,
                    -0.000146931692143,
                    -0.00121898180805,
                    0.000260824483121,
                    -0.000337765523,
                    0.00124683673494,
                    -0.000100729288533,
                    -0.000854287703987
                ],
                [
                    -0.000250369077548,
                    0.000861860753503,
                    -0.000549260643311,
                    0.000362031714758,
                    -0.00146185292397,
                    0.00458311848342,
                    -0.00252703414299,
                    0.000987107632682,
                    -0.000695727823768,
                    -0.000431676744483,
                    2.35044553847e-05,
                    0.00128048448823,
                    1.05946783151e-05
                ],
                [
                    0.000189669706742,
                    -0.000922850565985,
                    0.000515224062838,
                    -0.000760502880439,
                    -0.000146931692143,
                    -0.00252703414299,
                    0.00499404454604,
                    -0.000689642271027,
                    -0.00014169618953,
                    -0.000742262636777,
                    -0.00130952731706,
                    -0.000749929458834,
                    0.000753675587475
                ],
                [
                    -0.000286937254714,
                    0.000882190535776,
                    -0.000689864740707,
                    0.000154141525854,
                    -0.00121898180805,
                    0.000987107632682,
                    -0.000689642271027,
                    0.00493578752503,
                    -0.000815669016447,
                    -0.00184541149065,
                    -0.000265142909484,
                    0.000804171606433,
                    -0.00145223573782
                ],
                [
                    0.000194592488697,
                    -0.000456461159047,
                    0.000463930220576,
                    -0.00108340778388,
                    0.000260824483121,
                    -0.000695727823768,
                    -0.00014169618953,
                    -0.000815669016447,
                    0.00511782709509,
                    -0.000355274736648,
                    -0.00150543299969,
                    -0.000273434008704,
                    0.00124569062609
                ],
                [
                    -5.27841075382e-05,
                    0.000382228405215,
                    0.000160903306096,
                    0.000744753633626,
                    -0.000337765523,
                    -0.000431676744483,
                    -0.000742262636777,
                    -0.00184541149065,
                    -0.000355274736648,
                    0.00751796457916,
                    -0.0012211544672,
                    0.000163541772054,
                    -0.000586450332776
                ],
                [
                    9.31146496441e-05,
                    -0.000607769179624,
                    0.000393226364395,
                    -0.000406059552915,
                    0.00124683673494,
                    2.35044553847e-05,
                    -0.00130952731706,
                    -0.000265142909484,
                    -0.00150543299969,
                    -0.0012211544672,
                    0.00887923501432,
                    -0.00246834079735,
                    -0.000168724029209
                ],
                [
                    -7.53155109123e-05,
                    0.000752224761527,
                    -0.000361955491826,
                    9.69467364484e-05,
                    -0.000100729288533,
                    0.00128048448823,
                    -0.000749929458834,
                    0.000804171606433,
                    -0.000273434008704,
                    0.000163541772054,
                    -0.00246834079735,
                    0.00809367746115,
                    -0.00126562966034
                ],
                [
                    1.73857297341e-05,
                    -0.000134843299747,
                    0.000608355854638,
                    -3.90670356865e-05,
                    -0.000854287703987,
                    1.05946783151e-05,
                    0.000753675587475,
                    -0.00145223573782,
                    0.00124569062609,
                    -0.000586450332776,
                    -0.000168724029209,
                    -0.00126562966034,
                    0.00846936553717
                ]
            ],
            "mean": [
                -110.0626297,
                76.361328125,
                -98.1343917847,
                19.0407791138,
                -51.5167961121,
                13.0083627701,
                -29.3868618011,
                19.9495792389,
                -21.2784748077,
                12.6042852402,
                -3.20280194283,
                -1.77194368839,
                -0.130269542336
            ]
        },
        "hfc": {
            "dmean": 6.57145881653,
            "dmean2": 9.91031646729,
            "dvar": 293.649139404,
            "dvar2": 674.606018066,
            "max": 304.502044678,
            "mean": 18.6159210205,
            "median": 13.5225028992,
            "min": 1.06514545318e-16,
            "var": 505.219726563
        },
        "melbands": {
            "dmean": [
                0.00375548726879,
                0.00195424351841,
                0.000975696777459,
                0.000329298141878,
                0.000177339155925,
                0.000129671316245,
                0.000129919513711,
                0.000159251096193,
                8.09742195997e-05,
                8.17602922325e-05,
                7.52173509682e-05,
                3.256324635e-05,
                3.82474754588e-05,
                4.2732401198e-05,
                1.88142839761e-05,
                1.3825777387e-05,
                3.76734969905e-05,
                2.82949113171e-05,
                2.27105974773e-05,
                1.60249528562e-05,
                1.02318663266e-05,
                1.13021906145e-05,
                1.11341596494e-05,
                1.10415467134e-05,
                9.63921593211e-06,
                4.62421212433e-06,
