{
    "lowlevel": {
        "average_loudness": 0.751714289188,
        "barkbands": {
            "dmean": [
                0.000283187924651,
                0.00467329286039,
                0.00175004336052,
                0.00236401637085,
                0.0023831280414,
                0.000893237243872,
                0.00058382289717,
                0.000516736239661,
                0.000494555220939,
                0.000297155085718,
                0.000234354723943,
                0.000197408007807,
                0.000175479130121,
                0.000265257694991,
                0.000237455809838,
                0.000175339300768,
                0.000197652465431,
                0.000121416414913,
                0.000113543574116,
                0.000127530787722,
                5.7007844589e-05,
                6.34256211924e-05,
                5.54619800823e-05,
                4.97578694194e-05,
                4.26057085861e-05,
                1.75958848558e-05,
                2.39756536757e-06
            ],
            "dmean2": [
                0.000469812803203,
                0.00753505993634,
                0.00295609910972,
                0.0041508669965,
                0.00395515747368,
                0.0013362969039,
                0.000901544175576,
                0.000736895890441,
                0.000708784034941,
                0.000434553920059,
                0.000350702903233,
                0.000301919557387,
                0.000268748990493,
                0.000409737578593,
                0.000362128572306,
                0.000274280027952,
                0.000305848545395,
                0.000194206179003,
                0.000177376292413,
                0.000195029380848,
                8.82238527993e-05,
                9.41659454838e-05,
                7.78947724029e-05,
                6.98720177752e-05,
                6.02134641667e-05,
                2.55052327702e-05,
                3.36534299095e-06
            ],
            "dvar": [
                1.58552586527e-06,
                0.000187857207493,
                1.40254869621e-05,
                6.74371694913e-05,
                2.89617455564e-05,
                2.8376884984e-06,
                1.72115107944e-06,
                1.55232385168e-06,
                1.26194879613e-06,
                5.48971854641e-07,
                3.30842681251e-07,
                2.66167774043e-07,
                2.4131054488e-07,
                5.67976201182e-07,
                3.72825127215e-07,
                2.79566876316e-07,
                3.12147733439e-07,
                9.08040576064e-08,
                7.57872555823e-08,
                1.4132390902e-07,
                2.96904634212e-08,
                3.02407379138e-08,
                2.26623892985e-08,
                1.53708263895e-08,
                1.47798218109e-08,
                1.76395442697e-09,
                4.53539532319e-11
            ],
            "dvar2": [
                4.55226654594e-06,
                0.00045184470946,
                4.07202278438e-05,
                0.000193517975276,
                7.94604129624e-05,
                6.67648782837e-06,
                3.73660759578e-06,
                2.96395501209e-06,
                2.52022618952e-06,
                1.12045017886e-06,
                6.71397572205e-07,
                5.08641164743e-07,
                4.98433109897e-07,
                1.35345180752e-06,
                8.28030294997e-07,
                6.53697100006e-07,
                6.83562291215e-07,
                2.37915671164e-07,
                1.85326328506e-07,
                3.35828985953e-07,
                7.66665451124e-08,
                7.38973540138e-08,
                4.30530953111e-08,
                2.80591141433e-08,
                3.01134583935e-08,
                3.6812055626e-09,
                8.93250473588e-11
            ],
            "max": [
                0.0252567399293,
                0.243528753519,
                0.068607956171,
                0.189333587885,
                0.110183261335,
                0.0448288805783,
                0.043402954936,
                0.0362250395119,
                0.0321548841894,
                0.0192511342466,
                0.0196095705032,
                0.0244447551668,
                0.0135597577319,
                0.0246743876487,
                0.0167719498277,
                0.0131388036534,
                0.0137262651697,
                0.00553935579956,
                0.00628380477428,
                0.00986595638096,
                0.00464471708983,
                0.00400668289512,
                0.00319189974107,
                0.00282359472476,
                0.00304409745149,
                0.000736564747058,
                0.000162436044775
            ],
            "mean": [
                0.000368204258848,
                0.0113145578653,
                0.00432955753058,
                0.00364101585001,
                0.00475618941709,
                0.00249089743011,
                0.00135074392892,
                0.00128564774059,
                0.00123600300867,
                0.000634062977042,
                0.000490725040436,
                0.00037500722101,
                0.000310380768497,
                0.000491980055813,
                0.000438790593762,
                0.000297685852274,
                0.000345793843735,
                0.000221636233618,
                0.000210092839552,
                0.000229515208048,
                0.000109531996713,
                0.000129560081405,
                0.000112307003292,
                9.84692524071e-05,
                8.33649173728e-05,
                3.34542273777e-05,
                4.05411856264e-06
            ],
            "median": [
                1.39745880006e-05,
                0.00617097504437,
                0.0023668082431,
                0.00179689773358,
                0.00253366865218,
                0.00140269089025,
                0.000529469572939,
                0.000355785421561,
                0.000488736666739,
                0.000240681270952,
                0.000184667092981,
                0.000164451848832,
                0.000110961249447,
                0.000111328423372,
                0.00012605736265,
                9.23845509533e-05,
                0.000100565295725,
                8.21132343845e-05,
                7.46740261093e-05,
                5.46062947251e-05,
                2.26033189392e-05,
                3.16080004268e-05,
                2.56199182331e-05,
                2.58262407442e-05,
                2.66474016826e-05,
                1.2074325241e-05,
                1.06406184841e-06
            ],
            "min": [
                1.39923690304e-24,
                1.6182911913e-23,
                6.17877433939e-24,
                3.05038568932e-24,
                3.31949355701e-23,
                1.39881683461e-23,
                1.29853636302e-23,
                1.41454467002e-23,
                3.90937313413e-23,
                7.52182533443e-23,
                1.67068023288e-23,
                2.60539946844e-23,
                9.07894146694e-23,
                9.92832630516e-23,
                7.42435746751e-23,
                9.32093054496e-23,
                1.16627531256e-22,
                1.20496370193e-22,
                1.96894279824e-22,
                2.99272244206e-22,
                3.73745989561e-22,
                3.69866636686e-22,
                6.47988825826e-22,
                8.6113621514e-22,
                1.15166563384e-21,
                1.45762279895e-21,
                2.40403424686e-21
            ],
            "var": [
                1.96470500669e-06,
                0.000325806060573,
                3.04712611978e-05,
                5.48756179342e-05,
                4.57698770333e-05,
                1.01949999589e-05,
                5.81507811148e-06,
                6.75971296005e-06,
                4.39001269115e-06,
                1.62272681337e-06,
                1.10484711513e-06,
                6.35171204522e-07,
                5.46829369341e-07,
                1.57615011176e-06,
                9.3527125955e-07,
                5.38982249054e-07,
                7.18373712516e-07,
                1.63275487353e-07,
                1.62265934023e-07,
                2.95765687497e-07,
                5.64755175958e-08,
                7.63804379744e-08,
                7.26775226667e-08,
                5.00989756347e-08,
                3.44322828028e-08,
                3.95814936383e-09,
                9.04356381448e-11
            ]
        },
        "barkbands_crest": {
            "dmean": 2.02433109283,
            "dmean2": 3.2505235672,
            "dvar": 4.29211950302,
            "dvar2": 11.2389039993,
            "max": 25.1547794342,
            "mean": 10.9058980942,
            "median": 10.3014726639,
            "min": 2.51623082161,
            "var": 14.853767395
        },
        "barkbands_flatness_db": {
            "dmean": 0.0181566588581,
            "dmean2": 0.0264738500118,
            "dvar": 0.000382257887395,
            "dvar2": 0.000772389350459,
            "max": 0.469629198313,
            "mean": 0.16733071208,
            "median": 0.154165223241,
            "min": 0.0315784439445,
            "var": 0.00420505879447
        },
        "barkbands_kurtosis": {
            "dmean": 3.20224905014,
            "dmean2": 4.98170661926,
            "dvar": 30.4577064514,
            "dvar2": 72.165222168,
            "max": 155.093978882,
            "mean": 7.59919643402,
            "median": 4.53747224808,
            "min": -1.91755020618,
            "var": 102.761940002
        },
        "barkbands_skewness": {
            "dmean": 0.464411437511,
            "dmean2": 0.701981842518,
            "dvar": 0.287959635258,
            "dvar2": 0.621055066586,
            "max": 9.35567855835,
            "mean": 2.00611376762,
            "median": 1.91154265404,
            "min": -8.78399658203,
            "var": 1.63318133354
        },
        "barkbands_spread": {
            "dmean": 4.06685161591,
            "dmean2": 6.08188581467,
            "dvar": 44.5066261292,
            "dvar2": 91.7133331299,
            "max": 129.652145386,
            "mean": 16.5801963806,
            "median": 12.8008203506,
            "min": 0.367376416922,
            "var": 181.495452881
        },
        "dissonance": {
            "dmean": 0.0214587617666,
            "dmean2": 0.0355932638049,
            "dvar": 0.000483276235173,
            "dvar2": 0.00128676858731,
            "max": 0.500000119209,
            "mean": 0.447116911411,
            "median": 0.458429127932,
            "min": 0.203812524676,
            "var": 0.00169509486295
        },
        "dynamic_complexity": 3.96218347549,
        "erbbands": {
            "dmean": [
                0.15554009378,
                1.06980121136,
                1.95071125031,
                4.92021989822,
                9.55587482452,
                7.49542856216,
                5.93184089661,
                7.21778011322,
                7.59630632401,
                9.96881961823,
                11.2385950089,
                11.4629583359,
                9.90944194794,
                9.35541725159,
                5.70919179916,
                8.40838813782,
                7.70628118515,
                12.0822134018,
                11.0173492432,
                9.36381816864,
                9.67308425903,
                9.79557514191,
                7.67930984497,
                4.14298439026,
                7.83037614822,
                5.03742218018,
                2.36317658424,
                2.3483941555,
                2.40205955505,
                1.89585065842,
                1.62013685703,
                1.10638701916,
                0.830047786236,
                0.532005131245,
                0.30490231514,
                0.114652507007,
                0.0241117794067,
                0.0039029372856,
                0.000404585036449,
                2.54519018199e-05
            ],
            "dmean2": [
                0.242204785347,
                1.76165485382,
                3.32468032837,
                8.5835313797,
                16.1537685394,
                12.4061031342,
                9.22906684875,
                10.6475410461,
                11.9445714951,
                14.6487426758,
                15.8907394409,
                16.3822631836,
                14.2357912064,
                13.9330377579,
                8.62273693085,
                12.7792577744,
                11.6811075211,
                18.3945407867,
                16.8252067566,
                14.1263093948,
                14.8213586807,
                15.1386079788,
                12.2367954254,
                6.50876092911,
                11.8996133804,
                7.55704641342,
                3.69684481621,
                3.57042479515,
                3.58170390129,
                2.78417301178,
                2.32543134689,
                1.56018412113,
                1.18619763851,
                0.75686186552,
                0.442951232195,
                0.168140351772,
                0.034437790513,
                0.005511184223,
                0.000562564120628,
                3.66491367458e-05
            ],
            "dvar": [
                0.265289634466,
                9.54477119446,
                20.1534843445,
                248.70149231,
                729.222412109,
                249.3775177,
                147.185897827,
                215.638397217,
                263.332611084,
                625.859863281,
                698.276794434,
                731.982666016,
                565.712158203,
                524.449462891,
                164.649078369,
                492.399719238,
                424.966430664,
                1137.27954102,
                780.760681152,
                608.196716309,
                780.851989746,
                677.618774414,
                407.495239258,
                76.2906494141,
                438.443206787,
                219.992218018,
                55.8833656311,
                43.9378967285,
                39.3015136719,
                28.5042572021,
                21.3874397278,
                8.97075080872,
                4.58456325531,
                2.37301230431,
                0.738899886608,
                0.0806225389242,
                0.00341812334955,
                0.000100392535387,
                1.24730968309e-06,
                4.02161681734e-09
            ],
            "dvar2": [
                0.625559151173,
                25.4127960205,
                58.0342674255,
                704.782470703,
                2039.64465332,
                672.554504395,
                371.246734619,
                498.12008667,
                636.40057373,
                1336.73522949,
                1337.9621582,
                1466.46691895,
                1092.04040527,
                1077.41235352,
                336.447601318,
                964.979553223,
                878.775085449,
                2705.69335938,
                1788.86743164,
                1297.05773926,
                1719.7479248,
                1525.02026367,
                1055.72851563,
                184.235076904,
                1063.88269043,
                516.269836426,
                146.277328491,
                110.637565613,
                93.1792449951,
                65.3380126953,
                42.1934547424,
                17.4749641418,
                8.64689159393,
                4.86835193634,
                1.56828868389,
                0.172852650285,
                0.00683145830408,
                0.000200345180929,
                2.44715602093e-06,
                8.16684320171e-09
            ],
            "max": [
                9.20151042938,
                58.0526123047,
                91.0889968872,
                363.334960938,
                691.610351563,
                297.236968994,
                261.093048096,
                395.769470215,
                373.869506836,
                581.612365723,
                953.305480957,
                887.848876953,
                609.771179199,
                766.175598145,
                349.541717529,
                926.91619873,
                583.294433594,
                1158.7388916,
                757.486755371,
                994.89630127,
                823.099182129,
                571.729919434,
                392.981170654,
                215.482757568,
                449.00390625,
                398.326751709,
                195.143249512,
                144.539749146,
                125.866218567,
                173.854934692,
                111.304077148,
                76.4466552734,
                60.87159729,
                38.8243904114,
                19.7492141724,
                5.73143053055,
                1.09976577759,
                0.192813068628,
                0.0323242247105,
                0.00133554509375
            ],
            "mean": [
                0.344270318747,
                2.47159123421,
                4.93935060501,
                9.08555030823,
                16.479347229,
                15.8465604782,
                14.6184825897,
                19.916097641,
                17.8770904541,
                25.8616600037,
                28.4607257843,
                29.0005092621,
                23.1943283081,
                21.0401439667,
                12.4325485229,
                16.5789356232,
                15.4691877365,
                23.8758602142,
                23.6475009918,
                18.6450462341,
                18.5922031403,
                18.4764881134,
                14.0281515121,
                8.8863067627,
                14.1854410172,
                9.37365245819,
                4.59827566147,
                4.5511007309,
                4.90508031845,
                3.71389007568,
                3.20017337799,
                2.11320567131,
                1.61140167713,
                1.01036214828,
                0.565895438194,
                0.218766525388,
                0.0447872243822,
                0.00691263843328,
                0.000712162640411,
                7.23974226275e-05
            ],
            "median": [
                0.120862588286,
                1.44694268703,
                3.69162225723,
                5.67015647888,
                8.79378032684,
                8.01690578461,
                7.53735685349,
                10.5818405151,
                8.41498661041,
                9.50560283661,
                11.44871521,
                11.2082328796,
                8.9178981781,
                8.27487373352,
                5.78640937805,
                7.15208482742,
                6.35090446472,
                6.54256248474,
                7.15318918228,
                6.62082386017,
                6.45006227493,
                5.89340734482,
                5.34489965439,
                3.54072856903,
                4.37789058685,
                2.33118081093,
                0.991999328136,
                1.03429543972,
                1.17044699192,
                0.934907495975,
                0.689208269119,
                0.445243239403,
                0.440057754517,
                0.29637914896,
                0.174890324473,
                0.0816552862525,
                0.0143708558753,
                0.00191330024973,
                0.00020939107344,
                5.14670246048e-05
            ],
            "min": [
                4.9832992142e-22,
                1.78300477402e-21,
                5.5288384597e-21,
                7.65378588568e-21,
                5.93808340204e-20,
                6.2087782575e-20,
                2.3724995612e-20,
                8.61294445744e-20,
                1.36042556712e-19,
                2.95397880669e-19,
                3.97060239108e-19,
                1.21934208128e-18,
                1.81295098048e-18,
                1.26414942108e-18,
                8.82481772405e-19,
                1.17111910593e-18,
                3.29666319086e-18,
                4.93036702773e-18,
                4.35958428093e-18,
                4.99185053548e-18,
                6.01755159991e-18,
                7.09367759449e-18,
                7.66250075042e-18,
                8.67922152853e-18,
                9.00719367833e-18,
                1.48609581403e-17,
                1.24970314596e-17,
                1.64161139402e-17,
                1.51021888223e-17,
                1.38628456172e-17,
                1.62463020322e-17,
                1.76334839195e-17,
                1.45088687125e-17,
                1.11400855052e-17,
                7.86283231425e-18,
                4.9618557257e-18,
                2.71852453366e-18,
                1.20650785709e-18,
                2.94219355091e-19,
                3.3182599073e-20
            ],
            "var": [
                0.449061334133,
                13.8705444336,
                37.1344032288,
                232.741989136,
                739.649658203,
                570.104614258,
                469.293304443,
                778.127258301,
                765.843200684,
                2113.85668945,
                3087.4675293,
                2532.49829102,
                2062.72558594,
                1814.02612305,
                492.231567383,
                1201.6661377,
                1049.1730957,
                3007.92871094,
                2314.86132813,
                1566.65380859,
                1760.02148438,
                1717.66748047,
                687.083679199,
                206.181884766,
                907.331542969,
                434.916320801,
                98.4707489014,
                94.109413147,
                105.110054016,
                76.4776992798,
                62.8018493652,
                26.1061306,
                14.2976026535,
                5.50413799286,
                1.59396386147,
                0.172746881843,
                0.00778759922832,
                0.00021678218036,
                2.56507360064e-06,
                8.74388828009e-09
            ]
        },
        "erbbands_crest": {
            "dmean": 2.01342725754,
            "dmean2": 3.20984601974,
            "dvar": 4.06836366653,
            "dvar2": 9.91875553131,
            "max": 28.2169532776,
            "mean": 8.99247741699,
            "median": 8.19665050507,
            "min": 2.29076099396,
            "var": 15.8839797974
        },
        "erbbands_flatness_db": {
            "dmean": 0.0139982411638,
            "dmean2": 0.0195834618062,
            "dvar": 0.000232506150496,
            "dvar2": 0.00042936578393,
            "max": 0.444594800472,
            "mean": 0.162679135799,
            "median": 0.146918863058,
            "min": 0.044497359544,
            "var": 0.0045559424907
        },
        "erbbands_kurtosis": {
            "dmean": 0.879640340805,
            "dmean2": 1.37381947041,
            "dvar": 3.36108756065,
            "dvar2": 9.20608615875,
            "max": 81.882194519,
            "mean": 1.04799520969,
            "median": 0.144305080175,
            "min": -1.76477646828,
            "var": 12.7541246414
        },
        "erbbands_skewness": {
            "dmean": 0.30402046442,
            "dmean2": 0.458169549704,
            "dvar": 0.113230705261,
            "dvar2": 0.240452229977,
            "max": 7.48696470261,
            "mean": 0.532150626183,
            "median": 0.490930110216,
            "min": -2.67303967476,
            "var": 0.73897844553
        },
        "erbbands_spread": {
            "dmean": 6.57164049149,
            "dmean2": 9.75695419312,
            "dvar": 77.7908325195,
            "dvar2": 159.9871521,
            "max": 160.357406616,
            "mean": 37.6647262573,
            "median": 34.3603553772,
            "min": 2.37323737144,
            "var": 432.068725586
        },
        "gfcc": {
            "cov": [
                [
                    21361.1464844,
                    -2880.09448242,
                    -540.129516602,
                    2563.60009766,
                    -335.789215088,
                    1554.15405273,
                    -363.261932373,
                    813.523620605,
                    6.66997766495,
                    462.724456787,
                    -132.280471802,
                    231.518478394,
                    -334.528198242
                ],
                [
                    -2880.09448242,
                    2645.93164063,
                    -456.714202881,
                    -762.501220703,
                    547.924987793,
                    -419.384338379,
                    285.983062744,
                    -202.338119507,
                    180.878829956,
                    -240.292388916,
                    163.767440796,
                    -120.143821716,
                    143.245315552
                ],
                [
                    -540.129516602,
                    -456.714202881,
                    942.550964355,
                    219.345123291,
                    -29.3677558899,
                    263.644348145,
                    -76.8786087036,
                    63.5647583008,
                    -30.6634750366,
                    120.993179321,
                    3.558770895,
                    87.9946136475,
                    -7.71623802185
                ],
                [
                    2563.60009766,
                    -762.501220703,
                    219.345123291,
                    933.530273438,
                    43.7697257996,
                    311.52041626,
                    9.28715229034,
                    140.403167725,
                    70.7669677734,
                    140.526550293,
                    35.943145752,
                    107.149620056,
                    49.5475006104
                ],
                [
                    -335.789215088,
                    547.924987793,
                    -29.3677558899,
                    43.7697257996,
                    375.426513672,
                    2.93579792976,
                    105.04549408,
                    23.4879608154,
                    120.304962158,
                    6.31510972977,
                    85.397644043,
                    2.73117041588,
                    65.1021194458
                ],
                [
                    1554.15405273,
                    -419.384338379,
                    263.644348145,
                    311.52041626,
                    2.93579792976,
                    400.811157227,
                    10.1775798798,
                    112.795578003,
                    32.1262207031,
                    108.74080658,
                    12.7521677017,
                    53.1824455261,
                    -13.1800756454
                ],
                [
                    -363.261932373,
                    285.983062744,
                    -76.8786087036,
                    9.28715229034,
                    105.04549408,
                    10.1775798798,
                    258.863616943,
                    19.5005073547,
                    50.3592338562,
                    -0.153351873159,
                    55.1751747131,
                    12.4865837097,
                    47.8111953735
                ],
                [
                    813.523620605,
                    -202.338119507,
                    63.5647583008,
                    140.403167725,
                    23.4879608154,
                    112.795578003,
                    19.5005073547,
                    168.855773926,
                    39.527545929,
                    49.7971076965,
                    19.6196022034,
                    25.1792984009,
                    -8.02528476715
                ],
                [
                    6.66997766495,
                    180.878829956,
                    -30.6634750366,
                    70.7669677734,
                    120.304962158,
                    32.1262207031,
                    50.3592338562,
                    39.527545929,
                    175.810073853,
                    34.4309806824,
                    33.1380805969,
                    6.42308855057,
                    31.5725479126
                ],
                [
                    462.724456787,
                    -240.292388916,
                    120.993179321,
                    140.526550293,
                    6.31510972977,
                    108.74080658,
                    -0.153351873159,
                    49.7971076965,
                    34.4309806824,
                    135.674942017,
                    22.8813705444,
                    19.4910984039,
                    -3.07462120056
                ],
                [
                    -132.280471802,
                    163.767440796,
                    3.558770895,
                    35.943145752,
                    85.397644043,
                    12.7521677017,
                    55.1751747131,
                    19.6196022034,
                    33.1380805969,
                    22.8813705444,
                    115.237831116,
                    20.1905345917,
                    19.4821929932
                ],
                [
                    231.518478394,
                    -120.143821716,
                    87.9946136475,
                    107.149620056,
                    2.73117041588,
                    53.1824455261,
                    12.4865837097,
                    25.1792984009,
                    6.42308855057,
                    19.4910984039,
                    20.1905345917,
                    107.438789368,
                    23.8353366852
                ],
                [
                    -334.528198242,
                    143.245315552,
                    -7.71623802185,
                    49.5475006104,
                    65.1021194458,
                    -13.1800756454,
                    47.8111953735,
                    -8.02528476715,
                    31.5725479126,
                    -3.07462120056,
                    19.4821929932,
                    23.8353366852,
                    108.549690247
                ]
            ],
            "icov": [
                [
                    0.000186581062735,
                    -0.000206645097933,
                    0.000447622325737,
                    -0.000516460742801,
                    0.000191977058421,
                    -0.000595488178078,
                    0.00037382269511,
                    -0.000527186726686,
                    0.000369474932086,
                    -0.000309520488372,
                    0.000393624708522,
                    -0.000287823320832,
                    0.000600510335062
                ],
                [
                    -0.000206645097933,
                    0.00166804704349,
                    -0.00049623043742,
                    0.00147828215268,
                    -0.00166164559778,
                    0.000811343605164,
                    -0.000990641186945,
                    0.00147614558227,
                    -0.00129490264226,
                    0.00188137160148,
                    -0.00162870355416,
                    0.00100670184474,
                    -0.00140634947456
                ],
                [
                    0.000447622325737,
                    -0.00049623043742,
                    0.00256909034215,
                    -0.00114480301272,
                    0.000286961207166,
                    -0.00223124795593,
                    0.00137731665745,
                    -0.00116574112326,
                    0.00142164214049,
                    -0.00158847833518,
                    0.00102829898242,
                    -0.0015502840979,
                    0.00130100466777
                ],
                [
                    -0.000516460742801,
                    0.00147828215268,
                    -0.00114480301272,
                    0.00371086015366,
                    -0.00148348021321,
                    0.000800368608907,
                    -0.00113280769438,
                    0.00151555333287,
                    -0.00169021717738,
                    0.00104631425347,
                    -0.00180099112913,
                    0.000324095133692,
                    -0.00294640194625
                ],
                [
                    0.000191977058421,
                    -0.00166164559778,
                    0.000286961207166,
                    -0.00148348021321,
                    0.00596741726622,
                    -0.000739315873943,
                    0.000314807373798,
                    -0.00152317702305,
                    -0.00100236723665,
                    -0.00106032704934,
                    -0.000673222180922,
                    -0.00010676128295,
                    -3.22580563079e-05
                ],
                [
                    -0.000595488178078,
                    0.000811343605164,
                    -0.00223124795593,
                    0.000800368608907,
                    -0.000739315873943,
                    0.00657424423844,
                    -0.00180325808469,
                    0.000322020816384,
                    -0.0013957710471,
                    -0.00033888919279,
                    -0.000869761395734,
                    0.000639258418232,
                    -0.000957971846219
                ],
                [
                    0.00037382269511,
                    -0.000990641186945,
                    0.00137731665745,
                    -0.00113280769438,
                    0.000314807373798,
                    -0.00180325808469,
                    0.00597725994885,
                    -0.00179851322901,
                    0.000805361487437,
                    -0.000988690415397,
                    -0.000271923025139,
                    -0.00110222317744,
                    -7.05523125362e-05
                ],
                [
                    -0.000527186726686,
                    0.00147614558227,
                    -0.00116574112326,
                    0.00151555333287,
                    -0.00152317702305,
                    0.000322020816384,
                    -0.00179851322901,
                    0.010121206753,
                    -0.00273463502526,
                    0.000964433012996,
                    -0.00228133634664,
                    0.000527307216544,
                    -0.000737858179491
                ],
                [
                    0.000369474932086,
                    -0.00129490264226,
                    0.00142164214049,
                    -0.00169021717738,
                    -0.00100236723665,
                    -0.0013957710471,
                    0.000805361487437,
                    -0.00273463502526,
                    0.00953927170485,
                    -0.00347506767139,
                    0.00172004348133,
                    -0.000855637015775,
                    0.000600952189416
                ],
                [
                    -0.000309520488372,
                    0.00188137160148,
                    -0.00158847833518,
                    0.00104631425347,
                    -0.00106032704934,
                    -0.00033888919279,
                    -0.000988690415397,
                    0.000964433012996,
                    -0.00347506767139,
                    0.0132983569056,
                    -0.0039404570125,
                    0.00192580150906,
                    -0.00125376950018
                ],
                [
                    0.000393624708522,
                    -0.00162870355416,
                    0.00102829898242,
                    -0.00180099112913,
                    -0.000673222180922,
                    -0.000869761395734,
                    -0.000271923025139,
                    -0.00228133634664,
                    0.00172004348133,
                    -0.0039404570125,
                    0.0135585088283,
                    -0.00311352801509,
                    0.0021451015491
                ],
                [
                    -0.000287823320832,
                    0.00100670184474,
                    -0.0015502840979,
                    0.000324095133692,
                    -0.00010676128295,
                    0.000639258418232,
                    -0.00110222317744,
                    0.000527307216544,
                    -0.000855637015775,
                    0.00192580150906,
                    -0.00311352801509,
                    0.0128116039559,
                    -0.00375845702365
                ],
                [
                    0.000600510335062,
                    -0.00140634947456,
                    0.00130100466777,
                    -0.00294640194625,
                    -3.22580563079e-05,
                    -0.000957971846219,
                    -7.05523125362e-05,
                    -0.000737858179491,
                    0.000600952189416,
                    -0.00125376950018,
                    0.0021451015491,
                    -0.00375845702365,
                    0.0144657827914
                ]
            ],
            "mean": [
                -30.6706695557,
                109.253326416,
                -96.4399337769,
                19.7965660095,
                -50.8364067078,
                6.71417951584,
                -40.0870857239,
                8.46466255188,
                -24.3567714691,
                -0.618402659893,
                -17.9220981598,
                -3.65000200272,
                -12.5670785904
            ]
        },
        "hfc": {
            "dmean": 4.0005030632,
            "dmean2": 5.67455196381,
            "dvar": 54.6765708923,
            "dvar2": 119.126678467,
            "max": 140.562255859,
            "mean": 17.3961181641,
            "median": 12.9476737976,
            "min": 1.18778252288e-16,
            "var": 261.751922607
        },
        "melbands": {
            "dmean": [
                0.00130980741233,
                0.00110534008127,
                0.000964664388448,
                0.000627592264209,
                0.00020033364126,
                0.000164864512044,
                0.000115799732157,
                0.000108762942546,
                9.64560604189e-05,
                7.28213781258e-05,
                4.95934255014e-05,
                3.73269831471e-05,
                2.28707085626e-05,
                2.11397491512e-05,
                1.7863127141e-05,
                2.09987392736e-05,
                2.63130023086e-05,
                1.917478221e-05,
                1.9497167159e-05,
                1.240673555e-05,
                1.23012996482e-05,
                1.15825632747e-05,
                8.50805463415e-06,
                5.14674547958e-06,
                3.45004150404e-06,
                5.25898576598e-06,
                6.71433554089e-06,
