{
    "lowlevel": {
        "average_loudness": 0.942320525646,
        "barkbands": {
            "dmean": [
                0.000367297674529,
                0.00574650429189,
                0.00439917901531,
                0.00302261952311,
                0.00333324726671,
                0.00104896211997,
                0.000584565103054,
                0.000494686653838,
                0.000752620922867,
                0.00042597236461,
                0.000576369813643,
                0.000647349108476,
                0.000503024144564,
                0.000431468943134,
                0.000502726645209,
                0.000307841779431,
                0.000274402002105,
                0.000219779380132,
                0.000111706074676,
                0.000116018563858,
                0.000135809284984,
                7.11727116141e-05,
                0.000120704513392,
                0.000109203210741,
                0.0001423041831,
                0.000175183071406,
                7.06678401912e-05
            ],
            "dmean2": [
                0.000653751660138,
                0.00918249133974,
                0.00772204296663,
                0.00561453262344,
                0.00593782449141,
                0.00166673772037,
                0.000933672476094,
                0.000818369735498,
                0.00118154322263,
                0.00069932162296,
                0.000936116441153,
                0.00101112329867,
                0.000762607262004,
                0.000687852792908,
                0.000776311266236,
                0.000479184876895,
                0.000420812517405,
                0.00036428833846,
                0.000178567221155,
                0.000176379660843,
                0.000206624114071,
                0.000118541516713,
                0.000209814999835,
                0.000182294505066,
                0.000230134130106,
                0.000307047070237,
                0.000115387112601
            ],
            "dvar": [
                3.63235102441e-07,
                0.000108188352897,
                0.000151724278112,
                7.7930460975e-05,
                7.69085309003e-05,
                3.20445747093e-06,
                1.56066118961e-06,
                1.49319293996e-06,
                4.04807951782e-06,
                1.74066724412e-06,
                2.40834674514e-06,
                3.45101557286e-06,
                1.95679172066e-06,
                1.41150678701e-06,
                1.91891285795e-06,
                7.21352762412e-07,
                5.1550716762e-07,
                2.33781520365e-07,
                6.25042844149e-08,
                5.77830618909e-08,
                8.38630000999e-08,
                3.66085117776e-08,
                5.10324049685e-08,
                3.69563366576e-08,
                8.87452600296e-08,
                1.10526933383e-07,
                3.04265732609e-08
            ],
            "dvar2": [
                1.16205728773e-06,
                0.000261073961155,
                0.000406871084124,
                0.000221443449846,
                0.000214859959669,
                8.08772983873e-06,
                3.5757286696e-06,
                3.56170744453e-06,
                9.1974670795e-06,
                4.13617499362e-06,
                5.03516866956e-06,
                7.33286196919e-06,
                4.45336945631e-06,
                3.35732784151e-06,
                3.95305869461e-06,
                1.5584242874e-06,
                1.1898169987e-06,
                5.98849283051e-07,
                1.40723429354e-07,
                1.34202181812e-07,
                1.83062240922e-07,
                9.41651947528e-08,
                1.29115491632e-07,
                8.61811528807e-08,
                2.01488347784e-07,
                2.7252283985e-07,
                6.73727811318e-08
            ],
            "max": [
                0.00458191242069,
                0.0894726216793,
                0.094098739326,
                0.0829750448465,
                0.0790064558387,
                0.0221039224416,
                0.0247128158808,
                0.0280798692256,
                0.0462709590793,
                0.0388827174902,
                0.0373368598521,
                0.0403464250267,
                0.0305708162487,
                0.025804894045,
                0.0329379178584,
                0.0237975660712,
                0.0191994551569,
                0.0151370195672,
                0.00597739219666,
                0.0049053831026,
                0.00772237917408,
                0.00334060401656,
                0.00310848653316,
                0.00372990150936,
                0.00721918838099,
                0.00529259489849,
                0.00492390897125
            ],
            "mean": [
                0.000400879362132,
                0.00847164727747,
                0.00347498548217,
                0.00208435370587,
                0.00309942546301,
                0.0019271018682,
                0.000868581933901,
                0.000608962553088,
                0.00100605690386,
                0.000514811021276,
                0.000810722063761,
                0.00096042099176,
                0.000734650820959,
                0.000548247480765,
                0.000719232542906,
                0.000472849817015,
                0.000466492725536,
                0.000361570098903,
                0.000178330345079,
                0.00022153602913,
                0.000259865395492,
                0.000117577976198,
                0.000169373190147,
                0.000177369831363,
                0.000224185583647,
                0.000213638617424,
                0.000113184876682
            ],
            "median": [
                0.000131489287014,
                0.00273057026789,
                0.000271835684543,
                0.000199520436581,
                0.00102302234154,
                0.000868677569088,
                0.000271992874332,
                0.000147329279571,
                0.00019909835828,
                9.27226137719e-05,
                7.70622646087e-05,
                9.38455268624e-05,
                0.000104109320091,
                8.45747563289e-05,
                0.000119843811262,
                8.71392185218e-05,
                8.56633705553e-05,
                8.34077218315e-05,
                4.2683477659e-05,
                6.39628051431e-05,
                6.30345457466e-05,
                2.24396953854e-05,
                3.47592831531e-05,
                5.75758895138e-05,
                4.7925459512e-05,
                2.58429172391e-05,
                7.51450897951e-06
            ],
            "min": [
                7.4586971152e-25,
                5.85225968312e-24,
                2.35310522431e-24,
                3.86979976905e-24,
                1.97340670966e-23,
                1.82140441505e-23,
                2.96502738951e-24,
                1.6452569814e-23,
                2.88967827518e-23,
                3.2587604181e-23,
                5.91995491396e-23,
                3.01937521215e-23,
                4.79086713556e-23,
                8.29898837906e-23,
                6.50054265625e-23,
                6.60632322384e-23,
                1.1327146453e-22,
                1.17770672749e-22,
                1.47897977539e-22,
                1.83375551558e-22,
                2.72734155561e-22,
                3.50282640911e-22,
                3.54217756785e-22,
                6.46502031279e-22,
                8.46248579701e-22,
                1.38492370034e-21,
                1.9587923672e-21
            ],
            "var": [
                4.07176685258e-07,
                0.000170531769982,
                0.000107003717858,
                4.60759656562e-05,
                5.01007998537e-05,
                6.43154453428e-06,
                2.72219836006e-06,
                2.11271390071e-06,
                6.17001796854e-06,
                2.28808812608e-06,
                6.31657167105e-06,
                8.67285962158e-06,
                3.9596679926e-06,
                2.06613049158e-06,
                4.04507954954e-06,
                1.55437862759e-06,
                1.31267233883e-06,
                4.76585029219e-07,
                1.42016972404e-07,
                1.57645530408e-07,
                2.26802299608e-07,
                7.67145564851e-08,
                9.71004396888e-08,
                9.74982157231e-08,
                2.05812341392e-07,
                1.84609220355e-07,
                8.9952479243e-08
            ]
        },
        "barkbands_crest": {
            "dmean": 3.2346124649,
            "dmean2": 5.03469705582,
            "dvar": 8.58894824982,
            "dvar2": 21.1056900024,
            "max": 26.7053546906,
            "mean": 12.8607006073,
            "median": 12.3477077484,
            "min": 1.66786897182,
            "var": 29.6654338837
        },
        "barkbands_flatness_db": {
            "dmean": 0.0359278172255,
            "dmean2": 0.0541654601693,
            "dvar": 0.00148196902592,
            "dvar2": 0.0030250926502,
            "max": 0.723704457283,
            "mean": 0.189998090267,
            "median": 0.151890054345,
            "min": 0.0080756181851,
            "var": 0.0189936216921
        },
        "barkbands_kurtosis": {
            "dmean": 11.7747936249,
            "dmean2": 18.1900997162,
            "dvar": 1636.20629883,
            "dvar2": 3750.36254883,
            "max": 1808.51525879,
            "mean": 16.7172851563,
            "median": 2.68788099289,
            "min": -1.96343195438,
            "var": 2793.18896484
        },
        "barkbands_skewness": {
            "dmean": 1.07838082314,
            "dmean2": 1.58772981167,
            "dvar": 1.89531636238,
            "dvar2": 3.78876447678,
            "max": 33.211856842,
            "mean": 2.22267580032,
            "median": 1.56519639492,
            "min": -5.75229883194,
            "var": 6.61227607727
        },
        "barkbands_spread": {
            "dmean": 9.83703613281,
            "dmean2": 15.3319005966,
            "dvar": 177.744766235,
            "dvar2": 418.174194336,
            "max": 129.158538818,
            "mean": 23.9263153076,
            "median": 19.4161453247,
            "min": 0.0817830637097,
            "var": 428.603912354
        },
        "dissonance": {
            "dmean": 0.0285246055573,
            "dmean2": 0.0484639145434,
            "dvar": 0.00119023467414,
            "dvar2": 0.00315991439857,
            "max": 0.5,
            "mean": 0.440424144268,
            "median": 0.462438434362,
            "min": 0.0754118785262,
            "var": 0.00396425975487
        },
        "dynamic_complexity": 4.41089868546,
        "erbbands": {
            "dmean": [
                0.180384263396,
                1.32182013988,
                4.54167222977,
                7.67845678329,
                10.5538702011,
                12.1276140213,
                8.68969726563,
                8.68930530548,
                8.31048870087,
                9.69038391113,
                12.3418550491,
                16.6815910339,
                13.8298835754,
                16.1292629242,
                26.1635932922,
                21.9680843353,
                22.0086612701,
                19.9123325348,
                29.0732784271,
                15.337688446,
                17.2655487061,
                13.661488533,
                11.7002239227,
                8.41829967499,
                4.64306354523,
                5.76421308517,
                6.1348733902,
                4.29945993423,
                2.45610928535,
                2.97516298294,
                3.69824314117,
                2.46614551544,
                1.74966907501,
                1.62266564369,
                1.013635993,
                0.70400851965,
                0.374035477638,
                0.0669620558619,
                0.0102900769562,
                0.000905575056095
            ],
            "dmean2": [
                0.306521445513,
                2.05757570267,
                7.79447937012,
                13.6800765991,
                19.3572235107,
                21.4233188629,
                14.0725393295,
                14.0184364319,
                13.4143209457,
                15.3332576752,
                20.0072574615,
                26.4161396027,
                22.2764129639,
                26.0104885101,
                41.657749176,
                34.0365867615,
                32.8591804504,
                31.0911235809,
                44.246471405,
                24.5018920898,
                26.4604988098,
                20.9335956573,
                18.6305713654,
                13.7234067917,
                7.23563480377,
                8.7356672287,
                9.38394260406,
                6.66493749619,
                4.00170707703,
                5.10552167892,
                6.42573642731,
                4.17980766296,
                2.88347434998,
                2.67911601067,
                1.62693715096,
                1.21504771709,
                0.666796267033,
                0.112910836935,
                0.0167780481279,
                0.00147341447882
            ],
            "dvar": [
                0.0910452082753,
                7.56603384018,
                158.766647339,
                449.661346436,
                854.240844727,
                993.093444824,
                262.353973389,
                252.546142578,
                311.09085083,
                529.227050781,
                901.727600098,
                2315.58129883,
                1242.44250488,
                1652.28295898,
                3904.81762695,
                2852.96850586,
                3805.30444336,
                3481.03979492,
                7161.72314453,
                1025.54333496,
                2683.26074219,
                1286.5111084,
                698.071166992,
                343.678863525,
                90.4474411011,
                151.955184937,
                195.152740479,
                78.3998184204,
                38.9470100403,
                46.5117759705,
                48.2077140808,
                17.069475174,
                11.8891906738,
                10.0570726395,
                5.64127349854,
                1.81527614594,
                0.536565244198,
                0.0205957181752,
                0.000618318968918,
                5.32768444828e-06
            ],
            "dvar2": [
                0.256272941828,
                18.2786750793,
                413.778625488,
                1232.83105469,
                2395.38671875,
                2767.30249023,
                712.36895752,
                624.93371582,
                724.721313477,
                1243.92150879,
                2077.58984375,
                5342.29443359,
                2953.83642578,
                3748.89819336,
                8518.40820313,
                6182.23681641,
                8334.39550781,
                8174.97705078,
                14959.2480469,
                2406.11547852,
                5617.71337891,
                3021.58227539,
                1725.62768555,
                831.892700195,
                208.837158203,
                353.048095703,
                421.948059082,
                184.447921753,
                94.0980682373,
                120.444404602,
                122.915641785,
                41.2303886414,
                28.0818634033,
                23.4923267365,
                12.8962898254,
                4.31494951248,
                1.38647341728,
                0.0462578348815,
                0.00133454659954,
                1.26032400658e-05
            ],
            "max": [
                3.10439324379,
                25.5001907349,
                95.636177063,
                169.946746826,
                267.03213501,
                330.765319824,
                195.548400879,
                239.172088623,
                425.966491699,
                495.220062256,
                704.300964355,
                1152.72851563,
                923.638244629,
                1047.06591797,
                1419.03381348,
                1064.16174316,
                1578.0291748,
                1586.11853027,
                2043.97229004,
                912.277954102,
                1500.87487793,
                892.439819336,
                942.02947998,
                315.047332764,
                198.772171021,
                299.44317627,
                426.822845459,
                148.789627075,
                109.037536621,
                117.865837097,
                86.8801345825,
                67.9557113647,
                68.0495605469,
                62.0150527954,
                62.0684394836,
                21.4155197144,
                10.4356794357,
                3.65098619461,
                0.675280213356,
                0.0645079985261
            ],
            "mean": [
                0.264833062887,
                1.82406663895,
                3.93186354637,
                5.94633054733,
                7.58690738678,
                11.4488830566,
                14.6436014175,
                14.8521003723,
                12.3793411255,
                14.2548913956,
                16.1700706482,
                22.215593338,
                17.5137042999,
                21.9320850372,
                41.8365859985,
                34.9004821777,
                34.7070999146,
                27.1276664734,
                43.813495636,
                22.8633556366,
                28.6545963287,
                24.5815792084,
                21.7170009613,
                13.9003705978,
                8.47828674316,
                11.2621870041,
                11.8105611801,
                8.01114654541,
                4.24343109131,
                4.6212105751,
                4.98847389221,
                3.83521080017,
                2.85293865204,
                2.43114924431,
                1.62409317493,
                0.91775739193,
                0.410397976637,
                0.0931715741754,
                0.0163797978312,
                0.00149168621283
            ],
            "median": [
                0.0856735631824,
                0.559458136559,
                0.563191354275,
                0.81044024229,
                0.900687217712,
                2.96293020248,
                7.98273420334,
                4.85141611099,
                4.68759918213,
                3.83865761757,
                4.89143800735,
                4.8945479393,
                4.5813999176,
                4.79332971573,
                5.91462755203,
                5.98076629639,
                5.65389585495,
                5.85044050217,
                6.82995653152,
                5.83401584625,
                5.26572990417,
                4.85202360153,
                5.17980718613,
                3.37609887123,
                2.47798967361,
                3.27474999428,
                2.90060067177,
                1.87918007374,
                0.890282094479,
                0.837972760201,
                1.07164537907,
                1.30386996269,
                0.808419942856,
                0.533668935299,
                0.324550151825,
                0.143487513065,
                0.0407790839672,
                0.00836365297437,
                0.00129207025748,
                0.000108762535092
            ],
            "min": [
                1.54401889578e-22,
                8.49352122585e-22,
                2.8097495756e-21,
                1.26151287659e-20,
                2.50509192819e-20,
                7.34955984238e-20,
                1.305871584e-19,
                1.32320127633e-19,
                9.83554842206e-20,
                7.14651414386e-20,
                6.3872684533e-19,
                6.93615345454e-19,
                6.68056860393e-19,
                1.5413782796e-18,
                2.18033187581e-18,
                1.57311637252e-18,
                2.29696889168e-18,
                4.04790965715e-18,
                2.94811843884e-18,
                3.06242942282e-18,
                4.81594644232e-18,
                7.11769064767e-18,
                7.55017045042e-18,
                7.327225423e-18,
                9.57413830709e-18,
                8.16587406756e-18,
                9.54495785662e-18,
                1.10153590766e-17,
                1.12713814023e-17,
                1.24628689003e-17,
                1.07464865e-17,
                1.41712781066e-17,
                1.0844275792e-17,
                7.92995967532e-18,
                7.89958725759e-18,
                5.01336426244e-18,
                2.51016724994e-18,
                1.16725338073e-18,
                2.48405362329e-19,
                3.0375222391e-20
            ],
            "var": [
                0.146030262113,
                10.0475282669,
                121.866653442,
                297.926422119,
                523.508789063,
                678.562561035,
                354.721282959,
                502.977386475,
                485.2684021,
                941.844299316,
                1394.39416504,
                3271.8347168,
                1666.11523438,
                2733.15087891,
                11268.2148438,
                7280.20214844,
                8816.04394531,
                4781.49072266,
                15244.0546875,
                1805.82177734,
                6326.21337891,
                3120.39208984,
                1731.4017334,
                764.134765625,
                248.588302612,
                416.415588379,
                496.662536621,
                229.817260742,
                94.6812667847,
                98.2380218506,
                79.6475143433,
                39.3034553528,
                31.0330047607,
                23.1498165131,
                12.0869054794,
                3.54468107224,
                0.704269945621,
                0.0473212525249,
                0.00187046616338,
                1.6055888409e-05
            ]
        },
        "erbbands_crest": {
            "dmean": 3.40367507935,
            "dmean2": 5.42043924332,
            "dvar": 10.9109764099,
            "dvar2": 26.7281932831,
            "max": 30.7939186096,
            "mean": 11.8126535416,
            "median": 10.6913928986,
            "min": 2.23385262489,
            "var": 35.1805648804
        },
        "erbbands_flatness_db": {
            "dmean": 0.0252527631819,
            "dmean2": 0.036801353097,
            "dvar": 0.000716326991096,
            "dvar2": 0.00136372225825,
            "max": 0.624057888985,
            "mean": 0.182601764798,
            "median": 0.143857076764,
            "min": 0.0337178111076,
            "var": 0.0144097730517
        },
        "erbbands_kurtosis": {
            "dmean": 3.02259063721,
            "dmean2": 4.66780805588,
            "dvar": 43.5870475769,
            "dvar2": 98.7640533447,
            "max": 156.284225464,
            "mean": 4.10140657425,
            "median": 0.731328725815,
            "min": -1.95932948589,
            "var": 109.10395813
        },
        "erbbands_skewness": {
            "dmean": 0.607730686665,
            "dmean2": 0.89945179224,
            "dvar": 0.473596662283,
            "dvar2": 1.00544786453,
            "max": 9.36627960205,
            "mean": 0.714618802071,
            "median": 0.462727189064,
            "min": -5.45028305054,
            "var": 2.11809062958
        },
        "erbbands_spread": {
            "dmean": 12.879734993,
            "dmean2": 19.2765197754,
            "dvar": 298.494049072,
            "dvar2": 667.012145996,
            "max": 211.660308838,
            "mean": 38.3929176331,
            "median": 32.4375839233,
            "min": 0.524455368519,
            "var": 969.830871582
        },
        "gfcc": {
            "cov": [
                [
                    34114.9375,
                    -3754.22216797,
                    -126.624694824,
                    4129.01855469,
                    2343.47729492,
                    2750.00073242,
                    1270.58691406,
                    1565.44250488,
                    -127.010559082,
                    618.389160156,
                    -649.995666504,
                    -124.424568176,
                    -1024.99963379
                ],
                [
                    -3754.22216797,
                    2833.70166016,
                    527.725219727,
                    -465.842071533,
                    31.9044570923,
                    -449.158599854,
                    108.466156006,
                    -284.489318848,
                    40.9668502808,
                    -162.6222229,
                    137.308502197,
                    -181.422485352,
                    139.788085938
                ],
                [
                    -126.624694824,
                    527.725219727,
                    2824.30834961,
                    659.707946777,
                    -33.7301597595,
                    170.603820801,
                    78.963180542,
                    -71.0071716309,
                    257.481292725,
                    -66.8109436035,
                    -98.8776245117,
                    1.47366380692,
                    -293.929962158
                ],
                [
                    4129.01855469,
                    -465.842071533,
                    659.707946777,
                    1375.31628418,
                    703.554443359,
                    650.147399902,
                    415.847045898,
                    413.710479736,
                    227.077453613,
                    136.078674316,
                    -131.46673584,
                    1.0050766468,
                    -195.662033081
                ],
                [
                    2343.47729492,
                    31.9044570923,
                    -33.7301597595,
                    703.554443359,
                    1105.82324219,
                    659.55267334,
                    620.095947266,
                    391.218139648,
                    242.165374756,
                    77.6509552002,
                    -51.1674385071,
                    -42.2784614563,
                    -141.8384552
                ],
                [
                    2750.00073242,
                    -449.158599854,
                    170.603820801,
                    650.147399902,
                    659.55267334,
                    896.379333496,
                    497.997528076,
                    347.758239746,
                    204.331497192,
                    136.576324463,
                    -9.80734348297,
                    36.576335907,
                    -160.063522339
                ],
                [
                    1270.58691406,
                    108.466156006,
                    78.963180542,
                    415.847045898,
                    620.095947266,
                    497.997528076,
                    610.665649414,
                    298.921722412,
                    231.750991821,
                    52.2467880249,
                    0.309502124786,
                    -22.8148765564,
                    -89.6586608887
                ],
                [
                    1565.44250488,
                    -284.489318848,
                    -71.0071716309,
                    413.710479736,
                    391.218139648,
                    347.758239746,
                    298.921722412,
                    378.418823242,
                    165.937164307,
                    96.2029266357,
                    -12.6998176575,
                    25.3735675812,
                    -34.4090652466
                ],
                [
                    -127.010559082,
                    40.9668502808,
                    257.481292725,
                    227.077453613,
                    242.165374756,
                    204.331497192,
                    231.750991821,
                    165.937164307,
                    290.206451416,
                    48.6372489929,
                    -5.24615001678,
                    31.5793476105,
                    -33.0567588806
                ],
                [
                    618.389160156,
                    -162.6222229,
                    -66.8109436035,
                    136.078674316,
                    77.6509552002,
                    136.576324463,
                    52.2467880249,
                    96.2029266357,
                    48.6372489929,
                    172.961380005,
                    72.9619369507,
                    45.7549514771,
                    38.9689979553
                ],
                [
                    -649.995666504,
                    137.308502197,
                    -98.8776245117,
                    -131.46673584,
                    -51.1674385071,
                    -9.80734348297,
                    0.309502124786,
                    -12.6998176575,
                    -5.24615001678,
                    72.9619369507,
                    177.581054688,
                    63.5834846497,
                    78.0999603271
                ],
                [
                    -124.424568176,
                    -181.422485352,
                    1.47366380692,
                    1.0050766468,
                    -42.2784614563,
                    36.576335907,
                    -22.8148765564,
                    25.3735675812,
                    31.5793476105,
                    45.7549514771,
                    63.5834846497,
                    139.835632324,
                    48.6948852539
                ],
                [
                    -1024.99963379,
                    139.788085938,
                    -293.929962158,
                    -195.662033081,
                    -141.8384552,
                    -160.063522339,
                    -89.6586608887,
                    -34.4090652466,
                    -33.0567588806,
                    38.9689979553,
                    78.0999603271,
                    48.6948852539,
                    202.949371338
                ]
            ],
            "icov": [
                [
                    7.48558304622e-05,
                    2.22136577577e-06,
                    4.16760158259e-05,
                    -0.000158539318363,
                    3.23023523379e-05,
                    -6.60719815642e-05,
                    -4.13454290538e-05,
                    -0.000115933864436,
                    0.000313433003612,
                    -0.00021701870719,
                    0.000184306991287,
                    -6.00828752795e-05,
                    0.000252800353337
                ],
                [
                    2.22136577577e-06,
                    0.000780402158853,
                    -0.000284223089693,
                    0.000140124553582,
                    -0.000439649738837,
                    0.000421811360866,
                    -0.000399520242354,
                    0.000502844806761,
                    -0.000222350950935,
                    0.000572017626837,
                    -0.00099871121347,
                    0.00125862448476,
                    -0.00093239871785
                ],
                [
                    4.16760158259e-05,
                    -0.000284223089693,
                    0.000764633354265,
                    -0.000648361863568,
                    0.000537290179636,
                    -0.000164931785548,
                    5.17467451573e-05,
                    0.000400206656195,
                    -0.000510937999934,
                    -2.05010655918e-06,
                    0.000143858327647,
                    -0.000568907067645,
                    0.00122303585522
                ],
                [
                    -0.000158539318363,
                    0.000140124553582,
                    -0.000648361863568,
                    0.00237274100073,
                    -0.000898257712834,
                    -0.000131173685077,
                    0.000274570775218,
                    -0.000888564914931,
                    -0.000173715758137,
                    -0.000717886025086,
                    0.000889037328307,
                    6.31109578535e-05,
                    -0.000557000690605
                ],
                [
                    3.23023523379e-05,
                    -0.000439649738837,
                    0.000537290179636,
                    -0.000898257712834,
                    0.0031296487432,
                    -0.000820794666652,
                    -0.00154637231026,
                    -0.000484592252178,
                    -8.50544747664e-05,
                    -2.91863179882e-05,
                    0.000537844491191,
                    -9.44656858337e-05,
                    0.000960159348324
                ],
                [
                    -6.60719815642e-05,
                    0.000421811360866,
                    -0.000164931785548,
                    -0.000131173685077,
                    -0.000820794666652,
                    0.00360360811464,
                    -0.00172126397956,
                    -1.5740903109e-05,
                    8.37738407427e-05,
                    -0.00111735181417,
                    -0.000556274782866,
                    -0.00077645923011,
                    0.00114438415039
                ],
                [
                    -4.13454290538e-05,
                    -0.000399520242354,
                    5.17467451573e-05,
                    0.000274570775218,
                    -0.00154637231026,
                    -0.00172126397956,
                    0.00610135030001,
                    -0.00169719790574,
                    -0.00206270790659,
                    0.00157617160585,
                    -0.00146553351078,
                    0.00135327095632,
                    -2.39081909967e-05
                ],
                [
                    -0.000115933864436,
                    0.000502844806761,
                    0.000400206656195,
                    -0.000888564914931,
                    -0.000484592252178,
                    -1.5740903109e-05,
                    -0.00169719790574,
                    0.00748238619417,
                    -0.00231349584647,
                    -0.000713967485353,
                    -7.51081315684e-05,
                    6.74677039569e-07,
                    -0.00125218671747
                ],
                [
                    0.000313433003612,
                    -0.000222350950935,
                    -0.000510937999934,
                    -0.000173715758137,
                    -8.50544747664e-05,
                    8.37738407427e-05,
                    -0.00206270790659,
                    -0.00231349584647,
                    0.00798953417689,
                    -0.00232722423971,
                    0.00236368970945,
                    -0.00241575017571,
                    0.000950038665906
                ],
                [
                    -0.00021701870719,
                    0.000572017626837,
                    -2.05010655918e-06,
                    -0.000717886025086,
                    -2.91863179882e-05,
                    -0.00111735181417,
                    0.00157617160585,
                    -0.000713967485353,
                    -0.00232722423971,
                    0.0119656361639,
                    -0.00605835206807,
                    0.00172867951915,
                    -0.00327149406075
                ],
                [
                    0.000184306991287,
                    -0.00099871121347,
                    0.000143858327647,
                    0.000889037328307,
                    0.000537844491191,
                    -0.000556274782866,
                    -0.00146553351078,
                    -7.51081315684e-05,
                    0.00236368970945,
                    -0.00605835206807,
                    0.0123684545979,
                    -0.00523442029953,
                    5.71954160478e-06
                ],
                [
                    -6.00828752795e-05,
                    0.00125862448476,
                    -0.000568907067645,
                    6.31109578535e-05,
                    -9.44656858337e-05,
                    -0.00077645923011,
                    0.00135327095632,
                    6.74677039569e-07,
                    -0.00241575017571,
                    0.00172867951915,
                    -0.00523442029953,
                    0.012814658694,
                    -0.00379968713969
                ],
                [
                    0.000252800353337,
                    -0.00093239871785,
                    0.00122303585522,
                    -0.000557000690605,
                    0.000960159348324,
                    0.00114438415039,
                    -2.39081909967e-05,
                    -0.00125218671747,
                    0.000950038665906,
                    -0.00327149406075,
                    5.71954160478e-06,
                    -0.00379968713969,
                    0.0111237773672
                ]
            ],
            "mean": [
                -52.8252220154,
                61.3042640686,
                -90.0611038208,
                2.27991342545,
                -55.5403747559,
                2.14966702461,
                -43.2472229004,
                3.91582894325,
                -23.9377632141,
                5.66611242294,
                -9.77469730377,
                4.61295175552,
                -1.86406970024
            ]
        },
        "hfc": {
            "dmean": 11.0122995377,
            "dmean2": 17.2162895203,
            "dvar": 313.411132813,
            "dvar2": 701.354125977,
            "max": 356.715789795,
            "mean": 26.5207691193,
            "median": 17.0277748108,
            "min": 1.09179264648e-16,
            "var": 1067.27197266
        },
        "melbands": {
            "dmean": [
                0.00153703836259,
                0.00204836460762,
                0.00137654412538,
                0.000829812546726,
                0.00033904335578,
                0.00019383316976,
                0.000126267957967,
                0.000103519087133,
                0.000107329069579,
                0.000104840764834,
                7.03771729604e-05,
                6.51961308904e-05,
                8.8598470029e-05,
                8.06070383987e-05,
                5.01855683979e-05,
                4.50664047094e-05,
                3.76875359507e-05,
                4.89189551445e-05,
                2.93946668535e-05,
                1.97988392756e-05,
                2.09746594919e-05,
                1.34790925586e-05,
                1.6669915567e-05,
                1.09609090941e-05,
                7.04185913492e-06,
                4.22576886194e-06,
                3.25167161463e-06,
