{
    "lowlevel": {
        "average_loudness": 0.819963157177,
        "barkbands": {
            "dmean": [
                0.000695108086802,
                0.00329119735397,
                0.000994042260572,
                0.000601205858402,
                0.000682759331539,
                0.000827794719953,
                0.00105521653313,
                0.00101610412821,
                0.0013843664201,
                0.000649410998449,
                0.00069701630855,
                0.000590089359321,
                0.000238364256802,
                0.000224370669457,
                0.000159704461112,
                0.000152520238771,
                0.000151808199007,
                0.000130973363412,
                0.000152538457769,
                0.000339556310792,
                0.000278855703073,
                0.000204465686693,
                0.000262390094576,
                0.00029092998011,
                0.000273677811492,
                0.000115328570246,
                1.55168363563e-05
            ],
            "dmean2": [
                0.00119018228725,
                0.00469403667375,
                0.00177193433046,
                0.00103649066295,
                0.00102688279003,
                0.00130063772667,
                0.00170700671151,
                0.0015793798957,
                0.00200710934587,
                0.000963189522736,
                0.00104886060581,
                0.000920282036532,
                0.000361960090231,
                0.000342683022609,
                0.000247894524364,
                0.000237254891545,
                0.000233620288782,
                0.000211886508623,
                0.000233161525102,
                0.000504385970999,
                0.000425218808232,
                0.000327036861563,
                0.000440126255853,
                0.000466335826786,
                0.000432289816672,
                0.000183659329196,
                2.43600516114e-05
            ],
            "dvar": [
                1.81552422873e-06,
                0.000131832755869,
                2.67869600066e-05,
                5.93170398133e-06,
                2.28971930483e-06,
                3.08797052639e-06,
                7.11013808541e-06,
                6.9133566285e-06,
                1.06536763269e-05,
                3.73119542019e-06,
                3.06565675601e-06,
                2.85950090984e-06,
                4.15416565147e-07,
                3.80706865144e-07,
                2.59555093862e-07,
                1.86779303135e-07,
                1.18264189553e-07,
                1.46863541772e-07,
                1.33244910216e-07,
                9.08509548481e-07,
                3.58451046623e-07,
                1.66554187331e-07,
                2.91349863346e-07,
                2.68820571137e-07,
                2.62607272816e-07,
                4.87424713924e-08,
                1.31872379683e-09
            ],
            "dvar2": [
                5.39327720617e-06,
                0.000205376927624,
                7.86398813943e-05,
                1.78216105269e-05,
                4.7504640861e-06,
                7.12361725164e-06,
                1.73104090209e-05,
                1.50425576066e-05,
                2.1475712856e-05,
                7.1743402259e-06,
                6.84321184963e-06,
                6.58281942378e-06,
                9.25533413465e-07,
                8.06508069218e-07,
                5.67049482925e-07,
                4.42171938175e-07,
                2.71035474952e-07,
                3.77965335474e-07,
                2.85028249891e-07,
                1.99817145585e-06,
                8.10546794128e-07,
                4.28838404787e-07,
                7.68667973716e-07,
                6.26606777132e-07,
                5.99769748533e-07,
                1.20109348245e-07,
                2.77662648429e-09
            ],
            "max": [
                0.0231217201799,
                0.21859548986,
                0.0884341448545,
                0.0455846861005,
                0.0228639487177,
                0.0311101209372,
                0.0463175065815,
                0.0407547242939,
                0.0591980479658,
                0.0554537773132,
                0.0392940789461,
                0.0469184555113,
                0.0134158115834,
                0.0106337899342,
                0.0109006734565,
                0.00804294552654,
                0.00745804607868,
                0.00503127183765,
                0.00963596906513,
                0.0167678296566,
                0.00921818334609,
                0.00532098254189,
                0.00578584475443,
                0.00556529220194,
                0.00722556328401,
                0.00309160398319,
                0.000485756463604
            ],
            "mean": [
                0.00177721132059,
                0.00925709493458,
                0.0015087062493,
                0.000725727819372,
                0.0011473891791,
                0.00125259940978,
                0.0012011162471,
                0.00138710683677,
                0.00255537731573,
                0.000919088721275,
                0.00109986134339,
                0.000836967956275,
                0.000320933759212,
                0.000272171309916,
                0.000195583328605,
                0.000185164724826,
                0.000196804845473,
                0.000129809515784,
                0.000182544361451,
                0.000495945103467,
                0.000373053044314,
                0.000255864462815,
                0.00027533294633,
                0.000404273567256,
                0.000378769240342,
                0.000144262303365,
                1.95841203094e-05
            ],
            "median": [
                0.000241902191192,
                0.00223769922741,
                0.000302502012346,
                0.000175886583747,
                0.000348362489603,
                0.000349172856659,
                0.000174665241502,
                0.000350859801983,
                0.000627498957328,
                0.000159905888722,
                0.000373099115677,
                0.000152806955157,
                5.90582785662e-05,
                4.05921928177e-05,
                2.66799306701e-05,
                2.29495235544e-05,
                2.60394954239e-05,
                1.69320319401e-05,
                2.6358415198e-05,
                4.24657773692e-05,
                7.64431606513e-05,
                5.35830913577e-05,
                4.93464140163e-05,
                0.000109229717054,
                0.000136057322379,
                4.36120353697e-05,
                3.86511828765e-06
            ],
            "min": [
                2.45974403313e-24,
                1.32810334306e-23,
                7.26324824707e-24,
                2.94881097309e-24,
                2.88124566765e-23,
                3.49455441366e-23,
                5.57829168284e-23,
                8.50746096603e-23,
                1.46563755002e-22,
                2.4328277835e-23,
                1.29742564687e-22,
                1.95481246927e-22,
                2.88308939336e-23,
                8.10463640229e-23,
                1.55027235395e-22,
                1.17489724671e-22,
                2.00146153802e-22,
                1.40307797723e-22,
                2.80883681936e-22,
                4.53915916497e-22,
                3.5168502103e-22,
                3.89457574438e-22,
                6.85783012956e-22,
                8.6315216496e-22,
                1.25849946327e-21,
                1.81290707044e-21,
                2.38114178107e-21
            ],
            "var": [
                1.46014199345e-05,
                0.000374227005523,
                1.78794070962e-05,
                4.89471995024e-06,
                4.68667758469e-06,
                5.05425668962e-06,
                8.71515931067e-06,
                1.03185775515e-05,
                2.49292152148e-05,
                7.90947888163e-06,
                4.94842106491e-06,
                4.10182246924e-06,
                6.81152812376e-07,
                5.54498797101e-07,
                3.52640967094e-07,
                2.47956307931e-07,
                1.97768329713e-07,
                1.35080625796e-07,
                1.99782803634e-07,
                1.85261171737e-06,
                5.39150505574e-07,
                2.19771663978e-07,
                3.11001258524e-07,
                4.59342061276e-07,
                3.82459205639e-07,
                6.07348127346e-08,
                1.80587467202e-09
            ]
        },
        "barkbands_crest": {
            "dmean": 2.49515867233,
            "dmean2": 3.87716507912,
            "dvar": 6.23888206482,
            "dvar2": 13.7196722031,
            "max": 26.1166191101,
            "mean": 11.1654043198,
            "median": 10.3556804657,
            "min": 2.40065073967,
            "var": 22.4848842621
        },
        "barkbands_flatness_db": {
            "dmean": 0.0309719517827,
            "dmean2": 0.0439639315009,
            "dvar": 0.00146127340849,
            "dvar2": 0.00247591850348,
            "max": 0.734947085381,
            "mean": 0.162295758724,
            "median": 0.134620413184,
            "min": 0.0169673990458,
            "var": 0.0110641578212
        },
        "barkbands_kurtosis": {
            "dmean": 4.30164813995,
            "dmean2": 6.61914253235,
            "dvar": 142.607666016,
            "dvar2": 302.180450439,
            "max": 779.459106445,
            "mean": 5.72953939438,
            "median": 1.96848726273,
            "min": -1.93839466572,
            "var": 266.848052979
        },
        "barkbands_skewness": {
            "dmean": 0.671483814716,
            "dmean2": 1.0040730238,
            "dvar": 0.618482112885,
            "dvar2": 1.28409123421,
            "max": 15.3674669266,
            "mean": 1.57147455215,
            "median": 1.38154506683,
            "min": -4.38383340836,
            "var": 2.22668457031
        },
        "barkbands_spread": {
            "dmean": 10.1845645905,
            "dmean2": 16.0602092743,
            "dvar": 172.054779053,
            "dvar2": 384.27142334,
            "max": 158.223754883,
            "mean": 28.9372406006,
            "median": 23.2839336395,
            "min": 0.0686229988933,
            "var": 458.509521484
        },
        "dissonance": {
            "dmean": 0.0340120233595,
            "dmean2": 0.054449737072,
            "dvar": 0.00126834178809,
            "dvar2": 0.00280609354377,
            "max": 0.500000059605,
            "mean": 0.425123751163,
            "median": 0.443811386824,
            "min": 0.084602214396,
            "var": 0.00472223153338
        },
        "dynamic_complexity": 3.74024772644,
        "erbbands": {
            "dmean": [
                0.157420217991,
                0.636619031429,
                1.04024517536,
                1.67576348782,
                1.98140192032,
                2.55778026581,
                4.10620212555,
                7.78337717056,
                14.3956680298,
                14.6821231842,
                28.2726154327,
                28.8267459869,
                22.3937759399,
                24.0540218353,
                22.6681632996,
                20.7761173248,
                11.1357584,
                11.2241449356,
                8.60583400726,
                7.55540657043,
                8.15720558167,
                8.61039447784,
                7.0231347084,
                6.10776138306,
                9.73473358154,
                15.9575872421,
                13.7729902267,
                10.005364418,
                7.35188055038,
                6.65615272522,
                7.51821804047,
                6.34658622742,
                5.22478246689,
                3.55962276459,
                1.73812246323,
                0.68273794651,
                0.181408032775,
                0.0316132009029,
                0.00279816845432,
                9.17581637623e-05
            ],
            "dmean2": [
                0.219768747687,
                0.89150851965,
                1.78286075592,
                2.99386429787,
                3.07338738441,
                3.90358877182,
                6.29138898849,
                12.4937162399,
                23.6803131104,
                23.0229225159,
                42.1951065063,
                42.892665863,
                31.9525279999,
                35.1396408081,
                34.5481414795,
                32.5213775635,
                16.5671634674,
                16.7470817566,
                13.1368227005,
                11.4200181961,
                12.8006219864,
                13.1135730743,
                11.1646366119,
                9.14555644989,
                14.8785076141,
                23.2215690613,
                20.7371635437,
                15.3185892105,
                11.6679210663,
                10.9013566971,
                12.6828174591,
                10.4680738449,
                8.25988769531,
                5.6205406189,
                2.77958464622,
                1.09999215603,
                0.288136124611,
                0.0501591190696,
                0.00435167364776,
                0.000141323238495
            ],
            "dvar": [
                0.226343497634,
                5.74244642258,
                25.0512390137,
                67.2646560669,
                25.2635631561,
                43.2467689514,
                93.8482971191,
                324.839691162,
                1627.23364258,
                1383.64416504,
                4486.25878906,
                5814.30322266,
                3994.01806641,
                3275.57055664,
                4996.84179688,
                3438.46533203,
                801.07989502,
                846.818908691,
                614.680908203,
                554.532775879,
                459.085723877,
                365.198486328,
                404.967102051,
                188.495666504,
                594.058654785,
                2067.82006836,
                1256.99511719,
                452.97366333,
                226.208267212,
                198.889648438,
                241.836334229,
                161.704727173,
                90.0089874268,
                45.8014526367,
                10.7081727982,
                1.67833530903,
                0.134558752179,
                0.00489654717967,
                4.86464159621e-05,
                4.30869597778e-08
            ],
            "dvar2": [
                0.333041399717,
                10.5452394485,
                70.6825637817,
                199.985397339,
                59.3347511292,
                97.1660308838,
                206.352096558,
                766.215820312,
                4047.30151367,
                3134.66333008,
                9389.02734375,
                12278.328125,
                7434.45166016,
                7189.30810547,
                10949.9580078,
                7962.03125,
                1764.87133789,
                1803.2010498,
                1361.93395996,
                1241.23803711,
                1090.31237793,
                820.659118652,
                1030.72167969,
                409.444030762,
                1301.09216309,
                4360.01904297,
                2905.96826172,
                1021.50982666,
                568.802734375,
                535.658630371,
                651.079711914,
                411.532653809,
                203.059906006,
                103.119125366,
                25.4955310822,
                4.1633272171,
                0.334579974413,
                0.0113757401705,
                0.000100453718915,
                9.42825408856e-08
            ],
            "max": [
                9.50540161133,
                41.9851799011,
                79.0101470947,
                164.553100586,
                79.3254928589,
                125.301811218,
                165.03868103,
                372.569519043,
                704.061828613,
                569.98828125,
                945.203613281,
                1632.71362305,
                1390.91088867,
                1254.82653809,
                1583.57348633,
                1695.27514648,
                579.956115723,
                470.101104736,
                464.570129395,
                499.831207275,
                446.630493164,
                310.798797607,
                270.011138916,
                203.713394165,
                770.240661621,
                901.635314941,
                706.68548584,
                300.160644531,
                205.049209595,
                155.647293091,
                147.527816772,
                109.131225586,
                107.427742004,
                109.440078735,
                39.0185203552,
                16.8622722626,
                4.89897441864,
                1.33081519604,
                0.0992594659328,
                0.00351725355722
            ],
            "mean": [
                0.418543636799,
                1.49687170982,
                1.84094274044,
                2.22301220894,
                3.20796298981,
                3.92094993591,
                6.8597407341,
                10.8519144058,
                16.5273456573,
                17.2785816193,
                49.5604400635,
                48.0633926392,
                36.0843849182,
                41.7146072388,
                32.5264167786,
                30.5688056946,
                17.2712154388,
                14.8163404465,
                10.92491436,
                9.94932556152,
                10.5026874542,
                11.4098300934,
                7.51644659042,
                7.32290792465,
                12.6120080948,
                23.0906543732,
                18.9565086365,
                13.2623090744,
                9.41508865356,
                7.51730966568,
                7.85916423798,
                7.24016237259,
                7.69522714615,
                4.90208959579,
                2.29177880287,
                0.857923209667,
                0.21793268621,
                0.0389755368233,
                0.00359153957106,
                0.000146732811118
            ],
            "median": [
                0.09149158746,
                0.367385953665,
                0.456700593233,
                0.745112597942,
                0.855521678925,
                1.08421063423,
                1.88790690899,
                3.21106863022,
                3.03040623665,
                3.4815363884,
                13.8329324722,
                12.0256900787,
                6.74129152298,
                15.0448074341,
                8.29130077362,
                6.59979248047,
                3.60271573067,
                2.65948748589,
                1.54468417168,
                1.40867066383,
                1.61711966991,
                1.62376701832,
                1.08861804008,
                1.1847230196,
                1.56574368477,
                1.99177515507,
                3.0875389576,
                2.79368162155,
                2.01732254028,
                1.55483329296,
                1.35136258602,
                1.51608383656,
                2.1651725769,
                1.68045926094,
                0.76915872097,
                0.258633881807,
                0.0633325353265,
                0.00954752415419,
                0.000728249025997,
                7.22005934222e-05
            ],
            "min": [
                5.2810968565e-22,
                2.540045277e-21,
                8.73244959929e-21,
                1.08745485022e-20,
                5.34491767777e-20,
                1.13941169624e-19,
                1.29785400667e-19,
                3.12236434507e-19,
                7.01878311087e-19,
                1.46355195769e-18,
                1.49684163465e-18,
                2.64782230478e-18,
                2.41033275386e-18,
                3.2840151857e-18,
                5.72459896853e-18,
                6.89441888391e-18,
                1.64559269702e-18,
                3.924577855e-18,
                7.76822766759e-18,
                5.94613696173e-18,
                7.63733874337e-18,
                1.08787700507e-17,
                7.57654758579e-18,
                1.10543341727e-17,
                1.33886494418e-17,
                1.87534864689e-17,
                1.65292424695e-17,
                1.77157801186e-17,
                1.17883229631e-17,
                2.03584418503e-17,
                1.93625412082e-17,
                1.55531395681e-17,
                1.64958789666e-17,
                1.26972232299e-17,
                9.95992872734e-18,
                6.0542275475e-18,
                3.33095809905e-18,
                1.36474699128e-18,
                3.3562739617e-19,
                3.51599290909e-20
            ],
            "var": [
                0.730153381824,
                12.4265880585,
                19.9064979553,
                45.7308616638,
                44.3980903625,
                77.2226409912,
                195.1355896,
                464.970703125,
                1796.71362305,
                1844.64831543,
                9516.54980469,
                10805.296875,
                9833.8125,
                6460.81689453,
                7040.69042969,
                4896.31591797,
                1556.20239258,
                1273.2199707,
                903.778442383,
                775.191162109,
                658.981811523,
                629.156860352,
                399.614685059,
                275.141815186,
                1006.97436523,
                4421.46191406,
                2009.77770996,
                647.803894043,
                307.571166992,
                221.155685425,
                252.221038818,
                193.977310181,
                172.159515381,
                68.5969543457,
                14.4613437653,
                2.08942914009,
                0.157957851887,
                0.00598820345476,
                6.51312948321e-05,
                5.83432040457e-08
            ]
        },
        "erbbands_crest": {
            "dmean": 3.22298240662,
            "dmean2": 5.0376663208,
            "dvar": 10.5522356033,
            "dvar2": 22.7840995789,
            "max": 31.7034130096,
            "mean": 11.4225988388,
            "median": 10.0774736404,
            "min": 2.58340334892,
            "var": 29.9596920013
        },
        "erbbands_flatness_db": {
            "dmean": 0.0258823893964,
            "dmean2": 0.0373186767101,
            "dvar": 0.000987045816146,
            "dvar2": 0.00179574009962,
            "max": 0.602228522301,
            "mean": 0.16810682416,
            "median": 0.148066103458,
            "min": 0.0201157797128,
            "var": 0.0063097034581
        },
        "erbbands_kurtosis": {
            "dmean": 2.59297537804,
            "dmean2": 4.03633975983,
            "dvar": 29.066411972,
            "dvar2": 62.43542099,
            "max": 146.816421509,
            "mean": 3.29843783379,
            "median": 0.650877952576,
            "min": -1.8637458086,
            "var": 85.7850265503
        },
        "erbbands_skewness": {
            "dmean": 0.617173731327,
            "dmean2": 0.925670683384,
            "dvar": 0.498919337988,
            "dvar2": 1.06860649586,
            "max": 8.68824577332,
            "mean": 0.659979522228,
            "median": 0.69434005022,
            "min": -6.10066223145,
            "var": 1.69175541401
        },
        "erbbands_spread": {
            "dmean": 13.2264518738,
            "dmean2": 20.8314933777,
            "dvar": 230.5834198,
            "dvar2": 568.611694336,
            "max": 166.249176025,
            "mean": 41.9514312744,
            "median": 38.7663803101,
            "min": 0.380011349916,
            "var": 681.21081543
        },
        "gfcc": {
            "cov": [
                [
                    16836.3984375,
                    -4372.85888672,
                    -1589.73352051,
                    1205.72412109,
                    -890.945983887,
                    489.729797363,
                    -787.875,
                    -53.2695884705,
                    -1133.72998047,
                    464.97064209,
                    5.40070152283,
                    735.742248535,
                    -262.294342041
                ],
                [
                    -4372.85888672,
                    4137.67333984,
                    706.578308105,
                    -502.796447754,
                    998.955566406,
                    76.4915390015,
                    433.527709961,
                    6.35258674622,
                    440.000183105,
                    -265.644989014,
                    128.074172974,
                    -336.047271729,
                    218.210327148
                ],
                [
                    -1589.73352051,
                    706.578308105,
                    1442.13891602,
                    350.408966064,
                    75.3527374268,
                    100.578384399,
                    106.179679871,
                    147.772079468,
                    192.590515137,
                    -43.5259246826,
                    0.998197257519,
                    -87.8204193115,
                    35.2832489014
                ],
                [
                    1205.72412109,
                    -502.796447754,
                    350.408966064,
                    804.289611816,
                    -60.31300354,
                    103.865264893,
                    0.161239281297,
                    73.7063980103,
                    -45.7663955688,
                    43.1154556274,
                    0.90937012434,
                    40.1840629578,
                    -14.5732660294
                ],
                [
                    -890.945983887,
                    998.955566406,
                    75.3527374268,
                    -60.31300354,
                    675.373535156,
                    128.81854248,
                    161.486465454,
                    1.40127944946,
                    132.546020508,
                    -1.50924050808,
                    55.1222724915,
                    -73.9155960083,
                    59.6736450195
                ],
                [
                    489.729797363,
                    76.4915390015,
                    100.578384399,
                    103.865264893,
                    128.81854248,
                    515.025390625,
                    198.962890625,
                    1.78334116936,
                    -9.60630321503,
                    16.5577526093,
                    84.2052078247,
                    56.4669952393,
                    24.8635425568
                ],
                [
                    -787.875,
                    433.527709961,
                    106.179679871,
                    0.161239281297,
                    161.486465454,
                    198.962890625,
                    557.588012695,
                    127.060188293,
                    144.893157959,
                    32.9728851318,
                    58.8950462341,
                    -22.2342205048,
                    16.2782363892
                ],
                [
                    -53.2695884705,
                    6.35258674622,
                    147.772079468,
                    73.7063980103,
                    1.40127944946,
                    1.78334116936,
                    127.060188293,
                    272.282409668,
                    96.3646850586,
                    46.8348312378,
                    17.5096035004,
                    -16.4881896973,
                    -2.19815897942
                ],
                [
                    -1133.72998047,
                    440.000183105,
                    192.590515137,
                    -45.7663955688,
                    132.546020508,
                    -9.60630321503,
                    144.893157959,
                    96.3646850586,
                    374.978881836,
                    46.0456047058,
                    -0.0702272206545,
                    -75.7174453735,
                    -20.3417434692
                ],
                [
                    464.97064209,
                    -265.644989014,
                    -43.5259246826,
                    43.1154556274,
                    -1.50924050808,
                    16.5577526093,
                    32.9728851318,
                    46.8348312378,
                    46.0456047058,
                    202.140197754,
                    29.5649032593,
                    20.188419342,
                    -9.65672588348
                ],
                [
                    5.40070152283,
                    128.074172974,
                    0.998197257519,
                    0.90937012434,
                    55.1222724915,
                    84.2052078247,
                    58.8950462341,
                    17.5096035004,
                    -0.0702272206545,
                    29.5649032593,
                    163.116409302,
                    45.8843612671,
                    18.628528595
                ],
                [
                    735.742248535,
                    -336.047271729,
                    -87.8204193115,
                    40.1840629578,
                    -73.9155960083,
                    56.4669952393,
                    -22.2342205048,
                    -16.4881896973,
                    -75.7174453735,
                    20.188419342,
                    45.8843612671,
                    189.618026733,
                    16.0654678345
                ],
                [
                    -262.294342041,
                    218.210327148,
                    35.2832489014,
                    -14.5732660294,
                    59.6736450195,
                    24.8635425568,
                    16.2782363892,
                    -2.19815897942,
                    -20.3417434692,
                    -9.65672588348,
                    18.628528595,
                    16.0654678345,
                    152.042800903
                ]
            ],
            "icov": [
                [
                    0.000147195605678,
                    -2.14852989302e-05,
                    0.000163832082762,
                    -0.000206076598261,
                    5.45565817447e-05,
                    -0.000204803262022,
                    0.00019510963466,
                    -0.000171751395101,
                    0.000294353550998,
                    -0.000310515635647,
                    0.000162469805218,
                    -0.000309202965582,
                    0.000248128373642
                ],
                [
                    -2.14852989302e-05,
                    0.000765915261582,
                    -0.000331576069584,
                    0.000421518343501,
                    -0.000770095270127,
                    0.000216226704651,
                    -0.000300374056678,
                    0.00025497545721,
                    -0.000410313426983,
                    0.000942214915995,
                    -0.000680796802044,
                    0.000780983187724,
                    -0.000710380496457
                ],
                [
                    0.000163832082762,
                    -0.000331576069584,
                    0.0012535987189,
                    -0.000823806039989,
                    0.000417764851591,
                    -0.000477614521515,
                    0.000402012927225,
                    -0.000584653869737,
                    -3.32479685312e-05,
                    -0.000265576090897,
                    0.000371805072064,
                    -0.0002596800623,
                    0.000211849372135
                ],
                [
                    -0.000206076598261,
                    0.000421518343501,
                    -0.000823806039989,
                    0.00206581596285,
                    -0.000419796066126,
                    9.51746551436e-05,
                    -0.000298355502309,
                    7.96914719103e-07,
                    -0.000153814617079,
                    0.000458942173282,
                    -0.000308402028168,
                    0.000498334469739,
                    -0.000396435614675
                ],
                [
                    5.45565817447e-05,
                    -0.000770095270127,
                    0.000417764851591,
                    -0.000419796066126,
                    0.00271422415972,
                    -0.000646967208013,
                    9.77685340331e-05,
                    4.61299205199e-05,
                    -0.000114007343655,
                    -0.000905404100195,
                    0.000146362057421,
                    -1.26920685943e-05,
                    3.53795576302e-06
                ],
                [
                    -0.000204803262022,
                    0.000216226704651,
                    -0.000477614521515,
                    9.51746551436e-05,
                    -0.000646967208013,
                    0.00304759736173,
                    -0.00131992378738,
                    0.000792650913354,
                    -0.000122039935377,
                    0.000593484437559,
                    -0.00114939501509,
                    -0.000103729566035,
                    -0.000462205382064
                ],
                [
                    0.00019510963466,
                    -0.000300374056678,
                    0.000402012927225,
                    -0.000298355502309,
                    9.77685340331e-05,
                    -0.00131992378738,
                    0.00301572284661,
                    -0.00134570035152,
                    -0.000168634316651,
                    -0.000680032710079,
                    0.000127376057208,
                    -0.000435701280367,
                    0.000445620040409
                ],
                [
                    -0.000171751395101,
                    0.00025497545721,
                    -0.000584653869737,
                    7.96914719103e-07,
                    4.61299205199e-05,
                    0.000792650913354,
                    -0.00134570035152,
                    0.00510180462152,
                    -0.00117988756392,
                    -0.000138582530781,
                    -0.00078072573524,
                    0.000698579242453,
                    -0.000601190549787
                ],
                [
                    0.000294353550998,
                    -0.000410313426983,
                    -3.32479685312e-05,
                    -0.000153814617079,
                    -0.000114007343655,
                    -0.000122039935377,
                    -0.000168634316651,
                    -0.00117988756392,
                    0.00472660595551,
                    -0.00198324373923,
                    0.000846079376061,
                    -0.000222751608817,
                    0.00158163125161
                ],
                [
                    -0.000310515635647,
                    0.000942214915995,
                    -0.000265576090897,
                    0.000458942173282,
                    -0.000905404100195,
                    0.000593484437559,
                    -0.000680032710079,
                    -0.000138582530781,
                    -0.00198324373923,
                    0.00741753727198,
                    -0.00197659665719,
                    0.00102390511893,
                    -0.00111345644109
                ],
                [
                    0.000162469805218,
                    -0.000680796802044,
                    0.000371805072064,
                    -0.000308402028168,
                    0.000146362057421,
                    -0.00114939501509,
                    0.000127376057208,
                    -0.00078072573524,
                    0.000846079376061,
                    -0.00197659665719,
                    0.00831811968237,
                    -0.00276052067056,
                    0.000507300312165
                ],
                [
                    -0.000309202965582,
                    0.000780983187724,
                    -0.0002596800623,
                    0.000498334469739,
                    -1.26920685943e-05,
                    -0.000103729566035,
                    -0.000435701280367,
                    0.000698579242453,
                    -0.000222751608817,
                    0.00102390511893,
                    -0.00276052067056,
                    0.00830439291894,
                    -0.00197158078663
                ],
                [
                    0.000248128373642,
                    -0.000710380496457,
                    0.000211849372135,
                    -0.000396435614675,
                    3.53795576302e-06,
                    -0.000462205382064,
                    0.000445620040409,
                    -0.000601190549787,
                    0.00158163125161,
                    -0.00111345644109,
                    0.000507300312165,
                    -0.00197158078663,
                    0.00824237242341
                ]
            ],
            "mean": [
                -31.6409950256,
                64.4348373413,
                -80.69506073,
                10.0295610428,
                -68.810043335,
                24.4177455902,
                -23.3157997131,
                23.4218540192,
                -20.7680072784,
                9.99187374115,
                -15.4909162521,
                0.0323994383216,
                -3.2606344223
            ]
        },
        "hfc": {
            "dmean": 13.2215528488,
            "dmean2": 19.6016159058,
            "dvar": 409.64151001,
            "dvar2": 856.635070801,
            "max": 197.85925293,
            "mean": 27.4668369293,
            "median": 15.9732122421,
            "min": 1.19010895181e-16,
            "var": 894.052001953
        },
        "melbands": {
            "dmean": [
                0.00110126740765,
                0.000563262670767,
                0.000284752255538,
                0.000154327048222,
                0.000130929125589,
                0.00017529122124,
                0.000216346190427,
                0.000168608225067,
                0.000260159693426,
                0.000180396411452,
                0.000112833542516,
                9.67262021732e-05,
                7.82211791375e-05,
                6.86125567881e-05,
                4.55273984699e-05,
                2.32583151956e-05,
                2.23086644837e-05,
                1.48780200107e-05,
                1.3513941667e-05,
                1.00598090285e-05,
                9.90140688373e-06,
                9.78270509222e-06,
                7.40262066756e-06,
                5.99133863943e-06,
                4.83974599774e-06,
                6.6280063038e-06,
