{
    "lowlevel": {
        "average_loudness": 0.785932898521,
        "barkbands": {
            "dmean": [
                0.000500109221321,
                0.00219801161438,
                0.000365391664673,
                0.000337736972142,
                0.00140567391645,
                0.000612409843598,
                0.00143880071118,
                0.00102667731699,
                0.00106078421231,
                0.000746677978896,
                0.00055666762637,
                0.000570929725654,
                0.000355302443495,
                0.000260819069808,
                0.000166441735928,
                0.000215302832657,
                0.000211167091038,
                0.000299023115076,
                0.000279729370959,
                0.000174648303073,
                0.000265185604803,
                0.000242075650021,
                0.000711507280357,
                0.00039175504935,
                0.000146778591443,
                6.38723358861e-05,
                7.06866148903e-06
            ],
            "dmean2": [
                0.000794154824689,
                0.0028852657415,
                0.000606767018326,
                0.000554174708668,
                0.00224867928773,
                0.000961021229159,
                0.00222100294195,
                0.00155430182349,
                0.00152897147927,
                0.00113142840564,
                0.000853958714288,
                0.000849064206704,
                0.000551167060621,
                0.000414690730395,
                0.000253788544796,
                0.000342221028404,
                0.000314050703309,
                0.000464874116005,
                0.000423326477176,
                0.000275891332421,
                0.000408233026974,
                0.000378987810109,
                0.00122375239152,
                0.000674861425068,
                0.000242417459958,
                0.000101048120996,
                1.03168276837e-05
            ],
            "dvar": [
                2.43604904426e-06,
                5.99603663431e-05,
                3.6721376091e-06,
                1.10931728159e-06,
                5.79511834076e-06,
                2.78016113953e-06,
                1.03764587038e-05,
                6.73658996675e-06,
                6.00587100053e-06,
                4.42018426838e-06,
                2.10378425436e-06,
                3.23654808199e-06,
                1.17965737445e-06,
                5.71492194013e-07,
                1.62683690519e-07,
                3.8101771338e-07,
                2.54256491417e-07,
                5.25058567291e-07,
                5.84011729643e-07,
                2.76690457213e-07,
                7.49068874484e-07,
                3.32832286176e-07,
                4.72590363643e-06,
                1.25595306599e-06,
                1.23572732491e-07,
                4.16548999738e-08,
                1.79655335053e-09
            ],
            "dvar2": [
                6.30751401332e-06,
                0.000115225702757,
                1.04795944935e-05,
                2.90725279228e-06,
                1.42873132063e-05,
                6.38245819573e-06,
                2.50562734436e-05,
                1.52455058924e-05,
                1.213853011e-05,
                9.80603999778e-06,
                5.10061727255e-06,
                6.99561360307e-06,
                2.7051332836e-06,
                1.31835543016e-06,
                3.53160714894e-07,
                9.43977624956e-07,
                4.91746106945e-07,
                1.21831919841e-06,
                1.34048002565e-06,
                6.42465295186e-07,
                1.63170614087e-06,
                7.26255450445e-07,
                1.29010204546e-05,
                3.39411894856e-06,
                3.12626156074e-07,
                8.73501591059e-08,
                3.2640143921e-09
            ],
            "max": [
                0.0297844167799,
                0.157532840967,
                0.036527287215,
                0.018158307299,
                0.0419089794159,
                0.0501589365304,
                0.0518794879317,
                0.0459385849535,
                0.0355927944183,
                0.0484685152769,
                0.0269797481596,
                0.0258078724146,
                0.0219909120351,
                0.00979068782181,
                0.00563342450187,
                0.00787968188524,
                0.00560335069895,
                0.00990718789399,
                0.0233171563596,
                0.00566464429721,
                0.0218570288271,
                0.00784376170486,
                0.0176367387176,
                0.00841736793518,
                0.00477099511772,
                0.00518270069733,
                0.00167407887056
            ],
            "mean": [
                0.00195539230481,
                0.00897344015539,
                0.00049518950982,
                0.00055604003137,
                0.00264022755437,
                0.00125456578098,
                0.00227845367044,
                0.0016521854559,
                0.00188406615052,
                0.0011502080597,
                0.000875367491972,
                0.000697174516972,
                0.000401676894398,
                0.000295450736303,
                0.000208086741623,
                0.000244712951826,
                0.00031721527921,
                0.000444439123385,
                0.0004268255434,
                0.000184925753274,
                0.000293843942927,
                0.000272001256235,
                0.000531611440238,
                0.000294682191452,
                0.00014140579151,
                7.07285798853e-05,
                9.98320228973e-06
            ],
            "median": [
                0.000122341531096,
                0.00149786798283,
                0.000105668732431,
                8.61433873069e-05,
                0.00142313609831,
                0.000260027038166,
                0.0006869105855,
                0.00026322127087,
                0.000449489016319,
                0.000128856278025,
                0.00012224499369,
                5.82187931286e-05,
                3.10312389047e-05,
                2.77619783446e-05,
                3.05445464619e-05,
                3.51753915311e-05,
                6.86092025717e-05,
                0.000117087343824,
                0.000101865320175,
                2.40970748564e-05,
                1.35723694257e-05,
                2.87066759483e-05,
                2.41760208155e-05,
                1.70410312421e-05,
                2.51920009759e-05,
                8.50765900395e-06,
                7.91594402472e-07
            ],
            "min": [
                7.68330721277e-24,
                1.88124834996e-23,
                5.90553658765e-24,
                6.49119007913e-24,
                3.55302636167e-23,
                8.6226464911e-24,
                4.82987946276e-23,
                5.97423674839e-23,
                6.86635260413e-23,
                1.93401588699e-23,
                4.48065799754e-23,
                5.3485608722e-23,
                8.66600623076e-23,
                2.44807630702e-23,
                1.08771372786e-22,
                1.59316896914e-22,
                1.28297308399e-22,
                1.87587488191e-22,
                2.42129836048e-22,
                2.11541823868e-22,
                3.06411044124e-22,
                4.73075063343e-22,
                6.80266994584e-22,
                7.8797142353e-22,
                1.00214435726e-21,
                1.57990295405e-21,
                2.15778988903e-21
            ],
            "var": [
                2.21993595915e-05,
                0.000448054954177,
                2.96238636111e-06,
                1.86486079201e-06,
                1.16202545541e-05,
                8.72447890288e-06,
                1.65987312357e-05,
                1.33253834065e-05,
                1.36444814416e-05,
                8.03039984021e-06,
                4.55357530882e-06,
                4.24882091465e-06,
                1.39660994591e-06,
                6.81284006987e-07,
                2.31228270309e-07,
                3.91089372442e-07,
                4.38557407278e-07,
                7.62520812714e-07,
                8.4289354163e-07,
                2.93763662285e-07,
                1.07737105282e-06,
                4.35674479604e-07,
                3.19234914059e-06,
                8.66469065386e-07,
                1.21009335885e-07,
                8.02446464832e-08,
                4.48439196887e-09
            ]
        },
        "barkbands_crest": {
            "dmean": 2.61715888977,
            "dmean2": 4.1311507225,
            "dvar": 6.99767971039,
            "dvar2": 16.2522163391,
            "max": 25.3276062012,
            "mean": 12.1708612442,
            "median": 11.3006372452,
            "min": 2.07363653183,
            "var": 26.4909343719
        },
        "barkbands_flatness_db": {
            "dmean": 0.0256976019591,
            "dmean2": 0.0370197929442,
            "dvar": 0.000919052807149,
            "dvar2": 0.00156212202273,
            "max": 0.575008392334,
            "mean": 0.182923421264,
            "median": 0.17011269927,
            "min": 0.0150323165581,
            "var": 0.00766791496426
        },
        "barkbands_kurtosis": {
            "dmean": 5.08791160583,
            "dmean2": 7.91146850586,
            "dvar": 138.141448975,
            "dvar2": 295.245391846,
            "max": 278.403961182,
            "mean": 8.10037231445,
            "median": 3.46467781067,
            "min": -1.96791160107,
            "var": 279.165802002
        },
        "barkbands_skewness": {
            "dmean": 0.760334074497,
            "dmean2": 1.14102733135,
            "dvar": 0.988236784935,
            "dvar2": 2.02134656906,
            "max": 13.4924669266,
            "mean": 1.69869148731,
            "median": 1.49658203125,
            "min": -6.11272668839,
            "var": 2.88717556
        },
        "barkbands_spread": {
            "dmean": 8.78045654297,
            "dmean2": 13.7826185226,
            "dvar": 206.383850098,
            "dvar2": 453.053192139,
            "max": 117.967247009,
            "mean": 20.1661930084,
            "median": 14.334731102,
            "min": 0.265631854534,
            "var": 350.635650635
        },
        "dissonance": {
            "dmean": 0.0310524962842,
            "dmean2": 0.0501493215561,
            "dvar": 0.000974107242655,
            "dvar2": 0.00242391554639,
            "max": 0.500000119209,
            "mean": 0.42910644412,
            "median": 0.438173949718,
            "min": 0.18717597425,
            "var": 0.00260679749772
        },
        "dynamic_complexity": 3.67533755302,
        "erbbands": {
            "dmean": [
                0.110082782805,
                0.389069706202,
                0.437583565712,
                0.760625243187,
                2.7399289608,
                5.76280736923,
                5.35211658478,
                4.7934679985,
                16.0429763794,
                24.4224300385,
                19.1884479523,
                23.2652664185,
                23.472442627,
                18.7638225555,
                19.8337211609,
                24.6265544891,
                15.7587633133,
                12.7386426926,
                9.02447795868,
                9.19297885895,
                11.2653770447,
                11.4628047943,
                14.6555271149,
                14.2475700378,
                12.4071912766,
                8.49796009064,
                9.70841026306,
                10.3549442291,
                9.39885616302,
                12.7136707306,
                20.3654708862,
                12.2611503601,
                4.30224895477,
                1.95483767986,
                0.928430259228,
                0.345861852169,
                0.114975214005,
                0.0181326884776,
                0.00126580172218,
                4.4502565288e-05
            ],
            "dmean2": [
                0.143119692802,
                0.548783123493,
                0.705876469612,
                1.24962663651,
                4.41381120682,
                9.27389526367,
                8.34024620056,
                7.47241640091,
                24.5759716034,
                37.959854126,
                28.5735321045,
                33.3728218079,
                34.852684021,
                27.9401092529,
                30.2326869965,
                36.1355743408,
                24.5698852539,
                20.2266292572,
                13.690281868,
                13.6748123169,
                17.083442688,
                16.667673111,
                22.3436126709,
                20.9647941589,
                18.9519882202,
                13.3840961456,
                15.0411539078,
                16.0834159851,
                14.72108078,
                20.9737529755,
                35.1744194031,
                21.3385124207,
                7.24628925323,
                3.23837924004,
                1.54940259457,
                0.553168535233,
                0.184207573533,
                0.0280741173774,
                0.00179548806045,
                6.49171270197e-05
            ],
            "dvar": [
                0.134940475225,
                2.75126194954,
                5.58157348633,
                8.06364154816,
                38.0545005798,
                113.439689636,
                170.660217285,
                213.353485107,
                1538.45581055,
                3416.26513672,
                2068.70800781,
                3560.14916992,
                4056.10375977,
                2968.02978516,
                2621.4543457,
                6010.15527344,
                2270.9230957,
                1335.23376465,
                592.87701416,
                558.060852051,
                1061.07507324,
                787.710754395,
                1278.14868164,
                1099.10644531,
                1476.10192871,
                664.745056152,
                1125.28356934,
                1063.87072754,
                546.977661133,
                1063.72424316,
                3958.10205078,
                1382.55371094,
                128.881958008,
                23.0666503906,
                5.25220394135,
                0.986250638962,
                0.160355404019,
                0.00753477588296,
                5.39088759979e-05,
                4.0824147618e-08
            ],
            "dvar2": [
                0.26038557291,
                6.26515483856,
                15.0272035599,
                22.2761440277,
                97.8606567383,
                283.22442627,
                401.169494629,
                469.410186768,
                3642.49023438,
                8148.94726563,
                4616.71728516,
                6863.32177734,
                9295.08789063,
                7038.37695313,
                6014.03808594,
                12653.703125,
                4982.34765625,
                3173.38842773,
                1207.1496582,
                1245.41162109,
                2514.32202148,
                1501.38903809,
                2850.39746094,
                2323.15820313,
                3558.44458008,
                1507.97363281,
                2554.51904297,
                2312.35620117,
                1225.35803223,
                2757.12475586,
                10843.0761719,
                3735.91381836,
                344.636047363,
                59.7437667847,
                13.0653104782,
                2.10598039627,
                0.363171547651,
                0.0167105291039,
                9.14709453355e-05,
                6.73185454048e-08
            ],
            "max": [
                7.75883960724,
                29.4552822113,
                43.5256309509,
                58.4624214172,
                104.262710571,
                226.098968506,
                392.389465332,
                382.001556396,
                692.342163086,
                828.482910156,
                1074.71655273,
                1141.70068359,
                1315.06799316,
                1603.26220703,
                1083.80004883,
                1104.55761719,
                977.41027832,
                542.461547852,
                268.828491211,
                293.906158447,
                428.839752197,
                333.65725708,
                482.842987061,
                523.847412109,
                1059.44592285,
                253.567398071,
                1178.70556641,
                899.373657227,
                318.138946533,
                508.307861328,
                515.662414551,
                291.304901123,
                89.9626159668,
                45.0518760681,
                43.1776657104,
                26.5661430359,
                12.397395134,
                3.57687616348,
                0.325986266136,
                0.00967973936349
            ],
            "mean": [
                0.493522018194,
                1.08151996136,
                0.670069217682,
                1.26921224594,
                4.91606855392,
                10.2716875076,
                11.1902008057,
                8.91131877899,
                26.0618515015,
                41.3400650024,
                35.0572395325,
                42.124294281,
                39.7189750671,
                31.5497722626,
                30.0597419739,
                30.632774353,
                19.9581394196,
                15.3356103897,
                11.5967607498,
                11.8205213547,
                14.2398586273,
                18.1604804993,
                23.2606563568,
                23.3042812347,
                17.6267051697,
                9.05648040771,
                10.594086647,
                11.5683336258,
                10.1260623932,
                11.698343277,
                14.9808416367,
                8.94418907166,
                3.45987606049,
                1.73056030273,
                0.940346002579,
                0.379708766937,
                0.119376800954,
                0.0220166891813,
                0.00180711958092,
                8.31473807921e-05
            ],
            "median": [
                0.0879052877426,
                0.135961949825,
                0.148549884558,
                0.296483695507,
                1.76659178734,
                4.99620723724,
                4.01028108597,
                2.48224234581,
                7.7724776268,
                8.74007511139,
                10.7157173157,
                11.177611351,
                7.71154737473,
                5.72961902618,
                4.13012552261,
                2.96853995323,
                1.9280667305,
                1.89805102348,
                1.8447136879,
                1.98416125774,
                2.57168698311,
                4.66019916534,
                6.30421972275,
                6.13819599152,
                4.15918922424,
                1.38250541687,
                0.739512741566,
                0.479612499475,
                0.880286931992,
                1.17894268036,
                0.630247056484,
                0.372476428747,
                0.285133838654,
                0.246591895819,
                0.18239121139,
                0.0558563508093,
                0.0118164764717,
                0.00247831456363,
                0.000150919033331,
                3.26746230712e-05
            ],
            "min": [
                5.99901783554e-22,
                2.93597459058e-21,
                5.99980391965e-21,
                1.85588891795e-20,
                2.42644773145e-20,
                1.47105994007e-19,
                1.38758849822e-19,
                1.18469259694e-19,
                4.73742260036e-19,
                1.31490718802e-18,
                1.35314919531e-18,
                1.69073442459e-18,
                5.7927804679e-19,
                1.11866934104e-18,
                1.91918413219e-18,
                2.0356654313e-18,
                4.21757722209e-18,
                3.23043683627e-18,
                3.01100877402e-18,
                7.54378875199e-18,
                8.64271722092e-18,
                7.12029461224e-18,
                9.65877046428e-18,
                1.09882589853e-17,
                1.11503566069e-17,
                1.18151550478e-17,
                1.02064111791e-17,
                1.19572439975e-17,
                1.55737065869e-17,
                2.0581438163e-17,
                1.88309883292e-17,
                1.66240952703e-17,
                1.0814675961e-17,
                1.0387379272e-17,
                8.67337584315e-18,
                5.17564675887e-18,
                3.26464468371e-18,
                1.11008031115e-18,
                2.99276530561e-19,
                3.45299438127e-20
            ],
            "var": [
                1.2808599472,
                8.80444526672,
                5.25947237015,
                9.41125869751,
                67.5982284546,
                217.444625854,
                507.993469238,
                467.520111084,
                2600.09375,
                6291.87890625,
                4456.10693359,
                8358.54882813,
                7865.80566406,
                6576.11669922,
                4890.95654297,
                8006.70166016,
                2968.71850586,
                1662.0090332,
                789.374023438,
                702.60534668,
                1204.56262207,
                1343.75952148,
                2007.14233398,
                1869.9786377,
                1880.48596191,
                719.956298828,
                1364.39685059,
                1650.74902344,
                675.506652832,
                911.471557617,
                2637.90991211,
                938.51184082,
                94.587677002,
                19.5709133148,
                5.84939908981,
                1.82314765453,
                0.258552312851,
                0.0134956194088,
                0.000143162091263,
                1.08065385973e-07
            ]
        },
        "erbbands_crest": {
            "dmean": 3.25005483627,
            "dmean2": 5.19268846512,
            "dvar": 9.37819862366,
            "dvar2": 22.2335281372,
            "max": 30.5517635345,
            "mean": 11.7227077484,
            "median": 10.900724411,
            "min": 2.69798088074,
            "var": 26.2847881317
        },
        "erbbands_flatness_db": {
            "dmean": 0.0224827304482,
            "dmean2": 0.0333805866539,
            "dvar": 0.000542263092939,
            "dvar2": 0.00112214533146,
            "max": 0.410718470812,
            "mean": 0.186264306307,
            "median": 0.182469233871,
            "min": 0.0395237095654,
            "var": 0.0028666772414
        },
        "erbbands_kurtosis": {
            "dmean": 2.61865472794,
            "dmean2": 4.09256076813,
            "dvar": 23.9945430756,
            "dvar2": 55.3414535522,
            "max": 79.6380844116,
            "mean": 3.07268357277,
            "median": 0.975899815559,
            "min": -1.90454852581,
            "var": 42.833278656
        },
        "erbbands_skewness": {
            "dmean": 0.659236907959,
            "dmean2": 0.980124235153,
            "dvar": 0.741072416306,
            "dvar2": 1.48980140686,
            "max": 6.68031692505,
            "mean": 0.78884768486,
            "median": 0.89146643877,
            "min": -6.69176626205,
            "var": 1.91466224194
        },
        "erbbands_spread": {
            "dmean": 11.9536561966,
            "dmean2": 18.8431510925,
            "dvar": 292.82421875,
            "dvar2": 704.506225586,
            "max": 160.379043579,
            "mean": 34.6713867188,
            "median": 29.8113441467,
            "min": 1.56941378117,
            "var": 543.260375977
        },
        "gfcc": {
            "cov": [
                [
                    20885.8671875,
                    -2712.05957031,
                    -2165.10083008,
                    -326.610717773,
                    -1508.23950195,
                    573.658752441,
                    -623.313354492,
                    804.63079834,
                    -68.7430419922,
                    190.219894409,
                    -411.909729004,
                    144.690567017,
                    -623.291992188
                ],
                [
                    -2712.05957031,
                    2846.19262695,
                    627.979187012,
                    -129.130279541,
                    889.071838379,
                    -133.467147827,
                    265.368621826,
                    64.8591842651,
                    159.675323486,
                    -177.328643799,
                    355.178009033,
                    -8.11071205139,
                    256.102874756
                ],
                [
                    -2165.10083008,
                    627.979187012,
                    1654.38415527,
                    573.609313965,
                    215.034835815,
                    59.2677154541,
                    80.0469894409,
                    -125.445213318,
                    108.44178009,
                    25.3000011444,
                    167.575576782,
                    103.043884277,
                    160.248580933
                ],
                [
                    -326.610717773,
                    -129.130279541,
                    573.609313965,
                    839.634887695,
                    117.39478302,
                    82.1734695435,
                    62.4912376404,
                    -78.0533218384,
                    118.145736694,
                    99.7398757935,
                    75.6125640869,
                    54.3002815247,
                    120.683731079
                ],
                [
                    -1508.23950195,
                    889.071838379,
                    215.034835815,
                    117.39478302,
                    771.627075195,
                    15.5574302673,
                    165.678909302,
                    65.4392623901,
                    135.156204224,
                    22.5584812164,
                    153.17980957,
                    16.3190116882,
                    155.10043335
                ],
                [
                    573.658752441,
                    -133.467147827,
                    59.2677154541,
                    82.1734695435,
                    15.5574302673,
                    556.61529541,
                    237.65007019,
                    17.8570671082,
                    18.759935379,
                    48.2393875122,
                    36.5593147278,
                    55.858707428,
                    -3.17582917213
                ],
                [
                    -623.313354492,
                    265.368621826,
                    80.0469894409,
                    62.4912376404,
                    165.678909302,
                    237.65007019,
                    447.444488525,
                    32.7246437073,
                    -8.34921550751,
                    33.0599594116,
                    64.6406555176,
                    43.1909484863,
                    63.0884399414
                ],
                [
                    804.63079834,
                    64.8591842651,
                    -125.445213318,
                    -78.0533218384,
                    65.4392623901,
                    17.8570671082,
                    32.7246437073,
                    310.357818604,
                    99.2982635498,
                    14.1736412048,
                    24.7493476868,
                    30.1175632477,
                    11.7006597519
                ],
                [
                    -68.7430419922,
                    159.675323486,
                    108.44178009,
                    118.145736694,
                    135.156204224,
                    18.759935379,
                    -8.34921550751,
                    99.2982635498,
                    252.666107178,
                    63.3940429688,
                    35.8603248596,
                    14.2693271637,
                    58.326839447
                ],
                [
                    190.219894409,
                    -177.328643799,
                    25.3000011444,
                    99.7398757935,
                    22.5584812164,
                    48.2393875122,
                    33.0599594116,
                    14.1736412048,
                    63.3940429688,
                    204.778320313,
                    16.8681755066,
                    12.9855012894,
                    20.9525051117
                ],
                [
                    -411.909729004,
                    355.178009033,
                    167.575576782,
                    75.6125640869,
                    153.17980957,
                    36.5593147278,
                    64.6406555176,
                    24.7493476868,
                    35.8603248596,
                    16.8681755066,
                    188.242660522,
                    48.9140434265,
                    45.0811080933
                ],
                [
                    144.690567017,
                    -8.11071205139,
                    103.043884277,
                    54.3002815247,
                    16.3190116882,
                    55.858707428,
                    43.1909484863,
                    30.1175632477,
                    14.2693271637,
                    12.9855012894,
                    48.9140434265,
                    122.872703552,
                    30.9025287628
                ],
                [
                    -623.291992188,
                    256.102874756,
                    160.248580933,
                    120.683731079,
                    155.10043335,
                    -3.17582917213,
                    63.0884399414,
                    11.7006597519,
                    58.326839447,
                    20.9525051117,
                    45.0811080933,
                    30.9025287628,
                    170.359298706
                ]
            ],
            "icov": [
                [
                    9.42398692132e-05,
                    -5.60118096473e-05,
                    0.000119081421872,
                    -0.000124851387227,
                    0.000141360826092,
                    -0.000163825432537,
                    0.000198796711629,
                    -0.000281803426333,
                    9.99418189167e-05,
                    -0.000129406820633,
                    0.00014010486484,
                    -0.000208956320421,
                    0.000201938222745
                ],
                [
                    -5.60118096473e-05,
                    0.0010596353095,
                    -0.000398526986828,
                    0.000674218812492,
                    -0.000764776370488,
                    0.000432405387983,
                    -0.000564834685065,
                    0.000302988628391,
                    -0.000531698344275,
                    0.0010420687031,
                    -0.00139089545701,
                    0.000894963974133,
                    -0.00074833992403
                ],
                [
                    0.000119081421872,
                    -0.000398526986828,
                    0.00116746721324,
                    -0.000822924950626,
                    0.000369199784473,
                    -0.000297407561447,
                    0.000391392182792,
                    2.14294868783e-06,
                    5.290669651e-05,
                    -0.000220104993787,
                    0.000131918146508,
                    -0.000912620627787,
                    0.000172407831997
                ],
                [
                    -0.000124851387227,
                    0.000674218812492,
                    -0.000822924950626,
                    0.00233958358876,
                    -0.000509822217282,
                    0.000266723392997,
                    -0.000537010258995,
                    0.000967299274635,
                    -0.000980846351013,
                    0.000155687564984,
                    -0.00100049830507,
                    0.000561639491934,
                    -0.00127253658138
                ],
                [
                    0.000141360826092,
                    -0.000764776370488,
                    0.000369199784473,
                    -0.000509822217282,
                    0.00268938206136,
                    -0.000260131375398,
                    -1.6343246898e-05,
                    -0.000570990261622,
                    -0.000295246165479,
                    -0.000621799437795,
                    -0.000173858017661,
                    -0.00010329450015,
                    -0.000485007942189
                ],
                [
                    -0.000163825432537,
                    0.000432405387983,
                    -0.000297407561447,
                    0.000266723392997,
                    -0.000260131375398,
                    0.00293296505697,
                    -0.00193126196973,
                    0.000654893927276,
                    -0.000737666967325,
                    0.000309837254463,
                    -0.000700113130733,
                    -0.000153863758896,
                    0.000230735240621
                ],
                [
                    0.000198796711629,
                    -0.000564834685065,
                    0.000391392182792,
                    -0.000537010258995,
                    -1.6343246898e-05,
                    -0.00193126196973,
                    0.00410181330517,
                    -0.0010707200272,
                    0.00148323387839,
                    -0.00101687281858,
                    0.000591398798861,
                    -0.000897802296095,
                    -0.000254272541497
                ],
                [
                    -0.000281803426333,
                    0.000302988628391,
                    2.14294868783e-06,
                    0.000967299274635,
                    -0.000570990261622,
                    0.000654893927276,
                    -0.0010707200272,
                    0.00522117223591,
                    -0.00244863796979,
                    0.00069018220529,
                    -0.000900295213796,
                    -0.000501848058775,
                    -0.000521064910572
                ],
                [
                    9.99418189167e-05,
                    -0.000531698344275,
                    5.290669651e-05,
                    -0.000980846351013,
                    -0.000295246165479,
                    -0.000737666967325,
                    0.00148323387839,
                    -0.00244863796979,
                    0.00647347653285,
                    -0.00196383427829,
                    0.000844824244268,
                    -6.44234460196e-05,
                    -0.000502718088683
                ],
                [
                    -0.000129406820633,
                    0.0010420687031,
                    -0.000220104993787,
                    0.000155687564984,
                    -0.000621799437795,
                    0.000309837254463,
                    -0.00101687281858,
                    0.00069018220529,
                    -0.00196383427829,
                    0.00675207842141,
                    -0.0016477125464,
                    0.000869235605933,
                    -0.000921930128243
                ],
                [
                    0.00014010486484,
                    -0.00139089545701,
                    0.000131918146508,
                    -0.00100049830507,
                    -0.000173858017661,
                    -0.000700113130733,
                    0.000591398798861,
                    -0.000900295213796,
                    0.000844824244268,
                    -0.0016477125464,
                    0.00932018086314,
                    -0.00352282985114,
                    0.00126236991491
                ],
                [
                    -0.000208956320421,
                    0.000894963974133,
                    -0.000912620627787,
                    0.000561639491934,
                    -0.00010329450015,
                    -0.000153863758896,
                    -0.000897802296095,
                    -0.000501848058775,
                    -6.44234460196e-05,
                    0.000869235605933,
                    -0.00352282985114,
                    0.0114079751074,
                    -0.00241319509223
                ],
                [
                    0.000201938222745,
                    -0.00074833992403,
                    0.000172407831997,
                    -0.00127253658138,
                    -0.000485007942189,
                    0.000230735240621,
                    -0.000254272541497,
                    -0.000521064910572,
                    -0.000502718088683,
                    -0.000921930128243,
                    0.00126236991491,
                    -0.00241319509223,
                    0.00943807885051
                ]
            ],
            "mean": [
                -52.0327720642,
                80.1554031372,
                -97.3769302368,
                20.5332298279,
                -66.8038253784,
                3.36010169983,
                -38.0238494873,
                18.8850231171,
                -22.8618679047,
                -3.18038487434,
                -11.1523866653,
                7.91399002075,
                -13.0864257813
            ]
        },
        "hfc": {
            "dmean": 17.1284313202,
            "dmean2": 27.4579563141,
            "dvar": 1312.13598633,
            "dvar2": 3181.58618164,
            "max": 293.444976807,
            "mean": 25.5539951324,
            "median": 13.9341173172,
            "min": 1.10276721563e-16,
            "var": 1394.36437988
        },
        "melbands": {
            "dmean": [
                0.000749049009755,
                0.000296124955639,
                0.000169629944139,
                0.000311151205096,
                0.000201004615519,
                0.000119412245112,
                0.000257004779996,
                0.000259885913692,
                0.000166980287759,
                0.000149853774928,
                0.000120392083772,
                7.94818697614e-05,
                6.8226858275e-05,
                6.48552013445e-05,
                6.06839275861e-05,
                2.70648251899e-05,
                2.5511102649e-05,
                1.6106532712e-05,
                1.47033752e-05,
                1.34573820105e-05,
                1.38091518238e-05,
                1.18196512631e-05,
                1.4677539184e-05,
                1.26995091705e-05,
                1.17902000056e-05,
                1.20868890008e-05,
                5.97012285652e-06,
