{
    "lowlevel": {
        "average_loudness": 0.749028861523,
        "barkbands": {
            "dmean": [
                0.00101286778226,
                0.00703582074493,
                0.00356409722008,
                0.000734726665542,
                0.000450337713119,
                0.00058779475512,
                0.000465143035399,
                0.000357311073458,
                0.000646611908451,
                0.000592419353779,
                0.000728970684577,
                0.000866160145961,
                0.000562332454138,
                0.000536931212991,
                0.000321352563333,
                0.000306776142679,
                0.000205706033739,
                0.000222542934353,
                0.000278622697806,
                0.000346325716237,
                0.000413979432778,
                0.000208972458495,
                7.06268983777e-05,
                0.000103566846519,
                0.000101845886093,
                4.90456295665e-05,
                1.02706999314e-05
            ],
            "dmean2": [
                0.00122546032071,
                0.00966357532889,
                0.00588838150725,
                0.00134424190037,
                0.000796695239842,
                0.000944392115343,
                0.000767063407693,
                0.000604514207225,
                0.00102202908602,
                0.000922858132981,
                0.00106562802102,
                0.00129181379452,
                0.000865049601998,
                0.000851857475936,
                0.000504243420437,
                0.0004606625007,
                0.000312279211357,
                0.000325778295519,
                0.00042134951218,
                0.000518028449733,
                0.000640294514596,
                0.000312920630677,
                0.000102435617009,
                0.000153580185724,
                0.000148670907947,
                7.31851541786e-05,
                1.46821103044e-05
            ],
            "dvar": [
                1.13684736789e-05,
                0.000416631082771,
                0.000164578421391,
                1.11770668809e-05,
                2.73795103567e-06,
                2.15623163058e-06,
                1.80019878826e-06,
                2.41686598201e-06,
                2.74364356301e-06,
                2.97521819448e-06,
                3.55269025931e-06,
                5.01340764458e-06,
                2.20513106797e-06,
                1.92594916371e-06,
                6.05417255883e-07,
                4.20752996888e-07,
                1.80871538191e-07,
                1.47788639993e-07,
                2.34705254343e-07,
                2.72728868822e-07,
                2.98133244314e-07,
                1.08303161994e-07,
                1.38705535946e-08,
                2.85604482286e-08,
                2.7648420442e-08,
                9.2330010304e-09,
                5.07538677752e-10
            ],
            "dvar2": [
                1.47052305692e-05,
                0.000811967882328,
                0.000486240984173,
                3.28605929099e-05,
                7.84002895671e-06,
                5.18526212545e-06,
                4.2552587729e-06,
                6.40462940282e-06,
                6.54226460028e-06,
                6.66602727506e-06,
                6.88502814228e-06,
                1.03215479612e-05,
                5.29049657416e-06,
                4.62807474833e-06,
                1.5152531887e-06,
                9.47223043113e-07,
                4.07732841268e-07,
                2.99957520156e-07,
                4.77468233839e-07,
                5.19393381637e-07,
                6.04881392974e-07,
                2.08610686059e-07,
                2.75765188462e-08,
                6.26041583018e-08,
                5.61654012188e-08,
                2.00772287684e-08,
                8.52885151392e-10
            ],
            "max": [
                0.0733872875571,
                0.253984093666,
                0.119252160192,
                0.0389630794525,
                0.0331818461418,
                0.0213605780154,
                0.0246481187642,
                0.0421909950674,
                0.0286174938083,
                0.0350217223167,
                0.0359933376312,
                0.0410586893559,
                0.0311451423913,
                0.0280019696802,
                0.0122544420883,
                0.010763685219,
                0.00682202447206,
                0.00411708885804,
                0.00738986302167,
                0.00645121186972,
                0.00613581063226,
                0.00330787198618,
                0.00202246499248,
                0.0022682135459,
                0.00189307914115,
                0.00133419898339,
                0.000228534059715
            ],
            "mean": [
                0.00505712954327,
                0.0189103633165,
                0.0107276085764,
                0.000731447013095,
                0.000461901916424,
                0.000742693024222,
                0.000563782523386,
                0.000316078047035,
                0.000784557545558,
                0.000659783079755,
                0.00105142046232,
                0.00103205745108,
                0.000676819647197,
                0.00050977349747,
                0.000354164629243,
                0.000382567581255,
                0.000265560986008,
                0.000300958403386,
                0.000414014648413,
                0.00052632187726,
                0.000518842425663,
                0.000224656076171,
                9.77463641902e-05,
                0.000170678424183,
                0.000165094883414,
                7.42489137338e-05,
                1.40877000376e-05
            ],
            "median": [
                0.00148959213402,
                0.00896150059998,
                0.00054411648307,
                2.37162512349e-05,
                7.74922591518e-05,
                5.70887314097e-05,
                5.05315583723e-05,
                1.09604225145e-05,
                7.88260585978e-05,
                5.00662245031e-05,
                5.22021618963e-05,
                4.77856592624e-05,
                6.99256997905e-05,
                4.06870203733e-05,
                4.01182769565e-05,
                6.73155809636e-05,
                5.7046629081e-05,
                7.58146197768e-05,
                0.000141898679431,
                0.000244351045694,
                0.000245074770646,
                5.85377820244e-05,
                3.49335969076e-05,
                6.81516030454e-05,
                4.95012536703e-05,
                1.50686955749e-05,
                2.18922241402e-06
            ],
            "min": [
                8.82144338352e-24,
                1.86398744226e-23,
                6.2295473994e-24,
                2.87052283914e-23,
                1.37419333031e-23,
                3.65625480646e-23,
                3.92001644547e-23,
                3.24931238881e-23,
                2.2617825444e-23,
                2.16659480105e-23,
                3.58964276054e-23,
                6.21162140308e-23,
                1.14647919524e-22,
                8.544597382e-23,
                6.7702958516e-23,
                8.96169086178e-23,
                1.28222170976e-22,
                2.19270186872e-22,
                3.57096733058e-22,
                2.64353322548e-22,
                2.80103403837e-22,
                4.81303147642e-22,
                5.59812200517e-22,
                7.88975056549e-22,
                1.28633744322e-21,
                1.43981054691e-21,
                2.58499212276e-21
            ],
            "var": [
                9.21479440876e-05,
                0.00105083640665,
                0.00029556764639,
                6.66933738103e-06,
                1.91701860786e-06,
                3.11786129714e-06,
                2.49408412856e-06,
                2.29323154599e-06,
                3.73924831365e-06,
                3.67854431715e-06,
                8.85105964699e-06,
                9.2241771199e-06,
                2.77597814602e-06,
                1.97037547878e-06,
                6.90681758897e-07,
                6.51935124552e-07,
                2.64378314796e-07,
                2.44728568077e-07,
                4.20031568638e-07,
                5.13660779689e-07,
                4.86600072236e-07,
                1.65105589645e-07,
                2.75854024068e-08,
                5.89420068309e-08,
                6.32963477187e-08,
                1.89932105599e-08,
                8.85062800826e-10
            ]
        },
        "barkbands_crest": {
            "dmean": 2.63751220703,
            "dmean2": 3.84586524963,
            "dvar": 7.89124250412,
            "dvar2": 17.2623577118,
            "max": 26.35679245,
            "mean": 13.6689291,
            "median": 14.2712965012,
            "min": 2.3765130043,
            "var": 26.2752838135
        },
        "barkbands_flatness_db": {
            "dmean": 0.0357289873064,
            "dmean2": 0.0489926598966,
            "dvar": 0.00144936365541,
            "dvar2": 0.00248006009497,
            "max": 0.583224892616,
            "mean": 0.205109968781,
            "median": 0.192649573088,
            "min": 0.0277766212821,
            "var": 0.00643533281982
        },
        "barkbands_kurtosis": {
            "dmean": 16.8239803314,
            "dmean2": 25.6066970825,
            "dvar": 2068.64404297,
            "dvar2": 4500.82958984,
            "max": 1289.95910645,
            "mean": 25.1818523407,
            "median": 3.56999969482,
            "min": -1.94668233395,
            "var": 3358.18457031
        },
        "barkbands_skewness": {
            "dmean": 1.221098423,
            "dmean2": 1.77522730827,
            "dvar": 2.74660372734,
            "dvar2": 5.34571456909,
            "max": 27.8139648438,
            "mean": 2.88320374489,
            "median": 1.97222363949,
            "min": -7.10196447372,
            "var": 10.5625400543
        },
        "barkbands_spread": {
            "dmean": 8.12184619904,
            "dmean2": 12.2299518585,
            "dvar": 95.2428131104,
            "dvar2": 202.786483765,
            "max": 155.918792725,
            "mean": 22.3606128693,
            "median": 20.8341617584,
            "min": 0.139758646488,
            "var": 278.794250488
        },
        "dissonance": {
            "dmean": 0.019078489393,
            "dmean2": 0.0308041516691,
            "dvar": 0.000379835546482,
            "dvar2": 0.000927955436055,
            "max": 0.499995410442,
            "mean": 0.465815126896,
            "median": 0.47355234623,
            "min": 0.299170613289,
            "var": 0.000810464669485
        },
        "dynamic_complexity": 4.2354388237,
        "erbbands": {
            "dmean": [
                0.266216576099,
                1.57795345783,
                4.0034198761,
                3.17771911621,
                1.61404728889,
                1.55194401741,
                2.25200247765,
                6.22716760635,
                6.52655363083,
                6.82811069489,
                8.59880161285,
                14.3301649094,
                16.8662548065,
                20.4168586731,
                31.2323856354,
                31.5728187561,
                25.5897941589,
                27.4679985046,
                17.4991130829,
                17.1236038208,
                15.1378974915,
                10.4819297791,
                10.2607755661,
                14.4476261139,
                12.8016004562,
                16.8187904358,
                19.9081096649,
                12.3777675629,
                7.2965836525,
                4.61019039154,
                1.82713496685,
                1.83177018166,
                2.00630831718,
                1.32079529762,
                0.670877039433,
                0.293725013733,
                0.0788292959332,
                0.0115569792688,
                0.00152502511628,
                0.000146521022543
            ],
            "dmean2": [
                0.32952940464,
                2.29042506218,
                6.52692747116,
                5.54004812241,
                2.97118496895,
                2.70810508728,
                3.69768714905,
                10.1047639847,
                10.7651968002,
                11.2112598419,
                14.1033802032,
                22.6949234009,
                26.0526580811,
                30.1844024658,
                42.7775688171,
                46.7362442017,
                38.0872955322,
                43.1985626221,
                26.7429714203,
                26.0406646729,
                22.4647941589,
                15.3101577759,
                15.2708244324,
                21.3711662292,
                18.9915351868,
                25.1439800262,
                30.5673179626,
                18.76171875,
                11.018620491,
                7.03278493881,
                2.63386940956,
                2.72365546227,
                2.99657535553,
                1.94672095776,
                0.977385044098,
                0.438407808542,
                0.11898945272,
                0.0173914544284,
                0.00211904104799,
                0.000204056646908
            ],
            "dvar": [
                0.726977705956,
                25.09034729,
                201.599227905,
                162.514144897,
                57.1118125916,
                27.9431762695,
                35.9045333862,
                272.880706787,
                352.501556396,
                513.026000977,
                1394.36291504,
                1385.23815918,
                2708.67529297,
                2867.74365234,
                6083.93164062,
                7142.6796875,
                4275.06201172,
                5155.42773438,
                1897.32519531,
                1737.14782715,
                1052.04992676,
                425.282531738,
                320.298492432,
                685.475952148,
                457.268493652,
                690.915649414,
                763.625305176,
                260.484680176,
                124.756668091,
                53.5899047852,
                10.5314722061,
                10.8550930023,
                10.6165122986,
                4.65385198593,
                1.39614510536,
                0.350036382675,
                0.0258473176509,
                0.000513259496074,
                1.04358778117e-05,
                1.4375518731e-07
            ],
            "dvar2": [
                0.90870642662,
                58.4769706726,
                571.611206055,
                481.382659912,
                167.514266968,
                78.1348800659,
                90.885597229,
                660.989318848,
                857.285461426,
                1232.39794922,
                3699.15942383,
                3306.93286133,
                6412.15332031,
                6103.85058594,
                10404.0527344,
                14763.7460938,
                9809.11132812,
                12485.9580078,
                4614.14599609,
                4272.97363281,
                2323.25610352,
                907.293457031,
                646.17010498,
                1397.51965332,
                870.084228516,
                1311.8026123,
                1617.3092041,
                495.030395508,
                226.487915039,
                115.377029419,
                20.715221405,
                24.225818634,
                23.8928070068,
                10.019115448,
                2.88988018036,
                0.761340737343,
                0.0578721724451,
                0.00115164043382,
                1.82840922207e-05,
                2.27990568646e-07
            ],
            "max": [
                15.7358512878,
                46.6406478882,
                137.707702637,
                135.500137329,
                144.064086914,
                93.6729049683,
                93.0965042114,
                248.833435059,
                373.000335693,
                440.091705322,
                1295.25463867,
                642.053344727,
                964.068725586,
                1083.55615234,
                1802.86889648,
                1856.70983887,
                1342.47143555,
                1374.98498535,
                735.512390137,
                753.667419434,
                636.063049316,
                412.418731689,
                232.887908936,
                332.323669434,
                445.049682617,
                359.626037598,
                332.552093506,
                189.144378662,
                103.12273407,
                81.3113174438,
                61.6975059509,
                68.7301330566,
                45.4123878479,
                25.8738002777,
                16.132610321,
                8.53724956512,
                2.71785402298,
                0.308731555939,
                0.0497768595815,
                0.0038833511062
            ],
            "mean": [
                0.983966052532,
                2.69598865509,
                10.7940101624,
                7.41765975952,
                1.70018279552,
                1.70462560654,
                2.57055735588,
                7.74071407318,
                7.60900115967,
                7.72170257568,
                8.48921775818,
                17.7485942841,
                19.3065776825,
                27.3760890961,
                51.2660446167,
                38.5996627808,
                32.6268920898,
                27.6369018555,
                20.3817768097,
                20.4551353455,
                20.1718635559,
                14.9852428436,
                15.2079486847,
                20.9643554688,
                20.0722427368,
                25.7934570312,
                26.0852069855,
                15.1643753052,
                8.26444149017,
                5.03369426727,
                2.67009091377,
                2.91762375832,
                3.147605896,
                2.07166576385,
                1.03330850601,
                0.437050759792,
                0.116320669651,
                0.0171643719077,
                0.00217270641588,
                0.000231353013078
            ],
            "median": [
                0.461975038052,
                1.2465274334,
                0.881442427635,
                0.419014006853,
                0.219650909305,
                0.250483214855,
                0.410727530718,
                0.53790384531,
                1.11320209503,
                0.734239041805,
                0.786052286625,
                2.09855794907,
                2.38692140579,
                3.8015294075,
                3.3196182251,
                2.78533792496,
                3.62370038033,
                3.20987296104,
                2.51359820366,
                3.00832176208,
                4.14900445938,
                3.41807293892,
                4.21061038971,
                6.65692806244,
                8.74465942383,
                12.0069561005,
                12.5316038132,
                6.81002616882,
                2.27904963493,
                1.42650389671,
                0.901790976524,
                1.04909193516,
                1.22702872753,
                0.680300652981,
                0.276156753302,
                0.0886432528496,
                0.0221007298678,
                0.00383492233232,
                0.000393917551264,
                7.82474598964e-05
            ],
            "min": [
                1.18442691364e-21,
                1.64250564282e-21,
                8.60721978598e-21,
                6.28342807661e-20,
                4.33872128661e-20,
                4.38104062223e-20,
                2.71251444613e-19,
                3.19487654853e-19,
                5.85350431365e-19,
                4.48226374777e-19,
                7.46972941059e-19,
                5.70133771913e-19,
                6.66419456371e-19,
                1.11547363215e-18,
                2.28860299376e-18,
                2.79876560257e-18,
                4.74450037127e-18,
                6.72361353205e-18,
                7.05927680717e-18,
                3.46072474598e-18,
                5.61660102699e-18,
                7.14999784086e-18,
                1.19528409151e-17,
                1.01583784553e-17,
                1.42671483396e-17,
                1.39378924055e-17,
                9.51175234529e-18,
                1.3717383425e-17,
                1.78622489897e-17,
                1.45372956015e-17,
                1.57594516478e-17,
                1.43653131716e-17,
                1.59387844046e-17,
                1.19553605072e-17,
                9.37896835028e-18,
                5.34701624791e-18,
                2.87773488129e-18,
                1.28804977091e-18,
                3.33599640447e-19,
                3.73394046021e-20
            ],
            "var": [
                2.98565506935,
                32.4120635986,
                301.438568115,
                161.216308594,
                33.7914009094,
                23.9348526001,
                37.6835212708,
                388.788360596,
                423.593383789,
                754.276977539,
                1319.53344727,
                1976.69421387,
                3147.49658203,
                4512.44189453,
                20073.1269531,
                11434.2568359,
                6043.70605469,
                5276.93505859,
                2297.1730957,
                2026.31884766,
                1673.43017578,
                711.060424805,
                564.025085449,
                1164.61975098,
                904.803283691,
                1282.27368164,
                1260.83288574,
                440.481414795,
                206.470077515,
                75.8910369873,
                21.8573436737,
                20.6560783386,
                20.5632019043,
                9.5529050827,
                3.06325960159,
                0.68678945303,
                0.0478803031147,
                0.000943881226704,
                1.85159078683e-05,
                2.40931001372e-07
            ]
        },
        "erbbands_crest": {
            "dmean": 3.16252613068,
            "dmean2": 5.04320335388,
            "dvar": 8.6053981781,
            "dvar2": 19.6029281616,
            "max": 30.8081054688,
            "mean": 10.040643692,
            "median": 8.90304470062,
            "min": 2.43140149117,
            "var": 22.8737831116
        },
        "erbbands_flatness_db": {
            "dmean": 0.0226054377854,
            "dmean2": 0.0326821692288,
            "dvar": 0.000478770030895,
            "dvar2": 0.000975955976173,
            "max": 0.409326702356,
            "mean": 0.169447213411,
            "median": 0.161409065127,
            "min": 0.0461915954947,
            "var": 0.00305695878342
        },
        "erbbands_kurtosis": {
            "dmean": 1.50326442719,
            "dmean2": 2.4168806076,
            "dvar": 8.70884609222,
            "dvar2": 20.1492919922,
            "max": 71.3086395264,
            "mean": 0.56922852993,
            "median": -0.375916004181,
            "min": -1.93698298931,
            "var": 11.5760440826
        },
        "erbbands_skewness": {
            "dmean": 0.608282864094,
            "dmean2": 0.917088091373,
            "dvar": 0.466890215874,
            "dvar2": 0.984433710575,
            "max": 7.92585325241,
            "mean": 0.094766408205,
            "median": 0.0248630810529,
            "min": -5.24528312683,
            "var": 1.12711632252
        },
        "erbbands_spread": {
            "dmean": 16.4633960724,
            "dmean2": 24.9112796783,
            "dvar": 388.790100098,
            "dvar2": 820.620300293,
            "max": 239.615005493,
            "mean": 54.4432182312,
            "median": 45.7386436462,
            "min": 3.16834712029,
            "var": 1174.03405762
        },
        "gfcc": {
            "cov": [
                [
                    18508.6210938,
                    1450.35180664,
                    422.25177002,
                    694.08001709,
                    904.028259277,
                    1152.24755859,
                    445.994232178,
                    980.20324707,
                    -132.731048584,
                    494.001556396,
                    -58.0069885254,
                    168.051635742,
                    -138.263549805
                ],
                [
                    1450.35180664,
                    3309.27197266,
                    2049.33227539,
                    1945.4161377,
                    1611.94238281,
                    998.316467285,
                    936.620727539,
                    409.552185059,
                    354.260437012,
                    1.07230842113,
                    100.677871704,
                    -246.549179077,
                    -53.9418907166
                ],
                [
                    422.25177002,
                    2049.33227539,
                    3414.47729492,
                    2177.64819336,
                    1567.43762207,
                    1165.73986816,
                    737.249267578,
                    548.706970215,
                    388.70526123,
                    20.4275131226,
                    -40.6764221191,
                    -199.312667847,
                    -221.091445923
                ],
                [
                    694.08001709,
                    1945.4161377,
                    2177.64819336,
                    2044.1003418,
                    1287.29333496,
                    864.694396973,
                    728.005554199,
                    357.091918945,
                    362.886505127,
                    -2.38673734665,
                    2.65579676628,
                    -155.650131226,
                    -77.6080856323
                ],
                [
                    904.028259277,
                    1611.94238281,
                    1567.43762207,
                    1287.29333496,
                    1462.71948242,
                    959.914733887,
                    768.680419922,
                    439.982513428,
                    294.526947021,
                    27.5924301147,
                    12.714589119,
                    -112.048042297,
                    -64.6693344116
                ],
                [
                    1152.24755859,
                    998.316467285,
                    1165.73986816,
                    864.694396973,
                    959.914733887,
                    931.01965332,
                    656.697265625,
                    328.074066162,
                    187.862792969,
                    44.4599838257,
                    2.38265752792,
                    -74.6925582886,
                    -60.3861999512
                ],
                [
                    445.994232178,
                    936.620727539,
                    737.249267578,
                    728.005554199,
                    768.680419922,
                    656.697265625,
                    774.539306641,
                    296.457672119,
                    246.239685059,
                    57.4765281677,
                    20.607585907,
                    -71.123008728,
                    -20.5549812317
                ],
                [
                    980.20324707,
                    409.552185059,
                    548.706970215,
                    357.091918945,
                    439.982513428,
                    328.074066162,
                    296.457672119,
                    495.359466553,
                    221.730026245,
                    99.7221679688,
                    17.5671749115,
                    -16.0000705719,
                    -9.39342403412
                ],
                [
                    -132.731048584,
                    354.260437012,
                    388.70526123,
                    362.886505127,
                    294.526947021,
                    187.862792969,
                    246.239685059,
                    221.730026245,
                    335.387023926,
                    111.545776367,
                    66.4875488281,
                    1.80246114731,
                    -15.1413412094
                ],
                [
                    494.001556396,
                    1.07230842113,
                    20.4275131226,
                    -2.38673734665,
                    27.5924301147,
                    44.4599838257,
                    57.4765281677,
                    99.7221679688,
                    111.545776367,
                    273.661712646,
                    161.474761963,
                    80.9610595703,
                    19.8119926453
                ],
                [
                    -58.0069885254,
                    100.677871704,
                    -40.6764221191,
                    2.65579676628,
                    12.714589119,
                    2.38265752792,
                    20.607585907,
                    17.5671749115,
                    66.4875488281,
                    161.474761963,
                    285.965698242,
                    124.464332581,
                    68.9523391724
                ],
                [
                    168.051635742,
                    -246.549179077,
                    -199.312667847,
                    -155.650131226,
                    -112.048042297,
                    -74.6925582886,
                    -71.123008728,
                    -16.0000705719,
                    1.80246114731,
                    80.9610595703,
                    124.464332581,
                    197.019561768,
                    96.5341262817
                ],
                [
                    -138.263549805,
                    -53.9418907166,
                    -221.091445923,
                    -77.6080856323,
                    -64.6693344116,
                    -60.3861999512,
                    -20.5549812317,
                    -9.39342403412,
                    -15.1413412094,
                    19.8119926453,
                    68.9523391724,
                    96.5341262817,
                    216.948883057
                ]
            ],
            "icov": [
                [
                    0.000104291051684,
                    -0.000113507776405,
                    0.00016173828044,
                    -0.000135933121783,
                    0.00011473329505,
                    -0.000290859898087,
                    0.000197134446353,
                    -0.000312232150463,
                    0.000299318955513,
                    -0.000294997327728,
                    0.000279402971501,
                    -0.000341720500728,
                    0.00022392378014
                ],
                [
                    -0.000113507776405,
                    0.0011310367845,
                    -0.000166220517713,
                    -0.000398513977416,
                    -0.000809997785836,
                    0.000657570490148,
                    -0.000523215101566,
                    0.000386669591535,
                    -0.000109858869109,
                    0.000485983153339,
                    -0.00114736682735,
                    0.00144317094237,
                    -0.000523861905094
                ],
                [
                    0.00016173828044,
                    -0.000166220517713,
                    0.00156827666797,
                    -0.00141031038947,
                    6.93901019986e-05,
                    -0.00129706622101,
                    0.00117054069415,
                    -0.000946924439631,
                    0.000504858442582,
                    -0.00050495180767,
                    0.000482187984744,
                    -0.000614296353888,
                    0.00108646019362
                ],
                [
                    -0.000135933121783,
                    -0.000398513977416,
                    -0.00141031038947,
                    0.00278227520175,
                    -0.000577538332436,
                    0.000789537734818,
                    -0.000855521648191,
                    0.00110201630741,
                    -0.00126807775814,
                    0.000610657909419,
                    -0.000113354544737,
                    0.000416854134528,
                    -0.000907128036488
                ],
                [
                    0.00011473329505,
                    -0.000809997785836,
                    6.93901019986e-05,
                    -0.000577538332436,
                    0.00376077042893,
                    -0.00235352991149,
                    -6.31198781775e-05,
                    -0.00107271899469,
                    0.000111970693979,
                    0.000119983655168,
                    0.000442146585556,
                    -0.000886650756001,
                    0.000400212593377
                ],
                [
                    -0.000290859898087,
                    0.000657570490148,
                    -0.00129706622101,
                    0.000789537734818,
                    -0.00235352991149,
                    0.00603374047205,
                    -0.00328944809735,
                    0.000717394228559,
                    0.000466825556941,
                    0.000395899754949,
                    -0.000785945972893,
                    0.000753951142542,
                    -0.000453227345133
                ],
                [
                    0.000197134446353,
                    -0.000523215101566,
                    0.00117054069415,
                    -0.000855521648191,
                    -6.31198781775e-05,
                    -0.00328944809735,
                    0.00499875098467,
                    -0.000884164473973,
                    -0.000897849735338,
                    -0.000666750071105,
                    0.000717893184628,
                    -0.000142369710375,
                    0.000216720494791
                ],
                [
                    -0.000312232150463,
                    0.000386669591535,
                    -0.000946924439631,
                    0.00110201630741,
                    -0.00107271899469,
                    0.000717394228559,
                    -0.000884164473973,
                    0.00478157959878,
                    -0.00263619190082,
                    -4.92239159939e-05,
                    -6.28637935733e-05,
                    0.00113126717042,
                    -0.0013333351817
                ],
                [
                    0.000299318955513,
                    -0.000109858869109,
                    0.000504858442582,
                    -0.00126807775814,
                    0.000111970693979,
                    0.000466825556941,
                    -0.000897849735338,
                    -0.00263619190082,
                    0.00679278047755,
                    -0.00219883024693,
                    0.000241599715082,
                    -0.00112277991138,
                    0.00128611479886
                ],
                [
                    -0.000294997327728,
                    0.000485983153339,
                    -0.00050495180767,
                    0.000610657909419,
                    0.000119983655168,
                    0.000395899754949,
                    -0.000666750071105,
                    -4.92239159939e-05,
                    -0.00219883024693,
                    0.00757608981803,
                    -0.00419066334143,
                    0.000331688381266,
                    5.63440662518e-05
                ],
                [
                    0.000279402971501,
                    -0.00114736682735,
                    0.000482187984744,
                    -0.000113354544737,
                    0.000442146585556,
                    -0.000785945972893,
                    0.000717893184628,
                    -6.28637935733e-05,
                    0.000241599715082,
                    -0.00419066334143,
                    0.00825912505388,
                    -0.00464644283056,
                    0.000164034659974
                ],
                [
                    -0.000341720500728,
                    0.00144317094237,
                    -0.000614296353888,
                    0.000416854134528,
                    -0.000886650756001,
                    0.000753951142542,
                    -0.000142369710375,
                    0.00113126717042,
                    -0.00112277991138,
                    0.000331688381266,
                    -0.00464644283056,
                    0.0115294791758,
                    -0.0041168788448
                ],
                [
                    0.00022392378014,
                    -0.000523861905094,
                    0.00108646019362,
                    -0.000907128036488,
                    0.000400212593377,
                    -0.000453227345133,
                    0.000216720494791,
                    -0.0013333351817,
                    0.00128611479886,
                    5.63440662518e-05,
                    0.000164034659974,
                    -0.0041168788448,
                    0.00722482567653
                ]
            ],
            "mean": [
                -49.6377182007,
                23.252904892,
                -118.525642395,
                32.5380630493,
                -54.0454368591,
                16.9452972412,
                -21.6164073944,
                13.6354656219,
                -27.2242259979,
                9.33220672607,
                -10.2698707581,
                -0.197178155184,
                -2.10496616364
            ]
        },
        "hfc": {
            "dmean": 10.6243867874,
            "dmean2": 14.3237104416,
            "dvar": 220.380142212,
            "dvar2": 350.883605957,
            "max": 151.865081787,
            "mean": 23.8396873474,
            "median": 19.5954341888,
            "min": 1.1564405833e-16,
            "var": 527.96307373
        },
        "melbands": {
            "dmean": [
                0.0020732220728,
                0.00191868410911,
                0.000514831859618,
                0.00010831347754,
                7.46614023228e-05,
                0.000130865111714,
                9.98476025416e-05,
                7.40973846405e-05,
                7.49701357563e-05,
                9.44570710999e-05,
                8.6404994363e-05,
                8.31129000289e-05,
                0.00010115421901,
                9.95625014184e-05,
                7.11919637979e-05,
                5.28777345608e-05,
                5.33311067556e-05,
                3.10267532768e-05,
                2.44375114562e-05,
                2.38223055931e-05,
                1.87465520867e-05,
                1.21009579743e-05,
                1.00497800304e-05,
                1.0394544006e-05,
                1.27388811961e-05,
                1.04236987681e-05,
