{
    "lowlevel": {
        "average_loudness": 0.945547878742,
        "barkbands": {
            "dmean": [
                0.00055690301815,
                0.0078782979399,
                0.00173647294287,
                0.000974398571998,
                0.00173406791873,
                0.000887503789272,
                0.00178386934567,
                0.00116084469482,
                0.00101749913301,
                0.000694160931744,
                0.000640704180114,
                0.000602907151915,
                0.000631482456811,
                0.000690942280926,
                0.000555262144189,
                0.000556431943551,
                0.000505138072185,
                0.000251557852607,
                0.000184413976967,
                0.000106212813989,
                0.000107488500362,
                0.000146552745719,
                0.000117370647786,
                0.000111167566502,
                0.000122403478599,
                7.00497330399e-05,
                2.2584647013e-05
            ],
            "dmean2": [
                0.000874809746165,
                0.0116130616516,
                0.00298262061551,
                0.00171241187491,
                0.00270563992672,
                0.00144455465488,
                0.00287260184996,
                0.00189777743071,
                0.0016056507593,
                0.00115075218491,
                0.00102626509033,
                0.000973310612608,
                0.00104065902997,
                0.00111725518946,
                0.000883775472175,
                0.000893056043424,
                0.000817843945697,
                0.000405740196584,
                0.000288859941065,
                0.000162886135513,
                0.0001648356847,
                0.000221670066821,
                0.000185317563592,
                0.000167860867805,
                0.000193294108612,
                0.000106762534415,
                3.59664845746e-05
            ],
            "dvar": [
                1.23229324345e-06,
                0.000306456116959,
                2.62319936155e-05,
                7.77110290073e-06,
                8.58441944729e-06,
                5.21694391864e-06,
                1.4825944163e-05,
                5.84028794037e-06,
                5.86626674703e-06,
                4.81749248138e-06,
                2.64389746008e-06,
                2.76371770269e-06,
                2.2389717742e-06,
                2.23345364248e-06,
                1.44177215589e-06,
                1.15631405606e-06,
                8.10573681065e-07,
                2.11832471564e-07,
                8.36609359567e-08,
                4.11302600867e-08,
                4.18338110819e-08,
                1.02115940592e-07,
                7.83003031302e-08,
                1.38475925837e-07,
                1.45498745496e-07,
                3.26839710851e-08,
                5.18963760854e-09
            ],
            "dvar2": [
                2.86733211396e-06,
                0.000595667748712,
                6.90072847647e-05,
                2.14743249671e-05,
                1.95918582904e-05,
                1.27230950966e-05,
                3.6084344174e-05,
                1.44142113641e-05,
                1.39744124681e-05,
                1.26774566525e-05,
                6.50892934573e-06,
                6.835251952e-06,
                5.50106233277e-06,
                5.84748886467e-06,
                3.41377040058e-06,
                2.9254281344e-06,
                2.13875409827e-06,
                5.51349160105e-07,
                1.98106860694e-07,
                8.87717419573e-08,
                9.48350589169e-08,
                2.36523021613e-07,
                1.9692831188e-07,
                2.97490487355e-07,
                3.59251117743e-07,
                7.11765224537e-08,
                1.22000516356e-08
            ],
            "max": [
                0.0112451435998,
                0.179508686066,
                0.0666075572371,
                0.0355825312436,
                0.0487603917718,
                0.046875949949,
                0.0652023553848,
                0.0381969697773,
                0.0387496799231,
                0.0533119998872,
                0.0397719778121,
                0.0467358455062,
                0.0358029156923,
                0.0299594532698,
                0.020236890763,
                0.0200819000602,
                0.0178285837173,
                0.00892562139779,
                0.00410961499438,
                0.00271673267707,
                0.0031326727476,
                0.00544388918206,
                0.00472804345191,
                0.016132120043,
                0.010626536794,
                0.00367747503333,
                0.000981031917036
            ],
            "mean": [
                0.00128876068629,
                0.0145331732929,
                0.00180726742838,
                0.000924465886783,
                0.00333160813898,
                0.00129370519426,
                0.00282279960811,
                0.00149092753418,
                0.0014682878973,
                0.000937412434723,
                0.000954692892265,
                0.000837897183374,
                0.000850897165947,
                0.0010466335807,
                0.000877444108482,
                0.000972305773757,
                0.000924723455682,
                0.000468000303954,
                0.000364822190022,
                0.000191923783859,
                0.000193039653823,
                0.000234451479628,
                0.000165659483173,
                0.00014863430988,
                0.00015735294437,
                8.59086212586e-05,
                2.31461835938e-05
            ],
            "median": [
                0.000275311584119,
                0.00888850539923,
                0.00043707707664,
                0.000214406260056,
                0.00191432540305,
                0.000354310090188,
                0.000634387601167,
                0.000435344671132,
                0.000302286178339,
                0.000204009760637,
                0.000270454154816,
                0.000254282786045,
                0.000271754630376,
                0.00035241356818,
                0.000322564912494,
                0.000452435051557,
                0.000380163168302,
                0.000197648827452,
                0.000179495997145,
                7.91898128227e-05,
                0.000101600104244,
                0.000108256303065,
                5.96429345023e-05,
                2.90441912512e-05,
                3.10729847115e-05,
                1.42329299706e-05,
                1.55179816375e-06
            ],
            "min": [
                2.71614769037e-25,
                3.63990755747e-24,
                2.13548729399e-24,
                2.33618829942e-24,
                1.32683375032e-23,
                7.24472894846e-24,
                1.5345151098e-23,
                1.50479035758e-23,
                2.20777570688e-23,
                2.51761360696e-23,
                3.50445083148e-23,
                3.40799838632e-23,
                3.22199382011e-23,
                2.75248274199e-23,
                7.62535291527e-23,
                7.17071786056e-23,
                7.2946125678e-23,
                9.1059205099e-23,
                1.33984768334e-22,
                1.9267187974e-22,
                3.0660996329e-22,
                3.25616235204e-22,
                3.87825806189e-22,
                6.01641669923e-22,
                8.88248291601e-22,
                1.26191723785e-21,
                1.92092462037e-21
            ],
            "var": [
                3.38825657309e-06,
                0.000489841098897,
                2.13647927012e-05,
                5.96061909164e-06,
                1.99421592697e-05,
                1.08882923087e-05,
                4.3408057536e-05,
                8.82881431608e-06,
                1.00923725768e-05,
                6.72263149681e-06,
                4.44860825155e-06,
                4.29961710324e-06,
                3.02632906823e-06,
                3.84121176467e-06,
                2.67138875643e-06,
                2.23721940529e-06,
                2.05549486054e-06,
                4.7457407959e-07,
                2.26523425795e-07,
                9.12713460366e-08,
                7.45326218521e-08,
                1.47910867554e-07,
                9.97171270001e-08,
                2.08528547319e-07,
                1.72113175267e-07,
                4.5870041987e-08,
                5.53727863561e-09
            ]
        },
        "barkbands_crest": {
            "dmean": 3.37116479874,
            "dmean2": 5.20834302902,
            "dvar": 9.87922382355,
            "dvar2": 20.6417980194,
            "max": 26.466047287,
            "mean": 12.9677343369,
            "median": 12.0367002487,
            "min": 2.35360145569,
            "var": 28.4253044128
        },
        "barkbands_flatness_db": {
            "dmean": 0.0316034406424,
            "dmean2": 0.0451052077115,
            "dvar": 0.00106610241346,
            "dvar2": 0.00208064750768,
            "max": 0.467661499977,
            "mean": 0.150167614222,
            "median": 0.133432641625,
            "min": 0.0139097170904,
            "var": 0.00580222345889
        },
        "barkbands_kurtosis": {
            "dmean": 7.07870817184,
            "dmean2": 10.7753410339,
            "dvar": 414.795684814,
            "dvar2": 850.653015137,
            "max": 887.848815918,
            "mean": 9.36926841736,
            "median": 1.22982561588,
            "min": -1.94052314758,
            "var": 901.659484863
        },
        "barkbands_skewness": {
            "dmean": 0.845933198929,
            "dmean2": 1.22835075855,
            "dvar": 1.11903834343,
            "dvar2": 2.28474640846,
            "max": 26.1990413666,
            "mean": 1.85644447803,
            "median": 1.2941814661,
            "min": -5.42434978485,
            "var": 4.33728218079
        },
        "barkbands_spread": {
            "dmean": 6.95920753479,
            "dmean2": 10.5374965668,
            "dvar": 80.4558868408,
            "dvar2": 167.324356079,
            "max": 112.416381836,
            "mean": 23.5946006775,
            "median": 21.6750583649,
            "min": 0.266308397055,
            "var": 261.106842041
        },
        "dissonance": {
            "dmean": 0.0215982813388,
            "dmean2": 0.0359094887972,
            "dvar": 0.000657752971165,
            "dvar2": 0.00181762420107,
            "max": 0.500000059605,
            "mean": 0.457856655121,
            "median": 0.472842484713,
            "min": 0.182580694556,
            "var": 0.00180542119779
        },
        "dynamic_complexity": 3.18253970146,
        "erbbands": {
            "dmean": [
                0.295220851898,
                1.67775654793,
                2.03512310982,
                2.79270648956,
                3.31044006348,
                7.18657970428,
                8.86951351166,
                7.58210754395,
                18.1210746765,
                29.1955413818,
                24.8818721771,
                22.8884105682,
                14.0555276871,
                29.616350174,
                23.3995075226,
                21.4146251678,
                26.7686214447,
                29.8361816406,
                27.6242656708,
                27.1735267639,
                30.7422561646,
                26.9462718964,
                15.0740814209,
                9.70598697662,
                7.84075784683,
                4.61459493637,
                4.25875043869,
                4.59300374985,
                5.34561300278,
                4.07316493988,
                3.52491593361,
                2.33089256287,
                2.00033116341,
                1.39797627926,
                0.833254277706,
                0.342067450285,
                0.121540561318,
                0.0268275588751,
                0.00385193619877,
                0.000233257640502
            ],
            "dmean2": [
                0.436007797718,
                2.57552886009,
                3.32418441772,
                4.90479564667,
                5.37272024155,
                11.1395044327,
                13.7992401123,
                12.394575119,
                29.050901413,
                47.3269462585,
                39.7957992554,
                36.198135376,
                23.0592556,
                47.7062225342,
                37.5089874268,
                34.555015564,
                43.6932487488,
                47.4296989441,
                44.3304519653,
                41.9763450623,
                48.7560958862,
                43.1578941345,
                23.7641620636,
                15.1963195801,
                12.3223228455,
                7.0502114296,
                6.59303092957,
                6.97353553772,
                8.19443225861,
                6.27720403671,
                5.59569549561,
                3.57776045799,
                3.06466054916,
                2.23893666267,
                1.29400277138,
                0.521032989025,
                0.186462208629,
                0.0411727316678,
                0.00614754343405,
                0.000375844654627
            ],
            "dvar": [
                0.411736398935,
                16.1685905457,
                27.2566204071,
                83.1928787231,
                39.9229354858,
                177.031860352,
                429.449157715,
                468.985870361,
                1579.41174316,
                3246.32128906,
                2402.86962891,
                2877.4453125,
                1257.7791748,
                6727.72265625,
                3844.27441406,
                3850.02685547,
                4074.15991211,
                4276.06884766,
                3858.71386719,
                3274.55615234,
                3094.98901367,
                2516.92749023,
                717.587097168,
                239.86088562,
                170.924621582,
                77.8567199707,
                84.3569107056,
                72.8140182495,
                132.733337402,
                79.9975280762,
                81.2558898926,
                55.8213920593,
                46.4873352051,
                19.7241096497,
                6.39453697205,
                0.756027042866,
                0.1099794209,
                0.00612062495202,
                0.00015849826741,
                5.570792041e-07
            ],
            "dvar2": [
                0.756765007973,
                35.5727806091,
                66.3839111328,
                224.410125732,
                99.8732757568,
                403.125671387,
                1029.82458496,
                1114.16516113,
                3776.32275391,
                8065.59521484,
                5807.99462891,
                7098.34375,
                3090.30688477,
                17568.671875,
                9306.07910156,
                9780.63085938,
                10123.4550781,
                10443.5800781,
                10206.3603516,
                7214.24707031,
                8036.74023438,
                6667.79296875,
                1811.09448242,
                579.437316895,
                400.462005615,
                160.185592651,
                203.474655151,
                155.333679199,
                304.905670166,
                195.322769165,
                205.171630859,
                126.101707458,
                102.81362915,
                49.6367988586,
                15.0203151703,
                1.67189347744,
                0.242185607553,
                0.0135610345751,
                0.00037413064274,
                1.33204764552e-06
            ],
            "max": [
                6.25150060654,
                42.3349952698,
                72.3085479736,
                132.541763306,
                84.0182571411,
                278.207641602,
                484.278808594,
                482.582977295,
                861.847167969,
                903.282409668,
                698.50958252,
                799.549621582,
                901.901428223,
                1659.82189941,
                1799.46264648,
                2053.84985352,
                1790.01586914,
                1221.55725098,
                1663.16418457,
                1155.7442627,
                975.084716797,
                1022.88397217,
                493.18862915,
                270.593933105,
                164.252059937,
                119.286636353,
                128.44871521,
                127.960235596,
                168.47164917,
                137.918716431,
                173.068954468,
                381.443695068,
                220.070755005,
                97.4222564697,
                97.971786499,
                23.2856140137,
                6.18532466888,
                1.58550083637,
                0.183518469334,
                0.010303302668
            ],
            "mean": [
                0.609578847885,
                2.4756360054,
                2.48669409752,
                2.71770000458,
                4.73783493042,
                13.2670631409,
                14.1264219284,
                11.8369693756,
                28.7280483246,
                43.3616371155,
                35.0491256714,
                32.4534683228,
                21.32862854,
                44.5579147339,
                36.1244430542,
                31.6046867371,
                38.9022445679,
                49.1034317017,
                45.8354759216,
                48.7155342102,
                57.1573371887,
                52.6309356689,
                30.3856773376,
                20.2138061523,
                15.3349370956,
                8.72473430634,
                7.47724676132,
                8.14569473267,
                8.5581817627,
                6.325963974,
                4.7557682991,
                3.03610563278,
                2.63613557816,
                1.78023254871,
                1.07289755344,
                0.437511503696,
                0.1452062428,
                0.0306293591857,
                0.00397712457925,
                0.000261226494331
            ],
            "median": [
                0.33199056983,
                1.30898296833,
                0.832282423973,
                0.80256074667,
                2.28382396698,
                6.26135540009,
                5.86694955826,
                3.15221190453,
                7.36262273788,
                14.5388879776,
                11.2745218277,
                7.95654392242,
                7.74074029922,
                11.2672758102,
                12.8963832855,
                11.4316730499,
                13.7620124817,
                18.7925624847,
                20.4990119934,
                20.8969478607,
                28.7341213226,
                23.1015357971,
                13.5190477371,
                9.6281709671,
                7.97108840942,
                3.8722641468,
                3.72425794601,
                4.15296411514,
                3.9571492672,
                2.67149806023,
                1.59119033813,
                0.691379785538,
                0.472362518311,
                0.37646150589,
                0.195573881269,
                0.0778444930911,
                0.0230447091162,
                0.00339441350661,
                0.000297843769658,
                6.03766020504e-05
            ],
            "min": [
                1.05251134639e-22,
                7.97032191535e-22,
                3.30215428072e-21,
                1.00097327873e-20,
                1.34906606702e-20,
                2.57281734085e-20,
                5.28354281503e-20,
                9.37517846721e-20,
                1.95336607853e-19,
                1.92382164275e-19,
                3.56243218577e-19,
                4.57392052952e-19,
                5.56247529079e-19,
                1.19208255099e-18,
                1.60694857656e-18,
                1.49568203083e-18,
                1.51703849007e-18,
                2.11273529654e-18,
                3.62770604188e-18,
                3.84925726996e-18,
                4.6749369633e-18,
                5.11059603473e-18,
                5.79869656704e-18,
                7.88110556116e-18,
                8.92549966667e-18,
                1.0330062273e-17,
                1.03953781085e-17,
                1.21760680111e-17,
                1.10327108443e-17,
                1.19269526435e-17,
                1.18130490459e-17,
                8.88073926936e-18,
                1.00128037665e-17,
                9.07207855276e-18,
                6.94802349633e-18,
                3.74975405972e-18,
                2.36907898196e-18,
                9.26550853515e-19,
                2.28132561382e-19,
                2.68995532443e-20
            ],
            "var": [
                0.748522460461,
                19.8951377869,
                27.6722297668,
                62.3706703186,
                56.2292327881,
                422.35848999,
                672.162658691,
                1210.91247559,
                4326.47509766,
                7324.51660156,
                3979.53881836,
                4547.04833984,
                1840.20214844,
                11256.1962891,
                5969.70947266,
                5357.52978516,
                5717.41357422,
                8139.65625,
                5340.20605469,
                7084.13525391,
                6315.35009766,
                6440.25878906,
                1867.53100586,
                719.591796875,
                383.594604492,
                183.612518311,
                132.969009399,
                137.527633667,
                192.377990723,
                110.171829224,
                98.6679077148,
                79.2739334106,
                66.1222305298,
                22.2825145721,
                8.39157676697,
                1.11185753345,
                0.146297991276,
                0.00762695726007,
                0.000165578181623,
                5.87315867051e-07
            ]
        },
        "erbbands_crest": {
            "dmean": 3.01684641838,
            "dmean2": 4.9418463707,
            "dvar": 8.44675636292,
            "dvar2": 20.6224098206,
            "max": 30.7541255951,
            "mean": 9.96156597137,
            "median": 8.64338970184,
            "min": 2.20616483688,
            "var": 27.3028087616
        },
        "erbbands_flatness_db": {
            "dmean": 0.0228841900826,
            "dmean2": 0.0340909324586,
            "dvar": 0.000547812087461,
            "dvar2": 0.00117195560597,
            "max": 0.488619327545,
            "mean": 0.164806157351,
            "median": 0.152049094439,
            "min": 0.0397146008909,
            "var": 0.00398108642548
        },
        "erbbands_kurtosis": {
            "dmean": 1.49610185623,
            "dmean2": 2.38518548012,
            "dvar": 7.94406652451,
            "dvar2": 18.5682601929,
            "max": 84.1252212524,
            "mean": 1.38111650944,
            "median": 0.0968143641949,
            "min": -1.89435732365,
            "var": 22.5931091309
        },
        "erbbands_skewness": {
            "dmean": 0.464512676001,
            "dmean2": 0.713094174862,
            "dvar": 0.245805308223,
            "dvar2": 0.525368571281,
            "max": 7.71516132355,
            "mean": 0.28734767437,
            "median": 0.081819742918,
            "min": -4.26760673523,
            "var": 1.24279630184
        },
        "erbbands_spread": {
            "dmean": 9.17566776276,
            "dmean2": 14.2107515335,
            "dvar": 138.598129272,
            "dvar2": 315.284118652,
            "max": 172.116134644,
            "mean": 34.9832420349,
            "median": 31.6567630768,
            "min": 1.5191411972,
            "var": 398.587341309
        },
        "gfcc": {
            "cov": [
                [
                    23513.7421875,
                    -1469.40820313,
                    -350.702087402,
                    1142.30700684,
                    526.934143066,
                    1044.97180176,
                    -406.174285889,
                    927.175964355,
                    84.677520752,
                    502.957061768,
                    -531.924560547,
                    7.59115743637,
                    -435.030151367
                ],
                [
                    -1469.40820313,
                    1887.00952148,
                    -241.926147461,
                    121.006813049,
                    237.457077026,
                    -67.0027236938,
                    337.557037354,
                    -91.4064102173,
                    163.665603638,
                    -74.1139831543,
                    214.259643555,
                    -38.7377891541,
                    91.0563583374
                ],
                [
                    -350.702087402,
                    -241.926147461,
                    959.211425781,
                    329.20526123,
                    207.031570435,
                    124.063423157,
                    -5.8262629509,
                    41.2635269165,
                    29.6231803894,
                    22.4460659027,
                    20.8186569214,
                    20.2795372009,
                    6.7848649025
                ],
                [
                    1142.30700684,
                    121.006813049,
                    329.20526123,
                    748.672058105,
                    368.704223633,
                    215.809020996,
                    41.1601333618,
                    111.856155396,
                    156.317245483,
                    40.8073883057,
                    7.31847715378,
                    -44.4731826782,
                    8.73415756226
                ],
                [
                    526.934143066,
                    237.457077026,
                    207.031570435,
                    368.704223633,
                    636.434082031,
                    322.9609375,
                    242.963699341,
                    201.423660278,
                    194.644866943,
                    114.373008728,
                    50.8051795959,
                    -29.0138454437,
                    42.0036430359
                ],
                [
                    1044.97180176,
                    -67.0027236938,
                    124.063423157,
                    215.809020996,
                    322.9609375,
                    409.839416504,
                    210.487930298,
                    169.650756836,
                    92.1720428467,
                    110.164627075,
                    21.3802871704,
                    -31.9200897217,
                    3.11284613609
                ],
                [
                    -406.174285889,
                    337.557037354,
                    -5.8262629509,
                    41.1601333618,
                    242.963699341,
                    210.487930298,
                    416.834411621,
                    161.239807129,
                    131.962997437,
                    74.7242889404,
                    123.767181396,
                    -13.610868454,
                    39.2436218262
                ],
                [
                    927.175964355,
                    -91.4064102173,
                    41.2635269165,
                    111.856155396,
                    201.423660278,
                    169.650756836,
                    161.239807129,
                    287.204803467,
                    144.316314697,
                    108.904571533,
                    31.3154640198,
                    14.4734811783,
                    6.50149440765
                ],
                [
                    84.677520752,
                    163.665603638,
                    29.6231803894,
                    156.317245483,
                    194.644866943,
                    92.1720428467,
                    131.962997437,
                    144.316314697,
                    231.026031494,
                    97.5246658325,
                    64.6581954956,
                    9.82106781006,
                    17.892824173
                ],
                [
                    502.957061768,
                    -74.1139831543,
                    22.4460659027,
                    40.8073883057,
                    114.373008728,
                    110.164627075,
                    74.7242889404,
                    108.904571533,
                    97.5246658325,
                    157.057067871,
                    33.3684654236,
                    10.8708000183,
                    -3.77378892899
                ],
                [
                    -531.924560547,
                    214.259643555,
                    20.8186569214,
                    7.31847715378,
                    50.8051795959,
                    21.3802871704,
                    123.767181396,
                    31.3154640198,
                    64.6581954956,
                    33.3684654236,
                    143.512176514,
                    32.4946670532,
                    41.9774131775
                ],
                [
                    7.59115743637,
                    -38.7377891541,
                    20.2795372009,
                    -44.4731826782,
                    -29.0138454437,
                    -31.9200897217,
                    -13.610868454,
                    14.4734811783,
                    9.82106781006,
                    10.8708000183,
                    32.4946670532,
                    114.179344177,
                    34.6963005066
                ],
                [
                    -435.030151367,
                    91.0563583374,
                    6.7848649025,
                    8.73415756226,
                    42.0036430359,
                    3.11284613609,
                    39.2436218262,
                    6.50149440765,
                    17.892824173,
                    -3.77378892899,
                    41.9774131775,
                    34.6963005066,
                    103.139572144
                ]
            ],
            "icov": [
                [
                    8.82657404873e-05,
                    -5.27227930434e-05,
                    0.000100209123048,
                    -0.000149489627802,
                    6.15718454355e-05,
                    -0.000238811931922,
                    0.000234625127632,
                    -0.000355234515155,
                    0.000239658242208,
                    -0.000192649837118,
                    0.000190576596651,
                    -0.000222135640797,
                    0.000288697279757
                ],
                [
                    -5.27227930434e-05,
                    0.00113743264228,
                    0.000300523737678,
                    -0.000155686182552,
                    -0.000602884858381,
                    0.000857979815919,
                    -0.00106054090429,
                    0.0012215237366,
                    -0.000779369380325,
                    0.00087548897136,
                    -0.00108117167838,
                    0.00044151651673,
                    -0.000228239587159
                ],
                [
                    0.000100209123048,
                    0.000300523737678,
                    0.00154406041838,
                    -0.000789606478065,
                    -0.000405984988902,
                    -0.000166969519341,
                    0.000207178192795,
                    -7.52529958845e-05,
                    0.000554866332095,
                    -3.41407462656e-06,
                    -0.000514843093697,
                    -0.000672663678415,
                    0.000558377767447
                ],
                [
                    -0.000149489627802,
                    -0.000155686182552,
                    -0.000789606478065,
                    0.00288012064993,
                    -0.000922486360651,
                    -0.000675672723446,
                    0.00101105426438,
                    0.000327865069266,
                    -0.00188024132513,
                    0.00137618801091,
                    -0.000458085734863,
                    0.00119831901975,
                    -0.000534460588824
                ],
                [
                    6.15718454355e-05,
                    -0.000602884858381,
                    -0.000405984988902,
                    -0.000922486360651,
                    0.00428638095036,
                    -0.00211000675336,
                    -0.000304913002765,
                    -0.000942256534472,
                    -0.000892737414688,
                    -0.000802964146715,
                    0.00136957142968,
                    0.000185554061318,
                    -0.00110409082845
                ],
                [
                    -0.000238811931922,
                    0.000857979815919,
                    -0.000166969519341,
                    -0.000675672723446,
                    -0.00211000675336,
                    0.00708040362224,
                    -0.00346175744198,
                    0.000532238394953,
                    0.00119410525076,
                    -0.00165759189986,
                    0.00018013479712,
                    0.00119555788115,
                    -0.000510624959134
                ],
                [
                    0.000234625127632,
                    -0.00106054090429,
                    0.000207178192795,
                    0.00101105426438,
                    -0.000304913002765,
                    -0.00346175744198,
                    0.00744912447408,
                    -0.00336047820747,
                    4.9967879022e-05,
                    0.000476089306176,
                    -0.00316851073876,
                    0.000980464508757,
                    0.000401325029088
                ],
                [
                    -0.000355234515155,
                    0.0012215237366,
                    -7.52529958845e-05,
                    0.000327865069266,
                    -0.000942256534472,
                    0.000532238394953,
                    -0.00336047820747,
                    0.00938257016242,
                    -0.00411367230117,
                    -0.000436786067439,
                    0.000262893765466,
                    -0.00054684834322,
                    -0.00077007629443
                ],
                [
                    0.000239658242208,
                    -0.000779369380325,
                    0.000554866332095,
                    -0.00188024132513,
                    -0.000892737414688,
                    0.00119410525076,
                    4.9967879022e-05,
                    -0.00411367230117,
                    0.010967024602,
                    -0.00461268611252,
                    -0.000871800468303,
                    -0.00104415020905,
                    0.00102418218739
                ],
                [
                    -0.000192649837118,
                    0.00087548897136,
                    -3.41407462656e-06,
                    0.00137618801091,
                    -0.000802964146715,
                    -0.00165759189986,
                    0.000476089306176,
                    -0.000436786067439,
                    -0.00461268611252,
                    0.0123780677095,
                    -0.00297044077888,
                    6.22300285613e-05,
                    0.000962753663771
                ],
                [
                    0.000190576596651,
                    -0.00108117167838,
                    -0.000514843093697,
                    -0.000458085734863,
                    0.00136957142968,
                    0.00018013479712,
                    -0.00316851073876,
                    0.000262893765466,
                    -0.000871800468303,
                    -0.00297044077888,
                    0.0140187134966,
                    -0.00349382171407,
                    -0.0020308624953
                ],
                [
                    -0.000222135640797,
                    0.00044151651673,
                    -0.000672663678415,
                    0.00119831901975,
                    0.000185554061318,
                    0.00119555788115,
                    0.000980464508757,
                    -0.00054684834322,
                    -0.00104415020905,
                    6.22300285613e-05,
                    -0.00349382171407,
                    0.0125022819266,
                    -0.00443459115922
                ],
                [
                    0.000288697279757,
                    -0.000228239587159,
                    0.000558377767447,
                    -0.000534460588824,
                    -0.00110409082845,
                    -0.000510624959134,
                    0.000401325029088,
                    -0.00077007629443,
                    0.00102418218739,
                    0.000962753663771,
                    -0.0020308624953,
                    -0.00443459115922,
                    0.0136601179838
                ]
            ],
            "mean": [
                -8.94779968262,
                79.140663147,
                -118.840042114,
                23.7013721466,
                -50.1950721741,
                9.80106925964,
                -37.4542884827,
                7.06668043137,
                -14.5669593811,
                4.44571781158,
                -14.6860752106,
                6.60670471191,
                -9.10166454315
            ]
        },
        "hfc": {
            "dmean": 10.2839918137,
            "dmean2": 15.1910219193,
            "dvar": 278.913818359,
            "dvar2": 626.35333252,
            "max": 272.915924072,
            "mean": 28.4488067627,
            "median": 23.6571083069,
            "min": 1.07293584019e-16,
            "var": 631.417175293
        },
        "melbands": {
            "dmean": [
                0.0023294989951,
                0.0013604874257,
                0.000479565118439,
                0.000342829356669,
                0.000324923079461,
                0.000166269339388,
                0.000315841607517,
                0.000314731441904,
                0.000206010459806,
                0.00013863723143,
                7.30683896109e-05,
                0.00012268590217,
                7.78504982009e-05,
                7.21045726095e-05,
                5.95987330598e-05,
                5.97510079388e-05,
                6.24401582172e-05,
                5.09900819452e-05,
                4.65644588985e-05,
                3.58082797902e-05,
                3.81138706871e-05,
                3.10875693685e-05,
                2.28364024224e-05,
                9.65521394392e-06,
                8.661888387e-06,
                6.85978784531e-06,
                4.94719870403e-06,
                2.99252337754e-06,
