{
    "lowlevel": {
        "average_loudness": 0.18598203361,
        "barkbands": {
            "dmean": [
                0.00369494804181,
                0.0132898837328,
                0.00304387323558,
                0.00176715524867,
                0.000516618718393,
                0.000425880862167,
                0.000770187063608,
                0.000467086851131,
                0.000484620919451,
                0.000436418835307,
                0.000357158831321,
                0.000455216417322,
                0.00040242949035,
                0.000420301279519,
                0.000287901435513,
                0.000284049921902,
                0.000281533953967,
                0.000328579393681,
                0.000226589705562,
                0.000223667782848,
                0.000198255147552,
                0.000262652378296,
                0.00058977882145,
                0.000442787219072,
                0.000122349229059,
                6.56046686345e-05,
                1.36069356813e-05
            ],
            "dmean2": [
                0.00552498036996,
                0.0215899664909,
                0.0056263692677,
                0.00334042171016,
                0.000876670819707,
                0.000677266856655,
                0.00115914305206,
                0.000694113026839,
                0.000715507543646,
                0.000676455034409,
                0.000534966064151,
                0.000678125303239,
                0.000615514058154,
                0.000640330719762,
                0.000448524137028,
                0.000452864012914,
                0.000414427777287,
                0.000525471405126,
                0.000321003462886,
                0.00035356375156,
                0.000308445713017,
                0.000430324056651,
                0.00104346999433,
                0.000778123736382,
                0.000206904966035,
                0.000113693189633,
                2.54115748248e-05
            ],
            "dvar": [
                0.000255735823885,
                0.00205870345235,
                0.000670773908496,
                0.000250502984272,
                9.01355451788e-06,
                1.4848515093e-06,
                3.17755029755e-06,
                1.36951075547e-06,
                1.96478799808e-06,
                1.91247318071e-06,
                1.13957867143e-06,
                3.31049682245e-06,
                2.0337092792e-06,
                1.59383057508e-06,
                6.88037232521e-07,
                9.03052921331e-07,
                8.36841707041e-07,
                2.45546220867e-06,
                1.01993771295e-06,
                8.53812537116e-07,
                5.26507449194e-07,
                7.59068541356e-07,
                2.75024717666e-06,
                1.34244078254e-06,
                8.39853697698e-08,
                3.90776939696e-08,
                2.64670774186e-09
            ],
            "dvar2": [
                0.000479742477182,
                0.0058886106126,
                0.00190620264038,
                0.000727736682165,
                2.53181751759e-05,
                3.88754097003e-06,
                7.4021936598e-06,
                2.73154387287e-06,
                4.00199905926e-06,
                4.3518352868e-06,
                2.48275091508e-06,
                6.30983959127e-06,
                3.99037708121e-06,
                3.56628584086e-06,
                1.56963415066e-06,
                2.11595829569e-06,
                1.85279168363e-06,
                5.51385755898e-06,
                1.96787163986e-06,
                2.08044798455e-06,
                1.08808444566e-06,
                1.59679871103e-06,
                7.28443865228e-06,
                3.59976570508e-06,
                2.10218033203e-07,
                1.07092702706e-07,
                7.63955299021e-09
            ],
            "max": [
                0.283776313066,
                0.532734692097,
                0.343743085861,
                0.209206268191,
                0.051768258214,
                0.0221230387688,
                0.0546123124659,
                0.0218844655901,
                0.0341307036579,
                0.0286402832717,
                0.0228883046657,
                0.0324209593236,
                0.0233944971114,
                0.0208994299173,
                0.0159827768803,
                0.0160942245275,
                0.0152793386951,
                0.0211935713887,
                0.0147146163508,
                0.0137777272612,
                0.00881841033697,
                0.00979659333825,
                0.0143551444635,
                0.00906513538212,
                0.00279792025685,
                0.00163833296392,
                0.000380351644708
            ],
            "mean": [
                0.00745460623875,
                0.0354457609355,
                0.00198164116591,
                0.00106677250005,
                0.000622136401944,
                0.00068770267535,
                0.00129733863287,
                0.00075461610686,
                0.000788601697423,
                0.00060979439877,
                0.000458973838249,
                0.000559408450499,
                0.000519779045135,
                0.000516378786415,
                0.00036701321369,
                0.000349904876202,
                0.000380057725124,
                0.000349990150426,
                0.000254219048657,
                0.000223989234655,
                0.000250388402492,
                0.000276027101791,
                0.000432910543168,
                0.00035188527545,
                0.000116985400382,
                5.30384459125e-05,
                8.8323977252e-06
            ],
            "median": [
                1.02689921277e-06,
                6.50577057968e-05,
                9.04338157852e-05,
                3.57738317689e-05,
                0.000160983050591,
                0.000240970446612,
                0.000397381198127,
                0.000105850958789,
                0.00010783324251,
                0.00019690694171,
                0.000112991139758,
                4.89576159453e-05,
                5.17452936037e-05,
                7.69568941905e-05,
                5.87321155763e-05,
                8.80916995811e-05,
                4.823274503e-05,
                1.56392306963e-05,
                1.48564777191e-05,
                9.03908130567e-06,
                6.76261970511e-06,
                1.06104562292e-05,
                4.70823670184e-06,
                1.51938684212e-05,
                7.88600300439e-06,
                3.21536026604e-06,
                2.40417989517e-07
            ],
            "min": [
                4.57828507771e-15,
                2.38544840619e-14,
                6.45525570931e-14,
                1.87483246633e-15,
                4.91499947838e-14,
                6.76288791136e-14,
                8.22297687841e-14,
                8.29244306685e-14,
                6.60681565338e-14,
                9.2909390576e-14,
                6.94587006726e-14,
                1.31726999642e-13,
                8.75170433085e-14,
                9.19510913808e-14,
                2.24988769477e-13,
                7.926333743e-14,
                1.83135909324e-13,
                2.28641487254e-13,
                2.01800774984e-13,
                1.67795058447e-13,
                2.65506556628e-13,
                4.7193683423e-13,
                1.43636068751e-12,
                5.43035148098e-12,
                4.52077481353e-12,
                5.24696258664e-12,
                4.7607573439e-10
            ],
            "var": [
                0.000497918983456,
                0.00567757384852,
                0.000390732719097,
                0.000137178634759,
                5.95072378928e-06,
                1.85874580438e-06,
                5.49773631064e-06,
                2.96920552501e-06,
                4.583885584e-06,
                2.8894321531e-06,
                1.6366999489e-06,
                4.57931764686e-06,
                3.0414671528e-06,
                2.25417215916e-06,
                1.16721628274e-06,
                1.03854392819e-06,
                1.2004944665e-06,
                2.69157885668e-06,
                1.31134254389e-06,
                8.06308491974e-07,
                7.53659946895e-07,
                8.56279370964e-07,
                1.97978670258e-06,
                9.78553089226e-07,
                8.23531749461e-08,
                2.78768688133e-08,
                1.5058890801e-09
            ]
        },
        "barkbands_crest": {
            "dmean": 2.38316607475,
            "dmean2": 3.66822576523,
            "dvar": 6.94921445847,
            "dvar2": 13.995973587,
            "max": 26.7140655518,
            "mean": 12.638425827,
            "median": 10.7507972717,
            "min": 2.47080039978,
            "var": 45.0584754944
        },
        "barkbands_flatness_db": {
            "dmean": 0.0323369018734,
            "dmean2": 0.045397233218,
            "dvar": 0.00182525720447,
            "dvar2": 0.00312076183036,
            "max": 0.735546529293,
            "mean": 0.215654924512,
            "median": 0.190480679274,
            "min": 0.0362840220332,
            "var": 0.0114116268232
        },
        "barkbands_kurtosis": {
            "dmean": 17.5416736603,
            "dmean2": 28.3039340973,
            "dvar": 5147.77783203,
            "dvar2": 13261.7666016,
            "max": 2546.05273438,
            "mean": 25.495759964,
            "median": 2.3302590847,
            "min": -1.95271408558,
            "var": 6297.34960938
        },
        "barkbands_skewness": {
            "dmean": 1.1363735199,
            "dmean2": 1.71724545956,
            "dvar": 3.55387806892,
            "dvar2": 7.87078905106,
            "max": 31.5945358276,
            "mean": 2.70758676529,
            "median": 1.51783704758,
            "min": -16.4705657959,
            "var": 12.5370998383
        },
        "barkbands_spread": {
            "dmean": 7.66569709778,
            "dmean2": 12.5463781357,
            "dvar": 173.076385498,
            "dvar2": 425.867980957,
            "max": 115.024848938,
            "mean": 17.190946579,
            "median": 13.4763526917,
            "min": 0.029959788546,
            "var": 233.872390747
        },
        "dissonance": {
            "dmean": 0.024132642895,
            "dmean2": 0.0392693206668,
            "dvar": 0.000513695005793,
            "dvar2": 0.00131027423777,
            "max": 0.499999821186,
            "mean": 0.450450032949,
            "median": 0.455517292023,
            "min": 0.273296028376,
            "var": 0.00112043006811
        },
        "dynamic_complexity": 6.0586438179,
        "erbbands": {
            "dmean": [
                0.6911637187,
                2.05554986,
                2.75880789757,
                5.99296760559,
                2.54911494255,
                1.86329841614,
                1.91041910648,
                3.94782328606,
                10.5075769424,
                11.6610612869,
                8.93918514252,
                11.3740940094,
                11.4122676849,
                14.5641536713,
                15.3889474869,
                19.1675243378,
                19.1138153076,
                17.3526229858,
                19.2958717346,
                14.0299301147,
                14.4866132736,
                16.9494342804,
                18.1947803497,
                13.6625490189,
                10.3427734375,
                10.7786712646,
                8.52060985565,
                8.74078178406,
                9.10716629028,
                10.1072492599,
                16.865530014,
                13.3509960175,
                5.65152359009,
                1.85269355774,
                0.763289153576,
                0.341677188873,
                0.108381554484,
                0.0237030927092,
                0.00176413415466,
                9.2852722446e-05
            ],
            "dmean2": [
                1.10167527199,
                3.22124814987,
                4.66417455673,
                11.3405504227,
                4.47818422318,
                3.17256379128,
                3.21391129494,
                6.23687362671,
                16.1303501129,
                17.3458003998,
                13.1308345795,
                16.8125286102,
                17.5682353973,
                22.1667098999,
                22.1686611176,
                28.1654911041,
                27.8160514832,
                26.1421699524,
                29.3573684692,
                21.3681735992,
                23.3304519653,
                25.2217197418,
                28.6925983429,
                21.1846237183,
                15.5372695923,
                16.9434814453,
                13.8064975739,
                12.4378423691,
                15.1168298721,
                17.2292022705,
                29.6639881134,
                23.5306625366,
                10.0077238083,
                3.18544793129,
                1.28521084785,
                0.578453779221,
                0.190407156944,
                0.0429414361715,
                0.00326092354953,
                0.000165395947988
            ],
            "dvar": [
                4.75454902649,
                82.5797271729,
                439.771148682,
                2909.49731445,
                367.152160645,
                96.5527038574,
                75.490486145,
                114.719581604,
                687.822753906,
                676.102416992,
                611.771972656,
                1251.42797852,
                1326.69506836,
                2131.13305664,
                2145.56005859,
                6503.72753906,
                4442.18164062,
                2669.18066406,
                3217.50219727,
                1385.06201172,
                3388.48754883,
                3312.58911133,
                7477.35058594,
                4639.16064453,
                1893.35620117,
                1972.37902832,
                1237.09118652,
                831.418029785,
                994.46307373,
                864.175109863,
                2227.39672852,
                1349.84008789,
                218.886016846,
                21.2094974518,
                3.27692389488,
                0.892621517181,
                0.113971337676,
                0.00694295903668,
                4.10462962463e-05,
                7.80851721061e-08
            ],
            "dvar2": [
                12.8166570663,
                214.758010864,
                1150.05957031,
                8428.98925781,
                1005.81768799,
                276.742858887,
                212.715835571,
                295.624969482,
                1697.71691895,
                1469.93920898,
                1209.86572266,
                2535.5793457,
                3067.42797852,
                4254.88574219,
                4313.02246094,
                12553.3066406,
                8109.40820312,
                5464.45654297,
                7301.04101562,
                3043.91186523,
                8177.95996094,
                7536.61523438,
                16386.7617188,
                10859.5849609,
                3434.46191406,
                4819.59765625,
                2893.18481445,
                1628.61572266,
                2169.11132812,
                2024.51586914,
                5847.51806641,
                3657.18652344,
                590.922912598,
                54.6531333923,
                8.1349697113,
                2.38787317276,
                0.31603038311,
                0.019726248458,
                0.000117815368867,
                2.21320007654e-07
            ],
            "max": [
                29.1152973175,
                123.344223022,
                290.530395508,
                717.228942871,
                283.330932617,
                162.058761597,
                154.79586792,
                194.100967407,
                937.244262695,
                463.139831543,
                574.305541992,
                1062.35510254,
                794.671691895,
                1375.81762695,
                1060.34033203,
                1507.07788086,
                1227.12976074,
                1158.8092041,
                1021.15863037,
                721.679504395,
                960.119934082,
                970.297058105,
                1187.78808594,
                923.663085938,
                665.293518066,
                651.395751953,
                445.765533447,
                388.405761719,
                367.898956299,
                344.698913574,
                368.232086182,
                286.546081543,
                121.11958313,
                44.2492980957,
                20.617603302,
                9.16870880127,
                2.72292637825,
                0.618469297886,
                0.0507857985795,
                0.00234677526169
            ],
            "mean": [
                1.74606800079,
                5.13648796082,
                2.74311757088,
                3.70696783066,
                2.13823699951,
                2.26359033585,
                2.55971050262,
                6.53107738495,
                16.8868694305,
                20.4840869904,
                15.1380691528,
                18.2406253815,
                17.0533046722,
                20.3581542969,
                21.4149227142,
                23.5915393829,
                25.6925544739,
                24.752155304,
                24.2256908417,
                18.737033844,
                17.7590103149,
                22.9041500092,
                21.0896778107,
                13.3637418747,
                12.310675621,
                10.6491508484,
                9.7989616394,
                10.5142316818,
                9.82154846191,
                9.10653972626,
                12.3945293427,
                10.0176877975,
                4.5395488739,
                1.66403055191,
                0.734029948711,
                0.296477377415,
                0.083378598094,
                0.0164900366217,
                0.00122026202735,
                0.000115529961477
            ],
            "median": [
                0.000681137549691,
                0.0221489537507,
                0.238011643291,
                0.197853922844,
                0.263953834772,
                0.537458002567,
                0.939797639847,
                2.21801686287,
                5.51063346863,
                4.03014469147,
                2.03070497513,
                2.7075240612,
                4.79382038116,
                4.9555606842,
                5.06957435608,
                1.96005225182,
                2.9524269104,
                4.00030088425,
                3.80828619003,
                5.10520839691,
                3.52685213089,
                2.87237596512,
                1.03182315826,
                0.736181616783,
                0.640840828419,
                0.46055573225,
                0.339089214802,
                0.292750239372,
                0.389709711075,
                0.244921386242,
                0.151631861925,
                0.272017836571,
                0.240956604481,
                0.0859776586294,
                0.0520060881972,
                0.0194199793041,
                0.00478393770754,
                0.000671109883115,
                8.07121250546e-05,
                2.91679752991e-05
            ],
            "min": [
                1.01361909317e-12,
                5.25159733408e-12,
                6.55959453422e-11,
                6.53398238293e-11,
                6.81495485044e-11,
                9.40222968926e-11,
                4.49580345174e-10,
                4.78051376263e-10,
                1.33962885229e-09,
                2.20649276628e-09,
                1.36505162729e-09,
                1.81974768587e-09,
                2.764204865e-09,
                2.60070165403e-09,
                2.63630028918e-09,
                5.12617326365e-09,
                4.23159418617e-09,
                3.18587733972e-09,
                8.86443984882e-09,
                9.30675714272e-09,
                7.04093716664e-09,
                9.58418233665e-09,
                1.37405731238e-08,
                1.2945354122e-08,
                7.19077952738e-09,
                7.06865455058e-09,
                9.55009671344e-09,
                1.22349614884e-08,
                1.42527865066e-08,
                2.39209274611e-08,
                4.20248511546e-08,
                6.09564096976e-08,
                1.19031746237e-07,
                6.06856289664e-08,
                2.70986593165e-08,
                1.09861097997e-08,
                1.07733946209e-08,
                2.00253378324e-08,
                3.75796460617e-08,
                1.16253975335e-08
            ],
            "var": [
                15.3479175568,
                137.813720703,
                316.108093262,
                1605.52392578,
                236.318969727,
                63.667640686,
                54.5045051575,
                160.303985596,
                976.208068848,
                1600.18127441,
                1321.84973145,
                2820.18774414,
                2164.28735352,
                3806.14575195,
                3511.69360352,
                8603.45703125,
                7159.70703125,
                4904.89990234,
                4686.25292969,
                2064.86889648,
                3627.25927734,
                4568.16845703,
                8649.625,
                4594.22705078,
                2584.23217773,
                1845.71447754,
                1459.3659668,
                1182.58032227,
                1085.15332031,
                831.450439453,
                1633.08300781,
                933.262390137,
                159.758102417,
                18.5789966583,
                3.33537626266,
                0.71688169241,
                0.0766387581825,
                0.00421781279147,
                2.4095605113e-05,
                6.10780332977e-08
            ]
        },
        "erbbands_crest": {
            "dmean": 2.82669615746,
            "dmean2": 4.58857107162,
            "dvar": 6.59795951843,
            "dvar2": 16.5983047485,
            "max": 29.9397850037,
            "mean": 9.64130496979,
            "median": 9.00506019592,
            "min": 2.92672872543,
            "var": 13.8021087646
        },
        "erbbands_flatness_db": {
            "dmean": 0.024643195793,
            "dmean2": 0.0364522077143,
            "dvar": 0.000800143636297,
            "dvar2": 0.00153259036597,
            "max": 0.471375972033,
            "mean": 0.20546361804,
            "median": 0.18363545835,
            "min": 0.0492682904005,
            "var": 0.0065172794275
        },
        "erbbands_kurtosis": {
            "dmean": 1.2543977499,
            "dmean2": 2.03128051758,
            "dvar": 14.0867547989,
            "dvar2": 30.9475631714,
            "max": 153.311279297,
            "mean": 0.543578147888,
            "median": -0.210849642754,
            "min": -1.97613632679,
            "var": 25.8637886047
        },
        "erbbands_skewness": {
            "dmean": 0.51654613018,
            "dmean2": 0.79281437397,
            "dvar": 0.392135739326,
            "dvar2": 0.915322780609,
            "max": 9.88562774658,
            "mean": 0.179486185312,
            "median": 0.17067950964,
            "min": -5.33320760727,
            "var": 0.845894396305
        },
        "erbbands_spread": {
            "dmean": 11.3081197739,
            "dmean2": 17.9361896515,
            "dvar": 290.73324585,
            "dvar2": 714.632873535,
            "max": 218.280273438,
            "mean": 36.1300239563,
            "median": 29.9135951996,
            "min": 1.57980406284,
            "var": 546.146606445
        },
        "gfcc": {
            "cov": [
                [
                    22827.3808594,
                    -4728.92871094,
                    3504.91674805,
                    4658.83642578,
                    -1519.52111816,
                    3312.14233398,
                    905.228759766,
                    1422.22644043,
                    207.04309082,
                    1355.47973633,
                    -79.885017395,
                    613.53527832,
                    -520.914428711
                ],
                [
                    -4728.92871094,
                    4318.71337891,
                    -650.712890625,
                    -896.524902344,
                    1715.46582031,
                    -795.043518066,
                    482.819274902,
                    -131.996337891,
                    384.426757812,
                    -254.660339355,
                    349.780273438,
                    -118.020622253,
                    412.741455078
                ],
                [
                    3504.91674805,
                    -650.712890625,
                    2600.99487305,
                    1612.27075195,
                    336.478820801,
                    1398.82214355,
                    607.523376465,
                    599.416931152,
                    514.397766113,
                    428.989074707,
                    211.045913696,
                    282.132110596,
                    75.9168243408
                ],
                [
                    4658.83642578,
                    -896.524902344,
                    1612.27075195,
                    1864.94018555,
                    99.6610488892,
                    1123.91271973,
                    586.542785645,
                    510.58706665,
                    336.923400879,
                    427.296142578,
                    154.039123535,
                    237.544830322,
                    25.5260257721
                ],
                [
                    -1519.52111816,
                    1715.46582031,
                    336.478820801,
                    99.6610488892,
                    1252.1060791,
                    103.540275574,
                    554.396484375,
                    169.498184204,
                    416.534362793,
                    27.3414535522,
                    299.399475098,
                    63.4388504028,
                    292.36138916
                ],
                [
                    3312.14233398,
                    -795.043518066,
                    1398.82214355,
                    1123.91271973,
                    103.540275574,
                    1200.32873535,
                    519.54296875,
                    439.53213501,
                    365.602630615,
                    310.426757812,
                    141.861831665,
                    237.83026123,
                    61.5155220032
                ],
                [
                    905.228759766,
                    482.819274902,
                    607.523376465,
                    586.542785645,
                    554.396484375,
                    519.54296875,
                    784.469299316,
                    269.447784424,
                    341.531585693,
                    163.222717285,
                    175.444534302,
                    148.237823486,
                    137.811950684
                ],
                [
                    1422.22644043,
                    -131.996337891,
                    599.416931152,
                    510.58706665,
                    169.498184204,
                    439.53213501,
                    269.447784424,
                    328.556213379,
                    202.509124756,
                    171.926956177,
                    101.336708069,
                    90.3591537476,
                    55.1617431641
                ],
                [
                    207.04309082,
                    384.426757812,
                    514.397766113,
                    336.923400879,
                    416.534362793,
                    365.602630615,
                    341.531585693,
                    202.509124756,
                    407.879333496,
                    107.573738098,
                    158.459091187,
                    100.376495361,
                    145.311431885
                ],
                [
                    1355.47973633,
                    -254.660339355,
                    428.989074707,
                    427.296142578,
                    27.3414535522,
                    310.426757812,
                    163.222717285,
                    171.926956177,
                    107.573738098,
                    258.727020264,
                    62.4015426636,
                    55.6597976685,
                    -5.45369958878
                ],
                [
                    -79.885017395,
                    349.780273438,
                    211.045913696,
                    154.039123535,
                    299.399475098,
                    141.861831665,
                    175.444534302,
                    101.336708069,
                    158.459091187,
                    62.4015426636,
                    209.624786377,
                    71.2631530762,
                    96.6849517822
                ],
                [
                    613.53527832,
                    -118.020622253,
                    282.132110596,
                    237.544830322,
                    63.4388504028,
                    237.83026123,
                    148.237823486,
                    90.3591537476,
                    100.376495361,
                    55.6597976685,
                    71.2631530762,
                    163.920257568,
                    48.0494613647
                ],
                [
                    -520.914428711,
                    412.741455078,
                    75.9168243408,
                    25.5260257721,
                    292.36138916,
                    61.5155220032,
                    137.811950684,
                    55.1617431641,
                    145.311431885,
                    -5.45369958878,
                    96.6849517822,
                    48.0494613647,
                    197.257614136
                ]
            ],
            "icov": [
                [
                    0.000174014392542,
                    -0.000105549457658,
                    0.000174291446456,
                    -0.00033966609044,
                    0.000182720774319,
                    -0.00038462865632,
                    0.000113980138849,
                    -0.000324911758071,
                    0.000225784344366,
                    -0.000254603655776,
                    0.000219736757572,
                    -0.000202860595891,
                    0.000285968417302
                ],
                [
                    -0.000105549457658,
                    0.000981452176347,
                    -0.000200624403078,
                    0.000396670569899,
                    -0.00106837193016,
                    0.000953960116021,
                    -0.000447949219961,
                    0.000378992903279,
                    -0.000430048792623,
                    0.000364241423085,
                    -0.000494452368002,
                    0.000564233632758,
                    -0.00038171527558
                ],
                [
                    0.000174291446456,
                    -0.000200624403078,
                    0.00152484362479,
                    -0.000865494192112,
                    -0.000195886954316,
                    -0.00154066004325,
                    0.000700379314367,
                    -0.000619288883172,
                    -7.10146778147e-05,
                    -0.000351357390173,
                    0.000485105556436,
                    -0.000420917611336,
                    0.000767212361097
                ],
                [
                    -0.00033966609044,
                    0.000396670569899,
                    -0.000865494192112,
                    0.00240358849987,
                    -0.000302188331261,
                    0.0004481402284,
                    -0.000808097829577,
                    0.000148752646055,
                    -0.000141931246617,
                    -0.000334879645379,
                    -0.000588985159993,
                    0.000300690007862,
                    -0.000563077162951
                ],
                [
                    0.000182720774319,
                    -0.00106837193016,
                    -0.000195886954316,
                    -0.000302188331261,
                    0.00370884709992,
                    -0.000101317724329,
                    -0.000921603234019,
                    -0.000685788400006,
                    -0.0004382286279,
                    -4.5152461098e-05,
                    -0.00116622168571,
                    0.000323875254253,
                    -0.000982970232144
                ],
                [
                    -0.00038462865632,
                    0.000953960116021,
                    -0.00154066004325,
                    0.0004481402284,
                    -0.000101317724329,
                    0.00530551141128,
                    -0.00155919033568,
                    -0.000331337418174,
                    -0.00167919276282,
                    0.000573773693759,
                    -0.000748661288526,
                    -0.000465707445983,
                    -0.00106599717401
                ],
                [
                    0.000113980138849,
                    -0.000447949219961,
                    0.000700379314367,
                    -0.000808097829577,
                    -0.000921603234019,
                    -0.00155919033568,
                    0.00353582925163,
                    -0.000615439901594,
                    -0.000326201610733,
                    -0.000510873680469,
                    0.000875102472492,
                    -0.00124341389164,
                    0.000727443082724
                ],
                [
                    -0.000324911758071,
                    0.000378992903279,
                    -0.000619288883172,
                    0.000148752646055,
                    -0.000685788400006,
                    -0.000331337418174,
                    -0.000615439901594,
                    0.00863924901932,
                    -0.00139414682053,
                    -0.00141712650657,
                    -0.00109067407902,
                    0.000986602972262,
                    -0.00101601961069
                ],
                [
                    0.000225784344366,
                    -0.000430048792623,
                    -7.10146778147e-05,
                    -0.000141931246617,
                    -0.0004382286279,
                    -0.00167919276282,
                    -0.000326201610733,
                    -0.00139414682053,
                    0.00685682985932,
                    -0.000719529634807,
                    -0.000471039791591,
                    -0.000500958762132,
                    -0.00138541450724
                ],
                [
                    -0.000254603655776,
                    0.000364241423085,
                    -0.000351357390173,
                    -0.000334879645379,
                    -4.5152461098e-05,
                    0.000573773693759,
                    -0.000510873680469,
                    -0.00141712650657,
                    -0.000719529634807,
                    0.00778917828575,
                    -0.00180976244155,
                    0.00109586422332,
                    0.000750770326704
                ],
                [
                    0.000219736757572,
                    -0.000494452368002,
                    0.000485105556436,
                    -0.000588985159993,
                    -0.00116622168571,
                    -0.000748661288526,
                    0.000875102472492,
                    -0.00109067407902,
                    -0.000471039791591,
                    -0.00180976244155,
                    0.00978131592274,
                    -0.00298283202574,
                    -0.000610758725088
                ],
                [
                    -0.000202860595891,
                    0.000564233632758,
                    -0.000420917611336,
                    0.000300690007862,
                    0.000323875254253,
                    -0.000465707445983,
                    -0.00124341389164,
                    0.000986602972262,
                    -0.000500958762132,
                    0.00109586422332,
                    -0.00298283202574,
                    0.0105136120692,
                    -0.00203484669328
                ],
                [
                    0.000285968417302,
                    -0.00038171527558,
                    0.000767212361097,
                    -0.000563077162951,
                    -0.000982970232144,
                    -0.00106599717401,
                    0.000727443082724,
                    -0.00101601961069,
                    -0.00138541450724,
                    0.000750770326704,
                    -0.000610758725088,
                    -0.00203484669328,
                    0.00980257242918
                ]
            ],
            "mean": [
                -93.9914093018,
                90.9189910889,
                -131.26109314,
                -3.56078481674,
                -52.5623512268,
                5.39792490005,
                -41.4936904907,
                6.98325109482,
                -10.0566949844,
                2.46476101875,
                -10.4965848923,
                1.90369904041,
                -4.17632007599
            ]
        },
        "hfc": {
            "dmean": 17.4901275635,
            "dmean2": 28.8450050354,
            "dvar": 2089.67675781,
            "dvar2": 4611.35449219,
            "max": 465.237701416,
            "mean": 23.6661224365,
            "median": 7.48275375366,
            "min": 1.59857208928e-05,
            "var": 2475.71484375
        },
        "melbands": {
            "dmean": [
                0.00462278630584,
                0.00162580388132,
                0.000917381665204,
                0.000137420283863,
                6.85838240315e-05,
                9.45937572396e-05,
                0.000158960843692,
                0.000122495373944,
                7.66702214605e-05,
                7.00162709109e-05,
                5.72282588109e-05,
                5.99166633037e-05,
                5.26294898009e-05,
                4.68725411338e-05,
                5.15047140652e-05,
                3.75902782253e-05,
                3.37055389537e-05,
                3.52881106664e-05,
                2.15956224565e-05,
                1.86670586118e-05,
                1.75454097189e-05,
                1.73525750142e-05,
                1.93920313905e-05,
                1.35478112497e-05,
                1.10641685751e-05,
                8.5708043116e-06,
