{
    "lowlevel": {
        "average_loudness": 0.925171196461,
        "barkbands": {
            "dmean": [
                0.000161254298291,
                0.00413034204394,
                0.00357297551818,
                0.00131313549355,
                0.00175975996535,
                0.0017450612504,
                0.000404637597967,
                0.00045731823775,
                0.000667635118589,
                0.000858089304529,
                0.00080367497867,
                0.00036830958561,
                0.000403253885452,
                0.00023071571195,
                0.000111632754852,
                7.29823223082e-05,
                1.92327752302e-05,
                4.91547616548e-05,
                6.64254839648e-05,
                5.02323309775e-05,
                1.71876272361e-05,
                5.02134025737e-05,
                2.44973871304e-05,
                3.66655403923e-05,
                4.50365150755e-05,
                1.68178266904e-05,
                6.4540022322e-06
            ],
            "dmean2": [
                0.000232142876484,
                0.00676140328869,
                0.00623293220997,
                0.00232018879615,
                0.00261647300795,
                0.00262216664851,
                0.000598175218329,
                0.000675477262121,
                0.00103469833266,
                0.0013205508003,
                0.00130097288638,
                0.000570915755816,
                0.000645136111416,
                0.000373372778995,
                0.000172821411979,
                0.00011972784705,
                3.06882393488e-05,
                8.1395941379e-05,
                0.000103418111394,
                7.4007344665e-05,
                2.77516683127e-05,
                7.34345885576e-05,
                3.67431493942e-05,
                5.18779525009e-05,
                6.22313527856e-05,
                2.49593140325e-05,
                1.02038848127e-05
            ],
            "dvar": [
                1.0256422911e-07,
                6.29370115348e-05,
                0.000106301427877,
                1.33514167828e-05,
                1.16650126074e-05,
                1.73825646925e-05,
                1.2358548247e-06,
                1.43215970638e-06,
                2.92101685773e-06,
                4.40107805844e-06,
                5.32904186912e-06,
                1.83103986728e-06,
                1.52126949615e-06,
                4.44500358299e-07,
                1.20397700698e-07,
                7.64279235455e-08,
                3.47863493566e-09,
                3.31595622072e-08,
                4.81539181862e-08,
                2.80175527223e-08,
                2.68511302082e-09,
                2.3179349995e-08,
                2.39166713101e-08,
                3.04889447023e-08,
                4.4899948648e-08,
                4.5957122552e-09,
                1.22006182934e-09
            ],
            "dvar2": [
                2.17061483454e-07,
                0.000175789129571,
                0.000302398140775,
                3.86499086744e-05,
                2.30638361245e-05,
                3.64009792975e-05,
                2.4606115403e-06,
                3.06231549985e-06,
                6.85320310367e-06,
                1.02393150883e-05,
                1.44225168697e-05,
                3.79770153813e-06,
                3.77524611395e-06,
                1.0902874692e-06,
                2.62107448634e-07,
                1.99295683956e-07,
                8.36855473807e-09,
                8.97941418998e-08,
                1.09967253081e-07,
                5.74244936047e-08,
                7.14613301867e-09,
                4.7041183393e-08,
                4.70635512784e-08,
                5.86628203791e-08,
                7.47570894077e-08,
                1.10862901082e-08,
                3.23203619423e-09
            ],
            "max": [
                0.00521321687847,
                0.101678311825,
                0.116833239794,
                0.0540927685797,
                0.0674409344792,
                0.0669646710157,
                0.025562312454,
                0.0272521264851,
                0.0448368862271,
                0.0544043518603,
                0.0641550347209,
                0.0520320571959,
                0.0291270799935,
                0.0121551146731,
                0.00938285794109,
                0.00623299833387,
                0.0016698888503,
                0.00427325488999,
                0.00615929765627,
                0.00434809643775,
                0.00143100274727,
                0.00526068825275,
                0.00881146267056,
                0.00619338452816,
                0.00994276534766,
                0.00141134357546,
                0.000769421516452
            ],
            "mean": [
                0.000357977638487,
                0.00841506104916,
                0.00505188852549,
                0.00181777495891,
                0.00503883045167,
                0.0040185591206,
                0.000881020678207,
                0.000866000191309,
                0.00132097152527,
                0.00177898642141,
                0.00138440483715,
                0.000588537892327,
                0.000674902519677,
                0.000369091518223,
                0.000213414255995,
                0.000134915986564,
                3.35447693942e-05,
                8.61340013216e-05,
                0.000159488598001,
                0.000118975134683,
                3.39855032507e-05,
                0.000109614142275,
                3.98709198635e-05,
                6.81391757098e-05,
                8.0259720562e-05,
                2.59863663814e-05,
                7.70043425291e-06
            ],
            "median": [
                0.000131134176627,
                0.0050937384367,
                0.0024642504286,
                0.000878563441802,
                0.00204032775946,
                0.000806756783277,
                0.000201546907192,
                0.000173835287569,
                0.000192358798813,
                0.000250480137765,
                0.00018274220929,
                6.83576508891e-05,
                7.02423130861e-05,
                5.34958235221e-05,
                1.66813115356e-05,
                1.07893420136e-05,
                4.31959415437e-06,
                4.75613978779e-06,
                7.22718141333e-06,
                6.68235588819e-06,
                4.24224117523e-06,
                9.29830548557e-06,
                2.1550731617e-06,
                3.59032605957e-06,
                3.80615574613e-06,
                1.12993973289e-06,
                2.32798740285e-07
            ],
            "min": [
                8.61554490944e-12,
                1.46064735418e-07,
                2.68810310899e-07,
                1.77203759222e-07,
                3.34814302505e-07,
                3.6974682871e-07,
                1.83547641086e-07,
                6.82909302441e-08,
                3.28476801315e-08,
                8.70760530347e-08,
                1.52163437406e-08,
                8.1385067574e-09,
                9.03972985355e-09,
                9.58516910288e-09,
                7.08002190208e-09,
                1.16827358898e-09,
                1.25407462193e-10,
                3.72754965783e-10,
                4.68561911493e-10,
                3.72035569018e-10,
                1.58359103608e-10,
                3.40868111515e-10,
                4.75777139908e-10,
                8.83272510688e-10,
                1.18442722297e-09,
                2.33229235924e-09,
                3.74423780869e-09
            ],
            "var": [
                2.97993807408e-07,
                0.000101801655546,
                8.04813607829e-05,
                1.07935238702e-05,
                6.33097733953e-05,
                5.73665965931e-05,
                4.52202357337e-06,
                4.08007372243e-06,
                1.21310340546e-05,
                1.933803469e-05,
                1.28982219394e-05,
                4.36480286226e-06,
                3.83707993024e-06,
                8.99628105344e-07,
                4.10565604625e-07,
                2.12802660826e-07,
                8.20991097328e-09,
                7.3158098246e-08,
                1.99150122171e-07,
                1.36938581363e-07,
                5.62300428442e-09,
                7.64228644812e-08,
                3.99234920678e-08,
                8.64165770054e-08,
                1.5805690623e-07,
                8.75054340099e-09,
                1.31661703762e-09
            ]
        },
        "barkbands_crest": {
            "dmean": 2.44896793365,
            "dmean2": 3.91287732124,
            "dvar": 5.9678273201,
            "dvar2": 15.3205156326,
            "max": 26.4345989227,
            "mean": 12.6297712326,
            "median": 11.8454227448,
            "min": 3.31471800804,
            "var": 22.9737415314
        },
        "barkbands_flatness_db": {
            "dmean": 0.0237610023469,
            "dmean2": 0.0356426537037,
            "dvar": 0.000794575316831,
            "dvar2": 0.00187527458183,
            "max": 0.589729011059,
            "mean": 0.239972800016,
            "median": 0.22845980525,
            "min": 0.0441805757582,
            "var": 0.00893617328256
        },
        "barkbands_kurtosis": {
            "dmean": 7.51586580276,
            "dmean2": 12.252196312,
            "dvar": 352.334472656,
            "dvar2": 1000.27520752,
            "max": 374.922973633,
            "mean": 13.6147480011,
            "median": 5.2765583992,
            "min": -1.93535494804,
            "var": 624.633666992
        },
        "barkbands_skewness": {
            "dmean": 0.69292396307,
            "dmean2": 1.07584953308,
            "dvar": 0.923764526844,
            "dvar2": 2.37108564377,
            "max": 15.8161697388,
            "mean": 2.2695543766,
            "median": 1.92059183121,
            "min": -2.56099963188,
            "var": 3.74959301949
        },
        "barkbands_spread": {
            "dmean": 3.27866721153,
            "dmean2": 5.02579164505,
            "dvar": 44.9227638245,
            "dvar2": 92.4349212646,
            "max": 112.939353943,
            "mean": 11.3607263565,
            "median": 7.93930053711,
            "min": 0.240533813834,
            "var": 154.966110229
        },
        "dissonance": {
            "dmean": 0.0317514725029,
            "dmean2": 0.0531321950257,
            "dvar": 0.000948504603002,
            "dvar2": 0.00250132801011,
            "max": 0.499999970198,
            "mean": 0.426171123981,
            "median": 0.43739938736,
            "min": 0.1428732723,
            "var": 0.0024880785495
        },
        "dynamic_complexity": 4.12267971039,
        "erbbands": {
            "dmean": [
                0.129166021943,
                0.969110548496,
                3.61974692345,
                4.40747833252,
                3.98909831047,
                6.83330583572,
                13.8058996201,
                12.7716302872,
                7.24486541748,
                6.39495801926,
                10.1460618973,
                15.6028318405,
                25.2959747314,
                20.3795471191,
                30.9074516296,
                16.3675136566,
                19.6398963928,
                12.121887207,
                5.9347910881,
                5.61126613617,
                2.32223963737,
                0.712816178799,
                1.34086370468,
                3.44759178162,
                3.39185857773,
                2.63361334801,
                0.758046150208,
                0.852192461491,
                1.68611335754,
                1.3299356699,
                0.703605115414,
                0.77870953083,
                0.633295536041,
                0.564861059189,
                0.302229464054,
                0.111705653369,
                0.0217910911888,
                0.00600559078157,
                0.000984838814475,
                8.0447352957e-05
            ],
            "dmean2": [
                0.197797819972,
                1.62201416492,
                6.30870676041,
                7.66103649139,
                6.74008893967,
                9.90313529968,
                20.0696239471,
                19.4220924377,
                10.5323677063,
                9.8257226944,
                14.999373436,
                23.7711639404,
                39.0061378479,
                30.7964725494,
                50.2903900146,
                25.2670917511,
                31.1446628571,
                19.5798282623,
                9.18891906738,
                8.88137626648,
                3.67081022263,
                1.10610699654,
                2.11485338211,
                5.48071813583,
                5.24417924881,
                3.85468244553,
                1.18432223797,
                1.32740533352,
                2.48816895485,
                1.95268726349,
                1.03387928009,
                1.10916924477,
                0.91081482172,
                0.800792753696,
                0.421171575785,
                0.164140626788,
                0.032987575978,
                0.00920199882239,
                0.00153918273281,
                0.000126799350255
            ],
            "dvar": [
                0.05092523247,
                4.55611181259,
                114.907653809,
                150.657836914,
                88.0162353516,
                270.11026001,
                1082.56530762,
                1145.21582031,
                447.10269165,
                323.374359131,
                703.096740723,
                1703.15600586,
                4417.00927734,
                3844.35229492,
                7919.5078125,
                3670.20996094,
                3593.13623047,
                1121.30822754,
                277.905609131,
                355.276428223,
                64.9797821045,
                3.76221585274,
                18.5279541016,
                145.405578613,
                132.789001465,
                91.1093139648,
                5.95561647415,
                5.8786854744,
                22.8650569916,
                29.4403762817,
                24.9399738312,
                16.5453529358,
                9.41963768005,
                7.65920162201,
                2.2628133297,
                0.188167661428,
                0.00827476754785,
                0.000729288149159,
                2.56800849456e-05,
                2.41624519504e-07
            ],
            "dvar2": [
                0.126894131303,
                12.8782167435,
                326.729766846,
                429.531768799,
                241.262969971,
                516.344604492,
                2123.54980469,
                2560.64819336,
                859.836120605,
                756.557556152,
                1439.05871582,
                3866.03613281,
                10192.0810547,
                9252.41601562,
                21487.6191406,
                7459.68554688,
                8844.8671875,
                2779.44384766,
                619.33807373,
                892.52545166,
                160.277435303,
                8.58721446991,
                46.1248703003,
                361.178161621,
                301.710601807,
                183.418487549,
                15.2427940369,
                14.1642370224,
                47.1084365845,
                62.2304115295,
                50.8428955078,
                30.5218582153,
                19.6354312897,
                14.9965925217,
                3.52850651741,
                0.422103404999,
                0.021279271692,
                0.00185619108379,
                6.61297890474e-05,
                6.56990550851e-07
            ],
            "max": [
                2.99579882622,
                28.066614151,
                112.97038269,
                130.882888794,
                216.009674072,
                403.488739014,
                619.796020508,
                820.815368652,
                495.294891357,
                478.772277832,
                783.865539551,
                1385.62561035,
                1804.12341309,
                1749.21228027,
                1811.75256348,
                2666.61181641,
                1537.77783203,
                763.741821289,
                491.565765381,
                543.124267578,
                243.488739014,
                59.9495124817,
                101.593132019,
                315.898193359,
                343.815612793,
                293.754455566,
                61.3573875427,
                50.1723022461,
                156.616043091,
                177.503479004,
                305.908233643,
                180.703353882,
                133.849258423,
                95.8945922852,
                96.2458648682,
                10.9779024124,
                1.80913352966,
                0.555709719658,
                0.133018702269,
                0.0128850899637
            ],
            "mean": [
                0.273467600346,
                1.79236555099,
                5.04619169235,
                7.00678396225,
                7.11945581436,
                19.1371459961,
                33.7332191467,
                29.3347034454,
                17.7238731384,
                12.9312887192,
                21.3184051514,
                33.3383598328,
                51.3673286438,
                45.3569602966,
                54.9617118835,
                29.7845630646,
                34.31483078,
                20.3319835663,
                12.0154972076,
                11.1256551743,
                5.18269109726,
                1.62396585941,
                2.98334264755,
                7.71114969254,
                8.22883796692,
                6.3987622261,
                1.63463389874,
                1.8471570015,
                3.79671382904,
                2.44085621834,
                1.17750298977,
                1.37779057026,
                1.15516078472,
                0.983333110809,
                0.522942125797,
                0.178991928697,
                0.0322654061019,
                0.00795150082558,
                0.00121831055731,
                0.000120243261335
            ],
            "median": [
                0.15522043407,
                1.02913880348,
                2.69127655029,
                3.53081941605,
                4.11350345612,
                6.59877634048,
                6.95233631134,
                7.32210969925,
                4.61318635941,
                3.31769871712,
                5.63758277893,
                5.89981365204,
                9.17615413666,
                6.65612983704,
                8.31236934662,
                4.46053028107,
                4.27187871933,
                3.69603681564,
                1.71489298344,
                0.849624037743,
                0.557873547077,
                0.242872163653,
                0.258418977261,
                0.365208536386,
                0.365568131208,
                0.341544747353,
                0.225567728281,
                0.211853146553,
                0.321112215519,
                0.168136119843,
                0.060769431293,
                0.0641490146518,
                0.0604037046432,
                0.0429728478193,
                0.0232200361788,
                0.00855644140393,
                0.00122095900588,
                0.000255118415225,
                5.63768262509e-05,
                4.4587875891e-05
            ],
            "min": [
                1.05388999145e-05,
                7.29859821149e-05,
                0.000273743702564,
                0.000593028846197,
                0.000846276816446,
                0.00112748506945,
                0.00208343635313,
                0.00322792609222,
                0.00295736361295,
                0.00218358123675,
                0.00108734029345,
                0.000660304736812,
                0.00244602863677,
                0.0018547209911,
                0.00060672534164,
                0.000257410341874,
                0.000723657896742,
                0.00151931622531,
                0.000690302404109,
                0.000380347977625,
                5.32164667675e-05,
                1.36115631904e-05,
                2.07129160117e-05,
                2.88154951704e-05,
                2.40237604885e-05,
                1.73575808731e-05,
                1.12251773317e-05,
                7.65991808294e-06,
                1.15514667414e-05,
                1.36762137117e-05,
                1.66387399076e-05,
                1.61990737979e-05,
                1.90729551832e-05,
                1.33654020829e-05,
                1.03709298855e-05,
                6.26402834314e-06,
                4.62041543869e-06,
                2.36495270656e-06,
                6.83787732214e-07,
                3.3654128373e-08
            ],
            "var": [
                0.112636424601,
                5.54145908356,
                83.2050857544,
                128.92237854,
                110.406936646,
                1224.7935791,
                4078.41845703,
                3228.46313477,
                1640.18347168,
                862.336853027,
                2446.14575195,
                8073.79052734,
                16759.3359375,
                16349.1308594,
                19706.6914062,
                9245.11425781,
                9138.63476562,
                2294.83666992,
                966.926330566,
                1088.90002441,
                255.997558594,
                15.1737184525,
                65.8280105591,
                566.828857422,
                516.309631348,
                422.185638428,
                14.7856969833,
                15.3562393188,
                82.4668655396,
                65.0651321411,
                38.5042228699,
                40.3475379944,
                26.1393013,
                20.8509101868,
                8.5381975174,
                0.42673510313,
                0.0139618841931,
                0.0010898852488,
                3.26797489834e-05,
                2.10535020528e-07
            ]
        },
        "erbbands_crest": {
            "dmean": 2.63558220863,
            "dmean2": 4.22350120544,
            "dvar": 7.02691793442,
            "dvar2": 16.884267807,
            "max": 31.2168617249,
            "mean": 11.4942760468,
            "median": 10.1515960693,
            "min": 3.08168745041,
            "var": 27.5993003845
        },
        "erbbands_flatness_db": {
            "dmean": 0.0193272251636,
            "dmean2": 0.0274464618415,
            "dvar": 0.000541537767276,
            "dvar2": 0.00107871368527,
            "max": 0.408375561237,
            "mean": 0.211865946651,
            "median": 0.21369163692,
            "min": 0.0434830449522,
            "var": 0.00430432613939
        },
        "erbbands_kurtosis": {
            "dmean": 1.91269171238,
            "dmean2": 3.00186538696,
            "dvar": 15.9046974182,
            "dvar2": 37.9051780701,
            "max": 90.6113052368,
            "mean": 2.72620725632,
            "median": 0.860599040985,
            "min": -1.89972448349,
            "var": 37.8267822266
        },
        "erbbands_skewness": {
            "dmean": 0.438117742538,
            "dmean2": 0.659990131855,
            "dvar": 0.255629569292,
            "dvar2": 0.568034350872,
            "max": 7.64373970032,
            "mean": 0.750335633755,
            "median": 0.595199942589,
            "min": -4.7239575386,
            "var": 1.20267856121
        },
        "erbbands_spread": {
            "dmean": 6.71428537369,
            "dmean2": 10.2102327347,
            "dvar": 141.034805298,
            "dvar2": 296.621154785,
            "max": 171.732345581,
            "mean": 27.4165763855,
            "median": 20.496843338,
            "min": 1.05750513077,
            "var": 505.414489746
        },
        "gfcc": {
            "cov": [
                [
                    12400.1142578,
                    -4122.95458984,
                    -2703.76977539,
                    2010.74523926,
                    -1416.14233398,
                    124.765190125,
                    -467.65612793,
                    656.041625977,
                    -293.164733887,
                    259.564453125,
                    -127.825576782,
                    143.764068604,
                    161.137420654
                ],
                [
                    -4122.95458984,
                    2700.69995117,
                    421.290618896,
                    -888.246948242,
                    783.252990723,
                    -199.746490479,
                    306.313049316,
                    -240.292861938,
                    185.031478882,
                    -168.047958374,
                    124.435440063,
                    -86.5451049805,
                    47.4923820496
                ],
                [
                    -2703.76977539,
                    421.290618896,
                    1651.75500488,
                    -355.671844482,
                    362.769500732,
                    179.932601929,
                    64.7952880859,
                    -132.064620972,
                    72.9524917603,
                    -20.5722827911,
                    -32.0565567017,
                    74.158203125,
                    -96.6564331055
                ],
                [
                    2010.74523926,
                    -888.246948242,
                    -355.671844482,
                    818.981994629,
                    -232.479248047,
                    -5.3425579071,
                    -114.07774353,
                    126.178634644,
                    -4.3883600235,
                    57.1382102966,
                    11.2181949615,
                    -15.7868089676,
                    65.5424194336
                ],
                [
                    -1416.14233398,
                    783.252990723,
                    362.769500732,
                    -232.479248047,
                    627.75958252,
                    15.3312578201,
                    77.0575866699,
                    -12.1207733154,
                    109.595802307,
                    -40.1652145386,
                    21.5050945282,
                    -17.206735611,
                    -33.2003860474
                ],
                [
                    124.765190125,
                    -199.746490479,
                    179.932601929,
                    -5.3425579071,
                    15.3312578201,
                    238.098953247,
                    65.0470504761,
                    46.9058303833,
                    1.56290102005,
                    27.8935127258,
                    7.29703903198,
                    30.3021507263,
                    -43.6344833374
                ],
                [
                    -467.65612793,
                    306.313049316,
                    64.7952880859,
                    -114.07774353,
                    77.0575866699,
                    65.0470504761,
                    358.696655273,
                    31.6360836029,
                    9.67429447174,
                    13.1700782776,
                    24.0876674652,
                    42.8359184265,
                    -49.129524231
                ],
                [
                    656.041625977,
                    -240.292861938,
                    -132.064620972,
                    126.178634644,
                    -12.1207733154,
                    46.9058303833,
                    31.6360836029,
                    173.679321289,
                    18.7638015747,
                    30.9651699066,
                    18.2781963348,
                    22.8400764465,
                    2.32297301292
                ],
                [
                    -293.164733887,
                    185.031478882,
                    72.9524917603,
                    -4.3883600235,
                    109.595802307,
                    1.56290102005,
                    9.67429447174,
                    18.7638015747,
                    123.168998718,
                    12.5726461411,
                    19.8591098785,
                    5.00362062454,
                    7.78860139847
                ],
                [
                    259.564453125,
                    -168.047958374,
                    -20.5722827911,
                    57.1382102966,
                    -40.1652145386,
                    27.8935127258,
                    13.1700782776,
                    30.9651699066,
                    12.5726461411,
                    107.49609375,
                    29.9611167908,
                    21.1484069824,
                    -5.49193525314
                ],
                [
                    -127.825576782,
                    124.435440063,
                    -32.0565567017,
                    11.2181949615,
                    21.5050945282,
                    7.29703903198,
                    24.0876674652,
                    18.2781963348,
                    19.8591098785,
                    29.9611167908,
                    120.665664673,
                    6.95724821091,
                    21.7007770538
                ],
                [
                    143.764068604,
                    -86.5451049805,
                    74.158203125,
                    -15.7868089676,
                    -17.206735611,
                    30.3021507263,
                    42.8359184265,
                    22.8400764465,
                    5.00362062454,
                    21.1484069824,
                    6.95724821091,
                    122.477127075,
                    9.38905715942
                ],
                [
                    161.137420654,
                    47.4923820496,
                    -96.6564331055,
                    65.5424194336,
                    -33.2003860474,
                    -43.6344833374,
                    -49.129524231,
                    2.32297301292,
                    7.78860139847,
                    -5.49193525314,
                    21.7007770538,
                    9.38905715942,
                    108.830413818
                ]
            ],
            "icov": [
                [
                    0.00037671829341,
                    0.000225542244152,
                    0.000475974171422,
                    -0.000372133596102,
                    4.85337295686e-05,
                    -0.000298178754747,
                    0.000199973670533,
                    -0.000406293664128,
                    0.000244552240474,
                    -0.000114972870506,
                    0.000390493049053,
                    -0.000539534550626,
                    -6.97782306815e-05
                ],
                [
                    0.000225542244152,
                    0.0023103444837,
                    0.000323399668559,
                    0.0013124885736,
                    -0.00149693852291,
                    0.00119184993673,
                    -0.00168740772642,
                    0.00144858320709,
                    -0.0016593033215,
                    0.00166894681752,
                    -0.00168573134579,
                    0.00119857571553,
                    -0.00218113861047
                ],
                [
                    0.000475974171422,
                    0.000323399668559,
                    0.00154604890849,
                    -0.00032637314871,
                    -0.000393215828808,
                    -0.00108806916978,
                    0.000371404807083,
                    0.000386748695746,
                    -6.83033649693e-05,
                    -9.59268654697e-05,
                    0.000671693822369,
                    -0.00133887981065,
                    0.00030861387495
                ],
                [
                    -0.000372133596102,
                    0.0013124885736,
                    -0.00032637314871,
                    0.00319299707189,
                    -0.000642497558147,
                    0.0011664283229,
                    -0.00106299936306,
                    0.000461451534647,
                    -0.0017524221912,
                    0.000773131963797,
                    -0.00158109783661,
                    0.0020731643308,
                    -0.00215180404484
                ],
                [
                    4.85337295686e-05,
                    -0.00149693852291,
                    -0.000393215828808,
                    -0.000642497558147,
                    0.00356100173667,
                    -0.000767619931139,
                    0.000993616413325,
                    -0.00176123564597,
                    -0.00060653249966,
                    -0.00028870740789,
                    0.000907568726689,
                    -0.000400661490858,
                    0.00176624418236
                ],
                [
                    -0.000298178754747,
                    0.00119184993673,
                    -0.00108806916978,
                    0.0011664283229,
                    -0.000767619931139,
                    0.0067614261061,
                    -0.00180895801168,
                    -0.000379935489036,
                    -0.000820129818749,
                    0.000495323736686,
                    -0.00189289415721,
                    0.000956737436354,
                    0.000299385894323
                ],
                [
                    0.000199973670533,
                    -0.00168740772642,
                    0.000371404807083,
                    -0.00106299936306,
                    0.000993616413325,
                    -0.00180895801168,
                    0.00507696112618,
                    -0.00212522945367,
                    0.00170502939727,
                    -0.00145631982014,
                    0.00106016651262,
                    -0.00270117400214,
                    0.00315154786222
                ],
                [
                    -0.000406293664128,
                    0.00144858320709,
                    0.000386748695746,
                    0.000461451534647,
                    -0.00176123564597,
                    -0.000379935489036,
                    -0.00212522945367,
                    0.0100065432489,
                    -0.00280451029539,
                    0.000704615900759,
                    -0.00213350378908,
                    0.000254773505731,
                    -0.00118789740372
                ],
                [
                    0.000244552240474,
                    -0.0016593033215,
                    -6.83033649693e-05,
                    -0.0017524221912,
                    -0.00060653249966,
                    -0.000820129818749,
                    0.00170502939727,
                    -0.00280451029539,
                    0.0121808070689,
                    -0.00305454037152,
                    0.00110484578181,
                    -0.0016764322063,
                    0.000570889387745
                ],
                [
                    -0.000114972870506,
                    0.00166894681752,
                    -9.59268654697e-05,
                    0.000773131963797,
                    -0.00028870740789,
                    0.000495323736686,
                    -0.00145631982014,
                    0.000704615900759,
                    -0.00305454037152,
                    0.0131626492366,
                    -0.00451132049784,
                    -0.000214905026951,
                    0.000130093321786
                ],
                [
                    0.000390493049053,
                    -0.00168573134579,
                    0.000671693822369,
                    -0.00158109783661,
                    0.000907568726689,
                    -0.00189289415721,
                    0.00106016651262,
                    -0.00213350378908,
                    0.00110484578181,
                    -0.00451132049784,
                    0.0120027670637,
                    -0.00152220518794,
                    -0.000820467423182
                ],
                [
                    -0.000539534550626,
                    0.00119857571553,
                    -0.00133887981065,
                    0.0020731643308,
                    -0.000400661490858,
                    0.000956737436354,
                    -0.00270117400214,
                    0.000254773505731,
                    -0.0016764322063,
                    -0.000214905026951,
                    -0.00152220518794,
                    0.0118052437901,
                    -0.00373113015667
                ],
                [
                    -6.97782306815e-05,
                    -0.00218113861047,
                    0.00030861387495,
                    -0.00215180404484,
                    0.00176624418236,
                    0.000299385894323,
                    0.00315154786222,
                    -0.00118789740372,
                    0.000570889387745,
                    0.000130093321786,
                    -0.000820467423182,
                    -0.00373113015667,
                    0.0143718738109
                ]
            ],
            "mean": [
                -72.0654907227,
                141.756210327,
                -70.7000732422,
                3.19299507141,
                -49.0584945679,
                22.4704608917,
                -22.2820453644,
                -3.02625703812,
                -27.6921768188,
                2.32369208336,
                -9.45480251312,
                -2.60529637337,
                -4.91611242294
            ]
        },
        "hfc": {
            "dmean": 3.91396093369,
            "dmean2": 5.67486810684,
            "dvar": 41.2743988037,
            "dvar2": 83.8695526123,
            "max": 181.620422363,
            "mean": 15.8443965912,
            "median": 10.9798898697,
            "min": 0.00504184141755,
            "var": 289.952819824
        },
        "melbands": {
            "dmean": [
                0.00110779947136,
                0.00160988350399,
                0.000731335720047,
                0.000355149677489,
                0.000437800452346,
                0.000293464836432,
                0.000100570345239,
                7.50470571802e-05,
                9.45186184254e-05,
                9.59448952926e-05,
                0.000127467268612,
                8.3830091171e-05,
                0.000114673071948,
                4.8494865041e-05,
                4.86103344883e-05,
                3.09065289912e-05,
                2.51342316915e-05,
                1.08959948193e-05,
                8.92067419045e-06,
                7.39156757845e-06,
                2.21860250349e-06,
                8.49466971431e-07,
                9.82656047199e-07,
                2.09094218917e-06,
                3.13159625875e-06,
                2.96262260235e-06,
                2.2938904749e-06,
