{
    "lowlevel": {
        "average_loudness": 0.825503766537,
        "barkbands": {
            "dmean": [
                0.000286321912427,
                0.00339267752133,
                0.00100342161022,
                0.00226702867076,
                0.00235776952468,
                0.0010084300302,
                0.000503612100147,
                0.000533323327545,
                0.000735367473681,
                0.000519929104485,
                0.000398845615564,
                0.000350162445102,
                0.000260845874436,
                0.000393441034248,
                0.000325656234054,
                0.000340259226505,
                0.000210390411667,
                0.000129931460833,
                0.000141473457916,
                9.03515901882e-05,
                9.56714648055e-05,
                0.000127613922814,
                0.000133001376525,
                0.00017950955953,
                8.75818077475e-05,
                2.60012984654e-05,
                2.8920155728e-06
            ],
            "dmean2": [
                0.000465485558379,
                0.00546369701624,
                0.00165220326744,
                0.0038425878156,
                0.00393653241917,
                0.00157319009304,
                0.000754102075007,
                0.000806709518656,
                0.00104615080636,
                0.000748578051571,
                0.000569463183638,
                0.000529207289219,
                0.000402301200666,
                0.000607281341217,
                0.000514630984981,
                0.000534019549377,
                0.000335574150085,
                0.000207773875445,
                0.000226038639084,
                0.000149121740833,
                0.000165993653354,
                0.00020877175848,
                0.000204372074222,
                0.00026633188827,
                0.000129225940327,
                3.83296246582e-05,
                4.34548564954e-06
            ],
            "dvar": [
                1.02703609173e-06,
                0.000171429652255,
                4.73521276945e-06,
                5.1404498663e-05,
                2.77312610706e-05,
                4.60948695036e-06,
                2.02319324671e-06,
                2.41878205998e-06,
                3.47929062627e-06,
                1.86910324373e-06,
                1.36777555326e-06,
                8.96819301488e-07,
                3.87687833836e-07,
                8.43793372951e-07,
                5.77208425057e-07,
                5.22082075349e-07,
                1.70622286078e-07,
                5.78505456872e-08,
                7.85508760259e-08,
                2.94692661384e-08,
                5.70525671151e-08,
                1.44111467648e-07,
                2.16346492721e-07,
                3.34767975119e-07,
                9.54523429186e-08,
                7.54536078063e-09,
                4.24136489818e-11
            ],
            "dvar2": [
                2.41733187067e-06,
                0.000386385596357,
                1.30244325192e-05,
                0.000137071154313,
                7.4693634815e-05,
                1.05759891085e-05,
                4.09951189795e-06,
                5.49515198145e-06,
                7.03381692801e-06,
                3.66251902051e-06,
                2.4784553716e-06,
                1.91681829165e-06,
                8.53944186474e-07,
                1.89868512734e-06,
                1.42859960306e-06,
                1.24354869513e-06,
                4.10648794968e-07,
                1.4021725292e-07,
                1.8865252116e-07,
                7.58066676099e-08,
                1.53100003786e-07,
                3.12833975613e-07,
                4.06608393178e-07,
                6.33330159872e-07,
                1.83174904578e-07,
                1.46798404543e-08,
                9.217394209e-11
            ],
            "max": [
                0.0154831353575,
                0.140600830317,
                0.036113999784,
                0.078088119626,
                0.0574444718659,
                0.0314318612218,
                0.032752379775,
                0.0379765890539,
                0.0424561277032,
                0.0426371395588,
                0.0305054411292,
                0.0245157014579,
                0.0152217242867,
                0.0268026720732,
                0.0212422758341,
                0.0162005741149,
                0.00899792369455,
                0.00372004136443,
                0.00650759041309,
                0.00345109286718,
                0.00363532407209,
                0.00680069020018,
                0.011506353505,
                0.00913012772799,
                0.00581175880507,
                0.00203768326901,
                0.000103789912828
            ],
            "mean": [
                0.000275973288808,
                0.00422117346898,
                0.00190204475075,
                0.00280422763899,
                0.00406289147213,
                0.00223438348621,
                0.000990470638499,
                0.000982632278465,
                0.00182467291597,
                0.00137749069836,
                0.000867467897478,
                0.000722773023881,
                0.000472841347801,
                0.000693898822647,
                0.000647095963359,
                0.000763376185205,
                0.00042255007429,
                0.000257191044511,
                0.000308808637783,
                0.000176620538696,
                0.000138210583827,
                0.000169898630702,
                0.000186319608474,
                0.000259900174569,
                0.000136033602757,
                4.47441780125e-05,
                5.37310643267e-06
            ],
            "median": [
                1.62537562574e-05,
                0.00156302272808,
                0.000892460753676,
                0.000557285442483,
                0.0015954200644,
                0.000609351554886,
                0.000324113876559,
                0.000349479727447,
                0.000350096524926,
                0.000304163579131,
                0.000217199383769,
                0.00027900954592,
                0.000162729018484,
                0.000190416263649,
                0.000177529873326,
                0.000209537276533,
                0.000127082777908,
                8.96593483048e-05,
                8.26937975944e-05,
                6.18724152446e-05,
                3.91557914554e-05,
                3.61610364052e-05,
                4.09498279623e-05,
                6.09773669566e-05,
                3.71493588318e-05,
                1.2726030036e-05,
                6.91211937465e-07
            ],
            "min": [
                1.13476438203e-24,
                5.61803544188e-24,
                1.26018912444e-24,
                1.98031046532e-24,
                1.14543439631e-23,
                1.19331020687e-23,
                1.4710290041e-23,
                1.28482351502e-23,
                1.13867283283e-23,
                1.6512958694e-23,
                1.71498802557e-23,
                3.64358917131e-23,
                2.81382740588e-23,
                3.29775539036e-23,
                4.49756833545e-23,
                8.49091003314e-23,
                7.54771574934e-23,
                8.64609222607e-23,
                1.38175184841e-22,
                1.91066680327e-22,
                2.35596048269e-22,
                2.26575392264e-22,
                4.14788743764e-22,
                6.06562596871e-22,
                8.45943334707e-22,
                1.33743543504e-21,
                1.95316931618e-21
            ],
            "var": [
                1.00029990335e-06,
                0.000161783886142,
                7.70744736656e-06,
                4.78518668388e-05,
                4.08629712183e-05,
                1.36189846671e-05,
                5.65516666029e-06,
                4.64987579107e-06,
                1.38293598866e-05,
                1.47596829265e-05,
                6.01782903686e-06,
                2.63517154053e-06,
                9.05737124413e-07,
                2.04197931453e-06,
                1.32257105179e-06,
                2.30942464441e-06,
                5.1001495649e-07,
                1.57870019279e-07,
                2.80291800436e-07,
                8.71561880444e-08,
                6.25144878086e-08,
                2.04124575021e-07,
                3.575784433e-07,
                5.99785209943e-07,
                1.7124233409e-07,
                1.32123938457e-08,
                9.58404675067e-11
            ]
        },
        "barkbands_crest": {
            "dmean": 2.28748512268,
            "dmean2": 3.60356378555,
            "dvar": 6.46476364136,
            "dvar2": 14.7650585175,
            "max": 25.5542583466,
            "mean": 10.4296426773,
            "median": 9.51216983795,
            "min": 2.16843032837,
            "var": 21.0015163422
        },
        "barkbands_flatness_db": {
            "dmean": 0.0195091348141,
            "dmean2": 0.0293447207659,
            "dvar": 0.000511724792887,
            "dvar2": 0.00108279613778,
            "max": 0.402642726898,
            "mean": 0.142662271857,
            "median": 0.12623219192,
            "min": 0.0141411842778,
            "var": 0.00526118976995
        },
        "barkbands_kurtosis": {
            "dmean": 3.02076983452,
            "dmean2": 4.71025562286,
            "dvar": 48.9563446045,
            "dvar2": 118.00177002,
            "max": 224.868560791,
            "mean": 4.95478200912,
            "median": 1.31874072552,
            "min": -1.90788960457,
            "var": 121.539680481
        },
        "barkbands_skewness": {
            "dmean": 0.557321667671,
            "dmean2": 0.831288933754,
            "dvar": 0.506025493145,
            "dvar2": 1.06188857555,
            "max": 13.6744804382,
            "mean": 1.47914159298,
            "median": 1.16038119793,
            "min": -4.19012022018,
            "var": 2.13407254219
        },
        "barkbands_spread": {
            "dmean": 5.92115879059,
            "dmean2": 9.30940723419,
            "dvar": 104.069114685,
            "dvar2": 215.116882324,
            "max": 109.713111877,
            "mean": 22.0897121429,
            "median": 18.0896453857,
            "min": 0.62340003252,
            "var": 282.075500488
        },
        "dissonance": {
            "dmean": 0.0199806168675,
            "dmean2": 0.0334161967039,
            "dvar": 0.000455873116152,
            "dvar2": 0.00120697903913,
            "max": 0.500000119209,
            "mean": 0.453593403101,
            "median": 0.464389741421,
            "min": 0.192016974092,
            "var": 0.00147555384319
        },
        "dynamic_complexity": 4.68597412109,
        "erbbands": {
            "dmean": [
                0.13827252388,
                0.656118988991,
                1.08251547813,
                4.46402406693,
                9.0085811615,
                6.93767499924,
                8.68799209595,
                8.89031028748,
                7.72492218018,
                6.61434698105,
                13.5306406021,
                17.0032615662,
                14.0354185104,
                14.7082023621,
                14.5472574234,
                11.4668703079,
                11.8401870728,
                11.9401550293,
                18.3270072937,
                16.7535190582,
                15.564663887,
                12.7664670944,
                7.07664585114,
                6.35912704468,
                6.80051088333,
                3.93023252487,
                3.83782172203,
                3.91908383369,
                4.41413021088,
                4.44357395172,
                3.82831907272,
                3.54386353493,
                3.11023235321,
                1.35430181026,
                0.44692504406,
                0.169260665774,
                0.0362729839981,
                0.0055668069981,
                0.000485032447614,
                3.23968088196e-05
            ],
            "dmean2": [
                0.226661205292,
                1.0715597868,
                1.81989121437,
                7.31048965454,
                15.7239151001,
                11.408788681,
                13.197930336,
                13.9066724777,
                11.5084114075,
                9.98558998108,
                19.9965267181,
                24.1084938049,
                19.9306106567,
                20.5221729279,
                20.3502922058,
                17.1793384552,
                18.2081260681,
                18.2363777161,
                28.667224884,
                26.2108650208,
                24.2053947449,
                19.9580001831,
                11.2885580063,
                10.038312912,
                10.9189214706,
                6.47946691513,
                6.62714624405,
                6.67611837387,
                7.20485591888,
                7.07682228088,
                5.87792539597,
                5.37721347809,
                4.63348245621,
                2.0087864399,
                0.663091301918,
                0.249384313822,
                0.0544710420072,
                0.00842067226768,
                0.000724230660126,
                4.81426359329e-05
            ],
            "dvar": [
                0.311579406261,
                6.32401371002,
                7.4570183754,
                167.335067749,
                772.000976563,
                227.926895142,
                364.199371338,
                408.116851807,
                484.564300537,
                356.876434326,
                1459.63244629,
                2006.23596191,
                1246.09387207,
                1439.87463379,
                2101.6628418,
                1040.44030762,
                797.565551758,
                846.988769531,
                1538.8692627,
                1286.84533691,
                925.005371094,
                643.213256836,
                175.752944946,
                163.456634521,
                179.555709839,
                55.6133804321,
                80.9903717041,
                108.797523499,
                178.65222168,
                209.469497681,
                193.431884766,
                141.420089722,
                103.981826782,
                24.7000465393,
                2.37880301476,
                0.365675032139,
                0.0131528824568,
                0.000185789889656,
                1.13223688913e-06,
                4.1077559132e-09
            ],
            "dvar2": [
                0.729909181595,
                15.2190628052,
                21.0327529907,
                422.304595947,
                2190.06298828,
                574.435119629,
                810.327270508,
                931.131774902,
                983.978637695,
                738.647888184,
                3260.44042969,
                3996.57299805,
                2404.96484375,
                2468.36523438,
                3678.64233398,
                2260.01025391,
                1768.66174316,
                1821.5657959,
                3525.05859375,
                3144.45825195,
                2090.48803711,
                1521.27453613,
                431.621795654,
                372.556152344,
                448.385437012,
                144.469833374,
                222.888214111,
                278.76751709,
                406.217041016,
                432.018493652,
                375.122253418,
                274.09854126,
                201.290008545,
                48.1094207764,
                4.79629468918,
                0.719142138958,
                0.0261334180832,
                0.000404748687288,
                2.44281773121e-06,
                8.58243698332e-09
            ],
            "max": [
                5.70312309265,
                29.7772407532,
                38.4669456482,
                137.573867798,
                314.325897217,
                327.092041016,
                353.891723633,
                376.320556641,
                563.630371094,
                645.08984375,
                745.045837402,
                983.280639648,
                1018.66186523,
                1055.52807617,
                1438.61938477,
                924.332641602,
                764.497253418,
                887.467407227,
                1060.92834473,
                780.938537598,
                526.978088379,
                629.849975586,
                215.468139648,
                310.876434326,
                264.228790283,
                133.183654785,
                155.391616821,
                163.623687744,
                277.432739258,
                439.674621582,
                319.561645508,
                213.155426025,
                186.174102783,
                107.225959778,
                28.9648551941,
                14.7234716415,
                2.82314109802,
                0.335814893246,
                0.0177016817033,
                0.00116192898713
            ],
            "mean": [
                0.141735687852,
                0.868026912212,
                1.99394035339,
                6.6180472374,
                11.4000673294,
                11.6879034042,
                17.5667667389,
                21.3112602234,
                16.9646987915,
                12.9256849289,
                27.398349762,
                42.4854316711,
                40.1068687439,
                35.6894607544,
                34.12342453,
                24.9027309418,
                23.691192627,
                24.2683963776,
                40.0422019958,
                38.4879302979,
                36.9605178833,
                27.3495407104,
                15.0079421997,
                14.4369096756,
                14.9629993439,
                8.02395153046,
                5.97719764709,
                5.4486413002,
                5.83421564102,
                6.01932525635,
                5.25560283661,
                4.87963485718,
                4.53106546402,
                2.05141425133,
                0.699908912182,
                0.273720145226,
                0.0641034170985,
                0.0102822473273,
                0.00093110348098,
                8.05105082691e-05
            ],
            "median": [
                0.0244301762432,
                0.377707898617,
                1.09562420845,
                1.84026348591,
                3.00237107277,
                4.32887125015,
                6.82751893997,
                4.89341831207,
                6.5198674202,
                4.72818231583,
                10.1939306259,
                8.26118946075,
                10.7338056564,
                11.8305072784,
                10.254740715,
                10.109044075,
                9.11800384521,
                9.30990791321,
                12.2726249695,
                11.9654350281,
                12.8557548523,
                9.15194511414,
                5.44866991043,
                4.74981069565,
                3.91944169998,
                3.02422738075,
                1.94936680794,
                1.39372122288,
                1.25717794895,
                1.35459148884,
                1.09193718433,
                1.0508838892,
                1.06496047974,
                0.547530472279,
                0.190847039223,
                0.0746894180775,
                0.0180279202759,
                0.00207921070978,
                0.000153892193339,
                4.38115093857e-05
            ],
            "min": [
                7.24665171803e-23,
                8.5448413609e-22,
                1.49936573347e-21,
                7.80085924483e-21,
                1.63800938305e-20,
                3.50140124921e-20,
                4.75331519562e-20,
                1.04596678265e-19,
                2.42072286613e-19,
                1.54532848061e-19,
                5.04283319215e-19,
                3.99998927481e-19,
                7.84992488458e-19,
                5.49262505794e-19,
                1.23701913776e-18,
                1.50990229953e-18,
                1.46011016256e-18,
                1.27211723833e-18,
                2.89679188183e-18,
                3.7931289295e-18,
                4.64679338373e-18,
                4.80165607006e-18,
                3.76574387455e-18,
                7.24523693504e-18,
                8.2940746548e-18,
                9.0551213502e-18,
                9.46888288286e-18,
                1.17077051134e-17,
                1.10721665323e-17,
                1.22238236294e-17,
                1.10206530325e-17,
                1.14986798813e-17,
                1.08267337728e-17,
                7.69857326975e-18,
                6.96148834234e-18,
                4.64994990494e-18,
                2.42238849769e-18,
                1.0201217312e-18,
                2.62417078122e-19,
                2.49268712706e-20
            ],
            "var": [
                0.274675637484,
                5.49993371964,
                8.31293678284,
                195.844940186,
                631.813842773,
                407.165405273,
                899.684204102,
                1505.78234863,
                1524.44494629,
                846.934082031,
                2920.29711914,
                8269.97167969,
                8983.38867188,
                5768.2265625,
                9483.90917969,
                2616.29980469,
                1993.49145508,
                2126.56616211,
                4542.80224609,
                4293.32519531,
                3861.35498047,
                2008.42077637,
                507.161468506,
                555.091064453,
                643.168823242,
                163.608459473,
                101.738494873,
                122.472900391,
                233.5284729,
                314.151672363,
                304.897460938,
                234.165756226,
                184.876373291,
                43.9833106995,
                4.03994941711,
                0.604548990726,
                0.0231328736991,
                0.000379837088985,
                2.6571970011e-06,
                1.04002406687e-08
            ]
        },
        "erbbands_crest": {
            "dmean": 2.17554330826,
            "dmean2": 3.41326999664,
            "dvar": 4.51183128357,
            "dvar2": 10.4273300171,
            "max": 27.1413192749,
            "mean": 9.1575756073,
            "median": 8.31456565857,
            "min": 2.11127781868,
            "var": 15.9441518784
        },
        "erbbands_flatness_db": {
            "dmean": 0.0155554106459,
            "dmean2": 0.0221568979323,
            "dvar": 0.000293321383651,
            "dvar2": 0.00054190523224,
            "max": 0.360338836908,
            "mean": 0.162162706256,
            "median": 0.155662536621,
            "min": 0.0305279884487,
            "var": 0.00258550629951
        },
        "erbbands_kurtosis": {
            "dmean": 0.836025178432,
            "dmean2": 1.25907599926,
            "dvar": 1.44687592983,
            "dvar2": 3.16887116432,
            "max": 27.8878517151,
            "mean": 0.715111672878,
            "median": 0.0350682549179,
            "min": -1.73676669598,
            "var": 5.14876413345
        },
        "erbbands_skewness": {
            "dmean": 0.330183833838,
            "dmean2": 0.492571413517,
            "dvar": 0.136528417468,
            "dvar2": 0.285040616989,
            "max": 4.72662687302,
            "mean": 0.206421971321,
            "median": 0.152918145061,
            "min": -3.14498114586,
            "var": 0.640156209469
        },
        "erbbands_spread": {
            "dmean": 7.92009592056,
            "dmean2": 12.1166601181,
            "dvar": 122.491477966,
            "dvar2": 293.192199707,
            "max": 142.357635498,
            "mean": 35.1503410339,
            "median": 31.2038288116,
            "min": 4.30344772339,
            "var": 341.113555908
        },
        "gfcc": {
            "cov": [
                [
                    30010.2089844,
                    -3080.3671875,
                    -1906.59411621,
                    1315.92102051,
                    -1706.75720215,
                    91.7320709229,
                    -1247.74584961,
                    510.348388672,
                    -773.303283691,
                    -58.3225822449,
                    -595.807189941,
                    167.625808716,
                    -321.025756836
                ],
                [
                    -3080.3671875,
                    2230.14135742,
                    -72.4968566895,
                    -505.542602539,
                    341.502227783,
                    -55.5785560608,
                    270.101226807,
                    -183.731079102,
                    169.703582764,
                    -75.7179336548,
                    96.8766555786,
                    -154.087539673,
                    54.8052444458
                ],
                [
                    -1906.59411621,
                    -72.4968566895,
                    747.056213379,
                    58.7255554199,
                    66.4343338013,
                    82.9046707153,
                    40.560749054,
                    -42.4522895813,
                    23.1290206909,
                    13.0235137939,
                    25.6316871643,
                    11.9392576218,
                    1.22651278973
                ],
                [
                    1315.92102051,
                    -505.542602539,
                    58.7255554199,
                    554.607055664,
                    -31.9569664001,
                    70.1891708374,
                    -13.236032486,
                    20.330871582,
                    11.4927301407,
                    19.9471492767,
                    -38.0460090637,
                    46.0793113708,
                    14.7937507629
                ],
                [
                    -1706.75720215,
                    341.502227783,
                    66.4343338013,
                    -31.9569664001,
                    445.605560303,
                    37.4689750671,
                    167.754211426,
                    39.4063796997,
                    155.727523804,
                    85.1279144287,
                    62.9637908936,
                    34.4333076477,
                    66.3558883667
                ],
                [
                    91.7320709229,
                    -55.5785560608,
                    82.9046707153,
                    70.1891708374,
                    37.4689750671,
                    216.921585083,
                    101.003799438,
                    29.5179290771,
                    25.9159965515,
                    32.0562896729,
                    14.1286907196,
                    22.0431880951,
                    7.82259511948
                ],
                [
                    -1247.74584961,
                    270.101226807,
                    40.560749054,
                    -13.236032486,
                    167.754211426,
                    101.003799438,
                    423.254638672,
                    43.2663726807,
                    111.365409851,
                    35.927318573,
                    55.4987297058,
                    54.2400474548,
                    3.45259332657
                ],
                [
                    510.348388672,
                    -183.731079102,
                    -42.4522895813,
                    20.330871582,
                    39.4063796997,
                    29.5179290771,
                    43.2663726807,
                    213.477798462,
                    48.081287384,
                    54.8424911499,
                    34.1523933411,
                    42.9108467102,
                    22.8847255707
                ],
                [
                    -773.303283691,
                    169.703582764,
                    23.1290206909,
                    11.4927301407,
                    155.727523804,
                    25.9159965515,
                    111.365409851,
                    48.081287384,
                    185.643203735,
                    77.9165725708,
                    35.6491622925,
                    19.1524734497,
                    40.8180084229
                ],
                [
                    -58.3225822449,
                    -75.7179336548,
                    13.0235137939,
                    19.9471492767,
                    85.1279144287,
                    32.0562896729,
                    35.927318573,
                    54.8424911499,
                    77.9165725708,
                    139.20350647,
                    44.8895111084,
                    37.6574134827,
                    28.9194259644
                ],
                [
                    -595.807189941,
                    96.8766555786,
                    25.6316871643,
                    -38.0460090637,
                    62.9637908936,
                    14.1286907196,
                    55.4987297058,
                    34.1523933411,
                    35.6491622925,
                    44.8895111084,
                    116.385368347,
                    40.4487915039,
                    20.6458683014
                ],
                [
                    167.625808716,
                    -154.087539673,
                    11.9392576218,
                    46.0793113708,
                    34.4333076477,
                    22.0431880951,
                    54.2400474548,
                    42.9108467102,
                    19.1524734497,
                    37.6574134827,
                    40.4487915039,
                    117.818878174,
                    28.4366512299
                ],
                [
                    -321.025756836,
                    54.8052444458,
                    1.22651278973,
                    14.7937507629,
                    66.3558883667,
                    7.82259511948,
                    3.45259332657,
                    22.8847255707,
                    40.8180084229,
                    28.9194259644,
                    20.6458683014,
                    28.4366512299,
                    102.563606262
                ]
            ],
            "icov": [
                [
                    9.58796663326e-05,
                    -8.37344923639e-05,
                    0.000209483652725,
                    -0.000215585969272,
                    0.000228100587265,
                    -0.000171401741682,
                    0.000244906230364,
                    -0.000315317534842,
                    0.000229675715673,
                    -0.000257078878349,
                    0.000427701685112,
                    -0.000390806235373,
                    0.000304389861412
                ],
                [
                    -8.37344923639e-05,
                    0.00117903982755,
                    9.12655377761e-06,
                    0.000891865696758,
                    -0.000673134927638,
                    0.000220914880629,
                    -0.000761203700677,
                    0.00124772626441,
                    -0.00105432479177,
                    0.00130635336973,
                    -0.00142951891758,
                    0.00185615301598,
                    -0.00103061704431
                ],
                [
                    0.000209483652725,
                    9.12655377761e-06,
                    0.00195759464987,
                    -0.000485848955577,
                    0.000203601681278,
                    -0.000928537047002,
                    0.000542763387784,
                    -6.63768369122e-05,
                    0.000257486884948,
                    -0.000279390544165,
                    0.000368415989215,
                    -0.000658214150462,
                    0.000717752671335
                ],
                [
                    -0.000215585969272,
                    0.000891865696758,
                    -0.000485848955577,
                    0.00304477033205,
                    -0.000573013094254,
                    -0.000241603382165,
                    -0.000647392356768,
                    0.0012739932863,
                    -0.00142650818452,
                    0.0011008863803,
                    -0.00048205369967,
                    0.000739662908018,
                    -0.0013087799307
                ],
                [
                    0.000228100587265,
                    -0.000673134927638,
                    0.000203601681278,
                    -0.000573013094254,
                    0.00440523400903,
                    -0.000305071414914,
                    -3.557897071e-05,
                    -0.000951519643422,
                    -0.00105064676609,
                    -0.00172192510217,
                    0.00098212948069,
                    -0.00139646593016,
                    -0.00036628570524
                ],
                [
                    -0.000171401741682,
                    0.000220914880629,
                    -0.000928537047002,
                    -0.000241603382165,
                    -0.000305071414914,
                    0.00615994120017,
                    -0.00199331203476,
                    0.000130985150463,
                    0.000261380540906,
                    -0.000643485225737,
                    -0.000669648230541,
                    0.00115033308975,
                    -0.000949883251451
                ],
                [
                    0.000244906230364,
                    -0.000761203700677,
                    0.000542763387784,
                    -0.000647392356768,
                    -3.557897071e-05,
                    -0.00199331203476,
                    0.00462287571281,
                    -0.00132131681312,
                    -0.000879512459505,
                    7.02820107108e-05,
                    0.000901115243323,
                    -0.00323037942871,
                    0.00261892052367
                ],
                [
                    -0.000315317534842,
                    0.00124772626441,
                    -6.63768369122e-05,
                    0.0012739932863,
                    -0.000951519643422,
                    0.000130985150463,
                    -0.00132131681312,
                    0.00758438557386,
                    -0.00229850318283,
                    0.000541715417057,
                    -0.00296027166769,
                    0.00136359757744,
                    -0.00189899315592
                ],
                [
                    0.000229675715673,
                    -0.00105432479177,
                    0.000257486884948,
                    -0.00142650818452,
                    -0.00105064676609,
                    0.000261380540906,
                    -0.000879512459505,
                    -0.00229850318283,
                    0.0113776447251,
                    -0.00536525156349,
                    0.0019732422661,
                    -0.000333011674229,
                    -0.000632888230029
                ],
                [
                    -0.000257078878349,
                    0.00130635336973,
                    -0.000279390544165,
                    0.0011008863803,
                    -0.00172192510217,
                    -0.000643485225737,
                    7.02820107108e-05,
                    0.000541715417057,
                    -0.00536525156349,
                    0.0132405981421,
                    -0.00458878837526,
                    0.000636147276964,
                    -0.0014690940734
                ],
                [
                    0.000427701685112,
                    -0.00142951891758,
                    0.000368415989215,
                    -0.00048205369967,
                    0.00098212948069,
                    -0.000669648230541,
                    0.000901115243323,
                    -0.00296027166769,
                    0.0019732422661,
                    -0.00458878837526,
                    0.0147482259199,
                    -0.00609071925282,
                    0.00144204241224
                ],
                [
                    -0.000390806235373,
                    0.00185615301598,
                    -0.000658214150462,
                    0.000739662908018,
                    -0.00139646593016,
                    0.00115033308975,
                    -0.00323037942871,
                    0.00136359757744,
                    -0.000333011674229,
                    0.000636147276964,
                    -0.00609071925282,
                    0.0155377816409,
                    -0.00482243672013
                ],
                [
                    0.000304389861412,
                    -0.00103061704431,
                    0.000717752671335,
                    -0.0013087799307,
                    -0.00036628570524,
                    -0.000949883251451,
                    0.00261892052367,
                    -0.00189899315592,
                    -0.000632888230029,
                    -0.0014690940734,
                    0.00144204241224,
                    -0.00482243672013,
                    0.0137915741652
                ]
            ],
            "mean": [
                -32.2781105042,
                94.5648574829,
                -108.410270691,
                17.8432006836,
                -52.0357208252,
                17.2187633514,
                -43.0036888123,
                7.26856899261,
                -22.9300918579,
                -2.98621630669,
                -17.7151031494,
                -3.41506814957,
                -7.33995008469
            ]
        },
        "hfc": {
            "dmean": 6.57233858109,
            "dmean2": 9.97047996521,
            "dvar": 170.3644104,
            "dvar2": 333.349060059,
            "max": 206.21635437,
            "mean": 23.1750221252,
            "median": 16.8497829437,
            "min": 1.06335596373e-16,
            "var": 548.571350098
        },
        "melbands": {
            "dmean": [
                0.00105929700658,
                0.000639980251435,
                0.000912469113246,
                0.000561839318834,
                0.000299045757856,
                0.000192463499843,
                0.000110483000753,
                8.160519792e-05,
                0.000121076081996,
                0.000105705483293,
                7.483389345e-05,
                6.61529265926e-05,
                4.83682852064e-05,
                3.91071371268e-05,
                3.39253492712e-05,
                2.79615687759e-05,
                2.55823615589e-05,
                3.64020743291e-05,
                2.76352111541e-05,
                2.6496616556e-05,
                1.68122824107e-05,
                1.54042318172e-05,
                7.84369058238e-06,
                5.62233799428e-06,
                5.6464782574e-06,
                6.36108507024e-06,
                4.02485011364e-06,
