{
    "lowlevel": {
        "average_loudness": 0.507887661457,
        "barkbands": {
            "dmean": [
                0.00078859279165,
                0.00363228470087,
                0.00123165966943,
                0.000478667760035,
                0.000895521894563,
                0.00230837380514,
                0.000802677415777,
                0.000128044150188,
                0.00113653193694,
                0.000667766493279,
                0.000219675814151,
                0.00022117345361,
                0.000176876579644,
                0.000321673607687,
                0.000139213545481,
                9.44750208873e-05,
                8.43609959702e-05,
                0.00011252812692,
                0.000169445105712,
                0.000108131636807,
                0.000114818867587,
                5.63700668863e-05,
                8.24501621537e-05,
                0.000104880135041,
                8.46669063321e-05,
                1.9102692022e-05,
                5.4471297517e-07
            ],
            "dmean2": [
                0.00134211115073,
                0.00555621040985,
                0.00208056671545,
                0.000805506017059,
                0.00141675467603,
                0.00353509210981,
                0.0012548052473,
                0.000200866648811,
                0.00171341560781,
                0.00105383642949,
                0.000344429310644,
                0.000337757519446,
                0.000286971771857,
                0.000530995370355,
                0.000217479275307,
                0.000146147343912,
                0.00012289971346,
                0.000174188156961,
                0.000258212297922,
                0.000163985663676,
                0.000169584411196,
                8.51768709254e-05,
                0.00011913463095,
                0.000151818152517,
                0.000120577788039,
                2.82753844658e-05,
                8.37846812374e-07
            ],
            "dvar": [
                5.4490092225e-06,
                0.000137495488161,
                6.5535750764e-05,
                1.10813061838e-05,
                4.83686471853e-06,
                1.90620994545e-05,
                5.43667010788e-06,
                1.65023479326e-07,
                8.60234558786e-06,
                5.97362259214e-06,
                5.47051911326e-07,
                4.34400362792e-07,
                2.39366187316e-07,
                7.71973589053e-07,
                1.66402088553e-07,
                8.90521363317e-08,
                7.52678559479e-08,
                9.27570482645e-08,
                1.60787578807e-07,
                5.13570483918e-08,
                7.07410876544e-08,
                6.81673029135e-08,
                6.04358731948e-08,
                7.3879434126e-08,
                9.00737759935e-08,
                7.57376206195e-09,
                1.81068701699e-11
            ],
            "dvar2": [
                1.44045861816e-05,
                0.000298182247207,
                0.00018002181605,
                3.18992460961e-05,
                1.19318428915e-05,
                4.2053656216e-05,
                1.14742524602e-05,
                3.52965429329e-07,
                2.01256898436e-05,
                1.5224965864e-05,
                1.320024694e-06,
                8.66267555466e-07,
                6.61067133478e-07,
                2.10649977817e-06,
                3.52254431846e-07,
                1.97779243649e-07,
                1.44904944932e-07,
                2.06779105838e-07,
                3.62506341389e-07,
                1.14071944779e-07,
                1.45351705783e-07,
                1.52254330033e-07,
                1.15616693108e-07,
                1.52985492718e-07,
                1.56981229793e-07,
                1.62735425135e-08,
                4.74989422794e-11
            ],
            "max": [
                0.0720379501581,
                0.284489959478,
                0.172179594636,
                0.107201322913,
                0.0539120137691,
                0.0593966320157,
                0.0477489903569,
                0.0141963250935,
                0.0613257586956,
                0.0519953295588,
                0.0187340546399,
                0.0188611205667,
                0.0100393248722,
                0.0169493593276,
                0.0192963890731,
                0.00841578282416,
                0.008544893004,
                0.00801142212003,
                0.00749524636194,
                0.00469368835911,
                0.00799007341266,
                0.00704661058262,
                0.00546718249097,
                0.00749017391354,
                0.00758795905858,
                0.00217172014527,
                0.000157286543981
            ],
            "mean": [
                0.00322659104131,
                0.0136977890506,
                0.00183874345385,
                0.000696137722116,
                0.00196225545369,
                0.00569287873805,
                0.00163153978065,
                0.000203788062208,
                0.00220354832709,
                0.0010751769878,
                0.000377611664589,
                0.000385376333725,
                0.000272540899459,
                0.000464152690256,
                0.000245591654675,
                0.00015420881391,
                0.000182900810614,
                0.000209143661777,
                0.000339858961524,
                0.000239477754803,
                0.000242407491896,
                8.06563912192e-05,
                0.000146154299728,
                0.000210936981603,
                0.000135722875712,
                2.80878484773e-05,
                8.15810494714e-07
            ],
            "median": [
                0.000363689963706,
                0.00345926522277,
                0.000755467801355,
                0.000261046690866,
                0.000847117742524,
                0.00141873094253,
                0.000335977441864,
                7.60473776609e-05,
                0.000467321311589,
                9.85958104138e-05,
                4.54317414551e-05,
                5.96362042415e-05,
                5.61635060876e-05,
                5.27193296875e-05,
                3.52009010385e-05,
                2.40773861151e-05,
                2.05391679629e-05,
                3.09624520014e-05,
                4.19944190071e-05,
                5.0076028856e-05,
                2.93676039291e-05,
                1.00097877294e-05,
                2.09378613363e-05,
                5.58800165891e-05,
                2.92498170893e-05,
                4.5105780373e-06,
                2.10314539117e-07
            ],
            "min": [
                2.23770493186e-24,
                7.03297186022e-24,
                2.48046780354e-24,
                3.9965539393e-24,
                4.96026152543e-24,
                1.30229134093e-23,
                1.17083398196e-23,
                1.77641725535e-23,
                2.00171561434e-23,
                4.46160795331e-23,
                2.04160263052e-23,
                4.49687319122e-23,
                3.58858663356e-23,
                2.85104018359e-23,
                5.24045695147e-23,
                6.92979910901e-23,
                1.0811117825e-22,
                1.45078109036e-22,
                1.07519835494e-22,
                1.62852596735e-22,
                2.07358690125e-22,
                3.53123272232e-22,
                3.99925241158e-22,
                7.28705931929e-22,
                1.04544098174e-21,
                1.34848847442e-21,
                2.08891054327e-21
            ],
            "var": [
                6.02854233875e-05,
                0.000805290124845,
                4.69438236905e-05,
                6.93701713317e-06,
                1.28544470499e-05,
                7.42046613595e-05,
                1.8643493604e-05,
                2.64701469632e-07,
                2.3034221158e-05,
                1.2530676031e-05,
                1.22889730392e-06,
                1.30236185214e-06,
                3.56578141236e-07,
                1.27790872284e-06,
                4.02520640819e-07,
                1.84954188853e-07,
                3.64822028587e-07,
                2.63990273197e-07,
                4.55971417068e-07,
                2.09693283182e-07,
                2.47544534204e-07,
                9.95747058141e-08,
                1.55029866278e-07,
                1.82949946748e-07,
                1.77755481445e-07,
                1.23331789226e-08,
                1.69567433012e-11
            ]
        },
        "barkbands_crest": {
            "dmean": 2.28495669365,
            "dmean2": 3.61558580399,
            "dvar": 5.61168146133,
            "dvar2": 13.3132591248,
            "max": 26.917842865,
            "mean": 13.4784889221,
            "median": 12.8992242813,
            "min": 3.05063605309,
            "var": 24.3133182526
        },
        "barkbands_flatness_db": {
            "dmean": 0.0208667311817,
            "dmean2": 0.0302824378014,
            "dvar": 0.000712590001058,
            "dvar2": 0.00155267014634,
            "max": 1,
            "mean": 0.208869352937,
            "median": 0.183433875442,
            "min": 0.0322267487645,
            "var": 0.00958381872624
        },
        "barkbands_kurtosis": {
            "dmean": 19.9474258423,
            "dmean2": 36.5008735657,
            "dvar": 272054.8125,
            "dvar2": 836058.375,
            "max": 26316.515625,
            "mean": 20.5563697815,
            "median": 4.6329665184,
            "min": -1.93162119389,
            "var": 146511.078125
        },
        "barkbands_skewness": {
            "dmean": 0.698279500008,
            "dmean2": 1.07488822937,
            "dvar": 8.72159004211,
            "dvar2": 25.9111156464,
            "max": 147.242980957,
            "mean": 2.28332018852,
            "median": 1.84306132793,
            "min": -4.55978012085,
            "var": 10.6960601807
        },
        "barkbands_spread": {
            "dmean": 5.31313991547,
            "dmean2": 7.82703447342,
            "dvar": 95.8814697266,
            "dvar2": 175.478759766,
            "max": 117.794364929,
            "mean": 18.2050113678,
            "median": 12.6536474228,
            "min": 0.00313806696795,
            "var": 333.450469971
        },
        "dissonance": {
            "dmean": 0.0273460242897,
            "dmean2": 0.0453964471817,
            "dvar": 0.000777781242505,
            "dvar2": 0.00199780473486,
            "max": 0.500000119209,
            "mean": 0.435617506504,
            "median": 0.447180151939,
            "min": 0.113850578666,
            "var": 0.00227592117153
        },
        "dynamic_complexity": 5.16269540787,
        "erbbands": {
            "dmean": [
                0.168611615896,
                0.690072417259,
                1.33823347092,
                1.49472200871,
                1.79777681828,
                3.74870538712,
                7.8405714035,
                24.341299057,
                16.6156139374,
                5.52361726761,
                3.49401402473,
                17.9346466064,
                33.2253494263,
                11.431763649,
                9.70475578308,
                6.32973814011,
                6.24503040314,
                12.753329277,
                10.5115308762,
                5.51341152191,
                5.29246616364,
                4.26311206818,
                5.15317106247,
                9.04223155975,
                4.55552959442,
                5.39516353607,
                6.11936807632,
                2.33797574043,
                1.89296102524,
                2.07542824745,
                2.65393686295,
                2.22383713722,
                1.81337690353,
                1.14512836933,
                0.490704655647,
                0.142725363374,
                0.0237349495292,
                0.0021229009144,
                9.40604586503e-05,
                1.15346529128e-05
            ],
            "dmean2": [
                0.247774720192,
                1.03776586056,
                2.20243406296,
                2.5690112114,
                2.91749548912,
                5.89838218689,
                12.3534345627,
                37.0837478638,
                25.4484443665,
                8.44360160828,
                5.28821086884,
                26.8486289978,
                51.6624794006,
                17.4226455688,
                14.6201839447,
                9.76781845093,
                9.91964054108,
                21.0910835266,
                16.794588089,
                8.6365032196,
                8.091340065,
                6.11787223816,
                7.61226081848,
                13.5637235641,
                6.79679489136,
                7.88563680649,
                9.02540874481,
                3.53070521355,
                2.86975240707,
                3.00940132141,
                3.9210152626,
                3.27327442169,
                2.63966941833,
                1.6607940197,
                0.694078683853,
                0.210444435477,
                0.0346959270537,
                0.00304401782341,
                0.000135335430969,
                1.71104438778e-05
            ],
            "dvar": [
                0.216106340289,
                8.32712459564,
                66.4043273926,
                115.554725647,
                51.8884887695,
                84.8666534424,
                252.498626709,
                2357.43334961,
                1746.37268066,
                166.450958252,
                123.026779175,
                1744.01916504,
                6987.98925781,
                1547.84790039,
                898.557678223,
                324.579467773,
                242.494369507,
                1214.79528809,
                1037.87084961,
                192.969177246,
                342.028076172,
                179.38192749,
                185.248260498,
                449.375549316,
                93.0400695801,
                127.757972717,
                199.343048096,
                38.7407188416,
                70.8521957397,
                85.1416778564,
                57.8200492859,
                36.287689209,
                22.0765304565,
                14.6912126541,
                4.22565984726,
                0.391386419535,
                0.0165330823511,
                0.000219465029659,
                2.83712608962e-07,
                6.32483343477e-10
            ],
            "dvar2": [
                0.451384007931,
                17.9060382843,
                171.232070923,
                325.785125732,
                141.895324707,
                194.36555481,
                576.553405762,
                5227.77246094,
                3687.18945312,
                364.605865479,
                269.760192871,
                3880.99658203,
                17613.0878906,
                3528.76391602,
                2004.65234375,
                746.054504395,
                611.38293457,
                3291.26635742,
                2678.40917969,
                432.239868164,
                753.173706055,
                330.992675781,
                380.617370605,
                1005.74536133,
                201.374282837,
                267.451538086,
                395.624084473,
                87.5504150391,
                160.750030518,
                169.327941895,
                116.534881592,
                77.077331543,
                44.9447898865,
                26.3439483643,
                7.80975246429,
                0.836695790291,
                0.0345593653619,
                0.000477864348795,
                6.16435443135e-07,
                1.29333499466e-09
            ],
            "max": [
                10.6928911209,
                63.9225769043,
                187.182159424,
                282.109527588,
                226.488204956,
                191.337249756,
                332.597595215,
                683.991699219,
                843.64855957,
                303.661437988,
                660.559936523,
                882.737976074,
                1206.32763672,
                1432.46276855,
                800.597290039,
                493.442596436,
                402.679595947,
                710.69934082,
                670.123413086,
                647.846923828,
                579.488098145,
                483.904296875,
                318.07144165,
                472.520080566,
                215.982498169,
                279.277862549,
                386.868835449,
                174.205871582,
                201.8724823,
                283.495483398,
                176.029602051,
                205.586669922,
                169.697158813,
                97.7879714966,
                54.3700904846,
                14.8255758286,
                4.70763349533,
                0.61885535717,
                0.0189560782164,
                0.000886902911589
            ],
            "mean": [
                0.697398781776,
                1.88940632343,
                2.21837925911,
                2.31911849976,
                3.27485632896,
                8.29241847992,
                16.4283370972,
                58.7741203308,
                36.2385559082,
                11.6179819107,
                6.79025697708,
                35.6282081604,
                57.7440032959,
                22.2135562897,
                18.4679450989,
                11.7115678787,
                11.3865852356,
                20.6623821259,
                17.4830303192,
                10.4385900497,
                9.52686500549,
                10.0433969498,
                11.2597799301,
                18.6804580688,
                11.0197324753,
                12.5316238403,
                13.9429101944,
                4.66910457611,
                2.81672596931,
                3.1111164093,
                4.78365755081,
                4.34841632843,
                3.45715856552,
                1.90684366226,
                0.727821826935,
                0.212993517518,
                0.0355686992407,
                0.00312273995951,
                0.000179985363502,
                5.10585850861e-05
            ],
            "median": [
                0.126815959811,
                0.549507200718,
                0.974170923233,
                1.15108859539,
                1.63801205158,
                3.0632891655,
                6.91222047806,
                13.2832527161,
                8.34134674072,
                4.38788557053,
                3.40628886223,
                9.56188678741,
                9.44468975067,
                3.58629012108,
                3.50423884392,
                2.79144001007,
                3.03338575363,
                2.81977725029,
                2.41038322449,
                2.1307311058,
                1.46494412422,
                1.30400538445,
                1.73956024647,
                2.76565337181,
                1.92445325851,
                2.5165719986,
                2.08645701408,
                0.772466599941,
                0.446498095989,
                0.353039741516,
                0.698167085648,
                0.974204540253,
                0.857859313488,
                0.423458725214,
                0.134101971984,
                0.0340590402484,
                0.00590148661286,
                0.000584873079788,
                6.82989848428e-05,
                4.10078682762e-05
            ],
            "min": [
                2.52401183688e-22,
                1.31122536107e-21,
                5.51476427238e-21,
                1.99138707996e-20,
                2.0272618385e-20,
                2.14070723614e-20,
                5.37356333013e-20,
                1.40574394944e-19,
                1.75195936085e-19,
                3.14623729454e-19,
                5.70808286004e-19,
                6.10699794827e-19,
                1.57573491615e-18,
                1.12857110657e-18,
                1.46608695608e-18,
                2.13421200717e-18,
                2.13362822445e-18,
                2.58277116705e-18,
                1.98373834117e-18,
                3.10112100277e-18,
                5.12779105171e-18,
                6.11328038502e-18,
                8.61445576811e-18,
                7.26952047629e-18,
                8.02872421328e-18,
                7.17674803469e-18,
                9.51575010919e-18,
                1.05968205759e-17,
                1.17866537126e-17,
                8.88170707068e-18,
                1.27568240745e-17,
                1.10346282489e-17,
                1.19763849569e-17,
                9.92618058553e-18,
                8.0397951986e-18,
                5.05884554765e-18,
                2.58079482577e-18,
                1.17203841378e-18,
                2.67533371157e-19,
                3.21237464966e-20
            ],
            "var": [
                2.08697533607,
                21.571603775,
                56.5271720886,
                74.5868911743,
                48.002532959,
                333.397674561,
                668.82421875,
                8708.88671875,
                6089.65527344,
                479.910552979,
                205.459899902,
                4864.17382812,
                15238.5439453,
                5298.56884766,
                2260.72070312,
                829.952453613,
                482.441467285,
                2239.80419922,
                1934.03100586,
                488.333068848,
                811.958190918,
                967.873413086,
                758.295837402,
                1264.78894043,
                393.700012207,
                557.195739746,
                791.221496582,
                93.9288101196,
                102.536682129,
                151.077529907,
                151.176605225,
                92.4284362793,
                51.5746650696,
                29.6412906647,
                7.52026367188,
                0.648254871368,
                0.024919917807,
                0.000273194513284,
                4.15519821217e-07,
                2.89712009938e-09
            ]
        },
        "erbbands_crest": {
            "dmean": 2.62606167793,
            "dmean2": 4.17462158203,
            "dvar": 7.39359092712,
            "dvar2": 17.4774875641,
            "max": 35.7234802246,
            "mean": 11.6641101837,
            "median": 10.2386112213,
            "min": 2.17480134964,
            "var": 32.9199829102
        },
        "erbbands_flatness_db": {
            "dmean": 0.0170478448272,
            "dmean2": 0.0248090345412,
            "dvar": 0.000377379328711,
            "dvar2": 0.000749725440983,
            "max": 0.479953587055,
            "mean": 0.18861451745,
            "median": 0.174487531185,
            "min": 0.034036565572,
            "var": 0.00452735740691
        },
        "erbbands_kurtosis": {
            "dmean": 1.85022377968,
            "dmean2": 2.82358074188,
            "dvar": 28.4857673645,
            "dvar2": 69.3658828735,
            "max": 233.617477417,
            "mean": 2.69189429283,
            "median": 0.512249946594,
            "min": -1.87402904034,
            "var": 84.5194320679
        },
        "erbbands_skewness": {
            "dmean": 0.471314191818,
            "dmean2": 0.69468164444,
            "dvar": 0.37824550271,
            "dvar2": 0.76357460022,
            "max": 14.4423818588,
            "mean": 0.80081653595,
            "median": 0.733790755272,
            "min": -10.4326763153,
            "var": 1.72614145279
        },
        "erbbands_spread": {
            "dmean": 8.91321277618,
            "dmean2": 13.6364974976,
            "dvar": 181.184906006,
            "dvar2": 413.442687988,
            "max": 172.088348389,
            "mean": 37.3582763672,
            "median": 31.7606830597,
            "min": 0.473558336496,
            "var": 631.442565918
        },
        "gfcc": {
            "cov": [
                [
                    24950.7089844,
                    -3934.64282227,
                    -2911.02832031,
                    2375.97998047,
                    -1799.92236328,
                    610.086425781,
                    -1189.07775879,
                    952.698242188,
                    -931.811218262,
                    184.745605469,
                    -111.08505249,
                    -120.092300415,
                    613.534484863
                ],
                [
                    -3934.64282227,
                    3208.69042969,
                    556.382385254,
                    -843.67388916,
                    1044.3972168,
                    -395.458435059,
                    503.539428711,
                    -414.339447021,
                    223.722045898,
                    -307.678375244,
                    60.1000480652,
                    -141.6847229,
                    -29.0686950684
                ],
                [
                    -2911.02832031,
                    556.382385254,
                    1290.6595459,
                    -182.328567505,
                    119.812637329,
                    15.623208046,
                    50.9408340454,
                    -134.890670776,
                    71.3796615601,
                    -103.162773132,
                    -100.930580139,
                    56.072769165,
                    -69.1850967407
                ],
                [
                    2375.97998047,
                    -843.67388916,
                    -182.328567505,
                    790.605407715,
                    -228.120864868,
                    46.0504608154,
                    -139.96925354,
                    143.446228027,
                    -1.87807333469,
                    16.1888160706,
                    -41.1900215149,
                    3.44641923904,
                    101.693237305
                ],
                [
                    -1799.92236328,
                    1044.3972168,
                    119.812637329,
                    -228.120864868,
                    718.005187988,
                    -78.257850647,
                    236.004135132,
                    -108.417251587,
                    190.364257812,
                    -40.7831916809,
                    38.1427001953,
                    -28.5907096863,
                    -40.8389129639
                ],
                [
                    610.086425781,
                    -395.458435059,
                    15.623208046,
                    46.0504608154,
                    -78.257850647,
                    344.636047363,
                    62.6945495605,
                    45.1066169739,
                    8.93249607086,
                    84.7418518066,
                    3.25305342674,
                    29.3153934479,
                    -35.6417770386
                ],
                [
                    -1189.07775879,
                    503.539428711,
                    50.9408340454,
                    -139.96925354,
                    236.004135132,
                    62.6945495605,
                    386.423370361,
                    -65.1541061401,
                    112.809684753,
                    13.6858692169,
                    30.2382297516,
                    9.89038944244,
                    -36.6827850342
                ],
                [
                    952.698242188,
                    -414.339447021,
                    -134.890670776,
                    143.446228027,
                    -108.417251587,
                    45.1066169739,
                    -65.1541061401,
                    221.400878906,
                    6.91277551651,
                    38.857208252,
                    32.3642654419,
                    10.3039875031,
                    42.9977645874
                ],
                [
                    -931.811218262,
                    223.722045898,
                    71.3796615601,
                    -1.87807333469,
                    190.364257812,
                    8.93249607086,
                    112.809684753,
                    6.91277551651,
                    264.399749756,
                    34.214756012,
                    27.5507450104,
                    41.0876541138,
                    -31.2404766083
                ],
                [
                    184.745605469,
                    -307.678375244,
                    -103.162773132,
                    16.1888160706,
                    -40.7831916809,
                    84.7418518066,
                    13.6858692169,
                    38.857208252,
                    34.214756012,
                    206.297271729,
                    76.0070037842,
                    22.5962200165,
                    -12.6173725128
                ],
                [
                    -111.08505249,
                    60.1000480652,
                    -100.930580139,
                    -41.1900215149,
                    38.1427001953,
                    3.25305342674,
                    30.2382297516,
                    32.3642654419,
                    27.5507450104,
                    76.0070037842,
                    178.155975342,
                    26.2533359528,
                    7.00467967987
                ],
                [
                    -120.092300415,
                    -141.6847229,
                    56.072769165,
                    3.44641923904,
                    -28.5907096863,
                    29.3153934479,
                    9.89038944244,
                    10.3039875031,
                    41.0876541138,
                    22.5962200165,
                    26.2533359528,
                    149.710174561,
                    1.9117910862
                ],
                [
                    613.534484863,
                    -29.0686950684,
                    -69.1850967407,
                    101.693237305,
                    -40.8389129639,
                    -35.6417770386,
                    -36.6827850342,
                    42.9977645874,
                    -31.2404766083,
                    -12.6173725128,
                    7.00467967987,
                    1.9117910862,
                    159.828994751
                ]
            ],
            "icov": [
                [
                    0.000162765121786,
                    -0.000351224443875,
                    0.000358405755833,
                    -0.000488456280436,
                    0.000256878032815,
                    -0.000509986071847,
                    0.000430191721534,
                    -0.000469113816507,
                    0.000484328251332,
                    -0.000317793455906,
                    0.000384701765142,
                    -0.000324594293488,
                    1.06954730654e-05
                ],
                [
                    -0.000351224443875,
                    0.00266878609546,
                    -0.0011802528752,
                    0.0021283805836,
                    -0.00186519476119,
                    0.00214177090675,
                    -0.002013518475,
                    0.00249494146556,
                    -0.00171779736411,
                    0.00273770536296,
                    -0.00223911646754,
                    0.00228912499733,
                    -0.00121267081704
                ],
                [
                    0.000358405755833,
                    -0.0011802528752,
                    0.00182339071762,
                    -0.0011375467293,
                    0.000809950986877,
                    -0.00153553148266,
                    0.00129595294129,
                    -0.000951766269282,
                    0.000910703616682,
                    -0.000741331954487,
                    0.00157526612747,
                    -0.00147049117368,
                    0.000408656691434
                ],
                [
                    -0.000488456280436,
                    0.0021283805836,
                    -0.0011375467293,
                    0.00381006207317,
                    -0.0011253944831,
                    0.00187133310828,
                    -0.00153479794972,
                    0.0016602256801,
                    -0.00245974538848,
                    0.00214511132799,
                    -0.00138433661778,
                    0.00198105466552,
                    -0.00159809668548
                ],
                [
                    0.000256878032815,
                    -0.00186519476119,
                    0.000809950986877,
                    -0.0011253944831,
                    0.0037499582395,
                    -0.0011198464781,
                    0.000557461171411,
                    -0.00114610523451,
                    -0.000350910326233,
                    -0.00133494753391,
                    0.00102697685361,
                    -0.000750053790398,
                    0.0006760568358
                ],
                [
                    -0.000509986071847,
                    0.00214177090675,
                    -0.00153553148266,
                    0.00187133310828,
                    -0.0011198464781,
                    0.00601534871385,
                    -0.00304111558944,
                    0.00140543666203,
                    -0.00143861980177,
                    0.000571514945477,
                    -0.0013255008962,
                    0.00139980844688,
                    0.000276347214822
                ],
                [
                    0.000430191721534,
                    -0.002013518475,
                    0.00129595294129,
                    -0.00153479794972,
                    0.000557461171411,
                    -0.00304111558944,
                    0.00562330614775,
                    -0.00122338929214,
                    0.000612738484051,
                    -0.00181276316289,
                    0.0014463076368,
                    -0.00175095023587,
                    0.000538167369086
                ],
                [
                    -0.000469113816507,
                    0.00249494146556,
                    -0.000951766269282,
                    0.0016602256801,
                    -0.00114610523451,
                    0.00140543666203,
                    -0.00122338929214,
                    0.00878387037665,
                    -0.00301676033996,
                    0.0024944122415,
                    -0.0033181279432,
                    0.00234562740661,
                    -0.00211245240644
                ],
                [
                    0.000484328251332,
                    -0.00171779736411,
                    0.000910703616682,
                    -0.00245974538848,
                    -0.000350910326233,
                    -0.00143861980177,
                    0.000612738484051,
                    -0.00301676033996,
                    0.00764675345272,
                    -0.00278184469789,
                    0.00178128608968,
                    -0.00315093714744,
                    0.00156405137386
                ],
                [
                    -0.000317793455906,
                    0.00273770536296,
                    -0.000741331954487,
                    0.00214511132799,
                    -0.00133494753391,
                    0.000571514945477,
                    -0.00181276316289,
                    0.0024944122415,
                    -0.00278184469789,
                    0.00981990154833,
                    -0.00498244026676,
                    0.00231138709933,
                    -0.000846506562084
                ],
                [
                    0.000384701765142,
                    -0.00223911646754,
                    0.00157526612747,
                    -0.00138433661778,
                    0.00102697685361,
                    -0.0013255008962,
                    0.0014463076368,
                    -0.0033181279432,
                    0.00178128608968,
                    -0.00498244026676,
                    0.00964888371527,
                    -0.00321464193985,
                    0.000440545933088
                ],
                [
                    -0.000324594293488,
                    0.00228912499733,
                    -0.00147049117368,
                    0.00198105466552,
                    -0.000750053790398,
                    0.00139980844688,
                    -0.00175095023587,
                    0.00234562740661,
                    -0.00315093714744,
                    0.00231138709933,
                    -0.00321464193985,
                    0.00972714927047,
                    -0.00155592767987
                ],
                [
                    1.06954730654e-05,
                    -0.00121267081704,
                    0.000408656691434,
                    -0.00159809668548,
                    0.0006760568358,
                    0.000276347214822,
                    0.000538167369086,
                    -0.00211245240644,
                    0.00156405137386,
                    -0.000846506562084,
                    0.000440545933088,
                    -0.00155592767987,
                    0.00835315696895
                ]
            ],
            "mean": [
                -67.6694259644,
                110.75012207,
                -86.109992981,
                25.1361255646,
                -59.8603401184,
                14.0319051743,
                -33.5633354187,
                15.7346878052,
                -21.7817306519,
                6.73895788193,
                -0.231375142932,
                -2.07424592972,
                1.57882463932
            ]
        },
        "hfc": {
            "dmean": 4.82326030731,
            "dmean2": 6.87472486496,
            "dvar": 64.7488250732,
            "dvar2": 123.209999084,
            "max": 188.337554932,
            "mean": 19.0687789917,
            "median": 13.8680286407,
            "min": 1.12340259259e-16,
            "var": 359.594818115
        },
        "melbands": {
            "dmean": [
                0.00117014534771,
                0.000705214566551,
                0.000253280217294,
                0.000187767858733,
                0.000255699793343,
                0.000507837801706,
                0.000230304140132,
                4.95927379234e-05,
                3.7261597754e-05,
                0.000142220975249,
                0.0001737572602,
                5.57610364922e-05,
                3.60894409823e-05,
                2.43619397224e-05,
                1.60406525538e-05,
                1.89977345144e-05,
                2.44947950705e-05,
                2.05073156394e-05,
                1.17828885777e-05,
                5.18573779118e-06,
                6.97729865351e-06,
                4.36825621364e-06,
                4.11944483858e-06,
                7.62898571338e-06,
                8.17555974209e-06,
                5.70991915083e-06,
                2.62170010501e-06,
                4.26162296208e-06,
