{
    "lowlevel": {
        "average_loudness": 0.367549777031,
        "barkbands": {
            "dmean": [
                0.000696863222402,
                0.0030918980483,
                0.00144365930464,
                0.000769130943809,
                0.00132046022918,
                0.000793579500169,
                0.000919988320675,
                0.00116194761358,
                0.000590490817558,
                0.000509999983478,
                0.000429495004937,
                0.000391221081372,
                0.000267940253252,
                0.000208620171179,
                0.000203150164452,
                0.00015047249326,
                0.00024627399398,
                0.000209112389712,
                0.000110268243589,
                9.23099069041e-05,
                7.33942360966e-05,
                7.74655127316e-05,
                0.000158516995725,
                0.000237189800828,
                0.000158105423907,
                3.83555598091e-05,
                4.70528084406e-06
            ],
            "dmean2": [
                0.0011907897424,
                0.00500891264528,
                0.00258745555766,
                0.00133667187765,
                0.00207086605951,
                0.0012751033064,
                0.00146758451592,
                0.00177684728988,
                0.000891983800102,
                0.000798369350377,
                0.00064356753137,
                0.000611992727499,
                0.000409553613281,
                0.000326572888298,
                0.000325568136759,
                0.000239696426434,
                0.000376186653739,
                0.000317130790791,
                0.00017211654631,
                0.000138354749652,
                0.000113352267363,
                0.000111417706648,
                0.000237129221205,
                0.000352821720298,
                0.00023338138999,
                5.65723203181e-05,
                7.09584219294e-06
            ],
            "dvar": [
                1.05315002656e-05,
                0.000110220033093,
                6.81133533362e-05,
                1.246253305e-05,
                1.0033198123e-05,
                3.71741884919e-06,
                7.24909114069e-06,
                1.31667602545e-05,
                3.69524150301e-06,
                2.75418278761e-06,
                1.74330773461e-06,
                1.46375305121e-06,
                9.47406817886e-07,
                5.33813306447e-07,
                6.15761621248e-07,
                3.86783995054e-07,
                9.11833296868e-07,
                4.95232029607e-07,
                1.19059656356e-07,
                8.35161984014e-08,
                4.41077787627e-08,
                4.92190750379e-08,
                3.60533931598e-07,
                1.02651642919e-06,
                5.01471674852e-07,
                2.66929554016e-08,
                2.94315016802e-10
            ],
            "dvar2": [
                3.01868112729e-05,
                0.000291383446893,
                0.000199593880097,
                3.37511264661e-05,
                2.43757040153e-05,
                8.85621375346e-06,
                1.76525372808e-05,
                2.99101393466e-05,
                8.32956447994e-06,
                6.80655602991e-06,
                3.53133827957e-06,
                3.38515292242e-06,
                2.07684797715e-06,
                1.13266332846e-06,
                1.4719516912e-06,
                9.27338874135e-07,
                1.90031391867e-06,
                1.08000938326e-06,
                2.81902657662e-07,
                1.8639747168e-07,
                1.02464881024e-07,
                1.04733786088e-07,
                7.57572763632e-07,
                2.15632576328e-06,
                1.03258946638e-06,
                5.47303855569e-08,
                6.45986986125e-10
            ],
            "max": [
                0.120012208819,
                0.170716300607,
                0.119568631053,
                0.0519584715366,
                0.0504138432443,
                0.0483023524284,
                0.0478715859354,
                0.0729027986526,
                0.0383456870914,
                0.0331642106175,
                0.0517738461494,
                0.0334337092936,
                0.0312684550881,
                0.0253040511161,
                0.0232926234603,
                0.0227815601975,
                0.035122781992,
                0.0213633924723,
                0.0119383130223,
                0.00955408997834,
                0.00434261932969,
                0.00831647310406,
                0.01506711822,
                0.0274604279548,
                0.0288853365928,
                0.00716207269579,
                0.00056715903338
            ],
            "mean": [
                0.00169437972363,
                0.00808543805033,
                0.00216046953574,
                0.0010129007278,
                0.00256412732415,
                0.00149831513409,
                0.00143460254185,
                0.00209672912024,
                0.000936866388656,
                0.000778328510933,
                0.000676991243381,
                0.000541282177437,
                0.000357653509127,
                0.000283346074866,
                0.000276342791039,
                0.000197671135538,
                0.00037838157732,
                0.000323214771925,
                0.000162967437063,
                0.000134982925374,
                0.000106267078081,
                0.000125147067592,
                0.000227592492593,
                0.000332262192387,
                0.000222455055336,
                5.6747085182e-05,
                5.95942537984e-06
            ],
            "median": [
                2.40737676904e-07,
                0.000553532969207,
                0.000514088547789,
                0.00016078754561,
                0.00123777007684,
                0.000513760722242,
                0.000340696278727,
                0.000325986125972,
                0.000173567561433,
                0.000138965959195,
                8.7491593149e-05,
                0.000106985753519,
                6.13461888861e-05,
                3.99623095291e-05,
                4.8598030844e-05,
                2.33751670748e-05,
                3.50211303157e-05,
                4.04991806136e-05,
                3.06978108711e-05,
                1.83663523785e-05,
                8.61011176312e-06,
                8.60009276948e-06,
                1.86849756574e-05,
                1.56064415933e-05,
                8.19181877887e-06,
                4.20829928771e-06,
                5.43764144822e-07
            ],
            "min": [
                1.660569166e-24,
                5.93225017891e-24,
                3.32919062969e-24,
                1.34557247059e-24,
                1.04018694091e-23,
                7.61541074351e-24,
                1.06425114283e-23,
                1.30619288919e-23,
                2.80264419814e-23,
                1.80822807135e-23,
                1.77704755521e-23,
                4.23136501417e-23,
                3.76262417983e-23,
                6.31198659833e-23,
                7.84490489588e-23,
                6.7595610324e-23,
                9.85193617054e-23,
                1.29431172888e-22,
                9.44256469239e-23,
                2.10137222317e-22,
                2.88380511108e-22,
                3.93526304417e-22,
                5.05973769022e-22,
                6.6828004487e-22,
                1.01644523165e-21,
                1.31633455441e-21,
                2.09788250447e-21
            ],
            "var": [
                3.26384288201e-05,
                0.000197947680135,
                4.586347859e-05,
                1.03914144347e-05,
                1.61856441991e-05,
                7.79980837251e-06,
                1.16983364933e-05,
                3.56801137968e-05,
                6.38530718788e-06,
                4.60420460513e-06,
                4.53051325167e-06,
                2.28038425121e-06,
                1.43055967783e-06,
                1.13796772894e-06,
                9.30185251491e-07,
                5.57657756417e-07,
                2.07257198781e-06,
                1.19428716516e-06,
                1.77327450501e-07,
                1.34929337037e-07,
                7.29297155999e-08,
                1.07752853751e-07,
                5.59935415367e-07,
                1.74411968601e-06,
                9.92075911199e-07,
                5.25189953748e-08,
                4.45194853205e-10
            ]
        },
        "barkbands_crest": {
            "dmean": 2.4581694603,
            "dmean2": 3.83221197128,
            "dvar": 6.47684383392,
            "dvar2": 15.1023750305,
            "max": 26.4931354523,
            "mean": 12.3591842651,
            "median": 11.5344352722,
            "min": 2.65188694,
            "var": 23.388666153
        },
        "barkbands_flatness_db": {
            "dmean": 0.0249631423503,
            "dmean2": 0.0375151410699,
            "dvar": 0.000714100431651,
            "dvar2": 0.00146349973511,
            "max": 0.392587125301,
            "mean": 0.176175177097,
            "median": 0.170468792319,
            "min": 0.0210921466351,
            "var": 0.00466927699745
        },
        "barkbands_kurtosis": {
            "dmean": 5.20934438705,
            "dmean2": 8.1639289856,
            "dvar": 130.561645508,
            "dvar2": 313.683197021,
            "max": 261.789581299,
            "mean": 8.30989933014,
            "median": 3.95833492279,
            "min": -1.95484685898,
            "var": 240.693511963
        },
        "barkbands_skewness": {
            "dmean": 0.709293365479,
            "dmean2": 1.06010043621,
            "dvar": 0.822347998619,
            "dvar2": 1.67722201347,
            "max": 14.374537468,
            "mean": 1.80744338036,
            "median": 1.61586809158,
            "min": -5.45202875137,
            "var": 2.55421185493
        },
        "barkbands_spread": {
            "dmean": 6.49920511246,
            "dmean2": 10.110707283,
            "dvar": 126.020751953,
            "dvar2": 272.253997803,
            "max": 120.684738159,
            "mean": 18.6822547913,
            "median": 12.7513875961,
            "min": 0.330943763256,
            "var": 329.061126709
        },
        "dissonance": {
            "dmean": 0.0282634422183,
            "dmean2": 0.0464991480112,
            "dvar": 0.000832640973385,
            "dvar2": 0.00214203447104,
            "max": 0.5,
            "mean": 0.42741522193,
            "median": 0.441742539406,
            "min": 0.166437461972,
            "var": 0.00311758299358
        },
        "dynamic_complexity": 5.69108295441,
        "erbbands": {
            "dmean": [
                0.124641947448,
                0.604452848434,
                1.54654574394,
                2.19406485558,
                3.39910435677,
                5.03368186951,
                5.64695882797,
                7.0937628746,
                9.87313175201,
                20.2589931488,
                22.0147762299,
                15.188577652,
                16.8121242523,
                15.3561525345,
                14.8506822586,
                15.6915740967,
                12.1414823532,
                11.2032270432,
                9.7262096405,
                7.86290073395,
                9.35805702209,
                11.492023468,
                12.2717294693,
                5.99128341675,
                5.64057731628,
                4.07168006897,
                3.411039114,
                2.52446556091,
                2.55287480354,
                3.41962265968,
                4.96420192719,
                5.25796127319,
                3.82607316971,
                2.26266312599,
                0.893850743771,
                0.257773935795,
                0.054379362613,
                0.00874898117036,
                0.000734690576792,
                4.50550323876e-05
            ],
            "dmean2": [
                0.209184154868,
                0.961929917336,
                2.71415114403,
                3.87878012657,
                5.61266851425,
                7.7453327179,
                8.81919288635,
                11.4297971725,
                16.0613288879,
                30.8745727539,
                33.2703781128,
                22.1538887024,
                26.3463497162,
                23.3491802216,
                22.0046882629,
                24.1693916321,
                18.424659729,
                17.0697498322,
                15.4681062698,
                12.4538316727,
                14.3055257797,
                17.372220993,
                18.3701763153,
                8.97834682465,
                8.82439994812,
                6.0631108284,
                5.26129436493,
                3.75779294968,
                3.64091587067,
                5.06365919113,
                7.42543554306,
                7.86014032364,
                5.66730117798,
                3.37970423698,
                1.28946948051,
                0.371669977903,
                0.0817293003201,
                0.0131307346746,
                0.0010889833793,
                6.6688444349e-05
            ],
            "dvar": [
                0.174102798104,
                6.09481525421,
                74.1340713501,
                116.430831909,
                197.53666687,
                96.004524231,
                172.681365967,
                379.715209961,
                916.56652832,
                3034.25366211,
                5221.89453125,
                2346.68432617,
                3173.10888672,
                2391.29248047,
                2467.80517578,
                2244.67773438,
                1940.23498535,
                1443.12390137,
                1243.80200195,
                994.578186035,
                1526.08984375,
                1998.67211914,
                1775.39978027,
                383.672973633,
                344.340240479,
                195.245910645,
                107.162666321,
                52.1453971863,
                48.0414466858,
                126.5860672,
                405.138214111,
                581.648376465,
                265.002502441,
                104.062911987,
                17.3717250824,
                1.18926179409,
                0.0585017837584,
                0.00132512219716,
                6.45946829536e-06,
                2.40970088328e-08
            ],
            "dvar2": [
                0.527178347111,
                15.4118680954,
                212.04309082,
                327.166748047,
                508.187164307,
                217.186676025,
                340.632659912,
                920.43371582,
                2336.80371094,
                6758.4140625,
                11233.5771484,
                5067.03369141,
                7918.68896484,
                5100.00683594,
                5089.05517578,
                5236.71777344,
                4232.50341797,
                2988.12280273,
                2956.04492188,
                2268.65478516,
                3435.08740234,
                4229.18945313,
                3822.68237305,
                879.194335938,
                864.489257813,
                446.471862793,
                252.531921387,
                111.855239868,
                98.6926574707,
                295.460144043,
                859.411315918,
                1234.57043457,
                575.488952637,
                224.569030762,
                35.3750839233,
                2.28778576851,
                0.117965996265,
                0.00277052074671,
                1.34539104693e-05,
                5.43684421928e-08
            ],
            "max": [
                6.77050018311,
                40.5812339783,
                128.21472168,
                155.615341187,
                269.97744751,
                208.74331665,
                619.026916504,
                420.885375977,
                727.872497559,
                898.962036133,
                1993.57128906,
                1220.1986084,
                1252.41040039,
                2623.2746582,
                1230.73144531,
                1091.43505859,
                1608.12927246,
                1274.92907715,
                1187.80090332,
                1352.86071777,
                1570.62805176,
                1527.72290039,
                1496.33581543,
                827.30682373,
                620.436828613,
                575.799865723,
                276.79989624,
                162.843139648,
                175.154251099,
                404.624023438,
                569.115722656,
                835.550109863,
                561.41418457,
                388.92779541,
                198.028182983,
                61.7967185974,
                11.7289915085,
                1.59658825397,
                0.0820515155792,
                0.00306308618747
            ],
            "mean": [
                0.30431213975,
                1.51215338707,
                2.77657437325,
                3.02673006058,
                4.82999563217,
                10.1830635071,
                10.6379909515,
                13.4066019058,
                16.1760902405,
                33.3775901794,
                40.735168457,
                26.6029167175,
                25.0610904694,
                27.616071701,
                24.3055534363,
                23.6977081299,
                17.1390285492,
                16.7810935974,
                14.3399047852,
                11.5495815277,
                14.6492433548,
                18.3765983582,
                19.9058055878,
                9.63245487213,
                8.4912815094,
                6.0475692749,
                4.93661689758,
                3.79350113869,
                4.146733284,
                5.31196451187,
                6.9778637886,
                7.14256477356,
                5.22910118103,
                3.0666680336,
                1.24551379681,
                0.379873216152,
                0.0791767761111,
                0.0123982001096,
                0.00100512464996,
                8.02366121206e-05
            ],
            "median": [
                0.00453660776839,
                0.171227663755,
                0.787748515606,
                0.693344473839,
                1.90533256531,
                4.35467910767,
                4.74018716812,
                3.74186992645,
                5.00423908234,
                7.41369247437,
                8.7433385849,
                6.39369916916,
                5.7529964447,
                5.61143541336,
                3.58233046532,
                5.32787036896,
                3.29874610901,
                3.14150428772,
                3.04583573341,
                1.92001402378,
                1.68380188942,
                1.89582788944,
                2.49362301826,
                1.82663059235,
                1.59851944447,
                0.896575629711,
                0.459782540798,
                0.288924396038,
                0.302722275257,
                0.39362886548,
                0.571876168251,
                0.361803352833,
                0.197262480855,
                0.0875908359885,
                0.0532031953335,
                0.0237482097,
                0.0061246752739,
                0.00116062792949,
                0.000107749561721,
                2.77166836895e-05
            ],
            "min": [
                2.05715675876e-22,
                8.24103423934e-22,
                5.21250084433e-21,
                1.4707174356e-20,
                1.61331303344e-20,
                2.12455960429e-20,
                4.02840351046e-20,
                8.49610713462e-20,
                1.24864361031e-19,
                2.66828871769e-19,
                3.62727642495e-19,
                5.95281716896e-19,
                7.67079271907e-19,
                9.09472675793e-19,
                8.31631723128e-19,
                1.90120308683e-18,
                2.06661563469e-18,
                2.97645330393e-18,
                4.36346665313e-18,
                3.57544353001e-18,
                5.61318807978e-18,
                6.18869071916e-18,
                7.52543113266e-18,
                6.43921229384e-18,
                9.10528240973e-18,
                1.06350297027e-17,
                1.10269280246e-17,
                9.98692624817e-18,
                1.24633453563e-17,
                1.56039598906e-17,
                1.37115575919e-17,
                1.16827168143e-17,
                1.13379735775e-17,
                8.31932268864e-18,
                7.46331731328e-18,
                4.51063490541e-18,
                2.53558113349e-18,
                1.10298703061e-18,
                3.09289732822e-19,
                3.19088637143e-20
            ],
            "var": [
                0.360167056322,
                8.40755462646,
                55.3013076782,
                86.2930984497,
                177.383407593,
                247.451416016,
                448.545043945,
                763.601013184,
                1436.88391113,
                6271.55322266,
                15193.296875,
                4733.76953125,
                4116.50488281,
                7628.71240234,
                5864.40283203,
                3851.82080078,
                2932.98974609,
                3219.50805664,
                1823.04821777,
                1543.3984375,
                3075.35449219,
                4286.51025391,
                4564.48828125,
                662.247558594,
                454.875,
                289.1690979,
                168.498458862,
                98.4710388184,
                112.318458557,
                213.44468689,
                607.110412598,
                921.264770508,
                432.223114014,
                189.980834961,
                33.6417808533,
                2.68125033379,
                0.0991869196296,
                0.00233050598763,
                1.0988737813e-05,
                3.39794397064e-08
            ]
        },
        "erbbands_crest": {
            "dmean": 3.05240035057,
            "dmean2": 4.81702852249,
            "dvar": 9.10099029541,
            "dvar2": 21.7208824158,
            "max": 32.9540939331,
            "mean": 11.9619693756,
            "median": 10.4057950974,
            "min": 2.35437965393,
            "var": 38.1841163635
        },
        "erbbands_flatness_db": {
            "dmean": 0.0216424763203,
            "dmean2": 0.0325543060899,
            "dvar": 0.000503202434629,
            "dvar2": 0.00105286948383,
            "max": 0.422164916992,
            "mean": 0.179780051112,
            "median": 0.172276884317,
            "min": 0.0371440276504,
            "var": 0.00432707928121
        },
        "erbbands_kurtosis": {
            "dmean": 2.19780659676,
            "dmean2": 3.38767194748,
            "dvar": 19.2502498627,
            "dvar2": 41.4563903809,
            "max": 188.100402832,
            "mean": 3.34674215317,
            "median": 0.958406746387,
            "min": -1.85950112343,
            "var": 89.2960968018
        },
        "erbbands_skewness": {
            "dmean": 0.526276469231,
            "dmean2": 0.794474303722,
            "dvar": 0.371688008308,
            "dvar2": 0.765458345413,
            "max": 9.44022941589,
            "mean": 0.730511069298,
            "median": 0.689920186996,
            "min": -6.24044179916,
            "var": 1.38034725189
        },
        "erbbands_spread": {
            "dmean": 9.88589286804,
            "dmean2": 15.1946878433,
            "dvar": 191.551635742,
            "dvar2": 448.903137207,
            "max": 166.109817505,
            "mean": 32.898349762,
            "median": 26.8815917969,
            "min": 0.510554373264,
            "var": 534.088012695
        },
        "gfcc": {
            "cov": [
                [
                    21961.1992188,
                    -1243.89855957,
                    -601.882263184,
                    2042.96716309,
                    34.0393486023,
                    843.330688477,
                    -57.5394020081,
                    1242.95788574,
                    125.900695801,
                    320.134521484,
                    424.769866943,
                    546.710144043,
                    72.0671691895
                ],
                [
                    -1243.89855957,
                    2050.11547852,
                    -45.2453269958,
                    -418.115570068,
                    318.363555908,
                    -206.367980957,
                    250.785858154,
                    -189.031463623,
                    82.7110977173,
                    -91.2161941528,
                    78.6257858276,
                    -116.636039734,
                    1.42635893822
                ],
                [
                    -601.882263184,
                    -45.2453269958,
                    830.516418457,
                    249.104187012,
                    71.1337661743,
                    197.243026733,
                    92.9815826416,
                    15.634967804,
                    2.48310136795,
                    87.9688873291,
                    7.16511106491,
                    -4.84921360016,
                    7.37711715698
                ],
                [
                    2042.96716309,
                    -418.115570068,
                    249.104187012,
                    888.77166748,
                    244.43560791,
                    247.174209595,
                    99.263130188,
                    211.414199829,
                    109.264205933,
                    110.786453247,
                    60.9833145142,
                    111.361045837,
                    66.2721939087
                ],
                [
                    34.0393486023,
                    318.363555908,
                    71.1337661743,
                    244.43560791,
                    529.545837402,
                    156.808822632,
                    169.228652954,
                    96.2397079468,
                    104.680282593,
                    76.7605819702,
                    40.2347755432,
                    51.9253768921,
                    64.7752151489
                ],
                [
                    843.330688477,
                    -206.367980957,
                    197.243026733,
                    247.174209595,
                    156.808822632,
                    443.179748535,
                    215.194061279,
                    129.349655151,
                    53.9695739746,
                    108.573570251,
                    35.5996856689,
                    26.9544792175,
                    44.8757553101
                ],
                [
                    -57.5394020081,
                    250.785858154,
                    92.9815826416,
                    99.263130188,
                    169.228652954,
                    215.194061279,
                    433.548675537,
                    99.8805847168,
                    63.953918457,
                    64.9373779297,
                    46.6583061218,
                    4.22458124161,
                    17.0900325775
                ],
                [
                    1242.95788574,
                    -189.031463623,
                    15.634967804,
                    211.414199829,
                    96.2397079468,
                    129.349655151,
                    99.8805847168,
                    302.730224609,
                    77.111076355,
                    46.84217453,
                    57.8316307068,
                    56.2024002075,
                    17.4373264313
                ],
                [
                    125.900695801,
                    82.7110977173,
                    2.48310136795,
                    109.264205933,
                    104.680282593,
                    53.9695739746,
                    63.953918457,
                    77.111076355,
                    206.260055542,
                    69.7381210327,
                    4.75946521759,
                    9.80573177338,
                    23.0278911591
                ],
                [
                    320.134521484,
                    -91.2161941528,
                    87.9688873291,
                    110.786453247,
                    76.7605819702,
                    108.573570251,
                    64.9373779297,
                    46.84217453,
                    69.7381210327,
                    176.372695923,
                    33.7618408203,
                    14.6568632126,
                    15.3034172058
                ],
                [
                    424.769866943,
                    78.6257858276,
                    7.16511106491,
                    60.9833145142,
                    40.2347755432,
                    35.5996856689,
                    46.6583061218,
                    57.8316307068,
                    4.75946521759,
                    33.7618408203,
                    139.469482422,
                    41.0371246338,
                    -12.8220586777
                ],
                [
                    546.710144043,
                    -116.636039734,
                    -4.84921360016,
                    111.361045837,
                    51.9253768921,
                    26.9544792175,
                    4.22458124161,
                    56.2024002075,
                    9.80573177338,
                    14.6568632126,
                    41.0371246338,
                    131.373062134,
                    32.5210189819
                ],
                [
                    72.0671691895,
                    1.42635893822,
                    7.37711715698,
                    66.2721939087,
                    64.7752151489,
                    44.8757553101,
                    17.0900325775,
                    17.4373264313,
                    23.0278911591,
                    15.3034172058,
                    -12.8220586777,
                    32.5210189819,
                    123.102012634
                ]
            ],
            "icov": [
                [
                    0.000111370514787,
                    -0.000174060667632,
                    0.000207997436519,
                    -0.000302638451103,
                    0.000278383638943,
                    -0.000298495113384,
                    0.000258953863522,
                    -0.000412025226979,
                    0.000245007424382,
                    -0.000234984065173,
                    0.000109957974928,
                    -0.000297030142974,
                    0.000145324971527
                ],
                [
                    -0.000174060667632,
                    0.00146116735414,
                    -0.000535424798727,
                    0.00102526275441,
                    -0.00140633690171,
                    0.00130441435613,
                    -0.00124913780019,
                    0.00140890257899,
                    -0.00117750582285,
                    0.00129463034682,
                    -0.00157529534772,
                    0.00146429555025,
                    -0.000688151281793
                ],
                [
                    0.000207997436519,
                    -0.000535424798727,
                    0.00191028858535,
                    -0.00106507679448,
                    0.000728721613996,
                    -0.00118349411059,
                    0.000551109667867,
                    -0.000582173757721,
                    0.000922534090932,
                    -0.00106250995304,
                    0.000592303287704,
                    -0.000449816841865,
                    0.000537324347533
                ],
                [
                    -0.000302638451103,
                    0.00102526275441,
                    -0.00106507679448,
                    0.00288642197847,
                    -0.00161810242571,
                    0.000724242127035,
                    -0.000765801989473,
                    0.000752346473746,
                    -0.00136749225203,
                    0.00090731709497,
                    -0.000998403527774,
                    0.000388418731745,
                    -0.00080121908104
                ],
                [
                    0.000278383638943,
                    -0.00140633690171,
                    0.000728721613996,
                    -0.00161810242571,
                    0.00413386709988,
                    -0.00160365586635,
                    0.000645401072688,
                    -0.00153480062727,
                    0.000509331759531,
                    -0.00147800671402,
                    0.00114143826067,
                    -0.00188851135317,
                    -7.57859743317e-05
                ],
                [
                    -0.000298495113384,
                    0.00130441435613,
                    -0.00118349411059,
                    0.000724242127035,
                    -0.00160365586635,
                    0.00541520211846,
                    -0.00269590760581,
                    0.000818759726826,
                    -0.00065585464472,
                    -6.58107674099e-05,
                    -0.00105170032475,
                    0.00175123312511,
                    -0.00147259933874
                ],
                [
                    0.000258953863522,
                    -0.00124913780019,
                    0.000551109667867,
                    -0.000765801989473,
                    0.000645401072688,
                    -0.00269590760581,
                    0.00462891394272,
                    -0.00192036526278,
                    0.000716635084245,
                    -0.00111085805111,
                    0.0005368727725,
                    -0.000840933411382,
                    0.000796796288341
                ],
                [
                    -0.000412025226979,
                    0.00140890257899,
                    -0.000582173757721,
                    0.000752346473746,
                    -0.00153480062727,
                    0.000818759726826,
                    -0.00192036526278,
                    0.00690647540614,
                    -0.00266840937547,
                    0.00183870224282,
                    -0.00244662421755,
                    0.00074097426841,
                    -0.000527825322933
                ],
                [
                    0.000245007424382,
                    -0.00117750582285,
                    0.000922534090932,
                    -0.00136749225203,
                    0.000509331759531,
                    -0.00065585464472,
                    0.000716635084245,
                    -0.00266840937547,
                    0.00769857596606,
                    -0.00344268046319,
                    0.00216223555617,
                    -0.000737608061172,
                    0.000208615718293
                ],
                [
                    -0.000234984065173,
                    0.00129463034682,
                    -0.00106250995304,
                    0.00090731709497,
                    -0.00147800671402,
                    -6.58107674099e-05,
                    -0.00111085805111,
                    0.00183870224282,
                    -0.00344268046319,
                    0.00919764488935,
                    -0.00293292570859,
                    0.00151362235192,
                    -0.000811505480669
                ],
                [
                    0.000109957974928,
                    -0.00157529534772,
                    0.000592303287704,
                    -0.000998403527774,
                    0.00114143826067,
                    -0.00105170032475,
                    0.0005368727725,
                    -0.00244662421755,
                    0.00216223555617,
                    -0.00293292570859,
                    0.0110059762374,
                    -0.00413693580776,
                    0.00271006557159
                ],
                [
                    -0.000297030142974,
                    0.00146429555025,
                    -0.000449816841865,
                    0.000388418731745,
                    -0.00188851135317,
                    0.00175123312511,
                    -0.000840933411382,
                    0.00074097426841,
                    -0.000737608061172,
                    0.00151362235192,
                    -0.00413693580776,
                    0.0118898190558,
                    -0.00328024523333
                ],
                [
                    0.000145324971527,
                    -0.000688151281793,
                    0.000537324347533,
                    -0.00080121908104,
                    -7.57859743317e-05,
                    -0.00147259933874,
                    0.000796796288341,
                    -0.000527825322933,
                    0.000208615718293,
                    -0.000811505480669,
                    0.00271006557159,
                    -0.00328024523333,
                    0.0101969335228
                ]
            ],
            "mean": [
                -68.4449157715,
                92.6511383057,
                -96.5665130615,
                9.44319725037,
                -63.4391212463,
                10.4824075699,
                -40.6201095581,
                7.48436832428,
                -22.7317638397,
                -2.68239855766,
                -12.0803623199,
                -1.45048415661,
                -15.4071750641
            ]
        },
        "hfc": {
            "dmean": 8.1475276947,
            "dmean2": 11.624874115,
            "dvar": 403.109344482,
            "dvar2": 788.771057129,
            "max": 513.503723145,
            "mean": 20.1806221008,
            "median": 8.49042797089,
            "min": 1.12782185464e-16,
            "var": 1176.14257813
        },
        "melbands": {
            "dmean": [
                0.000961172918323,
                0.00077516422607,
                0.000404175458243,
                0.000296967104077,
                0.000199076879653,
                0.000154061781359,
                0.000165632241988,
                0.000236743886489,
                0.000161740041221,
                9.79095129878e-05,
                8.4736282588e-05,
                6.21022554697e-05,
                4.97435394209e-05,
                4.92995823151e-05,
                2.79135128949e-05,
                2.82712171611e-05,
                2.22148755711e-05,
                1.56800888362e-05,
                1.50300948007e-05,
                1.02441990748e-05,
                1.26940512928e-05,
                1.33093553814e-05,
                1.35897835207e-05,
                9.04950502445e-06,
                4.84227166453e-06,
                4.38054212282e-06,
                3.86392684959e-06,
                2.61589775619e-06,
