{
    "lowlevel": {
        "average_loudness": 0.943669617176,
        "barkbands": {
            "dmean": [
                0.000641615479253,
                0.0108959944919,
                0.0044387485832,
                0.00320482626557,
                0.00206378358416,
                0.000854610116221,
                0.00162059708964,
                0.000502341485117,
                0.00132783839945,
                0.000654570874758,
                0.000660992169287,
                0.000673921313137,
                0.000474270840641,
                0.000396806630306,
                0.000484103366034,
                0.000300034997053,
                0.000321561848978,
                0.000187716228538,
                0.000218334185774,
                0.000135932816193,
                0.000128252300783,
                0.000127288934891,
                0.000187513389392,
                0.000157205795404,
                7.7129152487e-05,
                4.6302080591e-05,
                1.41394339153e-05
            ],
            "dmean2": [
                0.000839434389491,
                0.0143345799297,
                0.00787381082773,
                0.00603497726843,
                0.00377389416099,
                0.00138972140849,
                0.00246445205994,
                0.000804305716883,
                0.00198051938787,
                0.00100802863017,
                0.00105669919867,
                0.00108013069257,
                0.000697543786373,
                0.000632186071016,
                0.00076710578287,
                0.000486201519379,
                0.000496855820529,
                0.000268760457402,
                0.000340914033586,
                0.000185984477866,
                0.000175914479769,
                0.000177386857104,
                0.00026316716685,
                0.000218029672396,
                0.000104982005723,
                6.22382649453e-05,
                2.09364770853e-05
            ],
            "dvar": [
                1.06943662104e-06,
                0.000489592901431,
                0.000224568939302,
                0.000122421392007,
                3.53183677362e-05,
                3.18488491757e-06,
                1.0591613318e-05,
                1.64123014201e-06,
                6.9639627327e-06,
                2.50394600698e-06,
                1.74367789896e-06,
                2.11968063013e-06,
                1.04966318304e-06,
                8.42871827444e-07,
                1.30811611143e-06,
                3.8450127704e-07,
                3.97006829189e-07,
                1.13147223146e-07,
                1.9469173651e-07,
                7.25390663092e-08,
                1.02246495715e-07,
                1.04390451838e-07,
                2.73833563824e-07,
                1.62288799288e-07,
                3.7597558844e-08,
                1.39339242367e-08,
                1.63535895936e-09
            ],
            "dvar2": [
                1.65562414622e-06,
                0.000791561906226,
                0.00060554780066,
                0.000355635915184,
                0.000102822319604,
                7.85949214333e-06,
                2.21483605856e-05,
                4.12453800891e-06,
                1.53694509208e-05,
                5.90335548623e-06,
                4.32634078606e-06,
                5.25448285771e-06,
                2.29204511015e-06,
                2.06556228477e-06,
                3.20960657518e-06,
                9.25108111005e-07,
                9.06044874682e-07,
                2.21998092798e-07,
                3.98502521648e-07,
                1.30083193994e-07,
                1.73935404746e-07,
                1.99077248908e-07,
                4.93599713991e-07,
                3.12246413614e-07,
                6.65134010092e-08,
                2.3650256864e-08,
                2.61107380162e-09
            ],
            "max": [
                0.013099828735,
                0.1957654953,
                0.117283418775,
                0.0851634517312,
                0.0472266115248,
                0.0374860875309,
                0.0463069416583,
                0.033625792712,
                0.0498620159924,
                0.0411680005491,
                0.0292527098209,
                0.0237173270434,
                0.018373908475,
                0.0117804277688,
                0.0124545693398,
                0.0152585953474,
                0.0129296584055,
                0.00516210123897,
                0.00695204874501,
                0.00415790639818,
                0.00665108859539,
                0.00452297879383,
                0.00942209549248,
                0.00857701338828,
                0.00549611262977,
                0.00307518686168,
                0.000700992590282
            ],
            "mean": [
                0.00233553652652,
                0.0333113782108,
                0.00377503456548,
                0.00233911606483,
                0.00191948981956,
                0.00118024914991,
                0.00229248194955,
                0.000601431820542,
                0.00214878912084,
                0.000884362496436,
                0.00090488512069,
                0.000851811375469,
                0.000640025886241,
                0.000433738779975,
                0.000506702810526,
                0.000357671087841,
                0.000433432200225,
                0.000271180528216,
                0.000310311006615,
                0.000212043087231,
                0.000205008866033,
                0.000195924149011,
                0.000285119051114,
                0.000255976221524,
                0.000124144236906,
                6.78958167555e-05,
                1.77993060788e-05
            ],
            "median": [
                8.44630121719e-05,
                0.00311494385824,
                0.000403351499699,
                0.000446565652965,
                0.000669112196192,
                0.000428412749898,
                0.00065347267082,
                0.000132933375426,
                0.000558816536795,
                0.000191026949324,
                0.000364634208381,
                0.000217214721488,
                0.000161541291163,
                9.18551741051e-05,
                0.000120885888464,
                8.63835011842e-05,
                0.000143779761856,
                0.000111907887913,
                0.000104313032352,
                8.51608929224e-05,
                6.39480131213e-05,
                5.90003728576e-05,
                5.40177716175e-05,
                7.04204285285e-05,
                3.53049254045e-05,
                1.76400517375e-05,
                2.33243417824e-06
            ],
            "min": [
                6.58460570562e-25,
                5.4840781827e-24,
                6.51714439177e-24,
                1.12059170701e-24,
                2.50685449084e-23,
                8.16207478475e-24,
                1.77228378198e-23,
                3.24024301275e-23,
                3.13067212628e-23,
                2.46734675899e-23,
                3.53169303844e-23,
                6.65858178782e-23,
                4.26164685997e-23,
                9.05478086622e-23,
                5.08552940285e-23,
                6.03442620437e-23,
                1.32839746196e-22,
                1.56165265069e-22,
                1.13809126879e-22,
                1.69041178982e-22,
                3.10263436888e-22,
                4.39785385578e-22,
                3.88635997894e-22,
                7.47523281123e-22,
                1.03556267615e-21,
                1.36711770869e-21,
                2.2126740093e-21
            ],
            "var": [
                9.66714196693e-06,
                0.00200616731308,
                0.000151405707584,
                6.78636570228e-05,
                2.11767273868e-05,
                4.90023285238e-06,
                1.89035454241e-05,
                1.8427700752e-06,
                1.52640932356e-05,
                3.95539018427e-06,
                2.65100084107e-06,
                2.6349714517e-06,
                1.6987211211e-06,
                9.76015371634e-07,
                1.331610747e-06,
                5.12270446507e-07,
                6.57146301819e-07,
                2.22164615593e-07,
                3.40072148219e-07,
                1.57732657158e-07,
                2.324702848e-07,
                2.06789138701e-07,
                5.99417433023e-07,
                3.55279553332e-07,
                8.90912161822e-08,
                2.9497922327e-08,
                2.89807045029e-09
            ]
        },
        "barkbands_crest": {
            "dmean": 2.78305888176,
            "dmean2": 3.9887201786,
            "dvar": 7.83924818039,
            "dvar2": 14.6971960068,
            "max": 26.4513568878,
            "mean": 14.2071704865,
            "median": 13.1875314713,
            "min": 2.11386609077,
            "var": 48.2138900757
        },
        "barkbands_flatness_db": {
            "dmean": 0.0295729823411,
            "dmean2": 0.0405763760209,
            "dvar": 0.00127051584423,
            "dvar2": 0.00192031136248,
            "max": 0.469245225191,
            "mean": 0.160428062081,
            "median": 0.134093418717,
            "min": 0.0170348696411,
            "var": 0.00800152681768
        },
        "barkbands_kurtosis": {
            "dmean": 18.2563457489,
            "dmean2": 24.8579044342,
            "dvar": 2412.58642578,
            "dvar2": 3804.11694336,
            "max": 1163.40893555,
            "mean": 33.8206138611,
            "median": 4.30432081223,
            "min": -1.83973765373,
            "var": 8008.46972656
        },
        "barkbands_skewness": {
            "dmean": 1.17944562435,
            "dmean2": 1.5657377243,
            "dvar": 2.83960175514,
            "dvar2": 4.12618541718,
            "max": 28.0349845886,
            "mean": 3.33660793304,
            "median": 1.91491806507,
            "min": -4.25845909119,
            "var": 15.4640054703
        },
        "barkbands_spread": {
            "dmean": 6.45619297028,
            "dmean2": 9.48240089417,
            "dvar": 77.608757019,
            "dvar2": 149.437347412,
            "max": 110.580940247,
            "mean": 18.5497074127,
            "median": 15.5534362793,
            "min": 0.183628365397,
            "var": 233.807922363
        },
        "dissonance": {
            "dmean": 0.0217858292162,
            "dmean2": 0.0355815067887,
            "dvar": 0.000626194523647,
            "dvar2": 0.00164932012558,
            "max": 0.500000119209,
            "mean": 0.458981096745,
            "median": 0.467372298241,
            "min": 0.173523426056,
            "var": 0.00117280893028
        },
        "dynamic_complexity": 2.8192794323,
        "erbbands": {
            "dmean": [
                0.442104369402,
                2.48977899551,
                4.69129323959,
                8.53503513336,
                8.75081062317,
                6.59886789322,
                6.611120224,
                6.21397829056,
                14.8249120712,
                23.6742916107,
                14.5024929047,
                29.335603714,
                23.4398880005,
                29.4865760803,
                18.3889503479,
                26.9234714508,
                21.1156253815,
                21.4302024841,
                24.7854862213,
                21.3578643799,
                14.8173370361,
                16.1787567139,
                11.2650489807,
                9.04296588898,
                10.7585506439,
                6.00236272812,
                6.07682132721,
                4.62417793274,
                4.67481851578,
                3.96627926826,
                6.06900072098,
                4.37866783142,
                2.05335950851,
                0.984236359596,
                0.510582923889,
                0.244064420462,
                0.0730193629861,
                0.0174945555627,
                0.00226776394993,
                0.000149827581481
            ],
            "dmean2": [
                0.530918776989,
                3.44731640816,
                7.76116228104,
                15.7051229477,
                16.3706359863,
                11.685002327,
                11.0104532242,
                10.2283678055,
                22.9422302246,
                36.2322273254,
                21.6492290497,
                42.9840087891,
                35.5934791565,
                46.7637710571,
                28.9214935303,
                43.0019111633,
                30.920879364,
                33.2502250671,
                39.4054145813,
                33.0213851929,
                23.8909854889,
                24.5974292755,
                16.801858902,
                13.4919815063,
                16.3691864014,
                7.9600353241,
                7.87733459473,
                6.50980567932,
                6.49922895432,
                5.32170343399,
                8.57185459137,
                6.12787771225,
                2.88214468956,
                1.35464930534,
                0.695802330971,
                0.332989573479,
                0.100290372968,
                0.0236257314682,
                0.00335515406914,
                0.000219752531848
            ],
            "dvar": [
                0.648850858212,
                31.414308548,
                221.149490356,
                840.912475586,
                847.663330078,
                279.27532959,
                216.483612061,
                167.21546936,
                973.841491699,
                2903.67919922,
                950.057922363,
                4066.1015625,
                2438.34594727,
                4010.32910156,
                1210.34069824,
                3745.0300293,
                1991.38977051,
                2337.22851562,
                3472.49633789,
                2386.91137695,
                876.402770996,
                856.316711426,
                398.91003418,
                279.23739624,
                470.660339355,
                148.511245728,
                212.482635498,
                143.486526489,
                129.018585205,
                105.174072266,
                333.395996094,
                148.527572632,
                24.3321266174,
                5.9880156517,
                1.86036670208,
                0.394454985857,
                0.035524379462,
                0.00237928214483,
                4.11889814131e-05,
                1.82288573569e-07
            ],
            "dvar2": [
                0.873724639416,
                60.4611663818,
                550.609802246,
                2389.47143555,
                2465.62207031,
                792.153259277,
                552.478210449,
                415.249450684,
                2107.83862305,
                6636.22851562,
                2075.78662109,
                8871.4921875,
                5388.50634766,
                9824.34375,
                3057.68994141,
                9449.61523438,
                4339.20947266,
                5600.40136719,
                8525.44921875,
                5779.83154297,
                2141.52148438,
                1878.15722656,
                806.666564941,
                520.58001709,
                960.349853516,
                249.464401245,
                372.512390137,
                265.948913574,
                241.906051636,
                191.929656982,
                610.743774414,
                274.294555664,
                50.0115852356,
                11.596162796,
                3.15547680855,
                0.699764966965,
                0.0587661080062,
                0.00400897907093,
                6.59824727336e-05,
                3.17009835271e-07
            ],
            "max": [
                7.65801763535,
                47.4519996643,
                118.544258118,
                209.341629028,
                216.562362671,
                154.887145996,
                317.665740967,
                271.849212646,
                780.247314453,
                812.929016113,
                519.250732422,
                1345.23535156,
                1279.30615234,
                1337.57983398,
                648.087219238,
                1184.43249512,
                894.08782959,
                626.983886719,
                549.230957031,
                638.670227051,
                992.126953125,
                575.459350586,
                303.015991211,
                256.401275635,
                298.508453369,
                216.430892944,
                238.104324341,
                296.365814209,
                201.126358032,
                128.151275635,
                368.493408203,
                239.667648315,
                105.48348999,
                52.7744178772,
                50.3593254089,
                19.8198928833,
                3.75591063499,
                1.24907970428,
                0.10700686276,
                0.00490029342473
            ],
            "mean": [
                1.57427513599,
                5.02373695374,
                4.77307748795,
                6.75092792511,
                6.70057058334,
                7.02393817902,
                8.68103599548,
                8.20136356354,
                20.2083644867,
                32.0447731018,
                21.9172439575,
                48.7457618713,
                34.6339759827,
                41.3560256958,
                26.3004760742,
                34.278793335,
                30.0763206482,
                25.1884365082,
                26.5659732819,
                23.9869441986,
                19.4698429108,
                22.9482555389,
                16.7385368347,
                13.9215688705,
                15.7134590149,
                9.32877540588,
                9.19229602814,
                7.70597267151,
                7.29268407822,
                5.92214870453,
                9.17979812622,
                6.95646047592,
                3.31680560112,
                1.54265296459,
                0.810384392738,
                0.370851576328,
                0.105739444494,
                0.0222731735557,
                0.00293655181304,
                0.000231017329497
            ],
            "median": [
                0.0582772158086,
                0.841785907745,
                0.899152576923,
                1.68425989151,
                1.81610751152,
                2.49652123451,
                2.83228540421,
                3.48737192154,
                6.66179037094,
                9.21213054657,
                6.60195064545,
                12.3692388535,
                7.57639312744,
                15.5693750381,
                8.91665744781,
                9.12635135651,
                8.88539218903,
                6.44848203659,
                5.7543387413,
                6.11270141602,
                6.00003004074,
                7.87903642654,
                6.56661844254,
                5.84024000168,
                5.42784547806,
                3.45069622993,
                3.0032479763,
                2.39057731628,
                2.19255757332,
                1.54005885124,
                1.62363862991,
                1.50148868561,
                1.03405869007,
                0.437996357679,
                0.221293792129,
                0.0987499505281,
                0.026606541127,
                0.00455885613337,
                0.000425743492087,
                9.29609523155e-05
            ],
            "min": [
                1.78368746056e-22,
                1.27070471919e-21,
                7.44755780363e-21,
                1.29594588517e-20,
                1.80617455534e-20,
                7.71492034906e-20,
                5.91334230067e-20,
                9.51904262407e-20,
                2.39753621808e-19,
                3.87287048472e-19,
                7.33147702795e-19,
                7.22760227156e-19,
                5.09015412704e-19,
                1.36803420703e-18,
                1.22793431649e-18,
                1.80340097351e-18,
                2.16225136198e-18,
                3.49390750985e-18,
                3.5795099499e-18,
                3.22715975348e-18,
                4.63340257038e-18,
                8.91423677545e-18,
                8.94341722592e-18,
                8.219400925e-18,
                9.21017552884e-18,
                8.73491063609e-18,
                1.06614548146e-17,
                1.24975161874e-17,
                1.42691352274e-17,
                1.14135820214e-17,
                1.19840951074e-17,
                1.59371168085e-17,
                1.11195011157e-17,
                9.42033978862e-18,
                8.10306458929e-18,
                5.20936305423e-18,
                2.31076750507e-18,
                1.01973471407e-18,
                3.164158421e-19,
                2.84107847584e-20
            ],
            "var": [
                4.28298568726,
                66.159286499,
                184.625091553,
                496.201141357,
                473.833404541,
                208.951217651,
                317.090209961,
                215.880340576,
                1606.24169922,
                4129.51171875,
                1863.74682617,
                8996.60742188,
                4593.75048828,
                6234.26953125,
                2028.74121094,
                4422.43359375,
                3332.41503906,
                2819.28662109,
                3570.82006836,
                2686.27368164,
                1309.71484375,
                1623.45410156,
                784.877563477,
                556.76574707,
                858.566894531,
                327.728851318,
                447.805633545,
                334.848266602,
                272.49029541,
                201.88885498,
                720.082946777,
                334.166473389,
                48.631362915,
                12.43338871,
                4.63813304901,
                0.90596473217,
                0.0697886943817,
                0.00431246357039,
                7.41806070437e-05,
                2.94381351296e-07
            ]
        },
        "erbbands_crest": {
            "dmean": 2.99343681335,
            "dmean2": 4.86766338348,
            "dvar": 7.86983156204,
            "dvar2": 19.6201267242,
            "max": 34.0773544312,
            "mean": 9.34207439423,
            "median": 8.33789825439,
            "min": 2.50486826897,
            "var": 22.2289333344
        },
        "erbbands_flatness_db": {
            "dmean": 0.0194414034486,
            "dmean2": 0.0290398225188,
            "dvar": 0.000368119392078,
            "dvar2": 0.000842930574436,
            "max": 0.519689142704,
            "mean": 0.135324329138,
            "median": 0.127649784088,
            "min": 0.0395183973014,
            "var": 0.00194289116189
        },
        "erbbands_kurtosis": {
            "dmean": 1.82970798016,
            "dmean2": 2.93668174744,
            "dvar": 41.7065734863,
            "dvar2": 118.174728394,
            "max": 260.004730225,
            "mean": 1.68155562878,
            "median": 0.115135669708,
            "min": -1.89890944958,
            "var": 79.202583313
        },
        "erbbands_skewness": {
            "dmean": 0.48566699028,
            "dmean2": 0.726616501808,
            "dvar": 0.316274404526,
            "dvar2": 0.71563076973,
            "max": 12.7959957123,
            "mean": 0.54112380743,
            "median": 0.459282368422,
            "min": -5.6561627388,
            "var": 1.21538746357
        },
        "erbbands_spread": {
            "dmean": 10.7263679504,
            "dmean2": 15.960477829,
            "dvar": 144.27166748,
            "dvar2": 308.734375,
            "max": 191.950897217,
            "mean": 42.8443031311,
            "median": 39.1306800842,
            "min": 0.351693451405,
            "var": 506.838653564
        },
        "gfcc": {
            "cov": [
                [
                    11234.9619141,
                    38.7475776672,
                    -264.770172119,
                    133.457336426,
                    -203.580856323,
                    30.4412212372,
                    -502.595825195,
                    -44.151008606,
                    57.618106842,
                    257.712371826,
                    -115.619316101,
                    -182.046279907,
                    -317.900970459
                ],
                [
                    38.7475776672,
                    1096.05126953,
                    202.170211792,
                    166.787200928,
                    161.852386475,
                    4.10725402832,
                    142.613754272,
                    79.7011642456,
                    113.445014954,
                    27.1569595337,
                    70.3093490601,
                    -43.8475799561,
                    8.15599155426
                ],
                [
                    -264.770172119,
                    202.170211792,
                    828.027954102,
                    446.434875488,
                    285.097625732,
                    194.842407227,
                    182.000930786,
                    82.4024429321,
                    139.551849365,
                    70.0593490601,
                    127.676017761,
                    44.1866073608,
                    55.1073951721
                ],
                [
                    133.457336426,
                    166.787200928,
                    446.434875488,
                    631.187866211,
                    310.631835938,
                    137.05166626,
                    89.3793029785,
                    12.4710149765,
                    161.904602051,
                    54.2257461548,
                    118.162246704,
                    44.5480308533,
                    82.9306030273
                ],
                [
                    -203.580856323,
                    161.852386475,
                    285.097625732,
                    310.631835938,
                    411.198486328,
                    176.184906006,
                    206.970748901,
                    62.6370849609,
                    143.40687561,
                    71.6451873779,
                    88.3750991821,
                    35.8187294006,
                    82.9404678345
                ],
                [
                    30.4412212372,
                    4.10725402832,
                    194.842407227,
                    137.05166626,
                    176.184906006,
                    287.360198975,
                    240.322860718,
                    95.6513442993,
                    91.2839736938,
                    78.3589019775,
                    78.2572631836,
                    40.1247787476,
                    50.8921165466
                ],
                [
                    -502.595825195,
                    142.613754272,
                    182.000930786,
                    89.3793029785,
                    206.970748901,
                    240.322860718,
                    431.11315918,
                    161.479232788,
                    92.6995697021,
                    64.0110702515,
                    82.3228225708,
                    55.768737793,
                    68.5864105225
                ],
                [
                    -44.151008606,
                    79.7011642456,
                    82.4024429321,
                    12.4710149765,
                    62.6370849609,
                    95.6513442993,
                    161.479232788,
                    192.878097534,
                    113.558349609,
                    62.806098938,
                    50.6259078979,
                    23.5416851044,
                    26.7111930847
                ],
                [
                    57.618106842,
                    113.445014954,
                    139.551849365,
                    161.904602051,
                    143.40687561,
                    91.2839736938,
                    92.6995697021,
                    113.558349609,
                    231.521148682,
                    110.540077209,
                    93.5757827759,
                    16.401309967,
                    50.5587730408
                ],
                [
                    257.712371826,
                    27.1569595337,
                    70.0593490601,
                    54.2257461548,
                    71.6451873779,
                    78.3589019775,
                    64.0110702515,
                    62.806098938,
                    110.540077209,
                    139.460006714,
                    76.0901184082,
                    19.3816719055,
                    19.5497646332
                ],
                [
                    -115.619316101,
                    70.3093490601,
                    127.676017761,
                    118.162246704,
                    88.3750991821,
                    78.2572631836,
                    82.3228225708,
                    50.6259078979,
                    93.5757827759,
                    76.0901184082,
                    131.784347534,
                    49.5513114929,
                    47.1742935181
                ],
                [
                    -182.046279907,
                    -43.8475799561,
                    44.1866073608,
                    44.5480308533,
                    35.8187294006,
                    40.1247787476,
                    55.768737793,
                    23.5416851044,
                    16.401309967,
                    19.3816719055,
                    49.5513114929,
                    101.389083862,
                    61.4318618774
                ],
                [
                    -317.900970459,
                    8.15599155426,
                    55.1073951721,
                    82.9306030273,
                    82.9404678345,
                    50.8921165466,
                    68.5864105225,
                    26.7111930847,
                    50.5587730408,
                    19.5497646332,
                    47.1742935181,
                    61.4318618774,
                    107.859466553
                ]
            ],
            "icov": [
                [
                    0.000127360777697,
                    -5.20438843523e-05,
                    9.81571502052e-05,
                    -0.000169256032677,
                    5.52616911591e-05,
                    -0.000253058678936,
                    0.000263605703367,
                    -0.000120693599456,
                    8.96878846106e-05,
                    -0.000420225085691,
                    0.000272511824733,
                    -8.52695811773e-05,
                    0.000361978221918
                ],
                [
                    -5.20438843523e-05,
                    0.00120665808208,
                    -0.000173269538209,
                    -4.21280710725e-05,
                    -0.000276033359114,
                    0.0010009984253,
                    -0.000732921762392,
                    -0.000129500316689,
                    -0.000239707136643,
                    0.000456109119114,
                    -0.000850368873216,
                    0.00108649488539,
                    -0.00010284257587
                ],
                [
                    9.81571502052e-05,
                    -0.000173269538209,
                    0.00233096256852,
                    -0.00148009881377,
                    -0.000271926022833,
                    -0.000774941290729,
                    0.000215250373003,
                    -0.000747379788663,
                    0.000537314568646,
                    -0.000190275342902,
                    -0.000505840871483,
                    -0.000214736486669,
                    0.000998615054414
                ],
                [
                    -0.000169256032677,
                    -4.21280710725e-05,
                    -0.00148009881377,
                    0.00425877934322,
                    -0.00182469561696,
                    -0.000184577787877,
                    0.00050137238577,
                    0.00166153348982,
                    -0.00200317334384,
                    0.00200759456493,
                    -0.00143264629878,
                    -0.000326985289576,
                    -0.000866077316459
                ],
                [
                    5.52616911591e-05,
                    -0.000276033359114,
                    -0.000271926022833,
                    -0.00182469561696,
                    0.00590245239437,
                    -0.000975362490863,
                    -0.00176288629882,
                    0.00135798833799,
                    -0.00140584644396,
                    -0.000845711620059,
                    0.0011067452142,
                    0.000694377231412,
                    -0.0016355124535
                ],
                [
                    -0.000253058678936,
                    0.0010009984253,
                    -0.000774941290729,
                    -0.000184577787877,
                    -0.000975362490863,
                    0.00907997135073,
                    -0.00448124390095,
                    8.15122984932e-05,
                    0.000201817485504,
                    -0.00135193427559,
                    -0.00122165528592,
                    0.000918333069421,
                    -0.000826855481137
                ],
                [
                    0.000263605703367,
                    -0.000732921762392,
                    0.000215250373003,
                    0.00050137238577,
                    -0.00176288629882,
                    -0.00448124390095,
                    0.00727853830904,
                    -0.00397632084787,
                    0.00184684991837,
                    -3.73675393348e-05,
                    -8.33690501167e-05,
                    -0.0010585738346,
                    -5.62363056815e-05
                ],
                [
                    -0.000120693599456,
                    -0.000129500316689,
                    -0.000747379788663,
                    0.00166153348982,
                    0.00135798833799,
                    8.15122984932e-05,
                    -0.00397632084787,
                    0.0116613237187,
                    -0.0061425040476,
                    0.000411711953348,
                    0.000702539458871,
                    -0.00156517571304,
                    0.000705115962774
                ],
                [
                    8.96878846106e-05,
                    -0.000239707136643,
                    0.000537314568646,
                    -0.00200317334384,
                    -0.00140584644396,
                    0.000201817485504,
                    0.00184684991837,
                    -0.0061425040476,
                    0.0127898314968,
                    -0.00599969085306,
                    -0.00237508956343,
                    0.00361576047726,
                    -0.00304756406695
                ],
                [
                    -0.000420225085691,
                    0.000456109119114,
                    -0.000190275342902,
                    0.00200759456493,
                    -0.000845711620059,
                    -0.00135193427559,
                    -3.73675393348e-05,
                    0.000411711953348,
                    -0.00599969085306,
                    0.0163839012384,
                    -0.00654553016648,
                    -0.000434982182924,
                    0.00144386757165
                ],
                [
                    0.000272511824733,
                    -0.000850368873216,
                    -0.000505840871483,
                    -0.00143264629878,
                    0.0011067452142,
                    -0.00122165528592,
                    -8.33690501167e-05,
                    0.000702539458871,
                    -0.00237508956343,
                    -0.00654553016648,
                    0.0175712667406,
                    -0.00588217377663,
                    -0.000203319417778
                ],
                [
                    -8.52695811773e-05,
                    0.00108649488539,
                    -0.000214736486669,
                    -0.000326985289576,
                    0.000694377231412,
                    0.000918333069421,
                    -0.0010585738346,
                    -0.00156517571304,
                    0.00361576047726,
                    -0.000434982182924,
                    -0.00588217377663,
                    0.0190469361842,
                    -0.00977049581707
                ],
                [
                    0.000361978221918,
                    -0.00010284257587,
                    0.000998615054414,
                    -0.000866077316459,
                    -0.0016355124535,
                    -0.000826855481137,
                    -5.62363056815e-05,
                    0.000705115962774,
                    -0.00304756406695,
                    0.00144386757165,
                    -0.000203319417778,
                    -0.00977049581707,
                    0.0188312027603
                ]
            ],
            "mean": [
                6.46883821487,
                69.6210403442,
                -101.2241745,
                28.0734481812,
                -53.129283905,
                21.9817638397,
                -27.9197616577,
                16.8189964294,
                -17.5569610596,
                3.12714982033,
                -10.0889606476,
                3.87655830383,
                -9.12185001373
            ]
        },
        "hfc": {
            "dmean": 10.8015995026,
            "dmean2": 13.9897146225,
            "dvar": 305.859100342,
            "dvar2": 486.629333496,
            "max": 240.040176392,
            "mean": 24.8874664307,
            "median": 17.0034542084,
            "min": 1.13222999939e-16,
            "var": 807.033813477
        },
        "melbands": {
            "dmean": [
                0.00334254163317,
                0.00239939102903,
                0.00147478131112,
                0.000543629634194,
                0.000223854513024,
                0.000144882273162,
                0.000270269054454,
                0.000223268332775,
                0.000134846253786,
                0.000197426488739,
                0.000115100519906,
                0.000115927621664,
                6.82875324856e-05,
                7.62563868193e-05,
                5.28664750163e-05,
                5.28773816768e-05,
                3.95037786802e-05,
                4.01122815674e-05,
                3.23521380778e-05,
                2.48039868893e-05,
                1.76538669621e-05,
                1.74993092514e-05,
                1.53178862092e-05,
                7.2418374657e-06,
                7.52782807467e-06,
                9.79702326731e-06,
                5.44068234376e-06,
                3.93721893488e-06,
