{
    "lowlevel": {
        "average_loudness": 0.920677363873,
        "barkbands": {
            "dmean": [
                0.00703955674544,
                0.0178287476301,
                0.00321104028262,
                0.00175233103801,
                0.00232109054923,
                0.00119301339146,
                0.00102266611066,
                0.00242437212728,
                0.00145260745194,
                0.00115358666517,
                0.000760703231208,
                0.000532251840923,
                0.000382701371564,
                0.000334895798005,
                0.000363826780813,
                0.000279996136669,
                0.000266730668955,
                0.000268420786597,
                0.000229563738685,
                0.000129568041302,
                0.000181528128451,
                0.000244640716119,
                0.000222386195674,
                0.000274263788015,
                0.000248374970397,
                8.19778870209e-05,
                8.41157088871e-06
            ],
            "dmean2": [
                0.0107730962336,
                0.0295590218157,
                0.00586208328605,
                0.00311292009428,
                0.0039760004729,
                0.00199126638472,
                0.00168513436802,
                0.00378200714476,
                0.00229042978026,
                0.00173023727257,
                0.00112761242781,
                0.000839280488435,
                0.000607513415162,
                0.000538051186595,
                0.00055468827486,
                0.000432228698628,
                0.000409244617913,
                0.000406567065511,
                0.000353644281859,
                0.000198957059183,
                0.000276949082036,
                0.000376567360945,
                0.000342077662935,
                0.000436155678472,
                0.000394577160478,
                0.000128149753436,
                1.35809541462e-05
            ],
            "dvar": [
                0.000477478490211,
                0.00211986573413,
                0.000122036755783,
                3.71990972781e-05,
                5.04806739627e-05,
                1.777576108e-05,
                5.19554578204e-06,
                2.31094963965e-05,
                1.51737340275e-05,
                1.00675606518e-05,
                4.97163500768e-06,
                2.25921849051e-06,
                1.27071143652e-06,
                7.13179929335e-07,
                4.50141214969e-07,
                3.69962322111e-07,
                3.91363016661e-07,
                3.72313309072e-07,
                4.22012249146e-07,
                2.04625507649e-07,
                3.27107443354e-07,
                4.44132012944e-07,
                2.89541446818e-07,
                3.93310358504e-07,
                3.07415689349e-07,
                4.98790981851e-08,
                2.82497580884e-09
            ],
            "dvar2": [
                0.00116403622087,
                0.00529284682125,
                0.000355685013346,
                0.000102640093246,
                0.000136714166729,
                4.85408963868e-05,
                1.22088949865e-05,
                5.20016074006e-05,
                3.4416843846e-05,
                2.04119951377e-05,
                1.03993588709e-05,
                5.42004772797e-06,
                3.0930768844e-06,
                1.72329976067e-06,
                1.05011463347e-06,
                8.67606786414e-07,
                8.9261817493e-07,
                8.21252285732e-07,
                1.01444129541e-06,
                4.92252070217e-07,
                7.09680762156e-07,
                9.9666681308e-07,
                6.66280925543e-07,
                9.11545328108e-07,
                6.76766205743e-07,
                1.14765335013e-07,
                7.22112902807e-09
            ],
            "max": [
                0.334717541933,
                0.396852523088,
                0.138852283359,
                0.0532993748784,
                0.0808015093207,
                0.0935193002224,
                0.064831495285,
                0.0526188984513,
                0.0546656735241,
                0.052547942847,
                0.0446420125663,
                0.0295991897583,
                0.0253596976399,
                0.0209313128144,
                0.0117782866582,
                0.0092998649925,
                0.0118696605787,
                0.0101962694898,
                0.0141903171316,
                0.0122357821092,
                0.0113659333438,
                0.0127058215439,
                0.0111941937357,
                0.0108983181417,
                0.00658304430544,
                0.00238988921046,
                0.001041457057
            ],
            "mean": [
                0.0201543215662,
                0.0800664499402,
                0.00353658967651,
                0.00184264883865,
                0.00301039637998,
                0.00126918731257,
                0.00119306216948,
                0.00264219031669,
                0.00152709730901,
                0.00131875567604,
                0.000824552495033,
                0.000540659006219,
                0.000373141199816,
                0.000340941245668,
                0.000463574833702,
                0.000328937865561,
                0.000311591720674,
                0.000311553798383,
                0.000254444137681,
                0.000138052142574,
                0.00018714358157,
                0.000278832216281,
                0.00027074557147,
                0.000316297024256,
                0.000275036640232,
                7.81262060627e-05,
                7.72392559156e-06
            ],
            "median": [
                0.000807662960142,
                0.0866883769631,
                0.00122536637355,
                0.000418532523327,
                0.00128765357658,
                0.000230342237046,
                0.00025934635778,
                0.000352190952981,
                0.000245373579673,
                0.000117694522487,
                5.51437551621e-05,
                5.29759272467e-05,
                3.71382193407e-05,
                4.8134381359e-05,
                0.000151915708557,
                0.000100339253549,
                7.59346148698e-05,
                8.12324942672e-05,
                7.02866527718e-05,
                3.36039083777e-05,
                3.52581992047e-05,
                0.000103109268821,
                0.000102752856037,
                8.20852801553e-05,
                3.23296080751e-05,
                8.80159223016e-06,
                3.16658287147e-07
            ],
            "min": [
                1.27038778644e-22,
                7.4151902727e-23,
                6.40538173416e-24,
                1.9705770656e-23,
                5.63636888486e-23,
                6.24072279741e-23,
                4.25108969225e-23,
                2.04766865533e-23,
                8.29228811007e-23,
                5.56683994685e-23,
                4.19839094388e-23,
                5.30404955339e-23,
                1.73646624677e-22,
                1.97405322851e-22,
                1.96370160638e-22,
                2.80587701324e-22,
                1.67212485808e-22,
                1.85942959328e-22,
                2.29860209073e-22,
                2.54178657701e-22,
                6.19457859964e-22,
                3.56527011401e-22,
                5.64587472188e-22,
                8.74256600202e-22,
                1.12573364281e-21,
                2.09749718694e-21,
                2.52343219451e-21
            ],
            "var": [
                0.0012663716916,
                0.00394938886166,
                7.4885552749e-05,
                2.55503346125e-05,
                3.75417694158e-05,
                1.37372953759e-05,
                7.38365088182e-06,
                3.00770479953e-05,
                1.80417191586e-05,
                1.60299605341e-05,
                7.37927257433e-06,
                2.55467421084e-06,
                1.38119037274e-06,
                7.95671780907e-07,
                6.60059470192e-07,
                4.59662402363e-07,
                4.84049792249e-07,
                4.60245416889e-07,
                4.13011235878e-07,
                1.94505460627e-07,
                3.7385223095e-07,
                4.74818250495e-07,
                3.30211747723e-07,
                4.67538001203e-07,
                4.15161849787e-07,
                5.03187713718e-08,
                2.16244666618e-09
            ]
        },
        "barkbands_crest": {
            "dmean": 2.50295138359,
            "dmean2": 4.10116863251,
            "dvar": 10.1862096786,
            "dvar2": 27.765953064,
            "max": 26.7856693268,
            "mean": 17.2408695221,
            "median": 17.2429962158,
            "min": 2.21246886253,
            "var": 28.1792087555
        },
        "barkbands_flatness_db": {
            "dmean": 0.0428113527596,
            "dmean2": 0.0601673610508,
            "dvar": 0.00189283117652,
            "dvar2": 0.00359152071178,
            "max": 0.676198840141,
            "mean": 0.242187544703,
            "median": 0.235311925411,
            "min": 0.0286232512444,
            "var": 0.00739483674988
        },
        "barkbands_kurtosis": {
            "dmean": 24.957742691,
            "dmean2": 39.9950027466,
            "dvar": 3015.45898438,
            "dvar2": 7803.11132813,
            "max": 2723.88842773,
            "mean": 34.6123123169,
            "median": 15.6739435196,
            "min": -1.98879504204,
            "var": 3275.27954102
        },
        "barkbands_skewness": {
            "dmean": 1.58812558651,
            "dmean2": 2.43657207489,
            "dvar": 3.29220724106,
            "dvar2": 7.86777162552,
            "max": 51.3634910583,
            "mean": 4.19912290573,
            "median": 3.73952507973,
            "min": -7.53716230392,
            "var": 9.09196662903
        },
        "barkbands_spread": {
            "dmean": 6.66297531128,
            "dmean2": 10.1231403351,
            "dvar": 100.355438232,
            "dvar2": 228.727371216,
            "max": 166.65196228,
            "mean": 13.6214237213,
            "median": 9.69189357758,
            "min": 0.19889099896,
            "var": 246.330490112
        },
        "dissonance": {
            "dmean": 0.0322880521417,
            "dmean2": 0.0521285161376,
            "dvar": 0.00103859964292,
            "dvar2": 0.00264453561977,
            "max": 0.500000298023,
            "mean": 0.444435179234,
            "median": 0.456961393356,
            "min": 0.200408324599,
            "var": 0.00206033932045
        },
        "dynamic_complexity": 2.34816670418,
        "erbbands": {
            "dmean": [
                0.928285300732,
                3.25963282585,
                3.95213460922,
                5.11608409882,
                6.13604927063,
                9.24037361145,
                8.29463768005,
                9.99596405029,
                9.9598531723,
                29.9709892273,
                53.8865585327,
                32.721244812,
                27.483291626,
                36.8861846924,
                24.2172088623,
                20.3729629517,
                16.5769824982,
                17.0259456635,
                17.1274147034,
                18.3979225159,
                14.2736034393,
                14.6320772171,
                15.4672670364,
                10.9688501358,
                10.8328132629,
                5.93087768555,
                6.04256153107,
                7.97536182404,
                8.75243473053,
                7.80132627487,
                6.20183944702,
                5.96027946472,
                4.36513614655,
                3.11033987999,
                1.5720615387,
                0.530375063419,
                0.131158143282,
                0.0148681169376,
                0.0015615914017,
                0.000127547973534
            ],
            "dmean2": [
                1.52385413647,
                5.13326931,
                6.95325374603,
                9.23475074768,
                10.3977794647,
                16.0866451263,
                13.6063365936,
                16.7057609558,
                16.5917110443,
                47.6470451355,
                82.9673309326,
                51.3548202515,
                42.2488136292,
                52.7820968628,
                36.4306755066,
                31.1531238556,
                25.5170459747,
                26.710817337,
                27.1148681641,
                26.9834022522,
                21.655298233,
                22.2189464569,
                23.204208374,
                16.89909935,
                16.2822418213,
                8.99923992157,
                9.03445243835,
                12.2894544601,
                13.6390380859,
                12.0202493668,
                9.55380058289,
                9.42172336578,
                7.01204538345,
                4.94332313538,
                2.48436594009,
                0.814760506153,
                0.204874396324,
                0.0239237751812,
                0.00246445694938,
                0.00020536944794
            ],
            "dvar": [
                5.03869104385,
                85.7331466675,
                171.338897705,
                323.186523438,
                358.885894775,
                919.394714355,
                509.017211914,
                1314.53051758,
                501.951324463,
                4014.84033203,
                12400,
                9139.0703125,
                5789.77880859,
                10237.5019531,
                4479.19238281,
                3484.89599609,
                2085.18896484,
                1791.36901855,
                1370.78662109,
                1024.03308105,
                1043.84265137,
                1184.39074707,
                1246.52624512,
                897.48828125,
                1063.87719727,
                378.74230957,
                391.305389404,
                547.295043945,
                668.622741699,
                378.770568848,
                231.677185059,
                237.624984741,
                86.0447998047,
                44.6125679016,
                13.2918281555,
                1.59033989906,
                0.150351896882,
                0.00436664139852,
                7.26700891391e-05,
                4.45189726861e-07
            ],
            "dvar2": [
                13.5567598343,
                213.869750977,
                485.493377686,
                913.603149414,
                960.247009277,
                2520.6574707,
                1355.22851563,
                3590.84594727,
                1224.96594238,
                9331.86816406,
                27685.9746094,
                21011.7988281,
                12627.4970703,
                19607.9257813,
                10329.2451172,
                8202.40136719,
                4850.68896484,
                4297.54443359,
                3379.03198242,
                2196.60107422,
                2443.89501953,
                2684.86914063,
                2744.91162109,
                2170.21411133,
                2483.0847168,
                879.854309082,
                834.291748047,
                1205.49731445,
                1578.30566406,
                850.920959473,
                529.605285645,
                556.574890137,
                201.055969238,
                102.143623352,
                29.3679962158,
                3.5350112915,
                0.346994757652,
                0.011169298552,
                0.000179142458364,
                1.16166268072e-06
            ],
            "max": [
                17.5669326782,
                82.6341705322,
                172.632263184,
                152.100601196,
                197.847610474,
                347.827789307,
                448.630584717,
                804.811096191,
                755.314453125,
                760.267028809,
                1327.44726563,
                1542.45141602,
                1373.63928223,
                2473.28417969,
                1129.71447754,
                1259.19799805,
                974.976623535,
                994.187561035,
                714.015319824,
                543.32598877,
                554.120178223,
                629.406066895,
                688.288574219,
                555.141845703,
                884.877746582,
                475.331085205,
                377.018798828,
                433.328857422,
                495.569519043,
                398.410919189,
                291.223327637,
                293.827606201,
                140.442657471,
                78.5587463379,
                42.0922546387,
                12.5738744736,
                4.4501285553,
                1.23783016205,
                0.156320288777,
                0.0144924903288
            ],
            "mean": [
                3.95303106308,
                11.5067625046,
                6.09638786316,
                5.50922203064,
                9.97964000702,
                8.77508926392,
                9.31852245331,
                10.433306694,
                12.0437440872,
                35.4236755371,
                59.5105857849,
                35.1587257385,
                33.4374885559,
                44.6766662598,
                27.1625766754,
                21.6581745148,
                17.5156383514,
                17.9321937561,
                19.4818439484,
                25.4405021667,
                17.5545520782,
                17.9526939392,
                18.5920734406,
                12.8923959732,
                12.0351486206,
                6.50574684143,
                6.27259731293,
                8.2492723465,
                9.33388805389,
                9.8208065033,
                7.56312417984,
                7.17163038254,
                4.74190616608,
                3.21499276161,
                1.76790618896,
                0.566707313061,
                0.1261151582,
                0.0141942966729,
                0.00149017875083,
                0.000230416160775
            ],
            "median": [
                3.60506153107,
                5.98399734497,
                4.3174943924,
                2.64112949371,
                1.49508368969,
                3.13199448586,
                2.1960978508,
                2.01636266708,
                4.26318216324,
                7.54923152924,
                8.78342437744,
                7.15887546539,
                6.02202510834,
                3.65120387077,
                3.10718727112,
                2.33203911781,
                2.00752997398,
                2.87620735168,
                5.60671424866,
                8.30643939972,
                5.55474567413,
                4.90511608124,
                5.0159611702,
                4.20730686188,
                3.23025536537,
                1.75557243824,
                1.17429149151,
                1.86579489708,
                3.05841803551,
                4.17942380905,
                2.68734002113,
                1.92150437832,
                1.11330902576,
                0.476895481348,
                0.185002684593,
                0.0672609210014,
                0.0124017391354,
                0.00111066875979,
                0.000152935594087,
                0.000156187699758
            ],
            "min": [
                5.06424891437e-21,
                6.52275251123e-21,
                9.36002199807e-21,
                3.01983899168e-20,
                1.06840463837e-19,
                2.10031380963e-19,
                4.44639047557e-19,
                4.74558066915e-19,
                6.2619629982e-19,
                5.62834471694e-19,
                5.71558693916e-19,
                2.25224406314e-18,
                1.45206231558e-18,
                2.34540155731e-18,
                1.5160560063e-18,
                2.05018555298e-18,
                6.67472260835e-18,
                1.21608189365e-17,
                1.13253871973e-17,
                9.61008840369e-18,
                1.38083766011e-17,
                1.09757230632e-17,
                8.22967368103e-18,
                1.30463306715e-17,
                1.18209428305e-17,
                1.1290372642e-17,
                1.91226389783e-17,
                2.37138619549e-17,
                1.18998732317e-17,
                1.58754935072e-17,
                1.55610259081e-17,
                1.78682510122e-17,
                1.51685435967e-17,
                9.2873638877e-18,
                9.46547159002e-18,
                6.21066270418e-18,
                4.91762182885e-18,
                1.30870788292e-18,
                3.90946288707e-19,
                3.68835828481e-20
            ],
            "var": [
                10.7791595459,
                157.815032959,
                120.351585388,
                208.475067139,
                329.31918335,
                621.183227539,
                443.335235596,
                1001.39776611,
                638.936340332,
                5593.25585938,
                15986.96875,
                10217.9404297,
                8834.05859375,
                17646.2929688,
                5549.359375,
                3987.25219727,
                2602.75830078,
                2015.04675293,
                1634.22167969,
                1881.10754395,
                1310.0020752,
                1481.56896973,
                1580.49169922,
                907.328063965,
                1057.40100098,
                389.293823242,
                465.203369141,
                607.946350098,
                647.853149414,
                424.817565918,
                269.644287109,
                272.513885498,
                101.288291931,
                53.9595909119,
                18.1970081329,
                1.90787529945,
                0.147855073214,
                0.00340871163644,
                6.03480184509e-05,
                3.40103355256e-07
            ]
        },
        "erbbands_crest": {
            "dmean": 3.89628243446,
            "dmean2": 6.2561545372,
            "dvar": 12.5551614761,
            "dvar2": 29.8474674225,
            "max": 30.8291797638,
            "mean": 10.3905715942,
            "median": 9.30449390411,
            "min": 1.97246158123,
            "var": 24.9088134766
        },
        "erbbands_flatness_db": {
            "dmean": 0.0306129399687,
            "dmean2": 0.0456341095269,
            "dvar": 0.000914632342756,
            "dvar2": 0.00191501399968,
            "max": 0.431876450777,
            "mean": 0.156087741256,
            "median": 0.148120582104,
            "min": 0.0165627859533,
            "var": 0.00333108752966
        },
        "erbbands_kurtosis": {
            "dmean": 1.9156948328,
            "dmean2": 3.08770608902,
            "dvar": 7.6147480011,
            "dvar2": 18.265417099,
            "max": 44.4748497009,
            "mean": 1.14886295795,
            "median": 0.0951728597283,
            "min": -1.89932453632,
            "var": 11.1130580902
        },
        "erbbands_skewness": {
            "dmean": 0.667972207069,
            "dmean2": 1.00232744217,
            "dvar": 0.395433485508,
            "dvar2": 0.886340677738,
            "max": 5.30907487869,
            "mean": 0.392991900444,
            "median": 0.405698150396,
            "min": -5.27360248566,
            "var": 1.05988872051
        },
        "erbbands_spread": {
            "dmean": 20.8450012207,
            "dmean2": 31.5632705688,
            "dvar": 556.790161133,
            "dvar2": 1190.59472656,
            "max": 208.693145752,
            "mean": 54.7175331116,
            "median": 44.9325408936,
            "min": 1.40265548229,
            "var": 1349.34008789
        },
        "gfcc": {
            "cov": [
                [
                    11109.1591797,
                    -136.082946777,
                    60.5939064026,
                    557.925048828,
                    -173.671127319,
                    805.87286377,
                    -64.8514099121,
                    677.97644043,
                    -183.618728638,
                    319.177001953,
                    -93.1208724976,
                    348.632110596,
                    -204.845199585
                ],
                [
                    -136.082946777,
                    2196.92651367,
                    178.544143677,
                    -117.692733765,
                    503.734100342,
                    -28.4499607086,
                    293.113220215,
                    -23.9581375122,
                    376.65838623,
                    -179.41305542,
                    135.412734985,
                    -162.561019897,
                    46.9514427185
                ],
                [
                    60.5939064026,
                    178.544143677,
                    2392.22802734,
                    908.153869629,
                    588.805419922,
                    518.72076416,
                    178.835266113,
                    224.805328369,
                    207.095687866,
                    290.776702881,
                    -28.3031044006,
                    25.8053874969,
                    214.690078735
                ],
                [
                    557.925048828,
                    -117.692733765,
                    908.153869629,
                    1033.41210938,
                    318.602722168,
                    131.985870361,
                    46.9348297119,
                    125.781181335,
                    142.192565918,
                    139.573730469,
                    9.59743976593,
                    21.383190155,
                    154.051803589
                ],
                [
                    -173.671127319,
                    503.734100342,
                    588.805419922,
                    318.602722168,
                    744.079772949,
                    181.995178223,
                    246.09664917,
                    157.830825806,
                    194.412216187,
                    85.0391693115,
                    87.0605926514,
                    25.2351417542,
                    115.568817139
                ],
                [
                    805.87286377,
                    -28.4499607086,
                    518.72076416,
                    131.985870361,
                    181.995178223,
                    515.351989746,
                    206.820892334,
                    120.148025513,
                    50.254940033,
                    109.780975342,
                    -6.09435415268,
                    22.1690425873,
                    11.4645872116
                ],
                [
                    -64.8514099121,
                    293.113220215,
                    178.835266113,
                    46.9348297119,
                    246.09664917,
                    206.820892334,
                    440.375213623,
                    97.4351196289,
                    61.5228271484,
                    7.551030159,
                    94.8271026611,
                    20.1163845062,
                    14.1415109634
                ],
                [
                    677.97644043,
                    -23.9581375122,
                    224.805328369,
                    125.781181335,
                    157.830825806,
                    120.148025513,
                    97.4351196289,
                    316.671356201,
                    101.396827698,
                    55.6262283325,
                    13.8416337967,
                    34.0180549622,
                    1.22680008411
                ],
                [
                    -183.618728638,
                    376.65838623,
                    207.095687866,
                    142.192565918,
                    194.412216187,
                    50.254940033,
                    61.5228271484,
                    101.396827698,
                    359.528991699,
                    18.6883239746,
                    10.3041038513,
                    -69.3740234375,
                    29.2224082947
                ],
                [
                    319.177001953,
                    -179.41305542,
                    290.776702881,
                    139.573730469,
                    85.0391693115,
                    109.780975342,
                    7.551030159,
                    55.6262283325,
                    18.6883239746,
                    205.719985962,
                    -13.5229701996,
                    5.09606266022,
                    24.301902771
                ],
                [
                    -93.1208724976,
                    135.412734985,
                    -28.3031044006,
                    9.59743976593,
                    87.0605926514,
                    -6.09435415268,
                    94.8271026611,
                    13.8416337967,
                    10.3041038513,
                    -13.5229701996,
                    155.680999756,
                    44.1414260864,
                    -5.08913087845
                ],
                [
                    348.632110596,
                    -162.561019897,
                    25.8053874969,
                    21.383190155,
                    25.2351417542,
                    22.1690425873,
                    20.1163845062,
                    34.0180549622,
                    -69.3740234375,
                    5.09606266022,
                    44.1414260864,
                    173.054275513,
                    20.7684783936
                ],
                [
                    -204.845199585,
                    46.9514427185,
                    214.690078735,
                    154.051803589,
                    115.568817139,
                    11.4645872116,
                    14.1415109634,
                    1.22680008411,
                    29.2224082947,
                    24.301902771,
                    -5.08913087845,
                    20.7684783936,
                    145.691635132
                ]
            ],
            "icov": [
                [
                    0.000221428039367,
                    -0.000290436844807,
                    0.000220797563088,
                    -0.000340218830388,
                    0.000249112781603,
                    -0.000509492820129,
                    0.000308580376441,
                    -0.000526967167389,
                    0.000331374147208,
                    -0.000418033218011,
                    0.000262687535724,
                    -0.000577112019528,
                    0.000350983522367
                ],
                [
                    -0.000290436844807,
                    0.00131617591251,
                    -0.000471333129099,
                    0.000802815833595,
                    -0.00086793320952,
                    0.000892170588486,
                    -0.000716155918781,
                    0.00104048033245,
                    -0.00112068734597,
                    0.00142471154686,
                    -0.000826982141007,
                    0.00147038407158,
                    -0.000559175561648
                ],
                [
                    0.000220797563088,
                    -0.000471333129099,
                    0.00115785782691,
                    -0.000911166716833,
                    7.75429070927e-05,
                    -0.00117362721357,
                    0.0004929304705,
                    -0.000626831315458,
                    0.000429833045928,
                    -0.00100153416861,
                    0.000545806367882,
                    -0.000668460968882,
                    -9.69428947428e-05
                ],
                [
                    -0.000340218830388,
                    0.000802815833595,
                    -0.000911166716833,
                    0.00229294062592,
                    -0.000699135940522,
                    0.00109252077527,
                    -0.000444970064564,
                    0.000709811341949,
                    -0.000972539186478,
                    0.000665048544761,
                    -0.000813063175883,
                    0.00113450712524,
                    -0.00141906400677
                ],
                [
                    0.000249112781603,
                    -0.00086793320952,
                    7.75429070927e-05,
                    -0.000699135940522,
                    0.00308684422635,
                    -0.000692789151799,
                    -0.000314494187478,
                    -0.00119939248543,
                    5.33909724254e-06,
                    -0.00125457684044,
                    -0.000308676826535,
                    -0.00112466933206,
                    -0.000740787014365
                ],
                [
                    -0.000509492820129,
                    0.000892170588486,
                    -0.00117362721357,
                    0.00109252077527,
                    -0.000692789151799,
                    0.00463440828025,
                    -0.00230443337932,
                    0.000992600689642,
                    -0.000929332280066,
                    0.000196296066861,
                    0.000309241208015,
                    0.00102877791505,
                    -1.16428436741e-05
                ],
                [
                    0.000308580376441,
                    -0.000716155918781,
                    0.0004929304705,
                    -0.000444970064564,
                    -0.000314494187478,
                    -0.00230443337932,
                    0.00440867384896,
                    -0.0013349117944,
                    0.000831992481835,
                    -0.000133176610689,
                    -0.00145734369289,
                    -0.000549417396542,
                    0.000305658933939
                ],
                [
                    -0.000526967167389,
                    0.00104048033245,
                    -0.000626831315458,
                    0.000709811341949,
                    -0.00119939248543,
                    0.000992600689642,
                    -0.0013349117944,
                    0.00570061290637,
                    -0.00215643178672,
                    0.00074091629358,
                    -0.000217941240408,
                    0.00025843954063,
                    0.000316275516525
                ],
                [
                    0.000331374147208,
                    -0.00112068734597,
                    0.000429833045928,
                    -0.000972539186478,
                    5.33909724254e-06,
                    -0.000929332280066,
                    0.000831992481835,
                    -0.00215643178672,
                    0.00499795004725,
                    -0.000873754441272,
                    0.000365773099475,
                    0.000682782090735,
                    0.000287037488306
                ],
                [
                    -0.000418033218011,
                    0.00142471154686,
                    -0.00100153416861,
                    0.000665048544761,
                    -0.00125457684044,
                    0.000196296066861,
                    -0.000133176610689,
                    0.00074091629358,
                    -0.000873754441272,
                    0.00800051167607,
                    -0.000824373040814,
                    0.00199086847715,
                    -0.000759687041864
                ],
                [
                    0.000262687535724,
                    -0.000826982141007,
                    0.000545806367882,
                    -0.000813063175883,
                    -0.000308676826535,
                    0.000309241208015,
                    -0.00145734369289,
                    -0.000217941240408,
                    0.000365773099475,
                    -0.000824373040814,
                    0.0095190666616,
                    -0.00356162642129,
                    0.00195945240557
                ],
                [
                    -0.000577112019528,
                    0.00147038407158,
                    -0.000668460968882,
                    0.00113450712524,
                    -0.00112466933206,
                    0.00102877791505,
                    -0.000549417396542,
                    0.00025843954063,
                    0.000682782090735,
                    0.00199086847715,
                    -0.00356162642129,
                    0.00976552627981,
                    -0.00262305117212
                ],
                [
                    0.000350983522367,
                    -0.000559175561648,
                    -9.69428947428e-05,
                    -0.00141906400677,
                    -0.000740787014365,
                    -1.16428436741e-05,
                    0.000305658933939,
                    0.000316275516525,
                    0.000287037488306,
                    -0.000759687041864,
                    0.00195945240557,
                    -0.00262305117212,
                    0.0102485697716
                ]
            ],
            "mean": [
                -9.04825687408,
                81.521774292,
                -84.9057388306,
                41.9441680908,
                -52.4657249451,
                28.6698951721,
                -32.1276893616,
                20.8074226379,
                -1.63457727432,
                2.17014169693,
                -12.407075882,
                0.609393179417,
                -6.71165847778
            ]
        },
        "hfc": {
            "dmean": 14.6610822678,
            "dmean2": 21.44572258,
            "dvar": 764.814086914,
            "dvar2": 1671.93811035,
            "max": 500.592163086,
            "mean": 29.2152423859,
            "median": 22.6373939514,
            "min": 1.26940367647e-16,
            "var": 1021.9342041
        },
        "melbands": {
            "dmean": [
                0.00650684395805,
                0.00258823833428,
                0.00087412155699,
                0.000575761834625,
                0.000305766996462,
                0.000222153001232,
                0.000166999539942,
                0.000373539805878,
                0.000434720015619,
                0.000190434162505,
                0.000140956806717,
                0.000157936345204,
                9.31867252802e-05,
                6.02875516051e-05,
                4.81541464978e-05,
                3.6790210288e-05,
                3.21575680573e-05,
                2.88885712507e-05,
                2.64396003331e-05,
                2.30106143135e-05,
                1.68445494637e-05,
                1.57501508511e-05,
                1.59281153174e-05,
                1.26352142615e-05,
                9.06632249098e-06,
                8.88153772394e-06,
                6.42027634967e-06,
                3.55677821062e-06,
                3.47536115441e-06,
