{
    "lowlevel": {
        "average_loudness": 0.926870524883,
        "barkbands": {
            "dmean": [
                0.000152389271534,
                0.0028952958528,
                0.00294669135474,
                0.00169355631806,
                0.0030521498993,
                0.00112551555503,
                0.000838140724227,
                0.000634468684439,
                0.000860417203512,
                0.00091746088583,
                0.00102168624289,
                0.000659000768792,
                0.000523132679518,
                0.000529577897396,
                0.000343872670783,
                0.000350060872734,
                0.000244223134359,
                0.00018023463781,
                0.000172665473656,
                0.000128300336655,
                9.99861804303e-05,
                5.0470840506e-05,
                3.90554851037e-05,
                3.77240794478e-05,
                3.62486534868e-05,
                1.64093871717e-05,
                3.08019457407e-06
            ],
            "dmean2": [
                0.000252582598478,
                0.00495958840474,
                0.00517252087593,
                0.00288018351421,
                0.00507786683738,
                0.00179251923691,
                0.00140815088525,
                0.00106661010068,
                0.0013745687902,
                0.00141354079824,
                0.00157306599431,
                0.00104335020296,
                0.0008417275385,
                0.000842742738314,
                0.000555014470592,
                0.000564360176213,
                0.000393630994949,
                0.000292367651127,
                0.000282875262201,
                0.000209362187888,
                0.000162802709383,
                8.05217350717e-05,
                6.1686259869e-05,
                5.5985088693e-05,
                5.26945113961e-05,
                2.42667902057e-05,
                4.60852925244e-06
            ],
            "dvar": [
                2.05082173466e-07,
                5.40406144864e-05,
                7.01695826137e-05,
                1.3149764527e-05,
                3.97703952331e-05,
                2.90092043542e-06,
                3.24148095387e-06,
                2.2657379759e-06,
                3.88862235923e-06,
                6.49531830277e-06,
                7.46954628994e-06,
                2.53156895269e-06,
                1.305883643e-06,
                1.30375667595e-06,
                5.89736202983e-07,
                4.66312485514e-07,
                2.91077355996e-07,
                9.6134066041e-08,
                7.07575722458e-08,
                3.5666641196e-08,
                2.06551504789e-08,
                1.03070618707e-08,
                5.74970693279e-09,
                7.65078578269e-09,
                6.89162460432e-09,
                1.71015945849e-09,
                5.29472229949e-11
            ],
            "dvar2": [
                5.13622921972e-07,
                0.000147185870446,
                0.00020008305728,
                3.68061992049e-05,
                0.000104113634734,
                6.89025682732e-06,
                8.44700662128e-06,
                5.9487465478e-06,
                9.32571037993e-06,
                1.46202883116e-05,
                1.69973754964e-05,
                5.70784595766e-06,
                3.21472793985e-06,
                3.12893143928e-06,
                1.37318158977e-06,
                1.14428053166e-06,
                6.92928267654e-07,
                2.35483952338e-07,
                1.73569503659e-07,
                8.94575791222e-08,
                5.24686747383e-08,
                2.72399489631e-08,
                1.45092977633e-08,
                1.33626514298e-08,
                1.29081900724e-08,
                3.42695849476e-09,
                1.13146755853e-10
            ],
            "max": [
                0.00632589496672,
                0.0766203552485,
                0.0797414928675,
                0.0552525445819,
                0.0689146369696,
                0.0330317467451,
                0.0260536018759,
                0.0297598131001,
                0.0426114648581,
                0.0641971975565,
                0.0656717270613,
                0.0451772846282,
                0.0248142667115,
                0.0242427121848,
                0.0197504647076,
                0.0133427213877,
                0.0197582505643,
                0.00644705630839,
                0.0069589712657,
                0.00425480213016,
                0.00236915401183,
                0.00238871108741,
                0.00163611629978,
                0.00261828699149,
                0.00236531812698,
                0.00123266130686,
                0.000140507880133
            ],
            "mean": [
                0.000155645233463,
                0.00389831885695,
                0.0032820913475,
                0.0024324010592,
                0.00458147516474,
                0.00198508519679,
                0.00119988969527,
                0.000810337485746,
                0.00144017511047,
                0.00149945449084,
                0.00192947057076,
                0.00115678529255,
                0.000873806246091,
                0.000960946083069,
                0.000527222175151,
                0.000579715007916,
                0.000419941585278,
                0.000332621333655,
                0.000350731424987,
                0.000282135006273,
                0.000240736611886,
                0.000108377163997,
                8.27988405945e-05,
                8.87848727871e-05,
                7.96372987679e-05,
                3.33211719408e-05,
                6.61788772049e-06
            ],
            "median": [
                3.22626874549e-05,
                0.00136546615977,
                0.00164439668879,
                0.00150261609815,
                0.00296849454753,
                0.00109393242747,
                0.000508997240104,
                0.00028097134782,
                0.000464904354885,
                0.000357725337381,
                0.000409993284848,
                0.00042055855738,
                0.000335243879817,
                0.000344584084814,
                0.000272129196674,
                0.000338989921147,
                0.000252240104601,
                0.00021730636945,
                0.000256308587268,
                0.000193525556824,
                0.000177692520083,
                5.9875586885e-05,
                4.30472136941e-05,
                3.8044017856e-05,
                3.2672251109e-05,
                1.14283684525e-05,
                2.62888579527e-06
            ],
            "min": [
                1.00088159982e-10,
                5.60280599693e-10,
                1.4991363706e-10,
                2.01305944136e-10,
                2.5117072866e-09,
                3.04313108046e-09,
                4.45508324676e-10,
                2.33192298804e-10,
                2.0163846981e-10,
                1.30521249364e-09,
                2.33629032786e-10,
                2.62934674033e-10,
                7.50458375998e-11,
                1.72073577609e-10,
                3.13827019927e-10,
                2.90277746284e-10,
                1.07101522095e-10,
                6.70826449944e-11,
                8.21873749612e-11,
                7.22524193253e-11,
                7.33720792456e-11,
                3.20603231463e-11,
                4.55117679654e-11,
                6.70612454456e-11,
                8.70042024537e-11,
                3.82031455082e-11,
                2.37890627336e-11
            ],
            "var": [
                1.86795105606e-07,
                5.53064674023e-05,
                4.65296179755e-05,
                1.22629699035e-05,
                3.96162795369e-05,
                7.34485820431e-06,
                4.16321472585e-06,
                2.5392967018e-06,
                9.03936415853e-06,
                1.44910527524e-05,
                2.72098095593e-05,
                7.33479737391e-06,
                2.81020288639e-06,
                3.4948634493e-06,
                8.99539315924e-07,
                7.56519341394e-07,
                4.8130164032e-07,
                1.82380915703e-07,
                1.46964509895e-07,
                1.15577456938e-07,
                6.02860481536e-08,
                1.81868546889e-08,
                1.21118644003e-08,
                2.55650469683e-08,
                1.91798790183e-08,
                4.10566558529e-09,
                1.11502064526e-10
            ]
        },
        "barkbands_crest": {
            "dmean": 2.62653636932,
            "dmean2": 4.30394983292,
            "dvar": 5.86611938477,
            "dvar2": 15.1292533875,
            "max": 26.5615386963,
            "mean": 9.06807804108,
            "median": 8.22071647644,
            "min": 2.34686779976,
            "var": 14.7749423981
        },
        "barkbands_flatness_db": {
            "dmean": 0.0207401160151,
            "dmean2": 0.0319443121552,
            "dvar": 0.000503642600961,
            "dvar2": 0.00115891487803,
            "max": 0.459879428148,
            "mean": 0.114740267396,
            "median": 0.103035539389,
            "min": 0.0137810446322,
            "var": 0.00269701029174
        },
        "barkbands_kurtosis": {
            "dmean": 2.61107134819,
            "dmean2": 4.25120019913,
            "dvar": 31.5352478027,
            "dvar2": 81.1131286621,
            "max": 116.278961182,
            "mean": 3.05826187134,
            "median": 0.879946529865,
            "min": -1.9098649025,
            "var": 50.1307449341
        },
        "barkbands_skewness": {
            "dmean": 0.5320058465,
            "dmean2": 0.83397769928,
            "dvar": 0.400276601315,
            "dvar2": 0.978023707867,
            "max": 10.1966562271,
            "mean": 1.2855527401,
            "median": 1.12510430813,
            "min": -6.79711437225,
            "var": 1.23531901836
        },
        "barkbands_spread": {
            "dmean": 5.13682794571,
            "dmean2": 7.98531913757,
            "dvar": 36.4140853882,
            "dvar2": 83.5329360962,
            "max": 109.913482666,
            "mean": 22.3666477203,
            "median": 21.919178009,
            "min": 0.957570970058,
            "var": 115.130332947
        },
        "dissonance": {
            "dmean": 0.0173254851252,
            "dmean2": 0.0292289368808,
            "dvar": 0.000299049454043,
            "dvar2": 0.000813272723462,
            "max": 0.500000119209,
            "mean": 0.469995439053,
            "median": 0.476354718208,
            "min": 0.188954621553,
            "var": 0.000608613539953
        },
        "dynamic_complexity": 3.21051502228,
        "erbbands": {
            "dmean": [
                0.0580320879817,
                0.776711463928,
                3.08860945702,
                4.65639400482,
                7.27537298203,
                12.7724561691,
                8.08255672455,
                9.76742649078,
                11.7518587112,
                13.8285665512,
                12.5371685028,
                19.078704834,
                27.5262126923,
                25.8100662231,
                37.3364295959,
                24.1088924408,
                23.1504631042,
                21.8121547699,
                19.4740581512,
                19.9400920868,
                17.1583118439,
                14.5031070709,
                8.879945755,
                9.72607803345,
                6.66286468506,
                6.36978435516,
                4.87194395065,
                3.17789936066,
                1.84914541245,
                1.44221627712,
                1.12391424179,
                0.830980122089,
                0.660813510418,
                0.456303328276,
                0.271787196398,
                0.0939837619662,
                0.0260018501431,
                0.00498174317181,
                0.000485819182359,
                3.35391196131e-05
            ],
            "dmean2": [
                0.0966457799077,
                1.33308088779,
                5.43997001648,
                7.99636554718,
                12.042634964,
                21.6609363556,
                13.1206827164,
                15.473482132,
                19.5942649841,
                23.2913742065,
                20.852060318,
                30.4551582336,
                43.1254920959,
                39.3420219421,
                56.2294387817,
                37.8707008362,
                37.0723686218,
                34.1046600342,
                31.1153850555,
                32.1500968933,
                27.3582649231,
                23.1971435547,
                14.2401762009,
                15.7850961685,
                11.010635376,
                10.402970314,
                7.87085866928,
                5.19945335388,
                2.97113180161,
                2.284709692,
                1.77857196331,
                1.26211714745,
                0.98636507988,
                0.669792115688,
                0.407994687557,
                0.139281153679,
                0.0381790436804,
                0.00733520276845,
                0.000721772026736,
                5.14659150213e-05
            ],
            "dvar": [
                0.0184290576726,
                4.32811689377,
                80.8977737427,
                125.498893738,
                167.337097168,
                797.988708496,
                174.562713623,
                263.93359375,
                646.678222656,
                1220.68127441,
                796.93371582,
                2282.56982422,
                5511.65283203,
                4489.09912109,
                9480.59179688,
                2992.99755859,
                2498.67114258,
                2307.19873047,
                1865.51599121,
                1764.20898438,
                1111.29968262,
                1123.6920166,
                260.795684814,
                262.645355225,
                101.853981018,
                88.3846435547,
                54.6234474182,
                21.9104118347,
                13.1327419281,
                9.22306442261,
                5.03170490265,
                3.34720945358,
                2.53630590439,
                1.29234790802,
                0.352860033512,
                0.0546103939414,
                0.00486988015473,
                0.00015353076742,
                1.34578897359e-06,
                4.71237093791e-09
            ],
            "dvar2": [
                0.0482249483466,
                11.952750206,
                231.278457642,
                354.014465332,
                446.017791748,
                2144.69482422,
                431.756896973,
                620.911132813,
                1663.85424805,
                3187.22509766,
                2091.19506836,
                5406.54931641,
                13217.4433594,
                9865.65527344,
                21621.4042969,
                6771.40917969,
                6217.41992188,
                5138.85253906,
                4551.06445313,
                4305.08349609,
                2669.76879883,
                2699.71557617,
                639.051940918,
                636.489868164,
                265.491271973,
                222.683822632,
                131.005752563,
                58.1519546509,
                34.5974273682,
                24.1493263245,
                12.5450334549,
                6.91543722153,
                4.54573583603,
                2.37103486061,
                0.73997759819,
                0.111489839852,
                0.010057978332,
                0.000315237120958,
                2.80754238702e-06,
                1.13029159365e-08
            ],
            "max": [
                1.46829152107,
                21.4305610657,
                78.3513565063,
                139.693832397,
                134.754455566,
                314.51071167,
                342.352996826,
                334.0965271,
                415.694824219,
                681.761962891,
                572.736816406,
                1326.92089844,
                1533.81994629,
                1992.00268555,
                2505.67285156,
                1814.74975586,
                1092.77893066,
                1227.53149414,
                1050.56713867,
                1336.46691895,
                908.952331543,
                1362.09326172,
                449.232696533,
                479.420410156,
                206.335739136,
                194.784500122,
                149.255279541,
                87.2983474731,
                86.125793457,
                101.340507507,
                48.7147331238,
                56.2281112671,
                52.0639686584,
                46.0485610962,
                15.4588527679,
                7.34777593613,
                2.35234427452,
                0.27846005559,
                0.0219807811081,
                0.00137786206324
            ],
            "mean": [
                0.079153932631,
                1.00649762154,
                3.54640889168,
                6.43533039093,
                10.874464035,
                17.3515586853,
                14.6597833633,
                16.943775177,
                17.3030891418,
                18.034412384,
                18.477558136,
                32.095161438,
                46.4241981506,
                49.891418457,
                73.4162445068,
                46.6982269287,
                42.6217689514,
                40.359161377,
                37.1288566589,
                33.2243881226,
                30.7967739105,
                26.1495761871,
                17.7381515503,
                19.9846115112,
                14.5891151428,
                14.1043739319,
                11.4548540115,
                7.43407297134,
                4.0756816864,
                2.9849550724,
                2.35506820679,
                1.85150361061,
                1.4622913599,
                0.985457837582,
                0.532660126686,
                0.182496711612,
                0.0539854802191,
                0.0105629526079,
                0.00106077152304,
                9.02166793821e-05
            ],
            "median": [
                0.0292168930173,
                0.344319045544,
                1.83606100082,
                3.93160104752,
                7.55607366562,
                10.0697107315,
                9.41037845612,
                9.16858196259,
                7.49324798584,
                6.8532781601,
                8.49106216431,
                10.6146697998,
                13.3544797897,
                15.8346385956,
                22.0424785614,
                19.9863510132,
                18.5675411224,
                16.7362251282,
                15.9052581787,
                18.4290428162,
                19.0778198242,
                16.2413444519,
                12.2828760147,
                14.2871742249,
                11.4296827316,
                9.90248298645,
                8.07254695892,
                5.40450954437,
                2.32599329948,
                1.55497658253,
                1.18167424202,
                0.881749868393,
                0.579578697681,
                0.381292998791,
                0.214817792177,
                0.0659280866385,
                0.0181493740529,
                0.00364382914267,
                0.000438789924374,
                6.35339456494e-05
            ],
            "min": [
                1.74376477702e-08,
                1.18689690964e-07,
                2.25601425541e-07,
                3.42473214232e-07,
                2.55214968092e-06,
                9.6748717624e-06,
                2.00693502848e-05,
                2.74222820735e-05,
                1.3322034647e-05,
                3.88191347156e-06,
                5.25578934685e-06,
                5.46841101823e-06,
                2.46673662332e-05,
                3.23365020449e-05,
                1.2521759345e-05,
                9.56057101575e-06,
                4.44484840045e-06,
                7.93735125626e-06,
                5.27559041075e-06,
                3.22285559378e-05,
                9.54295774136e-06,
                4.93869310958e-06,
                2.91736796498e-06,
                3.04094032799e-06,
                5.15005240231e-06,
                3.92213269151e-06,
                2.2893075311e-06,
                3.26832264363e-06,
                9.25898518744e-07,
                1.15632906272e-06,
                1.21480456983e-06,
                1.65837604982e-06,
                1.07004575511e-06,
                9.52447749114e-07,
                4.90202808123e-07,
                1.62895389622e-07,
                6.3667769723e-08,
                1.98925089734e-08,
                3.09048808766e-09,
                3.54964391214e-10
            ],
            "var": [
                0.0205968879163,
                4.01659393311,
                53.4121131897,
                103.116081238,
                170.319442749,
                723.925537109,
                356.074951172,
                591.278686523,
                885.798950195,
                1378.29943848,
                1031.16430664,
                5297.05126953,
                10984.0292969,
                12111.6464844,
                34487.2578125,
                9260.71582031,
                5643.57470703,
                5605.67626953,
                5294.07958984,
                2777.83251953,
                2090.87939453,
                1851.77832031,
                475.485717773,
                548.50793457,
                206.362503052,
                272.173797607,
                179.432495117,
                56.3479881287,
                24.7199363708,
                15.0611743927,
                11.1138877869,
                9.72646522522,
                7.8764128685,
                3.67404866219,
                0.787433862686,
                0.123786203563,
                0.0114212147892,
                0.000346339395037,
                2.89321496894e-06,
                8.90345663862e-09
            ]
        },
        "erbbands_crest": {
            "dmean": 2.7207326889,
            "dmean2": 4.37173223495,
            "dvar": 6.9010887146,
            "dvar2": 16.6776409149,
            "max": 31.1207866669,
            "mean": 8.97441864014,
            "median": 7.66783332825,
            "min": 2.46810626984,
            "var": 23.3362770081
        },
        "erbbands_flatness_db": {
            "dmean": 0.0162324849516,
            "dmean2": 0.023506488651,
            "dvar": 0.000275304773822,
            "dvar2": 0.000536973646376,
            "max": 0.380624651909,
            "mean": 0.148663237691,
            "median": 0.141840726137,
            "min": 0.0421786047518,
            "var": 0.00196344801225
        },
        "erbbands_kurtosis": {
            "dmean": 0.87851190567,
            "dmean2": 1.38020813465,
            "dvar": 1.94382095337,
            "dvar2": 4.45579433441,
            "max": 38.4177360535,
            "mean": 0.560994446278,
            "median": -0.212363675237,
            "min": -1.88209354877,
            "var": 6.47035264969
        },
        "erbbands_skewness": {
            "dmean": 0.344958722591,
            "dmean2": 0.528445243835,
            "dvar": 0.115469045937,
            "dvar2": 0.253976434469,
            "max": 4.59059476852,
            "mean": 0.258509457111,
            "median": 0.167667716742,
            "min": -4.91315937042,
            "var": 0.491037607193
        },
        "erbbands_spread": {
            "dmean": 7.61823940277,
            "dmean2": 11.6550970078,
            "dvar": 82.8633956909,
            "dvar2": 178.417236328,
            "max": 180.209793091,
            "mean": 36.6534690857,
            "median": 35.5034141541,
            "min": 2.57165789604,
            "var": 313.629425049
        },
        "gfcc": {
            "cov": [
                [
                    8211.03808594,
                    -900.174194336,
                    200.558944702,
                    84.0434799194,
                    11.9272232056,
                    304.273803711,
                    3.89466452599,
                    196.826202393,
                    -226.463027954,
                    77.9903259277,
                    -167.322265625,
                    43.2753868103,
                    -180.371658325
                ],
                [
                    -900.174194336,
                    1288.38903809,
                    -39.8815689087,
                    226.034957886,
                    204.118103027,
                    -38.4650535583,
                    189.193450928,
                    -134.144851685,
                    92.2975006104,
                    -121.023605347,
                    59.3273429871,
                    -122.796829224,
                    27.6300468445
                ],
                [
                    200.558944702,
                    -39.8815689087,
                    689.705627441,
                    172.419464111,
                    96.8613128662,
                    88.290145874,
                    -31.2998657227,
                    30.0276527405,
                    -20.7138824463,
                    3.26104259491,
                    -26.4544315338,
                    32.3670921326,
                    -33.9175720215
                ],
                [
                    84.0434799194,
                    226.034957886,
                    172.419464111,
                    311.209381104,
                    91.6940917969,
                    38.7040901184,
                    28.4767818451,
                    -16.9054851532,
                    55.7264060974,
                    -24.3080730438,
                    1.06954443455,
                    -16.0401344299,
                    -8.81154632568
                ],
                [
                    11.9272232056,
                    204.118103027,
                    96.8613128662,
                    91.6940917969,
                    251.584228516,
                    82.5946578979,
                    94.4860534668,
                    6.01052570343,
                    -8.24485683441,
                    5.49795770645,
                    -1.34968483448,
                    -5.64469146729,
                    4.70451927185
                ],
                [
                    304.273803711,
                    -38.4650535583,
                    88.290145874,
                    38.7040901184,
                    82.5946578979,
                    222.952087402,
                    109.538635254,
                    39.4477500916,
                    -28.8477230072,
                    3.37043023109,
                    0.521874427795,
                    -7.81934785843,
                    -18.1045856476
                ],
                [
                    3.89466452599,
                    189.193450928,
                    -31.2998657227,
                    28.4767818451,
                    94.4860534668,
                    109.538635254,
                    208.415496826,
                    39.4428138733,
                    -2.65249466896,
                    -10.7644634247,
                    15.9313640594,
                    -27.5255413055,
                    -0.906373560429
                ],
                [
                    196.826202393,
                    -134.144851685,
                    30.0276527405,
                    -16.9054851532,
                    6.01052570343,
                    39.4477500916,
                    39.4428138733,
                    123.949394226,
                    22.0936412811,
                    23.6088809967,
                    -9.89584636688,
                    12.692612648,
                    3.37898635864
                ],
                [
                    -226.463027954,
                    92.2975006104,
                    -20.7138824463,
                    55.7264060974,
                    -8.24485683441,
                    -28.8477230072,
                    -2.65249466896,
                    22.0936412811,
                    117.441299438,
                    15.8950681686,
                    6.99880695343,
                    -4.51761484146,
                    5.67788648605
                ],
                [
                    77.9903259277,
                    -121.023605347,
                    3.26104259491,
                    -24.3080730438,
                    5.49795770645,
                    3.37043023109,
                    -10.7644634247,
                    23.6088809967,
                    15.8950681686,
                    89.1405944824,
                    22.848526001,
                    15.8425579071,
                    -8.40875816345
                ],
                [
                    -167.322265625,
                    59.3273429871,
                    -26.4544315338,
                    1.06954443455,
                    -1.34968483448,
                    0.521874427795,
                    15.9313640594,
                    -9.89584636688,
                    6.99880695343,
                    22.848526001,
                    86.6859359741,
                    15.7368021011,
                    13.0349225998
                ],
                [
                    43.2753868103,
                    -122.796829224,
                    32.3670921326,
                    -16.0401344299,
                    -5.64469146729,
                    -7.81934785843,
                    -27.5255413055,
                    12.692612648,
                    -4.51761484146,
                    15.8425579071,
                    15.7368021011,
                    84.0315933228,
                    28.1818027496
                ],
                [
                    -180.371658325,
                    27.6300468445,
                    -33.9175720215,
                    -8.81154632568,
                    4.70451927185,
                    -18.1045856476,
                    -0.906373560429,
                    3.37898635864,
                    5.67788648605,
                    -8.40875816345,
                    13.0349225998,
                    28.1818027496,
                    74.1271362305
                ]
            ],
            "icov": [
                [
                    0.000163707401953,
                    9.01554813026e-06,
                    8.51869990584e-05,
                    -0.000214457060792,
                    6.38382334728e-05,
                    -0.000153872912051,
                    8.71540687513e-05,
                    -0.000289947201964,
                    0.000432157452451,
                    -0.000186500343261,
                    0.000288351846393,
                    -0.000195746775717,
                    0.000350575748598
                ],
                [
                    9.01554813026e-06,
                    0.00248278630897,
                    -0.000281528104097,
                    -0.00030540881562,
                    -0.00160142756067,
                    0.00150128721725,
                    -0.00215982925147,
                    0.0024391761981,
                    -0.00219752476551,
                    0.00277397432365,
                    -0.00202415022068,
                    0.00267498893663,
                    -0.000915954005904
                ],
                [
                    8.51869990584e-05,
                    -0.000281528104097,
                    0.00223720632493,
                    -0.00134929607157,
                    -0.000347942084773,
                    -0.000920362595934,
                    0.00142136169598,
                    -0.00130855175667,
                    0.00133484776597,
                    -0.000363228842616,
                    0.000697681680322,
                    -0.00145967851859,
                    0.00133861752693
                ],
                [
                    -0.000214457060792,
                    -0.00030540881562,
                    -0.00134929607157,
                    0.00561356777325,
                    -0.00132053415291,
                    -0.000507937220391,
                    7.29369203327e-05,
                    0.00150302820839,
                    -0.00375337153673,
                    0.00184806704056,
                    -0.000821484951302,
                    0.000528398377355,
                    -2.52583286056e-05
                ],
                [
                    6.38382334728e-05,
                    -0.00160142756067,
                    -0.000347942084773,
                    -0.00132053415291,
                    0.00706282164901,
                    -0.0016428247327,
                    -0.00125708756968,
                    -0.000637935125269,
                    0.00245039444417,
                    -0.00379323819652,
                    0.00266653206199,
                    -0.0018783994019,
                    -0.00077245227294
                ],
                [
                    -0.000153872912051,
                    0.00150128721725,
                    -0.000920362595934,
                    -0.000507937220391,
                    -0.0016428247327,
                    0.00843028072268,
                    -0.00480982055888,
                    0.000371350441128,
                    0.00032546260627,
                    0.00127235217951,
                    -0.00144924409688,
                    0.00145706522744,
                    0.000492303457577
                ],
                [
                    8.71540687513e-05,
                    -0.00215982925147,
                    0.00142136169598,
                    7.29369203327e-05,
                    -0.00125708756968,
                    -0.00480982055888,
                    0.0111587150022,
                    -0.00522130308673,
                    0.00208419747651,
                    -0.00015869049821,
                    -0.000847835908644,
                    0.000191411774722,
                    0.000854314945173
                ],
                [
                    -0.000289947201964,
                    0.0024391761981,
                    -0.00130855175667,
                    0.00150302820839,
                    -0.000637935125269,
                    0.000371350441128,
                    -0.00522130308673,
                    0.0143387010321,
                    -0.00607193633914,
                    0.000111579560325,
                    0.000606266781688,
                    0.00104734615888,
                    -0.00264808349311
                ],
                [
                    0.000432157452451,
                    -0.00219752476551,
                    0.00133484776597,
                    -0.00375337153673,
                    0.00245039444417,
                    0.00032546260627,
                    0.00208419747651,
                    -0.00607193633914,
                    0.015065709129,
                    -0.00563140632585,
                    0.0022129281424,
                    -0.00164949602913,
                    0.000706689199433
                ],
                [
                    -0.000186500343261,
                    0.00277397432365,
                    -0.000363228842616,
                    0.00184806704056,
                    -0.00379323819652,
                    0.00127235217951,
                    -0.00015869049821,
                    0.000111579560325,
                    -0.00563140632585,
                    0.0187661461532,
                    -0.0075004468672,
                    0.001144425245,
                    0.00255412841216
                ],
                [
                    0.000288351846393,
                    -0.00202415022068,
                    0.000697681680322,
                    -0.000821484951302,
                    0.00266653206199,
                    -0.00144924409688,
                    -0.000847835908644,
                    0.000606266781688,
                    0.0022129281424,
                    -0.0075004468672,
                    0.0168494880199,
                    -0.00517821265385,
                    -0.000898069993127
                ],
                [
                    -0.000195746775717,
                    0.00267498893663,
                    -0.00145967851859,
                    0.000528398377355,
                    -0.0018783994019,
                    0.00145706522744,
                    0.000191411774722,
                    0.00104734615888,
                    -0.00164949602913,
                    0.001144425245,
                    -0.00517821265385,
                    0.0198442544788,
                    -0.00802647136152
                ],
                [
                    0.000350575748598,
                    -0.000915954005904,
                    0.00133861752693,
                    -2.52583286056e-05,
                    -0.00077245227294,
                    0.000492303457577,
                    0.000854314945173,
                    -0.00264808349311,
                    0.000706689199433,
                    0.00255412841216,
                    -0.000898069993127,
                    -0.00802647136152,
                    0.0190397519618
                ]
            ],
            "mean": [
                12.4663105011,
                87.3457641602,
                -119.85509491,
                26.8933296204,
                -51.0501785278,
                10.3930797577,
                -36.1110992432,
                2.89984464645,
                -31.2578964233,
                -0.694473624229,
                -16.6977939606,
                -0.977713227272,
                -6.64815711975
            ]
        },
        "hfc": {
            "dmean": 5.78049325943,
            "dmean2": 8.75137424469,
            "dvar": 66.778968811,
            "dvar2": 159.237457275,
            "max": 98.9827804565,
            "mean": 23.0682563782,
            "median": 21.0025787354,
            "min": 1.02230187622e-05,
            "var": 267.599639893
        },
        "melbands": {
            "dmean": [
                0.000650112750009,
                0.0014087986201,
                0.00081861455692,
                0.00077242864063,
                0.000311320356559,
                0.000219537745579,
                0.000170262108441,
                0.000150273132022,
                0.000106846709969,
                0.000122389508761,
                0.00014256790746,
                0.000108654923679,
                0.000149145445903,
                7.50635081204e-05,
                7.05304482835e-05,
                4.54011315014e-05,
                4.40782605438e-05,
                3.85726707464e-05,
                2.54732931353e-05,
                2.64837963186e-05,
                2.07228749787e-05,
                1.77257770702e-05,
                8.75978184922e-06,
                9.98105679173e-06,
                8.67118069436e-06,
                6.44201736577e-06,
                4.62099615106e-06,
