{
    "lowlevel": {
        "average_loudness": 0.715185046196,
        "barkbands": {
            "dmean": [
                0.000111581633973,
                0.00134458090179,
                0.00376050267369,
                0.00179274065886,
                0.0019582528621,
                0.0012827104656,
                0.000773755135015,
                0.000869162613526,
                0.000990251428448,
                0.00118822499644,
                0.000402408652008,
                0.000336020835675,
                0.00036687660031,
                0.000331884308252,
                0.000205939781154,
                0.000129412670503,
                0.000218981163925,
                0.000201153321541,
                0.000197200657567,
                0.000182832212886,
                0.000220928937779,
                0.000184464530321,
                0.00018069941143,
                0.000337790930644,
                0.000277680606814,
                7.5799311162e-05,
                4.86525241286e-05
            ],
            "dmean2": [
                0.000189677914022,
                0.00215627579018,
                0.00655488949269,
                0.00317589077167,
                0.00318043213338,
                0.00204998068511,
                0.00126124999952,
                0.00138484267518,
                0.00154953403398,
                0.00179476162884,
                0.000645195890684,
                0.000518470013048,
                0.000546830124222,
                0.000498447392602,
                0.000323590444168,
                0.00019489985425,
                0.000326910696458,
                0.000303162931232,
                0.000292752607493,
                0.000282450637314,
                0.000338692334481,
                0.0002910924959,
                0.000298023136565,
                0.000572220422328,
                0.000482833333081,
                0.000129450956592,
                8.70015428518e-05
            ],
            "dvar": [
                1.73958682126e-07,
                1.18260995805e-05,
                0.000116440816782,
                2.516985478e-05,
                1.98671896214e-05,
                1.47779983308e-05,
                5.75176545681e-06,
                6.29361557003e-06,
                6.97998120813e-06,
                1.00555698737e-05,
                8.15451528524e-07,
                8.03761906809e-07,
                8.78600474152e-07,
                8.47390936087e-07,
                3.72740686316e-07,
                8.12616889334e-08,
                1.3967590462e-07,
                1.063069206e-07,
                8.60470663611e-08,
                1.07271453942e-07,
                1.62104839774e-07,
                1.11000289849e-07,
                1.54786974349e-07,
                8.06203502179e-07,
                6.37108371393e-07,
                4.26961541677e-08,
                2.44001530092e-08
            ],
            "dvar2": [
                4.30761417647e-07,
                3.00674109894e-05,
                0.000320673600072,
                7.0600755862e-05,
                4.78158617625e-05,
                3.67252978322e-05,
                1.4629996258e-05,
                1.55557318067e-05,
                1.67980051629e-05,
                2.08075925912e-05,
                1.93621349354e-06,
                1.79631547326e-06,
                1.7303691493e-06,
                1.78601953849e-06,
                8.38895914512e-07,
                1.63967172284e-07,
                2.8897983384e-07,
                2.33415960338e-07,
                1.86459203633e-07,
                2.51781926863e-07,
                3.62206662885e-07,
                2.65803947741e-07,
                4.1479296442e-07,
                2.20225524572e-06,
                1.74966805844e-06,
                1.16394176075e-07,
                6.72407125535e-08
            ],
            "max": [
                0.0102439671755,
                0.0425732731819,
                0.112752377987,
                0.0479068309069,
                0.0692345127463,
                0.0564313232899,
                0.0564653500915,
                0.0584038086236,
                0.0521282628179,
                0.0627752691507,
                0.0179903283715,
                0.0234506782144,
                0.0251279734075,
                0.0158840082586,
                0.015329349786,
                0.00761892320588,
                0.00798693392426,
                0.00590523891151,
                0.00560644455254,
                0.00694486731663,
                0.00599223049358,
                0.00488641858101,
                0.00578172551468,
                0.0146535951644,
                0.0104671092704,
                0.00375509238802,
                0.00245364825241
            ],
            "mean": [
                0.000108366526547,
                0.00207105418667,
                0.00471138441935,
                0.00188530981541,
                0.00274758436717,
                0.00135873118415,
                0.0010042876238,
                0.00111418764573,
                0.00129199912772,
                0.00173866632394,
                0.000540641660336,
                0.000451227766462,
                0.000532817328349,
                0.000472836458357,
                0.000268629664788,
                0.000203933843295,
                0.000364503619494,
                0.000365680869436,
                0.000380003155442,
                0.000300069776131,
                0.000389285880374,
                0.000301136838971,
                0.000250076787779,
                0.000387795560528,
                0.000271413911832,
                7.7875534771e-05,
                3.72369941033e-05
            ],
            "median": [
                7.57023690312e-06,
                0.00022165766859,
                0.000210119033,
                0.000247219461016,
                0.00095567421522,
                0.000273758283583,
                0.000317013007589,
                0.000262638786808,
                0.000218370943912,
                0.000185420940397,
                0.000130708474899,
                7.8238947026e-05,
                9.22303879634e-05,
                7.70959595684e-05,
                6.09698909102e-05,
                5.73156066821e-05,
                0.000140175514389,
                0.000182640418643,
                0.000220610236283,
                9.25043932511e-05,
                8.4607017925e-05,
                0.000118562951684,
                9.23530678847e-05,
                0.000105044768134,
                3.61249549314e-05,
                9.33753017307e-06,
                1.44878504216e-06
            ],
            "min": [
                8.95858528419e-13,
                4.11172628605e-14,
                2.98173469829e-15,
                1.4995917885e-15,
                8.88721706632e-15,
                1.166064434e-14,
                8.53855712941e-15,
                1.36381113651e-14,
                5.97960791532e-15,
                3.98823430336e-15,
                3.59558243978e-15,
                9.19103762011e-15,
                6.53391008765e-15,
                2.08025574373e-15,
                4.49792409739e-15,
                3.81615363089e-15,
                1.01931580648e-14,
                7.8809961351e-15,
                1.93411875871e-14,
                8.4501650062e-15,
                7.21977172328e-15,
                1.52331540258e-14,
                1.14406936005e-14,
                2.52702386468e-14,
                1.56333720112e-14,
                2.19988567971e-14,
                7.5035177724e-12
            ],
            "var": [
                1.52840001988e-07,
                1.94562489924e-05,
                0.000119931079098,
                1.95454213099e-05,
                2.78813604382e-05,
                1.38200421134e-05,
                6.21396293354e-06,
                7.7576505646e-06,
                9.67509913608e-06,
                1.99922887987e-05,
                1.52815061938e-06,
                1.39099438456e-06,
                2.10252756006e-06,
                1.75633510935e-06,
                5.54189000468e-07,
                1.86516231793e-07,
                3.42397044051e-07,
                2.59350571241e-07,
                2.15360998368e-07,
                2.31035542697e-07,
                4.09488251307e-07,
                2.10817120205e-07,
                1.68853489413e-07,
                6.73515103244e-07,
                4.76461821108e-07,
                3.52584450525e-08,
                1.61867355075e-08
            ]
        },
        "barkbands_crest": {
            "dmean": 2.90287351608,
            "dmean2": 4.75112581253,
            "dvar": 7.64883804321,
            "dvar2": 19.5501937866,
            "max": 26.8305110931,
            "mean": 10.0724611282,
            "median": 9.28400421143,
            "min": 2.34421062469,
            "var": 19.4022045135
        },
        "barkbands_flatness_db": {
            "dmean": 0.0260376594961,
            "dmean2": 0.0397686250508,
            "dvar": 0.000729618303012,
            "dvar2": 0.00163886090741,
            "max": 0.670974671841,
            "mean": 0.131643950939,
            "median": 0.116111382842,
            "min": 0.0197975710034,
            "var": 0.00477281678468
        },
        "barkbands_kurtosis": {
            "dmean": 5.37571239471,
            "dmean2": 8.54384708405,
            "dvar": 1245.57165527,
            "dvar2": 2147.52124023,
            "max": 3532.64599609,
            "mean": 10.0421791077,
            "median": 1.48148453236,
            "min": -1.92127835751,
            "var": 12582.8417969
        },
        "barkbands_skewness": {
            "dmean": 0.772787988186,
            "dmean2": 1.20493638515,
            "dvar": 1.09344732761,
            "dvar2": 2.5723054409,
            "max": 44.3347053528,
            "mean": 1.52296578884,
            "median": 1.26178646088,
            "min": -3.92661857605,
            "var": 5.02920103073
        },
        "barkbands_spread": {
            "dmean": 9.45272254944,
            "dmean2": 15.1695775986,
            "dvar": 157.576370239,
            "dvar2": 405.582885742,
            "max": 158.918640137,
            "mean": 27.4891891479,
            "median": 22.2862243652,
            "min": 0.0132834352553,
            "var": 430.434814453
        },
        "dissonance": {
            "dmean": 0.0235351268202,
            "dmean2": 0.0390422791243,
            "dvar": 0.00057586323237,
            "dvar2": 0.00148472457658,
            "max": 0.499999970198,
            "mean": 0.451306045055,
            "median": 0.462288320065,
            "min": 0.115694500506,
            "var": 0.00180381746031
        },
        "dynamic_complexity": 4.66169929504,
        "erbbands": {
            "dmean": [
                0.0215140767395,
                0.408278495073,
                3.4015288353,
                6.05997514725,
                5.36168622971,
                7.88536739349,
                4.90391778946,
                13.9095945358,
                9.73903942108,
                14.9551858902,
                20.0214214325,
                22.84075737,
                29.9599170685,
                29.414604187,
                14.9468927383,
                14.1050319672,
                15.6483783722,
                17.4373664856,
                11.2857351303,
                9.03443622589,
                7.00152730942,
                11.556145668,
                10.1973981857,
                10.4329624176,
                8.90079784393,
                9.13855648041,
                7.39747285843,
                9.46078586578,
                6.38942337036,
                5.62611341476,
                5.5398850441,
                6.17015504837,
                6.12450695038,
                4.17848443985,
                1.34625864029,
                0.397530406713,
                0.126923188567,
                0.04261129722,
                0.0101152164862,
                0.000371661968529
            ],
            "dmean2": [
                0.0351364389062,
                0.66807615757,
                5.8985452652,
                10.7308006287,
                8.90472412109,
                12.6771869659,
                7.70541858673,
                22.3076839447,
                15.8286952972,
                24.3676376343,
                31.4911155701,
                35.7770957947,
                45.1226768494,
                44.3901939392,
                23.6830997467,
                21.2896213531,
                22.7558612823,
                25.9725112915,
                17.1239719391,
                13.8530521393,
                10.2353162766,
                16.9256458282,
                14.9204320908,
                15.3305206299,
                13.4140787125,
                14.1539669037,
                11.3465986252,
                14.5490760803,
                10.0117692947,
                9.15812492371,
                9.1225566864,
                10.3841018677,
                10.5158166885,
                7.30911588669,
                2.30437278748,
                0.666839599609,
                0.219939008355,
                0.0755276679993,
                0.0181335713714,
                0.000661331054289
            ],
            "dvar": [
                0.00422089872882,
                1.07140946388,
                90.8439025879,
                301.681732178,
                101.760719299,
                398.775085449,
                127.449645996,
                1986.01916504,
                877.978637695,
                2001.55371094,
                3372.41455078,
                4320.32617188,
                8165.578125,
                6792.20947266,
                1166.1192627,
                1347.70300293,
                1653.97595215,
                2178.88354492,
                1072.50952148,
                554.20513916,
                188.295791626,
                449.16809082,
                272.027374268,
                277.631652832,
                179.174865723,
                307.780151367,
                196.77381897,
                306.277954102,
                129.407028198,
                120.652389526,
                147.730682373,
                244.590301514,
                293.26361084,
                153.817764282,
                13.0150003433,
                1.03356170654,
                0.133322790265,
                0.0174135118723,
                0.00109031889588,
                1.42279748161e-06
            ],
            "dvar2": [
                0.0113989980891,
                2.76158094406,
                248.538955688,
                847.254089355,
                258.543029785,
                927.930969238,
                308.066925049,
                4936.25146484,
                2187.79492188,
                5151.91015625,
                8376.19726563,
                10637.8876953,
                17147.25,
                13765.3183594,
                2853.70239258,
                2956.55419922,
                3069.30566406,
                4634.37695313,
                2362.61914063,
                1197.03601074,
                352.073638916,
                920.458251953,
                555.863037109,
                621.17779541,
                394.922729492,
                723.782836914,
                449.937347412,
                679.141845703,
                314.649047852,
                312.625488281,
                396.768493652,
                669.042053223,
                802.617126465,
                423.276062012,
                35.4695281982,
                2.7892537117,
                0.365189403296,
                0.0477137826383,
                0.003009673208,
                3.92528227167e-06
            ],
            "max": [
                1.41956591606,
                12.1895437241,
                101.333686829,
                161.210861206,
                141.552825928,
                320.252319336,
                136.532699585,
                684.897521973,
                683.355224609,
                938.556396484,
                1219.41772461,
                1439.10620117,
                2509.33447266,
                1538.19873047,
                619.055358887,
                998.222229004,
                1413.08312988,
                871.23034668,
                753.03894043,
                677.036315918,
                359.433776855,
                556.174438477,
                390.448272705,
                350.902526855,
                259.231872559,
                448.332855225,
                271.35635376,
                315.086486816,
                175.575180054,
                163.028076172,
                183.595306396,
                260.290252686,
                272.723083496,
                156.025482178,
                52.216381073,
                22.1857433319,
                5.23056077957,
                1.85256886482,
                0.534533560276,
                0.016303807497
            ],
            "mean": [
                0.0319855473936,
                0.619941174984,
                4.43712520599,
                6.85874891281,
                7.26679706573,
                10.4682216644,
                6.74912548065,
                13.8449420929,
                12.8906173706,
                19.651184082,
                27.2478141785,
                30.726890564,
                42.681388855,
                45.4628295898,
                21.3539867401,
                21.2000350952,
                25.0007457733,
                26.1717453003,
                15.8866672516,
                13.5001277924,
                12.0830507278,
                20.2232990265,
                20.3083190918,
                20.0672874451,
                17.1857528687,
                15.1755561829,
                12.9535055161,
                16.3687057495,
                10.5668058395,
                8.61620235443,
                7.6902141571,
                7.69918012619,
                6.38944625854,
                3.8711438179,
                1.43460309505,
                0.459758609533,
                0.122490905225,
                0.0340894274414,
                0.00772374030203,
                0.000305861758534
            ],
            "median": [
                0.00601774360985,
                0.0508023947477,
                0.209542319179,
                0.720383584499,
                2.39259147644,
                2.80609607697,
                2.04464864731,
                2.34115123749,
                3.87727403641,
                6.59481573105,
                7.0336227417,
                7.04900455475,
                6.87454032898,
                7.34608459473,
                6.53601551056,
                4.87806129456,
                5.11901855469,
                5.11661815643,
                3.23861980438,
                3.86707115173,
                4.33300924301,
                8.15232276917,
                10.6642827988,
                11.4256258011,
                10.6974439621,
                4.48095035553,
                3.04191732407,
                3.48566007614,
                4.37986469269,
                3.4418091774,
                2.56752753258,
                2.47239542007,
                1.42703342438,
                0.476938933134,
                0.223062515259,
                0.0564429685473,
                0.0137554425746,
                0.00256579648703,
                0.000276775739621,
                3.82722428185e-05
            ],
            "min": [
                3.09765060824e-11,
                1.73797989889e-11,
                6.64159092306e-12,
                6.82885952646e-12,
                2.40760675285e-11,
                3.23879256747e-11,
                4.93627361209e-11,
                1.06841799297e-10,
                8.17137676967e-11,
                1.7191416346e-10,
                2.90912210987e-10,
                1.41885767024e-10,
                1.05288645857e-10,
                1.18893561663e-10,
                2.85328760619e-10,
                3.22956633658e-10,
                2.89852364332e-10,
                1.47741055501e-10,
                2.28842347849e-10,
                2.14912213026e-10,
                2.09930406392e-10,
                5.49907230862e-10,
                3.52352313993e-10,
                1.07763631352e-09,
                6.96302515646e-10,
                4.32144042772e-10,
                1.9682971919e-10,
                4.20169093962e-10,
                5.21461651637e-10,
                3.62906399376e-10,
                3.64883373516e-10,
                3.82000014953e-10,
                5.25929633177e-10,
                1.69057587374e-10,
                1.252025289e-10,
                7.23290802251e-11,
                6.06020372773e-11,
                2.77099020812e-11,
                2.20620882674e-10,
                2.12502224151e-10
            ],
            "var": [
                0.0048591629602,
                1.68892014027,
                98.9355621338,
                242.080337524,
                141.694320679,
                540.151245117,
                164.120498657,
                1801.93286133,
                1020.06329346,
                2303.40307617,
                4309.43945313,
                5774.62402344,
                12688.7578125,
                15882.3505859,
                2008.16027832,
                2575.74658203,
                4589.2890625,
                4485.98974609,
                1764.74645996,
                917.88079834,
                495.920135498,
                1085.6418457,
                781.63873291,
                673.239074707,
                426.860900879,
                663.332824707,
                435.013000488,
                768.011779785,
                242.342987061,
                182.96522522,
                161.630310059,
                221.032150269,
                225.625473022,
                110.104774475,
                10.8315114975,
                1.02524077892,
                0.101290978491,
                0.0118632595986,
                0.000718840165064,
                9.49652587678e-07
            ]
        },
        "erbbands_crest": {
            "dmean": 3.02214288712,
            "dmean2": 4.84054374695,
            "dvar": 8.5969209671,
            "dvar2": 20.138879776,
            "max": 30.6329345703,
            "mean": 9.7605676651,
            "median": 8.60882282257,
            "min": 2.35993862152,
            "var": 24.325176239
        },
        "erbbands_flatness_db": {
            "dmean": 0.0212503839284,
            "dmean2": 0.0307179931551,
            "dvar": 0.00046473077964,
            "dvar2": 0.000891566567589,
            "max": 0.571454167366,
            "mean": 0.15603390336,
            "median": 0.149722278118,
            "min": 0.017644379288,
            "var": 0.00379061372951
        },
        "erbbands_kurtosis": {
            "dmean": 1.20890533924,
            "dmean2": 1.92703855038,
            "dvar": 13.0339126587,
            "dvar2": 36.3556747437,
            "max": 220.063949585,
            "mean": 0.954020857811,
            "median": -0.0127231860533,
            "min": -1.86968648434,
            "var": 38.6993522644
        },
        "erbbands_skewness": {
            "dmean": 0.464858859777,
            "dmean2": 0.713782787323,
            "dvar": 0.257461458445,
            "dvar2": 0.622316837311,
            "max": 11.5389661789,
            "mean": 0.45078933239,
            "median": 0.485117733479,
            "min": -3.22212195396,
            "var": 0.916820347309
        },
        "erbbands_spread": {
            "dmean": 12.3739175797,
            "dmean2": 18.9769973755,
            "dvar": 234.889770508,
            "dvar2": 545.456970215,
            "max": 185.063934326,
            "mean": 44.3376846313,
            "median": 39.0171966553,
            "min": 0.39809513092,
            "var": 646.02722168
        },
        "gfcc": {
            "cov": [
                [
                    27230.859375,
                    -1473.63134766,
                    -275.580657959,
                    1359.13781738,
                    -658.770690918,
                    1184.15332031,
                    -140.556854248,
                    681.60736084,
                    -361.734069824,
                    363.026123047,
                    -710.428222656,
                    192.868011475,
                    -308.566802979
                ],
                [
                    -1473.63134766,
                    2648.41650391,
                    -378.724060059,
                    -230.615310669,
                    29.1467838287,
                    -270.171203613,
                    -33.4677314758,
                    -137.30329895,
                    87.4468688965,
                    -210.067214966,
                    229.66355896,
                    -68.0526657104,
                    37.8618049622
                ],
                [
                    -275.580657959,
                    -378.724060059,
                    1455.06152344,
                    455.673370361,
                    313.825378418,
                    180.799636841,
                    78.3590316772,
                    62.9057426453,
                    -13.3758077621,
                    78.3373184204,
                    -66.387512207,
                    -5.92936325073,
                    -18.5037651062
                ],
                [
                    1359.13781738,
                    -230.615310669,
                    455.673370361,
                    845.360168457,
                    236.536499023,
                    283.583557129,
                    160.567977905,
                    73.8974838257,
                    52.7178916931,
                    97.8239212036,
                    -133.520477295,
                    -55.4145469666,
                    53.730556488
                ],
                [
                    -658.770690918,
                    29.1467838287,
                    313.825378418,
                    236.536499023,
                    420.701873779,
                    159.574737549,
                    133.965576172,
                    19.5908756256,
                    101.118873596,
                    53.7131271362,
                    -19.985200882,
                    -38.9754257202,
                    24.5309448242
                ],
                [
                    1184.15332031,
                    -270.171203613,
                    180.799636841,
                    283.583557129,
                    159.574737549,
                    375.82220459,
                    193.123260498,
                    165.483169556,
                    24.7974491119,
                    65.2755966187,
                    -60.4231033325,
                    5.40960884094,
                    -16.0850753784
                ],
                [
                    -140.556854248,
                    -33.4677314758,
                    78.3590316772,
                    160.567977905,
                    133.965576172,
                    193.123260498,
                    348.133514404,
                    106.642936707,
                    45.7296104431,
                    -4.07875394821,
                    -23.8766422272,
                    -8.36395931244,
                    59.6268844604
                ],
                [
                    681.60736084,
                    -137.30329895,
                    62.9057426453,
                    73.8974838257,
                    19.5908756256,
                    165.483169556,
                    106.642936707,
                    210.984817505,
                    30.4244270325,
                    39.8679847717,
                    -0.877217054367,
                    22.9005966187,
                    -42.1610069275
                ],
                [
                    -361.734069824,
                    87.4468688965,
                    -13.3758077621,
                    52.7178916931,
                    101.118873596,
                    24.7974491119,
                    45.7296104431,
                    30.4244270325,
                    170.028213501,
                    72.6337661743,
                    16.8409690857,
                    -12.732172966,
                    28.0876712799
                ],
                [
                    363.026123047,
                    -210.067214966,
                    78.3373184204,
                    97.8239212036,
                    53.7131271362,
                    65.2755966187,
                    -4.07875394821,
                    39.8679847717,
                    72.6337661743,
                    151.348480225,
                    -0.0427644625306,
                    27.0987892151,
                    6.7381067276
                ],
                [
                    -710.428222656,
                    229.66355896,
                    -66.387512207,
                    -133.520477295,
                    -19.985200882,
                    -60.4231033325,
                    -23.8766422272,
                    -0.877217054367,
                    16.8409690857,
                    -0.0427644625306,
                    154.339385986,
                    52.7931480408,
                    -14.796248436
                ],
                [
                    192.868011475,
                    -68.0526657104,
                    -5.92936325073,
                    -55.4145469666,
                    -38.9754257202,
                    5.40960884094,
                    -8.36395931244,
                    22.9005966187,
                    -12.732172966,
                    27.0987892151,
                    52.7931480408,
                    120.475334167,
                    16.4255371094
                ],
                [
                    -308.566802979,
                    37.8618049622,
                    -18.5037651062,
                    53.730556488,
                    24.5309448242,
                    -16.0850753784,
                    59.6268844604,
                    -42.1610069275,
                    28.0876712799,
                    6.7381067276,
                    -14.796248436,
                    16.4255371094,
                    149.921569824
                ]
            ],
            "icov": [
                [
                    7.18678056728e-05,
                    -4.35294859926e-05,
                    4.85630771436e-05,
                    -9.63655329542e-05,
                    0.000160154988407,
                    -0.000215775537072,
                    0.000124518075609,
                    -8.82908716449e-05,
                    0.000122462981381,
                    -0.000157199334353,
                    0.0003618960327,
                    -0.000221266454901,
                    0.000119813128549
                ],
                [
                    -4.35294859926e-05,
                    0.000624764303211,
                    6.38420315227e-05,
                    -7.08658117219e-05,
                    -0.000232082922594,
                    0.000278099934803,
                    2.60695669567e-05,
                    0.000103238904558,
                    -0.00058799283579,
                    0.00111537287012,
                    -0.00122660328634,
                    0.000546117604245,
                    -0.000248478929279
                ],
                [
                    4.85630771436e-05,
                    6.38420315227e-05,
                    0.00104667746928,
                    -0.000520303787198,
                    -0.000726906931959,
                    0.000244108232437,
                    0.000144592675497,
                    -0.000392424466554,
                    0.000758238660637,
                    -0.0002809871512,
                    0.00023141312704,
                    -0.000391739653423,
                    0.000313082360663
                ],
                [
                    -9.63655329542e-05,
                    -7.08658117219e-05,
                    -0.000520303787198,
                    0.00235780049115,
                    -0.000350150861777,
                    -0.0010192344198,
                    -0.000200128444703,
                    0.000377243413823,
                    -8.11475329101e-05,
                    -0.000773071136791,
                    0.000552507175598,
                    0.00107539317105,
                    -0.000969394459389
                ],
                [
                    0.000160154988407,
                    -0.000232082922594,
                    -0.000726906931959,
                    -0.000350150861777,
                    0.00499692186713,
                    -0.00246597803198,
                    -0.000517436244991,
                    0.00183121557347,
                    -0.0022005373612,
                    -0.000355219090125,
                    0.00020866568957,
                    0.000451896979939,
                    0.000461904943222
                ],
                [
                    -0.000215775537072,
                    0.000278099934803,
                    0.000244108232437,
                    -0.0010192344198,
                    -0.00246597803198,
                    0.00840796343982,
                    -0.0026444781106,
                    -0.00358883221634,
                    0.001528446679,
                    -0.00111851410475,
                    0.000499006011523,
                    -0.000587431073654,
                    0.00110669585411
                ],
                [
                    0.000124518075609,
                    2.60695669567e-05,
                    0.000144592675497,
                    -0.000200128444703,
                    -0.000517436244991,
                    -0.0026444781106,
                    0.00591053534299,
                    -0.00216382555664,
                    -0.000610349234194,
                    0.00219666166231,
                    -0.00011510260083,
                    0.000384792685509,
                    -0.00285694212653
                ],
                [
                    -8.82908716449e-05,
                    0.000103238904558,
                    -0.000392424466554,
                    0.000377243413823,
                    0.00183121557347,
                    -0.00358883221634,
                    -0.00216382555664,
                    0.00998108834028,
                    -0.00263666943647,
                    -0.000125274193124,
                    -0.000829370925203,
                    -0.00125610851683,
                    0.00314675364643
                ],
                [
                    0.000122462981381,
                    -0.00058799283579,
                    0.000758238660637,
                    -8.11475329101e-05,
                    -0.0022005373612,
                    0.001528446679,
                    -0.000610349234194,
                    -0.00263666943647,
                    0.0114482501522,
                    -0.0064552128315,
                    -0.000229008350288,
                    0.00212521967478,
                    -0.00156161130872
                ],
                [
                    -0.000157199334353,
                    0.00111537287012,
                    -0.0002809871512,
                    -0.000773071136791,
                    -0.000355219090125,
                    -0.00111851410475,
                    0.00219666166231,
                    -0.000125274193124,
                    -0.0064552128315,
                    0.0133859440684,
                    -0.00194980832748,
                    -0.00212130066939,
                    -0.000685878447257
                ],
                [
                    0.0003618960327,
                    -0.00122660328634,
                    0.00023141312704,
                    0.000552507175598,
                    0.00020866568957,
                    0.000499006011523,
                    -0.00011510260083,
                    -0.000829370925203,
                    -0.000229008350288,
                    -0.00194980832748,
                    0.0133155174553,
                    -0.0066262409091,
                    0.0028877730947
                ],
                [
                    -0.000221266454901,
                    0.000546117604245,
                    -0.000391739653423,
                    0.00107539317105,
                    0.000451896979939,
                    -0.000587431073654,
                    0.000384792685509,
                    -0.00125610851683,
                    0.00212521967478,
                    -0.00212130066939,
                    -0.0066262409091,
                    0.0140500469133,
                    -0.00416645687073
                ],
                [
                    0.000119813128549,
                    -0.000248478929279,
                    0.000313082360663,
                    -0.000969394459389,
                    0.000461904943222,
                    0.00110669585411,
                    -0.00285694212653,
                    0.00314675364643,
                    -0.00156161130872,
                    -0.000685878447257,
                    0.0028877730947,
                    -0.00416645687073,
                    0.0104947993532
                ]
            ],
            "mean": [
                -33.9507446289,
                59.0068206787,
                -113.267471313,
                24.1297664642,
                -70.6552581787,
                8.85069561005,
                -38.668888092,
                8.70783233643,
                -26.672744751,
                -9.49366569519,
                -14.1348781586,
                -5.53769731522,
                -16.5115890503
            ]
        },
        "hfc": {
            "dmean": 13.5480890274,
            "dmean2": 21.2299804688,
            "dvar": 676.596557617,
            "dvar2": 1774.58300781,
            "max": 355.065826416,
            "mean": 26.7242603302,
            "median": 15.2226753235,
            "min": 2.26216158694e-07,
            "var": 979.522766113
        },
        "melbands": {
            "dmean": [
                0.000270543649094,
                0.00135893793777,
                0.000978834810667,
                0.000505819742102,
                0.000200751746888,
                0.000287072645733,
                0.000151041138452,
                0.000166011726833,
                0.000172775515239,
                0.000140916396049,
                0.00015421891294,
                0.000128103027237,
                5.43971109437e-05,
                3.73535331164e-05,
                4.00525059376e-05,
                3.30458642566e-05,
                3.45362423104e-05,
                1.99386013264e-05,
                1.40560268846e-05,
                1.0705591194e-05,
                8.58334169607e-06,
                1.24044918266e-05,
                1.21227494674e-05,
                9.88199099083e-06,
                8.85044755705e-06,
                7.96588392404e-06,
                5.77951186642e-06,
