{
    "lowlevel": {
        "average_loudness": 0.852752149105,
        "barkbands": {
            "dmean": [
                0.000210580750718,
                0.00385895161889,
                0.00154649838805,
                0.00138648319989,
                0.00162703276146,
                0.0010416865116,
                0.00117053545546,
                0.00112323754001,
                0.00111008970998,
                0.000515674648341,
                0.000412177061662,
                0.000547481002286,
                0.000379913020879,
                0.000523208058439,
                0.000212886690861,
                0.000228958480875,
                0.000162040436408,
                0.000212435916183,
                0.00018493643438,
                0.000212678263779,
                0.000158746232046,
                0.000153231434524,
                0.000198985275347,
                0.000168435028172,
                0.000177102177986,
                9.66824809439e-05,
                6.43019739073e-05
            ],
            "dmean2": [
                0.000238684180658,
                0.00567616615444,
                0.00270511116832,
                0.00237287208438,
                0.00262432196178,
                0.00157594319899,
                0.00177181081381,
                0.00167214323301,
                0.00164863921236,
                0.000789359677583,
                0.000629000074696,
                0.000826056639198,
                0.000587680668104,
                0.000835044949781,
                0.000350986985723,
                0.000369053304894,
                0.00025410039234,
                0.000335397809977,
                0.000306360656396,
                0.00034701754339,
                0.000268119969405,
                0.000236713327467,
                0.000319879647577,
                0.000258347397903,
                0.000260955130216,
                0.000149893428897,
                0.000105657381937
            ],
            "dvar": [
                2.38748981474e-07,
                9.8243188404e-05,
                2.89724284812e-05,
                1.35037898872e-05,
                9.72107773123e-06,
                6.85544819135e-06,
                1.00103397926e-05,
                1.08935128083e-05,
                9.75412149273e-06,
                3.25284099745e-06,
                1.40527617987e-06,
                2.12062445826e-06,
                1.49364291246e-06,
                1.89468551071e-06,
                3.64347158666e-07,
                6.71505347327e-07,
                2.56057063552e-07,
                2.99258772429e-07,
                1.60745429412e-07,
                1.89229083958e-07,
                9.97116487156e-08,
                7.54495488309e-08,
                1.37695067792e-07,
                8.18287375637e-08,
                1.03923831318e-07,
                3.54835378857e-08,
                5.28317762871e-08
            ],
            "dvar2": [
                3.09098879825e-07,
                0.00020265619969,
                8.01139321993e-05,
                3.68201799574e-05,
                2.51324981946e-05,
                1.5940360754e-05,
                2.19206376642e-05,
                2.41773486778e-05,
                2.08176188607e-05,
                6.99464908394e-06,
                3.11781627715e-06,
                4.6157961151e-06,
                3.23459562424e-06,
                4.37004291598e-06,
                8.49226012178e-07,
                1.58619366175e-06,
                5.8250799384e-07,
                6.92418666404e-07,
                3.89612523577e-07,
                4.52171747156e-07,
                2.72238253274e-07,
                1.64711408956e-07,
                2.97515924785e-07,
                1.68932530187e-07,
                2.26023985306e-07,
                8.37673326259e-08,
                1.55795504497e-07
            ],
            "max": [
                0.0115930829197,
                0.162176176906,
                0.0826836079359,
                0.0671287924051,
                0.0434125363827,
                0.0637750327587,
                0.0778933316469,
                0.0542321689427,
                0.0483989790082,
                0.0448468178511,
                0.0293289460242,
                0.03198158741,
                0.0297840889543,
                0.0301566831768,
                0.0190133564174,
                0.0214411579072,
                0.0137676978484,
                0.011715372093,
                0.00913400761783,
                0.0127788847312,
                0.00441240379587,
                0.00558341341093,
                0.00521602714434,
                0.00512916594744,
                0.00533091835678,
                0.00358667084947,
                0.00330045772716
            ],
            "mean": [
                0.000556850747671,
                0.0108681926504,
                0.00169313501101,
                0.00153356057126,
                0.00289942440577,
                0.00230089272372,
                0.00285825529136,
                0.00209815031849,
                0.00209493632428,
                0.000793027109466,
                0.000713431451004,
                0.00103553384542,
                0.000561402237508,
                0.000792171165813,
                0.000313649099553,
                0.000337357982062,
                0.000240415829467,
                0.000325747969327,
                0.000298368162476,
                0.000357430195436,
                0.00026776274899,
                0.000309365510475,
                0.000445818150183,
                0.000393496127799,
                0.000374821800506,
                0.000200053720619,
                9.42009792197e-05
            ],
            "median": [
                1.07490850496e-05,
                0.000739513605367,
                0.000402776466217,
                0.000280020874925,
                0.00108614389319,
                0.000261553330347,
                0.000404201855417,
                0.000362776539987,
                0.000248895201366,
                0.000125978782307,
                0.000140145391924,
                0.000186782999663,
                7.61357005103e-05,
                0.000147599843331,
                9.26271968638e-05,
                8.65716428962e-05,
                7.6407675806e-05,
                0.000120931050333,
                0.000146563586895,
                0.000189767597476,
                0.000148447434185,
                0.000169824968907,
                0.000258091051364,
                0.000273997779004,
                0.0002344714012,
                0.000102032179711,
                2.39094460994e-05
            ],
            "min": [
                7.42333639864e-16,
                2.53270919218e-15,
                6.35251046458e-16,
                1.95035519446e-15,
                9.39711311288e-15,
                1.16041946763e-14,
                1.16925308953e-14,
                6.05504763422e-15,
                1.94842141824e-14,
                1.86861329632e-14,
                2.30865131699e-14,
                2.97910635505e-14,
                3.21319136392e-14,
                4.29715230142e-14,
                4.82368424446e-14,
                5.92312318442e-14,
                9.60936381465e-14,
                8.42833290139e-14,
                1.86602279852e-13,
                2.332059784e-13,
                3.43242361617e-13,
                5.11999242916e-13,
                9.16095541439e-13,
                2.26418081332e-12,
                6.95908608517e-12,
                2.96906561836e-11,
                3.0200605905e-11
            ],
            "var": [
                1.43302042943e-06,
                0.000449657294666,
                2.11886072066e-05,
                1.1334467672e-05,
                1.95274988073e-05,
                2.52779627772e-05,
                4.35169640696e-05,
                2.2072577849e-05,
                2.36654850596e-05,
                6.1717069002e-06,
                2.89250601782e-06,
                5.96097515881e-06,
                3.16992282023e-06,
                4.05687887906e-06,
                8.97892391549e-07,
                9.25120275497e-07,
                3.95192671476e-07,
                4.47591503416e-07,
                2.16901312911e-07,
                3.81066513455e-07,
                1.28369663344e-07,
                1.76140773078e-07,
                3.82727023407e-07,
                2.19091660369e-07,
                2.69665321184e-07,
                9.50574943204e-08,
                5.10525026698e-08
            ]
        },
        "barkbands_crest": {
            "dmean": 2.44568324089,
            "dmean2": 3.72058105469,
            "dvar": 6.66342067719,
            "dvar2": 13.8003349304,
            "max": 26.1529769897,
            "mean": 11.6813287735,
            "median": 10.5433044434,
            "min": 2.01826953888,
            "var": 30.4229049683
        },
        "barkbands_flatness_db": {
            "dmean": 0.0231867488474,
            "dmean2": 0.0340285226703,
            "dvar": 0.000677282107063,
            "dvar2": 0.00127971346956,
            "max": 0.409256547689,
            "mean": 0.130595237017,
            "median": 0.12195763737,
            "min": 0.0181233230978,
            "var": 0.0034657693468
        },
        "barkbands_kurtosis": {
            "dmean": 3.82028198242,
            "dmean2": 5.77518987656,
            "dvar": 202.314407349,
            "dvar2": 384.885223389,
            "max": 934.359741211,
            "mean": 6.49399852753,
            "median": 2.1766705513,
            "min": -1.9488145113,
            "var": 494.596801758
        },
        "barkbands_skewness": {
            "dmean": 0.613207578659,
            "dmean2": 0.883571505547,
            "dvar": 0.644291102886,
            "dvar2": 1.16336202621,
            "max": 26.6709899902,
            "mean": 1.57812201977,
            "median": 1.47883534431,
            "min": -7.4017829895,
            "var": 3.66200900078
        },
        "barkbands_spread": {
            "dmean": 8.47104549408,
            "dmean2": 12.8933801651,
            "dvar": 113.198173523,
            "dvar2": 241.342300415,
            "max": 114.475585938,
            "mean": 31.0591430664,
            "median": 27.2300834656,
            "min": 0.342574834824,
            "var": 392.422546387
        },
        "dissonance": {
            "dmean": 0.0199875291437,
            "dmean2": 0.032661806792,
            "dvar": 0.000459679838968,
            "dvar2": 0.00116267194971,
            "max": 0.499998390675,
            "mean": 0.455386698246,
            "median": 0.466134339571,
            "min": 0.257773160934,
            "var": 0.00148323329631
        },
        "dynamic_complexity": 3.2114944458,
        "erbbands": {
            "dmean": [
                0.156368687749,
                0.861223816872,
                1.65330636501,
                3.20756793022,
                6.10896015167,
                4.94245290756,
                6.16251373291,
                8.98259544373,
                13.2949857712,
                22.0020427704,
                24.3947753906,
                22.6279563904,
                22.4073295593,
                13.8884620667,
                16.6944122314,
                17.8604488373,
                15.7358503342,
                24.0285243988,
                15.1895723343,
                11.4137001038,
                12.3868722916,
                9.19166564941,
                11.2707777023,
                9.60769367218,
                9.22496604919,
                9.74151229858,
                8.21875476837,
                5.37365627289,
                5.01828193665,
                6.10747003555,
                5.34674358368,
                3.63640093803,
                2.95923948288,
                2.15412473679,
                1.20906281471,
                0.492314517498,
                0.166602104902,
                0.052154943347,
                0.00950738973916,
                0.000798705674242
            ],
            "dmean2": [
                0.177847296,
                1.36514425278,
                2.81410622597,
                5.41725349426,
                10.0022211075,
                8.04312896729,
                9.56742191315,
                13.4792690277,
                19.6764907837,
                32.702091217,
                35.6606140137,
                33.6923370361,
                34.0704231262,
                20.2802276611,
                25.2147693634,
                26.3128147125,
                24.0250244141,
                37.9697151184,
                23.881483078,
                18.5871734619,
                19.6919212341,
                14.2742128372,
                17.6272010803,
                15.6476202011,
                14.9503879547,
                15.7097835541,
                14.0779352188,
                8.83812999725,
                7.8106470108,
                9.10357189178,
                8.58562755585,
                5.39037275314,
                4.65408277512,
                3.24801397324,
                1.84970676899,
                0.757998883724,
                0.254582792521,
                0.0853092446923,
                0.0152865312994,
                0.00131155608688
            ],
            "dvar": [
                0.144178628922,
                5.45989704132,
                31.4569244385,
                82.6804580688,
                191.698654175,
                105.718826294,
                223.791213989,
                629.65423584,
                1383.01135254,
                3895.45800781,
                4848.86328125,
                4557.41503906,
                5476.99951172,
                1799.06188965,
                1689.49816895,
                2423.90844727,
                2452.49707031,
                4615.47753906,
                1760.55688477,
                995.233703613,
                2150.37036133,
                697.503479004,
                930.538574219,
                507.147857666,
                379.244018555,
                456.559173584,
                287.033874512,
                108.94858551,
                80.8308639526,
                104.449905396,
                91.9914245605,
                33.4899368286,
                27.1184520721,
                14.6770343781,
                5.59133148193,
                0.877705335617,
                0.106095582247,
                0.0210629478097,
                0.00106253335252,
                9.89349427982e-06
            ],
            "dvar2": [
                0.187386885285,
                13.6143140793,
                84.9772720337,
                225.311080933,
                501.160614014,
                263.57824707,
                523.912231445,
                1426.89416504,
                2917.33740234,
                8937.75683594,
                10612.6572266,
                9745.16992188,
                12460.6816406,
                3753.13696289,
                3660.63208008,
                5086.62744141,
                5313.609375,
                11067.3505859,
                3817.43261719,
                2392.66699219,
                5034.32128906,
                1548.06762695,
                2203.63110352,
                1224.61340332,
                882.099609375,
                1033.02844238,
                788.434448242,
                281.210388184,
                185.171844482,
                203.069030762,
                205.296707153,
                66.8685379028,
                61.059463501,
                31.6683731079,
                12.3787670135,
                1.81663441658,
                0.259402751923,
                0.0610890947282,
                0.0031505622901,
                2.93832799798e-05
            ],
            "max": [
                7.64356184006,
                34.8657875061,
                78.0378723145,
                182.051940918,
                206.100921631,
                175.293411255,
                334.928100586,
                568.156066895,
                1162.26635742,
                1863.96777344,
                1230.60888672,
                1338.07202148,
                1814.94152832,
                974.07244873,
                847.444641113,
                1070.32922363,
                1462.14147949,
                1392.71960449,
                1330.29638672,
                808.354980469,
                1341.42138672,
                709.557678223,
                722.551391602,
                564.290588379,
                403.982452393,
                713.31060791,
                290.496337891,
                167.303192139,
                165.613922119,
                168.715606689,
                135.367263794,
                111.842643738,
                83.7770614624,
                73.9811706543,
                43.8850326538,
                19.1396427155,
                6.42986869812,
                1.9692479372,
                0.457053750753,
                0.0464340001345
            ],
            "mean": [
                0.470817267895,
                1.81421124935,
                2.02227473259,
                3.77191329002,
                8.05487823486,
                9.13712120056,
                14.5609502792,
                19.4818344116,
                29.645029068,
                51.728603363,
                47.8855361938,
                41.0419311523,
                36.7923240662,
                26.2964038849,
                33.2918357849,
                33.3655509949,
                26.1791324615,
                36.5407142639,
                24.6848926544,
                17.9100017548,
                19.7754859924,
                15.2645864487,
                17.7539405823,
                15.4393129349,
                15.8919811249,
                16.6917190552,
                13.1176862717,
                9.30805492401,
                9.95554065704,
                13.5830669403,
                12.0507736206,
                8.61576080322,
                6.31495952606,
                4.3145365715,
                2.5502102375,
                1.05096626282,
                0.332111030817,
                0.0863846689463,
                0.0137039572001,
                0.00114227959421
            ],
            "median": [
                0.0156314074993,
                0.177359431982,
                0.584695994854,
                0.958620607853,
                2.25813341141,
                2.90720582008,
                2.58776688576,
                2.89947271347,
                6.37873268127,
                9.77469730377,
                10.2776422501,
                6.35824203491,
                5.77154684067,
                7.04921865463,
                9.55626773834,
                7.20001602173,
                4.56397438049,
                6.26074886322,
                7.03779935837,
                6.22054815292,
                5.2015080452,
                5.21605205536,
                6.55346727371,
                7.39495801926,
                8.74233055115,
                8.69018173218,
                7.1312661171,
                4.86259889603,
                5.6257982254,
                7.71159744263,
                7.1489315033,
                5.56473112106,
                4.53652858734,
                2.74101734161,
                1.54656040668,
                0.578882098198,
                0.162039011717,
                0.0309444889426,
                0.00365389185026,
                0.000278911233181
            ],
            "min": [
                9.6605178284e-14,
                7.11692749004e-13,
                1.91750781919e-12,
                8.91563559091e-12,
                1.9475237395e-11,
                2.64282155188e-11,
                5.20566333095e-11,
                6.31442120813e-11,
                1.43864017921e-10,
                1.2428831575e-10,
                2.49585935252e-10,
                4.23078461154e-10,
                6.55747012246e-10,
                7.60516538634e-10,
                1.40910150215e-09,
                1.41369427276e-09,
                1.65912039662e-09,
                2.42530417971e-09,
                2.97647884118e-09,
                3.31360827666e-09,
                3.63748409171e-09,
                4.92373297689e-09,
                4.83409623442e-09,
                8.14301248653e-09,
                7.33026972455e-09,
                1.02366062293e-08,
                9.69464686307e-09,
                1.37246374265e-08,
                1.47424703556e-08,
                1.84386692581e-08,
                2.63705217662e-08,
                3.20683639643e-08,
                4.68464307346e-08,
                5.58354997793e-08,
                5.41582956259e-08,
                5.67899789417e-08,
                6.05529280051e-08,
                2.31856578381e-08,
                2.98728886072e-09,
                4.50866566304e-10
            ],
            "var": [
                1.00996923447,
                12.3289461136,
                25.1290588379,
                69.068031311,
                218.019241333,
                269.891540527,
                1094.73657227,
                1917.4921875,
                4539.24804688,
                11731.8134766,
                9987.22363281,
                9653.32714844,
                9373.29589844,
                3775.68115234,
                4232.68164062,
                6164.77978516,
                5856.20068359,
                10102.0097656,
                4272.66259766,
                1906.78088379,
                3095.5859375,
                1325.28222656,
                1381.5604248,
                681.355041504,
                575.551635742,
                1000.12982178,
                369.680175781,
                163.310028076,
                173.257843018,
                343.402252197,
                259.398406982,
                98.2724838257,
                62.8892784119,
                33.5895652771,
                14.9306793213,
                2.72445392609,
                0.266252756119,
                0.025449173525,
                0.001030326006,
                9.15226610232e-06
            ]
        },
        "erbbands_crest": {
            "dmean": 2.58463072777,
            "dmean2": 4.0599565506,
            "dvar": 7.97662639618,
            "dvar2": 18.4182682037,
            "max": 32.9547119141,
            "mean": 9.92423439026,
            "median": 8.65015029907,
            "min": 1.92012119293,
            "var": 26.1021366119
        },
        "erbbands_flatness_db": {
            "dmean": 0.0177437569946,
            "dmean2": 0.0256701149046,
            "dvar": 0.00039485518937,
            "dvar2": 0.000729008461349,
            "max": 0.410045832396,
            "mean": 0.133410513401,
            "median": 0.124713055789,
            "min": 0.0284209642559,
            "var": 0.00263860193081
        },
        "erbbands_kurtosis": {
            "dmean": 1.15326929092,
            "dmean2": 1.76640188694,
            "dvar": 2.56581473351,
            "dvar2": 5.39305257797,
            "max": 27.952457428,
            "mean": 1.11920893192,
            "median": 0.213359832764,
            "min": -1.85672354698,
            "var": 7.42987155914
        },
        "erbbands_skewness": {
            "dmean": 0.403410166502,
            "dmean2": 0.584172725677,
            "dvar": 0.203709751368,
            "dvar2": 0.381314635277,
            "max": 4.92500305176,
            "mean": 0.369079768658,
            "median": 0.395703405142,
            "min": -3.64154243469,
            "var": 1.15255594254
        },
        "erbbands_spread": {
            "dmean": 11.1787757874,
            "dmean2": 16.5220470428,
            "dvar": 191.83682251,
            "dvar2": 398.770111084,
            "max": 212.785552979,
            "mean": 48.723739624,
            "median": 44.9701576233,
            "min": 4.72410058975,
            "var": 725.781005859
        },
        "gfcc": {
            "cov": [
                [
                    25745.7402344,
                    3103.68920898,
                    398.247467041,
                    128.628768921,
                    -899.871520996,
                    376.082580566,
                    -553.816101074,
                    95.2643661499,
                    -226.485122681,
                    -44.4483108521,
                    -164.575820923,
                    -48.3880004883,
                    -153.233810425
                ],
                [
                    3103.68920898,
                    1950.06274414,
                    174.504669189,
                    -83.7596817017,
                    -130.140579224,
                    -83.1602859497,
                    -128.655654907,
                    -19.0651359558,
                    -30.8349113464,
                    -28.6892719269,
                    31.3213214874,
                    45.3582000732,
                    -3.1081635952
                ],
                [
                    398.247467041,
                    174.504669189,
                    1341.82409668,
                    577.428710938,
                    349.796722412,
                    228.298461914,
                    95.5617523193,
                    64.8224716187,
                    41.2019081116,
                    78.3418807983,
                    1.74007093906,
                    56.0638771057,
                    57.1415557861
                ],
                [
                    128.628768921,
                    -83.7596817017,
                    577.428710938,
                    928.90447998,
                    334.638458252,
                    246.020294189,
                    55.4921035767,
                    126.88356781,
                    76.3391342163,
                    57.665599823,
                    15.0357046127,
                    34.3461875916,
                    50.7034301758
                ],
                [
                    -899.871520996,
                    -130.140579224,
                    349.796722412,
                    334.638458252,
                    667.389892578,
                    275.643951416,
                    160.799865723,
                    94.6193008423,
                    104.978614807,
                    97.4502334595,
                    40.9558372498,
                    54.6126708984,
                    57.508140564
                ],
                [
                    376.082580566,
                    -83.1602859497,
                    228.298461914,
                    246.020294189,
                    275.643951416,
                    483.695129395,
                    274.258850098,
                    159.500152588,
                    67.8960494995,
                    89.1499176025,
                    80.9601211548,
                    35.8474769592,
                    1.3402172327
                ],
                [
                    -553.816101074,
                    -128.655654907,
                    95.5617523193,
                    55.4921035767,
                    160.799865723,
                    274.258850098,
                    377.106170654,
                    188.574768066,
                    85.4889602661,
                    74.9516220093,
                    104.194862366,
                    31.0092105865,
                    -23.5587692261
                ],
                [
                    95.2643661499,
                    -19.0651359558,
                    64.8224716187,
                    126.88356781,
                    94.6193008423,
                    159.500152588,
                    188.574768066,
                    284.141479492,
                    138.291595459,
                    71.5951309204,
                    68.5062942505,
                    35.1796340942,
                    5.905834198
                ],
                [
                    -226.485122681,
                    -30.8349113464,
                    41.2019081116,
                    76.3391342163,
                    104.978614807,
                    67.8960494995,
                    85.4889602661,
                    138.291595459,
                    209.062927246,
                    116.3074646,
                    74.8428573608,
                    37.7610359192,
                    18.0350093842
                ],
                [
                    -44.4483108521,
                    -28.6892719269,
                    78.3418807983,
                    57.665599823,
                    97.4502334595,
                    89.1499176025,
                    74.9516220093,
                    71.5951309204,
                    116.3074646,
                    155.323883057,
                    99.2137451172,
                    36.7015686035,
                    8.96690177917
                ],
                [
                    -164.575820923,
                    31.3213214874,
                    1.74007093906,
                    15.0357046127,
                    40.9558372498,
                    80.9601211548,
                    104.194862366,
                    68.5062942505,
                    74.8428573608,
                    99.2137451172,
                    181.911361694,
                    86.3708343506,
                    1.57736635208
                ],
                [
                    -48.3880004883,
                    45.3582000732,
                    56.0638771057,
                    34.3461875916,
                    54.6126708984,
                    35.8474769592,
                    31.0092105865,
                    35.1796340942,
                    37.7610359192,
                    36.7015686035,
                    86.3708343506,
                    125.258934021,
                    57.1196479797
                ],
                [
                    -153.233810425,
                    -3.1081635952,
                    57.1415557861,
                    50.7034301758,
                    57.508140564,
                    1.3402172327,
                    -23.5587692261,
                    5.905834198,
                    18.0350093842,
                    8.96690177917,
                    1.57736635208,
                    57.1196479797,
                    106.046127319
                ]
            ],
            "icov": [
                [
                    6.47731649224e-05,
                    -9.09114751266e-05,
                    -8.01188070909e-06,
                    1.04726984773e-06,
                    0.000123332589283,
                    -0.000220435467781,
                    0.000217785680434,
                    -0.000124578829855,
                    9.3338683655e-05,
                    -0.000145933969179,
                    0.000155594621901,
                    -0.000102834761492,
                    0.00013551232405
                ],
                [
                    -9.09114751266e-05,
                    0.000702612102032,
                    -0.000167567050084,
                    0.000146035396028,
                    -9.90761836874e-05,
                    0.000226488991757,
                    0.000109572320071,
                    -4.47260972578e-05,
                    -0.000120156633784,
                    0.000473294290714,
                    -0.000540770764928,
                    -1.23760710267e-05,
                    -1.7480155293e-05
                ],
                [
                    -8.01188070909e-06,
                    -0.000167567050084,
                    0.00118586525787,
                    -0.000665038183797,
                    -0.000216107306187,
                    5.66676353628e-05,
                    -0.000454771623481,
                    0.000274117657682,
                    0.000349454057869,
                    -0.000856037135236,
                    0.000869536015671,
                    -0.000633002084214,
                    3.6504268337e-06
                ],
                [
                    1.04726984773e-06,
                    0.000146035396028,
                    -0.000665038183797,
                    0.00189743901137,
                    -0.000455355184386,
                    -0.00075337238377,
                    0.00111860060133,
                    -0.000847082934342,
                    -0.000165523830219,
                    0.000595923338551,
                    -0.000528787670191,
                    0.000453831453342,
                    -0.000249759614235
                ],
                [
                    0.000123332589283,
                    -9.90761836874e-05,
                    -0.000216107306187,
                    -0.000455355184386,
                    0.00275226845406,
                    -0.00129357993137,
                    -0.000168411424966,
                    0.00047958426876,
                    -0.000621271901764,
                    -0.000886753608938,
                    0.00113434658851,
                    -0.000738805509172,
                    -0.000469129940029
                ],
                [
                    -0.000220435467781,
                    0.000226488991757,
                    5.66676353628e-05,
                    -0.00075337238377,
                    -0.00129357993137,
                    0.00548348948359,
                    -0.00354159576818,
                    -0.00012758259254,
                    0.00112574419472,
                    -0.00106622406747,
                    -0.000224175397307,
                    0.000202498020371,
                    -0.000336727505783
                ],
                [
                    0.000217785680434,
                    0.000109572320071,
                    -0.000454771623481,
                    0.00111860060133,
                    -0.000168411424966,
                    -0.00354159576818,
                    0.00784837640822,
                    -0.00360325165093,
                    0.000479488429846,
                    0.000833680853248,
                    -0.00237738899887,
                    0.000582621549256,
                    0.00167794688605
                ],
                [
                    -0.000124578829855,
                    -4.47260972578e-05,
                    0.000274117657682,
                    -0.000847082934342,
                    0.00047958426876,
                    -0.00012758259254,
                    -0.00360325165093,
                    0.00812690332532,
                    -0.00474661728367,
                    0.0013691050699,
                    0.000347572291503,
                    -0.000468747020932,
                    -0.000496769265737
                ],
                [
                    9.3338683655e-05,
                    -0.000120156633784,
                    0.000349454057869,
                    -0.000165523830219,
                    -0.000621271901764,
                    0.00112574419472,
                    0.000479488429846,
                    -0.00474661728367,
                    0.0118455281481,
                    -0.00768333766609,
                    0.000909699476324,
                    -0.000680266297422,
                    -0.000296239421004
                ],
                [
                    -0.000145933969179,
                    0.000473294290714,
                    -0.000856037135236,
                    0.000595923338551,
                    -0.000886753608938,
                    -0.00106622406747,
                    0.000833680853248,
                    0.0013691050699,
                    -0.00768333766609,
                    0.017344744876,
                    -0.00886151287705,
                    0.00422130059451,
                    -0.00171918212436
                ],
                [
                    0.000155594621901,
                    -0.000540770764928,
                    0.000869536015671,
                    -0.000528787670191,
                    0.00113434658851,
                    -0.000224175397307,
                    -0.00237738899887,
                    0.000347572291503,
                    0.000909699476324,
                    -0.00886151287705,
                    0.0168017633259,
                    -0.0116867097095,
                    0.00547293480486
                ],
                [
                    -0.000102834761492,
                    -1.23760710267e-05,
                    -0.000633002084214,
                    0.000453831453342,
                    -0.000738805509172,
                    0.000202498020371,
                    0.000582621549256,
                    -0.000468747020932,
                    -0.000680266297422,
                    0.00422130059451,
                    -0.0116867097095,
                    0.0201158374548,
                    -0.0103736454621
                ],
                [
                    0.00013551232405,
                    -1.7480155293e-05,
                    3.6504268337e-06,
                    -0.000249759614235,
                    -0.000469129940029,
                    -0.000336727505783,
                    0.00167794688605,
                    -0.000496769265737,
                    -0.000296239421004,
                    -0.00171918212436,
                    0.00547293480486,
                    -0.0103736454621,
                    0.0161036029458
                ]
            ],
            "mean": [
                6.78480148315,
                26.3644332886,
                -90.0249176025,
                21.2137584686,
                -61.5474662781,
                14.4551553726,
                -33.6195755005,
                11.4331817627,
                -21.8864841461,
                4.74954938889,
                -13.1999206543,
                -0.745781838894,
                -14.1741075516
            ]
        },
        "hfc": {
            "dmean": 10.349864006,
            "dmean2": 15.6590499878,
            "dvar": 215.602401733,
            "dvar2": 529.510864258,
            "max": 150.046630859,
            "mean": 34.3152580261,
            "median": 29.1584091187,
            "min": 1.9006868115e-06,
            "var": 590.809265137
        },
        "melbands": {
            "dmean": [
                0.00116172328126,
                0.000908113375772,
                0.000642292201519,
                0.00039126642514,
                0.00020803368534,
                0.000202376555535,
                0.000210250160308,
                0.000244059046963,
                0.000196761000552,
                0.000148130624439,
                0.000113490081276,
                5.83586770517e-05,
                5.71844539081e-05,
                6.33995878161e-05,
                4.15328504459e-05,
                3.99752061639e-05,
                4.73594627692e-05,
                3.01728414343e-05,
                1.64311804838e-05,
                1.5483408788e-05,
                1.49434035848e-05,
                1.03000775198e-05,
                1.01036475826e-05,
                1.06777679321e-05,
                8.00880297902e-06,
                7.1266535997e-06,
                7.51880133976e-06,
                6.86541852701e-06,
