{
    "lowlevel": {
        "average_loudness": 0.709385871887,
        "barkbands": {
            "dmean": [
                0.000142402859638,
                0.00164824025705,
                0.00055229361169,
                0.000184070057003,
                0.000425723992521,
                0.000740232528187,
                0.000679416756611,
                0.000436131842434,
                0.000565877708141,
                0.00111196888611,
                0.000755397602916,
                0.000248734722845,
                0.000264266098384,
                0.000139374242281,
                0.000253287114901,
                0.000220518530114,
                0.00024751064484,
                0.000166581070516,
                0.000175758847035,
                0.000109063345008,
                0.000190831735381,
                3.64805127901e-05,
                3.89532906411e-05,
                5.03279516124e-05,
                3.48344401573e-05,
                9.64823266258e-06,
                2.41235761678e-06
            ],
            "dmean2": [
                0.000169253937202,
                0.00241744308732,
                0.000985557679087,
                0.00031940403278,
                0.000669519475196,
                0.00112016743515,
                0.00105813180562,
                0.000636714219581,
                0.000827365438454,
                0.00159961369354,
                0.00110206310637,
                0.000377184333047,
                0.000389214226743,
                0.000218591390876,
                0.000383481878089,
                0.00034159666393,
                0.000379738572519,
                0.000262854155153,
                0.000275407073786,
                0.00016528442211,
                0.000276452745311,
                5.39511493116e-05,
                5.75176200073e-05,
                7.29840612621e-05,
                5.0048209232e-05,
                1.39142193802e-05,
                3.48706589648e-06
            ],
            "dvar": [
                5.47043612187e-07,
                2.52828758676e-05,
                9.02211922948e-06,
                8.95251162092e-07,
                1.09326515485e-06,
                3.0371199955e-06,
                2.62243406723e-06,
                1.65104927419e-06,
                3.20069511872e-06,
                8.02626163932e-06,
                4.24841846325e-06,
                5.60021703677e-07,
                6.06889727806e-07,
                1.79221942176e-07,
                3.82669270493e-07,
                3.68196737099e-07,
                6.28814575521e-07,
                1.83279311727e-07,
                2.02210131306e-07,
                9.33230097644e-08,
                3.82963321499e-07,
                1.11427240768e-08,
                1.3074568983e-08,
                2.17332871699e-08,
                1.60932920323e-08,
                1.08724984571e-09,
                8.43007191831e-11
            ],
            "dvar2": [
                7.50196477384e-07,
                4.11304317822e-05,
                2.62829562416e-05,
                2.55036184171e-06,
                2.87714715341e-06,
                6.9232273745e-06,
                6.37028369965e-06,
                3.71425085177e-06,
                6.71582029099e-06,
                1.56258702191e-05,
                8.41910059535e-06,
                1.22713834116e-06,
                1.16202477329e-06,
                3.81829011076e-07,
                8.27226642741e-07,
                7.9388632912e-07,
                1.39427879731e-06,
                4.44257580057e-07,
                4.7973293249e-07,
                2.29378485983e-07,
                6.81008771153e-07,
                1.96194243074e-08,
                2.71279869679e-08,
                4.35050040437e-08,
                3.08028056395e-08,
                2.32477836981e-09,
                1.723383658e-10
            ],
            "max": [
                0.0179464221001,
                0.125648483634,
                0.0567848496139,
                0.0318464115262,
                0.02216459997,
                0.0555833205581,
                0.0276152659208,
                0.0371340475976,
                0.0418327525258,
                0.0541010834277,
                0.0447839647532,
                0.0323994457722,
                0.022083921358,
                0.0129543552175,
                0.019796198234,
                0.0193967111409,
                0.0154396221042,
                0.0099037270993,
                0.0124115664512,
                0.0156846754253,
                0.026073615998,
                0.0036844862625,
                0.00299960514531,
                0.00421532290056,
                0.00504355318844,
                0.00103766529355,
                0.000334103766363
            ],
            "mean": [
                0.00047358777374,
                0.0051834108308,
                0.00100820173975,
                0.000261597335339,
                0.000944377039559,
                0.00169356900733,
                0.00131443643477,
                0.000794494699221,
                0.00108244561125,
                0.00293763005175,
                0.00165566732176,
                0.000439325813204,
                0.000489914556965,
                0.000237247586483,
                0.000457658199593,
                0.000361736805644,
                0.000429616920883,
                0.000334068114171,
                0.000406372040743,
                0.000227462005569,
                0.000435155641753,
                7.48284655856e-05,
                8.24671660666e-05,
                0.00010870519327,
                6.6711443651e-05,
                1.77435085789e-05,
                4.11030987379e-06
            ],
            "median": [
                6.04454044151e-07,
                0.00172732584178,
                0.000277537648799,
                7.9962919699e-05,
                0.000446614809334,
                0.000705767713953,
                0.00033379488741,
                0.000213529332541,
                0.000231980113313,
                0.00032930803718,
                0.000197752320673,
                9.23338084249e-05,
                0.0001257424301,
                4.83268413518e-05,
                0.000143837256473,
                9.3332171673e-05,
                8.4427112597e-05,
                7.53743879613e-05,
                0.000120074175356,
                6.62263628328e-05,
                6.42085360596e-05,
                1.61679618031e-05,
                1.50736350406e-05,
                3.49480978912e-05,
                1.7115038645e-05,
                4.19740899815e-06,
                4.75073761663e-07
            ],
            "min": [
                6.64928963745e-23,
                4.87721616578e-23,
                3.4543887718e-23,
                3.5817926479e-23,
                4.26266322836e-23,
                5.32228675535e-23,
                2.43503817175e-23,
                4.16835364496e-23,
                1.80303462136e-22,
                7.42914616875e-23,
                7.46782559666e-23,
                1.53226928591e-22,
                1.01446376452e-22,
                1.49901797834e-22,
                7.51023160348e-23,
                1.56021503058e-22,
                2.63254243669e-22,
                6.48325776718e-23,
                3.05189054405e-22,
                2.5588383419e-22,
                5.7641927505e-22,
                6.37667344499e-22,
                6.50955952572e-22,
                8.58615798237e-22,
                1.28883322242e-21,
                1.82354308639e-21,
                2.11954470066e-21
            ],
            "var": [
                2.95538666251e-06,
                0.000118233227113,
                7.06514902049e-06,
                6.50298659366e-07,
                2.0917357233e-06,
                1.10814871732e-05,
                6.46728221909e-06,
                3.19473952004e-06,
                9.60747001955e-06,
                4.70298909931e-05,
                1.85167700693e-05,
                1.64785819834e-06,
                1.73670730419e-06,
                3.80231654162e-07,
                1.30873183934e-06,
                7.1072645369e-07,
                1.46027377923e-06,
                6.42331144718e-07,
                9.7991403436e-07,
                2.53982477716e-07,
                1.33298726723e-06,
                2.93894473202e-08,
                3.67981236593e-08,
                5.88537645285e-08,
                4.10261300487e-08,
                2.18110574046e-09,
                1.74552927668e-10
            ]
        },
        "barkbands_crest": {
            "dmean": 2.18390440941,
            "dmean2": 3.36352372169,
            "dvar": 4.9309129715,
            "dvar2": 11.7910747528,
            "max": 26.3875198364,
            "mean": 12.1291561127,
            "median": 11.6667642593,
            "min": 2.22562456131,
            "var": 20.973903656
        },
        "barkbands_flatness_db": {
            "dmean": 0.0192787908018,
            "dmean2": 0.027700971812,
            "dvar": 0.000586689042393,
            "dvar2": 0.0011955103837,
            "max": 0.575640976429,
            "mean": 0.173087015748,
            "median": 0.157236978412,
            "min": 0.0165974125266,
            "var": 0.00661871489137
        },
        "barkbands_kurtosis": {
            "dmean": 2.72382688522,
            "dmean2": 4.00083875656,
            "dvar": 41.5485572815,
            "dvar2": 79.8418884277,
            "max": 274.176361084,
            "mean": 5.76647853851,
            "median": 2.31071662903,
            "min": -1.91458892822,
            "var": 130.835205078
        },
        "barkbands_skewness": {
            "dmean": 0.441519677639,
            "dmean2": 0.63172107935,
            "dvar": 0.32713830471,
            "dvar2": 0.60553175211,
            "max": 13.4236211777,
            "mean": 1.50632333755,
            "median": 1.24686467648,
            "min": -6.12969923019,
            "var": 2.11894893646
        },
        "barkbands_spread": {
            "dmean": 4.39387798309,
            "dmean2": 6.37135982513,
            "dvar": 44.6018638611,
            "dvar2": 87.6163787842,
            "max": 108.53314209,
            "mean": 19.583776474,
            "median": 16.0042152405,
            "min": 0.3022544384,
            "var": 223.729995728
        },
        "dissonance": {
            "dmean": 0.024510961026,
            "dmean2": 0.0408904477954,
            "dvar": 0.000625738000963,
            "dvar2": 0.00164238060825,
            "max": 0.500000119209,
            "mean": 0.441443175077,
            "median": 0.452979713678,
            "min": 0.142555266619,
            "var": 0.00218308856711
        },
        "dynamic_complexity": 5.47267341614,
        "erbbands": {
            "dmean": [
                0.0648822039366,
                0.328072547913,
                0.669505834579,
                0.637436687946,
                0.657220244408,
                1.58584403992,
                3.98008966446,
                7.25573921204,
                8.48336315155,
                9.07634544373,
                9.33641052246,
                14.9756565094,
                19.6163635254,
                43.9561538696,
                20.5178852081,
                10.6790523529,
                11.6962442398,
                7.64645671844,
                12.0856437683,
                8.75127220154,
                13.0847644806,
                9.18905735016,
                9.25866222382,
                10.5771598816,
                5.59945487976,
                4.43479156494,
                7.75905990601,
                5.89155197144,
                1.44479215145,
                1.11845111847,
                1.10780322552,
                1.08719921112,
                0.830296516418,
                0.535989463329,
                0.173164248466,
                0.0555036589503,
                0.0160692725331,
                0.00341203389689,
                0.000437156151747,
                1.71491756191e-05
            ],
            "dmean2": [
                0.0823329016566,
                0.547213613987,
                1.19191205502,
                1.12063515186,
                1.12422955036,
                2.4847035408,
                6.0014796257,
                10.8849010468,
                13.0387887955,
                13.8054361343,
                13.4279432297,
                21.7895011902,
                27.5705451965,
                62.3923721313,
                30.904800415,
                16.0061359406,
                17.2478809357,
                11.5360012054,
                18.3606967926,
                13.4130868912,
                20.3040828705,
                14.086180687,
                14.6104078293,
                16.4088306427,
                8.55245780945,
                6.70011949539,
                11.6589212418,
                8.36293029785,
                2.09950733185,
                1.65894424915,
                1.63759946823,
                1.60784840584,
                1.1955075264,
                0.784105122089,
                0.250349283218,
                0.0805368572474,
                0.023377481848,
                0.00479294126853,
                0.000637813936919,
                2.51923902397e-05
            ],
            "dvar": [
                0.0784575790167,
                0.804097056389,
                9.13656806946,
                12.0782938004,
                7.52765035629,
                14.0619935989,
                105.428359985,
                330.706787109,
                432.868682861,
                470.401245117,
                843.917480469,
                2289.13037109,
                3853.05883789,
                12450.3134766,
                2839.87109375,
                985.442749023,
                1223.32507324,
                391.816040039,
                859.165222168,
                460.65737915,
                1587.47802734,
                999.576660156,
                655.205200195,
                841.203186035,
                124.242027283,
                173.337554932,
                699.342224121,
                426.582366943,
                16.6167125702,
                10.7049407959,
                10.0497779846,
                8.16391944885,
                7.89488363266,
                4.06121730804,
                0.484766423702,
                0.0476702526212,
                0.00271644117311,
                0.000162126874784,
                2.70375062428e-06,
                2.80457901347e-09
            ],
            "dvar2": [
                0.107104420662,
                2.02745938301,
                26.467628479,
                34.8963813782,
                21.5944957733,
                36.0360984802,
                246.498718262,
                734.083312988,
                1051.19055176,
                1119.57373047,
                1776.40905762,
                4976.89794922,
                7434.72167969,
                24489.9746094,
                6421.69580078,
                2089.70019531,
                2422.66137695,
                810.180969238,
                1840.68518066,
                1000.11096191,
                3725.44335938,
                2394.69555664,
                1605.32263184,
                1953.63513184,
                277.058959961,
                418.752288818,
                1559.55578613,
                724.806274414,
                29.9033985138,
                21.5829143524,
                21.1466293335,
                16.9349555969,
                15.3389987946,
                8.34631061554,
                0.969589710236,
                0.111118480563,
                0.00529219862074,
                0.000292743032333,
                5.87383328821e-06,
                6.15875750398e-09
            ],
            "max": [
                7.0386800766,
                17.6118106842,
                57.8339347839,
                80.5123977661,
                85.1935653687,
                93.443649292,
                250.203323364,
                697.010131836,
                412.56036377,
                583.545654297,
                877.105957031,
                1192.99060059,
                1805.05480957,
                2074.78613281,
                1372.86828613,
                986.863769531,
                1017.11816406,
                717.198608398,
                793.892700195,
                705.5078125,
                1316.54211426,
                1038.29089355,
                718.113769531,
                800.381469727,
                295.604064941,
                647.34197998,
                1242.40991211,
                928.486999512,
                145.351516724,
                87.0110855103,
                74.3846511841,
                68.4759597778,
                79.7354812622,
                84.8822021484,
                36.5124969482,
                8.97904491425,
                1.80499255657,
                0.610934138298,
                0.0476723089814,
                0.00112840230577
            ],
            "mean": [
                0.202259287238,
                0.934695243835,
                1.33237397671,
                1.03501844406,
                1.10241305828,
                3.54735970497,
                9.23724937439,
                16.4262771606,
                17.4316768646,
                17.8832893372,
                17.3102245331,
                30.2919864655,
                45.3086585999,
                122.982421875,
                46.6802520752,
                21.8135948181,
                22.8990345001,
                15.5450725555,
                22.3444595337,
                17.416343689,
                26.5775260925,
                18.1144294739,
                20.0758304596,
                24.3313999176,
                13.0943689346,
                10.3485336304,
                18.1459522247,
                12.8777809143,
                3.24056077003,
                2.35368132591,
                2.36412405968,
                2.33978295326,
                1.69335353374,
                1.02318060398,
                0.317178398371,
                0.096520267427,
                0.0304713454098,
                0.00612802663818,
                0.000756797497161,
                5.22511872987e-05
            ],
            "median": [
                0.0356035269797,
                0.366842001677,
                0.558484911919,
                0.405802816153,
                0.474271982908,
                1.5768443346,
                3.84885716438,
                6.31627988815,
                5.39809036255,
                6.58664464951,
                5.76735687256,
                7.87099504471,
                8.55065250397,
                15.2545576096,
                10.3383760452,
                5.98013496399,
                6.30235815048,
                4.49981117249,
                7.60099077225,
                7.02097225189,
                6.11589384079,
                4.23434591293,
                4.49514579773,
                6.44222831726,
                5.13215446472,
                3.45060348511,
                3.12566828728,
                1.99051618576,
                0.747415184975,
                0.442130178213,
                0.466294586658,
                0.662432134151,
                0.552756071091,
                0.266435593367,
                0.0699612870812,
                0.0203771125525,
                0.00734866829589,
                0.00114087143447,
                9.99391268124e-05,
                2.63184720097e-05
            ],
            "min": [
                1.19036025836e-21,
                1.22159858475e-20,
                4.50451574635e-20,
                7.05074407726e-20,
                8.49812144866e-20,
                2.24506149878e-19,
                3.46867126333e-19,
                3.02046577487e-19,
                4.58045318841e-19,
                7.06608853612e-19,
                7.64762442409e-19,
                3.15033101139e-18,
                4.89794816516e-18,
                1.93558815771e-18,
                4.05681963312e-18,
                5.92912764679e-18,
                5.59449379794e-18,
                7.32890956273e-18,
                3.95218955744e-18,
                7.05531461204e-18,
                9.29651912272e-18,
                1.47377661317e-17,
                5.96715148519e-18,
                1.07339638127e-17,
                1.37700127914e-17,
                1.26040479513e-17,
                2.53392172646e-17,
                1.80053545444e-17,
                1.91080276599e-17,
                2.23424362039e-17,
                2.16361083332e-17,
                2.12944612335e-17,
                1.16377843634e-17,
                9.73589430305e-18,
                1.10829959809e-17,
                6.22122331906e-18,
                3.64304858788e-18,
                1.41170127837e-18,
                3.15518118491e-19,
                2.86312962464e-20
            ],
            "var": [
                0.356280148029,
                2.25599074364,
                7.72986841202,
                8.43654823303,
                6.16306209564,
                30.8495082855,
                315.62878418,
                1356.45690918,
                1056.53503418,
                1030.64135742,
                1661.2878418,
                7307.49951172,
                13755.4755859,
                75349.1328125,
                11895.6572266,
                3420.94042969,
                3472.99731445,
                1063.74304199,
                2227.93139648,
                1474.60791016,
                4224.60742188,
                1930.98022461,
                2600.86962891,
                3972.75732422,
                481.336334229,
                482.403106689,
                1932.87744141,
                1400.77587891,
                47.6678657532,
                27.0187454224,
                29.213054657,
                23.83735466,
                19.717540741,
                9.68708133698,
                1.04554355145,
                0.0795346871018,
                0.00625009695068,
                0.000380333396606,
                5.22420123161e-06,
                6.91169121936e-09
            ]
        },
        "erbbands_crest": {
            "dmean": 2.79283213615,
            "dmean2": 4.26055145264,
            "dvar": 7.6735458374,
            "dvar2": 17.2566509247,
            "max": 32.4503746033,
            "mean": 12.661901474,
            "median": 11.4537382126,
            "min": 2.60014271736,
            "var": 36.0661773682
        },
        "erbbands_flatness_db": {
            "dmean": 0.0166846849024,
            "dmean2": 0.023797230795,
            "dvar": 0.000369157234672,
            "dvar2": 0.000733497843612,
            "max": 0.526654779911,
            "mean": 0.19262483716,
            "median": 0.181039750576,
            "min": 0.0444274172187,
            "var": 0.00429172907025
        },
        "erbbands_kurtosis": {
            "dmean": 1.40029811859,
            "dmean2": 2.13315963745,
            "dvar": 5.93970966339,
            "dvar2": 13.0665645599,
            "max": 82.1123580933,
            "mean": 1.98616015911,
            "median": 0.819233238697,
            "min": -1.8264862299,
            "var": 16.0878200531
        },
        "erbbands_skewness": {
            "dmean": 0.380880385637,
            "dmean2": 0.556228160858,
            "dvar": 0.175686791539,
            "dvar2": 0.348697155714,
            "max": 7.36416292191,
            "mean": 0.783376336098,
            "median": 0.772666871548,
            "min": -6.75856590271,
            "var": 1.06634664536
        },
        "erbbands_spread": {
            "dmean": 6.28315162659,
            "dmean2": 9.27498340607,
            "dvar": 73.7350387573,
            "dvar2": 157.154312134,
            "max": 131.880401611,
            "mean": 30.0516166687,
            "median": 26.3930587769,
            "min": 1.29409825802,
            "var": 319.627075195
        },
        "gfcc": {
            "cov": [
                [
                    20411.734375,
                    -2342.57202148,
                    -446.278381348,
                    1819.14562988,
                    917.376525879,
                    2282.56689453,
                    1257.27001953,
                    1770.13867188,
                    679.139526367,
                    604.631713867,
                    229.818222046,
                    421.615203857,
                    302.015075684
                ],
                [
                    -2342.57202148,
                    2081.43334961,
                    539.426757813,
                    42.8324813843,
                    481.194396973,
                    -91.1044464111,
                    236.203292847,
                    -176.115768433,
                    136.31842041,
                    -65.2839050293,
                    59.7055931091,
                    -91.3706893921,
                    7.56931114197
                ],
                [
                    -446.278381348,
                    539.426757813,
                    1074.98535156,
                    368.343780518,
                    234.87550354,
                    174.879882813,
                    71.9492416382,
                    87.0145645142,
                    137.480392456,
                    29.8898639679,
                    -49.0652961731,
                    45.8743057251,
                    -92.3845672607
                ],
                [
                    1819.14562988,
                    42.8324813843,
                    368.343780518,
                    1134.984375,
                    610.744262695,
                    423.254180908,
                    402.117614746,
                    374.826446533,
                    291.455871582,
                    150.177230835,
                    14.3596353531,
                    141.054077148,
                    6.98683834076
                ],
                [
                    917.376525879,
                    481.194396973,
                    234.87550354,
                    610.744262695,
                    709.987670898,
                    359.281158447,
                    394.862213135,
                    233.590881348,
                    235.538208008,
                    95.2747116089,
                    47.4807815552,
                    92.0702896118,
                    23.9172115326
                ],
                [
                    2282.56689453,
                    -91.1044464111,
                    174.879882813,
                    423.254180908,
                    359.281158447,
                    641.409973145,
                    367.490631104,
                    251.929229736,
                    179.975646973,
                    125.097114563,
                    39.4794235229,
                    72.1473999023,
                    31.2230739594
                ],
                [
                    1257.27001953,
                    236.203292847,
                    71.9492416382,
                    402.117614746,
                    394.862213135,
                    367.490631104,
                    512.175231934,
                    171.202270508,
                    178.038299561,
                    89.3228378296,
                    38.5305175781,
                    94.4971618652,
                    45.7265625
                ],
                [
                    1770.13867188,
                    -176.115768433,
                    87.0145645142,
                    374.826446533,
                    233.590881348,
                    251.929229736,
                    171.202270508,
                    383.620422363,
                    157.238082886,
                    79.263168335,
                    35.6964187622,
                    69.5629348755,
                    34.2477302551
                ],
                [
                    679.139526367,
                    136.31842041,
                    137.480392456,
                    291.455871582,
                    235.538208008,
                    179.975646973,
                    178.038299561,
                    157.238082886,
                    247.869262695,
                    75.298500061,
                    23.7775249481,
                    82.6378479004,
                    12.8143024445
                ],
                [
                    604.631713867,
                    -65.2839050293,
                    29.8898639679,
                    150.177230835,
                    95.2747116089,
                    125.097114563,
                    89.3228378296,
                    79.263168335,
                    75.298500061,
                    151.196151733,
                    44.630405426,
                    19.2375450134,
                    5.83134651184
                ],
                [
                    229.818222046,
                    59.7055931091,
                    -49.0652961731,
                    14.3596353531,
                    47.4807815552,
                    39.4794235229,
                    38.5305175781,
                    35.6964187622,
                    23.7775249481,
                    44.630405426,
                    127.179412842,
                    24.5618476868,
                    14.8623628616
                ],
                [
                    421.615203857,
                    -91.3706893921,
                    45.8743057251,
                    141.054077148,
                    92.0702896118,
                    72.1473999023,
                    94.4971618652,
                    69.5629348755,
                    82.6378479004,
                    19.2375450134,
                    24.5618476868,
                    157.830612183,
                    27.7236232758
                ],
                [
                    302.015075684,
                    7.56931114197,
                    -92.3845672607,
                    6.98683834076,
                    23.9172115326,
                    31.2230739594,
                    45.7265625,
                    34.2477302551,
                    12.8143024445,
                    5.83134651184,
                    14.8623628616,
                    27.7236232758,
                    112.552886963
                ]
            ],
            "icov": [
                [
                    0.000132783490699,
                    3.04187797155e-05,
                    0.000111972702143,
                    -4.20992728323e-05,
                    0.000138811170473,
                    -0.000369533809135,
                    -2.0737408704e-05,
                    -0.000411445304053,
                    6.75458140904e-05,
                    -7.85221054684e-05,
                    1.21159810078e-05,
                    -7.00630625943e-05,
                    -4.51537489425e-05
                ],
                [
                    3.04187797155e-05,
                    0.00160013011191,
                    -0.000976172625087,
                    0.000542301335372,
                    -0.00145848398097,
                    0.00104570260737,
                    -0.00103555468377,
                    0.00106966181193,
                    -0.00121141050477,
                    0.00113918527495,
                    -0.00145268382039,
                    0.00208954559639,
                    -0.00115304416977
                ],
                [
                    0.000111972702143,
                    -0.000976172625087,
                    0.00196800404228,
                    -0.00065126264235,
                    0.000819396867882,
                    -0.00132250634488,
                    0.00103643292096,
                    -0.000892037525773,
                    0.000423672376201,
                    -0.000661877274979,
                    0.00139876594767,
                    -0.00160562235396,
                    0.00166093499865
                ],
                [
                    -4.20992728323e-05,
                    0.000542301335372,
                    -0.00065126264235,
                    0.00248596630991,
                    -0.00176590669435,
                    0.000544210139196,
                    -0.000611028110143,
                    -0.000566578179132,
                    -0.000597772945184,
                    -0.000441744050477,
                    0.000367025262676,
                    9.13921321626e-05,
                    5.25034192833e-05
                ],
                [
                    0.000138811170473,
                    -0.00145848398097,
                    0.000819396867882,
                    -0.00176590669435,
                    0.00524909188971,
                    -0.00165185937658,
                    -0.000581515952945,
                    -0.00142535590567,
                    0.000109094973595,
                    -0.000467041245429,
                    0.000398405391024,
                    -0.00141329143662,
                    0.000827865151223
                ],
                [
                    -0.000369533809135,
                    0.00104570260737,
                    -0.00132250634488,
                    0.000544210139196,
                    -0.00165185937658,
                    0.00513966660947,
                    -0.00239208876155,
                    0.000864671834279,
                    -0.000964177423157,
                    -5.10487116117e-05,
                    -0.000977897783741,
                    0.00196053739637,
                    -0.000805467483588
                ],
                [
                    -2.0737408704e-05,
                    -0.00103555468377,
                    0.00103643292096,
                    -0.000611028110143,
                    -0.000581515952945,
                    -0.00239208876155,
                    0.00545096490532,
                    -8.66244445206e-05,
                    9.57666197792e-05,
                    -0.00086461630417,
                    0.00103034055792,
                    -0.00220665545203,
                    5.42706038686e-05
                ],
                [
                    -0.000411445304053,
                    0.00106966181193,
                    -0.000892037525773,
                    -0.000566578179132,
                    -0.00142535590567,
                    0.000864671834279,
                    -8.66244445206e-05,
                    0.00690641859546,
                    -0.00252844160423,
                    0.00107811123598,
                    -0.00172687438317,
                    0.00167392601725,
                    -0.00162047916092
                ],
                [
                    6.75458140904e-05,
                    -0.00121141050477,
                    0.000423672376201,
                    -0.000597772945184,
                    0.000109094973595,
                    -0.000964177423157,
                    9.57666197792e-05,
                    -0.00252844160423,
                    0.00904871430248,
                    -0.00279166689143,
                    0.00152021634858,
                    -0.0038684271276,
                    0.0011263655033
                ],
                [
                    -7.85221054684e-05,
                    0.00113918527495,
                    -0.000661877274979,
                    -0.000441744050477,
                    -0.000467041245429,
                    -5.10487116117e-05,
                    -0.00086461630417,
                    0.00107811123598,
                    -0.00279166689143,
                    0.0105445636436,
                    -0.0040805679746,
                    0.00271203555167,
                    -0.000602808664553
                ],
                [
                    1.21159810078e-05,
                    -0.00145268382039,
                    0.00139876594767,
                    0.000367025262676,
                    0.000398405391024,
                    -0.000977897783741,
                    0.00103034055792,
                    -0.00172687438317,
                    0.00152021634858,
                    -0.0040805679746,
                    0.0110521474853,
                    -0.0034269655589,
                    0.000907040666789
                ],
                [
                    -7.00630625943e-05,
                    0.00208954559639,
                    -0.00160562235396,
                    9.13921321626e-05,
                    -0.00141329143662,
                    0.00196053739637,
                    -0.00220665545203,
                    0.00167392601725,
                    -0.0038684271276,
                    0.00271203555167,
                    -0.0034269655589,
                    0.0114183882251,
                    -0.00319260498509
                ],
                [
                    -4.51537489425e-05,
                    -0.00115304416977,
                    0.00166093499865,
                    5.25034192833e-05,
                    0.000827865151223,
                    -0.000805467483588,
                    5.42706038686e-05,
                    -0.00162047916092,
                    0.0011263655033,
                    -0.000602808664553,
                    0.000907040666789,
                    -0.00319260498509,
                    0.0115316389129
                ]
            ],
            "mean": [
                -57.8737297058,
                82.5509414673,
                -125.189826965,
                12.6459770203,
                -68.229019165,
                2.79637885094,
                -36.3080596924,
                9.81524276733,
                -25.252286911,
                3.34551048279,
                -8.35340213776,
                0.957477509975,
                -0.145397335291
            ]
        },
        "hfc": {
            "dmean": 4.06985092163,
            "dmean2": 5.75922584534,
            "dvar": 44.0037689209,
            "dvar2": 82.9516601563,
            "max": 142.502471924,
            "mean": 19.695400238,
            "median": 12.4823074341,
            "min": 1.14643328607e-16,
            "var": 418.022857666
        },
        "melbands": {
            "dmean": [
                0.000496550637763,
                0.000367889733752,
                0.000106906147266,
                7.35574576538e-05,
                0.000126904720673,
                0.000151339569129,
                0.000137371549499,
                9.74097711151e-05,
                7.72319399402e-05,
                9.59642784437e-05,
                0.000103837854112,
                0.000183493073564,
                7.679767441e-05,
                3.7418321881e-05,
                2.22246435442e-05,
                2.8894535717e-05,
                1.40714009831e-05,
                1.93575688172e-05,
                1.73279368028e-05,
                1.32856102937e-05,
                1.78820591827e-05,
                1.23706313389e-05,
                9.56383883022e-06,
                6.80604580339e-06,
                9.99570056592e-06,
                5.9410558606e-06,
                2.81003258351e-06,
