{
    "lowlevel": {
        "average_loudness": 0.92491209507,
        "barkbands": {
            "dmean": [
                0.000484680873342,
                0.00705916946754,
                0.00138061842881,
                0.000659566780087,
                0.00122868036851,
                0.00193191925064,
                0.000994836329482,
                0.00102992437314,
                0.00102858105674,
                0.000644353334792,
                0.000263341906248,
                0.000239431246882,
                0.000227919124882,
                0.000219176072278,
                0.000265236070845,
                0.000160450275871,
                0.000197911009309,
                0.000195377491764,
                0.000238582870224,
                0.000372471346054,
                0.000301101943478,
                0.000190976148588,
                0.000178344664164,
                0.000187755853403,
                0.000190158098121,
                0.000128126703203,
                1.55854177137e-05
            ],
            "dmean2": [
                0.00076042796718,
                0.0116127198562,
                0.00217107101344,
                0.00108187622391,
                0.00183877279051,
                0.00302785099484,
                0.00157917221077,
                0.00153240631334,
                0.00157044618391,
                0.000914335832931,
                0.000423040008172,
                0.000372774986317,
                0.000349953508703,
                0.000348990753992,
                0.000402448553359,
                0.000253489444731,
                0.00031210121233,
                0.000326137058437,
                0.000389342050767,
                0.000670684326906,
                0.000494512205478,
                0.000297648017295,
                0.0002680158359,
                0.000291381555144,
                0.000284695270238,
                0.000201707633096,
                2.62848261627e-05
            ],
            "dvar": [
                1.44227112742e-06,
                0.000252701487625,
                1.81432496902e-05,
                1.92086940842e-06,
                5.62993500353e-06,
                1.72389427462e-05,
                5.91929529037e-06,
                5.58312967769e-06,
                7.86962118582e-06,
                2.68460803454e-06,
                6.1867444856e-07,
                2.87441480396e-07,
                3.28599071509e-07,
                2.68331177722e-07,
                3.04111154037e-07,
                1.14954026742e-07,
                3.10013973603e-07,
                1.84834078709e-07,
                2.44273820726e-07,
                1.24254131606e-06,
                5.18074159572e-07,
                1.34316238132e-07,
                1.24153672232e-07,
                1.36717517307e-07,
                1.38085439971e-07,
                9.51819387751e-08,
                2.82924084161e-09
            ],
            "dvar2": [
                3.31718615598e-06,
                0.000693552778102,
                4.19235293521e-05,
                4.92539766128e-06,
                1.2313017578e-05,
                3.95095521526e-05,
                1.37157194331e-05,
                1.19425867524e-05,
                1.75716995727e-05,
                5.07715049025e-06,
                1.51315668973e-06,
                6.53751499158e-07,
                6.52771177556e-07,
                5.83987855407e-07,
                6.64564140607e-07,
                2.71010435426e-07,
                7.8960403016e-07,
                4.82422649384e-07,
                6.26512189683e-07,
                3.47044829141e-06,
                1.38669827265e-06,
                3.28319543996e-07,
                2.55502413893e-07,
                3.07639851371e-07,
                2.90214416054e-07,
                2.31712405707e-07,
                7.41243777469e-09
            ],
            "max": [
                0.0204326212406,
                0.128260284662,
                0.0346932075918,
                0.009052824229,
                0.0411364883184,
                0.0829646289349,
                0.0639875605702,
                0.042438596487,
                0.0557594001293,
                0.0379107110202,
                0.0266732107848,
                0.0141186425462,
                0.0134619819,
                0.0129422070459,
                0.0121533554047,
                0.00863454677165,
                0.00942909345031,
                0.00484916567802,
                0.00432988023385,
                0.00748542137444,
                0.00569469155744,
                0.00495163211599,
                0.0104242675006,
                0.00742181250826,
                0.00474692508578,
                0.00304523226805,
                0.000612220610492
            ],
            "mean": [
                0.000548188050743,
                0.0106242066249,
                0.00126014684793,
                0.000586657901295,
                0.00158992107026,
                0.00276268087327,
                0.00124486372806,
                0.00172592664603,
                0.00171434518415,
                0.00111606786959,
                0.000371309841285,
                0.000337164616212,
                0.0003268335131,
                0.000259816850303,
                0.000379220611649,
                0.000178430316737,
                0.000228439253988,
                0.00018015767273,
                0.000237549422309,
                0.00026260103914,
                0.00025926734088,
                0.000174712535227,
                0.000179030772415,
                0.000184737538802,
                0.000224200455705,
                0.000116336559586,
                1.1257474398e-05
            ],
            "median": [
                3.78606273443e-05,
                0.00199177931063,
                6.70125882607e-05,
                5.16958743901e-06,
                0.000223728144192,
                0.00068702257704,
                0.000190042512259,
                0.00036741909571,
                0.000291473639663,
                0.00011324796651,
                6.68982611387e-05,
                6.15207973169e-05,
                5.58737374377e-05,
                3.61342754331e-05,
                5.67298593523e-05,
                3.539462341e-05,
                3.76597818104e-05,
                3.11134353979e-05,
                4.50398183602e-05,
                2.60621054622e-05,
                2.81738284684e-05,
                2.02793926292e-05,
                1.41203381645e-05,
                2.59200169239e-05,
                3.70705820387e-05,
                5.95147002969e-06,
                4.24093222762e-08
            ],
            "min": [
                3.33627765745e-25,
                2.57702556163e-24,
                3.15655344957e-25,
                1.09812475121e-24,
                4.34847110001e-24,
                6.879176327e-24,
                2.99253063054e-24,
                6.82777809472e-24,
                1.43846293267e-23,
                8.27306751412e-24,
                7.75809753747e-24,
                1.2183203319e-23,
                2.12685861507e-23,
                3.39125307812e-23,
                3.81516168503e-23,
                6.62230680796e-23,
                5.99299964725e-23,
                7.75035139669e-23,
                1.10292107285e-22,
                1.59203427162e-22,
                2.68110092749e-22,
                2.8489760817e-22,
                3.48341512969e-22,
                5.31756873604e-22,
                9.02769794606e-22,
                1.13245721159e-21,
                1.85789168054e-21
            ],
            "var": [
                2.00182103072e-06,
                0.000370043242583,
                1.74809974851e-05,
                1.7834696564e-06,
                1.21604834931e-05,
                2.80502154055e-05,
                9.53084418143e-06,
                1.37791857924e-05,
                1.93000632862e-05,
                9.90057924355e-06,
                9.57151769398e-07,
                6.49767400773e-07,
                9.81448238235e-07,
                5.01194108438e-07,
                7.26030066289e-07,
                1.56731090328e-07,
                3.51670308874e-07,
                1.6253906665e-07,
                2.31811455365e-07,
                7.91938305156e-07,
                4.08975949995e-07,
                1.38537643579e-07,
                1.60975247354e-07,
                1.79797680744e-07,
                2.32549524526e-07,
                9.54882253268e-08,
                2.05780992246e-09
            ]
        },
        "barkbands_crest": {
            "dmean": 3.62659454346,
            "dmean2": 5.49708604813,
            "dvar": 11.8216228485,
            "dvar2": 25.3635959625,
            "max": 26.4564247131,
            "mean": 14.1981477737,
            "median": 13.6555595398,
            "min": 2.56214022636,
            "var": 33.6832275391
        },
        "barkbands_flatness_db": {
            "dmean": 0.0502574034035,
            "dmean2": 0.0661588609219,
            "dvar": 0.00306627270766,
            "dvar2": 0.00571403279901,
            "max": 0.674610555172,
            "mean": 0.21104195714,
            "median": 0.200994968414,
            "min": 0.020381975919,
            "var": 0.0118806045502
        },
        "barkbands_kurtosis": {
            "dmean": 15.1176109314,
            "dmean2": 21.9302597046,
            "dvar": 5039.52978516,
            "dvar2": 8230.72949219,
            "max": 2523.46582031,
            "mean": 22.6003322601,
            "median": 2.95675754547,
            "min": -1.95879852772,
            "var": 17972.0371094
        },
        "barkbands_skewness": {
            "dmean": 1.15986990929,
            "dmean2": 1.67113149166,
            "dvar": 2.70994472504,
            "dvar2": 5.0636920929,
            "max": 43.6897621155,
            "mean": 2.22971057892,
            "median": 1.62335968018,
            "min": -16.3991527557,
            "var": 10.6145086288
        },
        "barkbands_spread": {
            "dmean": 10.7273731232,
            "dmean2": 16.2717704773,
            "dvar": 204.781036377,
            "dvar2": 432.292419434,
            "max": 117.462142944,
            "mean": 20.9059562683,
            "median": 15.5865755081,
            "min": 0.0404220931232,
            "var": 330.241699219
        },
        "dissonance": {
            "dmean": 0.038146276027,
            "dmean2": 0.0591620355844,
            "dvar": 0.00144172471482,
            "dvar2": 0.0032938811928,
            "max": 0.499999970198,
            "mean": 0.424458622932,
            "median": 0.441607952118,
            "min": 0.0696946755052,
            "var": 0.00413577677682
        },
        "dynamic_complexity": 2.98698425293,
        "erbbands": {
            "dmean": [
                0.236828833818,
                1.48875355721,
                1.60892128944,
                1.68787777424,
                2.73211789131,
                4.59576225281,
                8.56665802002,
                18.6937866211,
                14.9329786301,
                15.6098670959,
                24.0381298065,
                25.264831543,
                16.3687877655,
                16.7736186981,
                11.3631572723,
                10.5685958862,
                10.5824670792,
                10.6343193054,
                13.5559577942,
                10.9108915329,
                10.3284196854,
                8.59723472595,
                8.12326145172,
                14.6394147873,
                14.1128034592,
                18.6861743927,
                11.4717788696,
                11.0948085785,
                7.90520095825,
                6.03622770309,
                4.76903581619,
                3.85092568398,
                3.13255286217,
                2.25416064262,
                1.29490017891,
                0.571034491062,
                0.237356975675,
                0.052711699158,
                0.00190879160073,
                5.19484019605e-05
            ],
            "dmean2": [
                0.379434943199,
                2.48339152336,
                2.4519701004,
                2.8180513382,
                4.11796283722,
                6.95995759964,
                13.0445652008,
                29.816986084,
                23.6421298981,
                23.7443523407,
                35.4424552917,
                38.0013656616,
                24.209438324,
                23.2932186127,
                18.166519165,
                16.0268688202,
                16.1320991516,
                16.7619972229,
                20.2315711975,
                16.9343662262,
                16.3823204041,
                13.3340005875,
                12.7899360657,
                25.174703598,
                23.7003612518,
                33.6585350037,
                19.1611022949,
                18.2689495087,
                12.53104496,
                9.09233474731,
                7.25733709335,
                5.91799020767,
                4.82624769211,
                3.3839840889,
                1.96133565903,
                0.887432515621,
                0.379279524088,
                0.0862321481109,
                0.00325144222006,
                8.15388921183e-05
            ],
            "dvar": [
                0.283319443464,
                12.3156929016,
                20.380569458,
                14.1808509827,
                34.1438064575,
                96.9867706299,
                337.447784424,
                1839.89367676,
                1368.14624023,
                1379.36071777,
                2797.87109375,
                4815.29003906,
                2205.66748047,
                1987.32043457,
                1191.66906738,
                534.767700195,
                750.834228516,
                613.181030273,
                781.905822754,
                605.044555664,
                941.865844727,
                374.463287354,
                247.41633606,
                1217.35595703,
                1157.05981445,
                3257.53540039,
                792.056274414,
                680.303833008,
                259.285491943,
                123.630813599,
                93.1942443848,
                58.6369628906,
                39.5149459839,
                20.9117603302,
                6.54975223541,
                1.6141680479,
                0.349069386721,
                0.0255183726549,
                4.2084040615e-05,
                1.50811345634e-08
            ],
            "dvar2": [
                0.702649116516,
                35.5576324463,
                42.0086250305,
                36.8269882202,
                78.2462539673,
                205.962646484,
                775.847351074,
                4198.01220703,
                3211.43261719,
                3127.03662109,
                6154.55615234,
                10209.8320312,
                4405.82275391,
                3484.88256836,
                3009.45800781,
                1146.2277832,
                1536.34436035,
                1339.55310059,
                1650.97766113,
                1398.12768555,
                2408.82617188,
                901.688537598,
                594.535888672,
                3357.84155273,
                3028.42797852,
                9116.09570312,
                2112.70751953,
                1845.31835938,
                652.599609375,
                281.181945801,
                188.859313965,
                127.437927246,
                89.7306518555,
                43.8733787537,
                14.2674789429,
                3.76086735725,
                0.87485986948,
                0.0657526254654,
                0.000111548710265,
                3.83985074848e-08
            ],
            "max": [
                4.02213001251,
                27.4100532532,
                34.802280426,
                29.2324905396,
                74.3193435669,
                195.092330933,
                422.335327148,
                938.597839355,
                943.964904785,
                658.562805176,
                1157.22143555,
                1222.24829102,
                1251.01989746,
                1356.24462891,
                1150.21606445,
                521.413330078,
                668.39666748,
                444.62210083,
                739.795166016,
                707.196960449,
                528.987182617,
                262.531524658,
                272.555236816,
                350.685974121,
                243.733978271,
                384.742950439,
                282.601867676,
                249.895324707,
                233.852783203,
                164.800750732,
                266.66583252,
                181.048324585,
                118.197410583,
                64.6956710815,
                36.1776504517,
                17.2115783691,
                5.34306192398,
                1.3680524826,
                0.0620783567429,
                0.00116519699804
            ],
            "mean": [
                0.387487381697,
                2.03667163849,
                1.93402338028,
                1.60990214348,
                2.93800258636,
                5.92505216599,
                13.4006681442,
                24.8844585419,
                19.5994758606,
                23.3940067291,
                42.4130592346,
                45.4250297546,
                26.3633041382,
                30.5689430237,
                16.9293956757,
                16.7926998138,
                15.735206604,
                13.6248455048,
                20.460483551,
                14.1292610168,
                11.7154321671,
                10.2799434662,
                9.02238845825,
                13.3508243561,
                12.2939605713,
                13.1721754074,
                9.62336444855,
                9.73365592957,
                7.05606842041,
                5.65059947968,
                4.84521579742,
                3.85039520264,
                3.14691877365,
                2.69776248932,
                1.43569147587,
                0.571851968765,
                0.202097728848,
                0.0406914763153,
                0.0013938897755,
                6.5114138124e-05
            ],
            "median": [
                0.0619634985924,
                0.291098892689,
                0.286294609308,
                0.0751843750477,
                0.131067290902,
                0.84871160984,
                3.80512237549,
                5.41764211655,
                3.23578262329,
                6.04937362671,
                11.0412092209,
                9.70216178894,
                4.89049243927,
                4.15891838074,
                4.95006275177,
                3.99560499191,
                3.24202013016,
                2.76446652412,
                3.28994560242,
                2.7662653923,
                2.44518661499,
                1.97346782684,
                1.95336675644,
                2.64586019516,
                1.76906847954,
                1.32306325436,
                1.19368088245,
                1.13563418388,
                0.829487502575,
                0.406400084496,
                0.421137392521,
                0.483790814877,
                0.463239699602,
                0.417453169823,
                0.218979075551,
                0.0490385964513,
                0.00766949681565,
                0.000660099554807,
                3.75214076485e-05,
                2.78688421531e-05
            ],
            "min": [
                3.82530454301e-23,
                6.4477224233e-22,
                1.26997548355e-21,
                2.5417537604e-21,
                1.40915080266e-20,
                1.51527484407e-20,
                6.91702710007e-20,
                5.08105546342e-20,
                7.35226110406e-20,
                9.42271097939e-20,
                2.35951744616e-19,
                3.79323754865e-19,
                3.26829037886e-19,
                5.77507518387e-19,
                8.16911992429e-19,
                6.30271767e-19,
                9.78557456385e-19,
                1.67816169287e-18,
                1.83438509131e-18,
                2.43694025903e-18,
                2.9234126219e-18,
                3.58914660403e-18,
                4.50698827968e-18,
                6.78832428496e-18,
                6.57788912353e-18,
                9.12100545881e-18,
                8.86191098426e-18,
                9.70139342688e-18,
                1.04270219028e-17,
                1.03959273564e-17,
                1.05941909687e-17,
                9.51221887515e-18,
                8.8448388036e-18,
                8.29170726389e-18,
                6.04487709786e-18,
                3.71466836686e-18,
                2.20024976458e-18,
                1.00969077688e-18,
                2.55400156685e-19,
                2.66717877702e-20
            ],
            "var": [
                0.52596950531,
                14.040268898,
                24.6404533386,
                12.3457603455,
                45.2419586182,
                238.117828369,
                614.208496094,
                2894.20092773,
                2322.86938477,
                2230.91333008,
                8164.88916016,
                13097.0507812,
                5541.12255859,
                8943.09667969,
                1621.28088379,
                1487.16333008,
                2189.05151367,
                1088.63952637,
                2089.83520508,
                1114.90563965,
                896.510864258,
                501.107269287,
                309.128967285,
                929.474914551,
                917.935546875,
                2063.10205078,
                604.612548828,
                547.327270508,
                243.793777466,
                142.620223999,
                123.328529358,
                83.4777450562,
                50.3014221191,
                36.2192420959,
                9.61713027954,
                2.00687265396,
                0.313997060061,
                0.0198594480753,
                2.97925307677e-05,
                1.39819595901e-08
            ]
        },
        "erbbands_crest": {
            "dmean": 4.09264945984,
            "dmean2": 6.26317501068,
            "dvar": 16.0686035156,
            "dvar2": 32.0798835754,
            "max": 34.304359436,
            "mean": 13.1695861816,
            "median": 12.2239198685,
            "min": 2.1552927494,
            "var": 43.1544837952
        },
        "erbbands_flatness_db": {
            "dmean": 0.0410576090217,
            "dmean2": 0.0539225190878,
            "dvar": 0.00219617504627,
            "dvar2": 0.00404304685071,
            "max": 0.595908880234,
            "mean": 0.204386636615,
            "median": 0.196520298719,
            "min": 0.0551359690726,
            "var": 0.0073557398282
        },
        "erbbands_kurtosis": {
            "dmean": 3.74864220619,
            "dmean2": 5.76197242737,
            "dvar": 79.9393920898,
            "dvar2": 170.406921387,
            "max": 238.074401855,
            "mean": 3.86679792404,
            "median": 0.731434464455,
            "min": -1.96723210812,
            "var": 121.662521362
        },
        "erbbands_skewness": {
            "dmean": 0.815594911575,
            "dmean2": 1.19376003742,
            "dvar": 0.805407345295,
            "dvar2": 1.81187498569,
            "max": 10.740644455,
            "mean": 0.711156189442,
            "median": 0.595578789711,
            "min": -7.19845676422,
            "var": 2.0875992775
        },
        "erbbands_spread": {
            "dmean": 15.7463703156,
            "dmean2": 22.3584194183,
            "dvar": 367.440765381,
            "dvar2": 674.150878906,
            "max": 195.239959717,
            "mean": 38.0957946777,
            "median": 30.9546451569,
            "min": 0.183675467968,
            "var": 868.118164062
        },
        "gfcc": {
            "cov": [
                [
                    32465.8554688,
                    -1407.9420166,
                    -2068.65527344,
                    1850.1940918,
                    -1477.19897461,
                    376.856689453,
                    -1614.88183594,
                    333.703125,
                    -1368.78210449,
                    408.464233398,
                    -842.615844727,
                    329.01663208,
                    -431.386199951
                ],
                [
                    -1407.9420166,
                    3146.68530273,
                    216.596084595,
                    -319.030517578,
                    592.937744141,
                    72.9807128906,
                    519.71270752,
                    180.349090576,
                    447.125427246,
                    -61.4129066467,
                    439.751556396,
                    -197.422134399,
                    302.487579346
                ],
                [
                    -2068.65527344,
                    216.596084595,
                    2547.75268555,
                    758.697875977,
                    606.234680176,
                    596.815429688,
                    376.499725342,
                    184.216110229,
                    285.996582031,
                    24.7676849365,
                    16.3383922577,
                    62.3210639954,
                    -65.1498947144
                ],
                [
                    1850.1940918,
                    -319.030517578,
                    758.697875977,
                    1400.48840332,
                    456.59161377,
                    134.050384521,
                    46.2011489868,
                    84.7747879028,
                    65.2270812988,
                    40.1223678589,
                    -43.0369491577,
                    23.5228404999,
                    -45.3790931702
                ],
                [
                    -1477.19897461,
                    592.937744141,
                    606.234680176,
                    456.59161377,
                    1206.15112305,
                    523.373657227,
                    488.204193115,
                    300.068267822,
                    308.919891357,
                    20.1486415863,
                    65.5591888428,
                    -81.6543426514,
                    42.0398101807
                ],
                [
                    376.856689453,
                    72.9807128906,
                    596.815429688,
                    134.050384521,
                    523.373657227,
                    849.522094727,
                    464.868804932,
                    322.238586426,
                    206.758377075,
                    81.5695571899,
                    -1.67361903191,
                    -8.1972360611,
                    -29.5561389923
                ],
                [
                    -1614.88183594,
                    519.71270752,
                    376.499725342,
                    46.2011489868,
                    488.204193115,
                    464.868804932,
                    830.217041016,
                    286.314025879,
                    306.80291748,
                    45.6052284241,
                    117.282287598,
                    -95.3981323242,
                    -36.3385658264
                ],
                [
                    333.703125,
                    180.349090576,
                    184.216110229,
                    84.7747879028,
                    300.068267822,
                    322.238586426,
                    286.314025879,
                    504.455322266,
                    258.976013184,
                    122.229270935,
                    68.708946228,
                    -16.5654239655,
                    50.4189224243
                ],
                [
                    -1368.78210449,
                    447.125427246,
                    285.996582031,
                    65.2270812988,
                    308.919891357,
                    206.758377075,
                    306.80291748,
                    258.976013184,
                    442.89730835,
                    83.6331863403,
                    122.350196838,
                    -33.0354766846,
                    64.256942749
                ],
                [
                    408.464233398,
                    -61.4129066467,
                    24.7676849365,
                    40.1223678589,
                    20.1486415863,
                    81.5695571899,
                    45.6052284241,
                    122.229270935,
                    83.6331863403,
                    221.079711914,
                    54.2517051697,
                    11.472360611,
                    24.9667873383
                ],
                [
                    -842.615844727,
                    439.751556396,
                    16.3383922577,
                    -43.0369491577,
                    65.5591888428,
                    -1.67361903191,
                    117.282287598,
                    68.708946228,
                    122.350196838,
                    54.2517051697,
                    267.218017578,
                    28.4108390808,
                    80.9342803955
                ],
                [
                    329.01663208,
                    -197.422134399,
                    62.3210639954,
                    23.5228404999,
                    -81.6543426514,
                    -8.1972360611,
                    -95.3981323242,
                    -16.5654239655,
                    -33.0354766846,
                    11.472360611,
                    28.4108390808,
                    181.714385986,
                    44.5053749084
                ],
                [
                    -431.386199951,
                    302.487579346,
                    -65.1498947144,
                    -45.3790931702,
                    42.0398101807,
                    -29.5561389923,
                    -36.3385658264,
                    50.4189224243,
                    64.256942749,
                    24.9667873383,
                    80.9342803955,
                    44.5053749084,
                    233.00340271
                ]
            ],
            "icov": [
                [
                    0.000140129297506,
                    -0.000278556748526,
                    0.000235477971728,
                    -0.000401758006774,
                    0.000319579645293,
                    -0.00042221948388,
                    0.000298575963825,
                    -0.000370438123355,
                    0.000438647461124,
                    -0.000332530587912,
                    0.000478645495605,
                    -0.00042269154801,
                    0.00045330543071
                ],
                [
                    -0.000278556748526,
                    0.00122873508371,
                    -0.000567147450056,
                    0.000995299778879,
                    -0.000848612457048,
                    0.000983161618933,
                    -0.000731293868739,
                    0.000824790331535,
                    -0.0010753517272,
                    0.00109212577809,
                    -0.00180351897143,
                    0.00166945718229,
                    -0.00160320848227
                ],
                [
                    0.000235477971728,
                    -0.000567147450056,
                    0.00100919464603,
                    -0.000974725116976,
                    0.000539612490684,
                    -0.00108270416968,
                    0.000502710521687,
                    -0.000444606237579,
                    0.0004366657231,
                    -0.000484676827909,
                    0.000917473051231,
                    -0.00113204785157,
                    0.00103355397005
                ],
                [
                    -0.000401758006774,
                    0.000995299778879,
                    -0.000974725116976,
                    0.00221598707139,
                    -0.00143957987893,
                    0.00153727212455,
                    -0.000753299158532,
                    0.000974494148977,
                    -0.00118856306653,
                    0.000779776484706,
                    -0.00141163985245,
                    0.00123398075812,
                    -0.00125164492056
                ],
                [
                    0.000319579645293,
                    -0.000848612457048,
                    0.000539612490684,
                    -0.00143957987893,
                    0.00241523771547,
                    -0.00166109146085,
                    0.000396973569877,
                    -0.00098030117806,
                    0.000681262114085,
                    -0.00038189717452,
                    0.00122068787459,
                    -0.000592481403146,
                    0.000733626482543
                ],
                [
                    -0.00042221948388,
                    0.000983161618933,
                    -0.00108270416968,
                    0.00153727212455,
                    -0.00166109146085,
                    0.00388173689134,
                    -0.00183441629633,
                    0.00025757891126,
                    -0.00100020202808,
                    0.000532406673301,
                    -0.000813245947938,
                    0.000710857333615,
                    -0.00124563730787
                ],
                [
                    0.000298575963825,
                    -0.000731293868739,
                    0.000502710521687,
                    -0.000753299158532,
                    0.000396973569877,
                    -0.00183441629633,
                    0.00322466157377,
                    -0.00109698018059,
                    0.000170766725205,
                    -0.00041145918658,
                    0.000200680893613,
                    -0.000158617243869,
                    0.00188956363127
                ],
                [
                    -0.000370438123355,
                    0.000824790331535,
                    -0.000444606237579,
                    0.000974494148977,
                    -0.00098030117806,
                    0.00025757891126,
                    -0.00109698018059,
                    0.00470743281767,
                    -0.00254695373587,
                    -0.00019700951816,
                    -0.00121761206537,
                    0.00118623010349,
                    -0.00175141508225
                ],
                [
                    0.000438647461124,
                    -0.0010753517272,
                    0.0004366657231,
                    -0.00118856306653,
                    0.000681262114085,
                    -0.00100020202808,
                    0.000170766725205,
                    -0.00254695373587,
                    0.00583824003115,
                    -0.00172955414746,
                    0.000855391204823,
                    -0.00102364749182,
                    0.000900411454495
                ],
                [
                    -0.000332530587912,
                    0.00109212577809,
                    -0.000484676827909,
                    0.000779776484706,
                    -0.00038189717452,
                    0.000532406673301,
                    -0.00041145918658,
                    -0.00019700951816,
                    -0.00172955414746,
                    0.0067831967026,
                    -0.0026478394866,
                    0.00151641166303,
                    -0.0015219906345
                ],
                [
                    0.000478645495605,
                    -0.00180351897143,
                    0.000917473051231,
                    -0.00141163985245,
                    0.00122068787459,
                    -0.000813245947938,
                    0.000200680893613,
                    -0.00121761206537,
                    0.000855391204823,
                    -0.0026478394866,
                    0.00804911646992,
                    -0.00366495340131,
                    0.00113247556146
                ],
                [
                    -0.00042269154801,
                    0.00166945718229,
                    -0.00113204785157,
                    0.00123398075812,
                    -0.000592481403146,
                    0.000710857333615,
                    -0.000158617243869,
                    0.00118623010349,
                    -0.00102364749182,
                    0.00151641166303,
                    -0.00366495340131,
                    0.00924583896995,
                    -0.00348362373188
                ],
                [
                    0.00045330543071,
                    -0.00160320848227,
                    0.00103355397005,
                    -0.00125164492056,
                    0.000733626482543,
                    -0.00124563730787,
                    0.00188956363127,
                    -0.00175141508225,
                    0.000900411454495,
                    -0.0015219906345,
                    0.00113247556146,
                    -0.00348362373188,
                    0.00782767124474
                ]
            ],
            "mean": [
                -74.8147277832,
                70.7996292114,
                -106.700233459,
                9.79197692871,
                -71.3325881958,
                13.9330234528,
                -35.5233421326,
                20.9617290497,
                -15.8049516678,
                12.9166975021,
                -8.08244991302,
                2.96060943604,
                -2.71647691727
            ]
        },
        "hfc": {
            "dmean": 13.9442682266,
            "dmean2": 21.2438354492,
            "dvar": 525.202087402,
            "dvar2": 1281.16833496,
            "max": 206.852706909,
            "mean": 20.716835022,
            "median": 12.4930334091,
            "min": 1.05710155186e-16,
            "var": 631.406982422
        },
        "melbands": {
            "dmean": [
                0.00207465118729,
                0.0011166598415,
                0.000324689579429,
                0.000271922559477,
                0.000272031727945,
                0.000400141056161,
                0.000227937751333,
                0.000176318222657,
                0.000206451572012,
                0.000147731290781,
                8.26009636512e-05,
                7.32389817131e-05,
                3.86416286347e-05,
                2.90654497803e-05,
                2.34346243815e-05,
                2.23678835027e-05,
                2.08991004911e-05,
                2.2369387807e-05,
                1.66600257216e-05,
                1.24105408759e-05,
                1.38942868944e-05,
                9.94724632619e-06,
                7.6704463936e-06,
                9.33378123591e-06,
                1.2654956663e-05,
                7.29264957045e-06,
                1.4795565221e-05,
                1.1709968021e-05,
