{
    "lowlevel": {
        "average_loudness": 0.953349888325,
        "barkbands": {
            "dmean": [
                0.000383221777156,
                0.00885614007711,
                0.00258338311687,
                0.00182264554314,
                0.00203233910725,
                0.00113115960266,
                0.000500980415381,
                0.000559620151762,
                0.00067969574593,
                0.000568218936678,
                0.000784022617154,
                0.000535946164746,
                0.000350069778506,
                0.000347452587448,
                0.000752437743358,
                0.000336771190632,
                0.000332926836563,
                0.000354352261638,
                0.000239712477196,
                0.000167186197359,
                0.00015308620641,
                0.00012432251242,
                0.000178661808604,
                0.000141825672472,
                5.86475071032e-05,
                2.81881002593e-05,
                1.83739427939e-06
            ],
            "dmean2": [
                0.000593753298745,
                0.0141937378794,
                0.00436551403254,
                0.00318083376624,
                0.00362184992991,
                0.00190246175043,
                0.000824649294373,
                0.000861936598085,
                0.00104200397618,
                0.000858361425344,
                0.00116908748168,
                0.000814437808003,
                0.000530173419975,
                0.000531742698513,
                0.00115279422607,
                0.000519303721376,
                0.000507170858327,
                0.000548927229829,
                0.000367815489881,
                0.000246169191087,
                0.000222356087761,
                0.00017805324751,
                0.000251366232987,
                0.000189461439732,
                7.81877388363e-05,
                4.15589893237e-05,
                2.805099939e-06
            ],
            "dvar": [
                2.83720339667e-07,
                0.000129669773742,
                2.05480519071e-05,
                1.19102587632e-05,
                1.53930232045e-05,
                3.75286572307e-06,
                9.56384610618e-07,
                1.36896335334e-06,
                2.07556286114e-06,
                2.15645400203e-06,
                3.77356241188e-06,
                1.50829362155e-06,
                7.07970173153e-07,
                1.13543944735e-06,
                3.02250100503e-06,
                7.14968905413e-07,
                5.13312329531e-07,
                4.98077156408e-07,
                2.56436919699e-07,
                8.47295780204e-08,
                9.21102341067e-08,
                7.23060580299e-08,
                2.19742858576e-07,
                1.47566538544e-07,
                2.63668447076e-08,
                2.75237521663e-09,
                1.41119642014e-11
            ],
            "dvar2": [
                7.91387435584e-07,
                0.000355620810296,
                5.19961540704e-05,
                3.12860720442e-05,
                4.25496837124e-05,
                9.34045510803e-06,
                2.39093583332e-06,
                3.02607122649e-06,
                4.2714373194e-06,
                4.66106484964e-06,
                7.69988855609e-06,
                3.38250038112e-06,
                1.35206619234e-06,
                2.44890702561e-06,
                6.97866698829e-06,
                1.55586690198e-06,
                1.10771554773e-06,
                1.25932956507e-06,
                4.74645958093e-07,
                1.65626076409e-07,
                1.94305272316e-07,
                1.29821074779e-07,
                4.1122009975e-07,
                2.40098046334e-07,
                4.498161843e-08,
                6.07800743069e-09,
                3.25574879556e-11
            ],
            "max": [
                0.0080482782796,
                0.114594057202,
                0.0451587475836,
                0.0359985567629,
                0.0378739088774,
                0.024407081306,
                0.0177466571331,
                0.0223295558244,
                0.0341743901372,
                0.0381756648421,
                0.0472630038857,
                0.0416828654706,
                0.0282622128725,
                0.0419263280928,
                0.0320859253407,
                0.0216769371182,
                0.017861707136,
                0.0135816819966,
                0.0105838123709,
                0.00510438159108,
                0.00483369687572,
                0.00711165973917,
                0.0101141547784,
                0.0109976632521,
                0.0048983823508,
                0.000787431607023,
                7.19117597328e-05
            ],
            "mean": [
                0.000556943356059,
                0.0144718829542,
                0.00281331618316,
                0.00166445306968,
                0.00203711818904,
                0.0017576237442,
                0.000847631366923,
                0.000946317682974,
                0.00118816411123,
                0.00100697414018,
                0.00152425596025,
                0.00100781419314,
                0.000626275606919,
                0.000582674576435,
                0.00150959391613,
                0.00052892282838,
                0.000639479840174,
                0.000631450500805,
                0.000375528732548,
                0.00030376308132,
                0.000271130324109,
                0.000229334065807,
                0.000356824690243,
                0.000301364983898,
                0.000110352651973,
                3.70800080418e-05,
                2.18446757572e-06
            ],
            "median": [
                0.000307087728288,
                0.00961098074913,
                0.000988554791547,
                0.000481921830215,
                0.000787895405665,
                0.000705696525984,
                0.00038398540346,
                0.000351380382199,
                0.000437506358139,
                0.000302414846374,
                0.000350394228008,
                0.00032576022204,
                0.000216359767364,
                0.000129965061205,
                0.000285788526526,
                0.000183437936357,
                0.000230475809076,
                0.000256369239651,
                0.000169945386006,
                0.000166105790413,
                0.000123688369058,
                6.61768572172e-05,
                6.64291947032e-05,
                6.16098404862e-05,
                2.31021076615e-05,
                6.65238439979e-06,
                4.40576854999e-07
            ],
            "min": [
                4.02799832941e-24,
                4.45325312747e-24,
                1.09680546023e-23,
                1.29292827196e-23,
                1.50178463976e-23,
                7.29374608298e-23,
                3.75044700736e-23,
                3.65322053188e-23,
                8.91156222224e-23,
                2.99663897869e-23,
                5.96607740227e-23,
                4.97754538898e-23,
                5.55107345725e-23,
                8.67133388177e-23,
                8.21434234175e-23,
                1.45802813462e-22,
                1.48120625641e-22,
                1.03763311417e-22,
                2.46777905476e-22,
                2.85251245047e-22,
                2.84106626806e-22,
                4.83145926717e-22,
                6.81554718504e-22,
                8.43352387328e-22,
                9.30446417797e-22,
                1.95432930774e-21,
                2.26301671414e-21
            ],
            "var": [
                4.66017723966e-07,
                0.000231621103012,
                2.03667423193e-05,
                1.00200250017e-05,
                1.2228721971e-05,
                7.13923964213e-06,
                1.89176716958e-06,
                2.77460094367e-06,
                4.84886595586e-06,
                5.08658104081e-06,
                1.36845656016e-05,
                3.9611613829e-06,
                2.94269989354e-06,
                4.11961491409e-06,
                1.13628148029e-05,
                1.54955614562e-06,
                1.59804460509e-06,
                1.06628874619e-06,
                4.23710474706e-07,
                1.94669368625e-07,
                1.73456868424e-07,
                2.12750776996e-07,
                7.94989375663e-07,
                6.7154729777e-07,
                1.0141692286e-07,
                5.21061727099e-09,
                1.8508217528e-11
            ]
        },
        "barkbands_crest": {
            "dmean": 3.4936466217,
            "dmean2": 5.27882909775,
            "dvar": 8.99203395844,
            "dvar2": 18.881685257,
            "max": 26.7190036774,
            "mean": 12.1450815201,
            "median": 11.0807552338,
            "min": 2.09650731087,
            "var": 29.8170108795
        },
        "barkbands_flatness_db": {
            "dmean": 0.0295582991093,
            "dmean2": 0.0409677810967,
            "dvar": 0.000776796776336,
            "dvar2": 0.00137850956526,
            "max": 0.459259003401,
            "mean": 0.139644473791,
            "median": 0.128539681435,
            "min": 0.019893001765,
            "var": 0.00442623486742
        },
        "barkbands_kurtosis": {
            "dmean": 7.39980125427,
            "dmean2": 11.2862510681,
            "dvar": 1271.70495605,
            "dvar2": 2628.61303711,
            "max": 1087.91809082,
            "mean": 10.4055128098,
            "median": 0.691210031509,
            "min": -1.95893847942,
            "var": 2729.25756836
        },
        "barkbands_skewness": {
            "dmean": 0.799187302589,
            "dmean2": 1.16604316235,
            "dvar": 1.41472315788,
            "dvar2": 2.49978280067,
            "max": 29.1850357056,
            "mean": 1.6832870245,
            "median": 1.15269207954,
            "min": -6.97437238693,
            "var": 6.51510715485
        },
        "barkbands_spread": {
            "dmean": 7.37630271912,
            "dmean2": 11.0001478195,
            "dvar": 82.5762557983,
            "dvar2": 169.126144409,
            "max": 142.950439453,
            "mean": 27.7382011414,
            "median": 24.5773963928,
            "min": 0.195472195745,
            "var": 347.341705322
        },
        "dissonance": {
            "dmean": 0.018196022138,
            "dmean2": 0.0303680468351,
            "dvar": 0.000379930512281,
            "dvar2": 0.000959789787885,
            "max": 0.499999970198,
            "mean": 0.466496407986,
            "median": 0.47503143549,
            "min": 0.229406729341,
            "var": 0.000862666056491
        },
        "dynamic_complexity": 3.06586694717,
        "erbbands": {
            "dmean": [
                0.276735365391,
                2.02190375328,
                2.69246673584,
                4.9955868721,
                7.59629297256,
                5.24289798737,
                8.39071559906,
                9.12548732758,
                6.21709489822,
                8.54373264313,
                13.6485214233,
                16.3013572693,
                13.6074733734,
                30.0721855164,
                20.4402828217,
                21.8251991272,
                15.3896026611,
                17.5549869537,
                35.6273536682,
                22.468547821,
                17.8649311066,
                15.5643825531,
                15.7743959427,
                18.3428821564,
                8.786195755,
                7.79734230042,
                7.25479221344,
                5.28507089615,
                4.52403354645,
                4.6728014946,
                5.30193281174,
                3.89912676811,
                1.9068570137,
                0.731563448906,
                0.406594902277,
                0.166203483939,
                0.0428073592484,
                0.00430344464257,
                0.000291795789963,
                2.68038584181e-05
            ],
            "dmean2": [
                0.428642511368,
                3.25676560402,
                4.38238048553,
                8.5988702774,
                13.5417375565,
                9.22492408752,
                14.5328235626,
                15.129242897,
                10.3022403717,
                13.7300872803,
                20.7089061737,
                24.723815918,
                20.5923366547,
                44.883102417,
                30.252494812,
                32.9837303162,
                23.4137058258,
                26.5046653748,
                54.6069564819,
                34.450756073,
                26.4358711243,
                22.9841747284,
                24.0712623596,
                28.5742778778,
                13.1887435913,
                11.3885908127,
                10.6957845688,
                7.53663444519,
                6.56252622604,
                6.56899118423,
                7.50073337555,
                5.25685691833,
                2.59664320946,
                0.992259144783,
                0.547666013241,
                0.240658923984,
                0.0630673840642,
                0.00611731270328,
                0.000452786072856,
                4.24109748565e-05
            ],
            "dvar": [
                0.112311758101,
                7.44627666473,
                15.4083881378,
                92.8827438354,
                228.470336914,
                92.6311264038,
                248.01600647,
                282.086425781,
                124.268089294,
                343.985473633,
                799.253601074,
                1259.49951172,
                1044.51721191,
                5150.16699219,
                2526.67919922,
                2047.35449219,
                1329.44702148,
                2420.54931641,
                9401.02050781,
                2018.74121094,
                1837.76855469,
                1077.58178711,
                772.361572266,
                1664.42224121,
                360.466033936,
                185.792694092,
                201.165527344,
                120.570472717,
                90.35912323,
                133.456604004,
                190.11265564,
                117.859825134,
                27.4310646057,
                3.74717140198,
                1.5980348587,
                0.115466058254,
                0.00617432128638,
                6.63475948386e-05,
                3.54276693315e-07,
                1.51164669671e-09
            ],
            "dvar2": [
                0.290252000093,
                20.0973091125,
                39.0262031555,
                238.087844849,
                625.592895508,
                252.503845215,
                647.408630371,
                654.652526855,
                322.732177734,
                819.998291016,
                1776.76599121,
                2638.00952148,
                2175.28466797,
                11208.4482422,
                5271.39257812,
                4476.06054688,
                2649.07861328,
                5231.93066406,
                22312.4238281,
                4741.68701172,
                3739.96655273,
                2414.39404297,
                1826.91430664,
                3987.78149414,
                705.071716309,
                348.224975586,
                429.959594727,
                241.044509888,
                160.73135376,
                245.790710449,
                360.467712402,
                201.299880981,
                48.7237091064,
                6.4640622139,
                2.77222561836,
                0.227978229523,
                0.0140665452927,
                0.000138508970849,
                8.3703537257e-07,
                3.68077990309e-09
            ],
            "max": [
                3.45468401909,
                29.9634647369,
                39.0248527527,
                99.4084472656,
                158.938552856,
                111.089172363,
                324.932922363,
                257.712463379,
                220.631088257,
                360.323242188,
                641.105957031,
                762.828063965,
                858.431274414,
                1956.58837891,
                1818.41992188,
                1563.14404297,
                1103.92871094,
                2336.96826172,
                2072.85839844,
                1016.78985596,
                1026.32043457,
                846.214355469,
                713.946777344,
                1077.05090332,
                235.997528076,
                247.830474854,
                285.002197266,
                129.327362061,
                201.85635376,
                264.930389404,
                271.65536499,
                287.545257568,
                140.377090454,
                59.8283691406,
                45.9118423462,
                7.36610794067,
                1.25190722942,
                0.12404897064,
                0.00884389784187,
                0.000732033571694
            ],
            "mean": [
                0.455219358206,
                3.0395283699,
                3.76862072945,
                4.84901380539,
                6.65905809402,
                5.57801771164,
                12.1485805511,
                13.9650392532,
                10.1965389252,
                14.7318048477,
                25.8908081055,
                29.1205482483,
                24.1882610321,
                64.5670318604,
                38.4225654602,
                44.1211395264,
                31.4414424896,
                34.829082489,
                73.2527618408,
                43.2460784912,
                33.3562927246,
                31.8054161072,
                30.9689617157,
                31.6011161804,
                15.1932849884,
                14.1203384399,
                13.271727562,
                9.01162052155,
                8.15453529358,
                8.95436191559,
                10.5060930252,
                7.98819255829,
                3.94098877907,
                1.42578732967,
                0.724431276321,
                0.244742661715,
                0.0530829764903,
                0.00585516868159,
                0.000373348972062,
                6.35476317257e-05
            ],
            "median": [
                0.268674224615,
                1.83555662632,
                2.20442295074,
                1.6028239727,
                1.98252367973,
                2.23497533798,
                3.78995418549,
                5.48531627655,
                5.6867313385,
                6.60942649841,
                10.0895967484,
                12.2997016907,
                10.2532157898,
                14.4164466858,
                14.7435560226,
                15.7452278137,
                13.219660759,
                10.7626714706,
                14.7955722809,
                15.3726673126,
                13.1217441559,
                12.2670478821,
                14.2849636078,
                12.8496341705,
                7.45589733124,
                7.6674489975,
                6.56740570068,
                3.94828987122,
                2.56556868553,
                1.89952361584,
                1.90374529362,
                1.4235060215,
                0.840070605278,
                0.367343187332,
                0.117512375116,
                0.0423321723938,
                0.00970005430281,
                0.00112574687228,
                0.000100676261354,
                5.37232808711e-05
            ],
            "min": [
                7.24048219466e-23,
                1.24585507057e-21,
                9.92564793937e-21,
                5.43995846833e-20,
                2.13125298179e-20,
                4.89372199602e-20,
                1.79057667549e-19,
                6.81938088445e-19,
                5.00327224538e-19,
                7.01599499521e-19,
                1.36845544876e-18,
                1.8538409997e-18,
                8.99324203653e-19,
                2.17450190686e-18,
                1.89414682261e-18,
                2.16736457894e-18,
                2.80576996121e-18,
                5.11619852901e-18,
                3.64560085366e-18,
                5.75250969676e-18,
                8.79027135295e-18,
                1.04132576174e-17,
                6.6127101186e-18,
                9.87266117271e-18,
                1.39270877723e-17,
                1.50047304026e-17,
                1.30794443658e-17,
                1.60661172794e-17,
                1.65121380288e-17,
                1.68385716226e-17,
                1.92533450956e-17,
                1.77018834843e-17,
                1.27401274339e-17,
                1.0736749757e-17,
                6.9564086262e-18,
                7.62302686441e-18,
                3.68621583533e-18,
                1.35881858783e-18,
                2.96303798536e-19,
                3.17407198677e-20
            ],
            "var": [
                0.238566428423,
                12.0707302094,
                21.2275028229,
                79.0029830933,
                169.366714478,
                86.8643035889,
                490.69342041,
                598.466003418,
                196.95993042,
                622.5,
                1959.74743652,
                2834.29125977,
                2496.46069336,
                21746.5,
                7101.15283203,
                6168.58398438,
                5571.015625,
                9789.18164062,
                34256.4726562,
                5505.45996094,
                4652.77978516,
                3586.11547852,
                1938.23449707,
                3554.53979492,
                602.459472656,
                437.786315918,
                391.340118408,
                210.863235474,
                240.521881104,
                441.626251221,
                706.682495117,
                506.636688232,
                110.241729736,
                12.4987773895,
                6.64889097214,
                0.328560829163,
                0.00969260931015,
                0.000115379247291,
                4.5106349944e-07,
                2.47030573775e-09
            ]
        },
        "erbbands_crest": {
            "dmean": 2.87405872345,
            "dmean2": 4.49750947952,
            "dvar": 7.96326303482,
            "dvar2": 17.4415893555,
            "max": 32.6822395325,
            "mean": 10.2556638718,
            "median": 8.96216487885,
            "min": 1.95130074024,
            "var": 32.0083274841
        },
        "erbbands_flatness_db": {
            "dmean": 0.0200613532215,
            "dmean2": 0.027682768181,
            "dvar": 0.000402916775784,
            "dvar2": 0.00073255226016,
            "max": 0.397980093956,
            "mean": 0.151167318225,
            "median": 0.143428087234,
            "min": 0.0325092002749,
            "var": 0.00242319772951
        },
        "erbbands_kurtosis": {
            "dmean": 1.14596307278,
            "dmean2": 1.7644097805,
            "dvar": 4.38709878922,
            "dvar2": 9.53325271606,
            "max": 45.0793418884,
            "mean": 0.949880063534,
            "median": 0.0167050361633,
            "min": -1.86277878284,
            "var": 9.61887931824
        },
        "erbbands_skewness": {
            "dmean": 0.381991446018,
            "dmean2": 0.573778569698,
            "dvar": 0.162274628878,
            "dvar2": 0.335956633091,
            "max": 4.43480539322,
            "mean": -0.00601401459426,
            "median": -0.00600276561454,
            "min": -6.14469099045,
            "var": 0.692919909954
        },
        "erbbands_spread": {
            "dmean": 9.15198230743,
            "dmean2": 13.5650081635,
            "dvar": 107.127532959,
            "dvar2": 235.734069824,
            "max": 155.52204895,
            "mean": 38.5802116394,
            "median": 34.4839630127,
            "min": 1.96520650387,
            "var": 508.040893555
        },
        "gfcc": {
            "cov": [
                [
                    15095.0927734,
                    668.217895508,
                    -1077.32629395,
                    61.7613677979,
                    -703.115356445,
                    36.9928359985,
                    -642.744812012,
                    161.247711182,
                    -246.068771362,
                    147.794891357,
                    -264.694335938,
                    62.9896583557,
                    -290.618835449
                ],
                [
                    668.217895508,
                    1333.74279785,
                    -174.65335083,
                    -108.133903503,
                    229.603469849,
                    -142.115188599,
                    148.772750854,
                    -38.1814002991,
                    31.1854190826,
                    -45.8609809875,
                    109.849403381,
                    -59.7049407959,
                    115.062995911
                ],
                [
                    -1077.32629395,
                    -174.65335083,
                    881.16204834,
                    278.654693604,
                    53.3399276733,
                    143.311904907,
                    67.2126617432,
                    -23.1084785461,
                    -13.1322927475,
                    -13.3979005814,
                    -58.3313484192,
                    75.7958450317,
                    -35.8422966003
                ],
                [
                    61.7613677979,
                    -108.133903503,
                    278.654693604,
                    391.848907471,
                    62.3330802917,
                    97.8901367188,
                    24.9155521393,
                    10.4890851974,
                    43.5999107361,
                    -7.75638771057,
                    -18.9176845551,
                    -3.97230148315,
                    -21.0913124084
                ],
                [
                    -703.115356445,
                    229.603469849,
                    53.3399276733,
                    62.3330802917,
                    372.954650879,
                    34.5920181274,
                    152.051589966,
                    38.2677574158,
                    42.0432548523,
                    30.1189002991,
                    22.637928009,
                    -31.2584056854,
                    13.0849838257
                ],
                [
                    36.9928359985,
                    -142.115188599,
                    143.311904907,
                    97.8901367188,
                    34.5920181274,
                    289.934753418,
                    104.842658997,
                    49.2906761169,
                    17.0372390747,
                    13.0375680923,
                    6.36551809311,
                    -3.92688441277,
                    -0.0401682592928
                ],
                [
                    -642.744812012,
                    148.772750854,
                    67.2126617432,
                    24.9155521393,
                    152.051589966,
                    104.842658997,
                    263.115386963,
                    55.5341567993,
                    32.225856781,
                    19.5646362305,
                    43.1413879395,
                    -5.36061239243,
                    31.9433956146
                ],
                [
                    161.247711182,
                    -38.1814002991,
                    -23.1084785461,
                    10.4890851974,
                    38.2677574158,
                    49.2906761169,
                    55.5341567993,
                    145.572937012,
                    71.0002593994,
                    27.9279632568,
                    6.91544675827,
                    8.55467605591,
                    7.10067939758
                ],
                [
                    -246.068771362,
                    31.1854190826,
                    -13.1322927475,
                    43.5999107361,
                    42.0432548523,
                    17.0372390747,
                    32.225856781,
                    71.0002593994,
                    160.590026855,
                    43.4120635986,
                    33.5224952698,
                    -12.7857236862,
                    16.6884765625
                ],
                [
                    147.794891357,
                    -45.8609809875,
                    -13.3979005814,
                    -7.75638771057,
                    30.1189002991,
                    13.0375680923,
                    19.5646362305,
                    27.9279632568,
                    43.4120635986,
                    109.476554871,
                    34.3000869751,
                    6.33904933929,
                    -15.556807518
                ],
                [
                    -264.694335938,
                    109.849403381,
                    -58.3313484192,
                    -18.9176845551,
                    22.637928009,
                    6.36551809311,
                    43.1413879395,
                    6.91544675827,
                    33.5224952698,
                    34.3000869751,
                    128.690689087,
                    15.3476238251,
                    51.0991821289
                ],
                [
                    62.9896583557,
                    -59.7049407959,
                    75.7958450317,
                    -3.97230148315,
                    -31.2584056854,
                    -3.92688441277,
                    -5.36061239243,
                    8.55467605591,
                    -12.7857236862,
                    6.33904933929,
                    15.3476238251,
                    117.804489136,
                    35.9734191895
                ],
                [
                    -290.618835449,
                    115.062995911,
                    -35.8422966003,
                    -21.0913124084,
                    13.0849838257,
                    -0.0401682592928,
                    31.9433956146,
                    7.10067939758,
                    16.6884765625,
                    -15.556807518,
                    51.0991821289,
                    35.9734191895,
                    129.580932617
                ]
            ],
            "icov": [
                [
                    0.000224493371206,
                    -0.000500812777318,
                    0.000439377501607,
                    -0.000497297209222,
                    0.000499514222611,
                    -0.000517432403285,
                    0.000612538424321,
                    -0.00065367645584,
                    0.000696560135111,
                    -0.000903680804186,
                    0.000710923399311,
                    -0.000607784837484,
                    0.000513179751579
                ],
                [
                    -0.000500812777318,
                    0.00230871350504,
                    -0.000962431833614,
                    0.00134837755468,
                    -0.00168877071701,
                    0.00185138778761,
                    -0.00192605901975,
                    0.00187844806351,
                    -0.00179466209374,
                    0.0028023167979,
                    -0.00230997987092,
                    0.0019814716652,
                    -0.00174862344284
                ],
                [
                    0.000439377501607,
                    -0.000962431833614,
                    0.00271581648849,
                    -0.00205478258431,
                    0.000846816808917,
                    -0.00154082220979,
                    0.000692058471031,
                    -0.000417617207859,
                    0.00122405355796,
                    -0.00166153302416,
                    0.00220548314974,
                    -0.00285440194421,
                    0.00158865482081
                ],
                [
                    -0.000497297209222,
                    0.00134837755468,
                    -0.00205478258431,
                    0.00492079555988,
                    -0.00179013214074,
                    0.000400715827709,
                    -0.000838480133098,
                    0.00173850939609,
                    -0.0028920059558,
                    0.00297459028661,
                    -0.00181992317084,
                    0.00183381058741,
                    -0.000849574687891
                ],
                [
                    0.000499514222611,
                    -0.00168877071701,
                    0.000846816808917,
                    -0.00179013214074,
                    0.00524039985612,
                    -0.000785646261647,
                    -0.000621004379354,
                    -0.00188697618432,
                    0.00162815395743,
                    -0.00331459147856,
                    0.00214828457683,
                    -0.000475191511214,
                    0.000966927676927
                ],
                [
                    -0.000517432403285,
                    0.00185138778761,
                    -0.00154082220979,
                    0.000400715827709,
                    -0.000785646261647,
                    0.00641922838986,
                    -0.00352331786416,
                    0.000286230526399,
                    -0.000971355300862,
                    0.00199923920445,
                    -0.00220580631867,
                    0.00264727789909,
                    -0.00173118850216
                ],
                [
                    0.000612538424321,
                    -0.00192605901975,
                    0.000692058471031,
                    -0.000838480133098,
                    -0.000621004379354,
                    -0.00352331786416,
                    0.0084687769413,
                    -0.00354047771543,
                    0.00236901338212,
                    -0.00257142982446,
                    0.00063361908542,
                    -0.00135420414153,
                    0.000819223409053
                ],
                [
                    -0.00065367645584,
                    0.00187844806351,
                    -0.000417617207859,
                    0.00173850939609,
                    -0.00188697618432,
                    0.000286230526399,
                    -0.00354047771543,
                    0.0125707918778,
                    -0.00669546192512,
                    0.00228345394135,
                    -0.000398062693421,
                    -0.000368656998035,
                    -0.00119625893421
                ],
                [
                    0.000696560135111,
                    -0.00179466209374,
                    0.00122405355796,
                    -0.0028920059558,
                    0.00162815395743,
                    -0.000971355300862,
                    0.00236901338212,
                    -0.00669546192512,
                    0.0121502662078,
                    -0.00589333521202,
                    0.000802948547062,
                    0.000373276387108,
                    -5.07401964569e-05
                ],
                [
                    -0.000903680804186,
                    0.0028023167979,
                    -0.00166153302416,
                    0.00297459028661,
                    -0.00331459147856,
                    0.00199923920445,
                    -0.00257142982446,
                    0.00228345394135,
                    -0.00589333521202,
                    0.0168269556016,
                    -0.00706179719418,
                    0.000837497296743,
                    0.00168498512357
                ],
                [
                    0.000710923399311,
                    -0.00230997987092,
                    0.00220548314974,
                    -0.00181992317084,
                    0.00214828457683,
                    -0.00220580631867,
                    0.00063361908542,
                    -0.000398062693421,
                    0.000802948547062,
                    -0.00706179719418,
                    0.0143753942102,
                    -0.00323717412539,
                    -0.00211392249912
                ],
                [
                    -0.000607784837484,
                    0.0019814716652,
                    -0.00285440194421,
                    0.00183381058741,
                    -0.000475191511214,
                    0.00264727789909,
                    -0.00135420414153,
                    -0.000368656998035,
                    0.000373276387108,
                    0.000837497296743,
                    -0.00323717412539,
                    0.0138057079166,
                    -0.00571442907676
                ],
                [
                    0.000513179751579,
                    -0.00174862344284,
                    0.00158865482081,
                    -0.000849574687891,
                    0.000966927676927,
                    -0.00173118850216,
                    0.000819223409053,
                    -0.00119625893421,
                    -5.07401964569e-05,
                    0.00168498512357,
                    -0.00211392249912,
                    -0.00571442907676,
                    0.0131162405014
                ]
            ],
            "mean": [
                3.83097457886,
                80.6797637939,
                -117.620132446,
                41.220954895,
                -49.3134346008,
                27.0198955536,
                -27.8638973236,
                16.7253494263,
                -16.5829048157,
                3.6401309967,
                -9.15379619598,
                2.29728055,
                -5.54063463211
            ]
        },
        "hfc": {
            "dmean": 8.34192466736,
            "dmean2": 11.6648159027,
            "dvar": 136.370697021,
            "dvar2": 225.946350098,
            "max": 171.405395508,
            "mean": 28.8084583282,
            "median": 22.9222183228,
            "min": 1.18117725408e-16,
            "var": 582.375549316
        },
        "melbands": {
            "dmean": [
                0.00248226639815,
                0.00167342450004,
                0.000914637697861,
                0.0004764587502,
                0.000262748188106,
                0.000201678602025,
                9.95053487713e-05,
                9.43829509197e-05,
                0.000115373382869,
                0.000104884660686,
                6.90163142281e-05,
                0.000118601383292,
                7.8496770584e-05,
                6.02598665864e-05,
                4.36176997027e-05,
                3.96909817937e-05,
                3.43357678503e-05,
                5.48316857021e-05,
                5.32271296834e-05,
                2.54531551036e-05,
                2.24968334805e-05,
                1.93137602764e-05,
                1.2831435015e-05,
                1.79617200047e-05,
                1.60242780112e-05,
                7.16606746209e-06,
                5.32469630343e-06,
