{
    "lowlevel": {
        "average_loudness": 0.918780565262,
        "barkbands": {
            "dmean": [
                0.000272013974609,
                0.00927407760173,
                0.00418965704739,
                0.00540897529572,
                0.00493638869375,
                0.000706413120497,
                0.00039945464232,
                0.000241184272454,
                0.000615307420958,
                0.000833503960166,
                0.000149176485138,
                0.00021920807194,
                5.98086662649e-05,
                0.000166536541656,
                9.03560430743e-05,
                5.70546071685e-05,
                3.71424939658e-05,
                2.91572341666e-05,
                3.22801024595e-05,
                2.47505922744e-05,
                1.53175078594e-05,
                1.16244755191e-05,
                1.42578737723e-05,
                2.7491381843e-05,
                2.71860717476e-05,
                8.54909194459e-06,
                1.04700779957e-06
            ],
            "dmean2": [
                0.000383411999792,
                0.0128906946629,
                0.00724941724911,
                0.00848461594433,
                0.00831022020429,
                0.00106500159018,
                0.00066476612119,
                0.000393954775063,
                0.000926431152038,
                0.00121290492825,
                0.000219185152673,
                0.000296736281598,
                9.34990603128e-05,
                0.000224786374019,
                0.000133772336994,
                8.7135573267e-05,
                5.47141353309e-05,
                4.39880714111e-05,
                4.99967864016e-05,
                3.8472477172e-05,
                2.552107253e-05,
                2.00673730433e-05,
                2.37259446294e-05,
                4.2843803385e-05,
                4.09900931118e-05,
                1.2984555724e-05,
                1.63137963227e-06
            ],
            "dvar": [
                4.43479308387e-07,
                0.000365978921764,
                0.000150795720401,
                0.000147958213347,
                0.000116925613838,
                1.67724795119e-06,
                8.90671287834e-07,
                5.41854603853e-07,
                2.31366516346e-06,
                4.36257323599e-06,
                2.8562578791e-07,
                3.77942768637e-07,
                8.35339619698e-08,
                3.84561985811e-07,
                7.15314314448e-08,
                7.1193369422e-08,
                5.07953608064e-08,
                1.37253008958e-08,
                7.85759812771e-09,
                5.07246733505e-09,
                1.69799652117e-09,
                8.45403524963e-10,
                1.40807943083e-09,
                5.45410028252e-09,
                6.18315576517e-09,
                8.32474533752e-10,
                7.99750109887e-12
            ],
            "dvar2": [
                8.34581044273e-07,
                0.000689464737661,
                0.000404688646086,
                0.000339990860084,
                0.000309469818603,
                3.67770212506e-06,
                2.47396269515e-06,
                1.3488663626e-06,
                4.97336850458e-06,
                9.20419188333e-06,
                6.1503857296e-07,
                6.68729228437e-07,
                2.20172353238e-07,
                6.09064500168e-07,
                1.3671522936e-07,
                1.71463327092e-07,
                8.86621123186e-08,
                3.05742240414e-08,
                1.74794791974e-08,
                1.19683036814e-08,
                4.20203871698e-09,
                2.2090371754e-09,
                3.3105176378e-09,
                1.14634621795e-08,
                1.19989254088e-08,
                1.74796488395e-09,
                1.89335543771e-11
            ],
            "max": [
                0.00983304996043,
                0.16316716373,
                0.106057308614,
                0.0883802473545,
                0.0887162312865,
                0.022884612903,
                0.0183573178947,
                0.0138461571187,
                0.0308977682143,
                0.05556999892,
                0.0109493462369,
                0.0194471534342,
                0.0100326603279,
                0.028736455366,
                0.0120219215751,
                0.00878450740129,
                0.00984677113593,
                0.00460816826671,
                0.00195035710931,
                0.00175555271562,
                0.000792595325038,
                0.000664243940264,
                0.00091603002511,
                0.0015297064092,
                0.00202203658409,
                0.000957242620643,
                0.000125242542708
            ],
            "mean": [
                0.00055512326071,
                0.0193985085934,
                0.00425859680399,
                0.00693170214072,
                0.00572698190808,
                0.00152885576244,
                0.00067160470644,
                0.000306634057779,
                0.000978949712589,
                0.0016363785835,
                0.000212332801311,
                0.000427215156378,
                7.56708250265e-05,
                0.000268958800007,
                0.000136957023642,
                8.24003145681e-05,
                6.28285270068e-05,
                4.30205218436e-05,
                5.00333189848e-05,
                3.743050911e-05,
                1.60347117344e-05,
                1.07374426079e-05,
                1.53727523866e-05,
                3.85873863706e-05,
                4.15799513576e-05,
                1.164774676e-05,
                1.41002180953e-06
            ],
            "median": [
                2.68998828687e-05,
                0.00129832630046,
                0.0011232199613,
                0.00153744884301,
                0.00135239306837,
                0.000599148741458,
                0.000174886008608,
                2.30330515478e-05,
                0.000101052224636,
                0.000128037063405,
                7.87241697253e-06,
                2.17258057091e-05,
                5.95350866206e-06,
                1.09551501737e-05,
                9.43038048717e-06,
                5.40716655451e-06,
                3.76469392904e-06,
                4.53506208942e-06,
                8.15282601252e-06,
                6.51195432511e-06,
                3.12789188683e-06,
                1.33108267164e-06,
                3.35917229677e-06,
                1.10366654553e-05,
                1.24825137391e-05,
                4.10424081565e-06,
                4.73041239957e-07
            ],
            "min": [
                1.64697295108e-25,
                4.95764526824e-24,
                2.8870080599e-25,
                1.17533609003e-24,
                8.37671989276e-24,
                4.51052837349e-24,
                4.80276031811e-24,
                3.27572479298e-24,
                1.82226301126e-23,
                1.052989049e-23,
                9.02137544678e-24,
                2.42199577663e-23,
                2.38513751301e-23,
                3.78646671183e-23,
                6.59027968629e-23,
                5.52799201826e-23,
                5.47157268632e-23,
                9.9474931008e-23,
                1.33516134469e-22,
                1.75020113555e-22,
                2.73443474044e-22,
                3.08644416631e-22,
                3.32354596704e-22,
                6.31121944687e-22,
                8.69674088271e-22,
                1.34161526188e-21,
                1.91631696586e-21
            ],
            "var": [
                1.8502948933e-06,
                0.00101820949931,
                0.000112208457722,
                0.000194008098333,
                0.000114362846944,
                5.07950471729e-06,
                1.30189948777e-06,
                8.20178456706e-07,
                5.03204091729e-06,
                1.15270404422e-05,
                5.40198925592e-07,
                1.32866739477e-06,
                7.93280321432e-08,
                1.06872403194e-06,
                2.17213269593e-07,
                1.34534886342e-07,
                1.28769954699e-07,
                2.91459354429e-08,
                1.62142193005e-08,
                8.56536708227e-09,
                1.92367943797e-09,
                8.3422768693e-10,
                1.68302372039e-09,
                8.667504936e-09,
                1.03230393123e-08,
                1.03856545586e-09,
                9.2680776248e-12
            ]
        },
        "barkbands_crest": {
            "dmean": 2.84190559387,
            "dmean2": 4.26625299454,
            "dvar": 7.41184997559,
            "dvar2": 16.7515659332,
            "max": 26.6777477264,
            "mean": 15.1596460342,
            "median": 14.643453598,
            "min": 2.38179445267,
            "var": 28.2815418243
        },
        "barkbands_flatness_db": {
            "dmean": 0.0415500700474,
            "dmean2": 0.0574850663543,
            "dvar": 0.00174410827458,
            "dvar2": 0.0032466519624,
            "max": 0.80734539032,
            "mean": 0.287118762732,
            "median": 0.265555948019,
            "min": 0.0360303372145,
            "var": 0.0130321988836
        },
        "barkbands_kurtosis": {
            "dmean": 19.7004261017,
            "dmean2": 29.9196147919,
            "dvar": 1750.47973633,
            "dvar2": 4019.55102539,
            "max": 936.12713623,
            "mean": 29.6592597961,
            "median": 11.8249092102,
            "min": -1.93487942219,
            "var": 3112.64599609
        },
        "barkbands_skewness": {
            "dmean": 1.26682817936,
            "dmean2": 1.84387683868,
            "dvar": 2.30623173714,
            "dvar2": 5.03756856918,
            "max": 27.0690040588,
            "mean": 3.30156183243,
            "median": 2.78931999207,
            "min": -4.26559782028,
            "var": 7.68105840683
        },
        "barkbands_spread": {
            "dmean": 3.57205152512,
            "dmean2": 5.5355257988,
            "dvar": 54.1730537415,
            "dvar2": 116.261695862,
            "max": 116.27230835,
            "mean": 8.12835788727,
            "median": 5.17916154861,
            "min": 0.0540519058704,
            "var": 104.885543823
        },
        "dissonance": {
            "dmean": 0.0438063517213,
            "dmean2": 0.0722068026662,
            "dvar": 0.00175014371052,
            "dvar2": 0.00447784969583,
            "max": 0.499999880791,
            "mean": 0.395735114813,
            "median": 0.40959867835,
            "min": 0.0331078581512,
            "var": 0.00494925072417
        },
        "dynamic_complexity": 4.28623580933,
        "erbbands": {
            "dmean": [
                0.30983376503,
                2.05674171448,
                4.11098861694,
                10.1178855896,
                24.6490097046,
                10.9193954468,
                6.00772333145,
                6.56520605087,
                6.37129068375,
                4.72953748703,
                5.7058672905,
                14.3940553665,
                28.3729228973,
                10.8624248505,
                6.44477748871,
                9.49301147461,
                3.35904026031,
                6.64329195023,
                5.86946344376,
                5.18184423447,
                2.31985759735,
                1.67506957054,
                1.3945915699,
                1.94011795521,
                1.1110355854,
                1.04290878773,
                0.943890571594,
                0.50265109539,
                0.409957051277,
                0.347827345133,
                0.421527564526,
                0.536509096622,
                0.49442332983,
                0.383972525597,
                0.157448366284,
                0.0521173216403,
                0.013491329737,
                0.00226635602303,
                0.000186336357729,
                2.09496411117e-05
            ],
            "dmean2": [
                0.411237925291,
                2.7956829071,
                6.53085947037,
                16.2111721039,
                39.6578369141,
                19.2604942322,
                10.0943727493,
                9.70686912537,
                10.5278635025,
                7.55880022049,
                9.23906707764,
                21.2272891998,
                40.3522987366,
                16.7016887665,
                9.28555297852,
                12.7330856323,
                4.85752725601,
                9.01350021362,
                8.52297782898,
                7.40429544449,
                3.29608607292,
                2.43220424652,
                2.10766482353,
                2.9692466259,
                1.69144117832,
                1.6247895956,
                1.50151908398,
                0.891182720661,
                0.712389111519,
                0.574899554253,
                0.69569504261,
                0.864222943783,
                0.755305051804,
                0.583498954773,
                0.238005131483,
                0.0799899026752,
                0.0205356460065,
                0.00344237312675,
                0.00028732593637,
                3.08309936372e-05
            ],
            "dvar": [
                0.35883885622,
                20.2472362518,
                128.847640991,
                426.993896484,
                3486.76025391,
                870.967224121,
                194.609512329,
                163.199966431,
                228.641021729,
                165.172561646,
                308.009674072,
                1327.67724609,
                3858.07202148,
                2273.87011719,
                483.360717773,
                815.979431152,
                149.025177002,
                484.50982666,
                401.042236328,
                316.474853516,
                104.227561951,
                45.4973945618,
                37.0897445679,
                29.0207195282,
                10.5109539032,
                8.3234128952,
                7.59776163101,
                2.31352901459,
                0.98114579916,
                1.32390010357,
                1.16810488701,
                1.9708493948,
                1.87553751469,
                1.33592164516,
                0.198096141219,
                0.0336225442588,
                0.00198991014622,
                3.63832587027e-05,
                2.57515921476e-07,
                8.75056027638e-10
            ],
            "dvar2": [
                0.732049882412,
                36.6314239502,
                311.789367676,
                1041.40844727,
                8079.34277344,
                2501.13574219,
                522.056640625,
                341.191070557,
                649.983886719,
                414.331573486,
                743.057250977,
                2777.00708008,
                7539.16992188,
                6045.84277344,
                1040.58154297,
                1416.08642578,
                365.497650146,
                864.125793457,
                670.558227539,
                600.717285156,
                185.500946045,
                78.194519043,
                82.9194869995,
                63.1297416687,
                23.8827762604,
                19.3228225708,
                17.7598266602,
                6.51236486435,
                2.62398076057,
                3.17707085609,
                2.75571298599,
                4.36116504669,
                3.86642599106,
                2.73294115067,
                0.395208358765,
                0.0705671608448,
                0.00421365536749,
                8.23393784231e-05,
                6.0352761011e-07,
                1.94979965507e-09
            ],
            "max": [
                6.04294395447,
                40.8867950439,
                102.747840881,
                181.248260498,
                475.019165039,
                334.186767578,
                162.504379272,
                285.089782715,
                240.133987427,
                262.251831055,
                410.892333984,
                892.460205078,
                1255.5802002,
                1194.48925781,
                545.11328125,
                1000.96881104,
                390.215606689,
                647.982971191,
                1044.68798828,
                900.306518555,
                386.297363281,
                267.004577637,
                238.125320435,
                140.382278442,
                84.2281341553,
                66.4697189331,
                76.4627609253,
                19.8450241089,
                20.0094490051,
                40.0759963989,
                22.4309177399,
                35.3043251038,
                32.4587402344,
                30.3225460052,
                11.2270307541,
                4.96918344498,
                1.63689529896,
                0.213677808642,
                0.0230457354337,
                0.00076333922334
            ],
            "mean": [
                0.598833441734,
                4.16972351074,
                5.18490982056,
                13.6757564545,
                30.0195617676,
                12.0873775482,
                9.88599014282,
                15.0182638168,
                11.3125133514,
                7.63234567642,
                7.30942583084,
                24.9803180695,
                59.2700233459,
                16.7250080109,
                10.209810257,
                19.0140132904,
                5.87135982513,
                11.1928577423,
                8.58571624756,
                8.83843803406,
                3.98765873909,
                3.13316059113,
                2.19107818604,
                3.18083977699,
                1.77582740784,
                1.58745920658,
                1.21800065041,
                0.443249881268,
                0.380115509033,
                0.349451094866,
                0.472639977932,
                0.654235959053,
                0.725169062614,
                0.57418692112,
                0.224679917097,
                0.0680827721953,
                0.0184061583132,
                0.00324039277621,
                0.00027398657403,
                5.97053949605e-05
            ],
            "median": [
                0.0424637235701,
                0.286587059498,
                1.66516327858,
                4.75955629349,
                5.26053953171,
                2.72559547424,
                2.96973276138,
                5.63584184647,
                3.99066829681,
                1.55288422108,
                1.20727396011,
                3.8490486145,
                9.44490623474,
                2.07809662819,
                1.09108257294,
                1.05098509789,
                0.60781621933,
                0.777198791504,
                0.677230238914,
                0.658485352993,
                0.356322973967,
                0.216832607985,
                0.233949571848,
                0.480158507824,
                0.334613412619,
                0.31622415781,
                0.256054610014,
                0.0929764732718,
                0.053886577487,
                0.0470346882939,
                0.109576977789,
                0.156831607223,
                0.209390476346,
                0.158701971173,
                0.0676199346781,
                0.0198388788849,
                0.00638716528192,
                0.00112681800965,
                0.000120633892948,
                4.88804616907e-05
            ],
            "min": [
                1.15322351422e-22,
                1.02839542676e-21,
                9.70767736613e-22,
                4.55726555485e-21,
                1.36875029988e-20,
                1.29591745084e-20,
                2.99329101766e-20,
                5.90971369197e-20,
                7.64704436369e-20,
                1.07653130015e-19,
                1.76335894367e-19,
                4.35762779198e-19,
                4.04151244909e-19,
                6.82625268739e-19,
                1.00507397169e-18,
                1.29218246865e-18,
                1.79110059101e-18,
                3.2434018584e-18,
                3.11527923293e-18,
                3.29648389946e-18,
                4.25767149356e-18,
                4.20125612142e-18,
                4.73808062254e-18,
                6.95151585287e-18,
                6.61009333273e-18,
                9.60724621111e-18,
                8.28737449184e-18,
                9.72994191137e-18,
                9.35736239268e-18,
                1.0943997378e-17,
                9.7124346337e-18,
                1.10279165055e-17,
                1.01930356686e-17,
                9.11388343373e-18,
                5.65963013527e-18,
                4.35154946205e-18,
                2.2355546603e-18,
                1.02113357989e-18,
                2.42085754148e-19,
                2.65427863687e-20
            ],
            "var": [
                0.937503457069,
                53.8609085083,
                128.941558838,
                512.03894043,
                4306.88232422,
                612.329162598,
                263.131103516,
                574.461486816,
                337.670074463,
                260.148681641,
                448.889038086,
                3125.77709961,
                12776.0566406,
                2347.08178711,
                963.692749023,
                2883.5793457,
                248.61239624,
                1573.82897949,
                919.018859863,
                993.755065918,
                283.108398438,
                199.337356567,
                82.7941665649,
                77.8359451294,
                19.752866745,
                14.484287262,
                9.96486759186,
                1.66301906109,
                0.945493340492,
                1.47295618057,
                1.41625607014,
                2.80061888695,
                3.09417581558,
                2.14509415627,
                0.30385658145,
                0.0416084378958,
                0.00248440913856,
                4.75900342281e-05,
                3.02351054415e-07,
                2.55041610053e-09
            ]
        },
        "erbbands_crest": {
            "dmean": 3.39343309402,
            "dmean2": 5.3154873848,
            "dvar": 10.5881080627,
            "dvar2": 25.6280097961,
            "max": 31.8414363861,
            "mean": 13.9454231262,
            "median": 13.2031393051,
            "min": 2.35007071495,
            "var": 27.7290534973
        },
        "erbbands_flatness_db": {
            "dmean": 0.0304959248751,
            "dmean2": 0.0428651981056,
            "dvar": 0.00106295035221,
            "dvar2": 0.00202523195185,
            "max": 0.626211941242,
            "mean": 0.22010704875,
            "median": 0.20166157186,
            "min": 0.0542641207576,
            "var": 0.00695579871535
        },
        "erbbands_kurtosis": {
            "dmean": 3.80328917503,
            "dmean2": 6.01792430878,
            "dvar": 45.9224090576,
            "dvar2": 108.108467102,
            "max": 108.013137817,
            "mean": 5.24981498718,
            "median": 2.54298305511,
            "min": -1.93795692921,
            "var": 78.5432891846
        },
        "erbbands_skewness": {
            "dmean": 0.671131014824,
            "dmean2": 0.98768222332,
            "dvar": 0.541568279266,
            "dvar2": 1.15854823589,
            "max": 7.96351718903,
            "mean": 1.08512723446,
            "median": 0.92347496748,
            "min": -3.74800181389,
            "var": 1.94740343094
        },
        "erbbands_spread": {
            "dmean": 10.3864040375,
            "dmean2": 16.3400001526,
            "dvar": 263.170715332,
            "dvar2": 617.886474609,
            "max": 194.692962646,
            "mean": 26.5100002289,
            "median": 20.8358535767,
            "min": 0.431763410568,
            "var": 492.528503418
        },
        "gfcc": {
            "cov": [
                [
                    29277.5136719,
                    -1747.28942871,
                    -2869.33325195,
                    -63.1421203613,
                    -444.227935791,
                    1660.35681152,
                    -590.801330566,
                    1148.57861328,
                    -1314.73535156,
                    358.558929443,
                    -132.224411011,
                    -192.034622192,
                    24.0553760529
                ],
                [
                    -1747.28942871,
                    2408.90795898,
                    736.220336914,
                    -75.0089492798,
                    289.322052002,
                    -408.061187744,
                    296.326141357,
                    -242.382171631,
                    310.332122803,
                    -195.651596069,
                    127.466812134,
                    -107.504264832,
                    76.0924377441
                ],
                [
                    -2869.33325195,
                    736.220336914,
                    1649.26257324,
                    456.387207031,
                    34.1305465698,
                    -166.859115601,
                    166.221633911,
                    -145.551208496,
                    326.952301025,
                    -29.9384498596,
                    45.5111351013,
                    60.3022003174,
                    -12.8963193893
                ],
                [
                    -63.1421203613,
                    -75.0089492798,
                    456.387207031,
                    885.883117676,
                    136.450088501,
                    -9.55543613434,
                    38.1396369934,
                    36.53358078,
                    229.502655029,
                    42.3539848328,
                    42.3532943726,
                    74.7242202759,
                    4.35281562805
                ],
                [
                    -444.227935791,
                    289.322052002,
                    34.1305465698,
                    136.450088501,
                    679.158569336,
                    245.146377563,
                    287.359710693,
                    228.276916504,
                    180.67276001,
                    99.0737380981,
                    140.287689209,
                    44.0044288635,
                    119.296417236
                ],
                [
                    1660.35681152,
                    -408.061187744,
                    -166.859115601,
                    -9.55543613434,
                    245.146377563,
                    695.403137207,
                    306.118377686,
                    294.600708008,
                    -7.49811983109,
                    166.918579102,
                    43.1872406006,
                    39.6694602966,
                    91.5568847656
                ],
                [
                    -590.801330566,
                    296.326141357,
                    166.221633911,
                    38.1396369934,
                    287.359710693,
                    306.118377686,
                    501.328155518,
                    174.737930298,
                    151.59425354,
                    77.8523406982,
                    76.7654418945,
                    34.2603645325,
                    93.8059234619
                ],
                [
                    1148.57861328,
                    -242.382171631,
                    -145.551208496,
                    36.53358078,
                    228.276916504,
                    294.600708008,
                    174.737930298,
                    448.092987061,
                    76.7305221558,
                    99.0843429565,
                    40.8668746948,
                    49.4756546021,
                    100.10092926
                ],
                [
                    -1314.73535156,
                    310.332122803,
                    326.952301025,
                    229.502655029,
                    180.67276001,
                    -7.49811983109,
                    151.59425354,
                    76.7305221558,
                    363.072692871,
                    31.5808029175,
                    28.0755710602,
                    56.8548202515,
                    39.1183395386
                ],
                [
                    358.558929443,
                    -195.651596069,
                    -29.9384498596,
                    42.3539848328,
                    99.0737380981,
                    166.918579102,
                    77.8523406982,
                    99.0843429565,
                    31.5808029175,
                    230.580932617,
                    138.483505249,
                    58.8235588074,
                    27.0184860229
                ],
                [
                    -132.224411011,
                    127.466812134,
                    45.5111351013,
                    42.3532943726,
                    140.287689209,
                    43.1872406006,
                    76.7654418945,
                    40.8668746948,
                    28.0755710602,
                    138.483505249,
                    259.678833008,
                    70.0082778931,
                    36.3301925659
                ],
                [
                    -192.034622192,
                    -107.504264832,
                    60.3022003174,
                    74.7242202759,
                    44.0044288635,
                    39.6694602966,
                    34.2603645325,
                    49.4756546021,
                    56.8548202515,
                    58.8235588074,
                    70.0082778931,
                    155.456985474,
                    36.5267982483
                ],
                [
                    24.0553760529,
                    76.0924377441,
                    -12.8963193893,
                    4.35281562805,
                    119.296417236,
                    91.5568847656,
                    93.8059234619,
                    100.10092926,
                    39.1183395386,
                    27.0184860229,
                    36.3301925659,
                    36.5267982483,
                    152.945510864
                ]
            ],
            "icov": [
                [
                    9.6549760201e-05,
                    -0.000212111321162,
                    0.000138073359267,
                    -0.000204651805689,
                    0.000171493229573,
                    -0.000351831287844,
                    0.000314109493047,
                    -0.000336837256327,
                    0.00038560575922,
                    -0.000196662324015,
                    0.000152190623339,
                    -6.88177606207e-05,
                    0.000128864558064
                ],
                [
                    -0.000212111321162,
                    0.00154798943549,
                    -0.00057283998467,
                    0.000836145482026,
                    -0.000727768754587,
                    0.00138966762461,
                    -0.0013855692232,
                    0.00124507816508,
                    -0.00151470478158,
                    0.00146871677134,
                    -0.00134870409966,
                    0.00120083231013,
                    -0.000876658246852
                ],
                [
                    0.000138073359267,
                    -0.00057283998467,
                    0.00118151889183,
                    -0.000723071570974,
                    0.000525974901393,
                    -0.000530196353793,
                    0.00019984516257,
                    -0.000224178715143,
                    0.00011085614824,
                    -0.000341676321113,
                    0.000280169508187,
                    -0.000451205181889,
                    0.00038797876914
                ],
                [
                    -0.000204651805689,
                    0.000836145482026,
                    -0.000723071570974,
                    0.00210012006573,
                    -0.000717651797459,
                    0.000836423016153,
                    -0.000486993405502,
                    0.000819165841676,
                    -0.00173525325954,
                    0.000679402379319,
                    -0.000650780508295,
                    0.000160435272846,
                    -0.000242861438892
                ],
                [
                    0.000171493229573,
                    -0.000727768754587,
                    0.000525974901393,
                    -0.000717651797459,
                    0.00303319562227,
                    -0.00118783011567,
                    0.000132094122819,
                    -0.00124341261107,
                    -1.54147855937e-05,
                    -0.000218618268264,
                    -0.000685532519128,
                    0.000139992363984,
                    -0.000350181624526
                ],
                [
                    -0.000351831287844,
                    0.00138966762461,
                    -0.000530196353793,
                    0.000836423016153,
                    -0.00118783011567,
                    0.00485299248248,
                    -0.00318673858419,
                    0.000445795769338,
                    -0.000528440519702,
                    -0.000705602404196,
                    0.000212660524994,
                    0.000575667596422,
                    -0.000948612345383
                ],
                [
                    0.000314109493047,
                    -0.0013855692232,
                    0.00019984516257,
                    -0.000486993405502,
                    0.000132094122819,
                    -0.00318673858419,
                    0.00546640902758,
                    -0.00148694450036,
                    0.000440697273007,
                    -0.000696814153343,
                    0.000395415729145,
                    -0.000474333413877,
                    0.000125487422338
                ],
                [
                    -0.000336837256327,
                    0.00124507816508,
                    -0.000224178715143,
                    0.000819165841676,
                    -0.00124341261107,
                    0.000445795769338,
                    -0.00148694450036,
                    0.00523464707658,
                    -0.0023205736652,
                    0.00067810859764,
                    -0.000603637134191,
                    0.000344913074514,
                    -0.00188496976625
                ],
                [
                    0.00038560575922,
                    -0.00151470478158,
                    0.00011085614824,
                    -0.00173525325954,
                    -1.54147855937e-05,
                    -0.000528440519702,
                    0.000440697273007,
                    -0.0023205736652,
                    0.00697629526258,
                    -0.0023294063285,
                    0.00243368651718,
                    -0.00196435069665,
                    0.000846762501169
                ],
                [
                    -0.000196662324015,
                    0.00146871677134,
                    -0.000341676321113,
                    0.000679402379319,
                    -0.000218618268264,
                    -0.000705602404196,
                    -0.000696814153343,
                    0.00067810859764,
                    -0.0023294063285,
                    0.00988732185215,
                    -0.00566529622301,
                    0.000439507479314,
                    -8.15483363112e-05
                ],
                [
                    0.000152190623339,
                    -0.00134870409966,
                    0.000280169508187,
                    -0.000650780508295,
                    -0.000685532519128,
                    0.000212660524994,
                    0.000395415729145,
                    -0.000603637134191,
                    0.00243368651718,
                    -0.00566529622301,
                    0.00846380647272,
                    -0.00292806234211,
                    0.000316330755595
                ],
                [
                    -6.88177606207e-05,
                    0.00120083231013,
                    -0.000451205181889,
                    0.000160435272846,
                    0.000139992363984,
                    0.000575667596422,
                    -0.000474333413877,
                    0.000344913074514,
                    -0.00196435069665,
                    0.000439507479314,
                    -0.00292806234211,
                    0.0094618042931,
                    -0.00215723132715
                ],
                [
                    0.000128864558064,
                    -0.000876658246852,
                    0.00038797876914,
                    -0.000242861438892,
                    -0.000350181624526,
                    -0.000948612345383,
                    0.000125487422338,
                    -0.00188496976625,
                    0.000846762501169,
                    -8.15483363112e-05,
                    0.000316330755595,
                    -0.00215723132715,
                    0.00922939646989
                ]
            ],
            "mean": [
                -116.268661499,
                120.525604248,
                -55.9872055054,
                16.009595871,
                -48.4183197021,
                11.7302179337,
                -35.6258735657,
                9.59708118439,
                -28.510974884,
                -5.79822158813,
                -14.1716127396,
                -11.990644455,
                -3.99584794044
            ]
        },
        "hfc": {
            "dmean": 3.53101754189,
            "dmean2": 5.12496137619,
            "dvar": 24.3659744263,
            "dvar2": 51.9016799927,
            "max": 58.2884178162,
            "mean": 10.6107549667,
            "median": 8.64567375183,
            "min": 1.09246127312e-16,
            "var": 80.3117218018
        },
        "melbands": {
            "dmean": [
                0.00268581765704,
                0.00201685144566,
                0.00230289064348,
                0.0012884902535,
                0.000247466959991,
                0.000142794189742,
                9.11020397325e-05,
                5.12832339155e-05,
                4.86883363919e-05,
                0.000100189703517,
                0.000143306649989,
                4.89524099976e-05,
                1.89335514733e-05,
                2.29581055464e-05,
                1.87139103218e-05,
                5.23103017258e-06,
                1.49488269017e-05,
                1.16064593385e-05,
                6.05667082709e-06,
                6.8286080932e-06,
                2.36018604483e-06,
                2.16676676246e-06,
                1.13624184905e-06,
                1.50590972225e-06,
                1.72759473571e-06,
