{
    "lowlevel": {
        "average_loudness": 0.191403433681,
        "barkbands": {
            "dmean": [
                7.21298492863e-05,
                0.000668849912472,
                0.000462904252345,
                0.000356508069672,
                0.000629493035376,
                0.000396471150452,
                0.000530413060915,
                0.000492961145937,
                0.000521993380971,
                0.00040090031689,
                0.000371402158635,
                0.000378289434593,
                0.00035204278538,
                0.000335259683197,
                0.000252833764534,
                0.000169627222931,
                0.000160389186931,
                7.60385592002e-05,
                9.32073307922e-05,
                3.49729016307e-05,
                2.83586796286e-05,
                4.80823509861e-05,
                5.46995470359e-05,
                2.28817607422e-05,
                1.82118601515e-05,
                7.00328746461e-06,
                3.07279378831e-06
            ],
            "dmean2": [
                0.000111372908577,
                0.00111572933383,
                0.000773259729613,
                0.000593106786255,
                0.00102849362884,
                0.00060052855406,
                0.000800873269327,
                0.000733424385544,
                0.000738896196708,
                0.000548525247723,
                0.000551642850041,
                0.000564302958082,
                0.000533038983122,
                0.000518207496498,
                0.000384326674975,
                0.00026306687505,
                0.000248089985689,
                0.000120884440548,
                0.000139421084896,
                5.63688990951e-05,
                4.71597413707e-05,
                7.4354786193e-05,
                8.01234564278e-05,
                3.3936885302e-05,
                2.63557903963e-05,
                1.10863766167e-05,
                5.39881557415e-06
            ],
            "dvar": [
                1.14229301573e-07,
                7.69421603763e-06,
                3.15325496558e-06,
                8.45716442655e-07,
                3.43673968928e-06,
                9.74101908469e-07,
                2.17308866013e-06,
                3.04436775878e-06,
                4.74661283079e-06,
                3.0107830753e-06,
                2.74608578366e-06,
                2.52643894783e-06,
                2.38967118094e-06,
                1.8866485334e-06,
                1.37563381486e-06,
                4.52496209391e-07,
                1.80151829454e-07,
                4.53383712795e-08,
                7.16792527555e-08,
                1.48574956782e-08,
                1.27700490182e-08,
                3.71663837484e-08,
                8.34588931298e-08,
                9.42291400463e-09,
                7.28657001403e-09,
                9.06035912962e-10,
                3.88958115716e-10
            ],
            "dvar2": [
                2.34694212509e-07,
                2.08866913454e-05,
                8.99888436834e-06,
                2.37160247707e-06,
                8.93287597137e-06,
                2.42083547164e-06,
                4.66904248242e-06,
                7.03879368302e-06,
                9.66217339737e-06,
                5.02164948557e-06,
                6.0788988776e-06,
                5.86059695706e-06,
                5.10991685587e-06,
                4.55898725704e-06,
                3.2659252156e-06,
                1.09596237508e-06,
                4.24336974447e-07,
                1.15581549665e-07,
                1.57774863396e-07,
                3.90369336856e-08,
                3.46681368057e-08,
                8.03159281304e-08,
                1.58367456038e-07,
                1.81780759334e-08,
                1.3264112475e-08,
                2.20806994911e-09,
                1.07890374412e-09
            ],
            "max": [
                0.00518525857478,
                0.0554736293852,
                0.0260143168271,
                0.0170807149261,
                0.0536826737225,
                0.0326583683491,
                0.0435657799244,
                0.0653931200504,
                0.08050211519,
                0.0997835770249,
                0.0579611323774,
                0.0701980665326,
                0.0480985678732,
                0.0470598936081,
                0.051664121449,
                0.0437783896923,
                0.0110640777275,
                0.00639811716974,
                0.0111815305427,
                0.00269012781791,
                0.00278252316639,
                0.00668636988848,
                0.0149723626673,
                0.00521978689358,
                0.00514309853315,
                0.000981420045719,
                0.000898472964764
            ],
            "mean": [
                9.92845380097e-05,
                0.00149615958799,
                0.000874982913956,
                0.000757385336328,
                0.00125770899467,
                0.00100244604982,
                0.00124199397396,
                0.0010481630452,
                0.00112865108531,
                0.00105348206125,
                0.000756431894843,
                0.000689821783453,
                0.000631050032098,
                0.000562385073863,
                0.000468530401122,
                0.000382599857403,
                0.000342356070178,
                0.000153365559527,
                0.000199406364118,
                6.50918082101e-05,
                4.9796737585e-05,
                9.26653156057e-05,
                0.000101701960375,
                4.34462563135e-05,
                3.561468111e-05,
                9.39361689234e-06,
                2.72118950306e-06
            ],
            "median": [
                8.49458785979e-07,
                0.000182989650057,
                0.000246413983405,
                0.000284683832433,
                0.0006327140145,
                0.000459435279481,
                0.000316076766467,
                0.000176207686309,
                0.000127021747176,
                0.000100723213109,
                7.02079341863e-05,
                7.19631570973e-05,
                4.74196422147e-05,
                4.94074229209e-05,
                2.98742870655e-05,
                4.0629387513e-05,
                5.37242412975e-05,
                2.48910200753e-05,
                2.87040202238e-05,
                9.03247928363e-06,
                3.93219625039e-06,
                9.92104742181e-06,
                8.75122805155e-06,
                3.57531257578e-06,
                4.78100764667e-06,
                7.30127055704e-07,
                3.78017048774e-08
            ],
            "min": [
                1.82324814076e-23,
                2.44111291348e-24,
                6.33478617732e-24,
                4.48411573266e-24,
                3.28596128874e-23,
                1.32160021042e-23,
                1.75317851749e-23,
                9.8578669846e-24,
                6.85007114613e-23,
                7.56319067594e-23,
                4.13719647911e-23,
                5.13543211262e-23,
                7.82907024871e-23,
                7.26659790824e-23,
                7.15849114761e-23,
                2.23273889468e-22,
                1.65953236611e-22,
                2.31364446912e-22,
                1.82639209857e-22,
                2.73902578469e-22,
                4.51992812449e-22,
                4.66487708753e-22,
                8.59397439487e-22,
                9.43191784696e-22,
                1.07812461238e-21,
                1.64045445301e-21,
                2.43788483628e-21
            ],
            "var": [
                1.56736007284e-07,
                8.85593726707e-06,
                3.47061904904e-06,
                1.58060083777e-06,
                4.59585362478e-06,
                2.34880894823e-06,
                8.51828463055e-06,
                9.7547799669e-06,
                1.47245118569e-05,
                2.19252306124e-05,
                8.53198071127e-06,
                7.69111647969e-06,
                5.54790403839e-06,
                3.81410245609e-06,
                3.10924860969e-06,
                3.03605952467e-06,
                5.60166085961e-07,
                1.12853278722e-07,
                1.7572713773e-07,
                2.46821230121e-08,
                1.83033144197e-08,
                8.62011901859e-08,
                1.9129046791e-07,
                2.65437343216e-08,
                2.24101821544e-08,
                1.32923660967e-09,
                2.87692758505e-10
            ]
        },
        "barkbands_crest": {
            "dmean": 1.81032073498,
            "dmean2": 2.84630012512,
            "dvar": 3.858273983,
            "dvar2": 9.79210567474,
            "max": 25.4068965912,
            "mean": 10.2562179565,
            "median": 9.55201530457,
            "min": 2.58514308929,
            "var": 16.0449810028
        },
        "barkbands_flatness_db": {
            "dmean": 0.0156169105321,
            "dmean2": 0.0230148546398,
            "dvar": 0.000348900444806,
            "dvar2": 0.000718612456694,
            "max": 0.522622227669,
            "mean": 0.181921839714,
            "median": 0.166072741151,
            "min": 0.0232781860977,
            "var": 0.00705047650263
        },
        "barkbands_kurtosis": {
            "dmean": 2.13654351234,
            "dmean2": 3.23428201675,
            "dvar": 20.9727706909,
            "dvar2": 48.2125778198,
            "max": 177.863311768,
            "mean": 5.05573129654,
            "median": 2.45771598816,
            "min": -1.93685400486,
            "var": 89.9711990356
        },
        "barkbands_skewness": {
            "dmean": 0.395864844322,
            "dmean2": 0.575774908066,
            "dvar": 0.264384001493,
            "dvar2": 0.52205902338,
            "max": 10.2600421906,
            "mean": 1.41440200806,
            "median": 1.3459559679,
            "min": -5.92962360382,
            "var": 1.72739696503
        },
        "barkbands_spread": {
            "dmean": 3.61454510689,
            "dmean2": 5.49478721619,
            "dvar": 51.4405403137,
            "dvar2": 107.964767456,
            "max": 149.602264404,
            "mean": 16.284860611,
            "median": 12.6058549881,
            "min": 0.524813055992,
            "var": 202.976852417
        },
        "dissonance": {
            "dmean": 0.0231811646372,
            "dmean2": 0.0387324132025,
            "dvar": 0.000639874022454,
            "dvar2": 0.00172694504727,
            "max": 0.5,
            "mean": 0.434456288815,
            "median": 0.446861326694,
            "min": 0.151369944215,
            "var": 0.00250589568168
        },
        "dynamic_complexity": 7.23460435867,
        "erbbands": {
            "dmean": [
                0.0213697832078,
                0.158559322357,
                0.512965738773,
                0.812187731266,
                1.81343436241,
                2.34032416344,
                2.03338098526,
                3.45309329033,
                6.60302829742,
                8.99806976318,
                11.3123369217,
                10.6405076981,
                14.5801362991,
                8.74196147919,
                14.03677845,
                16.0025920868,
                15.2220983505,
                17.301908493,
                12.5442867279,
                10.2548189163,
                8.68784141541,
                7.72667217255,
                4.28000211716,
                4.55652093887,
                3.82802009583,
                1.50899493694,
                1.22856152058,
                1.17183995247,
                1.64416217804,
                1.96793735027,
                1.45870518684,
                0.604687690735,
                0.346988469362,
                0.247654721141,
                0.111895628273,
                0.0349505059421,
                0.0125650605187,
                0.00329731870443,
                0.000565035967156,
                2.70979689958e-05
            ],
            "dmean2": [
                0.0354155562818,
                0.270122915506,
                0.867020130157,
                1.34013640881,
                2.94685792923,
                3.83410406113,
                3.16708445549,
                5.22863101959,
                10.1868667603,
                13.2062797546,
                17.0638141632,
                14.9460048676,
                19.9203357697,
                12.1370153427,
                20.4436683655,
                23.8399105072,
                22.6446037292,
                26.0944652557,
                19.2374229431,
                15.5109214783,
                13.195523262,
                11.8672084808,
                6.67290067673,
                7.00247430801,
                5.7781624794,
                2.41439223289,
                2.04129910469,
                1.89408063889,
                2.55441331863,
                2.9146335125,
                2.13964009285,
                0.87707644701,
                0.513429522514,
                0.368631154299,
                0.162729084492,
                0.051263500005,
                0.0209259726107,
                0.00572914071381,
                0.000993074383587,
                4.6354613005e-05
            ],
            "dvar": [
                0.00859059393406,
                0.458439737558,
                4.18906593323,
                5.23034906387,
                30.7381839752,
                41.0838012695,
                27.4817562103,
                87.7985153198,
                279.568206787,
                893.837524414,
                1519.234375,
                2228.16088867,
                4413.20458984,
                1072.84692383,
                5710.22119141,
                4788.88232422,
                4333.37939453,
                4904.04492188,
                3310.46948242,
                1948.61218262,
                873.154052734,
                446.762664795,
                155.945404053,
                132.713195801,
                179.19960022,
                30.9440727234,
                25.9691791534,
                19.9443340302,
                39.6695823669,
                95.6034927368,
                58.0422096252,
                6.5755314827,
                2.39729690552,
                1.48460459709,
                0.254030644894,
                0.0228640083224,
                0.00366387376562,
                0.000364975974662,
                1.4371393263e-05,
                2.36539037246e-08
            ],
            "dvar2": [
                0.0230056792498,
                1.30662584305,
                12.0504779816,
                14.6347503662,
                77.3735122681,
                112.130783081,
                70.4716949463,
                219.421813965,
                678.448730469,
                1906.81384277,
                3653.24682617,
                4524.43310547,
                7558.20849609,
                2180.63012695,
                12158.7568359,
                11012.5566406,
                9431.08691406,
                11382.5175781,
                8084.109375,
                4510.62255859,
                1954.93908691,
                1027.25073242,
                389.515686035,
                301.753173828,
                427.151000977,
                81.4063186646,
                70.2944946289,
                53.1515541077,
                88.9977722168,
                191.763900757,
                109.176399231,
                11.8205976486,
                4.67284250259,
                2.88435864449,
                0.457305878401,
                0.0412711240351,
                0.00997669436038,
                0.00101519620512,
                4.00136268581e-05,
                6.47380744567e-08
            ],
            "max": [
                1.83767032623,
                14.3779554367,
                28.746389389,
                42.8618431091,
                158.633178711,
                156.873077393,
                200.986419678,
                330.780975342,
                423.515472412,
                1005.4229126,
                1321.79968262,
                2286.78491211,
                3841.74755859,
                1320.33068848,
                3300.89599609,
                2831.43457031,
                2588.71923828,
                2291.35424805,
                2157.12744141,
                1723.76501465,
                1297.20080566,
                636.02947998,
                393.29598999,
                266.096038818,
                694.06842041,
                164.50630188,
                108.329574585,
                113.22203064,
                230.923690796,
                433.180053711,
                419.14666748,
                146.252243042,
                75.6483688354,
                68.48072052,
                29.7402954102,
                8.04979324341,
                1.88389527798,
                0.791569948196,
                0.180147826672,
                0.00615789415315
            ],
            "mean": [
                0.042440187186,
                0.339505255222,
                1.00907742977,
                1.89576792717,
                3.57418727875,
                4.5103764534,
                4.53865194321,
                8.5686378479,
                16.0162639618,
                21.5378303528,
                24.6181087494,
                24.9716529846,
                40.6693305969,
                21.2135238647,
                29.1020011902,
                31.0155181885,
                29.8122138977,
                33.0998878479,
                23.8063411713,
                22.5967273712,
                21.6058311462,
                17.5805664062,
                9.338763237,
                9.99686145782,
                7.96255350113,
                2.90747284889,
                2.11227679253,
                2.18023920059,
                3.10873937607,
                3.61436057091,
                2.74509882927,
                1.13088822365,
                0.672599196434,
                0.46534126997,
                0.211936846375,
                0.0578617565334,
                0.0146202696487,
                0.00330757466145,
                0.000498715147842,
                3.86860883737e-05
            ],
            "median": [
                0.00193262449466,
                0.0640402138233,
                0.368274211884,
                0.878080487251,
                1.75597500801,
                2.07953572273,
                2.05577945709,
                3.49243187904,
                4.92790365219,
                3.84433269501,
                4.89006948471,
                3.51149129868,
                3.92040300369,
                2.79631590843,
                2.57839775085,
                3.61648082733,
                2.91345858574,
                2.99297904968,
                2.3033285141,
                2.07479286194,
                3.1419904232,
                3.06829237938,
                1.73123407364,
                1.62280642986,
                1.25346040726,
                0.491560161114,
                0.204110398889,
                0.175143033266,
                0.331300467253,
                0.343726426363,
                0.232986107469,
                0.0938402041793,
                0.058312676847,
                0.0581086240709,
                0.0267831962556,
                0.00564329093322,
                0.000999729847535,
                0.000116802089906,
                1.46429820234e-05,
                1.11607932922e-05
            ],
            "min": [
                1.21192259107e-22,
                8.28611719831e-22,
                7.22403647689e-21,
                1.6454409223e-20,
                3.45133485016e-20,
                8.40777846236e-20,
                3.9521487671e-20,
                1.3466964369e-19,
                2.4345649582e-19,
                4.31834601867e-19,
                3.71322178306e-19,
                1.68991592938e-18,
                1.93807342186e-18,
                2.07132043122e-18,
                2.10782287768e-18,
                2.72181857366e-18,
                3.79379935939e-18,
                3.56588504444e-18,
                2.9729477125e-18,
                9.72190337017e-18,
                8.77010634398e-18,
                9.81721029317e-18,
                1.03748888447e-17,
                1.12657698091e-17,
                1.48604982279e-17,
                1.25791159005e-17,
                1.4849337907e-17,
                1.75651538378e-17,
                1.35416604844e-17,
                2.12122990376e-17,
                2.25010580125e-17,
                1.9300345498e-17,
                1.60860870737e-17,
                1.24104148961e-17,
                6.70496019564e-18,
                4.56609695189e-18,
                3.41682875242e-18,
                1.28624693076e-18,
                3.45808955535e-19,
                3.45266383214e-20
            ],
            "var": [
                0.00969581119716,
                0.459605067968,
                4.20433473587,
                8.66775417328,
                42.2486572266,
                58.8934822083,
                55.6972007751,
                201.496078491,
                866.360717773,
                4037.81176758,
                3784.13085938,
                7549.98193359,
                36516.84375,
                4269.08691406,
                18494.4316406,
                14373.0761719,
                10376.0927734,
                11549.1650391,
                6631.71386719,
                6709.92480469,
                4968.12695312,
                1495.36669922,
                417.366333008,
                374.277038574,
                349.74697876,
                47.2522773743,
                34.4320831299,
                33.6097984314,
                87.761505127,
                203.04649353,
                137.804321289,
                18.4832019806,
                6.82887887955,
                3.8033349514,
                0.828389883041,
                0.064176402986,
                0.00346209597774,
                0.000287147937343,
                1.02350259112e-05,
                1.9503668014e-08
            ]
        },
        "erbbands_crest": {
            "dmean": 2.17166543007,
            "dmean2": 3.35090112686,
            "dvar": 5.41160202026,
            "dvar2": 12.9633388519,
            "max": 33.3608551025,
            "mean": 10.4924182892,
            "median": 9.29579353333,
            "min": 2.34134483337,
            "var": 25.2760334015
        },
        "erbbands_flatness_db": {
            "dmean": 0.0146805886179,
            "dmean2": 0.0210985932499,
            "dvar": 0.000314353994327,
            "dvar2": 0.00062347529456,
            "max": 0.492394894361,
            "mean": 0.203757286072,
            "median": 0.196657791734,
            "min": 0.0341702625155,
            "var": 0.0041575152427
        },
        "erbbands_kurtosis": {
            "dmean": 1.01891589165,
            "dmean2": 1.53292191029,
            "dvar": 4.28819131851,
            "dvar2": 9.03252124786,
            "max": 54.9194068909,
            "mean": 1.39451158047,
            "median": 0.252094268799,
            "min": -1.74371170998,
            "var": 14.183842659
        },
        "erbbands_skewness": {
            "dmean": 0.304623544216,
            "dmean2": 0.442872554064,
            "dvar": 0.142228513956,
            "dvar2": 0.267790496349,
            "max": 5.61479568481,
            "mean": 0.46083137393,
            "median": 0.46210950613,
            "min": -6.11201763153,
            "var": 0.891382753849
        },
        "erbbands_spread": {
            "dmean": 5.25934267044,
            "dmean2": 7.9076051712,
            "dvar": 69.4945983887,
            "dvar2": 159.87449646,
            "max": 148.15486145,
            "mean": 28.5265254974,
            "median": 25.9189910889,
            "min": 0.61990582943,
            "var": 276.007476807
        },
        "gfcc": {
            "cov": [
                [
                    27261.3320312,
                    -5041.93798828,
                    -3322.68237305,
                    2083.00830078,
                    -1379.63671875,
                    1416.67321777,
                    -826.180419922,
                    1063.70568848,
                    -86.8717422485,
                    392.651489258,
                    148.790924072,
                    495.913696289,
                    -195.043731689
                ],
                [
                    -5041.93798828,
                    2951.25976562,
                    173.945205688,
                    -789.743713379,
                    729.969482422,
                    -510.164337158,
                    420.663757324,
                    -356.40826416,
                    153.90927124,
                    -152.429290771,
                    155.858291626,
                    -160.433227539,
                    187.241271973
                ],
                [
                    -3322.68237305,
                    173.945205688,
                    1458.37561035,
                    95.9710617065,
                    120.333358765,
                    52.4192008972,
                    95.186378479,
                    15.5294055939,
                    23.7436122894,
                    30.4764461517,
                    -55.6412506104,
                    -5.76178646088,
                    -42.4728355408
                ],
                [
                    2083.00830078,
                    -789.743713379,
                    95.9710617065,
                    838.927062988,
                    -98.6085586548,
                    181.98727417,
                    -75.5923919678,
                    131.369522095,
                    43.1357269287,
                    115.818748474,
                    25.9714508057,
                    51.4407615662,
                    52.3694419861
                ],
                [
                    -1379.63671875,
                    729.969482422,
                    120.333358765,
                    -98.6085586548,
                    558.98236084,
                    -23.6543159485,
                    158.258575439,
                    -59.5452804565,
                    102.986366272,
                    32.8126564026,
                    38.8949432373,
                    -53.3018379211,
                    87.5186462402
                ],
                [
                    1416.67321777,
                    -510.164337158,
                    52.4192008972,
                    181.98727417,
                    -23.6543159485,
                    401.041412354,
                    40.7688140869,
                    135.016021729,
                    -5.34803771973,
                    56.3124961853,
                    3.10452055931,
                    33.8907928467,
                    -27.594367981
                ],
                [
                    -826.180419922,
                    420.663757324,
                    95.186378479,
                    -75.5923919678,
                    158.258575439,
                    40.7688140869,
                    433.309112549,
                    -20.6952533722,
                    33.301399231,
                    13.8946819305,
                    67.9622268677,
                    -1.35510253906,
                    65.0150604248
                ],
                [
                    1063.70568848,
                    -356.40826416,
                    15.5294055939,
                    131.369522095,
                    -59.5452804565,
                    135.016021729,
                    -20.6952533722,
                    234.183517456,
                    16.3907089233,
                    25.7016735077,
                    14.0449209213,
                    25.16796875,
                    -36.799030304
                ],
                [
                    -86.8717422485,
                    153.90927124,
                    23.7436122894,
                    43.1357269287,
                    102.986366272,
                    -5.34803771973,
                    33.301399231,
                    16.3907089233,
                    168.052932739,
                    56.524471283,
                    7.85944700241,
                    -10.5707101822,
                    24.3334579468
                ],
                [
                    392.651489258,
                    -152.429290771,
                    30.4764461517,
                    115.818748474,
                    32.8126564026,
                    56.3124961853,
                    13.8946819305,
                    25.7016735077,
                    56.524471283,
                    151.213500977,
                    29.2979946136,
                    -6.17541790009,
                    15.267873764
                ],
                [
                    148.790924072,
                    155.858291626,
                    -55.6412506104,
                    25.9714508057,
                    38.8949432373,
                    3.10452055931,
                    67.9622268677,
                    14.0449209213,
                    7.85944700241,
                    29.2979946136,
                    136.364105225,
                    21.6819458008,
                    11.9491357803
                ],
                [
                    495.913696289,
                    -160.433227539,
                    -5.76178646088,
                    51.4407615662,
                    -53.3018379211,
                    33.8907928467,
                    -1.35510253906,
                    25.16796875,
                    -10.5707101822,
                    -6.17541790009,
                    21.6819458008,
                    109.675689697,
                    7.86027956009
                ],
                [
                    -195.043731689,
                    187.241271973,
                    -42.4728355408,
                    52.3694419861,
                    87.5186462402,
                    -27.594367981,
                    65.0150604248,
                    -36.799030304,
                    24.3334579468,
                    15.267873764,
                    11.9491357803,
                    7.86027956009,
                    153.376953125
                ]
            ],
            "icov": [
                [
                    0.000136164249852,
                    -2.99185649055e-05,
                    0.000337579811458,
                    -0.000240888475673,
                    0.000125468432088,
                    -0.000296268786769,
                    0.000101246376289,
                    -0.000258566287812,
                    5.20503344887e-05,
                    -0.000221380760195,
                    0.000101811558125,
                    -0.00035607125028,
                    0.000179656344699
                ],
                [
                    -2.99185649055e-05,
                    0.00159001385327,
                    -0.00037540885387,
                    0.00095953111304,
                    -0.00104726047721,
                    0.000983674428426,
                    -0.000472454936244,
                    0.000847045041155,
                    -0.0012425922323,
                    0.00183705077507,
                    -0.00215396494605,
                    0.00146841979586,
                    -0.00112582813017
                ],
                [
                    0.000337579811458,
                    -0.00037540885387,
                    0.00166814879049,
                    -0.000950293266214,
                    0.000242045294726,
                    -0.000843013054691,
                    5.29599274159e-05,
                    -0.000793476821855,
                    0.000462585274363,
                    -0.00105706765316,
                    0.00123602151871,
                    -0.00132482557092,
                    0.00117482396308
                ],
                [
                    -0.000240888475673,
                    0.00095953111304,
                    -0.000950293266214,
                    0.00268151261844,
                    -0.000397421274101,
                    0.000492218590807,
                    6.11009891145e-05,
                    0.00040081285988,
                    -0.00108162302058,
                    0.000563739333302,
                    -0.00176528666634,
                    0.00117412325926,
                    -0.00207801791839
                ],
                [
                    0.000125468432088,
                    -0.00104726047721,
                    0.000242045294726,
                    -0.000397421274101,
                    0.00346391042694,
                    -0.00118615990505,
                    1.95137945411e-05,
                    -0.000326226348989,
                    -0.000585404341109,
                    -0.00123916007578,
                    0.000637501070742,
                    6.36959430267e-06,
                    -0.000469494872959
                ],
                [
                    -0.000296268786769,
                    0.000983674428426,
                    -0.000843013054691,
                    0.000492218590807,
                    -0.00118615990505,
                    0.00485725654289,
                    -0.00122407218441,
                    -0.000696642207913,
                    0.000104573438875,
                    0.000334131880663,
                    -0.000508955214173,
                    0.000709058425855,
                    -0.000123217454529
                ],
                [
                    0.000101246376289,
                    -0.000472454936244,
                    5.29599274159e-05,
                    6.11009891145e-05,
                    1.95137945411e-05,
                    -0.00122407218441,
                    0.0033449716866,
                    -0.000200349124498,
                    3.57816497853e-05,
                    -0.000378051190637,
                    -0.000955283467192,
                    -0.000466541678179,
                    -0.000867719296366
                ],
                [
                    -0.000258566287812,
                    0.000847045041155,
                    -0.000793476821855,
                    0.00040081285988,
                    -0.000326226348989,
                    -0.000696642207913,
                    -0.000200349124498,
                    0.00687617622316,
                    -0.0017904835986,
                    0.00162448058836,
                    -0.00200912030414,
                    0.000948983419221,
                    0.000306297617499
                ],
                [
                    5.20503344887e-05,
                    -0.0012425922323,
                    0.000462585274363,
                    -0.00108162302058,
                    -0.000585404341109,
                    0.000104573438875,
                    3.57816497853e-05,
                    -0.0017904835986,
                    0.00895735807717,
                    -0.00426543084905,
                    0.00263474369422,
                    -0.00138610193972,
                    0.000857924111187
                ],
                [
                    -0.000221380760195,
                    0.00183705077507,
                    -0.00105706765316,
                    0.000563739333302,
                    -0.00123916007578,
                    0.000334131880663,
                    -0.000378051190637,
                    0.00162448058836,
                    -0.00426543084905,
                    0.0115701397881,
                    -0.00466663716361,
                    0.00359073653817,
                    -0.00198766891845
                ],
                [
                    0.000101811558125,
                    -0.00215396494605,
                    0.00123602151871,
                    -0.00176528666634,
                    0.000637501070742,
                    -0.000508955214173,
                    -0.000955283467192,
                    -0.00200912030414,
                    0.00263474369422,
                    -0.00466663716361,
                    0.0123759964481,
                    -0.00443520722911,
                    0.00248125009239
                ],
                [
                    -0.00035607125028,
                    0.00146841979586,
                    -0.00132482557092,
                    0.00117412325926,
                    6.36959430267e-06,
                    0.000709058425855,
                    -0.000466541678179,
                    0.000948983419221,
                    -0.00138610193972,
                    0.00359073653817,
                    -0.00443520722911,
                    0.0129706766456,
                    -0.0029205402825
                ],
                [
                    0.000179656344699,
                    -0.00112582813017,
                    0.00117482396308,
                    -0.00207801791839,
                    -0.000469494872959,
                    -0.000123217454529,
                    -0.000867719296366,
                    0.000306297617499,
                    0.000857924111187,
                    -0.00198766891845,
                    0.00248125009239,
                    -0.0029205402825,
                    0.0098627563566
                ]
            ],
            "mean": [
                -113.045959473,
                121.581230164,
                -114.916435242,
                13.412273407,
                -55.2247428894,
                5.7579126358,
                -41.817741394,
                3.85468792915,
                -18.8648967743,
                -6.55814170837,
                -13.9622144699,
                -3.43728423119,
                -14.9759635925
            ]
        },
        "hfc": {
            "dmean": 3.35280323029,
            "dmean2": 4.94976711273,
            "dvar": 60.2069816589,
            "dvar2": 129.670211792,
            "max": 237.704589844,
            "mean": 13.3439073563,
            "median": 4.84184503555,
            "min": 1.18451681382e-16,
            "var": 407.393188477
        },
        "melbands": {
            "dmean": [
                0.000180373492185,
                0.000243504618993,
                0.000160771887749,
                0.000158775656018,
                6.87080901116e-05,
                8.1679187133e-05,
                0.000102141915704,
                9.73029382294e-05,
                9.86786690191e-05,
                6.92484973115e-05,
                7.29254825274e-05,
                3.41371523973e-05,
                4.55551744381e-05,
                4.14500464103e-05,
                3.87107793358e-05,
                3.7201174564e-05,
                3.60831982107e-05,
                2.14942992898e-05,
                1.93398536794e-05,
                1.3874958313e-05,
                1.03979627966e-05,
                9.75743296294e-06,
                5.06156766278e-06,
                3.06500965053e-06,
                4.07572224503e-06,
