{
    "lowlevel": {
        "average_loudness": 0.952128350735,
        "barkbands": {
            "dmean": [
                0.00288916425779,
                0.0184141155332,
                0.00276807439514,
                0.00290960608982,
                0.00310763670132,
                0.000676175404806,
                0.000539008411579,
                0.000314909178996,
                0.000229801735259,
                0.000148218154209,
                0.000109011147288,
                9.75901566562e-05,
                8.38530759211e-05,
                8.86056295712e-05,
                7.61264309403e-05,
                0.000105612147308,
                8.3366256149e-05,
                8.7807115051e-05,
                7.29715975467e-05,
                9.06474670046e-05,
                0.000171469684574,
                0.00014224924962,
                0.00010017718887,
                8.73587050592e-05,
                7.52934865886e-05,
                7.5384232332e-05,
                9.26842949411e-06
            ],
            "dmean2": [
                0.00362904579379,
                0.0253530722111,
                0.00478994846344,
                0.00507458671927,
                0.00485533988103,
                0.00109998113476,
                0.000812408572529,
                0.000430810992839,
                0.000307760114083,
                0.000202050665393,
                0.000168718514033,
                0.000148432940478,
                0.000122263241792,
                0.000132224886329,
                0.000116263108794,
                0.000188305100892,
                0.000127194492961,
                0.000132187225972,
                0.000112806737889,
                0.000136844464578,
                0.000275572325336,
                0.00021005065355,
                0.000150076273712,
                0.000128820902319,
                9.50610119617e-05,
                9.45915526245e-05,
                1.30479611471e-05
            ],
            "dvar": [
                5.04543204443e-05,
                0.00127320655156,
                5.26395306224e-05,
                4.14671776525e-05,
                3.54794610757e-05,
                1.80701101726e-06,
                1.7104204062e-06,
                1.00840088635e-06,
                7.46989428535e-07,
                7.29977784886e-07,
                2.43427479063e-07,
                1.71818840045e-07,
                9.04973305182e-08,
                1.16045065113e-07,
                6.66025314899e-08,
                9.40434077279e-08,
                9.95156312911e-08,
                1.05494272873e-07,
                1.30762686013e-07,
                1.54446098577e-07,
                4.36191641029e-07,
                2.95580178999e-07,
                1.35336918561e-07,
                9.44650011547e-08,
                5.74948018084e-08,
                8.2148552849e-08,
                1.41464406855e-09
            ],
            "dvar2": [
                6.5101783548e-05,
                0.00267769908533,
                0.000147219194332,
                0.000117268558824,
                8.65720867296e-05,
                4.54070277556e-06,
                3.66686617781e-06,
                1.72938905507e-06,
                1.24900395804e-06,
                9.65309368439e-07,
                4.89785122681e-07,
                3.60295160817e-07,
                1.71962923901e-07,
                2.35037774132e-07,
                1.46084289554e-07,
                2.59418982296e-07,
                2.15718870322e-07,
                2.40745521296e-07,
                2.57528711245e-07,
                3.24348917502e-07,
                1.07182415832e-06,
                5.4047723097e-07,
                2.65307591008e-07,
                1.88403888046e-07,
                8.74161045772e-08,
                1.40877787658e-07,
                2.58730592506e-09
            ],
            "max": [
                0.218092858791,
                0.395998358727,
                0.100334316492,
                0.115447163582,
                0.111602678895,
                0.0366392843425,
                0.0311929620802,
                0.0406057983637,
                0.0413930639625,
                0.0464983917773,
                0.0358265116811,
                0.0221589002758,
                0.0142473476008,
                0.0113980462775,
                0.00843302998692,
                0.00598926236853,
                0.014222856611,
                0.0151783982292,
                0.0249752383679,
                0.0155976675451,
                0.0115722492337,
                0.0270908772945,
                0.0135045042261,
                0.00975773110986,
                0.00819899328053,
                0.00342216319405,
                0.000454566121334
            ],
            "mean": [
                0.0058249454014,
                0.0295765884221,
                0.00350676081143,
                0.00397578580305,
                0.00645468337461,
                0.00118906167336,
                0.0011294313008,
                0.000635098956991,
                0.000548340904061,
                0.000280274543911,
                0.000161262389156,
                0.000147915881826,
                0.000123232544865,
                0.000135876718559,
                9.52615882852e-05,
                0.000101524783531,
                0.000111449618998,
                0.000123721591081,
                0.000101126795926,
                0.000124021273223,
                0.000204812793527,
                0.000204930038308,
                0.000133658773848,
                0.00011276423902,
                9.78771931841e-05,
                8.78234568518e-05,
                9.41354937822e-06
            ],
            "median": [
                0.000530444667675,
                0.00536885485053,
                0.00108974706382,
                0.00131398648955,
                0.00245219329372,
                0.000358431687346,
                0.000239723769482,
                0.000114390939416,
                5.81251879339e-05,
                1.7947757442e-05,
                1.14295053208e-05,
                1.05565704871e-05,
                5.95241272094e-06,
                5.27806150785e-06,
                3.6731084947e-06,
                3.68730297851e-06,
                2.96501957564e-06,
                3.33890920956e-06,
                2.85881333184e-06,
                3.44255022355e-06,
                3.39127905136e-06,
                2.82071687252e-06,
                2.65313087766e-06,
                1.8487842226e-06,
                9.38943060191e-07,
                3.37856732813e-07,
                1.69739564626e-08
            ],
            "min": [
                1.45097256432e-09,
                2.09348627322e-07,
                1.60635849511e-07,
                1.37753161766e-07,
                2.53409297102e-07,
                6.86921020066e-10,
                1.18248633107e-10,
                1.23198343888e-11,
                1.40642306828e-11,
                5.76206964087e-12,
                3.20702145395e-12,
                3.88852621977e-12,
                2.73791471266e-12,
                2.21286292242e-12,
                1.98835999748e-12,
                3.88437979698e-12,
                2.22408961907e-12,
                2.75894389799e-12,
                3.59141102274e-12,
                4.74871400882e-12,
                5.76688479956e-12,
                5.97538511726e-12,
                7.78838712273e-12,
                1.17952540096e-11,
                1.24417759081e-11,
                2.03079272149e-11,
                3.11505127248e-11
            ],
            "var": [
                0.000272583420156,
                0.00252427626401,
                4.75707311125e-05,
                4.50007537438e-05,
                8.79609360709e-05,
                4.36554910266e-06,
                6.12396252109e-06,
                4.04951879318e-06,
                2.87136390398e-06,
                2.279024784e-06,
                5.69620169699e-07,
                3.42332583614e-07,
                2.20451653377e-07,
                2.7365990718e-07,
                1.1073255024e-07,
                9.13172613082e-08,
                1.63879775528e-07,
                1.94440801238e-07,
                2.31549421414e-07,
                2.85580739501e-07,
                6.00616601787e-07,
                6.87978797487e-07,
                2.96271736033e-07,
                1.80359009505e-07,
                1.32564494493e-07,
                1.32461352109e-07,
                1.84365156475e-09
            ]
        },
        "barkbands_crest": {
            "dmean": 2.93948602676,
            "dmean2": 4.47467851639,
            "dvar": 7.31002140045,
            "dvar2": 16.0025310516,
            "max": 25.6518058777,
            "mean": 14.7001600266,
            "median": 14.3560209274,
            "min": 3.13426113129,
            "var": 25.5275192261
        },
        "barkbands_flatness_db": {
            "dmean": 0.0408932939172,
            "dmean2": 0.0572115890682,
            "dvar": 0.00237789540552,
            "dvar2": 0.00470527634025,
            "max": 1,
            "mean": 0.290257841349,
            "median": 0.267870157957,
            "min": 0.0329361371696,
            "var": 0.0172807089984
        },
        "barkbands_kurtosis": {
            "dmean": 15.6605396271,
            "dmean2": 23.2516708374,
            "dvar": 935.331542969,
            "dvar2": 2036.42907715,
            "max": 807.133789062,
            "mean": 26.0533428192,
            "median": 13.2317066193,
            "min": -1.92789649963,
            "var": 1796.31469727
        },
        "barkbands_skewness": {
            "dmean": 1.11353385448,
            "dmean2": 1.57285833359,
            "dvar": 1.44252443314,
            "dvar2": 2.9755795002,
            "max": 17.8651008606,
            "mean": 2.99177026749,
            "median": 2.63648438454,
            "min": -2.61091017723,
            "var": 4.72924566269
        },
        "barkbands_spread": {
            "dmean": 3.99017000198,
            "dmean2": 5.8545384407,
            "dvar": 57.2112312317,
            "dvar2": 105.640457153,
            "max": 107.958404541,
            "mean": 8.53741073608,
            "median": 4.26383256912,
            "min": 0.0613169334829,
            "var": 162.21321106
        },
        "dissonance": {
            "dmean": 0.0348946750164,
            "dmean2": 0.0562304705381,
            "dvar": 0.00121982570272,
            "dvar2": 0.00301331514493,
            "max": 0.499972224236,
            "mean": 0.416952967644,
            "median": 0.428461760283,
            "min": 0.11201570183,
            "var": 0.00338730029762
        },
        "dynamic_complexity": 4.61051225662,
        "erbbands": {
            "dmean": [
                0.92487603426,
                2.93575882912,
                3.62704610825,
                6.40408229828,
                8.57394218445,
                12.6945304871,
                9.43942451477,
                4.3989200592,
                4.92870616913,
                9.40916728973,
                7.01221036911,
                4.07438850403,
                5.05714130402,
                3.93389129639,
                4.23963928223,
                3.60302400589,
                3.81403756142,
                3.99001002312,
                4.03856897354,
                5.59433174133,
                4.21809482574,
                4.66482257843,
                5.00502109528,
                3.64720487595,
                4.00142192841,
                3.81596326828,
                7.17337274551,
                6.48371982574,
                5.27114868164,
                3.87575435638,
                2.8223259449,
                2.05355501175,
                1.22748303413,
                0.790493190289,
                0.574533939362,
                0.304461538792,
                0.135009914637,
                0.0306687634438,
                0.00160862435587,
                6.11231953371e-05
            ],
            "dmean2": [
                1.26365602016,
                4.61660194397,
                6.36213254929,
                11.1693677902,
                14.9161939621,
                19.363904953,
                13.9592514038,
                7.07272958755,
                7.37344837189,
                14.044626236,
                9.36812877655,
                5.4645819664,
                6.60408210754,
                5.97005939484,
                6.74089813232,
                5.44492053986,
                5.42345380783,
                5.97937965393,
                5.92969417572,
                9.63255405426,
                6.88905096054,
                7.11814928055,
                7.73772287369,
                5.40295648575,
                6.16548871994,
                5.70829057693,
                12.3394556046,
                9.64835834503,
                7.7533416748,
                5.63051080704,
                4.27539348602,
                3.09913659096,
                1.72468233109,
                1.03772449493,
                0.737377583981,
                0.392844766378,
                0.183372154832,
                0.0409263111651,
                0.00221719313413,
                8.07417090982e-05
            ],
            "dvar": [
                3.51754283905,
                36.2554512024,
                90.9047698975,
                184.068817139,
                464.34185791,
                696.104003906,
                391.645751953,
                107.716308594,
                194.405105591,
                564.154785156,
                480.142883301,
                194.156433105,
                532.457397461,
                315.859802246,
                381.959716797,
                238.205688477,
                183.57913208,
                174.363082886,
                233.080917358,
                273.703094482,
                177.269760132,
                304.176422119,
                346.302062988,
                298.619018555,
                327.455505371,
                286.097076416,
                872.924438477,
                558.665466309,
                410.952941895,
                220.924743652,
                105.296134949,
                50.6091995239,
                19.9605407715,
                5.81699085236,
                3.92365169525,
                1.25079524517,
                0.288659989834,
                0.0157855469733,
                4.11915207224e-05,
                2.55726355647e-08
            ],
            "dvar2": [
                6.87190246582,
                88.2344741821,
                254.282104492,
                519.58581543,
                1337.18969727,
                1502.24499512,
                733.703613281,
                232.16607666,
                362.540496826,
                1247.86230469,
                803.491088867,
                305.070343018,
                704.819396973,
                647.09197998,
                850.968566895,
                545.745483398,
                339.927307129,
                355.143493652,
                472.404266357,
                726.757202148,
                427.854553223,
                673.977294922,
                834.827941895,
                481.986999512,
                798.018615723,
                566.478210449,
                2335.32397461,
                1199.79553223,
                755.944824219,
                426.83404541,
                210.62612915,
                103.158203125,
                39.2892036438,
                9.24114513397,
                6.31712436676,
                2.45208406448,
                0.436243504286,
                0.028430107981,
                6.93426118232e-05,
                4.22673807066e-08
            ],
            "max": [
                18.1669464111,
                61.0667991638,
                114.5054245,
                198.043014526,
                387.140930176,
                427.750732422,
                278.606658936,
                419.284454346,
                553.214172363,
                633.092712402,
                799.757995605,
                631.617370605,
                1596.92712402,
                1011.66247559,
                1358.06762695,
                970.726257324,
                774.872619629,
                578.391967773,
                586.359191895,
                454.21673584,
                539.463500977,
                741.882202148,
                662.255554199,
                1492.68615723,
                836.387023926,
                704.266540527,
                587.128845215,
                651.801208496,
                908.25592041,
                851.183654785,
                360.188903809,
                245.612182617,
                167.288879395,
                83.9853286743,
                69.7169723511,
                27.3823509216,
                5.87532186508,
                1.38781142235,
                0.078085757792,
                0.00198036595248
            ],
            "mean": [
                1.43951308727,
                4.262403965,
                4.61268472672,
                9.29504680634,
                13.6899375916,
                27.4519367218,
                18.9955921173,
                8.41590595245,
                11.1226377487,
                18.4361610413,
                16.866230011,
                9.89387130737,
                10.7091207504,
                6.50841808319,
                6.28162145615,
                5.28253221512,
                5.75744962692,
                6.38147592545,
                6.24254179001,
                5.60247707367,
                4.99855089188,
                6.50274133682,
                6.98637771606,
                5.19566583633,
                5.48283863068,
                5.40721607208,
                7.79097318649,
                8.43211174011,
                7.41089773178,
                5.584004879,
                3.69199109077,
                2.62628316879,
                1.6043920517,
                1.00968408585,
                0.757078707218,
                0.359777867794,
                0.164897099137,
                0.0314987227321,
                0.00170997239184,
                0.000100755307358
            ],
            "median": [
                0.197596490383,
                0.786769509315,
                1.41743063927,
                3.76501369476,
                6.02280426025,
                8.54210758209,
                6.29974937439,
                2.75267243385,
                2.47802305222,
                4.70683765411,
                2.47561192513,
                1.25709557533,
                0.872616410255,
                0.639534115791,
                0.506256520748,
                0.413189411163,
                0.323480129242,
                0.3067522645,
                0.263211905956,
                0.215396672487,
                0.21760044992,
                0.19425162673,
                0.191261172295,
                0.181068912148,
                0.146695688367,
                0.149645090103,
                0.143013715744,
                0.133894711733,
                0.0956089347601,
                0.0874027907848,
                0.0689485818148,
                0.0506607182324,
                0.0260559730232,
                0.011742843315,
                0.00586210750043,
                0.00206627510488,
                0.000496450229548,
                9.51050897129e-05,
                2.80159329122e-05,
                3.93164227717e-05
            ],
            "min": [
                6.98852045389e-06,
                4.4911801524e-05,
                0.000163948046975,
                0.000364278821507,
                0.000624226056971,
                0.000663687533233,
                0.000110301902168,
                3.34020551236e-05,
                1.31140986923e-05,
                7.79500533099e-06,
                5.42379530089e-06,
                4.191555945e-06,
                3.38942277267e-06,
                2.90872594633e-06,
                2.33725472754e-06,
                2.03515446628e-06,
                1.83539532372e-06,
                1.49231584601e-06,
                1.24909900023e-06,
                1.07278719952e-06,
                9.02574925021e-07,
                6.89553360189e-07,
                5.71778059566e-07,
                4.67515604896e-07,
                4.06937914477e-07,
                3.46508301163e-07,
                4.15595309278e-07,
                5.75031151584e-07,
                7.33712624879e-07,
                7.87707506333e-07,
                7.99113934136e-07,
                6.85750705998e-07,
                4.00200661943e-07,
                2.3364809465e-07,
                1.73525705804e-07,
                1.16123722194e-07,
                9.58853547672e-08,
                3.3197508742e-08,
                2.63879798013e-08,
                2.44978668462e-08
            ],
            "var": [
                6.83451223373,
                52.9258499146,
                78.9707870483,
                200.645217896,
                530.830871582,
                2261.00927734,
                1100.1965332,
                298.76739502,
                805.125671387,
                1588.5090332,
                2288.79541016,
                812.395446777,
                2118.62329102,
                792.058959961,
                772.928649902,
                400.893005371,
                451.503723145,
                530.655883789,
                526.44519043,
                292.523406982,
                251.769577026,
                556.082458496,
                568.501953125,
                673.179382324,
                450.789428711,
                565.250610352,
                1022.6519165,
                972.73626709,
                936.892211914,
                514.376342773,
                214.814071655,
                89.7963256836,
                41.7908859253,
                13.8292398453,
                8.38893413544,
                2.0212097168,
                0.492085039616,
                0.0213771350682,
                5.82433349336e-05,
                4.45170513785e-08
            ]
        },
        "erbbands_crest": {
            "dmean": 2.97703671455,
            "dmean2": 4.62865304947,
            "dvar": 9.41816520691,
            "dvar2": 19.492647171,
            "max": 32.0827217102,
            "mean": 12.1310682297,
            "median": 10.9206199646,
            "min": 2.28254747391,
            "var": 32.9878616333
        },
        "erbbands_flatness_db": {
            "dmean": 0.0291443243623,
            "dmean2": 0.0403702035546,
            "dvar": 0.00116850878112,
            "dvar2": 0.00223125633784,
            "max": 0.625407934189,
            "mean": 0.206594839692,
            "median": 0.201221972704,
            "min": 0.0390304923058,
            "var": 0.00676415348426
        },
        "erbbands_kurtosis": {
            "dmean": 4.21467399597,
            "dmean2": 6.16086387634,
            "dvar": 57.6579933167,
            "dvar2": 119.708976746,
            "max": 224.001068115,
            "mean": 6.2330698967,
            "median": 2.32236742973,
            "min": -1.88227915764,
            "var": 148.843307495
        },
        "erbbands_skewness": {
            "dmean": 0.69249856472,
            "dmean2": 1.00359261036,
            "dvar": 0.586645841599,
            "dvar2": 1.21669244766,
            "max": 10.8987998962,
            "mean": 1.43313229084,
            "median": 1.338342309,
            "min": -4.48349523544,
            "var": 2.14504885674
        },
        "erbbands_spread": {
            "dmean": 12.8194389343,
            "dmean2": 19.1496047974,
            "dvar": 338.060882568,
            "dvar2": 657.019714355,
            "max": 161.602233887,
            "mean": 32.0770683289,
            "median": 23.7672863007,
            "min": 0.497763067484,
            "var": 739.532104492
        },
        "gfcc": {
            "cov": [
                [
                    16722.0351562,
                    -5639.74609375,
                    -1045.87768555,
                    1752.91040039,
                    -2210.98754883,
                    463.223968506,
                    -949.510009766,
                    504.706420898,
                    -568.139831543,
                    481.833831787,
                    -703.650024414,
                    813.429138184,
                    -396.937316895
                ],
                [
                    -5639.74609375,
                    3108.22314453,
                    -26.7773742676,
                    -1072.81787109,
                    845.405029297,
                    -336.756896973,
                    423.131347656,
                    -210.414230347,
                    294.339477539,
                    -294.528961182,
                    412.083618164,
                    -332.913543701,
                    137.723190308
                ],
                [
                    -1045.87768555,
                    -26.7773742676,
                    1705.91442871,
                    328.077545166,
                    -61.6343803406,
                    13.6175985336,
                    110.556632996,
                    -48.8895339966,
                    39.9500274658,
                    45.1915550232,
                    -38.9418525696,
                    26.408493042,
                    88.2490692139
                ],
                [
                    1752.91040039,
                    -1072.81787109,
                    328.077545166,
                    732.298278809,
                    -246.275604248,
                    136.144607544,
                    -82.7633132935,
                    105.690536499,
                    -30.4705410004,
                    87.9364395142,
                    -107.70401001,
                    91.9290008545,
                    -15.4485826492
                ],
                [
                    -2210.98754883,
                    845.405029297,
                    -61.6343803406,
                    -246.275604248,
                    1059.50622559,
                    106.558662415,
                    339.190795898,
                    -21.4205245972,
                    188.045883179,
                    -50.9450454712,
                    183.865280151,
                    -124.037734985,
                    99.1406326294
                ],
                [
                    463.223968506,
                    -336.756896973,
                    13.6175985336,
                    136.144607544,
                    106.558662415,
                    267.450134277,
                    118.226165771,
                    56.6169815063,
                    8.60346508026,
                    36.9278259277,
                    -22.2235069275,
                    27.1415138245,
                    -6.38353013992
                ],
                [
                    -949.510009766,
                    423.131347656,
                    110.556632996,
                    -82.7633132935,
                    339.190795898,
                    118.226165771,
                    360.190826416,
                    49.7953109741,
                    87.3115158081,
                    -33.6668701172,
                    114.602958679,
                    -46.1739768982,
                    28.5955123901
                ],
                [
                    504.706420898,
                    -210.414230347,
                    -48.8895339966,
                    105.690536499,
                    -21.4205245972,
                    56.6169815063,
                    49.7953109741,
                    137.037765503,
                    35.2556266785,
                    25.7608985901,
                    5.79730510712,
                    28.3357105255,
                    -18.0138931274
                ],
                [
                    -568.139831543,
                    294.339477539,
                    39.9500274658,
                    -30.4705410004,
                    188.045883179,
                    8.60346508026,
                    87.3115158081,
                    35.2556266785,
                    190.625442505,
                    20.1067752838,
                    70.439163208,
                    -52.7060432434,
                    40.2029838562
                ],
                [
                    481.833831787,
                    -294.528961182,
                    45.1915550232,
                    87.9364395142,
                    -50.9450454712,
                    36.9278259277,
                    -33.6668701172,
                    25.7608985901,
                    20.1067752838,
                    155.938781738,
                    10.5087280273,
                    30.7834243774,
                    -6.33341741562
                ],
                [
                    -703.650024414,
                    412.083618164,
                    -38.9418525696,
                    -107.70401001,
                    183.865280151,
                    -22.2235069275,
                    114.602958679,
                    5.79730510712,
                    70.439163208,
                    10.5087280273,
                    172.101974487,
                    -25.3046035767,
                    23.0707988739
                ],
                [
                    813.429138184,
                    -332.913543701,
                    26.408493042,
                    91.9290008545,
                    -124.037734985,
                    27.1415138245,
                    -46.1739768982,
                    28.3357105255,
                    -52.7060432434,
                    30.7834243774,
                    -25.3046035767,
                    130.440597534,
                    -0.610142469406
                ],
                [
                    -396.937316895,
                    137.723190308,
                    88.2490692139,
                    -15.4485826492,
                    99.1406326294,
                    -6.38353013992,
                    28.5955123901,
                    -18.0138931274,
                    40.2029838562,
                    -6.33341741562,
                    23.0707988739,
                    -0.610142469406,
                    95.3174743652
                ]
            ],
            "icov": [
                [
                    0.000221197740757,
                    0.000290729338303,
                    0.000154831490363,
                    -4.75459492009e-05,
                    0.000183496740647,
                    7.21839978723e-06,
                    -1.97003173525e-05,
                    -5.76217098569e-05,
                    -0.000198943482246,
                    5.49337855773e-05,
                    -1.2280950159e-06,
                    -0.000549162388779,
                    0.000239011409576
                ],
                [
                    0.000290729338303,
                    0.00306346011348,
                    -0.000202773313504,
                    0.00219787308015,
                    0.000148740378791,
                    0.00161759136245,
                    -0.001124299597,
                    0.00142793729901,
                    -0.00218520383351,
                    0.0031076867599,
                    -0.00313145690598,
                    0.00136955850758,
                    -0.000216040061787
                ],
                [
                    0.000154831490363,
                    -0.000202773313504,
                    0.00101064087357,
                    -0.000910947739612,
                    0.000314774224535,
                    0.000239398053964,
                    -0.000787316996139,
                    0.00070296152262,
                    -0.000142812932609,
                    -0.000760865164921,
                    0.000985870719887,
                    -0.000915961165447,
                    -0.000322700041579
                ],
                [
                    -4.75459492009e-05,
                    0.00219787308015,
                    -0.000910947739612,
                    0.00431323237717,
                    6.23844171059e-05,
                    0.000119991236716,
                    9.16645585676e-05,
                    -0.000569447933231,
                    -0.00143757963087,
                    0.0022091739811,
                    -0.00225826725364,
                    0.00169746007305,
                    -0.000712596985977
                ],
                [
                    0.000183496740647,
                    0.000148740378791,
                    0.000314774224535,
                    6.23844171059e-05,
                    0.00204458017834,
                    -0.000789954268839,
                    -0.000995108508505,
                    0.000696682778653,
                    -0.000941840466112,
                    0.000203085306566,
                    -0.000620070029981,
                    0.000179553317139,
                    -0.000919401820283
                ],
                [
                    7.21839978723e-06,
                    0.00161759136245,
                    0.000239398053964,
                    0.000119991236716,
                    -0.000789954268839,
                    0.00777341797948,
                    -0.00404825992882,
                    0.000862939108629,
                    -0.000883598346263,
                    -0.000138983668876,
                    0.00110770121682,
                    -0.000146624472109,
                    0.000304832472466
                ],
                [
                    -1.97003173525e-05,
                    -0.001124299597,
                    -0.000787316996139,
                    9.16645585676e-05,
                    -0.000995108508505,
                    -0.00404825992882,
                    0.00775341829285,
                    -0.00373563263565,
                    0.00106099492405,
                    0.000972922542132,
                    -0.00245380005799,
                    0.000524520117324,
                    0.000232523816521
                ],
                [
                    -5.76217098569e-05,
                    0.00142793729901,
                    0.00070296152262,
                    -0.000569447933231,
                    0.000696682778653,
                    0.000862939108629,
                    -0.00373563263565,
                    0.0132435113192,
                    -0.00477868178859,
                    0.00117598217912,
                    -0.00113862683065,
                    -0.00187226512935,
                    0.0022677408997
                ],
                [
                    -0.000198943482246,
                    -0.00218520383351,
                    -0.000142812932609,
                    -0.00143757963087,
                    -0.000941840466112,
                    -0.000883598346263,
                    0.00106099492405,
                    -0.00477868178859,
                    0.0108267702162,
                    -0.00383188808337,
                    0.000441656069597,
                    0.00275815976784,
                    -0.00298321386799
                ],
                [
                    5.49337855773e-05,
                    0.0031076867599,
                    -0.000760865164921,
                    0.0022091739811,
                    0.000203085306566,
                    -0.000138983668876,
                    0.000972922542132,
                    0.00117598217912,
                    -0.00383188808337,
                    0.0119236931205,
                    -0.00599562563002,
                    0.000973419635557,
                    0.000376735115424
                ],
                [
                    -1.2280950159e-06,
                    -0.00313145690598,
                    0.000985870719887,
                    -0.00225826725364,
                    -0.000620070029981,
                    0.00110770121682,
                    -0.00245380005799,
                    -0.00113862683065,
                    0.000441656069597,
                    -0.00599562563002,
                    0.01417492982,
                    -0.00368865975179,
                    0.000441609008703
                ],
                [
                    -0.000549162388779,
                    0.00136955850758,
                    -0.000915961165447,
                    0.00169746007305,
                    0.000179553317139,
                    -0.000146624472109,
                    0.000524520117324,
                    -0.00187226512935,
                    0.00275815976784,
                    0.000973419635557,
                    -0.00368865975179,
                    0.0145197361708,
                    -0.00396329630166
                ],
                [
                    0.000239011409576,
                    -0.000216040061787,
                    -0.000322700041579,
                    -0.000712596985977,
                    -0.000919401820283,
                    0.000304832472466,
                    0.000232523816521,
                    0.0022677408997,
                    -0.00298321386799,
                    0.000376735115424,
                    0.000441609008703,
                    -0.00396329630166,
                    0.0144685646519
                ]
            ],
            "mean": [
                -108.531272888,
                138.831787109,
                -55.1066360474,
                36.5400924683,
                -46.1321296692,
                8.50057792664,
                -28.4415111542,
                4.04358577728,
                -14.4718265533,
                -1.04173648357,
                -11.1216716766,
                -3.47406458855,
                -7.52132129669
            ]
        },
        "hfc": {
            "dmean": 7.66335248947,
            "dmean2": 9.93306922913,
            "dvar": 356.410919189,
            "dvar2": 647.54876709,
            "max": 341.868713379,
            "mean": 15.2707567215,
            "median": 5.97227668762,
            "min": 0.00459970394149,
            "var": 856.333190918
        },
        "melbands": {
            "dmean": [
                0.00638143811375,
                0.00239524338394,
                0.001180818188,
                0.000689010834321,
                0.000399313110393,
                0.000104798316897,
                8.5081148427e-05,
                9.67827145359e-05,
                5.58586943953e-05,
                2.5516945243e-05,
                2.58663148998e-05,
                1.68563565239e-05,
                1.43472525451e-05,
                1.21552229757e-05,
                9.08038782654e-06,
                8.62510842126e-06,
                7.68183417676e-06,
                7.22462391423e-06,
                6.70519148116e-06,
                8.58794555825e-06,
                4.57629812445e-06,
                4.92299932375e-06,
                4.73505269838e-06,
                4.50793277196e-06,
                2.8174667932e-06,
                3.23521453538e-06,
                2.70765781352e-06,
