{
    "lowlevel": {
        "average_loudness": 0.88172185421,
        "barkbands": {
            "dmean": [
                3.80812853109e-05,
                0.000938275072258,
                0.00151592225302,
                0.000918986159377,
                0.00119783368427,
                0.00143318425398,
                0.00075355154695,
                0.000340377737302,
                0.00122933462262,
                0.00131073116791,
                0.000646259111818,
                0.000539041298907,
                0.000485840457259,
                0.000629445305094,
                0.000481475552078,
                0.000198157606064,
                9.23688203329e-05,
                7.2197697591e-05,
                0.00016087757831,
                8.40184366098e-05,
                9.95633454295e-05,
                8.06546449894e-05,
                0.000106095299998,
                0.000162005831953,
                6.33215749986e-05,
                1.80164843187e-05,
                3.35140953212e-06
            ],
            "dmean2": [
                6.0025100538e-05,
                0.00171053386293,
                0.00280713406391,
                0.00168171711266,
                0.0019504717784,
                0.00215290114284,
                0.00114318868145,
                0.000526908552274,
                0.00188217032701,
                0.00180831633043,
                0.000894848431926,
                0.000733110704459,
                0.000674578361213,
                0.000832207675558,
                0.000673028291203,
                0.000306097441353,
                0.000141854019603,
                0.000111412344268,
                0.000241879854002,
                0.000131496955873,
                0.000158366907272,
                0.000138933697599,
                0.000186929522897,
                0.000283083005343,
                0.00010445011867,
                2.90611569653e-05,
                5.76347747483e-06
            ],
            "dvar": [
                1.0176965759e-07,
                1.05701537905e-05,
                3.0206365409e-05,
                9.31276645133e-06,
                6.18914191364e-06,
                1.05384460767e-05,
                7.84687108535e-06,
                1.95280244952e-06,
                1.57909853442e-05,
                1.50771156768e-05,
                5.4856332099e-06,
                3.16522550747e-06,
                3.51804123966e-06,
                4.62429079562e-06,
                2.50058906204e-06,
                6.91657078278e-07,
                1.14185397138e-07,
                3.39801715654e-08,
                1.89924179494e-07,
                7.88679273001e-08,
                7.2712609267e-08,
                8.0933027391e-08,
                1.70975624769e-07,
                3.72607701138e-07,
                3.56976528337e-08,
                2.52470755413e-09,
                2.00100949699e-10
            ],
            "dvar2": [
                2.33667478255e-07,
                2.9742184779e-05,
                8.78314094734e-05,
                2.72677370958e-05,
                1.64530374605e-05,
                2.33904374909e-05,
                1.81888735824e-05,
                4.41488145952e-06,
                3.3216248994e-05,
                2.79374853562e-05,
                8.92320167623e-06,
                5.29044382347e-06,
                6.70055533192e-06,
                7.59375279813e-06,
                4.61495392301e-06,
                1.55447310135e-06,
                2.42753344537e-07,
                7.93437564539e-08,
                4.23582889653e-07,
                1.98269930252e-07,
                1.83789097719e-07,
                2.23200800065e-07,
                4.86536066546e-07,
                1.04709022253e-06,
                9.43969880041e-08,
                6.20376106042e-09,
                5.43552425292e-10
            ],
            "max": [
                0.0221818722785,
                0.0634482502937,
                0.0649471357465,
                0.0340757258236,
                0.035816423595,
                0.0819647833705,
                0.0789196640253,
                0.0483315363526,
                0.0711852088571,
                0.0812811180949,
                0.0784980356693,
                0.0395647063851,
                0.0440317951143,
                0.0514017082751,
                0.0375652872026,
                0.0268521625549,
                0.0197535734624,
                0.00503880251199,
                0.0154201891273,
                0.0120776994154,
                0.00468540377915,
                0.00588945904747,
                0.00589731009677,
                0.00973148085177,
                0.00260570272803,
                0.000735342386179,
                0.000299550738418
            ],
            "mean": [
                3.85795610782e-05,
                0.000672147842124,
                0.00110668013804,
                0.000761080591474,
                0.00186371954624,
                0.00276101613417,
                0.00108428986277,
                0.000467049423605,
                0.00186175771523,
                0.00214544963092,
                0.00108913192526,
                0.000910910835955,
                0.000752207415644,
                0.000999993877485,
                0.00079004483996,
                0.000220348549192,
                0.000119646378153,
                9.55749346758e-05,
                0.000256921281107,
                0.000113521535241,
                0.000129029955133,
                6.62617894704e-05,
                7.65238364693e-05,
                0.000119622513012,
                5.29496574018e-05,
                1.58665388881e-05,
                2.54659107668e-06
            ],
            "median": [
                3.80228470931e-06,
                5.50820077478e-05,
                0.000128040104755,
                0.000171400402905,
                0.000796546402853,
                0.000734644068871,
                0.000135357578984,
                4.38180613855e-05,
                5.38032400073e-05,
                0.000105543876998,
                2.97884598695e-05,
                3.67256870959e-05,
                4.00003082177e-05,
                5.00638998346e-05,
                3.72346039512e-05,
                1.82652875083e-05,
                2.09577956412e-05,
                1.71845167642e-05,
                4.29186256952e-05,
                1.93717060029e-05,
                2.02628652914e-05,
                6.59921715851e-06,
                3.19734249388e-06,
                5.51985522179e-06,
                2.95938684758e-06,
                5.91218849877e-07,
                6.09874319935e-08
            ],
            "min": [
                5.30330005665e-24,
                3.55400454919e-24,
                7.57617753525e-24,
                3.71104656058e-23,
                1.98830103464e-23,
                1.30660301798e-23,
                9.38581277669e-23,
                4.36161257606e-23,
                3.17490071734e-23,
                7.18986004374e-23,
                3.27000705025e-23,
                1.36427069075e-22,
                2.1276575734e-22,
                1.92297429557e-22,
                6.18617653681e-23,
                1.59611893028e-22,
                1.70168265578e-22,
                1.45417723122e-22,
                1.63649447224e-22,
                3.224869439e-22,
                4.50616584647e-22,
                5.7220642965e-22,
                7.25796663398e-22,
                7.39455190438e-22,
                1.16187988057e-21,
                1.9916217036e-21,
                2.61673154369e-21
            ],
            "var": [
                9.68149436176e-08,
                6.62247202854e-06,
                1.73732969415e-05,
                5.55529368285e-06,
                8.75446676218e-06,
                2.5306841053e-05,
                9.84223515843e-06,
                3.09629263029e-06,
                3.1865627534e-05,
                3.2810101402e-05,
                1.82889179996e-05,
                1.09212896859e-05,
                8.20367040433e-06,
                1.27493276523e-05,
                7.84729309089e-06,
                8.90935154985e-07,
                1.68552915625e-07,
                5.89147681751e-08,
                3.5927118347e-07,
                1.18003818272e-07,
                9.83878862826e-08,
                5.63026958389e-08,
                1.04570034409e-07,
                2.3922061132e-07,
                2.85481469575e-08,
                2.41630804254e-09,
                1.34804736818e-10
            ]
        },
        "barkbands_crest": {
            "dmean": 3.04613876343,
            "dmean2": 4.82119131088,
            "dvar": 8.22070980072,
            "dvar2": 19.6449604034,
            "max": 26.8355464935,
            "mean": 12.0627622604,
            "median": 11.3105955124,
            "min": 2.73966264725,
            "var": 21.8182411194
        },
        "barkbands_flatness_db": {
            "dmean": 0.0331705994904,
            "dmean2": 0.0461007729173,
            "dvar": 0.00115309143439,
            "dvar2": 0.0021889610216,
            "max": 0.51897585392,
            "mean": 0.190766826272,
            "median": 0.190281897783,
            "min": 0.0191608574241,
            "var": 0.00558799458668
        },
        "barkbands_kurtosis": {
            "dmean": 6.73975229263,
            "dmean2": 10.7820100784,
            "dvar": 491.057373047,
            "dvar2": 1403.51281738,
            "max": 921.604736328,
            "mean": 8.57102680206,
            "median": 2.63292193413,
            "min": -1.96014797688,
            "var": 536.464416504
        },
        "barkbands_skewness": {
            "dmean": 0.870085775852,
            "dmean2": 1.28112494946,
            "dvar": 1.26796901226,
            "dvar2": 3.03744268417,
            "max": 24.0532436371,
            "mean": 1.59009826183,
            "median": 1.32025098801,
            "min": -6.27851343155,
            "var": 3.20151185989
        },
        "barkbands_spread": {
            "dmean": 7.4738407135,
            "dmean2": 11.6335716248,
            "dvar": 145.991851807,
            "dvar2": 341.688842773,
            "max": 122.950569153,
            "mean": 17.4576377869,
            "median": 11.286907196,
            "min": 0.0909162908792,
            "var": 343.798675537
        },
        "dissonance": {
            "dmean": 0.0378001481295,
            "dmean2": 0.0606601759791,
            "dvar": 0.00127622426953,
            "dvar2": 0.00311981933191,
            "max": 0.499999970198,
            "mean": 0.414305627346,
            "median": 0.424972057343,
            "min": 0.0794724151492,
            "var": 0.00344537361525
        },
        "dynamic_complexity": 4.99257135391,
        "erbbands": {
            "dmean": [
                0.0141800483689,
                0.271335035563,
                1.53067803383,
                2.56939315796,
                4.12459039688,
                3.07420158386,
                8.61828231812,
                11.6847190857,
                11.1584844589,
                9.3279876709,
                9.64249992371,
                28.2636413574,
                36.1544380188,
                34.3719520569,
                19.4052410126,
                24.7994117737,
                22.198387146,
                32.218547821,
                24.9048423767,
                20.4496707916,
                7.47200584412,
                4.10853815079,
                3.3061041832,
                6.3759803772,
                7.42119979858,
                3.59569382668,
                4.81356239319,
                2.66149234772,
                2.68371152878,
                2.78015041351,
                3.30702829361,
                3.28618001938,
                2.65922164917,
                0.958115756512,
                0.367388337851,
                0.130651339889,
                0.0207395870239,
                0.0031746015884,
                0.000567185343243,
                4.64583208668e-05
            ],
            "dmean2": [
                0.025154357776,
                0.497508883476,
                2.82779479027,
                4.73790979385,
                6.89077377319,
                5.09973287582,
                13.3494644165,
                17.6672382355,
                16.9658927917,
                14.2710428238,
                14.3459482193,
                42.7276496887,
                50.7762870789,
                44.8802757263,
                25.8761997223,
                33.3333473206,
                29.9796218872,
                41.8136711121,
                33.6297683716,
                29.3106479645,
                10.9280910492,
                6.20633840561,
                5.082508564,
                9.52552509308,
                10.8500747681,
                5.32318782806,
                7.34535932541,
                4.4192199707,
                4.61177968979,
                4.83891630173,
                5.85019111633,
                5.80688095093,
                4.62022829056,
                1.62070572376,
                0.594778418541,
                0.211163550615,
                0.0336088314652,
                0.00523215951398,
                0.000978995580226,
                7.73979481892e-05
            ],
            "dvar": [
                0.00357321533374,
                0.895044207573,
                29.9924144745,
                85.1873703003,
                103.997123718,
                45.4922904968,
                479.855194092,
                894.836730957,
                1722.76660156,
                1346.88964844,
                1193.1081543,
                9551.67578125,
                12980.7167969,
                13552.5517578,
                3411.43237305,
                6775.31054688,
                6871.70703125,
                12769.8447266,
                6015.04638672,
                5025.25195312,
                686.773193359,
                171.243057251,
                77.6619262695,
                302.008026123,
                483.956817627,
                114.899375916,
                171.850952148,
                62.1755828857,
                94.3121185303,
                111.302261353,
                178.004547119,
                173.180984497,
                93.9707489014,
                9.84882450104,
                1.07804393768,
                0.133430808783,
                0.00358286709525,
                0.000115591217764,
                6.07278116149e-06,
                2.43787905418e-08
            ],
            "dvar2": [
                0.00903931446373,
                2.54946446419,
                87.1241455078,
                248.490631104,
                282.970397949,
                124.789871216,
                1059.70678711,
                2039.67590332,
                4213.08251953,
                3068.47412109,
                2606.71166992,
                19358.5898438,
                24149.3652344,
                21629.4238281,
                4702.54052734,
                11138.5957031,
                12625.2802734,
                20089.8847656,
                10731.2929688,
                10500.5048828,
                1277.45739746,
                384.639404297,
                186.924163818,
                628.126586914,
                944.884460449,
                250.478378296,
                387.155578613,
                171.466079712,
                255.529907227,
                314.410888672,
                508.216064453,
                493.419403076,
                261.421264648,
                26.7396678925,
                2.78624534607,
                0.334661871195,
                0.00867732334882,
                0.000293531629723,
                1.65936435224e-05,
                6.50728111395e-08
            ],
            "max": [
                2.65549182892,
                10.7402057648,
                61.963142395,
                108.882331848,
                138.146179199,
                134.211868286,
                488.257568359,
                791.446716309,
                1322.79406738,
                1006.06939697,
                1352.40380859,
                2045.94750977,
                1903.65783691,
                3252.57250977,
                3608.06738281,
                2017.62988281,
                2031.26489258,
                2965.91357422,
                1709.04675293,
                1793.17907715,
                926.272094727,
                582.134643555,
                239.149841309,
                734.374023438,
                1074.45080566,
                369.177398682,
                287.62878418,
                150.613555908,
                245.321502686,
                166.370895386,
                245.759552002,
                208.389785767,
                131.932662964,
                45.2826766968,
                16.2992095947,
                5.44346761703,
                1.02587282658,
                0.214632898569,
                0.050262760371,
                0.00371510582045
            ],
            "mean": [
                0.0106244822964,
                0.193609416485,
                1.12661552429,
                2.07430934906,
                5.11098670959,
                4.97189569473,
                15.7664346695,
                21.321264267,
                17.5628948212,
                13.1021251678,
                14.5477485657,
                44.6878814697,
                61.3057823181,
                63.3621444702,
                34.9369354248,
                43.449054718,
                37.3029441833,
                54.0913772583,
                39.6943054199,
                31.5845966339,
                10.9508008957,
                5.85392189026,
                4.6909031868,
                10.2367210388,
                11.8151788712,
                5.70798921585,
                7.16051483154,
                2.9818418026,
                2.25683403015,
                2.07531523705,
                2.34902429581,
                2.3692650795,
                2.00323414803,
                0.749506950378,
                0.329897612333,
                0.113483607769,
                0.0181604102254,
                0.00270639942028,
                0.000432518543676,
                5.27219162905e-05
            ],
            "median": [
                0.000860159751028,
                0.0160759240389,
                0.144948512316,
                0.504798412323,
                1.35013878345,
                2.12441039085,
                3.64077138901,
                4.47478580475,
                3.17899894714,
                2.39299416542,
                2.1121635437,
                2.65272426605,
                5.36215400696,
                6.07280540466,
                3.40690469742,
                3.56387162209,
                3.55725097656,
                3.74538898468,
                3.31065893173,
                2.26776885986,
                1.334679842,
                1.14563179016,
                0.982067644596,
                1.82389712334,
                1.74966716766,
                0.997919976711,
                1.07082390785,
                0.602123618126,
                0.283891290426,
                0.121032521129,
                0.0929936766624,
                0.129213511944,
                0.0863851606846,
                0.0382658839226,
                0.0159764252603,
                0.00435004523024,
                0.000622881460004,
                0.000110149732791,
                2.4130278689e-05,
                1.97060999199e-05
            ],
            "min": [
                1.68857847708e-22,
                6.23093082477e-22,
                6.3639233323e-21,
                7.64852101033e-20,
                7.41762711327e-20,
                6.50904611232e-20,
                1.11017654845e-19,
                1.62970878716e-19,
                8.591096808e-19,
                1.64706631928e-18,
                1.02436578813e-18,
                7.82593768079e-19,
                1.37495346946e-18,
                2.07138639888e-18,
                1.66373876492e-18,
                5.3359961342e-18,
                9.12146537123e-18,
                1.32004625438e-17,
                4.49445359826e-18,
                5.00697015631e-18,
                8.45005527573e-18,
                1.00799625604e-17,
                7.82686071095e-18,
                9.06717668045e-18,
                1.13784574511e-17,
                1.31260104984e-17,
                1.81150535828e-17,
                1.6727681444e-17,
                1.53737158215e-17,
                2.35690805322e-17,
                2.08319266504e-17,
                1.57542916951e-17,
                1.24698254892e-17,
                1.09569212478e-17,
                9.86308986585e-18,
                7.33555926767e-18,
                3.56335718049e-18,
                1.63049572027e-18,
                3.40470073367e-19,
                3.5959735195e-20
            ],
            "var": [
                0.00279783084989,
                0.543201804161,
                17.3828449249,
                49.2318267822,
                108.681274414,
                66.6013412476,
                1123.87597656,
                1872.39953613,
                2106.24487305,
                1710.16357422,
                1847.22155762,
                20419.9394531,
                29975.7617188,
                38501.6210938,
                14273.3330078,
                23349.9316406,
                15332.5947266,
                34754.0585938,
                15349.5,
                11546.9335938,
                1293.73376465,
                262.732269287,
                126.308174133,
                626.69128418,
                1003.04803467,
                223.407531738,
                336.791931152,
                51.0601806641,
                67.8686294556,
                70.1932678223,
                106.972717285,
                105.247283936,
                62.981716156,
                7.0832529068,
                0.960983037949,
                0.12216257304,
                0.00353445345536,
                9.70573382801e-05,
                4.01218858315e-06,
                1.82355961442e-08
            ]
        },
        "erbbands_crest": {
            "dmean": 3.62556505203,
            "dmean2": 5.61705112457,
            "dvar": 12.4362163544,
            "dvar2": 28.1315078735,
            "max": 33.4929656982,
            "mean": 13.0540752411,
            "median": 12.0167121887,
            "min": 2.18189334869,
            "var": 38.4994049072
        },
        "erbbands_flatness_db": {
            "dmean": 0.0325583852828,
            "dmean2": 0.0427685379982,
            "dvar": 0.00117565551773,
            "dvar2": 0.00196022703312,
            "max": 0.551011919975,
            "mean": 0.215167164803,
            "median": 0.219862759113,
            "min": 0.0274984817952,
            "var": 0.00606172299013
        },
        "erbbands_kurtosis": {
            "dmean": 2.74477267265,
            "dmean2": 4.23725175858,
            "dvar": 47.792842865,
            "dvar2": 96.418548584,
            "max": 183.644515991,
            "mean": 2.97670936584,
            "median": 0.783591508865,
            "min": -1.91395258904,
            "var": 90.6929321289
        },
        "erbbands_skewness": {
            "dmean": 0.614465892315,
            "dmean2": 0.895089566708,
            "dvar": 0.579858005047,
            "dvar2": 1.160764575,
            "max": 10.2517747879,
            "mean": 0.721461057663,
            "median": 0.58672606945,
            "min": -6.70799541473,
            "var": 1.73919010162
        },
        "erbbands_spread": {
            "dmean": 12.8015184402,
            "dmean2": 19.477558136,
            "dvar": 368.999420166,
            "dvar2": 835.543579102,
            "max": 176.822662354,
            "mean": 31.8627700806,
            "median": 23.2741241455,
            "min": 0.319574534893,
            "var": 706.471862793
        },
        "gfcc": {
            "cov": [
                [
                    18097.9941406,
                    924.734619141,
                    -1627.07092285,
                    -78.8310089111,
                    -665.514038086,
                    150.846878052,
                    -191.576644897,
                    135.75378418,
                    -194.598571777,
                    54.6983070374,
                    36.9018554688,
                    -266.254150391,
                    -37.0300674438
                ],
                [
                    924.734619141,
                    2364.42138672,
                    -375.92755127,
                    -242.467834473,
                    132.568023682,
                    -454.584075928,
                    -33.6555328369,
                    -314.015838623,
                    -242.937438965,
                    -299.995513916,
                    53.4040107727,
                    -318.182220459,
                    76.5615615845
                ],
                [
                    -1627.07092285,
                    -375.92755127,
                    2658.01464844,
                    801.883117676,
                    -33.2221183777,
                    409.633514404,
                    -280.474334717,
                    61.5149421692,
                    87.4825668335,
                    -173.354721069,
                    -312.610229492,
                    275.01739502,
                    -319.905334473
                ],
                [
                    -78.8310089111,
                    -242.467834473,
                    801.883117676,
                    726.551330566,
                    143.021057129,
                    179.958358765,
                    -57.6924552917,
                    55.8407287598,
                    74.8460006714,
                    -53.7609138489,
                    -145.795120239,
                    67.3522949219,
                    -151.655578613
                ],
                [
                    -665.514038086,
                    132.568023682,
                    -33.2221183777,
                    143.021057129,
                    381.263000488,
                    90.8565750122,
                    100.751304626,
                    -47.9634437561,
                    3.6502969265,
                    8.81095695496,
                    1.30732929707,
                    -48.2276954651,
                    -40.294467926
                ],
                [
                    150.846878052,
                    -454.584075928,
                    409.633514404,
                    179.958358765,
                    90.8565750122,
                    504.428527832,
                    93.7060775757,
                    10.9731416702,
                    50.4293823242,
                    74.376914978,
                    -32.814781189,
                    48.591217041,
                    -92.3953094482
                ],
                [
                    -191.576644897,
                    -33.6555328369,
                    -280.474334717,
                    -57.6924552917,
                    100.751304626,
                    93.7060775757,
                    268.588745117,
                    4.00306558609,
                    -4.03142595291,
                    74.8491210938,
                    59.0296707153,
                    -40.2709312439,
                    8.9487247467
                ],
                [
                    135.75378418,
                    -314.015838623,
                    61.5149421692,
                    55.8407287598,
                    -47.9634437561,
                    10.9731416702,
                    4.00306558609,
                    258.033599854,
                    112.063674927,
                    24.5452060699,
                    -12.7987594604,
                    72.3089828491,
                    5.58804512024
                ],
                [
                    -194.598571777,
                    -242.937438965,
                    87.4825668335,
                    74.8460006714,
                    3.6502969265,
                    50.4293823242,
                    -4.03142595291,
                    112.063674927,
                    179.933441162,
                    50.0575294495,
                    -10.2311000824,
                    63.8247718811,
                    -5.15239286423
                ],
                [
                    54.6983070374,
                    -299.995513916,
                    -173.354721069,
                    -53.7609138489,
                    8.81095695496,
                    74.376914978,
                    74.8491210938,
                    24.5452060699,
                    50.0575294495,
                    207.689331055,
                    84.0796661377,
                    27.2080440521,
                    11.1473350525
                ],
                [
                    36.9018554688,
                    53.4040107727,
                    -312.610229492,
                    -145.795120239,
                    1.30732929707,
                    -32.814781189,
                    59.0296707153,
                    -12.7987594604,
                    -10.2311000824,
                    84.0796661377,
                    182.937271118,
                    6.76599693298,
                    44.4193763733
                ],
                [
                    -266.254150391,
                    -318.182220459,
                    275.01739502,
                    67.3522949219,
                    -48.2276954651,
                    48.591217041,
                    -40.2709312439,
                    72.3089828491,
                    63.8247718811,
                    27.2080440521,
                    6.76599693298,
                    187.831665039,
                    1.95025420189
                ],
                [
                    -37.0300674438,
                    76.5615615845,
                    -319.905334473,
                    -151.655578613,
                    -40.294467926,
                    -92.3953094482,
                    8.9487247467,
                    5.58804512024,
                    -5.15239286423,
                    11.1473350525,
                    44.4193763733,
                    1.95025420189,
                    179.02835083
                ]
            ],
            "icov": [
                [
                    9.85054139164e-05,
                    -0.000149885905557,
                    0.000199822243303,
                    -0.000164995828527,
                    0.000297254620818,
                    -0.000294012890663,
                    0.000216601722059,
                    -0.000214329120354,
                    0.000194296662812,
                    -0.000179196576937,
                    0.000144180346979,
                    -0.000113630849228,
                    0.000195010245079
                ],
                [
                    -0.000149885905557,
                    0.00123172078747,
                    -0.000564792833757,
                    0.000432333647041,
                    -0.000828864402138,
                    0.00115458469372,
                    -0.000490973470733,
                    0.00097471504705,
                    -0.000371340109268,
                    0.00152810895815,
                    -0.00113412819337,
                    0.00150627177209,
                    -0.000638160214294
                ],
                [
                    0.000199822243303,
                    -0.000564792833757,
                    0.00149610149674,
                    -0.000936248747166,
                    0.00093162432313,
                    -0.00132242531981,
                    0.00104649784043,
                    -0.000428682134952,
                    0.000550231896341,
                    -0.00020501689869,
                    0.00117198377848,
                    -0.00177172757685,
                    0.0014085220173
                ],
                [
                    -0.000164995828527,
                    0.000432333647041,
                    -0.000936248747166,
                    0.00295032956637,
                    -0.00161323475186,
                    0.000534331949893,
                    -0.00020854799368,
                    8.10454002931e-05,
                    -0.000774948566686,
                    0.00053191796178,
                    0.000451524480013,
                    0.000349335256033,
                    0.000356544973329
                ],
                [
                    0.000297254620818,
                    -0.000828864402138,
                    0.00093162432313,
                    -0.00161323475186,
                    0.00468342192471,
                    -0.00144719553646,
                    -0.000509846955538,
                    2.27251111937e-05,
                    1.44439300129e-05,
                    -0.000604212516919,
                    0.000409963715356,
                    -0.000251840538112,
                    0.000985151622444
                ],
                [
                    -0.000294012890663,
                    0.00115458469372,
                    -0.00132242531981,
                    0.000534331949893,
                    -0.00144719553646,
                    0.00448875362054,
                    -0.00213754037395,
                    0.00141158374026,
                    -0.000975344504695,
                    0.000197716915864,
                    -0.00061765225837,
                    0.0010774723487,
                    -0.000310171599267
                ],
                [
                    0.000216601722059,
                    -0.000490973470733,
                    0.00104649784043,
                    -0.00020854799368,
                    -0.000509846955538,
                    -0.00213754037395,
                    0.00631277309731,
                    -0.00145569816232,
                    0.00117655831855,
                    -0.00152625388,
                    -0.000190086080693,
                    0.000175335022504,
                    0.000634207273833
                ],
                [
                    -0.000214329120354,
                    0.00097471504705,
                    -0.000428682134952,
                    8.10454002931e-05,
                    2.27251111937e-05,
                    0.00141158374026,
                    -0.00145569816232,
                    0.00678075524047,
                    -0.00376491388306,
                    0.00149941688869,
                    -0.000444070610683,
                    -0.00025098604965,
                    -0.000652590184473
                ],
                [
                    0.000194296662812,
                    -0.000371340109268,
                    0.000550231896341,
                    -0.000774948566686,
                    1.44439300129e-05,
                    -0.000975344504695,
                    0.00117655831855,
                    -0.00376491388306,
                    0.00937796570361,
                    -0.00250810477883,
                    0.00126488681417,
                    -0.00179484067485,
                    0.000216106345761
                ],
                [
                    -0.000179196576937,
                    0.00152810895815,
                    -0.00020501689869,
                    0.00053191796178,
                    -0.000604212516919,
                    0.000197716915864,
                    -0.00152625388,
                    0.00149941688869,
                    -0.00250810477883,
                    0.00956023111939,
                    -0.00420944951475,
                    0.000954854825977,
                    -0.000244216993451
                ],
                [
                    0.000144180346979,
                    -0.00113412819337,
                    0.00117198377848,
                    0.000451524480013,
                    0.000409963715356,
                    -0.00061765225837,
                    -0.000190086080693,
                    -0.000444070610683,
                    0.00126488681417,
                    -0.00420944951475,
                    0.0100235687569,
                    -0.00338718271814,
                    0.00063682574546
                ],
                [
                    -0.000113630849228,
                    0.00150627177209,
                    -0.00177172757685,
                    0.000349335256033,
                    -0.000251840538112,
                    0.0010774723487,
                    0.000175335022504,
                    -0.00025098604965,
                    -0.00179484067485,
                    0.000954854825977,
                    -0.00338718271814,
                    0.0105928508565,
                    -0.00242526759394
                ],
                [
                    0.000195010245079,
                    -0.000638160214294,
                    0.0014085220173,
                    0.000356544973329,
                    0.000985151622444,
                    -0.000310171599267,
                    0.000634207273833,
                    -0.000652590184473,
                    0.000216106345761,
                    -0.000244216993451,
                    0.00063682574546,
                    -0.00242526759394,
                    0.00865803100169
                ]
            ],
            "mean": [
                -92.0699157715,
                89.1492156982,
                -125.437210083,
                13.3912315369,
                -66.9309997559,
                4.12302684784,
                -40.5003242493,
                -3.07847118378,
                -33.2885093689,
                -1.63621175289,
                -10.8709249496,
                -9.13305187225,
                -1.62196469307
            ]
        },
        "hfc": {
            "dmean": 8.26912403107,
            "dmean2": 12.3450031281,
            "dvar": 258.945251465,
            "dvar2": 668.023803711,
            "max": 214.575637817,
            "mean": 17.4226284027,
            "median": 8.22538089752,
            "min": 1.21403710318e-16,
            "var": 496.268798828
        },
        "melbands": {
            "dmean": [
                0.000191676241229,
                0.000658984528854,
                0.000490376900416,
                0.00026328972308,
                0.000252495665336,
                0.000262906774879,
                0.000164809709531,
                9.41531543504e-05,
                9.8686585261e-05,
                0.000184624674148,
                0.00018132875266,
                0.000145225509186,
                7.63969874242e-05,
                6.26549735898e-05,
                6.05623245065e-05,
                5.03215305798e-05,
                6.6508713644e-05,
                4.47363963758e-05,
                3.74447190552e-05,
                1.96920627786e-05,
                8.53465917316e-06,
                4.94587357025e-06,
                3.89422029912e-06,
                3.12222346111e-06,
                5.74451496504e-06,
