{
    "lowlevel": {
        "average_loudness": 0.78343719244,
        "barkbands": {
            "dmean": [
                0.000312442600261,
                0.00841893255711,
                0.00422782357782,
                0.00146808288991,
                0.0012510784436,
                0.00114510010462,
                0.000546783558093,
                0.000769232516177,
                0.0015100898454,
                0.000632023147773,
                0.000401050259825,
                0.000418138952227,
                0.000418819923652,
                0.000347201974364,
                0.000209017714951,
                0.000117607021821,
                9.29446105147e-05,
                0.000105983264802,
                6.66201449349e-05,
                7.24971978343e-05,
                7.5259435107e-05,
                0.000102363490441,
                9.49122186285e-05,
                7.15174755896e-05,
                6.42807935947e-05,
                3.19302343996e-05,
                5.39807342648e-06
            ],
            "dmean2": [
                0.000544220267329,
                0.0138283604756,
                0.00741078192368,
                0.00266823987477,
                0.00206855591387,
                0.00173745129723,
                0.000846062263008,
                0.00122472387739,
                0.00233212858438,
                0.000990943866782,
                0.00060984789161,
                0.000666456006002,
                0.000651063863188,
                0.00054355233442,
                0.000326900888467,
                0.000185617478564,
                0.00014602583542,
                0.000165815130458,
                0.00010543375538,
                0.000111523819214,
                0.000111290966743,
                0.000150647480041,
                0.000140293952427,
                0.000109832719318,
                0.000101126366644,
                5.1389575674e-05,
                8.61596981849e-06
            ],
            "dvar": [
                1.21546315768e-06,
                0.000462817260996,
                0.000299995037494,
                3.15617762681e-05,
                7.78159119363e-06,
                7.85220800026e-06,
                2.30489149544e-06,
                5.14435259902e-06,
                1.58602215379e-05,
                5.62033164897e-06,
                1.4408599327e-06,
                1.8484741986e-06,
                1.96980249711e-06,
                1.547623242e-06,
                4.92711933475e-07,
                2.01910651754e-07,
                7.13444663347e-08,
                8.84582149752e-08,
                3.71270125754e-08,
                4.13307361669e-08,
                5.69123947969e-08,
                8.05887694355e-08,
                7.61728315979e-08,
                4.09342142405e-08,
                3.20635891171e-08,
                1.23858230339e-08,
                3.77261999418e-10
            ],
            "dvar2": [
                3.75549529963e-06,
                0.00111866521183,
                0.000821447814815,
                9.25442800508e-05,
                1.97808185476e-05,
                1.75748409674e-05,
                5.65610707781e-06,
                1.24921934912e-05,
                3.71191927115e-05,
                1.35469963425e-05,
                3.10250470648e-06,
                4.77744924865e-06,
                4.60235787614e-06,
                3.60609192285e-06,
                1.13306828098e-06,
                4.71879758379e-07,
                1.74007311671e-07,
                2.12057429394e-07,
                8.99219472217e-08,
                8.81647181927e-08,
                1.18251158199e-07,
                1.6460157326e-07,
                1.49110661596e-07,
                8.74986270105e-08,
                7.54314797291e-08,
                3.14803152435e-08,
                9.40659772297e-10
            ],
            "max": [
                0.045340038836,
                0.317540228367,
                0.259471297264,
                0.0870768427849,
                0.0452525317669,
                0.0610273294151,
                0.0364405214787,
                0.0465943627059,
                0.0891403853893,
                0.0579885318875,
                0.0312013849616,
                0.0463228225708,
                0.0426022559404,
                0.0325428880751,
                0.0185611583292,
                0.016814077273,
                0.00760883232579,
                0.00786975119263,
                0.00570931192487,
                0.00632506934926,
                0.00475747184828,
                0.0064089265652,
                0.00583622092381,
                0.0065223602578,
                0.00393622694537,
                0.00320319132879,
                0.000323679385474
            ],
            "mean": [
                0.000428816914791,
                0.0210510585457,
                0.00490284338593,
                0.00190273846965,
                0.00238118693233,
                0.00261063291691,
                0.000932126189582,
                0.00129287457094,
                0.00283661927097,
                0.00107455102261,
                0.000738716684282,
                0.000692820525728,
                0.000659964978695,
                0.000565507623833,
                0.000327900837874,
                0.000177862719283,
                0.000158711627591,
                0.00017022130487,
                0.000109491462354,
                0.000122861572891,
                0.000123289311887,
                0.000176294954144,
                0.000163988908753,
                0.000123085657833,
                9.45032152231e-05,
                3.84027043765e-05,
                6.23569940217e-06
            ],
            "median": [
                2.53191101365e-05,
                0.00732711330056,
                0.0014493385097,
                0.000486218486913,
                0.00115993514191,
                0.00096765201306,
                0.000359285972081,
                0.000171163410414,
                0.000216126922169,
                0.000120531993161,
                0.000107932879473,
                9.97289462248e-05,
                7.49370228732e-05,
                4.85639393446e-05,
                5.13470258738e-05,
                3.30184338964e-05,
                4.90714337502e-05,
                4.90209858981e-05,
                3.77133910661e-05,
                3.18087586493e-05,
                2.20078381972e-05,
                3.31227602146e-05,
                2.72349370789e-05,
                2.05563592317e-05,
                1.5709303625e-05,
                4.94574078402e-06,
                6.57442797092e-07
            ],
            "min": [
                4.67206420991e-24,
                3.29910426363e-24,
                2.97309723935e-24,
                7.10539481335e-24,
                5.34172271033e-24,
                1.14298640315e-23,
                1.91056084347e-23,
                1.10875891176e-23,
                2.29486027102e-23,
                2.30729824091e-23,
                2.78903729416e-23,
                4.92015228713e-23,
                1.66897834436e-23,
                5.37411365464e-23,
                6.32406816086e-23,
                6.58901624667e-23,
                1.31538340273e-22,
                9.18139872131e-23,
                2.17637737047e-22,
                1.92362469561e-22,
                3.30778313776e-22,
                3.59093699729e-22,
                4.5873359733e-22,
                5.30563308122e-22,
                9.49661605322e-22,
                1.40535199185e-21,
                1.8011401435e-21
            ],
            "var": [
                1.19410537991e-06,
                0.00112421065569,
                0.000228951350437,
                2.26651918638e-05,
                1.36336229843e-05,
                2.60421566054e-05,
                3.56605028173e-06,
                1.15488455776e-05,
                5.18840643053e-05,
                1.44245632328e-05,
                4.61200761492e-06,
                4.40946450908e-06,
                4.34989669884e-06,
                3.80599908567e-06,
                9.51794390858e-07,
                3.1184947602e-07,
                1.20635093026e-07,
                1.36930310646e-07,
                5.03556982778e-08,
                8.0234883626e-08,
                1.03226831527e-07,
                1.75682401959e-07,
                1.73961055339e-07,
                8.66583604875e-08,
                5.22651113499e-08,
                1.31297657191e-08,
                4.06383954266e-10
            ]
        },
        "barkbands_crest": {
            "dmean": 2.42175292969,
            "dmean2": 3.85833597183,
            "dvar": 6.11204814911,
            "dvar2": 15.6047143936,
            "max": 25.9045772552,
            "mean": 13.7791090012,
            "median": 13.1620969772,
            "min": 2.24949216843,
            "var": 25.2770214081
        },
        "barkbands_flatness_db": {
            "dmean": 0.0251228976995,
            "dmean2": 0.0374048575759,
            "dvar": 0.000896514393389,
            "dvar2": 0.00183334294707,
            "max": 0.656759023666,
            "mean": 0.208849161863,
            "median": 0.187797084451,
            "min": 0.0149804493412,
            "var": 0.0108584742993
        },
        "barkbands_kurtosis": {
            "dmean": 7.11649227142,
            "dmean2": 11.0288066864,
            "dvar": 258.551361084,
            "dvar2": 619.720458984,
            "max": 510.133514404,
            "mean": 14.577173233,
            "median": 5.61771869659,
            "min": -1.95827198029,
            "var": 825.323364258
        },
        "barkbands_skewness": {
            "dmean": 0.714899301529,
            "dmean2": 1.09307909012,
            "dvar": 0.767262756824,
            "dvar2": 1.72479331493,
            "max": 16.5226173401,
            "mean": 2.3792681694,
            "median": 2.0723118782,
            "min": -7.14878702164,
            "var": 3.91199421883
        },
        "barkbands_spread": {
            "dmean": 5.25912475586,
            "dmean2": 8.14717769623,
            "dvar": 80.2787780762,
            "dvar2": 175.31427002,
            "max": 119.243583679,
            "mean": 16.6012802124,
            "median": 12.0524320602,
            "min": 0.106894463301,
            "var": 276.189208984
        },
        "dissonance": {
            "dmean": 0.0270712859929,
            "dmean2": 0.0446177050471,
            "dvar": 0.000768891884945,
            "dvar2": 0.00202125613578,
            "max": 0.500000059605,
            "mean": 0.433284908533,
            "median": 0.447124540806,
            "min": 0.0599229410291,
            "var": 0.00324191316031
        },
        "dynamic_complexity": 5.54421901703,
        "erbbands": {
            "dmean": [
                0.274555563927,
                1.95257294178,
                4.84789085388,
                4.69424676895,
                4.11253595352,
                4.61683750153,
                6.64193582535,
                10.5006885529,
                8.12692260742,
                9.43147754669,
                21.0858860016,
                33.5219955444,
                25.4153728485,
                11.4399185181,
                15.6836500168,
                16.5871715546,
                18.5990219116,
                18.7013759613,
                11.846159935,
                9.04245090485,
                5.34204101563,
                4.8890619278,
                6.15103006363,
                3.75025558472,
                3.23571920395,
                3.50801682472,
                2.82076835632,
                3.21839952469,
                3.56609344482,
                3.74698877335,
                2.49275445938,
                1.45939588547,
                1.31068611145,
                0.783741533756,
                0.447624534369,
                0.174884825945,
                0.0536718294024,
                0.00946553144604,
                0.000908509711735,
                5.65204500163e-05
            ],
            "dmean2": [
                0.461645126343,
                3.20656704903,
                8.34569358826,
                8.49335956573,
                7.10041332245,
                7.56066989899,
                10.1396770477,
                15.9885168076,
                12.3907527924,
                14.2992839813,
                33.3717880249,
                51.7700958252,
                39.7556648254,
                17.4173049927,
                23.2837104797,
                26.127117157,
                28.775680542,
                28.902589798,
                18.8931541443,
                13.6474304199,
                8.26396751404,
                7.64545154572,
                9.62999153137,
                5.85295581818,
                5.04306459427,
                5.41970252991,
                4.23580741882,
                4.68312263489,
                5.30866861343,
                5.53199100494,
                3.73444628716,
                2.24546408653,
                1.99697983265,
                1.22821414471,
                0.705915570259,
                0.281004369259,
                0.086614407599,
                0.0152848819271,
                0.00144921243191,
                8.92582684173e-05
            ],
            "dvar": [
                0.511678099632,
                29.0026130676,
                346.37902832,
                409.195678711,
                135.015151978,
                117.852790833,
                368.610595703,
                759.438110352,
                485.69329834,
                748.738647461,
                4574.28857422,
                8269.99511719,
                6646.42382813,
                1203.54968262,
                2905.81347656,
                3065.69555664,
                3452.20776367,
                3766.85351563,
                1283.97680664,
                1022.36981201,
                310.5,
                208.415817261,
                290.199127197,
                147.93409729,
                84.4225845337,
                108.699996948,
                72.4447250366,
                106.785591125,
                100.646377563,
                116.348922729,
                53.3677558899,
                15.2242040634,
                15.4537086487,
                4.74905014038,
                1.7769831419,
                0.361041367054,
                0.0360510721803,
                0.00118785398081,
                1.04527152871e-05,
                3.11332222225e-08
            ],
            "dvar2": [
                1.40355992317,
                73.6055221558,
                920.700683594,
                1182.57739258,
                374.071624756,
                302.262359619,
                822.749511719,
                1630.41845703,
                1116.13171387,
                1747.66320801,
                10944.6572266,
                19602.5761719,
                15987.1689453,
                2511.69677734,
                5944.70507813,
                7904.76123047,
                8086.77587891,
                8618.49121094,
                3184.06640625,
                2228.15258789,
                704.699523926,
                525.449768066,
                693.910095215,
                325.889434814,
                201.986465454,
                228.049041748,
                159.430267334,
                212.015136719,
                210.001037598,
                241.387588501,
                107.668159485,
                31.332611084,
                34.0117034912,
                11.0539140701,
                4.25281906128,
                0.911561489105,
                0.0918464511633,
                0.00303276465274,
                2.59446878772e-05,
                7.5923786369e-08
            ],
            "max": [
                11.1790437698,
                77.9791107178,
                288.902587891,
                299.298065186,
                201.973937988,
                220.12197876,
                452.982696533,
                567.303588867,
                454.101013184,
                863.993652344,
                1734.69494629,
                2425.74121094,
                2412.51611328,
                985.352905273,
                1518.6953125,
                2037.1809082,
                1860.40307617,
                1646.27954102,
                1390.62145996,
                715.243774414,
                811.298095703,
                453.779510498,
                386.198455811,
                455.021820068,
                240.019348145,
                377.381011963,
                202.062561035,
                226.09753418,
                233.813171387,
                237.17098999,
                172.332824707,
                106.59929657,
                150.535568237,
                50.4291572571,
                40.4746551514,
                21.3111305237,
                4.28103494644,
                0.645766019821,
                0.0503899417818,
                0.00280840159394
            ],
            "mean": [
                0.583449065685,
                4.73040962219,
                6.77874135971,
                5.98236370087,
                6.14830255508,
                9.06308364868,
                14.5891160965,
                22.2760848999,
                15.7302827835,
                17.4278850555,
                39.7333869934,
                64.188117981,
                47.7306365967,
                22.0326194763,
                29.1893062592,
                30.0502929688,
                31.9990959167,
                32.2083816528,
                20.4670410156,
                14.4626064301,
                9.47872638702,
                8.83886241913,
                10.0947170258,
                6.2583065033,
                5.64843893051,
                5.93073225021,
                4.73959684372,
                5.34094190598,
                6.0145072937,
                6.31922054291,
                4.25352668762,
                2.50437736511,
                2.1490020752,
                1.21684980392,
                0.598099291325,
                0.216386690736,
                0.0625817030668,
                0.0107403155416,
                0.00108445878141,
                0.000103992009826
            ],
            "median": [
                0.134122267365,
                1.69605505466,
                2.59777712822,
                2.59373426437,
                2.39784502983,
                4.03299999237,
                6.35999298096,
                7.00478219986,
                6.3338599205,
                4.77847146988,
                5.72118425369,
                5.93169593811,
                7.13620519638,
                4.93175458908,
                4.53633832932,
                5.55847358704,
                4.88155317307,
                4.09371757507,
                3.09392237663,
                2.64901351929,
                2.20250606537,
                2.8001306057,
                2.99327158928,
                2.20816874504,
                1.9402834177,
                1.47922992706,
                0.951722025871,
                0.956347465515,
                1.05980908871,
                1.04765701294,
                0.732168793678,
                0.405110120773,
                0.363874018192,
                0.209025517106,
                0.0894350260496,
                0.0293096732348,
                0.00746550131589,
                0.00120143999811,
                0.000143265235238,
                5.47010386072e-05
            ],
            "min": [
                2.03239144882e-22,
                6.46777337424e-22,
                4.52241208971e-21,
                1.63325309453e-20,
                1.68888309098e-20,
                3.25533731208e-20,
                6.38111487577e-20,
                4.06059699216e-20,
                2.24734580974e-19,
                2.21543240623e-19,
                2.91067021475e-19,
                5.9725568003e-19,
                7.71650633864e-19,
                1.54606032866e-18,
                1.40822639601e-18,
                2.04966112047e-18,
                9.81507079052e-19,
                3.48825662549e-18,
                3.42916945998e-18,
                3.7439906788e-18,
                6.57641095178e-18,
                6.78834579165e-18,
                6.10366316963e-18,
                7.9008156208e-18,
                1.13727168176e-17,
                8.79002402595e-18,
                1.01160954639e-17,
                1.19104065497e-17,
                1.20809563027e-17,
                1.14416432965e-17,
                1.07081384068e-17,
                1.02489067559e-17,
                9.34293139971e-18,
                9.00649884661e-18,
                7.74359671049e-18,
                4.69966221899e-18,
                2.62276017979e-18,
                9.85773573254e-19,
                2.69169922149e-19,
                2.65840533109e-20
            ],
            "var": [
                1.0491836071,
                60.0939292908,
                311.012268066,
                263.229705811,
                131.95513916,
                248.663238525,
                947.103027344,
                2181.29931641,
                914.959960938,
                1647.10217285,
                14436.1933594,
                26535.5195313,
                18910.8046875,
                3769.203125,
                8795.22753906,
                7944.82080078,
                7928.85986328,
                9403.64160156,
                3048.50537109,
                1790.56677246,
                616.989562988,
                335.750244141,
                471.811859131,
                210.791000366,
                124.602973938,
                209.88583374,
                129.432556152,
                204.803970337,
                207.149963379,
                251.824417114,
                116.776809692,
                34.3950576782,
                29.5466079712,
                8.72088432312,
                2.4595952034,
                0.400767832994,
                0.0373088791966,
                0.00119911914226,
                1.15759439723e-05,
                3.93177650437e-08
            ]
        },
        "erbbands_crest": {
            "dmean": 2.88054561615,
            "dmean2": 4.56169843674,
            "dvar": 7.8820605278,
            "dvar2": 19.3188762665,
            "max": 31.9169960022,
            "mean": 11.7625408173,
            "median": 10.8057765961,
            "min": 2.09331417084,
            "var": 31.4019260406
        },
        "erbbands_flatness_db": {
            "dmean": 0.0195500962436,
            "dmean2": 0.0286417212337,
            "dvar": 0.000538144900929,
            "dvar2": 0.00105772179086,
            "max": 0.531140208244,
            "mean": 0.179373279214,
            "median": 0.165151834488,
            "min": 0.0441922470927,
            "var": 0.00604896619916
        },
        "erbbands_kurtosis": {
            "dmean": 2.20700359344,
            "dmean2": 3.38391184807,
            "dvar": 24.0306415558,
            "dvar2": 49.7907295227,
            "max": 154.343154907,
            "mean": 3.72275471687,
            "median": 1.2672727108,
            "min": -1.83496427536,
            "var": 78.2514877319
        },
        "erbbands_skewness": {
            "dmean": 0.461292475462,
            "dmean2": 0.695338189602,
            "dvar": 0.292921960354,
            "dvar2": 0.615685105324,
            "max": 9.94294166565,
            "mean": 0.884662330151,
            "median": 0.767857134342,
            "min": -6.19056415558,
            "var": 1.60083770752
        },
        "erbbands_spread": {
            "dmean": 8.87695598602,
            "dmean2": 13.5281887054,
            "dvar": 154.210144043,
            "dvar2": 333.573516846,
            "max": 174.517822266,
            "mean": 34.7739868164,
            "median": 29.8082523346,
            "min": 0.624267339706,
            "var": 566.57409668
        },
        "gfcc": {
            "cov": [
                [
                    32232.6914063,
                    -2304.57763672,
                    -1492.82714844,
                    8.87858009338,
                    -811.688537598,
                    2633.00878906,
                    -254.467224121,
                    1563.54699707,
                    300.556610107,
                    1049.39880371,
                    -159.981231689,
                    472.958618164,
                    -181.882400513
                ],
                [
                    -2304.57763672,
                    3315.94116211,
                    7.0736374855,
                    -261.168395996,
                    433.570587158,
                    -777.799133301,
                    296.466552734,
                    -372.388183594,
                    136.39491272,
                    -302.773925781,
                    325.148284912,
                    -212.912277222,
                    151.216918945
                ],
                [
                    -1492.82714844,
                    7.0736374855,
                    980.777770996,
                    146.915374756,
                    203.810897827,
                    -50.7070999146,
                    -170.556182861,
                    -17.0363140106,
                    -61.6979827881,
                    -36.5044670105,
                    -43.9668655396,
                    -9.09798336029,
                    -12.6430006027
                ],
                [
                    8.87858009338,
                    -261.168395996,
                    146.915374756,
                    476.794036865,
                    79.4496307373,
                    -14.6487035751,
                    -52.8043251038,
                    -22.9828662872,
                    40.1698722839,
                    10.208782196,
                    -45.7358207703,
                    15.9583234787,
                    30.4564418793
                ],
                [
                    -811.688537598,
                    433.570587158,
                    203.810897827,
                    79.4496307373,
                    506.207580566,
                    -9.45067024231,
                    37.4958648682,
                    8.55079936981,
                    102.896835327,
                    13.0542020798,
                    85.0639343262,
                    4.63997602463,
                    61.7348861694
                ],
                [
                    2633.00878906,
                    -777.799133301,
                    -50.7070999146,
                    -14.6487035751,
                    -9.45067024231,
                    689.032653809,
                    78.966178894,
                    272.261138916,
                    46.6341934204,
                    201.96723938,
                    -6.97237730026,
                    61.7681159973,
                    -45.1994934082
                ],
                [
                    -254.467224121,
                    296.466552734,
                    -170.556182861,
                    -52.8043251038,
                    37.4958648682,
                    78.966178894,
                    380.058990479,
                    28.2158718109,
                    77.2344818115,
                    41.745639801,
                    76.4011764526,
                    -28.5009651184,
                    21.7266025543
                ],
                [
                    1563.54699707,
                    -372.388183594,
                    -17.0363140106,
                    -22.9828662872,
                    8.55079936981,
                    272.261138916,
                    28.2158718109,
                    291.293426514,
                    86.1664505005,
                    112.363174438,
                    11.5722789764,
                    64.7080688477,
                    15.0790262222
                ],
                [
                    300.556610107,
                    136.39491272,
                    -61.6979827881,
                    40.1698722839,
                    102.896835327,
                    46.6341934204,
                    77.2344818115,
                    86.1664505005,
                    223.246398926,
                    78.9544296265,
                    59.1557579041,
                    31.5069332123,
                    52.3878135681
                ],
                [
                    1049.39880371,
                    -302.773925781,
                    -36.5044670105,
                    10.208782196,
                    13.0542020798,
                    201.96723938,
                    41.745639801,
                    112.363174438,
                    78.9544296265,
                    197.813018799,
                    35.0016670227,
                    35.7611465454,
                    -3.04802680016
                ],
                [
                    -159.981231689,
                    325.148284912,
                    -43.9668655396,
                    -45.7358207703,
                    85.0639343262,
                    -6.97237730026,
                    76.4011764526,
                    11.5722789764,
                    59.1557579041,
                    35.0016670227,
                    165.93421936,
                    22.4560413361,
                    38.2532844543
                ],
                [
                    472.958618164,
                    -212.912277222,
                    -9.09798336029,
                    15.9583234787,
                    4.63997602463,
                    61.7681159973,
                    -28.5009651184,
                    64.7080688477,
                    31.5069332123,
                    35.7611465454,
                    22.4560413361,
                    135.445144653,
                    33.3556060791
                ],
                [
                    -181.882400513,
                    151.216918945,
                    -12.6430006027,
                    30.4564418793,
                    61.7348861694,
                    -45.1994934082,
                    21.7266025543,
                    15.0790262222,
                    52.3878135681,
                    -3.04802680016,
                    38.2532844543,
                    33.3556060791,
                    123.009300232
                ]
            ],
            "icov": [
                [
                    9.05332344701e-05,
                    -0.000207583725569,
                    0.000160653813509,
                    -0.000166032186826,
                    0.000174624830834,
                    -0.000334442884196,
                    0.000264809234068,
                    -0.000339869526215,
                    0.000160465526278,
                    -0.000360989011824,
                    0.000315071520163,
                    -0.000273724261206,
                    0.00012998895545
                ],
                [
                    -0.000207583725569,
                    0.00145873322617,
                    -0.000457920628833,
                    0.000905636348762,
                    -0.000856593775097,
                    0.00134114106186,
                    -0.00102280499414,
                    0.00120932387654,
                    -0.00108570454177,
                    0.00189505692106,
                    -0.00213524652645,
                    0.00179086171556,
                    -0.000728618702851
                ],
                [
                    0.000160653813509,
                    -0.000457920628833,
                    0.00163053919096,
                    -0.000646185537335,
                    -0.000336245662766,
                    -0.000535094353836,
                    0.000983906793408,
                    -0.000920348800719,
                    0.000901639170479,
                    -0.00075388076948,
                    0.000853235775139,
                    -0.000467681413284,
                    0.000498026958667
                ],
                [
                    -0.000166032186826,
                    0.000905636348762,
                    -0.000646185537335,
                    0.00309271435253,
                    -0.000817423278932,
                    0.000805182848126,
                    -0.000528637552634,
                    0.00152845203411,
                    -0.00136950053275,
                    0.000882977270521,
                    -0.00021173285495,
                    0.000813385820948,
                    -0.00112843804527
                ],
                [
                    0.000174624830834,
                    -0.000856593775097,
                    -0.000336245662766,
                    -0.000817423278932,
                    0.00336168007925,
                    -0.00118376128376,
                    0.000632797309663,
                    -0.000555540551431,
                    -0.000534167222213,
                    -0.00076364830602,
                    1.79814196599e-05,
                    -0.000661467784084,
                    -0.000304371525999
                ],
                [
                    -0.000334442884196,
                    0.00134114106186,
                    -0.000535094353836,
                    0.000805182848126,
                    -0.00118376128376,
                    0.00467504421249,
                    -0.00183001579717,
                    -0.000799815636128,
                    -8.80678180692e-06,
                    -0.000127679319121,
                    -0.00140487204771,
                    0.00120988441631,
                    0.000445051904535
                ],
                [
                    0.000264809234068,
                    -0.00102280499414,
                    0.000983906793408,
                    -0.000528637552634,
                    0.000632797309663,
                    -0.00183001579717,
                    0.00448152050376,
                    -0.000940771889873,
                    -8.27381736599e-05,
                    -0.00137773912866,
                    0.000255628838204,
                    0.000116063682071,
                    0.000104795624793
                ],
                [
                    -0.000339869526215,
                    0.00120932387654,
                    -0.000920348800719,
                    0.00152845203411,
                    -0.000555540551431,
                    -0.000799815636128,
                    -0.000940771889873,
                    0.0082891928032,
                    -0.00294167920947,
                    0.00109684909694,
                    -0.00121784897055,
                    8.47377086757e-05,
                    -0.00169150053989
                ],
                [
                    0.000160465526278,
                    -0.00108570454177,
                    0.000901639170479,
                    -0.00136950053275,
                    -0.000534167222213,
                    -8.80678180692e-06,
                    -8.27381736599e-05,
                    -0.00294167920947,
                    0.00835268758237,
                    -0.00377349182963,
                    0.000884273438714,
                    -0.00151343236212,
                    -0.000871636613738
                ],
                [
                    -0.000360989011824,
                    0.00189505692106,
                    -0.00075388076948,
                    0.000882977270521,
                    -0.00076364830602,
                    -0.000127679319121,
                    -0.00137773912866,
                    0.00109684909694,
                    -0.00377349182963,
                    0.0114739341661,
                    -0.00441621383652,
                    0.00192904099822,
                    2.73896603176e-05
                ],
                [
                    0.000315071520163,
                    -0.00213524652645,
                    0.000853235775139,
                    -0.00021173285495,
                    1.79814196599e-05,
                    -0.00140487204771,
                    0.000255628838204,
                    -0.00121784897055,
                    0.000884273438714,
                    -0.00441621383652,
                    0.0118012828752,
                    -0.0040328190662,
                    -0.000252653175266
                ],
                [
                    -0.000273724261206,
                    0.00179086171556,
                    -0.000467681413284,
                    0.000813385820948,
                    -0.000661467784084,
                    0.00120988441631,
                    0.000116063682071,
                    8.47377086757e-05,
                    -0.00151343236212,
                    0.00192904099822,
                    -0.0040328190662,
                    0.0118227535859,
                    -0.00336949294433
                ],
                [
                    0.00012998895545,
                    -0.000728618702851,
                    0.000498026958667,
                    -0.00112843804527,
                    -0.000304371525999,
                    0.000445051904535,
                    0.000104795624793,
                    -0.00169150053989,
                    -0.000871636613738,
                    2.73896603176e-05,
                    -0.000252653175266,
                    -0.00336949294433,
                    0.0114172315225
                ]
            ],
            "mean": [
                -64.1042175293,
                108.451774597,
                -87.3371887207,
                31.713968277,
                -50.7819786072,
                13.5772304535,
                -30.5842170715,
                6.49088430405,
                -17.6784076691,
                -1.00979733467,
                -9.50836753845,
                0.020997794345,
                -9.56694221497
            ]
        },
        "hfc": {
            "dmean": 5.84851646423,
            "dmean2": 8.66203308105,
            "dvar": 108.213417053,
            "dvar2": 224.235534668,
            "max": 222.980880737,
            "mean": 19.2114772797,
            "median": 12.1125135422,
            "min": 1.12499514688e-16,
            "var": 427.602355957
        },
        "melbands": {
            "dmean": [
                0.00229454645887,
                0.00238008005545,
                0.000796009670012,
                0.000291111937258,
                0.000222656337428,
                0.000226376636419,
                0.000120402459288,
                0.000106046682049,
                0.000197084838874,
                0.000219898371142,
                0.000127009538119,
                4.79122027173e-05,
                4.97141045344e-05,
                4.14931710111e-05,
                4.56730158476e-05,
                4.62821953988e-05,
                3.7810223148e-05,
                2.1537860448e-05,
                1.55981961143e-05,
                1.08562608148e-05,
                6.10496226727e-06,
                5.79029938308e-06,
                5.78256367589e-06,
                4.70810391562e-06,
                3.19144737659e-06,
                2.44380203185e-06,
