{
    "lowlevel": {
        "average_loudness": 0.9257183671,
        "barkbands": {
            "dmean": [
                0.000153616085299,
                0.00267835380509,
                0.0021056223195,
                0.00219012005255,
                0.00176705245394,
                0.000661307072733,
                0.00148825580254,
                0.000834115722682,
                0.000891381991096,
                0.000456862413557,
                0.000506227079313,
                0.000442429271061,
                0.000657118216623,
                0.000558081432246,
                0.000487956800498,
                0.000323523418047,
                0.000317247933708,
                0.000160936062457,
                0.000192939274712,
                0.000162692653248,
                0.000107151543489,
                0.000137878974783,
                0.000164869197761,
                0.000148246399476,
                8.43955640448e-05,
                4.40254298155e-05,
                7.96944914327e-06
            ],
            "dmean2": [
                0.000263489113422,
                0.00415194733068,
                0.00368424295448,
                0.00356279406697,
                0.00290225120261,
                0.00103112962097,
                0.00223298720084,
                0.00128800689708,
                0.0012669559801,
                0.000686514365952,
                0.00074892595876,
                0.000694347312674,
                0.00103562371805,
                0.000862639688421,
                0.000749137834646,
                0.000513354432769,
                0.000496833759826,
                0.000255072518485,
                0.000299030885799,
                0.000259277032455,
                0.000170120270923,
                0.000220183268539,
                0.000251802441198,
                0.000218581713852,
                0.000123762263684,
                6.55006879242e-05,
                1.2082809917e-05
            ],
            "dvar": [
                3.26015111796e-07,
                5.20334288012e-05,
                3.08939343086e-05,
                2.94935471175e-05,
                8.77962156665e-06,
                1.59778744546e-06,
                6.27253803032e-06,
                3.77055312129e-06,
                3.24950156028e-06,
                9.09887148737e-07,
                2.13709472519e-06,
                1.00248360013e-06,
                1.83791166819e-06,
                1.3666644918e-06,
                1.13535520541e-06,
                4.34193793808e-07,
                2.73657065009e-07,
                8.25389321335e-08,
                1.14532340945e-07,
                7.98885935183e-08,
                3.00351565841e-08,
                6.05861885106e-08,
                9.19119997889e-08,
                1.22534956404e-07,
                4.79314898882e-08,
                1.20849543706e-08,
                4.20932344536e-10
            ],
            "dvar2": [
                8.87021371909e-07,
                0.000115759969049,
                8.79553335835e-05,
                6.75678311381e-05,
                2.26886877499e-05,
                3.67143252333e-06,
                1.32635832415e-05,
                7.85627344158e-06,
                6.69092378303e-06,
                1.79112851129e-06,
                4.43514090875e-06,
                2.21194659389e-06,
                4.08581672673e-06,
                3.07199820782e-06,
                2.65038147518e-06,
                9.85672386378e-07,
                6.4828293489e-07,
                1.92716584024e-07,
                2.50443548566e-07,
                1.925522497e-07,
                7.18023898116e-08,
                1.49409530081e-07,
                1.98488677938e-07,
                2.30672327461e-07,
                9.51561673901e-08,
                2.5568580142e-08,
                8.94013585384e-10
            ],
            "max": [
                0.00692351814359,
                0.0834239423275,
                0.0675731375813,
                0.0567356944084,
                0.037976257503,
                0.0248411055654,
                0.0430738404393,
                0.0345335416496,
                0.0380600057542,
                0.0215517580509,
                0.0346788875759,
                0.0223473422229,
                0.0324564650655,
                0.0223478619009,
                0.0255009289831,
                0.0166411790997,
                0.00754096219316,
                0.00568062439561,
                0.00678745517507,
                0.00674658641219,
                0.00286614103243,
                0.00403932761401,
                0.00399615848437,
                0.00778388278559,
                0.00491398246959,
                0.0022058414761,
                0.000617521291133
            ],
            "mean": [
                0.000154031833517,
                0.00412488961592,
                0.00262996251695,
                0.00269429082982,
                0.00291551183909,
                0.00136148266029,
                0.0030825084541,
                0.00134948082268,
                0.00185825943481,
                0.000914772506803,
                0.000814671919215,
                0.000774870917667,
                0.00111143360846,
                0.000919521378819,
                0.000811884936411,
                0.000583024695516,
                0.000617185025476,
                0.000313673575874,
                0.000420979835326,
                0.000323049171129,
                0.000235588289797,
                0.000299254083075,
                0.000360356178135,
                0.000308420916554,
                0.000168436396052,
                8.064150461e-05,
                1.54482058861e-05
            ],
            "median": [
                2.35396473727e-05,
                0.00229431898333,
                0.00139649643097,
                0.00106002949178,
                0.00170856714249,
                0.000653037801385,
                0.00116272526793,
                0.000353416835424,
                0.00068640045356,
                0.000373011222109,
                0.000178200949449,
                0.000302697357256,
                0.000475072127301,
                0.000275623518974,
                0.000306822068524,
                0.000275573431281,
                0.000301478052279,
                0.000190427410416,
                0.000252663972788,
                0.000200706650503,
                0.000161701551406,
                0.000179360882612,
                0.000198636640562,
                0.00012511832756,
                6.89628141117e-05,
                3.50163500116e-05,
                5.22290702065e-06
            ],
            "min": [
                4.15749260802e-23,
                1.2939885799e-23,
                5.21052725318e-24,
                1.16334216994e-23,
                1.83246657997e-22,
                9.53442281164e-23,
                4.44423376519e-23,
                1.31637732014e-23,
                6.67075296496e-23,
                3.83913359022e-23,
                4.48342784595e-23,
                2.00797677179e-22,
                9.06739317437e-23,
                1.49500147727e-22,
                1.72512596105e-22,
                4.07906595009e-22,
                2.35174405271e-22,
                1.60957361566e-22,
                2.41571171066e-22,
                2.32022243311e-22,
                4.54988767328e-22,
                3.44404125176e-22,
                6.37774932505e-22,
                9.46955294924e-22,
                1.10404812158e-21,
                1.53886673792e-21,
                2.63718931967e-21
            ],
            "var": [
                2.57300570183e-07,
                5.82236316404e-05,
                2.42410278588e-05,
                3.30831935571e-05,
                1.29083882712e-05,
                4.58074873677e-06,
                2.23339175136e-05,
                9.37255026656e-06,
                1.04505907075e-05,
                3.16578280035e-06,
                5.24913184563e-06,
                2.42013197749e-06,
                4.17437559008e-06,
                2.97400038107e-06,
                2.44061061494e-06,
                1.04180560356e-06,
                7.39483766665e-07,
                1.89660823935e-07,
                3.28621524659e-07,
                1.86371124755e-07,
                7.00329323422e-08,
                1.39798160603e-07,
                2.4599671633e-07,
                3.2613772305e-07,
                1.18786125824e-07,
                2.30173764493e-08,
                8.70334304626e-10
            ]
        },
        "barkbands_crest": {
            "dmean": 2.30778980255,
            "dmean2": 3.64690256119,
            "dvar": 5.27146720886,
            "dvar2": 13.1784076691,
            "max": 26.5091285706,
            "mean": 9.01971340179,
            "median": 8.07036972046,
            "min": 2.66776180267,
            "var": 16.2253608704
        },
        "barkbands_flatness_db": {
            "dmean": 0.0163799691945,
            "dmean2": 0.0246568974108,
            "dvar": 0.000299563078443,
            "dvar2": 0.000642852683086,
            "max": 0.514077007771,
            "mean": 0.117978960276,
            "median": 0.0934408605099,
            "min": 0.0236082486808,
            "var": 0.00663155596703
        },
        "barkbands_kurtosis": {
            "dmean": 2.13865113258,
            "dmean2": 3.22834253311,
            "dvar": 34.4040565491,
            "dvar2": 68.9003677368,
            "max": 323.53527832,
            "mean": 4.02960157394,
            "median": 0.768133819103,
            "min": -1.97048139572,
            "var": 352.91027832
        },
        "barkbands_skewness": {
            "dmean": 0.457506299019,
            "dmean2": 0.671857655048,
            "dvar": 0.300398737192,
            "dvar2": 0.603407144547,
            "max": 11.5466356277,
            "mean": 1.1439152956,
            "median": 1.05541503429,
            "min": -16.4620952606,
            "var": 2.3059220314
        },
        "barkbands_spread": {
            "dmean": 6.12244224548,
            "dmean2": 9.15281867981,
            "dvar": 70.3905334473,
            "dvar2": 136.504470825,
            "max": 144.239700317,
            "mean": 27.7635784149,
            "median": 24.9430732727,
            "min": 0.747234761715,
            "var": 289.345825195
        },
        "dissonance": {
            "dmean": 0.0171880088747,
            "dmean2": 0.0286254398525,
            "dvar": 0.000328945810907,
            "dvar2": 0.000867946771905,
            "max": 0.500000178814,
            "mean": 0.462841182947,
            "median": 0.472293972969,
            "min": 0.178860798478,
            "var": 0.00115193682723
        },
        "dynamic_complexity": 3.69423103333,
        "erbbands": {
            "dmean": [
                0.080294713378,
                0.593847453594,
                2.21215796471,
                4.72336769104,
                5.97318840027,
                7.01607036591,
                5.52850151062,
                5.71131753922,
                16.8055953979,
                23.5174636841,
                16.1721019745,
                20.1801929474,
                12.8274822235,
                16.1422538757,
                20.2836170197,
                15.8276987076,
                29.8086795807,
                24.4192485809,
                26.9772014618,
                21.4068145752,
                19.0735168457,
                16.8506126404,
                9.88265419006,
                6.10410022736,
                11.488527298,
                6.78455257416,
                4.37880849838,
                4.43560791016,
                4.86717700958,
                5.49009943008,
                4.50350999832,
                3.56414008141,
                2.26714515686,
                1.11570584774,
                0.556330323219,
                0.275757819414,
                0.0617814585567,
                0.0115498797968,
                0.00135611905716,
                7.52296618884e-05
            ],
            "dmean2": [
                0.126632124186,
                0.938479185104,
                3.82039380074,
                7.82886362076,
                9.57348632813,
                11.7301979065,
                8.86838912964,
                8.87961483002,
                26.5178413391,
                34.3080406189,
                24.1683235168,
                28.8662700653,
                18.4835891724,
                23.4161281586,
                30.0836467743,
                24.3526668549,
                46.4357376099,
                37.2259979248,
                41.5720252991,
                32.3627624512,
                29.9583683014,
                26.2853221893,
                15.5710668564,
                9.6511926651,
                17.8828144073,
                10.7843542099,
                7.16152667999,
                7.01860809326,
                7.80276823044,
                8.62388801575,
                6.83644676208,
                5.32638216019,
                3.39661359787,
                1.64000618458,
                0.835745453835,
                0.415095746517,
                0.0921197682619,
                0.017836490646,
                0.00203735707328,
                0.000113656758913
            ],
            "dvar": [
                0.0710685327649,
                2.18116855621,
                34.0092353821,
                110.297462463,
                204.140045166,
                125.430862427,
                98.2104797363,
                142.956848145,
                960.465515137,
                2266.14453125,
                1343.6920166,
                1980.9465332,
                777.171936035,
                991.260620117,
                2784.76953125,
                1107.00891113,
                4017.93847656,
                2344.43847656,
                3776.6496582,
                2651.42089844,
                1628.06469727,
                850.851989746,
                264.886627197,
                99.157585144,
                428.700286865,
                130.245803833,
                57.3306732178,
                54.8674583435,
                80.0795669556,
                84.1326751709,
                81.5168685913,
                73.6226577759,
                28.8003330231,
                7.79998826981,
                2.46886658669,
                0.436542481184,
                0.0323975235224,
                0.00108407752123,
                1.31922934088e-05,
                3.04885929836e-08
            ],
            "dvar2": [
                0.164474621415,
                4.82242822647,
                94.945602417,
                273.543609619,
                436.805999756,
                334.968353271,
                234.02494812,
                335.27166748,
                2240.08276367,
                4504.01123047,
                2719.91625977,
                4271.70751953,
                1442.21105957,
                1935.61523438,
                6116.51171875,
                2530.11816406,
                8960.296875,
                5287.24023438,
                8716.09277344,
                5698.74121094,
                3674.72802734,
                1969.49902344,
                618.002746582,
                222.949676514,
                937.137023926,
                318.316986084,
                146.438858032,
                132.866088867,
                195.968841553,
                201.316802979,
                172.456924438,
                137.583679199,
                57.348941803,
                15.7518377304,
                5.23096227646,
                0.95334225893,
                0.0679288059473,
                0.00240506464615,
                2.7643991416e-05,
                6.41832826886e-08
            ],
            "max": [
                2.7677154541,
                16.9537696838,
                68.8991851807,
                154.735549927,
                172.897232056,
                127.962928772,
                167.178283691,
                262.751464844,
                536.773925781,
                1054.4498291,
                878.148071289,
                1132.81311035,
                587.499938965,
                766.308105469,
                1045.08679199,
                715.319396973,
                1615.734375,
                1032.60925293,
                1627.10009766,
                1494.21923828,
                1157.40344238,
                455.151031494,
                329.575317383,
                210.927566528,
                335.882476807,
                186.785018921,
                119.922744751,
                98.6477661133,
                184.440200806,
                114.560684204,
                142.319976807,
                212.241333008,
                98.0287857056,
                50.9199104309,
                36.6229324341,
                12.9868659973,
                3.71972942352,
                0.988918542862,
                0.116344645619,
                0.00544982403517
            ],
            "mean": [
                0.103676036,
                0.973162591457,
                3.00453138351,
                6.43023872375,
                8.54054832458,
                10.9964513779,
                10.3480949402,
                11.9900074005,
                33.3740196228,
                46.9549369812,
                29.3727645874,
                41.5733070374,
                27.8192634583,
                35.2397613525,
                37.1846084595,
                30.2355766296,
                52.8980522156,
                44.383644104,
                46.1617279053,
                37.6859359741,
                35.9172363281,
                34.6850318909,
                21.4870147705,
                14.5700521469,
                26.0082645416,
                14.3248510361,
                9.65297412872,
                9.34382820129,
                10.2942800522,
                12.1503019333,
                9.46524238586,
                7.31263542175,
                4.54098463058,
                2.21267104149,
                1.04877817631,
                0.485961318016,
                0.113982670009,
                0.0211193151772,
                0.00265210145153,
                0.000175809691427
            ],
            "median": [
                0.0406163185835,
                0.57278496027,
                1.68156838417,
                3.11479187012,
                4.25875043869,
                5.97042369843,
                5.55566549301,
                6.05431175232,
                13.4463195801,
                14.4058742523,
                11.5240659714,
                15.8715658188,
                11.092124939,
                15.2937450409,
                13.5177154541,
                14.1564445496,
                23.9656047821,
                15.0203466415,
                17.9362220764,
                14.4588737488,
                17.66639328,
                18.0648784637,
                13.5789890289,
                10.3776903152,
                14.8209314346,
                9.75046920776,
                6.89419126511,
                5.83893251419,
                6.08001422882,
                7.57214260101,
                4.83355522156,
                3.03571653366,
                1.78646826744,
                0.891003251076,
                0.438320279121,
                0.203811109066,
                0.0477227270603,
                0.00771326804534,
                0.000934947980568,
                8.39756103233e-05
            ],
            "min": [
                9.09489425392e-22,
                1.47201182381e-21,
                6.4847841941e-21,
                2.28134038029e-20,
                2.31654515485e-19,
                6.23364808885e-19,
                8.35617441211e-19,
                8.80863807127e-19,
                8.45372071982e-19,
                4.15649830905e-19,
                3.50871481829e-19,
                1.53346919217e-18,
                1.4913397462e-18,
                1.23995273381e-18,
                3.25944998946e-18,
                8.27504701917e-18,
                4.47376953346e-18,
                6.51420572894e-18,
                8.516730169e-18,
                1.45523949564e-17,
                2.01984816635e-17,
                1.21938217886e-17,
                1.11064622677e-17,
                9.34201322923e-18,
                1.21130244407e-17,
                1.05343800202e-17,
                1.50475800126e-17,
                2.00942651781e-17,
                1.33568964597e-17,
                1.74660542917e-17,
                1.82007776184e-17,
                1.52845474058e-17,
                1.74499722462e-17,
                1.0810792348e-17,
                8.52095623475e-18,
                4.97339075934e-18,
                2.90514206332e-18,
                1.47217045589e-18,
                3.77133303055e-19,
                3.91028728887e-20
            ],
            "var": [
                0.0697416812181,
                2.56933140755,
                27.7269096375,
                120.100006104,
                254.000900269,
                200.083999634,
                217.999542236,
                346.598144531,
                2952.64892578,
                7186.84570313,
                3305.72216797,
                5623.70605469,
                2907.10180664,
                3869.72290039,
                7072.30273438,
                2644.72631836,
                9175.04394531,
                5980.66015625,
                8060.17041016,
                6081.76611328,
                3707.2956543,
                2326.02661133,
                716.157653809,
                282.041168213,
                1315.38244629,
                295.575805664,
                117.288917542,
                119.829620361,
                180.452148438,
                211.092132568,
                208.978988647,
                184.934387207,
                74.1415328979,
                19.5377597809,
                5.18232011795,
                0.821875274181,
                0.0564591027796,
                0.0018192717107,
                2.67986961262e-05,
                7.1934742607e-08
            ]
        },
        "erbbands_crest": {
            "dmean": 2.47015047073,
            "dmean2": 3.9442088604,
            "dvar": 5.37019443512,
            "dvar2": 13.2650003433,
            "max": 27.2004947662,
            "mean": 8.99133968353,
            "median": 8.21144199371,
            "min": 2.30100989342,
            "var": 16.1340065002
        },
        "erbbands_flatness_db": {
            "dmean": 0.014461719431,
            "dmean2": 0.0206516645849,
            "dvar": 0.000223705428652,
            "dvar2": 0.000427680759458,
            "max": 0.424559801817,
            "mean": 0.144129544497,
            "median": 0.13003179431,
            "min": 0.0257115010172,
            "var": 0.00346125359647
        },
        "erbbands_kurtosis": {
            "dmean": 0.783160090446,
            "dmean2": 1.16868174076,
            "dvar": 1.40206098557,
            "dvar2": 2.74600577354,
            "max": 62.8184127808,
            "mean": 0.623644471169,
            "median": -0.143237024546,
            "min": -1.83085930347,
            "var": 12.5564985275
        },
        "erbbands_skewness": {
            "dmean": 0.306661367416,
            "dmean2": 0.447348862886,
            "dvar": 0.097812525928,
            "dvar2": 0.203604400158,
            "max": 5.71092176437,
            "mean": 0.285694777966,
            "median": 0.2503054142,
            "min": -3.74997353554,
            "var": 0.599706292152
        },
        "erbbands_spread": {
            "dmean": 8.06740093231,
            "dmean2": 12.1172990799,
            "dvar": 86.5011749268,
            "dvar2": 187.485473633,
            "max": 176.472457886,
            "mean": 40.6069564819,
            "median": 38.6022872925,
            "min": 2.87429118156,
            "var": 413.886688232
        },
        "gfcc": {
            "cov": [
                [
                    27872.2910156,
                    -3197.36865234,
                    -2915.40698242,
                    1084.57922363,
                    -1428.31689453,
                    1024.92932129,
                    -1136.65002441,
                    618.733032227,
                    -307.575073242,
                    715.384521484,
                    -280.403869629,
                    533.766235352,
                    -622.553466797
                ],
                [
                    -3197.36865234,
                    2315.82324219,
                    -63.6238708496,
                    -252.734436035,
                    365.194152832,
                    -307.838775635,
                    285.509857178,
                    -136.353179932,
                    60.7188148499,
                    -172.674423218,
                    84.1358718872,
                    -165.709487915,
                    157.290390015
                ],
                [
                    -2915.40698242,
                    -63.6238708496,
                    1201.59228516,
                    92.626335144,
                    174.08430481,
                    21.4423313141,
                    125.032569885,
                    -39.5250015259,
                    22.2027378082,
                    -23.7779541016,
                    1.69228923321,
                    -5.73275375366,
                    42.7265319824
                ],
                [
                    1084.57922363,
                    -252.734436035,
                    92.626335144,
                    438.294372559,
                    18.8384227753,
                    87.9145431519,
                    -44.7862815857,
                    54.1549301147,
                    12.2537546158,
                    29.8075256348,
                    -8.07279205322,
                    47.9178619385,
                    5.50194549561
                ],
                [
                    -1428.31689453,
                    365.194152832,
                    174.08430481,
                    18.8384227753,
                    342.872192383,
                    -11.7530698776,
                    116.950592041,
                    -11.4318151474,
                    50.9897766113,
                    -26.4174823761,
                    21.2144546509,
                    -37.4118080139,
                    63.6497344971
                ],
                [
                    1024.92932129,
                    -307.838775635,
                    21.4423313141,
                    87.9145431519,
                    -11.7530698776,
                    263.491333008,
                    17.5219783783,
                    43.5157203674,
                    -4.23838853836,
                    35.4024353027,
                    -2.54210281372,
                    33.573059082,
                    -25.4437274933
                ],
                [
                    -1136.65002441,
                    285.509857178,
                    125.032569885,
                    -44.7862815857,
                    116.950592041,
                    17.5219783783,
                    228.103515625,
                    -1.91181337833,
                    8.66371631622,
                    -22.9554862976,
                    29.7796173096,
                    -26.2188072205,
                    24.2331237793
                ],
                [
                    618.733032227,
                    -136.353179932,
                    -39.5250015259,
                    54.1549301147,
                    -11.4318151474,
                    43.5157203674,
                    -1.91181337833,
                    133.177536011,
                    35.9882507324,
                    24.4799575806,
                    16.2727622986,
                    22.6005115509,
                    -18.7896537781
                ],
                [
                    -307.575073242,
                    60.7188148499,
                    22.2027378082,
                    12.2537546158,
                    50.9897766113,
                    -4.23838853836,
                    8.66371631622,
                    35.9882507324,
                    131.723815918,
                    26.5495529175,
                    8.96753692627,
                    -9.24295902252,
                    20.7910346985
                ],
                [
                    715.384521484,
                    -172.674423218,
                    -23.7779541016,
                    29.8075256348,
                    -26.4174823761,
                    35.4024353027,
                    -22.9554862976,
                    24.4799575806,
                    26.5495529175,
                    126.41897583,
                    8.86155891418,
                    15.2344655991,
                    -27.4707202911
                ],
                [
                    -280.403869629,
                    84.1358718872,
                    1.69228923321,
                    -8.07279205322,
                    21.2144546509,
                    -2.54210281372,
                    29.7796173096,
                    16.2727622986,
                    8.96753692627,
                    8.86155891418,
                    107.897323608,
                    17.6461086273,
                    1.84622788429
                ],
                [
                    533.766235352,
                    -165.709487915,
                    -5.73275375366,
                    47.9178619385,
                    -37.4118080139,
                    33.573059082,
                    -26.2188072205,
                    22.6005115509,
                    -9.24295902252,
                    15.2344655991,
                    17.6461086273,
                    92.9997787476,
                    1.83258473873
                ],
                [
                    -622.553466797,
                    157.290390015,
                    42.7265319824,
                    5.50194549561,
                    63.6497344971,
                    -25.4437274933,
                    24.2331237793,
                    -18.7896537781,
                    20.7910346985,
                    -27.4707202911,
                    1.84622788429,
                    1.83258473873,
                    90.1441879272
                ]
            ],
            "icov": [
                [
                    0.000154276276589,
                    -8.79781800904e-05,
                    0.000280121486867,
                    -0.000255148712313,
                    0.000209268750041,
                    -0.000418595329393,
                    0.000381622754503,
                    -0.00037568519474,
                    0.000345423788531,
                    -0.000539090076927,
                    0.000424468220444,
                    -0.000425302860094,
                    0.000410963228205
                ],
                [
                    -8.79781800904e-05,
                    0.000965627958067,
                    7.60949478718e-05,
                    0.000235805811826,
                    -0.000587787711993,
                    0.000947623222601,
                    -0.000970368040726,
                    0.000711007392965,
                    -0.000471725332318,
                    0.000915767624974,
                    -0.000862450164277,
                    0.00106765818782,
                    -0.000867558817845
                ],
                [
                    0.000280121486867,
                    7.60949478718e-05,
                    0.00152908929158,
                    -0.000696472707205,
                    -6.24652748229e-05,
                    -0.000605161301792,
                    6.22759907856e-05,
                    -0.000140039584949,
                    0.000412836612668,
                    -0.000745047524106,
                    0.000735459325369,
                    -0.000762902025599,
                    0.000625095679425
                ],
                [
                    -0.000255148712313,
                    0.000235805811826,
                    -0.000696472707205,
                    0.00326649891213,
                    -0.000845381524414,
                    4.22860757681e-05,
                    0.000129257226945,
                    -0.000304031651467,
                    -0.000398166128434,
                    0.000615040189587,
                    -0.000389413529774,
                    -0.00012838638213,
                    -0.00124223832972
                ],
                [
                    0.000209268750041,
                    -0.000587787711993,
                    -6.24652748229e-05,
                    -0.000845381524414,
                    0.00499255815521,
                    -0.00094329676358,
                    -0.0007442458882,
                    -0.000530442688614,
                    -0.000549226650037,
                    -0.000764158845413,
                    0.000270593591267,
                    0.000495633517858,
                    -0.00127167149913
                ],
                [
                    -0.000418595329393,
                    0.000947623222601,
                    -0.000605161301792,
                    4.22860757681e-05,
                    -0.00094329676358,
                    0.00634069368243,
                    -0.0025675506331,
                    0.000503647024743,
                    -0.000755187880713,
                    0.00106330181006,
                    -0.000937092292588,
                    0.000455637840787,
                    -0.000501038623042
                ],
                [
                    0.000381622754503,
                    -0.000970368040726,
                    6.22759907856e-05,
                    0.000129257226945,
                    -0.0007442458882,
                    -0.0025675506331,
                    0.00773103348911,
                    -0.00194677454419,
                    0.00164386816323,
                    -0.00127991312183,
                    1.37765337058e-05,
                    -0.000348167901393,
                    0.000845640490297
                ],
                [
                    -0.00037568519474,
                    0.000711007392965,
                    -0.000140039584949,
                    -0.000304031651467,
                    -0.000530442688614,
                    0.000503647024743,
                    -0.00194677454419,
                    0.0111749246716,
                    -0.0042612561956,
                    0.00173456757329,
                    -0.00233006034978,
                    -0.000377517513698,
                    0.0011859156657
                ],
                [
                    0.000345423788531,
                    -0.000471725332318,
                    0.000412836612668,
                    -0.000398166128434,
                    -0.000549226650037,
                    -0.000755187880713,
                    0.00164386816323,
                    -0.0042612561956,
                    0.0109240198508,
                    -0.00404494302347,
                    0.000870569609106,
                    0.000578784325626,
                    -0.0018999906024
                ],
                [
                    -0.000539090076927,
                    0.000915767624974,
                    -0.000745047524106,
                    0.000615040189587,
                    -0.000764158845413,
                    0.00106330181006,
                    -0.00127991312183,
                    0.00173456757329,
                    -0.00404494302347,
                    0.0120734581724,
                    -0.00262716994621,
                    0.000984692014754,
                    0.00118596211541
                ],
                [
                    0.000424468220444,
                    -0.000862450164277,
                    0.000735459325369,
                    -0.000389413529774,
                    0.000270593591267,
                    -0.000937092292588,
                    1.37765337058e-05,
                    -0.00233006034978,
                    0.000870569609106,
                    -0.00262716994621,
                    0.0121257761493,
                    -0.0045331818983,
                    0.00200897245668
                ],
                [
                    -0.000425302860094,
                    0.00106765818782,
                    -0.000762902025599,
                    -0.00012838638213,
                    0.000495633517858,
                    0.000455637840787,
                    -0.000348167901393,
                    -0.000377517513698,
                    0.000578784325626,
                    0.000984692014754,
                    -0.0045331818983,
                    0.0159927327186,
                    -0.00470286281779
                ],
                [
                    0.000410963228205,
                    -0.000867558817845,
                    0.000625095679425,
                    -0.00124223832972,
                    -0.00127167149913,
                    -0.000501038623042,
                    0.000845640490297,
                    0.0011859156657,
                    -0.0018999906024,
                    0.00118596211541,
                    0.00200897245668,
                    -0.00470286281779,
                    0.0168552957475
                ]
            ],
            "mean": [
                7.44755411148,
                76.8842544556,
                -106.965751648,
                24.6310214996,
                -56.4724121094,
                14.0902662277,
                -37.183467865,
                6.10352325439,
                -19.7975101471,
                0.194047451019,
                -15.5534725189,
                -2.08310174942,
                -15.0844659805
            ]
        },
        "hfc": {
            "dmean": 6.83620023727,
            "dmean2": 10.0965099335,
            "dvar": 91.0328216553,
            "dvar2": 192.621261597,
            "max": 137.048324585,
            "mean": 30.1152515411,
            "median": 27.5333309174,
            "min": 1.2603029692e-16,
            "var": 470.397583008
        },
        "melbands": {
            "dmean": [
                0.000714964466169,
                0.000962486374192,
                0.000870045216288,
                0.000445163896075,
                0.000207880453672,
                0.000126600934891,
                0.000267519237241,
                0.000239237298956,
                0.000132555069285,
                0.000123795951367,
                6.57703494653e-05,
                6.87580468366e-05,
                7.72626954131e-05,
                4.87244506076e-05,
                6.38795318082e-05,
                5.78873441555e-05,
                4.71750900033e-05,
                4.97409200761e-05,
                2.9257251299e-05,
                2.31072172028e-05,
                2.39904402406e-05,
                1.91564031411e-05,
                1.68612805282e-05,
                6.66124515192e-06,
                5.07347431267e-06,
