{
    "lowlevel": {
        "average_loudness": 0.676200330257,
        "barkbands": {
            "dmean": [
                0.00155492941849,
                0.0156394317746,
                0.00569222681224,
                0.00254525011405,
                0.00222623511218,
                0.000773588311858,
                0.000684202415869,
                0.000607356196269,
                0.000787061231676,
                0.000422844779678,
                0.000278785824776,
                0.000267390249064,
                0.000337128993124,
                0.000303408858599,
                0.000283446453977,
                0.000233619910432,
                0.00022399178124,
                0.000237390151597,
                0.000184033531696,
                0.000222344620852,
                0.000238385866396,
                0.000268566043815,
                0.000197421002667,
                0.000193268599105,
                0.000153521250468,
                8.46012044349e-05,
                1.40282700158e-05
            ],
            "dmean2": [
                0.00211374158971,
                0.0206547994167,
                0.010587814264,
                0.00455989735201,
                0.00368457543664,
                0.00123965414241,
                0.00105326832272,
                0.000999092240818,
                0.00117235979997,
                0.000690268527251,
                0.000425428297604,
                0.000420898461016,
                0.000502338982187,
                0.000482963194372,
                0.000464668497443,
                0.000400392978918,
                0.000374226889107,
                0.000399559736252,
                0.000310084811645,
                0.000379049772164,
                0.000399259588448,
                0.000439287687186,
                0.000314394506859,
                0.000303820532281,
                0.000238054344663,
                0.000125341699459,
                2.20484926103e-05
            ],
            "dvar": [
                7.62839226809e-06,
                0.00114342814777,
                0.000517170177773,
                6.38747878838e-05,
                2.70033051493e-05,
                2.92326240015e-06,
                2.07546622732e-06,
                2.04676439353e-06,
                2.09258587347e-06,
                9.60374336501e-07,
                3.70176820752e-07,
                2.78217953564e-07,
                4.56295680351e-07,
                5.72520320929e-07,
                4.21456348931e-07,
                1.87851355804e-07,
                2.06348616416e-07,
                1.75144165837e-07,
                1.49573040176e-07,
                2.83556374825e-07,
                4.08211604963e-07,
                6.20044374955e-07,
                2.34501229102e-07,
                2.15586894114e-07,
                1.94064995185e-07,
                1.484446841e-07,
                4.1309311527e-09
            ],
            "dvar2": [
                1.35929712997e-05,
                0.00180163024925,
                0.00148888817057,
                0.000181346200407,
                6.89738590154e-05,
                6.55017947793e-06,
                5.02355442222e-06,
                5.08418906975e-06,
                4.79572827317e-06,
                2.466028036e-06,
                7.92434263985e-07,
                6.22431400643e-07,
                9.02616932308e-07,
                1.40135114179e-06,
                1.04013315649e-06,
                5.07172330799e-07,
                5.37325604455e-07,
                4.69123023095e-07,
                3.95307893086e-07,
                7.34592333629e-07,
                1.04433308934e-06,
                1.51822666794e-06,
                5.30411625732e-07,
                4.61736050283e-07,
                3.81895063128e-07,
                2.75605231081e-07,
                8.96377816417e-09
            ],
            "max": [
                0.0418689846992,
                0.339334219694,
                0.191608697176,
                0.0824737921357,
                0.0719081684947,
                0.0427313856781,
                0.0310627482831,
                0.0260769054294,
                0.0216199811548,
                0.0149497529492,
                0.0147600676864,
                0.0137397805229,
                0.016837162897,
                0.0206533428282,
                0.0138703808188,
                0.00901576690376,
                0.00707017723471,
                0.00932118855417,
                0.00546141527593,
                0.0092626363039,
                0.0131438998505,
                0.0159009862691,
                0.0102657731622,
                0.0181554332376,
                0.0112981395796,
                0.0135425934568,
                0.00225841929205
            ],
            "mean": [
                0.00534024694934,
                0.0439788363874,
                0.00442422321066,
                0.00247636879794,
                0.00340345571749,
                0.00129621929955,
                0.00130487629212,
                0.000843512418214,
                0.00163785961922,
                0.000566136965062,
                0.000439419061877,
                0.000398094940465,
                0.000553083489649,
                0.000500995316543,
                0.000380730256438,
                0.000304300192511,
                0.000331726536388,
                0.000353605748387,
                0.00027246112586,
                0.000301558582578,
                0.000333399308147,
                0.000351492635673,
                0.000297593651339,
                0.000314124743454,
                0.000237702595768,
                0.000128218947793,
                1.84929976967e-05
            ],
            "median": [
                0.00123431580141,
                0.00754679460078,
                0.000725150108337,
                0.000715032569133,
                0.00122674461454,
                0.00058710045414,
                0.000472489162348,
                0.000226256350288,
                0.000337566511007,
                0.000153636632604,
                7.49443206587e-05,
                0.000160906536621,
                0.000142020056956,
                0.000134477042593,
                0.000176242581801,
                0.000163527205586,
                0.000203021452762,
                0.000196957029402,
                0.000155169444042,
                0.000133573368657,
                0.000118266187201,
                9.30378446355e-05,
                0.000108987180283,
                0.000121894932818,
                6.96762435837e-05,
                3.31395931426e-05,
                3.95165716327e-06
            ],
            "min": [
                1.14539988605e-09,
                1.203776967e-09,
                3.52786300173e-10,
                1.55989776651e-10,
                3.22512183626e-10,
                4.3969067276e-10,
                2.70511529843e-10,
                2.1367088654e-10,
                7.88937248863e-10,
                3.19574117169e-10,
                3.0159258424e-10,
                2.58911919682e-10,
                5.21036026824e-11,
                5.04595587536e-10,
                2.26584098706e-10,
                4.70412819809e-10,
                2.26786978086e-10,
                8.57119208941e-10,
                1.28113697428e-09,
                2.96947799683e-10,
                2.33951025219e-10,
                1.36670486039e-09,
                3.8569538674e-09,
                3.1203748474e-09,
                8.68325356063e-10,
                3.3035782443e-10,
                5.43910333439e-11
            ],
            "var": [
                5.25017821928e-05,
                0.00425598118454,
                0.000298750237562,
                4.35840556747e-05,
                3.67449138139e-05,
                5.9687877183e-06,
                5.0410071708e-06,
                3.38265658684e-06,
                8.72945111041e-06,
                1.40683971495e-06,
                9.40167353747e-07,
                4.84738791329e-07,
                1.40590395858e-06,
                1.29992997699e-06,
                5.49879814571e-07,
                2.01006315592e-07,
                2.28279674275e-07,
                2.35123735592e-07,
                1.56411402941e-07,
                3.05903853359e-07,
                4.68131048592e-07,
                8.03096725122e-07,
                4.07582064099e-07,
                3.96356369947e-07,
                4.23148918571e-07,
                3.21027641803e-07,
                6.76751543693e-09
            ]
        },
        "barkbands_crest": {
            "dmean": 2.45821666718,
            "dmean2": 3.62473583221,
            "dvar": 8.33248806,
            "dvar2": 17.1029052734,
            "max": 26.6655216217,
            "mean": 13.6384325027,
            "median": 12.2699451447,
            "min": 2.02658557892,
            "var": 46.7235183716
        },
        "barkbands_flatness_db": {
            "dmean": 0.0341683775187,
            "dmean2": 0.0467748492956,
            "dvar": 0.00282786763273,
            "dvar2": 0.00533103151247,
            "max": 0.746868908405,
            "mean": 0.175263106823,
            "median": 0.119711518288,
            "min": 0.00833241082728,
            "var": 0.0176034830511
        },
        "barkbands_kurtosis": {
            "dmean": 30.6090145111,
            "dmean2": 43.9315185547,
            "dvar": 9834.63476562,
            "dvar2": 20093.8105469,
            "max": 2540.81787109,
            "mean": 45.2327728271,
            "median": 3.39049386978,
            "min": -1.96951377392,
            "var": 15829.5097656
        },
        "barkbands_skewness": {
            "dmean": 1.35290026665,
            "dmean2": 1.85602402687,
            "dvar": 5.5421333313,
            "dvar2": 10.6624517441,
            "max": 38.7771606445,
            "mean": 3.44698357582,
            "median": 1.80842459202,
            "min": -6.65880918503,
            "var": 17.0261859894
        },
        "barkbands_spread": {
            "dmean": 6.94666194916,
            "dmean2": 10.8647880554,
            "dvar": 115.015975952,
            "dvar2": 264.848083496,
            "max": 121.323646545,
            "mean": 22.5993423462,
            "median": 21.0174121857,
            "min": 0.0537600032985,
            "var": 347.450164795
        },
        "dissonance": {
            "dmean": 0.0184252057225,
            "dmean2": 0.0302597098053,
            "dvar": 0.000432650849689,
            "dvar2": 0.00111231394112,
            "max": 0.499995231628,
            "mean": 0.463855832815,
            "median": 0.471581161022,
            "min": 0.200951054692,
            "var": 0.000970393768512
        },
        "dynamic_complexity": 1.95718193054,
        "erbbands": {
            "dmean": [
                0.732290923595,
                2.82343769073,
                5.98535919189,
                7.9280128479,
                7.62599754333,
                7.83438539505,
                6.4275560379,
                6.78027248383,
                8.80717372894,
                11.0183258057,
                14.0071191788,
                17.8017501831,
                12.2923984528,
                13.1916294098,
                10.7171382904,
                10.0334777832,
                15.5915670395,
                11.9084606171,
                15.3989744186,
                13.552324295,
                13.6652173996,
                11.4526519775,
                12.1731271744,
                9.50038528442,
                10.0773010254,
                10.7297134399,
                8.55517673492,
                11.1632757187,
                9.97724914551,
                6.79006671906,
                5.47345113754,
                4.54678106308,
                3.02768731117,
                1.99823212624,
                0.972077250481,
                0.480376631021,
                0.133570566773,
                0.0234644822776,
                0.00262992200442,
                8.174526738e-05
            ],
            "dmean2": [
                0.974320650101,
                3.82099127769,
                10.7574195862,
                14.29915905,
                12.899107933,
                12.970746994,
                10.8398237228,
                10.5013341904,
                13.4753723145,
                17.4633407593,
                22.8326454163,
                26.3761959076,
                19.6230564117,
                20.8818016052,
                16.4437847137,
                15.8010721207,
                23.1531581879,
                19.0363349915,
                25.0563354492,
                22.4543533325,
                23.356010437,
                19.0748844147,
                20.3390197754,
                15.9929819107,
                16.9717273712,
                18.3512115479,
                14.1750860214,
                19.0375900269,
                16.4843978882,
                10.9652051926,
                8.70587158203,
                7.24506282806,
                4.72286510468,
                3.14516615868,
                1.50032186508,
                0.721917271614,
                0.197462424636,
                0.03537940979,
                0.00417611887679,
                0.00012487352069
            ],
            "dvar": [
                2.51958918571,
                43.5802116394,
                516.309570312,
                748.255065918,
                415.876953125,
                362.938751221,
                219.434539795,
                245.622573853,
                355.264953613,
                758.405578613,
                988.362915039,
                1145.0012207,
                809.473083496,
                709.802490234,
                437.664916992,
                415.022857666,
                920.850341797,
                701.817687988,
                1096.8770752,
                1200.03479004,
                613.691162109,
                622.829162598,
                464.757354736,
                396.88482666,
                440.505981445,
                656.869140625,
                456.082275391,
                1147.05773926,
                783.328857422,
                334.465057373,
                178.652832031,
                125.856185913,
                56.7921295166,
                26.6053638458,
                11.0386629105,
                4.89148950577,
                0.327329307795,
                0.0106863183901,
                0.000155850808369,
                1.08733154036e-07
            ],
            "dvar2": [
                3.95200991631,
                75.9890518188,
                1459.34179688,
                2118.81689453,
                1103.6751709,
                934.07409668,
                582.846496582,
                531.598999023,
                829.118225098,
                1916.88476562,
                2512.4831543,
                2587.59863281,
                2025.43078613,
                1719.55859375,
                954.22076416,
                937.291931152,
                1799.83837891,
                1636.13012695,
                2823.02685547,
                2985.71582031,
                1661.88916016,
                1617.72058105,
                1227.07385254,
                1069.30395508,
                1147.67810059,
                1716.75488281,
                1139.57055664,
                2993.90087891,
                1912.15661621,
                757.951904297,
                404.952301025,
                286.483093262,
                118.153320312,
                57.2500953674,
                21.8364295959,
                9.86717033386,
                0.545770645142,
                0.0194273069501,
                0.000344879197655,
                2.39727995677e-07
            ],
            "max": [
                16.2927455902,
                72.5693588257,
                195.894882202,
                273.221343994,
                334.019317627,
                361.054046631,
                202.54284668,
                409.114257812,
                494.341094971,
                513.104248047,
                621.092895508,
                601.196289062,
                455.350585938,
                467.302429199,
                439.137115479,
                698.088684082,
                695.968383789,
                703.266235352,
                679.261230469,
                852.813903809,
                608.247192383,
                422.016479492,
                477.781341553,
                314.206390381,
                277.324279785,
                532.482910156,
                371.404449463,
                692.506591797,
                662.114440918,
                361.802520752,
                326.076660156,
                544.248046875,
                323.907684326,
                139.477142334,
                101.426841736,
                73.626335144,
                18.3367977142,
                2.80676960945,
                0.466999590397,
                0.0103732189164
            ],
            "mean": [
                2.25846219063,
                5.93604230881,
                5.45691585541,
                7.33108329773,
                9.26020050049,
                12.4399032593,
                9.68727684021,
                11.8403949738,
                17.3510494232,
                18.3578987122,
                22.9170093536,
                39.4193077087,
                18.5279808044,
                20.8706798553,
                18.4788856506,
                16.5840187073,
                26.7921962738,
                19.4251689911,
                24.6963272095,
                18.5194511414,
                19.4124889374,
                17.7499847412,
                19.4394035339,
                14.9417924881,
                14.8649806976,
                14.8121337891,
                12.8089141846,
                14.0366020203,
                13.0039701462,
                9.7711391449,
                8.27021980286,
                6.82968854904,
                5.05480194092,
                3.05852651596,
                1.46789419651,
                0.69417142868,
                0.208788827062,
                0.0364306643605,
                0.0034104292281,
                0.000172102605575
            ],
            "median": [
                0.361199140549,
                1.13256347179,
                1.17667174339,
                2.32665967941,
                2.91885232925,
                3.95506930351,
                4.41938877106,
                5.14053440094,
                7.51885843277,
                6.59155750275,
                8.43762207031,
                7.94146203995,
                6.73188257217,
                7.6862578392,
                6.88618612289,
                7.77543210983,
                7.16155004501,
                7.71053218842,
                9.69216632843,
                7.92585372925,
                11.2520923615,
                11.3623533249,
                11.9049396515,
                8.84496307373,
                8.32706165314,
                6.90132188797,
                4.97468328476,
                4.31032276154,
                3.45267009735,
                3.01526331902,
                3.04047203064,
                2.63675141335,
                1.84280526638,
                0.927162885666,
                0.400244116783,
                0.165366590023,
                0.0566322207451,
                0.0103578083217,
                0.000682174053509,
                9.54678835114e-05
            ],
            "min": [
                5.23626617621e-08,
                2.11947252637e-07,
                4.21405303541e-07,
                5.01122201513e-07,
                5.93651577674e-07,
                1.16926742066e-06,
                2.47535513154e-06,
                3.85315615858e-06,
                4.10744951296e-06,
                3.75646368411e-06,
                6.45944101052e-06,
                1.73080243258e-05,
                1.69599279616e-05,
                6.6040429374e-06,
                1.56335008796e-05,
                8.10279743746e-06,
                2.98939312415e-06,
                1.63148870342e-05,
                2.14987685467e-05,
                2.81811589957e-05,
                1.93714622583e-05,
                2.81995853584e-05,
                5.47070012544e-05,
                7.06514983904e-05,
                6.03786065767e-05,
                1.51157382788e-05,
                1.1702851225e-05,
                1.22333076433e-05,
                4.84017291456e-05,
                0.00011606899352,
                0.000150829539052,
                0.000133099747472,
                4.02545083489e-05,
                1.28065748868e-05,
                7.1437511906e-06,
                2.14755073102e-06,
                4.59967452571e-07,
                9.19246900821e-08,
                7.77303288402e-09,
                4.13740069982e-10
            ],
            "var": [
                10.9444904327,
                104.167015076,
                332.629669189,
                464.498016357,
                418.085449219,
                636.205200195,
                264.66015625,
                522.955749512,
                947.579650879,
                1171.68371582,
                1689.9173584,
                5921.79589844,
                1182.90539551,
                1338.59204102,
                1050.43762207,
                716.174133301,
                3124.07055664,
                1360.40612793,
                2197.75927734,
                1536.1619873,
                716.870300293,
                673.850769043,
                639.760620117,
                424.89541626,
                467.210601807,
                662.49407959,
                587.532714844,
                1170.00195312,
                1043.42724609,
                534.848083496,
                322.947296143,
                208.354949951,
                105.112739563,
                49.9296150208,
                24.202501297,
                9.68332862854,
                0.788067400455,
                0.0234561897814,
                0.000237703556195,
                1.64242337064e-07
            ]
        },
        "erbbands_crest": {
            "dmean": 2.82947278023,
            "dmean2": 4.42524814606,
            "dvar": 8.15581417084,
            "dvar2": 19.1659145355,
            "max": 29.6907043457,
            "mean": 9.23784542084,
            "median": 8.17581653595,
            "min": 2.03772306442,
            "var": 20.8738193512
        },
        "erbbands_flatness_db": {
            "dmean": 0.0173627864569,
            "dmean2": 0.0256338249892,
            "dvar": 0.00049595895689,
            "dvar2": 0.0010495352326,
            "max": 0.408370584249,
            "mean": 0.129115670919,
            "median": 0.120775535703,
            "min": 0.0488044805825,
            "var": 0.00198448845185
        },
        "erbbands_kurtosis": {
            "dmean": 1.87906658649,
            "dmean2": 2.96735143661,
            "dvar": 47.7304344177,
            "dvar2": 120.035140991,
            "max": 208.351226807,
            "mean": 1.50848186016,
            "median": -0.184082746506,
            "min": -1.89158689976,
            "var": 53.3495559692
        },
        "erbbands_skewness": {
            "dmean": 0.502937495708,
            "dmean2": 0.747340321541,
            "dvar": 0.525993645191,
            "dvar2": 1.17110025883,
            "max": 12.3950023651,
            "mean": 0.485467135906,
            "median": 0.355554044247,
            "min": -7.83900976181,
            "var": 1.37971520424
        },
        "erbbands_spread": {
            "dmean": 12.9204177856,
            "dmean2": 19.754529953,
            "dvar": 288.23135376,
            "dvar2": 699.921630859,
            "max": 243.875411987,
            "mean": 51.0526351929,
            "median": 46.6280479431,
            "min": 1.19414627552,
            "var": 748.596435547
        },
        "gfcc": {
            "cov": [
                [
                    5895.37402344,
                    -1442.72888184,
                    -2015.37145996,
                    -560.457946777,
                    -688.45526123,
                    19.1287498474,
                    -454.965484619,
                    160.303543091,
                    -475.824279785,
                    92.8041000366,
                    -426.194763184,
                    -74.292678833,
                    -336.817016602
                ],
                [
                    -1442.72888184,
                    1572.17626953,
                    529.087219238,
                    -47.530418396,
                    315.453033447,
                    -21.9455394745,
                    234.303741455,
                    -46.5815315247,
                    206.70249939,
                    -83.9068603516,
                    179.652786255,
                    -10.735414505,
                    104.082321167
                ],
                [
                    -2015.37145996,
                    529.087219238,
                    1667.69580078,
                    618.48614502,
                    446.649536133,
                    72.0627746582,
                    215.709625244,
                    -39.8021392822,
                    269.102630615,
                    -27.4387245178,
                    149.399307251,
                    92.4646377563,
                    160.215667725
                ],
                [
                    -560.457946777,
                    -47.530418396,
                    618.48614502,
                    824.531738281,
                    272.977935791,
                    43.2855567932,
                    105.574989319,
                    -15.7346515656,
                    191.410873413,
                    44.0766716003,
                    55.7693023682,
                    59.251953125,
                    93.6789093018
                ],
                [
                    -688.45526123,
                    315.453033447,
                    446.649536133,
                    272.977935791,
                    419.112670898,
                    68.0427017212,
                    160.293289185,
                    8.43463230133,
                    128.979064941,
                    18.626832962,
                    77.2261276245,
                    38.8007926941,
                    88.8262710571
                ],
                [
                    19.1287498474,
                    -21.9455394745,
                    72.0627746582,
                    43.2855567932,
                    68.0427017212,
                    229.379211426,
                    134.926361084,
                    28.4097442627,
                    19.7641162872,
                    10.0643053055,
                    17.3175125122,
                    19.9622077942,
                    11.4320602417
                ],
                [
                    -454.965484619,
                    234.303741455,
                    215.709625244,
                    105.574989319,
                    160.293289185,
                    134.926361084,
                    306.405609131,
                    21.8725261688,
                    77.7189102173,
                    17.5190391541,
                    57.6802482605,
                    29.4047985077,
                    40.3950691223
                ],
                [
                    160.303543091,
                    -46.5815315247,
                    -39.8021392822,
                    -15.7346515656,
                    8.43463230133,
                    28.4097442627,
                    21.8725261688,
                    168.030426025,
                    54.5530586243,
                    41.2934684753,
                    18.5611438751,
                    14.8863019943,
                    2.67179608345
                ],
                [
                    -475.824279785,
                    206.70249939,
                    269.102630615,
                    191.410873413,
                    128.979064941,
                    19.7641162872,
                    77.7189102173,
                    54.5530586243,
                    235.97492981,
                    50.7655105591,
                    61.1604919434,
                    26.6273593903,
                    58.162109375
                ],
                [
                    92.8041000366,
                    -83.9068603516,
                    -27.4387245178,
                    44.0766716003,
                    18.626832962,
                    10.0643053055,
                    17.5190391541,
                    41.2934684753,
                    50.7655105591,
                    122.497337341,
                    31.3032627106,
                    18.3463783264,
                    13.649720192
                ],
                [
                    -426.194763184,
                    179.652786255,
                    149.399307251,
                    55.7693023682,
                    77.2261276245,
                    17.3175125122,
                    57.6802482605,
                    18.5611438751,
                    61.1604919434,
                    31.3032627106,
                    146.347457886,
                    43.5189857483,
                    36.2777175903
                ],
                [
                    -74.292678833,
                    -10.735414505,
                    92.4646377563,
                    59.251953125,
                    38.8007926941,
                    19.9622077942,
                    29.4047985077,
                    14.8863019943,
                    26.6273593903,
                    18.3463783264,
                    43.5189857483,
                    96.3283691406,
                    35.2900810242
                ],
                [
                    -336.817016602,
                    104.082321167,
                    160.215667725,
                    93.6789093018,
                    88.8262710571,
                    11.4320602417,
                    40.3950691223,
                    2.67179608345,
                    58.162109375,
                    13.649720192,
                    36.2777175903,
                    35.2900810242,
                    108.238174438
                ]
            ],
            "icov": [
                [
                    0.000471383536933,
                    -4.35844158346e-05,
                    0.000407665444072,
                    -0.000220052315854,
                    6.41328661004e-05,
                    -0.000400943565182,
                    0.000407788902521,
                    -0.000456648383988,
                    0.000444133795099,
                    -0.00050686171744,
                    0.000940716592595,
                    -0.000581083411817,
                    0.000644012761768
                ],
                [
                    -4.35844158346e-05,
                    0.001404147828,
                    -0.000173632593942,
                    0.000776254863013,
                    -0.00067200337071,
                    0.000753486470785,
                    -0.000838630541693,
                    0.000609586189967,
                    -0.00123924808577,
                    0.00141202809755,
                    -0.00140312546864,
                    0.000975746894255,
                    -0.000490861886647
                ],
                [
                    0.000407665444072,
                    -0.000173632593942,
                    0.00151223910507,
                    -0.00073622452328,
                    -0.000420373864472,
                    -0.000404111371608,
                    0.000304514571326,
                    -0.000112875917694,
                    -0.000117585070257,
                    0.000293898512609,
                    0.000479487294797,
                    -0.000860369938891,
                    0.000257034960669
                ],
                [
                    -0.000220052315854,
                    0.000776254863013,
                    -0.00073622452328,
                    0.00251362356357,
                    -0.00100113125518,
                    0.000463661766844,
                    -0.000444531819085,
                    0.00103727402166,
                    -0.00171121291351,
                    0.000341550214216,
                    -0.000561009568628,
                    0.000248714233749,
                    -0.000620652048383
                ],
                [
                    6.41328661004e-05,
                    -0.00067200337071,
                    -0.000420373864472,
                    -0.00100113125518,
                    0.00469898153096,
                    -0.000546765862964,
                    -0.000827791518532,
                    -0.000392879854189,
                    0.00026852285373,
                    -0.000663792598061,
                    0.000127823921503,
                    -2.29319230129e-05,
                    -0.00124132784549
                ],
                [
                    -0.000400943565182,
                    0.000753486470785,
                    -0.000404111371608,
                    0.000463661766844,
                    -0.000546765862964,
                    0.00679955352098,
                    -0.00349060702138,
                    -0.000181398412678,
                    -0.0003490037343,
                    0.00106001377571,
                    -0.00103772990406,
                    0.000305090768961,
                    -0.000435406924225
                ],
                [
                    0.000407788902521,
                    -0.000838630541693,
                    0.000304514571326,
                    -0.000444531819085,
                    -0.000827791518532,
                    -0.00349060702138,
                    0.0062957345508,
                    -0.000604292843491,
                    0.000379218428861,
                    -0.00121388281696,
                    0.000747396959923,
                    -0.0010620203102,
                    0.000767773715779
                ],
                [
                    -0.000456648383988,
                    0.000609586189967,
                    -0.000112875917694,
                    0.00103727402166,
                    -0.000392879854189,
                    -0.000181398412678,
                    -0.000604292843491,
                    0.00804375577718,
                    -0.00306272506714,
                    -0.000519674271345,
                    -0.00147930544335,
                    -3.82370217267e-06,
                    -0.00016094680177
                ],
                [
                    0.000444133795099,
                    -0.00123924808577,
                    -0.000117585070257,
                    -0.00171121291351,
                    0.00026852285373,
                    -0.0003490037343,
                    0.000379218428861,
                    -0.00306272506714,
                    0.00886896718293,
                    -0.00344542064704,
                    0.00100113998633,
                    -0.000345525128068,
                    -0.000574776437134
                ],
                [
                    -0.00050686171744,
                    0.00141202809755,
                    0.000293898512609,
                    0.000341550214216,
                    -0.000663792598061,
                    0.00106001377571,
                    -0.00121388281696,
                    -0.000519674271345,
                    -0.00344542064704,
                    0.0123037388548,
                    -0.00391747802496,
                    0.000652509159409,
                    -0.00136700551957
                ],
                [
                    0.000940716592595,
                    -0.00140312546864,
                    0.000479487294797,
                    -0.000561009568628,
                    0.000127823921503,
                    -0.00103772990406,
                    0.000747396959923,
                    -0.00147930544335,
                    0.00100113998633,
                    -0.00391747802496,
                    0.0125894127414,
                    -0.00503753917292,
                    0.0011936443625
                ],
                [
                    -0.000581083411817,
                    0.000975746894255,
                    -0.000860369938891,
                    0.000248714233749,
                    -2.29319230129e-05,
                    0.000305090768961,
                    -0.0010620203102,
                    -3.82370217267e-06,
                    -0.000345525128068,
                    0.000652509159409,
                    -0.00503753917292,
                    0.0148250106722,
                    -0.00434696068987
                ],
                [
                    0.000644012761768,
                    -0.000490861886647,
                    0.000257034960669,
                    -0.000620652048383,
                    -0.00124132784549,
                    -0.000435406924225,
                    0.000767773715779,
                    -0.00016094680177,
                    -0.000574776437134,
                    -0.00136700551957,
                    0.0011936443625,
                    -0.00434696068987,
                    0.0141522409394
                ]
            ],
            "mean": [
                17.0835800171,
                66.8967437744,
                -82.2460479736,
                41.4534797668,
                -49.9962310791,
                20.334608078,
                -33.0853729248,
                16.0142707825,
                -16.5160369873,
                7.28763628006,
                -11.2127218246,
                4.66499376297,
                -8.45346832275
            ]
        },
        "hfc": {
            "dmean": 11.0944795609,
            "dmean2": 16.9418125153,
            "dvar": 599.868591309,
            "dvar2": 1349.59765625,
            "max": 468.516052246,
            "mean": 28.0642223358,
            "median": 20.1547012329,
            "min": 0.00016814492119,
            "var": 976.628845215
        },
        "melbands": {
            "dmean": [
                0.00521235913038,
                0.00288433441892,
                0.00134344515391,
                0.000543136557098,
                0.00024614072754,
                0.000147018698044,
                0.000136085145641,
                0.000124420475913,
                0.000119126736536,
                0.000108849591925,
                6.27848639851e-05,
                5.66101807635e-05,
                3.98720840167e-05,
                3.12729462166e-05,
                3.44551372109e-05,
                2.79967152892e-05,
                2.37731528614e-05,
                2.78544885077e-05,
                1.98110355996e-05,
                1.55417255883e-05,
                1.66680074472e-05,
                1.21589682749e-05,
                1.22412084238e-05,
                1.31744782266e-05,
                7.55429164201e-06,
                7.38338121664e-06,
                8.04963929113e-06,
                7.13301233191e-06,
