{
    "lowlevel": {
        "average_loudness": 0.897157132626,
        "barkbands": {
            "dmean": [
                0.000474997534184,
                0.00576240569353,
                0.00109824934043,
                0.000509907782543,
                0.000866117072292,
                0.000672260008287,
                0.000472788815387,
                0.000335006392561,
                0.000512720784172,
                0.000876771227922,
                0.0011057263473,
                0.000468564161565,
                0.000481535505969,
                0.000552543904632,
                0.000981499673799,
                0.000416854803916,
                0.000333114003297,
                0.000293242454063,
                0.00038749986561,
                0.000278250430711,
                0.000220096000703,
                0.000114109505375,
                8.04594528745e-05,
                0.000105755934783,
                0.000126482496853,
                4.23946185037e-05,
                1.25030530373e-09
            ],
            "dmean2": [
                0.000724870420527,
                0.00872034952044,
                0.00171450269409,
                0.000892944750376,
                0.00150790368207,
                0.00102568301372,
                0.000785338459536,
                0.000550000462681,
                0.000812619924545,
                0.00134695635643,
                0.00159982289188,
                0.000721820746548,
                0.000768128840718,
                0.000845222035423,
                0.00155860849191,
                0.000655916170217,
                0.000543409609236,
                0.000466665165732,
                0.000622172607109,
                0.000438680843217,
                0.000327225658111,
                0.000170267929207,
                0.000118896139611,
                0.000154344481416,
                0.000179653434316,
                5.69456024095e-05,
                2.26007412785e-09
            ],
            "dvar": [
                1.64693074112e-06,
                0.000329608243192,
                2.56586408796e-05,
                5.57305656912e-06,
                7.8795128502e-06,
                2.34829576584e-06,
                1.60182673881e-06,
                6.57710074847e-07,
                1.00244176338e-06,
                2.91690753329e-06,
                4.83482926938e-06,
                1.02009789771e-06,
                1.1909960449e-06,
                1.74578656242e-06,
                3.32902936862e-06,
                6.60924854401e-07,
                3.41234624557e-07,
                2.63636877662e-07,
                4.16135094383e-07,
                2.23153818979e-07,
                1.51383943603e-07,
                8.79409682852e-08,
                5.27700514397e-08,
                5.98029998855e-08,
                8.07126312452e-08,
                1.9209302593e-08,
                3.58899109408e-18
            ],
            "dvar2": [
                3.83429096473e-06,
                0.000853165343869,
                5.38070780749e-05,
                1.47027312778e-05,
                2.19300127355e-05,
                4.87442093799e-06,
                4.25525331593e-06,
                1.61213768024e-06,
                2.48911419476e-06,
                6.52807875667e-06,
                9.45088140725e-06,
                2.13584644371e-06,
                2.89375816465e-06,
                3.85159910365e-06,
                8.12274083728e-06,
                1.52741256443e-06,
                8.74284921792e-07,
                6.03791022513e-07,
                9.96522317109e-07,
                5.35841252258e-07,
                3.0890427638e-07,
                1.84477826792e-07,
                1.05907126624e-07,
                1.21084923421e-07,
                1.50496731521e-07,
                3.26462661349e-08,
                1.09969857408e-17
            ],
            "max": [
                0.0206667408347,
                0.204220861197,
                0.0615862235427,
                0.0324916653335,
                0.039420992136,
                0.0309928692877,
                0.0188219510019,
                0.0152624025941,
                0.0175784993917,
                0.0310919042677,
                0.0444140359759,
                0.0309565998614,
                0.0233099684119,
                0.0329746194184,
                0.0407935269177,
                0.0193255469203,
                0.00847375113517,
                0.00888478383422,
                0.00926280021667,
                0.00656945770606,
                0.00810703262687,
                0.00471277534962,
                0.00370786525309,
                0.0038508947473,
                0.00631825160235,
                0.0031727286987,
                2.73756661784e-08
            ],
            "mean": [
                0.000805767835118,
                0.00842584855855,
                0.0011313133873,
                0.000414611044107,
                0.00083477224689,
                0.00112259422895,
                0.000599613063969,
                0.00043117874884,
                0.000794167688582,
                0.00132875854615,
                0.0017986119492,
                0.000702386139892,
                0.000669208413456,
                0.000827917247079,
                0.00152253708802,
                0.000611312338151,
                0.000537172425538,
                0.000453041342553,
                0.000628360605333,
                0.000537901069038,
                0.000411032815464,
                0.000155331610586,
                0.000135143476655,
                0.000202817143872,
                0.00025649604504,
                7.57921225158e-05,
                1.40830891393e-09
            ],
            "median": [
                9.62233025348e-06,
                6.12802159594e-06,
                1.97681401914e-06,
                3.78752952201e-06,
                8.18095577415e-05,
                0.000315126468195,
                0.000167032092577,
                0.000125267237308,
                0.00031245383434,
                0.000368882174371,
                0.000473804888315,
                0.000237767715589,
                0.000167248348589,
                0.000196991619305,
                0.000661516562104,
                0.000269950949587,
                0.000260287022684,
                0.000227290001931,
                0.000336542463629,
                0.00026859701029,
                0.000204918469535,
                3.94251110265e-05,
                3.75834206352e-05,
                0.000100738354377,
                0.000112085021101,
                1.84862328751e-05,
                9.34961330579e-10
            ],
            "min": [
                5.72850032469e-25,
                6.98601254826e-24,
                1.99019130314e-23,
                1.82764734193e-24,
                2.52429872981e-23,
                2.62173583115e-23,
                4.16176539423e-23,
                3.29916997574e-23,
                3.78583246767e-23,
                6.08867143565e-23,
                3.77035438562e-23,
                7.03095316517e-23,
                6.79742193823e-23,
                7.22299851264e-23,
                1.04692949284e-22,
                1.43204949351e-22,
                1.58520866841e-22,
                1.65733062377e-22,
                2.17401760351e-22,
                2.25502213266e-22,
                2.67950604006e-22,
                4.2113338163e-22,
                5.614890285e-22,
                7.66181696932e-22,
                1.15010830882e-21,
                1.45767560846e-21,
                2.25457183824e-21
            ],
            "var": [
                3.76757975573e-06,
                0.00056506699184,
                2.73855348496e-05,
                3.94291600969e-06,
                6.33038416709e-06,
                5.75138210479e-06,
                1.85703345323e-06,
                8.67317965003e-07,
                1.60035051522e-06,
                6.19013735559e-06,
                1.21906459754e-05,
                2.22726112042e-06,
                2.17097476707e-06,
                3.55287943421e-06,
                5.76147840547e-06,
                1.10581572699e-06,
                6.12586802617e-07,
                4.49938596603e-07,
                7.08514221515e-07,
                5.29001965788e-07,
                3.86710382827e-07,
                1.56933367634e-07,
                1.21946328591e-07,
                1.31261046477e-07,
                2.1321372401e-07,
                4.63774618709e-08,
                3.37369955528e-18
            ]
        },
        "barkbands_crest": {
            "dmean": 3.05577492714,
            "dmean2": 4.72340202332,
            "dvar": 7.90197229385,
            "dvar2": 18.4127464294,
            "max": 25.7065792084,
            "mean": 10.5608501434,
            "median": 9.3165512085,
            "min": 1.88227987289,
            "var": 28.0126266479
        },
        "barkbands_flatness_db": {
            "dmean": 0.0245321448892,
            "dmean2": 0.0357422195375,
            "dvar": 0.000598792743403,
            "dvar2": 0.00136249873322,
            "max": 0.492162883282,
            "mean": 0.16011056304,
            "median": 0.150521486998,
            "min": 0.0371510274708,
            "var": 0.00435181008652
        },
        "barkbands_kurtosis": {
            "dmean": 2.92418432236,
            "dmean2": 4.62414264679,
            "dvar": 63.4690093994,
            "dvar2": 158.669677734,
            "max": 223.689987183,
            "mean": 2.6798593998,
            "median": 0.216358065605,
            "min": -1.96523547173,
            "var": 82.8231811523
        },
        "barkbands_skewness": {
            "dmean": 0.617312610149,
            "dmean2": 0.90291261673,
            "dvar": 0.563366115093,
            "dvar2": 1.26089143753,
            "max": 13.4251747131,
            "mean": 0.877410113811,
            "median": 0.578639984131,
            "min": -8.66597366333,
            "var": 1.87847876549
        },
        "barkbands_spread": {
            "dmean": 6.67714309692,
            "dmean2": 9.96870994568,
            "dvar": 61.7365684509,
            "dvar2": 134.361846924,
            "max": 140.88999939,
            "mean": 23.9280490875,
            "median": 22.3777122498,
            "min": 0.552712738514,
            "var": 210.79119873
        },
        "dissonance": {
            "dmean": 0.0200622789562,
            "dmean2": 0.0334290452302,
            "dvar": 0.000610979972407,
            "dvar2": 0.00165101187304,
            "max": 0.5,
            "mean": 0.463901907206,
            "median": 0.475289940834,
            "min": 0.139544546604,
            "var": 0.0016226459993
        },
        "dynamic_complexity": 3.09786725044,
        "erbbands": {
            "dmean": [
                0.245088413358,
                1.04561841488,
                1.28636312485,
                1.40004754066,
                2.57665038109,
                2.72286772728,
                4.79106283188,
                5.05895423889,
                6.45586919785,
                6.85753631592,
                7.64552307129,
                11.51866436,
                22.6276798248,
                44.0880088806,
                22.1294059753,
                19.9175815582,
                21.8587265015,
                28.8775501251,
                30.7136611938,
                40.4884681702,
                21.4262256622,
                17.0265235901,
                13.8870315552,
                23.4647769928,
                15.0508241653,
                11.8938217163,
                11.4071969986,
                6.77667665482,
                4.05221843719,
                2.981995821,
                2.328779459,
                2.04517936707,
                1.93021845818,
                1.5071362257,
                0.936802744865,
                0.277295172215,
                0.0725042372942,
                0.00489035481587,
                0.000100643796031,
                1.64545763255e-05
            ],
            "dmean2": [
                0.373657405376,
                1.64655148983,
                1.87897002697,
                2.27889585495,
                4.73087120056,
                4.63363838196,
                7.31094169617,
                7.96973276138,
                10.7354192734,
                11.0962781906,
                12.5608482361,
                18.3093967438,
                33.8177833557,
                65.6632461548,
                32.0875053406,
                30.3963184357,
                34.2737045288,
                43.7983360291,
                47.6720199585,
                64.4657897949,
                33.6890525818,
                27.277015686,
                21.9165210724,
                37.7142333984,
                23.7778148651,
                18.5957965851,
                17.1511249542,
                10.0310468674,
                6.0430316925,
                4.41290712357,
                3.4731490612,
                2.86479234695,
                2.88394832611,
                2.18113923073,
                1.34049487114,
                0.374148577452,
                0.101405136287,
                0.00688303913921,
                0.000138105184305,
                2.35293755395e-05
            ],
            "dvar": [
                0.555410802364,
                12.3625106812,
                29.1696529388,
                40.7951774597,
                140.711166382,
                61.4782028198,
                148.60357666,
                154.217681885,
                390.01776123,
                244.067382813,
                324.403778076,
                580.748596191,
                2539.74243164,
                8625.41113281,
                2130.828125,
                2068.8684082,
                2419.5612793,
                4913.40625,
                2844.63964844,
                5689.70263672,
                1542.82409668,
                921.230102539,
                736.020202637,
                1509.70898438,
                738.896972656,
                446.637969971,
                391.163513184,
                174.902420044,
                107.264022827,
                71.9242324829,
                44.2524185181,
                23.6502571106,
                20.2757949829,
                14.2434492111,
                4.17682695389,
                0.692399382591,
                0.0609315894544,
                0.000252497557085,
                9.65898507843e-08,
                8.70298888511e-10
            ],
            "dvar2": [
                1.45231342316,
                31.2492179871,
                55.5356292725,
                93.2178268433,
                403.988128662,
                163.729125977,
                297.019897461,
                337.680725098,
                1045.67102051,
                600.719055176,
                802.661621094,
                1440.51220703,
                5102.28662109,
                18254.1386719,
                4275.65722656,
                4272.52490234,
                5944.71777344,
                10953.3984375,
                6467.390625,
                14236.1464844,
                3518.7421875,
                2270.80517578,
                1679.13171387,
                3721.66503906,
                1657.77648926,
                1046.38195801,
                848.545837402,
                366.200805664,
                223.310821533,
                151.841827393,
                95.14453125,
                40.470703125,
                46.5497283936,
                30.4971370697,
                7.59472799301,
                1.1524118185,
                0.118898116052,
                0.000492333841976,
                1.77558320047e-07,
                1.64894542465e-09
            ],
            "max": [
                8.47947883606,
                43.4343414307,
                73.5946578979,
                99.8495635986,
                159.536560059,
                121.952682495,
                348.885986328,
                400.527496338,
                274.820251465,
                303.900787354,
                330.105377197,
                395.998901367,
                1121.45007324,
                1745.34851074,
                1192.00317383,
                1492.65283203,
                1139.42358398,
                1942.89990234,
                1048.72973633,
                1602.15722656,
                970.048828125,
                576.179626465,
                502.771148682,
                581.316772461,
                436.814483643,
                335.879943848,
                422.131317139,
                236.38482666,
                164.955780029,
                123.278373718,
                109.418487549,
                77.4356994629,
                80.0951156616,
                103.137336731,
                44.7454414368,
                23.239320755,
                3.96909761429,
                0.257208615541,
                0.00496630044654,
                0.000369163783034
            ],
            "mean": [
                0.331567436457,
                1.50818240643,
                1.62534713745,
                1.3645055294,
                1.82223856449,
                2.93050551414,
                7.44884872437,
                7.95987510681,
                8.47870445251,
                9.60227203369,
                10.8755283356,
                18.7470054626,
                39.1383705139,
                71.7064590454,
                38.0084190369,
                31.9621162415,
                33.0634155273,
                46.7638473511,
                51.4253158569,
                65.5311737061,
                36.55701828,
                28.6631889343,
                22.5988292694,
                37.6038169861,
                25.9985141754,
                22.7647743225,
                23.2569637299,
                11.8600101471,
                5.79802322388,
                4.30663871765,
                3.87766909599,
                3.73168492317,
                3.63212680817,
                2.91751456261,
                1.79317510128,
                0.499089032412,
                0.124215520918,
                0.00851456820965,
                0.000197918052436,
                4.45976766059e-05
            ],
            "median": [
                0.00026812608121,
                0.00109788356349,
                0.0032598352991,
                0.0134368594736,
                0.0634507238865,
                0.329603850842,
                1.55007767677,
                2.33244657516,
                2.85819339752,
                2.42037439346,
                4.28572940826,
                7.26549720764,
                10.3092594147,
                21.0661468506,
                12.6467294693,
                12.2708358765,
                11.4173927307,
                15.2058677673,
                23.3126163483,
                33.8940582275,
                19.8547763824,
                14.7349624634,
                11.9149169922,
                20.4821891785,
                14.2785549164,
                11.2672796249,
                11.522611618,
                5.5916929245,
                1.69526910782,
                1.06963682175,
                1.1279873848,
                1.54898571968,
                1.84682571888,
                1.26078534126,
                0.716287136078,
                0.144076034427,
                0.0281972493976,
                0.00208279769868,
                6.63626487949e-05,
                2.76210012089e-05
            ],
            "min": [
                9.02166385433e-23,
                2.65579462306e-21,
                3.51610729265e-20,
                8.57943976522e-21,
                1.33370256039e-20,
                6.78784669155e-20,
                1.88110164152e-19,
                1.06737718958e-19,
                3.20970582896e-19,
                7.09791482718e-19,
                8.55558542732e-19,
                9.4253663584e-19,
                2.08219620192e-18,
                2.52354813712e-18,
                2.59531577463e-18,
                2.55988018437e-18,
                3.12777834558e-18,
                3.23320706414e-18,
                4.33195024461e-18,
                6.25800638654e-18,
                8.72086428211e-18,
                9.52294409898e-18,
                8.98915038763e-18,
                1.0564533235e-17,
                1.26201076629e-17,
                1.0737271708e-17,
                9.44244619049e-18,
                1.621001031e-17,
                1.32358840719e-17,
                1.60084677538e-17,
                1.63952524451e-17,
                1.54390084959e-17,
                1.42938613103e-17,
                1.13622157598e-17,
                7.94134912518e-18,
                5.04580380453e-18,
                3.24194829526e-18,
                1.19644096563e-18,
                2.93394836966e-19,
                3.21726406256e-20
            ],
            "var": [
                0.901360094547,
                20.3390808105,
                40.136013031,
                37.9281997681,
                82.548210144,
                66.7491607666,
                349.92791748,
                364.399505615,
                375.546081543,
                396.533538818,
                423.3409729,
                953.071594238,
                6444.12109375,
                20474.8203125,
                5477.56689453,
                4686.45019531,
                4345.72851563,
                9865.36035156,
                5908.35302734,
                9942.78027344,
                2845.92553711,
                1630.03930664,
                1221.54956055,
                2573.21264648,
                1291.91442871,
                993.599609375,
                1136.08154297,
                376.149932861,
                195.388793945,
                136.425811768,
                96.6256713867,
                58.1554946899,
                38.7682914734,
                30.6187877655,
                10.6711301804,
                1.67158949375,
                0.131413623691,
                0.000579124956857,
                2.36968816125e-07,
                2.54934673372e-09
            ]
        },
        "erbbands_crest": {
            "dmean": 3.29322934151,
            "dmean2": 5.22022199631,
            "dvar": 9.85640048981,
            "dvar2": 22.8651256561,
            "max": 33.620716095,
            "mean": 10.5132188797,
            "median": 9.17933654785,
            "min": 2.37981200218,
            "var": 29.2261962891
        },
        "erbbands_flatness_db": {
            "dmean": 0.0209924653172,
            "dmean2": 0.0295235123485,
            "dvar": 0.000461911869934,
            "dvar2": 0.000836289254948,
            "max": 0.544438004494,
            "mean": 0.200072094798,
            "median": 0.188780933619,
            "min": 0.0551985651255,
            "var": 0.00533308833838
        },
        "erbbands_kurtosis": {
            "dmean": 1.27999258041,
            "dmean2": 2.02547121048,
            "dvar": 7.641518116,
            "dvar2": 16.5291671753,
            "max": 139.209350586,
            "mean": 1.03115141392,
            "median": 0.265201032162,
            "min": -1.90048491955,
            "var": 13.4774150848
        },
        "erbbands_skewness": {
            "dmean": 0.421493560076,
            "dmean2": 0.614843189716,
            "dvar": 0.183809101582,
            "dvar2": 0.396206796169,
            "max": 9.04876899719,
            "mean": 0.217693462968,
            "median": 0.154406696558,
            "min": -4.58912944794,
            "var": 0.663306474686
        },
        "erbbands_spread": {
            "dmean": 7.72921800613,
            "dmean2": 11.5898962021,
            "dvar": 83.1188964844,
            "dvar2": 178.501068115,
            "max": 167.001449585,
            "mean": 29.876537323,
            "median": 26.5488357544,
            "min": 0.426394850016,
            "var": 304.952789307
        },
        "gfcc": {
            "cov": [
                [
                    9766.28613281,
                    -1007.26843262,
                    337.966827393,
                    2073.5402832,
                    691.013183594,
                    865.504760742,
                    243.820220947,
                    576.370361328,
                    -41.3766899109,
                    175.667678833,
                    -328.975311279,
                    -236.36819458,
                    -317.945343018
                ],
                [
                    -1007.26843262,
                    2010.09423828,
                    1042.0324707,
                    134.143859863,
                    521.228027344,
                    131.033248901,
                    375.51763916,
                    -39.6222839355,
                    156.902679443,
                    -109.521011353,
                    -24.8878974915,
                    -124.339790344,
                    -53.6093330383
                ],
                [
                    337.966827393,
                    1042.0324707,
                    1797.71069336,
                    862.836791992,
                    522.064331055,
                    409.640930176,
                    238.124984741,
                    169.724899292,
                    156.995849609,
                    -52.6723480225,
                    -149.892944336,
                    -25.2024364471,
                    -224.602416992
                ],
                [
                    2073.5402832,
                    134.143859863,
                    862.836791992,
                    1316.60351563,
                    624.179748535,
                    465.612060547,
                    205.603393555,
                    275.403259277,
                    100.562820435,
                    45.2147865295,
                    -106.263908386,
                    -81.3262252808,
                    -146.227645874
                ],
                [
                    691.013183594,
                    521.228027344,
                    522.064331055,
                    624.179748535,
                    722.211608887,
                    471.250671387,
                    337.467071533,
                    184.246231079,
                    133.309814453,
                    48.971736908,
                    -12.3937568665,
                    -44.9478912354,
                    -93.3382797241
                ],
                [
                    865.504760742,
                    131.033248901,
                    409.640930176,
                    465.612060547,
                    471.250671387,
                    580.922424316,
                    329.087249756,
                    192.696975708,
                    94.3824691772,
                    72.6652450562,
                    -10.1430206299,
                    -21.4492378235,
                    -99.6110610962
                ],
                [
                    243.820220947,
                    375.51763916,
                    238.124984741,
                    205.603393555,
                    337.467071533,
                    329.087249756,
                    392.114440918,
                    144.451797485,
                    111.928771973,
                    43.499546051,
                    4.34273052216,
                    -12.5729398727,
                    -61.682800293
                ],
                [
                    576.370361328,
                    -39.6222839355,
                    169.724899292,
                    275.403259277,
                    184.246231079,
                    192.696975708,
                    144.451797485,
                    315.764282227,
                    135.260940552,
                    59.4464836121,
                    16.1973724365,
                    5.72412729263,
                    13.0681858063
                ],
                [
                    -41.3766899109,
                    156.902679443,
                    156.995849609,
                    100.562820435,
                    133.309814453,
                    94.3824691772,
                    111.928771973,
                    135.260940552,
                    192.952224731,
                    57.8771591187,
                    9.56373691559,
                    33.8596382141,
                    -20.1914577484
                ],
                [
                    175.667678833,
                    -109.521011353,
                    -52.6723480225,
                    45.2147865295,
                    48.971736908,
                    72.6652450562,
                    43.499546051,
                    59.4464836121,
                    57.8771591187,
                    178.392578125,
                    80.7170181274,
                    2.78613376617,
                    24.9840965271
                ],
                [
                    -328.975311279,
                    -24.8878974915,
                    -149.892944336,
                    -106.263908386,
                    -12.3937568665,
                    -10.1430206299,
                    4.34273052216,
                    16.1973724365,
                    9.56373691559,
                    80.7170181274,
                    161.007324219,
                    38.3496513367,
                    76.5287017822
                ],
                [
                    -236.36819458,
                    -124.339790344,
                    -25.2024364471,
                    -81.3262252808,
                    -44.9478912354,
                    -21.4492378235,
                    -12.5729398727,
                    5.72412729263,
                    33.8596382141,
                    2.78613376617,
                    38.3496513367,
                    142.225540161,
                    12.0561943054
                ],
                [
                    -317.945343018,
                    -53.6093330383,
                    -224.602416992,
                    -146.227645874,
                    -93.3382797241,
                    -99.6110610962,
                    -61.682800293,
                    13.0681858063,
                    -20.1914577484,
                    24.9840965271,
                    76.5287017822,
                    12.0561943054,
                    191.867202759
                ]
            ],
            "icov": [
                [
                    0.000243104397669,
                    -0.000183874493814,
                    0.000331306393491,
                    -0.000494034378789,
                    0.000300884334138,
                    -0.000347807334037,
                    0.000225063893595,
                    -0.000456735782791,
                    0.000514219515026,
                    -0.000442206161097,
                    0.000574152567424,
                    -0.000195898363017,
                    0.000327052781358
                ],
                [
                    -0.000183874493814,
                    0.00297675281763,
                    -0.00224960804917,
                    0.00158906902652,
                    -0.00247631082311,
                    0.00265246373601,
                    -0.00289451144636,
                    0.00238827522844,
                    -0.00242195930332,
                    0.00241735135205,
                    -0.00219183648005,
                    0.00333842542022,
                    -0.00172130635474
                ],
                [
                    0.000331306393491,
                    -0.00224960804917,
                    0.0028350641951,
                    -0.00203529186547,
                    0.00193295127247,
                    -0.00235277926549,
                    0.00222002062947,
                    -0.00182836479507,
                    0.00147625757381,
                    -0.00153594603762,
                    0.00214791065082,
                    -0.00261390628293,
                    0.00190803140868
                ],
                [
                    -0.000494034378789,
                    0.00158906902652,
                    -0.00203529186547,
                    0.00360417342745,
                    -0.00304899644107,
                    0.00152113218792,
                    -0.00059751723893,
                    0.000426563026849,
                    -0.000899620470591,
                    0.000974007009063,
                    -0.000924144347664,
                    0.00198506889865,
                    -0.000902677653357
                ],
                [
                    0.000300884334138,
                    -0.00247631082311,
                    0.00193295127247,
                    -0.00304899644107,
                    0.00682572601363,
                    -0.0042266426608,
                    0.000778438232373,
                    -0.00104812788777,
                    0.000467577687232,
                    -0.00109600613359,
                    0.000748868333176,
                    -0.00182869541459,
                    0.00120168994181
                ],
                [
                    -0.000347807334037,
                    0.00265246373601,
                    -0.00235277926549,
                    0.00152113218792,
                    -0.0042266426608,
                    0.00801241118461,
                    -0.00508532859385,
                    0.000905910157599,
                    -0.000365601386875,
                    0.000733325548936,
                    -0.00187160936184,
                    0.00220422749408,
                    -0.000549026706722
                ],
                [
                    0.000225063893595,
                    -0.00289451144636,
                    0.00222002062947,
                    -0.00059751723893,
                    0.000778438232373,
                    -0.00508532859385,
                    0.00911197625101,
                    -0.00316638592631,
                    0.000995450885966,
                    -0.00199105939828,
                    0.00194474705495,
                    -0.00261375540867,
                    0.00234378408641
                ],
                [
                    -0.000456735782791,
                    0.00238827522844,
                    -0.00182836479507,
                    0.000426563026849,
                    -0.00104812788777,
                    0.000905910157599,
                    -0.00316638592631,
                    0.00892667006701,
                    -0.00654163397849,
                    0.00285258796066,
                    -0.00281884823926,
                    0.00298966304399,
                    -0.00369368679821
                ],
                [
                    0.000514219515026,
                    -0.00242195930332,
                    0.00147625757381,
                    -0.000899620470591,
                    0.000467577687232,
                    -0.000365601386875,
                    0.000995450885966,
                    -0.00654163397849,
                    0.0132062789053,
                    -0.00587719818577,
                    0.00421928102151,
                    -0.00547880539671,
                    0.00283757760189
                ],
                [
                    -0.000442206161097,
                    0.00241735135205,
                    -0.00153594603762,
                    0.000974007009063,
                    -0.00109600613359,
                    0.000733325548936,
                    -0.00199105939828,
                    0.00285258796066,
                    -0.00587719818577,
                    0.0117998812348,
                    -0.00747762341052,
                    0.00445248605683,
                    -0.00155214266852
                ],
                [
                    0.000574152567424,
                    -0.00219183648005,
                    0.00214791065082,
                    -0.000924144347664,
                    0.000748868333176,
                    -0.00187160936184,
                    0.00194474705495,
                    -0.00281884823926,
                    0.00421928102151,
                    -0.00747762341052,
                    0.0141096180305,
                    -0.0054044323042,
                    -0.00151157821529
                ],
                [
                    -0.000195898363017,
                    0.00333842542022,
                    -0.00261390628293,
                    0.00198506889865,
                    -0.00182869541459,
                    0.00220422749408,
                    -0.00261375540867,
                    0.00298966304399,
                    -0.00547880539671,
                    0.00445248605683,
                    -0.0054044323042,
                    0.0125018572435,
                    -0.00151429756079
                ],
                [
                    0.000327052781358,
                    -0.00172130635474,
                    0.00190803140868,
                    -0.000902677653357,
                    0.00120168994181,
                    -0.000549026706722,
                    0.00234378408641,
                    -0.00369368679821,
                    0.00283757760189,
                    -0.00155214266852,
                    -0.00151157821529,
                    -0.00151429756079,
                    0.00932198856026
                ]
            ],
            "mean": [
                -24.5118122101,
                32.4509773254,
                -159.721221924,
                4.01683521271,
                -69.8639907837,
                11.7719593048,
                -46.9213829041,
                21.2295684814,
                -31.9410610199,
                15.0433673859,
                -10.0618162155,
                5.40880346298,
                6.52362155914
            ]
        },
        "hfc": {
            "dmean": 9.37999629974,
            "dmean2": 13.3101530075,
            "dvar": 228.544570923,
            "dvar2": 382.535675049,
            "max": 237.366287231,
            "mean": 28.5775985718,
            "median": 22.2875499725,
            "min": 1.14293133423e-16,
            "var": 780.318115234
        },
        "melbands": {
            "dmean": [
                0.00183961691801,
                0.000791868951637,
                0.000275621801848,
                0.000191388346138,
                0.000152675085701,
                0.000119258751511,
                9.76353330771e-05,
                7.3583680205e-05,
                6.83959297021e-05,
                7.63211282901e-05,
                0.000112534682557,
                0.000170510815224,
                9.76945739239e-05,
                5.11278376507e-05,
                5.1459097449e-05,
                5.32237936568e-05,
                6.04990964348e-05,
                4.07302686654e-05,
                9.15888085729e-05,
                3.53108116542e-05,
                2.50250068348e-05,
                2.09621648537e-05,
                1.32034501803e-05,
                1.25674032461e-05,
                2.12614359043e-05,
                1.3003856111e-05,
                1.00409406514e-05,
