{
    "lowlevel": {
        "average_loudness": 0.916716814041,
        "barkbands": {
            "dmean": [
                0.000162010532222,
                0.0036378512159,
                0.00241497787647,
                0.00152926077135,
                0.00153466279153,
                0.000543925212696,
                0.000769675476477,
                0.000465707213152,
                0.00039643823402,
                0.000333495612722,
                0.000232680438785,
                0.000315800047247,
                0.000588062393945,
                0.000425395148341,
                0.000440487812739,
                0.00033922700095,
                0.000322309380863,
                0.000205287025892,
                0.000186260411283,
                0.000132252229378,
                0.000103861333628,
                0.000114814356493,
                8.02115828265e-05,
                9.31223476073e-05,
                0.000123002406326,
                3.17951635225e-05,
                7.54985194362e-06
            ],
            "dmean2": [
                0.00022180043743,
                0.00546281179413,
                0.00393761321902,
                0.00268730078824,
                0.00254898541607,
                0.000824750750326,
                0.00113389303442,
                0.000664647959638,
                0.000543525908142,
                0.000479058886413,
                0.000342502025887,
                0.000487763172714,
                0.000872055767104,
                0.000672976486385,
                0.000620624923613,
                0.00051545194583,
                0.000499817426316,
                0.000315435318043,
                0.000291705044219,
                0.000212955710595,
                0.000185923898243,
                0.000199553047423,
                0.000128614003188,
                0.000133142966661,
                0.000162741387612,
                4.57549431303e-05,
                1.09734819489e-05
            ],
            "dvar": [
                2.80427627786e-07,
                0.000111767920316,
                1.63494860317e-05,
                1.14758049676e-05,
                8.74748820934e-06,
                1.59543481004e-06,
                3.53870973413e-06,
                2.08689971259e-06,
                9.4494617997e-07,
                8.29480654829e-07,
                4.81511733597e-07,
                8.31107968224e-07,
                1.28726514959e-06,
                1.21520440644e-06,
                1.2864626342e-06,
                6.26750477295e-07,
                3.90375674897e-07,
                1.67122905737e-07,
                1.7362172855e-07,
                8.90460114533e-08,
                9.3374794119e-08,
                1.36286203656e-07,
                8.57199253801e-08,
                3.56308220262e-07,
                5.02692216742e-07,
                1.89200353162e-08,
                3.82105147523e-09
            ],
            "dvar2": [
                4.71811517855e-07,
                0.000266690534772,
                4.64097502118e-05,
                3.29515933117e-05,
                2.36656123889e-05,
                3.39966504725e-06,
                6.80913126416e-06,
                3.8373868847e-06,
                1.68714359461e-06,
                1.67919017713e-06,
                9.97876782094e-07,
                1.88512046861e-06,
                2.86926433546e-06,
                2.78315314972e-06,
                2.46111540037e-06,
                1.2886227978e-06,
                8.97650409115e-07,
                3.83045232866e-07,
                3.84804337727e-07,
                2.10319100802e-07,
                2.68270383685e-07,
                3.34832066073e-07,
                1.76834703325e-07,
                6.1751808289e-07,
                7.32995601993e-07,
                3.11143857346e-08,
                7.96676147274e-09
            ],
            "max": [
                0.00610833708197,
                0.138091832399,
                0.0462253987789,
                0.0441567525268,
                0.0472967661917,
                0.0366542451084,
                0.0453788004816,
                0.0377812236547,
                0.0422279722989,
                0.0246388595551,
                0.0307151265442,
                0.0229605399072,
                0.0232741143554,
                0.0262060388923,
                0.0275377016515,
                0.0236363373697,
                0.0155607517809,
                0.00837093871087,
                0.00773120485246,
                0.00823466014117,
                0.00284929666668,
                0.0122561817989,
                0.00727934762836,
                0.025233887136,
                0.0244997572154,
                0.00573346810415,
                0.00484171602875
            ],
            "mean": [
                0.000220362489927,
                0.00734798889607,
                0.00575929135084,
                0.00226580374874,
                0.0030003907159,
                0.00144081760664,
                0.00192373874597,
                0.0015879184939,
                0.000947538123,
                0.000720509851817,
                0.000418038369389,
                0.000536031264346,
                0.00132234941702,
                0.000634347787127,
                0.000804366311058,
                0.000656834454276,
                0.000733085034881,
                0.000461206946056,
                0.000358529156074,
                0.000218571367441,
                0.000123481600895,
                0.000144030156662,
                0.000120966986287,
                0.000155680041644,
                0.000198644993361,
                4.48043574579e-05,
                8.69127688929e-06
            ],
            "median": [
                5.08954690304e-05,
                0.00434323586524,
                0.00480941170827,
                0.00148779910523,
                0.00159977632575,
                0.000490320497192,
                0.000503968098201,
                0.000102503348899,
                0.00028502283385,
                0.000216186177568,
                0.000145516634802,
                0.000159951043315,
                0.000337183562806,
                0.000197428336833,
                0.000152870605234,
                0.000213460327359,
                0.00026461033849,
                0.000204977608519,
                0.000120203505503,
                9.08168076421e-05,
                4.25270554842e-05,
                3.33493590006e-05,
                2.65929375018e-05,
                2.60797023657e-05,
                3.56953023584e-05,
                7.49370383346e-06,
                5.5984384062e-07
            ],
            "min": [
                1.82885347081e-23,
                3.80377432009e-23,
                2.81920996161e-23,
                4.5288349952e-23,
                4.07731720323e-23,
                4.07978602232e-23,
                4.40553414245e-23,
                3.34225030086e-23,
                1.65435680748e-22,
                1.13605638631e-22,
                4.19987526456e-23,
                3.70902076578e-23,
                1.03456065872e-22,
                1.11201354675e-22,
                7.53585569894e-23,
                1.5955827573e-22,
                2.1625436532e-22,
                3.19673424149e-22,
                4.02480797081e-22,
                2.89499608121e-22,
                3.30405693749e-22,
                4.92006109481e-22,
                4.60969872846e-22,
                7.91582563696e-22,
                1.61632596208e-21,
                1.71737780711e-21,
                2.49790914896e-21
            ],
            "var": [
                4.19299169607e-07,
                0.000125247461256,
                2.32590191445e-05,
                9.89842283161e-06,
                1.60924319061e-05,
                9.496842722e-06,
                1.5160593648e-05,
                1.75430977833e-05,
                4.45870773547e-06,
                2.72965189652e-06,
                1.18645630209e-06,
                1.87702937637e-06,
                5.50682079847e-06,
                2.24058385356e-06,
                3.59432624464e-06,
                2.12897498386e-06,
                1.2748920426e-06,
                5.59235559194e-07,
                4.44189453219e-07,
                1.68879125795e-07,
                7.09791478926e-08,
                1.48413576539e-07,
                1.48383108467e-07,
                9.16999965739e-07,
                1.3788439901e-06,
                4.28772715111e-08,
                4.48073800285e-09
            ]
        },
        "barkbands_crest": {
            "dmean": 1.95871818066,
            "dmean2": 3.06331896782,
            "dvar": 4.5494017601,
            "dvar2": 10.8720722198,
            "max": 26.8081684113,
            "mean": 10.4677877426,
            "median": 9.68670749664,
            "min": 2.9012761116,
            "var": 16.1563415527
        },
        "barkbands_flatness_db": {
            "dmean": 0.0200109928846,
            "dmean2": 0.0301277395338,
            "dvar": 0.000647460110486,
            "dvar2": 0.00142084015533,
            "max": 0.512747704983,
            "mean": 0.160255730152,
            "median": 0.138059258461,
            "min": 0.0294692944735,
            "var": 0.00538883125409
        },
        "barkbands_kurtosis": {
            "dmean": 3.66436696053,
            "dmean2": 5.82468652725,
            "dvar": 97.7855987549,
            "dvar2": 232.453155518,
            "max": 262.31918335,
            "mean": 6.14780521393,
            "median": 1.52263689041,
            "min": -1.94547569752,
            "var": 175.016677856
        },
        "barkbands_skewness": {
            "dmean": 0.520813941956,
            "dmean2": 0.788631737232,
            "dvar": 0.567982435226,
            "dvar2": 1.30172884464,
            "max": 16.1227302551,
            "mean": 1.76506912708,
            "median": 1.47035229206,
            "min": -2.40560150146,
            "var": 2.16817259789
        },
        "barkbands_spread": {
            "dmean": 4.93035984039,
            "dmean2": 7.46031427383,
            "dvar": 65.4338226318,
            "dvar2": 129.393676758,
            "max": 120.213218689,
            "mean": 22.0706291199,
            "median": 20.4220466614,
            "min": 0.435253173113,
            "var": 250.306045532
        },
        "dissonance": {
            "dmean": 0.0175855383277,
            "dmean2": 0.0289689283818,
            "dvar": 0.000352031434886,
            "dvar2": 0.000903130974621,
            "max": 0.499999880791,
            "mean": 0.458399683237,
            "median": 0.465522825718,
            "min": 0.229193761945,
            "var": 0.00097186374478
        },
        "dynamic_complexity": 4.15499258041,
        "erbbands": {
            "dmean": [
                0.0991006419063,
                0.884519219398,
                2.50978040695,
                3.98914504051,
                5.05254125595,
                5.65405702591,
                4.4862947464,
                4.59031820297,
                9.1940164566,
                11.5919914246,
                9.17670440674,
                9.34138298035,
                7.78685951233,
                10.1044235229,
                9.83332157135,
                11.6447496414,
                27.7182064056,
                18.1268901825,
                23.9948768616,
                17.9755020142,
                19.7997398376,
                16.0723247528,
                11.3159723282,
                7.72208118439,
                10.1455392838,
                5.80053758621,
                4.43972110748,
                3.79812312126,
                4.63923597336,
                3.35158777237,
                2.11407423019,
                1.63123488426,
                1.86496174335,
                1.67969286442,
                0.679858982563,
                0.17781534791,
                0.0531390607357,
                0.0139865307137,
                0.00128126516938,
                3.49073197867e-05
            ],
            "dmean2": [
                0.141800224781,
                1.42943680286,
                4.11169719696,
                6.80739545822,
                8.69838905334,
                9.33420848846,
                6.99218893051,
                6.97018766403,
                13.7574939728,
                16.681312561,
                12.3870620728,
                12.6582345963,
                11.2488937378,
                14.5893793106,
                14.4588308334,
                17.8357810974,
                40.7191009521,
                28.2222976685,
                33.9986419678,
                27.4584026337,
                29.5388965607,
                24.2189769745,
                16.954208374,
                11.9606609344,
                15.8406915665,
                9.3821144104,
                7.81037759781,
                6.81090354919,
                8.16796112061,
                5.646525383,
                3.35106301308,
                2.43523645401,
                2.66216516495,
                2.2295935154,
                0.930802106857,
                0.259457021952,
                0.0748595073819,
                0.0201254151762,
                0.00190280145034,
                5.12583137606e-05
            ],
            "dvar": [
                0.10680257529,
                6.86800670624,
                23.5684337616,
                57.3154983521,
                133.332992554,
                123.811943054,
                93.6816253662,
                122.279541016,
                509.388397217,
                1153.41760254,
                663.884887695,
                560.631896973,
                680.911865234,
                612.53314209,
                951.594665527,
                978.887756348,
                2761.0246582,
                2313.34765625,
                3348.07519531,
                3908.01269531,
                2078.45996094,
                957.075744629,
                486.783721924,
                238.538482666,
                558.158752441,
                156.385559082,
                154.292297363,
                126.33278656,
                229.099029541,
                125.642936707,
                62.1729812622,
                68.615447998,
                164.968963623,
                104.172676086,
                12.8178453445,
                0.652083277702,
                0.0537217147648,
                0.00789531227201,
                9.15182827157e-05,
                4.03110860248e-08
            ],
            "dvar2": [
                0.204778328538,
                18.2899703979,
                67.51953125,
                159.77532959,
                381.321350098,
                330.894287109,
                212.979629517,
                273.602172852,
                973.738220215,
                2338.31420898,
                1076.05200195,
                948.495117188,
                1546.55407715,
                1302.29882812,
                2108.0703125,
                2263.20629883,
                6121.07714844,
                5276.85498047,
                6300.48828125,
                8871.88964844,
                3984.66333008,
                2167.37255859,
                1062.20410156,
                524.977600098,
                1188.32897949,
                382.354797363,
                437.906585693,
                361.481445312,
                580.85369873,
                290.404632568,
                125.297622681,
                115.42338562,
                283.520507812,
                144.833450317,
                20.7240772247,
                1.08711063862,
                0.0913609415293,
                0.016574556008,
                0.00016877114831,
                7.09502003815e-08
            ],
            "max": [
                3.85570216179,
                32.7734146118,
                56.7168617249,
                104.58000946,
                161.512039185,
                234.232818604,
                342.995452881,
                334.939361572,
                682.414550781,
                914.84588623,
                918.33013916,
                1152.0982666,
                896.387939453,
                589.255981445,
                977.532104492,
                752.332824707,
                1094.24035645,
                1111.01184082,
                1400.98937988,
                1784.72338867,
                1587.7076416,
                645.349243164,
                502.448852539,
                333.036682129,
                543.907714844,
                392.744934082,
                131.060638428,
                104.117088318,
                522.295959473,
                277.13583374,
                188.805786133,
                465.915130615,
                552.417724609,
                395.169128418,
                135.808181763,
                29.8823471069,
                10.9110851288,
                6.46746397018,
                0.684246122837,
                0.0134427165613
            ],
            "mean": [
                0.154383763671,
                1.85303556919,
                6.46801900864,
                7.44730520248,
                8.03347682953,
                11.2378072739,
                10.6166067123,
                12.5049095154,
                23.7028026581,
                30.3468780518,
                31.9111690521,
                22.8632450104,
                17.6899375916,
                23.1739654541,
                20.421579361,
                22.6102180481,
                64.6746063232,
                32.0406036377,
                47.3842544556,
                31.8008365631,
                43.4750976562,
                42.0894393921,
                28.2174911499,
                17.3014144897,
                19.8966407776,
                10.2562570572,
                5.7518901825,
                4.44049453735,
                5.36073350906,
                4.48326206207,
                3.29594993591,
                2.65409684181,
                3.0500998497,
                2.76196360588,
                1.05173993111,
                0.261251538992,
                0.0721237882972,
                0.0168817471713,
                0.00153925444465,
                7.36896981834e-05
            ],
            "median": [
                0.0672314986587,
                1.20243132114,
                5.52851295471,
                5.72814559937,
                5.10170221329,
                5.15759849548,
                4.55113792419,
                4.62184000015,
                7.078125,
                7.51029348373,
                4.1062040329,
                7.83215522766,
                5.47352790833,
                9.82350730896,
                8.88626289368,
                9.41477108002,
                18.5003700256,
                10.3493795395,
                12.5570898056,
                9.15004920959,
                15.0876235962,
                15.4811649323,
                13.4191675186,
                8.59450626373,
                6.88673114777,
                4.69572162628,
                2.1407494545,
                1.38008439541,
                1.10473942757,
                1.07604336739,
                0.714900314808,
                0.490691125393,
                0.45855730772,
                0.459132641554,
                0.199764400721,
                0.0475310757756,
                0.0110170673579,
                0.00192331871949,
                9.73104906734e-05,
                4.39515788457e-05
            ],
            "min": [
                1.36633364406e-21,
                8.01445198083e-21,
                2.73885413865e-20,
                8.6731089223e-20,
                1.2824525499e-19,
                1.27004781339e-19,
                2.24362634042e-19,
                4.67086868225e-19,
                7.59756810631e-19,
                5.48511580894e-19,
                7.62831027378e-19,
                2.68052240876e-18,
                5.14366092535e-18,
                2.32393187772e-18,
                1.84596686066e-18,
                1.95920209625e-18,
                5.02270189079e-18,
                6.07755486796e-18,
                4.37858255165e-18,
                4.70697490919e-18,
                9.17962278574e-18,
                1.32343240093e-17,
                1.73916692479e-17,
                1.86519798272e-17,
                1.68026455142e-17,
                1.32900031907e-17,
                1.37401143482e-17,
                1.53588034094e-17,
                1.79816905614e-17,
                1.58031334016e-17,
                1.34035039513e-17,
                1.40274810289e-17,
                1.44417330797e-17,
                1.38466097162e-17,
                1.34123986244e-17,
                7.80993824998e-18,
                2.73336001795e-18,
                1.60167095746e-18,
                3.68100025477e-19,
                3.28483922561e-20
            ],
            "var": [
                0.140385642648,
                6.22207355499,
                27.7904243469,
                60.1216125488,
                124.139335632,
                278.43927002,
                323.325500488,
                696.832824707,
                2590.51708984,
                3890.93334961,
                6453.51416016,
                2657.40307617,
                1754.28845215,
                1862.90100098,
                2164.23803711,
                1972.6685791,
                12835.7246094,
                4471.40136719,
                11048.0898438,
                7059.48925781,
                8748.15332031,
                4076.99072266,
                1869.92297363,
                709.829772949,
                1458.83007812,
                308.761749268,
                132.872528076,
                97.5937347412,
                225.794036865,
                165.224609375,
                115.693107605,
                185.7084198,
                405.259490967,
                299.694915771,
                31.7290935516,
                1.51264441013,
                0.116125665605,
                0.0100922090933,
                0.000128255400341,
                6.48924256552e-08
            ]
        },
        "erbbands_crest": {
            "dmean": 2.3454785347,
            "dmean2": 3.61301136017,
            "dvar": 5.58464384079,
            "dvar2": 13.5633897781,
            "max": 29.0492553711,
            "mean": 9.53859996796,
            "median": 8.67222118378,
            "min": 2.40053367615,
            "var": 18.699098587
        },
        "erbbands_flatness_db": {
            "dmean": 0.0162132848054,
            "dmean2": 0.0225602686405,
            "dvar": 0.00031666844734,
            "dvar2": 0.000620442442596,
            "max": 0.344354242086,
            "mean": 0.162097111344,
            "median": 0.156612291932,
            "min": 0.029877834022,
            "var": 0.00257022655569
        },
        "erbbands_kurtosis": {
            "dmean": 0.860970556736,
            "dmean2": 1.3038187027,
            "dvar": 2.33320498466,
            "dvar2": 4.91398668289,
            "max": 54.2900848389,
            "mean": 0.858128786087,
            "median": -0.112965226173,
            "min": -1.7787976265,
            "var": 12.3765964508
        },
        "erbbands_skewness": {
            "dmean": 0.307428658009,
            "dmean2": 0.455729454756,
            "dvar": 0.137000650167,
            "dvar2": 0.281129598618,
            "max": 5.56184434891,
            "mean": -0.00796878710389,
            "median": 0.00809913873672,
            "min": -4.93396806717,
            "var": 0.825189769268
        },
        "erbbands_spread": {
            "dmean": 7.44991064072,
            "dmean2": 11.2069826126,
            "dvar": 101.46913147,
            "dvar2": 237.110015869,
            "max": 154.049606323,
            "mean": 36.8393096924,
            "median": 34.2345161438,
            "min": 2.06957364082,
            "var": 327.776275635
        },
        "gfcc": {
            "cov": [
                [
                    18456.4472656,
                    -1756.23193359,
                    -895.629821777,
                    1356.28320312,
                    -1268.19396973,
                    -279.906463623,
                    -1850.68383789,
                    56.6610336304,
                    196.523086548,
                    446.192840576,
                    -541.357727051,
                    -329.70135498,
                    -165.94392395
                ],
                [
                    -1756.23193359,
                    2340.80859375,
                    -140.892166138,
                    -328.260986328,
                    456.766845703,
                    -357.703430176,
                    347.37802124,
                    -127.203529358,
                    141.059860229,
                    -200.623245239,
                    105.962661743,
                    -88.4428863525,
                    132.66746521
                ],
                [
                    -895.629821777,
                    -140.892166138,
                    661.617919922,
                    88.1744155884,
                    35.5088729858,
                    43.5989952087,
                    40.7727432251,
                    -26.7580471039,
                    -46.3664970398,
                    -44.225528717,
                    -16.97174263,
                    16.688331604,
                    30.7168674469
                ],
                [
                    1356.28320312,
                    -328.260986328,
                    88.1744155884,
                    482.679016113,
                    -111.263145447,
                    -55.8774986267,
                    -192.19468689,
                    -66.7983932495,
                    10.1883163452,
                    10.2297449112,
                    -82.7415313721,
                    -40.3166885376,
                    47.0268821716
                ],
                [
                    -1268.19396973,
                    456.766845703,
                    35.5088729858,
                    -111.263145447,
                    350.116699219,
                    -64.9342727661,
                    162.088180542,
                    2.9009168148,
                    2.35842394829,
                    -37.4294509888,
                    38.5955085754,
                    3.58919477463,
                    51.1749420166
                ],
                [
                    -279.906463623,
                    -357.703430176,
                    43.5989952087,
                    -55.8774986267,
                    -64.9342727661,
                    287.627624512,
                    73.6595306396,
                    18.6218738556,
                    -55.3281478882,
                    26.8955802917,
                    28.1293849945,
                    43.7937927246,
                    -30.1489810944
                ],
                [
                    -1850.68383789,
                    347.37802124,
                    40.7727432251,
                    -192.19468689,
                    162.088180542,
                    73.6595306396,
                    426.760284424,
                    8.8024148941,
                    -22.6817932129,
                    -68.4843826294,
                    57.2655944824,
                    40.7275314331,
                    2.3274242878
                ],
                [
                    56.6610336304,
                    -127.203529358,
                    -26.7580471039,
                    -66.7983932495,
                    2.9009168148,
                    18.6218738556,
                    8.8024148941,
                    181.759429932,
                    15.2303295135,
                    16.7817726135,
                    28.1583099365,
                    10.1140127182,
                    -35.6317863464
                ],
                [
                    196.523086548,
                    141.059860229,
                    -46.3664970398,
                    10.1883163452,
                    2.35842394829,
                    -55.3281478882,
                    -22.6817932129,
                    15.2303295135,
                    142.692260742,
                    8.93203353882,
                    -21.7058563232,
                    -26.6279335022,
                    4.29853439331
                ],
                [
                    446.192840576,
                    -200.623245239,
                    -44.225528717,
                    10.2297449112,
                    -37.4294509888,
                    26.8955802917,
                    -68.4843826294,
                    16.7817726135,
                    8.93203353882,
                    122.774078369,
                    14.590423584,
                    -7.90691423416,
                    -21.4780578613
                ],
                [
                    -541.357727051,
                    105.962661743,
                    -16.97174263,
                    -82.7415313721,
                    38.5955085754,
                    28.1293849945,
                    57.2655944824,
                    28.1583099365,
                    -21.7058563232,
                    14.590423584,
                    129.037719727,
                    35.9677505493,
                    -21.8064479828
                ],
                [
                    -329.70135498,
                    -88.4428863525,
                    16.688331604,
                    -40.3166885376,
                    3.58919477463,
                    43.7937927246,
                    40.7275314331,
                    10.1140127182,
                    -26.6279335022,
                    -7.90691423416,
                    35.9677505493,
                    106.334320068,
                    7.0583486557
                ],
                [
                    -165.94392395,
                    132.66746521,
                    30.7168674469,
                    47.0268821716,
                    51.1749420166,
                    -30.1489810944,
                    2.3274242878,
                    -35.6317863464,
                    4.29853439331,
                    -21.4780578613,
                    -21.8064479828,
                    7.0583486557,
                    110.091667175
                ]
            ],
            "icov": [
                [
                    0.000162292009918,
                    -0.00016069241974,
                    0.000169025079231,
                    -0.000332104187692,
                    0.000297470076475,
                    -0.000107143430796,
                    0.00045844289707,
                    -0.000275255908491,
                    0.000151809334056,
                    -0.000387506996049,
                    0.00056115235202,
                    -9.89097679849e-05,
                    0.00030254086596
                ],
                [
                    -0.00016069241974,
                    0.0015673681628,
                    5.35026083526e-05,
                    0.00113555998541,
                    -0.000911664450541,
                    0.0013467305107,
                    -0.000977856689133,
                    0.00138888123911,
                    -0.00127513264306,
                    0.00196826434694,
                    -0.00226059718989,
                    0.00163651222829,
                    -0.0014871226158
                ],
                [
                    0.000169025079231,
                    5.35026083526e-05,
                    0.00190197594929,
                    -0.000663471932057,
                    -7.01560056768e-05,
                    -0.000274606165476,
                    0.000296208949294,
                    -0.00010116786143,
                    0.000382258847822,
                    0.000346163054928,
                    0.000493165163789,
                    -1.60356921697e-05,
                    1.27617531689e-05
                ],
                [
                    -0.000332104187692,
                    0.00113555998541,
                    -0.000663471932057,
                    0.00424652639776,
                    -0.000251029618084,
                    0.00122541817836,
                    -0.000289116811473,
                    0.00181332533248,
                    -0.000877830490936,
                    0.00160854274873,
                    -0.00133936549537,
                    0.00158790161368,
                    -0.00247157854028
                ],
                [
                    0.000297470076475,
                    -0.000911664450541,
                    -7.01560056768e-05,
                    -0.000251029618084,
                    0.00532201537862,
                    0.000667390762828,
                    -0.000465889082989,
                    -0.00123951211572,
                    0.000937257194892,
                    -0.00156237150077,
                    0.000734389992431,
                    -0.000128733852762,
                    -0.00119632284623
                ],
                [
                    -0.000107143430796,
                    0.0013467305107,
                    -0.000274606165476,
                    0.00122541817836,
                    0.000667390762828,
                    0.00605034129694,
                    -0.00205345428549,
                    0.00090331787942,
                    0.000350593269104,
                    3.76008465537e-05,
                    -0.00177662842907,
                    0.000234605744481,
                    -0.000922076927964
                ],
                [
                    0.00045844289707,
                    -0.000977856689133,
                    0.000296208949294,
                    -0.000289116811473,
                    -0.000465889082989,
                    -0.00205345428549,
                    0.00549454800785,
                    -0.000884863082319,
                    0.000583433429711,
                    0.000333210191457,
                    0.00157880736515,
                    -0.00117571034934,
                    0.00159225205425
                ],
                [
                    -0.000275255908491,
                    0.00138888123911,
                    -0.00010116786143,
                    0.00181332533248,
                    -0.00123951211572,
                    0.00090331787942,
                    -0.000884863082319,
                    0.00767779210582,
                    -0.00214598141611,
                    0.00157186982688,
                    -0.00299359299242,
                    0.00086008454673,
                    0.000234622319113
                ],
                [
                    0.000151809334056,
                    -0.00127513264306,
                    0.000382258847822,
                    -0.000877830490936,
                    0.000937257194892,
                    0.000350593269104,
                    0.000583433429711,
                    -0.00214598141611,
                    0.00926131103188,
                    -0.0025075620506,
                    0.00302367238328,
                    -0.000117418865557,
                    0.000742834643461
                ],
                [
                    -0.000387506996049,
                    0.00196826434694,
                    0.000346163054928,
                    0.00160854274873,
                    -0.00156237150077,
                    3.76008465537e-05,
                    0.000333210191457,
                    0.00157186982688,
                    -0.0025075620506,
                    0.0130336275324,
                    -0.00507192499936,
                    0.00287775928155,
                    -0.00104987970553
                ],
                [
                    0.00056115235202,
                    -0.00226059718989,
                    0.000493165163789,
                    -0.00133936549537,
                    0.000734389992431,
                    -0.00177662842907,
                    0.00157880736515,
                    -0.00299359299242,
                    0.00302367238328,
                    -0.00507192499936,
                    0.0145284337923,
                    -0.00515660177916,
                    0.00427512731403
                ],
                [
                    -9.89097679849e-05,
                    0.00163651222829,
                    -1.60356921697e-05,
                    0.00158790161368,
                    -0.000128733852762,
                    0.000234605744481,
                    -0.00117571034934,
                    0.00086008454673,
                    -0.000117418865557,
                    0.00287775928155,
                    -0.00515660177916,
                    0.013513292186,
                    -0.00368945626542
                ],
                [
                    0.00030254086596,
                    -0.0014871226158,
                    1.27617531689e-05,
                    -0.00247157854028,
                    -0.00119632284623,
                    -0.000922076927964,
                    0.00159225205425,
                    0.000234622319113,
                    0.000742834643461,
                    -0.00104987970553,
                    0.00427512731403,
                    -0.00368945626542,
                    0.013579018414
                ]
            ],
            "mean": [
                -19.30651474,
                105.1067276,
                -105.303939819,
                31.8676662445,
                -35.1794128418,
                17.3838996887,
                -34.2540245056,
                13.8802919388,
                -24.6114006042,
                0.251073539257,
                -13.4596853256,
                -1.0147241354,
                -14.8464136124
            ]
        },
        "hfc": {
            "dmean": 7.25090169907,
            "dmean2": 10.8200445175,
            "dvar": 281.070007324,
            "dvar2": 522.936767578,
            "max": 484.449554443,
            "mean": 24.200050354,
            "median": 18.2877254486,
            "min": 1.19201001138e-16,
            "var": 888.713317871
        },
        "melbands": {
            "dmean": [
                0.000923459650949,
                0.00122034084052,
                0.000687922525685,
                0.000382518133847,
                0.000169913721038,
                0.000101619589259,
                0.000144644509419,
                0.000123615362099,
                7.27323058527e-05,
                5.59539039386e-05,
                4.11014189012e-05,
                4.45696641691e-05,
                3.55607226084e-05,
                3.26910667354e-05,
                5.42775451322e-05,
                5.32727499376e-05,
                3.50671725755e-05,
                4.22839839302e-05,
                2.6673593311e-05,
                2.14953470277e-05,
                2.45939882006e-05,
                1.84292257472e-05,
                1.70376442838e-05,
                8.80264178704e-06,
                6.3360716922e-06,
                8.21857975097e-06,
                6.29433907307e-06,
