{
    "lowlevel": {
        "average_loudness": 0.801893830299,
        "barkbands": {
            "dmean": [
                4.42822965852e-05,
                0.00228036870249,
                0.00265411310829,
                0.000962503021583,
                0.00201918347739,
                0.00128226238303,
                0.00126767356414,
                0.00110806734301,
                0.000600573141128,
                0.000584714638535,
                0.000486001867102,
                0.000610851973761,
                0.000271903059911,
                0.000290094496449,
                0.0002675014548,
                0.000236500476603,
                0.000197821806069,
                0.000108863809146,
                4.81516908621e-05,
                8.60904037836e-05,
                2.78327333945e-05,
                3.22501073242e-05,
                4.48318241979e-05,
                0.000106313083961,
                0.000165350429597,
                4.21502445533e-05,
                7.45332135921e-06
            ],
            "dmean2": [
                7.58221067372e-05,
                0.00382500630803,
                0.00472487509251,
                0.00161548925098,
                0.00338401645422,
                0.00197199569084,
                0.00197051186115,
                0.00165446382016,
                0.000879938597791,
                0.000889566668775,
                0.000743618176784,
                0.000919181271456,
                0.000427596940426,
                0.000445494457381,
                0.000404600665206,
                0.000357006414561,
                0.0002998408454,
                0.000169428501977,
                7.18430237612e-05,
                0.000124080426758,
                4.2060350097e-05,
                4.75823981105e-05,
                6.81530582369e-05,
                0.000160646435688,
                0.00026132693165,
                6.70738954796e-05,
                1.10426271931e-05
            ],
            "dvar": [
                1.1058770788e-08,
                5.00266723975e-05,
                5.26247167727e-05,
                3.52887013833e-06,
                1.05425242509e-05,
                5.66743301533e-06,
                4.91612490805e-06,
                5.63306821277e-06,
                1.23822496789e-06,
                1.96984728973e-06,
                1.20123524994e-06,
                1.3541817907e-06,
                3.59118445203e-07,
                5.02723764839e-07,
                4.56331605392e-07,
                4.41815018348e-07,
                1.53233941091e-07,
                7.31921545594e-08,
                1.47653205218e-08,
                6.28567775607e-08,
                3.42754180593e-09,
                9.08162611779e-09,
                4.09261105005e-08,
                2.54867757121e-07,
                5.96348797899e-07,
                7.41132737403e-08,
                1.79527648303e-09
            ],
            "dvar2": [
                3.1040539028e-08,
                0.000132929868414,
                0.000153363711433,
                9.62711692409e-06,
                2.88952796836e-05,
                1.24641928778e-05,
                1.14120157377e-05,
                1.12847856144e-05,
                2.55960412687e-06,
                4.66190749648e-06,
                2.82903260995e-06,
                3.09094025397e-06,
                8.11665586298e-07,
                1.13103067179e-06,
                9.89698833109e-07,
                9.40261486448e-07,
                3.43214708209e-07,
                1.59804571354e-07,
                3.11215408999e-08,
                1.30298985823e-07,
                7.94262522419e-09,
                2.09616910496e-08,
                9.43251521335e-08,
                5.54856171675e-07,
                1.50217499595e-06,
                1.89894436176e-07,
                4.4530867882e-09
            ],
            "max": [
                0.00141454103868,
                0.0894114971161,
                0.0915934443474,
                0.0238781943917,
                0.058470338583,
                0.0516728423536,
                0.0432955473661,
                0.071134224534,
                0.0293370839208,
                0.0383966751397,
                0.0236761197448,
                0.0308910515159,
                0.0117090540007,
                0.0132061997429,
                0.0151389753446,
                0.019586334005,
                0.00844917539507,
                0.0083361743018,
                0.00384092330933,
                0.00570224644616,
                0.00154067273252,
                0.00371611118317,
                0.00464931083843,
                0.0118233999237,
                0.0163776632398,
                0.00945258047432,
                0.0013662672136
            ],
            "mean": [
                0.000113241185318,
                0.00420391606167,
                0.00362796313129,
                0.00147057860158,
                0.00433599203825,
                0.00314906588756,
                0.00317371333949,
                0.00254239351489,
                0.00151584448759,
                0.00112094124779,
                0.000971525674686,
                0.00131763878744,
                0.000514247396495,
                0.000509122794028,
                0.000504224852193,
                0.00045473704813,
                0.000443366356194,
                0.0002152735251,
                9.53394846874e-05,
                0.00018379422545,
                5.9627884184e-05,
                6.23023734079e-05,
                6.64083345328e-05,
                0.000145789963426,
                0.000214103420149,
                4.88300975121e-05,
                8.50170727063e-06
            ],
            "median": [
                9.97923489194e-05,
                0.00325237773359,
                0.00225081061944,
                0.00072129588807,
                0.00270692212507,
                0.00156190898269,
                0.00145823077764,
                0.000920680002309,
                0.0007508196868,
                0.000410950684454,
                0.00030456125387,
                0.000628016423434,
                0.000248553551501,
                0.000193858490093,
                0.000147998114699,
                0.000151592350448,
                0.000179307928192,
                0.000103069949546,
                3.80363198929e-05,
                4.0030121454e-05,
                2.30267978623e-05,
                2.02340743272e-05,
                1.22190904221e-05,
                2.43225804297e-05,
                3.56671625923e-05,
                8.94974073162e-06,
                5.96160532496e-07
            ],
            "min": [
                5.3555332982e-25,
                3.48062786323e-24,
                5.59769387458e-25,
                8.22837489536e-25,
                1.44297442818e-23,
                9.83771553278e-24,
                7.24751678289e-24,
                1.20072344834e-23,
                1.72777956292e-23,
                1.40573830019e-23,
                1.19017085601e-23,
                2.10853842496e-23,
                2.00753646118e-23,
                4.27676332818e-23,
                4.08710728261e-23,
                7.11408395845e-23,
                6.54961359108e-23,
                1.04199084492e-22,
                1.26132699319e-22,
                1.64691841713e-22,
                2.05374875343e-22,
                3.5600598455e-22,
                3.93549982866e-22,
                5.28322842177e-22,
                6.77996892713e-22,
                1.33098803069e-21,
                1.98268649701e-21
            ],
            "var": [
                1.81709314262e-08,
                4.70479681098e-05,
                3.73984803446e-05,
                4.47456204711e-06,
                2.46306444751e-05,
                2.23145398195e-05,
                2.31843660004e-05,
                2.36283649429e-05,
                5.36912830285e-06,
                4.82250561618e-06,
                3.58311604032e-06,
                4.9276268328e-06,
                7.92977004949e-07,
                1.14947442853e-06,
                1.25297378872e-06,
                1.00214435861e-06,
                5.49038134068e-07,
                1.58243395276e-07,
                3.87655525458e-08,
                2.06948257642e-07,
                8.27568058526e-09,
                1.55374539901e-08,
                5.75230529876e-08,
                3.78069415774e-07,
                6.4933738031e-07,
                6.18705655597e-08,
                1.82011794525e-09
            ]
        },
        "barkbands_crest": {
            "dmean": 1.89963531494,
            "dmean2": 3.08605051041,
            "dvar": 3.50619387627,
            "dvar2": 9.29765796661,
            "max": 24.1411857605,
            "mean": 8.91512203217,
            "median": 7.98889017105,
            "min": 2.94802284241,
            "var": 14.419667244
        },
        "barkbands_flatness_db": {
            "dmean": 0.0171009860933,
            "dmean2": 0.0254274867475,
            "dvar": 0.000319198501529,
            "dvar2": 0.000671490561217,
            "max": 0.584199666977,
            "mean": 0.14983330667,
            "median": 0.138366237283,
            "min": 0.0305629000068,
            "var": 0.00377678638324
        },
        "barkbands_kurtosis": {
            "dmean": 2.16462421417,
            "dmean2": 3.34533143044,
            "dvar": 17.4654521942,
            "dvar2": 36.2509918213,
            "max": 304.2421875,
            "mean": 5.31231069565,
            "median": 2.00222921371,
            "min": -1.88992750645,
            "var": 321.853546143
        },
        "barkbands_skewness": {
            "dmean": 0.405701220036,
            "dmean2": 0.62348395586,
            "dvar": 0.196080461144,
            "dvar2": 0.455132246017,
            "max": 13.2833433151,
            "mean": 1.46801161766,
            "median": 1.28870105743,
            "min": -2.50009894371,
            "var": 1.78688585758
        },
        "barkbands_spread": {
            "dmean": 4.4607257843,
            "dmean2": 6.70239877701,
            "dvar": 67.2249069214,
            "dvar2": 130.522399902,
            "max": 109.536956787,
            "mean": 18.260641098,
            "median": 15.0682840347,
            "min": 0.362842559814,
            "var": 197.033050537
        },
        "dissonance": {
            "dmean": 0.0221841167659,
            "dmean2": 0.0371657349169,
            "dvar": 0.000485623779241,
            "dvar2": 0.00133899063803,
            "max": 0.500000119209,
            "mean": 0.449068903923,
            "median": 0.456328332424,
            "min": 0.253920078278,
            "var": 0.00118660216685
        },
        "dynamic_complexity": 3.2456741333,
        "erbbands": {
            "dmean": [
                0.0346251837909,
                0.636100113392,
                2.75679159164,
                3.14149570465,
                4.74045658112,
                7.32220315933,
                9.95902061462,
                11.3659162521,
                14.7874860764,
                21.440246582,
                21.6060523987,
                11.3086643219,
                16.650554657,
                19.5862026215,
                16.1533298492,
                18.6811923981,
                11.9905786514,
                10.9585237503,
                12.8812952042,
                13.3507986069,
                12.5830230713,
                11.0497293472,
                6.19956970215,
                2.71206259727,
                2.89115381241,
                4.28029108047,
                1.52801907063,
                1.08550190926,
                1.27330553532,
                0.875424742699,
                1.40756440163,
                1.50729238987,
                2.3149459362,
                1.88961839676,
                1.17092812061,
                0.305432796478,
                0.0585597082973,
                0.0113031463698,
                0.00115505477879,
                7.19377494534e-05
            ],
            "dmean2": [
                0.0591986179352,
                1.06935787201,
                4.90393590927,
                5.32069253922,
                8.22342777252,
                12.0969686508,
                15.3174676895,
                17.7835865021,
                22.1496696472,
                33.6181144714,
                31.5827407837,
                16.4965114594,
                25.1874103546,
                29.5036087036,
                24.209564209,
                27.8719787598,
                18.3628311157,
                16.8691883087,
                19.3522663116,
                19.5805721283,
                18.8505516052,
                16.4524154663,
                9.60147476196,
                4.09153556824,
                4.20993518829,
                6.1711101532,
                2.24719119072,
                1.62050485611,
                1.89791417122,
                1.28593099117,
                2.12919211388,
                2.24806261063,
                3.54438686371,
                2.91244292259,
                1.89104127884,
                0.490823984146,
                0.0917189717293,
                0.0172492023557,
                0.00170962349512,
                0.000102625905129
            ],
            "dvar": [
                0.00847451481968,
                4.0678730011,
                64.3462371826,
                49.4858322144,
                69.1666259766,
                182.095306396,
                318.487487793,
                586.371154785,
                710.625427246,
                1240.7277832,
                1941.51818848,
                451.961273193,
                1373.38977051,
                1634.54846191,
                1261.16271973,
                1239.4864502,
                603.322570801,
                720.401855469,
                1061.89099121,
                1096.41809082,
                995.206848145,
                481.79901123,
                247.791763306,
                47.4708213806,
                47.8000679016,
                172.327941895,
                11.345082283,
                7.97422218323,
                15.4770708084,
                7.14577293396,
                44.046585083,
                57.8006896973,
                126.109680176,
                68.1460571289,
                38.9537658691,
                3.59541082382,
                0.208628192544,
                0.00522857205942,
                4.50345578429e-05,
                1.00563262606e-07
            ],
            "dvar2": [
                0.0240234807134,
                10.7807006836,
                185.340240479,
                137.034744263,
                200.865707397,
                490.681427002,
                697.811767578,
                1372.28662109,
                1556.86328125,
                2977.45458984,
                3837.05029297,
                971.943115234,
                3340.13745117,
                3955.63476563,
                2770.78076172,
                2669.82226563,
                1329.82507324,
                1633.33508301,
                2400.62109375,
                2275.96972656,
                2238.30273438,
                1055.50268555,
                537.769226074,
                98.2339324951,
                99.1386489868,
                355.003051758,
                23.7059173584,
                18.6848773956,
                36.845664978,
                15.7916717529,
                102.047851563,
                130.182357788,
                280.866973877,
                160.666168213,
                103.46598053,
                9.62710189819,
                0.528208315372,
                0.0131083903834,
                0.000112782989163,
                2.22658783855e-07
            ],
            "max": [
                1.21902632713,
                26.6850757599,
                102.771263123,
                94.7326660156,
                127.224967957,
                220.053421021,
                386.88684082,
                630.765808105,
                741.7890625,
                658.73815918,
                1330.98681641,
                628.029663086,
                1026.99902344,
                736.120788574,
                997.122741699,
                809.784240723,
                576.544006348,
                669.881225586,
                862.270202637,
                845.519104004,
                813.691162109,
                467.043457031,
                491.590911865,
                225.0756073,
                172.992172241,
                317.406738281,
                100.579338074,
                79.6649551392,
                157.863296509,
                77.4236907959,
                147.148361206,
                287.015045166,
                264.973999023,
                163.444625854,
                144.6927948,
                64.0056304932,
                24.1714630127,
                3.40517449379,
                0.237333536148,
                0.00871643610299
            ],
            "mean": [
                0.0964807569981,
                1.03768849373,
                4.04088258743,
                4.68404436111,
                8.53247070313,
                14.551533699,
                23.2345676422,
                27.7433586121,
                40.2863464355,
                49.6247596741,
                53.1071472168,
                29.7695293427,
                39.2646331787,
                42.3384857178,
                38.2375144958,
                42.3947639465,
                25.9757442474,
                21.8085403442,
                25.5748214722,
                28.4876880646,
                26.8348140717,
                26.2076187134,
                13.5265731812,
                6.02220392227,
                6.03321170807,
                9.11868000031,
                3.50501489639,
                2.24603533745,
                2.38007450104,
                1.6509244442,
                2.01404714584,
                2.16767168045,
                3.01876783371,
                2.50837063789,
                1.42664647102,
                0.351178586483,
                0.0662797167897,
                0.0128372898325,
                0.00135091831908,
                0.000111631699838
            ],
            "median": [
                0.0701797828078,
                0.739244401455,
                2.69807219505,
                2.66354441643,
                4.3017373085,
                7.66674423218,
                13.4256000519,
                12.5040683746,
                19.2656173706,
                26.9313735962,
                21.1024112701,
                14.694190979,
                19.3050117493,
                16.290561676,
                17.1992855072,
                21.0333976746,
                13.6727180481,
                10.0662965775,
                8.96042156219,
                8.47934150696,
                11.1156282425,
                10.9859571457,
                6.83199882507,
                2.83677649498,
                2.16597414017,
                1.84113419056,
                1.22064614296,
                0.793231070042,
                0.7282320261,
                0.509641051292,
                0.342062413692,
                0.395158797503,
                0.444914758205,
                0.389980733395,
                0.230978965759,
                0.0703271478415,
                0.0101790577173,
                0.00131966464687,
                0.000133657100378,
                4.57411551906e-05
            ],
            "min": [
                8.28209792044e-23,
                3.15007330828e-22,
                1.3348071777e-21,
                2.98907934357e-21,
                1.14079119762e-20,
                3.7582741105e-20,
                4.14541143928e-20,
                6.29740807519e-20,
                1.36390205213e-19,
                2.57020164065e-19,
                4.2669837895e-19,
                5.22239290663e-19,
                6.68634852846e-19,
                9.4251874806e-19,
                1.04968392552e-18,
                1.1030855685e-18,
                1.39523324974e-18,
                2.42004344066e-18,
                3.27500925678e-18,
                3.38326321073e-18,
                3.80227878785e-18,
                5.06066989449e-18,
                4.65174157815e-18,
                5.04328379879e-18,
                6.21595955523e-18,
                6.77233405653e-18,
                5.92011179171e-18,
                1.058817902e-17,
                1.10932513661e-17,
                1.02033911427e-17,
                1.11210984015e-17,
                1.11819400171e-17,
                1.04040924562e-17,
                7.68736331809e-18,
                5.41963360671e-18,
                4.46848798524e-18,
                2.59134903e-18,
                9.52606525822e-19,
                2.58522763497e-19,
                2.49508078096e-20
            ],
            "var": [
                0.0131735773757,
                3.58434414864,
                45.7898750305,
                48.1176681519,
                132.870635986,
                386.93572998,
                1130.05810547,
                2153.31689453,
                3813.31787109,
                4339.65234375,
                8736.2578125,
                2136.1784668,
                3749.00708008,
                5087.59960938,
                4308.93505859,
                4560.78320313,
                1611.79406738,
                1568.94628906,
                2596.15258789,
                3397.27539063,
                2520.31542969,
                1879.20043945,
                575.666687012,
                138.218780518,
                134.679168701,
                571.969360352,
                40.8114585876,
                15.2287759781,
                24.4285507202,
                12.6723632813,
                61.0177459717,
                80.4392547607,
                179.38949585,
                87.6417160034,
                35.3904075623,
                2.85910701752,
                0.170129776001,
                0.00472976826131,
                4.42187738372e-05,
                1.32554845322e-07
            ]
        },
        "erbbands_crest": {
            "dmean": 2.04637646675,
            "dmean2": 3.26931881905,
            "dvar": 3.79731702805,
            "dvar2": 9.7344789505,
            "max": 30.1386051178,
            "mean": 8.75819778442,
            "median": 8.06445026398,
            "min": 2.23985385895,
            "var": 12.4469022751
        },
        "erbbands_flatness_db": {
            "dmean": 0.0157257094979,
            "dmean2": 0.0217165239155,
            "dvar": 0.000287694798317,
            "dvar2": 0.000515741412528,
            "max": 0.555082201958,
            "mean": 0.170858502388,
            "median": 0.163127958775,
            "min": 0.023808894679,
            "var": 0.00335104041733
        },
        "erbbands_kurtosis": {
            "dmean": 0.768190741539,
            "dmean2": 1.19161105156,
            "dvar": 1.00597655773,
            "dvar2": 2.27249693871,
            "max": 34.0143318176,
            "mean": 0.831304192543,
            "median": 0.244861766696,
            "min": -1.78647446632,
            "var": 4.25447034836
        },
        "erbbands_skewness": {
            "dmean": 0.293121755123,
            "dmean2": 0.442689031363,
            "dvar": 0.0744845122099,
            "dvar2": 0.168426334858,
            "max": 5.17401409149,
            "mean": 0.488419383764,
            "median": 0.474788069725,
            "min": -1.88960313797,
            "var": 0.447962850332
        },
        "erbbands_spread": {
            "dmean": 6.36912250519,
            "dmean2": 9.33195114136,
            "dvar": 96.2136077881,
            "dvar2": 186.471603394,
            "max": 159.201980591,
            "mean": 32.0884666443,
            "median": 28.3508720398,
            "min": 1.17273712158,
            "var": 358.100341797
        },
        "gfcc": {
            "cov": [
                [
                    22277.0859375,
                    -895.243103027,
                    -956.973510742,
                    677.094970703,
                    -989.17767334,
                    476.663726807,
                    -819.175170898,
                    583.811035156,
                    -489.716766357,
                    450.248046875,
                    -305.55368042,
                    123.176895142,
                    -249.189376831
                ],
                [
                    -895.243103027,
                    1772.18554688,
                    -633.722900391,
                    -331.227355957,
                    230.105728149,
                    -294.480957031,
                    197.375778198,
                    -156.175811768,
                    118.979766846,
                    -241.064025879,
                    67.3376541138,
                    -22.7688331604,
                    77.8850250244
                ],
                [
                    -956.973510742,
                    -633.722900391,
                    950.459960938,
                    170.975296021,
                    -11.9724588394,
                    355.033294678,
                    -10.7775011063,
                    118.79536438,
                    53.7968788147,
                    142.668640137,
                    57.8239746094,
                    68.1841201782,
                    -39.6387939453
                ],
                [
                    677.094970703,
                    -331.227355957,
                    170.975296021,
                    499.00994873,
                    33.1701507568,
                    111.525550842,
                    5.64036130905,
                    35.4672966003,
                    96.3579025269,
                    96.3963928223,
                    17.1797962189,
                    42.409034729,
                    -2.31894183159
                ],
                [
                    -989.17767334,
                    230.105728149,
                    -11.9724588394,
                    33.1701507568,
                    298.75177002,
                    5.43184566498,
                    98.6952438354,
                    8.79936695099,
                    106.890098572,
                    -13.7530584335,
                    23.3073005676,
                    10.8774528503,
                    25.7335224152
                ],
                [
                    476.663726807,
                    -294.480957031,
                    355.033294678,
                    111.525550842,
                    5.43184566498,
                    405.963470459,
                    34.8401184082,
                    141.001205444,
                    69.6683731079,
                    106.155555725,
                    38.010723114,
                    36.136554718,
                    -6.71650934219
                ],
                [
                    -819.175170898,
                    197.375778198,
                    -10.7775011063,
                    5.64036130905,
                    98.6952438354,
                    34.8401184082,
                    260.703277588,
                    -5.34262180328,
                    105.680374146,
                    -44.1183700562,
                    36.0137557983,
                    23.5609436035,
                    6.71721887589
                ],
                [
                    583.811035156,
                    -156.175811768,
                    118.79536438,
                    35.4672966003,
                    8.79936695099,
                    141.001205444,
                    -5.34262180328,
                    183.313095093,
                    19.7730102539,
                    70.6057739258,
                    4.82505226135,
                    8.16022014618,
                    1.56141722202
                ],
                [
                    -489.716766357,
                    118.979766846,
                    53.7968788147,
                    96.3579025269,
                    106.890098572,
                    69.6683731079,
                    105.680374146,
                    19.7730102539,
                    200.7318573,
                    22.7252426147,
                    34.9966163635,
                    23.0340919495,
                    13.3676986694
                ],
                [
                    450.248046875,
                    -241.064025879,
                    142.668640137,
                    96.3963928223,
                    -13.7530584335,
                    106.155555725,
                    -44.1183700562,
                    70.6057739258,
                    22.7252426147,
                    154.603973389,
                    7.63449001312,
                    -1.86526954174,
                    -15.1892461777
                ],
                [
                    -305.55368042,
                    67.3376541138,
                    57.8239746094,
                    17.1797962189,
                    23.3073005676,
                    38.010723114,
                    36.0137557983,
                    4.82505226135,
                    34.9966163635,
                    7.63449001312,
                    84.1902542114,
                    20.1244831085,
                    1.8573217392
                ],
                [
                    123.176895142,
                    -22.7688331604,
                    68.1841201782,
                    42.409034729,
                    10.8774528503,
                    36.136554718,
                    23.5609436035,
                    8.16022014618,
                    23.0340919495,
                    -1.86526954174,
                    20.1244831085,
                    82.2428817749,
                    6.1122713089
                ],
                [
                    -249.189376831,
                    77.8850250244,
                    -39.6387939453,
                    -2.31894183159,
                    25.7335224152,
                    -6.71650934219,
                    6.71721887589,
                    1.56141722202,
                    13.3676986694,
                    -15.1892461777,
                    1.8573217392,
                    6.1122713089,
                    81.0288696289
                ]
            ],
            "icov": [
                [
                    0.00012018444977,
                    -0.000102804930066,
                    0.000300502113532,
                    -0.000243084185058,
                    0.000318509584758,
                    -0.000286772527033,
                    0.000249146280112,
                    -0.000345576438121,
                    0.000209290999919,
                    -0.000193642030354,
                    0.000348567526089,
                    -0.000465408782475,
                    0.000425839825766
                ],
                [
                    -0.000102804930066,
                    0.00135304324795,
                    0.00033564545447,
                    0.000851095886901,
                    -0.000807058881037,
                    0.000410345412092,
                    -0.00032820017077,
                    0.00054951076163,
                    -0.00100819696672,
                    0.00102304550819,
                    -0.00148980307858,
                    0.000504484865814,
                    -0.000767014164012
                ],
                [
                    0.000300502113532,
                    0.00033564545447,
                    0.00277390074916,
                    -0.000446014513727,
                    0.00050734647084,
                    -0.0019410031382,
                    0.000814305909444,
                    -0.000586263136938,
                    0.000267212832114,
                    -0.000656853662804,
                    -0.000184226519195,
                    -0.00197636056691,
                    0.00155359471682
                ],
                [
                    -0.000243084185058,
                    0.000851095886901,
                    -0.000446014513727,
                    0.0034328524489,
                    -0.000959990080446,
                    0.000526142423041,
                    -0.00032791911508,
                    0.00122201372869,
                    -0.00193032191601,
                    -0.000569499097764,
                    -0.000959353987128,
                    -8.85171102709e-05,
                    -0.00109308632091
                ],
                [
                    0.000318509584758,
                    -0.000807058881037,
                    0.00050734647084,
                    -0.000959990080446,
                    0.00551913958043,
                    -0.00036665936932,
                    -0.000167306163348,
                    -0.00149195909034,
                    -0.00104123644996,
                    -0.000561560853384,
                    0.00116617779713,
                    -0.00103166711051,
                    0.00035301479511
                ],
                [
                    -0.000286772527033,
                    0.000410345412092,
                    -0.0019410031382,
                    0.000526142423041,
                    -0.00036665936932,
                    0.00576647277921,
                    -0.00137263187207,
                    -0.00167467189021,
                    -0.00125932658557,
                    -0.000546514580492,
                    -0.0015439982526,
                    0.000776462198701,
                    -0.00138818810228
                ],
                [
                    0.000249146280112,
                    -0.00032820017077,
                    0.000814305909444,
                    -0.00032791911508,
                    -0.000167306163348,
                    -0.00137263187207,
                    0.00642450200394,
                    -0.000674295937642,
                    -0.00208564708009,
                    0.00175464106724,
                    -0.00033063875162,
                    -0.00153891311493,
                    0.00168706104159
                ],
                [
                    -0.000345576438121,
                    0.00054951076163,
                    -0.000586263136938,
                    0.00122201372869,
                    -0.00149195909034,
                    -0.00167467189021,
                    -0.000674295937642,
                    0.00925030838698,
                    -0.000483302137582,
                    -0.0018438276602,
                    -0.000461272575194,
                    0.0010867533274,
                    -0.00196742126718
                ],
                [
                    0.000209290999919,
                    -0.00100819696672,
                    0.000267212832114,
                    -0.00193032191601,
                    -0.00104123644996,
                    -0.00125932658557,
                    -0.00208564708009,
                    -0.000483302137582,
                    0.00943807233125,
                    -0.00221373187378,
                    0.000117525858514,
                    -0.00122046552133,
                    0.000214051062358
                ],
                [
                    -0.000193642030354,
                    0.00102304550819,
                    -0.000656853662804,
                    -0.000569499097764,
                    -0.000561560853384,
                    -0.000546514580492,
                    0.00175464106724,
                    -0.0018438276602,
                    -0.00221373187378,
                    0.0117650898173,
                    -0.00201100576669,
                    0.00274673197418,
                    0.000516157131642
                ],
                [
                    0.000348567526089,
                    -0.00148980307858,
                    -0.000184226519195,
                    -0.000959353987128,
                    0.00116617779713,
                    -0.0015439982526,
                    -0.00033063875162,
                    -0.000461272575194,
                    0.000117525858514,
                    -0.00201100576669,
                    0.0162024535239,
                    -0.00377271487378,
                    0.00144117174204
                ],
                [
                    -0.000465408782475,
                    0.000504484865814,
                    -0.00197636056691,
                    -8.85171102709e-05,
                    -0.00103166711051,
                    0.000776462198701,
                    -0.00153891311493,
                    0.0010867533274,
                    -0.00122046552133,
                    0.00274673197418,
                    -0.00377271487378,
                    0.016344960779,
                    -0.002817153465
                ],
                [
                    0.000425839825766,
                    -0.000767014164012,
                    0.00155359471682,
                    -0.00109308632091,
                    0.00035301479511,
                    -0.00138818810228,
                    0.00168706104159,
                    -0.00196742126718,
                    0.000214051062358,
                    0.000516157131642,
                    0.00144117174204,
                    -0.002817153465,
                    0.0150286452845
                ]
            ],
            "mean": [
                -15.9009685516,
                113.172485352,
                -107.191017151,
                7.50837850571,
                -52.9765548706,
                10.4381170273,
                -44.9527778625,
                12.3901805878,
                -24.8447265625,
                1.74496912956,
                -14.1902389526,
                -0.530163526535,
                -6.51262569427
            ]
        },
        "hfc": {
            "dmean": 5.90760755539,
            "dmean2": 8.95864200592,
            "dvar": 228.025039673,
            "dvar2": 547.220458984,
            "max": 336.35345459,
            "mean": 22.0251312256,
            "median": 17.5175609589,
            "min": 1.0601899134e-16,
            "var": 467.463653564
        },
        "melbands": {
            "dmean": [
                0.000471706036478,
                0.00122164317872,
                0.000551612349227,
                0.000430049753049,
                0.000336873839842,
                0.000247522257268,
                0.000234990700847,
                0.000244056922384,
                0.000156567271915,
                7.83505383879e-05,
                8.86558482307e-05,
                8.35218525026e-05,
                5.55101469217e-05,
                7.08971128915e-05,
                4.18093659391e-05,
                2.91836277029e-05,
                2.15236450458e-05,
                2.45205319516e-05,
                2.31582762353e-05,
                1.63151835295e-05,
                1.55181733135e-05,
                1.32755694722e-05,
                7.24758410797e-06,
                5.02188959217e-06,
                2.09369136428e-06,
                1.9340095605e-06,
                2.91020865006e-06,
