{
    "lowlevel": {
        "average_loudness": 0.977542161942,
        "barkbands": {
            "dmean": [
                0.000624463369604,
                0.0096833948046,
                0.00395320449024,
                0.00128486845642,
                0.00104485277552,
                0.00066720409086,
                0.000700527976733,
                0.000474169821246,
                0.00090765801724,
                0.000922911625821,
                0.000472862302558,
                0.000220249421545,
                0.000370082852896,
                0.000290677882731,
                0.000513528764714,
                0.000285586575046,
                0.000234206658206,
                0.000222095637582,
                0.000217577049625,
                0.000321763800457,
                0.000352860661224,
                0.000676265393849,
                0.00065439887112,
                0.00116380420513,
                0.000991241075099,
                0.000876136415172,
                0.000294169789413
            ],
            "dmean2": [
                0.000873914046679,
                0.0128435110673,
                0.00665213214234,
                0.00234991288744,
                0.00187228212599,
                0.00113674683962,
                0.00114497903269,
                0.000803022296168,
                0.00137194117997,
                0.00146452698391,
                0.000720488722436,
                0.00035637061228,
                0.000562496192288,
                0.000508612545673,
                0.000840461172629,
                0.000442995136837,
                0.000356952659786,
                0.000354630465154,
                0.000352637463948,
                0.00053291808581,
                0.000556273676921,
                0.00105946767144,
                0.000972781912424,
                0.00179046404082,
                0.00143827148713,
                0.00132455653511,
                0.00042989719077
            ],
            "dvar": [
                1.25371479953e-06,
                0.000273165729595,
                6.18460690021e-05,
                9.94959100353e-06,
                5.68796122025e-06,
                3.03534397972e-06,
                2.77256640402e-06,
                1.86621207376e-06,
                7.99844019639e-06,
                8.08778622741e-06,
                1.73766613898e-06,
                5.06007040713e-07,
                1.65623032444e-06,
                1.68176859461e-06,
                4.90476577397e-06,
                5.52500637241e-07,
                3.00420850863e-07,
                1.81145694e-07,
                9.91452679955e-08,
                2.37658795754e-07,
                2.26681834192e-07,
                9.77829927251e-07,
                7.4750477097e-07,
                2.83309395854e-06,
                1.64824427884e-06,
                1.70411158251e-06,
                2.9194697504e-07
            ],
            "dvar2": [
                2.81650795841e-06,
                0.000384053739253,
                0.000167420992511,
                2.79475643765e-05,
                1.47938335431e-05,
                7.06530499883e-06,
                5.94564244238e-06,
                4.06748176829e-06,
                1.51869680849e-05,
                1.69821560121e-05,
                3.54649182555e-06,
                1.03403567664e-06,
                2.75952675111e-06,
                4.74041462439e-06,
                1.08182975964e-05,
                1.07287860374e-06,
                6.04488036515e-07,
                3.92113975067e-07,
                2.43901382646e-07,
                5.62563968742e-07,
                5.12061717473e-07,
                2.24690711548e-06,
                1.46599177242e-06,
                6.17941441305e-06,
                3.30900479639e-06,
                3.53218820237e-06,
                5.06763228714e-07
            ],
            "max": [
                0.015605722554,
                0.114030010998,
                0.0578765049577,
                0.022807251662,
                0.031794898212,
                0.0434695370495,
                0.0337788984179,
                0.027640407905,
                0.050127428025,
                0.0487846471369,
                0.0269526783377,
                0.0246652252972,
                0.0355670824647,
                0.0225607380271,
                0.0379009991884,
                0.0174643602222,
                0.0167115163058,
                0.0136917736381,
                0.00337854237296,
                0.00643497519195,
                0.00458360696211,
                0.0152401439846,
                0.0165495593101,
                0.0149288885295,
                0.017212767154,
                0.0190354324877,
                0.0183343719691
            ],
            "mean": [
                0.00102841039188,
                0.0228295940906,
                0.00518202129751,
                0.000896587735042,
                0.000850601471029,
                0.000616801611613,
                0.000902929285076,
                0.000512264086865,
                0.00130152294878,
                0.00188413145952,
                0.000746949401218,
                0.000276430801023,
                0.000499502348248,
                0.000287433358608,
                0.000658025732264,
                0.000424377911258,
                0.000361873302609,
                0.000327191664837,
                0.000337114994181,
                0.000489174562972,
                0.000580537249334,
                0.00106315885205,
                0.00129363546148,
                0.0019695200026,
                0.00210907869041,
                0.00179116788786,
                0.000545775401406
            ],
            "median": [
                5.87027752772e-05,
                0.00386701710522,
                0.000618045742158,
                0.000124752274132,
                0.000140676100273,
                8.02753347671e-05,
                0.000146435486386,
                5.75281737838e-05,
                0.000130465166876,
                8.42446243041e-05,
                6.09777780483e-05,
                3.89387460018e-05,
                6.4745770942e-05,
                5.68890245631e-05,
                0.000111773973913,
                0.000124234749819,
                0.00012953861733,
                0.000130305605126,
                0.000171534004039,
                0.000237529136939,
                0.000360454665497,
                0.000663967046421,
                0.00078471947927,
                0.00120527867693,
                0.00114623294212,
                0.00080905854702,
                0.00017024949193
            ],
            "min": [
                1.19682430843e-15,
                1.1761293877e-15,
                2.93707377441e-16,
                6.99404633669e-17,
                1.14535080444e-16,
                5.15462641205e-16,
                4.50747841728e-16,
                1.75591200515e-16,
                6.55417789201e-16,
                5.4621480763e-16,
                8.71680123712e-16,
                5.76565586317e-16,
                1.03837546658e-15,
                2.07315803115e-15,
                1.2105354425e-15,
                5.65446478939e-16,
                9.09219035747e-16,
                3.8668393413e-16,
                5.72607454294e-16,
                5.54044589612e-15,
                1.61914074813e-15,
                5.35002272518e-15,
                5.80669206837e-15,
                7.72730878308e-15,
                5.22443950284e-15,
                9.72361975009e-15,
                1.48698243253e-14
            ],
            "var": [
                3.2390096294e-06,
                0.000991612905636,
                7.80156406108e-05,
                6.12281655776e-06,
                5.56645181859e-06,
                3.84461191061e-06,
                5.04628860654e-06,
                2.57089277511e-06,
                1.68967726495e-05,
                3.91494868381e-05,
                4.70234363092e-06,
                9.35899151955e-07,
                3.04576042254e-06,
                1.29650140934e-06,
                6.92395542501e-06,
                1.19264620935e-06,
                6.77586854181e-07,
                3.95619764504e-07,
                1.81378155162e-07,
                4.12967636976e-07,
                4.42440835968e-07,
                1.65548476616e-06,
                2.78639345197e-06,
                5.4372599152e-06,
                5.29946737515e-06,
                5.41296458323e-06,
                1.46030356518e-06
            ]
        },
        "barkbands_crest": {
            "dmean": 3.6603474617,
            "dmean2": 5.23961877823,
            "dvar": 14.913901329,
            "dvar2": 24.9307670593,
            "max": 26.4936275482,
            "mean": 13.6539011002,
            "median": 12.6319618225,
            "min": 2.19135260582,
            "var": 55.7046318054
        },
        "barkbands_flatness_db": {
            "dmean": 0.0473859198391,
            "dmean2": 0.0645233690739,
            "dvar": 0.00297108967789,
            "dvar2": 0.00493534654379,
            "max": 0.480891108513,
            "mean": 0.168353065848,
            "median": 0.14462313056,
            "min": 0.0207638964057,
            "var": 0.0104999458417
        },
        "barkbands_kurtosis": {
            "dmean": 31.8170700073,
            "dmean2": 45.9220695496,
            "dvar": 10536.0507813,
            "dvar2": 22098.1679688,
            "max": 1533.34423828,
            "mean": 35.1528892517,
            "median": -0.0138209657744,
            "min": -1.96829497814,
            "var": 12732.2275391
        },
        "barkbands_skewness": {
            "dmean": 1.72705078125,
            "dmean2": 2.21995043755,
            "dvar": 8.34445476532,
            "dvar2": 13.6241102219,
            "max": 33.56848526,
            "mean": 2.66140913963,
            "median": 0.920689702034,
            "min": -4.92846107483,
            "var": 22.1469268799
        },
        "barkbands_spread": {
            "dmean": 16.01745224,
            "dmean2": 23.917098999,
            "dvar": 395.470214844,
            "dvar2": 680.729492188,
            "max": 126.623985291,
            "mean": 48.3732185364,
            "median": 46.365776062,
            "min": 0.172715395689,
            "var": 1176.39123535
        },
        "dissonance": {
            "dmean": 0.0156705547124,
            "dmean2": 0.0260719191283,
            "dvar": 0.000359799247235,
            "dvar2": 0.00094149063807,
            "max": 0.500000059605,
            "mean": 0.473899126053,
            "median": 0.482319533825,
            "min": 0.293079674244,
            "var": 0.000682567886543
        },
        "dynamic_complexity": 2.25769424438,
        "erbbands": {
            "dmean": [
                0.398217111826,
                2.10870504379,
                4.23965072632,
                4.63645982742,
                3.07567310333,
                3.60612916946,
                4.89169502258,
                5.31620931625,
                10.0412998199,
                8.93865871429,
                11.529004097,
                22.7311115265,
                19.2218341827,
                30.721540451,
                16.2480640411,
                9.19768047333,
                16.8415317535,
                14.0275936127,
                29.5996513367,
                16.1402587891,
                12.9175920486,
                12.7738418579,
                11.7527084351,
                10.3221569061,
                11.7745494843,
                15.587023735,
                14.2510547638,
                15.1602277756,
                22.3843784332,
                24.2097835541,
                20.1217308044,
                20.6347637177,
                20.8735389709,
                11.1565208435,
                7.70361804962,
                4.05989742279,
                1.64776957035,
                0.431092500687,
                0.0491686277092,
                0.00172802899033
            ],
            "dmean2": [
                0.484700292349,
                2.95853662491,
                6.7918047905,
                8.26274681091,
                5.58089256287,
                6.32784700394,
                8.45973300934,
                9.01525878906,
                16.6551475525,
                14.5659284592,
                18.5845870972,
                33.4511184692,
                28.6731472015,
                46.7174949646,
                24.5091266632,
                14.6984472275,
                26.2148094177,
                23.2540531158,
                45.8093223572,
                24.9332408905,
                20.1297206879,
                19.4658279419,
                18.3893985748,
                16.5119915009,
                19.124458313,
                25.8281955719,
                22.5588512421,
                24.1580085754,
                35.0746383667,
                37.9794158936,
                29.565158844,
                30.7688350677,
                32.7171669006,
                16.849653244,
                11.1467847824,
                6.08172941208,
                2.50179767609,
                0.660164654255,
                0.0699881911278,
                0.00250971852802
            ],
            "dvar": [
                0.413711667061,
                14.9000740051,
                56.1959075928,
                121.222335815,
                54.6909179688,
                70.9309616089,
                189.482955933,
                179.44190979,
                541.802307129,
                452.932952881,
                1215.64904785,
                5138.76025391,
                4590.15283203,
                8321.4140625,
                2236.68188477,
                1099.87011719,
                2820.45117188,
                4487.81787109,
                16094.9990234,
                2008.39916992,
                703.789550781,
                837.864624023,
                469.144989014,
                251.727325439,
                271.741485596,
                628.736816406,
                403.083892822,
                393.36026001,
                1079.25305176,
                1629.93688965,
                760.087646484,
                822.37878418,
                989.67956543,
                226.11630249,
                97.9519729614,
                32.4525260925,
                6.3565196991,
                0.529527008533,
                0.00913990009576,
                1.76685043698e-05
            ],
            "dvar2": [
                0.593648612499,
                25.1326961517,
                144.976318359,
                339.3515625,
                151.832351685,
                175.361633301,
                423.268310547,
                426.277038574,
                1246.84484863,
                909.928405762,
                2541.88500977,
                10271.9052734,
                9034.95410156,
                16288.7900391,
                4703.04785156,
                2183.4152832,
                5320.18701172,
                11708.6367188,
                37858.0976563,
                3863.65991211,
                1449.91564941,
                1632.51904297,
                1037.59631348,
                585.886108398,
                670.065307617,
                1514.1595459,
                906.473327637,
                896.874206543,
                2543.06079102,
                4016.36181641,
                1535.22143555,
                1690.60852051,
                2175.39477539,
                499.225402832,
                195.896972656,
                69.9166564941,
                13.1866111755,
                1.16391921043,
                0.0156047893688,
                2.42072528636e-05
            ],
            "max": [
                4.3251709938,
                28.6446228027,
                61.4990768433,
                79.8963165283,
                60.3996772766,
                172.116210938,
                333.517456055,
                245.545379639,
                320.5965271,
                396.448455811,
                661.245666504,
                1576.10693359,
                1924.35998535,
                1648.85717773,
                1189.50061035,
                1250.94372559,
                1401.43444824,
                1346.48376465,
                2505.09570313,
                929.699707031,
                591.154663086,
                919.069091797,
                698.554077148,
                241.055847168,
                228.797286987,
                420.813323975,
                190.364562988,
                207.864929199,
                375.857757568,
                978.876403809,
                536.810791016,
                337.201751709,
                285.394439697,
                203.220336914,
                127.396881104,
                69.5647277832,
                35.2566375732,
                14.1906509399,
                3.60403013229,
                0.197320461273
            ],
            "mean": [
                0.881713151932,
                4.25354623795,
                6.17350721359,
                4.63232374191,
                2.34136509895,
                2.96408987045,
                4.1800403595,
                5.34955120087,
                12.7770423889,
                10.710100174,
                14.7917098999,
                32.5417747498,
                32.4252319336,
                64.1484146118,
                27.1159954071,
                13.5838136673,
                22.9552574158,
                15.7601213455,
                36.9516487122,
                22.0353069305,
                22.3092041016,
                20.7510623932,
                18.5625648499,
                16.2108860016,
                19.0216007233,
                23.0166816711,
                23.1983947754,
                25.5935287476,
                36.0353088379,
                40.0077514648,
                38.0475959778,
                37.7463989258,
                34.0541000366,
                22.701253891,
                15.2002515793,
                8.18884563446,
                3.2572259903,
                0.774325430393,
                0.0963377282023,
                0.00348385074176
            ],
            "median": [
                0.0424365922809,
                1.34828090668,
                1.85146164894,
                0.949258923531,
                0.558246970177,
                0.420581519604,
                0.538013577461,
                0.869709253311,
                2.04384279251,
                2.55808639526,
                2.28528881073,
                3.88037848473,
                2.93205833435,
                3.50684118271,
                3.4214515686,
                2.22878885269,
                3.36179709435,
                3.07952618599,
                5.83341598511,
                5.86121940613,
                7.91289710999,
                8.49181365967,
                7.94212245941,
                7.76825046539,
                11.2761497498,
                11.486492157,
                12.9533061981,
                16.3214416504,
                23.0934753418,
                22.0751953125,
                22.8578414917,
                23.7176742554,
                19.6866855621,
                13.2167139053,
                8.0906124115,
                4.03741121292,
                1.39940786362,
                0.261325538158,
                0.0309471469373,
                0.00101461075246
            ],
            "min": [
                5.22847654657e-14,
                2.01535131899e-13,
                3.64127510696e-13,
                3.05845491077e-13,
                1.39491039162e-13,
                4.65847087468e-13,
                1.47713427861e-12,
                5.26005714679e-12,
                8.15784852864e-12,
                2.72668844968e-12,
                5.85878481146e-12,
                1.45164410006e-11,
                1.2041608162e-11,
                4.05094985334e-11,
                2.13155812445e-11,
                2.44143837091e-11,
                4.06022750143e-11,
                1.20759249822e-10,
                6.15131140469e-11,
                4.20529340517e-11,
                4.53243102772e-11,
                4.17242872197e-11,
                2.27405871911e-11,
                2.09055706774e-11,
                1.15732951e-10,
                2.69581162948e-10,
                8.85339232481e-11,
                1.01563243926e-10,
                1.42132985936e-10,
                1.4360926337e-10,
                2.07581271616e-10,
                1.78545303542e-10,
                8.95883159324e-11,
                4.68510959195e-11,
                4.83269674278e-11,
                4.52551329744e-11,
                1.55167805688e-11,
                4.83510974314e-12,
                2.05789964063e-12,
                2.35387582906e-13
            ],
            "var": [
                1.74799513817,
                36.3136787415,
                84.7921447754,
                88.7560653687,
                36.2000656128,
                74.1929473877,
                239.480728149,
                237.587402344,
                974.922424316,
                756.030029297,
                1789.81994629,
                11202.2646484,
                12305.6826172,
                40423.7460938,
                5908.67236328,
                2246.38867188,
                4975.53857422,
                3770.47167969,
                22238.5292969,
                3613.27148438,
                2444.90332031,
                2012.56323242,
                1205.47302246,
                512.484191895,
                492.598968506,
                967.399780273,
                778.360778809,
                806.271057129,
                1784.98388672,
                3071.39160156,
                2379.20776367,
                1997.11303711,
                1717.86474609,
                638.419433594,
                289.821014404,
                94.1839904785,
                19.6712093353,
                1.7515655756,
                0.0466080904007,
                0.000106919411337
            ]
        },
        "erbbands_crest": {
            "dmean": 2.66400766373,
            "dmean2": 4.1516327858,
            "dvar": 8.7720489502,
            "dvar2": 17.4828605652,
            "max": 32.9642791748,
            "mean": 8.17411136627,
            "median": 6.32089519501,
            "min": 2.23658370972,
            "var": 24.6187725067
        },
        "erbbands_flatness_db": {
            "dmean": 0.0206813756377,
            "dmean2": 0.0312837846577,
            "dvar": 0.000533273501787,
            "dvar2": 0.00108297390398,
            "max": 0.324785262346,
            "mean": 0.119742535055,
            "median": 0.109178043902,
            "min": 0.0413165912032,
            "var": 0.00224585970864
        },
        "erbbands_kurtosis": {
            "dmean": 1.52873587608,
            "dmean2": 2.34948253632,
            "dvar": 7.41822099686,
            "dvar2": 18.7815761566,
            "max": 32.0329399109,
            "mean": 0.959558129311,
            "median": -0.385500848293,
            "min": -1.96174788475,
            "var": 13.3016386032
        },
        "erbbands_skewness": {
            "dmean": 0.520029723644,
            "dmean2": 0.707937121391,
            "dvar": 0.49229580164,
            "dvar2": 0.950932919979,
            "max": 5.60647296906,
            "mean": -0.314194023609,
            "median": -0.288618296385,
            "min": -4.58454608917,
            "var": 1.56032574177
        },
        "erbbands_spread": {
            "dmean": 18.7741127014,
            "dmean2": 27.7196979523,
            "dvar": 514.95904541,
            "dvar2": 1052.66845703,
            "max": 215.600189209,
            "mean": 71.7429656982,
            "median": 63.003162384,
            "min": 5.73566961288,
            "var": 1558.50891113
        },
        "gfcc": {
            "cov": [
                [
                    6053.82470703,
                    -1237.23742676,
                    -1208.70825195,
                    -1364.03796387,
                    -877.501464844,
                    -448.178161621,
                    -479.28414917,
                    -173.352584839,
                    -274.351135254,
                    -100.470573425,
                    -271.758117676,
                    -39.1550292969,
                    -102.406471252
                ],
                [
                    -1237.23742676,
                    2322.30664063,
                    336.900817871,
                    497.4637146,
                    346.021881104,
                    111.539802551,
                    166.855941772,
                    157.700653076,
                    212.931716919,
                    117.93548584,
                    260.080780029,
                    61.7608146667,
                    100.034454346
                ],
                [
                    -1208.70825195,
                    336.900817871,
                    2306.22729492,
                    1393.05859375,
                    856.802062988,
                    347.491363525,
                    202.458129883,
                    114.096908569,
                    40.7909622192,
                    67.5782318115,
                    -14.7195205688,
                    -94.1509780884,
                    -230.124801636
                ],
                [
                    -1364.03796387,
                    497.4637146,
                    1393.05859375,
                    1404.55175781,
                    742.867492676,
                    374.11126709,
                    241.228439331,
                    145.454574585,
                    111.870903015,
                    54.9148406982,
                    44.868686676,
                    -78.2877120972,
                    -119.551605225
                ],
                [
                    -877.501464844,
                    346.021881104,
                    856.802062988,
                    742.867492676,
                    659.851989746,
                    343.245910645,
                    267.582183838,
                    149.606414795,
                    118.638252258,
                    62.1768493652,
                    41.0546455383,
                    -33.0417938232,
                    -74.1954803467
                ],
                [
                    -448.178161621,
                    111.539802551,
                    347.491363525,
                    374.11126709,
                    343.245910645,
                    373.880218506,
                    253.538162231,
                    140.059265137,
                    77.9448776245,
                    22.1271858215,
                    -0.611518025398,
                    -9.43941307068,
                    -24.4255046844
                ],
                [
                    -479.28414917,
                    166.855941772,
                    202.458129883,
                    241.228439331,
                    267.582183838,
                    253.538162231,
                    297.256622314,
                    164.846603394,
                    112.672233582,
                    47.4187240601,
                    27.6522006989,
                    -9.7988319397,
                    2.78854346275
                ],
                [
                    -173.352584839,
                    157.700653076,
                    114.096908569,
                    145.454574585,
                    149.606414795,
                    140.059265137,
                    164.846603394,
                    213.199234009,
                    136.7472229,
                    80.2357406616,
                    32.2203330994,
                    6.70721673965,
                    4.12340831757
                ],
                [
                    -274.351135254,
                    212.931716919,
                    40.7909622192,
                    111.870903015,
                    118.638252258,
                    77.9448776245,
                    112.672233582,
                    136.7472229,
                    180.69493103,
                    104.425750732,
                    64.314453125,
                    17.7186641693,
                    21.9810886383
                ],
                [
                    -100.470573425,
                    117.93548584,
                    67.5782318115,
                    54.9148406982,
                    62.1768493652,
                    22.1271858215,
                    47.4187240601,
                    80.2357406616,
                    104.425750732,
                    158.546112061,
                    104.964256287,
                    33.2021102905,
                    -1.09370362759
                ],
                [
                    -271.758117676,
                    260.080780029,
                    -14.7195205688,
                    44.868686676,
                    41.0546455383,
                    -0.611518025398,
                    27.6522006989,
                    32.2203330994,
                    64.314453125,
                    104.964256287,
                    178.439926147,
                    89.6408920288,
                    49.7547798157
                ],
                [
                    -39.1550292969,
                    61.7608146667,
                    -94.1509780884,
                    -78.2877120972,
                    -33.0417938232,
                    -9.43941307068,
                    -9.7988319397,
                    6.70721673965,
                    17.7186641693,
                    33.2021102905,
                    89.6408920288,
                    117.492721558,
                    78.8026046753
                ],
                [
                    -102.406471252,
                    100.034454346,
                    -230.124801636,
                    -119.551605225,
                    -74.1954803467,
                    -24.4255046844,
                    2.78854346275,
                    4.12340831757,
                    21.9810886383,
                    -1.09370362759,
                    49.7547798157,
                    78.8026046753,
                    152.178848267
                ]
            ],
            "icov": [
                [
                    0.000266409741016,
                    3.01453746943e-05,
                    4.48647988378e-05,
                    0.000168085825862,
                    3.42794883181e-05,
                    -7.27879087208e-05,
                    0.000347009510733,
                    -0.000342247658409,
                    0.000320856779581,
                    -0.000297449732898,
                    0.0003953849955,
                    -0.000183793075848,
                    0.000284717592876
                ],
                [
                    3.01453746943e-05,
                    0.00064911681693,
                    -5.34416249138e-05,
                    -1.91646249732e-05,
                    -0.00018166207883,
                    8.64330650074e-05,
                    0.000217200940824,
                    -0.000284552283119,
                    -0.00051920756232,
                    0.000808815879282,
                    -0.00142884661909,
                    0.000858418177813,
                    -0.000469791557407
                ],
                [
                    4.48647988378e-05,
                    -5.34416249138e-05,
                    0.00156385020819,
                    -0.00116182351485,
                    -0.00112867471762,
                    0.000769871345256,
                    -5.39587927051e-05,
                    -0.000165024626767,
                    0.00126823224127,
                    -0.00137858581729,
                    0.00171031826176,
                    -0.00163293129299,
                    0.00118948193267
                ],
                [
                    0.000168085825862,
                    -1.91646249732e-05,
                    -0.00116182351485,
                    0.00300983060151,
                    -0.00129264895804,
                    -0.00128176028375,
                    0.00150193378795,
                    -0.000520989648066,
                    -0.0006764564896,
                    0.00134665844962,
                    -0.00207227910869,
                    0.00257853232324,
                    -0.000666371372063
                ],
                [
                    3.42794883181e-05,
                    -0.00018166207883,
                    -0.00112867471762,
                    -0.00129264895804,
                    0.0068939672783,
                    -0.00254040304571,
                    -0.00199859775603,
                    0.00109396502376,
                    -0.0018186122179,
                    0.000558439060114,
                    -0.000866126618348,
                    -2.30134617141e-07,
                    0.000930611800868
                ],
                [
                    -7.27879087208e-05,
                    8.64330650074e-05,
                    0.000769871345256,
                    -0.00128176028375,
                    -0.00254040304571,
                    0.0095498515293,
                    -0.00616044970229,
                    -0.000651257054415,
                    0.00169144838583,
                    -0.000581499713007,
                    0.00334327900782,
                    -0.00427722418681,
                    0.00134948955383
                ],
                [
                    0.000347009510733,
                    0.000217200940824,
                    -5.39587927051e-05,
                    0.00150193378795,
                    -0.00199859775603,
                    -0.00616044970229,
                    0.0131746586412,
                    -0.00528596201912,
                    -0.000890630413778,
                    0.00172319193371,
                    -0.00343455187976,
                    0.00506765395403,
                    -0.00223256018944
                ],
                [
                    -0.000342247658409,
                    -0.000284552283119,
                    -0.000165024626767,
                    -0.000520989648066,
                    0.00109396502376,
                    -0.000651257054415,
                    -0.00528596201912,
                    0.0137623241171,
                    -0.00691776629537,
                    -0.00241887290031,
                    0.00307014677674,
                    -0.00252410024405,
                    0.00073580123717
                ],
                [
                    0.000320856779581,
                    -0.00051920756232,
                    0.00126823224127,
                    -0.0006764564896,
                    -0.0018186122179,
                    0.00169144838583,
                    -0.000890630413778,
                    -0.00691776629537,
                    0.0172936357558,
                    -0.00871159043163,
                    0.00282168015838,
                    -0.000153270681039,
                    -0.00187153520528
                ],
                [
                    -0.000297449732898,
                    0.000808815879282,
                    -0.00137858581729,
                    0.00134665844962,
                    0.000558439060114,
                    -0.000581499713007,
                    0.00172319193371,
                    -0.00241887290031,
                    -0.00871159043163,
                    0.0198448393494,
                    -0.0131823560223,
                    0.0040296507068,
                    0.00207854155451
                ],
                [
                    0.0003953849955,
                    -0.00142884661909,
                    0.00171031826176,
                    -0.00207227910869,
                    -0.000866126618348,
                    0.00334327900782,
                    -0.00343455187976,
                    0.00307014677674,
                    0.00282168015838,
                    -0.0131823560223,
                    0.0229004099965,
                    -0.0151555929333,
                    0.00211617397144
                ],
                [
                    -0.000183793075848,
                    0.000858418177813,
                    -0.00163293129299,
                    0.00257853232324,
                    -2.30134617141e-07,
                    -0.00427722418681,
                    0.00506765395403,
                    -0.00252410024405,
                    -0.000153270681039,
                    0.0040296507068,
                    -0.0151555929333,
                    0.02597989887,
                    -0.0102896122262
                ],
                [
                    0.000284717592876,
                    -0.000469791557407,
                    0.00118948193267,
                    -0.000666371372063,
                    0.000930611800868,
                    0.00134948955383,
                    -0.00223256018944,
                    0.00073580123717,
                    -0.00187153520528,
                    0.00207854155451,
                    0.00211617397144,
                    -0.0102896122262,
                    0.0139598026872
                ]
            ],
            "mean": [
                35.2881088257,
                -16.2344341278,
                -65.3179855347,
                35.6352081299,
                -48.6749572754,
                28.8331871033,
                -26.9944839478,
                19.842754364,
                -15.8442277908,
                8.87667179108,
                -17.491979599,
                3.76912927628,
                -13.407034874
            ]
        },
        "hfc": {
            "dmean": 44.1603927612,
            "dmean2": 63.2109069824,
            "dvar": 3062.38891602,
            "dvar2": 5959.34912109,
            "max": 762.466369629,
            "mean": 105.922744751,
            "median": 73.4923858643,
            "min": 6.97790325521e-10,
            "var": 10518.2333984
        },
        "melbands": {
            "dmean": [
                0.00302388635464,
                0.00208126101643,
                0.000730895553716,
                0.000235566054471,
                0.00016824141494,
                0.000123001736938,
                0.000150836858666,
                9.73599890131e-05,
                0.000107504049083,
                0.000142163335113,
                9.97348397505e-05,
                0.000130583764985,
                6.31119692116e-05,
                2.56541588897e-05,
                3.11681433232e-05,
                3.74204646505e-05,
                2.54530968959e-05,
                4.77953835798e-05,
                3.17789272231e-05,
                2.23308688874e-05,
                1.42675171446e-05,
                1.36063308673e-05,
                1.53548935486e-05,
                9.63488855632e-06,
                8.56671340443e-06,
                9.73736860033e-06,
                9.09968366614e-06,
                1.1526904018e-05,
                9.57651354838e-06,
                7.99637564342e-06,
