{
    "lowlevel": {
        "average_loudness": 0.915539205074,
        "barkbands": {
            "dmean": [
                0.000399907003157,
                0.00667828926817,
                0.00236498634331,
                0.000855039048474,
                0.00109840848017,
                0.000684306607582,
                0.000547513132915,
                0.000605464971159,
                0.0013302678708,
                0.000833113561384,
                0.000837790954392,
                0.000469772174256,
                0.00059659226099,
                0.000591443968005,
                0.000478324654978,
                0.000294332159683,
                0.000371734873625,
                0.000378482480301,
                0.000322686129948,
                0.000273549143458,
                0.000298709783237,
                0.000348520610714,
                0.000275891798083,
                0.000289932388114,
                0.000233415048569,
                8.54845275171e-05,
                1.06567076728e-05
            ],
            "dmean2": [
                0.000631705392152,
                0.00940871890634,
                0.00451523344964,
                0.00162872776855,
                0.00184149225242,
                0.00106291926932,
                0.0008627079078,
                0.000985362101346,
                0.00195220578462,
                0.00114847382065,
                0.00125179404858,
                0.0007076918846,
                0.000887294940185,
                0.00090879650088,
                0.00073823222192,
                0.000483248004457,
                0.000632781127933,
                0.000586671114434,
                0.000532273028512,
                0.000404532271205,
                0.000472281564726,
                0.000515422492754,
                0.000401432538638,
                0.000434095069068,
                0.000353081704816,
                0.000129402251332,
                1.67701091414e-05
            ],
            "dvar": [
                1.09017696559e-06,
                0.000354016636265,
                9.70385444816e-05,
                1.22711553558e-05,
                4.7944013204e-06,
                2.40243093685e-06,
                1.12814780096e-06,
                2.2402000468e-06,
                8.37718744151e-06,
                5.03229057358e-06,
                5.89878754909e-06,
                1.61624302564e-06,
                1.80050653853e-06,
                1.50318260239e-06,
                1.05963283659e-06,
                4.10966322306e-07,
                6.97836412655e-07,
                3.96009056658e-07,
                3.83664456649e-07,
                3.36985578997e-07,
                5.48582363535e-07,
                6.81099038502e-07,
                2.78890325944e-07,
                2.79740675069e-07,
                3.24560801346e-07,
                4.05190263564e-08,
                3.93452215253e-10
            ],
            "dvar2": [
                2.63502943199e-06,
                0.000708543288056,
                0.000282980618067,
                3.5991652112e-05,
                1.24363114082e-05,
                5.68372570342e-06,
                2.54570477409e-06,
                5.47980971533e-06,
                1.84252730833e-05,
                9.47947683017e-06,
                1.28542787934e-05,
                3.51468520421e-06,
                3.53997484126e-06,
                3.52502911483e-06,
                2.44651414505e-06,
                1.03586228306e-06,
                2.01524494514e-06,
                8.76139267803e-07,
                1.06001721178e-06,
                6.65942081923e-07,
                1.22463802654e-06,
                1.27333248656e-06,
                5.55260044166e-07,
                5.28847408532e-07,
                6.47081435545e-07,
                7.8123029823e-08,
                8.77226236096e-10
            ],
            "max": [
                0.0160942673683,
                0.168931946158,
                0.0894967913628,
                0.0343754962087,
                0.029851956293,
                0.031146818772,
                0.0185388345271,
                0.0306541882455,
                0.079255707562,
                0.0744919106364,
                0.0595603473485,
                0.0322086438537,
                0.0379216149449,
                0.0233829375356,
                0.0262211561203,
                0.0131448637694,
                0.0113736102358,
                0.00915823224932,
                0.00728102074936,
                0.0102267917246,
                0.0086714187637,
                0.0103304265067,
                0.0101468283683,
                0.00791887380183,
                0.00979772489518,
                0.00325765297748,
                0.00034581014188
            ],
            "mean": [
                0.00102998455986,
                0.0108890691772,
                0.00164260587189,
                0.000590584764723,
                0.00149839778896,
                0.00095297768712,
                0.000835566490423,
                0.000712519802619,
                0.00217296392657,
                0.0013213371858,
                0.00118144613225,
                0.000715806148946,
                0.00092808296904,
                0.000833671656437,
                0.000731532636564,
                0.00039915528032,
                0.000487109267851,
                0.000604708562605,
                0.000476848828839,
                0.000419997959398,
                0.000484027055791,
                0.000622783380095,
                0.00053010659758,
                0.000556448008865,
                0.000399966491386,
                0.00013502582442,
                1.82619369298e-05
            ],
            "median": [
                0.000167138961842,
                0.00341589283198,
                0.000144413526868,
                6.41416118015e-05,
                0.000590623239987,
                0.000359844270861,
                0.000314146251185,
                0.00011682879267,
                0.000504597788677,
                0.000147987069795,
                9.92263958324e-05,
                0.000140697840834,
                0.000185152384802,
                0.000191284605535,
                0.000229927012697,
                0.000143480909173,
                0.000212140963413,
                0.000323253480019,
                0.000241363391979,
                0.000177033027285,
                0.000153935427079,
                0.000221240014071,
                0.000203535382752,
                0.000254684040556,
                0.000119842923596,
                3.70867346646e-05,
                5.17104444953e-06
            ],
            "min": [
                4.26327964427e-24,
                8.32304185246e-24,
                1.25453117737e-23,
                5.83544629622e-24,
                4.24221879359e-23,
                1.66679935277e-23,
                1.03794657594e-22,
                6.01394611309e-23,
                3.82651717999e-23,
                6.64397776365e-23,
                9.22464723158e-23,
                5.70991912022e-23,
                6.97551959381e-23,
                1.55905382733e-22,
                1.40165070697e-22,
                1.34069788607e-22,
                2.4141322218e-22,
                2.26286126436e-22,
                2.69928284606e-22,
                3.42529665447e-22,
                3.63502788479e-22,
                5.77303102186e-22,
                7.47022701547e-22,
                5.99810098984e-22,
                1.53597806813e-21,
                1.77238915486e-21,
                2.58214525628e-21
            ],
            "var": [
                3.24796337736e-06,
                0.000511962687597,
                5.2887480706e-05,
                6.66272262606e-06,
                5.57376006327e-06,
                3.59433101949e-06,
                2.00203203349e-06,
                2.99361681755e-06,
                1.66927802638e-05,
                1.36879143611e-05,
                1.13778414743e-05,
                3.11938833875e-06,
                4.94052119393e-06,
                2.63259107669e-06,
                2.07284961107e-06,
                5.88436989801e-07,
                7.44154647236e-07,
                6.81074880049e-07,
                4.92135654895e-07,
                5.80342657486e-07,
                9.64164428296e-07,
                1.43125987506e-06,
                7.52822700179e-07,
                7.7029875456e-07,
                7.42069403259e-07,
                8.87227429303e-08,
                8.08479616587e-10
            ]
        },
        "barkbands_crest": {
            "dmean": 2.85087680817,
            "dmean2": 4.36057090759,
            "dvar": 9.01068687439,
            "dvar2": 18.855091095,
            "max": 26.4401683807,
            "mean": 10.4886722565,
            "median": 9.39489078522,
            "min": 2.06338238716,
            "var": 26.5317115784
        },
        "barkbands_flatness_db": {
            "dmean": 0.0228597726673,
            "dmean2": 0.0332384184003,
            "dvar": 0.000676305324305,
            "dvar2": 0.00130689202342,
            "max": 0.431344538927,
            "mean": 0.119535654783,
            "median": 0.108453765512,
            "min": 0.0215613413602,
            "var": 0.0033908856567
        },
        "barkbands_kurtosis": {
            "dmean": 4.694896698,
            "dmean2": 7.07680225372,
            "dvar": 334.736602783,
            "dvar2": 746.807678223,
            "max": 475.972381592,
            "mean": 4.36423015594,
            "median": 0.338041782379,
            "min": -1.95277273655,
            "var": 374.237945557
        },
        "barkbands_skewness": {
            "dmean": 0.727602779865,
            "dmean2": 1.00635695457,
            "dvar": 1.17167031765,
            "dvar2": 2.1168782711,
            "max": 20.3897819519,
            "mean": 1.0888876915,
            "median": 0.796379685402,
            "min": -4.84621763229,
            "var": 3.29960274696
        },
        "barkbands_spread": {
            "dmean": 9.21776485443,
            "dmean2": 14.0124607086,
            "dvar": 119.730064392,
            "dvar2": 252.070327759,
            "max": 129.283691406,
            "mean": 34.1253509521,
            "median": 30.9712276459,
            "min": 0.365196317434,
            "var": 402.142272949
        },
        "dissonance": {
            "dmean": 0.0189316403121,
            "dmean2": 0.0310713909566,
            "dvar": 0.000418767158408,
            "dvar2": 0.00108469452243,
            "max": 0.500000059605,
            "mean": 0.463491171598,
            "median": 0.471590399742,
            "min": 0.0301089845598,
            "var": 0.000952232570853
        },
        "dynamic_complexity": 2.95183348656,
        "erbbands": {
            "dmean": [
                0.245911642909,
                1.51458740234,
                2.77753329277,
                2.97873592377,
                2.71260690689,
                4.30229520798,
                5.23618507385,
                5.65098285675,
                6.30137777328,
                11.0549869537,
                14.8232326508,
                31.7245521545,
                17.454750061,
                32.2169380188,
                29.5955600739,
                16.0177841187,
                26.6210536957,
                28.0675678253,
                26.7412471771,
                20.2171039581,
                17.4709014893,
                18.5662746429,
                20.8815059662,
                15.6203451157,
                16.1357975006,
                13.2801504135,
                10.6637811661,
                13.6976833344,
                13.6110982895,
                9.02724552155,
                7.68963384628,
                5.99458360672,
                5.20037698746,
                2.97085809708,
                1.55838525295,
                0.553698539734,
                0.131257474422,
                0.0180870071054,
                0.00201051775366,
                8.66886184667e-05
            ],
            "dmean2": [
                0.353292405605,
                2.24031996727,
                5.10080766678,
                5.68037986755,
                4.85359811783,
                7.11468172073,
                8.49043178558,
                8.71264743805,
                10.0705575943,
                17.4288673401,
                23.2672080994,
                46.8529586792,
                25.3027114868,
                44.1968345642,
                42.9813766479,
                23.6173744202,
                39.0540847778,
                42.2972984314,
                40.7242088318,
                30.9962673187,
                29.1691379547,
                30.7976531982,
                32.7423248291,
                24.939994812,
                25.9049797058,
                19.7865524292,
                15.8150844574,
                20.9692459106,
                20.370721817,
                13.2596225739,
                11.3721027374,
                9.12254524231,
                7.80774116516,
                4.49499320984,
                2.38681578636,
                0.829523146152,
                0.199294105172,
                0.0279373712838,
                0.00315590738319,
                0.000132895773277
            ],
            "dvar": [
                0.44614726305,
                20.6061782837,
                118.043777466,
                153.563293457,
                71.3413925171,
                71.1970748901,
                128.602584839,
                174.465759277,
                146.526916504,
                639.542541504,
                1003.01739502,
                5776.65185547,
                1720.53735352,
                6226.00439453,
                6240.43847656,
                1324.38171387,
                3896.72729492,
                3679.24975586,
                3570.62255859,
                2151.34570312,
                1535.59765625,
                1681.96936035,
                1217.46655273,
                817.30279541,
                875.036315918,
                925.944885254,
                702.031188965,
                1377.43798828,
                1207.78259277,
                287.08706665,
                224.297393799,
                112.651657104,
                105.265319824,
                46.5794639587,
                16.2621421814,
                1.8472315073,
                0.0891715213656,
                0.00143661070615,
                1.31701572172e-05,
                1.94179197166e-08
            ],
            "dvar2": [
                0.886770129204,
                46.9990615845,
                334.497253418,
                448.786224365,
                203.88772583,
                177.092514038,
                310.811279297,
                417.347137451,
                351.666625977,
                1439.12243652,
                2411.45385742,
                12814.2216797,
                3783.50439453,
                11382.7207031,
                13482.6601562,
                2736.97998047,
                7616.99658203,
                8360.69042969,
                8271.09960938,
                4823.67529297,
                4235.49414062,
                4693.99853516,
                2772.92285156,
                2051.9387207,
                2184.79711914,
                1869.84106445,
                1380.65905762,
                3099.07080078,
                2371.22485352,
                542.127319336,
                457.774047852,
                236.802230835,
                204.446075439,
                92.9893112183,
                33.8505210876,
                3.68332314491,
                0.170183241367,
                0.00283847539686,
                2.95692880172e-05,
                4.47246648605e-08
            ],
            "max": [
                7.86357975006,
                37.680267334,
                94.7094345093,
                109.282188416,
                80.2291030884,
                120.573158264,
                368.922607422,
                238.25062561,
                231.887481689,
                502.893157959,
                846.578674316,
                2424.5847168,
                859.353942871,
                2585.02929688,
                1953.29907227,
                960.517028809,
                1837.28796387,
                1417.86547852,
                1733.43127441,
                1075.7043457,
                714.249328613,
                500.494354248,
                523.903442383,
                402.402496338,
                473.656494141,
                619.264221191,
                436.173034668,
                418.633758545,
                442.861114502,
                266.915802002,
                232.401748657,
                149.779418945,
                153.85005188,
                124.611320496,
                71.9807357788,
                22.9811897278,
                5.91696739197,
                0.788473069668,
                0.0498738214374,
                0.00187031424139
            ],
            "mean": [
                0.442511290312,
                1.92979931831,
                2.16613602638,
                2.11291885376,
                2.64907550812,
                5.91790246964,
                7.22502422333,
                7.86759757996,
                9.70161151886,
                15.4462366104,
                21.2425670624,
                51.3168144226,
                28.4902324677,
                54.7132568359,
                47.329082489,
                27.809299469,
                44.6507911682,
                43.4216918945,
                42.1446266174,
                30.3869380951,
                24.3045425415,
                26.2322483063,
                33.8704147339,
                25.3901081085,
                25.3467884064,
                20.4066028595,
                16.4871292114,
                21.8742733002,
                23.433763504,
                17.7370204926,
                14.4564723969,
                11.3316688538,
                9.26145839691,
                4.97904872894,
                2.60689425468,
                0.875088632107,
                0.201553434134,
                0.0301934555173,
                0.00345565425232,
                0.000171265957761
            ],
            "median": [
                0.172239229083,
                0.333626270294,
                0.279010027647,
                0.329812049866,
                0.784441113472,
                2.2551305294,
                2.98080778122,
                2.865036726,
                4.19837474823,
                4.36202335358,
                6.55907201767,
                11.5270652771,
                7.94047546387,
                9.40346050262,
                9.30374240875,
                8.22662448883,
                9.76417446136,
                10.966340065,
                13.2885665894,
                10.5812454224,
                9.54862594604,
                11.5715351105,
                18.7715759277,
                13.5280714035,
                13.3245706558,
                8.63199138641,
                5.57698869705,
                6.47209644318,
                7.64833879471,
                7.29138803482,
                5.56505060196,
                5.46031284332,
                3.6658616066,
                1.46872508526,
                0.773693561554,
                0.242503270507,
                0.0547781847417,
                0.00906020775437,
                0.00101625185926,
                8.5656385636e-05
            ],
            "min": [
                1.43177547478e-22,
                2.32837468579e-21,
                1.03312265491e-20,
                1.90095265144e-20,
                6.81282819228e-20,
                1.28319197182e-19,
                1.75604537458e-19,
                2.13460690836e-19,
                1.57211093449e-18,
                9.91996246207e-19,
                1.30340792994e-18,
                8.10366512242e-19,
                2.29273579489e-18,
                1.87216656579e-18,
                3.04142647989e-18,
                2.78871515134e-18,
                3.75709818279e-18,
                6.5086057162e-18,
                6.08431665588e-18,
                9.7323423895e-18,
                8.9975735678e-18,
                1.2989639021e-17,
                1.42686554627e-17,
                1.14026466937e-17,
                1.35729998762e-17,
                1.62168941071e-17,
                1.30834909333e-17,
                1.59685198933e-17,
                1.67085404847e-17,
                2.54482562129e-17,
                2.02621464465e-17,
                1.34749285156e-17,
                1.25564246819e-17,
                1.48584600548e-17,
                1.16506321327e-17,
                6.26471813003e-18,
                3.77511913961e-18,
                1.25498053758e-18,
                3.40185057948e-19,
                3.96430121352e-20
            ],
            "var": [
                0.684818565845,
                23.1528644562,
                71.1431808472,
                83.3026580811,
                46.7190551758,
                94.5569458008,
                174.692733765,
                253.557998657,
                241.761947632,
                1017.73284912,
                1616.62524414,
                10659.8681641,
                3224.51220703,
                18018.8027344,
                12921.4140625,
                3325.08911133,
                11246.2109375,
                7235.74023438,
                7697.25927734,
                3855.9777832,
                1948.63134766,
                2035.69055176,
                2020.18737793,
                1242.89111328,
                1305.73669434,
                1492.43017578,
                1214.48132324,
                2214.4296875,
                2327.18359375,
                764.166625977,
                568.098327637,
                281.597167969,
                268.911071777,
                106.814575195,
                34.705242157,
                3.97980833054,
                0.191180869937,
                0.00321806129068,
                2.689743269e-05,
                4.18990246942e-08
            ]
        },
        "erbbands_crest": {
            "dmean": 2.85383796692,
            "dmean2": 4.46443319321,
            "dvar": 7.4700884819,
            "dvar2": 17.4620094299,
            "max": 31.036315918,
            "mean": 9.37298965454,
            "median": 8.30521297455,
            "min": 2.32872653008,
            "var": 21.7532920837
        },
        "erbbands_flatness_db": {
            "dmean": 0.0187859870493,
            "dmean2": 0.0273601859808,
            "dvar": 0.000341184582794,
            "dvar2": 0.000690651009791,
            "max": 0.340090811253,
            "mean": 0.145650684834,
            "median": 0.139787495136,
            "min": 0.0511906705797,
            "var": 0.0023607078474
        },
        "erbbands_kurtosis": {
            "dmean": 1.20691359043,
            "dmean2": 1.83811068535,
            "dvar": 2.773624897,
            "dvar2": 5.87988710403,
            "max": 24.351146698,
            "mean": 0.91884547472,
            "median": 0.106164693832,
            "min": -1.81130862236,
            "var": 6.61571073532
        },
        "erbbands_skewness": {
            "dmean": 0.439550071955,
            "dmean2": 0.625421047211,
            "dvar": 0.198256358504,
            "dvar2": 0.38054355979,
            "max": 4.09242677689,
            "mean": 0.154266729951,
            "median": 0.201799526811,
            "min": -3.80729913712,
            "var": 0.975190758705
        },
        "erbbands_spread": {
            "dmean": 11.0967969894,
            "dmean2": 16.6379547119,
            "dvar": 173.567306519,
            "dvar2": 390.709533691,
            "max": 170.463607788,
            "mean": 41.0099983215,
            "median": 37.6477661133,
            "min": 4.11822462082,
            "var": 458.432037354
        },
        "gfcc": {
            "cov": [
                [
                    7772.19384766,
                    -778.362121582,
                    654.40826416,
                    173.514801025,
                    302.150299072,
                    728.082458496,
                    626.738708496,
                    344.189178467,
                    235.318893433,
                    328.370849609,
                    -96.9111709595,
                    142.760177612,
                    -149.029388428
                ],
                [
                    -778.362121582,
                    1372.78125,
                    -87.8282089233,
                    -33.4177970886,
                    248.811508179,
                    -16.7585372925,
                    154.314407349,
                    34.7350578308,
                    90.6942901611,
                    -74.4295349121,
                    137.303741455,
                    -81.98462677,
                    15.0114145279
                ],
                [
                    654.40826416,
                    -87.8282089233,
                    1222.02062988,
                    440.65838623,
                    331.01449585,
                    215.088882446,
                    91.3411483765,
                    126.888687134,
                    114.362968445,
                    156.125411987,
                    -15.9216737747,
                    99.7964324951,
                    -9.78372573853
                ],
                [
                    173.514801025,
                    -33.4177970886,
                    440.65838623,
                    684.867919922,
                    290.160461426,
                    29.4614257812,
                    -35.5250892639,
                    34.6328735352,
                    165.930923462,
                    107.742355347,
                    15.1225919724,
                    65.9529342651,
                    91.080039978
                ],
                [
                    302.150299072,
                    248.811508179,
                    331.01449585,
                    290.160461426,
                    528.174560547,
                    205.298400879,
                    200.675964355,
                    75.8426818848,
                    131.848068237,
                    109.841377258,
                    49.3008537292,
                    50.5217285156,
                    41.9159431458
                ],
                [
                    728.082458496,
                    -16.7585372925,
                    215.088882446,
                    29.4614257812,
                    205.298400879,
                    402.310974121,
                    267.398895264,
                    120.733818054,
                    59.0314445496,
                    88.3488616943,
                    69.0878829956,
                    46.3613967896,
                    1.24144601822
                ],
                [
                    626.738708496,
                    154.314407349,
                    91.3411483765,
                    -35.5250892639,
                    200.675964355,
                    267.398895264,
                    432.839263916,
                    148.439956665,
                    68.7184906006,
                    86.1653594971,
                    79.8552856445,
                    68.2895126343,
                    -6.73242330551
                ],
                [
                    344.189178467,
                    34.7350578308,
                    126.888687134,
                    34.6328735352,
                    75.8426818848,
                    120.733818054,
                    148.439956665,
                    200.486633301,
                    98.2981719971,
                    67.7990951538,
                    41.1425857544,
                    33.7781639099,
                    8.22184467316
                ],
                [
                    235.318893433,
                    90.6942901611,
                    114.362968445,
                    165.930923462,
                    131.848068237,
                    59.0314445496,
                    68.7184906006,
                    98.2981719971,
                    215.326660156,
                    100.061408997,
                    32.7808151245,
                    21.5823307037,
                    40.6396369934
                ],
                [
                    328.370849609,
                    -74.4295349121,
                    156.125411987,
                    107.742355347,
                    109.841377258,
                    88.3488616943,
                    86.1653594971,
                    67.7990951538,
                    100.061408997,
                    168.833724976,
                    52.4707756042,
                    49.8372535706,
                    25.8291473389
                ],
                [
                    -96.9111709595,
                    137.303741455,
                    -15.9216737747,
                    15.1225919724,
                    49.3008537292,
                    69.0878829956,
                    79.8552856445,
                    41.1425857544,
                    32.7808151245,
                    52.4707756042,
                    139.466018677,
                    43.0486869812,
                    17.9696083069
                ],
                [
                    142.760177612,
                    -81.98462677,
                    99.7964324951,
                    65.9529342651,
                    50.5217285156,
                    46.3613967896,
                    68.2895126343,
                    33.7781639099,
                    21.5823307037,
                    49.8372535706,
                    43.0486869812,
                    138.240936279,
                    53.4333953857
                ],
                [
                    -149.029388428,
                    15.0114145279,
                    -9.78372573853,
                    91.080039978,
                    41.9159431458,
                    1.24144601822,
                    -6.73242330551,
                    8.22184467316,
                    40.6396369934,
                    25.8291473389,
                    17.9696083069,
                    53.4333953857,
                    124.078292847
                ]
            ],
            "icov": [
                [
                    0.000198869500309,
                    4.78986039525e-05,
                    3.13323143928e-05,
                    -7.08659936208e-05,
                    7.9943863966e-05,
                    -0.000290156691335,
                    -0.000139778232551,
                    -4.97634719068e-05,
                    -0.00011231147073,
                    -0.000225806870731,
                    0.000436914415332,
                    -0.000193982094061,
                    0.000363217666745
                ],
                [
                    4.78986039525e-05,
                    0.00150903058238,
                    -0.000267339724815,
                    0.000483820273075,
                    -0.000980257173069,
                    0.000995024689473,
                    -0.000809730845504,
                    0.00016070320271,
                    -0.000970555236563,
                    0.00184631126467,
                    -0.002140782075,
                    0.00161002529785,
                    -0.000684419996105
                ],
                [
                    3.13323143928e-05,
                    -0.000267339724815,
                    0.00157587486319,
                    -0.000896499317605,
                    -0.000223930677748,
                    -0.000866879476234,
                    0.000640929385554,
                    -0.000770671758801,
                    0.000620641629212,
                    -0.00111667788588,
                    0.00143824610859,
                    -0.0013493464794,
                    0.00142444844823
                ],
                [
                    -7.08659936208e-05,
                    0.000483820273075,
                    -0.000896499317605,
                    0.00324895838276,
                    -0.00158370402642,
                    0.000857187493239,
                    0.000706851074938,
                    0.00047166791046,
                    -0.00172907917295,
                    0.000672484748065,
                    -0.00111492502037,
                    0.000276047125226,
                    -0.00159679097123
                ],
                [
                    7.9943863966e-05,
                    -0.000980257173069,
                    -0.000223930677748,
                    -0.00158370402642,
                    0.00450541870669,
                    -0.00163113733288,
                    -0.00112397526391,
                    0.000933951581828,
                    -0.000239281464019,
                    -0.00144626898691,
                    0.00147968297824,
                    -0.000457125715911,
                    9.29159505176e-05
                ],
                [
                    -0.000290156691335,
                    0.000995024689473,
                    -0.000866879476234,
                    0.000857187493239,
                    -0.00163113733288,
                    0.00621263496578,
                    -0.00259911245666,
                    -0.000568381918129,
                    0.000110441942525,
                    0.00112234381959,
                    -0.00314553058706,
                    0.00219514127821,
                    -0.00154053664301
                ],
                [
                    -0.000139778232551,
                    -0.000809730845504,
                    0.000640929385554,
                    0.000706851074938,
                    -0.00112397526391,
                    -0.00259911245666,
                    0.00614232663065,
                    -0.00228078337386,
                    0.000537852116395,
                    -0.00115271378309,
                    0.000494480831549,
                    -0.00274211540818,
                    0.00152491882909
                ],
                [
                    -4.97634719068e-05,
                    0.00016070320271,
                    -0.000770671758801,
                    0.00047166791046,
                    0.000933951581828,
                    -0.000568381918129,
                    -0.00228078337386,
                    0.00905039347708,
                    -0.00375468586572,
                    0.000337857316481,
                    -0.000991325126961,
                    0.000119197473396,
                    -0.000267807015916
                ],
                [
                    -0.00011231147073,
                    -0.000970555236563,
                    0.000620641629212,
                    -0.00172907917295,
                    -0.000239281464019,
                    0.000110441942525,
                    0.000537852116395,
                    -0.00375468586572,
                    0.00997273996472,
                    -0.00472417892888,
                    0.00129822688177,
                    0.000810250057839,
                    -0.00116150442045
                ],
                [
                    -0.000225806870731,
                    0.00184631126467,
                    -0.00111667788588,
                    0.000672484748065,
                    -0.00144626898691,
                    0.00112234381959,
                    -0.00115271378309,
                    0.000337857316481,
                    -0.00472417892888,
                    0.0131000643596,
                    -0.00552217429504,
                    0.000717582064681,
                    -0.00137283396907
                ],
                [
                    0.000436914415332,
                    -0.002140782075,
                    0.00143824610859,
                    -0.00111492502037,
                    0.00147968297824,
                    -0.00314553058706,
                    0.000494480831549,
                    -0.000991325126961,
                    0.00129822688177,
                    -0.00552217429504,
                    0.0139833847061,
                    -0.0051544313319,
                    0.00225862837397
                ],
                [
                    -0.000193982094061,
                    0.00161002529785,
                    -0.0013493464794,
                    0.000276047125226,
                    -0.000457125715911,
                    0.00219514127821,
                    -0.00274211540818,
                    0.000119197473396,
                    0.000810250057839,
                    0.000717582064681,
                    -0.0051544313319,
                    0.0136446962133,
                    -0.00630528759211
                ],
                [
                    0.000363217666745,
                    -0.000684419996105,
                    0.00142444844823,
                    -0.00159679097123,
                    9.29159505176e-05,
                    -0.00154053664301,
                    0.00152491882909,
                    -0.000267807015916,
                    -0.00116150442045,
                    -0.00137283396907,
                    0.00225862837397,
                    -0.00630528759211,
                    0.0130018796772
                ]
            ],
            "mean": [
                19.853099823,
                38.6348571777,
                -116.495872498,
                30.9643917084,
                -63.3619651794,
                20.2195014954,
                -39.2909965515,
                15.1468362808,
                -19.3059234619,
                4.6234869957,
                -9.17037010193,
                6.42536115646,
                -6.38670682907
            ]
        },
        "hfc": {
            "dmean": 13.8639154434,
            "dmean2": 20.4073886871,
            "dvar": 509.340148926,
            "dvar2": 966.05065918,
            "max": 258.383453369,
            "mean": 38.8323402405,
            "median": 27.3564510345,
            "min": 1.19402555275e-16,
            "var": 1492.66064453
        },
        "melbands": {
            "dmean": [
                0.00192569638602,
                0.00156450108625,
                0.000504833471496,
                0.000248389027547,
                0.000182621646672,
                0.00012544375204,
                9.96770177153e-05,
                0.000127888823044,
                0.000148178893141,
                0.000190237973584,
                9.15708878892e-05,
                0.000136531423777,
                0.000119721531519,
                5.31567311555e-05,
                5.78070466872e-05,
                5.4561849538e-05,
                5.54335128982e-05,
                4.86460157845e-05,
                2.89428317046e-05,
                2.13291932596e-05,
                2.29123797908e-05,
                1.94686290342e-05,
                2.14162682823e-05,
                2.0025878257e-05,
                1.24900616356e-05,
                1.32602826852e-05,
                1.1366826584e-05,
                8.11627796793e-06,
