{
    "lowlevel": {
        "average_loudness": 0.858179092407,
        "barkbands": {
            "dmean": [
                0.000403715064749,
                0.00348581746221,
                0.00196769204922,
                0.00174226949457,
                0.00279851956293,
                0.00128518138081,
                0.000799194793217,
                0.000758589187171,
                0.000771570659708,
                0.000358569261152,
                0.00026369720581,
                0.000319973594742,
                0.000229763783864,
                0.000236542677158,
                0.000234604347497,
                0.000180178874871,
                0.000108851665573,
                9.91318011074e-05,
                8.49999123602e-05,
                5.83684377489e-05,
                4.11664004787e-05,
                4.33943860116e-05,
                6.01649371674e-05,
                3.92311849282e-05,
                4.05486098316e-05,
                1.3904642401e-05,
                1.5456781739e-06
            ],
            "dmean2": [
                0.000672197318636,
                0.00526249688119,
                0.00352081423625,
                0.00323027325794,
                0.00488240923733,
                0.00199051504023,
                0.00121441227384,
                0.00114068563562,
                0.00115041306708,
                0.000549862044863,
                0.000404537393479,
                0.000472328130854,
                0.00035282454337,
                0.000363173574442,
                0.000362123275409,
                0.000285036396235,
                0.000164773213328,
                0.00015093156253,
                0.000131617343868,
                9.02507672436e-05,
                6.09748785791e-05,
                7.23629709682e-05,
                0.00010454729636,
                6.38202691334e-05,
                6.28746056464e-05,
                2.16563439608e-05,
                2.45401201937e-06
            ],
            "dvar": [
                6.02317754783e-07,
                0.000108618783997,
                6.91998066031e-05,
                6.22170700808e-05,
                6.97319555911e-05,
                7.7053800851e-06,
                3.8433172449e-06,
                2.75662978311e-06,
                2.00287195185e-06,
                5.35768037935e-07,
                3.66945414498e-07,
                4.97751273087e-07,
                3.03123073309e-07,
                2.2633547303e-07,
                2.7503708111e-07,
                1.93727345277e-07,
                7.58814948654e-08,
                9.43317743918e-08,
                1.29256733317e-07,
                5.80899168767e-08,
                2.24343867927e-08,
                1.94265101783e-08,
                3.29766756124e-08,
                1.41235076967e-08,
                2.25642775575e-08,
                2.62038146737e-09,
                5.16918348403e-11
            ],
            "dvar2": [
                1.70903683738e-06,
                0.000218434332055,
                0.000196552078705,
                0.00018120900495,
                0.000198847905267,
                1.89768543351e-05,
                8.72337932378e-06,
                6.1600949266e-06,
                4.09374570154e-06,
                1.22137998915e-06,
                8.08400386632e-07,
                1.0052115158e-06,
                7.18636499641e-07,
                5.32639887751e-07,
                6.32358023722e-07,
                4.84097085973e-07,
                1.71305813979e-07,
                2.19669914259e-07,
                2.92352098086e-07,
                1.30501334183e-07,
                4.87455622533e-08,
                5.06268413858e-08,
                8.84910633658e-08,
                3.3964070667e-08,
                5.2499860459e-08,
                5.79269254786e-09,
                1.19560417122e-10
            ],
            "max": [
                0.00978527590632,
                0.127851769328,
                0.0845526829362,
                0.100537158549,
                0.105265602469,
                0.0652826949954,
                0.0521078370512,
                0.0493255257607,
                0.0327223017812,
                0.0172166898847,
                0.0209588613361,
                0.0164615083486,
                0.0128148877993,
                0.00884768553078,
                0.00873764045537,
                0.00687382090837,
                0.0040215915069,
                0.00488138291985,
                0.00416411133483,
                0.00456882361323,
                0.00229612039402,
                0.00200391258113,
                0.00246686744504,
                0.00239146174863,
                0.00385367963463,
                0.0014082120033,
                0.000302831002045
            ],
            "mean": [
                0.00120388995856,
                0.00592400506139,
                0.00215915311128,
                0.0015610124683,
                0.00453360844404,
                0.00304119684733,
                0.00195969175547,
                0.00160700955894,
                0.00179412052967,
                0.000711237196811,
                0.000532794976607,
                0.000748600810766,
                0.000402856152505,
                0.00041450347635,
                0.000411423563492,
                0.000302328175167,
                0.000184071570402,
                0.000153682703967,
                9.86585364444e-05,
                7.2587892646e-05,
                5.65073496546e-05,
                4.40222211182e-05,
                5.27625597897e-05,
                4.61352792627e-05,
                5.78627696086e-05,
                1.92768857232e-05,
                1.86100180599e-06
            ],
            "median": [
                1.28789849896e-06,
                0.00145195820369,
                0.000384398619644,
                0.000273600773653,
                0.00160776381381,
                0.000959395198151,
                0.000592852476984,
                0.000555153761525,
                0.000725275487639,
                0.000264141854132,
                0.000228533361224,
                0.00024789510644,
                0.000132277811645,
                0.000171705367393,
                0.000123918260215,
                8.1835401943e-05,
                5.22540831298e-05,
                1.82675321412e-05,
                1.274997976e-05,
                8.38767391542e-06,
                7.76679007686e-06,
                7.66116409068e-06,
                3.61203160537e-06,
                8.4946050265e-06,
                1.19777532746e-05,
                4.62213893115e-06,
                3.79479587309e-07
            ],
            "min": [
                1.31447192523e-24,
                7.79621198319e-23,
                3.03469867746e-23,
                1.64605057547e-23,
                6.14699097574e-23,
                1.0422061724e-22,
                3.58980400371e-23,
                4.95580028035e-23,
                3.80565748885e-23,
                2.32353852037e-23,
                5.20314761718e-23,
                1.07672710426e-22,
                7.34730468973e-23,
                2.0101754849e-22,
                1.79270445625e-22,
                1.4862150814e-22,
                1.29907834202e-22,
                1.02753045655e-22,
                2.80334685233e-22,
                2.68823424955e-22,
                5.35401941101e-22,
                3.74009809891e-22,
                5.00312802192e-22,
                1.07783673494e-21,
                1.15522860932e-21,
                1.71776272074e-21,
                2.76401311163e-21
            ],
            "var": [
                4.08052164858e-06,
                0.000170152983628,
                4.55140470876e-05,
                3.61982383765e-05,
                7.0724687248e-05,
                2.94140336337e-05,
                1.65101919265e-05,
                8.56368933455e-06,
                9.57158135861e-06,
                1.7321967789e-06,
                1.1738172816e-06,
                2.14460123971e-06,
                7.29499333829e-07,
                5.08549760525e-07,
                5.81489132401e-07,
                3.64334738379e-07,
                1.32669185859e-07,
                1.55799895651e-07,
                1.32847219447e-07,
                7.16676140655e-08,
                2.98622317985e-08,
                1.62798983183e-08,
                2.5646894386e-08,
                1.91891675883e-08,
                3.13520160944e-08,
                3.69571684367e-09,
                5.46602832441e-11
            ]
        },
        "barkbands_crest": {
            "dmean": 2.15966510773,
            "dmean2": 3.40461587906,
            "dvar": 4.94947862625,
            "dvar2": 11.2376556396,
            "max": 25.0027828217,
            "mean": 10.705283165,
            "median": 9.99948501587,
            "min": 3.37312412262,
            "var": 15.435798645
        },
        "barkbands_flatness_db": {
            "dmean": 0.021042002365,
            "dmean2": 0.0302165932953,
            "dvar": 0.000488317396957,
            "dvar2": 0.000956495117862,
            "max": 0.371649116278,
            "mean": 0.184758022428,
            "median": 0.180852562189,
            "min": 0.0358391813934,
            "var": 0.0037643329706
        },
        "barkbands_kurtosis": {
            "dmean": 2.65505313873,
            "dmean2": 4.03669595718,
            "dvar": 21.0988712311,
            "dvar2": 47.1180076599,
            "max": 89.0107192993,
            "mean": 5.1238822937,
            "median": 2.95599961281,
            "min": -1.86848461628,
            "var": 51.4708786011
        },
        "barkbands_skewness": {
            "dmean": 0.436316758394,
            "dmean2": 0.649688482285,
            "dvar": 0.249458223581,
            "dvar2": 0.519892930984,
            "max": 7.73192977905,
            "mean": 1.57801389694,
            "median": 1.46851444244,
            "min": -2.42914795876,
            "var": 1.15144920349
        },
        "barkbands_spread": {
            "dmean": 3.63825297356,
            "dmean2": 5.42773485184,
            "dvar": 33.4427490234,
            "dvar2": 71.4809188843,
            "max": 125.865936279,
            "mean": 14.7203512192,
            "median": 10.7561836243,
            "min": 1.22102057934,
            "var": 151.906799316
        },
        "dissonance": {
            "dmean": 0.0262339953333,
            "dmean2": 0.0433941036463,
            "dvar": 0.000592939089984,
            "dvar2": 0.00157505495008,
            "max": 0.500000119209,
            "mean": 0.432812958956,
            "median": 0.440875828266,
            "min": 0.245055004954,
            "var": 0.0018515024567
        },
        "dynamic_complexity": 3.83915781975,
        "erbbands": {
            "dmean": [
                0.121106922626,
                0.760156869888,
                2.06886386871,
                4.31552648544,
                7.84670829773,
                10.2876625061,
                9.10599803925,
                11.5690784454,
                10.7346954346,
                12.8726530075,
                17.6797447205,
                15.5620765686,
                16.1402587891,
                9.99090766907,
                11.2765903473,
                11.3407068253,
                9.34185791016,
                11.9252614975,
                12.1289196014,
                10.8078727722,
                9.06458854675,
                6.04006290436,
                5.6061501503,
                4.69873523712,
                3.63064146042,
                2.83728575706,
                1.59907793999,
                1.56417262554,
                1.67529129982,
                1.68313503265,
                1.64984858036,
                0.882696986198,
                0.681248903275,
                0.515725493431,
                0.266591072083,
                0.0810229331255,
                0.0243899244815,
                0.00415943330154,
                0.00020620021678,
                1.28987976495e-05
            ],
            "dmean2": [
                0.191154554486,
                1.15095758438,
                3.59610033035,
                8.00055122375,
                14.1840705872,
                17.5961914063,
                14.4987850189,
                18.0822963715,
                16.3920402527,
                19.2508773804,
                26.2394485474,
                23.3127670288,
                23.9435501099,
                15.4394044876,
                16.9032039642,
                16.5354232788,
                14.1590805054,
                18.1943378448,
                18.4694213867,
                16.8097324371,
                13.9521455765,
                9.21402263641,
                8.54160785675,
                7.30090045929,
                5.5463013649,
                4.40320491791,
                2.36213183403,
                2.40277695656,
                2.79776787758,
                2.85936331749,
                2.89430356026,
                1.50057864189,
                1.08342516422,
                0.80609869957,
                0.418345868587,
                0.127540290356,
                0.0380539149046,
                0.00652262754738,
                0.000320539838867,
                1.99185524252e-05
            ],
            "dvar": [
                0.102713465691,
                6.329870224,
                65.6757888794,
                379.353179932,
                893.984130859,
                792.065002441,
                391.416229248,
                746.090209961,
                771.597473145,
                879.416015625,
                1660.55371094,
                991.784118652,
                802.049621582,
                477.761932373,
                492.932434082,
                682.24597168,
                480.67477417,
                721.641235352,
                719.492980957,
                723.61529541,
                485.921722412,
                269.5362854,
                321.986938477,
                315.882873535,
                277.88885498,
                135.328918457,
                32.8456420898,
                33.1101303101,
                32.3576850891,
                21.4121761322,
                26.7251548767,
                6.96285104752,
                5.6893286705,
                2.88676857948,
                1.32727563381,
                0.10810405761,
                0.00853264145553,
                0.000274410675047,
                7.80715254223e-07,
                7.39445837894e-10
            ],
            "dvar2": [
                0.202192619443,
                13.7171936035,
                178.240234375,
                1097.20202637,
                2596.5949707,
                2220.52929688,
                997.049255371,
                1868.0736084,
                1733.78820801,
                1802.52246094,
                3684.65698242,
                2003.89855957,
                1647.07373047,
                1170.31835938,
                1109.42333984,
                1327.71081543,
                1065.64221191,
                1779.49951172,
                1607.94592285,
                1799.34082031,
                1193.4395752,
                620.782714844,
                749.289245605,
                745.891052246,
                626.554931641,
                311.599975586,
                72.8430480957,
                74.4899520874,
                84.9765472412,
                55.9469146729,
                72.3881454468,
                18.3722705841,
                13.3637123108,
                6.56111478806,
                3.23448467255,
                0.256345838308,
                0.018499892205,
                0.000625033804681,
                1.72395652953e-06,
                1.71359282319e-09
            ],
            "max": [
                4.0952167511,
                34.3529891968,
                85.3511428833,
                217.56640625,
                376.53918457,
                520.295227051,
                491.264068604,
                676.391235352,
                980.938232422,
                905.075317383,
                1358.15551758,
                761.613037109,
                739.404968262,
                561.791748047,
                724.130737305,
                730.295715332,
                632.971374512,
                655.597473145,
                456.648773193,
                481.654083252,
                404.063812256,
                285.769561768,
                269.891448975,
                222.928604126,
                209.309753418,
                217.427032471,
                85.3594436646,
                84.439163208,
                81.8367996216,
                52.7922134399,
                70.2187042236,
                42.9460334778,
                55.1149482727,
                29.218296051,
                36.9084815979,
                9.68132781982,
                2.27747988701,
                0.42474770546,
                0.044066183269,
                0.000596525380388
            ],
            "mean": [
                0.192176774144,
                1.23925864697,
                2.5976831913,
                4.04788398743,
                8.75125217438,
                18.1717643738,
                19.2661209106,
                26.9497585297,
                26.2980060577,
                29.4279270172,
                40.0074768066,
                36.5727005005,
                36.3230323792,
                21.7689723969,
                27.3371353149,
                27.2449398041,
                18.7794094086,
                22.2185058594,
                22.4905757904,
                19.0246238708,
                16.599943161,
                10.5865983963,
                8.94472885132,
                6.34675741196,
                4.20159053802,
                3.63517403603,
                2.3416891098,
                1.93027734756,
                1.6582634449,
                1.68147051334,
                1.40562343597,
                0.864476919174,
                0.872033417225,
                0.736998319626,
                0.357654601336,
                0.108539529145,
                0.0326347947121,
                0.00548425316811,
                0.000280446343822,
                3.8094996853e-05
            ],
            "median": [
                0.0110718579963,
                0.310992836952,
                0.606275975704,
                0.970583617687,
                2.20012640953,
                5.66988229752,
                8.63839912415,
                6.96599006653,
                7.64084148407,
                11.4625272751,
                14.9266881943,
                14.9343795776,
                15.9217605591,
                9.04060935974,
                13.4087133408,
                10.2972946167,
                6.85142660141,
                9.53108310699,
                7.36468935013,
                5.69198322296,
                4.85973072052,
                3.16423535347,
                1.30095946789,
                0.866195559502,
                0.578644633293,
                0.445203661919,
                0.385912686586,
                0.256635397673,
                0.280268281698,
                0.184905648232,
                0.0867904052138,
                0.131009310484,
                0.162960290909,
                0.147222295403,
                0.0685881599784,
                0.0254510398954,
                0.00655846996233,
                0.00106395035982,
                7.59361500968e-05,
                2.9176231692e-05
            ],
            "min": [
                1.73630218895e-21,
                1.91509889394e-20,
                4.15131931831e-20,
                3.12818155735e-20,
                1.5360941723e-19,
                1.83973808725e-19,
                4.18073599347e-19,
                1.03560696586e-18,
                5.47959024244e-19,
                7.86241531183e-19,
                9.97767175148e-19,
                7.57994037047e-19,
                8.0975305442e-19,
                1.21392435846e-18,
                4.37492434539e-18,
                3.08808856543e-18,
                3.85797368567e-18,
                1.03361891998e-17,
                6.34406667106e-18,
                1.38436012603e-17,
                6.2957117604e-18,
                7.66584090573e-18,
                5.99097759556e-18,
                7.17854715252e-18,
                1.66082448354e-17,
                1.37185894543e-17,
                2.05504751383e-17,
                1.81506206948e-17,
                1.35185887627e-17,
                1.38834142903e-17,
                1.62924024621e-17,
                1.9297180705e-17,
                1.88652071368e-17,
                1.19377994628e-17,
                8.36548350272e-18,
                5.0849761832e-18,
                3.63298014547e-18,
                1.6799268963e-18,
                4.0587705386e-19,
                3.7251109534e-20
            ],
            "var": [
                0.170326411724,
                8.63728618622,
                49.6490135193,
                222.198608398,
                586.605041504,
                1296.48937988,
                796.495117188,
                2976.87573242,
                3126.9777832,
                2945.59057617,
                5201.32714844,
                4450.95410156,
                3497.90966797,
                1527.42492676,
                1797.31970215,
                2824.3269043,
                1416.64074707,
                1560.18371582,
                1666.58813477,
                1331.34985352,
                1052.17150879,
                420.121459961,
                492.870178223,
                371.393737793,
                277.060699463,
                168.999572754,
                45.6717567444,
                37.6849517822,
                26.1970825195,
                18.7004356384,
                20.1794624329,
                6.32686328888,
                8.28465557098,
                4.51101350784,
                1.54468476772,
                0.136072874069,
                0.0119065633044,
                0.000328943307977,
                9.23518655327e-07,
                1.45391854112e-09
            ]
        },
        "erbbands_crest": {
            "dmean": 2.28275132179,
            "dmean2": 3.57637143135,
            "dvar": 4.89533472061,
            "dvar2": 11.5059175491,
            "max": 28.7397422791,
            "mean": 10.2760267258,
            "median": 9.39850902557,
            "min": 2.71172952652,
            "var": 18.294757843
        },
        "erbbands_flatness_db": {
            "dmean": 0.0187913626432,
            "dmean2": 0.0260177794844,
            "dvar": 0.000437883369159,
            "dvar2": 0.000827420735732,
            "max": 0.368675172329,
            "mean": 0.199439466,
            "median": 0.193308010697,
            "min": 0.0311138760298,
            "var": 0.00355129130185
        },
        "erbbands_kurtosis": {
            "dmean": 1.11562824249,
            "dmean2": 1.70137929916,
            "dvar": 2.2030954361,
            "dvar2": 5.05506038666,
            "max": 28.6334819794,
            "mean": 1.62104463577,
            "median": 0.783215522766,
            "min": -1.74609994888,
            "var": 8.69739151001
        },
        "erbbands_skewness": {
            "dmean": 0.347193777561,
            "dmean2": 0.519245028496,
            "dvar": 0.120035603642,
            "dvar2": 0.269059300423,
            "max": 4.38118028641,
            "mean": 0.640463829041,
            "median": 0.580866515636,
            "min": -2.88819932938,
            "var": 0.715815782547
        },
        "erbbands_spread": {
            "dmean": 6.0343580246,
            "dmean2": 8.93433189392,
            "dvar": 77.7328109741,
            "dvar2": 163.44430542,
            "max": 130.287948608,
            "mean": 25.8446178436,
            "median": 21.7507038116,
            "min": 3.15992903709,
            "var": 249.069976807
        },
        "gfcc": {
            "cov": [
                [
                    24897.9863281,
                    79.8330764771,
                    -989.456848145,
                    635.015380859,
                    -1065.40661621,
                    626.040283203,
                    -531.65246582,
                    614.714294434,
                    -286.361724854,
                    234.930084229,
                    -494.062561035,
                    67.9593505859,
                    -189.832321167
                ],
                [
                    79.8330764771,
                    2678.20410156,
                    -185.072921753,
                    -290.571838379,
                    575.627502441,
                    -219.85484314,
                    183.220108032,
                    -225.510162354,
                    227.90284729,
                    -205.041091919,
                    209.922393799,
                    -74.7573165894,
                    190.645675659
                ],
                [
                    -989.456848145,
                    -185.072921753,
                    1173.40942383,
                    292.093231201,
                    184.429489136,
                    366.969299316,
                    58.7172088623,
                    228.443283081,
                    79.4860534668,
                    233.428482056,
                    114.185997009,
                    170.022384644,
                    2.44826078415
                ],
                [
                    635.015380859,
                    -290.571838379,
                    292.093231201,
                    763.270568848,
                    197.11239624,
                    237.24420166,
                    188.598388672,
                    176.2550354,
                    219.074707031,
                    132.848953247,
                    79.4950866699,
                    126.748527527,
                    24.531463623
                ],
                [
                    -1065.40661621,
                    575.627502441,
                    184.429489136,
                    197.11239624,
                    647.971008301,
                    124.777038574,
                    224.448730469,
                    157.119674683,
                    171.991394043,
                    52.8851890564,
                    129.638259888,
                    67.0045089722,
                    65.4882049561
                ],
                [
                    626.040283203,
                    -219.85484314,
                    366.969299316,
                    237.24420166,
                    124.777038574,
                    442.819122314,
                    126.543716431,
                    184.461700439,
                    96.5667495728,
                    104.287940979,
                    37.4989547729,
                    89.5069885254,
                    -0.0732785388827
                ],
                [
                    -531.65246582,
                    183.220108032,
                    58.7172088623,
                    188.598388672,
                    224.448730469,
                    126.543716431,
                    285.328216553,
                    93.661491394,
                    147.56539917,
                    43.2922477722,
                    69.99609375,
                    48.4454689026,
                    33.0478363037
                ],
                [
                    614.714294434,
                    -225.510162354,
                    228.443283081,
                    176.2550354,
                    157.119674683,
                    184.461700439,
                    93.661491394,
                    329.330993652,
                    66.7481079102,
                    146.1615448,
                    30.1624965668,
                    75.5383300781,
                    5.56019353867
                ],
                [
                    -286.361724854,
                    227.90284729,
                    79.4860534668,
                    219.074707031,
                    171.991394043,
                    96.5667495728,
                    147.56539917,
                    66.7481079102,
                    280.708496094,
                    36.0941314697,
                    77.4064178467,
                    61.8491020203,
                    43.7027130127
                ],
                [
                    234.930084229,
                    -205.041091919,
                    233.428482056,
                    132.848953247,
                    52.8851890564,
                    104.287940979,
                    43.2922477722,
                    146.1615448,
                    36.0941314697,
                    199.887954712,
                    28.9642066956,
                    59.4666442871,
                    5.27128553391
                ],
                [
                    -494.062561035,
                    209.922393799,
                    114.185997009,
                    79.4950866699,
                    129.638259888,
                    37.4989547729,
                    69.99609375,
                    30.1624965668,
                    77.4064178467,
                    28.9642066956,
                    143.696746826,
                    49.0525550842,
                    30.9802494049
                ],
                [
                    67.9593505859,
                    -74.7573165894,
                    170.022384644,
                    126.748527527,
                    67.0045089722,
                    89.5069885254,
                    48.4454689026,
                    75.5383300781,
                    61.8491020203,
                    59.4666442871,
                    49.0525550842,
                    130.697891235,
                    15.2963199615
                ],
                [
                    -189.832321167,
                    190.645675659,
                    2.44826078415,
                    24.531463623,
                    65.4882049561,
                    -0.0732785388827,
                    33.0478363037,
                    5.56019353867,
                    43.7027130127,
                    5.27128553391,
                    30.9802494049,
                    15.2963199615,
                    119.050605774
                ]
            ],
            "icov": [
                [
                    0.000146752325236,
                    -0.000384484301321,
                    0.00038157083327,
                    -0.000425781676313,
                    0.000502136186697,
                    -0.000499686168041,
                    0.000507882388774,
                    -0.000566177361179,
                    0.000361496640835,
                    -0.000322277890518,
                    0.000479790003737,
                    -0.000401030003559,
                    0.000346770131728
                ],
                [
                    -0.000384484301321,
                    0.00186581467278,
                    -0.00110803882126,
                    0.00161325011868,
                    -0.00203582993709,
                    0.00157075829338,
                    -0.00149915821385,
                    0.00199781451374,
                    -0.001558138174,
                    0.00130687071942,
                    -0.00192630640231,
                    0.00157229800243,
                    -0.00165352341719
                ],
                [
                    0.00038157083327,
                    -0.00110803882126,
                    0.00256239064038,
                    -0.00125940842554,
                    0.00113933242392,
                    -0.00231603067368,
                    0.00201385258697,
                    -0.00137728638947,
                    0.00124480470549,
                    -0.00203497125767,
                    0.000617187528405,
                    -0.00192635308485,
                    0.00118682335597
                ],
                [
                    -0.000425781676313,
                    0.00161325011868,
                    -0.00125940842554,
                    0.00362424552441,
                    -0.00187162449583,
                    0.00122604204807,
                    -0.00204828428105,
                    0.00182341551408,
                    -0.00244308682159,
                    0.000686441839207,
                    -0.00162774848286,
                    0.000696232309565,
                    -0.00126895296853
                ],
                [
                    0.000502136186697,
                    -0.00203582993709,
                    0.00113933242392,
                    -0.00187162449583,
                    0.00492594437674,
                    -0.0016859062016,
                    0.000510454934556,
                    -0.0033494157251,
                    0.00137749488931,
                    -0.000825034803711,
                    0.000955796334893,
                    -0.00149255571887,
                    0.00120096711908
                ],
                [
                    -0.000499686168041,
                    0.00157075829338,
                    -0.00231603067368,
                    0.00122604204807,
                    -0.0016859062016,
                    0.00584145309404,
                    -0.00297251739539,
                    0.000782549090218,
                    -0.00165123736952,
                    0.00174120767042,
                    -0.00115090503823,
                    0.00104579608887,
                    -0.00110338302329
                ],
                [
                    0.000507882388774,
                    -0.00149915821385,
                    0.00201385258697,
                    -0.00204828428105,
                    0.000510454934556,
                    -0.00297251739539,
                    0.008250833489,
                    -0.00223776535131,
                    -0.000264970265562,
                    -0.00156096403953,
                    0.000902061758097,
                    -0.00139323365875,
                    0.00123337935656
                ],
                [
                    -0.000566177361179,
                    0.00199781451374,
                    -0.00137728638947,
                    0.00182341551408,
                    -0.0033494157251,
                    0.000782549090218,
                    -0.00223776535131,
                    0.0082623809576,
                    -0.00161057268269,
                    -0.00171354983468,
                    -0.00139684171882,
                    0.000932823808398,
                    -0.00146047456656
                ],
                [
                    0.000361496640835,
                    -0.001558138174,
                    0.00124480470549,
                    -0.00244308682159,
                    0.00137749488931,
                    -0.00165123736952,
                    -0.000264970265562,
                    -0.00161057268269,
                    0.0074200257659,
                    -0.000878036662471,
                    0.000364864099538,
                    -0.00217572459951,
                    0.000439075229224
                ],
                [
                    -0.000322277890518,
                    0.00130687071942,
                    -0.00203497125767,
                    0.000686441839207,
                    -0.000825034803711,
                    0.00174120767042,
                    -0.00156096403953,
                    -0.00171354983468,
                    -0.000878036662471,
                    0.00985778030008,
                    -0.00172010262031,
                    0.000443035649369,
                    -0.00146149354987
                ],
                [
                    0.000479790003737,
                    -0.00192630640231,
                    0.000617187528405,
                    -0.00162774848286,
                    0.000955796334893,
                    -0.00115090503823,
                    0.000902061758097,
                    -0.00139684171882,
                    0.000364864099538,
                    -0.00172010262031,
                    0.0124826934189,
                    -0.00395704200491,
                    0.000663182581775
                ],
                [
                    -0.000401030003559,
                    0.00157229800243,
                    -0.00192635308485,
                    0.000696232309565,
                    -0.00149255571887,
                    0.00104579608887,
                    -0.00139323365875,
                    0.000932823808398,
                    -0.00217572459951,
                    0.000443035649369,
                    -0.00395704200491,
                    0.013160825707,
                    -0.00197846861556
                ],
                [
                    0.000346770131728,
                    -0.00165352341719,
                    0.00118682335597,
                    -0.00126895296853,
                    0.00120096711908,
                    -0.00110338302329,
                    0.00123337935656,
                    -0.00146047456656,
                    0.000439075229224,
                    -0.00146149354987,
                    0.000663182581775,
                    -0.00197846861556,
                    0.0108874011785
                ]
            ],
            "mean": [
                -62.2118644714,
                118.765068054,
                -110.375968933,
                -6.62910366058,
                -54.7675666809,
                9.05626583099,
                -46.3168830872,
                3.1350736618,
                -24.5623245239,
                -0.0637977421284,
                -18.1396713257,
                -2.08160257339,
                -6.44737005234
            ]
        },
        "hfc": {
            "dmean": 4.5855140686,
            "dmean2": 7.08598566055,
            "dvar": 93.8348312378,
            "dvar2": 220.133239746,
            "max": 122.804656982,
            "mean": 14.4099493027,
            "median": 10.9916992188,
            "min": 1.21531268186e-16,
            "var": 191.687576294
        },
        "melbands": {
            "dmean": [
                0.00101240421645,
                0.000952176051214,
                0.000822948524728,
                0.000667852000333,
                0.00033365256968,
                0.00024913798552,
                0.000165625548107,
                0.00014140411804,
                0.000136517861392,
                0.000106000145024,
                8.16796891741e-05,
                4.28296661994e-05,
                4.07691986766e-05,
                3.90507411794e-05,
                2.2118763809e-05,
                2.47956195381e-05,
                2.20482525037e-05,
                2.0868217689e-05,
                1.49680236063e-05,
                1.35882537506e-05,
                1.07258629214e-05,
                6.69591918268e-06,
                5.84067720411e-06,
                4.59600596514e-06,
                3.97081203118e-06,
                3.11873122882e-06,
                2.35581092056e-06,
                1.75454556484e-06,
