{
    "lowlevel": {
        "average_loudness": 0.831034183502,
        "barkbands": {
            "dmean": [
                0.000408334453823,
                0.00524919712916,
                0.00306125520729,
                0.00166364642791,
                0.00148738292046,
                0.00066616886761,
                0.00121140270494,
                0.000736640475225,
                0.000819785229396,
                0.000907327746972,
                0.000804949901067,
                0.000551391101908,
                0.000655319017824,
                0.000456938840216,
                0.000211168677197,
                0.000154305496835,
                0.000125986203784,
                0.000154190973262,
                0.00016853044508,
                0.000137343478855,
                0.000174003638676,
                0.000163112141308,
                0.000207295670407,
                0.000201909104362,
                0.000210048805457,
                0.000101100355096,
                1.09140592031e-05
            ],
            "dmean2": [
                0.000561766675673,
                0.0079989740625,
                0.00494136102498,
                0.00292148860171,
                0.00243602832779,
                0.00102094444446,
                0.0018527257489,
                0.00113462319132,
                0.00124702241737,
                0.00139275833499,
                0.00122314691544,
                0.000838821870275,
                0.00102261209395,
                0.000721564458217,
                0.000330920127453,
                0.000245107105002,
                0.000204764917726,
                0.000248530501267,
                0.000274629303021,
                0.000217832552153,
                0.00028358612326,
                0.000260177941527,
                0.000340986414813,
                0.000304132554447,
                0.000322462728946,
                0.000160850468092,
                1.83484462468e-05
            ],
            "dvar": [
                7.61617741318e-07,
                0.000188155798241,
                9.42015176406e-05,
                5.17787848366e-05,
                9.47122680373e-06,
                2.17767910726e-06,
                5.94333732806e-06,
                5.32715694135e-06,
                3.90642571801e-06,
                4.85195414512e-06,
                6.7456708166e-06,
                3.93903565055e-06,
                3.67255347555e-06,
                2.12703662328e-06,
                5.534303682e-07,
                3.19486588296e-07,
                2.52543600254e-07,
                1.9906829607e-07,
                1.79714305659e-07,
                1.39402104082e-07,
                2.64282704165e-07,
                1.76543395014e-07,
                2.44082201561e-07,
                2.89539627829e-07,
                3.37026648367e-07,
                8.90034641543e-08,
                3.01493363608e-09
            ],
            "dvar2": [
                1.30618059302e-06,
                0.000382431055186,
                0.000219656169065,
                0.00014594005188,
                2.39034925471e-05,
                4.64895265395e-06,
                1.38551122291e-05,
                1.15780057968e-05,
                8.58653493196e-06,
                1.16362971312e-05,
                1.47474429468e-05,
                8.07917604106e-06,
                8.62356500875e-06,
                5.0778548939e-06,
                1.27174098452e-06,
                7.43599457564e-07,
                6.41662779799e-07,
                5.04949696278e-07,
                4.6711414825e-07,
                3.36967900694e-07,
                6.82495226556e-07,
                4.15433817125e-07,
                6.18768069671e-07,
                5.90096874475e-07,
                6.8231406658e-07,
                1.88796363432e-07,
                8.12020140017e-09
            ],
            "max": [
                0.0167446453124,
                0.190653756261,
                0.114715561271,
                0.0897954702377,
                0.0571423359215,
                0.0289613269269,
                0.0510686263442,
                0.0888100191951,
                0.065209813416,
                0.0464494377375,
                0.0626586601138,
                0.062409710139,
                0.0376739613712,
                0.0305058248341,
                0.0217867866158,
                0.0164676848799,
                0.0130768492818,
                0.0103423586115,
                0.0077164452523,
                0.0108993425965,
                0.0100933844224,
                0.0078705418855,
                0.00667114835232,
                0.0214864891022,
                0.0150691661984,
                0.0146609405056,
                0.00201193848625
            ],
            "mean": [
                0.00115248886868,
                0.0131176561117,
                0.00350023643114,
                0.00154415168799,
                0.00230417726561,
                0.00116693112068,
                0.00211369339377,
                0.0011708115926,
                0.00155900663231,
                0.00150887679774,
                0.0012629556004,
                0.000869767041877,
                0.000914150616154,
                0.000634106341749,
                0.000303734297631,
                0.000217066859477,
                0.000167702353792,
                0.000213045379496,
                0.00025149618159,
                0.000215049876715,
                0.000248861673754,
                0.000233458384173,
                0.000307786627673,
                0.000373909744667,
                0.000342431419995,
                0.000161292700795,
                1.30640746647e-05
            ],
            "median": [
                0.000190578051843,
                0.00389213510789,
                0.000746523262933,
                0.000463884440251,
                0.00125324586406,
                0.000367156288121,
                0.000549145042896,
                0.000178651156602,
                0.000239240180235,
                0.000273258134257,
                0.000109465363494,
                0.00011356012692,
                0.000155993606313,
                0.00012165516091,
                8.3226186689e-05,
                4.0796927351e-05,
                3.00577594317e-05,
                5.93746226514e-05,
                6.78535870975e-05,
                4.55524932477e-05,
                4.85245400341e-05,
                4.90666425321e-05,
                5.64608417335e-05,
                9.27372020669e-05,
                6.73143440508e-05,
                2.17092037929e-05,
                8.8054173375e-07
            ],
            "min": [
                5.45814733867e-25,
                7.27662338371e-24,
                2.80491465816e-24,
                2.76270389441e-24,
                3.65198927778e-23,
                5.03299189765e-23,
                2.89259453618e-23,
                1.09886004846e-23,
                7.03936116024e-23,
                6.94436400568e-23,
                4.74067191616e-23,
                6.07914199592e-23,
                8.09266528029e-23,
                6.81579671752e-23,
                1.179268041e-22,
                7.41071774692e-23,
                1.09031835724e-22,
                1.92429263991e-22,
                3.13373972235e-22,
                3.50460431226e-22,
                5.65747817159e-22,
                3.7803088005e-22,
                6.13322263927e-22,
                7.94941924706e-22,
                1.17063040536e-21,
                1.65598337556e-21,
                2.29861456104e-21
            ],
            "var": [
                3.80807068723e-06,
                0.000473966792924,
                0.000102524303657,
                3.19433165714e-05,
                1.20220684039e-05,
                5.44805834579e-06,
                1.47443697642e-05,
                1.44565747178e-05,
                1.81235300261e-05,
                1.17296649478e-05,
                1.62746055139e-05,
                9.87889416137e-06,
                6.8242316047e-06,
                3.23265749103e-06,
                7.90729075106e-07,
                6.25394761755e-07,
                3.44839207855e-07,
                2.58603392922e-07,
                2.81935456314e-07,
                2.49177077194e-07,
                3.64562197319e-07,
                2.9046489658e-07,
                4.03311275932e-07,
                7.73860108438e-07,
                7.65936533753e-07,
                1.85010364362e-07,
                2.89960522259e-09
            ]
        },
        "barkbands_crest": {
            "dmean": 2.91905021667,
            "dmean2": 4.5874505043,
            "dvar": 7.85915708542,
            "dvar2": 19.0168132782,
            "max": 26.7920818329,
            "mean": 12.3855581284,
            "median": 11.7165555954,
            "min": 2.53785037994,
            "var": 22.8252716064
        },
        "barkbands_flatness_db": {
            "dmean": 0.0274073667824,
            "dmean2": 0.0400308817625,
            "dvar": 0.000881813524757,
            "dvar2": 0.001778077567,
            "max": 0.551582932472,
            "mean": 0.175544664264,
            "median": 0.155544310808,
            "min": 0.020116450265,
            "var": 0.00833037402481
        },
        "barkbands_kurtosis": {
            "dmean": 6.79946327209,
            "dmean2": 10.3263187408,
            "dvar": 440.85736084,
            "dvar2": 958.854675293,
            "max": 942.430847168,
            "mean": 9.72163677216,
            "median": 2.90218853951,
            "min": -1.9228464365,
            "var": 813.73236084
        },
        "barkbands_skewness": {
            "dmean": 0.799493789673,
            "dmean2": 1.17230939865,
            "dvar": 1.03223526478,
            "dvar2": 2.08149194717,
            "max": 26.0415363312,
            "mean": 1.88958799839,
            "median": 1.54365038872,
            "min": -8.36549377441,
            "var": 3.62731838226
        },
        "barkbands_spread": {
            "dmean": 7.31369161606,
            "dmean2": 11.2110834122,
            "dvar": 106.279067993,
            "dvar2": 225.398803711,
            "max": 121.657798767,
            "mean": 23.1254329681,
            "median": 18.1031112671,
            "min": 0.104385890067,
            "var": 412.804534912
        },
        "dissonance": {
            "dmean": 0.0310496874154,
            "dmean2": 0.0516974106431,
            "dvar": 0.00106028665323,
            "dvar2": 0.00283749960363,
            "max": 0.499999940395,
            "mean": 0.437803059816,
            "median": 0.452893912792,
            "min": 0.106060884893,
            "var": 0.00292975339107
        },
        "dynamic_complexity": 4.60326433182,
        "erbbands": {
            "dmean": [
                0.18310405314,
                1.1707983017,
                3.0981566906,
                5.30741596222,
                4.67595911026,
                5.64753341675,
                4.4114780426,
                6.45827817917,
                15.181933403,
                17.4785346985,
                14.6920156479,
                16.4405498505,
                20.8555850983,
                32.7950057983,
                30.5584640503,
                17.8259391785,
                27.5109863281,
                24.0687580109,
                15.139213562,
                7.91303777695,
                8.10596847534,
                7.21216344833,
                7.05172395706,
                8.91141986847,
                7.60267210007,
                6.58094406128,
                6.89534711838,
                6.53960132599,
                5.96633291245,
                6.94654083252,
                5.31275320053,
                4.08551168442,
                3.48515796661,
                2.46058487892,
                1.52286505699,
                0.602071344852,
                0.157713010907,
                0.0232982449234,
                0.00200400874019,
                6.86219136696e-05
            ],
            "dmean2": [
                0.279117643833,
                1.72908890247,
                4.82878828049,
                9.01202201843,
                7.9685344696,
                9.18871021271,
                6.91776990891,
                9.78151893616,
                23.3628940582,
                26.7123565674,
                22.5256481171,
                24.8022727966,
                31.2092151642,
                50.3103218079,
                46.3553237915,
                26.7600975037,
                42.2846603394,
                38.2686729431,
                23.3252677917,
                12.3454494476,
                12.8037004471,
                11.5770845413,
                11.4214706421,
                14.467549324,
                12.2358226776,
                10.3392076492,
                10.9105529785,
                10.7420167923,
                9.53348731995,
                11.5343418121,
                8.544465065,
                6.30794620514,
                5.2212061882,
                3.75395298004,
                2.38289666176,
                0.944097995758,
                0.25669708848,
                0.0380419380963,
                0.00346602452919,
                0.00011598742276
            ],
            "dvar": [
                0.155632585287,
                12.4005851746,
                87.2963180542,
                447.045074463,
                183.2890625,
                137.734832764,
                116.939697266,
                224.691207886,
                1040.35888672,
                1792.04199219,
                2147.16650391,
                2078.69726563,
                2227.70141602,
                5833.1640625,
                7950.87207031,
                3283.58764648,
                7218.60253906,
                5969.82080078,
                2786.27490234,
                703.524902344,
                892.938781738,
                824.061035156,
                472.307495117,
                616.094482422,
                374.51852417,
                344.49786377,
                334.043212891,
                448.321868896,
                246.594207764,
                304.188140869,
                147.740982056,
                112.277954102,
                88.3633651733,
                47.201133728,
                18.6986427307,
                3.10115075111,
                0.199446678162,
                0.0106828929856,
                0.000101781362901,
                9.82874084343e-08
            ],
            "dvar2": [
                0.439837366343,
                21.3070240021,
                185.913482666,
                1215.30334473,
                503.828582764,
                318.950561523,
                265.546905518,
                476.702423096,
                2430.22827148,
                4241.55810547,
                4490.45068359,
                4588.18505859,
                4806.19726563,
                14322.0449219,
                18578.2070313,
                7008.47460938,
                16504.5332031,
                14641.8994141,
                6342.06347656,
                1488.43444824,
                2071.3894043,
                2073.92236328,
                1208.69885254,
                1585.02978516,
                939.582092285,
                818.559020996,
                800.578186035,
                1168.38134766,
                592.087646484,
                792.393249512,
                354.89730835,
                246.728500366,
                171.662078857,
                97.6604537964,
                37.6632728577,
                6.24779415131,
                0.461956202984,
                0.0266041811556,
                0.000285999965854,
                2.82125625972e-07
            ],
            "max": [
                6.56832647324,
                50.3108787537,
                116.385787964,
                267.588287354,
                209.029403687,
                293.627471924,
                234.459579468,
                336.208007813,
                547.257446289,
                1007.0168457,
                1840.16821289,
                1831.33532715,
                1139.88769531,
                1766.48828125,
                2135.6953125,
                1700.33398438,
                1906.29797363,
                1698.70300293,
                1419.73632813,
                1351.35974121,
                987.584594727,
                790.964538574,
                570.081726074,
                516.750427246,
                496.524932861,
                555.720397949,
                453.118560791,
                415.702209473,
                310.608032227,
                260.820129395,
                203.531234741,
                283.198303223,
                443.498718262,
                175.555709839,
                143.22644043,
                85.5436172485,
                19.0992622375,
                4.39490270615,
                0.339024960995,
                0.0109403021634
            ],
            "mean": [
                0.515620827675,
                2.36028695107,
                4.03894805908,
                5.25121641159,
                5.80508470535,
                8.2998456955,
                7.37213945389,
                11.543888092,
                26.930727005,
                30.2761535645,
                24.4759426117,
                31.063703537,
                38.068523407,
                57.8791351318,
                55.0184249878,
                29.7285270691,
                41.1565856934,
                35.0006027222,
                23.2488956451,
                12.1686944962,
                12.0548753738,
                10.0949277878,
                10.3132572174,
                13.1539440155,
                12.014424324,
                10.628528595,
                11.0417461395,
                8.64381408691,
                8.37184047699,
                9.26941585541,
                8.5136384964,
                7.51506233215,
                6.14115190506,
                4.02089977264,
                2.36535143852,
                0.939325749874,
                0.251437723637,
                0.0366955511272,
                0.00218820874579,
                0.000112127330794
            ],
            "median": [
                0.122466742992,
                0.567113280296,
                1.04796826839,
                1.61516368389,
                2.7349588871,
                4.01564598083,
                2.58270025253,
                3.99343061447,
                8.08841133118,
                7.85675239563,
                5.23832464218,
                5.47595310211,
                9.34539222717,
                14.2840662003,
                8.38825130463,
                6.38605451584,
                8.23508071899,
                7.8511300087,
                6.50266933441,
                3.12013983727,
                2.44849300385,
                1.94734668732,
                2.93885421753,
                4.1303524971,
                3.29718852043,
                2.32348060608,
                2.18448996544,
                1.67845451832,
                1.75964677334,
                1.80376148224,
                1.61803328991,
                1.39580202103,
                1.69666337967,
                0.849057435989,
                0.404680401087,
                0.138628304005,
                0.0306931007653,
                0.00393854081631,
                0.000159865012392,
                5.29971184733e-05
            ],
            "min": [
                2.15431299406e-22,
                1.80546022349e-21,
                4.05014567821e-21,
                1.1318212963e-20,
                6.88596840677e-20,
                1.19773219457e-19,
                1.17403282379e-19,
                5.30943453755e-19,
                3.64957023493e-19,
                4.35607631135e-19,
                5.3082335747e-19,
                1.57422169262e-18,
                1.56497950023e-18,
                2.74716338763e-18,
                2.48616908601e-18,
                2.94765459732e-18,
                3.88796560032e-18,
                2.7731395472e-18,
                7.19553247922e-18,
                4.72575894013e-18,
                3.71007958241e-18,
                6.88521774037e-18,
                1.10456082444e-17,
                1.2709649137e-17,
                1.20948198498e-17,
                1.50192374961e-17,
                2.36236727983e-17,
                1.84130966837e-17,
                1.27345241124e-17,
                1.72966940243e-17,
                1.76130244342e-17,
                1.48498673026e-17,
                1.35289599532e-17,
                8.8448470754e-18,
                9.96961418513e-18,
                6.53255921237e-18,
                3.06095993647e-18,
                1.18172842107e-18,
                3.05304376631e-19,
                2.95001557758e-20
            ],
            "var": [
                0.497999221087,
                26.3741474152,
                117.217399597,
                314.622894287,
                142.187393188,
                203.469619751,
                218.9478302,
                543.029968262,
                2615.16674805,
                4305.67382813,
                5334.36572266,
                7893.01953125,
                7417.58349609,
                14375.8935547,
                21826.3632813,
                7195.29492188,
                14263.8251953,
                9324.20410156,
                4280.20703125,
                1338.24401855,
                1945.38684082,
                1227.00927734,
                631.878112793,
                782.373779297,
                659.673706055,
                649.775268555,
                625.270996094,
                516.048095703,
                381.875976563,
                417.637664795,
                300.617736816,
                275.183624268,
                243.11756897,
                103.020904541,
                41.6050453186,
                6.79799747467,
                0.393846690655,
                0.0143163381144,
                8.300079935e-05,
                7.89295242498e-08
            ]
        },
        "erbbands_crest": {
            "dmean": 3.19282150269,
            "dmean2": 5.12195491791,
            "dvar": 8.70223140717,
            "dvar2": 20.5074958801,
            "max": 33.5006866455,
            "mean": 11.0052957535,
            "median": 9.91961479187,
            "min": 2.2856733799,
            "var": 27.8428821564
        },
        "erbbands_flatness_db": {
            "dmean": 0.0217516124249,
            "dmean2": 0.0320647098124,
            "dvar": 0.000575353624299,
            "dvar2": 0.00113976059947,
            "max": 0.556938052177,
            "mean": 0.176407530904,
            "median": 0.156327724457,
            "min": 0.0444844998419,
            "var": 0.00715139228851
        },
        "erbbands_kurtosis": {
            "dmean": 2.35304117203,
            "dmean2": 3.64666748047,
            "dvar": 30.9401550293,
            "dvar2": 70.2212753296,
            "max": 168.206420898,
            "mean": 2.83276033401,
            "median": 0.845962882042,
            "min": -1.86808657646,
            "var": 61.5851249695
        },
        "erbbands_skewness": {
            "dmean": 0.52180826664,
            "dmean2": 0.772819519043,
            "dvar": 0.35572335124,
            "dvar2": 0.741981863976,
            "max": 10.4847860336,
            "mean": 0.713982701302,
            "median": 0.68599408865,
            "min": -4.60886669159,
            "var": 1.44601809978
        },
        "erbbands_spread": {
            "dmean": 10.9738855362,
            "dmean2": 16.8515834808,
            "dvar": 181.717651367,
            "dvar2": 406.881164551,
            "max": 186.616485596,
            "mean": 36.9894561768,
            "median": 31.2594146729,
            "min": 0.360462814569,
            "var": 617.952514648
        },
        "gfcc": {
            "cov": [
                [
                    23682.2382813,
                    -3795.86279297,
                    474.675140381,
                    2618.65014648,
                    121.419494629,
                    2145.45825195,
                    298.715209961,
                    1479.11499023,
                    -152.563247681,
                    1128.30419922,
                    433.64666748,
                    872.102294922,
                    -211.455276489
                ],
                [
                    -3795.86279297,
                    4735.13330078,
                    566.869567871,
                    -600.657287598,
                    1068.02661133,
                    -390.340820313,
                    325.317657471,
                    -570.707214355,
                    289.37008667,
                    -429.27835083,
                    144.078170776,
                    -240.410705566,
                    118.236221313
                ],
                [
                    474.675140381,
                    566.869567871,
                    1537.87878418,
                    645.509887695,
                    469.498748779,
                    382.536834717,
                    190.750457764,
                    46.4505844116,
                    50.808429718,
                    63.4122428894,
                    -4.97300958633,
                    111.890647888,
                    -32.4042739868
                ],
                [
                    2618.65014648,
                    -600.657287598,
                    645.509887695,
                    1239.41113281,
                    315.830993652,
                    431.218383789,
                    130.398452759,
                    251.162597656,
                    39.8058662415,
                    195.102432251,
                    23.2526550293,
                    127.116401672,
                    -14.0720100403
                ],
                [
                    121.419494629,
                    1068.02661133,
                    469.498748779,
                    315.830993652,
                    824.214111328,
                    205.841918945,
                    212.935409546,
                    -10.7965536118,
                    149.068283081,
                    26.5359745026,
                    105.943069458,
                    16.3377895355,
                    17.7262763977
                ],
                [
                    2145.45825195,
                    -390.340820313,
                    382.536834717,
                    431.218383789,
                    205.841918945,
                    585.567993164,
                    205.387817383,
                    196.521911621,
                    8.24754142761,
                    163.993331909,
                    92.8665390015,
                    126.961387634,
                    -56.3773765564
                ],
                [
                    298.715209961,
                    325.317657471,
                    190.750457764,
                    130.398452759,
                    212.935409546,
                    205.387817383,
                    330.575286865,
                    78.1523132324,
                    75.2883911133,
                    43.2242164612,
                    68.6723937988,
                    25.5416984558,
                    -8.90195941925
                ],
                [
                    1479.11499023,
                    -570.707214355,
                    46.4505844116,
                    251.162597656,
                    -10.7965536118,
                    196.521911621,
                    78.1523132324,
                    324.354949951,
                    25.89661026,
                    122.007026672,
                    39.186416626,
                    79.8841705322,
                    -14.9045276642
                ],
                [
                    -152.563247681,
                    289.37008667,
                    50.808429718,
                    39.8058662415,
                    149.068283081,
                    8.24754142761,
                    75.2883911133,
                    25.89661026,
                    206.766921997,
                    30.6609077454,
                    38.2448234558,
                    14.4800415039,
                    10.255947113
                ],
                [
                    1128.30419922,
                    -429.27835083,
                    63.4122428894,
                    195.102432251,
                    26.5359745026,
                    163.993331909,
                    43.2242164612,
                    122.007026672,
                    30.6609077454,
                    231.302993774,
                    87.5090103149,
                    75.6816864014,
                    5.04391908646
                ],
                [
                    433.64666748,
                    144.078170776,
                    -4.97300958633,
                    23.2526550293,
                    105.943069458,
                    92.8665390015,
                    68.6723937988,
                    39.186416626,
                    38.2448234558,
                    87.5090103149,
                    210.207183838,
                    65.1848754883,
                    23.2517127991
                ],
                [
                    872.102294922,
                    -240.410705566,
                    111.890647888,
                    127.116401672,
                    16.3377895355,
                    126.961387634,
                    25.5416984558,
                    79.8841705322,
                    14.4800415039,
                    75.6816864014,
                    65.1848754883,
                    162.356292725,
                    15.3635578156
                ],
                [
                    -211.455276489,
                    118.236221313,
                    -32.4042739868,
                    -14.0720100403,
                    17.7262763977,
                    -56.3773765564,
                    -8.90195941925,
                    -14.9045276642,
                    10.255947113,
                    5.04391908646,
                    23.2517127991,
                    15.3635578156,
                    128.727401733
                ]
            ],
            "icov": [
                [
                    0.000104492697574,
                    -8.52132288856e-05,
                    0.000126993545564,
                    -0.000153536719154,
                    7.84202056821e-05,
                    -0.000285751564661,
                    0.00016535987379,
                    -0.000243017915636,
                    0.000153255910845,
                    -0.000243625050643,
                    9.15369673749e-05,
                    -0.000294660159852,
                    0.000128418687382
                ],
                [
                    -8.52132288856e-05,
                    0.000898134079762,
                    -0.000459781120298,
                    0.000486216071295,
                    -0.000877766346093,
                    0.000709657208063,
                    -0.000722757191397,
                    0.000829042633995,
                    -0.000587773509324,
                    0.00125243992079,
                    -0.000916850112844,
                    0.00084583676653,
                    -0.000487407407491
                ],
                [
                    0.000126993545564,
                    -0.000459781120298,
                    0.001365273376,
                    -0.000707450031769,
                    4.67912359454e-05,
                    -0.000871485099196,
                    0.000265175069217,
                    -0.000160897601745,
                    0.000438384508016,
                    -0.000645628198981,
                    0.00098182389047,
                    -0.00121223158203,
                    0.00046655361075
                ],
                [
                    -0.000153536719154,
                    0.000486216071295,
                    -0.000707450031769,
                    0.00185126438737,
                    -0.000845977046993,
                    0.00012856554531,
                    -0.000206201846595,
                    -6.21305662207e-05,
                    -0.000343666790286,
                    0.000197436136659,
                    7.09314408596e-05,
                    0.000596138823312,
                    -0.000587478862144
                ],
                [
                    7.84202056821e-05,
                    -0.000877766346093,
                    4.67912359454e-05,
                    -0.000845977046993,
                    0.00301576033235,
                    -0.00109036441427,
                    0.000132736895466,
                    -0.000195797474589,
                    -0.000595735909883,
                    -0.00066456879722,
                    -0.000111305940663,
                    -6.33000599919e-05,
                    4.92006984132e-05
                ],
                [
                    -0.000285751564661,
                    0.000709657208063,
                    -0.000871485099196,
                    0.00012856554531,
                    -0.00109036441427,
                    0.00520859053358,
                    -0.0024208528921,
                    0.000166303201695,
                    0.000582061999012,
                    5.10027202836e-05,
                    -0.00107419118285,
                    -0.000331093237037,
                    0.00114177935757
                ],
                [
                    0.00016535987379,
                    -0.000722757191397,
                    0.000265175069217,
                    -0.000206201846595,
                    0.000132736895466,
                    -0.0024208528921,
                    0.00551506923512,
                    -0.00152932014316,
                    -0.000638921977952,
                    -0.000494019652251,
                    -5.18939887115e-05,
                    7.62537965784e-05,
                    0.000176030385774
                ],
                [
                    -0.000243017915636,
                    0.000829042633995,
                    -0.000160897601745,
                    -6.21305662207e-05,
                    -0.000195797474589,
                    0.000166303201695,
                    -0.00152932014316,
                    0.00604180013761,
                    -0.00127526035067,
                    0.000146527774632,
                    -0.000495607906487,
                    0.000127005056129,
                    -0.000344163068803
                ],
                [
                    0.000153255910845,
                    -0.000587773509324,
                    0.000438384508016,
                    -0.000343666790286,
                    -0.000595735909883,
                    0.000582061999012,
                    -0.000638921977952,
                    -0.00127526035067,
                    0.0067754345946,
                    -0.00187977706082,
                    0.00053981191013,
                    -0.00139658071566,
                    0.000612539995927
                ],
                [
                    -0.000243625050643,
                    0.00125243992079,
                    -0.000645628198981,
                    0.000197436136659,
                    -0.00066456879722,
                    5.10027202836e-05,
                    -0.000494019652251,
                    0.000146527774632,
                    -0.00187977706082,
                    0.0092405192554,
                    -0.00359301734716,
                    0.000908832938876,
                    -0.00126662291586
                ],
                [
                    9.15369673749e-05,
                    -0.000916850112844,
                    0.00098182389047,
                    7.09314408596e-05,
                    -0.000111305940663,
                    -0.00107419118285,
                    -5.18939887115e-05,
                    -0.000495607906487,
                    0.00053981191013,
                    -0.00359301734716,
                    0.00825479626656,
                    -0.00313859898597,
                    -0.000287374685286
                ],
                [
                    -0.000294660159852,
                    0.00084583676653,
                    -0.00121223158203,
                    0.000596138823312,
                    -6.33000599919e-05,
                    -0.000331093237037,
                    7.62537965784e-05,
                    0.000127005056129,
                    -0.00139658071566,
                    0.000908832938876,
                    -0.00313859898597,
                    0.0107284607366,
                    -0.00225508539006
                ],
                [
                    0.000128418687382,
                    -0.000487407407491,
                    0.00046655361075,
                    -0.000587478862144,
                    4.92006984132e-05,
                    0.00114177935757,
                    0.000176030385774,
                    -0.000344163068803,
                    0.000612539995927,
                    -0.00126662291586,
                    -0.000287374685286,
                    -0.00225508539006,
                    0.00926769152284
                ]
            ],
            "mean": [
                -37.2637748718,
                78.0243225098,
                -97.7437210083,
                10.5554161072,
                -66.0149383545,
                19.8069725037,
                -36.1789093018,
                10.0060930252,
                -27.1926364899,
                4.44985246658,
                -13.636007309,
                -0.986974775791,
                -11.7092208862
            ]
        },
        "hfc": {
            "dmean": 10.6083221436,
            "dmean2": 16.5133361816,
            "dvar": 525.94329834,
            "dvar2": 1275.26318359,
            "max": 382.5809021,
            "mean": 28.5629348755,
            "median": 19.1410579681,
            "min": 1.15790780318e-16,
            "var": 1235.60473633
        },
        "melbands": {
            "dmean": [
                0.00149146583863,
                0.00158364907838,
                0.000865800189786,
                0.000367123371689,
                0.000167568679899,
                0.000140926058521,
                0.000237024651142,
                0.000187121419003,
                0.00011369020649,
                0.00011284842185,
                0.00011038329103,
                0.00014002212265,
                0.000119998512673,
                6.82138270349e-05,
                5.40832988918e-05,
                6.0000907979e-05,
                4.38390488853e-05,
                2.82356668322e-05,
                1.23059489852e-05,
                1.08297672341e-05,
                9.48000160861e-06,
                8.20375134936e-06,
                5.56672284802e-06,
                8.70085295901e-06,
                7.55354540161e-06,
                6.63034143145e-06,
                4.6891823331e-06,
                4.6827362894e-06,
