{
    "lowlevel": {
        "average_loudness": 0.721705496311,
        "barkbands": {
            "dmean": [
                0.00195073673967,
                0.00902224425226,
                0.00458010379225,
                0.00255913916044,
                0.00228087930009,
                0.00190254091285,
                0.000961439742241,
                0.000356825155905,
                0.000560907414183,
                0.000337049190421,
                0.000202474402613,
                0.000163599863299,
                0.000114767324703,
                0.000141370983329,
                8.28806514619e-05,
                5.62231580261e-05,
                7.30535903131e-05,
                7.86160162534e-05,
                4.75048218505e-05,
                3.80096607842e-05,
                5.20118228451e-05,
                4.80277012684e-05,
                1.63888980751e-05,
                1.57176473294e-05,
                8.44157148094e-06,
                4.61174340671e-06,
                1.93487630895e-06
            ],
            "dmean2": [
                0.00273114093579,
                0.0135028334334,
                0.00838516280055,
                0.00412196433172,
                0.00369788892567,
                0.00304784951732,
                0.00154064805247,
                0.000597735343035,
                0.000921943341382,
                0.000548805692233,
                0.000328273628838,
                0.000264018046437,
                0.000179695984116,
                0.000236051753745,
                0.000132133543957,
                9.21745959204e-05,
                0.000120490767586,
                0.000136895934702,
                8.15540261101e-05,
                5.98165170231e-05,
                8.31184734125e-05,
                7.80951959314e-05,
                2.50539942499e-05,
                2.38613065449e-05,
                1.25298411149e-05,
                6.74421426083e-06,
                2.87929515252e-06
            ],
            "dvar": [
                2.44257462327e-05,
                0.000462308351416,
                0.000215821899474,
                3.10198884108e-05,
                2.1436060706e-05,
                1.96777182282e-05,
                4.62347770736e-06,
                7.62655190556e-07,
                1.48393212385e-06,
                7.1523902534e-07,
                3.03033942828e-07,
                1.74245982976e-07,
                9.47689784425e-08,
                1.54875905878e-07,
                4.89862728159e-08,
                1.91570403985e-08,
                4.81015653975e-08,
                6.40499635551e-08,
                1.52618788718e-08,
                8.48849968094e-09,
                1.65537095143e-08,
                1.61109134922e-08,
                1.442443609e-09,
                1.56793289463e-09,
                4.2645290077e-10,
                1.51249873737e-10,
                5.24822407755e-11
            ],
            "dvar2": [
                5.13755912834e-05,
                0.00103852141183,
                0.000663895276375,
                7.71008562879e-05,
                5.51013981749e-05,
                4.51679916296e-05,
                1.10364826469e-05,
                2.12870213545e-06,
                3.88033140553e-06,
                1.78470099854e-06,
                8.00648081167e-07,
                4.22927826094e-07,
                2.2833147284e-07,
                4.25338953391e-07,
                1.22911359313e-07,
                5.07748652012e-08,
                1.24421788428e-07,
                1.83725830993e-07,
                4.2702875902e-08,
                1.94908089668e-08,
                4.02758395524e-08,
                4.03099669199e-08,
                3.0785469729e-09,
                3.35552008401e-09,
                9.48502609788e-10,
                2.86196344401e-10,
                1.11547410198e-10
            ],
            "max": [
                0.0689034387469,
                0.23384617269,
                0.139378160238,
                0.0886984691024,
                0.0783793702722,
                0.108351841569,
                0.0418067350984,
                0.0219618882984,
                0.0256124511361,
                0.0243325810879,
                0.017352392897,
                0.00734965968877,
                0.0102189499885,
                0.0121260965243,
                0.00820481590927,
                0.0027448348701,
                0.00526277115569,
                0.00416054390371,
                0.00160257762764,
                0.00308932061307,
                0.0014567906037,
                0.0015526068164,
                0.00131615728606,
                0.00139388651587,
                0.000590598036069,
                0.000493756728247,
                0.000266376096988
            ],
            "mean": [
                0.00416984781623,
                0.0180000029504,
                0.00436978368089,
                0.00429192045704,
                0.00421970058233,
                0.00306864408776,
                0.00145026890095,
                0.000523286231328,
                0.00084807939129,
                0.000503197370563,
                0.000291022297461,
                0.000257875333773,
                0.0002050701587,
                0.000208655765164,
                0.000138032934046,
                9.62385602179e-05,
                0.000109528220491,
                0.000106302373752,
                7.10857275408e-05,
                6.23647138127e-05,
                7.2464637924e-05,
                6.13159281784e-05,
                3.06269721477e-05,
                2.70960208582e-05,
                1.51518306666e-05,
                7.88500346971e-06,
                3.09710048896e-06
            ],
            "median": [
                0.00066725013312,
                0.00340217910707,
                0.00105122209061,
                0.00147184007801,
                0.0017651990056,
                0.000995178706944,
                0.000365690706531,
                0.000160689960467,
                0.000239684377448,
                0.000127078121295,
                7.18303781468e-05,
                7.21316318959e-05,
                6.75074916217e-05,
                5.94561715843e-05,
                4.09189560742e-05,
                3.38472382282e-05,
                2.97603673971e-05,
                2.8555494282e-05,
                2.08996134461e-05,
                1.65625460795e-05,
                1.42125427374e-05,
                9.95152095129e-06,
                5.24731285623e-06,
                3.72403201254e-06,
                2.2323417852e-06,
                7.44080182358e-07,
                1.37539615253e-07
            ],
            "min": [
                1.77597695264e-24,
                2.79556780028e-23,
                2.44038822641e-23,
                4.12139496409e-23,
                8.72355079389e-23,
                4.31888534507e-23,
                2.63074493823e-23,
                4.41172322957e-23,
                3.97716720924e-23,
                5.37532092737e-23,
                3.52908979745e-23,
                4.26311508789e-23,
                1.4267069488e-22,
                1.52481360373e-22,
                1.03242177282e-22,
                1.2105194284e-22,
                6.51647701544e-23,
                3.19024967864e-22,
                3.02273273038e-22,
                3.44581107697e-22,
                3.99743159439e-22,
                5.67753013228e-22,
                6.23173508424e-22,
                7.41431507886e-22,
                1.12514667981e-21,
                1.90638191278e-21,
                2.52274516608e-21
            ],
            "var": [
                7.77085951995e-05,
                0.00131449813489,
                0.000140804884722,
                5.23049820913e-05,
                4.2022766138e-05,
                3.53276518581e-05,
                8.42080316943e-06,
                1.10648443297e-06,
                2.66993129117e-06,
                1.21002562992e-06,
                4.98081760725e-07,
                3.15015654451e-07,
                2.29833531762e-07,
                2.38902799765e-07,
                9.72394929022e-08,
                3.45367716648e-08,
                6.61302834715e-08,
                5.75054386331e-08,
                1.81805095423e-08,
                1.87141466768e-08,
                2.39321771289e-08,
                2.12940474142e-08,
                4.98151120354e-09,
                5.26224797071e-09,
                1.28452370962e-09,
                4.3213740919e-10,
                1.37633029973e-10
            ]
        },
        "barkbands_crest": {
            "dmean": 2.62289071083,
            "dmean2": 4.23863601685,
            "dvar": 5.40981483459,
            "dvar2": 13.6172008514,
            "max": 25.2885837555,
            "mean": 11.4174900055,
            "median": 10.5765094757,
            "min": 2.49461984634,
            "var": 18.5575771332
        },
        "barkbands_flatness_db": {
            "dmean": 0.0261504985392,
            "dmean2": 0.0363186337054,
            "dvar": 0.000767192686908,
            "dvar2": 0.00139243295416,
            "max": 0.550858855247,
            "mean": 0.204416051507,
            "median": 0.192904949188,
            "min": 0.0218752492219,
            "var": 0.00767558394
        },
        "barkbands_kurtosis": {
            "dmean": 7.18035936356,
            "dmean2": 11.2401514053,
            "dvar": 242.034927368,
            "dvar2": 543.531860352,
            "max": 518.856018066,
            "mean": 15.0119762421,
            "median": 8.26715087891,
            "min": -1.83504343033,
            "var": 579.170043945
        },
        "barkbands_skewness": {
            "dmean": 0.730563163757,
            "dmean2": 1.13709414005,
            "dvar": 0.708604574203,
            "dvar2": 1.59828531742,
            "max": 16.5996685028,
            "mean": 2.5356464386,
            "median": 2.26581120491,
            "min": -3.47457146645,
            "var": 2.83332204819
        },
        "barkbands_spread": {
            "dmean": 3.45707964897,
            "dmean2": 5.33314466476,
            "dvar": 40.5128555298,
            "dvar2": 87.1851730347,
            "max": 106.085990906,
            "mean": 9.72328281403,
            "median": 6.73042726517,
            "min": 0.222080036998,
            "var": 94.7503128052
        },
        "dissonance": {
            "dmean": 0.0253491029143,
            "dmean2": 0.0428480356932,
            "dvar": 0.000605999724939,
            "dvar2": 0.0016735609388,
            "max": 0.500000059605,
            "mean": 0.451365768909,
            "median": 0.461035847664,
            "min": 0.226721063256,
            "var": 0.00134135910776
        },
        "dynamic_complexity": 6.29376363754,
        "erbbands": {
            "dmean": [
                0.459267914295,
                1.60004448891,
                4.67007875443,
                7.31314468384,
                8.42077827454,
                7.03003883362,
                10.5255908966,
                18.5383777618,
                15.393404007,
                9.53490257263,
                7.93069267273,
                9.95202159882,
                12.909491539,
                10.3372478485,
                6.16020536423,
                5.97136259079,
                4.92565917969,
                6.7725276947,
                4.56895256042,
                3.80417990685,
                3.06754612923,
                4.39199781418,
                4.12510824203,
                3.16977882385,
                2.12592673302,
                1.82393503189,
                2.29677724838,
                1.88983643055,
                1.84327864647,
                1.0628131628,
                0.435748457909,
                0.37101957202,
                0.240375563502,
                0.113488256931,
                0.0523257665336,
                0.0190844014287,
                0.00853000674397,
                0.00303991464898,
                0.000300975021673,
                2.84726884274e-05
            ],
            "dmean2": [
                0.639258205891,
                2.63132190704,
                8.60795593262,
                11.9288139343,
                13.281036377,
                11.6034460068,
                16.7077388763,
                29.8831939697,
                24.8704490662,
                15.4741697311,
                12.9980077744,
                16.4366226196,
                21.0784645081,
                16.5860424042,
                9.81271648407,
                9.62829589844,
                7.63716220856,
                11.145067215,
                7.2919049263,
                6.25346136093,
                4.95103597641,
                7.23947811127,
                7.17593669891,
                5.54373025894,
                3.52059221268,
                2.89830708504,
                3.6027173996,
                3.11913108826,
                3.07178068161,
                1.68186366558,
                0.665110647678,
                0.563652098179,
                0.365716665983,
                0.169605076313,
                0.0782246813178,
                0.0279888026416,
                0.0126018645242,
                0.00464242557064,
                0.000437480164692,
                4.10576467402e-05
            ],
            "dvar": [
                1.21760356426,
                17.1589641571,
                218.215209961,
                348.947387695,
                314.452972412,
                218.271865845,
                747.469848633,
                2123.72412109,
                1080.5222168,
                564.981567383,
                416.078826904,
                435.557281494,
                931.992004395,
                789.357421875,
                237.714447021,
                252.129760742,
                172.558654785,
                380.825317383,
                123.590538025,
                104.223167419,
                50.4255752563,
                186.554840088,
                160.182128906,
                136.23135376,
                20.1083850861,
                25.287065506,
                29.3680706024,
                26.151216507,
                25.7309780121,
                6.90768098831,
                0.990162670612,
                0.817186951637,
                0.407941967249,
                0.08529432863,
                0.0158508103341,
                0.00283536920324,
                0.000570764765143,
                0.000113607791718,
                1.07430980734e-06,
                2.62635380111e-09
            ],
            "dvar2": [
                2.61428904533,
                44.3615379333,
                672.030883789,
                922.896118164,
                779.401245117,
                570.831970215,
                1640.24584961,
                5190.28613281,
                2692.96606445,
                1371.64135742,
                1114.75500488,
                1128.38842773,
                2437.61914062,
                2034.75366211,
                610.384643555,
                632.046508789,
                401.730499268,
                1021.01312256,
                303.500457764,
                275.221710205,
                130.433517456,
                477.25692749,
                460.250732422,
                391.701934814,
                52.8530082703,
                57.5520553589,
                68.6747741699,
                68.5242462158,
                67.7849960327,
                16.9813137054,
                2.06363916397,
                1.74994647503,
                0.892174601555,
                0.19317792356,
                0.0356073603034,
                0.00470019783825,
                0.00116345565766,
                0.00024496181868,
                2.17114734369e-06,
                5.48942757916e-09
            ],
            "max": [
                13.2065095901,
                40.984161377,
                138.118377686,
                218.14012146,
                347.980255127,
                298.096374512,
                723.435546875,
                1267.78112793,
                644.546630859,
                568.411621094,
                559.830078125,
                451.001037598,
                633.639770508,
                1070.97485352,
                274.71987915,
                315.156097412,
                408.399383545,
                664.021362305,
                224.958786011,
                309.006286621,
                163.297058105,
                344.204376221,
                207.193756104,
                169.344284058,
                88.3992996216,
                202.201217651,
                85.6065826416,
                62.2155532837,
                56.6303634644,
                42.3933181763,
                31.406578064,
                23.734544754,
                29.6517238617,
                11.6244459152,
                4.19508600235,
                2.89800453186,
                0.797818601131,
                0.328226596117,
                0.038098860532,
                0.00102535041515
            ],
            "mean": [
                0.969065368176,
                2.23509716988,
                4.69282627106,
                11.1479005814,
                14.2157621384,
                13.3658838272,
                15.7367725372,
                29.0856590271,
                24.6673812866,
                15.1503372192,
                12.406785965,
                15.3862161636,
                20.2531833649,
                16.1172580719,
                9.96216678619,
                9.82126808167,
                9.32939338684,
                10.7785177231,
                8.15010070801,
                6.33254861832,
                5.50248813629,
                6.74530649185,
                5.90500593185,
                4.25956392288,
                3.54016304016,
                2.9589509964,
                3.3477294445,
                2.42617630959,
                2.21979236603,
                1.52679586411,
                0.819558084011,
                0.627264082432,
                0.40655913949,
                0.200325280428,
                0.09250318259,
                0.0352256149054,
                0.0141306882724,
                0.00429559499025,
                0.000500675814692,
                7.08722800482e-05
            ],
            "median": [
                0.141222402453,
                0.501126408577,
                1.23492574692,
                4.05354785919,
                6.6217880249,
                6.15564680099,
                5.24114084244,
                8.7489118576,
                7.42104053497,
                4.64003944397,
                4.21148443222,
                5.03922748566,
                5.58744430542,
                4.06413412094,
                3.09752011299,
                2.96138191223,
                3.21113228798,
                3.32275342941,
                2.81860351562,
                2.10887622833,
                1.93569982052,
                1.86282896996,
                1.63167834282,
                1.24598252773,
                0.990613937378,
                0.786216437817,
                0.647396922112,
                0.500299751759,
                0.365606367588,
                0.243596211076,
                0.141280189157,
                0.0914311036468,
                0.0547446236014,
                0.029930587858,
                0.0125724961981,
                0.00423915544525,
                0.00117543630768,
                0.000217144013732,
                5.33678612555e-05,
                3.53129435098e-05
            ],
            "min": [
                8.86181147863e-22,
                6.16858188415e-21,
                2.61452582297e-20,
                7.84083662534e-20,
                1.58339959755e-19,
                2.00312422355e-19,
                6.20084520768e-19,
                3.06094230718e-19,
                3.82016460404e-19,
                7.60965941892e-19,
                7.65355634306e-19,
                9.96119431367e-19,
                1.38351003251e-18,
                2.11610605754e-18,
                1.14746504913e-18,
                2.5110816981e-18,
                5.7031439714e-18,
                9.28134449438e-18,
                5.35266258277e-18,
                5.83903692474e-18,
                5.61746708509e-18,
                4.21995826148e-18,
                1.21567012314e-17,
                1.64156209405e-17,
                1.57267068761e-17,
                1.74783643936e-17,
                1.66113401453e-17,
                1.74380906239e-17,
                1.88074269166e-17,
                1.73296025778e-17,
                1.82061625642e-17,
                1.39585471054e-17,
                1.38806581245e-17,
                8.73059854356e-18,
                9.81159621835e-18,
                6.89658402917e-18,
                3.63634759774e-18,
                1.32724882616e-18,
                3.19648748277e-19,
                3.81159753321e-20
            ],
            "var": [
                4.27693986893,
                22.4422206879,
                146.452011108,
                400.077148438,
                511.505340576,
                529.971130371,
                1183.54223633,
                3456.52758789,
                1973.71777344,
                1003.09155273,
                665.081359863,
                775.058166504,
                1638.77661133,
                1321.59277344,
                414.60836792,
                463.802215576,
                454.796081543,
                662.86138916,
                266.104431152,
                177.760971069,
                103.165969849,
                256.07333374,
                157.646362305,
                106.180641174,
                37.4280929565,
                50.2419242859,
                50.9712104797,
                29.3164157867,
                29.7540111542,
                12.3510656357,
                3.54210686684,
                2.63667082787,
                1.31311714649,
                0.280305922031,
                0.0402303189039,
                0.00817672442645,
                0.00144549051765,
                0.000261660548858,
                3.11785288432e-06,
                8.6874001326e-09
            ]
        },
        "erbbands_crest": {
            "dmean": 2.80572938919,
            "dmean2": 4.59265804291,
            "dvar": 7.12800502777,
            "dvar2": 18.3692779541,
            "max": 29.7752189636,
            "mean": 9.26114559174,
            "median": 8.36913108826,
            "min": 2.55706524849,
            "var": 15.4603471756
        },
        "erbbands_flatness_db": {
            "dmean": 0.020102718845,
            "dmean2": 0.0293447580189,
            "dvar": 0.000501906324644,
            "dvar2": 0.000953681999817,
            "max": 0.401146888733,
            "mean": 0.178471982479,
            "median": 0.158466473222,
            "min": 0.0517879277468,
            "var": 0.00398430274799
        },
        "erbbands_kurtosis": {
            "dmean": 1.52348303795,
            "dmean2": 2.48758721352,
            "dvar": 8.96958255768,
            "dvar2": 24.5071811676,
            "max": 122.912910461,
            "mean": 1.70624399185,
            "median": 0.721660852432,
            "min": -1.8631850481,
            "var": 12.0501461029
        },
        "erbbands_skewness": {
            "dmean": 0.426334232092,
            "dmean2": 0.674082934856,
            "dvar": 0.228713974357,
            "dvar2": 0.564198553562,
            "max": 8.47456550598,
            "mean": 0.942081928253,
            "median": 0.935757100582,
            "min": -3.44499158859,
            "var": 0.694352924824
        },
        "erbbands_spread": {
            "dmean": 8.26689720154,
            "dmean2": 12.6106023788,
            "dvar": 111.800994873,
            "dvar2": 228.909484863,
            "max": 145.786758423,
            "mean": 32.4014396667,
            "median": 30.0757656097,
            "min": 1.66053676605,
            "var": 346.649810791
        },
        "gfcc": {
            "cov": [
                [
                    21847.9003906,
                    -3274.29638672,
                    332.880737305,
                    1777.27294922,
                    166.02204895,
                    1453.00463867,
                    -375.624450684,
                    657.165222168,
                    -615.494140625,
                    50.4320678711,
                    -585.161315918,
                    -42.5860137939,
                    -402.091705322
                ],
                [
                    -3274.29638672,
                    2921.97192383,
                    396.282409668,
                    -114.11945343,
                    610.414367676,
                    -295.809844971,
                    234.747299194,
                    -147.63571167,
                    238.816894531,
                    -168.042373657,
                    237.72769165,
                    -198.967300415,
                    94.9481048584
                ],
                [
                    332.880737305,
                    396.282409668,
                    721.823791504,
                    377.680114746,
                    265.958099365,
                    69.4717330933,
                    149.22644043,
                    81.3596878052,
                    54.9299850464,
                    38.3719787598,
                    65.972114563,
                    -32.5200843811,
                    11.4325895309
                ],
                [
                    1777.27294922,
                    -114.11945343,
                    377.680114746,
                    733.014160156,
                    199.295257568,
                    241.610565186,
                    108.84703064,
                    112.597740173,
                    47.2002830505,
                    34.6472625732,
                    18.369512558,
                    -4.84610128403,
                    15.4752645493
                ],
                [
                    166.02204895,
                    610.414367676,
                    265.958099365,
                    199.295257568,
                    588.416381836,
                    130.540786743,
                    186.339477539,
                    113.613754272,
                    88.2808456421,
                    -51.8810501099,
                    35.2948646545,
                    -65.4630126953,
                    0.0198168773204
                ],
                [
                    1453.00463867,
                    -295.809844971,
                    69.4717330933,
                    241.610565186,
                    130.540786743,
                    309.159362793,
                    85.28540802,
                    90.2649307251,
                    -1.38444602489,
                    24.4680538177,
                    -28.9056587219,
                    1.73742830753,
                    -11.3289813995
                ],
                [
                    -375.624450684,
                    234.747299194,
                    149.22644043,
                    108.84703064,
                    186.339477539,
                    85.28540802,
                    215.084014893,
                    54.071849823,
                    89.6835403442,
                    6.30643606186,
                    60.9230613708,
                    -9.77395343781,
                    29.9886951447
                ],
                [
                    657.165222168,
                    -147.63571167,
                    81.3596878052,
                    112.597740173,
                    113.613754272,
                    90.2649307251,
                    54.071849823,
                    148.30619812,
                    28.6695327759,
                    26.7077579498,
                    -6.61271572113,
                    18.4755420685,
                    -4.65857362747
                ],
                [
                    -615.494140625,
                    238.816894531,
                    54.9299850464,
                    47.2002830505,
                    88.2808456421,
                    -1.38444602489,
                    89.6835403442,
                    28.6695327759,
                    152.560073853,
                    27.9629135132,
                    65.5679626465,
                    16.8351097107,
                    60.4910621643
                ],
                [
                    50.4320678711,
                    -168.042373657,
                    38.3719787598,
                    34.6472625732,
                    -51.8810501099,
                    24.4680538177,
                    6.30643606186,
                    26.7077579498,
                    27.9629135132,
                    85.1382904053,
                    31.7226581573,
                    37.3240814209,
                    9.82138061523
                ],
                [
                    -585.161315918,
                    237.72769165,
                    65.972114563,
                    18.369512558,
                    35.2948646545,
                    -28.9056587219,
                    60.9230613708,
                    -6.61271572113,
                    65.5679626465,
                    31.7226581573,
                    110.416107178,
                    27.9575634003,
                    43.4483184814
                ],
                [
                    -42.5860137939,
                    -198.967300415,
                    -32.5200843811,
                    -4.84610128403,
                    -65.4630126953,
                    1.73742830753,
                    -9.77395343781,
                    18.4755420685,
                    16.8351097107,
                    37.3240814209,
                    27.9575634003,
                    85.365196228,
                    33.1703796387
                ],
                [
                    -402.091705322,
                    94.9481048584,
                    11.4325895309,
                    15.4752645493,
                    0.0198168773204,
                    -11.3289813995,
                    29.9886951447,
                    -4.65857362747,
                    60.4910621643,
                    9.82138061523,
                    43.4483184814,
                    33.1703796387,
                    76.6751403809
                ]
            ],
            "icov": [
                [
                    0.000115947419545,
                    1.1498828826e-05,
                    -8.59565170686e-06,
                    -0.000176156390808,
                    4.32384840678e-05,
                    -0.000417756236857,
                    0.000380089564715,
                    -0.000345447391737,
                    0.000206904995139,
                    0.0001352517138,
                    2.37006497628e-05,
                    5.27114680153e-05,
                    0.000182461677468
                ],
                [
                    1.1498828826e-05,
                    0.00125737208873,
                    -0.000435598747572,
                    0.000320238934364,
                    -0.000922448874917,
                    0.000636254902929,
                    0.000365757441614,
                    0.000841953617055,
                    -0.0010205777362,
                    0.001762611093,
                    -0.0024018115364,
                    0.00237015052699,
                    -0.00057902361732
                ],
                [
                    -8.59565170686e-06,
                    -0.000435598747572,
                    0.00277252262458,
                    -0.00139141012914,
                    -0.00055366550805,
                    0.00105891795829,
                    -0.0012445159955,
                    -0.000487936456921,
                    0.00166120193899,
                    -0.00275910063647,
                    0.000448073318694,
                    0.000358404911822,
                    -0.0003906354832
                ],
                [
                    -0.000176156390808,
                    0.000320238934364,
                    -0.00139141012914,
                    0.00299774971791,
                    -0.000113765818242,
                    -0.00119243282825,
                    0.000248593540164,
                    0.000213884442928,
                    -0.00121877121273,
                    0.000907149515115,
                    -0.00108529650606,
                    0.000743217824493,
                    -0.000839506217744
                ],
                [
                    4.32384840678e-05,
                    -0.000922448874917,
                    -0.00055366550805,
                    -0.000113765818242,
                    0.00465463800356,
                    -0.00186728441622,
                    -0.000873746059369,
                    -0.0031466097571,
                    -0.000951305264607,
                    0.00299519044347,
                    -0.000122585159261,
                    8.10695055407e-05,
                    0.00174924614839
                ],
                [
                    -0.000417756236857,
                    0.000636254902929,
                    0.00105891795829,
                    -0.00119243282825,
                    -0.00186728441622,
                    0.00858785491437,
                    -0.00426225783303,
                    0.000887170433998,
                    0.00117850361858,
                    -0.00323060504161,
                    0.00203500548378,
                    0.000539729604498,
                    -0.00180814624764
                ],
                [
                    0.000380089564715,
                    0.000365757441614,
                    -0.0012445159955,
                    0.000248593540164,
                    -0.000873746059369,
                    -0.00426225783303,
                    0.0114816110581,
                    -0.00221625366248,
                    -0.00343181844801,
                    0.00340018374845,
                    -0.00515265623108,
                    0.00245721032843,
                    0.000549572170712
                ],
                [
                    -0.000345447391737,
                    0.000841953617055,
                    -0.000487936456921,
                    0.000213884442928,
                    -0.0031466097571,
                    0.000887170433998,
                    -0.00221625366248,
                    0.0136383669451,
                    -0.00297835771926,
                    -0.00288307014853,
                    0.00273123220541,
                    -0.00376779236831,
                    0.00180407124572
                ],
                [
                    0.000206904995139,
                    -0.0010205777362,
                    0.00166120193899,
                    -0.00121877121273,
                    -0.000951305264607,
                    0.00117850361858,
                    -0.00343181844801,
                    -0.00297835771926,
                    0.0165514815599,
                    -0.00710241962224,
                    0.000369688990759,
                    0.00105449918192,
                    -0.00913105532527
                ],
                [
                    0.0001352517138,
                    0.001762611093,
                    -0.00275910063647,
                    0.000907149515115,
                    0.00299519044347,
                    -0.00323060504161,
                    0.00340018374845,
                    -0.00288307014853,
                    -0.00710241962224,
                    0.0259665716439,
                    -0.0104376003146,
                    -0.0022969848942,
                    0.0059571955353
                ],
                [
                    2.37006497628e-05,
                    -0.0024018115364,
                    0.000448073318694,
                    -0.00108529650606,
                    -0.000122585159261,
                    0.00203500548378,
                    -0.00515265623108,
                    0.00273123220541,
                    0.000369688990759,
                    -0.0104376003146,
                    0.0240751039237,
                    -0.00904006045312,
                    -0.00295349792577
                ],
                [
                    5.27114680153e-05,
                    0.00237015052699,
                    0.000358404911822,
                    0.000743217824493,
                    8.10695055407e-05,
                    0.000539729604498,
                    0.00245721032843,
                    -0.00376779236831,
                    0.00105449918192,
                    -0.0022969848942,
                    -0.00904006045312,
                    0.0265784580261,
                    -0.0108854556456
                ],
                [
                    0.000182461677468,
                    -0.00057902361732,
                    -0.0003906354832,
                    -0.000839506217744,
                    0.00174924614839,
                    -0.00180814624764,
                    0.000549572170712,
                    0.00180407124572,
                    -0.00913105532527,
                    0.0059571955353,
                    -0.00295349792577,
                    -0.0108854556456,
                    0.0273940674961
                ]
            ],
            "mean": [
                -89.8065948486,
                130.291442871,
                -97.0004730225,
                23.5946731567,
                -53.006816864,
                2.68525457382,
                -28.8119049072,
                -0.39493432641,
                -16.1093711853,
                -0.696151971817,
                -10.1384992599,
                -0.149843126535,
                -4.92380714417
            ]
        },
        "hfc": {
            "dmean": 3.72029209137,
            "dmean2": 5.54285049438,
            "dvar": 44.0173530579,
            "dvar2": 98.4217376709,
            "max": 82.7768325806,
            "mean": 10.4277019501,
            "median": 6.34451913834,
            "min": 1.23503690282e-16,
            "var": 140.937805176
        },
        "melbands": {
            "dmean": [
                0.00308276456781,
                0.002249030862,
                0.00126090168487,
                0.000530564633664,
                0.000339551479556,
                0.000393350725062,
                0.00022759080457,
                9.80073964456e-05,
                6.83456382831e-05,
                7.17644797987e-05,
                6.57665732433e-05,
                4.31973494415e-05,
                2.22117541853e-05,
                1.87961486517e-05,
                1.5321360479e-05,
                1.16782721307e-05,
                1.32836003104e-05,
                8.22587480798e-06,
                6.89157695888e-06,
                4.12957524532e-06,
                3.57866110789e-06,
                4.45008026873e-06,
                4.53258007838e-06,
                3.6213734802e-06,
                2.57740612142e-06,
                1.82146163752e-06,
                1.36713208576e-06,
