{
    "lowlevel": {
        "average_loudness": 0.89390206337,
        "barkbands": {
            "dmean": [
                0.000180899383849,
                0.00528476433828,
                0.00378551636823,
                0.00157203292474,
                0.0016698903637,
                0.000829821859952,
                0.000967419240624,
                0.00111078552436,
                0.00105524004903,
                0.000510090321768,
                0.000573098310269,
                0.000517885899171,
                0.000320357677992,
                0.000592420401517,
                0.000360777339665,
                0.00020436111663,
                0.000168357903021,
                0.00020885761478,
                7.35905196052e-05,
                5.63959220017e-05,
                5.20800240338e-05,
                0.000103258964373,
                0.00012460682774,
                5.79233819735e-05,
                3.16490040859e-05,
                2.14863484871e-05,
                2.44422926698e-06
            ],
            "dmean2": [
                0.000288826588076,
                0.00848293118179,
                0.00643036747351,
                0.00269170501269,
                0.00273247505538,
                0.0012923310278,
                0.00156389910262,
                0.0016304734163,
                0.00155106978491,
                0.0007836947334,
                0.000897224701475,
                0.000804500072263,
                0.000502415234223,
                0.000915943237487,
                0.000575156998821,
                0.000328608526615,
                0.000268266943749,
                0.000328948779497,
                0.000119549571536,
                9.19947851798e-05,
                7.85262309364e-05,
                0.000150160733028,
                0.00017635858967,
                8.44234891701e-05,
                4.5553471864e-05,
                3.16953701258e-05,
                3.62233890883e-06
            ],
            "dvar": [
                2.75293587038e-07,
                0.000202313487534,
                4.44746110588e-05,
                1.63002114277e-05,
                7.87357112131e-06,
                2.49554500442e-06,
                2.86488966594e-06,
                6.12102212472e-06,
                5.71431110075e-06,
                1.72461795955e-06,
                1.7886357e-06,
                1.27145506212e-06,
                5.83962162182e-07,
                1.87600323898e-06,
                7.62932359066e-07,
                4.74562142472e-07,
                1.76784297423e-07,
                1.98028061504e-07,
                2.33735608646e-08,
                1.36353213165e-08,
                1.32528921171e-08,
                5.54951746778e-08,
                1.03250137329e-07,
                2.15437729878e-08,
                7.63815766192e-09,
                7.96855470497e-09,
                1.27735752531e-10
            ],
            "dvar2": [
                6.88985494435e-07,
                0.000436002475908,
                0.000124412661535,
                4.36029040429e-05,
                2.10361486097e-05,
                6.36826416667e-06,
                6.99063093634e-06,
                1.2755809621e-05,
                1.2189768313e-05,
                4.09305357607e-06,
                4.21124923378e-06,
                2.78115953734e-06,
                1.30555463329e-06,
                4.31744911111e-06,
                1.86186321116e-06,
                1.10981204671e-06,
                4.41985378075e-07,
                4.6200517545e-07,
                5.93711071417e-08,
                3.54500713229e-08,
                2.97351210321e-08,
                1.14800357665e-07,
                1.93793681547e-07,
                4.26874215975e-08,
                1.45939225149e-08,
                1.73577330287e-08,
                2.74040845571e-10
            ],
            "max": [
                0.00756862945855,
                0.184453651309,
                0.0983808711171,
                0.0953873544931,
                0.0540799461305,
                0.0298446398228,
                0.034546174109,
                0.0576539374888,
                0.0611508004367,
                0.0361960269511,
                0.0333061926067,
                0.0285529065877,
                0.0228907931596,
                0.0239778980613,
                0.0163401514292,
                0.0220076721162,
                0.00953633524477,
                0.00908163934946,
                0.0029803160578,
                0.00179136719089,
                0.00218835286796,
                0.00488770194352,
                0.00536223687232,
                0.00281024654396,
                0.00278275297023,
                0.00218241964467,
                0.000414002453908
            ],
            "mean": [
                0.00022784191242,
                0.00973009131849,
                0.00852961279452,
                0.00214964943007,
                0.00382134830579,
                0.00194194598589,
                0.00192444550339,
                0.00237407139502,
                0.00217967596836,
                0.000982998986728,
                0.00104804744478,
                0.00100051972549,
                0.00057488802122,
                0.00107267941348,
                0.000630454567727,
                0.00032990964246,
                0.000325539353071,
                0.000425444159191,
                0.000135675887577,
                0.000113932634122,
                0.000105610291939,
                0.000202472627279,
                0.000251789577305,
                0.000105344988697,
                5.88725924899e-05,
                3.57776516466e-05,
                3.56447480954e-06
            ],
            "median": [
                2.05508786166e-05,
                0.0052043767646,
                0.00617721350864,
                0.00109996274114,
                0.00248819822446,
                0.00123262230773,
                0.000959665805567,
                0.000818627770059,
                0.000800651498139,
                0.000291563075734,
                0.000346330576576,
                0.00036956864642,
                0.0001908641716,
                0.000287445058348,
                0.000189668935491,
                0.000100571414805,
                8.5391846369e-05,
                0.000129028019728,
                5.53474637854e-05,
                4.0696519136e-05,
                3.56022828782e-05,
                6.13644951954e-05,
                7.8778131865e-05,
                3.1479728932e-05,
                2.08156761801e-05,
                1.07162313725e-05,
                5.8585970919e-07
            ],
            "min": [
                1.80092716368e-23,
                6.76099155276e-24,
                2.46612718003e-23,
                6.39703716351e-23,
                5.7441279156e-23,
                5.44678036579e-23,
                4.19642857349e-23,
                6.50628619473e-23,
                4.28532089128e-23,
                4.86660062236e-23,
                1.13455439515e-22,
                6.23506887353e-23,
                8.92269652061e-23,
                1.10356490956e-22,
                1.05352443312e-22,
                1.09046224547e-22,
                1.90275484393e-22,
                1.56376995336e-22,
                2.20934796978e-22,
                4.45470737677e-22,
                3.26864074316e-22,
                4.25989584119e-22,
                8.7137065671e-22,
                1.22999030783e-21,
                1.09692499791e-21,
                1.60474815981e-21,
                2.17702506945e-21
            ],
            "var": [
                4.0447011429e-07,
                0.000304002227494,
                8.96359197213e-05,
                1.54867557285e-05,
                1.76667672349e-05,
                5.18067645316e-06,
                7.56087865739e-06,
                2.10643884202e-05,
                1.47261553138e-05,
                3.83257474823e-06,
                5.20329649589e-06,
                3.65459914065e-06,
                1.54848316924e-06,
                4.58411750515e-06,
                1.66919176081e-06,
                9.18780415304e-07,
                5.99688519287e-07,
                5.79213008223e-07,
                4.5314777708e-08,
                3.50633300172e-08,
                3.30437508467e-08,
                1.42631037647e-07,
                2.80417822296e-07,
                5.33358175403e-08,
                1.75217511611e-08,
                1.10430811162e-08,
                1.99962893466e-10
            ]
        },
        "barkbands_crest": {
            "dmean": 2.14763116837,
            "dmean2": 3.48349475861,
            "dvar": 5.19661855698,
            "dvar2": 12.4872894287,
            "max": 25.6298408508,
            "mean": 10.4901256561,
            "median": 9.5614156723,
            "min": 2.79136967659,
            "var": 17.7837123871
        },
        "barkbands_flatness_db": {
            "dmean": 0.0186001807451,
            "dmean2": 0.0281774103642,
            "dvar": 0.000457671529148,
            "dvar2": 0.000953665527049,
            "max": 0.485965788364,
            "mean": 0.163837045431,
            "median": 0.146452829242,
            "min": 0.0417429618537,
            "var": 0.00442000199109
        },
        "barkbands_kurtosis": {
            "dmean": 2.89925456047,
            "dmean2": 4.58671092987,
            "dvar": 37.324382782,
            "dvar2": 90.3288497925,
            "max": 180.248840332,
            "mean": 6.0310587883,
            "median": 2.57901000977,
            "min": -1.96110749245,
            "var": 131.877853394
        },
        "barkbands_skewness": {
            "dmean": 0.468834608793,
            "dmean2": 0.722021758556,
            "dvar": 0.302397310734,
            "dvar2": 0.685835123062,
            "max": 10.7351169586,
            "mean": 1.76974976063,
            "median": 1.5302079916,
            "min": -2.55540513992,
            "var": 1.78245770931
        },
        "barkbands_spread": {
            "dmean": 4.14406919479,
            "dmean2": 6.34181213379,
            "dvar": 43.0363426208,
            "dvar2": 87.6074066162,
            "max": 124.030769348,
            "mean": 18.1330108643,
            "median": 15.7318048477,
            "min": 0.459453850985,
            "var": 173.462219238
        },
        "dissonance": {
            "dmean": 0.022664539516,
            "dmean2": 0.0377835892141,
            "dvar": 0.000438419432612,
            "dvar2": 0.00119101780001,
            "max": 0.499920606613,
            "mean": 0.449051141739,
            "median": 0.45577326417,
            "min": 0.238404974341,
            "var": 0.00114073278382
        },
        "dynamic_complexity": 3.91612076759,
        "erbbands": {
            "dmean": [
                0.153526216745,
                1.27199101448,
                3.87347507477,
                4.47281455994,
                5.47538852692,
                6.08750152588,
                7.143471241,
                6.82820367813,
                8.21079921722,
                20.4992084503,
                25.1383609772,
                15.4026222229,
                23.6236801147,
                17.6065616608,
                19.0417861938,
                15.0102710724,
                13.2903738022,
                28.4343852997,
                18.1553421021,
                14.6240472794,
                11.6280031204,
                10.23741436,
                11.1123313904,
                6.00921678543,
                2.88404583931,
                2.44348049164,
                2.08692955971,
                2.10965180397,
                3.0958468914,
                4.88823413849,
                3.16725230217,
                1.5824341774,
                0.807022452354,
                0.444382667542,
                0.190249979496,
                0.127009674907,
                0.0314696319401,
                0.00548465363681,
                0.000413109810324,
                2.04648458748e-05
            ],
            "dmean2": [
                0.244342416525,
                2.07501220703,
                6.58622026443,
                7.50380086899,
                9.51029682159,
                9.68132972717,
                11.2612266541,
                10.4633541107,
                12.6465463638,
                32.3154678345,
                36.8401298523,
                23.0762023926,
                35.0879058838,
                26.7791194916,
                29.7451286316,
                23.2038021088,
                20.3644180298,
                44.3910598755,
                27.9167785645,
                23.3558158875,
                18.4202232361,
                15.7352190018,
                17.3569087982,
                9.29944610596,
                4.664311409,
                3.94230031967,
                3.19900918007,
                3.10830545425,
                4.55407619476,
                7.07617044449,
                4.43786764145,
                2.31103634834,
                1.16494524479,
                0.640641093254,
                0.276691138744,
                0.189269185066,
                0.0459759384394,
                0.00813324190676,
                0.000615855969954,
                3.09221541102e-05
            ],
            "dvar": [
                0.241803199053,
                10.7168493271,
                48.5531425476,
                83.2615127563,
                179.578018188,
                101.997673035,
                155.009185791,
                201.516845703,
                395.332489014,
                1202.08728027,
                3263.43261719,
                1383.52954102,
                2827.08422852,
                1976.96472168,
                1606.43115234,
                1045.22265625,
                1038.99914551,
                4609.65576172,
                1723.6932373,
                1277.35986328,
                1355.32543945,
                570.583679199,
                605.971984863,
                146.59803772,
                30.8532772064,
                28.2346439362,
                21.2832183838,
                22.9273490906,
                55.3133773804,
                128.615097046,
                73.5375823975,
                17.6217365265,
                4.14726161957,
                1.503038764,
                0.282022714615,
                0.367530435324,
                0.0119430953637,
                0.000413399393437,
                3.87818499803e-06,
                4.2835326397e-09
            ],
            "dvar2": [
                0.513786137104,
                25.6005325317,
                134.966445923,
                224.374420166,
                499.030334473,
                243.132400513,
                361.492614746,
                515.004577637,
                927.949645996,
                2892.10620117,
                6857.71142578,
                3208.50268555,
                6407.09619141,
                4193.76904297,
                3988.30053711,
                2323.71386719,
                2162.33911133,
                10778.1220703,
                3797.42089844,
                3143.21069336,
                3154.23583984,
                1323.28027344,
                1371.77148438,
                335.945281982,
                79.8947982788,
                73.2604980469,
                49.9877929688,
                48.2608032227,
                118.794754028,
                248.12940979,
                138.490707397,
                34.5868034363,
                8.09515953064,
                2.9005792141,
                0.572367489338,
                0.820971488953,
                0.0266850031912,
                0.000877081125509,
                8.55568669067e-06,
                9.9059862535e-09
            ],
            "max": [
                6.43070983887,
                47.694190979,
                106.782569885,
                160.206573486,
                265.852081299,
                164.260375977,
                269.900299072,
                332.110748291,
                549.350097656,
                988.417053223,
                1293.37341309,
                1180.32617188,
                1642.30834961,
                1124.70422363,
                1373.50170898,
                763.946716309,
                1092.54492188,
                1370.3848877,
                1152.05761719,
                714.247375488,
                1513.81628418,
                588.491638184,
                633.424255371,
                258.802307129,
                90.285369873,
                99.0647125244,
                104.873138428,
                85.0238494873,
                168.104492188,
                196.670547485,
                158.980545044,
                74.0289001465,
                42.0084228516,
                42.7174911499,
                18.1962280273,
                16.4366188049,
                3.10779213905,
                0.653970062733,
                0.0820418000221,
                0.00264660199173
            ],
            "mean": [
                0.211855202913,
                2.46999406815,
                9.30428504944,
                8.5858707428,
                8.80385684967,
                13.7554540634,
                16.3996219635,
                16.4399757385,
                19.4795475006,
                42.9510116577,
                55.214679718,
                32.576210022,
                50.2048873901,
                38.2654037476,
                39.3389587402,
                30.6692008972,
                27.9093132019,
                53.4908180237,
                35.6096229553,
                25.7821292877,
                20.669500351,
                22.0228767395,
                23.2636299133,
                12.7051849365,
                6.21484661102,
                5.00375413895,
                4.26743555069,
                4.21136283875,
                6.03531646729,
                9.93695449829,
                6.33344554901,
                2.88502955437,
                1.49167501926,
                0.800063490868,
                0.347154855728,
                0.204937711358,
                0.0524418987334,
                0.00869604665786,
                0.000614308577497,
                6.41934821033e-05
            ],
            "median": [
                0.073711194098,
                1.43010103703,
                7.37391233444,
                5.32192516327,
                4.92902851105,
                7.60448741913,
                9.02870941162,
                10.3507738113,
                10.7275676727,
                21.7359886169,
                19.7871170044,
                14.7095661163,
                20.6147918701,
                15.2415676117,
                17.4267845154,
                13.3070116043,
                10.9862823486,
                15.1562004089,
                11.9104633331,
                10.3660745621,
                6.55451345444,
                6.43292999268,
                6.71457767487,
                5.2742857933,
                2.73467683792,
                1.90072703362,
                1.49477982521,
                1.44239032269,
                1.96493530273,
                3.08695650101,
                2.00780677795,
                0.75896769762,
                0.493908405304,
                0.262516707182,
                0.126362070441,
                0.0615751892328,
                0.0157654639333,
                0.00218975567259,
                0.000118495008792,
                5.48665957467e-05
            ],
            "min": [
                4.54268064005e-22,
                1.1371700812e-21,
                2.07678507715e-20,
                1.34836540303e-19,
                1.95146782828e-19,
                1.47605856666e-19,
                5.56497027431e-19,
                2.53009863209e-19,
                3.17518964995e-19,
                1.2893174252e-18,
                1.33543253755e-18,
                1.0632485502e-18,
                1.27890921834e-18,
                2.85788957763e-18,
                3.82366182027e-18,
                3.05200880826e-18,
                3.30761444178e-18,
                6.00705343717e-18,
                3.69709822347e-18,
                7.79490672389e-18,
                6.22986777005e-18,
                9.83277452358e-18,
                9.4358709318e-18,
                7.65658061878e-18,
                1.84445312014e-17,
                2.01323750433e-17,
                1.25213315444e-17,
                1.34204810062e-17,
                1.67850629631e-17,
                1.72288701772e-17,
                2.61196208135e-17,
                2.39268394559e-17,
                2.14332704121e-17,
                1.44005808442e-17,
                7.58395664254e-18,
                5.23867378564e-18,
                2.94951906242e-18,
                1.43685666797e-18,
                3.28661191244e-19,
                2.77800110738e-20
            ],
            "var": [
                0.320033580065,
                14.945025444,
                96.6091308594,
                119.118347168,
                186.672790527,
                328.596618652,
                442.943237305,
                402.748840332,
                996.995605469,
                3550.77026367,
                10096.3964844,
                2940.34790039,
                6585.08007813,
                6159.09033203,
                3825.86303711,
                2814.59033203,
                3141.84472656,
                11504.671875,
                3981.18286133,
                2383.20458984,
                3231.3449707,
                2479.75146484,
                1935.59204102,
                416.286010742,
                81.7309875488,
                68.1241073608,
                53.5013465881,
                57.6472206116,
                131.773513794,
                355.719055176,
                191.806884766,
                43.7322921753,
                10.3089542389,
                3.39371705055,
                0.600857436657,
                0.442459702492,
                0.019892193377,
                0.000695468101185,
                5.84167901252e-06,
                6.61002230729e-09
            ]
        },
        "erbbands_crest": {
            "dmean": 2.33984065056,
            "dmean2": 3.76552224159,
            "dvar": 4.99784040451,
            "dvar2": 12.6339998245,
            "max": 28.3864841461,
            "mean": 9.27015018463,
            "median": 8.5336971283,
            "min": 2.35486984253,
            "var": 13.5224637985
        },
        "erbbands_flatness_db": {
            "dmean": 0.0149345034733,
            "dmean2": 0.0214565619826,
            "dvar": 0.000259655847913,
            "dvar2": 0.000480832066387,
            "max": 0.444673836231,
            "mean": 0.164958015084,
            "median": 0.1583365798,
            "min": 0.026898574084,
            "var": 0.00294823083095
        },
        "erbbands_kurtosis": {
            "dmean": 0.869726955891,
            "dmean2": 1.34991419315,
            "dvar": 1.39516568184,
            "dvar2": 3.12222218513,
            "max": 38.3745422363,
            "mean": 0.944941461086,
            "median": 0.452438533306,
            "min": -1.9119092226,
            "var": 4.55089521408
        },
        "erbbands_skewness": {
            "dmean": 0.322577625513,
            "dmean2": 0.488134115934,
            "dvar": 0.10164269805,
            "dvar2": 0.215777292848,
            "max": 3.61456108093,
            "mean": 0.440513819456,
            "median": 0.442654252052,
            "min": -5.01298666,
            "var": 0.565825164318
        },
        "erbbands_spread": {
            "dmean": 7.14536046982,
            "dmean2": 10.5764694214,
            "dvar": 95.337059021,
            "dvar2": 192.806518555,
            "max": 164.800186157,
            "mean": 35.3651199341,
            "median": 30.1139163971,
            "min": 3.25654411316,
            "var": 416.44833374
        },
        "gfcc": {
            "cov": [
                [
                    21579.1992188,
                    -1520.54870605,
                    -921.618652344,
                    1184.42578125,
                    -1099.07409668,
                    1122.44909668,
                    -389.379272461,
                    534.304199219,
                    -197.332839966,
                    99.5576324463,
                    -336.006744385,
                    296.251953125,
                    -488.404876709
                ],
                [
                    -1520.54870605,
                    2216.50805664,
                    -265.345336914,
                    -394.122802734,
                    486.940155029,
                    -235.809051514,
                    228.39050293,
                    -92.5599517822,
                    116.674682617,
                    -74.3558731079,
                    234.24382019,
                    -184.825500488,
                    175.031463623
                ],
                [
                    -921.618652344,
                    -265.345336914,
                    755.921630859,
                    223.205078125,
                    -33.1799736023,
                    108.198204041,
                    49.7138595581,
                    3.70497107506,
                    25.7885875702,
                    42.7392616272,
                    -1.3228828907,
                    -1.00575697422,
                    -5.1880197525
                ],
                [
                    1184.42578125,
                    -394.122802734,
                    223.205078125,
                    793.779174805,
                    91.812828064,
                    160.969146729,
                    99.8339614868,
                    192.296859741,
                    123.755340576,
                    75.6550064087,
                    30.7923526764,
                    51.6247291565,
                    15.512556076
                ],
                [
                    -1099.07409668,
                    486.940155029,
                    -33.1799736023,
                    91.812828064,
                    428.28237915,
                    1.88726317883,
                    135.327148438,
                    74.9096450806,
                    91.381187439,
                    29.8780632019,
                    103.582244873,
                    -24.8416099548,
                    65.9123077393
                ],
                [
                    1122.44909668,
                    -235.809051514,
                    108.198204041,
                    160.969146729,
                    1.88726317883,
                    336.68081665,
                    80.4979476929,
                    78.4860916138,
                    16.3097553253,
                    61.8298683167,
                    0.703081011772,
                    4.24716329575,
                    -56.1681098938
                ],
                [
                    -389.379272461,
                    228.39050293,
                    49.7138595581,
                    99.8339614868,
                    135.327148438,
                    80.4979476929,
                    223.895965576,
                    59.8841094971,
                    60.4413757324,
                    38.6243629456,
                    63.2658309937,
                    -34.0314254761,
                    31.7220935822
                ],
                [
                    534.304199219,
                    -92.5599517822,
                    3.70497107506,
                    192.296859741,
                    74.9096450806,
                    78.4860916138,
                    59.8841094971,
                    170.986846924,
                    55.5104598999,
                    40.8031959534,
                    18.5938529968,
                    16.9640274048,
                    0.476767063141
                ],
                [
                    -197.332839966,
                    116.674682617,
                    25.7885875702,
                    123.755340576,
                    91.381187439,
                    16.3097553253,
                    60.4413757324,
                    55.5104598999,
                    143.365097046,
                    28.3341312408,
                    25.8105354309,
                    -6.42678022385,
                    18.743347168
                ],
                [
                    99.5576324463,
                    -74.3558731079,
                    42.7392616272,
                    75.6550064087,
                    29.8780632019,
                    61.8298683167,
                    38.6243629456,
                    40.8031959534,
                    28.3341312408,
                    110.280281067,
                    20.2703113556,
                    -14.1150798798,
                    2.63592433929
                ],
                [
                    -336.006744385,
                    234.24382019,
                    -1.3228828907,
                    30.7923526764,
                    103.582244873,
                    0.703081011772,
                    63.2658309937,
                    18.5938529968,
                    25.8105354309,
                    20.2703113556,
                    116.306678772,
                    0.883659362793,
                    21.3786659241
                ],
                [
                    296.251953125,
                    -184.825500488,
                    -1.00575697422,
                    51.6247291565,
                    -24.8416099548,
                    4.24716329575,
                    -34.0314254761,
                    16.9640274048,
                    -6.42678022385,
                    -14.1150798798,
                    0.883659362793,
                    107.17010498,
                    -5.82535839081
                ],
                [
                    -488.404876709,
                    175.031463623,
                    -5.1880197525,
                    15.512556076,
                    65.9123077393,
                    -56.1681098938,
                    31.7220935822,
                    0.476767063141,
                    18.743347168,
                    2.63592433929,
                    21.3786659241,
                    -5.82535839081,
                    126.833885193
                ]
            ],
            "icov": [
                [
                    0.000158465642016,
                    -0.000300814834191,
                    0.000291240721708,
                    -0.000397780851927,
                    0.000576230406296,
                    -0.000555486942176,
                    0.000369280169252,
                    -0.000410139648011,
                    0.000363346247468,
                    -0.000242856069235,
                    0.000435381283751,
                    -0.000421752338298,
                    0.000308229820803
                ],
                [
                    -0.000300814834191,
                    0.00191532447934,
                    -0.00034502951894,
                    0.00133889610879,
                    -0.00189477181993,
                    0.00132699438836,
                    -0.00122331874445,
                    0.0012636691099,
                    -0.00156056659762,
                    0.00175176328048,
                    -0.00267245480791,
                    0.00249221152626,
                    -0.00134671933483
                ],
                [
                    0.000291240721708,
                    -0.00034502951894,
                    0.002133208327,
                    -0.0011633168906,
                    0.0011491017649,
                    -0.00130287208594,
                    0.000331712304614,
                    0.00010176836804,
                    0.000472464424092,
                    -0.000552439712919,
                    0.000578751962166,
                    -0.000440310919657,
                    0.000393580354284
                ],
                [
                    -0.000397780851927,
                    0.00133889610879,
                    -0.0011633168906,
                    0.00340941781178,
                    -0.00174277054612,
                    0.00111406785436,
                    -0.00118352810387,
                    -0.000535797793418,
                    -0.00229101791047,
                    0.000922477804124,
                    -0.0018763783155,
                    0.000936027965508,
                    -0.00146829604637
                ],
                [
                    0.000576230406296,
                    -0.00189477181993,
                    0.0011491017649,
                    -0.00174277054612,
                    0.00639349548146,
                    -0.00200824276544,
                    0.000634537369478,
                    -0.00272004748695,
                    0.000617042533122,
                    -0.00135825900361,
                    0.00038249976933,
                    -0.00193361367565,
                    0.000517267326359
                ],
                [
                    -0.000555486942176,
                    0.00132699438836,
                    -0.00130287208594,
                    0.00111406785436,
                    -0.00200824276544,
                    0.00654412480071,
                    -0.00311963190325,
                    0.000526854011696,
                    -0.000665535102598,
                    -0.000545222836081,
                    -0.001164796995,
                    0.00142484181561,
                    0.000931556918658
                ],
                [
                    0.000369280169252,
                    -0.00122331874445,
                    0.000331712304614,
                    -0.00118352810387,
                    0.000634537369478,
                    -0.00311963190325,
                    0.00867490470409,
                    -0.00213655480184,
                    -2.42203327616e-07,
                    -0.000893236720003,
                    -0.00084943434922,
                    0.000673244067002,
                    -0.000411691784393
                ],
                [
                    -0.000410139648011,
                    0.0012636691099,
                    0.00010176836804,
                    -0.000535797793418,
                    -0.00272004748695,
                    0.000526854011696,
                    -0.00213655480184,
                    0.0111404685304,
                    -0.00251946644858,
                    -0.00049891177332,
                    -0.00104210129939,
                    0.000241053538048,
                    -0.000544756825548
                ],
                [
                    0.000363346247468,
                    -0.00156056659762,
                    0.000472464424092,
                    -0.00229101791047,
                    0.000617042533122,
                    -0.000665535102598,
                    -2.42203327616e-07,
                    -0.00251946644858,
                    0.0111075751483,
                    -0.00238601211458,
                    0.00240948074497,
                    -0.0016238031676,
                    0.00117382546887
                ],
                [
                    -0.000242856069235,
                    0.00175176328048,
                    -0.000552439712919,
                    0.000922477804124,
                    -0.00135825900361,
                    -0.000545222836081,
                    -0.000893236720003,
                    -0.00049891177332,
                    -0.00238601211458,
                    0.0131904529408,
                    -0.00416875025257,
                    0.0042745587416,
                    -0.00182089197915
                ],
                [
                    0.000435381283751,
                    -0.00267245480791,
                    0.000578751962166,
                    -0.0018763783155,
                    0.00038249976933,
                    -0.001164796995,
                    -0.00084943434922,
                    -0.00104210129939,
                    0.00240948074497,
                    -0.00416875025257,
                    0.01591504924,
                    -0.00530431978405,
                    0.00192383537069
                ],
                [
                    -0.000421752338298,
                    0.00249221152626,
                    -0.000440310919657,
                    0.000936027965508,
                    -0.00193361367565,
                    0.00142484181561,
                    0.000673244067002,
                    0.000241053538048,
                    -0.0016238031676,
                    0.0042745587416,
                    -0.00530431978405,
                    0.0144102470949,
                    -0.00202221702784
                ],
                [
                    0.000308229820803,
                    -0.00134671933483,
                    0.000393580354284,
                    -0.00146829604637,
                    0.000517267326359,
                    0.000931556918658,
                    -0.000411691784393,
                    -0.000544756825548,
                    0.00117382546887,
                    -0.00182089197915,
                    0.00192383537069,
                    -0.00202221702784,
                    0.0108213685453
                ]
            ],
            "mean": [
                -15.3443870544,
                108.102226257,
                -102.080062866,
                18.3629169464,
                -57.6893119812,
                17.9617500305,
                -37.7835655212,
                5.64484500885,
                -16.9887256622,
                -2.0873234272,
                -17.8074760437,
                0.58975982666,
                -18.1838054657
            ]
        },
        "hfc": {
            "dmean": 4.96827316284,
            "dmean2": 7.20529031754,
            "dvar": 50.8491973877,
            "dvar2": 99.3135986328,
            "max": 109.956230164,
            "mean": 23.154258728,
            "median": 20.2207012177,
            "min": 1.13844086847e-16,
            "var": 321.212097168
        },
        "melbands": {
            "dmean": [
                0.00139895791654,
                0.00178478378803,
                0.000794019084424,
                0.000368250533938,
                0.000258129119175,
                0.000152330336277,
                0.000141742668347,
                0.000230227626162,
                0.000196237582713,
                0.000116203344078,
                0.000122985788039,
                7.39717143006e-05,
                7.50205363147e-05,
                6.15511380602e-05,
                3.25267174048e-05,
                4.45961049991e-05,
                5.45665643585e-05,
                3.2838259358e-05,
                3.15091383527e-05,
                1.31855058498e-05,
                1.45882013385e-05,
                1.20994181998e-05,
                9.38335233513e-06,
                1.08228914542e-05,
                4.86216913487e-06,
                2.52766335507e-06,
                2.37730796471e-06,
                1.60587615028e-06,
