{
    "lowlevel": {
        "average_loudness": 0.911442637444,
        "barkbands": {
            "dmean": [
                0.000148803956108,
                0.00314494664781,
                0.00108839327004,
                0.000896111188922,
                0.00169411790557,
                0.00096582621336,
                0.00105669477489,
                0.000820790242869,
                0.000482938688947,
                0.000878341903444,
                0.000972312816884,
                0.00140230520628,
                0.000284244277282,
                0.000426872749813,
                0.000524449686054,
                0.000226602336625,
                0.000131158230943,
                0.000117226205475,
                7.1989139542e-05,
                0.00010483328515,
                8.02635258879e-05,
                8.470503235e-05,
                6.67082567816e-05,
                9.51049296418e-05,
                0.000108280633867,
                3.22410160152e-05,
                6.63409946355e-06
            ],
            "dmean2": [
                0.000195555840037,
                0.00439337734133,
                0.00179358979221,
                0.00147373124491,
                0.00248964619823,
                0.00142348126974,
                0.00161688809749,
                0.00124448700808,
                0.000722843920812,
                0.00132738740649,
                0.00148239172995,
                0.00221200659871,
                0.000442868622486,
                0.000670942245051,
                0.000846951210406,
                0.000344642874552,
                0.000198948328034,
                0.000182340678293,
                0.000113031826913,
                0.000171932289959,
                0.000125436636154,
                0.000132438217406,
                0.000101479330624,
                0.00014573399676,
                0.000173727312358,
                5.13306149514e-05,
                9.90956687019e-06
            ],
            "dvar": [
                2.12540783195e-07,
                0.000141975469887,
                4.7992412874e-05,
                2.72741162917e-05,
                1.23490890473e-05,
                4.81948154629e-06,
                7.64431115385e-06,
                4.32636306869e-06,
                1.39719873005e-06,
                5.74962723476e-06,
                8.8150081865e-06,
                2.16126645682e-05,
                1.58097918757e-06,
                1.85310250345e-06,
                2.85907935904e-06,
                1.09631764644e-06,
                2.42260483674e-07,
                9.92053017512e-08,
                4.81964832488e-08,
                3.15795148254e-07,
                1.59854153026e-07,
                1.62888696309e-07,
                7.39335561661e-08,
                8.34216109524e-08,
                1.05076958334e-06,
                2.47271714215e-07,
                1.31649424695e-09
            ],
            "dvar2": [
                4.64672808675e-07,
                0.000290826224955,
                0.000136162139825,
                7.76390006649e-05,
                2.74853609881e-05,
                1.09197044367e-05,
                1.73224871105e-05,
                9.91698925645e-06,
                2.73975160781e-06,
                1.26813847601e-05,
                2.00675167434e-05,
                5.14489729539e-05,
                3.84213353755e-06,
                4.08720370615e-06,
                6.91106970407e-06,
                2.18921195483e-06,
                5.15389160682e-07,
                2.27928396157e-07,
                1.18845790098e-07,
                8.58153157424e-07,
                3.83160767115e-07,
                3.76360134169e-07,
                1.64018715054e-07,
                1.81103644081e-07,
                3.07784171127e-06,
                7.00174609847e-07,
                3.16967652125e-09
            ],
            "max": [
                0.0119138760492,
                0.259936928749,
                0.128818422556,
                0.11840646714,
                0.0554086454213,
                0.0676102936268,
                0.0808270573616,
                0.0415495745838,
                0.055024061352,
                0.0641115829349,
                0.0819440484047,
                0.0916604995728,
                0.0368755534291,
                0.0396096482873,
                0.0345626026392,
                0.0360486470163,
                0.0171430148184,
                0.00950675178319,
                0.00474803615361,
                0.01279739663,
                0.007575977128,
                0.00725334137678,
                0.00826836097986,
                0.00755757978186,
                0.0648655369878,
                0.0312996767461,
                0.000715219124686
            ],
            "mean": [
                0.000869286537636,
                0.0112283630297,
                0.00135232799221,
                0.00124225323088,
                0.00370357534848,
                0.00213714316487,
                0.00204123184085,
                0.00139121769462,
                0.000819608510938,
                0.00160350068472,
                0.00155995972455,
                0.00223586335778,
                0.000488640973344,
                0.000691517372616,
                0.000741379684769,
                0.00031545109232,
                0.000198891342734,
                0.000217694643652,
                0.000112250927486,
                0.000130384854856,
                9.36741635087e-05,
                0.000101144098153,
                8.85964764166e-05,
                0.00017012830358,
                0.000180028786417,
                3.59810255759e-05,
                9.35465232033e-06
            ],
            "median": [
                4.8654674174e-05,
                0.00234823231585,
                0.000223764072871,
                0.000429763458669,
                0.00198477250524,
                0.000684813712724,
                0.000495552725624,
                0.000298061873764,
                0.000242385387537,
                0.000345059786923,
                0.000160849216627,
                0.000185506811249,
                3.63354556612e-05,
                5.03776536789e-05,
                6.82815589244e-05,
                2.04226580536e-05,
                2.00676477107e-05,
                2.9257242204e-05,
                1.60186282301e-05,
                1.45366357174e-05,
                1.02221301859e-05,
                7.27934093447e-06,
                9.28067311179e-06,
                3.61592974514e-05,
                3.15048600896e-05,
                4.68255984742e-06,
                1.52930942932e-06
            ],
            "min": [
                2.12877333826e-23,
                4.85586296326e-23,
                6.19450817014e-24,
                4.09188651752e-23,
                7.92034524197e-23,
                1.28350382961e-22,
                7.08467459281e-23,
                7.1587770308e-23,
                2.52688379544e-22,
                6.8226654872e-23,
                9.90087142131e-23,
                1.49724651229e-22,
                2.2112508285e-22,
                1.19078856566e-22,
                9.80850969326e-23,
                1.11996425493e-22,
                2.01724128048e-22,
                1.75328034365e-22,
                3.55411347511e-22,
                3.30205209483e-22,
                4.31567651135e-22,
                5.7198984e-22,
                6.29173698065e-22,
                9.17027754959e-22,
                8.66306598839e-22,
                1.64537906551e-21,
                2.24719203816e-21
            ],
            "var": [
                2.15320392272e-06,
                0.000490356062073,
                3.52718525392e-05,
                1.82275962288e-05,
                2.95685731544e-05,
                1.69466820807e-05,
                2.33297814702e-05,
                8.6568406914e-06,
                4.38607639808e-06,
                1.36900407597e-05,
                1.72050258698e-05,
                4.14626192651e-05,
                4.61248009742e-06,
                4.49455410489e-06,
                4.79142181575e-06,
                2.15337536247e-06,
                4.4728830062e-07,
                2.7210384701e-07,
                8.33326510019e-08,
                2.37768716715e-07,
                1.50204286342e-07,
                1.79467306793e-07,
                1.08485743056e-07,
                1.56323906708e-07,
                7.19612501143e-07,
                1.60890934353e-07,
                1.31678379311e-09
            ]
        },
        "barkbands_crest": {
            "dmean": 2.50331163406,
            "dmean2": 3.91052007675,
            "dvar": 6.25036287308,
            "dvar2": 14.5021810532,
            "max": 26.9805679321,
            "mean": 12.5108613968,
            "median": 11.5634269714,
            "min": 2.19614744186,
            "var": 26.5382041931
        },
        "barkbands_flatness_db": {
            "dmean": 0.024791797623,
            "dmean2": 0.0347666852176,
            "dvar": 0.00087094574701,
            "dvar2": 0.00156956107821,
            "max": 0.709469258785,
            "mean": 0.204539626837,
            "median": 0.183209985495,
            "min": 0.0260376818478,
            "var": 0.00907738041133
        },
        "barkbands_kurtosis": {
            "dmean": 11.5849285126,
            "dmean2": 18.3018264771,
            "dvar": 16729.3046875,
            "dvar2": 38350.5507813,
            "max": 9107.99707031,
            "mean": 18.2795619965,
            "median": 3.54103040695,
            "min": -1.9419914484,
            "var": 31525.7910156
        },
        "barkbands_skewness": {
            "dmean": 0.742479622364,
            "dmean2": 1.10401010513,
            "dvar": 1.9746068716,
            "dvar2": 3.95133781433,
            "max": 54.6255722046,
            "mean": 1.85461497307,
            "median": 1.41529870033,
            "min": -14.9712991714,
            "var": 5.96583127975
        },
        "barkbands_spread": {
            "dmean": 4.50688266754,
            "dmean2": 6.73170614243,
            "dvar": 54.6243438721,
            "dvar2": 115.820877075,
            "max": 104.229179382,
            "mean": 15.3660964966,
            "median": 11.9063158035,
            "min": 0.00758255878463,
            "var": 167.394805908
        },
        "dissonance": {
            "dmean": 0.0358715355396,
            "dmean2": 0.0600518099964,
            "dvar": 0.00134337926283,
            "dvar2": 0.00363592710346,
            "max": 0.499999970198,
            "mean": 0.428816646338,
            "median": 0.439305186272,
            "min": 0.0787457227707,
            "var": 0.00272648665123
        },
        "dynamic_complexity": 4.37191343307,
        "erbbands": {
            "dmean": [
                0.11251501739,
                0.661921560764,
                1.22751641273,
                2.01300501823,
                4.24441480637,
                6.7551484108,
                7.1688952446,
                7.95257711411,
                13.6916704178,
                16.5018424988,
                16.0879802704,
                11.9148654938,
                25.9337501526,
                28.9439640045,
                40.9602508545,
                58.2869415283,
                15.3732938766,
                19.1135997772,
                25.6785621643,
                17.5035572052,
                11.1253480911,
                5.90670919418,
                6.57102823257,
                4.87575149536,
                2.77280092239,
                4.79033565521,
                4.06587982178,
                2.98999834061,
                3.10384321213,
                2.24160528183,
                1.90890300274,
                2.07527136803,
                1.73593378067,
                1.6746506691,
                0.44110134244,
                0.127031669021,
                0.0445788316429,
                0.0190774835646,
                0.001317424234,
                7.66437660786e-05
            ],
            "dmean2": [
                0.143610328436,
                0.965663135052,
                1.95082950592,
                3.20832085609,
                6.38389539719,
                9.93121433258,
                11.0141201019,
                11.8575229645,
                20.5174560547,
                25.1959266663,
                24.3481769562,
                17.75299263,
                38.899394989,
                43.6138267517,
                62.3029136658,
                90.4374084473,
                23.8966007233,
                29.5100250244,
                40.3858299255,
                27.7547416687,
                16.3550662994,
                8.84353160858,
                10.178483963,
                7.67296981812,
                4.46300363541,
                7.87643957138,
                6.54012680054,
                4.68875169754,
                4.90902853012,
                3.46639180183,
                2.85644388199,
                3.15773129463,
                2.72931456566,
                2.69425630569,
                0.67753225565,
                0.197176396847,
                0.0702938139439,
                0.0313674211502,
                0.00198419927619,
                0.000115560047561
            ],
            "dvar": [
                0.180612981319,
                7.10457038879,
                53.0743103027,
                128.653488159,
                245.292236328,
                200.301452637,
                196.130767822,
                500.544647217,
                1085.78991699,
                2190.06787109,
                1621.31225586,
                819.209838867,
                6813.71923828,
                8653.52832031,
                15718.6142578,
                43336.5976563,
                3336.05761719,
                3197.00952148,
                6345.42333984,
                3569.03613281,
                2381.09765625,
                423.698577881,
                304.93460083,
                172.650024414,
                151.617843628,
                707.241699219,
                423.61831665,
                243.554489136,
                229.180221558,
                102.901275635,
                57.718208313,
                43.4562034607,
                60.2972831726,
                266.520721436,
                2.05691194534,
                0.339759021997,
                0.261899411678,
                0.258742451668,
                0.000100244898931,
                2.75621573564e-07
            ],
            "dvar2": [
                0.346588104963,
                15.4495582581,
                143.316040039,
                353.304229736,
                659.766418457,
                396.113952637,
                413.827789307,
                1178.83789063,
                2421.58325195,
                5304.93408203,
                3573.56542969,
                1681.29052734,
                14905.2783203,
                21333.3847656,
                36475.3203125,
                101188.851563,
                8372.06347656,
                7281.14501953,
                15196.9130859,
                8480.94726563,
                4776.18847656,
                914.633544922,
                699.340637207,
                399.433990479,
                409.860046387,
                1919.49206543,
                1078.55969238,
                576.39831543,
                544.083496094,
                230.318572998,
                126.948005676,
                94.7670211792,
                162.736206055,
                784.880310059,
                4.89442873001,
                0.807496249676,
                0.733255207539,
                0.737631917,
                0.000266961345915,
                7.16372483112e-07
            ],
            "max": [
                9.86853694916,
                55.849395752,
                135.393981934,
                267.377868652,
                324.069030762,
                223.036483765,
                279.344818115,
                732.606567383,
                741.145690918,
                1134.23291016,
                825.656677246,
                1322.73706055,
                2491.234375,
                3919.24707031,
                3385.65527344,
                4382.06103516,
                1751.67358398,
                1287.80224609,
                1970.93371582,
                1906.09436035,
                2001.39074707,
                601.106201172,
                506.576934814,
                455.76449585,
                469.108642578,
                570.439575195,
                404.335906982,
                298.106750488,
                278.688873291,
                250.823379517,
                244.163772583,
                172.121505737,
                401.554931641,
                1036.60571289,
                30.4038639069,
                10.8809194565,
                31.3501110077,
                32.6544570923,
                0.519604504108,
                0.0264578200877
            ],
            "mean": [
                0.46532663703,
                1.93999302387,
                1.86363232136,
                2.97114109993,
                7.70628643036,
                13.592666626,
                14.8932170868,
                16.6706371307,
                28.7045860291,
                30.1509113312,
                27.8694858551,
                21.9805965424,
                47.9960899353,
                54.7601509094,
                68.1198806763,
                97.1174163818,
                28.7112884521,
                32.8573799133,
                41.6982765198,
                25.8003177643,
                16.9907722473,
                9.94930934906,
                12.1843204498,
                8.83159160614,
                3.92806649208,
                5.81349277496,
                5.19618272781,
                3.46460604668,
                3.68685722351,
                2.76152896881,
                2.62562870979,
                3.3796184063,
                3.00458097458,
                2.80520749092,
                0.724159121513,
                0.160045951605,
                0.0552715584636,
                0.0190281197429,
                0.00184261531103,
                0.000135164693347
            ],
            "median": [
                0.0859972387552,
                0.282061517239,
                0.361293554306,
                1.18890380859,
                3.48562145233,
                5.92701053619,
                6.11848640442,
                5.34683227539,
                7.58247947693,
                7.92930412292,
                6.49387598038,
                8.04903793335,
                11.1944065094,
                10.8731689453,
                11.161233902,
                9.261054039,
                3.65808296204,
                4.09256744385,
                3.84739780426,
                2.83676218987,
                1.49942910671,
                1.15809166431,
                1.58475255966,
                1.4477853775,
                0.639953792095,
                0.691705465317,
                0.787925720215,
                0.292083501816,
                0.266372859478,
                0.205603525043,
                0.318269133568,
                0.669733285904,
                0.616519749165,
                0.498246103525,
                0.123951300979,
                0.0262921191752,
                0.00864455662668,
                0.00196665897965,
                0.000324985012412,
                6.14876844338e-05
            ],
            "min": [
                2.17587456946e-21,
                7.59721125542e-21,
                1.34813799299e-20,
                7.50831971261e-20,
                1.20432185137e-19,
                2.55693960899e-19,
                4.42008871703e-19,
                1.27517791e-18,
                1.42832461015e-18,
                1.41638591237e-18,
                2.24053346041e-18,
                6.76237769709e-18,
                2.44957006621e-18,
                1.78505224637e-18,
                4.6094064744e-18,
                6.89055760481e-18,
                8.7628949834e-18,
                1.01300772978e-17,
                4.51414463274e-18,
                5.9413810868e-18,
                7.33513492402e-18,
                1.15596091781e-17,
                8.62421732652e-18,
                1.73147497228e-17,
                1.70339781531e-17,
                1.43430189997e-17,
                1.86524943335e-17,
                1.71603366091e-17,
                2.20955476065e-17,
                1.81125703866e-17,
                1.77374654855e-17,
                1.87211718311e-17,
                1.61333422478e-17,
                9.64521793712e-18,
                6.48770410289e-18,
                5.64112569138e-18,
                3.1966270695e-18,
                1.27241109425e-18,
                3.38143886389e-19,
                3.0552998368e-20
            ],
            "var": [
                0.675603568554,
                21.0320224762,
                47.8705635071,
                95.6410140991,
                257.317230225,
                571.264221191,
                755.778015137,
                1391.77709961,
                3614.76928711,
                5028.171875,
                3518.42602539,
                2190.18481445,
                17332.3535156,
                21934.0683594,
                28415.6015625,
                86971.7890625,
                10386.8876953,
                7536.7578125,
                13198.359375,
                5575.33203125,
                4437.47167969,
                837.926818848,
                795.308166504,
                421.479492188,
                140.865158081,
                520.255187988,
                361.131622314,
                235.031768799,
                240.763061523,
                129.106323242,
                87.7457885742,
                75.3356781006,
                65.7177963257,
                180.955291748,
                3.15057587624,
                0.34332036972,
                0.176877140999,
                0.164725631475,
                7.96304011601e-05,
                2.3225480561e-07
            ]
        },
        "erbbands_crest": {
            "dmean": 3.53646683693,
            "dmean2": 5.56781196594,
            "dvar": 10.4004020691,
            "dvar2": 24.2340736389,
            "max": 34.9723625183,
            "mean": 13.723865509,
            "median": 12.49725914,
            "min": 2.49205350876,
            "var": 38.724773407
        },
        "erbbands_flatness_db": {
            "dmean": 0.0232250522822,
            "dmean2": 0.033844165504,
            "dvar": 0.000634828931652,
            "dvar2": 0.00125245051458,
            "max": 0.693321764469,
            "mean": 0.21011506021,
            "median": 0.19639763236,
            "min": 0.0592082478106,
            "var": 0.00587216764688
        },
        "erbbands_kurtosis": {
            "dmean": 3.52880239487,
            "dmean2": 5.4813952446,
            "dvar": 82.5228424072,
            "dvar2": 187.706512451,
            "max": 259.051696777,
            "mean": 5.38801050186,
            "median": 2.54828643799,
            "min": -1.90335941315,
            "var": 148.199310303
        },
        "erbbands_skewness": {
            "dmean": 0.56147891283,
            "dmean2": 0.827904164791,
            "dvar": 0.439015746117,
            "dvar2": 0.920578360558,
            "max": 10.6924982071,
            "mean": 0.837449610233,
            "median": 0.795345842838,
            "min": -11.8963546753,
            "var": 1.97152769566
        },
        "erbbands_spread": {
            "dmean": 7.65943288803,
            "dmean2": 11.4334001541,
            "dvar": 125.844184875,
            "dvar2": 249.504302979,
            "max": 180.255996704,
            "mean": 25.4142990112,
            "median": 19.2541122437,
            "min": 0.143784880638,
            "var": 481.404754639
        },
        "gfcc": {
            "cov": [
                [
                    17552.5839844,
                    -1897.14929199,
                    162.425582886,
                    1434.17883301,
                    -409.624145508,
                    749.273071289,
                    -782.796875,
                    1126.34216309,
                    -502.422851563,
                    654.257324219,
                    44.0758247375,
                    339.61932373,
                    132.685440063
                ],
                [
                    -1897.14929199,
                    3718.93579102,
                    905.415100098,
                    230.560150146,
                    735.671081543,
                    -245.465484619,
                    404.336029053,
                    -119.94859314,
                    276.996337891,
                    -126.775306702,
                    290.4296875,
                    -240.890899658,
                    192.03163147
                ],
                [
                    162.425582886,
                    905.415100098,
                    1971.73986816,
                    778.887390137,
                    137.365859985,
                    32.6425056458,
                    44.0829429626,
                    86.7559814453,
                    88.1327819824,
                    23.5213260651,
                    60.3779830933,
                    17.174238205,
                    16.5121192932
                ],
                [
                    1434.17883301,
                    230.560150146,
                    778.887390137,
                    1210.83776855,
                    106.896057129,
                    58.2933273315,
                    -81.7238464355,
                    183.40512085,
                    172.612030029,
                    136.310287476,
                    11.2432489395,
                    -11.5137481689,
                    65.4130096436
                ],
                [
                    -409.624145508,
                    735.671081543,
                    137.365859985,
                    106.896057129,
                    675.597167969,
                    51.925151825,
                    211.342559814,
                    35.9602279663,
                    147.896789551,
                    116.759933472,
                    134.779983521,
                    40.9562072754,
                    52.3563232422
                ],
                [
                    749.273071289,
                    -245.465484619,
                    32.6425056458,
                    58.2933273315,
                    51.925151825,
                    528.237121582,
                    178.740478516,
                    68.5105056763,
                    -45.5130500793,
                    66.220161438,
                    96.5916748047,
                    64.5602264404,
                    -15.8151845932
                ],
                [
                    -782.796875,
                    404.336029053,
                    44.0829429626,
                    -81.7238464355,
                    211.342559814,
                    178.740478516,
                    399.033172607,
                    -44.8686790466,
                    93.33203125,
                    19.878452301,
                    91.5668563843,
                    45.4135971069,
                    -8.59980487823
                ],
                [
                    1126.34216309,
                    -119.94859314,
                    86.7559814453,
                    183.40512085,
                    35.9602279663,
                    68.5105056763,
                    -44.8686790466,
                    360.116485596,
                    81.3129882813,
                    124.527503967,
                    78.8929748535,
                    35.2009887695,
                    58.4990844727
                ],
                [
                    -502.422851563,
                    276.996337891,
                    88.1327819824,
                    172.612030029,
                    147.896789551,
                    -45.5130500793,
                    93.33203125,
                    81.3129882813,
                    271.024261475,
                    108.435211182,
                    54.9239501953,
                    1.82370710373,
                    25.4464073181
                ],
                [
                    654.257324219,
                    -126.775306702,
                    23.5213260651,
                    136.310287476,
                    116.759933472,
                    66.220161438,
                    19.878452301,
                    124.527503967,
                    108.435211182,
                    246.400192261,
                    82.6784896851,
                    59.3023681641,
                    18.9861545563
                ],
                [
                    44.0758247375,
                    290.4296875,
                    60.3779830933,
                    11.2432489395,
                    134.779983521,
                    96.5916748047,
                    91.5668563843,
                    78.8929748535,
                    54.9239501953,
                    82.6784896851,
                    207.055770874,
                    45.7886123657,
                    39.8702507019
                ],
                [
                    339.61932373,
                    -240.890899658,
                    17.174238205,
                    -11.5137481689,
                    40.9562072754,
                    64.5602264404,
                    45.4135971069,
                    35.2009887695,
                    1.82370710373,
                    59.3023681641,
                    45.7886123657,
                    166.474731445,
                    2.4008102417
                ],
                [
                    132.685440063,
                    192.03163147,
                    16.5121192932,
                    65.4130096436,
                    52.3563232422,
                    -15.8151845932,
                    -8.59980487823,
                    58.4990844727,
                    25.4464073181,
                    18.9861545563,
                    39.8702507019,
                    2.4008102417,
                    130.976806641
                ]
            ],
            "icov": [
                [
                    0.000129821448354,
                    -8.77214188222e-05,
                    7.82419156167e-05,
                    -0.000158466209541,
                    8.53391757119e-05,
                    -0.000152439140948,
                    0.000178834772669,
                    -0.000342509301845,
                    0.000472989195259,
                    -0.00036949350033,
                    0.000217733366298,
                    -0.000283637607936,
                    7.91626298451e-05
                ],
                [
                    -8.77214188222e-05,
                    0.000886571477167,
                    -0.000370981200831,
                    0.000109343331133,
                    -0.000628187204711,
                    0.000653521914501,
                    -0.000728687271476,
                    0.000511844817083,
                    -0.000512147846166,
                    0.000945438398048,
                    -0.00131390849128,
                    0.00154152698815,
                    -0.000831094163004
                ],
                [
                    7.82419156167e-05,
                    -0.000370981200831,
                    0.000896784069482,
                    -0.000642441853415,
                    0.000225651267101,
                    -0.000152708234964,
                    0.000132056040457,
                    -0.000363363680663,
                    0.000528965203557,
                    -0.000201246104552,
                    0.000287450617179,
                    -0.000810522353277,
                    0.000588526658248
                ],
                [
                    -0.000158466209541,
                    0.000109343331133,
                    -0.000642441853415,
                    0.00167176616378,
                    -0.000230189180002,
                    -0.00032882465166,
                    0.000481787137687,
                    0.000257015955867,
                    -0.00148440129124,
                    0.000101051788079,
                    0.000316807941999,
                    0.000563812442124,
                    -0.00061758729862
                ],
                [
                    8.53391757119e-05,
                    -0.000628187204711,
                    0.000225651267101,
                    -0.000230189180002,
                    0.0026016337797,
                    -0.000191687693587,
                    -0.000480844406411,
                    -0.000209294696106,
                    0.000152809981955,
                    -0.00136765046045,
                    0.000238389024162,
                    -0.00109315093141,
                    3.59035730071e-05
                ],
                [
                    -0.000152439140948,
                    0.000653521914501,
                    -0.000152708234964,
                    -0.00032882465166,
                    -0.000191687693587,
                    0.00366890127771,
                    -0.0025637105573,
                    -0.000136907896376,
                    0.00126521615312,
                    0.000124911952298,
                    -0.00185527233407,
                    0.0010531693697,
                    7.37338341423e-05
                ],
                [
                    0.000178834772669,
                    -0.000728687271476,
                    0.000132056040457,
                    0.000481787137687,
                    -0.000480844406411,
                    -0.0025637105573,
                    0.00570569839329,
                    0.000478380301502,
                    -0.00177110696677,
                    0.000162798314705,
                    0.000420436146669,
                    -0.00211195321754,
                    0.000904772721697
                ],
                [
                    -0.000342509301845,
                    0.000511844817083,
                    -0.000363363680663,
                    0.000257015955867,
                    -0.000209294696106,
                    -0.000136907896376,
                    0.000478380301502,
                    0.0051627070643,
                    -0.00234864815138,
                    0.000116916409752,
                    -0.00182095926721,
                    0.00088676053565,
                    -0.00171591935214
                ],
                [
                    0.000472989195259,
                    -0.000512147846166,
                    0.000528965203557,
                    -0.00148440129124,
                    0.000152809981955,
                    0.00126521615312,
                    -0.00177110696677,
                    -0.00234864815138,
                    0.00863971281797,
                    -0.00384376943111,
                    0.000730320229195,
                    -0.000347143301042,
                    0.000633474090137
                ],
                [
                    -0.00036949350033,
                    0.000945438398048,
                    -0.000201246104552,
                    0.000101051788079,
                    -0.00136765046045,
                    0.000124911952298,
                    0.000162798314705,
                    0.000116916409752,
                    -0.00384376943111,
                    0.00868673808873,
                    -0.00292827864178,
                    0.000123614416225,
                    -0.000140000207466
                ],
                [
                    0.000217733366298,
                    -0.00131390849128,
                    0.000287450617179,
                    0.000316807941999,
                    0.000238389024162,
                    -0.00185527233407,
                    0.000420436146669,
                    -0.00182095926721,
                    0.000730320229195,
                    -0.00292827864178,
                    0.00947859417647,
                    -0.00298650702462,
                    -0.000515064806677
                ],
                [
                    -0.000283637607936,
                    0.00154152698815,
                    -0.000810522353277,
                    0.000563812442124,
                    -0.00109315093141,
                    0.0010531693697,
                    -0.00211195321754,
                    0.00088676053565,
                    -0.000347143301042,
                    0.000123614416225,
                    -0.00298650702462,
                    0.00998854450881,
                    -0.0013472114224
                ],
                [
                    7.91626298451e-05,
                    -0.000831094163004,
                    0.000588526658248,
                    -0.00061758729862,
                    3.59035730071e-05,
                    7.37338341423e-05,
                    0.000904772721697,
                    -0.00171591935214,
                    0.000633474090137,
                    -0.000140000207466,
                    -0.000515064806677,
                    -0.0013472114224,
                    0.00990655180067
                ]
            ],
            "mean": [
                -55.5475196838,
                99.1373977661,
                -98.2694702148,
                -0.253145903349,
                -58.0919456482,
                15.9612350464,
                -38.2810020447,
                7.47417593002,
                -24.083978653,
                -4.09801959991,
                -4.7411699295,
                -5.22957897186,
                -0.353244394064
            ]
        },
        "hfc": {
            "dmean": 7.82496547699,
            "dmean2": 11.8943157196,
            "dvar": 565.448791504,
            "dvar2": 1447.41711426,
            "max": 1119.39794922,
            "mean": 21.8263072968,
            "median": 13.5032243729,
            "min": 1.10134717813e-16,
            "var": 777.255432129
        },
        "melbands": {
            "dmean": [
                0.000926351931412,
                0.000666458974592,
                0.000401116762077,
                0.000383165897802,
                0.000257174571743,
                0.000187051220564,
                0.000216621308937,
                0.000179193346412,
                0.000120355449326,
                7.86712262197e-05,
                0.00012981290638,
                0.000112425004772,
                0.000118052863399,
                0.000177040710696,
                7.35446083127e-05,
                2.70501350315e-05,
                4.08480664191e-05,
                4.19711504946e-05,
                3.6720353819e-05,
                1.85193657671e-05,
                1.25166743601e-05,
                6.72450369166e-06,
                6.66928826831e-06,
                5.95661049374e-06,
                4.15197746406e-06,
                2.07902985494e-06,
                2.3438997232e-06,
                3.62329524251e-06,
