{
    "lowlevel": {
        "average_loudness": 0.832581877708,
        "barkbands": {
            "dmean": [
                0.000228232340305,
                0.00515586789697,
                0.00239895493723,
                0.00132745830342,
                0.00175928964745,
                0.000743313168641,
                0.000893061456736,
                0.000773128296714,
                0.000806902651675,
                0.000685578852426,
                0.00111943634693,
                0.000901567167602,
                0.000467418372864,
                0.000646246247925,
                0.000459255796159,
                0.000452158274129,
                0.000215708452743,
                0.000253354897723,
                0.000207609962672,
                0.000140842821565,
                8.62555752974e-05,
                5.25184659637e-05,
                3.77561736968e-05,
                3.72761169274e-05,
                2.85879577859e-05,
                1.35728969326e-05,
                2.9675867097e-08
            ],
            "dmean2": [
                0.000373342481907,
                0.00791341904551,
                0.00397897604853,
                0.00229323445819,
                0.00289337174036,
                0.00119115866255,
                0.00144263298716,
                0.00119076122064,
                0.00118753197603,
                0.00104588654358,
                0.00174073246308,
                0.00139975827187,
                0.000749986211304,
                0.0010265148012,
                0.000743966957089,
                0.000728495826479,
                0.000345936452504,
                0.000413072033552,
                0.000326467386913,
                0.000221902650082,
                0.000132037370349,
                7.91878628661e-05,
                5.75882695557e-05,
                5.70369884372e-05,
                4.21939803346e-05,
                2.00141948881e-05,
                5.39534958932e-08
            ],
            "dvar": [
                3.52348564547e-07,
                0.000136079805088,
                4.87392571813e-05,
                8.13621409179e-06,
                1.09370394057e-05,
                3.48182902599e-06,
                5.60706757824e-06,
                3.70025350094e-06,
                4.46598278359e-06,
                3.90325840272e-06,
                1.18573680084e-05,
                9.19386002352e-06,
                2.17356910071e-06,
                3.06835499941e-06,
                1.15768943942e-06,
                1.37753204399e-06,
                2.47991749802e-07,
                2.44738544097e-07,
                1.64593458862e-07,
                8.03248383363e-08,
                2.80682304066e-08,
                1.75004082337e-08,
                1.1415172807e-08,
                1.00579313767e-08,
                5.94981841573e-09,
                1.653497117e-09,
                3.76703368206e-14
            ],
            "dvar2": [
                9.57673819357e-07,
                0.000323761778418,
                0.000129903812194,
                2.33159007621e-05,
                2.95043500955e-05,
                8.74791385286e-06,
                1.4485378415e-05,
                8.77894581208e-06,
                9.8039772638e-06,
                8.78083483258e-06,
                2.84357665805e-05,
                2.18625737034e-05,
                5.29877661393e-06,
                7.36569563742e-06,
                2.83477697849e-06,
                3.4369718378e-06,
                6.29041210232e-07,
                6.07810704878e-07,
                4.1819754415e-07,
                1.98482638325e-07,
                6.21394917744e-08,
                3.79276237084e-08,
                2.35580799313e-08,
                2.03883345762e-08,
                1.30133930298e-08,
                3.38993677573e-09,
                9.55299953183e-14
            ],
            "max": [
                0.00890482868999,
                0.146413549781,
                0.0802698880434,
                0.038187250495,
                0.0525448396802,
                0.0355927832425,
                0.0317860394716,
                0.0300331432372,
                0.0452192537487,
                0.0396710000932,
                0.0602413862944,
                0.0700851529837,
                0.0650000795722,
                0.0387423038483,
                0.0210744421929,
                0.0265371445566,
                0.0139589495957,
                0.0106124393642,
                0.00599169544876,
                0.00635160086676,
                0.00363943562843,
                0.00342794368044,
                0.00425314391032,
                0.00432262243703,
                0.00285328971222,
                0.00158479588572,
                7.40083169148e-06
            ],
            "mean": [
                0.000289582647383,
                0.0106611400843,
                0.00347045646049,
                0.00164223427419,
                0.00298032350838,
                0.00126133405138,
                0.00124042457901,
                0.00119369558524,
                0.00155631371308,
                0.00102431571577,
                0.00159591820557,
                0.00124846166,
                0.00067459809361,
                0.000884208537173,
                0.000634879455902,
                0.000688023515977,
                0.000339984515449,
                0.000438962306362,
                0.000370731315343,
                0.000247398595093,
                0.000149531711941,
                8.62900633365e-05,
                4.83475523652e-05,
                4.6889501391e-05,
                3.56471500709e-05,
                1.59723949764e-05,
                2.09160617715e-08
            ],
            "median": [
                3.50510235876e-05,
                0.00526434648782,
                0.00123720755801,
                0.000709378509782,
                0.00138784642331,
                0.000419098942075,
                0.00031057043816,
                0.000199970469112,
                0.000336213037372,
                0.000208417623071,
                0.000169201986864,
                0.00016699176922,
                0.000149283398059,
                0.000199613452423,
                0.000184301403351,
                0.000208538127481,
                0.000120476688608,
                0.000193494997802,
                0.000154883760842,
                9.58678501775e-05,
                5.99733939453e-05,
                2.88911160169e-05,
                1.03202282844e-05,
                9.06603327167e-06,
                6.96094775776e-06,
                1.68482529261e-06,
                7.09052816461e-10
            ],
            "min": [
                6.22380685859e-25,
                3.77351259025e-24,
                1.87649893399e-24,
                1.26185648057e-24,
                9.43240747714e-24,
                1.00631498914e-23,
                7.14135030455e-24,
                1.25639383574e-23,
                1.01803651556e-23,
                2.51988868181e-23,
                1.11263994964e-23,
                1.38223986932e-23,
                1.47683659808e-23,
                3.63748654335e-23,
                3.72081581403e-23,
                7.13619036537e-23,
                9.85869639296e-23,
                1.05676639901e-22,
                8.62285427706e-23,
                1.62163094439e-22,
                2.77006348545e-22,
                3.29390928324e-22,
                4.55835991318e-22,
                6.12065236162e-22,
                8.81992839193e-22,
                1.31691636773e-21,
                2.06425466412e-21
            ],
            "var": [
                5.21339643456e-07,
                0.000250341137871,
                4.47728089057e-05,
                7.41660824133e-06,
                1.90298214875e-05,
                7.1164909059e-06,
                7.7697532106e-06,
                7.56872714192e-06,
                1.48298477143e-05,
                6.75550791129e-06,
                2.230913924e-05,
                1.78434438567e-05,
                3.30397165271e-06,
                4.77554931422e-06,
                1.69435043063e-06,
                2.25541407417e-06,
                4.19778814376e-07,
                4.85930343075e-07,
                3.36911625709e-07,
                1.44123333712e-07,
                5.90815147916e-08,
                3.4155565487e-08,
                2.0805144274e-08,
                2.00076382129e-08,
                9.5801553357e-09,
                2.75471312428e-09,
                2.98926228009e-14
            ]
        },
        "barkbands_crest": {
            "dmean": 2.7151954174,
            "dmean2": 4.27915668488,
            "dvar": 6.69114112854,
            "dvar2": 16.3267288208,
            "max": 26.6427364349,
            "mean": 11.5539731979,
            "median": 10.6559505463,
            "min": 2.66269445419,
            "var": 24.4272499084
        },
        "barkbands_flatness_db": {
            "dmean": 0.0299183856696,
            "dmean2": 0.0418697372079,
            "dvar": 0.000987309147604,
            "dvar2": 0.00189497938845,
            "max": 0.824816167355,
            "mean": 0.204165324569,
            "median": 0.176951706409,
            "min": 0.040320686996,
            "var": 0.0105178598315
        },
        "barkbands_kurtosis": {
            "dmean": 7.39239025116,
            "dmean2": 11.238527298,
            "dvar": 851.073425293,
            "dvar2": 2037.23901367,
            "max": 1177.34448242,
            "mean": 9.95357513428,
            "median": 1.2119371891,
            "min": -1.96889138222,
            "var": 1322.64379883
        },
        "barkbands_skewness": {
            "dmean": 0.777182281017,
            "dmean2": 1.13934206963,
            "dvar": 1.28852653503,
            "dvar2": 2.73108506203,
            "max": 28.4171619415,
            "mean": 1.57159566879,
            "median": 1.11666321754,
            "min": -7.21624612808,
            "var": 4.33677339554
        },
        "barkbands_spread": {
            "dmean": 5.44238805771,
            "dmean2": 8.3221950531,
            "dvar": 56.1048851013,
            "dvar2": 124.511100769,
            "max": 123.842346191,
            "mean": 19.2616024017,
            "median": 18.558681488,
            "min": 0.119515739381,
            "var": 183.747360229
        },
        "dissonance": {
            "dmean": 0.0250386651605,
            "dmean2": 0.0408067330718,
            "dvar": 0.000982913770713,
            "dvar2": 0.00239305919968,
            "max": 0.499999970198,
            "mean": 0.450212717056,
            "median": 0.470519453287,
            "min": 0.0432611964643,
            "var": 0.00317677087151
        },
        "dynamic_complexity": 3.92379999161,
        "erbbands": {
            "dmean": [
                0.133092582226,
                1.24005019665,
                2.67119026184,
                3.44641590118,
                6.22154474258,
                5.63306570053,
                4.78579521179,
                6.86893367767,
                10.0587806702,
                16.4944076538,
                15.2941904068,
                17.664100647,
                17.8838748932,
                27.3718719482,
                49.8383979797,
                25.3919696808,
                20.2363548279,
                26.2838478088,
                29.3204364777,
                23.4990463257,
                22.0523471832,
                11.6761875153,
                11.4916381836,
                12.4365282059,
                8.2475271225,
                7.25530862808,
                4.34710073471,
                2.55836606026,
                1.92535007,
                1.40678501129,
                1.07232379913,
                0.889265477657,
                0.564045011997,
                0.343152165413,
                0.202088534832,
                0.082700252533,
                0.0221380852163,
                0.00176191329956,
                3.71713285858e-05,
                1.22191722767e-05
            ],
            "dmean2": [
                0.202945828438,
                1.90980505943,
                4.23168897629,
                5.9540643692,
                10.5978794098,
                9.01417922974,
                7.70874834061,
                10.976518631,
                16.4984874725,
                25.7521457672,
                23.4403247833,
                26.2306098938,
                26.634645462,
                42.2292098999,
                77.318901062,
                39.3093719482,
                32.1158561707,
                41.1856498718,
                46.771484375,
                37.312297821,
                34.9184417725,
                18.5314388275,
                18.658290863,
                19.5007591248,
                12.8963384628,
                11.3200359344,
                6.63515281677,
                3.82445597649,
                2.91273283958,
                2.13082146645,
                1.64722383022,
                1.36686909199,
                0.861996948719,
                0.524928987026,
                0.298978418112,
                0.122689664364,
                0.0326346345246,
                0.00263347639702,
                5.39760694664e-05,
                1.83280353667e-05
            ],
            "dvar": [
                0.110310785472,
                7.63437652588,
                46.3790054321,
                83.243560791,
                158.621109009,
                113.638923645,
                95.122215271,
                333.343078613,
                841.153869629,
                1783.14208984,
                1551.50512695,
                2484.24633789,
                2612.94848633,
                5491.89990234,
                18772.5820313,
                6408.99707031,
                4553.86767578,
                4623.87841797,
                6193.56689453,
                4039.20336914,
                3553.70996094,
                846.003967285,
                493.942047119,
                566.857971191,
                225.44418335,
                254.254852295,
                73.9826583862,
                28.759180069,
                22.185546875,
                14.0289020538,
                11.2728805542,
                6.60349750519,
                2.34850168228,
                0.970092594624,
                0.350735813379,
                0.062242589891,
                0.00431824149564,
                2.85720452666e-05,
                1.01985930812e-08,
                2.83529255629e-10
            ],
            "dvar2": [
                0.252544432878,
                18.2886981964,
                115.977737427,
                236.276596069,
                445.637115479,
                288.558776855,
                251.921264648,
                808.989257813,
                2256.78320313,
                4153.67919922,
                3734.03393555,
                5606.18847656,
                5815.01074219,
                13114.125,
                47010.8984375,
                15503.1289063,
                10926.6318359,
                10730.7285156,
                14989.3671875,
                10348.8330078,
                8764.78222656,
                2156.68139648,
                1256.3182373,
                1363.30102539,
                560.99420166,
                642.783813477,
                167.489685059,
                59.3034896851,
                48.9199066162,
                31.0246505737,
                23.8961963654,
                13.4083099365,
                5.22072219849,
                2.32486176491,
                0.747105300426,
                0.12769305706,
                0.00887770205736,
                5.99171908107e-05,
                2.07958894549e-08,
                5.89860937872e-10
            ],
            "max": [
                4.38144397736,
                33.9728317261,
                80.3655471802,
                120.347129822,
                167.60748291,
                177.205276489,
                207.060852051,
                442.947235107,
                440.557098389,
                827.276123047,
                639.407775879,
                1255.9230957,
                1453.42956543,
                1545.83532715,
                2524.09179688,
                1926.06604004,
                3465.68994141,
                1530.74475098,
                1360.77441406,
                1668.08032227,
                1662.84790039,
                826.713745117,
                450.635742188,
                415.520568848,
                253.591888428,
                429.419067383,
                157.99168396,
                113.370666504,
                135.363861084,
                105.378929138,
                158.746826172,
                110.665565491,
                50.9226264954,
                30.3236865997,
                28.4659500122,
                9.6302986145,
                2.17652797699,
                0.177819594741,
                0.00323277711868,
                0.00019786854682
            ],
            "mean": [
                0.241955712438,
                2.55238771439,
                4.87264537811,
                4.48507213593,
                8.32374382019,
                10.2958784103,
                8.31754589081,
                11.6854515076,
                14.0676221848,
                25.4949455261,
                24.4340553284,
                32.1201171875,
                34.5858268738,
                43.2089614868,
                75.7987594604,
                38.4602203369,
                31.6597194672,
                38.6640968323,
                43.0813484192,
                34.4060287476,
                35.8742027283,
                20.2095375061,
                21.5256443024,
                23.239812851,
                16.0809135437,
                12.8354663849,
                7.77800416946,
                4.52391958237,
                3.24433708191,
                2.02908492088,
                1.33354663849,
                1.1072511673,
                0.683467745781,
                0.421824842691,
                0.242398813367,
                0.0969733595848,
                0.025081038475,
                0.00193065649364,
                5.75175436097e-05,
                4.06629296776e-05
            ],
            "median": [
                0.0855209380388,
                1.20205640793,
                2.32203006744,
                2.20910978317,
                3.2868206501,
                4.53364706039,
                4.18130397797,
                3.49424028397,
                4.35647678375,
                6.35326337814,
                6.33341407776,
                8.52542209625,
                8.71741771698,
                10.4757738113,
                11.5826253891,
                8.66454219818,
                8.64820289612,
                11.1170511246,
                11.560801506,
                11.9610872269,
                11.0542373657,
                7.96042251587,
                10.025976181,
                10.726149559,
                7.05915737152,
                4.78667593002,
                3.10753822327,
                1.85347509384,
                1.16051626205,
                0.539082705975,
                0.277402341366,
                0.20438079536,
                0.122249156237,
                0.0843175724149,
                0.03906307742,
                0.0112233618274,
                0.00238950992934,
                0.000147638449562,
                2.53855832852e-05,
                3.7321842683e-05
            ],
            "min": [
                1.60972406721e-22,
                8.13726154363e-22,
                2.85489917754e-21,
                4.57095321294e-21,
                1.13314866268e-20,
                3.63958435548e-20,
                4.022001908e-20,
                1.08437239075e-19,
                1.16265301576e-19,
                1.70244626809e-19,
                3.23492708283e-19,
                2.87333748576e-19,
                7.5706506152e-19,
                7.00363329795e-19,
                1.24262276943e-18,
                8.07676624287e-19,
                9.05611706886e-19,
                2.39408920137e-18,
                2.83708598522e-18,
                3.18785481911e-18,
                4.51042438794e-18,
                5.74050813326e-18,
                4.99296516136e-18,
                5.5902375401e-18,
                3.74007728732e-18,
                9.03987558433e-18,
                1.10362213988e-17,
                1.07158568291e-17,
                1.08275295205e-17,
                1.0576326349e-17,
                1.14759241427e-17,
                1.17721921139e-17,
                1.08187655419e-17,
                8.30171366776e-18,
                6.32937759774e-18,
                4.37453226178e-18,
                2.34914847869e-18,
                8.59435072973e-19,
                2.62025408102e-19,
                2.78918452463e-20
            ],
            "var": [
                0.192133322358,
                14.5086574554,
                61.4310379028,
                64.0051727295,
                198.159179688,
                256.185028076,
                147.022247314,
                785.345214844,
                950.34375,
                3491.91235352,
                2875.32055664,
                5995.09277344,
                6966.79785156,
                9623.35449219,
                37538.1835938,
                11950.4882813,
                7196.83789063,
                7706.31445313,
                9637.640625,
                5301.44335938,
                6613.484375,
                1444.76318359,
                1068.6036377,
                1216.50402832,
                561.002929688,
                419.006256104,
                157.007461548,
                62.735004425,
                44.0242805481,
                25.3546600342,
                18.9621562958,
                12.5350885391,
                4.1501789093,
                1.32729518414,
                0.562138259411,
                0.103745736182,
                0.0066382298246,
                4.37198614236e-05,
                1.71997740495e-08,
                9.8918406799e-10
            ]
        },
        "erbbands_crest": {
            "dmean": 3.326161623,
            "dmean2": 5.31066322327,
            "dvar": 9.89513301849,
            "dvar2": 23.4367198944,
            "max": 32.1929206848,
            "mean": 11.2927865982,
            "median": 9.93456268311,
            "min": 2.46585583687,
            "var": 33.0881958008
        },
        "erbbands_flatness_db": {
            "dmean": 0.0260275639594,
            "dmean2": 0.0356156788766,
            "dvar": 0.000640426180325,
            "dvar2": 0.00119030370843,
            "max": 0.624367177486,
            "mean": 0.204835131764,
            "median": 0.192241132259,
            "min": 0.0347498841584,
            "var": 0.0057116728276
        },
        "erbbands_kurtosis": {
            "dmean": 2.53776669502,
            "dmean2": 3.87521243095,
            "dvar": 38.506023407,
            "dvar2": 81.4299240112,
            "max": 201.618850708,
            "mean": 2.93784928322,
            "median": 0.451357811689,
            "min": -1.89821660519,
            "var": 83.965637207
        },
        "erbbands_skewness": {
            "dmean": 0.55403059721,
            "dmean2": 0.81800287962,
            "dvar": 0.422132462263,
            "dvar2": 0.852693021297,
            "max": 9.90382194519,
            "mean": 0.399918943644,
            "median": 0.120794564486,
            "min": -6.0455789566,
            "var": 1.83872294426
        },
        "erbbands_spread": {
            "dmean": 9.66317558289,
            "dmean2": 14.6699924469,
            "dvar": 176.31930542,
            "dvar2": 391.698699951,
            "max": 194.044204712,
            "mean": 31.4683189392,
            "median": 26.5469169617,
            "min": 0.917561113834,
            "var": 518.973022461
        },
        "gfcc": {
            "cov": [
                [
                    31123.4355469,
                    865.771972656,
                    -4094.19262695,
                    693.816162109,
                    -881.066345215,
                    844.683410645,
                    -319.181182861,
                    741.551574707,
                    -418.393432617,
                    715.114929199,
                    -405.211914063,
                    154.236755371,
                    -246.165664673
                ],
                [
                    865.771972656,
                    2614.96704102,
                    196.626785278,
                    -76.5186462402,
                    414.258087158,
                    -223.503433228,
                    397.38269043,
                    -257.134155273,
                    159.763092041,
                    -252.645706177,
                    136.108703613,
                    -135.195343018,
                    197.562911987
                ],
                [
                    -4094.19262695,
                    196.626785278,
                    3654.94018555,
                    468.461181641,
                    309.004302979,
                    342.957855225,
                    13.286611557,
                    206.178359985,
                    -46.8468551636,
                    81.0843582153,
                    -68.7018051147,
                    195.16897583,
                    -4.56921958923
                ],
                [
                    693.816162109,
                    -76.5186462402,
                    468.461181641,
                    885.250366211,
                    240.522506714,
                    138.793014526,
                    38.8164863586,
                    81.2502365112,
                    116.369293213,
                    -13.3569946289,
                    -12.5610246658,
                    35.948677063,
                    24.6470909119
                ],
                [
                    -881.066345215,
                    414.258087158,
                    309.004302979,
                    240.522506714,
                    666.256164551,
                    140.418792725,
                    275.799835205,
                    49.0930137634,
                    105.561653137,
                    40.3179359436,
                    -19.9572429657,
                    20.1487159729,
                    23.0992107391
                ],
                [
                    844.683410645,
                    -223.503433228,
                    342.957855225,
                    138.793014526,
                    140.418792725,
                    545.253356934,
                    131.684326172,
                    151.222045898,
                    -24.4007015228,
                    120.309494019,
                    -8.89431285858,
                    29.4808769226,
                    -26.9177417755
                ],
                [
                    -319.181182861,
                    397.38269043,
                    13.286611557,
                    38.8164863586,
                    275.799835205,
                    131.684326172,
                    449.442626953,
                    11.6456737518,
                    81.4500045776,
                    22.7238788605,
                    37.1619720459,
                    14.5896873474,
                    25.116065979
                ],
                [
                    741.551574707,
                    -257.134155273,
                    206.178359985,
                    81.2502365112,
                    49.0930137634,
                    151.222045898,
                    11.6456737518,
                    353.870880127,
                    24.4923286438,
                    120.439704895,
                    -8.14570045471,
                    36.0463981628,
                    -14.0017795563
                ],
                [
                    -418.393432617,
                    159.763092041,
                    -46.8468551636,
                    116.369293213,
                    105.561653137,
                    -24.4007015228,
                    81.4500045776,
                    24.4923286438,
                    220.877990723,
                    0.864215373993,
                    64.370300293,
                    -19.2585525513,
                    35.7727661133
                ],
                [
                    715.114929199,
                    -252.645706177,
                    81.0843582153,
                    -13.3569946289,
                    40.3179359436,
                    120.309494019,
                    22.7238788605,
                    120.439704895,
                    0.864215373993,
                    262.14630127,
                    -22.9887237549,
                    82.0785903931,
                    -42.1464729309
                ],
                [
                    -405.211914063,
                    136.108703613,
                    -68.7018051147,
                    -12.5610246658,
                    -19.9572429657,
                    -8.89431285858,
                    37.1619720459,
                    -8.14570045471,
                    64.370300293,
                    -22.9887237549,
                    199.675537109,
                    -14.9737949371,
                    52.8877487183
                ],
                [
                    154.236755371,
                    -135.195343018,
                    195.16897583,
                    35.948677063,
                    20.1487159729,
                    29.4808769226,
                    14.5896873474,
                    36.0463981628,
                    -19.2585525513,
                    82.0785903931,
                    -14.9737949371,
                    163.832962036,
                    -2.92018818855
                ],
                [
                    -246.165664673,
                    197.562911987,
                    -4.56921958923,
                    24.6470909119,
                    23.0992107391,
                    -26.9177417755,
                    25.116065979,
                    -14.0017795563,
                    35.7727661133,
                    -42.1464729309,
                    52.8877487183,
                    -2.92018818855,
                    141.758926392
                ]
            ],
            "icov": [
                [
                    0.000143372715684,
                    -0.000366623979062,
                    0.000286894617602,
                    -0.000361140439054,
                    0.000399556156481,
                    -0.000375098286895,
                    0.000251472665695,
                    -0.000386410654755,
                    0.000338292593369,
                    -0.000406196748372,
                    0.000322040839819,
                    -0.000341374659911,
                    0.000279585219687
                ],
                [
                    -0.000366623979062,
                    0.00161772815045,
                    -0.000842083827592,
                    0.0010840089526,
                    -0.00133924360853,
                    0.00126314081717,
                    -0.001122611342,
                    0.00128227588721,
                    -0.000955638941377,
                    0.00130316626746,
                    -0.000982840079814,
                    0.00132242939435,
                    -0.00130066520069
                ],
                [
                    0.000286894617602,
                    -0.000842083827592,
                    0.000929439906031,
                    -0.000857381732203,
                    0.000710787891876,
                    -0.000951682392042,
                    0.000696311006323,
                    -0.000927653105464,
                    0.000802446447778,
                    -0.000717034097761,
                    0.000686672399752,
                    -0.00113033957314,
                    0.000644123123493
                ],
                [
                    -0.000361140439054,
                    0.0010840089526,
                    -0.000857381732203,
                    0.0024571234826,
                    -0.00151127274148,
                    0.000623792177066,
                    -0.000360888981959,
                    0.000899565638974,
                    -0.00175802689046,
                    0.00162366533186,
                    -0.000595375488047,
                    0.000533733691555,
                    -0.000915716635063
                ],
                [
                    0.000399556156481,
                    -0.00133924360853,
                    0.000710787891876,
                    -0.00151127274148,
                    0.00369430915453,
                    -0.00128863984719,
                    -0.000420155120082,
                    -0.00117002148181,
                    0.000365360523574,
                    -0.00151079613715,
                    0.00164428120479,
                    -0.000959953526035,
                    0.000783549970947
                ],
                [
                    -0.000375098286895,
                    0.00126314081717,
                    -0.000951682392042,
                    0.000623792177066,
                    -0.00128863984719,
                    0.0038028685376,
                    -0.00168117671274,
                    0.0004146451829,
                    7.79238325777e-05,
                    0.000215005537029,
                    -0.00121478387155,
                    0.00170206138864,
                    -0.000747437879909
                ],
                [
                    0.000251472665695,
                    -0.001122611342,
                    0.000696311006323,
                    -0.000360888981959,
                    -0.000420155120082,
                    -0.00168117671274,
                    0.00422115810215,
                    -0.000610890332609,
                    -0.000162743715919,
                    -0.000651164213195,
                    0.000232297126786,
                    -0.00145889446139,
                    0.000758172362112
                ],
                [
                    -0.000386410654755,
                    0.00128227588721,
                    -0.000927653105464,
                    0.000899565638974,
                    -0.00117002148181,
                    0.0004146451829,
                    -0.000610890332609,
                    0.00489601492882,
                    -0.00150508119259,
                    -0.000212762606679,
                    -0.000857476843521,
                    0.00120737997349,
                    -0.00112182018347
                ],
                [
                    0.000338292593369,
                    -0.000955638941377,
                    0.000802446447778,
                    -0.00175802689046,
                    0.000365360523574,
                    7.79238325777e-05,
                    -0.000162743715919,
                    -0.00150508119259,
                    0.00733697414398,
                    -0.00174509303179,
                    -0.0010665752925,
                    0.000250807061093,
                    0.000119012547657
                ],
                [
                    -0.000406196748372,
                    0.00130316626746,
                    -0.000717034097761,
                    0.00162366533186,
                    -0.00151079613715,
                    0.000215005537029,
                    -0.000651164213195,
                    -0.000212762606679,
                    -0.00174509303179,
                    0.00731783546507,
                    -0.00071673997445,
                    -0.00172202521935,
                    0.000402396166464
                ],
                [
                    0.000322040839819,
                    -0.000982840079814,
                    0.000686672399752,
                    -0.000595375488047,
                    0.00164428120479,
                    -0.00121478387155,
                    0.000232297126786,
                    -0.000857476843521,
                    -0.0010665752925,
                    -0.00071673997445,
                    0.00707673095167,
                    -0.000757595931645,
                    -0.00116959016304
                ],
                [
                    -0.000341374659911,
                    0.00132242939435,
                    -0.00113033957314,
                    0.000533733691555,
                    -0.000959953526035,
                    0.00170206138864,
                    -0.00145889446139,
                    0.00120737997349,
                    0.000250807061093,
                    -0.00172202521935,
                    -0.000757595931645,
                    0.00921259075403,
                    -0.00181053718552
                ],
                [
                    0.000279585219687,
                    -0.00130066520069,
                    0.000644123123493,
                    -0.000915716635063,
                    0.000783549970947,
                    -0.000747437879909,
                    0.000758172362112,
                    -0.00112182018347,
                    0.000119012547657,
                    0.000402396166464,
                    -0.00116959016304,
                    -0.00181053718552,
                    0.00950630754232
                ]
            ],
            "mean": [
                -62.3749198914,
                107.568229675,
                -123.960289001,
                35.3167228699,
                -50.121837616,
                9.74988079071,
                -29.1059322357,
                8.91827106476,
                -24.5866718292,
                0.287820905447,
                -12.7542905807,
                -4.81724596024,
                -5.73304796219
            ]
        },
        "hfc": {
            "dmean": 6.08767366409,
            "dmean2": 9.11766529083,
            "dvar": 60.7171859741,
            "dvar2": 131.181472778,
            "max": 115.212623596,
            "mean": 20.624206543,
            "median": 15.8852701187,
            "min": 1.10806745812e-16,
            "var": 311.675018311
        },
        "melbands": {
            "dmean": [
                0.00133247463964,
                0.00136797991581,
                0.000674903625622,
                0.000430892687291,
                0.000177900030394,
                0.00015039453865,
                0.000160526455147,
                0.000183609852684,
                0.000119381526019,
                0.000113678965135,
                9.32117982302e-05,
                0.000111242385174,
                0.000175612483872,
                0.000117842624604,
                4.13282577938e-05,
                4.68709295092e-05,
                5.25812247361e-05,
                5.5564349168e-05,
                2.97210335702e-05,
                3.33376447088e-05,
                2.557908374e-05,
                1.32384166136e-05,
                1.09702714326e-05,
                1.37258393806e-05,
                1.0844892131e-05,
                8.6495801952e-06,
