{
    "lowlevel": {
        "average_loudness": 0.913344442844,
        "barkbands": {
            "dmean": [
                0.000144712030306,
                0.00364400190301,
                0.00164890533779,
                0.000802058842964,
                0.00207899673842,
                0.00121795211453,
                0.000912522140425,
                0.000607956026215,
                0.000673709029797,
                0.000363279599696,
                0.000413132220274,
                0.000356315431418,
                0.000357728247764,
                0.000449164479505,
                0.000274750636891,
                0.000333993055392,
                0.000268457486527,
                0.00019945364329,
                0.000208354511415,
                0.000252798519796,
                0.00016095826868,
                0.000137549941428,
                8.65902911755e-05,
                6.70692679705e-05,
                6.44186147838e-05,
                4.24457030022e-05,
                5.23119342688e-06
            ],
            "dmean2": [
                0.000214045605389,
                0.00627741077915,
                0.00278391665779,
                0.0014092461206,
                0.00329517386854,
                0.00188037974294,
                0.00139791879337,
                0.000917026307434,
                0.000981703517027,
                0.000559153675567,
                0.000614374293946,
                0.000548295152839,
                0.000546423078049,
                0.000717662740499,
                0.000432022294262,
                0.000536201230716,
                0.000436644506408,
                0.000324666179949,
                0.000349450128851,
                0.000404856778914,
                0.00026285884087,
                0.000224628180149,
                0.000136245507747,
                0.000101197554613,
                9.32668554015e-05,
                5.99684935878e-05,
                8.19245269668e-06
            ],
            "dvar": [
                1.47126911543e-07,
                0.000119040421851,
                1.22850315165e-05,
                2.91837818622e-06,
                2.43670529017e-05,
                3.97526309825e-06,
                4.17823684984e-06,
                2.2005244773e-06,
                1.5601837049e-06,
                6.96851600424e-07,
                1.0695872561e-06,
                8.86189184257e-07,
                6.48937600545e-07,
                8.02958993518e-07,
                3.63119823987e-07,
                6.58306703372e-07,
                3.03527372125e-07,
                1.47863957523e-07,
                1.70861937931e-07,
                2.11808014683e-07,
                1.02482083264e-07,
                1.21749692994e-07,
                3.45616335551e-08,
                2.98997306913e-08,
                2.86387784598e-08,
                2.22624585433e-08,
                4.52408138729e-10
            ],
            "dvar2": [
                2.69081510851e-07,
                0.000328863010509,
                3.32372510456e-05,
                8.23938262329e-06,
                5.66110538784e-05,
                9.56330131885e-06,
                9.10776452656e-06,
                4.866351901e-06,
                3.15784245686e-06,
                1.55974066729e-06,
                2.21807181333e-06,
                2.01238526643e-06,
                1.45149329001e-06,
                1.94757421923e-06,
                8.53574533721e-07,
                1.63032200362e-06,
                7.248008842e-07,
                3.68247441429e-07,
                4.42407468881e-07,
                5.28232249053e-07,
                2.56886124816e-07,
                3.1775684306e-07,
                7.4440094977e-08,
                6.14759372297e-08,
                5.3708177461e-08,
                3.73534554399e-08,
                9.62504964619e-10
            ],
            "max": [
                0.00654442515224,
                0.109732910991,
                0.0629951283336,
                0.0420254170895,
                0.0977275967598,
                0.0418731570244,
                0.0394724085927,
                0.0304721295834,
                0.036897663027,
                0.0242439415306,
                0.0370034128428,
                0.0301806833595,
                0.0200984645635,
                0.0150733161718,
                0.0147432992235,
                0.0257478579879,
                0.0124580767006,
                0.00833539385349,
                0.00968201085925,
                0.00954538490623,
                0.00580666773021,
                0.00739299552515,
                0.00417764903978,
                0.0048068263568,
                0.003693907056,
                0.00486308243126,
                0.000572794349864
            ],
            "mean": [
                0.000225779949687,
                0.00433507515118,
                0.00321822240949,
                0.00113976816647,
                0.00342572340742,
                0.00313576101325,
                0.00191323994659,
                0.000989960273728,
                0.00153021002188,
                0.000679425778799,
                0.000807713251561,
                0.000631393981166,
                0.000691756955348,
                0.000816881132778,
                0.000454471650301,
                0.000587849877775,
                0.000500424182974,
                0.000362620077794,
                0.000389590364648,
                0.000518880609889,
                0.000305848545395,
                0.000235741623328,
                0.000178909642273,
                0.000134759917273,
                0.000124604252051,
                7.42196207284e-05,
                7.25568770577e-06
            ],
            "median": [
                2.00843714993e-05,
                0.0012443154119,
                0.00206643971615,
                0.000639108475298,
                0.00153756584041,
                0.00208670133725,
                0.000737122958526,
                0.000327590852976,
                0.000747899641283,
                0.000260133150732,
                0.000195713393623,
                0.000201779563213,
                0.000232381658861,
                0.000265060691163,
                0.000157176618814,
                0.000229775061598,
                0.000228232762311,
                0.000210813755984,
                0.000212009239476,
                0.000291028700303,
                0.000179556387593,
                0.000118361640489,
                0.00010284948803,
                6.32064329693e-05,
                5.15527717653e-05,
                1.79110156751e-05,
                1.0673363704e-06
            ],
            "min": [
                1.3546468362e-24,
                6.89400217885e-24,
                1.44500464061e-24,
                3.27879208139e-24,
                2.7958716695e-23,
                4.60267237593e-23,
                3.7711416688e-23,
                3.06294810203e-23,
                2.50147761491e-23,
                4.87104317143e-23,
                2.40610922241e-23,
                4.26837552795e-23,
                5.21857174115e-23,
                1.15177857348e-22,
                1.06369297641e-22,
                1.34437157975e-22,
                1.73768651993e-22,
                2.45573207589e-22,
                1.79722847888e-22,
                2.63449679225e-22,
                3.43015729982e-22,
                4.09095288486e-22,
                5.75305327721e-22,
                7.17946020643e-22,
                1.14788303949e-21,
                1.32483274468e-21,
                2.13492509017e-21
            ],
            "var": [
                4.68510506835e-07,
                8.99485457921e-05,
                1.73366097442e-05,
                2.78513152807e-06,
                3.54471994797e-05,
                1.18846082842e-05,
                1.37625875141e-05,
                4.47358479505e-06,
                6.14765940554e-06,
                1.71721012521e-06,
                3.78113531951e-06,
                2.40966755882e-06,
                1.7614971739e-06,
                2.25644589591e-06,
                7.74014210947e-07,
                1.328285407e-06,
                7.21924266145e-07,
                2.77106124713e-07,
                3.22986466017e-07,
                4.70252416562e-07,
                1.85073972148e-07,
                1.65867021451e-07,
                8.05759157174e-08,
                7.63236371881e-08,
                8.26284107802e-08,
                7.33187874857e-08,
                9.73782277036e-10
            ]
        },
        "barkbands_crest": {
            "dmean": 2.39832258224,
            "dmean2": 3.91642165184,
            "dvar": 6.94041538239,
            "dvar2": 18.7258796692,
            "max": 24.878911972,
            "mean": 9.45956134796,
            "median": 8.55393981934,
            "min": 2.31113266945,
            "var": 17.3878898621
        },
        "barkbands_flatness_db": {
            "dmean": 0.0183754116297,
            "dmean2": 0.0280811022967,
            "dvar": 0.000464743206976,
            "dvar2": 0.00105295469984,
            "max": 0.423346728086,
            "mean": 0.119808383286,
            "median": 0.105085626245,
            "min": 0.0235188845545,
            "var": 0.00329847517423
        },
        "barkbands_kurtosis": {
            "dmean": 2.15199017525,
            "dmean2": 3.40907883644,
            "dvar": 19.5134487152,
            "dvar2": 48.8625717163,
            "max": 109.121673584,
            "mean": 3.33215999603,
            "median": 1.32984626293,
            "min": -1.89675557613,
            "var": 41.4242515564
        },
        "barkbands_skewness": {
            "dmean": 0.457020968199,
            "dmean2": 0.696186304092,
            "dvar": 0.30742919445,
            "dvar2": 0.729610264301,
            "max": 9.1344833374,
            "mean": 1.43865299225,
            "median": 1.30607831478,
            "min": -3.37356352806,
            "var": 1.23603630066
        },
        "barkbands_spread": {
            "dmean": 5.46843194962,
            "dmean2": 8.36799812317,
            "dvar": 50.3959007263,
            "dvar2": 105.147369385,
            "max": 111.57144165,
            "mean": 25.0003547668,
            "median": 23.0069313049,
            "min": 1.45849108696,
            "var": 222.534454346
        },
        "dissonance": {
            "dmean": 0.0160970501602,
            "dmean2": 0.026493312791,
            "dvar": 0.000289384508505,
            "dvar2": 0.000754653126933,
            "max": 0.499999970198,
            "mean": 0.461379647255,
            "median": 0.470058202744,
            "min": 0.161027699709,
            "var": 0.000908147951122
        },
        "dynamic_complexity": 2.69971752167,
        "erbbands": {
            "dmean": [
                0.0880654752254,
                0.887310802937,
                1.95362019539,
                2.20068573952,
                5.61536502838,
                7.0703086853,
                7.0868229866,
                10.8854427338,
                11.5513982773,
                14.9790410995,
                12.0804052353,
                16.2904586792,
                10.7852306366,
                10.5554227829,
                15.9852685928,
                12.3555326462,
                15.9359273911,
                15.7584571838,
                19.8364524841,
                15.9763422012,
                17.8925628662,
                14.7998113632,
                10.4914369583,
                9.87374973297,
                10.6565141678,
                12.0837812424,
                8.18337059021,
                5.7940621376,
                5.20464038849,
                3.32915830612,
                2.39031839371,
                1.72056889534,
                0.990302443504,
                0.729201257229,
                0.487902313471,
                0.245042026043,
                0.0667461454868,
                0.0117003824562,
                0.00085359509103,
                2.87483617285e-05
            ],
            "dmean2": [
                0.143997654319,
                1.55975234509,
                3.32054591179,
                3.77763819695,
                9.18806362152,
                11.331032753,
                11.3232316971,
                16.5137500763,
                18.0276069641,
                22.4461212158,
                17.7560310364,
                23.3883895874,
                16.2688465118,
                15.9959459305,
                23.7907466888,
                19.130859375,
                24.2000160217,
                24.536945343,
                31.855222702,
                25.4659423828,
                28.6777420044,
                24.0103855133,
                16.8958530426,
                16.4763126373,
                17.6045970917,
                19.4814090729,
                13.1743774414,
                9.52083683014,
                8.54234600067,
                5.3015961647,
                3.75959467888,
                2.62976098061,
                1.49122679234,
                1.08531236649,
                0.710073113441,
                0.346657067537,
                0.0964971780777,
                0.0171684287488,
                0.00133988412563,
                4.34943322034e-05
            ],
            "dvar": [
                0.0657525882125,
                7.01584243774,
                17.0159187317,
                22.6119537354,
                200.940704346,
                275.471557617,
                200.038040161,
                338.941558838,
                872.059875488,
                1271.32580566,
                894.10333252,
                1043.28393555,
                598.317993164,
                546.839172363,
                1335.85986328,
                973.060668945,
                1269.71362305,
                1010.59716797,
                1597.93981934,
                1365.52160645,
                2201.45092773,
                971.563110352,
                406.006134033,
                399.443634033,
                495.999359131,
                477.161682129,
                258.272277832,
                172.762741089,
                183.50932312,
                48.2261886597,
                29.6278209686,
                19.087272644,
                6.94298934937,
                3.79963469505,
                1.77114570141,
                0.777006089687,
                0.0566213987768,
                0.00183925137389,
                1.29960208142e-05,
                8.50444514811e-09
            ],
            "dvar2": [
                0.168815329671,
                19.6565265656,
                45.8187637329,
                62.0754432678,
                473.179077148,
                668.651794434,
                471.804199219,
                797.644042969,
                1950.31555176,
                2804.88012695,
                1909.78894043,
                2018.25268555,
                1298.51611328,
                1226.53735352,
                2755.28735352,
                2273.31762695,
                2765.22094727,
                2330.67651367,
                3889.87182617,
                3274.37036133,
                5527.71386719,
                2259.11767578,
                983.397216797,
                1021.01190186,
                1267.58398438,
                1178.45288086,
                657.584411621,
                445.265350342,
                482.179718018,
                113.0286026,
                64.7378692627,
                40.9620132446,
                14.4312086105,
                7.6169462204,
                3.29337596893,
                1.33813607693,
                0.101375602186,
                0.0034097507596,
                2.85337628156e-05,
                1.83697324019e-08
            ],
            "max": [
                3.6766474247,
                23.641450882,
                56.4675331116,
                113.012588501,
                294.740844727,
                249.268310547,
                289.752319336,
                422.151702881,
                690.43170166,
                785.350402832,
                849.835449219,
                1064.76135254,
                859.805908203,
                615.16192627,
                1222.05395508,
                921.401550293,
                952.596740723,
                739.010498047,
                661.565917969,
                909.881530762,
                1760.43994141,
                884.586120605,
                449.511230469,
                493.356811523,
                686.444152832,
                464.693054199,
                270.620330811,
                311.599395752,
                273.800384521,
                136.476928711,
                125.11177063,
                113.11239624,
                79.82472229,
                49.2506065369,
                31.7748851776,
                30.6444759369,
                8.14248943329,
                1.45462918282,
                0.0955093279481,
                0.00268064788543
            ],
            "mean": [
                0.104027099907,
                1.04537725449,
                3.63801074028,
                3.78745484352,
                7.99701309204,
                11.5782012939,
                15.9202318192,
                28.8305130005,
                25.5410270691,
                29.8391189575,
                24.2184505463,
                36.0139312744,
                22.7279968262,
                23.2036857605,
                32.3242263794,
                24.7186107635,
                33.7697105408,
                32.2711334229,
                35.2619590759,
                28.535194397,
                33.4411468506,
                29.4709453583,
                20.9740982056,
                18.8020324707,
                21.1189899445,
                24.9657306671,
                15.9851837158,
                10.5232982635,
                8.50838851929,
                6.66122913361,
                4.85968208313,
                3.48468637466,
                1.89900302887,
                1.38005053997,
                0.892220377922,
                0.422827273607,
                0.113841861486,
                0.0192782040685,
                0.00114612397738,
                6.43410749035e-05
            ],
            "median": [
                0.0191831383854,
                0.387503117323,
                2.24611258507,
                2.59256792068,
                3.42103409767,
                4.97271108627,
                9.36543655396,
                18.930305481,
                10.4235162735,
                12.3192281723,
                9.76838779449,
                16.753364563,
                10.3642225266,
                9.06659412384,
                9.98007965088,
                8.85874271393,
                12.4166679382,
                11.3704156876,
                13.4388141632,
                10.6386899948,
                13.3879537582,
                14.0213499069,
                12.1907091141,
                11.9673156738,
                10.8015127182,
                14.3186225891,
                9.43293190002,
                5.84743833542,
                4.20061302185,
                3.76551008224,
                2.77284884453,
                1.7371391058,
                0.832473099232,
                0.59979146719,
                0.321001708508,
                0.113583892584,
                0.0246472992003,
                0.00419953884557,
                0.00016554800095,
                4.01857214456e-05
            ],
            "min": [
                2.06144096767e-22,
                1.81563519126e-21,
                2.24936621454e-21,
                7.22025277182e-21,
                5.68499004529e-20,
                7.3300862013e-20,
                2.63150839025e-19,
                3.8823174043e-19,
                2.73468779793e-19,
                7.27505090246e-19,
                8.77383548097e-19,
                6.77220677412e-19,
                1.37017226212e-18,
                1.10923700052e-18,
                1.28840897409e-18,
                1.68369160206e-18,
                2.3579631221e-18,
                4.54658334765e-18,
                4.99057874529e-18,
                8.01550669427e-18,
                8.80935854558e-18,
                1.27497880763e-17,
                1.20570772528e-17,
                9.2326707056e-18,
                9.19213141096e-18,
                1.1737202374e-17,
                1.17730275664e-17,
                1.6486033863e-17,
                1.59267075677e-17,
                1.62722440706e-17,
                1.77291804445e-17,
                1.64802866121e-17,
                1.2932239304e-17,
                1.06923177504e-17,
                8.20428668085e-18,
                5.27833585524e-18,
                2.60551325722e-18,
                1.06100596016e-18,
                3.03896566927e-19,
                3.20474649345e-20
            ],
            "var": [
                0.0728347152472,
                4.92845487595,
                21.4182033539,
                24.1705036163,
                251.173599243,
                425.513214111,
                453.034942627,
                1049.42578125,
                3030.99438477,
                3184.01342773,
                2291.42773438,
                3859.14233398,
                1619.86816406,
                1732.86206055,
                4790.77441406,
                2635.77563477,
                3964.2421875,
                3281.37060547,
                3571.31079102,
                3188.00976563,
                4364.99609375,
                2581.08544922,
                892.490478516,
                663.811584473,
                994.133666992,
                1093.37585449,
                455.649200439,
                273.241271973,
                230.779983521,
                104.081871033,
                63.8170051575,
                47.0006103516,
                16.2658100128,
                9.47217273712,
                5.08900547028,
                2.3710668087,
                0.172297239304,
                0.00477728992701,
                2.58047002717e-05,
                1.79562018587e-08
            ]
        },
        "erbbands_crest": {
            "dmean": 2.35377931595,
            "dmean2": 3.70654129982,
            "dvar": 5.55681324005,
            "dvar2": 13.1562757492,
            "max": 31.0467414856,
            "mean": 8.90043735504,
            "median": 7.84780311584,
            "min": 2.1318757534,
            "var": 18.6190853119
        },
        "erbbands_flatness_db": {
            "dmean": 0.0151484357193,
            "dmean2": 0.0211387649179,
            "dvar": 0.000285491696559,
            "dvar2": 0.000504864379764,
            "max": 0.37501347065,
            "mean": 0.14739844203,
            "median": 0.139242559671,
            "min": 0.0364544615149,
            "var": 0.00230871350504
        },
        "erbbands_kurtosis": {
            "dmean": 0.729286372662,
            "dmean2": 1.12235605717,
            "dvar": 1.44609236717,
            "dvar2": 3.25832080841,
            "max": 32.9411888123,
            "mean": 0.242952302098,
            "median": -0.28631606698,
            "min": -1.77046024799,
            "var": 3.8091366291
        },
        "erbbands_skewness": {
            "dmean": 0.309453368187,
            "dmean2": 0.463518977165,
            "dvar": 0.10862325877,
            "dvar2": 0.227513000369,
            "max": 5.21211862564,
            "mean": 0.294025540352,
            "median": 0.257409781218,
            "min": -3.24778342247,
            "var": 0.594430327415
        },
        "erbbands_spread": {
            "dmean": 7.53566837311,
            "dmean2": 11.1712837219,
            "dvar": 69.7289581299,
            "dvar2": 149.170639038,
            "max": 133.970657349,
            "mean": 41.4876670837,
            "median": 38.502117157,
            "min": 2.73757004738,
            "var": 342.757110596
        },
        "gfcc": {
            "cov": [
                [
                    10734.8945313,
                    -1235.42224121,
                    100.657142639,
                    957.944335938,
                    -334.051055908,
                    718.621337891,
                    -207.049957275,
                    430.908050537,
                    -118.040534973,
                    128.881759644,
                    -339.773010254,
                    53.67918396,
                    -226.646606445
                ],
                [
                    -1235.42224121,
                    1361.95715332,
                    -253.395828247,
                    -191.209625244,
                    255.824935913,
                    -163.477920532,
                    178.93170166,
                    -88.526802063,
                    183.087631226,
                    -40.5438346863,
                    194.404663086,
                    -8.9796295166,
                    126.397285461
                ],
                [
                    100.657142639,
                    -253.395828247,
                    855.021789551,
                    268.89239502,
                    84.9614639282,
                    160.955841064,
                    43.1496009827,
                    164.782989502,
                    25.4534645081,
                    76.7031097412,
                    -74.5317611694,
                    53.4704055786,
                    -62.3187332153
                ],
                [
                    957.944335938,
                    -191.209625244,
                    268.89239502,
                    566.519042969,
                    56.7467002869,
                    180.901062012,
                    25.5663223267,
                    93.0727005005,
                    70.454750061,
                    15.8460464478,
                    -45.2895736694,
                    21.5910243988,
                    -33.1190452576
                ],
                [
                    -334.051055908,
                    255.824935913,
                    84.9614639282,
                    56.7467002869,
                    284.530578613,
                    56.5747108459,
                    104.538223267,
                    44.7990722656,
                    87.2825164795,
                    22.2585830688,
                    41.4187049866,
                    20.6562137604,
                    36.8295555115
                ],
                [
                    718.621337891,
                    -163.477920532,
                    160.955841064,
                    180.901062012,
                    56.5747108459,
                    327.214599609,
                    101.247741699,
                    80.2573699951,
                    -15.6675758362,
                    31.9392547607,
                    -11.5937633514,
                    3.31986761093,
                    -39.4030380249
                ],
                [
                    -207.049957275,
                    178.93170166,
                    43.1496009827,
                    25.5663223267,
                    104.538223267,
                    101.247741699,
                    224.43951416,
                    43.0817489624,
                    36.8909301758,
                    25.4890098572,
                    53.7240409851,
                    5.03147554398,
                    3.27324533463
                ],
                [
                    430.908050537,
                    -88.526802063,
                    164.782989502,
                    93.0727005005,
                    44.7990722656,
                    80.2573699951,
                    43.0817489624,
                    189.529754639,
                    50.6189193726,
                    48.7617454529,
                    -16.3502674103,
                    10.2313127518,
                    -0.563733816147
                ],
                [
                    -118.040534973,
                    183.087631226,
                    25.4534645081,
                    70.454750061,
                    87.2825164795,
                    -15.6675758362,
                    36.8909301758,
                    50.6189193726,
                    175.715744019,
                    39.9595947266,
                    35.8337593079,
                    19.0443973541,
                    37.9007873535
                ],
                [
                    128.881759644,
                    -40.5438346863,
                    76.7031097412,
                    15.8460464478,
                    22.2585830688,
                    31.9392547607,
                    25.4890098572,
                    48.7617454529,
                    39.9595947266,
                    109.452110291,
                    33.2068748474,
                    12.8414039612,
                    0.866358041763
                ],
                [
                    -339.773010254,
                    194.404663086,
                    -74.5317611694,
                    -45.2895736694,
                    41.4187049866,
                    -11.5937633514,
                    53.7240409851,
                    -16.3502674103,
                    35.8337593079,
                    33.2068748474,
                    143.073272705,
                    31.5894489288,
                    47.4502334595
                ],
                [
                    53.67918396,
                    -8.9796295166,
                    53.4704055786,
                    21.5910243988,
                    20.6562137604,
                    3.31986761093,
                    5.03147554398,
                    10.2313127518,
                    19.0443973541,
                    12.8414039612,
                    31.5894489288,
                    86.8940887451,
                    37.6471786499
                ],
                [
                    -226.646606445,
                    126.397285461,
                    -62.3187332153,
                    -33.1190452576,
                    36.8295555115,
                    -39.4030380249,
                    3.27324533463,
                    -0.563733816147,
                    37.9007873535,
                    0.866358041763,
                    47.4502334595,
                    37.6471786499,
                    99.1288757324
                ]
            ],
            "icov": [
                [
                    0.000185344004421,
                    -9.98157847789e-05,
                    0.000263475085376,
                    -0.000266872550128,
                    0.000215605236008,
                    -0.000357608892955,
                    0.000286221096758,
                    -0.00042756088078,
                    0.000206430297112,
                    -0.000364116247511,
                    0.00042308610864,
                    -0.000502200622577,
                    0.00030584394699
                ],
                [
                    -9.98157847789e-05,
                    0.00175677251536,
                    -0.000190746635781,
                    0.000494515174069,
                    -0.00105065689422,
                    0.000822013884317,
                    -0.00110780389514,
                    0.000883741187863,
                    -0.00147620530333,
                    0.0015583721688,
                    -0.00171758444048,
                    0.00150815292727,
                    -0.000864054076374
                ],
                [
                    0.000263475085376,
                    -0.000190746635781,
                    0.00230542267673,
                    -0.000898037978914,
                    -0.000205104166525,
                    -0.000531476456672,
                    0.000386697065551,
                    -0.00159107462969,
                    0.000747715996113,
                    -0.00154977664351,
                    0.00163139612414,
                    -0.00240815314464,
                    0.00169937917963
                ],
                [
                    -0.000266872550128,
                    0.000494515174069,
                    -0.000898037978914,
                    0.00318001559936,
                    -0.00044768609223,
                    -0.000819291628432,
                    -7.93223953224e-05,
                    0.000608971342444,
                    -0.00216198759153,
                    0.00164317362942,
                    -0.000549235497601,
                    0.000481325347209,
                    -3.73185548597e-06
                ],
                [
                    0.000215605236008,
                    -0.00105065689422,
                    -0.000205104166525,
                    -0.00044768609223,
                    0.00595162715763,
                    -0.00128331617452,
                    -0.00091052625794,
                    -0.000685525825247,
                    -0.00101961079054,
                    -0.000573155703023,
                    0.00101061025634,
                    -0.000913266499992,
                    -0.000883112894371
                ],
                [
                    -0.000357608892955,
                    0.000822013884317,
                    -0.000531476456672,
                    -0.000819291628432,
                    -0.00128331617452,
                    0.00610944256186,
                    -0.00287469057366,
                    -0.000103831647721,
                    0.00114815426059,
                    0.00023233484535,
                    -0.00124420470092,
                    0.0011470495956,
                    0.000244900613325
                ],
                [
                    0.000286221096758,
                    -0.00110780389514,
                    0.000386697065551,
                    -7.93223953224e-05,
                    -0.00091052625794,
                    -0.00287469057366,
                    0.00788414571434,
                    -0.00180933135562,
                    0.000470795523142,
                    -0.000748374324758,
                    -0.00117095001042,
                    -0.000819831737317,
                    0.00190694071352
                ],
                [
                    -0.00042756088078,
                    0.000883741187863,
                    -0.00159107462969,
                    0.000608971342444,
                    -0.000685525825247,
                    -0.000103831647721,
                    -0.00180933135562,
                    0.00926069077104,
                    -0.00270684761927,
                    -0.00101935921703,
                    0.000360417674528,
                    0.00205356045626,
                    -0.00248395348899
                ],
                [
                    0.000206430297112,
                    -0.00147620530333,
                    0.000747715996113,
                    -0.00216198759153,
                    -0.00101961079054,
                    0.00114815426059,
                    0.000470795523142,
                    -0.00270684761927,
                    0.0104891965166,
                    -0.00401707366109,
                    0.00105828174856,
                    -0.00134098646231,
                    -0.00106634444091
                ],
                [
                    -0.000364116247511,
                    0.0015583721688,
                    -0.00154977664351,
                    0.00164317362942,
                    -0.000573155703023,
                    0.00023233484535,
                    -0.000748374324758,
                    -0.00101935921703,
                    -0.00401707366109,
                    0.0147203542292,
                    -0.00594370672479,
                    0.00180847453885,
                    0.000644844549242
                ],
                [
                    0.00042308610864,
                    -0.00171758444048,
                    0.00163139612414,
                    -0.000549235497601,
                    0.00101061025634,
                    -0.00124420470092,
                    -0.00117095001042,
                    0.000360417674528,
                    0.00105828174856,
                    -0.00594370672479,
                    0.0139692369848,
                    -0.00506213633344,
                    -0.00194668897893
                ],
                [
                    -0.000502200622577,
                    0.00150815292727,
                    -0.00240815314464,
                    0.000481325347209,
                    -0.000913266499992,
                    0.0011470495956,
                    -0.000819831737317,
                    0.00205356045626,
                    -0.00134098646231,
                    0.00180847453885,
                    -0.00506213633344,
                    0.018520263955,
                    -0.0077039655298
                ],
                [
                    0.00030584394699,
                    -0.000864054076374,
                    0.00169937917963,
                    -3.73185548597e-06,
                    -0.000883112894371,
                    0.000244900613325,
                    0.00190694071352,
                    -0.00248395348899,
                    -0.00106634444091,
                    0.000644844549242,
                    -0.00194668897893,
                    -0.0077039655298,
                    0.0175640489906
                ]
            ],
            "mean": [
                13.1071214676,
                81.0791168213,
                -117.445709229,
                29.2063274384,
                -62.8195838928,
                5.32284832001,
                -41.9004631042,
                6.7519402504,
                -27.3389549255,
                6.78350162506,
                -16.6727333069,
                0.255550920963,
                -11.6765708923
            ]
        },
        "hfc": {
            "dmean": 6.42352294922,
            "dmean2": 9.69294643402,
            "dvar": 116.834960938,
            "dvar2": 270.486358643,
            "max": 156.8387146,
            "mean": 25.0105838776,
            "median": 20.5967941284,
            "min": 1.1105385444e-16,
            "var": 403.034606934
        },
        "melbands": {
            "dmean": [
                0.000904249667656,
                0.00109321938362,
                0.000442845455837,
                0.000487245270051,
                0.000250855810009,
                0.000240377004957,
                0.000173745997017,
                0.0001573053014,
                0.000102919737401,
                9.60998149822e-05,
                5.59308646189e-05,
                4.49270992249e-05,
                6.23064042884e-05,
                3.91724024666e-05,
                3.92118381569e-05,
                3.46522938344e-05,
                3.13410564559e-05,
                3.98073716497e-05,
                2.07840330404e-05,
                2.02159808396e-05,
                2.44730108534e-05,
                1.67460548255e-05,
                1.26302566059e-05,
                9.74436625256e-06,
                8.50229844218e-06,
                8.2198803284e-06,
                9.46392174228e-06,
