{
    "lowlevel": {
        "average_loudness": 0.266351699829,
        "barkbands": {
            "dmean": [
                3.46456872649e-05,
                0.00142037821934,
                0.00110374239739,
                0.00147120968904,
                0.00141679984517,
                0.000559822365176,
                0.000675994786434,
                0.000534427701496,
                0.000858508516103,
                0.000285369518679,
                9.4389419246e-05,
                0.000133221270517,
                0.000222834656597,
                0.000250318378676,
                0.000203824180062,
                6.53067982057e-05,
                5.66644594073e-05,
                2.36668292928e-05,
                8.75776822795e-05,
                2.43612194026e-05,
                2.06248441827e-05,
                5.41661902389e-05,
                1.78926202352e-05,
                3.84562481486e-05,
                1.28031824715e-05,
                9.09529990167e-06,
                3.92249921788e-06
            ],
            "dmean2": [
                6.29970745649e-05,
                0.00226187775843,
                0.001908760285,
                0.0025361571461,
                0.00232629291713,
                0.000863562978338,
                0.0010098144412,
                0.000788557110354,
                0.00120881840121,
                0.000390652421629,
                0.000141433163662,
                0.000205576900044,
                0.000309330818709,
                0.000358467368642,
                0.000291028962238,
                9.74770082394e-05,
                8.09363409644e-05,
                3.6818884837e-05,
                0.000121901095554,
                3.76975513063e-05,
                2.97390888591e-05,
                7.83145951573e-05,
                2.77327726508e-05,
                5.79271800234e-05,
                1.89558213606e-05,
                1.44474724948e-05,
                6.32920136923e-06
            ],
            "dvar": [
                3.24638591565e-08,
                2.17420583795e-05,
                1.19294618344e-05,
                1.715777762e-05,
                1.25683955048e-05,
                1.27240400616e-06,
                2.39572909777e-06,
                2.90052980745e-06,
                7.90989452071e-06,
                9.84159896689e-07,
                1.557701097e-07,
                4.00327849093e-07,
                7.76332683472e-07,
                9.97244228529e-07,
                6.0253699985e-07,
                7.31819511657e-08,
                2.00122265426e-08,
                3.94934929204e-09,
                3.84510059348e-08,
                3.95248989093e-09,
                2.45615305872e-09,
                1.65713149869e-08,
                2.97580204922e-09,
                4.09229414799e-08,
                3.24380877714e-09,
                1.0689396035e-09,
                2.35650499114e-10
            ],
            "dvar2": [
                9.49590202026e-08,
                5.27330084878e-05,
                3.36824159604e-05,
                4.66215897177e-05,
                3.13685268338e-05,
                3.08354060508e-06,
                5.11361349709e-06,
                6.20301170784e-06,
                1.48335857375e-05,
                1.53499649969e-06,
                3.42231174955e-07,
                8.40359803078e-07,
                1.38956886531e-06,
                1.79322648819e-06,
                1.11843860395e-06,
                1.73802845893e-07,
                3.64187187074e-08,
                9.50603507022e-09,
                7.08393841364e-08,
                9.20916942704e-09,
                4.89300333584e-09,
                3.41566668283e-08,
                6.97522439808e-09,
                9.30183219339e-08,
                6.49158105048e-09,
                2.65897126539e-09,
                5.70565872327e-10
            ],
            "max": [
                0.00413125939667,
                0.0544013604522,
                0.069992788136,
                0.0633940026164,
                0.0670914575458,
                0.0210556983948,
                0.0302799865603,
                0.0575739368796,
                0.085920676589,
                0.0743968263268,
                0.0139836482704,
                0.0382925011218,
                0.0328110978007,
                0.0308440066874,
                0.0279891975224,
                0.0197341218591,
                0.00446121813729,
                0.00182284240145,
                0.00573292979971,
                0.00223822030239,
                0.00103896704968,
                0.00358120957389,
                0.00207517598756,
                0.0080773467198,
                0.00263727665879,
                0.0010716834804,
                0.000463384494651
            ],
            "mean": [
                3.19057689921e-05,
                0.00214136322029,
                0.00189887743909,
                0.00188433320727,
                0.00251027662307,
                0.00133010244463,
                0.00160059297923,
                0.00110706256237,
                0.00314510473981,
                0.000525172159541,
                0.000161095696967,
                0.00021462503355,
                0.000406100502005,
                0.000442358199507,
                0.000432998262113,
                0.000129345833557,
                0.000124757090816,
                4.04156926379e-05,
                0.000188272984815,
                3.99280033889e-05,
                4.20823598688e-05,
                0.000134751346195,
                2.95680056297e-05,
                6.20309365331e-05,
                1.85396766028e-05,
                1.00668185041e-05,
                3.6258190903e-06
            ],
            "median": [
                3.03444790006e-06,
                0.000820794492029,
                0.000735652516596,
                0.000671849760693,
                0.00119544891641,
                0.000633634626865,
                0.000390568282455,
                0.000143449753523,
                0.000183624622878,
                0.000128944375319,
                2.13217899727e-05,
                4.80794624309e-05,
                3.25993787555e-05,
                3.01651416521e-05,
                3.66997846868e-05,
                3.32460185746e-05,
                2.14847841562e-05,
                1.31421766127e-05,
                4.12663648603e-05,
                1.08316417027e-05,
                4.72047713629e-06,
                1.72887448571e-05,
                4.83576923216e-06,
                1.02246194729e-05,
                2.69216411652e-06,
                1.1877043562e-06,
                6.02956902185e-08
            ],
            "min": [
                3.51806325749e-24,
                2.63939479806e-23,
                1.48035791539e-23,
                3.00326257039e-23,
                2.67885866925e-23,
                5.49592008929e-23,
                8.24985749079e-23,
                1.62116027842e-23,
                9.05652519545e-23,
                1.88546086719e-22,
                9.07104276047e-23,
                5.90743726911e-23,
                5.7151754582e-23,
                3.54451259613e-22,
                1.46027506291e-22,
                9.54393142544e-23,
                1.95584909561e-22,
                1.47188356134e-22,
                2.61870821455e-22,
                3.29976629147e-22,
                4.61390026475e-22,
                5.13978599373e-22,
                8.25845380274e-22,
                8.64014383619e-22,
                1.0296736591e-21,
                1.82641176329e-21,
                2.52725043275e-21
            ],
            "var": [
                1.91005256056e-08,
                2.19905850827e-05,
                1.18256957649e-05,
                1.52640132001e-05,
                1.69504728547e-05,
                3.47733885064e-06,
                1.08924914457e-05,
                1.13495643745e-05,
                0.000103641177702,
                4.02683645007e-06,
                3.70586434428e-07,
                6.85761960995e-07,
                2.74463741334e-06,
                3.39272310157e-06,
                2.07692278309e-06,
                1.41971909784e-07,
                7.22372135442e-08,
                6.73318334421e-09,
                1.41063722481e-07,
                8.17180811907e-09,
                9.90906734444e-09,
                9.67791109474e-08,
                5.29288568529e-09,
                7.50840953856e-08,
                6.198193514e-09,
                1.01646369099e-09,
                2.20006027285e-10
            ]
        },
        "barkbands_crest": {
            "dmean": 2.09395503998,
            "dmean2": 3.31318736076,
            "dvar": 4.3596329689,
            "dvar2": 10.8928508759,
            "max": 26.2835140228,
            "mean": 11.2374382019,
            "median": 10.3709640503,
            "min": 2.88980150223,
            "var": 17.2340602875
        },
        "barkbands_flatness_db": {
            "dmean": 0.0214112531394,
            "dmean2": 0.0307272188365,
            "dvar": 0.000495058076922,
            "dvar2": 0.0010015827138,
            "max": 0.425885170698,
            "mean": 0.194858253002,
            "median": 0.183774083853,
            "min": 0.0393362008035,
            "var": 0.0044201053679
        },
        "barkbands_kurtosis": {
            "dmean": 3.79753541946,
            "dmean2": 5.9531378746,
            "dvar": 40.7134094238,
            "dvar2": 99.7922897339,
            "max": 113.679176331,
            "mean": 8.54064846039,
            "median": 5.39631032944,
            "min": -1.95266330242,
            "var": 121.730262756
        },
        "barkbands_skewness": {
            "dmean": 0.511076927185,
            "dmean2": 0.774196207523,
            "dvar": 0.35424593091,
            "dvar2": 0.799853444099,
            "max": 9.9388923645,
            "mean": 2.00916314125,
            "median": 1.92055439949,
            "min": -8.93647861481,
            "var": 1.76419627666
        },
        "barkbands_spread": {
            "dmean": 3.6626162529,
            "dmean2": 5.45225429535,
            "dvar": 41.6061897278,
            "dvar2": 90.1011810303,
            "max": 149.567779541,
            "mean": 13.0189409256,
            "median": 10.1407270432,
            "min": 0.510457932949,
            "var": 156.417236328
        },
        "dissonance": {
            "dmean": 0.0298410542309,
            "dmean2": 0.0492619127035,
            "dvar": 0.000802181370091,
            "dvar2": 0.00212983833626,
            "max": 0.499999910593,
            "mean": 0.415578752756,
            "median": 0.424602746964,
            "min": 0.129391282797,
            "var": 0.00251924572513
        },
        "dynamic_complexity": 5.10089969635,
        "erbbands": {
            "dmean": [
                0.0322215184569,
                0.358076810837,
                1.12267303467,
                3.11246967316,
                6.0385890007,
                4.16876316071,
                3.40268564224,
                5.21357774734,
                9.22847175598,
                9.32236003876,
                13.6119813919,
                18.1117019653,
                15.7361402512,
                8.16445541382,
                3.83528232574,
                5.22050666809,
                7.35864543915,
                11.7159605026,
                10.5102767944,
                6.18295907974,
                3.16024231911,
                2.98405623436,
                1.19954013824,
                2.50639152527,
                4.43630838394,
                0.961330771446,
                0.695148408413,
                0.98076826334,
                2.22400951385,
                1.0708937645,
                0.412447452545,
                0.541433393955,
                0.76853877306,
                0.217315450311,
                0.0652847066522,
                0.0386084578931,
                0.016932092607,
                0.004191998858,
                0.000630106776953,
                4.65225639346e-05
            ],
            "dmean2": [
                0.0503506325185,
                0.576393902302,
                1.93274140358,
                5.38993740082,
                10.0706586838,
                6.98921298981,
                5.41089105606,
                7.93366289139,
                14.1289920807,
                12.7777767181,
                20.0044803619,
                24.76811409,
                20.0293140411,
                11.2049226761,
                5.85549736023,
                7.79448986053,
                10.2931365967,
                16.299621582,
                14.5164604187,
                8.53254032135,
                4.54108762741,
                4.17703008652,
                1.71994280815,
                3.58210253716,
                6.19491529465,
                1.41119909286,
                1.03275465965,
                1.40122723579,
                3.22619438171,
                1.60595738888,
                0.629689455032,
                0.820623874664,
                1.17347562313,
                0.321324825287,
                0.0995742157102,
                0.0615656375885,
                0.0269908737391,
                0.00669074244797,
                0.00102383608464,
                7.38955423003e-05
            ],
            "dvar": [
                0.0121671138331,
                1.37159788609,
                13.398443222,
                71.9827880859,
                333.880371094,
                79.4251937866,
                63.0400466919,
                120.649436951,
                420.09173584,
                607.364013672,
                2263.82739258,
                3847.51342773,
                3158.73095703,
                890.836242676,
                207.139968872,
                852.48840332,
                705.736938477,
                2442.20214844,
                1630.06518555,
                667.525512695,
                76.7364425659,
                61.3253822327,
                7.76210403442,
                34.6514511108,
                104.208068848,
                5.49626350403,
                2.93600726128,
                5.68038320541,
                32.3114776611,
                5.95473623276,
                1.8730199337,
                5.21284723282,
                20.2470645905,
                1.38756775856,
                0.055033184588,
                0.0210898220539,
                0.0040385145694,
                0.000258148676949,
                5.99103213972e-06,
                2.82960375131e-08
            ],
            "dvar2": [
                0.0291601400822,
                3.38846945763,
                37.4380531311,
                200.418838501,
                827.359008789,
                216.677093506,
                163.106338501,
                280.476196289,
                968.69909668,
                1054.71923828,
                4919.23974609,
                6496.62402344,
                5026.61083984,
                1456.58422852,
                505.519439697,
                1669.30236816,
                1173.65759277,
                4430.33105469,
                2957.859375,
                1251.64501953,
                139.769805908,
                108.701034546,
                15.8587751389,
                66.8195114136,
                201.451126099,
                12.4144859314,
                6.38020849228,
                11.2998428345,
                66.7470016479,
                13.0926456451,
                4.37590122223,
                12.0806245804,
                47.2693138123,
                2.78084897995,
                0.122312694788,
                0.0547564998269,
                0.00993768218905,
                0.000622980878688,
                1.47856499098e-05,
                6.79484273292e-08
            ],
            "max": [
                1.43618619442,
                14.2749567032,
                56.7451438904,
                123.720474243,
                328.21282959,
                157.846420288,
                237.501785278,
                237.665588379,
                509.999389648,
                777.354309082,
                1675.93823242,
                1987.74523926,
                1918.39111328,
                2206.40014648,
                521.817321777,
                1972.70117188,
                1490.41333008,
                1693.359375,
                1879.91516113,
                1371.88879395,
                433.424591064,
                281.07824707,
                89.3109054565,
                139.368896484,
                245.49041748,
                99.4153671265,
                75.8411941528,
                64.0895843506,
                164.248062134,
                69.1580963135,
                44.1336593628,
                100.518333435,
                169.823410034,
                57.8393859863,
                7.17751073837,
                5.73484134674,
                2.7567987442,
                0.569079756737,
                0.0739149302244,
                0.00440335134044
            ],
            "mean": [
                0.0471171960235,
                0.546430766582,
                1.96025621891,
                4.58723688126,
                8.33243465424,
                7.76017427444,
                7.74054861069,
                12.2155351639,
                21.7121505737,
                21.1371612549,
                29.0213794708,
                56.4330673218,
                53.5141944885,
                15.6001577377,
                7.44017744064,
                8.83741950989,
                16.1042442322,
                25.1955871582,
                23.4430122375,
                14.4406881332,
                7.64933586121,
                6.76062917709,
                2.7476849556,
                5.17774772644,
                9.51404285431,
                2.01409816742,
                1.37202692032,
                2.23410797119,
                5.34878826141,
                2.5390651226,
                0.714232385159,
                0.908681929111,
                1.17116749287,
                0.331227958202,
                0.087840795517,
                0.0457824058831,
                0.0178932864219,
                0.00408026948571,
                0.000590477022342,
                5.93598051637e-05
            ],
            "median": [
                0.0121313668787,
                0.217829883099,
                0.851908445358,
                1.93143081665,
                3.22237229347,
                3.63137817383,
                3.78019475937,
                5.39694166183,
                7.34896183014,
                5.59544658661,
                5.50940275192,
                4.88954257965,
                5.40633392334,
                3.61623430252,
                2.04740571976,
                2.13214540482,
                1.70141673088,
                1.85051584244,
                1.89387321472,
                2.03264760971,
                2.02389001846,
                1.19430661201,
                0.826519608498,
                1.50387191772,
                2.1042983532,
                0.713325858116,
                0.227061584592,
                0.246233269572,
                0.585815489292,
                0.427166223526,
                0.12739226222,
                0.165016055107,
                0.172260388732,
                0.051018178463,
                0.0129271037877,
                0.00739953480661,
                0.00145049486309,
                0.000170453247847,
                2.14005158341e-05,
                1.92131410586e-05
            ],
            "min": [
                7.95027500337e-22,
                5.59181566176e-21,
                1.97594352099e-20,
                4.67171382819e-20,
                1.27802196374e-19,
                5.96346686085e-20,
                2.1651197917e-19,
                4.95540485429e-19,
                6.59536486494e-19,
                1.40727741305e-18,
                6.866119174e-19,
                1.97289358975e-18,
                4.79702840812e-18,
                5.38772966407e-18,
                4.11841853257e-18,
                1.66549321499e-18,
                2.70724427165e-18,
                1.0054139636e-17,
                1.44697381065e-17,
                8.73601078631e-18,
                4.62620196315e-18,
                1.07790542551e-17,
                8.32296890078e-18,
                1.04688118945e-17,
                1.65844319599e-17,
                1.76902450531e-17,
                1.83812303778e-17,
                1.79010536866e-17,
                1.83741430943e-17,
                2.1298026382e-17,
                2.28146918136e-17,
                1.8320364774e-17,
                1.39451467795e-17,
                8.12168194334e-18,
                9.11040265772e-18,
                6.51145080391e-18,
                3.50340561123e-18,
                1.24436760353e-18,
                3.00861563711e-19,
                4.22808329475e-20
            ],
            "var": [
                0.012697648257,
                1.35780882835,
                12.4244117737,
                66.9570236206,
                349.665710449,
                125.448707581,
                135.338562012,
                358.569976807,
                1839.37365723,
                2824.64404297,
                8058.28222656,
                29763.9042969,
                36370.7265625,
                2692.33740234,
                404.695800781,
                1511.29846191,
                3648.38452148,
                10425.7890625,
                5419.51660156,
                2217.68017578,
                344.538574219,
                228.355407715,
                25.8036975861,
                111.221130371,
                363.358612061,
                14.2109451294,
                9.39324760437,
                29.022064209,
                169.172714233,
                29.3881034851,
                3.17479515076,
                9.12169456482,
                35.0178604126,
                2.92980575562,
                0.0759053826332,
                0.0187867470086,
                0.00385334785096,
                0.000250484328717,
                5.39725033377e-06,
                2.71773537008e-08
            ]
        },
        "erbbands_crest": {
            "dmean": 2.46032881737,
            "dmean2": 3.81806850433,
            "dvar": 6.04535388947,
            "dvar2": 14.2592201233,
            "max": 32.3505172729,
            "mean": 11.3808832169,
            "median": 10.3153476715,
            "min": 2.3025135994,
            "var": 23.7752475739
        },
        "erbbands_flatness_db": {
            "dmean": 0.0190986748785,
            "dmean2": 0.0260844994336,
            "dvar": 0.000413486995967,
            "dvar2": 0.000747546146158,
            "max": 0.460005730391,
            "mean": 0.190288186073,
            "median": 0.187380075455,
            "min": 0.0326168872416,
            "var": 0.0032999466639
        },
        "erbbands_kurtosis": {
            "dmean": 1.10962688923,
            "dmean2": 1.71163606644,
            "dvar": 2.94267368317,
            "dvar2": 6.57005929947,
            "max": 65.8412857056,
            "mean": 1.57470214367,
            "median": 0.852258205414,
            "min": -1.891736269,
            "var": 8.25430202484
        },
        "erbbands_skewness": {
            "dmean": 0.33854418993,
            "dmean2": 0.507504284382,
            "dvar": 0.125256165862,
            "dvar2": 0.286043524742,
            "max": 3.78365468979,
            "mean": 0.939786374569,
            "median": 0.933695673943,
            "min": -3.53804111481,
            "var": 0.570819616318
        },
        "erbbands_spread": {
            "dmean": 6.79036808014,
            "dmean2": 10.0535640717,
            "dvar": 99.9140548706,
            "dvar2": 200.863967896,
            "max": 173.730606079,
            "mean": 32.5404205322,
            "median": 28.2234554291,
            "min": 0.658111333847,
            "var": 388.142150879
        },
        "gfcc": {
            "cov": [
                [
                    17408.3007812,
                    -1518.48132324,
                    -2217.25732422,
                    885.345703125,
                    -1150.79504395,
                    607.646362305,
                    -704.295471191,
                    248.723876953,
                    151.403289795,
                    366.477020264,
                    -423.739837646,
                    -28.8570613861,
                    -185.481887817
                ],
                [
                    -1518.48132324,
                    2325.61279297,
                    88.8652267456,
                    -248.22706604,
                    383.766387939,
                    -259.952301025,
                    170.460662842,
                    -79.9708786011,
                    -35.0820960999,
                    -226.422424316,
                    244.100402832,
                    -85.5325012207,
                    61.0420036316
                ],
                [
                    -2217.25732422,
                    88.8652267456,
                    1462.21618652,
                    94.2381362915,
                    299.423400879,
                    13.133266449,
                    132.905197144,
                    4.44634151459,
                    -103.863548279,
                    34.3136749268,
                    60.2737617493,
                    114.866645813,
                    63.2793083191
                ],
                [
                    885.345703125,
                    -248.22706604,
                    94.2381362915,
                    542.30078125,
                    -77.3652267456,
                    115.626159668,
                    -48.4521713257,
                    37.4057426453,
                    44.8092041016,
                    53.9710884094,
                    31.7552261353,
                    10.157119751,
                    36.3317070007
                ],
                [
                    -1150.79504395,
                    383.766387939,
                    299.423400879,
                    -77.3652267456,
                    419.484863281,
                    -47.1115760803,
                    120.641105652,
                    2.27515339851,
                    -5.8408498764,
                    -17.109828949,
                    32.593120575,
                    18.3834056854,
                    18.6562747955
                ],
                [
                    607.646362305,
                    -259.952301025,
                    13.133266449,
                    115.626159668,
                    -47.1115760803,
                    316.597473145,
                    73.0593261719,
                    14.7283315659,
                    41.6803359985,
                    17.1836948395,
                    -22.5995464325,
                    15.366150856,
                    26.9453277588
                ],
                [
                    -704.295471191,
                    170.460662842,
                    132.905197144,
                    -48.4521713257,
                    120.641105652,
                    73.0593261719,
                    268.268249512,
                    -5.64151668549,
                    9.68247890472,
                    -26.1593151093,
                    16.3407077789,
                    27.0008411407,
                    20.4846401215
                ],
                [
                    248.723876953,
                    -79.9708786011,
                    4.44634151459,
                    37.4057426453,
                    2.27515339851,
                    14.7283315659,
                    -5.64151668549,
                    150.341217041,
                    40.8665122986,
                    28.9222488403,
                    24.0130176544,
                    4.60138273239,
                    -4.55278587341
                ],
                [
                    151.403289795,
                    -35.0820960999,
                    -103.863548279,
                    44.8092041016,
                    -5.8408498764,
                    41.6803359985,
                    9.68247890472,
                    40.8665122986,
                    169.278549194,
                    56.3206748962,
                    -4.28699350357,
                    1.00381588936,
                    5.39258766174
                ],
                [
                    366.477020264,
                    -226.422424316,
                    34.3136749268,
                    53.9710884094,
                    -17.109828949,
                    17.1836948395,
                    -26.1593151093,
                    28.9222488403,
                    56.3206748962,
                    143.765182495,
                    -0.907669842243,
                    21.3977966309,
                    -19.4724674225
                ],
                [
                    -423.739837646,
                    244.100402832,
                    60.2737617493,
                    31.7552261353,
                    32.593120575,
                    -22.5995464325,
                    16.3407077789,
                    24.0130176544,
                    -4.28699350357,
                    -0.907669842243,
                    199.848678589,
                    12.473944664,
                    -15.6796121597
                ],
                [
                    -28.8570613861,
                    -85.5325012207,
                    114.866645813,
                    10.157119751,
                    18.3834056854,
                    15.366150856,
                    27.0008411407,
                    4.60138273239,
                    1.00381588936,
                    21.3977966309,
                    12.473944664,
                    104.640014648,
                    23.2371768951
                ],
                [
                    -185.481887817,
                    61.0420036316,
                    63.2793083191,
                    36.3317070007,
                    18.6562747955,
                    26.9453277588,
                    20.4846401215,
                    -4.55278587341,
                    5.39258766174,
                    -19.4724674225,
                    -15.6796121597,
                    23.2371768951,
                    118.557609558
                ]
            ],
            "icov": [
                [
                    0.000135907976073,
                    -0.000124555022921,
                    0.000203830903047,
                    -0.00020654045511,
                    0.000158101349371,
                    -0.000312632124405,
                    0.000245955045102,
                    -0.000261164881522,
                    0.000296730926493,
                    -0.000388154468965,
                    0.000408126477851,
                    -0.000333289004629,
                    0.000266957096756
                ],
                [
                    -0.000124555022921,
                    0.00100767507683,
                    -0.000171049017808,
                    0.000365503656212,
                    -0.000678476470057,
                    0.000863718742039,
                    -0.000529711309355,
                    0.000668337626848,
                    -0.000725088117179,
                    0.00138223590329,
                    -0.00147791067138,
                    0.00113370455801,
                    -0.000864405359607
                ],
                [
                    0.000203830903047,
                    -0.000171049017808,
                    0.00131178786978,
                    -0.000566929928027,
                    -0.000432175293099,
                    -0.000481505325297,
                    0.000137854207424,
                    -0.000457558024209,
                    0.00132384407334,
                    -0.00109151378274,
                    0.00050011172425,
                    -0.00120409217197,
                    7.92400169303e-05
                ],
                [
                    -0.00020654045511,
                    0.000365503656212,
                    -0.000566929928027,
                    0.00270590395667,
                    3.89576525777e-05,
                    -0.000252423342317,
                    0.000196275592316,
                    0.00026113918284,
                    -0.000901009829249,
                    0.000260622473434,
                    -0.00140757020563,
                    0.00098264310509,
                    -0.00130555033684
                ],
                [
                    0.000158101349371,
                    -0.000678476470057,
                    -0.000432175293099,
                    3.89576525777e-05,
                    0.0039048299659,
                    3.65509986295e-05,
                    -0.000827341456898,
                    -0.000683215796016,
                    6.93359470461e-05,
                    -0.000830015807878,
                    0.000864613393787,
                    -0.000507409160491,
                    0.000383668811992
                ],
                [
                    -0.000312632124405,
                    0.000863718742039,
                    -0.000481505325297,
                    -0.000252423342317,
                    3.65509986295e-05,
                    0.00521135516465,
                    -0.00234628398903,
                    0.000691292516422,
                    -0.00154505402315,
                    0.00141944736242,
                    -0.00104939437006,
                    0.00114041229244,
                    -0.00141657702625
                ],
                [
                    0.000245955045102,
                    -0.000529711309355,
                    0.000137854207424,
                    0.000196275592316,
                    -0.000827341456898,
                    -0.00234628398903,
                    0.00577815016732,
                    -0.000331979768816,
                    -2.12281047425e-05,
                    9.26699212869e-05,
                    0.000692171801347,
                    -0.00176304171328,
                    0.000629418296739
                ],
                [
                    -0.000261164881522,
                    0.000668337626848,
                    -0.000457558024209,
                    0.00026113918284,
                    -0.000683215796016,
                    0.000691292516422,
                    -0.000331979768816,
                    0.00815295334905,
                    -0.00234671705402,
                    0.000547740666661,
                    -0.0021897375118,
                    0.000991634791717,
                    -0.000554917496629
                ],
                [
                    0.000296730926493,
                    -0.000725088117179,
                    0.00132384407334,
                    -0.000901009829249,
                    6.93359470461e-05,
                    -0.00154505402315,
                    -2.12281047425e-05,
                    -0.00234671705402,
                    0.00909355469048,
                    -0.00466181850061,
                    0.00157142500393,
                    -0.000842194072902,
                    -0.000145531274029
                ],
                [
                    -0.000388154468965,
                    0.00138223590329,
                    -0.00109151378274,
                    0.000260622473434,
                    -0.000830015807878,
                    0.00141944736242,
                    9.26699212869e-05,
                    0.000547740666661,
                    -0.00466181850061,
                    0.0119101367891,
                    -0.00195350055583,
                    -0.00028666263097,
                    0.000962860125583
                ],
                [
                    0.000408126477851,
                    -0.00147791067138,
                    0.00050011172425,
                    -0.00140757020563,
                    0.000864613393787,
                    -0.00104939437006,
                    0.000692171801347,
                    -0.0021897375118,
                    0.00157142500393,
                    -0.00195350055583,
                    0.00810196623206,
                    -0.00276537332684,
                    0.00268381391652
                ],
                [
                    -0.000333289004629,
                    0.00113370455801,
                    -0.00120409217197,
                    0.00098264310509,
                    -0.000507409160491,
                    0.00114041229244,
                    -0.00176304171328,
                    0.000991634791717,
                    -0.000842194072902,
                    -0.00028666263097,
                    -0.00276537332684,
                    0.0131352581084,
                    -0.0035492349416
                ],
                [
                    0.000266957096756,
                    -0.000864405359607,
                    7.92400169303e-05,
                    -0.00130555033684,
                    0.000383668811992,
                    -0.00141657702625,
                    0.000629418296739,
                    -0.000554917496629,
                    -0.000145531274029,
                    0.000962860125583,
                    0.00268381391652,
                    -0.0035492349416,
                    0.0110020879656
                ]
            ],
            "mean": [
                -82.7495803833,
                119.037391663,
                -98.6815719604,
                20.0995006561,
                -59.6988449097,
                4.23615074158,
                -37.6848907471,
                3.01180672646,
                -18.6204910278,
                -6.11444997787,
                -14.9951906204,
                -8.54578590393,
                -12.3005399704
            ]
        },
        "hfc": {
            "dmean": 3.04196238518,
            "dmean2": 4.26743555069,
            "dvar": 26.5705013275,
            "dvar2": 52.6683959961,
            "max": 114.33240509,
            "mean": 11.8429193497,
            "median": 5.563185215,
            "min": 1.19081754781e-16,
            "var": 258.149871826
        },
        "melbands": {
            "dmean": [
                0.00034921351471,
                0.000543968228158,
                0.000640929851215,
                0.000369061424863,
                0.000118526913866,
                0.000115676259156,
                0.000141189273563,
                0.000100560086139,
                0.000114606358693,
                0.000120548895211,
                8.00656052888e-05,
                3.48524954461e-05,
                1.32608247441e-05,
                1.51930144057e-05,
                1.30355147121e-05,
                2.33680257224e-05,
                2.19299108721e-05,
                1.82381118066e-05,
                1.3976833543e-05,
                5.11705866302e-06,
                4.09587937611e-06,
                3.68493738279e-06,
                1.71945259808e-06,
                1.07483640477e-06,
