{
    "lowlevel": {
        "average_loudness": 0.46801507473,
        "barkbands": {
            "dmean": [
                0.000246787531069,
                0.00352124893107,
                0.00255207670853,
                0.0015310193412,
                0.00208597723395,
                0.00134804076515,
                0.000640457554255,
                0.000732381478883,
                0.00069274957059,
                0.000339318386978,
                0.00030164848431,
                0.000172151034349,
                0.000142889883136,
                0.000123871970573,
                0.00012357653759,
                0.000122630241094,
                0.000107677100459,
                0.000102094221802,
                0.000113096750283,
                6.38377823634e-05,
                4.18621239078e-05,
                2.98837039736e-05,
                2.55680588452e-05,
                2.95183599519e-05,
                2.03904673981e-05,
                7.89632395026e-06,
                3.53587256541e-06
            ],
            "dmean2": [
                0.00040500855539,
                0.00582109950483,
                0.00417993403971,
                0.00262780371122,
                0.00344347557984,
                0.00211711763404,
                0.000966540595982,
                0.00112391903531,
                0.00109411997255,
                0.000547475647181,
                0.000492314691655,
                0.000286816211883,
                0.000239118919126,
                0.000203262607101,
                0.000205129414098,
                0.000205083488254,
                0.000179778420716,
                0.000171634470462,
                0.000187849858776,
                0.000107299667434,
                6.82255558786e-05,
                4.85223463329e-05,
                4.12582594436e-05,
                4.66492783744e-05,
                3.220002327e-05,
                1.28818846861e-05,
                6.00896919423e-06
            ],
            "dvar": [
                3.71142306221e-07,
                8.11412537587e-05,
                3.52211463905e-05,
                1.57177892106e-05,
                1.74863962457e-05,
                6.74286184221e-06,
                2.1413657123e-06,
                3.94994140152e-06,
                5.02670445712e-06,
                1.75175159711e-06,
                1.49921913817e-06,
                3.05206299345e-07,
                2.0642232812e-07,
                1.48234363451e-07,
                1.2215714662e-07,
                1.36122437766e-07,
                7.5843431091e-08,
                9.12809596798e-08,
                9.20183822473e-08,
                2.27207710424e-08,
                1.1632702801e-08,
                8.78736727827e-09,
                6.27599572312e-09,
                7.04647318273e-09,
                1.54555177545e-08,
                9.87650183859e-10,
                3.84111353835e-10
            ],
            "dvar2": [
                8.97146833267e-07,
                0.000221948153921,
                9.79975084192e-05,
                4.72754763905e-05,
                5.45193215657e-05,
                1.65334877238e-05,
                4.62946582047e-06,
                9.3869803095e-06,
                1.27833882289e-05,
                4.47631191491e-06,
                4.232624633e-06,
                7.97876964498e-07,
                5.49196386146e-07,
                3.50032507868e-07,
                3.21098212908e-07,
                3.75681992182e-07,
                2.01182260184e-07,
                2.48169982342e-07,
                2.44095957669e-07,
                6.30176160143e-08,
                2.61366146503e-08,
                2.06684109827e-08,
                1.52891566074e-08,
                1.64334057473e-08,
                4.05357596378e-08,
                2.65672950306e-09,
                1.08738296145e-09
            ],
            "max": [
                0.0155792050064,
                0.145421132445,
                0.103947520256,
                0.0852552950382,
                0.0889549106359,
                0.061970885843,
                0.034522537142,
                0.0520540364087,
                0.0454134829342,
                0.0410964041948,
                0.0289972387254,
                0.0179381258786,
                0.0175885409117,
                0.0161403380334,
                0.00839880760759,
                0.0160689428449,
                0.00719511415809,
                0.0119845503941,
                0.00970213953406,
                0.00249489722773,
                0.00407626433298,
                0.00276118190959,
                0.00210404209793,
                0.00234189955518,
                0.00849154498428,
                0.00148261745926,
                0.00148520595394
            ],
            "mean": [
                0.00109075952787,
                0.00937316939235,
                0.00490795914084,
                0.00267615891062,
                0.0046852119267,
                0.00332227279432,
                0.00149424222764,
                0.00138868100476,
                0.00116307113785,
                0.000549410993699,
                0.000479509821162,
                0.000279348081676,
                0.000254940328887,
                0.000222984876018,
                0.000221713577048,
                0.00024208681134,
                0.0002130879584,
                0.000202801311389,
                0.000241109664785,
                0.000155455054482,
                0.000111783127068,
                7.35545399948e-05,
                5.59443287784e-05,
                6.19815837126e-05,
                4.14485948568e-05,
                1.90586251847e-05,
                1.13509167932e-05
            ],
            "median": [
                8.76966737451e-07,
                5.55711994821e-05,
                0.000162215350429,
                0.000700265110936,
                0.00272476463579,
                0.00102683133446,
                0.000316505145747,
                0.000223192779231,
                9.08489673748e-05,
                3.25218934449e-05,
                2.56768253166e-05,
                1.38457753565e-05,
                1.25866872622e-05,
                1.18393827506e-05,
                1.1618213648e-05,
                4.47896991318e-06,
                2.94519418276e-06,
                4.14100986745e-06,
                3.21442871609e-06,
                3.41243298863e-06,
                3.3629353311e-06,
                3.25647818045e-07,
                1.66514780631e-07,
                2.62749608737e-07,
                3.17696276397e-07,
                3.2847140119e-08,
                4.0241578958e-09
            ],
            "min": [
                4.93765882393e-26,
                2.04948469202e-24,
                7.1335952102e-25,
                3.50744445015e-25,
                8.05330900972e-24,
                6.3177108886e-24,
                3.57866789097e-24,
                3.99360872711e-24,
                3.10260808404e-24,
                1.18547034942e-23,
                1.21147104709e-23,
                1.73383612141e-23,
                2.12167863883e-23,
                3.27633308362e-23,
                4.44668901587e-23,
                4.4150850392e-23,
                6.61169568215e-23,
                8.08922142912e-23,
                1.21531620758e-22,
                1.47625094775e-22,
                2.35617076146e-22,
                2.71439363448e-22,
                3.87211832591e-22,
                4.85174498311e-22,
                8.98471323088e-22,
                1.0745307388e-21,
                2.01208634583e-21
            ],
            "var": [
                3.28194118993e-06,
                0.000276275997749,
                9.80636250461e-05,
                2.38379998336e-05,
                3.81693716918e-05,
                3.24204665958e-05,
                1.18347115858e-05,
                1.14843942356e-05,
                1.11042154458e-05,
                3.52370216206e-06,
                3.0385745049e-06,
                5.99757868258e-07,
                4.60685356529e-07,
                3.87925808809e-07,
                2.73931703987e-07,
                2.66361809054e-07,
                1.83629126127e-07,
                1.75508944267e-07,
                2.26868067443e-07,
                6.97242086289e-08,
                4.08552942588e-08,
                2.68442565954e-08,
                1.80441759312e-08,
                2.12925570509e-08,
                2.01775574027e-08,
                2.85101187103e-09,
                1.7159190735e-09
            ]
        },
        "barkbands_crest": {
            "dmean": 2.22163367271,
            "dmean2": 3.53902125359,
            "dvar": 5.12000513077,
            "dvar2": 13.269698143,
            "max": 26.8736629486,
            "mean": 13.9836616516,
            "median": 13.2699298859,
            "min": 2.70599007607,
            "var": 29.0969924927
        },
        "barkbands_flatness_db": {
            "dmean": 0.0218988023698,
            "dmean2": 0.0323319323361,
            "dvar": 0.000656305579469,
            "dvar2": 0.00127183937002,
            "max": 0.672606408596,
            "mean": 0.263252317905,
            "median": 0.258104532957,
            "min": 0.035841923207,
            "var": 0.0196243301034
        },
        "barkbands_kurtosis": {
            "dmean": 9.8601474762,
            "dmean2": 15.4094190598,
            "dvar": 1528.03967285,
            "dvar2": 3968.53100586,
            "max": 2447.87744141,
            "mean": 21.8831520081,
            "median": 8.44723415375,
            "min": -1.94974780083,
            "var": 2903.7421875
        },
        "barkbands_skewness": {
            "dmean": 0.722721934319,
            "dmean2": 1.1069085598,
            "dvar": 0.988051950932,
            "dvar2": 2.248939991,
            "max": 33.47448349,
            "mean": 2.38583874702,
            "median": 2.1304371357,
            "min": -4.78428077698,
            "var": 3.88740634918
        },
        "barkbands_spread": {
            "dmean": 2.67123627663,
            "dmean2": 4.11426210403,
            "dvar": 25.3916778564,
            "dvar2": 53.2184791565,
            "max": 118.955162048,
            "mean": 10.152510643,
            "median": 4.6576385498,
            "min": 0.021386642009,
            "var": 139.435302734
        },
        "dissonance": {
            "dmean": 0.0318855792284,
            "dmean2": 0.0532786175609,
            "dvar": 0.0013842388289,
            "dvar2": 0.00360435037874,
            "max": 0.5,
            "mean": 0.3952704072,
            "median": 0.434121131897,
            "min": 0.0773596391082,
            "var": 0.00930652488023
        },
        "dynamic_complexity": 5.17921733856,
        "erbbands": {
            "dmean": [
                0.108911134303,
                0.814098417759,
                2.45220088959,
                4.27085638046,
                5.97654771805,
                6.73072719574,
                10.8900947571,
                10.857131958,
                7.32519292831,
                14.5875635147,
                13.9711141586,
                17.612651825,
                9.83871650696,
                9.81172466278,
                12.8642187119,
                6.62384033203,
                6.55614614487,
                5.56663560867,
                7.14507961273,
                5.2237868309,
                6.23554134369,
                5.01628732681,
                5.79485607147,
                6.59468507767,
                3.84359407425,
                3.05196976662,
                2.34336256981,
                1.27073037624,
                1.10181605816,
                0.865391254425,
                0.770450234413,
                0.611949145794,
                0.536269783974,
                0.260995864868,
                0.147122517228,
                0.0453389957547,
                0.0144078787416,
                0.00327535416,
                0.000569200143218,
                5.03019509779e-05
            ],
            "dmean2": [
                0.178414702415,
                1.33939611912,
                4.00044488907,
                7.29094457626,
                10.3346395493,
                10.7114467621,
                16.9468784332,
                17.1389923096,
                11.3544406891,
                21.9302787781,
                21.5376605988,
                27.6539707184,
                15.7769641876,
                15.609500885,
                21.3415336609,
                10.851474762,
                11.0127849579,
                9.13207912445,
                11.8354539871,
                8.61313819885,
                10.46459198,
                8.33042621613,
                9.62928676605,
                10.9976100922,
                6.40338993073,
                5.119181633,
                3.81096982956,
                2.05278348923,
                1.7970085144,
                1.40400326252,
                1.23907971382,
                0.99979621172,
                0.841942250729,
                0.414074838161,
                0.235519617796,
                0.0737480074167,
                0.0237546805292,
                0.00549531728029,
                0.000955463794526,
                8.50372089189e-05
            ],
            "dvar": [
                0.0703829154372,
                4.89010906219,
                32.7323760986,
                131.737258911,
                256.291778564,
                142.01953125,
                423.775634766,
                503.564971924,
                305.216644287,
                1306.20776367,
                1904.40112305,
                3365.59204102,
                1351.80895996,
                1975.78173828,
                3506.68945312,
                492.297973633,
                468.075775146,
                283.440673828,
                435.698852539,
                194.002639771,
                401.255950928,
                164.24407959,
                245.728179932,
                395.652282715,
                91.7488708496,
                51.5530738831,
                29.3623409271,
                13.9506578445,
                11.3531084061,
                7.96252584457,
                5.72222185135,
                3.1207010746,
                2.43464493752,
                1.18648588657,
                1.46396422386,
                0.0557319894433,
                0.00272940215655,
                0.000329793372657,
                8.42806457513e-06,
                6.86571866026e-08
            ],
            "dvar2": [
                0.197115555406,
                13.0065402985,
                89.4584655762,
                400.310424805,
                836.88494873,
                378.604400635,
                1019.1930542,
                1247.87438965,
                666.798095703,
                2917.51269531,
                4565.21826172,
                8511.79296875,
                3600.93554688,
                4788.06982422,
                10304.6357422,
                1246.10070801,
                1278.16174316,
                696.793579102,
                1150.00244141,
                504.344909668,
                1108.43969727,
                422.980804443,
                641.878295898,
                1069.49169922,
                248.676361084,
                142.412719727,
                71.2942276001,
                32.8699455261,
                26.8204040527,
                19.1154251099,
                14.2384586334,
                7.51897144318,
                5.68466949463,
                2.86938595772,
                4.01904678345,
                0.153348132968,
                0.00734047871083,
                0.00094205851201,
                2.31742487813e-05,
                1.99017136993e-07
            ],
            "max": [
                4.37400150299,
                35.9702377319,
                77.8317108154,
                221.755462646,
                309.072296143,
                238.342391968,
                504.033447266,
                436.767150879,
                616.011108398,
                884.327575684,
                1198.29492188,
                1352.6048584,
                1536.4263916,
                1812.71813965,
                1539.75,
                921.300842285,
                937.422424316,
                803.355834961,
                542.651733398,
                412.34664917,
                1035.53100586,
                479.546875,
                453.773193359,
                685.559265137,
                204.315979004,
                136.031402588,
                170.244110107,
                114.176521301,
                101.899108887,
                74.443687439,
                65.8552017212,
                61.4488563538,
                47.7970314026,
                36.6271972656,
                94.4002075195,
                14.7569913864,
                2.59787535667,
                1.33986139297,
                0.213481903076,
                0.0174819622189
            ],
            "mean": [
                0.392295181751,
                1.65192091465,
                4.67035150528,
                8.72187042236,
                11.1123218536,
                15.5462474823,
                27.2581367493,
                24.6894245148,
                16.9505653381,
                33.278591156,
                26.3945770264,
                30.0277576447,
                17.3966426849,
                17.2573604584,
                21.0172252655,
                12.0406579971,
                12.2759637833,
                10.9763393402,
                13.3965644836,
                10.9880590439,
                13.1012201309,
                11.0628757477,
                12.0546579361,
                13.4038362503,
                8.89367675781,
                7.44776773453,
                6.19241333008,
                3.34498715401,
                2.68814325333,
                2.00453281403,
                1.57427895069,
                1.24488449097,
                1.06092858315,
                0.522143125534,
                0.270916461945,
                0.0929903611541,
                0.0344048216939,
                0.00899729318917,
                0.00174862670247,
                0.000181925002835
            ],
            "median": [
                0.00093749462394,
                0.0159456338733,
                0.150581389666,
                1.58757758141,
                2.97576165199,
                7.62270927429,
                11.9479341507,
                8.10555362701,
                5.81623220444,
                6.64719581604,
                6.07651615143,
                3.23258924484,
                1.75058603287,
                1.37938392162,
                1.271915555,
                0.719795525074,
                0.672602832317,
                0.693133413792,
                0.78830987215,
                0.426808059216,
                0.220099121332,
                0.163748130202,
                0.224176570773,
                0.229290992022,
                0.123228110373,
                0.150751501322,
                0.204994037747,
                0.0721931383014,
                0.0166468862444,
                0.00580835901201,
                0.00438325433061,
                0.00405504507944,
                0.00542351230979,
                0.00480640074238,
                0.00125953555107,
                0.00023316880106,
                5.76908096264e-05,
                7.64012929722e-06,
                1.25095048134e-05,
                2.42258120124e-05
            ],
            "min": [
                5.98061768648e-23,
                4.14500967306e-22,
                1.71959196928e-21,
                2.54325221746e-21,
                1.69354454454e-20,
                2.4606621511e-20,
                2.60914785652e-20,
                6.03917909006e-20,
                1.03932839974e-19,
                5.97784235517e-20,
                1.61280173243e-19,
                1.47855523039e-19,
                4.50392605705e-19,
                4.41159822503e-19,
                7.76707705936e-19,
                1.06359079617e-18,
                1.28208621228e-18,
                1.64142856642e-18,
                2.32967623348e-18,
                3.12914236641e-18,
                3.40616990984e-18,
                3.84486742245e-18,
                4.5783756209e-18,
                5.83585269297e-18,
                7.01852244557e-18,
                7.28473480929e-18,
                8.08180852909e-18,
                1.08457911869e-17,
                9.10283147357e-18,
                1.0431597866e-17,
                1.18947993059e-17,
                1.00031414697e-17,
                8.79543875024e-18,
                8.25464130064e-18,
                5.85272056002e-18,
                4.18503593679e-18,
                1.98554511042e-18,
                9.96027821115e-19,
                2.5130700852e-19,
                2.81679684746e-20
            ],
            "var": [
                0.451169967651,
                10.6079425812,
                77.4950866699,
                279.846435547,
                456.789672852,
                419.772735596,
                1649.4934082,
                2118.4609375,
                1990.64758301,
                6040.38769531,
                4785.41308594,
                7444.56640625,
                2628.859375,
                4212.21875,
                6343.44384766,
                1059.02685547,
                993.514282227,
                748.352416992,
                1107.46179199,
                495.503112793,
                748.676086426,
                453.463623047,
                589.552001953,
                786.751037598,
                265.451171875,
                159.95866394,
                111.80973053,
                41.722618103,
                34.4665260315,
                23.1345367432,
                14.8925848007,
                8.89508914948,
                6.67188835144,
                2.20236873627,
                1.42081034184,
                0.0827581435442,
                0.00916521623731,
                0.000951807713136,
                3.86875108234e-05,
                2.99858555763e-07
            ]
        },
        "erbbands_crest": {
            "dmean": 2.58199429512,
            "dmean2": 4.06191730499,
            "dvar": 7.01255941391,
            "dvar2": 16.9044418335,
            "max": 33.3388824463,
            "mean": 13.4623069763,
            "median": 11.8536319733,
            "min": 2.17614126205,
            "var": 60.2281684875
        },
        "erbbands_flatness_db": {
            "dmean": 0.0166253317147,
            "dmean2": 0.0242223031819,
            "dvar": 0.000452790118288,
            "dvar2": 0.000814198341686,
            "max": 0.588604032993,
            "mean": 0.243176028132,
            "median": 0.226110741496,
            "min": 0.0278313923627,
            "var": 0.0175735913217
        },
        "erbbands_kurtosis": {
            "dmean": 3.3720676899,
            "dmean2": 5.08379411697,
            "dvar": 59.3726501465,
            "dvar2": 124.938873291,
            "max": 210.958602905,
            "mean": 8.32793045044,
            "median": 1.87475538254,
            "min": -1.86792552471,
            "var": 315.589935303
        },
        "erbbands_skewness": {
            "dmean": 0.470314115286,
            "dmean2": 0.702319681644,
            "dvar": 0.345981240273,
            "dvar2": 0.713655591011,
            "max": 10.7074117661,
            "mean": 1.2710031271,
            "median": 0.884987294674,
            "min": -6.19553995132,
            "var": 2.69496631622
        },
        "erbbands_spread": {
            "dmean": 5.47345352173,
            "dmean2": 8.48804092407,
            "dvar": 78.1497116089,
            "dvar2": 172.055587769,
            "max": 158.145217896,
            "mean": 27.806432724,
            "median": 19.0051002502,
            "min": 0.279835909605,
            "var": 649.837768555
        },
        "gfcc": {
            "cov": [
                [
                    40962.765625,
                    -4436.18261719,
                    -3015.55200195,
                    3186.22363281,
                    148.582748413,
                    2806.6496582,
                    760.50390625,
                    2290.35986328,
                    45.7897033691,
                    644.327880859,
                    -513.128417969,
                    838.952514648,
                    -219.713043213
                ],
                [
                    -4436.18261719,
                    3116.91088867,
                    243.250228882,
                    -1238.79650879,
                    -411.521697998,
                    -1165.44152832,
                    -381.992553711,
                    -778.196838379,
                    -122.645042419,
                    -268.631347656,
                    214.731430054,
                    -434.924621582,
                    134.351379395
                ],
                [
                    -3015.55200195,
                    243.250228882,
                    1024.51159668,
                    -18.797826767,
                    170.828979492,
                    -83.8803405762,
                    -34.0284385681,
                    -132.70980835,
                    74.4322509766,
                    -59.3625183105,
                    54.0508079529,
                    54.6336746216,
                    -60.3417205811
                ],
                [
                    3186.22363281,
                    -1238.79650879,
                    -18.797826767,
                    1073.97546387,
                    329.75189209,
                    641.042297363,
                    170.897796631,
                    379.882049561,
                    97.1280593872,
                    123.226951599,
                    -139.982772827,
                    216.498306274,
                    -90.3982467651
                ],
                [
                    148.582748413,
                    -411.521697998,
                    170.828979492,
                    329.75189209,
                    438.216827393,
                    307.178314209,
                    145.766937256,
                    132.504989624,
                    76.5238647461,
                    27.4781970978,
                    -27.9397068024,
                    126.17389679,
                    -71.5475845337
                ],
                [
                    2806.6496582,
                    -1165.44152832,
                    -83.8803405762,
                    641.042297363,
                    307.178314209,
                    816.549865723,
                    306.25302124,
                    410.893981934,
                    58.5427856445,
                    155.788101196,
                    -98.3895950317,
                    211.636947632,
                    -85.164855957
                ],
                [
                    760.50390625,
                    -381.992553711,
                    -34.0284385681,
                    170.897796631,
                    145.766937256,
                    306.25302124,
                    295.446228027,
                    182.951477051,
                    30.3397884369,
                    87.241065979,
                    -10.2883768082,
                    70.569152832,
                    -16.499797821
                ],
                [
                    2290.35986328,
                    -778.196838379,
                    -132.70980835,
                    379.882049561,
                    132.504989624,
                    410.893981934,
                    182.951477051,
                    413.464691162,
                    79.1112289429,
                    105.427734375,
                    -53.0308647156,
                    116.988990784,
                    -5.7657251358
                ],
                [
                    45.7897033691,
                    -122.645042419,
                    74.4322509766,
                    97.1280593872,
                    76.5238647461,
                    58.5427856445,
                    30.3397884369,
                    79.1112289429,
                    132.343658447,
                    24.6266593933,
                    0.401766330004,
                    33.1302757263,
                    -20.7442111969
                ],
                [
                    644.327880859,
                    -268.631347656,
                    -59.3625183105,
                    123.226951599,
                    27.4781970978,
                    155.788101196,
                    87.241065979,
                    105.427734375,
                    24.6266593933,
                    147.724807739,
                    3.91223192215,
                    35.8150253296,
                    12.9849834442
                ],
                [
                    -513.128417969,
                    214.731430054,
                    54.0508079529,
                    -139.982772827,
                    -27.9397068024,
                    -98.3895950317,
                    -10.2883768082,
                    -53.0308647156,
                    0.401766330004,
                    3.91223192215,
                    123.99105835,
                    23.1265945435,
                    36.761138916
                ],
                [
                    838.952514648,
                    -434.924621582,
                    54.6336746216,
                    216.498306274,
                    126.17389679,
                    211.636947632,
                    70.569152832,
                    116.988990784,
                    33.1302757263,
                    35.8150253296,
                    23.1265945435,
                    207.589691162,
                    -7.2143497467
                ],
                [
                    -219.713043213,
                    134.351379395,
                    -60.3417205811,
                    -90.3982467651,
                    -71.5475845337,
                    -85.164855957,
                    -16.499797821,
                    -5.7657251358,
                    -20.7442111969,
                    12.9849834442,
                    36.761138916,
                    -7.2143497467,
                    139.209915161
                ]
            ],
            "icov": [
                [
                    6.04945198575e-05,
                    -8.34155071061e-05,
                    0.000145574187627,
                    -0.000128265077365,
                    0.000125054066302,
                    -7.60487819207e-05,
                    6.83097387082e-05,
                    -0.0002728223335,
                    0.000104034217657,
                    -2.28215703828e-05,
                    3.12426054734e-05,
                    -0.000202002309379,
                    0.000169248087332
                ],
                [
                    -8.34155071061e-05,
                    0.00117853377014,
                    -0.000276134116575,
                    0.000498569977935,
                    -0.000344790081726,
                    0.000483804818941,
                    -0.000242546491791,
                    0.0012316510547,
                    -0.000377196643967,
                    0.000582680397201,
                    -0.000981987570412,
                    0.00150850589853,
                    -0.000697025621776
                ],
                [
                    0.000145574187627,
                    -0.000276134116575,
                    0.00162772554904,
                    -0.000353198789526,
                    -0.000191538405488,
                    -0.000102480727946,
                    0.000179910566658,
                    -0.000114986658446,
                    -0.000463783188025,
                    0.000167014164617,
                    -0.000247556366958,
                    -0.000903092965018,
                    0.000761757022701
                ],
                [
                    -0.000128265077365,
                    0.000498569977935,
                    -0.000353198789526,
                    0.0027105435729,
                    -0.000967393687461,
                    -0.000717559771147,
                    0.000731971755158,
                    0.000191500061192,
                    -0.00061756541254,
                    -0.000424880243372,
                    0.00132493278943,
                    -0.000195418790099,
                    -0.000330458133249
                ],
                [
                    0.000125054066302,
                    -0.000344790081726,
                    -0.000191538405488,
                    -0.000967393687461,
                    0.00457781367004,
                    -0.00111587578431,
                    -0.00111672177445,
                    1.49111101564e-05,
                    -0.00112331239507,
                    0.000969493121374,
                    0.000105126440758,
                    -0.00140700279735,
                    0.000998799107037
                ],
                [
                    -7.60487819207e-05,
                    0.000483804818941,
                    -0.000102480727946,
                    -0.000717559771147,
                    -0.00111587578431,
                    0.00573737826198,
                    -0.00239274580963,
                    -0.00162140652537,
                    0.00155496306252,
                    -0.0015792628983,
                    0.00137841957621,
                    -0.00142712995876,
                    0.00142944359686
                ],
                [
                    6.83097387082e-05,
                    -0.000242546491791,
                    0.000179910566658,
                    0.000731971755158,
                    -0.00111672177445,
                    -0.00239274580963,
                    0.00683738291264,
                    -0.00166425877251,
                    0.000438632647274,
                    -0.00155805551913,
                    -0.000898712722119,
                    0.000438097456936,
                    6.96211864124e-05
                ],
                [
                    -0.0002728223335,
                    0.0012316510547,
                    -0.000114986658446,
                    0.000191500061192,
                    1.49111101564e-05,
                    -0.00162140652537,
                    -0.00166425877251,
                    0.0085542537272,
                    -0.00371350161731,
                    0.00035399736953,
                    -0.000166860452737,
                    0.00135379657149,
                    -0.00284413574263
                ],
                [
                    0.000104034217657,
                    -0.000377196643967,
                    -0.000463783188025,
                    -0.00061756541254,
                    -0.00112331239507,
                    0.00155496306252,
                    0.000438632647274,
                    -0.00371350161731,
                    0.010770952329,
                    -0.00163869198877,
                    -0.000434004497947,
                    -0.000720699375961,
                    0.00203343946487
                ],
                [
                    -2.28215703828e-05,
                    0.000582680397201,
                    0.000167014164617,
                    -0.000424880243372,
                    0.000969493121374,
                    -0.0015792628983,
                    -0.00155805551913,
                    0.00035399736953,
                    -0.00163869198877,
                    0.010589315556,
                    -0.00277432776056,
                    0.00174251885619,
                    -0.00184875365812
                ],
                [
                    3.12426054734e-05,
                    -0.000981987570412,
                    -0.000247556366958,
                    0.00132493278943,
                    0.000105126440758,
                    0.00137841957621,
                    -0.000898712722119,
                    -0.000166860452737,
                    -0.000434004497947,
                    -0.00277432776056,
                    0.0139801781625,
                    -0.00562309287488,
                    -0.00125507928897
                ],
                [
                    -0.000202002309379,
                    0.00150850589853,
                    -0.000903092965018,
                    -0.000195418790099,
                    -0.00140700279735,
                    -0.00142712995876,
                    0.000438097456936,
                    0.00135379657149,
                    -0.000720699375961,
                    0.00174251885619,
                    -0.00562309287488,
                    0.0110052712262,
                    -0.00199595442973
                ],
                [
                    0.000169248087332,
                    -0.000697025621776,
                    0.000761757022701,
                    -0.000330458133249,
                    0.000998799107037,
                    0.00142944359686,
                    6.96211864124e-05,
                    -0.00284413574263,
                    0.00203343946487,
                    -0.00184875365812,
                    -0.00125507928897,
                    -0.00199595442973,
                    0.0102205527946
                ]
            ],
            "mean": [
                -128.671142578,
                135.887924194,
                -85.8250808716,
                13.5247573853,
                -53.3343391418,
                -13.7196369171,
                -38.3512840271,
                -6.56613063812,
                -25.5790290833,
                -3.5326859951,
                -10.1985330582,
                -12.0709753036,
                -4.41064500809
            ]
        },
        "hfc": {
            "dmean": 2.88978481293,
            "dmean2": 4.526034832,
            "dvar": 30.0159721375,
            "dvar2": 76.4270401001,
            "max": 133.282440186,
            "mean": 14.2826967239,
            "median": 7.31475496292,
            "min": 1.06850228446e-16,
            "var": 261.088439941
        },
        "melbands": {
            "dmean": [
                0.000945057487115,
                0.00113161292393,
                0.000722358585335,
                0.000445419049356,
                0.000366031832527,
                0.000240234629018,
                0.000114953269076,
                0.000161197778652,
                0.000115979019029,
                0.000106931205664,
                4.87941688334e-05,
                4.10357497458e-05,
                4.21917902713e-05,
                2.33136761381e-05,
                1.71816718648e-05,
                1.30670478029e-05,
                1.11737308544e-05,
                1.24237758428e-05,
                7.71136456024e-06,
                8.91835043149e-06,
                7.79971742304e-06,
                5.49061860511e-06,
                6.84729639033e-06,
                4.98923918713e-06,
                6.10469533058e-06,
                3.9871943045e-06,
