{
    "lowlevel": {
        "average_loudness": 0.922583281994,
        "barkbands": {
            "dmean": [
                0.000639650679659,
                0.00466505112126,
                0.00462009198964,
                0.00313519663177,
                0.00282142823562,
                0.00145279883873,
                0.000750548497308,
                0.000976765993983,
                0.000989480759017,
                0.000428469153121,
                0.000482340576127,
                0.000538942171261,
                0.000537290237844,
                0.000257495586993,
                0.000200245442102,
                0.000120782948215,
                0.000141951983096,
                7.06549326424e-05,
                0.000114089125418,
                7.92714272393e-05,
                6.10827919445e-05,
                5.87428512517e-05,
                4.23411984229e-05,
                0.000137673632707,
                0.0001050025312,
                1.75365748873e-05,
                4.69993111096e-08
            ],
            "dmean2": [
                0.00104772520717,
                0.00709077622741,
                0.00770259834826,
                0.00513203954324,
                0.00471976632252,
                0.00246581085958,
                0.00121518713422,
                0.00154585239943,
                0.00157139077783,
                0.00063337222673,
                0.000725552556105,
                0.000832832069136,
                0.000846643990371,
                0.000410782493418,
                0.00031303067226,
                0.000187680241652,
                0.000221288646571,
                0.000113685375254,
                0.000181897470611,
                0.000128028463223,
                9.27674700506e-05,
                8.72339514899e-05,
                6.1178485339e-05,
                0.000192823674297,
                0.000147123952047,
                2.63856218226e-05,
                8.23540347028e-08
            ],
            "dvar": [
                1.59155410984e-06,
                8.85350673343e-05,
                7.92656210251e-05,
                3.25301734847e-05,
                3.2690106309e-05,
                8.2665019363e-06,
                2.28624776355e-06,
                4.00891985919e-06,
                5.07886761625e-06,
                8.81713106082e-07,
                1.51302174345e-06,
                2.46975696427e-06,
                1.92887932826e-06,
                4.86280157475e-07,
                2.85544587086e-07,
                1.41505594797e-07,
                1.03606403457e-07,
                2.38936550545e-08,
                6.63665389311e-08,
                3.28335829636e-08,
                2.01176124648e-08,
                1.32888375859e-08,
                7.88746756797e-09,
                1.91662977045e-07,
                1.43350959547e-07,
                3.35666539009e-09,
                6.6247713966e-14
            ],
            "dvar2": [
                4.16087368649e-06,
                0.000192713938304,
                0.000205661475775,
                8.43028246891e-05,
                8.55500038597e-05,
                2.20900619752e-05,
                5.7951369854e-06,
                8.99419865164e-06,
                1.15632428788e-05,
                1.64588425378e-06,
                3.26146323459e-06,
                5.24476581631e-06,
                4.39673749497e-06,
                1.14766805837e-06,
                6.38906499262e-07,
                2.87408113309e-07,
                2.2676110234e-07,
                5.82605892419e-08,
                1.54784729034e-07,
                8.31976763038e-08,
                4.4294132806e-08,
                2.82496781523e-08,
                1.71429821449e-08,
                3.38946676948e-07,
                2.73189812106e-07,
                7.15167303156e-09,
                1.82794087484e-13
            ],
            "max": [
                0.0225178562105,
                0.0975410491228,
                0.0964434593916,
                0.0651927441359,
                0.0789002254605,
                0.0380754843354,
                0.0465178489685,
                0.0519639737904,
                0.066836990416,
                0.0476490966976,
                0.0396385751665,
                0.0570248328149,
                0.0356989242136,
                0.0188491884619,
                0.0140123544261,
                0.017542745918,
                0.00909942388535,
                0.00484038284048,
                0.0139642488211,
                0.00436606956646,
                0.00313433818519,
                0.00280851777643,
                0.00135171192233,
                0.0114324139431,
                0.0121327759698,
                0.00164512242191,
                6.25280699751e-06
            ],
            "mean": [
                0.00106223789044,
                0.00750383548439,
                0.00829148758203,
                0.0051280008629,
                0.00440096529201,
                0.00203540432267,
                0.00129846157506,
                0.00209341244772,
                0.00186628149822,
                0.000918640871532,
                0.00104784115683,
                0.00105267076287,
                0.000918834179174,
                0.000359788595233,
                0.000356442353223,
                0.000204355383175,
                0.000265243754257,
                0.000113779424282,
                0.000202761846595,
                0.000128819345264,
                9.69856846496e-05,
                0.00010302427836,
                6.56549746054e-05,
                0.000246133015025,
                0.000182248608326,
                2.51591554843e-05,
                3.6728902586e-08
            ],
            "median": [
                0.000240297711571,
                0.00293070450425,
                0.00246428209357,
                0.00248265871778,
                0.00228037266061,
                0.000939242192544,
                0.000553503981791,
                0.000523289723787,
                0.000453630578704,
                0.000257087114733,
                0.000228379081818,
                0.000167073274497,
                0.000201513597858,
                8.80701991264e-05,
                5.96472382313e-05,
                4.52386630059e-05,
                7.72888161009e-05,
                3.79586890631e-05,
                9.32696057134e-05,
                4.07040242862e-05,
                2.23006645683e-05,
                3.20322287735e-05,
                1.40742640724e-05,
                3.17909361911e-05,
                2.61772402155e-05,
                5.7308761825e-06,
                7.2059780365e-10
            ],
            "min": [
                2.63694270282e-23,
                4.10118213888e-23,
                7.59874684575e-24,
                1.48380121436e-24,
                4.79368652443e-23,
                8.47235854901e-23,
                4.04768411665e-23,
                3.25080049602e-23,
                8.84917405315e-23,
                5.31308421957e-23,
                4.37027363771e-23,
                1.35967510266e-22,
                9.86977200007e-23,
                1.1958838498e-22,
                7.99223255854e-23,
                1.73032764675e-22,
                3.24952759006e-22,
                2.77331081559e-22,
                4.73454423397e-22,
                2.62381624669e-22,
                4.5070907701e-22,
                4.87622264281e-22,
                6.14823952168e-22,
                1.08209370607e-21,
                1.09080061e-21,
                1.57466835076e-21,
                2.34896938278e-21
            ],
            "var": [
                3.7392142076e-06,
                0.000159892369993,
                0.000163506891113,
                5.11548787472e-05,
                3.87112231692e-05,
                9.26964003156e-06,
                4.5402912292e-06,
                1.99900932785e-05,
                1.79789803951e-05,
                3.53141786036e-06,
                6.99431438989e-06,
                1.08402109618e-05,
                4.77926141684e-06,
                8.3763626435e-07,
                8.84927260358e-07,
                4.92901563121e-07,
                2.89807019271e-07,
                4.8997264912e-08,
                1.13719949013e-07,
                5.64182975893e-08,
                4.18507859479e-08,
                3.27028146785e-08,
                1.68236233833e-08,
                6.43130988465e-07,
                3.82785401598e-07,
                6.008953779e-09,
                4.73744748129e-14
            ]
        },
        "barkbands_crest": {
            "dmean": 2.54926729202,
            "dmean2": 4.01350927353,
            "dvar": 5.71348428726,
            "dvar2": 13.5872135162,
            "max": 25.2535266876,
            "mean": 10.8680105209,
            "median": 10.1428203583,
            "min": 2.4597902298,
            "var": 16.8035640717
        },
        "barkbands_flatness_db": {
            "dmean": 0.0267417971045,
            "dmean2": 0.039902150631,
            "dvar": 0.000973396061454,
            "dvar2": 0.00204558251426,
            "max": 0.604373216629,
            "mean": 0.19595387578,
            "median": 0.182217985392,
            "min": 0.0384598784149,
            "var": 0.00591069227085
        },
        "barkbands_kurtosis": {
            "dmean": 4.63412380219,
            "dmean2": 7.39576005936,
            "dvar": 80.4158706665,
            "dvar2": 203.850387573,
            "max": 199.942306519,
            "mean": 8.47571372986,
            "median": 3.66430330276,
            "min": -1.94233083725,
            "var": 199.155944824
        },
        "barkbands_skewness": {
            "dmean": 0.628154218197,
            "dmean2": 0.954069316387,
            "dvar": 0.456901609898,
            "dvar2": 1.03514838219,
            "max": 10.7813596725,
            "mean": 1.85964286327,
            "median": 1.66172671318,
            "min": -2.56682419777,
            "var": 2.28713464737
        },
        "barkbands_spread": {
            "dmean": 4.42610931396,
            "dmean2": 6.75085401535,
            "dvar": 54.7041244507,
            "dvar2": 103.663154602,
            "max": 130.209259033,
            "mean": 15.594991684,
            "median": 12.0214090347,
            "min": 0.302261412144,
            "var": 228.1381073
        },
        "dissonance": {
            "dmean": 0.0286679156125,
            "dmean2": 0.0475645773113,
            "dvar": 0.000768654979765,
            "dvar2": 0.00203070300631,
            "max": 0.500000059605,
            "mean": 0.440844893456,
            "median": 0.4512758255,
            "min": 0.110148519278,
            "var": 0.00203401711769
        },
        "dynamic_complexity": 3.89982676506,
        "erbbands": {
            "dmean": [
                0.195789337158,
                0.919844806194,
                4.12565946579,
                8.78287887573,
                7.75672769547,
                10.8894386292,
                10.3862838745,
                13.2340679169,
                12.0248842239,
                13.4571762085,
                22.8507404327,
                25.7865123749,
                14.376953125,
                10.4272146225,
                21.6412734985,
                25.1779613495,
                25.4119300842,
                12.3273029327,
                12.8437213898,
                7.47475814819,
                5.60157251358,
                6.58101415634,
                4.6533203125,
                3.57291889191,
                6.55049991608,
                3.65285587311,
                2.53137993813,
                2.41948747635,
                2.19805979729,
                1.60647821426,
                1.18777549267,
                1.98656237125,
                2.8854765892,
                1.71875655651,
                0.459644258022,
                0.13095510006,
                0.0219074841589,
                0.00123005651403,
                3.75928138965e-05,
                1.45649801198e-05
            ],
            "dmean2": [
                0.29476082325,
                1.41707324982,
                6.92685985565,
                14.3108987808,
                12.8710107803,
                18.3464336395,
                17.2087841034,
                22.7452411652,
                19.5995998383,
                22.0267467499,
                35.7793197632,
                40.54737854,
                21.9224624634,
                16.055809021,
                32.6929397583,
                38.2712974548,
                39.94373703,
                19.6924858093,
                19.8869037628,
                11.5586605072,
                8.72740650177,
                10.1722288132,
                7.34508609772,
                5.83358955383,
                10.340921402,
                5.84351491928,
                3.90731501579,
                3.74598431587,
                3.27820444107,
                2.33044815063,
                1.72816300392,
                2.95281648636,
                4.05950164795,
                2.42288708687,
                0.653736829758,
                0.196230724454,
                0.0328697897494,
                0.00195821770467,
                5.58827850909e-05,
                2.25963049161e-05
            ],
            "dvar": [
                0.186564087868,
                3.39942169189,
                64.5676116943,
                249.695953369,
                220.651123047,
                565.420715332,
                422.059082031,
                754.952514648,
                640.854797363,
                610.086669922,
                2600.23925781,
                3639.07666016,
                1045.77453613,
                564.940429688,
                3470.86279297,
                5778.34472656,
                4395.55273438,
                938.394897461,
                1183.34899902,
                366.976593018,
                190.648468018,
                217.951690674,
                81.4613265991,
                126.549766541,
                142.118301392,
                73.6038360596,
                38.0634422302,
                32.4719734192,
                18.8328113556,
                9.56578063965,
                6.73722791672,
                34.5510673523,
                94.6238708496,
                39.6514701843,
                2.44906234741,
                0.182134002447,
                0.00602303398773,
                2.10922862607e-05,
                1.21806555953e-08,
                4.47515191571e-10
            ],
            "dvar2": [
                0.411277890205,
                7.34195566177,
                170.374710083,
                642.220092773,
                561.312316895,
                1479.33666992,
                1125.09008789,
                1995.40405273,
                1618.83300781,
                1614.80871582,
                5619.29541016,
                8124.69580078,
                1939.25012207,
                1185.8984375,
                7678.17089844,
                11993.7431641,
                10009.8007812,
                2337.39770508,
                2619.76855469,
                772.911499023,
                416.590393066,
                463.598632812,
                193.925567627,
                310.481628418,
                331.655944824,
                189.261703491,
                84.2725982666,
                74.8171310425,
                39.9351501465,
                20.1592769623,
                14.7085170746,
                75.0718154907,
                168.688186646,
                73.6254653931,
                4.97473192215,
                0.386976420879,
                0.0128813916817,
                5.04277340951e-05,
                2.74432228053e-08,
                1.00197850017e-09
            ],
            "max": [
                4.84354972839,
                21.7203426361,
                79.2340011597,
                159.684127808,
                221.123764038,
                378.994842529,
                318.218017578,
                410.338287354,
                767.290649414,
                307.782073975,
                1399.80773926,
                1870.82507324,
                1882.28198242,
                668.434875488,
                1881.69567871,
                2918.39550781,
                1809.62280273,
                623.657348633,
                908.587036133,
                709.137145996,
                535.35760498,
                477.637420654,
                301.180206299,
                739.744018555,
                290.73324585,
                206.077529907,
                197.754165649,
                89.2573699951,
                100.149719238,
                70.065032959,
                38.3955383301,
                167.208892822,
                258.033081055,
                174.103820801,
                54.5568008423,
                11.2446651459,
                3.21817183495,
                0.192852094769,
                0.0038700310979,
                0.000302102853311
            ],
            "mean": [
                0.260296046734,
                1.58496439457,
                7.20223379135,
                16.4091072083,
                13.3941745758,
                15.5394849777,
                15.7953128815,
                17.7402439117,
                20.399515152,
                24.2517738342,
                53.1769561768,
                52.273639679,
                30.5356502533,
                22.6044921875,
                49.0589752197,
                55.9111976624,
                45.5488929749,
                19.5815372467,
                22.7439861298,
                13.4566965103,
                10.4693517685,
                12.7219400406,
                8.67456245422,
                5.80436754227,
                12.3505449295,
                6.15774297714,
                4.07662725449,
                3.68900895119,
                3.81899476051,
                2.76747369766,
                1.83200824261,
                3.12870955467,
                5.1447057724,
                2.98946690559,
                0.750737726688,
                0.198610037565,
                0.0310886669904,
                0.00149675260764,
                7.17333168723e-05,
                5.18270280736e-05
            ],
            "median": [
                0.0958592221141,
                0.55864584446,
                2.91764140129,
                7.32618141174,
                6.02790880203,
                6.52128171921,
                8.61180210114,
                8.01986789703,
                7.29650831223,
                11.9642162323,
                13.0065994263,
                14.0184841156,
                10.6127147675,
                9.25136470795,
                12.1914072037,
                11.5883045197,
                11.8414859772,
                6.20302629471,
                4.35541057587,
                2.94041395187,
                2.83499646187,
                4.29047584534,
                3.30000424385,
                2.90135097504,
                5.64472532272,
                2.39123725891,
                1.01737034321,
                0.874291479588,
                1.14447081089,
                0.89775967598,
                0.341830790043,
                0.404076308012,
                0.642031371593,
                0.33848413825,
                0.137335628271,
                0.047888699919,
                0.00641250796616,
                0.000261184555711,
                3.47208733729e-05,
                4.92005783599e-05
            ],
            "min": [
                2.3703641993e-21,
                5.17363102957e-21,
                7.68839176209e-21,
                6.63453134995e-21,
                4.26570353363e-20,
                2.16964873481e-19,
                3.43836026376e-19,
                7.84401674705e-19,
                8.69261254868e-19,
                2.75320707937e-19,
                1.03387567684e-18,
                1.66535042294e-18,
                2.61223472008e-18,
                1.34797745532e-18,
                3.0807171454e-18,
                5.12302525061e-18,
                4.53957051041e-18,
                7.14675446567e-18,
                3.1436021039e-18,
                8.4607912529e-18,
                8.47307736654e-18,
                1.80033180257e-17,
                1.39911363672e-17,
                2.53624858552e-17,
                1.87717042947e-17,
                1.64501722747e-17,
                1.23326309672e-17,
                2.10850108306e-17,
                1.71524469604e-17,
                1.54340884257e-17,
                1.77001067004e-17,
                2.16166464278e-17,
                1.77775936714e-17,
                1.35240158947e-17,
                7.95938083535e-18,
                5.12720788938e-18,
                3.26753505956e-18,
                1.24511051512e-18,
                3.82839711908e-19,
                3.03070704633e-20
            ],
            "var": [
                0.24700884521,
                6.77420949936,
                106.716362,
                485.546295166,
                365.30657959,
                685.649353027,
                467.61050415,
                807.392333984,
                1273.78710938,
                1151.38122559,
                14507.7041016,
                13688.2666016,
                3900.23754883,
                1906.98095703,
                15655.4697266,
                27529.5761719,
                10946.7617188,
                1570.38952637,
                3376.16235352,
                1178.24511719,
                645.217102051,
                639.173828125,
                217.923339844,
                144.046646118,
                333.477264404,
                116.383583069,
                76.9986419678,
                59.1871681213,
                45.7573814392,
                23.0445785522,
                14.1430225372,
                85.2842483521,
                311.379150391,
                114.425971985,
                5.42530727386,
                0.329952657223,
                0.0111182918772,
                3.29397844325e-05,
                2.34654891074e-08,
                1.43532641328e-09
            ]
        },
        "erbbands_crest": {
            "dmean": 2.92565703392,
            "dmean2": 4.5807557106,
            "dvar": 8.19949626923,
            "dvar2": 19.0564804077,
            "max": 33.3781967163,
            "mean": 11.5920886993,
            "median": 10.2695999146,
            "min": 1.94408416748,
            "var": 33.1702957153
        },
        "erbbands_flatness_db": {
            "dmean": 0.0212507192045,
            "dmean2": 0.0286966301501,
            "dvar": 0.000560462474823,
            "dvar2": 0.00100507738534,
            "max": 0.477578043938,
            "mean": 0.190558895469,
            "median": 0.177356958389,
            "min": 0.0613671280444,
            "var": 0.00523298047483
        },
        "erbbands_kurtosis": {
            "dmean": 1.50795018673,
            "dmean2": 2.32282185555,
            "dvar": 6.16802120209,
            "dvar2": 13.8474903107,
            "max": 57.1890335083,
            "mean": 2.23655629158,
            "median": 1.05232000351,
            "min": -1.92574763298,
            "var": 17.8049278259
        },
        "erbbands_skewness": {
            "dmean": 0.403259605169,
            "dmean2": 0.60441917181,
            "dvar": 0.158356443048,
            "dvar2": 0.34711137414,
            "max": 5.9397444725,
            "mean": 0.731342196465,
            "median": 0.669064462185,
            "min": -2.14804363251,
            "var": 0.867236316204
        },
        "erbbands_spread": {
            "dmean": 8.45032978058,
            "dmean2": 11.9403057098,
            "dvar": 117.330375671,
            "dvar2": 225.046890259,
            "max": 197.92401123,
            "mean": 33.1396141052,
            "median": 26.9793605804,
            "min": 0.938505411148,
            "var": 595.795715332
        },
        "gfcc": {
            "cov": [
                [
                    25512.9765625,
                    -838.209350586,
                    977.542053223,
                    2069.15283203,
                    -232.436355591,
                    1645.56945801,
                    -806.165649414,
                    1161.4185791,
                    -791.029785156,
                    548.941589355,
                    -373.469299316,
                    296.777160645,
                    -226.157730103
                ],
                [
                    -838.209350586,
                    2409.14770508,
                    173.493469238,
                    74.6964263916,
                    479.089752197,
                    -338.637176514,
                    452.554229736,
                    -425.933441162,
                    200.323623657,
                    -360.083709717,
                    162.593826294,
                    -185.662094116,
                    91.4885864258
                ],
                [
                    977.542053223,
                    173.493469238,
                    1713.96411133,
                    769.627258301,
                    391.885864258,
                    338.908721924,
                    30.6078224182,
                    154.09777832,
                    -69.0666732788,
                    138.927261353,
                    3.24828052521,
                    37.3601531982,
                    57.1455192566
                ],
                [
                    2069.15283203,
                    74.6964263916,
                    769.627258301,
                    1044.25585938,
                    270.875823975,
                    332.864227295,
                    25.6406879425,
                    74.3567733765,
                    94.8419570923,
                    26.7960700989,
                    6.21732807159,
                    -44.5586395264,
                    72.8734283447
                ],
                [
                    -232.436355591,
                    479.089752197,
                    391.885864258,
                    270.875823975,
                    445.285522461,
                    67.2116317749,
                    112.294586182,
                    -10.5504293442,
                    69.9845123291,
                    -2.05543398857,
                    19.1989498138,
                    -16.5823898315,
                    14.2502832413
                ],
                [
                    1645.56945801,
                    -338.637176514,
                    338.908721924,
                    332.864227295,
                    67.2116317749,
                    421.109924316,
                    14.1592931747,
                    211.113357544,
                    -33.1766700745,
                    119.438468933,
                    -4.07033729553,
                    41.4241638184,
                    -15.5442991257
                ],
                [
                    -806.165649414,
                    452.554229736,
                    30.6078224182,
                    25.6406879425,
                    112.294586182,
                    14.1592931747,
                    352.051147461,
                    -52.8197517395,
                    57.7805557251,
                    -81.5012207031,
                    73.1824493408,
                    -3.25279951096,
                    -2.06389713287
                ],
                [
                    1161.4185791,
                    -425.933441162,
                    154.09777832,
                    74.3567733765,
                    -10.5504293442,
                    211.113357544,
                    -52.8197517395,
                    285.866271973,
                    -46.0696220398,
                    138.01663208,
                    -30.8774394989,
                    64.9241943359,
                    -29.8507080078
                ],
                [
                    -791.029785156,
                    200.323623657,
                    -69.0666732788,
                    94.8419570923,
                    69.9845123291,
                    -33.1766700745,
                    57.7805557251,
                    -46.0696220398,
                    238.982208252,
                    -29.938419342,
                    14.3713588715,
                    -62.7419929504,
                    36.3261184692
                ],
                [
                    548.941589355,
                    -360.083709717,
                    138.927261353,
                    26.7960700989,
                    -2.05543398857,
                    119.438468933,
                    -81.5012207031,
                    138.01663208,
                    -29.938419342,
                    174.648971558,
                    -21.4050102234,
                    45.1171150208,
                    -28.6198215485
                ],
                [
                    -373.469299316,
                    162.593826294,
                    3.24828052521,
                    6.21732807159,
                    19.1989498138,
                    -4.07033729553,
                    73.1824493408,
                    -30.8774394989,
                    14.3713588715,
                    -21.4050102234,
                    135.802032471,
                    9.19290447235,
                    27.3840007782
                ],
                [
                    296.777160645,
                    -185.662094116,
                    37.3601531982,
                    -44.5586395264,
                    -16.5823898315,
                    41.4241638184,
                    -3.25279951096,
                    64.9241943359,
                    -62.7419929504,
                    45.1171150208,
                    9.19290447235,
                    145.614852905,
                    -6.38293123245
                ],
                [
                    -226.157730103,
                    91.4885864258,
                    57.1455192566,
                    72.8734283447,
                    14.2502832413,
                    -15.5442991257,
                    -2.06389713287,
                    -29.8507080078,
                    36.3261184692,
                    -28.6198215485,
                    27.3840007782,
                    -6.38293123245,
                    109.608276367
                ]
            ],
            "icov": [
                [
                    0.000166254045325,
                    -0.00044428583351,
                    0.00025013150298,
                    -0.000512421131134,
                    0.000452889478765,
                    -0.000465478282422,
                    0.000514840125106,
                    -0.000471992272651,
                    0.000577201193664,
                    -0.000329141534166,
                    0.000400185352191,
                    -0.000382625177735,
                    0.000280911714071
                ],
                [
                    -0.00044428583351,
                    0.00242934445851,
                    -0.000890873256139,
                    0.00155849591829,
                    -0.00226266146637,
                    0.00177807500586,
                    -0.00213194312528,
                    0.00169652153272,
                    -0.00163854903076,
                    0.00218848977238,
                    -0.00169562757947,
                    0.0018242575461,
                    -0.000903592794202
                ],
                [
                    0.00025013150298,
                    -0.000890873256139,
                    0.00160119519569,
                    -0.00151862425264,
                    0.000183209223906,
                    -0.000755261513405,
                    0.000704532139935,
                    -0.000828483840451,
                    0.00173723336775,
                    -0.00160453352146,
                    0.000810350524262,
                    -0.00071228784509,
                    -0.000147369690239
                ],
                [
                    -0.000512421131134,
                    0.00155849591829,
                    -0.00151862425264,
                    0.00383521919139,
                    -0.00195528473705,
                    -0.000248875556281,
                    -0.00117251626216,
                    0.00193524861243,
                    -0.00274322065525,
                    0.00220605963841,
                    -0.00124908110593,
                    0.00170155591331,
                    -0.00149604491889
                ],
                [
                    0.000452889478765,
                    -0.00226266146637,
                    0.000183209223906,
                    -0.00195528473705,
                    0.00552641181275,
                    -0.00150960718747,
                    0.0011701923795,
                    -0.00134429661557,
                    0.000796920619905,
                    -0.00219479901716,
                    0.00168805290014,
                    -0.00179134041537,
                    0.00138762954157
                ],
                [
                    -0.000465478282422,
                    0.00177807500586,
                    -0.000755261513405,
                    -0.000248875556281,
                    -0.00150960718747,
                    0.00740147987381,
                    -0.00286862906069,
                    -0.00167974352371,
                    -0.000754124543164,
                    -0.000133088571602,
                    -0.00174369686283,
                    0.0015491982922,
                    -0.000409864325775
                ],
                [
                    0.000514840125106,
                    -0.00213194312528,
                    0.000704532139935,
                    -0.00117251626216,
                    0.0011701923795,
                    -0.00286862906069,
                    0.00643924949691,
                    -0.00156381132547,
                    0.000717920949683,
                    0.000898576283362,
                    -0.000315622164635,
                    -0.0023638070561,
                    0.00232832250185
                ],
                [
                    -0.000471992272651,
                    0.00169652153272,
                    -0.000828483840451,
                    0.00193524861243,
                    -0.00134429661557,
                    -0.00167974352371,
                    -0.00156381132547,
                    0.0094673037529,
                    -0.00181515701115,
                    -0.00215415889397,
                    -0.00026860597427,
                    -0.000128122337628,
                    -0.000660471152514
                ],
                [
                    0.000577201193664,
                    -0.00163854903076,
                    0.00173723336775,
                    -0.00274322065525,
                    0.000796920619905,
                    -0.000754124543164,
                    0.000717920949683,
                    -0.00181515701115,
                    0.00811380054802,
                    -0.00262320158072,
                    0.00156423891895,
                    0.000748939521145,
                    -0.000935823190957
                ],
                [
                    -0.000329141534166,
                    0.00218848977238,
                    -0.00160453352146,
                    0.00220605963841,
                    -0.00219479901716,
                    -0.000133088571602,
                    0.000898576283362,
                    -0.00215415889397,
                    -0.00262320158072,
                    0.013932235539,
                    -0.00210957368836,
                    7.26411162759e-05,
                    0.00159923371393
                ],
                [
                    0.000400185352191,
                    -0.00169562757947,
                    0.000810350524262,
                    -0.00124908110593,
                    0.00168805290014,
                    -0.00174369686283,
                    -0.000315622164635,
                    -0.00026860597427,
                    0.00156423891895,
                    -0.00210957368836,
                    0.0103364530951,
                    -0.00216506561264,
                    -0.00167458190117
                ],
                [
                    -0.000382625177735,
                    0.0018242575461,
                    -0.00071228784509,
                    0.00170155591331,
                    -0.00179134041537,
                    0.0015491982922,
                    -0.0023638070561,
                    -0.000128122337628,
                    0.000748939521145,
                    7.26411162759e-05,
                    -0.00216506561264,
                    0.0103950425982,
                    -0.00178188655991
                ],
                [
                    0.000280911714071,
                    -0.000903592794202,
                    -0.000147369690239,
                    -0.00149604491889,
                    0.00138762954157,
                    -0.000409864325775,
                    0.00232832250185,
                    -0.000660471152514,
                    -0.000935823190957,
                    0.00159923371393,
                    -0.00167458190117,
                    -0.00178188655991,
                    0.0121964756399
                ]
            ],
            "mean": [
                -44.5360450745,
                115.468055725,
                -109.733757019,
                22.3955173492,
                -65.9303894043,
                16.1854419708,
                -37.962677002,
                8.37335968018,
                -29.1417961121,
                -2.14806747437,
                -9.94335365295,
                -9.16158008575,
                -9.98547458649
            ]
        },
        "hfc": {
            "dmean": 6.05603218079,
            "dmean2": 8.88739109039,
            "dvar": 99.743560791,
            "dvar2": 211.408996582,
            "max": 178.255554199,
            "mean": 21.1082420349,
            "median": 18.5462322235,
            "min": 1.12641366237e-16,
            "var": 359.99609375
        },
        "melbands": {
            "dmean": [
                0.00145712401718,
                0.00168825488072,
                0.00142480270006,
                0.000609227281529,
                0.000410415406805,
                0.000290321884677,
                0.000176320609171,
                0.000154414476128,
                0.000196939072339,
                0.000147903352627,
                6.97722134646e-05,
                4.19792595494e-05,
                6.98052244843e-05,
                6.7111235694e-05,
                6.72049136483e-05,
                4.05591126764e-05,
                2.40598328674e-05,
                2.272007805e-05,
                1.15125685625e-05,
                1.05434901343e-05,
                6.90684964866e-06,
                7.0233218139e-06,
                7.68049994804e-06,
                2.94624601338e-06,
                2.99252178593e-06,
                4.88903515361e-06,
                4.27028635386e-06,
