{
    "lowlevel": {
        "average_loudness": 0.870056509972,
        "barkbands": {
            "dmean": [
                4.83796211483e-05,
                0.00438611209393,
                0.00138847040944,
                0.000358790624887,
                0.000198239038582,
                0.000293799355859,
                0.000398919917643,
                0.000412919907831,
                0.000533511629328,
                0.00025844090851,
                0.000339947961038,
                0.000479005248053,
                0.000635249656625,
                0.000577123486437,
                0.000316453370033,
                0.000416500028223,
                0.000358444522135,
                0.000317234516842,
                0.000399796117563,
                0.000182801537449,
                0.000201023707632,
                0.000153877525008,
                0.000268498813966,
                0.000196738299564,
                0.000206735960091,
                0.00032674628892,
                1.59040318977e-05
            ],
            "dmean2": [
                5.02434704686e-05,
                0.0048476937227,
                0.00244923587888,
                0.000690858985763,
                0.000348137720721,
                0.000453609303804,
                0.00061839731643,
                0.000673652451951,
                0.000779372407123,
                0.000366742053302,
                0.000536692270543,
                0.000752170919441,
                0.00108170288149,
                0.000989277963527,
                0.000498433655594,
                0.000682482030243,
                0.000576581340283,
                0.000510406680405,
                0.000662432808895,
                0.000264982692897,
                0.000297963211779,
                0.0002251475089,
                0.000433073873864,
                0.000324799591908,
                0.000351468421286,
                0.000569403055124,
                2.64963691734e-05
            ],
            "dvar": [
                5.10496001027e-08,
                0.000172443367774,
                4.28326347901e-05,
                3.42424937116e-06,
                4.91111961765e-07,
                4.52273326346e-07,
                1.63741810866e-06,
                1.54577821831e-06,
                1.565112143e-06,
                6.41865540274e-07,
                6.4608576622e-07,
                1.11157021365e-06,
                2.58504132944e-06,
                1.75173033767e-06,
                3.86645467643e-07,
                9.06615582608e-07,
                6.18055423729e-07,
                5.14719147304e-07,
                1.01139380604e-06,
                1.7654798512e-07,
                2.75897605206e-07,
                1.39336975735e-07,
                2.14475321059e-07,
                1.33808725877e-07,
                1.47873450373e-07,
                4.8446946721e-07,
                9.631087039e-10
            ],
            "dvar2": [
                5.92271582889e-08,
                0.000288161041681,
                0.000118937379739,
                1.00655634014e-05,
                1.41355815231e-06,
                9.53015614868e-07,
                3.62231821782e-06,
                3.48432240571e-06,
                2.86872045763e-06,
                1.12127133889e-06,
                1.556357347e-06,
                2.62066168943e-06,
                6.82688960296e-06,
                4.64209279016e-06,
                8.67336495958e-07,
                2.35712309404e-06,
                1.55856992023e-06,
                1.20608308407e-06,
                2.32255820265e-06,
                3.00545451637e-07,
                4.74845819554e-07,
                2.22433882868e-07,
                4.61975190547e-07,
                2.98333304727e-07,
                3.71698462232e-07,
                1.28269869037e-06,
                2.38010011699e-09
            ],
            "max": [
                0.0126025304198,
                0.126084119081,
                0.0690951868892,
                0.0187746807933,
                0.00904943607748,
                0.0136905778199,
                0.035855717957,
                0.0272022690624,
                0.0225330106914,
                0.0380965843797,
                0.0174852926284,
                0.0245157666504,
                0.0255075842142,
                0.0136221786961,
                0.0110900960863,
                0.0238773617893,
                0.00718226982281,
                0.00697879027575,
                0.00989295262843,
                0.00801412947476,
                0.00534608587623,
                0.00445603346452,
                0.00506276078522,
                0.00473146652803,
                0.00386882852763,
                0.00455788802356,
                0.000480302172946
            ],
            "mean": [
                0.000202556359,
                0.015290026553,
                0.0010375083657,
                0.0002140430297,
                0.00019649778551,
                0.000435296271462,
                0.000479750626255,
                0.000425728940172,
                0.000709052372258,
                0.000340160273481,
                0.000354601681465,
                0.000543330679648,
                0.00058417028049,
                0.000548788520973,
                0.000366685853805,
                0.000442539429059,
                0.000389951717807,
                0.000352095084963,
                0.00041234845412,
                0.000246922107181,
                0.000220729678404,
                0.000169931678101,
                0.000273929705145,
                0.000180944771273,
                0.00016907734971,
                0.000231225014431,
                1.34535366669e-05
            ],
            "median": [
                1.79659423338e-06,
                0.000625212443992,
                1.25474034576e-05,
                1.03258462332e-05,
                4.56134221167e-05,
                5.54737707716e-05,
                4.75547203678e-05,
                5.1401922974e-05,
                7.61117480579e-05,
                4.18826093664e-05,
                3.03891138174e-05,
                0.000115064576676,
                5.07478216605e-05,
                8.85644330992e-05,
                6.28058114671e-05,
                7.01278622728e-05,
                8.12300131656e-05,
                5.78558938287e-05,
                6.99648517184e-05,
                3.95665592805e-05,
                2.84619654849e-05,
                2.16897879e-05,
                7.45143333916e-05,
                1.94225813175e-05,
                1.72538348124e-05,
                1.55711077241e-05,
                1.6899672346e-06
            ],
            "min": [
                1.81146721312e-24,
                1.80843838167e-23,
                3.15752716031e-23,
                2.58557618275e-23,
                1.3189415914e-23,
                4.3036546498e-23,
                2.40902075024e-23,
                7.91458718845e-23,
                2.08157216154e-23,
                4.18621030041e-23,
                3.73578145204e-23,
                7.22028167569e-23,
                1.04956106971e-22,
                6.91753516183e-23,
                1.14686605263e-22,
                1.23062856573e-22,
                1.10065559055e-22,
                2.09893041467e-22,
                1.92727415548e-22,
                2.92148615662e-22,
                4.30145328612e-22,
                4.83169807114e-22,
                5.8898213109e-22,
                9.47702503974e-22,
                1.16246542993e-21,
                1.49023029505e-21,
                2.5333280696e-21
            ],
            "var": [
                9.06599041173e-07,
                0.000829830591101,
                2.85206897388e-05,
                1.82175426744e-06,
                3.18002662425e-07,
                9.28547649437e-07,
                2.53852545029e-06,
                1.98051566258e-06,
                3.18965135193e-06,
                1.42993985719e-06,
                8.09903269783e-07,
                1.38703182984e-06,
                2.31421427088e-06,
                1.54497456606e-06,
                5.43198780178e-07,
                9.2003165264e-07,
                6.4746592443e-07,
                6.49269850328e-07,
                1.18370917335e-06,
                3.46629775549e-07,
                4.34908486113e-07,
                2.43904537456e-07,
                2.82139922092e-07,
                1.80572214958e-07,
                1.35089635478e-07,
                3.45709736393e-07,
                9.32222521399e-10
            ]
        },
        "barkbands_crest": {
            "dmean": 3.12878990173,
            "dmean2": 4.7961564064,
            "dvar": 11.3482275009,
            "dvar2": 22.8070659637,
            "max": 26.7518806458,
            "mean": 13.4807024002,
            "median": 11.5183057785,
            "min": 2.09135723114,
            "var": 54.9007797241
        },
        "barkbands_flatness_db": {
            "dmean": 0.0408995337784,
            "dmean2": 0.0552691370249,
            "dvar": 0.00173155381344,
            "dvar2": 0.002874776721,
            "max": 0.639496743679,
            "mean": 0.179819151759,
            "median": 0.16286803782,
            "min": 0.0264793932438,
            "var": 0.00866599008441
        },
        "barkbands_kurtosis": {
            "dmean": 12.6875915527,
            "dmean2": 19.3163261414,
            "dvar": 1615.42456055,
            "dvar2": 3257.67016602,
            "max": 1082.29638672,
            "mean": 16.3601455688,
            "median": 0.637647628784,
            "min": -1.94743454456,
            "var": 3127.87207031
        },
        "barkbands_skewness": {
            "dmean": 1.19307219982,
            "dmean2": 1.72354483604,
            "dvar": 2.98210120201,
            "dvar2": 5.36154747009,
            "max": 30.3831977844,
            "mean": 1.93872904778,
            "median": 0.859577059746,
            "min": -4.94098138809,
            "var": 11.6708297729
        },
        "barkbands_spread": {
            "dmean": 12.0740966797,
            "dmean2": 18.8867492676,
            "dvar": 214.76272583,
            "dvar2": 467.639404297,
            "max": 129.56439209,
            "mean": 26.2454624176,
            "median": 22.6973934174,
            "min": 0.206108212471,
            "var": 394.877441406
        },
        "dissonance": {
            "dmean": 0.0224196687341,
            "dmean2": 0.0365057848394,
            "dvar": 0.000640634505544,
            "dvar2": 0.00159860949498,
            "max": 0.500000059605,
            "mean": 0.462351113558,
            "median": 0.472583472729,
            "min": 0.206063762307,
            "var": 0.00136413646396
        },
        "dynamic_complexity": 4.06992101669,
        "erbbands": {
            "dmean": [
                0.0932186692953,
                1.10899066925,
                1.78343391418,
                1.37500202656,
                0.901975333691,
                0.595665216446,
                0.719143033028,
                3.28958201408,
                4.94349861145,
                6.8689994812,
                9.71908855438,
                13.1325101852,
                7.75613641739,
                10.6537055969,
                15.3852424622,
                18.1411552429,
                30.0022449493,
                28.9372768402,
                20.2415084839,
                20.0057945251,
                17.6253833771,
                19.3484401703,
                20.0764408112,
                18.2954788208,
                14.8755512238,
                8.56323719025,
                9.04489707947,
                6.88893890381,
                4.92725372314,
                6.41109752655,
                8.99701118469,
                4.45851325989,
                3.36733150482,
                1.94205605984,
                1.71189892292,
                1.2709890604,
                0.631912350655,
                0.0939691662788,
                0.00266016111709,
                0.000110972301627
            ],
            "dmean2": [
                0.090720154345,
                1.23759627342,
                2.72858667374,
                2.58499336243,
                1.6767783165,
                1.01071822643,
                1.10747230053,
                5.05544471741,
                7.82338047028,
                10.4921979904,
                15.8174543381,
                18.9809570312,
                11.4326667786,
                15.570857048,
                24.0774421692,
                28.6836585999,
                50.4514198303,
                49.1307754517,
                33.3987541199,
                31.6489028931,
                27.4086647034,
                30.4908828735,
                32.7632446289,
                29.58893013,
                24.193649292,
                12.3417739868,
                12.9891462326,
                10.2594938278,
                7.1768116951,
                9.64171981812,
                14.8725633621,
                7.39818429947,
                5.53477096558,
                3.27264237404,
                2.92832446098,
                2.19402623177,
                1.10113012791,
                0.163957104087,
                0.00453972211108,
                0.000187086086953
            ],
            "dvar": [
                0.0719307512045,
                11.4694738388,
                51.6654281616,
                48.8131790161,
                16.4090118408,
                3.50075507164,
                2.61171102524,
                59.5774421692,
                214.823196411,
                558.8046875,
                614.977905273,
                1162.99658203,
                471.005645752,
                900.089782715,
                1176.33032227,
                1691.82214355,
                5734.99853516,
                4681.00537109,
                1699.91442871,
                1718.23779297,
                1676.20812988,
                1675.73022461,
                2038.34521484,
                2162.80688477,
                1264.94018555,
                396.685760498,
                545.695800781,
                347.856079102,
                171.821960449,
                155.975906372,
                256.735748291,
                71.181640625,
                39.2564926147,
                12.0205745697,
                11.3448486328,
                6.93299388885,
                1.83905911446,
                0.0405970513821,
                2.80713484244e-05,
                4.85054165722e-08
            ],
            "dvar2": [
                0.102384388447,
                19.5686702728,
                131.455169678,
                142.025756836,
                48.142162323,
                9.78165245056,
                5.78693723679,
                126.418327332,
                485.558685303,
                1196.92932129,
                1494.57421875,
                2080.18530273,
                1038.56591797,
                1727.58398438,
                2836.33984375,
                3901.80371094,
                15014.6025391,
                12404.9804688,
                4167.58251953,
                4051.40014648,
                4163.03466797,
                4064.45166016,
                5019.19238281,
                4779.47753906,
                2823.08544922,
                688.308105469,
                968.085205078,
                574.274353027,
                263.631958008,
                271.494873047,
                596.389648438,
                162.372756958,
                91.0564651489,
                28.6139297485,
                29.6137580872,
                18.2464866638,
                4.86829805374,
                0.107773937285,
                7.14121415513e-05,
                1.25129972162e-07
            ],
            "max": [
                4.57379436493,
                34.2170715332,
                78.2243881226,
                69.5943374634,
                40.651638031,
                25.3067817688,
                34.486114502,
                158.831237793,
                386.988464355,
                633.581787109,
                487.644744873,
                724.216674805,
                624.47845459,
                1351.42932129,
                627.060424805,
                1047.15490723,
                1052.79272461,
                549.599853516,
                811.312011719,
                390.371948242,
                1573.07836914,
                503.253204346,
                379.712097168,
                437.454223633,
                328.032989502,
                451.981018066,
                244.829589844,
                194.589645386,
                139.441711426,
                158.695831299,
                147.952270508,
                109.545951843,
                64.2999191284,
                43.643661499,
                27.0701370239,
                18.2624149323,
                8.73009586334,
                1.51409888268,
                0.0710718110204,
                0.00231304322369
            ],
            "mean": [
                0.384960860014,
                3.54693078995,
                2.53608036041,
                0.905191719532,
                0.682718336582,
                0.644554555416,
                1.10106670856,
                4.75221204758,
                6.2720580101,
                8.43168640137,
                10.5093450546,
                17.0873813629,
                10.3530330658,
                13.2700462341,
                17.4334430695,
                20.9363059998,
                28.2464694977,
                27.0880146027,
                22.8868560791,
                22.8203372955,
                21.0863704681,
                22.202337265,
                21.95728302,
                19.5232257843,
                16.9219875336,
                11.6961860657,
                10.0501050949,
                7.6234869957,
                5.7045583725,
                7.3159828186,
                8.37740135193,
                4.12982177734,
                2.98306179047,
                1.66879034042,
                1.32388234138,
                0.927230536938,
                0.443779617548,
                0.0666354820132,
                0.00216977950186,
                0.0001127477517
            ],
            "median": [
                0.0119384899735,
                0.15462385118,
                0.12498947233,
                0.0588934086263,
                0.128330931067,
                0.129139184952,
                0.217379540205,
                0.656349301338,
                1.14218425751,
                1.31449985504,
                1.82345199585,
                1.85766601562,
                1.74819803238,
                1.67879235744,
                3.22221469879,
                4.21225404739,
                2.7449426651,
                3.35480189323,
                5.96268320084,
                3.39080786705,
                4.29307413101,
                4.89947652817,
                4.02516746521,
                3.23855900764,
                3.23554992676,
                2.03056645393,
                1.60448420048,
                0.643098473549,
                0.678765654564,
                1.90787982941,
                1.80235648155,
                0.449590414762,
                0.344592958689,
                0.186802685261,
                0.115920074284,
                0.0665580108762,
                0.0285554695874,
                0.0048000337556,
                0.000293245917419,
                3.68969667761e-05
            ],
            "min": [
                5.60477216571e-22,
                3.96674947426e-21,
                2.67196543858e-20,
                6.92351852918e-20,
                7.0654665997e-20,
                4.5685976869e-20,
                2.63623081606e-19,
                2.86819655825e-19,
                3.39501496569e-19,
                7.29262797349e-19,
                1.8505645373e-18,
                5.21678824099e-19,
                1.00157851322e-18,
                1.59765261744e-18,
                1.72442156183e-18,
                3.05005335329e-18,
                4.4169835844e-18,
                4.13059628555e-18,
                5.83296665981e-18,
                5.22468781584e-18,
                8.01243206394e-18,
                6.33025523637e-18,
                1.12921031039e-17,
                9.84206128031e-18,
                1.02555109659e-17,
                1.44451046679e-17,
                1.78476343626e-17,
                1.54827365718e-17,
                1.46815377023e-17,
                1.85402922465e-17,
                1.52028186526e-17,
                1.95102326523e-17,
                1.47937447524e-17,
                1.32508163364e-17,
                7.39064039748e-18,
                4.8754575379e-18,
                2.93559678553e-18,
                1.427665554e-18,
                3.46937048945e-19,
                3.67791060594e-20
            ],
            "var": [
                0.535097062588,
                50.1617698669,
                59.2062072754,
                27.3178157806,
                9.01355934143,
                2.7550201416,
                5.72535276413,
                120.178367615,
                355.658996582,
                851.94934082,
                713.02142334,
                2294.36303711,
                735.188293457,
                1651.63500977,
                1570.78686523,
                2159.82299805,
                5234.05810547,
                4095.70385742,
                2128.40209961,
                2041.96911621,
                2029.53771973,
                1955.77307129,
                2305.09692383,
                2651.97021484,
                1688.09008789,
                775.17767334,
                835.562866211,
                568.847351074,
                307.288146973,
                271.040283203,
                280.3125,
                94.8583984375,
                47.0726165771,
                13.0149087906,
                9.14208507538,
                5.12465190887,
                1.30901396275,
                0.0287523362786,
                2.58040672634e-05,
                4.65281857487e-08
            ]
        },
        "erbbands_crest": {
            "dmean": 3.19180202484,
            "dmean2": 5.15209627151,
            "dvar": 8.51824760437,
            "dvar2": 20.6720066071,
            "max": 28.6785564423,
            "mean": 9.61119365692,
            "median": 8.71091556549,
            "min": 2.75625252724,
            "var": 18.0659751892
        },
        "erbbands_flatness_db": {
            "dmean": 0.030542396009,
            "dmean2": 0.0433683097363,
            "dvar": 0.000697355426382,
            "dvar2": 0.00143081881106,
            "max": 0.526972770691,
            "mean": 0.17512370646,
            "median": 0.166040018201,
            "min": 0.0516817159951,
            "var": 0.00384282832965
        },
        "erbbands_kurtosis": {
            "dmean": 1.32674384117,
            "dmean2": 2.13761782646,
            "dvar": 3.47633504868,
            "dvar2": 8.56643486023,
            "max": 34.5577316284,
            "mean": 0.596864521503,
            "median": 0.0303587913513,
            "min": -1.85256886482,
            "var": 4.96268033981
        },
        "erbbands_skewness": {
            "dmean": 0.509816348553,
            "dmean2": 0.785218954086,
            "dvar": 0.234127700329,
            "dvar2": 0.536903560162,
            "max": 4.17015361786,
            "mean": 0.0318634100258,
            "median": 0.0211045704782,
            "min": -4.64470052719,
            "var": 0.665769338608
        },
        "erbbands_spread": {
            "dmean": 15.1339988708,
            "dmean2": 23.2522354126,
            "dvar": 333.127044678,
            "dvar2": 717.943054199,
            "max": 199.827758789,
            "mean": 41.9337844849,
            "median": 32.8006324768,
            "min": 2.51351261139,
            "var": 812.827575684
        },
        "gfcc": {
            "cov": [
                [
                    12646.46875,
                    1011.89575195,
                    1143.41174316,
                    590.156799316,
                    363.292327881,
                    416.53717041,
                    334.542877197,
                    921.393310547,
                    171.704147339,
                    483.396636963,
                    -87.0369415283,
                    174.39515686,
                    -136.377212524
                ],
                [
                    1011.89575195,
                    3168.99487305,
                    557.687988281,
                    791.896118164,
                    810.821899414,
                    178.759094238,
                    677.420776367,
                    299.525085449,
                    372.255828857,
                    134.394454956,
                    319.390289307,
                    -52.4038696289,
                    142.996017456
                ],
                [
                    1143.41174316,
                    557.687988281,
                    2417.01342773,
                    995.544372559,
                    820.654907227,
                    646.793579102,
                    322.613739014,
                    350.528320312,
                    221.691574097,
                    220.713638306,
                    113.415130615,
                    151.230361938,
                    -62.0889778137
                ],
                [
                    590.156799316,
                    791.896118164,
                    995.544372559,
                    1358.97058105,
                    947.750305176,
                    490.345672607,
                    435.604492188,
                    305.309020996,
                    262.793029785,
                    124.763771057,
                    117.771682739,
                    31.8100738525,
                    73.1733779907
                ],
                [
                    363.292327881,
                    810.821899414,
                    820.654907227,
                    947.750305176,
                    1088.46740723,
                    622.064331055,
                    553.751159668,
                    362.983917236,
                    257.025299072,
                    167.021469116,
                    113.420898438,
                    44.58152771,
                    86.6172409058
                ],
                [
                    416.53717041,
                    178.759094238,
                    646.793579102,
                    490.345672607,
                    622.064331055,
                    746.270751953,
                    485.709777832,
                    241.990982056,
                    151.999465942,
                    120.806602478,
                    71.5598449707,
                    66.0512466431,
                    10.379981041
                ],
                [
                    334.542877197,
                    677.420776367,
                    322.613739014,
                    435.604492188,
                    553.751159668,
                    485.709777832,
                    668.116394043,
                    275.256744385,
                    179.306396484,
                    116.303672791,
                    101.569465637,
                    28.0373001099,
                    91.8621749878
                ],
                [
                    921.393310547,
                    299.525085449,
                    350.528320312,
                    305.309020996,
                    362.983917236,
                    241.990982056,
                    275.256744385,
                    398.485839844,
                    203.144134521,
                    137.669754028,
                    37.4033126831,
                    36.4237442017,
                    40.7584762573
                ],
                [
                    171.704147339,
                    372.255828857,
                    221.691574097,
                    262.793029785,
                    257.025299072,
                    151.999465942,
                    179.306396484,
                    203.144134521,
                    287.865509033,
                    102.937133789,
                    76.2697982788,
                    1.50636970997,
                    23.3056850433
                ],
                [
                    483.396636963,
                    134.394454956,
                    220.713638306,
                    124.763771057,
                    167.021469116,
                    120.806602478,
                    116.303672791,
                    137.669754028,
                    102.937133789,
                    215.279693604,
                    73.0984420776,
                    48.1776123047,
                    33.461151123
                ],
                [
                    -87.0369415283,
                    319.390289307,
                    113.415130615,
                    117.771682739,
                    113.420898438,
                    71.5598449707,
                    101.569465637,
                    37.4033126831,
                    76.2697982788,
                    73.0984420776,
                    216.242172241,
                    55.9003295898,
                    1.22965824604
                ],
                [
                    174.39515686,
                    -52.4038696289,
                    151.230361938,
                    31.8100738525,
                    44.58152771,
                    66.0512466431,
                    28.0373001099,
                    36.4237442017,
                    1.50636970997,
                    48.1776123047,
                    55.9003295898,
                    163.613174438,
                    45.4922180176
                ],
                [
                    -136.377212524,
                    142.996017456,
                    -62.0889778137,
                    73.1733779907,
                    86.6172409058,
                    10.379981041,
                    91.8621749878,
                    40.7584762573,
                    23.3056850433,
                    33.461151123,
                    1.22965824604,
                    45.4922180176,
                    183.894134521
                ]
            ],
            "icov": [
                [
                    0.000130624364829,
                    -0.000108267027827,
                    2.30319274124e-05,
                    -0.000114262809802,
                    0.000222103655688,
                    -0.000128672822029,
                    0.000102865385998,
                    -0.000416817667428,
                    0.000261837703874,
                    -0.00028276903322,
                    0.00026125786826,
                    -0.000181345487363,
                    0.00023933344346
                ],
                [
                    -0.000108267027827,
                    0.000749824743252,
                    -0.000174941611476,
                    0.000151158950757,
                    -0.000623754574917,
                    0.000910570670385,
                    -0.000838328094687,
                    0.000517993059475,
                    -0.000570745964069,
                    0.000473411491839,
                    -0.000925964035559,
                    0.000610591436271,
                    -0.000394865463022
                ],
                [
                    2.30319274124e-05,
                    -0.000174941611476,
                    0.000825139810331,
                    -0.00049021653831,
                    8.639760199e-05,
                    -0.000600060971919,
                    0.000486988836201,
                    -0.000297515274724,
                    0.000192765539396,
                    -0.000462277908809,
                    0.000348313711584,
                    -0.000719652627595,
                    0.000678006908856
                ],
                [
                    -0.000114262809802,
                    0.000151158950757,
                    -0.00049021653831,
                    0.00233480939642,
                    -0.00204232241958,
                    0.000545492628589,
                    -0.000106610837975,
                    0.000578084145673,
                    -0.000781864626333,
                    0.000826483883429,
                    -0.000579881307203,
                    0.000529269746039,
                    -0.000618882768322
                ],
                [
                    0.000222103655688,
                    -0.000623754574917,
                    8.639760199e-05,
                    -0.00204232241958,
                    0.00471236696467,
                    -0.00220739957877,
                    8.7685919425e-05,
                    -0.0016396229621,
                    0.000712544366252,
                    -0.000954252376687,
                    0.000667581043672,
                    -6.32355877315e-05,
                    -0.000189314276213
                ],
                [
                    -0.000128672822029,
                    0.000910570670385,
                    -0.000600060971919,
                    0.000545492628589,
                    -0.00220739957877,
                    0.00505049573258,
                    -0.0031357742846,
                    0.00107445800677,
                    -0.000751353160013,
                    0.000332143972628,
                    -0.000322095176671,
                    -0.000528397678863,
                    0.00102745415643
                ],
                [
                    0.000102865385998,
                    -0.000838328094687,
                    0.000486988836201,
                    -0.000106610837975,
                    8.7685919425e-05,
                    -0.0031357742846,
                    0.0051531442441,
                    -0.0018537058495,
                    0.000665385916363,
                    -0.000171589723323,
                    -0.000315950979711,
                    0.000466503028292,
                    -0.00125901948195
                ],
                [
                    -0.000416817667428,
                    0.000517993059475,
                    -0.000297515274724,
                    0.000578084145673,
                    -0.0016396229621,
                    0.00107445800677,
                    -0.0018537058495,
                    0.00707548856735,
                    -0.00357217038982,
                    -0.000646596192382,
                    0.000637975812424,
                    -0.000379345030524,
                    -0.000313014839776
                ],
                [
                    0.000261837703874,
                    -0.000570745964069,
                    0.000192765539396,
                    -0.000781864626333,
                    0.000712544366252,
                    -0.000751353160013,
                    0.000665385916363,
                    -0.00357217038982,
                    0.00724699581042,
                    -0.00163453200366,
                    -0.00078170694178,
                    0.000888107111678,
                    0.000344832165865
                ],
                [
                    -0.00028276903322,
                    0.000473411491839,
                    -0.000462277908809,
                    0.000826483883429,
                    -0.000954252376687,
                    0.000332143972628,
                    -0.000171589723323,
                    -0.000646596192382,
                    -0.00163453200366,
                    0.00793173909187,
                    -0.00253773294389,
                    1.76784724317e-05,
                    -0.00162652914878
                ],
                [
                    0.00026125786826,
                    -0.000925964035559,
                    0.000348313711584,
                    -0.000579881307203,
                    0.000667581043672,
                    -0.000322095176671,
                    -0.000315950979711,
                    0.000637975812424,
                    -0.00078170694178,
                    -0.00253773294389,
                    0.00807259511203,
                    -0.00358854280785,
                    0.00237688585185
                ],
                [
                    -0.000181345487363,
                    0.000610591436271,
                    -0.000719652627595,
                    0.000529269746039,
                    -6.32355877315e-05,
                    -0.000528397678863,
                    0.000466503028292,
                    -0.000379345030524,
                    0.000888107111678,
                    1.76784724317e-05,
                    -0.00358854280785,
                    0.00951095484197,
                    -0.0035968311131
                ],
                [
                    0.00023933344346,
                    -0.000394865463022,
                    0.000678006908856,
                    -0.000618882768322,
                    -0.000189314276213,
                    0.00102745415643,
                    -0.00125901948195,
                    -0.000313014839776,
                    0.000344832165865,
                    -0.00162652914878,
                    0.00237688585185,
                    -0.0035968311131,
                    0.00825326796621
                ]
            ],
            "mean": [
                -63.5363273621,
                20.8436584473,
                -125.611846924,
                15.9664363861,
                -49.0278587341,
                21.032497406,
                -33.4082107544,
                16.4587993622,
                -15.5244722366,
                10.6097736359,
                -9.48931407928,
                8.88650798798,
                -17.0472011566
            ]
        },
        "hfc": {
            "dmean": 18.2592372894,
            "dmean2": 29.6393909454,
            "dvar": 917.879577637,
            "dvar2": 1992.36169434,
            "max": 237.472702026,
            "mean": 21.9130973816,
            "median": 9.46083164215,
            "min": 1.17556473436e-16,
            "var": 1186.07751465
        },
        "melbands": {
            "dmean": [
                0.00106134091038,
                0.00106784235686,
                0.000230204299442,
                5.26335425093e-05,
                2.36481264437e-05,
                6.938847946e-05,
                7.84940566518e-05,
                7.7801036241e-05,
                8.34192251205e-05,
                8.12455546111e-05,
                3.83847109333e-05,
                4.26686165156e-05,
                4.88079422212e-05,
                5.46723604202e-05,
                6.01509455009e-05,
                6.00002022111e-05,
                5.64272158954e-05,
                3.67661559721e-05,
                2.3019123546e-05,
                3.37821147696e-05,
                1.79852777364e-05,
                1.84158907359e-05,
                2.56892035395e-05,
                1.30429552883e-05,
                1.57086960826e-05,
                1.58401799126e-05,
                7.10343829269e-06,
