{
    "lowlevel": {
        "average_loudness": 0.921944200993,
        "barkbands": {
            "dmean": [
                0.000180184579222,
                0.00769577920437,
                0.00235981214792,
                0.00125967687927,
                0.00130869878922,
                0.000510960351676,
                0.000696318456903,
                0.000414379144786,
                0.000487708864966,
                0.000908024609089,
                0.000653403112665,
                0.00082391500473,
                0.000637177960016,
                0.000509346602485,
                0.000792401027866,
                0.000550820550416,
                0.000421244272729,
                0.000341527251294,
                0.000280526961433,
                0.00016890776169,
                0.000188117075595,
                0.000103984340967,
                0.000107121079054,
                0.000101548146631,
                7.77657842264e-05,
                5.79146289965e-05,
                1.7926811779e-05
            ],
            "dmean2": [
                0.000237865475356,
                0.0125866234303,
                0.00425203004852,
                0.00230884179473,
                0.00226362678222,
                0.000828005955555,
                0.00110920425504,
                0.000681500125211,
                0.000757658213843,
                0.0013922995422,
                0.000997539958917,
                0.00126312836073,
                0.00101220712531,
                0.000818887958303,
                0.00126978429034,
                0.000909526017494,
                0.000690583023243,
                0.000559206877369,
                0.000453909829957,
                0.000257139210589,
                0.000293295364827,
                0.000137434748467,
                0.00015084707411,
                0.000144320656545,
                0.000109275344585,
                8.42965673655e-05,
                2.8631720852e-05
            ],
            "dvar": [
                1.43530030527e-07,
                0.000253043079283,
                3.79497032554e-05,
                1.02142203104e-05,
                8.29401233204e-06,
                1.19114747577e-06,
                2.54522296927e-06,
                1.58606405876e-06,
                1.65637709415e-06,
                3.15313150168e-06,
                4.18522404289e-06,
                3.64135530617e-06,
                2.77506569546e-06,
                8.68274867116e-07,
                2.64402387984e-06,
                7.95677863152e-07,
                5.93476670474e-07,
                4.08858966239e-07,
                2.25287394073e-07,
                6.26051388508e-08,
                7.06520353333e-08,
                3.00503266715e-08,
                4.63275355855e-08,
                3.72226729439e-08,
                2.51434784104e-08,
                1.63033622158e-08,
                2.2012649481e-09
            ],
            "dvar2": [
                2.43956435497e-07,
                0.000616915815044,
                0.000104397477116,
                2.86271060759e-05,
                2.22079506784e-05,
                2.80723179458e-06,
                6.01838473813e-06,
                4.27767145084e-06,
                3.80459709959e-06,
                7.34214791009e-06,
                8.95318225957e-06,
                7.58905980547e-06,
                6.70101599098e-06,
                2.07307834899e-06,
                6.27380222795e-06,
                2.10252756006e-06,
                1.44695843574e-06,
                1.02912883904e-06,
                5.74256262098e-07,
                1.40869971688e-07,
                1.57359878017e-07,
                4.79998725211e-08,
                7.829772386e-08,
                6.32008720913e-08,
                5.38225997104e-08,
                3.76690714177e-08,
                5.4607642852e-09
            ],
            "max": [
                0.00318486313336,
                0.11050260812,
                0.0533506199718,
                0.034835010767,
                0.030151873827,
                0.0282988492399,
                0.0232829358429,
                0.0400745943189,
                0.0243178904057,
                0.0467064119875,
                0.0557456500828,
                0.0412479937077,
                0.0378056503832,
                0.0270451903343,
                0.0415820963681,
                0.0144141400233,
                0.0185265075415,
                0.0173145383596,
                0.0101565122604,
                0.00459032645449,
                0.00522405328229,
                0.00303267082199,
                0.00274884398095,
                0.0031750483904,
                0.00333491223864,
                0.00271258759312,
                0.000466557743493
            ],
            "mean": [
                0.000203088624403,
                0.00821941532195,
                0.00204286817461,
                0.00127753056586,
                0.00149624340702,
                0.000713065965101,
                0.00093393313,
                0.00057248165831,
                0.000758881971706,
                0.00163328181952,
                0.00100073439535,
                0.00159626675304,
                0.00097800209187,
                0.00078541127732,
                0.00133284390904,
                0.00085361598758,
                0.000714377092663,
                0.000640090787783,
                0.000520108093042,
                0.000309775874484,
                0.000392523215851,
                0.000217472814256,
                0.000216010914301,
                0.000209799138247,
                0.000134460395202,
                8.58347993926e-05,
                2.17031247303e-05
            ],
            "median": [
                2.05855412787e-05,
                0.000979378819466,
                0.000541637244169,
                0.000398204836529,
                0.000558468163945,
                0.00028334610397,
                0.000287718285108,
                0.000191853687284,
                0.000210903483094,
                0.000612785806879,
                0.000142072181916,
                0.000469151476864,
                0.000339981837897,
                0.000338954036124,
                0.000649105408229,
                0.000477235589642,
                0.000437493086793,
                0.000358794815838,
                0.000318289734423,
                0.000180109462235,
                0.000249932520092,
                9.76542869466e-05,
                8.36588442326e-05,
                7.51101470087e-05,
                4.86749049742e-05,
                2.2606454877e-05,
                1.74361753125e-06
            ],
            "min": [
                1.32816124545e-23,
                1.81835152335e-23,
                9.97676962226e-24,
                1.09290028321e-23,
                1.76629664325e-23,
                3.33820502214e-23,
                3.90964828882e-23,
                6.37283049331e-23,
                4.25193188015e-23,
                3.45112825191e-23,
                3.88642043723e-23,
                3.95103161636e-23,
                8.69563837071e-23,
                8.63360424239e-23,
                1.16575996551e-22,
                6.66786636513e-23,
                9.21166952305e-23,
                1.30838740557e-22,
                1.86274672183e-22,
                2.45843212589e-22,
                3.00637087168e-22,
                4.61447834202e-22,
                6.97870734918e-22,
                7.40330333793e-22,
                9.49000830184e-22,
                1.53353317992e-21,
                2.66793616426e-21
            ],
            "var": [
                2.33480605516e-07,
                0.000294512137771,
                2.56658877333e-05,
                7.37048640076e-06,
                7.59076874601e-06,
                1.99808073376e-06,
                3.98902557208e-06,
                1.84359623745e-06,
                3.57479575541e-06,
                7.53312724555e-06,
                1.06899524326e-05,
                1.29470963657e-05,
                5.42897987543e-06,
                1.79585629212e-06,
                5.32035619472e-06,
                1.31096021505e-06,
                1.19370827178e-06,
                1.01367425032e-06,
                4.64012430257e-07,
                1.3592432424e-07,
                1.98619702019e-07,
                1.13129431156e-07,
                1.28190450255e-07,
                1.14322915579e-07,
                5.14598461621e-08,
                2.85149290846e-08,
                3.14492165643e-09
            ]
        },
        "barkbands_crest": {
            "dmean": 3.48258185387,
            "dmean2": 5.64699029922,
            "dvar": 10.7403612137,
            "dvar2": 24.9199886322,
            "max": 26.6136875153,
            "mean": 10.097905159,
            "median": 8.75102043152,
            "min": 1.85524773598,
            "var": 28.1854019165
        },
        "barkbands_flatness_db": {
            "dmean": 0.0266672112048,
            "dmean2": 0.0411396883428,
            "dvar": 0.000740212271921,
            "dvar2": 0.00163739954587,
            "max": 0.48266273737,
            "mean": 0.110815145075,
            "median": 0.102364107966,
            "min": 0.012074764818,
            "var": 0.00334935681894
        },
        "barkbands_kurtosis": {
            "dmean": 2.32487010956,
            "dmean2": 3.85753107071,
            "dvar": 47.057384491,
            "dvar2": 119.77205658,
            "max": 262.24597168,
            "mean": 1.51128208637,
            "median": -0.121312379837,
            "min": -1.94668900967,
            "var": 48.531211853
        },
        "barkbands_skewness": {
            "dmean": 0.608818650246,
            "dmean2": 0.90443778038,
            "dvar": 0.502416908741,
            "dvar2": 1.07234013081,
            "max": 15.4417572021,
            "mean": 0.653621196747,
            "median": 0.403587251902,
            "min": -2.66341590881,
            "var": 1.52417814732
        },
        "barkbands_spread": {
            "dmean": 7.04054927826,
            "dmean2": 10.928188324,
            "dvar": 48.3790893555,
            "dvar2": 107.741035461,
            "max": 129.929275513,
            "mean": 28.285533905,
            "median": 26.6619377136,
            "min": 0.643575549126,
            "var": 226.433654785
        },
        "dissonance": {
            "dmean": 0.0152476811782,
            "dmean2": 0.0257573667914,
            "dvar": 0.000263366673607,
            "dvar2": 0.000715241127182,
            "max": 0.500000119209,
            "mean": 0.473812252283,
            "median": 0.479917734861,
            "min": 0.248123437166,
            "var": 0.000505204428919
        },
        "dynamic_complexity": 2.4832201004,
        "erbbands": {
            "dmean": [
                0.174808114767,
                1.89322519302,
                3.08701872826,
                3.06355762482,
                4.54721736908,
                4.47530984879,
                3.67311668396,
                4.83743333817,
                10.0184392929,
                7.60926437378,
                8.98571681976,
                10.7908401489,
                14.5841207504,
                32.878704071,
                29.61677742,
                27.1630840302,
                29.7557792664,
                19.4449062347,
                47.1955451965,
                21.226726532,
                32.927444458,
                20.7446041107,
                18.6422958374,
                15.7676563263,
                11.3863344193,
                8.18641376495,
                9.1522397995,
                5.80773925781,
                3.87560749054,
                3.3296380043,
                2.94981455803,
                2.37250304222,
                1.58733570576,
                0.929069340229,
                0.546564161777,
                0.274590760469,
                0.101726263762,
                0.0235788840801,
                0.00341014424339,
                0.000148189981701
            ],
            "dmean2": [
                0.279411256313,
                3.11377739906,
                5.28134346008,
                5.48881912231,
                7.98389291763,
                7.78547239304,
                6.24986982346,
                7.78725385666,
                15.9963779449,
                12.340092659,
                14.6261014938,
                17.0567760468,
                22.4378147125,
                49.7042999268,
                44.827922821,
                41.0081672668,
                46.8910713196,
                30.4293727875,
                75.6420440674,
                34.4989814758,
                54.4607467651,
                33.8371009827,
                29.9116191864,
                25.8856697083,
                18.1577243805,
                12.4628248215,
                14.3043241501,
                8.84827423096,
                5.21200180054,
                4.49125957489,
                4.05036306381,
                3.35552549362,
                2.29063725471,
                1.32410728931,
                0.815873622894,
                0.410862773657,
                0.145644336939,
                0.0337210968137,
                0.00556472735479,
                0.000253939273534
            ],
            "dvar": [
                0.12381426245,
                17.4125404358,
                63.396068573,
                48.6691474915,
                121.143203735,
                103.608230591,
                58.2672271729,
                118.155288696,
                550.749938965,
                430.4815979,
                447.513122559,
                903.518676758,
                1151.0357666,
                4085.9753418,
                5671.54150391,
                3227.8684082,
                6544.32470703,
                1319.45349121,
                8959.63867188,
                1509.05371094,
                3041.53125,
                1464.13293457,
                1323.80725098,
                753.020080566,
                274.937194824,
                145.30619812,
                151.44367981,
                86.9071807861,
                44.2172279358,
                35.3884620667,
                33.6572570801,
                20.7135448456,
                9.01289844513,
                3.37182068825,
                1.43966269493,
                0.388813972473,
                0.0478528477252,
                0.00295552611351,
                8.54402969708e-05,
                1.93590992126e-07
            ],
            "dvar2": [
                0.289887219667,
                42.0929298401,
                164.101104736,
                135.658218384,
                320.596160889,
                278.840911865,
                147.110351562,
                274.243438721,
                1339.54101562,
                1057.17236328,
                1174.37316895,
                2155.71264648,
                2726.03417969,
                9355.81445312,
                12513.5136719,
                6606.35644531,
                15676.3632812,
                2941.15649414,
                21268.1191406,
                3649.43261719,
                8085.71337891,
                3501.24951172,
                3137.02661133,
                1996.90393066,
                664.939575195,
                326.728912354,
                358.160980225,
                183.941329956,
                73.625038147,
                56.7580986023,
                61.1830329895,
                35.4123268127,
                16.5669116974,
                6.94036531448,
                3.36120939255,
                0.927951097488,
                0.103541962802,
                0.00565971340984,
                0.000218101718929,
                5.587388614e-07
            ],
            "max": [
                2.55801868439,
                29.4111824036,
                59.6290130615,
                64.3180541992,
                137.50289917,
                118.971351624,
                160.063079834,
                351.258911133,
                402.137207031,
                654.065490723,
                528.125976562,
                517.561157227,
                711.139343262,
                1668.72192383,
                1828.5,
                1426.81506348,
                1794.71740723,
                899.807434082,
                2445.56152344,
                850.230163574,
                972.307006836,
                963.345581055,
                1179.45129395,
                511.345092773,
                283.477355957,
                216.600296021,
                171.138412476,
                209.97354126,
                129.911849976,
                91.7811965942,
                83.88306427,
                94.2648162842,
                46.2411155701,
                41.7953109741,
                18.9523983002,
                11.4473438263,
                4.99431562424,
                0.698207080364,
                0.0982357263565,
                0.00463483389467
            ],
            "mean": [
                0.22394284606,
                1.84292387962,
                2.89963006973,
                3.2824921608,
                4.94379663467,
                4.81415700912,
                4.59946966171,
                6.78958559036,
                13.7319469452,
                10.3643741608,
                13.3577575684,
                16.2116508484,
                26.0263614655,
                63.0785751343,
                57.7428627014,
                54.9592437744,
                48.2166404724,
                33.3176193237,
                83.7966766357,
                37.7024002075,
                53.6912002563,
                38.418422699,
                38.7077674866,
                29.8409557343,
                21.8782520294,
                16.0677433014,
                18.1362056732,
                11.7831830978,
                7.99401378632,
                6.98099565506,
                5.90406847,
                4.79381465912,
                3.14830541611,
                1.67136514187,
                0.873022556305,
                0.383197426796,
                0.153158530593,
                0.0391603447497,
                0.00367416185327,
                0.00016425549984
            ],
            "median": [
                0.015184991993,
                0.264086544514,
                0.851478934288,
                1.25114369392,
                1.83287715912,
                1.52040803432,
                1.7645560503,
                2.56878757477,
                4.54477119446,
                3.66113615036,
                5.12829780579,
                5.12069702148,
                11.386806488,
                24.5042705536,
                17.1763038635,
                20.9304885864,
                17.5060272217,
                18.3612804413,
                40.2833786011,
                22.3473758698,
                30.8125190735,
                24.9210014343,
                21.9863777161,
                19.1137428284,
                14.1709651947,
                9.66666221619,
                11.9135408401,
                6.44058895111,
                3.58756017685,
                2.84571552277,
                2.3151140213,
                1.77693927288,
                1.05498242378,
                0.5752825737,
                0.304101228714,
                0.112879924476,
                0.0369899906218,
                0.00755688268691,
                0.000250748998951,
                4.98821973451e-05
            ],
            "min": [
                4.22463691417e-22,
                5.06677730823e-21,
                1.01505683646e-20,
                3.26509481213e-20,
                3.73497540533e-20,
                7.60757427754e-20,
                1.49833376508e-19,
                4.31735805483e-19,
                6.35994047381e-19,
                8.90440180476e-19,
                1.22259403846e-18,
                1.19810421905e-18,
                9.33443025776e-19,
                1.50966531229e-18,
                1.72941876671e-18,
                2.55946638726e-18,
                4.72746458655e-18,
                5.56484226811e-18,
                5.67908666405e-18,
                6.11846060361e-18,
                4.80545696497e-18,
                6.31725402509e-18,
                6.71917612165e-18,
                8.19851047863e-18,
                1.07377746338e-17,
                1.10917508605e-17,
                9.57494315382e-18,
                1.39634919911e-17,
                1.33320223115e-17,
                2.11060311444e-17,
                1.97629545274e-17,
                1.38399856538e-17,
                1.20838183476e-17,
                9.5864467546e-18,
                6.75986637675e-18,
                5.39814055926e-18,
                2.79578320287e-18,
                1.35886883905e-18,
                3.1388066277e-19,
                3.60349698567e-20
            ],
            "var": [
                0.20909267664,
                17.4261188507,
                49.3417892456,
                36.9108047485,
                99.5281143188,
                95.3028793335,
                76.5462875366,
                196.354904175,
                865.821655273,
                552.390441895,
                619.179443359,
                1585.01196289,
                2138.92749023,
                10595.796875,
                17126.0507812,
                12140.0341797,
                13221.7978516,
                2654.53759766,
                19471.0644531,
                2736.57519531,
                5092.75830078,
                3008.67797852,
                3989.93652344,
                1506.61938477,
                608.392150879,
                349.065368652,
                367.487731934,
                247.541900635,
                152.077453613,
                124.852111816,
                93.5814666748,
                60.0522346497,
                26.3824214935,
                7.82684803009,
                2.37707328796,
                0.593291044235,
                0.0912963747978,
                0.00664291996509,
                0.000107865329483,
                1.65493844406e-07
            ]
        },
        "erbbands_crest": {
            "dmean": 2.92150998116,
            "dmean2": 4.71699953079,
            "dvar": 7.6142578125,
            "dvar2": 19.0060424805,
            "max": 32.3277893066,
            "mean": 9.6917886734,
            "median": 8.68443584442,
            "min": 2.18493103981,
            "var": 22.1839675903
        },
        "erbbands_flatness_db": {
            "dmean": 0.0203038435429,
            "dmean2": 0.0284646879882,
            "dvar": 0.000448781240266,
            "dvar2": 0.000776066968683,
            "max": 0.47179967165,
            "mean": 0.164272993803,
            "median": 0.155628800392,
            "min": 0.034522138536,
            "var": 0.00346627365798
        },
        "erbbands_kurtosis": {
            "dmean": 0.927412569523,
            "dmean2": 1.44929337502,
            "dvar": 2.27657270432,
            "dvar2": 4.82991409302,
            "max": 94.7434921265,
            "mean": 0.77020585537,
            "median": 0.328009366989,
            "min": -1.85978877544,
            "var": 4.40307569504
        },
        "erbbands_skewness": {
            "dmean": 0.359720677137,
            "dmean2": 0.550690174103,
            "dvar": 0.111472591758,
            "dvar2": 0.250891894102,
            "max": 8.99582290649,
            "mean": 0.0333675779402,
            "median": -0.0167999565601,
            "min": -2.5659968853,
            "var": 0.424718976021
        },
        "erbbands_spread": {
            "dmean": 7.06378793716,
            "dmean2": 10.2341127396,
            "dvar": 59.2155609131,
            "dvar2": 115.242370605,
            "max": 122.675331116,
            "mean": 29.8451423645,
            "median": 27.2679443359,
            "min": 1.66553330421,
            "var": 248.448883057
        },
        "gfcc": {
            "cov": [
                [
                    19715.6992188,
                    482.867706299,
                    1153.73242188,
                    659.637268066,
                    -151.701644897,
                    511.119140625,
                    -383.724609375,
                    229.444732666,
                    -321.227844238,
                    -27.5096988678,
                    -367.038635254,
                    257.728759766,
                    -378.013824463
                ],
                [
                    482.867706299,
                    1350.45227051,
                    -275.914764404,
                    181.802505493,
                    197.932495117,
                    13.7366695404,
                    177.789779663,
                    53.6143035889,
                    65.6702575684,
                    -15.0952501297,
                    48.2092552185,
                    -49.4015922546,
                    134.275985718
                ],
                [
                    1153.73242188,
                    -275.914764404,
                    1388.95605469,
                    357.16897583,
                    137.343963623,
                    212.261611938,
                    -34.6682739258,
                    77.9097213745,
                    5.10669374466,
                    8.17897129059,
                    -65.0133056641,
                    103.538711548,
                    -112.352394104
                ],
                [
                    659.637268066,
                    181.802505493,
                    357.16897583,
                    435.55178833,
                    176.258758545,
                    174.786651611,
                    88.3871078491,
                    90.3273010254,
                    83.8814086914,
                    33.7210617065,
                    8.3495388031,
                    51.8644561768,
                    1.47867155075
                ],
                [
                    -151.701644897,
                    197.932495117,
                    137.343963623,
                    176.258758545,
                    331.704620361,
                    199.989593506,
                    179.709396362,
                    59.5037384033,
                    64.6981582642,
                    38.9473571777,
                    38.8341217041,
                    58.2703781128,
                    33.0346832275
                ],
                [
                    511.119140625,
                    13.7366695404,
                    212.261611938,
                    174.786651611,
                    199.989593506,
                    346.296875,
                    144.817687988,
                    94.3937759399,
                    40.1715545654,
                    46.4111213684,
                    28.0034446716,
                    67.3651046753,
                    10.0524806976
                ],
                [
                    -383.724609375,
                    177.789779663,
                    -34.6682739258,
                    88.3871078491,
                    179.709396362,
                    144.817687988,
                    248.721923828,
                    87.5731811523,
                    93.0384979248,
                    31.7551651001,
                    53.3413085938,
                    39.73487854,
                    53.4748840332
                ],
                [
                    229.444732666,
                    53.6143035889,
                    77.9097213745,
                    90.3273010254,
                    59.5037384033,
                    94.3937759399,
                    87.5731811523,
                    180.067993164,
                    79.6990280151,
                    38.4859695435,
                    23.7092666626,
                    27.5897464752,
                    11.22697258
                ],
                [
                    -321.227844238,
                    65.6702575684,
                    5.10669374466,
                    83.8814086914,
                    64.6981582642,
                    40.1715545654,
                    93.0384979248,
                    79.6990280151,
                    153.270828247,
                    63.7776947021,
                    46.7542457581,
                    14.9864702225,
                    26.0705070496
                ],
                [
                    -27.5096988678,
                    -15.0952501297,
                    8.17897129059,
                    33.7210617065,
                    38.9473571777,
                    46.4111213684,
                    31.7551651001,
                    38.4859695435,
                    63.7776947021,
                    136.476486206,
                    63.2929763794,
                    16.7994251251,
                    6.00508546829
                ],
                [
                    -367.038635254,
                    48.2092552185,
                    -65.0133056641,
                    8.3495388031,
                    38.8341217041,
                    28.0034446716,
                    53.3413085938,
                    23.7092666626,
                    46.7542457581,
                    63.2929763794,
                    113.132240295,
                    36.3155174255,
                    35.4542007446
                ],
                [
                    257.728759766,
                    -49.4015922546,
                    103.538711548,
                    51.8644561768,
                    58.2703781128,
                    67.3651046753,
                    39.73487854,
                    27.5897464752,
                    14.9864702225,
                    16.7994251251,
                    36.3155174255,
                    115.02040863,
                    23.7857761383
                ],
                [
                    -378.013824463,
                    134.275985718,
                    -112.352394104,
                    1.47867155075,
                    33.0346832275,
                    10.0524806976,
                    53.4748840332,
                    11.22697258,
                    26.0705070496,
                    6.00508546829,
                    35.4542007446,
                    23.7857761383,
                    107.55770874
                ]
            ],
            "icov": [
                [
                    8.66084301379e-05,
                    -0.000128280415083,
                    1.5697818526e-05,
                    -7.60656621424e-05,
                    0.000191043756786,
                    -0.000187779573025,
                    0.000148121544044,
                    -0.00011824988178,
                    0.000169841005118,
                    -0.000172466956428,
                    0.000342164421454,
                    -0.000411017041188,
                    0.000326120236423
                ],
                [
                    -0.000128280415083,
                    0.00136691867374,
                    0.000191011960851,
                    -0.000605173176154,
                    -0.000935759046115,
                    0.00082467176253,
                    -0.000579337880481,
                    -0.000119500356959,
                    0.000189022495761,
                    0.000603367167059,
                    -0.000886720605195,
                    0.00169350556098,
                    -0.00160035956651
                ],
                [
                    1.5697818526e-05,
                    0.000191011960851,
                    0.00125190161634,
                    -0.000891644624062,
                    -0.000302374886815,
                    -0.000269782380201,
                    0.000623982341494,
                    -0.000276927428786,
                    8.88572321855e-05,
                    1.08044314402e-05,
                    0.000649173278362,
                    -0.000929032627027,
                    0.000942760729231
                ],
                [
                    -7.60656621424e-05,
                    -0.000605173176154,
                    -0.000891644624062,
                    0.00455442024395,
                    -0.00110105751082,
                    -0.00101219909266,
                    0.000786358839832,
                    -0.000200319904252,
                    -0.00219895807095,
                    0.000311663316097,
                    0.000268730014795,
                    -0.000266176240984,
                    4.27693921665e-05
                ],
                [
                    0.000191043756786,
                    -0.000935759046115,
                    -0.000302374886815,
                    -0.00110105751082,
                    0.00763506116346,
                    -0.00247990246862,
                    -0.00332790031098,
                    0.00131272734143,
                    0.000365957064787,
                    -0.0011541757267,
                    0.00104750460014,
                    -0.00206501013599,
                    0.00103033857886
                ],
                [
                    -0.000187779573025,
                    0.00082467176253,
                    -0.000269782380201,
                    -0.00101219909266,
                    -0.00247990246862,
                    0.00657939957455,
                    -0.00251741427928,
                    -0.00142278056592,
                    0.00205677654594,
                    -0.000951437512413,
                    -0.000503416289575,
                    0.000273198995274,
                    -0.000750417471863
                ],
                [
                    0.000148121544044,
                    -0.000579337880481,
                    0.000623982341494,
                    0.000786358839832,
                    -0.00332790031098,
                    -0.00251741427928,
                    0.0105899320915,
                    -0.00193600426428,
                    -0.00354070146568,
                    0.00180457578972,
                    -0.000826997507829,
                    -0.000930141075514,
                    -0.000684984202962
                ],
                [
                    -0.00011824988178,
                    -0.000119500356959,
                    -0.000276927428786,
                    -0.000200319904252,
                    0.00131272734143,
                    -0.00142278056592,
                    -0.00193600426428,
                    0.00890185963362,
                    -0.00364715000615,
                    -0.000275552476523,
                    0.000198842797545,
                    -0.00031584961107,
                    0.000113920112199
                ],
                [
                    0.000169841005118,
                    0.000189022495761,
                    8.88572321855e-05,
                    -0.00219895807095,
                    0.000365957064787,
                    0.00205677654594,
                    -0.00354070146568,
                    -0.00364715000615,
                    0.0134093686938,
                    -0.00439484976232,
                    -0.000576868013013,
                    0.000523192051332,
                    -0.000610032933764
                ],
                [
                    -0.000172466956428,
                    0.000603367167059,
                    1.08044314402e-05,
                    0.000311663316097,
                    -0.0011541757267,
                    -0.000951437512413,
                    0.00180457578972,
                    -0.000275552476523,
                    -0.00439484976232,
                    0.012642535381,
                    -0.00701635051519,
                    0.00192432710901,
                    0.000469242630061
                ],
                [
                    0.000342164421454,
                    -0.000886720605195,
                    0.000649173278362,
                    0.000268730014795,
                    0.00104750460014,
                    -0.000503416289575,
                    -0.000826997507829,
                    0.000198842797545,
                    -0.000576868013013,
                    -0.00701635051519,
                    0.0170983914286,
                    -0.00600970676169,
                    -0.000675883202348
                ],
                [
                    -0.000411017041188,
                    0.00169350556098,
                    -0.000929032627027,
                    -0.000266176240984,
                    -0.00206501013599,
                    0.000273198995274,
                    -0.000930141075514,
                    -0.00031584961107,
                    0.000523192051332,
                    0.00192432710901,
                    -0.00600970676169,
                    0.015170302242,
                    -0.00502949114889
                ],
                [
                    0.000326120236423,
                    -0.00160035956651,
                    0.000942760729231,
                    4.27693921665e-05,
                    0.00103033857886,
                    -0.000750417471863,
                    -0.000684984202962,
                    0.000113920112199,
                    -0.000610032933764,
                    0.000469242630061,
                    -0.000675883202348,
                    -0.00502949114889,
                    0.0149646401405
                ]
            ],
            "mean": [
                1.751927495,
                58.1616401672,
                -140.167282104,
                26.7664775848,
                -46.4730682373,
                18.5475177765,
                -32.9369773865,
                9.90864181519,
                -26.3524894714,
                2.49373173714,
                -16.6586437225,
                0.684732913971,
                -9.03828334808
            ]
        },
        "hfc": {
            "dmean": 8.74344539642,
            "dmean2": 12.5303487778,
            "dvar": 139.591293335,
            "dvar2": 276.643157959,
            "max": 144.793304443,
            "mean": 29.9477958679,
            "median": 23.2534770966,
            "min": 1.22886732659e-16,
            "var": 571.871826172
        },
        "melbands": {
            "dmean": [
                0.00190661591478,
                0.00185679795686,
                0.000583113695029,
                0.000325247383444,
                0.000139612297062,
                0.000105268067273,
                0.000150380539708,
                8.46436159918e-05,
                7.2983908467e-05,
                6.99699812685e-05,
                7.78397516115e-05,
                0.000142239179695,
                0.000101632387668,
                0.000107186948298,
                6.75273186062e-05,
                5.0341936003e-05,
                3.80215788027e-05,
                7.82318165875e-05,
                4.2983883759e-05,
                2.88013652607e-05,
                3.98040137952e-05,
                2.14041974687e-05,
                2.47079296969e-05,
                1.66488280229e-05,
                1.36185390147e-05,
                1.14040585686e-05,
                5.79709512749e-06,
