{
    "lowlevel": {
        "average_loudness": 0.886448740959,
        "barkbands": {
            "dmean": [
                0.000902944128029,
                0.00535483285785,
                0.00159170804545,
                0.00181233289186,
                0.00239150156267,
                0.000782269344199,
                0.00255626253784,
                0.00127350667026,
                0.00100988440681,
                0.000939289689995,
                0.000404346064897,
                0.000374976661988,
                0.000323513580952,
                0.000287605420453,
                0.000179745911737,
                0.00018245211686,
                0.000181256706128,
                0.000102038960904,
                9.00600498426e-05,
                9.24314954318e-05,
                0.000128899802803,
                0.000147618004121,
                0.000172046275111,
                0.000217884546146,
                0.000266979419393,
                0.000124583675642,
                6.6773677645e-06
            ],
            "dmean2": [
                0.00119018170517,
                0.00736293103546,
                0.00269986176863,
                0.0030677781906,
                0.00393795175478,
                0.00124467036221,
                0.00382316135801,
                0.00202473439276,
                0.00150778726675,
                0.00143563724123,
                0.000634204305243,
                0.000607178895734,
                0.000535980623681,
                0.000465003919089,
                0.000297232938465,
                0.000310763862217,
                0.000296532525681,
                0.000168763595866,
                0.000152689346578,
                0.00015193343279,
                0.000201686299988,
                0.000225321753533,
                0.00024636159651,
                0.000318834441714,
                0.000404902821174,
                0.000178777336259,
                1.08155418275e-05
            ],
            "dvar": [
                2.77207300314e-06,
                0.000140796444612,
                3.89819433622e-05,
                3.91105531889e-05,
                2.95567751891e-05,
                3.56095029019e-06,
                2.32399288507e-05,
                1.68473798112e-05,
                4.46774174634e-06,
                3.3641574646e-06,
                1.0889530131e-06,
                6.73393742545e-07,
                5.16399552453e-07,
                5.24126164692e-07,
                7.47858379668e-08,
                1.14195749745e-07,
                1.41040089829e-07,
                2.73236366866e-08,
                1.28857493564e-07,
                1.05695235675e-07,
                8.8497401407e-08,
                1.77013575353e-07,
                1.46005760371e-07,
                2.26010769211e-07,
                4.71104300459e-07,
                6.52982592442e-08,
                3.28887195256e-10
            ],
            "dvar2": [
                4.81763390781e-06,
                0.00025181658566,
                0.000106148399937,
                9.89109321381e-05,
                7.87932658568e-05,
                7.90131798567e-06,
                5.00567439303e-05,
                4.18162380811e-05,
                9.30665464693e-06,
                7.34995182938e-06,
                2.2780288873e-06,
                1.59631281349e-06,
                1.29888189804e-06,
                1.31142166993e-06,
                1.95471912434e-07,
                3.12219469834e-07,
                3.60866437177e-07,
                6.97178066389e-08,
                3.71548736666e-07,
                2.92920418588e-07,
                2.0444129234e-07,
                3.94787690539e-07,
                2.77052095043e-07,
                4.72801417573e-07,
                1.11184601792e-06,
                1.28451063119e-07,
                7.28500038072e-10
            ],
            "max": [
                0.0194475129247,
                0.165906712413,
                0.071014136076,
                0.0569437965751,
                0.0704915821552,
                0.0584796965122,
                0.0919101163745,
                0.079986333847,
                0.0577674806118,
                0.0405738204718,
                0.0255052670836,
                0.0415578745306,
                0.0230868645012,
                0.0257866475731,
                0.00449096271768,
                0.00723893474787,
                0.0108226202428,
                0.00419882778078,
                0.0103077208623,
                0.00960722379386,
                0.00711058313027,
                0.00902501679957,
                0.00879634264857,
                0.00756705598906,
                0.00675348984078,
                0.00515011418611,
                0.000671090732794
            ],
            "mean": [
                0.00230312510394,
                0.0140529312193,
                0.00175445259083,
                0.00160411815159,
                0.00340160517953,
                0.00110294553451,
                0.00452607823536,
                0.0018544960767,
                0.0018808292225,
                0.00143838743679,
                0.000564305577427,
                0.000588865252212,
                0.000435408379417,
                0.000419941061409,
                0.000299931038171,
                0.000290760654025,
                0.000316213379847,
                0.000180847520824,
                0.000146862672409,
                0.00016133011377,
                0.00021276321786,
                0.00025344316964,
                0.000257852021605,
                0.000339916994562,
                0.000373566668713,
                0.000169246311998,
                6.92508228894e-06
            ],
            "median": [
                0.000868966104463,
                0.00382993090898,
                0.000410230160924,
                0.000288479495794,
                0.00151548301801,
                0.000358483113814,
                0.00146641838364,
                0.00019989174325,
                0.000422951707151,
                0.000385238672607,
                0.000198732712306,
                0.000240929366555,
                0.000190545833902,
                0.000162942815223,
                0.00017453203327,
                0.000149239232996,
                0.000172050844412,
                0.000113285990665,
                8.61275111674e-05,
                8.98519356269e-05,
                0.000101846817415,
                0.000108569562144,
                9.2927381047e-05,
                0.000141268654261,
                0.00013165382552,
                4.83934418298e-05,
                8.81257960827e-07
            ],
            "min": [
                8.17318174908e-25,
                2.00213339507e-23,
                1.70618859772e-24,
                2.98224132053e-23,
                4.94919783012e-23,
                4.55116354535e-23,
                1.47455521235e-23,
                4.4214290586e-23,
                5.25411497364e-23,
                9.10050071993e-23,
                2.96950090137e-23,
                2.82322968124e-23,
                1.1789465644e-22,
                1.3482271532e-22,
                2.48392533355e-22,
                1.15887062234e-22,
                9.54338868914e-23,
                1.90567867799e-22,
                2.13305944044e-22,
                2.73766288548e-22,
                5.98131251516e-22,
                5.488379715e-22,
                4.48106113702e-22,
                8.33396785999e-22,
                1.74028844825e-21,
                1.6187907422e-21,
                2.58287590556e-21
            ],
            "var": [
                1.16734654512e-05,
                0.000571959535591,
                3.00875453831e-05,
                3.11756703013e-05,
                3.40278747899e-05,
                5.54109055884e-06,
                6.09776361671e-05,
                2.94931378448e-05,
                1.62490923685e-05,
                7.99777353677e-06,
                1.7923730411e-06,
                1.42844794482e-06,
                6.30175804872e-07,
                8.15860914827e-07,
                1.41493188721e-07,
                1.93671269244e-07,
                2.45846877078e-07,
                5.15790254951e-08,
                9.4219416269e-08,
                9.13258801916e-08,
                1.3334289406e-07,
                2.97615940781e-07,
                2.92303866445e-07,
                3.91953335566e-07,
                5.47449758415e-07,
                1.08547055788e-07,
                4.91023943727e-10
            ]
        },
        "barkbands_crest": {
            "dmean": 2.7221455574,
            "dmean2": 4.16293907166,
            "dvar": 6.77890825272,
            "dvar2": 15.2022428513,
            "max": 26.5378856659,
            "mean": 11.6118030548,
            "median": 10.8625049591,
            "min": 2.10306286812,
            "var": 26.1137390137
        },
        "barkbands_flatness_db": {
            "dmean": 0.0279265735298,
            "dmean2": 0.0405109152198,
            "dvar": 0.000978884869255,
            "dvar2": 0.0021352332551,
            "max": 0.721042215824,
            "mean": 0.163809537888,
            "median": 0.135582566261,
            "min": 0.0222065653652,
            "var": 0.0122471433133
        },
        "barkbands_kurtosis": {
            "dmean": 5.66466665268,
            "dmean2": 8.43401432037,
            "dvar": 521.86151123,
            "dvar2": 1140.4753418,
            "max": 984.528930664,
            "mean": 8.16993522644,
            "median": 3.01004981995,
            "min": -1.95376229286,
            "var": 806.114990234
        },
        "barkbands_skewness": {
            "dmean": 0.65761256218,
            "dmean2": 0.97394746542,
            "dvar": 0.841660916805,
            "dvar2": 1.77531731129,
            "max": 24.2600154877,
            "mean": 1.8748421669,
            "median": 1.61373472214,
            "min": -3.08947467804,
            "var": 2.92290878296
        },
        "barkbands_spread": {
            "dmean": 6.84019422531,
            "dmean2": 10.3441429138,
            "dvar": 86.0391921997,
            "dvar2": 179.70135498,
            "max": 112.21812439,
            "mean": 22.3274803162,
            "median": 18.5997505188,
            "min": 0.100869223475,
            "var": 276.702880859
        },
        "dissonance": {
            "dmean": 0.0266860462725,
            "dmean2": 0.044077154249,
            "dvar": 0.000933217408601,
            "dvar2": 0.00246140407398,
            "max": 0.500000059605,
            "mean": 0.442673116922,
            "median": 0.460809201002,
            "min": 0.0421901792288,
            "var": 0.00320635479875
        },
        "dynamic_complexity": 3.47735857964,
        "erbbands": {
            "dmean": [
                0.279481619596,
                0.950804412365,
                1.65170454979,
                3.52614593506,
                8.36817169189,
                8.29583644867,
                5.49196577072,
                7.3571305275,
                34.1761360168,
                31.1371002197,
                24.2369995117,
                20.0412044525,
                25.8412914276,
                23.7594985962,
                16.3792171478,
                12.6479606628,
                14.1409883499,
                13.9398384094,
                12.3063926697,
                7.96108579636,
                10.2308731079,
                9.11957454681,
                6.14599370956,
                4.08506727219,
                5.03819990158,
                4.37384033203,
                4.46815490723,
                5.61131048203,
                5.13691282272,
                5.70784711838,
                4.66828298569,
                4.04928970337,
                4.20097112656,
                2.96396446228,
                1.83139789104,
                0.77322769165,
                0.190594479442,
                0.028239056468,
                0.00070420029806,
                3.29327667714e-05
            ],
            "dmean2": [
                0.394323825836,
                1.16360986233,
                2.57662248611,
                5.98045015335,
                13.5554704666,
                13.9217271805,
                8.8579158783,
                11.6085166931,
                51.9479637146,
                46.7770805359,
                37.620262146,
                30.0557918549,
                39.4316253662,
                36.9616165161,
                25.8513183594,
                20.5763111115,
                23.3630867004,
                22.8453731537,
                20.039888382,
                13.1914281845,
                17.4610424042,
                14.8736829758,
                9.99834442139,
                6.84339570999,
                8.53470516205,
                7.19695901871,
                7.12049436569,
                8.58356571198,
                7.8456287384,
                8.45250892639,
                6.75693464279,
                5.92467737198,
                6.34403324127,
                4.47763538361,
                2.77028894424,
                1.1522744894,
                0.271951586008,
                0.0408975444734,
                0.0010304111056,
                4.62854841317e-05
            ],
            "dvar": [
                0.343682140112,
                5.50644874573,
                36.1400375366,
                107.486824036,
                674.772338867,
                302.847503662,
                155.681274414,
                313.610595703,
                4615.18994141,
                6981.95654297,
                4877.10253906,
                1935.54675293,
                3016.70874023,
                2074.35888672,
                1456.67041016,
                956.005065918,
                832.723510742,
                1759.51293945,
                406.455993652,
                168.811798096,
                474.769592285,
                368.706878662,
                91.0659637451,
                89.2137527466,
                683.252868652,
                174.864395142,
                159.326416016,
                162.873764038,
                175.316802979,
                240.838287354,
                109.546737671,
                77.3400344849,
                93.9881591797,
                51.0170288086,
                22.428314209,
                3.06300592422,
                0.153619229794,
                0.00407471368089,
                3.16240698339e-06,
                3.20623216865e-09
            ],
            "dvar2": [
                0.688187360764,
                8.12561511993,
                90.6800308228,
                280.238342285,
                1676.60888672,
                819.483337402,
                373.582519531,
                693.335266113,
                10389.8544922,
                15853.5341797,
                11224.5390625,
                4127.60058594,
                6803.39208984,
                5020.83886719,
                3022.11083984,
                2468.74121094,
                2136.51806641,
                4444.85693359,
                993.807861328,
                425.451934814,
                1289.48193359,
                961.098144531,
                224.667388916,
                246.045257568,
                1986.26208496,
                478.81817627,
                407.839904785,
                344.618988037,
                380.422149658,
                496.568511963,
                220.924621582,
                163.907485962,
                208.194076538,
                116.308815002,
                52.6570587158,
                6.8739490509,
                0.2906665802,
                0.00772618828341,
                6.12712028669e-06,
                5.88330895113e-09
            ],
            "max": [
                7.6316318512,
                32.9635009766,
                63.0826225281,
                82.9531936646,
                258.067932129,
                307.930664062,
                276.374603271,
                552.016662598,
                1148.24365234,
                2080.10083008,
                1679.32885742,
                1602.78833008,
                1069.13012695,
                957.037597656,
                1027.39160156,
                1183.61804199,
                818.457458496,
                1728.41162109,
                395.664428711,
                375.860107422,
                509.356658936,
                727.481933594,
                187.848815918,
                229.863693237,
                783.493713379,
                378.361846924,
                404.637756348,
                261.819549561,
                290.365356445,
                435.170318604,
                241.325698853,
                150.224411011,
                128.809738159,
                74.369354248,
                44.2072257996,
                21.2932987213,
                9.50818061829,
                1.89661514759,
                0.0567948743701,
                0.00126078003086
            ],
            "mean": [
                0.699308395386,
                1.97727715969,
                2.19227004051,
                3.62608504295,
                9.23216724396,
                11.870847702,
                8.43449497223,
                11.4926843643,
                59.4688796997,
                52.6196212769,
                39.8051338196,
                37.011844635,
                47.3623390198,
                37.2400283813,
                27.0940322876,
                20.6785316467,
                20.4634590149,
                20.0805244446,
                20.325460434,
                14.4243402481,
                16.8341960907,
                16.9793300629,
                12.0384206772,
                7.40377759933,
                8.29205799103,
                7.85235261917,
                7.34317541122,
                9.19106292725,
                8.78155326843,
                9.14552307129,
                6.8960814476,
                6.37190914154,
                6.17678260803,
                4.23872375488,
                2.43838143349,
                0.991274178028,
                0.265379756689,
                0.0378518514335,
                0.000939352903515,
                7.93177314335e-05
            ],
            "median": [
                0.227758944035,
                0.356556892395,
                0.631664514542,
                1.05363488197,
                2.95285987854,
                5.24964570999,
                3.21394062042,
                4.30274772644,
                19.1915855408,
                12.8121700287,
                8.38561725616,
                10.8569946289,
                11.1856307983,
                16.2802219391,
                13.21393013,
                9.92545509338,
                9.82736778259,
                8.86916065216,
                11.3030586243,
                9.16831588745,
                8.75360107422,
                10.1245584488,
                7.56341362,
                4.91298818588,
                4.73078155518,
                4.40036678314,
                3.8603181839,
                3.90855288506,
                3.89340209961,
                3.50815367699,
                2.47932434082,
                2.7009062767,
                2.39752745628,
                1.48199868202,
                0.815421819687,
                0.309200376272,
                0.0667012631893,
                0.00770185375586,
                0.000209242018173,
                5.27648517163e-05
            ],
            "min": [
                2.41804522433e-22,
                5.52904767823e-21,
                6.20387398119e-21,
                5.67839521861e-20,
                1.69289349524e-19,
                1.33419812558e-19,
                2.70475161457e-19,
                3.34534793978e-19,
                3.09251992706e-19,
                3.58699815749e-19,
                9.58700778985e-19,
                1.15468716306e-18,
                2.69506693226e-18,
                1.90771485941e-18,
                1.08536363746e-18,
                1.7450562026e-18,
                6.12534605503e-18,
                5.85452133222e-18,
                8.60382649724e-18,
                1.20568282714e-17,
                6.28013222715e-18,
                6.67620367524e-18,
                8.8067297656e-18,
                1.01611428929e-17,
                1.11325234201e-17,
                1.36762626224e-17,
                2.28705794445e-17,
                2.38878163833e-17,
                2.17345676415e-17,
                1.25138472142e-17,
                1.45733391695e-17,
                1.68386725386e-17,
                1.35459808487e-17,
                1.94920793465e-17,
                1.20384830598e-17,
                6.38240401091e-18,
                2.89602860092e-18,
                1.39305404242e-18,
                3.32860657967e-19,
                3.87269709991e-20
            ],
            "var": [
                1.18706929684,
                18.6553173065,
                36.4475402832,
                84.4534301758,
                617.456542969,
                435.142822266,
                258.794128418,
                531.401672363,
                12126.6035156,
                15220.1269531,
                10922.0839844,
                6367.78515625,
                8837.65527344,
                3691.07495117,
                2671.76391602,
                1821.71154785,
                1118.08239746,
                2282.57666016,
                795.177490234,
                349.711303711,
                766.106262207,
                594.608154297,
                216.404495239,
                102.321235657,
                454.541778564,
                174.974685669,
                174.032272339,
                289.499542236,
                308.29989624,
                480.574707031,
                195.928314209,
                135.333084106,
                138.129135132,
                65.0458374023,
                25.7304267883,
                3.92892408371,
                0.279065340757,
                0.00778636103496,
                5.94361472395e-06,
                7.8860793451e-09
            ]
        },
        "erbbands_crest": {
            "dmean": 3.07319974899,
            "dmean2": 4.90666770935,
            "dvar": 8.42404079437,
            "dvar2": 20.0619010925,
            "max": 31.4105224609,
            "mean": 10.1734275818,
            "median": 8.90167427063,
            "min": 2.30876135826,
            "var": 29.0428524017
        },
        "erbbands_flatness_db": {
            "dmean": 0.0190881788731,
            "dmean2": 0.0279567278922,
            "dvar": 0.000403596990509,
            "dvar2": 0.000792666338384,
            "max": 0.59359228611,
            "mean": 0.160287261009,
            "median": 0.136630788445,
            "min": 0.0429777652025,
            "var": 0.00770625984296
        },
        "erbbands_kurtosis": {
            "dmean": 1.58949530125,
            "dmean2": 2.46554064751,
            "dvar": 7.06861829758,
            "dvar2": 16.2064208984,
            "max": 50.5032806396,
            "mean": 1.79497528076,
            "median": 0.416964292526,
            "min": -1.82974267006,
            "var": 15.4008016586
        },
        "erbbands_skewness": {
            "dmean": 0.458355277777,
            "dmean2": 0.692481040955,
            "dvar": 0.245886474848,
            "dvar2": 0.519218087196,
            "max": 5.69087362289,
            "mean": 0.78874206543,
            "median": 0.689477324486,
            "min": -4.58949756622,
            "var": 0.95689201355
        },
        "erbbands_spread": {
            "dmean": 10.7556533813,
            "dmean2": 15.7011604309,
            "dvar": 190.335372925,
            "dvar2": 380.758392334,
            "max": 189.334686279,
            "mean": 40.2461471558,
            "median": 36.7168426514,
            "min": 1.10477972031,
            "var": 649.767822266
        },
        "gfcc": {
            "cov": [
                [
                    21436.5664062,
                    -3788.60229492,
                    -1459.26623535,
                    1573.86328125,
                    -183.497833252,
                    1487.31396484,
                    -829.042907715,
                    687.776184082,
                    -740.696960449,
                    484.861907959,
                    -566.452880859,
                    258.291168213,
                    -460.985290527
                ],
                [
                    -3788.60229492,
                    3697.7265625,
                    1362.04992676,
                    -415.912658691,
                    431.488891602,
                    -394.735961914,
                    584.814453125,
                    -222.771270752,
                    485.151153564,
                    -248.680435181,
                    315.768554688,
                    -88.329536438,
                    367.881866455
                ],
                [
                    -1459.26623535,
                    1362.04992676,
                    2351.79077148,
                    275.68460083,
                    466.825683594,
                    107.172134399,
                    342.19229126,
                    65.1903076172,
                    255.723068237,
                    62.9353141785,
                    190.066238403,
                    151.870880127,
                    212.985122681
                ],
                [
                    1573.86328125,
                    -415.912658691,
                    275.68460083,
                    830.583251953,
                    271.564971924,
                    237.01499939,
                    -61.5227394104,
                    104.288795471,
                    -3.0769944191,
                    83.6840667725,
                    26.807434082,
                    86.2100830078,
                    46.7694549561
                ],
                [
                    -183.497833252,
                    431.488891602,
                    466.825683594,
                    271.564971924,
                    478.62197876,
                    147.965179443,
                    137.320465088,
                    71.6005630493,
                    98.0362854004,
                    25.0509738922,
                    95.3397445679,
                    85.0433120728,
                    76.6362533569
                ],
                [
                    1487.31396484,
                    -394.735961914,
                    107.172134399,
                    237.01499939,
                    147.965179443,
                    403.833251953,
                    63.4327011108,
                    116.012969971,
                    -35.5420417786,
                    86.3366165161,
                    1.40006792545,
                    74.5264587402,
                    -31.4217224121
                ],
                [
                    -829.042907715,
                    584.814453125,
                    342.19229126,
                    -61.5227394104,
                    137.320465088,
                    63.4327011108,
                    321.971221924,
                    26.4755687714,
                    120.68196106,
                    -7.60360050201,
                    87.7205123901,
                    11.1176795959,
                    54.6958732605
                ],
                [
                    687.776184082,
                    -222.771270752,
                    65.1903076172,
                    104.288795471,
                    71.6005630493,
                    116.012969971,
                    26.4755687714,
                    202.932556152,
                    44.2070770264,
                    85.1278839111,
                    5.21647596359,
                    47.447177887,
                    8.04971504211
                ],
                [
                    -740.696960449,
                    485.151153564,
                    255.723068237,
                    -3.0769944191,
                    98.0362854004,
                    -35.5420417786,
                    120.68196106,
                    44.2070770264,
                    236.697357178,
                    46.5278701782,
                    57.8539199829,
                    10.6206541061,
                    67.5244750977
                ],
                [
                    484.861907959,
                    -248.680435181,
                    62.9353141785,
                    83.6840667725,
                    25.0509738922,
                    86.3366165161,
                    -7.60360050201,
                    85.1278839111,
                    46.5278701782,
                    154.572494507,
                    25.613451004,
                    50.712978363,
                    -13.001950264
                ],
                [
                    -566.452880859,
                    315.768554688,
                    190.066238403,
                    26.807434082,
                    95.3397445679,
                    1.40006792545,
                    87.7205123901,
                    5.21647596359,
                    57.8539199829,
                    25.613451004,
                    140.242889404,
                    33.9997291565,
                    49.5126304626
                ],
                [
                    258.291168213,
                    -88.329536438,
                    151.870880127,
                    86.2100830078,
                    85.0433120728,
                    74.5264587402,
                    11.1176795959,
                    47.447177887,
                    10.6206541061,
                    50.712978363,
                    33.9997291565,
                    107.619163513,
                    25.2127056122
                ],
                [
                    -460.985290527,
                    367.881866455,
                    212.985122681,
                    46.7694549561,
                    76.6362533569,
                    -31.4217224121,
                    54.6958732605,
                    8.04971504211,
                    67.5244750977,
                    -13.001950264,
                    49.5126304626,
                    25.2127056122,
                    118.966567993
                ]
            ],
            "icov": [
                [
                    0.000132876230055,
                    -0.000240419220063,
                    0.000102734447864,
                    -0.000272850535112,
                    0.000267164548859,
                    -0.000416978582507,
                    0.000267111347057,
                    -0.000391777779441,
                    0.000400749675464,
                    -0.000331296148943,
                    0.000498707988299,
                    -0.000356310629286,
                    0.000407429266488
                ],
                [
                    -0.000240419220063,
                    0.00178849243093,
                    -0.000557701452635,
                    0.00115446804557,
                    -0.00132173602469,
                    0.00111133314203,
                    -0.00110214669257,
                    0.00164490530733,
                    -0.0020612499211,
                    0.00190888973884,
                    -0.00204410939477,
                    0.00212928792462,
                    -0.00259915390052
                ],
                [
                    0.000102734447864,
                    -0.000557701452635,
                    0.000837903411593,
                    -0.000500765338074,
                    0.000151592495968,
                    -0.000344450585544,
                    -8.77235434018e-05,
                    -0.000347026332747,
                    0.000504259893205,
                    -0.000801232352387,
                    0.000726713100448,
                    -0.00116893893573,
                    0.000266132934485
                ],
                [
                    -0.000272850535112,
                    0.00115446804557,
                    -0.000500765338074,
                    0.00288889487274,
                    -0.0019220947288,
                    5.63626417716e-05,
                    0.000357084471034,
                    0.00110800145194,
                    -0.00130426941905,
                    0.000878820777871,
                    -0.00163621513639,
                    0.00181822024751,
                    -0.00272054434754
                ],
                [
                    0.000267164548859,
                    -0.00132173602469,
                    0.000151592495968,
                    -0.0019220947288,
                    0.00509747304022,
                    -0.00186737801414,
                    0.00035297908471,
                    -0.00174136215355,
                    0.000550384400412,
                    0.000167646343471,
                    0.000416546274209,
                    -0.00313318357803,
                    0.00198190589435
                ],
                [
                    -0.000416978582507,
                    0.00111133314203,
                    -0.000344450585544,
                    5.63626417716e-05,
                    -0.00186737801414,
                    0.00635873666033,
                    -0.00313492561691,
                    0.000241016212385,
                    0.000316139892675,
                    -0.000330568378558,
                    -0.000598619517405,
                    -1.60812633112e-05,
                    -0.000113438094559
                ],
                [
                    0.000267111347057,
                    -0.00110214669257,
                    -8.77235434018e-05,
                    0.000357084471034,
                    0.00035297908471,
                    -0.00313492561691,
                    0.0070202187635,
                    -0.00165889260825,
                    -0.000970969966147,
                    0.000809287303127,
                    -0.00116248650011,
                    -6.20561113465e-05,
                    0.00142567022704
                ],
                [
                    -0.000391777779441,
                    0.00164490530733,
                    -0.000347026332747,
                    0.00110800145194,
                    -0.00174136215355,
                    0.000241016212385,
                    -0.00165889260825,
                    0.00940627511591,
                    -0.00297450227663,
                    -0.00133726361673,
                    -0.000717572518624,
                    0.00109608541243,
                    -0.00349883269519
                ],
                [
                    0.000400749675464,
                    -0.0020612499211,
                    0.000504259893205,
                    -0.00130426941905,
                    0.000550384400412,
                    0.000316139892675,
                    -0.000970969966147,
                    -0.00297450227663,
                    0.0104495408013,
                    -0.00615830440074,
                    0.0030910524074,
                    -0.000708955631126,
                    0.000173169217305
                ],
                [
                    -0.000331296148943,
                    0.00190888973884,
                    -0.000801232352387,
                    0.000878820777871,
                    0.000167646343471,
                    -0.000330568378558,
                    0.000809287303127,
                    -0.00133726361673,
                    -0.00615830440074,
                    0.01469604671,
                    -0.00546766072512,
                    -0.00145955197513,
                    0.001111876918
                ],
                [
                    0.000498707988299,
                    -0.00204410939477,
                    0.000726713100448,
                    -0.00163621513639,
                    0.000416546274209,
                    -0.000598619517405,
                    -0.00116248650011,
                    -0.000717572518624,
                    0.0030910524074,
                    -0.00546766072512,
                    0.0141869550571,
                    -0.0043774144724,
                    0.000423496385338
                ],
                [
                    -0.000356310629286,
                    0.00212928792462,
                    -0.00116893893573,
                    0.00181822024751,
                    -0.00313318357803,
                    -1.60812633112e-05,
                    -6.20561113465e-05,
                    0.00109608541243,
                    -0.000708955631126,
                    -0.00145955197513,
                    -0.0043774144724,
                    0.0177167952061,
                    -0.0063087134622
                ],
                [
                    0.000407429266488,
                    -0.00259915390052,
                    0.000266132934485,
                    -0.00272054434754,
                    0.00198190589435,
                    -0.000113438094559,
                    0.00142567022704,
                    -0.00349883269519,
                    0.000173169217305,
                    0.001111876918,
                    0.000423496385338,
                    -0.0063087134622,
                    0.0180735420436
                ]
            ],
            "mean": [
                -12.3522377014,
                75.0988082886,
                -95.8828125,
                15.0229930878,
                -68.359992981,
                18.5867786407,
                -41.7462348938,
                14.475566864,
                -21.4506340027,
                7.18552446365,
                -18.3000087738,
                5.18489599228,
                -9.15264320374
            ]
        },
        "hfc": {
            "dmean": 11.0101232529,
            "dmean2": 15.9218730927,
            "dvar": 364.793579102,
            "dvar2": 720.338500977,
            "max": 210.155273438,
            "mean": 27.6997833252,
            "median": 21.0142211914,
            "min": 1.19230541412e-16,
            "var": 780.625305176
        },
        "melbands": {
            "dmean": [
                0.00188851030543,
                0.000777222623583,
                0.000800500856712,
                0.000613583135419,
                0.000211082486203,
                0.000170361541677,
                0.000516012136359,
                0.000326101406245,
                0.00018791713228,
                0.000132577435579,
                0.000135305454023,
                0.000107872285298,
                5.79134939471e-05,
                4.2151674279e-05,
                3.70711386495e-05,
                2.94510409731e-05,
                2.69099145953e-05,
                2.26968513743e-05,
                1.09882357719e-05,
                1.16292030725e-05,
                1.21824687085e-05,
                9.78961907094e-06,
                1.02411486296e-05,
                4.27074883191e-06,
                3.42089401784e-06,
                3.77856031264e-06,
                3.83233327739e-06,
                2.8010178994e-06,
                2.82848691313e-06,
