{
    "lowlevel": {
        "average_loudness": 0.827239274979,
        "barkbands": {
            "dmean": [
                0.000193173429579,
                0.00488444557413,
                0.00211948016658,
                0.000694245100021,
                0.00105358962901,
                0.00196335860528,
                0.000570512318518,
                0.000378473167075,
                0.000791505037341,
                0.000516934378538,
                0.000476914399769,
                0.000348671514075,
                0.00014151839423,
                0.000182633564691,
                0.000190365404706,
                9.43774430198e-05,
                0.000113632457214,
                6.78154829075e-05,
                8.77646380104e-05,
                5.59315558348e-05,
                5.66452181374e-05,
                5.45746588614e-05,
                3.50509253622e-05,
                4.17414230469e-05,
                3.27206180373e-05,
                1.02672493085e-05,
                9.41985263125e-07
            ],
            "dmean2": [
                0.000272121833405,
                0.00735832937062,
                0.00372593803331,
                0.00117719068658,
                0.00167713453993,
                0.00288905831985,
                0.000924022227991,
                0.000586926878896,
                0.00112701463513,
                0.00074837502325,
                0.000678409822285,
                0.000481634342577,
                0.000211475387914,
                0.000278738123598,
                0.000283183442662,
                0.000148485807586,
                0.000171372128534,
                0.000103872422187,
                0.000131951514049,
                8.44722526381e-05,
                8.43447123771e-05,
                8.20108980406e-05,
                5.31293117092e-05,
                6.15854878561e-05,
                4.92768158438e-05,
                1.58669572556e-05,
                1.49056211285e-06
            ],
            "dvar": [
                2.92741674457e-07,
                0.000198897570954,
                3.92029178329e-05,
                5.51376206204e-06,
                6.3880597736e-06,
                1.37705937959e-05,
                1.80765925961e-06,
                1.48367735164e-06,
                4.42274904344e-06,
                2.54580618275e-06,
                1.87441048638e-06,
                1.24763425902e-06,
                1.33435563043e-07,
                3.45243449829e-07,
                3.04182321997e-07,
                1.50746870986e-07,
                1.03711201405e-07,
                2.9553367753e-08,
                3.9880905689e-08,
                1.47642822412e-08,
                1.81566051083e-08,
                1.93721216846e-08,
                1.12056230961e-08,
                1.56716932764e-08,
                1.15417471136e-08,
                1.09185038788e-09,
                8.97480961076e-12
            ],
            "dvar2": [
                5.64287176985e-07,
                0.000402075791499,
                0.000109720334876,
                1.52583179442e-05,
                1.45495932884e-05,
                2.8652664696e-05,
                4.84477732243e-06,
                3.47214177054e-06,
                9.51564925344e-06,
                4.81680899611e-06,
                3.53382188223e-06,
                2.21523350774e-06,
                2.86880890599e-07,
                7.79076913204e-07,
                6.4766942387e-07,
                3.29788264253e-07,
                2.40457382006e-07,
                7.01087046195e-08,
                8.82561081994e-08,
                3.11285859311e-08,
                3.84895919581e-08,
                3.90440142439e-08,
                2.26923422275e-08,
                3.15766541803e-08,
                2.21798348576e-08,
                2.29860774859e-09,
                2.14396295856e-11
            ],
            "max": [
                0.0068192272447,
                0.150781035423,
                0.0875398591161,
                0.0434463471174,
                0.0693263709545,
                0.0819758176804,
                0.025765452534,
                0.0331496819854,
                0.0498845130205,
                0.0434944368899,
                0.0507449433208,
                0.0363640896976,
                0.00881376862526,
                0.0152911515906,
                0.0191850364208,
                0.0208870414644,
                0.00803187023848,
                0.00383101776242,
                0.00423347204924,
                0.00329773081467,
                0.00312978564762,
                0.00345406238921,
                0.00294377258979,
                0.00328033883125,
                0.00291533372365,
                0.000866109970957,
                6.75126502756e-05
            ],
            "mean": [
                0.000244845985435,
                0.00828777067363,
                0.00295971590094,
                0.00079232204007,
                0.00199942942709,
                0.00627991743386,
                0.00105056853499,
                0.000641740334686,
                0.00195289205294,
                0.00130569236353,
                0.00134957069531,
                0.000803529925179,
                0.000288391369395,
                0.000293313263683,
                0.000408611202147,
                0.000154335299158,
                0.00020211712399,
                0.000123298392282,
                0.000186713339644,
                0.000122686644318,
                0.00013458057947,
                0.000105121129309,
                5.55477854505e-05,
                6.91878376529e-05,
                5.38962231076e-05,
                1.32144123199e-05,
                1.03183799638e-06
            ],
            "median": [
                3.71672504116e-05,
                0.00439466536045,
                0.000881419633515,
                0.000184832315426,
                0.000671557383612,
                0.00220889016055,
                0.000273796496913,
                0.000116634837468,
                0.000391749956179,
                0.00013732437219,
                0.000165911507793,
                0.00014599559654,
                8.83939937921e-05,
                4.97998989886e-05,
                4.83470139443e-05,
                1.97347308131e-05,
                4.94877567689e-05,
                2.51196070167e-05,
                3.36265366059e-05,
                2.880183456e-05,
                2.10504967981e-05,
                1.89788734133e-05,
                1.01381101558e-05,
                1.43239831232e-05,
                1.03596230474e-05,
                1.83889778782e-06,
                1.16040737907e-07
            ],
            "min": [
                2.32241518244e-23,
                1.75213169907e-23,
                1.42456288797e-23,
                1.39736864376e-23,
                4.24019930968e-23,
                3.40826375913e-23,
                1.26121566914e-22,
                3.67041359753e-23,
                1.06797213661e-22,
                2.50352723332e-23,
                2.62012702822e-23,
                7.97565953756e-23,
                1.31358959614e-22,
                2.00992923408e-22,
                1.78386429162e-22,
                2.77839284687e-22,
                1.27849752898e-22,
                2.81770462567e-22,
                3.77471836414e-22,
                3.08547935787e-22,
                5.11250327088e-22,
                6.4756584492e-22,
                6.30319250317e-22,
                1.02187542196e-21,
                1.17160985506e-21,
                1.70346053369e-21,
                2.19283116617e-21
            ],
            "var": [
                4.31395420719e-07,
                0.000262254761765,
                3.2599815313e-05,
                4.25441248808e-06,
                1.96196233446e-05,
                8.52678349474e-05,
                4.14909891333e-06,
                2.98304485113e-06,
                1.7708121959e-05,
                1.57460126502e-05,
                1.60613763001e-05,
                6.30436261417e-06,
                4.31391327993e-07,
                7.16095030384e-07,
                1.39423980272e-06,
                3.14554142733e-07,
                2.4326681114e-07,
                7.99876076485e-08,
                1.33326480523e-07,
                5.41876730153e-08,
                7.79187701028e-08,
                6.21671460976e-08,
                2.31195329548e-08,
                3.47139454959e-08,
                2.55012881922e-08,
                1.83160919764e-09,
                1.08745564636e-11
            ]
        },
        "barkbands_crest": {
            "dmean": 2.36142778397,
            "dmean2": 3.66035652161,
            "dvar": 6.12475252151,
            "dvar2": 14.1404943466,
            "max": 26.4397277832,
            "mean": 13.3491249084,
            "median": 12.7081098557,
            "min": 3.16461467743,
            "var": 26.2129211426
        },
        "barkbands_flatness_db": {
            "dmean": 0.025059575215,
            "dmean2": 0.0346737578511,
            "dvar": 0.000853177218232,
            "dvar2": 0.00157606101129,
            "max": 0.560171961784,
            "mean": 0.199399501085,
            "median": 0.18260833621,
            "min": 0.031408559531,
            "var": 0.00711022922769
        },
        "barkbands_kurtosis": {
            "dmean": 5.91915941238,
            "dmean2": 8.75649642944,
            "dvar": 338.648132324,
            "dvar2": 713.908203125,
            "max": 475.26260376,
            "mean": 10.3094844818,
            "median": 3.96496701241,
            "min": -1.86470174789,
            "var": 545.811645508
        },
        "barkbands_skewness": {
            "dmean": 0.617677092552,
            "dmean2": 0.874783635139,
            "dvar": 0.856230914593,
            "dvar2": 1.60633790493,
            "max": 18.9612350464,
            "mean": 1.9337054491,
            "median": 1.65559780598,
            "min": -5.65443181992,
            "var": 3.85694003105
        },
        "barkbands_spread": {
            "dmean": 3.82898688316,
            "dmean2": 5.75287628174,
            "dvar": 41.311290741,
            "dvar2": 81.9768753052,
            "max": 102.90838623,
            "mean": 14.1963529587,
            "median": 11.8046188354,
            "min": 0.141174390912,
            "var": 125.722930908
        },
        "dissonance": {
            "dmean": 0.0282836165279,
            "dmean2": 0.0473197698593,
            "dvar": 0.000907298352104,
            "dvar2": 0.00242650602013,
            "max": 0.499594479799,
            "mean": 0.433575570583,
            "median": 0.442070692778,
            "min": 0.1602075845,
            "var": 0.00181584618986
        },
        "dynamic_complexity": 5.09062337875,
        "erbbands": {
            "dmean": [
                0.162557333708,
                1.12524497509,
                2.39093375206,
                2.44382190704,
                1.7374638319,
                4.1808013916,
                13.3294296265,
                15.4516048431,
                10.0955724716,
                5.4199719429,
                10.9981327057,
                17.3904628754,
                18.6045684814,
                14.5284881592,
                14.08390522,
                14.6913328171,
                6.86950397491,
                9.94441127777,
                6.77439212799,
                8.4729642868,
                5.01415252686,
                5.45372629166,
                3.62559270859,
                4.06277561188,
                3.75421047211,
                2.42842102051,
                2.11228084564,
                2.46790289879,
                2.17945694923,
                1.18038475513,
                1.04861438274,
                0.88856524229,
                0.696166336536,
                0.450543671846,
                0.19685330987,
                0.0643051937222,
                0.0152790918946,
                0.0024787846487,
                0.000133672976517,
                1.10346054498e-05
            ],
            "dmean2": [
                0.239519923925,
                1.77497804165,
                4.19544029236,
                4.07686090469,
                2.92201399803,
                6.62016487122,
                20.3009357452,
                22.2704162598,
                16.2714099884,
                8.38210773468,
                16.1633968353,
                24.6990413666,
                26.2615184784,
                20.2346858978,
                18.6345043182,
                19.5112686157,
                9.90698432922,
                15.0736398697,
                10.0812320709,
                12.6599197388,
                7.77593755722,
                8.20115756989,
                5.5654258728,
                6.11590576172,
                5.57192087173,
                3.64487719536,
                3.11202502251,
                3.70171809196,
                3.27336549759,
                1.77197134495,
                1.57976067066,
                1.30588269234,
                1.04747879505,
                0.671515822411,
                0.300544410944,
                0.0990665107965,
                0.023867091164,
                0.0038404231891,
                0.000207928431337,
                1.58409166033e-05
            ],
            "dvar": [
                0.238150686026,
                11.145447731,
                49.3913536072,
                49.319065094,
                32.1858634949,
                107.220336914,
                819.970031738,
                1025.93041992,
                591.454528809,
                238.444976807,
                1020.57006836,
                2610.36645508,
                3251.99682617,
                1646.40356445,
                2600.73681641,
                2561.72338867,
                265.719390869,
                950.074768066,
                376.514282227,
                730.772827148,
                241.883758545,
                212.84161377,
                88.4714050293,
                115.276496887,
                73.7879562378,
                29.6053943634,
                23.2972793579,
                40.1417884827,
                32.0505561829,
                11.6775169373,
                10.0407848358,
                7.41213083267,
                4.47754859924,
                2.01824188232,
                0.489063739777,
                0.0486916154623,
                0.00226186192594,
                5.83637047384e-05,
                1.72765922457e-07,
                3.92802124161e-10
            ],
            "dvar2": [
                0.441487848759,
                26.1672382355,
                138.331497192,
                127.730476379,
                87.8701934814,
                243.42137146,
                1803.10522461,
                2013.33459473,
                1611.07495117,
                596.165405273,
                2047.3762207,
                5562.05175781,
                6280.76953125,
                3034.48779297,
                3806.9987793,
                4164.38085938,
                571.276855469,
                2136.27441406,
                823.389099121,
                1558.11657715,
                538.460083008,
                475.345489502,
                213.100189209,
                245.863082886,
                158.058670044,
                63.7910652161,
                49.2663955688,
                87.8759078979,
                68.4361190796,
                24.26014328,
                20.8126792908,
                14.3184547424,
                9.48871994019,
                3.90933299065,
                0.99679428339,
                0.104664430022,
                0.00479949917644,
                0.000128930885694,
                4.09918442301e-07,
                7.7359091355e-10
            ],
            "max": [
                5.32012748718,
                38.8246917725,
                91.8656311035,
                121.896507263,
                92.5799407959,
                260.15637207,
                712.597412109,
                688.017028809,
                512.392944336,
                356.3097229,
                1012.20123291,
                1430.52209473,
                1698.78442383,
                1487.1204834,
                2459.39868164,
                1874.84143066,
                407.309661865,
                780.668457031,
                505.260986328,
                757.426818848,
                728.235961914,
                360.429138184,
                204.531463623,
                302.629852295,
                206.237457275,
                136.843063354,
                105.909790039,
                155.23789978,
                131.946807861,
                108.063018799,
                90.0989608765,
                81.9884262085,
                56.7049789429,
                38.5612258911,
                20.8096065521,
                5.45112848282,
                1.39593589306,
                0.183478161693,
                0.00966132245958,
                0.000265261362074
            ],
            "mean": [
                0.23860168457,
                1.84407913685,
                3.52855181694,
                3.33732962608,
                2.39461183548,
                8.14606189728,
                35.8697738647,
                46.3483276367,
                22.6776638031,
                10.3970975876,
                23.3090229034,
                45.8363304138,
                55.0915184021,
                38.7026939392,
                40.0485649109,
                35.2256393433,
                16.2900276184,
                17.9906330109,
                14.6460914612,
                18.4762802124,
                10.069442749,
                10.3373231888,
                6.98387718201,
                8.6607837677,
                8.84442520142,
                5.47408246994,
                4.99508857727,
                5.73480939865,
                4.25789737701,
                2.04435801506,
                1.6489289999,
                1.44341504574,
                1.13463878632,
                0.764518201351,
                0.289946526289,
                0.0856738761067,
                0.0187606010586,
                0.00292563042603,
                0.000165437944815,
                3.82414182241e-05
            ],
            "median": [
                0.0930475592613,
                1.00615596771,
                1.73331081867,
                1.27833032608,
                0.921485185623,
                3.02073144913,
                11.1211471558,
                14.2445812225,
                6.88970327377,
                3.42988753319,
                5.78146648407,
                8.86301326752,
                7.59409093857,
                7.57439041138,
                4.27545690536,
                6.63521289825,
                5.98666381836,
                4.27832889557,
                2.54163599014,
                2.47005987167,
                2.17092728615,
                2.69438004494,
                1.46623456478,
                1.90086233616,
                1.63767242432,
                1.25888001919,
                0.930465221405,
                0.892174243927,
                0.789163768291,
                0.367587268353,
                0.299955934286,
                0.254404276609,
                0.246387422085,
                0.159427776933,
                0.0479571148753,
                0.0123778246343,
                0.00240947538987,
                0.000357709708624,
                3.73990551452e-05,
                3.2668140193e-05
            ],
            "min": [
                9.41374754041e-22,
                2.60254608281e-21,
                1.21815544545e-20,
                4.51424319648e-20,
                4.9394114464e-20,
                1.31933459471e-19,
                4.08779914972e-19,
                2.49699563945e-19,
                1.92225669458e-18,
                8.09960159766e-19,
                1.54567289794e-18,
                2.11807950368e-18,
                1.17002619354e-18,
                8.91872133514e-19,
                1.51464442259e-18,
                3.26980008687e-18,
                4.94213780785e-18,
                9.44473334488e-18,
                9.77778769236e-18,
                9.13214344576e-18,
                1.69250599731e-17,
                9.45308869625e-18,
                1.27005236805e-17,
                1.95413578043e-17,
                1.9402403042e-17,
                1.39679951623e-17,
                1.97747848645e-17,
                1.99730617117e-17,
                2.85624439811e-17,
                1.3425435818e-17,
                2.12625204814e-17,
                2.01279330834e-17,
                1.66967051845e-17,
                1.24809973906e-17,
                9.23366084079e-18,
                6.16445391362e-18,
                3.63274729412e-18,
                1.11556348464e-18,
                2.57176139309e-19,
                3.54437489762e-20
            ],
            "var": [
                0.320743083954,
                12.0215444565,
                39.6393051147,
                46.5479049683,
                29.8883285522,
                306.390441895,
                4154.35693359,
                5748.95117188,
                1862.20239258,
                546.535339355,
                3047.2421875,
                11367.2333984,
                25043.6132813,
                9411.8203125,
                24157.8125,
                12594.6679688,
                938.842773438,
                2156.6315918,
                1391.87072754,
                2889.88134766,
                600.307800293,
                527.405334473,
                246.564285278,
                385.26852417,
                284.346496582,
                101.794578552,
                100.450698853,
                147.085479736,
                100.17212677,
                28.1271286011,
                19.9768238068,
                16.7500839233,
                9.15516662598,
                4.64442205429,
                0.911293506622,
                0.081441193819,
                0.00370790320449,
                8.35511164041e-05,
                2.14198934145e-07,
                1.09216891087e-09
            ]
        },
        "erbbands_crest": {
            "dmean": 2.51314234734,
            "dmean2": 3.7722120285,
            "dvar": 6.43406963348,
            "dvar2": 14.214928627,
            "max": 32.1643104553,
            "mean": 12.6484651566,
            "median": 11.5171737671,
            "min": 2.80419754982,
            "var": 33.4413833618
        },
        "erbbands_flatness_db": {
            "dmean": 0.0215184502304,
            "dmean2": 0.0277739856392,
            "dvar": 0.00058084668126,
            "dvar2": 0.00100207945798,
            "max": 0.471081793308,
            "mean": 0.193903028965,
            "median": 0.186879619956,
            "min": 0.0590231344104,
            "var": 0.00408502481878
        },
        "erbbands_kurtosis": {
            "dmean": 1.58906197548,
            "dmean2": 2.32850956917,
            "dvar": 9.98201656342,
            "dvar2": 19.0863456726,
            "max": 84.53515625,
            "mean": 2.74520874023,
            "median": 0.900303602219,
            "min": -1.87940037251,
            "var": 51.9382667542
        },
        "erbbands_skewness": {
            "dmean": 0.397098124027,
            "dmean2": 0.570619344711,
            "dvar": 0.208654567599,
            "dvar2": 0.410768806934,
            "max": 8.23115921021,
            "mean": 0.728469789028,
            "median": 0.750401377678,
            "min": -6.60188865662,
            "var": 1.33798742294
        },
        "erbbands_spread": {
            "dmean": 7.3138422966,
            "dmean2": 10.7274255753,
            "dvar": 113.166526794,
            "dvar2": 245.587402344,
            "max": 138.254623413,
            "mean": 31.0544815063,
            "median": 26.574798584,
            "min": 0.522520244122,
            "var": 371.320953369
        },
        "gfcc": {
            "cov": [
                [
                    16674.1035156,
                    -2984.5246582,
                    -728.988891602,
                    1146.82946777,
                    -1647.37231445,
                    -323.51651001,
                    -842.507507324,
                    1328.22521973,
                    93.696395874,
                    589.348632813,
                    -558.734375,
                    -39.5742492676,
                    147.773880005
                ],
                [
                    -2984.5246582,
                    1949.73632813,
                    79.2068710327,
                    -314.926483154,
                    670.606323242,
                    -51.765663147,
                    335.579467773,
                    -388.470825195,
                    207.352157593,
                    -150.524078369,
                    322.138824463,
                    -91.7162780762,
                    67.5617752075
                ],
                [
                    -728.988891602,
                    79.2068710327,
                    757.206848145,
                    65.2598571777,
                    86.0557098389,
                    63.3697471619,
                    -0.896850049496,
                    -9.36084747314,
                    -2.23171472549,
                    25.0690078735,
                    50.7998046875,
                    47.092376709,
                    -49.6139335632
                ],
                [
                    1146.82946777,
                    -314.926483154,
                    65.2598571777,
                    507.894226074,
                    -60.841003418,
                    -27.8402633667,
                    -41.2294540405,
                    90.9733886719,
                    91.4604263306,
                    15.8511343002,
                    -16.4638538361,
                    -19.0485973358,
                    -48.4631118774
                ],
                [
                    -1647.37231445,
                    670.606323242,
                    86.0557098389,
                    -60.841003418,
                    580.079650879,
                    107.321891785,
                    194.997817993,
                    -185.540786743,
                    68.9319458008,
                    -45.3880767822,
                    105.991409302,
                    -17.9491081238,
                    -43.844078064
                ],
                [
                    -323.51651001,
                    -51.765663147,
                    63.3697471619,
                    -27.8402633667,
                    107.321891785,
                    302.592346191,
                    137.345855713,
                    -39.7633514404,
                    -12.6198606491,
                    13.3399829865,
                    6.18070554733,
                    2.4640982151,
                    -42.0019645691
                ],
                [
                    -842.507507324,
                    335.579467773,
                    -0.896850049496,
                    -41.2294540405,
                    194.997817993,
                    137.345855713,
                    296.238922119,
                    -63.2880363464,
                    30.6065254211,
                    -20.1388397217,
                    67.0173416138,
                    -11.3610153198,
                    4.17716503143
                ],
                [
                    1328.22521973,
                    -388.470825195,
                    -9.36084747314,
                    90.9733886719,
                    -185.540786743,
                    -39.7633514404,
                    -63.2880363464,
                    284.347045898,
                    32.7869682312,
                    58.7299880981,
                    -91.5146865845,
                    10.020860672,
                    55.2053146362
                ],
                [
                    93.696395874,
                    207.352157593,
                    -2.23171472549,
                    91.4604263306,
                    68.9319458008,
                    -12.6198606491,
                    30.6065254211,
                    32.7869682312,
                    211.682830811,
                    19.4906826019,
                    26.4403190613,
                    -25.6032657623,
                    21.5975379944
                ],
                [
                    589.348632813,
                    -150.524078369,
                    25.0690078735,
                    15.8511343002,
                    -45.3880767822,
                    13.3399829865,
                    -20.1388397217,
                    58.7299880981,
                    19.4906826019,
                    147.372146606,
                    13.6983480453,
                    4.93106651306,
                    13.7558927536
                ],
                [
                    -558.734375,
                    322.138824463,
                    50.7998046875,
                    -16.4638538361,
                    105.991409302,
                    6.18070554733,
                    67.0173416138,
                    -91.5146865845,
                    26.4403190613,
                    13.6983480453,
                    184.354446411,
                    29.5803966522,
                    3.51296067238
                ],
                [
                    -39.5742492676,
                    -91.7162780762,
                    47.092376709,
                    -19.0485973358,
                    -17.9491081238,
                    2.4640982151,
                    -11.3610153198,
                    10.020860672,
                    -25.6032657623,
                    4.93106651306,
                    29.5803966522,
                    129.470718384,
                    23.5810604095
                ],
                [
                    147.773880005,
                    67.5617752075,
                    -49.6139335632,
                    -48.4631118774,
                    -43.844078064,
                    -42.0019645691,
                    4.17716503143,
                    55.2053146362,
                    21.5975379944,
                    13.7558927536,
                    3.51296067238,
                    23.5810604095,
                    155.109008789
                ]
            ],
            "icov": [
                [
                    0.000172307525645,
                    -0.000198824302061,
                    0.000217688037083,
                    -0.000399355572881,
                    0.000283037981717,
                    -0.000207592063816,
                    0.000326054170728,
                    -0.000557631195989,
                    0.000222880786168,
                    -0.000572771532461,
                    0.000251105113421,
                    -0.000123323625303,
                    0.000113600697659
                ],
                [
                    -0.000198824302061,
                    0.00354431569576,
                    -0.000854228448588,
                    0.00229359930381,
                    -0.00212402571924,
                    0.00226260046475,
                    -0.00196170783602,
                    0.00232308334671,
                    -0.00292765907943,
                    0.00306114088744,
                    -0.00357684935443,
                    0.00287506473251,
                    -0.00189260835759
                ],
                [
                    0.000217688037083,
                    -0.000854228448588,
                    0.00187068083324,
                    -0.00102699140552,
                    0.000382364058169,
                    -0.000944611558225,
                    0.00101538514718,
                    -0.0012447044719,
                    0.000898293452337,
                    -0.00132097362075,
                    0.000508992525283,
                    -0.00115993875079,
                    0.000867014168762
                ],
                [
                    -0.000399355572881,
                    0.00229359930381,
                    -0.00102699140552,
                    0.00444569438696,
                    -0.00139271409716,
                    0.00173871114384,
                    -0.00152221485041,
                    0.00139027938712,
                    -0.00314529635943,
                    0.00288198748603,
                    -0.00262494222261,
                    0.00192841177341,
                    1.39399062391e-05
                ],
                [
                    0.000283037981717,
                    -0.00212402571924,
                    0.000382364058169,
                    -0.00139271409716,
                    0.00442259851843,
                    -0.00161386001855,
                    5.66459166293e-05,
                    -0.000419963529566,
                    0.000664889637846,
                    -0.00189115025569,
                    0.00189331278671,
                    -0.00159741844982,
                    0.00157883728389
                ],
                [
                    -0.000207592063816,
                    0.00226260046475,
                    -0.000944611558225,
                    0.00173871114384,
                    -0.00161386001855,
                    0.00631645321846,
                    -0.00382763985544,
                    0.00202044984326,
                    -0.00155780592468,
                    0.000979946809821,
                    -0.00109935412183,
                    0.00119657698087,
                    6.455694529e-05
                ],
                [
                    0.000326054170728,
                    -0.00196170783602,
                    0.00101538514718,
                    -0.00152221485041,
                    5.66459166293e-05,
                    -0.00382763985544,
                    0.00721433945,
                    -0.00239123427309,
                    0.00151640083641,
                    -0.0012186456006,
                    0.000272186211077,
                    -0.000705324637238,
                    2.73218211078e-05
                ],
                [
                    -0.000557631195989,
                    0.00232308334671,
                    -0.0012447044719,
                    0.00139027938712,
                    -0.000419963529566,
                    0.00202044984326,
                    -0.00239123427309,
                    0.00922416895628,
                    -0.00323092681356,
                    0.000969711982179,
                    0.000654383562505,
                    0.000835365615785,
                    -0.00301250815392
                ],
                [
                    0.000222880786168,
                    -0.00292765907943,
                    0.000898293452337,
                    -0.00314529635943,
                    0.000664889637846,
                    -0.00155780592468,
                    0.00151640083641,
                    -0.00323092681356,
                    0.00873196776956,
                    -0.00319423247129,
                    0.00190772069618,
                    -0.000952766102273,
                    0.000411746324971
                ],
                [
                    -0.000572771532461,
                    0.00306114088744,
                    -0.00132097362075,
                    0.00288198748603,
                    -0.00189115025569,
                    0.000979946809821,
                    -0.0012186456006,
                    0.000969711982179,
                    -0.00319423247129,
                    0.0118850190192,
                    -0.00534077826887,
                    0.00290262303315,
                    -0.00182084424887
                ],
                [
                    0.000251105113421,
                    -0.00357684935443,
                    0.000508992525283,
                    -0.00262494222261,
                    0.00189331278671,
                    -0.00109935412183,
                    0.000272186211077,
                    0.000654383562505,
                    0.00190772069618,
                    -0.00534077826887,
                    0.0121701024473,
                    -0.00522391684353,
                    0.00138523464557
                ],
                [
                    -0.000123323625303,
                    0.00287506473251,
                    -0.00115993875079,
                    0.00192841177341,
                    -0.00159741844982,
                    0.00119657698087,
                    -0.000705324637238,
                    0.000835365615785,
                    -0.000952766102273,
                    0.00290262303315,
                    -0.00522391684353,
                    0.0115104755387,
                    -0.00306552438997
                ],
                [
                    0.000113600697659,
                    -0.00189260835759,
                    0.000867014168762,
                    1.39399062391e-05,
                    0.00157883728389,
                    6.455694529e-05,
                    2.73218211078e-05,
                    -0.00301250815392,
                    0.000411746324971,
                    -0.00182084424887,
                    0.00138523464557,
                    -0.00306552438997,
                    0.00951895397156
                ]
            ],
            "mean": [
                -59.2776870728,
                121.492912292,
                -103.543960571,
                25.9252853394,
                -56.0601043701,
                17.6216926575,
                -29.6667995453,
                4.67610359192,
                -22.2323379517,
                2.72409844398,
                -4.55038881302,
                2.84064054489,
                -0.32745757699
            ]
        },
        "hfc": {
            "dmean": 3.37699699402,
            "dmean2": 4.83454704285,
            "dvar": 29.8003997803,
            "dvar2": 58.411655426,
            "max": 109.498313904,
            "mean": 16.0211029053,
            "median": 10.9319858551,
            "min": 1.18033366221e-16,
            "var": 262.863128662
        },
        "melbands": {
            "dmean": [
                0.00137081881985,
                0.00129329739138,
                0.000390582514228,
                0.000191940562217,
                0.000386574538425,
                0.000350701215211,
                0.000141938304296,
                5.79555962759e-05,
                0.000104054932308,
                0.000114594702609,
                9.27391010919e-05,
                5.59232430533e-05,
                5.14907442266e-05,
                4.08471314586e-05,
                2.94382680295e-05,
                1.57724171004e-05,
                2.09225909202e-05,
                1.02853418866e-05,
                1.61162097356e-05,
                9.12557334232e-06,
                6.23334017291e-06,
                7.23149105397e-06,
                3.43752958543e-06,
                2.78508741758e-06,
                3.67205689145e-06,
                3.41436975759e-06,
