{
    "lowlevel": {
        "average_loudness": 0.552128195763,
        "barkbands": {
            "dmean": [
                0.000266405317234,
                0.00602671178058,
                0.00164141925052,
                0.000884566979948,
                0.00174687698018,
                0.000536031147931,
                0.00143582257442,
                0.000691833382007,
                0.000737532798667,
                0.000333087169565,
                0.000460442097392,
                0.00091306574177,
                0.000688972126227,
                0.000634790339973,
                0.000493010506034,
                0.000482898700284,
                0.000319582177326,
                0.000117644391139,
                0.000117910829431,
                9.80758413789e-05,
                0.000100403507531,
                0.000163544566021,
                0.000330143229803,
                0.000220234418521,
                0.000116500355944,
                6.3476501964e-05,
                1.0684065046e-06
            ],
            "dmean2": [
                0.000418834155425,
                0.00887445826083,
                0.00297017721459,
                0.00158963201102,
                0.0028734873049,
                0.000802382302936,
                0.00213840883225,
                0.00109438842628,
                0.0010680265259,
                0.000485858588945,
                0.000702881603502,
                0.00126912409905,
                0.0010533152381,
                0.000947150634602,
                0.000747458892874,
                0.000786118092947,
                0.000485037802719,
                0.000180218645255,
                0.000180332979653,
                0.000151548592839,
                0.000154647277668,
                0.000258172745816,
                0.000548860698473,
                0.000349106092472,
                0.000186299599591,
                0.000110843786388,
                1.97772988031e-06
            ],
            "dvar": [
                1.39590429171e-06,
                0.00028681155527,
                9.36281794566e-05,
                2.6192255973e-05,
                8.17065574665e-06,
                1.05081426227e-06,
                7.18102046449e-06,
                3.10848736262e-06,
                2.71208796221e-06,
                8.85180384103e-07,
                1.69409406681e-06,
                6.42878694634e-06,
                3.8528614823e-06,
                3.38529571309e-06,
                2.50540006164e-06,
                3.03631441056e-06,
                7.4097107472e-07,
                1.5613123594e-07,
                9.27751599988e-08,
                5.14575866362e-08,
                9.3893937958e-08,
                1.79938140832e-07,
                6.00951693741e-07,
                2.74854386362e-07,
                9.11583839525e-08,
                3.57563294529e-08,
                5.70187612403e-11
            ],
            "dvar2": [
                3.04473610413e-06,
                0.000662267906591,
                0.000262678775471,
                7.57678426453e-05,
                2.3220820367e-05,
                2.488300197e-06,
                1.61350817507e-05,
                7.15042324373e-06,
                5.23847211298e-06,
                1.7870170268e-06,
                3.69182657778e-06,
                1.13919249998e-05,
                9.106401194e-06,
                7.18507226338e-06,
                5.38869244338e-06,
                7.85801694292e-06,
                1.67922348737e-06,
                3.4017989492e-07,
                2.05981834256e-07,
                1.22752823017e-07,
                2.14518777852e-07,
                4.41049110123e-07,
                1.56661121764e-06,
                6.2583211502e-07,
                2.09757885727e-07,
                1.04707005733e-07,
                1.65975788669e-10
            ],
            "max": [
                0.0900685638189,
                0.219787150621,
                0.138498395681,
                0.0851322263479,
                0.0422583110631,
                0.0215954482555,
                0.0510604195297,
                0.0344912223518,
                0.0291463788599,
                0.0482241213322,
                0.0348246470094,
                0.0585360340774,
                0.0405353605747,
                0.0474932454526,
                0.0536081902683,
                0.0310544148088,
                0.0205263774842,
                0.00936670973897,
                0.00822834204882,
                0.00551147386432,
                0.00595726585016,
                0.00568745983765,
                0.011305058375,
                0.0112973470241,
                0.00533006573096,
                0.00311622279696,
                0.0002551007492
            ],
            "mean": [
                0.00091198773589,
                0.0332337133586,
                0.00144377083052,
                0.000837303872686,
                0.00331480265595,
                0.00108969595749,
                0.00332071166486,
                0.00105585169513,
                0.00150760624092,
                0.00066898012301,
                0.000767493911553,
                0.00190388294868,
                0.00100416888017,
                0.000860602944158,
                0.000766796118114,
                0.000600853818469,
                0.000481497962028,
                0.000153216416948,
                0.000179398732143,
                0.000159648901899,
                0.000126785074826,
                0.000183632932021,
                0.000314036791679,
                0.000245453964453,
                0.00013270432828,
                5.81919193792e-05,
                7.21104925105e-07
            ],
            "median": [
                1.50957305323e-06,
                3.37807432516e-05,
                6.00041094003e-05,
                8.4095474449e-05,
                0.00207075150684,
                0.000523360911757,
                0.00138023099862,
                0.000239856744884,
                0.000306747679133,
                0.000159931732924,
                0.000114712529466,
                0.000178830785444,
                9.47408698266e-05,
                0.000106216233689,
                9.7009120509e-05,
                0.000111606452265,
                0.000105119295768,
                3.67788379663e-05,
                5.05913194502e-05,
                3.86337997043e-05,
                8.3440072558e-06,
                1.56102214532e-05,
                1.90298178495e-05,
                1.21995562949e-05,
                8.78411901795e-06,
                2.51391429629e-06,
                1.1560874924e-08
            ],
            "min": [
                1.35289834572e-23,
                1.44566447542e-22,
                1.77625247808e-22,
                7.43188509381e-23,
                2.50127030227e-23,
                1.81377960109e-23,
                4.09764804203e-23,
                2.55092436308e-23,
                1.1482670696e-22,
                6.02588315631e-23,
                6.93560007656e-23,
                9.48824163207e-23,
                1.41586522317e-22,
                1.98702159692e-22,
                1.91519751544e-22,
                2.03506739123e-22,
                1.25430638357e-22,
                2.25957379698e-22,
                2.74993882334e-22,
                4.12100633965e-22,
                3.14822649023e-22,
                7.10198724978e-22,
                5.7031538491e-22,
                8.15967377615e-22,
                1.1235618898e-21,
                1.50330907875e-21,
                2.20287466554e-21
            ],
            "var": [
                8.40022039483e-06,
                0.00283270236105,
                5.95471537963e-05,
                1.55493762577e-05,
                1.40428046507e-05,
                2.91532819574e-06,
                2.46979252552e-05,
                5.57897010367e-06,
                8.54313020682e-06,
                3.02125044982e-06,
                4.40457097284e-06,
                2.87934581138e-05,
                6.85091663399e-06,
                6.00877365287e-06,
                5.21115498486e-06,
                3.02642115457e-06,
                1.28483134176e-06,
                1.9424979314e-07,
                1.42725497199e-07,
                1.02006062264e-07,
                1.4134435844e-07,
                2.08414277836e-07,
                5.78080573632e-07,
                4.15404116438e-07,
                1.36610637469e-07,
                3.31014646804e-08,
                3.17991015464e-11
            ]
        },
        "barkbands_crest": {
            "dmean": 2.26140522957,
            "dmean2": 3.44760847092,
            "dvar": 5.85776615143,
            "dvar2": 13.1161050797,
            "max": 26.7309112549,
            "mean": 14.8515968323,
            "median": 13.8760433197,
            "min": 2.30250048637,
            "var": 39.6392784119
        },
        "barkbands_flatness_db": {
            "dmean": 0.0256403852254,
            "dmean2": 0.0362829454243,
            "dvar": 0.000710802152753,
            "dvar2": 0.00129684945568,
            "max": 0.687770843506,
            "mean": 0.238434389234,
            "median": 0.222531348467,
            "min": 0.0261903237551,
            "var": 0.00995686184615
        },
        "barkbands_kurtosis": {
            "dmean": 10.5497951508,
            "dmean2": 16.446313858,
            "dvar": 1075.96069336,
            "dvar2": 2495.83886719,
            "max": 1013.08911133,
            "mean": 19.1292991638,
            "median": 3.42020702362,
            "min": -1.92190539837,
            "var": 2705.96655273
        },
        "barkbands_skewness": {
            "dmean": 0.856398582458,
            "dmean2": 1.26578819752,
            "dvar": 1.55839455128,
            "dvar2": 3.36781358719,
            "max": 24.6469287872,
            "mean": 2.46097040176,
            "median": 1.67964828014,
            "min": -3.30153799057,
            "var": 8.89066696167
        },
        "barkbands_spread": {
            "dmean": 5.65571641922,
            "dmean2": 8.7284116745,
            "dvar": 88.4469680786,
            "dvar2": 198.05960083,
            "max": 120.204177856,
            "mean": 15.1517515182,
            "median": 10.401391983,
            "min": 0.0454997383058,
            "var": 249.804458618
        },
        "dissonance": {
            "dmean": 0.0281178113073,
            "dmean2": 0.0468826517463,
            "dvar": 0.000812433485407,
            "dvar2": 0.002201724099,
            "max": 0.500000059605,
            "mean": 0.434376627207,
            "median": 0.44973757863,
            "min": 0.0723213031888,
            "var": 0.00309020769782
        },
        "dynamic_complexity": 3.40898180008,
        "erbbands": {
            "dmean": [
                0.179294556379,
                1.34282290936,
                1.61028039455,
                2.89023923874,
                4.21490097046,
                6.85758686066,
                3.57191109657,
                4.81699848175,
                15.0938606262,
                23.6465320587,
                13.6617088318,
                17.2619113922,
                10.6220607758,
                12.6895503998,
                24.1672363281,
                33.7544555664,
                30.4769115448,
                33.0520706177,
                30.2634010315,
                19.2566432953,
                26.614522934,
                17.2907905579,
                7.24963951111,
                5.19100475311,
                6.1735200882,
                4.51404428482,
                4.17339324951,
                3.94418621063,
                5.78899621964,
                7.7362036705,
                8.97402000427,
                6.59412097931,
                2.80901789665,
                1.6166639328,
                0.666577875614,
                0.384566694498,
                0.0885897427797,
                0.00930476095527,
                0.000231479411013,
                1.93891373783e-05
            ],
            "dmean2": [
                0.262764394283,
                1.97518444061,
                2.70682239532,
                5.25036144257,
                7.03247642517,
                11.1722755432,
                5.2685084343,
                7.43567419052,
                22.5860481262,
                35.738494873,
                20.5923271179,
                24.8717498779,
                15.1291379929,
                18.1370849609,
                35.1792259216,
                47.1713981628,
                45.2271347046,
                47.8403320313,
                44.8744430542,
                29.5100421906,
                42.8924407959,
                25.7919158936,
                10.9501056671,
                7.76554870605,
                9.57141876221,
                6.93546438217,
                6.50026273727,
                6.13036489487,
                9.18883228302,
                12.4025249481,
                14.9974050522,
                10.8037719727,
                4.36922168732,
                2.55007839203,
                1.08717226982,
                0.669142842293,
                0.154420495033,
                0.0168086569756,
                0.000418569863541,
                3.15118195431e-05
            ],
            "dvar": [
                0.23394164443,
                15.6259117126,
                64.0937194824,
                296.565917969,
                109.454986572,
                119.47808075,
                33.9363212585,
                96.2880096436,
                989.002990723,
                2509.27685547,
                1436.01843262,
                1598.11962891,
                644.517028809,
                1723.12878418,
                4201.42431641,
                9386.37792969,
                7228.57519531,
                9661.61132813,
                11530.4091797,
                3572.53515625,
                8128.50244141,
                2371.90966797,
                534.538452148,
                253.468597412,
                221.250549316,
                111.308837891,
                159.945220947,
                133.213516235,
                235.898117065,
                329.318359375,
                463.914733887,
                236.907592773,
                47.8143920898,
                18.4525279999,
                3.2161989212,
                1.30853497982,
                0.0666279345751,
                0.000944268133026,
                9.31043530272e-07,
                1.24902443943e-09
            ],
            "dvar2": [
                0.490807890892,
                36.1399116516,
                171.827774048,
                851.836669922,
                312.723693848,
                316.717071533,
                87.374382019,
                235.57673645,
                2223.6574707,
                5612.20019531,
                3094.01416016,
                3088.45068359,
                1225.29980469,
                3640.91235352,
                8896.30957031,
                16486.34375,
                16721.6054688,
                20229.1757813,
                25217.1933594,
                7923.12060547,
                21088.2558594,
                5223.37744141,
                1155.11901855,
                539.387329102,
                512.778198242,
                261.663024902,
                378.718444824,
                299.254486084,
                583.037719727,
                809.544494629,
                1215.57897949,
                585.354431152,
                102.625640869,
                41.3811225891,
                7.69045829773,
                3.6837656498,
                0.200726121664,
                0.00297087547369,
                2.79546748061e-06,
                3.42754402638e-09
            ],
            "max": [
                8.42436218262,
                51.4022331238,
                117.149002075,
                255.592697144,
                194.235565186,
                184.671035767,
                95.4872589111,
                197.53225708,
                784.348266602,
                1014.7053833,
                1010.46722412,
                744.011657715,
                695.42578125,
                2309.05639648,
                1661.86254883,
                2985.12695313,
                1843.15100098,
                2815.10913086,
                3488.91992188,
                1006.76708984,
                1382.47155762,
                1394.40100098,
                642.300964355,
                397.191223145,
                326.54498291,
                247.715026855,
                279.312194824,
                252.946655273,
                200.715667725,
                298.697265625,
                273.656402588,
                319.169128418,
                159.045333862,
                85.3848800659,
                37.5275382996,
                20.0727214813,
                4.10184001923,
                0.40375110507,
                0.0241316389292,
                0.000497316475958
            ],
            "mean": [
                1.02736711502,
                7.00945806503,
                3.88741970062,
                2.7076792717,
                7.00964689255,
                12.2733039856,
                7.19953536987,
                9.66711616516,
                35.1333808899,
                50.5084648132,
                25.3760967255,
                35.6007347107,
                21.2064285278,
                27.0353088379,
                50.742389679,
                65.0789031982,
                51.6670036316,
                50.4366226196,
                46.5344085693,
                28.3396339417,
                35.7681655884,
                26.814874649,
                10.4096183777,
                7.71168851852,
                9.71427154541,
                7.410592556,
                5.71611070633,
                4.76630544662,
                6.27182483673,
                8.21827507019,
                8.46322631836,
                6.69493293762,
                3.33242106438,
                1.87420773506,
                0.72613543272,
                0.366510778666,
                0.0794456750154,
                0.00753973796964,
                0.000212080165511,
                7.30053361622e-05
            ],
            "median": [
                0.000879849831108,
                0.0168513506651,
                0.211633890867,
                0.46642780304,
                2.98301577568,
                6.94400501251,
                4.41211414337,
                4.62983036041,
                13.8009090424,
                15.7482461929,
                7.7128405571,
                7.84004354477,
                6.78202915192,
                6.80602741241,
                8.30707931519,
                7.94325733185,
                5.86828994751,
                6.50407886505,
                5.49241256714,
                5.17611789703,
                7.66459846497,
                5.85451602936,
                2.69212388992,
                2.31127262115,
                2.60066151619,
                1.88444948196,
                0.775411486626,
                0.267598837614,
                0.475302308798,
                0.832589685917,
                0.421250015497,
                0.233646303415,
                0.217751324177,
                0.127882361412,
                0.0432043224573,
                0.0145812090486,
                0.00390869472176,
                0.000337850884534,
                4.14881033066e-05,
                4.55622939626e-05
            ],
            "min": [
                3.60904515422e-21,
                3.57934654295e-20,
                1.86792413737e-19,
                2.37340994455e-19,
                1.61848213679e-19,
                6.32770291889e-20,
                8.19804358688e-20,
                1.8222319728e-19,
                6.73665610235e-19,
                2.32350407025e-19,
                1.02098592815e-18,
                3.46084758231e-18,
                1.41900517978e-18,
                1.86123371963e-18,
                3.42294430548e-18,
                4.68648192311e-18,
                7.28155926292e-18,
                9.01135108809e-18,
                8.02805667853e-18,
                1.10183145929e-17,
                1.19901682674e-17,
                7.40907577179e-18,
                1.03203031961e-17,
                1.25561359959e-17,
                1.89254308484e-17,
                1.69574225874e-17,
                1.49267173446e-17,
                1.4538988013e-17,
                2.54015105822e-17,
                2.00336245674e-17,
                1.63781264977e-17,
                1.45655553999e-17,
                1.48341376361e-17,
                1.13979623699e-17,
                8.62448367868e-18,
                5.71960941508e-18,
                2.63448505138e-18,
                1.48646486066e-18,
                2.7005650467e-19,
                2.93819497275e-20
            ],
            "var": [
                2.84178209305,
                152.978164673,
                93.7272567749,
                175.314498901,
                132.075805664,
                230.902664185,
                69.7243347168,
                237.401046753,
                3489.77319336,
                8744.1796875,
                3251.52246094,
                4989.51513672,
                1869.46630859,
                4722.95898438,
                15839.7373047,
                31257.3945313,
                14944.4521484,
                20033.4238281,
                21777.0742188,
                5174.30566406,
                8897.75390625,
                4311.56494141,
                705.878173828,
                355.941009521,
                357.819458008,
                221.723770142,
                234.419158936,
                200.997268677,
                261.972259521,
                367.385284424,
                434.677307129,
                292.299377441,
                81.3393249512,
                28.3364181519,
                4.36336612701,
                1.32771360874,
                0.0574806779623,
                0.000673548667692,
                5.81443543979e-07,
                4.73042094384e-09
            ]
        },
        "erbbands_crest": {
            "dmean": 2.9050860405,
            "dmean2": 4.57817554474,
            "dvar": 7.12578105927,
            "dvar2": 16.725774765,
            "max": 31.7844905853,
            "mean": 11.7922458649,
            "median": 10.9315776825,
            "min": 3.04628229141,
            "var": 26.0919246674
        },
        "erbbands_flatness_db": {
            "dmean": 0.0198582466692,
            "dmean2": 0.0288428999484,
            "dvar": 0.000383951526601,
            "dvar2": 0.000778059766162,
            "max": 0.606167852879,
            "mean": 0.217553392053,
            "median": 0.203436180949,
            "min": 0.0552973933518,
            "var": 0.00831611547619
        },
        "erbbands_kurtosis": {
            "dmean": 1.49639475346,
            "dmean2": 2.31739044189,
            "dvar": 4.62223768234,
            "dvar2": 10.5156059265,
            "max": 58.3298721313,
            "mean": 1.80758297443,
            "median": 0.63839673996,
            "min": -1.87644433975,
            "var": 15.2997255325
        },
        "erbbands_skewness": {
            "dmean": 0.472559988499,
            "dmean2": 0.707935273647,
            "dvar": 0.232947960496,
            "dvar2": 0.509506225586,
            "max": 5.65873861313,
            "mean": 0.402783423662,
            "median": 0.355015099049,
            "min": -4.24820137024,
            "var": 1.09473848343
        },
        "erbbands_spread": {
            "dmean": 10.7720365524,
            "dmean2": 16.7006416321,
            "dvar": 260.447814941,
            "dvar2": 632.425598145,
            "max": 195.246337891,
            "mean": 34.1891441345,
            "median": 25.0249824524,
            "min": 0.504268825054,
            "var": 835.668151855
        },
        "gfcc": {
            "cov": [
                [
                    15841.8984375,
                    -3997.1965332,
                    -1152.02368164,
                    2298.82446289,
                    -259.205169678,
                    1664.34912109,
                    39.4067726135,
                    1300.32946777,
                    298.410125732,
                    1089.64208984,
                    116.236610413,
                    471.879058838,
                    -422.684814453
                ],
                [
                    -3997.1965332,
                    3366.73852539,
                    479.242584229,
                    -877.900817871,
                    768.774230957,
                    -553.588439941,
                    263.098205566,
                    -355.997253418,
                    142.270248413,
                    -537.566650391,
                    188.611663818,
                    -180.468902588,
                    201.483184814
                ],
                [
                    -1152.02368164,
                    479.242584229,
                    2478.06665039,
                    940.918518066,
                    306.306152344,
                    437.111114502,
                    393.972747803,
                    214.217956543,
                    387.11907959,
                    229.258300781,
                    187.223297119,
                    214.429000854,
                    139.348617554
                ],
                [
                    2298.82446289,
                    -877.900817871,
                    940.918518066,
                    1607.0814209,
                    304.907562256,
                    668.078979492,
                    333.330932617,
                    486.170043945,
                    404.702850342,
                    364.197052002,
                    143.217666626,
                    168.02053833,
                    52.1635169983
                ],
                [
                    -259.205169678,
                    768.774230957,
                    306.306152344,
                    304.907562256,
                    898.299255371,
                    322.783691406,
                    376.25302124,
                    237.445770264,
                    343.289703369,
                    37.0007705688,
                    115.430534363,
                    24.8261318207,
                    93.2249145508
                ],
                [
                    1664.34912109,
                    -553.588439941,
                    437.111114502,
                    668.078979492,
                    322.783691406,
                    827.043457031,
                    433.700561523,
                    383.159057617,
                    322.39074707,
                    297.665985107,
                    90.0195159912,
                    183.1378479,
                    6.90271711349
                ],
                [
                    39.4067726135,
                    263.098205566,
                    393.972747803,
                    333.330932617,
                    376.25302124,
                    433.700561523,
                    615.993469238,
                    242.738128662,
                    240.683639526,
                    94.6378936768,
                    151.064529419,
                    114.291702271,
                    55.8497047424
                ],
                [
                    1300.32946777,
                    -355.997253418,
                    214.217956543,
                    486.170043945,
                    237.445770264,
                    383.159057617,
                    242.738128662,
                    414.822357178,
                    240.174591064,
                    209.424209595,
                    96.6101531982,
                    122.366065979,
                    18.2512245178
                ],
                [
                    298.410125732,
                    142.270248413,
                    387.11907959,
                    404.702850342,
                    343.289703369,
                    322.39074707,
                    240.683639526,
                    240.174591064,
                    393.974853516,
                    157.851455688,
                    116.139450073,
                    94.4849624634,
                    71.2466049194
                ],
                [
                    1089.64208984,
                    -537.566650391,
                    229.258300781,
                    364.197052002,
                    37.0007705688,
                    297.665985107,
                    94.6378936768,
                    209.424209595,
                    157.851455688,
                    319.395599365,
                    72.3366775513,
                    100.543823242,
                    0.504545092583
                ],
                [
                    116.236610413,
                    188.611663818,
                    187.223297119,
                    143.217666626,
                    115.430534363,
                    90.0195159912,
                    151.064529419,
                    96.6101531982,
                    116.139450073,
                    72.3366775513,
                    183.901062012,
                    72.7613830566,
                    39.5606956482
                ],
                [
                    471.879058838,
                    -180.468902588,
                    214.429000854,
                    168.02053833,
                    24.8261318207,
                    183.1378479,
                    114.291702271,
                    122.366065979,
                    94.4849624634,
                    100.543823242,
                    72.7613830566,
                    181.142379761,
                    34.1302566528
                ],
                [
                    -422.684814453,
                    201.483184814,
                    139.348617554,
                    52.1635169983,
                    93.2249145508,
                    6.90271711349,
                    55.8497047424,
                    18.2512245178,
                    71.2466049194,
                    0.504545092583,
                    39.5606956482,
                    34.1302566528,
                    124.877609253
                ]
            ],
            "icov": [
                [
                    0.000217304608668,
                    -0.0002204268676,
                    0.000301958323689,
                    -0.000404234684538,
                    0.000219219116843,
                    -0.000405911094276,
                    0.000362204707926,
                    -0.000438269344158,
                    0.000356710719643,
                    -0.00039376138011,
                    6.20875362074e-05,
                    -0.000421581818955,
                    0.000577560218517
                ],
                [
                    -0.0002204268676,
                    0.00197874079458,
                    -0.000922790844925,
                    0.00144248781726,
                    -0.00149815599434,
                    0.00125410535838,
                    -0.000923036190215,
                    0.00116580736358,
                    -0.00150568620302,
                    0.00231254263781,
                    -0.00190904294141,
                    0.00152353825979,
                    -0.00118191319052
                ],
                [
                    0.000301958323689,
                    -0.000922790844925,
                    0.00126129761338,
                    -0.00128566916101,
                    0.000739004812203,
                    -0.000749810598791,
                    0.000460405892227,
                    -0.000338972226018,
                    0.000603186956141,
                    -0.00133705779444,
                    0.000710780674126,
                    -0.00141957309097,
                    0.000797990709543
                ],
                [
                    -0.000404234684538,
                    0.00144248781726,
                    -0.00128566916101,
                    0.00272103352472,
                    -0.00103100726847,
                    0.000646516156849,
                    -0.000702888006344,
                    0.000250331970165,
                    -0.00153461575974,
                    0.00162857689429,
                    -0.00137149705552,
                    0.00200481759384,
                    -0.00163036736194
                ],
                [
                    0.000219219116843,
                    -0.00149815599434,
                    0.000739004812203,
                    -0.00103100726847,
                    0.00336211826652,
                    -0.0013985906262,
                    0.000199279413209,
                    -0.00158587342594,
                    -0.000279148167465,
                    -0.000859320629388,
                    0.00113586010411,
                    3.21995394188e-05,
                    0.000269370764727
                ],
                [
                    -0.000405911094276,
                    0.00125410535838,
                    -0.000749810598791,
                    0.000646516156849,
                    -0.0013985906262,
                    0.00533718988299,
                    -0.0029268283397,
                    0.000730423198547,
                    -0.00198665913194,
                    -0.000215079810005,
                    0.00105284992605,
                    -0.000536359613761,
                    6.79586955812e-05
                ],
                [
                    0.000362204707926,
                    -0.000923036190215,
                    0.000460405892227,
                    -0.000702888006344,
                    0.000199279413209,
                    -0.0029268283397,
                    0.00463963579386,
                    -0.00164343928918,
                    0.0011835132027,
                    0.000101952471596,
                    -0.00143609230872,
                    -0.000868707604241,
                    0.000690035056323
                ],
                [
                    -0.000438269344158,
                    0.00116580736358,
                    -0.000338972226018,
                    0.000250331970165,
                    -0.00158587342594,
                    0.000730423198547,
                    -0.00164343928918,
                    0.00764661375433,
                    -0.002361118095,
                    -9.30376409087e-05,
                    -0.000995588721707,
                    -0.000388665415812,
                    -0.000560682441574
                ],
                [
                    0.000356710719643,
                    -0.00150568620302,
                    0.000603186956141,
                    -0.00153461575974,
                    -0.000279148167465,
                    -0.00198665913194,
                    0.0011835132027,
                    -0.002361118095,
                    0.00789660867304,
                    -0.00285817566328,
                    5.7933259086e-05,
                    -0.00130191631615,
                    -0.000417576229665
                ],
                [
                    -0.00039376138011,
                    0.00231254263781,
                    -0.00133705779444,
                    0.00162857689429,
                    -0.000859320629388,
                    -0.000215079810005,
                    0.000101952471596,
                    -9.30376409087e-05,
                    -0.00285817566328,
                    0.00953224860132,
                    -0.00375076616183,
                    0.00168936932459,
                    -0.00131217786111
                ],
                [
                    6.20875362074e-05,
                    -0.00190904294141,
                    0.000710780674126,
                    -0.00137149705552,
                    0.00113586010411,
                    0.00105284992605,
                    -0.00143609230872,
                    -0.000995588721707,
                    5.7933259086e-05,
                    -0.00375076616183,
                    0.0109862312675,
                    -0.00372450752184,
                    0.0004713232629
                ],
                [
                    -0.000421581818955,
                    0.00152353825979,
                    -0.00141957309097,
                    0.00200481759384,
                    3.21995394188e-05,
                    -0.000536359613761,
                    -0.000868707604241,
                    -0.000388665415812,
                    -0.00130191631615,
                    0.00168936932459,
                    -0.00372450752184,
                    0.0112691577524,
                    -0.00385165540501
                ],
                [
                    0.000577560218517,
                    -0.00118191319052,
                    0.000797990709543,
                    -0.00163036736194,
                    0.000269370764727,
                    6.79586955812e-05,
                    0.000690035056323,
                    -0.000560682441574,
                    -0.000417576229665,
                    -0.00131217786111,
                    0.0004713232629,
                    -0.00385165540501,
                    0.0123756946996
                ]
            ],
            "mean": [
                -47.4954910278,
                103.028938293,
                -116.816246033,
                8.24400043488,
                -64.4856491089,
                7.95145606995,
                -48.4021759033,
                4.58689641953,
                -20.3270072937,
                -2.33934879303,
                -8.92835140228,
                -0.8918171525,
                -8.27540302277
            ]
        },
        "hfc": {
            "dmean": 11.7233743668,
            "dmean2": 17.8441524506,
            "dvar": 401.337799072,
            "dvar2": 936.043395996,
            "max": 277.515014648,
            "mean": 26.7002277374,
            "median": 18.5381278992,
            "min": 1.12685067843e-16,
            "var": 726.297729492
        },
        "melbands": {
            "dmean": [
                0.00170382321812,
                0.000933701579925,
                0.000500914931763,
                0.000421936478233,
                0.000162619151524,
                0.000112208639621,
                0.000248233525781,
                0.000232659236644,
                0.000114702459541,
                0.000105000770418,
                5.36620282219e-05,
                5.17030457559e-05,
                7.70216720412e-05,
                0.00010074837337,
                8.55924081407e-05,
                6.59646393615e-05,
                6.32864393992e-05,
                5.29308963451e-05,
                2.61915101873e-05,
                3.0229868571e-05,
                3.14902790706e-05,
                2.04071002372e-05,
                1.09353650259e-05,
                4.79202890347e-06,
                4.20032483817e-06,
                5.35061872142e-06,
                3.72659451386e-06,
                3.04637092086e-06,
