{
    "lowlevel": {
        "average_loudness": 0.956248879433,
        "barkbands": {
            "dmean": [
                0.000181282826816,
                0.00327215832658,
                0.00216585374437,
                0.00110520317685,
                0.00170146813616,
                0.000848203664646,
                0.000920509162825,
                0.000982916681096,
                0.000794331135694,
                0.000747519254219,
                0.000428015948273,
                0.000637784716673,
                0.000572787190322,
                0.000431863212725,
                0.000448893028079,
                0.000295299716527,
                0.000345570675563,
                0.000325861910824,
                0.000210650236113,
                0.000136929709697,
                0.000113949368824,
                0.000114316637337,
                8.21706271381e-05,
                6.77510834066e-05,
                3.38134232152e-05,
                1.93648556888e-05,
                9.30256101128e-06
            ],
            "dmean2": [
                0.000306938658468,
                0.00528133288026,
                0.00384613033384,
                0.00190953514539,
                0.002795888111,
                0.0013138129143,
                0.00147552764975,
                0.00150488177314,
                0.00120903318748,
                0.00112013926264,
                0.000640152022243,
                0.00097718462348,
                0.000904917775188,
                0.000687830615789,
                0.000691938854288,
                0.000457705173176,
                0.000535532832146,
                0.000496457563713,
                0.0003263837134,
                0.000226592062972,
                0.000190442078747,
                0.000192123072338,
                0.000131351000164,
                0.00010266967729,
                4.97150722367e-05,
                2.80643307633e-05,
                1.37869192258e-05
            ],
            "dvar": [
                1.37370633979e-07,
                4.39370123786e-05,
                2.35802908719e-05,
                3.36066341333e-06,
                1.07255364128e-05,
                3.10536461257e-06,
                5.71290229345e-06,
                7.40786026654e-06,
                3.90105333281e-06,
                2.54560245594e-06,
                1.01428645394e-06,
                1.90960440705e-06,
                1.21555603982e-06,
                8.10534174889e-07,
                7.16262263722e-07,
                3.11254183316e-07,
                3.68963270603e-07,
                4.28860005286e-07,
                1.26870276063e-07,
                6.50904041777e-08,
                5.13525328927e-08,
                6.57472796206e-08,
                3.32771143974e-08,
                1.82452755126e-08,
                3.39217187673e-09,
                9.84205383858e-10,
                4.04556388389e-10
            ],
            "dvar2": [
                3.81117530424e-07,
                0.000108463078504,
                6.75890405546e-05,
                9.5649584182e-06,
                2.78555162367e-05,
                7.13444296707e-06,
                1.32259629027e-05,
                1.5908612113e-05,
                8.4744178821e-06,
                5.45198054169e-06,
                1.99829310077e-06,
                4.19336220148e-06,
                2.96696498481e-06,
                2.02872342925e-06,
                1.56514727223e-06,
                7.08923948878e-07,
                7.58999362915e-07,
                9.31183421926e-07,
                2.7963926641e-07,
                1.55534081614e-07,
                1.35849418825e-07,
                1.73192148623e-07,
                8.22363759312e-08,
                3.94778325585e-08,
                7.2544401597e-09,
                2.08968620186e-09,
                9.39575417469e-10
            ],
            "max": [
                0.00491236336529,
                0.115609124303,
                0.059679351747,
                0.0352694652975,
                0.0476791746914,
                0.03303386271,
                0.052686996758,
                0.0777226984501,
                0.0406178720295,
                0.0380541831255,
                0.0250938665122,
                0.023883735761,
                0.0239477194846,
                0.0175425186753,
                0.0156832430512,
                0.0118761919439,
                0.0115980077535,
                0.0158749353141,
                0.00705537199974,
                0.00742291100323,
                0.00305114430375,
                0.00357043207623,
                0.00315282656811,
                0.0032735588029,
                0.000989907188341,
                0.000547676172573,
                0.000270956981694
            ],
            "mean": [
                0.000273399549769,
                0.00638461718336,
                0.00283570378087,
                0.00157559674699,
                0.00269283098169,
                0.00158694700804,
                0.00150965468492,
                0.00170699437149,
                0.00156370399054,
                0.00130625942256,
                0.000712565437425,
                0.00113051617518,
                0.00094398407964,
                0.000714563939255,
                0.000827772426419,
                0.000572068791371,
                0.000694653310347,
                0.000627757690381,
                0.000402346602641,
                0.000254037615377,
                0.000216589542106,
                0.000200105670956,
                0.000162809490575,
                0.000155155183165,
                8.45917020342e-05,
                4.66614401375e-05,
                1.78237260116e-05
            ],
            "median": [
                0.000105141829408,
                0.00479359319434,
                0.00174197671004,
                0.000958613003604,
                0.00159828062169,
                0.000792273902334,
                0.000397651892854,
                0.00042697347817,
                0.000501221045852,
                0.000554427329917,
                0.000198654044652,
                0.00040167896077,
                0.000389812572394,
                0.000306104222545,
                0.000400417193305,
                0.000305263965856,
                0.00036268538679,
                0.000291577132884,
                0.000247138028499,
                0.000161055941135,
                0.00012172388233,
                9.37541917665e-05,
                7.55970104365e-05,
                7.4805560871e-05,
                4.81476527057e-05,
                2.75457350654e-05,
                7.61211094868e-06
            ],
            "min": [
                2.01562007665e-24,
                3.93432622451e-24,
                1.02672763281e-23,
                2.4653688086e-24,
                9.65378787956e-24,
                4.06077076686e-24,
                1.1415030291e-23,
                1.16002485207e-23,
                3.36607453129e-23,
                1.85639008065e-23,
                2.19967773415e-23,
                3.16361842867e-23,
                5.26870669157e-23,
                4.86370897382e-23,
                5.27758989646e-23,
                7.76999087779e-23,
                1.04597572845e-22,
                6.5265649687e-23,
                1.23690120899e-22,
                2.08422844554e-22,
                2.79152883244e-22,
                3.37034018619e-22,
                4.83479040589e-22,
                7.81573395557e-22,
                1.00662932812e-21,
                1.59430298509e-21,
                1.99336572991e-21
            ],
            "var": [
                1.88864973438e-07,
                5.90897543589e-05,
                1.78762657015e-05,
                4.03197145715e-06,
                1.3185392163e-05,
                6.30798695056e-06,
                1.50689829752e-05,
                2.26547181228e-05,
                1.30925072881e-05,
                5.93466847931e-06,
                3.04114087157e-06,
                4.82250698042e-06,
                2.5240699415e-06,
                1.3971205135e-06,
                1.69967097463e-06,
                7.16356623798e-07,
                9.97002985059e-07,
                1.14967190257e-06,
                2.59285314996e-07,
                1.01204790326e-07,
                7.45830064375e-08,
                8.62891553766e-08,
                5.99335621132e-08,
                5.0047638922e-08,
                1.06606483641e-08,
                2.9992768269e-09,
                7.20796589082e-10
            ]
        },
        "barkbands_crest": {
            "dmean": 2.31373929977,
            "dmean2": 3.68876004219,
            "dvar": 5.04728412628,
            "dvar2": 12.4421873093,
            "max": 25.4826469421,
            "mean": 9.2098197937,
            "median": 8.35388088226,
            "min": 2.23218560219,
            "var": 16.7369174957
        },
        "barkbands_flatness_db": {
            "dmean": 0.0180810317397,
            "dmean2": 0.0278024636209,
            "dvar": 0.000415229820646,
            "dvar2": 0.000899246253539,
            "max": 0.419374763966,
            "mean": 0.106442004442,
            "median": 0.0927573293447,
            "min": 0.0195309016854,
            "var": 0.00303314276971
        },
        "barkbands_kurtosis": {
            "dmean": 2.7325963974,
            "dmean2": 4.37233400345,
            "dvar": 64.1962432861,
            "dvar2": 171.262420654,
            "max": 243.955535889,
            "mean": 3.3730738163,
            "median": 0.682429671288,
            "min": -1.80321490765,
            "var": 109.426231384
        },
        "barkbands_skewness": {
            "dmean": 0.503076076508,
            "dmean2": 0.760564506054,
            "dvar": 0.395216017962,
            "dvar2": 0.921191513538,
            "max": 12.966837883,
            "mean": 1.30728304386,
            "median": 1.09608125687,
            "min": -5.59283971786,
            "var": 1.62583994865
        },
        "barkbands_spread": {
            "dmean": 5.43856239319,
            "dmean2": 8.4897069931,
            "dvar": 40.9135284424,
            "dvar2": 90.0035858154,
            "max": 107.581642151,
            "mean": 26.5736560822,
            "median": 26.2012634277,
            "min": 0.642375349998,
            "var": 161.083892822
        },
        "dissonance": {
            "dmean": 0.0166441574693,
            "dmean2": 0.0276815835387,
            "dvar": 0.00038845060044,
            "dvar2": 0.00102936080657,
            "max": 0.500000059605,
            "mean": 0.467839151621,
            "median": 0.475830674171,
            "min": 0,
            "var": 0.000841069209855
        },
        "dynamic_complexity": 3.03151130676,
        "erbbands": {
            "dmean": [
                0.094956792891,
                0.775006055832,
                2.34054923058,
                2.92221879959,
                5.76979732513,
                5.36475133896,
                6.50854206085,
                6.76936626434,
                10.5478019714,
                14.9695463181,
                24.9492931366,
                18.7529659271,
                14.3123025894,
                28.2240867615,
                18.5058994293,
                25.2660102844,
                22.6992607117,
                26.281835556,
                22.6283836365,
                16.8314170837,
                16.2700691223,
                15.7150115967,
                16.153213501,
                14.5944757462,
                7.86571216583,
                6.20413970947,
                4.64121627808,
                4.74604463577,
                4.36371183395,
                3.28315472603,
                2.2266793251,
                1.82296609879,
                0.962429225445,
                0.414456576109,
                0.226422458887,
                0.112943820655,
                0.0298461206257,
                0.00837317761034,
                0.00147219805513,
                9.47502703639e-05
            ],
            "dmean2": [
                0.147195339203,
                1.27938699722,
                4.1384305954,
                5.08844470978,
                9.5757226944,
                9.02121925354,
                10.2381381989,
                10.6033916473,
                16.8732509613,
                23.2779464722,
                37.7097015381,
                28.1156482697,
                21.4567890167,
                41.8582954407,
                27.723897934,
                38.2247657776,
                35.5409011841,
                41.426071167,
                35.6464653015,
                25.4944953918,
                25.1528453827,
                24.1138343811,
                24.1111946106,
                22.2307167053,
                12.343328476,
                10.2167015076,
                7.77494621277,
                8.03113651276,
                7.34347295761,
                5.4249792099,
                3.52229619026,
                2.81118106842,
                1.45444905758,
                0.612515807152,
                0.338228642941,
                0.168900817633,
                0.0432561188936,
                0.0120199499652,
                0.00219601322897,
                0.000144564124639
            ],
            "dvar": [
                0.0420710705221,
                2.52224445343,
                26.978805542,
                25.5663700104,
                124.29750061,
                117.414199829,
                173.939422607,
                242.480651855,
                682.548950195,
                1926.66650391,
                5225.43945313,
                2327.29907227,
                1030.09960938,
                3725.68261719,
                1577.64074707,
                3313.08032227,
                2144.46875,
                3066.7277832,
                1903.11682129,
                966.092956543,
                849.51373291,
                766.09942627,
                1087.68518066,
                676.321044922,
                193.530853271,
                116.270805359,
                82.4088897705,
                102.286956787,
                91.4301223755,
                58.8266983032,
                23.6674518585,
                15.0361394882,
                3.90791010857,
                0.519102156162,
                0.172783255577,
                0.0354341417551,
                0.00237921788357,
                0.000268922420219,
                1.03406164271e-05,
                5.4052801346e-08
            ],
            "dvar2": [
                0.0943194925785,
                6.63464069366,
                77.0061798096,
                71.8714599609,
                322.846069336,
                315.741943359,
                396.589141846,
                567.558959961,
                1550.07531738,
                4150.28125,
                11146.2041016,
                5063.59716797,
                2235.01391602,
                7953.00244141,
                3357.55810547,
                7283.93798828,
                5219.37304688,
                7671.73583984,
                4376.54296875,
                1994.38549805,
                2037.60803223,
                1535.60205078,
                2307.9597168,
                1417.44128418,
                400.678314209,
                286.975006104,
                218.061859131,
                274.264678955,
                242.828659058,
                153.376693726,
                56.62266922,
                33.5848999023,
                8.39883518219,
                1.0988086462,
                0.375147223473,
                0.0777549669147,
                0.00507355108857,
                0.000571906624828,
                2.38735792664e-05,
                1.36521322247e-07
            ],
            "max": [
                4.19208574295,
                22.6286678314,
                57.8106079102,
                81.9183959961,
                169.96963501,
                193.980636597,
                287.367645264,
                360.266448975,
                528.36505127,
                1421.6842041,
                2086.79638672,
                1149.38354492,
                772.45489502,
                1393.07824707,
                780.88092041,
                1210.39855957,
                1088.69677734,
                1062.47949219,
                980.041259766,
                812.390930176,
                793.072021484,
                754.468017578,
                697.644165039,
                594.164306641,
                385.666473389,
                187.587249756,
                142.52923584,
                155.446487427,
                124.444252014,
                116.163566589,
                103.897117615,
                90.0127639771,
                72.9256515503,
                17.5161514282,
                5.81534576416,
                2.50481534004,
                1.32490587234,
                0.333078473806,
                0.0520479232073,
                0.00353228789754
            ],
            "mean": [
                0.190276578069,
                1.40561330318,
                3.30849552155,
                4.41490507126,
                8.19883918762,
                8.01672744751,
                11.3853330612,
                12.4775867462,
                17.1516513824,
                25.0139904022,
                44.8320655823,
                35.4855232239,
                29.2727680206,
                51.4606246948,
                35.6304016113,
                47.059589386,
                40.4848098755,
                46.2772407532,
                41.9190139771,
                35.3688011169,
                35.2906494141,
                33.4589309692,
                34.0241203308,
                29.5183773041,
                16.4935188293,
                11.9739456177,
                8.93539714813,
                8.20906639099,
                7.536921978,
                5.81361293793,
                4.48319768906,
                3.81088542938,
                2.25879240036,
                1.05214607716,
                0.530945897102,
                0.24679467082,
                0.0738700181246,
                0.0191173721105,
                0.00290583493188,
                0.000186299512279
            ],
            "median": [
                0.134169653058,
                1.05238103867,
                2.1866402626,
                2.98674345016,
                4.45876598358,
                4.46698999405,
                5.82856845856,
                5.7830247879,
                6.25905418396,
                6.57455825806,
                12.0750255585,
                12.1804847717,
                13.5714473724,
                22.1399154663,
                14.7503242493,
                17.9487838745,
                18.6496772766,
                19.6298828125,
                20.47838974,
                18.4688606262,
                21.1633262634,
                19.0438995361,
                15.8837184906,
                16.8141479492,
                10.6560325623,
                7.76497268677,
                5.55153512955,
                4.1674861908,
                3.54688405991,
                2.78873252869,
                1.99721550941,
                1.84792304039,
                1.0241651535,
                0.562268316746,
                0.317726492882,
                0.151415854692,
                0.0414699688554,
                0.00922038964927,
                0.00125721096992,
                0.000103364654933
            ],
            "min": [
                1.70439810434e-22,
                1.259525765e-21,
                1.10953338321e-20,
                1.04327419666e-20,
                3.26141062723e-20,
                3.09451336772e-20,
                5.21846179539e-20,
                6.64618748801e-20,
                1.85172871646e-19,
                2.58459277385e-19,
                6.02489200067e-19,
                6.99955581451e-19,
                1.03136280553e-18,
                1.3986911749e-18,
                1.31549893236e-18,
                1.49179965862e-18,
                2.09867798242e-18,
                2.79895957643e-18,
                3.6470368392e-18,
                3.41956155037e-18,
                3.69690176807e-18,
                5.9770921282e-18,
                4.97748530337e-18,
                5.67556370182e-18,
                7.44024972754e-18,
                8.77395190664e-18,
                1.01582485879e-17,
                9.6028133502e-18,
                1.25961020543e-17,
                1.57482152264e-17,
                1.17551885893e-17,
                1.15565651534e-17,
                1.23347245613e-17,
                9.86005163146e-18,
                7.74615600731e-18,
                4.76798816476e-18,
                2.80885513809e-18,
                9.44244040022e-19,
                2.8802134246e-19,
                2.9408639227e-20
            ],
            "var": [
                0.0671224817634,
                2.92987895012,
                21.2127628326,
                26.6978855133,
                146.307006836,
                134.608825684,
                342.526947021,
                491.212097168,
                1432.52294922,
                6095.28271484,
                15894.7998047,
                6643.12988281,
                2978.53369141,
                8533.33398438,
                4421.90039063,
                8497.90722656,
                4416.10888672,
                6156.98388672,
                4201.94482422,
                3153.17529297,
                2149.25415039,
                2115.25292969,
                3258.828125,
                1615.70983887,
                446.088562012,
                196.371200562,
                117.914741516,
                128.158905029,
                120.19846344,
                77.443862915,
                47.4124031067,
                31.7355251312,
                12.6785678864,
                1.7980312109,
                0.424076020718,
                0.0841396972537,
                0.00831313896924,
                0.000714041118044,
                1.93238993234e-05,
                6.71074076308e-08
            ]
        },
        "erbbands_crest": {
            "dmean": 2.48324942589,
            "dmean2": 3.92508006096,
            "dvar": 6.07834386826,
            "dvar2": 14.0722007751,
            "max": 31.6019077301,
            "mean": 8.65054130554,
            "median": 7.33823490143,
            "min": 2.20282459259,
            "var": 21.963634491
        },
        "erbbands_flatness_db": {
            "dmean": 0.0161327142268,
            "dmean2": 0.0227551907301,
            "dvar": 0.000279163825326,
            "dvar2": 0.000504565832671,
            "max": 0.409507900476,
            "mean": 0.134102076292,
            "median": 0.126497477293,
            "min": 0.0406065061688,
            "var": 0.00226066517644
        },
        "erbbands_kurtosis": {
            "dmean": 0.758848190308,
            "dmean2": 1.17409586906,
            "dvar": 1.38177406788,
            "dvar2": 3.17728543282,
            "max": 33.8083190918,
            "mean": 0.46872740984,
            "median": -0.0596004277468,
            "min": -1.81329679489,
            "var": 4.26874399185
        },
        "erbbands_skewness": {
            "dmean": 0.311317801476,
            "dmean2": 0.470119595528,
            "dvar": 0.0987479537725,
            "dvar2": 0.214169740677,
            "max": 4.52646064758,
            "mean": 0.169495627284,
            "median": 0.0793545395136,
            "min": -2.52957129478,
            "var": 0.505056321621
        },
        "erbbands_spread": {
            "dmean": 7.92735862732,
            "dmean2": 11.9426679611,
            "dvar": 86.6993026733,
            "dvar2": 193.859558105,
            "max": 134.402069092,
            "mean": 37.7433128357,
            "median": 34.6896858215,
            "min": 2.89634490013,
            "var": 338.190734863
        },
        "gfcc": {
            "cov": [
                [
                    21136.5078125,
                    -1680.84106445,
                    -1872.48120117,
                    849.790893555,
                    -345.675201416,
                    348.141021729,
                    -400.320098877,
                    223.215637207,
                    -324.816558838,
                    143.695526123,
                    -319.166656494,
                    143.895004272,
                    -313.892913818
                ],
                [
                    -1680.84106445,
                    1221.98962402,
                    -35.0224266052,
                    -115.20904541,
                    134.678344727,
                    -69.2380523682,
                    72.7569274902,
                    18.3987312317,
                    56.0406417847,
                    -26.1993675232,
                    93.6358413696,
                    -10.5136356354,
                    65.3097381592
                ],
                [
                    -1872.48120117,
                    -35.0224266052,
                    805.321289063,
                    71.3491973877,
                    40.3061332703,
                    22.8375034332,
                    60.9760627747,
                    -35.8761024475,
                    42.5711402893,
                    32.6119117737,
                    -0.97259157896,
                    17.862247467,
                    28.9393501282
                ],
                [
                    849.790893555,
                    -115.20904541,
                    71.3491973877,
                    375.546173096,
                    60.390171051,
                    77.1225204468,
                    5.4158654213,
                    3.94967556,
                    1.03477096558,
                    28.533908844,
                    -18.3330001831,
                    -3.78556275368,
                    16.0112323761
                ],
                [
                    -345.675201416,
                    134.678344727,
                    40.3061332703,
                    60.390171051,
                    294.336334229,
                    45.7847290039,
                    60.6203727722,
                    30.5931892395,
                    17.4959220886,
                    19.7737178802,
                    11.9045085907,
                    17.4872055054,
                    29.8921699524
                ],
                [
                    348.141021729,
                    -69.2380523682,
                    22.8375034332,
                    77.1225204468,
                    45.7847290039,
                    161.448379517,
                    66.0468902588,
                    20.9400310516,
                    -4.21599435806,
                    6.11623764038,
                    -4.96826934814,
                    7.8628320694,
                    -0.523610770702
                ],
                [
                    -400.320098877,
                    72.7569274902,
                    60.9760627747,
                    5.4158654213,
                    60.6203727722,
                    66.0468902588,
                    150.924835205,
                    48.0701255798,
                    4.33976650238,
                    -3.18477463722,
                    9.30579185486,
                    -3.1123239994,
                    3.97427272797
                ],
                [
                    223.215637207,
                    18.3987312317,
                    -35.8761024475,
                    3.94967556,
                    30.5931892395,
                    20.9400310516,
                    48.0701255798,
                    106.840309143,
                    38.8904914856,
                    0.432386577129,
                    6.21440505981,
                    2.90755462646,
                    -10.5838499069
                ],
                [
                    -324.816558838,
                    56.0406417847,
                    42.5711402893,
                    1.03477096558,
                    17.4959220886,
                    -4.21599435806,
                    4.33976650238,
                    38.8904914856,
                    98.2733459473,
                    34.8832626343,
                    3.35303235054,
                    -10.073641777,
                    10.4300737381
                ],
                [
                    143.695526123,
                    -26.1993675232,
                    32.6119117737,
                    28.533908844,
                    19.7737178802,
                    6.11623764038,
                    -3.18477463722,
                    0.432386577129,
                    34.8832626343,
                    79.4445343018,
                    17.2154026031,
                    -0.585992157459,
                    2.86694145203
                ],
                [
                    -319.166656494,
                    93.6358413696,
                    -0.97259157896,
                    -18.3330001831,
                    11.9045085907,
                    -4.96826934814,
                    9.30579185486,
                    6.21440505981,
                    3.35303235054,
                    17.2154026031,
                    91.3475112915,
                    32.7178077698,
                    -2.77395105362
                ],
                [
                    143.895004272,
                    -10.5136356354,
                    17.862247467,
                    -3.78556275368,
                    17.4872055054,
                    7.8628320694,
                    -3.1123239994,
                    2.90755462646,
                    -10.073641777,
                    -0.585992157459,
                    32.7178077698,
                    71.8066940308,
                    20.2275371552
                ],
                [
                    -313.892913818,
                    65.3097381592,
                    28.9393501282,
                    16.0112323761,
                    29.8921699524,
                    -0.523610770702,
                    3.97427272797,
                    -10.5838499069,
                    10.4300737381,
                    2.86694145203,
                    -2.77395105362,
                    20.2275371552,
                    75.5060043335
                ]
            ],
            "icov": [
                [
                    0.000153782719281,
                    -2.16927182919e-05,
                    0.000326255423715,
                    -0.00032783212373,
                    0.000201675124117,
                    -0.00024297166965,
                    0.000376356561901,
                    -0.000573861412704,
                    0.000648161862046,
                    -0.000833063502796,
                    0.000940033351071,
                    -0.000918160716537,
                    0.000643366016448
                ],
                [
                    -2.16927182919e-05,
                    0.00123734318186,
                    7.49245882616e-05,
                    0.000267899216851,
                    -0.000570513715502,
                    0.000606695422903,
                    -0.000653728842735,
                    0.000480663846247,
                    -0.000964999140706,
                    0.00126919720788,
                    -0.00186336576007,
                    0.00132135022432,
                    -0.0012514332775
                ],
                [
                    0.000326255423715,
                    7.49245882616e-05,
                    0.00221134582534,
                    -0.00100322603248,
                    0.000391666108044,
                    -0.000183669631951,
                    -0.000477384513943,
                    0.000314162432915,
                    2.2427408112e-05,
                    -0.00178425142076,
                    0.00223295274191,
                    -0.00279605877586,
                    0.00146525073797
                ],
                [
                    -0.00032783212373,
                    0.000267899216851,
                    -0.00100322603248,
                    0.00404463382438,
                    -0.00100605958141,
                    -0.00111055013258,
                    0.000253376521869,
                    0.000538231164683,
                    -0.00057707290398,
                    0.000752150837798,
                    -0.00187142333016,
                    0.00297721289098,
                    -0.00243022362702
                ],
                [
                    0.000201675124117,
                    -0.000570513715502,
                    0.000391666108044,
                    -0.00100605958141,
                    0.00460518663749,
                    -0.000848382362165,
                    -0.000557301740628,
                    -0.00150008185301,
                    0.00112922349945,
                    -0.00236057746224,
                    0.00184424652252,
                    -0.00233469274826,
                    1.19707128761e-05
                ],
                [
                    -0.00024297166965,
                    0.000606695422903,
                    -0.000183669631951,
                    -0.00111055013258,
                    -0.000848382362165,
                    0.00957058928907,
                    -0.00505553372204,
                    0.00151248276234,
                    -0.00125459593255,
                    0.00107744941488,
                    -0.000678505457472,
                    -0.000377485441277,
                    -0.000140021104016
                ],
                [
                    0.000376356561901,
                    -0.000653728842735,
                    -0.000477384513943,
                    0.000253376521869,
                    -0.000557301740628,
                    -0.00505553372204,
                    0.0126504581422,
                    -0.00721178529784,
                    0.00480175483972,
                    -0.00199321005493,
                    0.000826912524644,
                    0.00111734308302,
                    -8.84655164555e-05
                ],
                [
                    -0.000573861412704,
                    0.000480663846247,
                    0.000314162432915,
                    0.000538231164683,
                    -0.00150008185301,
                    0.00151248276234,
                    -0.00721178529784,
                    0.0184003822505,
                    -0.0112987924367,
                    0.00634485762566,
                    -0.00326787191443,
                    -0.000236011430388,
                    0.00179024972022
                ],
                [
                    0.000648161862046,
                    -0.000964999140706,
                    2.2427408112e-05,
                    -0.00057707290398,
                    0.00112922349945,
                    -0.00125459593255,
                    0.00480175483972,
                    -0.0112987924367,
                    0.0208447910845,
                    -0.0113163599744,
                    0.00450412090868,
                    0.000102215832158,
                    -0.000960915815085
                ],
                [
                    -0.000833063502796,
                    0.00126919720788,
                    -0.00178425142076,
                    0.000752150837798,
                    -0.00236057746224,
                    0.00107744941488,
                    -0.00199321005493,
                    0.00634485762566,
                    -0.0113163599744,
                    0.0227576512843,
                    -0.0103539302945,
                    0.0067817713134,
                    -0.00359844393097
                ],
                [
                    0.000940033351071,
                    -0.00186336576007,
                    0.00223295274191,
                    -0.00187142333016,
                    0.00184424652252,
                    -0.000678505457472,
                    0.000826912524644,
                    -0.00326787191443,
                    0.00450412090868,
                    -0.0103539302945,
                    0.023242900148,
                    -0.0154819330201,
                    0.00859659165144
                ],
                [
                    -0.000918160716537,
                    0.00132135022432,
                    -0.00279605877586,
                    0.00297721289098,
                    -0.00233469274826,
                    -0.000377485441277,
                    0.00111734308302,
                    -0.000236011430388,
                    0.000102215832158,
                    0.0067817713134,
                    -0.0154819330201,
                    0.0279924236238,
                    -0.0120291626081
                ],
                [
                    0.000643366016448,
                    -0.0012514332775,
                    0.00146525073797,
                    -0.00243022362702,
                    1.19707128761e-05,
                    -0.000140021104016,
                    -8.84655164555e-05,
                    0.00179024972022,
                    -0.000960915815085,
                    -0.00359844393097,
                    0.00859659165144,
                    -0.0120291626081,
                    0.021012371406
                ]
            ],
            "mean": [
                16.2663536072,
                78.5160751343,
                -107.569900513,
                26.8081474304,
                -44.8737602234,
                17.1221542358,
                -30.8955535889,
                10.5497617722,
                -20.6298141479,
                0.0687256902456,
                -14.6157493591,
                1.57636988163,
                -11.7164926529
            ]
        },
        "hfc": {
            "dmean": 6.39943408966,
            "dmean2": 9.57841396332,
            "dvar": 86.6522369385,
            "dvar2": 176.442092896,
            "max": 119.749076843,
            "mean": 25.62225914,
            "median": 22.9497375488,
            "min": 1.0718781078e-16,
            "var": 338.731445313
        },
        "melbands": {
            "dmean": [
                0.000860704865772,
                0.00113056763075,
                0.00056935264729,
                0.000413709320128,
                0.000208366996958,
                0.000151193904458,
                0.000171065374161,
                0.000162155280123,
                0.000201266564545,
                0.000114282993309,
                7.49860482756e-05,
                0.000121262120956,
                6.36590993963e-05,
                7.60635375627e-05,
                5.45615475858e-05,
                5.71084456169e-05,
                4.70656777907e-05,
                3.61031779903e-05,
                2.7661673812e-05,
                2.26184347412e-05,
                2.08615401789e-05,
                1.79869912245e-05,
                1.61488478625e-05,
                1.88519643416e-05,
                1.2459786376e-05,
                6.85153554514e-06,
                5.384508313e-06,
                4.28595785706e-06,
