{
    "lowlevel": {
        "average_loudness": 0.839207947254,
        "barkbands": {
            "dmean": [
                0.00153947423678,
                0.0280188657343,
                0.0103239594027,
                0.00280956411734,
                0.00249913544394,
                0.000986386905424,
                0.00050225306768,
                0.000461207906483,
                0.000321522995364,
                0.000250427867286,
                0.000173624808667,
                0.000137944487506,
                0.000143233060953,
                0.000160464362125,
                0.000144866251503,
                7.06198989064e-05,
                0.000105487008113,
                9.44144339883e-05,
                6.22103325441e-05,
                8.29068012536e-05,
                8.9882487373e-05,
                7.9573765106e-05,
                5.6050837884e-05,
                7.51435363782e-05,
                7.52117412048e-05,
                3.02457992802e-05,
                1.164439891e-05
            ],
            "dmean2": [
                0.00256812642328,
                0.0460339859128,
                0.0186794493347,
                0.00465154089034,
                0.0044565834105,
                0.00164695398416,
                0.000770000508055,
                0.00067895691609,
                0.000461047573481,
                0.000358987366781,
                0.00024740176741,
                0.00020683297771,
                0.000209398684092,
                0.000235635583522,
                0.000224025236093,
                0.000106903826236,
                0.0001521382801,
                0.000150513340486,
                9.72825801e-05,
                0.000137246068334,
                0.00014333872241,
                0.000123632198665,
                8.86069537955e-05,
                0.000114329617645,
                0.000110068387585,
                4.44134602731e-05,
                1.82927033165e-05
            ],
            "dvar": [
                2.74578360404e-05,
                0.00255964323878,
                0.000802922004368,
                5.60895168746e-05,
                8.76812191564e-05,
                4.51851701655e-06,
                9.92575337477e-07,
                1.18430864404e-06,
                6.53634231185e-07,
                6.40431721877e-07,
                3.9454812395e-07,
                3.07493166929e-07,
                2.38967771793e-07,
                1.89791251159e-07,
                1.32514642814e-07,
                5.90797561983e-08,
                5.40550750827e-08,
                7.17989578902e-08,
                1.97979375116e-08,
                6.43284465696e-08,
                8.64607088147e-08,
                7.0783130468e-08,
                3.55843390309e-08,
                7.01551030602e-08,
                5.88429749371e-08,
                5.97047700168e-09,
                1.39869993365e-09
            ],
            "dvar2": [
                7.38041344448e-05,
                0.00655394326895,
                0.0022059190087,
                0.000139882657095,
                0.000244881783146,
                1.21444254546e-05,
                2.20072865886e-06,
                2.26938459491e-06,
                1.1733145584e-06,
                1.17141144074e-06,
                7.08986988229e-07,
                6.31871273526e-07,
                4.70818662279e-07,
                3.52062897946e-07,
                2.79783790802e-07,
                1.25056814682e-07,
                1.05344959422e-07,
                1.74928018737e-07,
                4.42118164301e-08,
                1.70277900224e-07,
                2.12873246141e-07,
                1.54697488597e-07,
                7.62082237316e-08,
                1.3752644179e-07,
                1.0563297792e-07,
                1.17487148898e-08,
                3.46905415505e-09
            ],
            "max": [
                0.0737551003695,
                0.419220387936,
                0.258844614029,
                0.103564172983,
                0.114865779877,
                0.0314401090145,
                0.0230557974428,
                0.0318776890635,
                0.0200823247433,
                0.0212148912251,
                0.0235682819039,
                0.0276106726378,
                0.0133021390066,
                0.0155592309311,
                0.00978249311447,
                0.00899568758905,
                0.00568856392056,
                0.00642087915912,
                0.00323308445513,
                0.00429286900908,
                0.00835168641061,
                0.00752306170762,
                0.00644665304571,
                0.00485149119049,
                0.00624211132526,
                0.00156970589887,
                0.00089778698748
            ],
            "mean": [
                0.00159367255401,
                0.047999035567,
                0.00846846587956,
                0.00269900332205,
                0.00254703988321,
                0.00167818448972,
                0.000968025880866,
                0.000955568393692,
                0.000634653028101,
                0.000442535820184,
                0.00032124016434,
                0.000218908462557,
                0.000243298069108,
                0.000264346890617,
                0.000233048354858,
                0.000113485999464,
                0.000172750063939,
                0.000139722687891,
                0.000103454032796,
                0.000106325584056,
                0.00012419714767,
                0.000117564217362,
                8.01139758551e-05,
                0.000116982948384,
                0.000131531487568,
                4.17716510128e-05,
                1.09524871732e-05
            ],
            "median": [
                0.000123255260405,
                0.0116328559816,
                0.000477586378111,
                0.000319937855238,
                0.000786817166954,
                0.00070451683132,
                0.000277309125522,
                0.000235651445109,
                0.000121732555272,
                5.7215882407e-05,
                4.06999788538e-05,
                3.53959694621e-05,
                4.37658163719e-05,
                6.13351876382e-05,
                6.36259064777e-05,
                3.4385764593e-05,
                4.66410310764e-05,
                2.84015586658e-05,
                2.86065933324e-05,
                2.30429996009e-05,
                2.33294504142e-05,
                1.59190494742e-05,
                6.82873178448e-06,
                1.44436180562e-05,
                2.39995588345e-05,
                1.11094950626e-05,
                1.80309166353e-06
            ],
            "min": [
                6.3374748125e-25,
                1.43960409885e-24,
                1.08661980656e-24,
                8.10958772721e-25,
                3.20136025595e-24,
                1.44765600211e-23,
                1.14900848841e-23,
                6.1852130221e-24,
                2.05346962288e-23,
                2.30441022114e-23,
                2.09504985011e-23,
                2.79069074662e-23,
                3.25261140511e-23,
                3.27763849065e-23,
                6.06168229528e-23,
                7.07055587587e-23,
                6.16627894042e-23,
                1.35797091067e-22,
                1.29510033735e-22,
                1.87296682506e-22,
                2.29673356324e-22,
                2.25291606337e-22,
                3.94575148633e-22,
                6.21117421361e-22,
                9.17406711116e-22,
                1.14735221814e-21,
                1.80068575962e-21
            ],
            "var": [
                2.54995065916e-05,
                0.00419426569715,
                0.00067031220533,
                5.30565193912e-05,
                5.92095821048e-05,
                6.73956219543e-06,
                3.48916432813e-06,
                4.45848672825e-06,
                2.31449939747e-06,
                2.06214735954e-06,
                1.40325164466e-06,
                6.00700047926e-07,
                5.76226398152e-07,
                6.3271744466e-07,
                3.05753104612e-07,
                1.08887888928e-07,
                1.32394347929e-07,
                1.19275881616e-07,
                4.15220391403e-08,
                7.11040328838e-08,
                1.15644354537e-07,
                1.33619195708e-07,
                6.66451427378e-08,
                1.49345567024e-07,
                1.52848031121e-07,
                1.126422422e-08,
                1.18416698669e-09
            ]
        },
        "barkbands_crest": {
            "dmean": 2.98783969879,
            "dmean2": 4.70388221741,
            "dvar": 10.9861278534,
            "dvar2": 21.4749622345,
            "max": 26.8220806122,
            "mean": 15.9704647064,
            "median": 15.169503212,
            "min": 2.73974084854,
            "var": 45.8730964661
        },
        "barkbands_flatness_db": {
            "dmean": 0.0372259654105,
            "dmean2": 0.0540037378669,
            "dvar": 0.00182834209409,
            "dvar2": 0.00323309516534,
            "max": 0.60575979948,
            "mean": 0.222634419799,
            "median": 0.221837922931,
            "min": 0.0245918352157,
            "var": 0.00832493789494
        },
        "barkbands_kurtosis": {
            "dmean": 41.1089744568,
            "dmean2": 66.0894165039,
            "dvar": 13829.3574219,
            "dvar2": 35303.625,
            "max": 2745.12475586,
            "mean": 58.1115074158,
            "median": 9.33449077606,
            "min": -1.91199910641,
            "var": 22268.1699219
        },
        "barkbands_skewness": {
            "dmean": 1.77106440067,
            "dmean2": 2.66610431671,
            "dvar": 7.17294025421,
            "dvar2": 16.0116977692,
            "max": 43.861038208,
            "mean": 4.46550178528,
            "median": 2.8206281662,
            "min": -5.27819681168,
            "var": 22.9594841003
        },
        "barkbands_spread": {
            "dmean": 6.38064432144,
            "dmean2": 9.8621931076,
            "dvar": 116.591255188,
            "dvar2": 239.191604614,
            "max": 146.683746338,
            "mean": 14.0621967316,
            "median": 9.46985816956,
            "min": 0.0741185620427,
            "var": 262.614929199
        },
        "dissonance": {
            "dmean": 0.0244319401681,
            "dmean2": 0.0407265760005,
            "dvar": 0.000574790232349,
            "dvar2": 0.00156799168326,
            "max": 0.500000059605,
            "mean": 0.44487798214,
            "median": 0.455011725426,
            "min": 0.154983386397,
            "var": 0.00189022964332
        },
        "dynamic_complexity": 4.49497413635,
        "erbbands": {
            "dmean": [
                0.88993293047,
                6.22856712341,
                12.064043045,
                10.5247716904,
                7.18820571899,
                8.13499164581,
                9.34909629822,
                7.95284509659,
                7.15231752396,
                8.7042798996,
                8.83689975739,
                7.4766869545,
                7.89200210571,
                6.91951942444,
                5.62215805054,
                5.77304506302,
                6.75278043747,
                8.1116437912,
                6.75574064255,
                5.78490352631,
                4.18056631088,
                5.17877864838,
                5.22019863129,
                3.58062887192,
                2.99541735649,
                3.63181328773,
                4.53614282608,
                3.04109191895,
                2.87609148026,
                2.45343899727,
                1.43236207962,
                1.42158377171,
                1.35580062866,
                0.924929499626,
                0.520155251026,
                0.167049109936,
                0.0486547201872,
                0.0139044253156,
                0.00218423292972,
                0.000124966332805
            ],
            "dmean2": [
                1.44408297539,
                10.3231735229,
                21.5990600586,
                16.675693512,
                11.6689796448,
                14.6439409256,
                16.6621761322,
                12.9185590744,
                11.2335920334,
                13.1115312576,
                12.6803617477,
                10.4125709534,
                11.2308750153,
                9.57093906403,
                7.9813542366,
                8.3543806076,
                9.70219612122,
                11.4579324722,
                10.5738039017,
                8.56503200531,
                5.97088003159,
                7.5228433609,
                8.13007354736,
                5.77570772171,
                4.58579540253,
                5.98364496231,
                7.70695257187,
                4.57425785065,
                4.48754835129,
                3.86103916168,
                2.22493314743,
                2.17025995255,
                2.06229782104,
                1.39407932758,
                0.754134118557,
                0.2414586097,
                0.072334498167,
                0.021671840921,
                0.00342376064509,
                0.000196736698854
            ],
            "dvar": [
                2.74530243874,
                126.093223572,
                948.309265137,
                690.171325684,
                439.741638184,
                1016.27215576,
                925.039245605,
                281.1171875,
                192.59072876,
                349.505340576,
                542.325378418,
                395.621154785,
                536.131713867,
                589.443786621,
                446.084686279,
                605.029541016,
                517.95880127,
                508.290039062,
                268.499755859,
                274.283111572,
                146.088470459,
                127.010688782,
                208.440078735,
                92.0420913696,
                42.637588501,
                122.522605896,
                302.627990723,
                93.0178756714,
                94.4638900757,
                72.5392303467,
                24.0046634674,
                21.2353515625,
                27.395570755,
                10.2149581909,
                2.48793005943,
                0.217226117849,
                0.015430720523,
                0.00181922363117,
                5.01426839037e-05,
                8.23657728688e-08
            ],
            "dvar2": [
                7.2255730629,
                319.821868896,
                2644.09570312,
                1554.11657715,
                1098.82751465,
                2885.70605469,
                2663.45849609,
                692.606994629,
                453.713348389,
                762.638977051,
                998.393920898,
                668.052368164,
                954.467956543,
                986.591674805,
                758.397766113,
                1178.92504883,
                1004.24371338,
                881.83392334,
                607.684020996,
                568.398742676,
                288.398712158,
                250.130371094,
                480.3019104,
                234.496627808,
                92.0483627319,
                320.45916748,
                826.40625,
                205.88494873,
                218.30897522,
                156.057937622,
                48.8977203369,
                43.8492622375,
                54.8039283752,
                19.131860733,
                4.58223819733,
                0.397117525339,
                0.0322297662497,
                0.00445742812008,
                0.000123611927847,
                2.00444020493e-07
            ],
            "max": [
                13.2091722488,
                99.9228057861,
                292.014099121,
                369.671142578,
                342.077148438,
                429.413391113,
                370.114074707,
                407.477783203,
                360.781188965,
                611.782409668,
                871.595092773,
                493.950744629,
                816.960571289,
                893.920410156,
                994.274841309,
                1399.80383301,
                671.229858398,
                838.378417969,
                425.480041504,
                481.254760742,
                585.507141113,
                317.984008789,
                432.354400635,
                189.788360596,
                154.244445801,
                203.053024292,
                336.226043701,
                257.784301758,
                272.267578125,
                209.630142212,
                201.730575562,
                92.8935623169,
                119.364395142,
                85.6474609375,
                41.6914024353,
                11.5416603088,
                1.88977861404,
                0.80849313736,
                0.170844182372,
                0.00508948927745
            ],
            "mean": [
                1.41156101227,
                10.5622625351,
                11.7869319916,
                10.2139873505,
                8.17487335205,
                8.07336616516,
                11.6429109573,
                13.4454555511,
                13.3941497803,
                18.0483226776,
                19.4553394318,
                15.7564659119,
                15.3814735413,
                12.6825389862,
                10.4283599854,
                9.73250198364,
                12.1351718903,
                14.6313867569,
                11.0320520401,
                9.98434925079,
                7.47609806061,
                9.00872993469,
                8.15342998505,
                5.6284403801,
                5.1977930069,
                4.76979112625,
                5.43384933472,
                4.62292671204,
                4.14613676071,
                3.53905701637,
                2.09866976738,
                2.14510536194,
                2.06120872498,
                1.47161614895,
                0.920506119728,
                0.268341124058,
                0.0614889003336,
                0.014417857863,
                0.00208484986797,
                0.00016434272402
            ],
            "median": [
                0.272633910179,
                2.43409800529,
                2.26037740707,
                1.15527570248,
                2.05603170395,
                2.02431797981,
                3.28410410881,
                5.40869855881,
                5.33362674713,
                5.01650714874,
                5.49231672287,
                3.20081686974,
                2.29428195953,
                1.8231600523,
                1.58400261402,
                1.64072430134,
                2.34819746017,
                3.40910100937,
                3.77956700325,
                3.08400392532,
                2.53168725967,
                2.60245990753,
                1.72283196449,
                1.50106883049,
                1.70229947567,
                1.02213311195,
                0.818871080875,
                0.84301507473,
                0.572822093964,
                0.286419123411,
                0.201193362474,
                0.242795616388,
                0.260676026344,
                0.227933362126,
                0.170974999666,
                0.0659283995628,
                0.0159459970891,
                0.00312359817326,
                0.000381377787562,
                9.9750533991e-05
            ],
            "min": [
                1.18607483776e-22,
                4.50016495001e-22,
                1.06499564451e-21,
                4.75252703144e-21,
                1.16725467643e-20,
                1.24174996463e-20,
                9.6237966476e-20,
                1.00669696468e-19,
                1.1472936935e-19,
                2.64469752662e-19,
                2.76742864055e-19,
                5.75553872877e-19,
                6.57363896615e-19,
                7.69744551239e-19,
                9.61452395293e-19,
                1.38335628032e-18,
                1.54280413218e-18,
                1.99403529223e-18,
                3.63281140062e-18,
                2.85334939004e-18,
                4.2663734336e-18,
                4.95380519039e-18,
                6.69569659996e-18,
                5.78992927972e-18,
                9.35124125615e-18,
                8.29980867081e-18,
                9.83886009134e-18,
                8.25574558676e-18,
                8.92752874071e-18,
                1.33373170946e-17,
                1.2615803015e-17,
                1.23687142399e-17,
                1.06199104955e-17,
                9.27610678675e-18,
                6.01692335624e-18,
                4.05404568294e-18,
                2.25520123383e-18,
                8.59588204784e-19,
                2.78063251108e-19,
                2.62934398816e-20
            ],
            "var": [
                4.11910152435,
                206.346389771,
                794.155212402,
                775.132385254,
                419.793884277,
                664.295227051,
                712.850524902,
                513.123413086,
                477.309143066,
                1155.57446289,
                2236.34960938,
                1421.48669434,
                2086.81396484,
                1950.76367188,
                1456.44458008,
                1290.72399902,
                1313.66906738,
                1893.81115723,
                544.190368652,
                629.434265137,
                322.562347412,
                342.137145996,
                408.176513672,
                140.397583008,
                96.1946868896,
                144.114608765,
                279.920074463,
                158.957473755,
                163.709381104,
                133.685379028,
                47.9547233582,
                43.1422920227,
                56.5730514526,
                25.0196304321,
                6.30594205856,
                0.514188885689,
                0.0238818489015,
                0.00166866474319,
                4.26181541116e-05,
                7.60624772056e-08
            ]
        },
        "erbbands_crest": {
            "dmean": 2.67695569992,
            "dmean2": 4.26189136505,
            "dvar": 6.80134010315,
            "dvar2": 16.5269641876,
            "max": 31.8173942566,
            "mean": 10.2496786118,
            "median": 9.03546333313,
            "min": 2.61773061752,
            "var": 22.6436767578
        },
        "erbbands_flatness_db": {
            "dmean": 0.0201117377728,
            "dmean2": 0.0293679498136,
            "dvar": 0.000401222729124,
            "dvar2": 0.000894957978744,
            "max": 0.448615074158,
            "mean": 0.168261557817,
            "median": 0.141076505184,
            "min": 0.043870460242,
            "var": 0.00655844667926
        },
        "erbbands_kurtosis": {
            "dmean": 1.82502925396,
            "dmean2": 2.92194342613,
            "dvar": 24.1244659424,
            "dvar2": 59.69896698,
            "max": 199.764526367,
            "mean": 1.73618304729,
            "median": 0.0130887031555,
            "min": -1.89762830734,
            "var": 82.0068435669
        },
        "erbbands_skewness": {
            "dmean": 0.521190047264,
            "dmean2": 0.793912172318,
            "dvar": 0.402628988028,
            "dvar2": 0.930770933628,
            "max": 8.88998699188,
            "mean": 0.723133027554,
            "median": 0.661685824394,
            "min": -4.24808359146,
            "var": 1.19714152813
        },
        "erbbands_spread": {
            "dmean": 12.2294330597,
            "dmean2": 18.8457393646,
            "dvar": 257.604614258,
            "dvar2": 577.170349121,
            "max": 201.505737305,
            "mean": 47.9152030945,
            "median": 42.3321113586,
            "min": 1.156047225,
            "var": 812.95703125
        },
        "gfcc": {
            "cov": [
                [
                    17133.1972656,
                    -1606.68615723,
                    2079.82202148,
                    2522.36279297,
                    -489.577697754,
                    1919.71716309,
                    -123.860229492,
                    1104.4519043,
                    66.599571228,
                    99.7345046997,
                    -173.069412231,
                    169.665969849,
                    -215.516326904
                ],
                [
                    -1606.68615723,
                    2698.3605957,
                    -1332.68469238,
                    -336.299346924,
                    566.885009766,
                    -597.611633301,
                    330.206329346,
                    -403.199432373,
                    129.075378418,
                    -123.840812683,
                    188.320617676,
                    -167.57901001,
                    42.8492050171
                ],
                [
                    2079.82202148,
                    -1332.68469238,
                    3241.55541992,
                    1322.60522461,
                    244.290344238,
                    1261.14099121,
                    90.7840576172,
                    696.875793457,
                    243.947494507,
                    143.691085815,
                    5.55575037003,
                    308.807769775,
                    -0.485960781574
                ],
                [
                    2522.36279297,
                    -336.299346924,
                    1322.60522461,
                    1469.00390625,
                    226.001922607,
                    760.761535645,
                    198.633956909,
                    356.205200195,
                    223.010543823,
                    39.368183136,
                    12.7038507462,
                    90.1475982666,
                    -32.3725738525
                ],
                [
                    -489.577697754,
                    566.885009766,
                    244.290344238,
                    226.001922607,
                    641.607849121,
                    85.7456283569,
                    283.322875977,
                    31.0885658264,
                    193.973373413,
                    53.5467529297,
                    77.4408721924,
                    22.0696048737,
                    26.3258590698
                ],
                [
                    1919.71716309,
                    -597.611633301,
                    1261.14099121,
                    760.761535645,
                    85.7456283569,
                    999.113891602,
                    223.398803711,
                    398.00869751,
                    186.2915802,
                    57.0742607117,
                    28.5745220184,
                    165.569839478,
                    -53.5526123047
                ],
                [
                    -123.860229492,
                    330.206329346,
                    90.7840576172,
                    198.633956909,
                    283.322875977,
                    223.398803711,
                    517.38067627,
                    73.6941986084,
                    107.833374023,
                    46.9392585754,
                    66.8532714844,
                    26.2896766663,
                    -17.930065155
                ],
                [
                    1104.4519043,
                    -403.199432373,
                    696.875793457,
                    356.205200195,
                    31.0885658264,
                    398.00869751,
                    73.6941986084,
                    414.839141846,
                    78.3907241821,
                    80.5079421997,
                    26.5573158264,
                    65.8347091675,
                    24.2722187042
                ],
                [
                    66.599571228,
                    129.075378418,
                    243.947494507,
                    223.010543823,
                    193.973373413,
                    186.2915802,
                    107.833374023,
                    78.3907241821,
                    269.234313965,
                    38.2440719604,
                    35.7671279907,
                    57.6359062195,
                    -10.9634056091
                ],
                [
                    99.7345046997,
                    -123.840812683,
                    143.691085815,
                    39.368183136,
                    53.5467529297,
                    57.0742607117,
                    46.9392585754,
                    80.5079421997,
                    38.2440719604,
                    163.71647644,
                    35.9196090698,
                    14.7896242142,
                    44.3195610046
                ],
                [
                    -173.069412231,
                    188.320617676,
                    5.55575037003,
                    12.7038507462,
                    77.4408721924,
                    28.5745220184,
                    66.8532714844,
                    26.5573158264,
                    35.7671279907,
                    35.9196090698,
                    156.98526001,
                    31.4388484955,
                    7.11307764053
                ],
                [
                    169.665969849,
                    -167.57901001,
                    308.807769775,
                    90.1475982666,
                    22.0696048737,
                    165.569839478,
                    26.2896766663,
                    65.8347091675,
                    57.6359062195,
                    14.7896242142,
                    31.4388484955,
                    156.786514282,
                    12.1239719391
                ],
                [
                    -215.516326904,
                    42.8492050171,
                    -0.485960781574,
                    -32.3725738525,
                    26.3258590698,
                    -53.5526123047,
                    -17.930065155,
                    24.2722187042,
                    -10.9634056091,
                    44.3195610046,
                    7.11307764053,
                    12.1239719391,
                    119.281570435
                ]
            ],
            "icov": [
                [
                    0.000112764719233,
                    -5.55101978534e-05,
                    9.3846283562e-05,
                    -0.000191105413251,
                    6.11441937508e-05,
                    -0.000171548046637,
                    0.000159862727742,
                    -0.000221992813749,
                    0.00018420687411,
                    -0.000180862465641,
                    0.000187086741789,
                    -0.000123812482343,
                    0.000236448438955
                ],
                [
                    -5.55101978534e-05,
                    0.000974155263975,
                    0.000186866047443,
                    4.45977675554e-05,
                    -0.000640796904918,
                    0.000282661203528,
                    -0.000430782383773,
                    0.000484191405121,
                    -0.000568213581573,
                    0.0011212436948,
                    -0.00111591361929,
                    0.000757849775255,
                    -0.000811636797152
                ],
                [
                    9.3846283562e-05,
                    0.000186866047443,
                    0.00105443783104,
                    -0.00051614473341,
                    -0.00056009250693,
                    -0.000749333121348,
                    0.000588348135352,
                    -0.000668553810101,
                    0.000423507328378,
                    -0.000244996626861,
                    0.000277068640571,
                    -0.000831424142234,
                    0.000176263449248
                ],
                [
                    -0.000191105413251,
                    4.45977675554e-05,
                    -0.00051614473341,
                    0.00169885705691,
                    -0.000209063800867,
                    -0.000327983492753,
                    -0.000350643735146,
                    0.000272207631497,
                    -0.000746604811866,
                    0.000623350206297,
                    -0.000251563469646,
                    0.000918565143365,
                    -0.000490148726385
                ],
                [
                    6.11441937508e-05,
                    -0.000640796904918,
                    -0.00056009250693,
                    -0.000209063800867,
                    0.00336494995281,
                    0.000512614322361,
                    -0.0011719345348,
                    0.000166994956089,
                    -0.0013502278598,
                    -0.000613456359133,
                    2.22987000598e-05,
                    0.000160882133059,
                    -0.000354862801032
                ],
                [
                    -0.000171548046637,
                    0.000282661203528,
                    -0.000749333121348,
                    -0.000327983492753,
                    0.000512614322361,
                    0.00364603498019,
                    -0.00141746306326,
                    -0.0008222029428,
                    -0.00105288613122,
                    0.000637477380224,
                    -0.000421945762355,
                    -0.000833823869471,
                    0.000750751351006
                ],
                [
                    0.000159862727742,
                    -0.000430782383773,
                    0.000588348135352,
                    -0.000350643735146,
                    -0.0011719345348,
                    -0.00141746306326,
                    0.00360174151137,
                    -0.000632511684671,
                    0.000805952702649,
                    -0.00122233002912,
                    0.000270247226581,
                    -0.000596329860855,
                    0.00121593265794
                ],
                [
                    -0.000221992813749,
                    0.000484191405121,
                    -0.000668553810101,
                    0.000272207631497,
                    0.000166994956089,
                    -0.0008222029428,
                    -0.000632511684671,
                    0.00546558760107,
                    -0.000841555185616,
                    -0.000307482492644,
                    -0.00132183660753,
                    0.00134257751051,
                    -0.00213786005042
                ],
                [
                    0.00018420687411,
                    -0.000568213581573,
                    0.000423507328378,
                    -0.000746604811866,
                    -0.0013502278598,
                    -0.00105288613122,
                    0.000805952702649,
                    -0.000841555185616,
                    0.00648677535355,
                    -0.00175617996138,
                    0.000872525561135,
                    -0.00223041488789,
                    0.00187713070773
                ],
                [
                    -0.000180862465641,
                    0.0011212436948,
                    -0.000244996626861,
                    0.000623350206297,
                    -0.000613456359133,
                    0.000637477380224,
                    -0.00122233002912,
                    -0.000307482492644,
                    -0.00175617996138,
                    0.00954919867218,
                    -0.00280786002986,
                    0.00188223051373,
                    -0.00399429025128
                ],
                [
                    0.000187086741789,
                    -0.00111591361929,
                    0.000277068640571,
                    -0.000251563469646,
                    2.22987000598e-05,
                    -0.000421945762355,
                    0.000270247226581,
                    -0.00132183660753,
                    0.000872525561135,
                    -0.00280786002986,
                    0.00903711561114,
                    -0.00284047843888,
                    0.00166026002262
                ],
                [
                    -0.000123812482343,
                    0.000757849775255,
                    -0.000831424142234,
                    0.000918565143365,
                    0.000160882133059,
                    -0.000833823869471,
                    -0.000596329860855,
                    0.00134257751051,
                    -0.00223041488789,
                    0.00188223051373,
                    -0.00284047843888,
                    0.0102541167289,
                    -0.00279994308949
                ],
                [
                    0.000236448438955,
                    -0.000811636797152,
                    0.000176263449248,
                    -0.000490148726385,
                    -0.000354862801032,
                    0.000750751351006,
                    0.00121593265794,
                    -0.00213786005042,
                    0.00187713070773,
                    -0.00399429025128,
                    0.00166026002262,
                    -0.00279994308949,
                    0.0118453819305
                ]
            ],
            "mean": [
                -61.0643997192,
                95.3525161743,
                -89.7396697998,
                20.7382221222,
                -41.0401763916,
                1.44807207584,
                -33.2646408081,
                9.39456748962,
                -17.0152950287,
                11.2715511322,
                -12.8461751938,
                -1.81405866146,
                -7.25716495514
            ]
        },
        "hfc": {
            "dmean": 6.1925444603,
            "dmean2": 9.29477310181,
            "dvar": 137.610809326,
            "dvar2": 308.05770874,
            "max": 175.565582275,
            "mean": 16.098367691,
            "median": 10.3382606506,
            "min": 1.01649386593e-16,
            "var": 339.138946533
        },
        "melbands": {
            "dmean": [
                0.00788896810263,
                0.00651315134019,
                0.00161985389423,
                0.000532155157998,
                0.000338159123203,
                0.000178049391252,
                0.000109083448478,
                9.63593192864e-05,
                6.97085488355e-05,
                4.8817586503e-05,
                3.98405609303e-05,
                2.85173318844e-05,
                2.07768207474e-05,
                1.35474574563e-05,
                1.44755931615e-05,
                1.68840761035e-05,
                1.6822177713e-05,
                1.08401445686e-05,
                1.16517485367e-05,
                5.70567908653e-06,
                5.42016005056e-06,
                5.98728775003e-06,
                5.30346278538e-06,
                4.33588365922e-06,
                2.90378670798e-06,
                2.40033455157e-06,
                2.17158162741e-06,
                2.57819465332e-06,
