{
    "lowlevel": {
        "average_loudness": 0.946851909161,
        "barkbands": {
            "dmean": [
                0.000600596657023,
                0.00921929813921,
                0.00342691247351,
                0.00257287919521,
                0.000894470489584,
                0.000675333780237,
                0.000813900667708,
                0.000567398907151,
                0.000535862171091,
                0.000386837520637,
                0.000488566351123,
                0.00089259177912,
                0.000363138067769,
                0.0004923606175,
                0.000427241873695,
                0.000441777956439,
                0.000302990723867,
                0.000281597807771,
                0.000334440119332,
                0.000258131069131,
                0.00016832993424,
                0.000131403008709,
                0.000220621805056,
                0.000249472417636,
                0.000217815482756,
                9.18153382372e-05,
                5.06654541823e-05
            ],
            "dmean2": [
                0.00106310495175,
                0.0143133969977,
                0.00615650508553,
                0.00472198380157,
                0.00154336506967,
                0.00109617516864,
                0.00133080303203,
                0.000876403471921,
                0.00082945037866,
                0.000604479340836,
                0.000755411281716,
                0.00132900860626,
                0.000588301860262,
                0.000772086961661,
                0.000691163295414,
                0.000701224373188,
                0.00047683811863,
                0.000444894045359,
                0.000529287732206,
                0.000415125978179,
                0.000263443187578,
                0.000193215120817,
                0.000301343417959,
                0.000311881623929,
                0.00029039074434,
                0.000126707978779,
                6.71226589475e-05
            ],
            "dvar": [
                2.97128872262e-06,
                0.000421616830863,
                9.21183818718e-05,
                5.72626777284e-05,
                4.44162606072e-06,
                1.9704702936e-06,
                3.92486572309e-06,
                1.99361375053e-06,
                8.94415109087e-07,
                7.99251210992e-07,
                1.20093159239e-06,
                3.95361394112e-06,
                5.7733700487e-07,
                1.17183981274e-06,
                9.68121753431e-07,
                1.02889805476e-06,
                6.81222786625e-07,
                3.92337881294e-07,
                4.22487147489e-07,
                1.5758720906e-07,
                8.6335333549e-08,
                5.91359032853e-08,
                2.19299082005e-07,
                2.55318951758e-07,
                1.75754919951e-07,
                3.57288101327e-08,
                1.28889965367e-08
            ],
            "dvar2": [
                9.5838749985e-06,
                0.000839318265207,
                0.000262406945694,
                0.000165906705661,
                1.22052406368e-05,
                4.66597475679e-06,
                9.71491681412e-06,
                4.18692479798e-06,
                2.13620455725e-06,
                1.79329072125e-06,
                2.87082525574e-06,
                9.07597495825e-06,
                1.39693770507e-06,
                2.50685798164e-06,
                2.23657525567e-06,
                2.47047046287e-06,
                1.49764923663e-06,
                8.45300860419e-07,
                1.0418320926e-06,
                3.78281242774e-07,
                1.94682385768e-07,
                1.04529348732e-07,
                3.39581362141e-07,
                4.0180955807e-07,
                3.23986967032e-07,
                6.95550284036e-08,
                1.89951663288e-08
            ],
            "max": [
                0.0229998547584,
                0.167398050427,
                0.0913104861975,
                0.0836172327399,
                0.0245886072516,
                0.0303863845766,
                0.0389337278903,
                0.0444441176951,
                0.0303791277111,
                0.0326769016683,
                0.0252415109426,
                0.0455529429018,
                0.0145143065602,
                0.0264110714197,
                0.0351105742157,
                0.0256307069212,
                0.0252927150577,
                0.0253957472742,
                0.0119709027931,
                0.00882892869413,
                0.00578991603106,
                0.00267993682064,
                0.00532596511766,
                0.00632212404162,
                0.0058072945103,
                0.00321162468754,
                0.00139729573857
            ],
            "mean": [
                0.000744683376979,
                0.0161187145859,
                0.00408860342577,
                0.00226295622997,
                0.00131634215359,
                0.00107509968802,
                0.00124199211132,
                0.00115943199489,
                0.00103787251282,
                0.000634952855762,
                0.000795436033513,
                0.00161201471929,
                0.000552460027393,
                0.000785203883424,
                0.000658944889437,
                0.000720673589967,
                0.000472601939691,
                0.000458028167486,
                0.000540199223906,
                0.000450511550298,
                0.000296071608318,
                0.000248994736467,
                0.000383106671507,
                0.000401048484491,
                0.000312292133458,
                0.000141574957524,
                7.62162380852e-05
            ],
            "median": [
                0.000174492190126,
                0.00951261632144,
                0.00141159631312,
                0.00032081163954,
                0.000508943747263,
                0.000508922094014,
                0.000408697931562,
                0.000419693824369,
                0.000656899937894,
                0.000317152997013,
                0.000372877781047,
                0.000537257059477,
                0.000278199382592,
                0.000357387936674,
                0.00032954470953,
                0.000282219145447,
                0.000154724228196,
                0.000203374293051,
                0.000232091115322,
                0.000203381016036,
                0.000107616120658,
                6.08508235018e-05,
                7.87890021456e-05,
                7.12740657036e-05,
                6.07257898082e-05,
                2.89966556011e-05,
                9.41167400015e-06
            ],
            "min": [
                1.88185580942e-14,
                6.87637541851e-14,
                8.28748419716e-14,
                8.31567413128e-14,
                8.29328061303e-14,
                6.69853390556e-15,
                4.02231382696e-15,
                2.04032089313e-15,
                2.8679197282e-15,
                1.94218429113e-15,
                1.12617487848e-15,
                1.02511569518e-14,
                1.62667341213e-14,
                2.16044918094e-14,
                2.50961479652e-14,
                2.75403868954e-15,
                1.58867754699e-14,
                2.40539569328e-14,
                7.57099478189e-15,
                1.69731985628e-14,
                2.57409060565e-14,
                2.42927067215e-14,
                2.35772078266e-14,
                9.71935205929e-14,
                2.18549286199e-13,
                3.84510294698e-13,
                2.32726359885e-12
            ],
            "var": [
                3.58081706509e-06,
                0.000521239941008,
                6.33636300336e-05,
                3.97376315959e-05,
                4.92273875352e-06,
                3.55333577318e-06,
                7.11856773705e-06,
                7.84202529758e-06,
                1.68568453773e-06,
                2.05952483157e-06,
                2.15414706872e-06,
                1.14429085443e-05,
                8.92024786481e-07,
                2.15542513615e-06,
                1.67711766608e-06,
                3.0698934097e-06,
                1.56277440055e-06,
                7.30626311451e-07,
                7.80067921369e-07,
                3.61964026752e-07,
                2.02030378205e-07,
                1.88538450629e-07,
                5.72782880681e-07,
                6.71706857247e-07,
                3.62075979865e-07,
                7.49147730517e-08,
                3.30093534728e-08
            ]
        },
        "barkbands_crest": {
            "dmean": 2.93349194527,
            "dmean2": 4.52747344971,
            "dvar": 10.2832870483,
            "dvar2": 21.7451610565,
            "max": 26.0917949677,
            "mean": 11.6675405502,
            "median": 10.839258194,
            "min": 2.54356884956,
            "var": 25.4828357697
        },
        "barkbands_flatness_db": {
            "dmean": 0.0247687902302,
            "dmean2": 0.0361815430224,
            "dvar": 0.00072246871423,
            "dvar2": 0.00156170513947,
            "max": 0.447739601135,
            "mean": 0.122391611338,
            "median": 0.110941074789,
            "min": 0.0192544236779,
            "var": 0.00344442599453
        },
        "barkbands_kurtosis": {
            "dmean": 3.89483070374,
            "dmean2": 6.14047384262,
            "dvar": 120.882537842,
            "dvar2": 281.381103516,
            "max": 223.151748657,
            "mean": 3.82176423073,
            "median": 0.583992242813,
            "min": -1.94286394119,
            "var": 132.691665649
        },
        "barkbands_skewness": {
            "dmean": 0.677253246307,
            "dmean2": 0.997986912727,
            "dvar": 0.902244985104,
            "dvar2": 1.77775669098,
            "max": 13.4315214157,
            "mean": 1.42323863506,
            "median": 1.1153575182,
            "min": -2.33298802376,
            "var": 2.10483050346
        },
        "barkbands_spread": {
            "dmean": 8.57028865814,
            "dmean2": 12.513800621,
            "dvar": 110.612335205,
            "dvar2": 215.404052734,
            "max": 134.003311157,
            "mean": 31.2908420563,
            "median": 26.9729938507,
            "min": 0.644342303276,
            "var": 388.139312744
        },
        "dissonance": {
            "dmean": 0.0164118092507,
            "dmean2": 0.0274787154049,
            "dvar": 0.000313315453241,
            "dvar2": 0.00082439254038,
            "max": 0.500000059605,
            "mean": 0.471542656422,
            "median": 0.478534758091,
            "min": 0.272153526545,
            "var": 0.000612901058048
        },
        "dynamic_complexity": 2.433396101,
        "erbbands": {
            "dmean": [
                0.327347934246,
                2.06300806999,
                4.07983875275,
                6.8316321373,
                5.02916049957,
                2.81334161758,
                3.78537631035,
                6.42376089096,
                8.92360019684,
                13.8311595917,
                11.1401062012,
                9.55406475067,
                13.8421792984,
                17.6214351654,
                22.7823810577,
                23.7965679169,
                15.1003770828,
                20.3347225189,
                21.1509571075,
                21.1050548553,
                25.367685318,
                16.4875793457,
                15.176404953,
                17.8473682404,
                11.6153688431,
                12.0028123856,
                8.14795398712,
                5.8534040451,
                5.13692855835,
                5.56198883057,
                6.28845977783,
                5.37573957443,
                4.0065984726,
                2.56932067871,
                1.45725524426,
                0.576147377491,
                0.14532597363,
                0.0432112552226,
                0.00896733626723,
                0.000461362564238
            ],
            "dmean2": [
                0.520808756351,
                3.25812196732,
                7.29915904999,
                12.4499568939,
                9.14169692993,
                4.65077829361,
                6.09621572495,
                10.4247226715,
                14.6408023834,
                22.3822555542,
                16.5451850891,
                15.0130338669,
                21.4251384735,
                27.1324157715,
                35.0963859558,
                35.3236465454,
                24.07970047,
                31.8552379608,
                33.4052734375,
                33.2151756287,
                39.9882087708,
                25.3994636536,
                23.5266876221,
                28.29438591,
                18.1501846313,
                19.0111885071,
                12.6352796555,
                9.41558074951,
                7.72435808182,
                7.71097898483,
                8.568318367,
                6.71172523499,
                5.02710914612,
                3.23174118996,
                2.11140060425,
                0.808530688286,
                0.202470779419,
                0.061573728919,
                0.0115096550435,
                0.000598971731961
            ],
            "dvar": [
                0.589855611324,
                21.0428237915,
                123.342155457,
                331.554321289,
                221.960403442,
                36.5712776184,
                66.818321228,
                205.877716064,
                477.304443359,
                1020.42108154,
                700.20526123,
                314.002807617,
                705.575378418,
                1441.72473145,
                2570.52514648,
                2597.33422852,
                922.481262207,
                1702.77758789,
                2037.89147949,
                2562.40844727,
                3620.82397461,
                1966.49633789,
                1363.73498535,
                1113.83300781,
                352.249359131,
                376.934326172,
                203.990203857,
                123.190093994,
                93.1522750854,
                129.958099365,
                173.151412964,
                119.802635193,
                69.2997894287,
                30.5831947327,
                8.02307033539,
                1.32614147663,
                0.0946363210678,
                0.00976152811199,
                0.000474157743156,
                8.63092111558e-07
            ],
            "dvar2": [
                1.38984239101,
                44.7239570618,
                349.51373291,
                955.974914551,
                638.137817383,
                91.1343688965,
                160.494400024,
                473.12121582,
                1193.93469238,
                2555.48022461,
                1412.6439209,
                784.287536621,
                1615.1640625,
                3362.55078125,
                6370.98583984,
                5996.09326172,
                2233.04736328,
                3930.90258789,
                4629.66601562,
                5689.30224609,
                8250.15722656,
                4293.07617188,
                2857.27905273,
                2742.12695312,
                807.556152344,
                907.376281738,
                471.55368042,
                288.142944336,
                176.943832397,
                201.911331177,
                270.308532715,
                183.976104736,
                122.298973083,
                51.283908844,
                17.156452179,
                2.73050713539,
                0.189160212874,
                0.0187064502388,
                0.000675471615978,
                1.35044513172e-06
            ],
            "max": [
                6.45357370377,
                38.4222869873,
                105.625747681,
                170.303253174,
                156.929458618,
                75.6727142334,
                195.840988159,
                389.250183105,
                466.65737915,
                631.357299805,
                788.173583984,
                407.304779053,
                763.482055664,
                1209.81872559,
                1214.88024902,
                1027.36804199,
                714.684997559,
                1036.78979492,
                1464.77087402,
                1451.22497559,
                1765.6439209,
                1762.83947754,
                1699.09558105,
                569.629333496,
                353.991821289,
                405.396606445,
                291.149383545,
                306.656921387,
                107.665145874,
                146.492034912,
                149.00062561,
                139.526107788,
                97.6114196777,
                86.8464508057,
                47.6047592163,
                24.6100578308,
                4.80333757401,
                2.17179656029,
                0.256610155106,
                0.0110699934885
            ],
            "mean": [
                0.484867274761,
                3.48903465271,
                5.24041461945,
                6.94735002518,
                4.62954235077,
                4.73907995224,
                6.34578418732,
                9.8694229126,
                14.0211524963,
                22.7627220154,
                25.0589008331,
                18.2471637726,
                25.5477733612,
                30.9732933044,
                43.5922813416,
                44.683139801,
                26.7453250885,
                34.5036964417,
                36.6230392456,
                34.443901062,
                42.9977416992,
                28.58203125,
                25.8402137756,
                29.58568573,
                21.7577133179,
                21.3517589569,
                14.6543245316,
                9.9002494812,
                9.180519104,
                10.0382680893,
                10.9222068787,
                8.70570087433,
                6.22781896591,
                3.82691454887,
                2.0133831501,
                0.807736992836,
                0.226569995284,
                0.0663062110543,
                0.0136105446145,
                0.000723950273823
            ],
            "median": [
                0.260015785694,
                2.06789493561,
                2.24775719643,
                1.74808728695,
                1.07749056816,
                1.77689230442,
                2.99080085754,
                4.38500642776,
                5.3430352211,
                8.78202342987,
                11.9963541031,
                12.3329620361,
                15.7679576874,
                15.135011673,
                18.6969051361,
                17.7320785522,
                15.0250406265,
                18.5845451355,
                17.9879055023,
                17.3646812439,
                17.4159374237,
                10.1470890045,
                11.0758695602,
                13.5474529266,
                10.9535932541,
                9.2503080368,
                5.78587007523,
                3.24079465866,
                2.32521891594,
                2.15387940407,
                2.28694939613,
                1.60401523113,
                1.08683896065,
                0.707074999809,
                0.39862921834,
                0.165037274361,
                0.0456870496273,
                0.00948774628341,
                0.00132072053384,
                0.000154761248268
            ],
            "min": [
                1.82283094868e-12,
                1.67436186443e-11,
                8.05728400666e-11,
                2.11283310292e-10,
                3.19067022803e-10,
                2.5430549333e-10,
                8.29393220769e-11,
                6.38416472465e-11,
                8.38973959749e-11,
                2.35673078275e-11,
                4.62646206068e-11,
                5.25171087173e-11,
                9.27439652854e-11,
                6.18937817665e-11,
                6.12355513518e-11,
                5.08974917768e-10,
                7.33044402956e-10,
                8.15407907861e-10,
                1.59053936688e-09,
                7.68968722031e-10,
                1.46429382508e-10,
                9.6816688e-10,
                1.03185382461e-09,
                1.18773402225e-09,
                1.71417963157e-10,
                6.54227505503e-10,
                1.37370403941e-09,
                1.03129982332e-09,
                9.86639325795e-10,
                4.84229378817e-10,
                7.98900889887e-10,
                1.29085819811e-09,
                1.90111082432e-09,
                2.16899342931e-09,
                1.69704994502e-09,
                7.85411458093e-10,
                9.39126665322e-10,
                5.42538181048e-10,
                2.83743639695e-10,
                4.13289333312e-11
            ],
            "var": [
                0.581466257572,
                24.8964691162,
                88.6753692627,
                235.066513062,
                150.85710144,
                69.0557403564,
                123.722206116,
                368.793914795,
                734.977966309,
                1842.99951172,
                2683.32861328,
                481.09854126,
                1590.86303711,
                2950.07739258,
                6571.01074219,
                7097.28320312,
                1670.98400879,
                2952.69262695,
                4099.41503906,
                4664.91259766,
                11190.0263672,
                5750.86181641,
                2723.38964844,
                2080.75878906,
                798.788024902,
                858.90057373,
                470.773376465,
                272.634521484,
                259.385101318,
                374.533355713,
                456.58480835,
                318.549346924,
                164.805404663,
                66.4115905762,
                13.6245346069,
                2.41994357109,
                0.190603226423,
                0.0211850944906,
                0.00121815642342,
                2.2307369818e-06
            ]
        },
        "erbbands_crest": {
            "dmean": 2.51313781738,
            "dmean2": 4.00999355316,
            "dvar": 6.31444120407,
            "dvar2": 15.6582660675,
            "max": 29.3856887817,
            "mean": 8.19695472717,
            "median": 7.01751899719,
            "min": 2.20064783096,
            "var": 18.4629325867
        },
        "erbbands_flatness_db": {
            "dmean": 0.0198118742555,
            "dmean2": 0.0270657595247,
            "dvar": 0.000413002591813,
            "dvar2": 0.000733662280254,
            "max": 0.469468683004,
            "mean": 0.136008650064,
            "median": 0.123555272818,
            "min": 0.0298751071095,
            "var": 0.00373382866383
        },
        "erbbands_kurtosis": {
            "dmean": 1.02373194695,
            "dmean2": 1.5780582428,
            "dvar": 2.20740246773,
            "dvar2": 5.34277296066,
            "max": 49.2447853088,
            "mean": 0.809435725212,
            "median": 0.168597221375,
            "min": -1.77462410927,
            "var": 5.37880277634
        },
        "erbbands_skewness": {
            "dmean": 0.366334080696,
            "dmean2": 0.548326790333,
            "dvar": 0.133230641484,
            "dvar2": 0.300469726324,
            "max": 3.81118512154,
            "mean": 0.0131065119058,
            "median": 0.0174536854029,
            "min": -5.909760952,
            "var": 0.550539135933
        },
        "erbbands_spread": {
            "dmean": 10.481007576,
            "dmean2": 15.5171489716,
            "dvar": 150.281677246,
            "dvar2": 325.35836792,
            "max": 140.733963013,
            "mean": 38.4883728027,
            "median": 33.5761871338,
            "min": 2.78342580795,
            "var": 470.625579834
        },
        "gfcc": {
            "cov": [
                [
                    9385.078125,
                    -1779.83374023,
                    1333.92248535,
                    1012.43280029,
                    83.9386978149,
                    410.070678711,
                    -308.876800537,
                    65.3409881592,
                    -261.250793457,
                    38.8009757996,
                    -172.960113525,
                    -17.1995868683,
                    -327.994567871
                ],
                [
                    -1779.83374023,
                    2415.05566406,
                    -425.17956543,
                    -172.564697266,
                    304.896087646,
                    -215.231842041,
                    237.313796997,
                    -22.3716545105,
                    113.272514343,
                    -3.42469644547,
                    106.261474609,
                    -69.8807830811,
                    155.744049072
                ],
                [
                    1333.92248535,
                    -425.17956543,
                    1296.3326416,
                    431.228210449,
                    130.142501831,
                    198.321395874,
                    -66.9934692383,
                    9.48111152649,
                    -15.8756151199,
                    -1.11116290092,
                    -73.4940872192,
                    -1.45286595821,
                    -111.323707581
                ],
                [
                    1012.43280029,
                    -172.564697266,
                    431.228210449,
                    571.319824219,
                    158.819473267,
                    24.0157985687,
                    -20.7265644073,
                    -13.3640623093,
                    -1.67121899128,
                    -27.8596477509,
                    -44.2511863708,
                    4.2869644165,
                    -26.368976593
                ],
                [
                    83.9386978149,
                    304.896087646,
                    130.142501831,
                    158.819473267,
                    298.264434814,
                    41.6044654846,
                    74.4937057495,
                    9.38029003143,
                    18.5620040894,
                    -6.41520643234,
                    -12.198600769,
                    -12.9083070755,
                    14.9533433914
                ],
                [
                    410.070678711,
                    -215.231842041,
                    198.321395874,
                    24.0157985687,
                    41.6044654846,
                    250.582839966,
                    51.191204071,
                    18.0936737061,
                    -16.6827373505,
                    25.1771526337,
                    4.66232824326,
                    6.04130029678,
                    -34.427520752
                ],
                [
                    -308.876800537,
                    237.313796997,
                    -66.9934692383,
                    -20.7265644073,
                    74.4937057495,
                    51.191204071,
                    183.301315308,
                    16.3100605011,
                    18.3039455414,
                    -2.33313584328,
                    24.5273265839,
                    -11.7865543365,
                    4.57404232025
                ],
                [
                    65.3409881592,
                    -22.3716545105,
                    9.48111152649,
                    -13.3640623093,
                    9.38029003143,
                    18.0936737061,
                    16.3100605011,
                    171.911743164,
                    39.957447052,
                    45.9660835266,
                    20.1166267395,
                    13.9316167831,
                    5.78617334366
                ],
                [
                    -261.250793457,
                    113.272514343,
                    -15.8756151199,
                    -1.67121899128,
                    18.5620040894,
                    -16.6827373505,
                    18.3039455414,
                    39.957447052,
                    116.05670166,
                    25.6186695099,
                    5.7756061554,
                    4.12744426727,
                    21.4242305756
                ],
                [
                    38.8009757996,
                    -3.42469644547,
                    -1.11116290092,
                    -27.8596477509,
                    -6.41520643234,
                    25.1771526337,
                    -2.33313584328,
                    45.9660835266,
                    25.6186695099,
                    116.996643066,
                    48.0603179932,
                    17.8964805603,
                    1.54790341854
                ],
                [
                    -172.960113525,
                    106.261474609,
                    -73.4940872192,
                    -44.2511863708,
                    -12.198600769,
                    4.66232824326,
                    24.5273265839,
                    20.1166267395,
                    5.7756061554,
                    48.0603179932,
                    103.037391663,
                    30.6560115814,
                    9.71446323395
                ],
                [
                    -17.1995868683,
                    -69.8807830811,
                    -1.45286595821,
                    4.2869644165,
                    -12.9083070755,
                    6.04130029678,
                    -11.7865543365,
                    13.9316167831,
                    4.12744426727,
                    17.8964805603,
                    30.6560115814,
                    77.9869308472,
                    27.5982017517
                ],
                [
                    -327.994567871,
                    155.744049072,
                    -111.323707581,
                    -26.368976593,
                    14.9533433914,
                    -34.427520752,
                    4.57404232025,
                    5.78617334366,
                    21.4242305756,
                    1.54790341854,
                    9.71446323395,
                    27.5982017517,
                    87.9270324707
                ]
            ],
            "icov": [
                [
                    0.000187594007002,
                    1.87617479241e-05,
                    7.50671279093e-06,
                    -0.000295126781566,
                    1.43554616443e-05,
                    -0.000219669105718,
                    0.000258071464486,
                    -0.000160571245942,
                    0.000334572658176,
                    -0.000165249774,
                    0.00018620674382,
                    -3.58442521247e-05,
                    0.000408301886637
                ],
                [
                    1.87617479241e-05,
                    0.000870482006576,
                    -8.8099790446e-05,
                    0.00035054210457,
                    -0.000905522843823,
                    0.00081877730554,
                    -0.000682318001054,
                    0.000285256566713,
                    -0.000337842619047,
                    0.00010361691966,
                    -0.00110342050903,
                    0.00123895774595,
                    -0.00117346807383
                ],
                [
                    7.50671279093e-06,
                    -8.8099790446e-05,
                    0.0013941526413,
                    -0.000861562322825,
                    -0.000161409625434,
                    -0.00103274430148,
                    0.000757388363127,
                    -0.000130163840367,
                    -0.000172621221282,
                    -9.50027897488e-05,
                    0.000685611041263,
                    -0.000555993872695,
                    0.00142554496415
                ],
                [
                    -0.000295126781566,
                    0.00035054210457,
                    -0.000861562322825,
                    0.00342279695906,
                    -0.00173716712743,
                    0.00126887508668,
                    -0.000432499538874,
                    0.000546355848201,
                    -0.0007248337497,
                    0.000696507224347,
                    -0.000424095283961,
                    -0.000199118963792,
                    -0.000733651279006
                ],
                [
                    1.43554616443e-05,
                    -0.000905522843823,
                    -0.000161409625434,
                    -0.00173716712743,
                    0.00583985960111,
                    -0.00125834322535,
                    -0.00124878494535,
                    -0.000421370496042,
                    0.000222722126637,
                    -0.000343009538483,
                    0.00144396314863,
                    -3.27854395437e-05,
                    -0.00065847649239
                ],
                [
                    -0.000219669105718,
                    0.00081877730554,
                    -0.00103274430148,
                    0.00126887508668,
                    -0.00125834322535,
                    0.0066751386039,
                    -0.00300890696235,
                    0.000278269173577,
                    0.000441854383098,
                    -0.00109546573367,
                    -0.000667618471198,
                    -6.33096278762e-05,
                    -0.000225644049351
                ],
                [
                    0.000258071464486,
                    -0.000682318001054,
                    0.000757388363127,
                    -0.000432499538874,
                    -0.00124878494535,
                    -0.00300890696235,
                    0.00869293976575,
                    -0.000918452220503,
                    -0.000540665350854,
                    0.00149753049482,
                    -0.00142668862827,
                    0.000628814159427,
                    0.00170858891215
                ],
                [
                    -0.000160571245942,
                    0.000285256566713,
                    -0.000130163840367,
                    0.000546355848201,
                    -0.000421370496042,
                    0.000278269173577,
                    -0.000918452220503,
                    0.00721475062892,
                    -0.00229671201669,
                    -0.0019933944568,
                    -0.000451317959232,
                    -0.00036517746048,
                    -0.000592392403632
                ],
                [
                    0.000334572658176,
                    -0.000337842619047,
                    -0.000172621221282,
                    -0.0007248337497,
                    0.000222722126637,
                    0.000441854383098,
                    -0.000540665350854,
                    -0.00229671201669,
                    0.0112807927653,
                    -0.00266639282927,
                    0.00182586011942,
                    -0.000165283126989,
                    -0.00112663849723
                ],
                [
                    -0.000165249774,
                    0.00010361691966,
                    -9.50027897488e-05,
                    0.000696507224347,
                    -0.000343009538483,
                    -0.00109546573367,
                    0.00149753049482,
                    -0.0019933944568,
                    -0.00266639282927,
                    0.0128186494112,
                    -0.00599529314786,
                    0.000182943520485,
                    2.98261284115e-07
                ],
                [
                    0.00018620674382,
                    -0.00110342050903,
                    0.000685611041263,
                    -0.000424095283961,
                    0.00144396314863,
                    -0.000667618471198,
                    -0.00142668862827,
                    -0.000451317959232,
                    0.00182586011942,
                    -0.00599529314786,
                    0.0166053492576,
                    -0.0070779803209,
                    0.00303454278037
                ],
                [
                    -3.58442521247e-05,
                    0.00123895774595,
                    -0.000555993872695,
                    -0.000199118963792,
                    -3.27854395437e-05,
                    -6.33096278762e-05,
                    0.000628814159427,
                    -0.00036517746048,
                    -0.000165283126989,
                    0.000182943520485,
                    -0.0070779803209,
                    0.0198537930846,
                    -0.00853239092976
                ],
                [
                    0.000408301886637,
                    -0.00117346807383,
                    0.00142554496415,
                    -0.000733651279006,
                    -0.00065847649239,
                    -0.000225644049351,
                    0.00170858891215,
                    -0.000592392403632,
                    -0.00112663849723,
                    2.98261284115e-07,
                    0.00303454278037,
                    -0.00853239092976,
                    0.0191506519914
                ]
            ],
            "mean": [
                27.1870975494,
                68.7567062378,
                -107.770019531,
                23.9873733521,
                -40.5080528259,
                21.9735393524,
                -22.8091011047,
                18.697719574,
                -14.8868932724,
                8.36671924591,
                -7.9820599556,
                1.29161083698,
                -8.39392948151
            ]
        },
        "hfc": {
            "dmean": 12.1936101913,
            "dmean2": 16.4796981812,
            "dvar": 296.497497559,
            "dvar2": 443.700927734,
            "max": 215.485168457,
            "mean": 34.1471557617,
            "median": 24.6965026855,
            "min": 7.70105188508e-08,
            "var": 1104.66369629
        },
        "melbands": {
            "dmean": [
                0.00272214296274,
                0.0022605243139,
                0.00112713500857,
                0.000243347036303,
                0.000125974329421,
                0.000139751355164,
                0.000146104823216,
                0.000150825944729,
                8.35659884615e-05,
                7.09070955054e-05,
                7.18801456969e-05,
                7.07903309376e-05,
                6.60364021314e-05,
                0.000109307518869,
                3.93720983993e-05,
                4.35020083387e-05,
                3.85386229027e-05,
                3.76199459424e-05,
                3.94846902054e-05,
                2.72913621302e-05,
                3.11417788907e-05,
                1.92318493646e-05,
                1.32335253511e-05,
                1.5395005903e-05,
                1.58833354362e-05,
                1.18084426504e-05,
                8.4008961494e-06,
