{
    "lowlevel": {
        "average_loudness": 0.942835628986,
        "barkbands": {
            "dmean": [
                0.00152311346028,
                0.0146739948541,
                0.00732776755467,
                0.00147952977568,
                0.00289116590284,
                0.0011957527604,
                0.00134795869235,
                0.00108858221211,
                0.00106053636409,
                0.000972607871518,
                0.000617565587163,
                0.000349045440089,
                0.000346153159626,
                0.000398818345275,
                0.000437261362094,
                0.000328083697241,
                0.000278142542811,
                0.000321003666613,
                0.000173295789864,
                0.000214911357034,
                9.31392060011e-05,
                8.41832224978e-05,
                0.000111738343548,
                0.0001361478935,
                0.000106424005935,
                4.40593830717e-05,
                6.73256681694e-06
            ],
            "dmean2": [
                0.00203789933585,
                0.0228430684656,
                0.0132089182734,
                0.00269222678617,
                0.00484223570675,
                0.00192569440696,
                0.00221717683598,
                0.00173089944292,
                0.00166647939477,
                0.00143377459608,
                0.00095757440431,
                0.000557669322006,
                0.000537473766599,
                0.000601357256528,
                0.000653318886179,
                0.000499335874338,
                0.000412307301303,
                0.000482677307446,
                0.000265896698693,
                0.000324718857883,
                0.000149133062223,
                0.000129068415845,
                0.00016899635375,
                0.000204454612685,
                0.000160546362167,
                6.75416522427e-05,
                1.05875051304e-05
            ],
            "dvar": [
                5.75473541176e-06,
                0.000743370910641,
                0.000467082980322,
                1.26459117382e-05,
                2.15579348151e-05,
                5.71715645492e-06,
                6.11124642091e-06,
                3.14534918289e-06,
                3.47969603354e-06,
                3.20137223753e-06,
                1.27674979922e-06,
                4.87098532176e-07,
                5.19588354564e-07,
                9.10450125957e-07,
                1.15786031074e-06,
                6.25005498023e-07,
                3.51190550418e-07,
                3.5922113284e-07,
                9.43137479226e-08,
                1.5759353289e-07,
                3.8317740092e-08,
                3.97868724633e-08,
                6.85907934894e-08,
                6.19893683051e-08,
                3.82972942248e-08,
                7.28793869698e-09,
                2.29949864705e-10
            ],
            "dvar2": [
                9.51118272496e-06,
                0.00155121518765,
                0.00129480625037,
                3.74368246412e-05,
                5.68744726479e-05,
                1.35443524414e-05,
                1.49965562741e-05,
                7.30830743123e-06,
                7.95318464952e-06,
                6.68088250677e-06,
                2.85421128865e-06,
                1.12622240067e-06,
                1.16649016491e-06,
                1.7724639747e-06,
                2.45001592702e-06,
                1.48151082158e-06,
                7.43997134123e-07,
                7.6219470202e-07,
                2.1778333803e-07,
                3.44858250401e-07,
                9.21472889104e-08,
                8.88984672542e-08,
                1.47882758483e-07,
                1.25490686287e-07,
                7.83100162494e-08,
                1.56453854316e-08,
                5.58037061005e-10
            ],
            "max": [
                0.0291936602443,
                0.227761477232,
                0.148681402206,
                0.0543367564678,
                0.0680174082518,
                0.0487036854029,
                0.032536290586,
                0.0258543305099,
                0.0321127586067,
                0.0444287247956,
                0.0297760535032,
                0.017396107316,
                0.0137521820143,
                0.0232538022101,
                0.0263817869127,
                0.0163758825511,
                0.0205952394754,
                0.0115824574605,
                0.00633858563378,
                0.0106254257262,
                0.00471535511315,
                0.00364942057058,
                0.00626934040338,
                0.00441524526104,
                0.00354110286571,
                0.00261368020438,
                0.000446202990133
            ],
            "mean": [
                0.00346025358886,
                0.0223308503628,
                0.00616845441982,
                0.00153212400619,
                0.0045249229297,
                0.00197799433954,
                0.00193770567421,
                0.00177601561882,
                0.00189474702347,
                0.00199682824314,
                0.00108825555071,
                0.000554530415684,
                0.000583988672588,
                0.00060515262885,
                0.000668758817483,
                0.000505881442223,
                0.0004700399586,
                0.00054128584452,
                0.000315359444357,
                0.000391717912862,
                0.000131180204335,
                0.000139049152494,
                0.000191972663742,
                0.00025255716173,
                0.000205548072699,
                8.92136813491e-05,
                1.35315895022e-05
            ],
            "median": [
                0.000382575439289,
                0.00460359826684,
                0.00153782684356,
                0.000682349083945,
                0.00236905994825,
                0.00092183065135,
                0.000890608760528,
                0.000983733450994,
                0.000734462053515,
                0.000551913166419,
                0.000435140682384,
                0.000182341231266,
                0.000171728752321,
                0.000170533923665,
                0.000126528917463,
                0.000124084472191,
                0.000174597807927,
                0.000205705611734,
                0.000158029186423,
                0.000165073521202,
                5.60862536076e-05,
                5.92152646277e-05,
                9.0345100034e-05,
                0.000112939509563,
                0.000111217021185,
                4.74977132399e-05,
                7.21830474504e-06
            ],
            "min": [
                4.23245214339e-24,
                1.05743854005e-23,
                4.99202974294e-24,
                1.20350938952e-23,
                1.68780798085e-23,
                9.51033194622e-24,
                1.79756882503e-23,
                2.00353961852e-23,
                1.95506600916e-23,
                3.73941936299e-23,
                2.82184507257e-23,
                4.90052069465e-23,
                3.65089149894e-23,
                7.35284060002e-23,
                8.81939991823e-23,
                6.74032923462e-23,
                1.09505291107e-22,
                1.27389462026e-22,
                1.74528495439e-22,
                2.04734042609e-22,
                3.38522554971e-22,
                4.42871813336e-22,
                4.49681917003e-22,
                8.09176711481e-22,
                9.18709076295e-22,
                1.46959581423e-21,
                2.18239790641e-21
            ],
            "var": [
                2.39775381488e-05,
                0.00127785885707,
                0.000312468793709,
                8.76427566254e-06,
                3.61117927241e-05,
                1.06900643004e-05,
                9.26906068344e-06,
                5.59787486054e-06,
                8.46329839987e-06,
                1.28756728373e-05,
                3.21369589074e-06,
                1.13816838621e-06,
                1.14360261705e-06,
                1.87370574167e-06,
                2.43601539296e-06,
                1.12806696961e-06,
                6.60737271119e-07,
                7.51364552798e-07,
                1.89048037669e-07,
                3.81349792633e-07,
                5.23711740641e-08,
                6.57924488223e-08,
                1.12992140089e-07,
                1.34849983624e-07,
                8.35185574033e-08,
                1.66457958528e-08,
                4.91674423397e-10
            ]
        },
        "barkbands_crest": {
            "dmean": 3.2508020401,
            "dmean2": 4.94960212708,
            "dvar": 8.60371208191,
            "dvar2": 20.3679561615,
            "max": 25.5646476746,
            "mean": 11.0223808289,
            "median": 9.94512271881,
            "min": 2.36286425591,
            "var": 24.6525230408
        },
        "barkbands_flatness_db": {
            "dmean": 0.0266059879214,
            "dmean2": 0.0398181378841,
            "dvar": 0.000942730868701,
            "dvar2": 0.00180373725016,
            "max": 0.391869604588,
            "mean": 0.129699826241,
            "median": 0.114901974797,
            "min": 0.0280447844416,
            "var": 0.00318470597267
        },
        "barkbands_kurtosis": {
            "dmean": 6.35160827637,
            "dmean2": 9.86070251465,
            "dvar": 192.158813477,
            "dvar2": 424.488922119,
            "max": 191.314620972,
            "mean": 7.77793216705,
            "median": 2.52592849731,
            "min": -1.92108368874,
            "var": 259.943023682
        },
        "barkbands_skewness": {
            "dmean": 0.798943281174,
            "dmean2": 1.15394890308,
            "dvar": 1.01636528969,
            "dvar2": 1.96626079082,
            "max": 12.1268987656,
            "mean": 1.93126773834,
            "median": 1.54251194,
            "min": -2.7199306488,
            "var": 2.7242026329
        },
        "barkbands_spread": {
            "dmean": 7.07134056091,
            "dmean2": 10.5356969833,
            "dvar": 80.9265823364,
            "dvar2": 161.859329224,
            "max": 125.396087646,
            "mean": 23.4030342102,
            "median": 21.035276413,
            "min": 0.620320856571,
            "var": 235.889022827
        },
        "dissonance": {
            "dmean": 0.0213638935238,
            "dmean2": 0.035377945751,
            "dvar": 0.000391772191506,
            "dvar2": 0.00102404761128,
            "max": 0.500000119209,
            "mean": 0.45722708106,
            "median": 0.462769329548,
            "min": 0.269141674042,
            "var": 0.000826996169053
        },
        "dynamic_complexity": 2.52534627914,
        "erbbands": {
            "dmean": [
                0.61897790432,
                3.24258112907,
                9.57451438904,
                5.38572406769,
                5.93230199814,
                12.2375717163,
                11.2012844086,
                9.55706977844,
                14.8676452637,
                26.3322238922,
                18.5925540924,
                23.4515266418,
                32.7299194336,
                21.7112827301,
                19.3406143188,
                14.0215091705,
                15.3403530121,
                19.207660675,
                19.8269748688,
                17.7731800079,
                14.9908456802,
                14.449051857,
                18.5798034668,
                8.84160995483,
                10.3613471985,
                9.78721046448,
                4.63797092438,
                3.15118861198,
                2.94725298882,
                3.29534316063,
                3.22788000107,
                2.62591171265,
                2.48917794228,
                1.45269453526,
                0.678398549557,
                0.27521148324,
                0.0681737065315,
                0.011707524769,
                0.00113380106632,
                5.0601986004e-05
            ],
            "dmean2": [
                0.994673252106,
                5.06983804703,
                17.3890228271,
                9.59495830536,
                10.4537773132,
                20.2308635712,
                18.0295372009,
                15.4331130981,
                24.331287384,
                42.8695716858,
                29.3802909851,
                36.2635307312,
                47.3670425415,
                32.8676376343,
                29.9175834656,
                22.1812610626,
                23.5298671722,
                28.3985958099,
                29.3566303253,
                26.7029285431,
                21.9478092194,
                21.1799888611,
                27.3894710541,
                13.2311306,
                15.5516767502,
                14.6157426834,
                7.31964302063,
                4.98474264145,
                4.5368847847,
                5.00015258789,
                4.88993167877,
                3.95503425598,
                3.76227760315,
                2.2017223835,
                1.03374612331,
                0.422903358936,
                0.105118148029,
                0.0182003825903,
                0.00176272343379,
                7.85318552516e-05
            ],
            "dvar": [
                1.1536450386,
                52.1508789062,
                820.477722168,
                164.592971802,
                175.065963745,
                426.213500977,
                342.523193359,
                460.350006104,
                794.121337891,
                2033.78393555,
                982.632446289,
                1862.96325684,
                3739.77636719,
                1816.29870605,
                1170.11462402,
                764.803405762,
                949.294433594,
                2260.91259766,
                2091.80078125,
                1551.24707031,
                1056.43969727,
                823.075927734,
                1168.59423828,
                287.866210938,
                328.720672607,
                380.021728516,
                77.859664917,
                60.1235122681,
                59.0114326477,
                46.7687110901,
                64.3596420288,
                31.6858444214,
                19.6364498138,
                7.31545686722,
                1.62777805328,
                0.263806074858,
                0.0209778714925,
                0.000757421425078,
                5.69200437894e-06,
                5.43842260115e-09
            ],
            "dvar2": [
                3.11145377159,
                123.719085693,
                2279.93334961,
                468.100341797,
                499.361602783,
                1089.32910156,
                770.33392334,
                1112.04858398,
                1924.88110352,
                5107.4296875,
                2301.5012207,
                4101.89111328,
                7373.01123047,
                4050.33520508,
                2644.91333008,
                1741.20703125,
                2121.62744141,
                4359.57324219,
                4212.83886719,
                3487.67578125,
                2292.9934082,
                1641.83691406,
                2393.89355469,
                629.450683594,
                713.827331543,
                825.208557129,
                187.890869141,
                142.368270874,
                134.71585083,
                103.322097778,
                138.685943604,
                64.3283996582,
                42.3576927185,
                15.0729532242,
                3.54563331604,
                0.577349305153,
                0.0461935400963,
                0.0017627326306,
                1.33153116622e-05,
                1.2847217512e-08
            ],
            "max": [
                9.70736122131,
                53.5491027832,
                188.37487793,
                117.152778625,
                225.601531982,
                372.998657227,
                312.753265381,
                570.406005859,
                500.234100342,
                654.760437012,
                522.054443359,
                887.761474609,
                1510.02758789,
                1088.7989502,
                674.417541504,
                847.315979004,
                678.816894531,
                1174.67724609,
                1628.80554199,
                815.542419434,
                512.020812988,
                812.773132324,
                570.148986816,
                564.899597168,
                431.400695801,
                549.256225586,
                213.326965332,
                251.299911499,
                161.832885742,
                179.052902222,
                217.438430786,
                98.6371002197,
                87.0166091919,
                49.030418396,
                24.5023860931,
                10.2671689987,
                5.71878576279,
                0.766340732574,
                0.0557388737798,
                0.00160374911502
            ],
            "mean": [
                0.80611038208,
                4.27647638321,
                8.17517566681,
                5.98362016678,
                7.39368915558,
                18.4139957428,
                18.2607536316,
                16.0696296692,
                22.5686283112,
                42.4402542114,
                32.0726165771,
                44.4978027344,
                71.8130111694,
                41.7081832886,
                34.9551544189,
                24.7961864471,
                27.9529342651,
                31.8234806061,
                32.8507041931,
                30.5516681671,
                25.7552623749,
                26.3090362549,
                32.7898025513,
                16.5648460388,
                19.6770172119,
                18.0524349213,
                7.17614459991,
                4.67458677292,
                4.74067115784,
                5.77337360382,
                5.40810632706,
                4.63066530228,
                4.50508832932,
                2.68000435829,
                1.25848388672,
                0.536623120308,
                0.131020382047,
                0.0234952997416,
                0.00234799575992,
                0.000138043120387
            ],
            "median": [
                0.104597605765,
                0.866139173508,
                1.76610040665,
                2.71632099152,
                3.50553441048,
                8.20314979553,
                9.45987987518,
                7.7702088356,
                11.3601884842,
                24.88920784,
                18.4920539856,
                18.0974617004,
                20.80493927,
                17.2745323181,
                16.1662483215,
                9.25236701965,
                9.26774787903,
                9.97428321838,
                8.53708457947,
                7.33628463745,
                7.95059204102,
                10.3904476166,
                12.8675460815,
                8.30320167542,
                9.48431110382,
                7.42209815979,
                3.25805044174,
                2.01203131676,
                1.91361546516,
                2.98903560638,
                2.35579037666,
                1.6757516861,
                2.1319565773,
                1.43239688873,
                0.618071317673,
                0.273876339197,
                0.0697122961283,
                0.0124072879553,
                0.00133953068871,
                0.000111665423901
            ],
            "min": [
                5.04705179712e-22,
                1.78510059443e-21,
                6.41606963822e-21,
                2.00931686597e-20,
                2.92161290953e-20,
                7.15826721714e-20,
                4.92935861702e-20,
                5.23559929748e-20,
                2.10583911762e-19,
                3.72133487391e-19,
                6.49395148786e-19,
                5.49174100866e-19,
                1.26356791311e-18,
                1.180511018e-18,
                1.55570877012e-18,
                1.95227073631e-18,
                1.94363042122e-18,
                3.55943344925e-18,
                3.72265396849e-18,
                4.52824061756e-18,
                5.24750559304e-18,
                6.40213805878e-18,
                6.16498661793e-18,
                6.51865802859e-18,
                8.53576524926e-18,
                9.44708915526e-18,
                1.07566434507e-17,
                1.24248748404e-17,
                1.54920969477e-17,
                1.52762689822e-17,
                1.52549078701e-17,
                1.59324316575e-17,
                1.2298413814e-17,
                9.88901453342e-18,
                6.34840606055e-18,
                4.79081628172e-18,
                2.82386660506e-18,
                1.15482406145e-18,
                2.93373666312e-19,
                3.10273412129e-20
            ],
            "var": [
                1.50839853287,
                71.7360305786,
                558.037597656,
                125.573860168,
                160.397781372,
                794.695861816,
                694.214599609,
                805.827514648,
                1222.69470215,
                3119.57763672,
                1766.37255859,
                5181.6953125,
                16443.2792969,
                4526.51855469,
                3019.90307617,
                1938.14538574,
                2225.84082031,
                4962.08300781,
                5572.1015625,
                3162.69482422,
                2226.44262695,
                1673.48413086,
                2620.48706055,
                581.54486084,
                760.112121582,
                895.718261719,
                126.118728638,
                81.79637146,
                90.9538269043,
                84.9334182739,
                102.305984497,
                63.013835907,
                40.3630065918,
                14.7848653793,
                3.53166675568,
                0.580267488956,
                0.0430524796247,
                0.0015964891063,
                1.19920750876e-05,
                1.31698785211e-08
            ]
        },
        "erbbands_crest": {
            "dmean": 2.60582470894,
            "dmean2": 4.2158613205,
            "dvar": 5.99685621262,
            "dvar2": 14.8559427261,
            "max": 27.6440124512,
            "mean": 9.18245792389,
            "median": 8.28089332581,
            "min": 2.10844922066,
            "var": 16.1936779022
        },
        "erbbands_flatness_db": {
            "dmean": 0.0155757172033,
            "dmean2": 0.0233885459602,
            "dvar": 0.000234947088757,
            "dvar2": 0.000497796630953,
            "max": 0.284249514341,
            "mean": 0.134490326047,
            "median": 0.133010238409,
            "min": 0.0164141356945,
            "var": 0.00117962213699
        },
        "erbbands_kurtosis": {
            "dmean": 1.02986848354,
            "dmean2": 1.58905827999,
            "dvar": 1.57596051693,
            "dvar2": 3.58400821686,
            "max": 28.362039566,
            "mean": 0.859380722046,
            "median": 0.253916501999,
            "min": -1.88574063778,
            "var": 4.89170646667
        },
        "erbbands_skewness": {
            "dmean": 0.401402413845,
            "dmean2": 0.597835302353,
            "dvar": 0.163131460547,
            "dvar2": 0.333534836769,
            "max": 4.3946480751,
            "mean": 0.541151285172,
            "median": 0.559103369713,
            "min": -2.8786444664,
            "var": 0.610448241234
        },
        "erbbands_spread": {
            "dmean": 10.0717792511,
            "dmean2": 14.9270439148,
            "dvar": 145.885772705,
            "dvar2": 302.280670166,
            "max": 195.136947632,
            "mean": 42.1049346924,
            "median": 36.519821167,
            "min": 6.37168169022,
            "var": 515.163635254
        },
        "gfcc": {
            "cov": [
                [
                    10425.7353516,
                    235.061248779,
                    -439.668701172,
                    255.68270874,
                    -294.0730896,
                    315.069885254,
                    -356.315887451,
                    214.404190063,
                    -93.4125213623,
                    89.835105896,
                    -78.8582382202,
                    -31.8239326477,
                    -119.462547302
                ],
                [
                    235.061248779,
                    1378.39123535,
                    44.598739624,
                    190.879852295,
                    280.711334229,
                    -40.1782875061,
                    357.698577881,
                    -23.3255729675,
                    93.3957519531,
                    75.0330734253,
                    198.503494263,
                    -0.528651535511,
                    53.8483352661
                ],
                [
                    -439.668701172,
                    44.598739624,
                    835.728942871,
                    189.667556763,
                    6.65901327133,
                    143.768417358,
                    57.2041244507,
                    20.5942993164,
                    38.7950515747,
                    53.3251113892,
                    45.9107093811,
                    52.0585098267,
                    -5.3344502449
                ],
                [
                    255.68270874,
                    190.879852295,
                    189.667556763,
                    546.11505127,
                    81.4113845825,
                    -7.75498247147,
                    58.0805015564,
                    -7.03381252289,
                    112.745918274,
                    61.3648796082,
                    94.3036575317,
                    22.4340820312,
                    56.6585845947
                ],
                [
                    -294.0730896,
                    280.711334229,
                    6.65901327133,
                    81.4113845825,
                    331.314849854,
                    56.9721031189,
                    155.285964966,
                    64.9747848511,
                    76.7074584961,
                    36.1643714905,
                    44.4218597412,
                    25.0864295959,
                    49.3054046631
                ],
                [
                    315.069885254,
                    -40.1782875061,
                    143.768417358,
                    -7.75498247147,
                    56.9721031189,
                    283.190124512,
                    115.804573059,
                    54.6163368225,
                    25.1906108856,
                    49.7205467224,
                    10.6186943054,
                    27.0961437225,
                    0.713102221489
                ],
                [
                    -356.315887451,
                    357.698577881,
                    57.2041244507,
                    58.0805015564,
                    155.285964966,
                    115.804573059,
                    368.296539307,
                    53.2596893311,
                    40.4807014465,
                    61.3174133301,
                    81.5936355591,
                    44.5615348816,
                    27.5750408173
                ],
                [
                    214.404190063,
                    -23.3255729675,
                    20.5942993164,
                    -7.03381252289,
                    64.9747848511,
                    54.6163368225,
                    53.2596893311,
                    166.172851562,
                    62.8407669067,
                    22.3595619202,
                    11.7462100983,
                    21.8708820343,
                    16.7452831268
                ],
                [
                    -93.4125213623,
                    93.3957519531,
                    38.7950515747,
                    112.745918274,
                    76.7074584961,
                    25.1906108856,
                    40.4807014465,
                    62.8407669067,
                    175.273223877,
                    39.9857139587,
                    18.6516017914,
                    15.4524354935,
                    40.6855354309
                ],
                [
                    89.835105896,
                    75.0330734253,
                    53.3251113892,
                    61.3648796082,
                    36.1643714905,
                    49.7205467224,
                    61.3174133301,
                    22.3595619202,
                    39.9857139587,
                    121.865104675,
                    54.8698310852,
                    7.19408655167,
                    7.68192911148
                ],
                [
                    -78.8582382202,
                    198.503494263,
                    45.9107093811,
                    94.3036575317,
                    44.4218597412,
                    10.6186943054,
                    81.5936355591,
                    11.7462100983,
                    18.6516017914,
                    54.8698310852,
                    135.730529785,
                    30.3466644287,
                    13.9341964722
                ],
                [
                    -31.8239326477,
                    -0.528651535511,
                    52.0585098267,
                    22.4340820312,
                    25.0864295959,
                    27.0961437225,
                    44.5615348816,
                    21.8708820343,
                    15.4524354935,
                    7.19408655167,
                    30.3466644287,
                    92.0528259277,
                    24.5231685638
                ],
                [
                    -119.462547302,
                    53.8483352661,
                    -5.3344502449,
                    56.6585845947,
                    49.3054046631,
                    0.713102221489,
                    27.5750408173,
                    16.7452831268,
                    40.6855354309,
                    7.68192911148,
                    13.9341964722,
                    24.5231685638,
                    85.1141357422
                ]
            ],
            "icov": [
                [
                    0.000194506850676,
                    -0.000332020892529,
                    0.000265696173301,
                    -0.00036044078297,
                    0.000332202849677,
                    -0.000557213614229,
                    0.000554546364583,
                    -0.00062461203197,
                    0.000451503961813,
                    -0.000289026851533,
                    0.000515220745001,
                    -0.000352641072823,
                    0.000322618318023
                ],
                [
                    -0.000332020892529,
                    0.00204733689316,
                    -0.000590996583924,
                    0.000750639068428,
                    -0.00130191480275,
                    0.00166770047508,
                    -0.00216803466901,
                    0.00191266555339,
                    -0.00138120166957,
                    0.000850663927849,
                    -0.00253550941125,
                    0.00170118629467,
                    -0.000723297242075
                ],
                [
                    0.000265696173301,
                    -0.000590996583924,
                    0.0018875253154,
                    -0.00109699473251,
                    0.000710287422407,
                    -0.00158941803966,
                    0.000957529759035,
                    -0.000946541724261,
                    0.000697736861184,
                    -0.000582903739996,
                    0.000867155671585,
                    -0.00130701414309,
                    0.00102692260407
                ],
                [
                    -0.00036044078297,
                    0.000750639068428,
                    -0.00109699473251,
                    0.00345176109113,
                    -0.000923750689253,
                    0.00152231042739,
                    -0.00108351174276,
                    0.00212578149512,
                    -0.00241171615198,
                    0.000342978048138,
                    -0.00257718400098,
                    0.00115766178351,
                    -0.00168190058321
                ],
                [
                    0.000332202849677,
                    -0.00130191480275,
                    0.000710287422407,
                    -0.000923750689253,
                    0.00526998657733,
                    -0.00150217767805,
                    9.17127908906e-05,
                    -0.00226440816186,
                    0.000210539757973,
                    -0.00050736067351,
                    0.00147463346366,
                    -0.000858558283653,
                    -0.000723980658222
                ],
                [
                    -0.000557213614229,
                    0.00166770047508,
                    -0.00158941803966,
                    0.00152231042739,
                    -0.00150217767805,
                    0.00688740005717,
                    -0.00343439076096,
                    0.00130989414174,
                    -0.00151315587573,
                    -0.00060300208861,
                    -0.00106512161437,
                    0.000886555761099,
                    -0.000586042180657
                ],
                [
                    0.000554546364583,
                    -0.00216803466901,
                    0.000957529759035,
                    -0.00108351174276,
                    9.17127908906e-05,
                    -0.00343439076096,
                    0.0068465792574,
                    -0.00266243307851,
                    0.00201661000028,
                    -0.00160970026627,
                    0.00113968295045,
                    -0.00264034094289,
                    0.000968041771557
                ],
                [
                    -0.00062461203197,
                    0.00191266555339,
                    -0.000946541724261,
                    0.00212578149512,
                    -0.00226440816186,
                    0.00130989414174,
                    -0.00266243307851,
                    0.0104090860114,
                    -0.0045570502989,
                    0.000977024552412,
                    -0.00280488305725,
                    0.000770791433752,
                    -0.0011184446048
                ],
                [
                    0.000451503961813,
                    -0.00138120166957,
                    0.000697736861184,
                    -0.00241171615198,
                    0.000210539757973,
                    -0.00151315587573,
                    0.00201661000028,
                    -0.0045570502989,
                    0.0101152928546,
                    -0.00275013106875,
                    0.00311104487628,
                    -0.00129086652305,
                    -0.00143377576023
                ],
                [
                    -0.000289026851533,
                    0.000850663927849,
                    -0.000582903739996,
                    0.000342978048138,
                    -0.00050736067351,
                    -0.00060300208861,
                    -0.00160970026627,
                    0.000977024552412,
                    -0.00275013106875,
                    0.0122229298577,
                    -0.00542981270701,
                    0.0023523804266,
                    -0.00015787142911
                ],
                [
                    0.000515220745001,
                    -0.00253550941125,
                    0.000867155671585,
                    -0.00257718400098,
                    0.00147463346366,
                    -0.00106512161437,
                    0.00113968295045,
                    -0.00280488305725,
                    0.00311104487628,
                    -0.00542981270701,
                    0.014772310853,
                    -0.00503147393465,
                    0.00146868859883
                ],
                [
                    -0.000352641072823,
                    0.00170118629467,
                    -0.00130701414309,
                    0.00115766178351,
                    -0.000858558283653,
                    0.000886555761099,
                    -0.00264034094289,
                    0.000770791433752,
                    -0.00129086652305,
                    0.0023523804266,
                    -0.00503147393465,
                    0.0151295168325,
                    -0.00436076475307
                ],
                [
                    0.000322618318023,
                    -0.000723297242075,
                    0.00102692260407,
                    -0.00168190058321,
                    -0.000723980658222,
                    -0.000586042180657,
                    0.000968041771557,
                    -0.0011184446048,
                    -0.00143377576023,
                    -0.00015787142911,
                    0.00146868859883,
                    -0.00436076475307,
                    0.0158896259964
                ]
            ],
            "mean": [
                30.0694770813,
                74.1185073853,
                -94.9605102539,
                21.1369895935,
                -55.7228546143,
                12.9713993073,
                -36.2972450256,
                19.6310024261,
                -23.4148159027,
                2.39564871788,
                -12.5313053131,
                0.736314117908,
                -10.8833837509
            ]
        },
        "hfc": {
            "dmean": 7.70417881012,
            "dmean2": 11.4018688202,
            "dvar": 87.7816467285,
            "dvar2": 185.221481323,
            "max": 114.314109802,
            "mean": 28.6101608276,
            "median": 27.6211280823,
            "min": 1.1308956578e-16,
            "var": 294.074890137
        },
        "melbands": {
            "dmean": [
                0.00455447286367,
                0.00477667665109,
                0.000948592030909,
                0.000641096907202,
                0.000434886402218,
                0.000218030123506,
                0.000240566761931,
                0.000285438320134,
                0.000158506081789,
                0.000153255692567,
                0.000166001700563,
                8.99984224816e-05,
                6.92903267918e-05,
                4.06432700402e-05,
                4.16659349867e-05,
                3.18339625665e-05,
                4.06221370213e-05,
                3.16023397318e-05,
                3.49247275153e-05,
                2.5671264666e-05,
                1.70767325471e-05,
                1.53998771566e-05,
                1.95493812498e-05,
                1.47122736962e-05,
                6.97923314874e-06,
                7.05230650055e-06,
                9.21467471926e-06,
                6.36031199974e-06,
                3.08222547574e-06,
