{
    "lowlevel": {
        "average_loudness": 0.892582118511,
        "barkbands": {
            "dmean": [
                0.000139494601171,
                0.00509980786592,
                0.00292520248331,
                0.00149123591837,
                0.00136371166445,
                0.000760646653362,
                0.000833056285046,
                0.00116814638022,
                0.000710671185516,
                0.000528910080902,
                0.000477845023852,
                0.000319147336995,
                0.000386041996535,
                0.000553956720978,
                0.000520772999153,
                0.000276926817605,
                0.000352699018549,
                0.000180126546184,
                0.000153508459334,
                0.000116361887194,
                9.86203594948e-05,
                0.000126901373733,
                0.000174866887392,
                0.000111873116111,
                7.74109721533e-05,
                4.31019070675e-05,
                4.94164305564e-06
            ],
            "dmean2": [
                0.000237003609072,
                0.00831745751202,
                0.00510849198326,
                0.00261302292347,
                0.00225804699585,
                0.00129636807833,
                0.00135413894895,
                0.00177664414514,
                0.00108204444405,
                0.000800306093879,
                0.000699555734172,
                0.000478577450849,
                0.000586431589909,
                0.000859805382788,
                0.000809135963209,
                0.000411460467149,
                0.000518353190273,
                0.0002793178719,
                0.000226012736675,
                0.000176563669811,
                0.000146308302647,
                0.000186640230822,
                0.000283273227978,
                0.000172690852196,
                0.00011767038086,
                6.9342830102e-05,
                8.38445248519e-06
            ],
            "dvar": [
                1.21551039456e-07,
                0.000334555079462,
                8.98668295122e-05,
                1.74937722477e-05,
                6.00577232035e-06,
                3.15174861498e-06,
                4.10146549257e-06,
                5.15644478583e-06,
                4.17203500547e-06,
                2.84783209281e-06,
                1.74319677626e-06,
                8.41579492317e-07,
                1.11529243441e-06,
                1.91513481695e-06,
                1.80021538654e-06,
                6.56828490264e-07,
                6.05340915172e-07,
                3.16030366321e-07,
                2.4091900741e-07,
                2.08020765058e-07,
                1.97724034479e-07,
                1.75238810129e-07,
                2.0895537034e-07,
                9.86597612496e-08,
                6.28317522455e-08,
                3.94934431824e-08,
                5.87032866761e-10
            ],
            "dvar2": [
                3.34598666996e-07,
                0.000828798627481,
                0.000250111217611,
                5.05060888827e-05,
                1.62696342159e-05,
                8.56463248056e-06,
                1.00150846265e-05,
                1.11899025796e-05,
                9.527828297e-06,
                5.81906306252e-06,
                3.53080258719e-06,
                1.83955239663e-06,
                2.46185913966e-06,
                4.46509784524e-06,
                4.13460065829e-06,
                1.35372852128e-06,
                1.26003578771e-06,
                7.53115671159e-07,
                4.95083725127e-07,
                4.16102210465e-07,
                4.48405245379e-07,
                3.24954271491e-07,
                4.63229611114e-07,
                2.20531575224e-07,
                1.47591052269e-07,
                1.05582216747e-07,
                1.59585633597e-09
            ],
            "max": [
                0.00656708795577,
                0.168135374784,
                0.104042083025,
                0.0532802715898,
                0.033428914845,
                0.0254022646695,
                0.0329558029771,
                0.0357159823179,
                0.0572335384786,
                0.061952136457,
                0.035558372736,
                0.0312809497118,
                0.0260953139514,
                0.0290565695614,
                0.0301123410463,
                0.02003903687,
                0.0139263821766,
                0.0198999289423,
                0.00693088490516,
                0.00730036199093,
                0.00702459923923,
                0.00580024626106,
                0.00622007530183,
                0.00706743216142,
                0.00515675265342,
                0.00908905267715,
                0.000556340790354
            ],
            "mean": [
                0.000268930220045,
                0.0088314153254,
                0.00362712144852,
                0.00167594687082,
                0.00253364304081,
                0.00111240288243,
                0.00119811191689,
                0.0023875052575,
                0.00114654260688,
                0.000949569803197,
                0.000832474499475,
                0.000518734625075,
                0.000670034030918,
                0.000944434374105,
                0.000820983899757,
                0.000440049363533,
                0.000627451750915,
                0.00027115966077,
                0.000223965675104,
                0.000146740116179,
                0.000110049455543,
                0.000132164175739,
                0.000172950327396,
                0.00013161591778,
                9.17348079383e-05,
                4.62635507574e-05,
                4.38617007603e-06
            ],
            "median": [
                6.64346734993e-05,
                0.00294474232942,
                0.00101995025761,
                0.000700497650541,
                0.00157650304027,
                0.000316809630021,
                0.000348367844708,
                0.000754058826715,
                0.000209906575037,
                0.000179723909241,
                0.00019048305694,
                0.000114588845463,
                8.81579180714e-05,
                0.000101233832538,
                0.000210597820114,
                7.11615866749e-05,
                0.000124357553432,
                5.52118435735e-05,
                3.89964698115e-05,
                1.91484068637e-05,
                1.27830480778e-05,
                1.12369016279e-05,
                1.61544485309e-05,
                2.79740452243e-05,
                1.69435334101e-05,
                9.07594403543e-06,
                5.30638430973e-07
            ],
            "min": [
                2.31012147549e-25,
                3.50807509514e-24,
                4.27067255285e-25,
                2.29865488919e-24,
                1.04067721797e-23,
                4.17935431029e-24,
                1.4605964764e-23,
                5.70761217539e-24,
                2.19918422276e-23,
                2.19064859e-23,
                1.70515929201e-23,
                2.1559805198e-23,
                2.95814193542e-23,
                5.26973536619e-23,
                2.59928942518e-23,
                5.72370967102e-23,
                4.27245614764e-23,
                1.05388522654e-22,
                1.54429026393e-22,
                2.03022290175e-22,
                2.11739152691e-22,
                2.84649767006e-22,
                3.78715687046e-22,
                6.69746695065e-22,
                8.35196852989e-22,
                1.25429247437e-21,
                2.01897662301e-21
            ],
            "var": [
                2.77658870118e-07,
                0.000377008866053,
                7.00058881193e-05,
                1.26878103401e-05,
                9.09440041141e-06,
                3.89726801586e-06,
                5.76696356802e-06,
                1.56210371642e-05,
                8.07944161352e-06,
                8.20152490633e-06,
                4.97981318404e-06,
                1.71404496996e-06,
                2.99927387459e-06,
                4.88567138746e-06,
                3.84558643418e-06,
                1.4518639091e-06,
                1.53157520799e-06,
                5.10598454184e-07,
                3.46806700691e-07,
                2.68302670747e-07,
                2.1266106387e-07,
                2.28389367862e-07,
                2.40703911913e-07,
                1.18165438323e-07,
                7.17615549206e-08,
                3.11955261623e-08,
                4.2101813702e-10
            ]
        },
        "barkbands_crest": {
            "dmean": 2.4790930748,
            "dmean2": 3.89868450165,
            "dvar": 6.85516023636,
            "dvar2": 16.1264419556,
            "max": 26.755191803,
            "mean": 10.6264801025,
            "median": 9.60583877563,
            "min": 2.0309855938,
            "var": 21.4399299622
        },
        "barkbands_flatness_db": {
            "dmean": 0.0250480547547,
            "dmean2": 0.035515088588,
            "dvar": 0.000796817883383,
            "dvar2": 0.00151032046415,
            "max": 0.492880940437,
            "mean": 0.165500029922,
            "median": 0.161140799522,
            "min": 0.0200101397932,
            "var": 0.00435613514856
        },
        "barkbands_kurtosis": {
            "dmean": 4.54977941513,
            "dmean2": 7.04094648361,
            "dvar": 119.469284058,
            "dvar2": 290.669372559,
            "max": 474.526733398,
            "mean": 6.3910317421,
            "median": 1.71627116203,
            "min": -1.92337632179,
            "var": 240.221817017
        },
        "barkbands_skewness": {
            "dmean": 0.658791661263,
            "dmean2": 0.963710188866,
            "dvar": 0.733280420303,
            "dvar2": 1.52739572525,
            "max": 18.9406909943,
            "mean": 1.57500517368,
            "median": 1.26408576965,
            "min": -4.66741085052,
            "var": 2.91417837143
        },
        "barkbands_spread": {
            "dmean": 6.27897500992,
            "dmean2": 9.54457092285,
            "dvar": 87.2647476196,
            "dvar2": 187.099105835,
            "max": 114.831565857,
            "mean": 19.4424819946,
            "median": 15.9111499786,
            "min": 0.271381705999,
            "var": 208.35987854
        },
        "dissonance": {
            "dmean": 0.0254565943033,
            "dmean2": 0.0416462868452,
            "dvar": 0.000685524486471,
            "dvar2": 0.00179725023918,
            "max": 0.499999940395,
            "mean": 0.444535464048,
            "median": 0.454894781113,
            "min": 0.161627590656,
            "var": 0.00183639943134
        },
        "dynamic_complexity": 4.19447088242,
        "erbbands": {
            "dmean": [
                0.123697035015,
                1.26367819309,
                3.1424612999,
                4.2987036705,
                3.72367501259,
                5.33278465271,
                6.20206642151,
                6.35996103287,
                10.4007349014,
                19.4678268433,
                21.358247757,
                18.9338264465,
                15.6603822708,
                16.8403224945,
                16.4705371857,
                13.1318845749,
                16.2124347687,
                24.3207626343,
                28.3730506897,
                19.7022323608,
                12.7316131592,
                17.0511379242,
                11.2329740524,
                6.62434101105,
                8.46366214752,
                5.08085441589,
                4.43544387817,
                3.81645703316,
                4.04123020172,
                5.43577241898,
                4.655605793,
                2.86479687691,
                1.6428514719,
                0.976453840733,
                0.506430566311,
                0.224939540029,
                0.0744670033455,
                0.0130378548056,
                0.000641856400762,
                2.36034047703e-05
            ],
            "dmean2": [
                0.195863753557,
                2.08556747437,
                5.26967716217,
                7.6318063736,
                6.27263069153,
                8.74238681793,
                10.2374286652,
                10.9408321381,
                17.568819046,
                29.4385681152,
                32.3159980774,
                28.2040920258,
                23.4998683929,
                23.9188766479,
                24.3585987091,
                19.1762294769,
                24.3676242828,
                37.0204429626,
                43.0325889587,
                29.8199653625,
                18.3981533051,
                24.8405456543,
                16.6947479248,
                9.5644865036,
                12.3786716461,
                7.88676261902,
                6.69152975082,
                5.50299453735,
                5.99730539322,
                8.65738296509,
                7.49224901199,
                4.53900623322,
                2.4919655323,
                1.47375273705,
                0.793326258659,
                0.357153952122,
                0.122381746769,
                0.0215899944305,
                0.00106251228135,
                3.61444472219e-05
            ],
            "dvar": [
                0.164284065366,
                20.9496822357,
                93.9582519531,
                189.433044434,
                63.0264816284,
                106.032936096,
                188.647644043,
                281.351196289,
                864.410461426,
                1816.86450195,
                2130.71508789,
                3048.24560547,
                2384.86743164,
                2419.06518555,
                2415.8815918,
                1467.70263672,
                2238.22460938,
                3369.72583008,
                5204.88769531,
                3422.97949219,
                1235.81384277,
                1497.11877441,
                986.434020996,
                396.639892578,
                835.953369141,
                434.278686523,
                465.698730469,
                247.697860718,
                197.682815552,
                242.784896851,
                140.894256592,
                65.9515762329,
                20.223274231,
                8.13769721985,
                3.74626231194,
                0.965909421444,
                0.113567687571,
                0.00395617214963,
                9.74178328761e-06,
                4.93654406242e-09
            ],
            "dvar2": [
                0.411479622126,
                51.6397819519,
                249.082077026,
                540.303894043,
                176.336761475,
                283.8565979,
                467.191345215,
                778.166442871,
                2338.41674805,
                3918.6940918,
                4462.59912109,
                6841.75195313,
                4815.74951172,
                4650.21142578,
                5045.45263672,
                3130.66772461,
                4998.9453125,
                7757.50341797,
                11169.6123047,
                8096.88818359,
                2524.09985352,
                3013.52856445,
                2210.17602539,
                873.885131836,
                1723.01184082,
                858.297668457,
                1124.50390625,
                506.684417725,
                368.48916626,
                468.222473145,
                323.082885742,
                156.314483643,
                43.3019142151,
                18.035276413,
                9.43880748749,
                2.57626819611,
                0.302447170019,
                0.010497674346,
                2.60841934505e-05,
                1.23898820092e-08
            ],
            "max": [
                3.69353270531,
                41.5777130127,
                109.669761658,
                166.356063843,
                135.513153076,
                174.565307617,
                197.831069946,
                236.809539795,
                394.318481445,
                784.298095703,
                1009.03887939,
                1646.91015625,
                2163.62280273,
                1233.75463867,
                1781.37719727,
                1375.73754883,
                1302.35144043,
                1169.92651367,
                2239.76977539,
                1878.99853516,
                1146.2244873,
                947.138122559,
                1197.33789063,
                335.35647583,
                480.526519775,
                282.664520264,
                333.956420898,
                294.371612549,
                209.160919189,
                226.439758301,
                172.611114502,
                166.862609863,
                102.115394592,
                56.4659805298,
                56.9529495239,
                43.0336723328,
                14.7652931213,
                2.22591876984,
                0.0840142145753,
                0.00201115454547
            ],
            "mean": [
                0.228861093521,
                2.05088591576,
                4.5839676857,
                4.81144332886,
                5.6827712059,
                9.58915519714,
                10.8765439987,
                8.76691818237,
                13.2610044479,
                37.2057571411,
                42.9859657288,
                32.7765007019,
                30.1255397797,
                31.2335700989,
                28.85297966,
                23.5991535187,
                28.8273487091,
                47.2020301819,
                49.2307815552,
                33.8662490845,
                23.2264652252,
                30.7601718903,
                19.8662052155,
                10.5919237137,
                11.6941347122,
                6.51576566696,
                4.90711307526,
                4.19212770462,
                4.35771512985,
                5.58352231979,
                4.54886484146,
                3.05948877335,
                2.03642511368,
                1.18824481964,
                0.568572163582,
                0.250694155693,
                0.0756940469146,
                0.012583703734,
                0.00061771372566,
                4.86554308736e-05
            ],
            "median": [
                0.0290138572454,
                0.836344182491,
                1.52610063553,
                2.17534708977,
                2.79709362984,
                5.24333286285,
                3.6203289032,
                2.55826473236,
                4.21415996552,
                14.3016052246,
                14.6480321884,
                7.53751277924,
                7.44298124313,
                6.46492481232,
                7.30416536331,
                5.8348941803,
                4.61048030853,
                6.19082546234,
                9.93835258484,
                8.9204750061,
                5.05130672455,
                6.3482427597,
                3.91012907028,
                2.5673456192,
                1.85465025902,
                0.914209961891,
                0.608238458633,
                0.425962239504,
                0.3568123281,
                0.498447567225,
                0.434752225876,
                0.484156370163,
                0.461868345737,
                0.211481481791,
                0.102686680853,
                0.0515516996384,
                0.0132240541279,
                0.00192094175145,
                0.000104981387267,
                3.23073545587e-05
            ],
            "min": [
                4.52244995503e-23,
                8.17194264582e-22,
                1.2787876026e-21,
                9.25222436994e-21,
                1.20028123564e-20,
                4.28860448125e-20,
                3.29756455923e-20,
                4.96900350969e-20,
                1.53348777789e-19,
                2.46274105631e-19,
                1.23175090199e-19,
                4.59959983465e-19,
                5.62171227939e-19,
                6.18257330494e-19,
                9.61535837137e-19,
                1.16309731514e-18,
                1.2832589476e-18,
                2.27760355956e-18,
                1.93070138145e-18,
                3.48327947975e-18,
                4.57112910514e-18,
                3.43427316436e-18,
                6.24455767055e-18,
                8.24155282181e-18,
                8.71540985315e-18,
                6.34608333739e-18,
                7.94739002519e-18,
                1.00036766556e-17,
                9.75957565681e-18,
                9.22227883556e-18,
                1.22012167833e-17,
                1.25861155028e-17,
                1.00889432603e-17,
                9.25515099311e-18,
                5.58895375578e-18,
                4.60826620592e-18,
                2.37555518577e-18,
                1.03584901959e-18,
                2.7751744115e-19,
                2.7275744324e-20
            ],
            "var": [
                0.27361407876,
                21.1476383209,
                85.305229187,
                127.772010803,
                73.8033065796,
                163.267456055,
                384.790100098,
                300.477203369,
                829.225891113,
                4371.08691406,
                5991.69335938,
                6097.26464844,
                7006.88671875,
                7281.99951172,
                5905.28759766,
                3418.82958984,
                4749.45703125,
                10878.1855469,
                12940.734375,
                6831.61523438,
                3019.67211914,
                3577.70947266,
                2019.11486816,
                595.742919922,
                1112.0291748,
                546.608764648,
                468.848205566,
                297.379852295,
                259.363983154,
                308.618530273,
                158.704452515,
                70.6259155273,
                26.7352466583,
                10.5548429489,
                3.60305285454,
                0.778900802135,
                0.0908678472042,
                0.00308641907759,
                7.32356056687e-06,
                5.05443997767e-09
            ]
        },
        "erbbands_crest": {
            "dmean": 2.70826101303,
            "dmean2": 4.33279323578,
            "dvar": 6.88206243515,
            "dvar2": 16.3560657501,
            "max": 30.6691493988,
            "mean": 10.2209501266,
            "median": 9.19633865356,
            "min": 2.10282921791,
            "var": 22.1404895782
        },
        "erbbands_flatness_db": {
            "dmean": 0.0219227429479,
            "dmean2": 0.0299181267619,
            "dvar": 0.000481912808027,
            "dvar2": 0.000861689040903,
            "max": 0.389544636011,
            "mean": 0.176289826632,
            "median": 0.173084288836,
            "min": 0.0554332099855,
            "var": 0.00317218643613
        },
        "erbbands_kurtosis": {
            "dmean": 1.17169594765,
            "dmean2": 1.87880027294,
            "dvar": 4.19712877274,
            "dvar2": 10.2895860672,
            "max": 87.0711975098,
            "mean": 0.968429803848,
            "median": 0.15068346262,
            "min": -1.89427506924,
            "var": 9.92036056519
        },
        "erbbands_skewness": {
            "dmean": 0.438924133778,
            "dmean2": 0.668562531471,
            "dvar": 0.204875811934,
            "dvar2": 0.441215664148,
            "max": 7.33555698395,
            "mean": 0.250416040421,
            "median": 0.248201131821,
            "min": -4.05938005447,
            "var": 0.725447535515
        },
        "erbbands_spread": {
            "dmean": 10.0192070007,
            "dmean2": 15.121468544,
            "dvar": 190.252548218,
            "dvar2": 422.977813721,
            "max": 186.555267334,
            "mean": 35.0097122192,
            "median": 29.7286720276,
            "min": 2.85463213921,
            "var": 540.86315918
        },
        "gfcc": {
            "cov": [
                [
                    22272.9121094,
                    242.25894165,
                    -1134.76953125,
                    283.949554443,
                    -802.728271484,
                    837.571105957,
                    -472.398193359,
                    467.142822266,
                    28.2709007263,
                    296.551086426,
                    -124.964561462,
                    -77.5794830322,
                    -256.502319336
                ],
                [
                    242.25894165,
                    2505.49951172,
                    64.5869598389,
                    -272.71975708,
                    599.627319336,
                    60.4337692261,
                    421.411437988,
                    29.7723426819,
                    245.792755127,
                    -79.7048873901,
                    218.314590454,
                    -125.852607727,
                    123.45514679
                ],
                [
                    -1134.76953125,
                    64.5869598389,
                    1493.18371582,
                    606.167236328,
                    168.534881592,
                    317.920166016,
                    216.759857178,
                    98.7618026733,
                    161.069274902,
                    96.6173706055,
                    26.9978427887,
                    146.453201294,
                    54.4929504395
                ],
                [
                    283.949554443,
                    -272.71975708,
                    606.167236328,
                    900.747924805,
                    152.31451416,
                    137.060546875,
                    150.020217896,
                    58.8062438965,
                    134.297561646,
                    83.6304397583,
                    -10.1416625977,
                    116.55241394,
                    52.354724884
                ],
                [
                    -802.728271484,
                    599.627319336,
                    168.534881592,
                    152.31451416,
                    493.678070068,
                    75.1028137207,
                    218.315338135,
                    71.0173034668,
                    140.853149414,
                    8.1047372818,
                    68.5112609863,
                    14.5026407242,
                    74.4226760864
                ],
                [
                    837.571105957,
                    60.4337692261,
                    317.920166016,
                    137.060546875,
                    75.1028137207,
                    431.907653809,
                    242.306488037,
                    66.4328079224,
                    116.46837616,
                    67.6141967773,
                    19.7893047333,
                    57.9243621826,
                    -18.168138504
                ],
                [
                    -472.398193359,
                    421.411437988,
                    216.759857178,
                    150.020217896,
                    218.315338135,
                    242.306488037,
                    520.350463867,
                    38.4614944458,
                    127.399261475,
                    63.6688575745,
                    87.5398101807,
                    54.3060150146,
                    29.6076564789
                ],
                [
                    467.142822266,
                    29.7723426819,
                    98.7618026733,
                    58.8062438965,
                    71.0173034668,
                    66.4328079224,
                    38.4614944458,
                    209.174087524,
                    80.6398010254,
                    31.8613491058,
                    41.4577789307,
                    29.9591789246,
                    17.7876014709
                ],
                [
                    28.2709007263,
                    245.792755127,
                    161.069274902,
                    134.297561646,
                    140.853149414,
                    116.46837616,
                    127.399261475,
                    80.6398010254,
                    223.363571167,
                    54.9739990234,
                    41.690322876,
                    35.5338478088,
                    35.1540260315
                ],
                [
                    296.551086426,
                    -79.7048873901,
                    96.6173706055,
                    83.6304397583,
                    8.1047372818,
                    67.6141967773,
                    63.6688575745,
                    31.8613491058,
                    54.9739990234,
                    138.942810059,
                    30.8245658875,
                    18.7977218628,
                    2.88619637489
                ],
                [
                    -124.964561462,
                    218.314590454,
                    26.9978427887,
                    -10.1416625977,
                    68.5112609863,
                    19.7893047333,
                    87.5398101807,
                    41.4577789307,
                    41.690322876,
                    30.8245658875,
                    132.350219727,
                    16.7924289703,
                    15.5922603607
                ],
                [
                    -77.5794830322,
                    -125.852607727,
                    146.453201294,
                    116.55241394,
                    14.5026407242,
                    57.9243621826,
                    54.3060150146,
                    29.9591789246,
                    35.5338478088,
                    18.7977218628,
                    16.7924289703,
                    129.601303101,
                    29.9675502777
                ],
                [
                    -256.502319336,
                    123.45514679,
                    54.4929504395,
                    52.354724884,
                    74.4226760864,
                    -18.168138504,
                    29.6076564789,
                    17.7876014709,
                    35.1540260315,
                    2.88619637489,
                    15.5922603607,
                    29.9675502777,
                    113.249320984
                ]
            ],
            "icov": [
                [
                    0.000119424301374,
                    -0.000257987296209,
                    0.000265377282631,
                    -0.000301920284983,
                    0.00035965940333,
                    -0.000487180717755,
                    0.000345656415448,
                    -0.000387215142837,
                    0.000286007096292,
                    -0.000407503277529,
                    0.000249071832513,
                    -0.000172053361894,
                    0.000152389970026
                ],
                [
                    -0.000257987296209,
                    0.00157027260866,
                    -0.000768917088863,
                    0.00115286640357,
                    -0.00151990563609,
                    0.00117261323612,
                    -0.00122343190014,
                    0.00121909321751,
                    -0.00149567471817,
                    0.0018354956992,
                    -0.00160442665219,
                    0.00164884293918,
                    -0.0009416914545
                ],
                [
                    0.000265377282631,
                    -0.000768917088863,
                    0.00170192192309,
                    -0.00133312214166,
                    0.00085007539019,
                    -0.0016960920766,
                    0.000966640305705,
                    -0.000986619386822,
                    0.000826429750305,
                    -0.00117005745415,
                    0.000664775492623,
                    -0.00102988840081,
                    0.000262444315013
                ],
                [
                    -0.000301920284983,
                    0.00115286640357,
                    -0.00133312214166,
                    0.0027754730545,
                    -0.00157185690477,
                    0.00156561785843,
                    -0.00126433197875,
                    0.00118714675773,
                    -0.00154424307402,
                    0.000870037009008,
                    -0.000314676668495,
                    0.000180897812243,
                    -0.000701369426679
                ],
                [
                    0.00035965940333,
                    -0.00151990563609,
                    0.00085007539019,
                    -0.00157185690477,
                    0.0048894318752,
                    -0.00128272094298,
                    0.000320375867886,
                    -0.00188231049106,
                    0.000243411268457,
                    -0.000874115561601,
                    0.000827190466225,
                    -0.000418045528932,
                    -0.000474460946862
                ],
                [
                    -0.000487180717755,
                    0.00117261323612,
                    -0.0016960920766,
                    0.00156561785843,
                    -0.00128272094298,
                    0.00617062440142,
                    -0.0031675491482,
                    0.000983231002465,
                    -0.00233553862199,
                    0.00114882003982,
                    -5.11841681146e-05,
                    0.000116075490951,
                    0.000889219925739
                ],
                [
                    0.000345656415448,
                    -0.00122343190014,
                    0.000966640305705,
                    -0.00126433197875,
                    0.000320375867886,
                    -0.0031675491482,
                    0.00475017586723,
                    -0.000520189467352,
                    0.00100659322925,
                    -0.00201732246205,
                    -0.000342284853105,
                    -0.00149007001892,
                    0.000537453859579
                ],
                [
                    -0.000387215142837,
                    0.00121909321751,
                    -0.000986619386822,
                    0.00118714675773,
                    -0.00188231049106,
                    0.000983231002465,
                    -0.000520189467352,
                    0.00743145961314,
                    -0.00276757404208,
                    0.00130675116088,
                    -0.00262283836491,
                    0.000371147529222,
                    -0.000827877898701
                ],
                [
                    0.000286007096292,
                    -0.00149567471817,
                    0.000826429750305,
                    -0.00154424307402,
                    0.000243411268457,
                    -0.00233553862199,
                    0.00100659322925,
                    -0.00276757404208,
                    0.00880196876824,
                    -0.00332024344243,
                    0.00109859835356,
                    -0.00163461477496,
                    -0.000134958900162
                ],
                [
                    -0.000407503277529,
                    0.0018354956992,
                    -0.00117005745415,
                    0.000870037009008,
                    -0.000874115561601,
                    0.00114882003982,
                    -0.00201732246205,
                    0.00130675116088,
                    -0.00332024344243,
                    0.0113796014339,
                    -0.00366243883036,
                    0.00217433599755,
                    -0.00101267790888
                ],
                [
                    0.000249071832513,
                    -0.00160442665219,
                    0.000664775492623,
                    -0.000314676668495,
                    0.000827190466225,
                    -5.11841681146e-05,
                    -0.000342284853105,
                    -0.00262283836491,
                    0.00109859835356,
                    -0.00366243883036,
                    0.0116420201957,
                    -0.00269547803327,
                    0.000951086520217
                ],
                [
                    -0.000172053361894,
                    0.00164884293918,
                    -0.00102988840081,
                    0.000180897812243,
                    -0.000418045528932,
                    0.000116075490951,
                    -0.00149007001892,
                    0.000371147529222,
                    -0.00163461477496,
                    0.00217433599755,
                    -0.00269547803327,
                    0.0120434062555,
                    -0.00351435109042
                ],
                [
                    0.000152389970026,
                    -0.0009416914545,
                    0.000262444315013,
                    -0.000701369426679,
                    -0.000474460946862,
                    0.000889219925739,
                    0.000537453859579,
                    -0.000827877898701,
                    -0.000134958900162,
                    -0.00101267790888,
                    0.000951086520217,
                    -0.00351435109042,
                    0.0117104193196
                ]
            ],
            "mean": [
                -43.1151695251,
                94.3933944702,
                -106.970710754,
                12.7510786057,
                -49.5383415222,
                13.3852329254,
                -48.1629447937,
                12.6772670746,
                -20.5521354675,
                -2.32557415962,
                -18.7521286011,
                -4.50237083435,
                -16.9730758667
            ]
        },
        "hfc": {
            "dmean": 8.88155174255,
            "dmean2": 12.7879419327,
            "dvar": 434.953674316,
            "dvar2": 886.856872559,
            "max": 357.297576904,
            "mean": 21.0112342834,
            "median": 13.2650279999,
            "min": 1.05847003947e-16,
            "var": 775.531921387
        },
        "melbands": {
            "dmean": [
                0.00129750184715,
                0.00153874210082,
                0.000717651681043,
                0.000282955908915,
                0.000228938850341,
                0.000147607497638,
                0.000161865711561,
                0.000226015166845,
                0.000163824137417,
                0.000118764182844,
                7.90951962699e-05,
                6.94599220878e-05,
                5.46011942788e-05,
                4.19769494329e-05,
                3.10451614496e-05,
                4.20851756644e-05,
                5.09235687787e-05,
                4.99450106872e-05,
                3.57386052201e-05,
                2.48700307566e-05,
                1.52304737639e-05,
                1.86250908882e-05,
                1.69338727574e-05,
                7.50374874769e-06,
                5.26843632542e-06,
                6.72271880831e-06,
                5.47869103684e-06,
                3.0342696391e-06,
