{
    "lowlevel": {
        "average_loudness": 0.927104234695,
        "barkbands": {
            "dmean": [
                0.00139630027115,
                0.0150006506592,
                0.00518885627389,
                0.0038490970619,
                0.00156430050265,
                0.00184182892554,
                0.00304969958961,
                0.000958403048571,
                0.00141393765807,
                0.000667563232128,
                0.000825636496302,
                0.000736534188036,
                0.000309006223688,
                0.000173391585122,
                0.000196990484255,
                0.000207321281778,
                0.000171189647517,
                0.000173588792677,
                0.000145990357851,
                0.000186420293176,
                0.000146882506669,
                0.000296258484013,
                0.00091245630756,
                0.00124170351774,
                0.00127987237647,
                0.000842611538246,
                7.9482968431e-05
            ],
            "dmean2": [
                0.00242953980342,
                0.023300068453,
                0.00716471346095,
                0.00696124881506,
                0.00276013254188,
                0.00305880652741,
                0.00501357018948,
                0.00152879033703,
                0.00218532793224,
                0.00108195014764,
                0.00139478512574,
                0.00109943002462,
                0.000487438053824,
                0.000284622365143,
                0.000323212851072,
                0.0003485979978,
                0.000284951704089,
                0.000283514993498,
                0.000231435857131,
                0.00030832918128,
                0.000225641197176,
                0.000479381473269,
                0.00149224966299,
                0.00194832903799,
                0.00208977307193,
                0.00146614818368,
                0.000141336655361
            ],
            "dvar": [
                2.15923664655e-05,
                0.00108070694841,
                0.000183415657375,
                0.00030696860631,
                1.51962785822e-05,
                1.14972535812e-05,
                2.6259374863e-05,
                3.21547122439e-06,
                6.42626582703e-06,
                2.92854997497e-06,
                6.95568724041e-06,
                4.65525545223e-06,
                5.33211391485e-07,
                1.19065973081e-07,
                1.43989936419e-07,
                1.76315793965e-07,
                2.58478877413e-07,
                3.20926517361e-07,
                1.91536784655e-07,
                3.86702737387e-07,
                1.11758431842e-07,
                3.60262077947e-07,
                3.15049305755e-06,
                5.95096298639e-06,
                6.38163373878e-06,
                4.45815658168e-06,
                4.83608850743e-08
            ],
            "dvar2": [
                5.75123813178e-05,
                0.00262336642481,
                0.00032902424573,
                0.000843641697429,
                4.28022103733e-05,
                3.09794158966e-05,
                6.99395750416e-05,
                7.91175079939e-06,
                1.4406673472e-05,
                7.65710683481e-06,
                1.83280717465e-05,
                9.25347558223e-06,
                1.27946600514e-06,
                3.03843648908e-07,
                3.32460018626e-07,
                4.57555245248e-07,
                6.95030564657e-07,
                7.88902241311e-07,
                4.51730187478e-07,
                1.05027027075e-06,
                2.30779576782e-07,
                8.45926649617e-07,
                7.27555288904e-06,
                1.28618803501e-05,
                1.58355087478e-05,
                1.17537238111e-05,
                1.30946133936e-07
            ],
            "max": [
                0.0882423147559,
                0.318830549717,
                0.170562043786,
                0.210133388638,
                0.0493200570345,
                0.0416894443333,
                0.0624851845205,
                0.0519802197814,
                0.0324345231056,
                0.0402444079518,
                0.0387505590916,
                0.0304827746004,
                0.016850374639,
                0.00677407113835,
                0.00655804714188,
                0.0072827283293,
                0.00897991843522,
                0.0131900683045,
                0.00845667626709,
                0.0123345302418,
                0.00564779248089,
                0.00907247886062,
                0.0282125584781,
                0.0509472303092,
                0.0492051169276,
                0.0151542210951,
                0.00277963443659
            ],
            "mean": [
                0.0020476905629,
                0.0278158914298,
                0.00926348008215,
                0.00256579229608,
                0.00175676983781,
                0.00318844011053,
                0.00482006836683,
                0.00160065281671,
                0.0020160456188,
                0.000786216114648,
                0.000917501980439,
                0.000988161074929,
                0.00040652664029,
                0.000227397555136,
                0.000268168951152,
                0.000254783197306,
                0.000209975463804,
                0.000235396524658,
                0.00020552802016,
                0.000252208556049,
                0.000225489711738,
                0.000364659324987,
                0.00107293925248,
                0.00199155020528,
                0.00185695430264,
                0.000585682981182,
                5.32038975507e-05
            ],
            "median": [
                0.000150016043335,
                0.0015096294228,
                0.000239360961132,
                0.00013033603318,
                0.000801942776889,
                0.00186303211376,
                0.00272399187088,
                0.000653705443256,
                0.000698680989444,
                0.00030512426747,
                0.000239769156906,
                0.000185888900887,
                0.000166778074345,
                8.5338127974e-05,
                0.000107810607005,
                7.72895436967e-05,
                6.26099863439e-05,
                6.17285841145e-05,
                6.79229633533e-05,
                6.84595725033e-05,
                5.0655551604e-05,
                4.5215470891e-05,
                8.98850994417e-05,
                0.000422257406171,
                0.000526662450284,
                9.09714253794e-06,
                6.75421347296e-07
            ],
            "min": [
                1.89699834743e-25,
                4.61180115321e-24,
                2.70776111287e-24,
                1.66715931e-24,
                6.60643397991e-24,
                9.84179473252e-24,
                8.80577029506e-24,
                6.76541942903e-24,
                1.7255672814e-23,
                1.60626753116e-23,
                1.88099654555e-23,
                2.03449404713e-23,
                2.87541440784e-23,
                4.32611635968e-23,
                3.69798554835e-23,
                4.08086455295e-23,
                6.7321086729e-23,
                1.18911895733e-22,
                1.43324414446e-22,
                2.03393849972e-22,
                2.41156848697e-22,
                3.20859618515e-22,
                4.41126221925e-22,
                6.08991834076e-22,
                9.30389165427e-22,
                1.286764867e-21,
                1.75434466216e-21
            ],
            "var": [
                3.48288449459e-05,
                0.00278131756932,
                0.000574313278776,
                0.000193104729988,
                1.17540757856e-05,
                1.61154202942e-05,
                3.89966953662e-05,
                6.34672505839e-06,
                1.06239322122e-05,
                3.18325805893e-06,
                6.36891536487e-06,
                8.92448497325e-06,
                6.76241370456e-07,
                1.60313959441e-07,
                2.07136594099e-07,
                2.18714987454e-07,
                2.5332414566e-07,
                5.12540339059e-07,
                2.62996678657e-07,
                4.43492638169e-07,
                2.50856430739e-07,
                6.47360877792e-07,
                5.20709727425e-06,
                1.40808097058e-05,
                9.53504058998e-06,
                3.17889202961e-06,
                3.19736948029e-08
            ]
        },
        "barkbands_crest": {
            "dmean": 2.85848522186,
            "dmean2": 4.59336042404,
            "dvar": 8.21008205414,
            "dvar2": 18.8490982056,
            "max": 26.0167446136,
            "mean": 11.7162036896,
            "median": 10.3621921539,
            "min": 2.46519207954,
            "var": 30.3140392303
        },
        "barkbands_flatness_db": {
            "dmean": 0.0299314148724,
            "dmean2": 0.045110758394,
            "dvar": 0.00086001312593,
            "dvar2": 0.0017585697351,
            "max": 0.459020346403,
            "mean": 0.170437946916,
            "median": 0.167498275638,
            "min": 0.0207026340067,
            "var": 0.00486406451091
        },
        "barkbands_kurtosis": {
            "dmean": 9.56102085114,
            "dmean2": 14.4408979416,
            "dvar": 381.638061523,
            "dvar2": 850.661376953,
            "max": 252.397293091,
            "mean": 12.6188879013,
            "median": 2.86125278473,
            "min": -1.9419952631,
            "var": 702.611633301
        },
        "barkbands_skewness": {
            "dmean": 1.10430979729,
            "dmean2": 1.62620973587,
            "dvar": 1.55475831032,
            "dvar2": 3.03327059746,
            "max": 13.8225250244,
            "mean": 2.00822234154,
            "median": 1.35371136665,
            "min": -3.30474209785,
            "var": 6.0365281105
        },
        "barkbands_spread": {
            "dmean": 12.7974710464,
            "dmean2": 19.8781471252,
            "dvar": 260.25177002,
            "dvar2": 554.408447266,
            "max": 122.811592102,
            "mean": 31.2092037201,
            "median": 21.6588573456,
            "min": 0.60908728838,
            "var": 676.772094727
        },
        "dissonance": {
            "dmean": 0.029399421066,
            "dmean2": 0.0483750365674,
            "dvar": 0.000750561244786,
            "dvar2": 0.00195062521379,
            "max": 0.499999940395,
            "mean": 0.440942078829,
            "median": 0.450010716915,
            "min": 0.19890730083,
            "var": 0.00171275273897
        },
        "dynamic_complexity": 1.75729072094,
        "erbbands": {
            "dmean": [
                0.478411406279,
                3.16915774345,
                6.32469987869,
                9.57753562927,
                7.44483566284,
                5.05553674698,
                10.294547081,
                16.1379299164,
                36.594291687,
                37.3092079163,
                17.3443145752,
                36.8400192261,
                20.288848877,
                28.3834381104,
                24.4490623474,
                33.346950531,
                13.9595060349,
                9.08588027954,
                9.86762809753,
                10.6797294617,
                9.26190853119,
                8.98103237152,
                10.4873762131,
                8.23904514313,
                7.2653875351,
                8.18934726715,
                6.78064584732,
                6.10435962677,
                10.7790603638,
                17.622013092,
                25.1358470917,
                28.71534729,
                20.9196510315,
                21.5914573669,
                4.93707752228,
                3.84774470329,
                1.5044144392,
                0.270432263613,
                0.00787101779133,
                0.000224344679737
            ],
            "dmean2": [
                0.743884384632,
                4.9381480217,
                9.10539340973,
                15.9072036743,
                13.6878261566,
                8.65864849091,
                17.6697807312,
                26.6743927002,
                60.2074432373,
                61.3320007324,
                27.4980697632,
                56.8475151062,
                31.8180770874,
                44.3196601868,
                39.8126754761,
                49.0990142822,
                21.6133422852,
                14.2877721786,
                16.3900089264,
                17.3136901855,
                15.4899511337,
                14.87803936,
                17.3733901978,
                13.2916431427,
                11.7032222748,
                13.3303232193,
                10.7882890701,
                9.22674846649,
                17.4295730591,
                29.3195743561,
                40.8575134277,
                46.134979248,
                32.8913040161,
                34.62707901,
                8.37400531769,
                6.67900466919,
                2.61132311821,
                0.471543490887,
                0.0137605657801,
                0.000387852021959
            ],
            "dvar": [
                1.58715927601,
                51.8377037048,
                290.580322266,
                1433.58813477,
                1085.24621582,
                89.6547012329,
                438.754211426,
                894.967102051,
                3157.69189453,
                4382.45849609,
                870.363708496,
                3941.63671875,
                1847.19958496,
                6262.13085938,
                4262.45068359,
                11118.0166016,
                943.845458984,
                232.187850952,
                318.28338623,
                548.677856445,
                351.545349121,
                695.445007324,
                1223.3347168,
                822.888122559,
                581.552124023,
                624.300170898,
                280.961669922,
                193.078674316,
                509.732452393,
                1193.89355469,
                2554.82275391,
                3390.92578125,
                1671.76586914,
                2209.82397461,
                103.473510742,
                91.4554748535,
                14.3123579025,
                0.481820225716,
                0.000439394614659,
                2.44520293791e-07
            ],
            "dvar2": [
                3.59294772148,
                127.736747742,
                554.912231445,
                3621.36108398,
                3086.26953125,
                232.376815796,
                1179.51879883,
                2386.06640625,
                8542.00976563,
                10971.9082031,
                2091.93212891,
                8605.86035156,
                4146.78076172,
                14189.5742188,
                10853.9248047,
                22301.5878906,
                2209.49731445,
                539.172912598,
                809.684387207,
                1326.67370605,
                924.570861816,
                1856.72009277,
                3098.43847656,
                2109.36035156,
                1450.78930664,
                1647.25891113,
                705.39654541,
                373.237548828,
                1219.82775879,
                3090.78930664,
                5777.12695313,
                7199.50097656,
                3875.96630859,
                5324.640625,
                269.339447021,
                240.200424194,
                37.7286911011,
                1.28084301949,
                0.00116715114564,
                6.45905060992e-07
            ],
            "max": [
                15.3230829239,
                81.9520339966,
                230.240112305,
                442.650756836,
                384.732208252,
                225.839370728,
                437.238922119,
                457.02041626,
                748.443847656,
                1256.92370605,
                639.264465332,
                982.955200195,
                1255.17431641,
                1483.87805176,
                1423.60717773,
                1528.65966797,
                665.440368652,
                296.876098633,
                262.597290039,
                500.402648926,
                398.068237305,
                463.472137451,
                798.055908203,
                567.477478027,
                522.549438477,
                440.24307251,
                263.242675781,
                322.409851074,
                418.97869873,
                542.96307373,
                767.292236328,
                901.387695313,
                942.449523926,
                966.449768066,
                79.1147918701,
                69.5442733765,
                28.0186481476,
                6.37057209015,
                0.217288315296,
                0.0041892924346
            ],
            "mean": [
                0.949508309364,
                5.50997066498,
                12.4620084763,
                8.70066928864,
                5.33628892899,
                6.28313493729,
                13.8566017151,
                29.0242156982,
                63.9802513123,
                58.7419776917,
                29.2265777588,
                54.5723457336,
                28.3880996704,
                37.4519767761,
                34.1153297424,
                42.7622756958,
                19.917175293,
                13.5432300568,
                13.8422613144,
                13.8289031982,
                12.3930311203,
                11.4490041733,
                13.8999900818,
                11.0839624405,
                10.5634555817,
                11.6547050476,
                10.3037729263,
                8.71157646179,
                12.9291067123,
                19.8338165283,
                30.8770618439,
                41.8736381531,
                33.895690918,
                34.6831550598,
                4.93403291702,
                2.73188138008,
                1.04737484455,
                0.188295587897,
                0.00555642601103,
                0.000239603148657
            ],
            "median": [
                0.0713223367929,
                0.234653785825,
                0.32024949789,
                0.414549022913,
                1.03006887436,
                2.91680145264,
                6.82201480865,
                18.0226268768,
                39.6518707275,
                29.3183879852,
                14.7167377472,
                20.3818397522,
                13.2024402618,
                11.8157691956,
                10.4493770599,
                8.80916881561,
                8.72347831726,
                6.69846916199,
                6.54331827164,
                5.64927482605,
                4.68160104752,
                3.63809633255,
                3.92327308655,
                3.03871321678,
                3.42576122284,
                3.49097037315,
                2.49006223679,
                1.82205593586,
                1.56727766991,
                1.93810248375,
                2.73012971878,
                5.15461874008,
                8.89575576782,
                9.17288589478,
                1.00080633163,
                0.0903466939926,
                0.0206126123667,
                0.00411407835782,
                0.00024735997431,
                0.000121054923511
            ],
            "min": [
                5.74306957981e-23,
                6.99376815536e-22,
                4.55928140369e-21,
                7.8634713242e-21,
                1.12355805278e-20,
                2.27523604586e-20,
                6.16167226032e-20,
                7.73986242947e-20,
                1.47929840048e-19,
                1.74293856853e-19,
                2.3409821381e-19,
                4.29377048267e-19,
                8.69788168918e-19,
                9.28694698867e-19,
                1.17194897488e-18,
                1.21109529737e-18,
                1.3808139407e-18,
                2.79393734934e-18,
                3.28428174465e-18,
                2.68589349927e-18,
                3.30239824084e-18,
                4.92053681333e-18,
                6.03729764191e-18,
                5.90297136864e-18,
                9.68512692014e-18,
                9.30467429638e-18,
                8.68633280026e-18,
                1.10578819503e-17,
                1.05459473138e-17,
                1.08532738627e-17,
                1.27783853644e-17,
                1.04691990151e-17,
                1.02115140563e-17,
                8.28719003056e-18,
                6.72438611874e-18,
                4.26352379639e-18,
                2.57605384009e-18,
                9.21023839457e-19,
                2.4620206337e-19,
                2.63067733222e-20
            ],
            "var": [
                5.08486127853,
                119.562423706,
                981.114379883,
                1168.50671387,
                632.025878906,
                111.434417725,
                509.755950928,
                1278.81140137,
                5196.77832031,
                6934.09423828,
                1663.58508301,
                7198.68554688,
                2619.12329102,
                9113.64746094,
                5580.36181641,
                18261.9804688,
                1365.33862305,
                423.56741333,
                429.874603271,
                618.095275879,
                437.505065918,
                703.565795898,
                1707.86450195,
                987.68371582,
                742.552307129,
                819.528442383,
                540.711486816,
                400.715667725,
                849.351013184,
                1806.515625,
                4421.32568359,
                7750.16308594,
                3368.35473633,
                3690.20043945,
                90.2695007324,
                65.9264373779,
                10.1996088028,
                0.337262690067,
                0.00030580026214,
                1.79275588152e-07
            ]
        },
        "erbbands_crest": {
            "dmean": 3.2956609726,
            "dmean2": 5.41885519028,
            "dvar": 9.2948551178,
            "dvar2": 24.0212249756,
            "max": 31.1799755096,
            "mean": 10.2860450745,
            "median": 9.41894054413,
            "min": 2.51256227493,
            "var": 20.1381244659
        },
        "erbbands_flatness_db": {
            "dmean": 0.0229405332357,
            "dmean2": 0.0340917445719,
            "dvar": 0.000501158181578,
            "dvar2": 0.00104214670137,
            "max": 0.377957224846,
            "mean": 0.159364923835,
            "median": 0.151394963264,
            "min": 0.0536224581301,
            "var": 0.00242941500619
        },
        "erbbands_kurtosis": {
            "dmean": 2.04664850235,
            "dmean2": 3.26354312897,
            "dvar": 8.69260406494,
            "dvar2": 21.6326084137,
            "max": 89.0232620239,
            "mean": 1.52381026745,
            "median": 0.37191221118,
            "min": -1.93634271622,
            "var": 14.348069191
        },
        "erbbands_skewness": {
            "dmean": 0.671052098274,
            "dmean2": 1.03147172928,
            "dvar": 0.46787545085,
            "dvar2": 1.04885208607,
            "max": 7.89913797379,
            "mean": 0.65848493576,
            "median": 0.783390283585,
            "min": -4.36571931839,
            "var": 1.34105813503
        },
        "erbbands_spread": {
            "dmean": 19.3339366913,
            "dmean2": 29.6562404633,
            "dvar": 443.306671143,
            "dvar2": 927.063720703,
            "max": 203.504302979,
            "mean": 56.4538345337,
            "median": 48.562877655,
            "min": 2.13005542755,
            "var": 1129.73571777
        },
        "gfcc": {
            "cov": [
                [
                    12954.4716797,
                    -1468.93884277,
                    -53.5472145081,
                    87.7125091553,
                    -667.27166748,
                    411.311981201,
                    -481.079284668,
                    342.468017578,
                    -315.555755615,
                    321.615325928,
                    -284.753265381,
                    327.255096436,
                    -261.765106201
                ],
                [
                    -1468.93884277,
                    2813.93579102,
                    -801.594177246,
                    72.1126480103,
                    406.935577393,
                    -180.3802948,
                    279.314910889,
                    -79.6515579224,
                    185.646774292,
                    -217.417297363,
                    327.977783203,
                    -413.254760742,
                    295.867950439
                ],
                [
                    -53.5472145081,
                    -801.594177246,
                    1467.94519043,
                    16.1483020782,
                    331.503265381,
                    312.487182617,
                    117.754592896,
                    56.8766517639,
                    -76.0751800537,
                    125.26700592,
                    -301.782684326,
                    187.220840454,
                    -361.961730957
                ],
                [
                    87.7125091553,
                    72.1126480103,
                    16.1483020782,
                    558.923461914,
                    25.3158760071,
                    0.510718166828,
                    43.3798828125,
                    -68.8165435791,
                    134.685028076,
                    -65.2109146118,
                    19.9803218842,
                    -48.8314476013,
                    -26.8364391327
                ],
                [
                    -667.27166748,
                    406.935577393,
                    331.503265381,
                    25.3158760071,
                    668.015197754,
                    -14.7770633698,
                    214.874954224,
                    17.3114280701,
                    -5.58966350555,
                    97.7969818115,
                    -149.095611572,
                    28.013004303,
                    -141.720443726
                ],
                [
                    411.311981201,
                    -180.3802948,
                    312.487182617,
                    0.510718166828,
                    -14.7770633698,
                    399.773590088,
                    45.6818122864,
                    74.8343963623,
                    -37.5838851929,
                    3.58749389648,
                    41.8074226379,
                    -27.2537765503,
                    -18.0318565369
                ],
                [
                    -481.079284668,
                    279.314910889,
                    117.754592896,
                    43.3798828125,
                    214.874954224,
                    45.6818122864,
                    333.609375,
                    -27.791349411,
                    15.4708957672,
                    6.87450408936,
                    -45.4231987,
                    33.2296867371,
                    -74.8706130981
                ],
                [
                    342.468017578,
                    -79.6515579224,
                    56.8766517639,
                    -68.8165435791,
                    17.3114280701,
                    74.8343963623,
                    -27.791349411,
                    200.395568848,
                    -53.1334342957,
                    29.9590549469,
                    30.6041755676,
                    -29.5099220276,
                    48.0255126953
                ],
                [
                    -315.555755615,
                    185.646774292,
                    -76.0751800537,
                    134.685028076,
                    -5.58966350555,
                    -37.5838851929,
                    15.4708957672,
                    -53.1334342957,
                    196.885147095,
                    -4.6749548912,
                    46.4640884399,
                    -0.985918104649,
                    7.7872595787
                ],
                [
                    321.615325928,
                    -217.417297363,
                    125.26700592,
                    -65.2109146118,
                    97.7969818115,
                    3.58749389648,
                    6.87450408936,
                    29.9590549469,
                    -4.6749548912,
                    151.645797729,
                    -42.9021072388,
                    80.9901504517,
                    -69.7444610596
                ],
                [
                    -284.753265381,
                    327.977783203,
                    -301.782684326,
                    19.9803218842,
                    -149.095611572,
                    41.8074226379,
                    -45.4231987,
                    30.6041755676,
                    46.4640884399,
                    -42.9021072388,
                    262.751068115,
                    -107.622711182,
                    162.797119141
                ],
                [
                    327.255096436,
                    -413.254760742,
                    187.220840454,
                    -48.8314476013,
                    28.013004303,
                    -27.2537765503,
                    33.2296867371,
                    -29.5099220276,
                    -0.985918104649,
                    80.9901504517,
                    -107.622711182,
                    202.81048584,
                    -110.083732605
                ],
                [
                    -261.765106201,
                    295.867950439,
                    -361.961730957,
                    -26.8364391327,
                    -141.720443726,
                    -18.0318565369,
                    -74.8706130981,
                    48.0255126953,
                    7.7872595787,
                    -69.7444610596,
                    162.797119141,
                    -110.083732605,
                    231.602294922
                ]
            ],
            "icov": [
                [
                    0.000171239837073,
                    -0.000229499943089,
                    0.00021428889886,
                    -0.000315017212415,
                    0.000410854525398,
                    -0.000417246454163,
                    0.000369291636162,
                    -0.000445665005827,
                    0.000417959061451,
                    -0.000552512006834,
                    0.00051477807574,
                    -0.000531457539182,
                    0.000420951168053
                ],
                [
                    -0.000229499943089,
                    0.00158371939324,
                    -3.0095467082e-05,
                    0.000966689607594,
                    -0.0017592679942,
                    0.00100514676888,
                    -0.00132949999534,
                    0.00111006118823,
                    -0.0014871150488,
                    0.00190212926827,
                    -0.00173425523099,
                    0.00245845899917,
                    -0.00086543825455
                ],
                [
                    0.00021428889886,
                    -3.0095467082e-05,
                    0.00203352002427,
                    -0.00037429475924,
                    -0.000197059373022,
                    -0.0017552676145,
                    0.000697537034284,
                    -0.00107756606303,
                    0.000358386751032,
                    -7.89295518189e-05,
                    0.00114818662405,
                    -0.000958536227699,
                    0.00230857171118
                ],
                [
                    -0.000315017212415,
                    0.000966689607594,
                    -0.00037429475924,
                    0.0032562748529,
                    -0.00137215980794,
                    0.00092031317763,
                    -0.00108317355625,
                    0.00124756607693,
                    -0.00278897583485,
                    0.00260537746362,
                    -0.0015412241919,
                    0.00235734204762,
                    -9.3291659141e-05
                ],
                [
                    0.000410854525398,
                    -0.0017592679942,
                    -0.000197059373022,
                    -0.00137215980794,
                    0.00487545086071,
                    -0.000697154435329,
                    -1.77929832716e-05,
                    -0.00186157005373,
                    0.00174910307396,
                    -0.0043379990384,
                    0.00328373070806,
                    -0.00124927633442,
                    0.00128702656366
                ],
                [
                    -0.000417246454163,
                    0.00100514676888,
                    -0.0017552676145,
                    0.00092031317763,
                    -0.000697154435329,
                    0.00528589542955,
                    -0.00214121118188,
                    0.000447716884082,
                    -0.000793508486822,
                    0.00153990834951,
                    -0.00321634928696,
                    0.0028777893167,
                    -0.00107324356213
                ],
                [
                    0.000369291636162,
                    -0.00132949999534,
                    0.000697537034284,
                    -0.00108317355625,
                    -1.77929832716e-05,
                    -0.00214121118188,
                    0.00573029229417,
                    -0.000958001764957,
                    0.00132709287573,
                    -0.000442277669208,
                    0.00124869670253,
                    -0.0035195092205,
                    0.00222553452477
                ],
                [
                    -0.000445665005827,
                    0.00111006118823,
                    -0.00107756606303,
                    0.00124756607693,
                    -0.00186157005373,
                    0.000447716884082,
                    -0.000958001764957,
                    0.00855839904398,
                    -2.60735560005e-05,
                    -0.000502237002365,
                    -0.0017854901962,
                    0.0030171291437,
                    -0.00411119125783
                ],
                [
                    0.000417959061451,
                    -0.0014871150488,
                    0.000358386751032,
                    -0.00278897583485,
                    0.00174910307396,
                    -0.000793508486822,
                    0.00132709287573,
                    -2.60735560005e-05,
                    0.00881146732718,
                    -0.00307074701414,
                    0.000161190939252,
                    -0.00329732336104,
                    0.00115047511645
                ],
                [
                    -0.000552512006834,
                    0.00190212926827,
                    -7.89295518189e-05,
                    0.00260537746362,
                    -0.0043379990384,
                    0.00153990834951,
                    -0.000442277669208,
                    -0.000502237002365,
                    -0.00307074701414,
                    0.0145219061524,
                    -0.00458143651485,
                    -0.00101388839539,
                    0.00176552764606
                ],
                [
                    0.00051477807574,
                    -0.00173425523099,
                    0.00114818662405,
                    -0.0015412241919,
                    0.00328373070806,
                    -0.00321634928696,
                    0.00124869670253,
                    -0.0017854901962,
                    0.000161190939252,
                    -0.00458143651485,
                    0.0114252576604,
                    -0.000799348461442,
                    -0.00284999096766
                ],
                [
                    -0.000531457539182,
                    0.00245845899917,
                    -0.000958536227699,
                    0.00235734204762,
                    -0.00124927633442,
                    0.0028777893167,
                    -0.0035195092205,
                    0.0030171291437,
                    -0.00329732336104,
                    -0.00101388839539,
                    -0.000799348461442,
                    0.013535130769,
                    -0.000469152379083
                ],
                [
                    0.000420951168053,
                    -0.00086543825455,
                    0.00230857171118,
                    -9.3291659141e-05,
                    0.00128702656366,
                    -0.00107324356213,
                    0.00222553452477,
                    -0.00411119125783,
                    0.00115047511645,
                    0.00176552764606,
                    -0.00284999096766,
                    -0.000469152379083,
                    0.0140455104411
                ]
            ],
            "mean": [
                18.7556915283,
                71.027671814,
                -90.3591156006,
                20.499250412,
                -78.1030960083,
                27.6608371735,
                -43.7956123352,
                22.3227901459,
                -12.6931085587,
                8.8639793396,
                4.5171751976,
                -1.60200512409,
                0.629304528236
            ]
        },
        "hfc": {
            "dmean": 43.3206863403,
            "dmean2": 71.3416748047,
            "dvar": 4647.22851563,
            "dvar2": 11574.7207031,
            "max": 665.356994629,
            "mean": 72.3246536255,
            "median": 37.2636871338,
            "min": 1.08911317687e-16,
            "var": 7033.45996094
        },
        "melbands": {
            "dmean": [
                0.00415654247627,
                0.00345530291088,
                0.00156147789676,
                0.000392119720345,
                0.000327573594404,
                0.000361882295692,
                0.000604558561463,
                0.000363468978321,
                0.000134804096888,
                0.000247446616413,
                9.96301751002e-05,
                0.000112697882287,
                9.15961209103e-05,
                9.20378151932e-05,
                4.76519890071e-05,
                3.12195224978e-05,
                1.65045621543e-05,
                1.62936175911e-05,
                1.46856918946e-05,
                1.7132024368e-05,
                1.00540273706e-05,
                9.55577252171e-06,
                9.86300346995e-06,
                9.15343571251e-06,
                6.82296195009e-06,
                5.34546188646e-06,
                6.29547730568e-06,
                5.57743987883e-06,
                4.63215883428e-06,
                3.71822170564e-06,
