{
    "lowlevel": {
        "average_loudness": 0.76325160265,
        "barkbands": {
            "dmean": [
                0.00106629310176,
                0.00498405564576,
                0.00189995905384,
                0.00128444028087,
                0.00201565027237,
                0.00151492329314,
                0.00119098520372,
                0.000776809174567,
                0.000849063799251,
                0.00104570831172,
                0.000497899542097,
                0.000388427084545,
                0.000367412896594,
                0.000378424039809,
                0.000270538934274,
                0.000516592990607,
                0.000265555165242,
                0.00017786603712,
                0.000195754793822,
                0.000127511433675,
                0.000132760425913,
                0.000118779964396,
                0.000119412194181,
                0.000172047351953,
                0.000257409148617,
                0.000101263140095,
                3.22960404446e-05
            ],
            "dmean2": [
                0.00123348913621,
                0.0066520399414,
                0.00347724650055,
                0.00230540614575,
                0.00353962392546,
                0.00252194423229,
                0.00184666737914,
                0.0012673336314,
                0.00130275497213,
                0.00153321248945,
                0.000750896171667,
                0.00060611468507,
                0.000575514568482,
                0.000599318707827,
                0.000429654901382,
                0.000846785551403,
                0.000424904894317,
                0.000290578405838,
                0.000319497572491,
                0.000214605621295,
                0.000223713068408,
                0.00019926216919,
                0.000192809384316,
                0.000270673655905,
                0.000399151467718,
                0.000161407893756,
                5.40928485862e-05
            ],
            "dvar": [
                8.26044470159e-06,
                0.000208512065001,
                8.34283782751e-05,
                1.92243460333e-05,
                2.74881822406e-05,
                1.23016625366e-05,
                5.59795853405e-06,
                3.87167983718e-06,
                3.85085741073e-06,
                5.51241373614e-06,
                1.40459997056e-06,
                1.19317098779e-06,
                1.16823878216e-06,
                1.0212467032e-06,
                5.64716344797e-07,
                2.05970923162e-06,
                3.30331886289e-07,
                1.3407246513e-07,
                1.24272474977e-07,
                1.15766134456e-07,
                2.20916192006e-07,
                9.55062375851e-08,
                1.13439398319e-07,
                2.35294251638e-07,
                4.29507366562e-07,
                6.14819128941e-08,
                2.09171506782e-08
            ],
            "dvar2": [
                9.79438027571e-06,
                0.000378934433684,
                0.00024245219538,
                5.68975192436e-05,
                7.93146391516e-05,
                3.31294249918e-05,
                1.24079424495e-05,
                9.87643943517e-06,
                8.85634290171e-06,
                1.1438315596e-05,
                3.12091447086e-06,
                2.78036895907e-06,
                2.80273116005e-06,
                2.40000235863e-06,
                1.25453152577e-06,
                5.37094183528e-06,
                7.95634832684e-07,
                3.43756340726e-07,
                3.2585822396e-07,
                3.15279805818e-07,
                6.2242520471e-07,
                2.50021827242e-07,
                2.91922788165e-07,
                5.62346372135e-07,
                1.04773323528e-06,
                1.56551848818e-07,
                5.92223088347e-08
            ],
            "max": [
                0.0568760931492,
                0.182974308729,
                0.103105723858,
                0.0652269721031,
                0.0557060427964,
                0.067865729332,
                0.0378588214517,
                0.0272562131286,
                0.056697614491,
                0.0475957915187,
                0.0214075315744,
                0.0292225945741,
                0.017685316503,
                0.0191944390535,
                0.0168543122709,
                0.0324535481632,
                0.0141452774405,
                0.00764613877982,
                0.00474908668548,
                0.00585757521912,
                0.00931698735803,
                0.00514541938901,
                0.00513791060075,
                0.0109992483631,
                0.0138657810166,
                0.00336705683731,
                0.00295042223297
            ],
            "mean": [
                0.00277438643388,
                0.0113787595183,
                0.00152630242519,
                0.00148399244063,
                0.00331172905862,
                0.00220775324851,
                0.00205421308056,
                0.00108925986569,
                0.00151707802434,
                0.00187938299496,
                0.000862451503053,
                0.000517826876603,
                0.000503674207721,
                0.000544161128346,
                0.000386061670724,
                0.000653096765745,
                0.000408393796533,
                0.000275457306998,
                0.000309694965836,
                0.000179878319614,
                0.000191718092537,
                0.000158652517712,
                0.000156221736688,
                0.000259148480836,
                0.000425626232754,
                0.000148832245031,
                4.46299709438e-05
            ],
            "median": [
                4.78468573419e-05,
                0.000573488185182,
                0.000243088099523,
                0.000578099687118,
                0.00104987551458,
                0.000740834162571,
                0.000491376616992,
                0.000117041017802,
                0.00023488541774,
                0.000280508364085,
                0.000120479846373,
                0.000105305050965,
                9.09012233024e-05,
                9.02846004465e-05,
                8.79989747773e-05,
                0.000141634809552,
                0.000120988530398,
                9.84619473456e-05,
                0.000116221330245,
                6.50764850434e-05,
                7.20750249457e-05,
                4.01350880566e-05,
                2.49216645898e-05,
                7.11831380613e-05,
                0.00015754213382,
                2.80811109405e-05,
                1.27686405449e-06
            ],
            "min": [
                7.24649520802e-23,
                8.71522168491e-24,
                8.12633544144e-24,
                3.33342641832e-23,
                4.3965203022e-23,
                6.5406407716e-23,
                2.93079307447e-23,
                5.38088018794e-23,
                1.0333384923e-22,
                5.12687202517e-23,
                1.25326294147e-22,
                1.53239108604e-22,
                1.89379123835e-22,
                1.01579959002e-22,
                1.53893067983e-22,
                1.73957221304e-22,
                2.5280414646e-22,
                1.85793542761e-22,
                1.8740034514e-22,
                2.73972679804e-22,
                3.92740927122e-22,
                4.96568527547e-22,
                6.32081351009e-22,
                8.81379118031e-22,
                1.08989244809e-21,
                1.72201514803e-21,
                2.41370232416e-21
            ],
            "var": [
                4.78694346384e-05,
                0.000664416467771,
                4.8647812946e-05,
                1.28431120174e-05,
                3.10043651552e-05,
                1.48964545588e-05,
                1.33615440063e-05,
                7.25294557924e-06,
                1.03617394416e-05,
                1.62026899488e-05,
                3.64896686733e-06,
                1.86663839941e-06,
                1.90946821021e-06,
                1.77656693268e-06,
                1.09647862701e-06,
                2.37889958044e-06,
                6.22576521891e-07,
                2.26571430062e-07,
                2.07341372516e-07,
                1.18602287102e-07,
                1.79631712172e-07,
                1.04717912564e-07,
                1.37790053145e-07,
                3.80300917868e-07,
                6.81916276335e-07,
                8.88678783895e-08,
                2.26123884062e-08
            ]
        },
        "barkbands_crest": {
            "dmean": 2.69512605667,
            "dmean2": 4.22549295425,
            "dvar": 6.78443241119,
            "dvar2": 16.8263034821,
            "max": 26.0018291473,
            "mean": 11.370798111,
            "median": 10.5050067902,
            "min": 1.82752430439,
            "var": 28.5133132935
        },
        "barkbands_flatness_db": {
            "dmean": 0.0234698690474,
            "dmean2": 0.0354187376797,
            "dvar": 0.00066627986962,
            "dvar2": 0.00145572924521,
            "max": 0.548680365086,
            "mean": 0.148203000426,
            "median": 0.136350736022,
            "min": 0.0155733879656,
            "var": 0.0058238953352
        },
        "barkbands_kurtosis": {
            "dmean": 6.0736117363,
            "dmean2": 9.84247398376,
            "dvar": 1652.67871094,
            "dvar2": 4817.75830078,
            "max": 2644.44287109,
            "mean": 12.7598581314,
            "median": 2.1841711998,
            "min": -1.94391620159,
            "var": 1674.88977051
        },
        "barkbands_skewness": {
            "dmean": 0.685181379318,
            "dmean2": 1.03474903107,
            "dvar": 0.955626964569,
            "dvar2": 2.21689987183,
            "max": 38.8253326416,
            "mean": 1.81457853317,
            "median": 1.38032901287,
            "min": -8.62617588043,
            "var": 4.79749107361
        },
        "barkbands_spread": {
            "dmean": 6.77405166626,
            "dmean2": 10.6624689102,
            "dvar": 103.730079651,
            "dvar2": 233.139633179,
            "max": 118.966621399,
            "mean": 23.5513973236,
            "median": 20.5496387482,
            "min": 0.107727564871,
            "var": 313.122161865
        },
        "dissonance": {
            "dmean": 0.0241064950824,
            "dmean2": 0.0401463247836,
            "dvar": 0.000581506930757,
            "dvar2": 0.00153492460959,
            "max": 0.500000059605,
            "mean": 0.448639333248,
            "median": 0.456802040339,
            "min": 0.213727578521,
            "var": 0.00157648243476
        },
        "dynamic_complexity": 3.24888110161,
        "erbbands": {
            "dmean": [
                0.238413840532,
                1.0299577713,
                2.1354970932,
                3.3274474144,
                5.40176010132,
                7.78612470627,
                8.24509906769,
                14.4636192322,
                17.9587116241,
                15.6744890213,
                14.9828882217,
                20.0610637665,
                29.5633983612,
                21.8503303528,
                17.4215736389,
                14.2513999939,
                16.1876316071,
                15.6939315796,
                15.5744924545,
                21.0872554779,
                21.3374443054,
                14.1194858551,
                9.8916759491,
                11.4570827484,
                6.70104312897,
                5.69913434982,
                5.78218650818,
                4.96989250183,
                4.39215326309,
                3.78776335716,
                3.27933883667,
                3.29432225227,
                3.06605362892,
                2.86294126511,
                1.93366646767,
                0.615261375904,
                0.148917779326,
                0.0330287925899,
                0.00493217399344,
                0.00035551993642
            ],
            "dmean2": [
                0.295138865709,
                1.47074306011,
                3.74042153358,
                5.99400949478,
                9.52250957489,
                13.5598239899,
                13.5443372726,
                23.963968277,
                28.0701465607,
                24.7128047943,
                24.7791996002,
                29.9999198914,
                43.6197662354,
                33.0036125183,
                26.1483421326,
                21.8693809509,
                25.1562328339,
                24.7341384888,
                24.7148170471,
                34.522480011,
                34.4000892639,
                22.5723743439,
                15.9435882568,
                18.472026825,
                11.0147533417,
                9.54441833496,
                9.75133991241,
                8.35077953339,
                7.37960147858,
                6.29281711578,
                5.21836328506,
                5.25664424896,
                4.73206043243,
                4.42606592178,
                3.05842375755,
                0.984538078308,
                0.235312581062,
                0.0538500510156,
                0.0081745814532,
                0.000597582664341
            ],
            "dvar": [
                0.440063774586,
                12.1179990768,
                97.9347000122,
                163.433029175,
                245.121322632,
                399.486663818,
                350.099212646,
                1308.69299316,
                1425.94104004,
                1147.9230957,
                1913.33276367,
                2262.1940918,
                5016.82128906,
                2108.97949219,
                1966.54956055,
                1408.5826416,
                2108.5,
                1934.64440918,
                1520.04150391,
                3189.28027344,
                3262.09765625,
                876.750671387,
                432.038757324,
                455.298461914,
                180.032653809,
                243.41192627,
                344.269683838,
                249.431625366,
                136.225021362,
                121.936134338,
                82.4918518066,
                93.6382751465,
                73.3013076782,
                60.8465957642,
                24.5512523651,
                2.21223855019,
                0.139371678233,
                0.0156277641654,
                0.000450717081549,
                1.98409156837e-06
            ],
            "dvar2": [
                0.662506699562,
                25.9521312714,
                273.032928467,
                479.220794678,
                717.93572998,
                1145.94995117,
                931.291625977,
                3576.21533203,
                3154.84033203,
                2751.02294922,
                5211.31201172,
                4975.46923828,
                11157.9228516,
                4711.70361328,
                4271.16650391,
                3265.38183594,
                5073.15087891,
                4467.70361328,
                3666.36303711,
                8490.63476562,
                8346.27539062,
                2133.10644531,
                1106.14196777,
                1194.55444336,
                473.813140869,
                658.798522949,
                958.594299316,
                693.258361816,
                363.396728516,
                316.344146729,
                207.396270752,
                231.068222046,
                169.18460083,
                149.496032715,
                60.00207901,
                5.55345582962,
                0.350484371185,
                0.0426979698241,
                0.00126318831462,
                5.62932882531e-06
            ],
            "max": [
                9.63129615784,
                44.7370834351,
                115.807022095,
                186.00138855,
                196.505844116,
                324.008453369,
                347.39276123,
                740.236694336,
                631.62487793,
                586.83996582,
                720.518493652,
                1167.12304688,
                2122.75195312,
                974.921508789,
                1138.15222168,
                973.632080078,
                831.252746582,
                1048.6348877,
                779.16809082,
                1310.34729004,
                1243.0032959,
                590.998779297,
                495.784240723,
                307.73626709,
                184.707015991,
                293.126281738,
                331.726867676,
                306.485839844,
                176.191955566,
                187.334503174,
                167.290878296,
                267.014404297,
                229.734558105,
                184.83694458,
                104.753311157,
                27.2070350647,
                4.56726408005,
                2.04576325417,
                0.474635332823,
                0.0266739465296
            ],
            "mean": [
                0.596331059933,
                1.48631453514,
                1.8842792511,
                3.63766646385,
                7.31221532822,
                12.9684333801,
                12.3720312119,
                21.5486354828,
                31.311674118,
                26.5708770752,
                20.6422634125,
                37.3615264893,
                55.9073982239,
                39.8502960205,
                30.5299339294,
                21.8818817139,
                24.2946472168,
                24.0227546692,
                23.6064014435,
                30.1868610382,
                29.8324871063,
                22.7140464783,
                16.2724647522,
                18.6700172424,
                10.8731803894,
                8.16593170166,
                8.24990367889,
                7.09145021439,
                5.88498306274,
                4.77877187729,
                4.4404964447,
                4.60798501968,
                4.8890914917,
                4.88040685654,
                2.88501548767,
                0.916216850281,
                0.220245480537,
                0.045916069299,
                0.00678507238626,
                0.000548314943444
            ],
            "median": [
                0.00960848480463,
                0.128674581647,
                0.350499033928,
                1.37747657299,
                2.8080470562,
                2.86018419266,
                5.40858221054,
                7.48545026779,
                8.25112247467,
                4.9604306221,
                4.73206663132,
                6.47245407104,
                11.1234645844,
                10.2603263855,
                5.87726211548,
                5.47320365906,
                5.36693811417,
                5.54226541519,
                6.61805295944,
                8.44447135925,
                8.61798858643,
                7.37266302109,
                5.92630958557,
                6.53272438049,
                4.64844799042,
                3.12583684921,
                3.23929715157,
                2.56762647629,
                1.57337391376,
                0.848115086555,
                0.706292629242,
                0.909061312675,
                1.53860092163,
                1.75161266327,
                0.939997494221,
                0.235500916839,
                0.0311699677259,
                0.00409745564684,
                0.000269451440545,
                4.79589252791e-05
            ],
            "min": [
                3.93416545466e-22,
                1.91880739343e-21,
                7.03375020088e-21,
                4.61077969761e-20,
                1.66744954884e-19,
                1.4675068116e-19,
                4.4112068652e-19,
                4.08316848926e-19,
                4.01185802413e-19,
                6.32049791726e-19,
                1.86172444453e-18,
                2.00297856222e-18,
                1.25819196292e-18,
                2.54559642955e-18,
                7.30705958685e-18,
                5.79420208118e-18,
                6.8186789183e-18,
                6.74991870271e-18,
                5.70269522591e-18,
                8.50962799626e-18,
                1.1701886725e-17,
                1.20514069297e-17,
                1.14281792777e-17,
                1.04822246282e-17,
                1.06008183398e-17,
                1.05440282548e-17,
                2.20446032069e-17,
                1.11630852622e-17,
                1.47650399308e-17,
                2.02822320461e-17,
                1.88053606194e-17,
                1.79341061695e-17,
                1.39742800806e-17,
                1.27700035432e-17,
                7.89200035701e-18,
                6.16005331276e-18,
                3.24794287316e-18,
                1.1641827829e-18,
                3.51221172433e-19,
                3.93202889116e-20
            ],
            "var": [
                1.97297561169,
                17.148147583,
                63.2419815063,
                104.140785217,
                201.837417603,
                556.783325195,
                418.713165283,
                1574.44702148,
                3342.61425781,
                2861.8293457,
                2256.00317383,
                6817.62695312,
                12363.6933594,
                5683.60693359,
                5163.30371094,
                2759.04248047,
                3620.53613281,
                3399.28686523,
                2475.63549805,
                4334.70947266,
                3968.89453125,
                1651.18969727,
                785.459777832,
                844.056762695,
                251.81048584,
                245.912414551,
                311.494415283,
                218.117736816,
                143.759155273,
                130.309143066,
                107.908065796,
                139.752685547,
                125.376502991,
                96.7257843018,
                34.8460083008,
                3.34938216209,
                0.202925682068,
                0.0171140599996,
                0.000504789699335,
                2.56780754171e-06
            ]
        },
        "erbbands_crest": {
            "dmean": 2.93477010727,
            "dmean2": 4.6952829361,
            "dvar": 7.22389888763,
            "dvar2": 17.6751422882,
            "max": 31.3650112152,
            "mean": 10.6901493073,
            "median": 9.59832763672,
            "min": 2.24699497223,
            "var": 26.467634201
        },
        "erbbands_flatness_db": {
            "dmean": 0.0187349561602,
            "dmean2": 0.028301557526,
            "dvar": 0.000387530599255,
            "dvar2": 0.000838576524984,
            "max": 0.401292771101,
            "mean": 0.161053329706,
            "median": 0.15572746098,
            "min": 0.0537982955575,
            "var": 0.0028462887276
        },
        "erbbands_kurtosis": {
            "dmean": 1.88477683067,
            "dmean2": 2.94645619392,
            "dvar": 14.6074829102,
            "dvar2": 33.2027893066,
            "max": 138.62260437,
            "mean": 3.0184211731,
            "median": 0.525990962982,
            "min": -1.8679933548,
            "var": 65.7369003296
        },
        "erbbands_skewness": {
            "dmean": 0.472450315952,
            "dmean2": 0.720300257206,
            "dvar": 0.274136960506,
            "dvar2": 0.604825019836,
            "max": 10.1870164871,
            "mean": 0.798267602921,
            "median": 0.587367355824,
            "min": -6.49297428131,
            "var": 1.91466975212
        },
        "erbbands_spread": {
            "dmean": 9.67555809021,
            "dmean2": 15.0643939972,
            "dvar": 175.181259155,
            "dvar2": 416.44317627,
            "max": 165.996109009,
            "mean": 36.4122238159,
            "median": 33.2793045044,
            "min": 2.90881800652,
            "var": 462.589538574
        },
        "gfcc": {
            "cov": [
                [
                    9304.91894531,
                    -786.852111816,
                    163.973709106,
                    89.5957183838,
                    472.757141113,
                    552.539978027,
                    403.910644531,
                    723.777404785,
                    447.194274902,
                    409.546020508,
                    119.515274048,
                    199.67477417,
                    140.071548462
                ],
                [
                    -786.852111816,
                    3455.11279297,
                    770.699584961,
                    511.014587402,
                    571.620056152,
                    -60.6371078491,
                    166.561950684,
                    -146.277511597,
                    -283.392425537,
                    -283.249389648,
                    -146.291320801,
                    -314.618469238,
                    79.6858291626
                ],
                [
                    163.973709106,
                    770.699584961,
                    1312.60778809,
                    409.615844727,
                    94.2294311523,
                    46.6239738464,
                    1.59909117222,
                    -84.5134963989,
                    -39.2638130188,
                    -100.11882782,
                    -61.3158569336,
                    -41.8265762329,
                    -68.4245986938
                ],
                [
                    89.5957183838,
                    511.014587402,
                    409.615844727,
                    566.481872559,
                    201.071655273,
                    65.8969345093,
                    34.5429840088,
                    25.1268596649,
                    15.4139900208,
                    -37.5964622498,
                    -30.1186351776,
                    -15.4348945618,
                    21.9561023712
                ],
                [
                    472.757141113,
                    571.620056152,
                    94.2294311523,
                    201.071655273,
                    445.998413086,
                    138.388275146,
                    182.081756592,
                    61.4719619751,
                    52.165813446,
                    13.8351011276,
                    -10.6632022858,
                    -4.12785196304,
                    39.2722511292
                ],
                [
                    552.539978027,
                    -60.6371078491,
                    46.6239738464,
                    65.8969345093,
                    138.388275146,
                    325.382415771,
                    141.661453247,
                    100.376159668,
                    77.0586471558,
                    43.3761329651,
                    2.31696891785,
                    26.8039131165,
                    14.8019962311
                ],
                [
                    403.910644531,
                    166.561950684,
                    1.59909117222,
                    34.5429840088,
                    182.081756592,
                    141.661453247,
                    379.582611084,
                    53.9773635864,
                    140.070053101,
                    33.6786346436,
                    43.1465415955,
                    45.5495796204,
                    -4.23221588135
                ],
                [
                    723.777404785,
                    -146.277511597,
                    -84.5134963989,
                    25.1268596649,
                    61.4719619751,
                    100.376159668,
                    53.9773635864,
                    369.632720947,
                    124.406799316,
                    48.9328384399,
                    23.0237197876,
                    51.8965682983,
                    68.78515625
                ],
                [
                    447.194274902,
                    -283.392425537,
                    -39.2638130188,
                    15.4139900208,
                    52.165813446,
                    77.0586471558,
                    140.070053101,
                    124.406799316,
                    281.637573242,
                    76.9290466309,
                    51.945186615,
                    93.3046112061,
                    4.98714971542
                ],
                [
                    409.546020508,
                    -283.249389648,
                    -100.11882782,
                    -37.5964622498,
                    13.8351011276,
                    43.3761329651,
                    33.6786346436,
                    48.9328384399,
                    76.9290466309,
                    194.887832642,
                    88.8659210205,
                    46.7947006226,
                    24.8740100861
                ],
                [
                    119.515274048,
                    -146.291320801,
                    -61.3158569336,
                    -30.1186351776,
                    -10.6632022858,
                    2.31696891785,
                    43.1465415955,
                    23.0237197876,
                    51.945186615,
                    88.8659210205,
                    148.843475342,
                    52.9923324585,
                    12.3962755203
                ],
                [
                    199.67477417,
                    -314.618469238,
                    -41.8265762329,
                    -15.4348945618,
                    -4.12785196304,
                    26.8039131165,
                    45.5495796204,
                    51.8965682983,
                    93.3046112061,
                    46.7947006226,
                    52.9923324585,
                    121.268684387,
                    19.8102397919
                ],
                [
                    140.071548462,
                    79.6858291626,
                    -68.4245986938,
                    21.9561023712,
                    39.2722511292,
                    14.8019962311,
                    -4.23221588135,
                    68.78515625,
                    4.98714971542,
                    24.8740100861,
                    12.3962755203,
                    19.8102397919,
                    125.193069458
                ]
            ],
            "icov": [
                [
                    0.000152653607074,
                    5.36655388714e-05,
                    -8.37917323224e-05,
                    5.43952846783e-05,
                    -0.000148794424604,
                    -6.39706195216e-05,
                    -5.89359478909e-05,
                    -0.000221835274715,
                    -9.2420970077e-07,
                    -0.000220292640734,
                    6.39662757749e-05,
                    5.92968863202e-05,
                    -5.80708001507e-05
                ],
                [
                    5.36655388714e-05,
                    0.000833120080642,
                    -0.000367332395399,
                    -9.28028312046e-05,
                    -0.000909752852749,
                    0.000478402187582,
                    -0.000509096949827,
                    -8.86442194314e-07,
                    0.00029527983861,
                    0.000689242733642,
                    -0.000405494240113,
                    0.00183047924656,
                    -0.000960925477557
                ],
                [
                    -8.37917323224e-05,
                    -0.000367332395399,
                    0.0012625164818,
                    -0.000786624790635,
                    0.000524761970155,
                    -0.000338411802659,
                    0.000261435023276,
                    0.000257516570855,
                    -6.88898871886e-05,
                    8.25110037113e-05,
                    0.000176006418769,
                    -0.000813896942418,
                    0.000996005604975
                ],
                [
                    5.43952846783e-05,
                    -9.28028312046e-05,
                    -0.000786624790635,
                    0.00283239479177,
                    -0.00107995525468,
                    -0.000170031751622,
                    0.00045661686454,
                    -0.000155683184857,
                    -0.000385510036722,
                    0.000188313017134,
                    1.02375861388e-05,
                    -4.66164747195e-05,
                    -0.000484305142891
                ],
                [
                    -0.000148794424604,
                    -0.000909752852749,
                    0.000524761970155,
                    -0.00107995525468,
                    0.00474947225302,
                    -0.00110759225208,
                    -0.00104163691867,
                    5.71382515773e-05,
                    -0.000126994753373,
                    -0.000957881624345,
                    0.0009275295306,
                    -0.00125242432114,
                    9.79329706752e-05
                ],
                [
                    -6.39706195216e-05,
                    0.000478402187582,
                    -0.000338411802659,
                    -0.000170031751622,
                    -0.00110759225208,
                    0.00462211668491,
                    -0.00145010638516,
                    -0.000730823900085,
                    0.000297586404486,
                    -0.000441113836132,
                    0.000663774495479,
                    0.000712524983101,
                    -0.000337283592671
                ],
                [
                    -5.89359478909e-05,
                    -0.000509096949827,
                    0.000261435023276,
                    0.00045661686454,
                    -0.00104163691867,
                    -0.00145010638516,
                    0.00481317611411,
                    0.000421196251409,
                    -0.00195675296709,
                    0.000439239753177,
                    -0.00101887935307,
                    -0.00118702510372,
                    0.0011616848642
                ],
                [
                    -0.000221835274715,
                    -8.86442194314e-07,
                    0.000257516570855,
                    -0.000155683184857,
                    5.71382515773e-05,
                    -0.000730823900085,
                    0.000421196251409,
                    0.00412664934993,
                    -0.00153096625581,
                    0.00049964338541,
                    -0.000106226718344,
                    -3.98189649786e-06,
                    -0.00179491634481
                ],
                [
                    -9.2420970077e-07,
                    0.00029527983861,
                    -6.88898871886e-05,
                    -0.000385510036722,
                    -0.000126994753373,
                    0.000297586404486,
                    -0.00195675296709,
                    -0.00153096625581,
                    0.00669391965494,
                    -0.00123127014376,
                    0.000349313457264,
                    -0.00298261782154,
                    0.00103806424886
                ],
                [
                    -0.000220292640734,
                    0.000689242733642,
                    8.25110037113e-05,
                    0.000188313017134,
                    -0.000957881624345,
                    -0.000441113836132,
                    0.000439239753177,
                    0.00049964338541,
                    -0.00123127014376,
                    0.00912965461612,
                    -0.00482639158145,
                    0.00169108051341,
                    -0.00164177280385
                ],
                [
                    6.39662757749e-05,
                    -0.000405494240113,
                    0.000176006418769,
                    1.02375861388e-05,
                    0.0009275295306,
                    0.000663774495479,
                    -0.00101887935307,
                    -0.000106226718344,
                    0.000349313457264,
                    -0.00482639158145,
                    0.0108604589477,
                    -0.00400622794405,
                    0.000438991934061
                ],
                [
                    5.92968863202e-05,
                    0.00183047924656,
                    -0.000813896942418,
                    -4.66164747195e-05,
                    -0.00125242432114,
                    0.000712524983101,
                    -0.00118702510372,
                    -3.98189649786e-06,
                    -0.00298261782154,
                    0.00169108051341,
                    -0.00400622794405,
                    0.0168866943568,
                    -0.00389002053998
                ],
                [
                    -5.80708001507e-05,
                    -0.000960925477557,
                    0.000996005604975,
                    -0.000484305142891,
                    9.79329706752e-05,
                    -0.000337283592671,
                    0.0011616848642,
                    -0.00179491634481,
                    0.00103806424886,
                    -0.00164177280385,
                    0.000438991934061,
                    -0.00389002053998,
                    0.0111851105466
                ]
            ],
            "mean": [
                -9.02222061157,
                60.0119857788,
                -102.722625732,
                13.093873024,
                -59.5586967468,
                8.49087619781,
                -45.2456626892,
                15.7860107422,
                -29.3309707642,
                6.10161495209,
                -15.3809661865,
                3.08147788048,
                -2.02028775215
            ]
        },
        "hfc": {
            "dmean": 10.977689743,
            "dmean2": 17.3245601654,
            "dvar": 542.946594238,
            "dvar2": 1408.8248291,
            "max": 321.922393799,
            "mean": 28.0099334717,
            "median": 20.525680542,
            "min": 1.18824150886e-16,
            "var": 902.175415039
        },
        "melbands": {
            "dmean": [
                0.00161871837918,
                0.00108203943819,
                0.000628418754786,
                0.000470092258183,
                0.000301078514894,
                0.00031958828913,
                0.000256723404163,
                0.000170602914295,
                0.000124079888337,
                0.000130317770527,
                0.00015553929552,
                0.000100912548078,
                5.94722841925e-05,
                3.6237473978e-05,
                4.81624629174e-05,
                3.30334805767e-05,
                3.2420597563e-05,
                2.8620050216e-05,
                2.33482169278e-05,
                4.32957276644e-05,
                2.15590043808e-05,
                1.74600208993e-05,
                9.48953220359e-06,
                8.69155701366e-06,
                1.0305361684e-05,
                6.32800629319e-06,
                4.54690007246e-06,
                4.04214642913e-06,
