{
    "lowlevel": {
        "average_loudness": 0.949646413326,
        "barkbands": {
            "dmean": [
                1.46031088661e-05,
                0.000184066331713,
                0.000215482359636,
                0.000667689018883,
                0.00184751127381,
                0.00169223651756,
                0.00119623774663,
                0.0012866811594,
                0.00171660631895,
                0.000756835914217,
                0.000840462162159,
                0.000366671738448,
                0.000422663026256,
                0.000321651401464,
                0.00030917263939,
                0.000221602240345,
                0.000159180926858,
                0.000119499556604,
                3.83163533115e-05,
                4.80902999698e-05,
                5.52931123821e-05,
                3.08225207846e-05,
                3.6405523133e-05,
                3.74749870389e-05,
                4.65942976007e-05,
                1.34195906867e-05,
                1.31118902402e-08
            ],
            "dmean2": [
                2.39556320594e-05,
                0.000298575381748,
                0.000341336621204,
                0.00101283623371,
                0.00290064653382,
                0.00257198698819,
                0.00171472306829,
                0.00192673667334,
                0.00246332911775,
                0.00106799066998,
                0.00115055183414,
                0.000542748137377,
                0.000609081413131,
                0.000475633918541,
                0.000457151560113,
                0.000326551118633,
                0.000220474918024,
                0.000178594884346,
                5.71557138755e-05,
                7.19573217793e-05,
                8.12913785921e-05,
                4.83414441987e-05,
                5.40927248949e-05,
                5.5259650253e-05,
                6.68826396577e-05,
                2.11891001527e-05,
                2.17999502894e-08
            ],
            "dvar": [
                2.48654208335e-09,
                1.93851903418e-07,
                1.37169877235e-07,
                1.53119708557e-06,
                9.50634603214e-06,
                1.27959710881e-05,
                1.09879265437e-05,
                1.30450307552e-05,
                2.56659204751e-05,
                5.84703821005e-06,
                5.79245261179e-06,
                2.11126030081e-06,
                1.97159465642e-06,
                6.83599182594e-07,
                7.31143416033e-07,
                4.08658422657e-07,
                1.69792755855e-07,
                6.21212947749e-08,
                6.85112233612e-09,
                1.16024851948e-08,
                1.7534992125e-08,
                1.00197405928e-08,
                9.42628020084e-09,
                1.69873466405e-08,
                3.70815804729e-08,
                1.70060576732e-09,
                1.46417257642e-15
            ],
            "dvar2": [
                6.37485886301e-09,
                4.98304132179e-07,
                3.52997943764e-07,
                3.2884263419e-06,
                2.33250502788e-05,
                2.85524711217e-05,
                2.32270194829e-05,
                3.05085795844e-05,
                5.11963662575e-05,
                1.01115792859e-05,
                9.96620292426e-06,
                4.19839398091e-06,
                3.60903231922e-06,
                1.43486681736e-06,
                1.44963598814e-06,
                8.70198221037e-07,
                2.99961101291e-07,
                1.32951740284e-07,
                1.51556598382e-08,
                2.67215281013e-08,
                3.90523098304e-08,
                2.41756286101e-08,
                2.2087240481e-08,
                3.27378799625e-08,
                6.14454549464e-08,
                3.80578057957e-09,
                3.77750648212e-15
            ],
            "max": [
                0.00246035540476,
                0.0130056822672,
                0.0108321094885,
                0.0234118569642,
                0.0503453500569,
                0.0620791874826,
                0.0950252860785,
                0.0871623232961,
                0.0941394045949,
                0.0571517646313,
                0.0556129924953,
                0.0509821176529,
                0.0387999005616,
                0.0253553465009,
                0.0183085408062,
                0.0185280758888,
                0.00987358111888,
                0.00610877480358,
                0.00254108477384,
                0.00282995007001,
                0.00322162453085,
                0.00308986171149,
                0.00464949849993,
                0.00373143516481,
                0.00463282456622,
                0.000743571203202,
                8.87827525275e-07
            ],
            "mean": [
                1.29634991026e-05,
                0.000285491347313,
                0.00043896608986,
                0.0009571944247,
                0.00407568132505,
                0.0040541687049,
                0.00290122721344,
                0.00250078341924,
                0.00388227100484,
                0.00181606027763,
                0.00259023928083,
                0.000649773865007,
                0.000791332800873,
                0.000558358384296,
                0.000608192756772,
                0.000417276285589,
                0.000347453460563,
                0.000251606572419,
                7.02147153788e-05,
                8.5456566012e-05,
                9.47845546762e-05,
                3.7375746615e-05,
                6.30500653642e-05,
                5.53270037926e-05,
                7.13689514669e-05,
                1.46873126141e-05,
                2.26342997678e-08
            ],
            "median": [
                1.63776314821e-06,
                0.000129774110974,
                0.000280979351373,
                0.00043548172107,
                0.00289630726911,
                0.00145679188427,
                0.000652666785754,
                0.000438264483819,
                0.000691425462719,
                0.000188325720956,
                0.000198781912331,
                0.000156708134455,
                0.000118256532005,
                0.000173281572643,
                0.000117805146147,
                8.67212074809e-05,
                0.00010990233568,
                0.000102247962786,
                2.79670712189e-05,
                3.64996303688e-05,
                3.11741605401e-05,
                8.56040060171e-06,
                2.5068216928e-05,
                1.33746216306e-05,
                9.80074310064e-06,
                1.69795907823e-06,
                1.42382399204e-08
            ],
            "min": [
                1.25945272279e-23,
                9.22695654299e-24,
                3.18486182176e-23,
                4.39815040438e-23,
                5.63885221899e-23,
                1.1556751677e-22,
                3.06727295305e-23,
                3.53159111761e-23,
                5.36335169863e-23,
                9.35559056878e-23,
                6.88534458819e-23,
                7.43183082018e-23,
                8.85834061687e-23,
                1.81467707236e-22,
                1.95901451043e-22,
                1.37289186759e-22,
                1.21417229615e-22,
                2.16329994993e-22,
                2.80920562761e-22,
                4.46085216146e-22,
                5.35297786218e-22,
                6.92428175273e-22,
                6.98651719836e-22,
                7.49249990359e-22,
                1.42412632604e-21,
                1.78643082849e-21,
                2.43501757302e-21
            ],
            "var": [
                2.09639616777e-09,
                2.25312817292e-07,
                2.55724927456e-07,
                2.32101797337e-06,
                1.96022592718e-05,
                4.69103761134e-05,
                4.72653227916e-05,
                3.31572191499e-05,
                9.79611286311e-05,
                3.00145002257e-05,
                5.44374233868e-05,
                4.47477350463e-06,
                6.68940447213e-06,
                1.5411927734e-06,
                2.26190149988e-06,
                1.06352968032e-06,
                6.20762932613e-07,
                1.77036596938e-07,
                1.60091726542e-08,
                2.26764367284e-08,
                3.58453888794e-08,
                1.04878203899e-08,
                1.26278791868e-08,
                3.26082272295e-08,
                9.84237118473e-08,
                2.25866525483e-09,
                1.47286652259e-15
            ]
        },
        "barkbands_crest": {
            "dmean": 2.44900345802,
            "dmean2": 3.72761273384,
            "dvar": 5.8957824707,
            "dvar2": 13.9853553772,
            "max": 26.5627613068,
            "mean": 12.9112377167,
            "median": 11.8574924469,
            "min": 2.98465847969,
            "var": 28.0653839111
        },
        "barkbands_flatness_db": {
            "dmean": 0.023430461064,
            "dmean2": 0.0324964784086,
            "dvar": 0.000631160626654,
            "dvar2": 0.00120416446589,
            "max": 0.541774988174,
            "mean": 0.191010311246,
            "median": 0.184405609965,
            "min": 0.0404970385134,
            "var": 0.00372957321815
        },
        "barkbands_kurtosis": {
            "dmean": 4.60043478012,
            "dmean2": 6.9356970787,
            "dvar": 133.965118408,
            "dvar2": 293.565917969,
            "max": 671.204467773,
            "mean": 9.78386878967,
            "median": 3.98119497299,
            "min": -1.94649302959,
            "var": 569.42767334
        },
        "barkbands_skewness": {
            "dmean": 0.546917080879,
            "dmean2": 0.794168949127,
            "dvar": 0.470637112856,
            "dvar2": 1.00086271763,
            "max": 24.366979599,
            "mean": 1.77154278755,
            "median": 1.50166904926,
            "min": -3.60403728485,
            "var": 3.13125085831
        },
        "barkbands_spread": {
            "dmean": 3.81547093391,
            "dmean2": 5.62010288239,
            "dvar": 55.3716697693,
            "dvar2": 112.764099121,
            "max": 107.567550659,
            "mean": 12.236492157,
            "median": 8.86660671234,
            "min": 0.229344725609,
            "var": 148.327850342
        },
        "dissonance": {
            "dmean": 0.0311169680208,
            "dmean2": 0.0515669435263,
            "dvar": 0.000935451709665,
            "dvar2": 0.00249305996113,
            "max": 0.500000059605,
            "mean": 0.423386156559,
            "median": 0.43282237649,
            "min": 0.180944278836,
            "var": 0.00240462413058
        },
        "dynamic_complexity": 2.61005234718,
        "erbbands": {
            "dmean": [
                0.00581897702068,
                0.0426689423621,
                0.224146574736,
                1.00417506695,
                4.91476535797,
                6.31631708145,
                11.3828201294,
                14.760972023,
                14.6068325043,
                22.1586036682,
                29.9835262299,
                39.3879966736,
                27.5975856781,
                29.0614776611,
                29.6234722137,
                13.4230442047,
                18.9838962555,
                16.9168987274,
                13.8191270828,
                13.0303697586,
                10.6007614136,
                8.07832050323,
                6.10982322693,
                3.55811715126,
                1.46301364899,
                2.35547804832,
                2.76033067703,
                1.38875544071,
                1.11284768581,
                1.11552929878,
                1.03420710564,
                0.795288562775,
                0.661311030388,
                0.664732635021,
                0.255019456148,
                0.084873393178,
                0.0208983886987,
                0.00153334927745,
                3.39191792591e-05,
                9.24164760363e-06
            ],
            "dmean2": [
                0.00970702152699,
                0.068923689425,
                0.349746346474,
                1.53941953182,
                7.55531454086,
                9.90864753723,
                17.4752464294,
                22.3000297546,
                21.2329368591,
                31.2013282776,
                43.8801765442,
                55.637008667,
                37.3458328247,
                38.947555542,
                40.4036407471,
                19.2430076599,
                26.0916099548,
                24.206161499,
                19.4601306915,
                19.5654525757,
                14.6716747284,
                11.1140365601,
                8.78088092804,
                5.11046361923,
                2.09626150131,
                3.48525452614,
                3.96751642227,
                2.08336615562,
                1.75099885464,
                1.70823681355,
                1.5402418375,
                1.16529583931,
                0.965253710747,
                0.946221113205,
                0.375859797001,
                0.131866648793,
                0.0331994146109,
                0.00248033530079,
                5.31169316673e-05,
                1.32358436531e-05
            ],
            "dvar": [
                0.000343739637174,
                0.00764162419364,
                0.140118509531,
                3.20430374146,
                87.4160079956,
                146.086242676,
                625.523742676,
                1240.30859375,
                2024.35961914,
                3497.15063477,
                7400.15380859,
                17131.9765625,
                6139.55029297,
                7267.15087891,
                6620.47949219,
                2308.98071289,
                4589.27783203,
                1771.88256836,
                1609.19091797,
                1298.80102539,
                952.2734375,
                432.510498047,
                170.429260254,
                54.0091323853,
                8.42835903168,
                28.966791153,
                43.7751083374,
                12.6746864319,
                13.977640152,
                9.58933448792,
                8.20940494537,
                6.16969108582,
                6.68420982361,
                9.4189491272,
                0.836797833443,
                0.0709175169468,
                0.00428244611248,
                2.58667605522e-05,
                1.00705790373e-08,
                1.41189310243e-10
            ],
            "dvar2": [
                0.00087412976427,
                0.0198968108743,
                0.348108738661,
                7.12625551224,
                201.942977905,
                376.290008545,
                1499.09509277,
                2770.07836914,
                4369.25634766,
                7932.73193359,
                16585.6503906,
                33008.1328125,
                10619.5791016,
                12772.0869141,
                11274.984375,
                4851.31103516,
                7868.23242188,
                3443.54760742,
                2962.05908203,
                3079.98852539,
                1749.24450684,
                783.809570312,
                350.554199219,
                113.808502197,
                18.3514232635,
                67.8751449585,
                93.4041137695,
                29.2113571167,
                34.050819397,
                22.8849525452,
                19.5044498444,
                12.6193284988,
                12.8762521744,
                16.2627868652,
                1.54005491734,
                0.150962397456,
                0.0098340343684,
                6.19642669335e-05,
                2.32869385997e-08,
                2.87263157706e-10
            ],
            "max": [
                0.754232108593,
                1.43574142456,
                8.80604171753,
                33.8642044067,
                189.813873291,
                197.664123535,
                465.165863037,
                672.544921875,
                1546.87145996,
                1841.17443848,
                2374.83520508,
                2707.03076172,
                2417.01733398,
                2302.09912109,
                2169.62036133,
                1508.91491699,
                2098.04638672,
                1385.89819336,
                1140.46496582,
                764.924377441,
                1164.00366211,
                576.122131348,
                297.570220947,
                207.704910278,
                73.1214904785,
                124.488647461,
                176.844573975,
                93.0683822632,
                115.865852356,
                60.9453048706,
                146.529876709,
                73.232421875,
                79.9378356934,
                82.7562255859,
                19.5984764099,
                6.03633260727,
                1.03734827042,
                0.0748685449362,
                0.00143693748396,
                0.000137202543556
            ],
            "mean": [
                0.00522717135027,
                0.0792293325067,
                0.493252813816,
                1.6952701807,
                7.57526063919,
                14.4636354446,
                23.8694992065,
                35.9167938232,
                34.7438087463,
                54.8727760315,
                59.5473251343,
                87.1119842529,
                65.7471084595,
                83.6008071899,
                94.2514801025,
                27.2629718781,
                38.6336326599,
                33.1233100891,
                30.1490516663,
                28.2879428864,
                22.0795402527,
                18.869386673,
                13.7373666763,
                7.70554065704,
                3.18790245056,
                4.39421081543,
                5.1648349762,
                2.14163374901,
                1.34205186367,
                1.7020316124,
                1.76013338566,
                1.14813506603,
                0.994666099548,
                1.00742924213,
                0.363839685917,
                0.0994532108307,
                0.022052211687,
                0.00152681872714,
                5.05704374518e-05,
                3.54514995706e-05
            ],
            "median": [
                0.00121110386681,
                0.0422790907323,
                0.318917691708,
                1.02521467209,
                3.70637369156,
                9.6882276535,
                11.3786373138,
                11.3598470688,
                9.4940738678,
                11.4351015091,
                13.8428888321,
                16.3014163971,
                16.3187294006,
                10.935842514,
                13.3606042862,
                9.48460865021,
                7.24079465866,
                10.9767580032,
                7.62407302856,
                6.05026865005,
                5.65540075302,
                6.63854646683,
                5.74842071533,
                3.39857602119,
                1.56337428093,
                1.93006527424,
                1.67285001278,
                0.75072067976,
                0.336007148027,
                0.555265128613,
                0.723475277424,
                0.344405472279,
                0.203436717391,
                0.130148082972,
                0.0511018522084,
                0.0126939304173,
                0.00262865936384,
                0.000186476725503,
                2.40705758188e-05,
                3.37516321451e-05
            ],
            "min": [
                5.17443125008e-22,
                1.75283671352e-21,
                2.72515072858e-20,
                9.92562774453e-20,
                1.6080605658e-19,
                1.63430571417e-19,
                6.5903573203e-19,
                8.75979615803e-19,
                3.62763960894e-19,
                8.03328704494e-19,
                6.93916335799e-19,
                1.14456857282e-18,
                2.13900613921e-18,
                3.47450888371e-18,
                2.4401286267e-18,
                3.79202174825e-18,
                4.80583167779e-18,
                8.05287457844e-18,
                1.24542281716e-17,
                5.77788428923e-18,
                8.81653102868e-18,
                7.62842587227e-18,
                1.18383491921e-17,
                1.36178810419e-17,
                1.41783273398e-17,
                1.83105511032e-17,
                2.25610071002e-17,
                2.14946058545e-17,
                1.91535010869e-17,
                2.61273615697e-17,
                1.9888101991e-17,
                1.26663156263e-17,
                1.56136627192e-17,
                1.95192108706e-17,
                8.71232364229e-18,
                6.41497590189e-18,
                3.58821892098e-18,
                1.28057857222e-18,
                3.36810031801e-19,
                3.6301157224e-20
            ],
            "var": [
                0.000272219069302,
                0.0122264102101,
                0.303736925125,
                4.86567401886,
                135.244735718,
                337.610656738,
                1534.7668457,
                4766.99804688,
                7410.28369141,
                16714.8515625,
                20032.0605469,
                62379.8164062,
                28780.3203125,
                47520.4882812,
                61438.1757812,
                4528.92041016,
                16991.4726562,
                5081.62109375,
                6735.78857422,
                3735.43774414,
                3036.51293945,
                1559.51879883,
                573.255004883,
                155.487548828,
                25.0918292999,
                54.4617538452,
                110.83000946,
                18.011806488,
                14.2969360352,
                11.7817554474,
                10.4027442932,
                10.2692632675,
                13.3891448975,
                23.6707496643,
                1.96500146389,
                0.116362832487,
                0.00489829666913,
                2.54798360402e-05,
                1.17159908442e-08,
                4.52748644131e-10
            ]
        },
        "erbbands_crest": {
            "dmean": 3.05503058434,
            "dmean2": 4.59710168839,
            "dvar": 9.36442184448,
            "dvar2": 21.3903331757,
            "max": 32.9652252197,
            "mean": 14.5605621338,
            "median": 13.2464370728,
            "min": 2.71043992043,
            "var": 48.3817596436
        },
        "erbbands_flatness_db": {
            "dmean": 0.0220795031637,
            "dmean2": 0.029908016324,
            "dvar": 0.00055854493985,
            "dvar2": 0.00103805493563,
            "max": 0.454387396574,
            "mean": 0.221798971295,
            "median": 0.221591636539,
            "min": 0.0438309274614,
            "var": 0.0033171037212
        },
        "erbbands_kurtosis": {
            "dmean": 2.18679666519,
            "dmean2": 3.23617053032,
            "dvar": 18.3461208344,
            "dvar2": 39.0754356384,
            "max": 201.234054565,
            "mean": 3.88956594467,
            "median": 1.82836580276,
            "min": -1.83567297459,
            "var": 64.4486083984
        },
        "erbbands_skewness": {
            "dmean": 0.45750311017,
            "dmean2": 0.658024549484,
            "dvar": 0.257275819778,
            "dvar2": 0.532504618168,
            "max": 12.7137317657,
            "mean": 1.08824932575,
            "median": 0.926281392574,
            "min": -3.91881155968,
            "var": 1.46460103989
        },
        "erbbands_spread": {
            "dmean": 6.47896671295,
            "dmean2": 9.51109218597,
            "dvar": 118.164924622,
            "dvar2": 256.507202148,
            "max": 154.49571228,
            "mean": 24.2275905609,
            "median": 18.9846744537,
            "min": 1.09750115871,
            "var": 368.852539062
        },
        "gfcc": {
            "cov": [
                [
                    4893.18847656,
                    -1141.0402832,
                    -1021.04907227,
                    125.992935181,
                    -322.610900879,
                    334.765899658,
                    -47.8744163513,
                    214.039901733,
                    -18.4756889343,
                    92.7711105347,
                    -219.800308228,
                    126.934387207,
                    -71.6089019775
                ],
                [
                    -1141.0402832,
                    1262.10290527,
                    129.415313721,
                    -226.682388306,
                    211.62487793,
                    -182.920669556,
                    153.571655273,
                    -119.879974365,
                    75.0170059204,
                    -102.333938599,
                    112.903205872,
                    -149.451583862,
                    -21.9150314331
                ],
                [
                    -1021.04907227,
                    129.415313721,
                    952.924438477,
                    179.814208984,
                    67.0314178467,
                    -20.8408374786,
                    -107.973472595,
                    29.4256038666,
                    -59.7708892822,
                    88.1837844849,
                    -4.78722667694,
                    -17.1950302124,
                    -103.116790771
                ],
                [
                    125.992935181,
                    -226.682388306,
                    179.814208984,
                    443.557952881,
                    60.6943969727,
                    -65.6065826416,
                    -100.969734192,
                    28.534740448,
                    -9.87887001038,
                    -2.8620724678,
                    -15.0787696838,
                    37.4556350708,
                    1.39624011517
                ],
                [
                    -322.610900879,
                    211.62487793,
                    67.0314178467,
                    60.6943969727,
                    235.581817627,
                    32.2763633728,
                    19.9116039276,
                    -43.2009315491,
                    -14.7674055099,
                    -26.5742092133,
                    -25.1219520569,
                    0.532186210155,
                    -4.71479320526
                ],
                [
                    334.765899658,
                    -182.920669556,
                    -20.8408374786,
                    -65.6065826416,
                    32.2763633728,
                    393.946563721,
                    133.229293823,
                    -41.8000793457,
                    -82.7737121582,
                    4.34689903259,
                    -86.9727096558,
                    4.37699222565,
                    -1.63065898418
                ],
                [
                    -47.8744163513,
                    153.571655273,
                    -107.973472595,
                    -100.969734192,
                    19.9116039276,
                    133.229293823,
                    248.882080078,
                    -23.2308521271,
                    -18.5816040039,
                    -28.8425655365,
                    -12.1696662903,
                    -31.3021717072,
                    7.36805534363
                ],
                [
                    214.039901733,
                    -119.879974365,
                    29.4256038666,
                    28.534740448,
                    -43.2009315491,
                    -41.8000793457,
                    -23.2308521271,
                    212.355377197,
                    64.4223098755,
                    23.5817565918,
                    -8.81420230865,
                    -27.4339504242,
                    -12.2560195923
                ],
                [
                    -18.4756889343,
                    75.0170059204,
                    -59.7708892822,
                    -9.87887001038,
                    -14.7674055099,
                    -82.7737121582,
                    -18.5816040039,
                    64.4223098755,
                    143.984451294,
                    17.8894538879,
                    7.71662569046,
                    -19.9496612549,
                    6.65344524384
                ],
                [
                    92.7711105347,
                    -102.333938599,
                    88.1837844849,
                    -2.8620724678,
                    -26.5742092133,
                    4.34689903259,
                    -28.8425655365,
                    23.5817565918,
                    17.8894538879,
                    157.820205688,
                    9.63782978058,
                    8.16263961792,
                    -32.9553985596
                ],
                [
                    -219.800308228,
                    112.903205872,
                    -4.78722667694,
                    -15.0787696838,
                    -25.1219520569,
                    -86.9727096558,
                    -12.1696662903,
                    -8.81420230865,
                    7.71662569046,
                    9.63782978058,
                    163.153076172,
                    15.5186367035,
                    11.5326471329
                ],
                [
                    126.934387207,
                    -149.451583862,
                    -17.1950302124,
                    37.4556350708,
                    0.532186210155,
                    4.37699222565,
                    -31.3021717072,
                    -27.4339504242,
                    -19.9496612549,
                    8.16263961792,
                    15.5186367035,
                    133.749267578,
                    21.2109279633
                ],
                [
                    -71.6089019775,
                    -21.9150314331,
                    -103.116790771,
                    1.39624011517,
                    -4.71479320526,
                    -1.63065898418,
                    7.36805534363,
                    -12.2560195923,
                    6.65344524384,
                    -32.9553985596,
                    11.5326471329,
                    21.2109279633,
                    124.903594971
                ]
            ],
            "icov": [
                [
                    0.000610171002336,
                    -0.000416282418882,
                    0.00106197420973,
                    -0.000770702434238,
                    0.00106934318319,
                    -0.000868639792316,
                    0.000703318160959,
                    -0.000920654332731,
                    0.000685134960804,
                    -0.000661541707814,
                    0.000791501603089,
                    -0.000785298820119,
                    0.000908563553821
                ],
                [
                    -0.000416282418882,
                    0.00340424687602,
                    -0.00175981910434,
                    0.00233445572667,
                    -0.00356854428537,
                    0.00256704399362,
                    -0.00250021927059,
                    0.00255879550241,
                    -0.00246156193316,
                    0.00213642884046,
                    -0.00224825111218,
                    0.00302095408551,
                    -0.000433554407209
                ],
                [
                    0.00106197420973,
                    -0.00175981910434,
                    0.00362124969251,
                    -0.00237461319193,
                    0.00239936844446,
                    -0.00216397223994,
                    0.00234709610231,
                    -0.00248654559255,
                    0.00265507120639,
                    -0.00239437515847,
                    0.00181085453369,
                    -0.00178523769137,
                    0.00235887756571
                ],
                [
                    -0.000770702434238,
                    0.00233445572667,
                    -0.00237461319193,
                    0.00491514243186,
                    -0.00374485179782,
                    0.00260801217519,
                    -0.0012664354872,
                    0.00171703111846,
                    -0.00165971531533,
                    0.0020947563462,
                    -0.00156190665439,
                    0.00167308514938,
                    -0.00141053902917
                ],
                [
                    0.00106934318319,
                    -0.00356854428537,
                    0.00239936844446,
                    -0.00374485179782,
                    0.00942810531706,
                    -0.0035788428504,
                    0.00252084597014,
                    -0.0021899852436,
                    0.00241578323767,
                    -0.00183425075375,
                    0.00347029510885,
                    -0.00361461169086,
                    0.00163598917425
                ],
                [
                    -0.000868639792316,
                    0.00256704399362,
                    -0.00216397223994,
                    0.00260801217519,
                    -0.0035788428504,
                    0.0067073549144,
                    -0.0042747897096,
                    0.00250177644193,
                    -0.000114338072308,
                    0.00108757370617,
                    -8.75085097505e-05,
                    0.00215272395872,
                    -0.00147758820094
                ],
                [
                    0.000703318160959,
                    -0.00250021927059,
                    0.00234709610231,
                    -0.0012664354872,
                    0.00252084597014,
                    -0.0042747897096,
                    0.0079797450453,
                    -0.00226189871319,
                    0.00197770167142,
                    -0.00106500985567,
                    0.00122766103595,
                    -0.00120739697013,
                    0.000968408072367
                ],
                [
                    -0.000920654332731,
                    0.00255879550241,
                    -0.00248654559255,
                    0.00171703111846,
                    -0.0021899852436,
                    0.00250177644193,
                    -0.00226189871319,
                    0.00861824862659,
                    -0.00487761711702,
                    0.00175863073673,
                    -0.00178247469012,
                    0.00361995073035,
                    -0.000948123633862
                ],
                [
                    0.000685134960804,
                    -0.00246156193316,
                    0.00265507120639,
                    -0.00165971531533,
                    0.00241578323767,
                    -0.000114338072308,
                    0.00197770167142,
                    -0.00487761711702,
                    0.0120068881661,
                    -0.00342267029919,
                    0.00250856718048,
                    -0.0014512859052,
                    0.000138009432703
                ],
                [
                    -0.000661541707814,
                    0.00213642884046,
                    -0.00239437515847,
                    0.0020947563462,
                    -0.00183425075375,
                    0.00108757370617,
                    -0.00106500985567,
                    0.00175863073673,
                    -0.00342267029919,
                    0.00933932047337,
                    -0.00250419415534,
                    0.00128131918609,
                    0.000835879705846
                ],
                [
                    0.000791501603089,
                    -0.00224825111218,
                    0.00181085453369,
                    -0.00156190665439,
                    0.00347029510885,
                    -8.75085097505e-05,
                    0.00122766103595,
                    -0.00178247469012,
                    0.00250856718048,
                    -0.00250419415534,
                    0.00946246180683,
                    -0.00330851320177,
                    0.000348091998603
                ],
                [
                    -0.000785298820119,
                    0.00302095408551,
                    -0.00178523769137,
                    0.00167308514938,
                    -0.00361461169086,
                    0.00215272395872,
                    -0.00120739697013,
                    0.00361995073035,
                    -0.0014512859052,
                    0.00128131918609,
                    -0.00330851320177,
                    0.0117688281462,
                    -0.00237233308144
                ],
                [
                    0.000908563553821,
                    -0.000433554407209,
                    0.00235887756571,
                    -0.00141053902917,
                    0.00163598917425,
                    -0.00147758820094,
                    0.000968408072367,
                    -0.000948123633862,
                    0.000138009432703,
                    0.000835879705846,
                    0.000348091998603,
                    -0.00237233308144,
                    0.0108904074878
                ]
            ],
            "mean": [
                -30.3070068359,
                107.765983582,
                -127.884590149,
                6.67090272903,
                -73.8315887451,
                3.45904970169,
                -53.2604293823,
                2.42664456367,
                -29.9189014435,
                -8.23830986023,
                -16.4076843262,
                -6.4638428688,
                -7.01124286652
            ]
        },
        "hfc": {
            "dmean": 5.37984609604,
            "dmean2": 7.47283983231,
            "dvar": 50.2518157959,
            "dvar2": 95.3594970703,
            "max": 82.1776123047,
            "mean": 21.6014766693,
            "median": 18.7367210388,
            "min": 1.21063044254e-16,
            "var": 249.178115845
        },
        "melbands": {
            "dmean": [
                4.96541324537e-05,
                9.16696881177e-05,
                0.000307924550725,
                0.000368545675883,
                0.000375058618374,
                0.00032131143962,
                0.00023170861823,
                0.000242808135226,
                0.000247424817644,
                0.000253414094914,
                0.000141106982483,
                0.000117076684546,
                0.000119843229186,
                4.78526271763e-05,
                3.47064778907e-05,
                4.31566695624e-05,
                3.0558436265e-05,
                2.22176913667e-05,
                2.17635115405e-05,
                1.52269358296e-05,
                1.34560405058e-05,
                9.75796501734e-06,
                6.60818750475e-06,
                6.38264009467e-06,
                2.84532416117e-06,
