{
    "lowlevel": {
        "average_loudness": 0.841975152493,
        "barkbands": {
            "dmean": [
                0.00189138727728,
                0.0106533225626,
                0.0024159217719,
                0.00253212219104,
                0.00276318797842,
                0.00117946683895,
                0.000745995901525,
                0.00132606446277,
                0.000418029987486,
                0.00046691193711,
                0.000322562758811,
                0.000704704783857,
                0.000376051000785,
                0.000264599453658,
                0.000296795769827,
                0.000170906932908,
                0.000164544617292,
                8.75543264556e-05,
                0.00010129808652,
                6.96148126735e-05,
                7.6712545706e-05,
                9.53627022682e-05,
                0.000109075503133,
                0.000179517359356,
                7.061791257e-05,
                2.10986290767e-05,
                1.75298089289e-06
            ],
            "dmean2": [
                0.00303512369283,
                0.0159806273878,
                0.0042950892821,
                0.00474616931751,
                0.00474476441741,
                0.00203757476993,
                0.00124926539138,
                0.00214315671474,
                0.000620718521532,
                0.000655459996779,
                0.000490298203658,
                0.00101141293999,
                0.000574851117563,
                0.000421564735007,
                0.000489433121402,
                0.000262643123278,
                0.000258730462519,
                0.000140586256748,
                0.000166531754076,
                0.000114575974294,
                0.000130294443807,
                0.000153673172463,
                0.000189768645214,
                0.000275619095191,
                0.000107239837234,
                3.2401210774e-05,
                2.95564223052e-06
            ],
            "dvar": [
                1.68336973729e-05,
                0.000611201801803,
                8.75875703059e-05,
                0.000113821901323,
                6.37441771687e-05,
                1.01200084828e-05,
                4.23992241849e-06,
                8.65806759975e-06,
                1.41092448303e-06,
                2.17347906073e-06,
                2.53045595855e-06,
                3.97659050577e-06,
                1.01527791685e-06,
                4.0836701487e-07,
                1.07180369469e-06,
                2.92751479947e-07,
                2.1979829512e-07,
                7.85997613661e-08,
                1.46779328247e-07,
                5.26418943991e-08,
                1.15364031217e-07,
                9.94989264314e-08,
                1.2946478023e-07,
                3.16538489642e-07,
                5.21017398114e-08,
                3.40832317924e-09,
                4.05035553708e-11
            ],
            "dvar2": [
                3.87276777474e-05,
                0.00137673178688,
                0.00024798657978,
                0.000334579875926,
                0.000179105962161,
                2.76999799098e-05,
                1.05501594589e-05,
                2.20929941861e-05,
                2.74970739156e-06,
                3.76001298719e-06,
                5.25947598362e-06,
                8.12856342236e-06,
                2.29046008826e-06,
                9.70615815277e-07,
                2.80344352177e-06,
                6.81479605191e-07,
                5.44252770851e-07,
                1.93659545289e-07,
                4.07352843013e-07,
                1.37554778235e-07,
                3.08100680968e-07,
                2.45653836828e-07,
                3.47232628428e-07,
                5.92598269122e-07,
                1.00372496092e-07,
                7.43330863529e-09,
                1.03060587842e-10
            ],
            "max": [
                0.0951161682606,
                0.256979882717,
                0.123170398176,
                0.100950561464,
                0.0896252766252,
                0.0478172451258,
                0.0391745790839,
                0.040909152478,
                0.0300528034568,
                0.0298477206379,
                0.0525924451649,
                0.0301229488105,
                0.0134052056819,
                0.00793197099119,
                0.0131757864729,
                0.0112084047869,
                0.00689678266644,
                0.003892587265,
                0.0055006085895,
                0.0028038288001,
                0.00401654653251,
                0.00470432918519,
                0.00335590774193,
                0.00943050067872,
                0.0057938657701,
                0.00149398145732,
                7.880989142e-05
            ],
            "mean": [
                0.00791476108134,
                0.0447943620384,
                0.00225882581435,
                0.00186836300418,
                0.00343761197291,
                0.00150755327195,
                0.000944575469475,
                0.00164091947954,
                0.000648110755719,
                0.000749677710701,
                0.000385410967283,
                0.00117119424976,
                0.000469541555503,
                0.000295855570585,
                0.000283269066131,
                0.000198324938538,
                0.000197452391149,
                0.000100022116385,
                0.000109795633762,
                7.15734422556e-05,
                6.62965758238e-05,
                9.64766004472e-05,
                7.82176066423e-05,
                0.000187865982298,
                7.52105770516e-05,
                2.12457525777e-05,
                1.37448580517e-06
            ],
            "median": [
                0.00126725179143,
                0.037744704634,
                0.000508647062816,
                0.000186894758372,
                0.00105310161598,
                0.00029989075847,
                0.000115215720143,
                0.000278366060229,
                7.01644239598e-05,
                8.72958335094e-05,
                3.33122843585e-05,
                7.93954750407e-05,
                4.57488567918e-05,
                2.37984240812e-05,
                1.86061442946e-05,
                2.14251995203e-05,
                1.7481354007e-05,
                1.19798060041e-05,
                1.48903491208e-05,
                8.0428635556e-06,
                2.87132729682e-06,
                8.65243237058e-06,
                1.52808365783e-06,
                4.70117902296e-06,
                2.39146129388e-06,
                1.1509283695e-06,
                6.78544722632e-08
            ],
            "min": [
                4.1103396307e-24,
                2.43899904236e-23,
                4.48157836156e-24,
                2.67735573145e-23,
                5.91304638569e-23,
                9.16937585002e-23,
                1.57529287616e-22,
                5.30334525838e-23,
                8.36997197658e-23,
                4.61269154051e-23,
                4.37557194309e-23,
                8.84920939412e-23,
                8.64297401668e-23,
                4.71016729604e-23,
                2.04639656979e-22,
                2.13973585427e-22,
                7.83612708282e-23,
                2.18992356372e-22,
                2.34999517964e-22,
                3.76383284096e-22,
                5.07685382616e-22,
                3.74989915924e-22,
                6.33950837759e-22,
                1.0222368086e-21,
                1.17674802799e-21,
                1.65079370579e-21,
                2.25683608361e-21
            ],
            "var": [
                0.000115540766274,
                0.00257277162746,
                5.55638871447e-05,
                6.38297424302e-05,
                5.66667258681e-05,
                1.21269949886e-05,
                6.75878209222e-06,
                1.13425494419e-05,
                4.15187651015e-06,
                5.4628194448e-06,
                4.06869958169e-06,
                1.12546895252e-05,
                1.49587651777e-06,
                5.70259715005e-07,
                8.86378188625e-07,
                4.0952338054e-07,
                2.7963378102e-07,
                9.31734334131e-08,
                1.10981524415e-07,
                4.48409664955e-08,
                9.21276921417e-08,
                9.75706058171e-08,
                8.99562166978e-08,
                4.98803501614e-07,
                8.27492030453e-08,
                4.85565943009e-09,
                3.15154673192e-11
            ]
        },
        "barkbands_crest": {
            "dmean": 2.55773448944,
            "dmean2": 4.01869821548,
            "dvar": 9.65518379211,
            "dvar2": 23.5783824921,
            "max": 26.8375873566,
            "mean": 16.87084198,
            "median": 17.0623779297,
            "min": 2.64710903168,
            "var": 32.7578620911
        },
        "barkbands_flatness_db": {
            "dmean": 0.0399404466152,
            "dmean2": 0.0553682036698,
            "dvar": 0.00214053457603,
            "dvar2": 0.00403263000771,
            "max": 0.701795756817,
            "mean": 0.292846053839,
            "median": 0.271237909794,
            "min": 0.0550623387098,
            "var": 0.0121381226927
        },
        "barkbands_kurtosis": {
            "dmean": 20.8357086182,
            "dmean2": 32.8239936829,
            "dvar": 2006.95031738,
            "dvar2": 4608.70703125,
            "max": 1139.40881348,
            "mean": 35.9664802551,
            "median": 9.38258171082,
            "min": -1.91406273842,
            "var": 5858.03955078
        },
        "barkbands_skewness": {
            "dmean": 1.34869074821,
            "dmean2": 2.0664525032,
            "dvar": 2.82067036629,
            "dvar2": 6.59402656555,
            "max": 27.3669548035,
            "mean": 3.12336683273,
            "median": 2.68631982803,
            "min": -25.5453205109,
            "var": 15.0060443878
        },
        "barkbands_spread": {
            "dmean": 4.68811893463,
            "dmean2": 7.35220956802,
            "dvar": 82.5451660156,
            "dvar2": 199.820541382,
            "max": 110.250526428,
            "mean": 9.409491539,
            "median": 5.7951965332,
            "min": 0.0598396807909,
            "var": 154.062271118
        },
        "dissonance": {
            "dmean": 0.0391431376338,
            "dmean2": 0.065637640655,
            "dvar": 0.00160172127653,
            "dvar2": 0.00429501989856,
            "max": 0.499999642372,
            "mean": 0.420187503099,
            "median": 0.435663700104,
            "min": 0.0383428521454,
            "var": 0.00405331281945
        },
        "dynamic_complexity": 5.32864999771,
        "erbbands": {
            "dmean": [
                0.521863520145,
                1.82505571842,
                2.43550848961,
                6.4172244072,
                8.29044914246,
                9.39974594116,
                11.5149688721,
                9.40496444702,
                10.3162212372,
                13.2792186737,
                30.5943222046,
                10.3545608521,
                9.9639787674,
                14.0325880051,
                18.1337680817,
                24.0191574097,
                16.4660949707,
                12.368016243,
                15.0053243637,
                12.3495111465,
                11.1510353088,
                9.96432495117,
                5.55384683609,
                4.04521036148,
                4.80428314209,
                3.30629849434,
                2.43792080879,
                3.91045928001,
                3.69100880623,
                2.34690618515,
                3.19842886925,
                3.30373382568,
                3.20934700966,
                1.15705120564,
                0.333526343107,
                0.138319209218,
                0.0315461233258,
                0.00325010204688,
                0.000311422307277,
                2.96067591989e-05
            ],
            "dmean2": [
                0.776425540447,
                2.77465057373,
                3.99495959282,
                11.8870229721,
                15.0597658157,
                16.1698036194,
                19.4612827301,
                16.2671470642,
                17.6756305695,
                21.4519557953,
                49.4723510742,
                15.1564226151,
                14.3628902435,
                19.4751701355,
                25.7907657623,
                35.1750907898,
                24.5207080841,
                19.1527824402,
                24.4232997894,
                19.5857982635,
                16.9613723755,
                15.4485015869,
                8.84907817841,
                6.86006689072,
                7.52369594574,
                5.43012857437,
                4.07742118835,
                6.62149238586,
                5.97525453568,
                3.90753984451,
                5.54888916016,
                5.47824621201,
                4.75745153427,
                1.75825023651,
                0.514243543148,
                0.212440744042,
                0.0498085543513,
                0.00526823056862,
                0.00051904033171,
                4.79762748e-05
            ],
            "dvar": [
                1.40841293335,
                25.1935253143,
                72.1056900024,
                694.494018555,
                978.95715332,
                670.916320801,
                759.946594238,
                728.399108887,
                875.220703125,
                807.724731445,
                5157.73925781,
                842.004272461,
                855.844848633,
                2358.28710938,
                3503.19970703,
                5740.32177734,
                1929.45996094,
                970.13269043,
                2035.87084961,
                1412.72302246,
                1337.77368164,
                840.641967773,
                316.383544922,
                312.354614258,
                204.094589233,
                126.746795654,
                104.074211121,
                298.581268311,
                152.223831177,
                44.0840835571,
                109.870758057,
                92.6744232178,
                126.677230835,
                16.2728252411,
                0.999725103378,
                0.166082113981,
                0.00782744120806,
                8.56624028529e-05,
                1.18922753245e-06,
                6.14732265092e-09
            ],
            "dvar2": [
                3.00770902634,
                57.6932373047,
                186.584777832,
                2018.9239502,
                2838.39819336,
                1870.41455078,
                1997.37402344,
                2001.58886719,
                2237.4440918,
                1993.53381348,
                13264.6884766,
                1538.23461914,
                1614.453125,
                4168.06494141,
                7180.50878906,
                12948.5058594,
                4241.3515625,
                2250.17773438,
                5178.56103516,
                3443.20532227,
                3112.77539063,
                2055.32104492,
                787.906311035,
                884.134094238,
                527.857849121,
                332.574615479,
                275.801757813,
                794.774841309,
                378.527008057,
                112.888694763,
                293.317596436,
                218.270889282,
                220.749633789,
                30.6918087006,
                2.14685940742,
                0.361534625292,
                0.0178811065853,
                0.000204437586945,
                3.00104989037e-06,
                1.58913646686e-08
            ],
            "max": [
                12.0185880661,
                59.2740631104,
                116.581787109,
                254.484619141,
                287.8331604,
                297.693664551,
                664.907714844,
                314.560821533,
                476.481323242,
                423.118377686,
                952.133544922,
                802.73815918,
                714.841918945,
                1360.01708984,
                1850.24584961,
                1374.93054199,
                699.770507813,
                598.76763916,
                558.458557129,
                446.796722412,
                753.241455078,
                485.347625732,
                240.209243774,
                246.913574219,
                252.339538574,
                136.319885254,
                125.458808899,
                211.216629028,
                184.702850342,
                71.091255188,
                99.868522644,
                97.19896698,
                218.147506714,
                102.876502991,
                22.093711853,
                11.1375961304,
                1.50729656219,
                0.149680137634,
                0.0159879028797,
                0.000985527760349
            ],
            "mean": [
                2.38155031204,
                5.66049385071,
                3.2294921875,
                5.18227863312,
                7.55450153351,
                11.9090061188,
                14.0985574722,
                12.5969324112,
                12.8874197006,
                17.9505558014,
                37.5912322998,
                16.8440227509,
                16.381690979,
                22.992937088,
                30.079908371,
                37.4401664734,
                22.5949401855,
                15.8490839005,
                15.4209775925,
                13.1644859314,
                13.2011966705,
                12.5278139114,
                6.56078624725,
                4.11307191849,
                5.84691524506,
                3.46404910088,
                2.198605299,
                3.34197211266,
                3.70067381859,
                2.11348438263,
                2.31566023827,
                2.94301867485,
                3.53552532196,
                1.2542630434,
                0.341935425997,
                0.141465455294,
                0.0299119558185,
                0.00290347822011,
                0.000282970111584,
                9.10994058358e-05
            ],
            "median": [
                1.61661911011,
                2.49637699127,
                1.26024925709,
                1.05997550488,
                1.0418074131,
                3.26882553101,
                4.48695707321,
                2.16603469849,
                2.03286123276,
                4.52409696579,
                7.46104049683,
                2.90020370483,
                3.0426774025,
                2.83195066452,
                3.30818772316,
                3.22902965546,
                2.48043656349,
                1.61835289001,
                1.25359070301,
                1.12220454216,
                1.42299294472,
                1.16785883904,
                0.756749868393,
                0.681812524796,
                0.880740880966,
                0.451632201672,
                0.160211265087,
                0.135513573885,
                0.287773013115,
                0.171418756247,
                0.0396165810525,
                0.0390541665256,
                0.10043027997,
                0.0347166471183,
                0.0136165106669,
                0.00733853923157,
                0.00151136587374,
                0.000142150500324,
                5.32754638698e-05,
                8.83915636223e-05
            ],
            "min": [
                7.59902566075e-22,
                5.08606176405e-21,
                8.46701428774e-21,
                5.30438873582e-20,
                1.64224380461e-19,
                1.35755098524e-19,
                4.31752943631e-19,
                9.31695916925e-19,
                1.9400942241e-18,
                1.6948511991e-18,
                1.34351605669e-18,
                1.92690338167e-18,
                1.863240253e-18,
                1.32326305638e-18,
                2.45705749832e-18,
                3.71527055434e-18,
                4.24249272932e-18,
                2.68180867461e-18,
                4.02368360496e-18,
                1.52388324421e-17,
                9.92320935277e-18,
                5.17205059115e-18,
                1.08915930046e-17,
                1.42186590121e-17,
                1.32042799823e-17,
                1.56130836928e-17,
                1.99217715506e-17,
                1.98534034186e-17,
                1.37872123579e-17,
                1.52288152849e-17,
                1.93296161111e-17,
                2.35804344133e-17,
                1.45673222577e-17,
                1.2633866158e-17,
                8.58306012796e-18,
                5.54437285667e-18,
                3.5729264194e-18,
                1.31539398382e-18,
                3.24643419912e-19,
                3.12219677637e-20
            ],
            "var": [
                6.96792697906,
                66.4163894653,
                63.783782959,
                401.889434814,
                623.070495605,
                682.03717041,
                832.59564209,
                934.006896973,
                1330.28747559,
                1137.14733887,
                6386.66796875,
                2690.55273438,
                1957.61010742,
                6097.82666016,
                7776.29492188,
                11166.7939453,
                3094.74926758,
                1552.40856934,
                1929.48693848,
                1487.79943848,
                1860.91162109,
                1163.29541016,
                357.165039063,
                207.947418213,
                209.619522095,
                106.484794617,
                84.9510955811,
                234.691726685,
                148.6509552,
                37.9560699463,
                77.474822998,
                96.5112457275,
                216.411437988,
                26.3064899445,
                1.40454363823,
                0.234436020255,
                0.0097203720361,
                8.82985550561e-05,
                9.74318140834e-07,
                9.65596935742e-09
            ]
        },
        "erbbands_crest": {
            "dmean": 3.42210960388,
            "dmean2": 5.50607538223,
            "dvar": 9.7357301712,
            "dvar2": 24.7062473297,
            "max": 30.8491725922,
            "mean": 11.9691486359,
            "median": 10.9187450409,
            "min": 2.09322071075,
            "var": 25.8901519775
        },
        "erbbands_flatness_db": {
            "dmean": 0.029395442456,
            "dmean2": 0.04196863994,
            "dvar": 0.000970606633928,
            "dvar2": 0.00195023417473,
            "max": 0.619680404663,
            "mean": 0.22633266449,
            "median": 0.210018575191,
            "min": 0.0452028624713,
            "var": 0.00940589420497
        },
        "erbbands_kurtosis": {
            "dmean": 2.09029984474,
            "dmean2": 3.32379627228,
            "dvar": 9.25116348267,
            "dvar2": 23.2316570282,
            "max": 62.8063468933,
            "mean": 2.21849918365,
            "median": 1.13398063183,
            "min": -1.88422763348,
            "var": 15.6018753052
        },
        "erbbands_skewness": {
            "dmean": 0.612507879734,
            "dmean2": 0.930968105793,
            "dvar": 0.396739989519,
            "dvar2": 0.87783908844,
            "max": 7.1812081337,
            "mean": 0.4655187428,
            "median": 0.460425496101,
            "min": -5.07907438278,
            "var": 1.24221026897
        },
        "erbbands_spread": {
            "dmean": 12.6384038925,
            "dmean2": 19.9013729095,
            "dvar": 389.004852295,
            "dvar2": 919.001037598,
            "max": 223.652145386,
            "mean": 30.8715076447,
            "median": 22.2792053223,
            "min": 1.08083820343,
            "var": 780.682861328
        },
        "gfcc": {
            "cov": [
                [
                    33257.8867188,
                    -2645.50756836,
                    -1413.44372559,
                    4590.35595703,
                    -358.787414551,
                    3144.79077148,
                    -1033.04467773,
                    2871.1262207,
                    271.956848145,
                    1275.07897949,
                    345.47857666,
                    580.531860352,
                    -128.720184326
                ],
                [
                    -2645.50756836,
                    4452.99023438,
                    398.999420166,
                    -1173.75,
                    591.002319336,
                    -773.252502441,
                    468.939361572,
                    -743.553588867,
                    81.1514053345,
                    -331.78036499,
                    90.1523361206,
                    -235.036132813,
                    41.9365844727
                ],
                [
                    -1413.44372559,
                    398.999420166,
                    2335.328125,
                    720.857299805,
                    423.855621338,
                    320.471923828,
                    340.012329102,
                    111.797927856,
                    263.928344727,
                    179.343536377,
                    130.414321899,
                    -4.03603935242,
                    96.5224075317
                ],
                [
                    4590.35595703,
                    -1173.75,
                    720.857299805,
                    1905.03979492,
                    375.442077637,
                    779.392272949,
                    42.9858779907,
                    669.85949707,
                    371.639404297,
                    368.051116943,
                    167.975784302,
                    126.66859436,
                    119.778327942
                ],
                [
                    -358.787414551,
                    591.002319336,
                    423.855621338,
                    375.442077637,
                    801.883605957,
                    216.311386108,
                    332.183410645,
                    157.51373291,
                    316.456634521,
                    117.222946167,
                    155.234893799,
                    10.5265951157,
                    109.240821838
                ],
                [
                    3144.79077148,
                    -773.252502441,
                    320.471923828,
                    779.392272949,
                    216.311386108,
                    806.016174316,
                    166.249481201,
                    514.77520752,
                    181.296142578,
                    280.121032715,
                    123.843650818,
                    106.698989868,
                    23.1603031158
                ],
                [
                    -1033.04467773,
                    468.939361572,
                    340.012329102,
                    42.9858779907,
                    332.183410645,
                    166.249481201,
                    610.318786621,
                    45.0517921448,
                    145.791992188,
                    62.2185668945,
                    130.295272827,
                    31.6434059143,
                    35.9528160095
                ],
                [
                    2871.1262207,
                    -743.553588867,
                    111.797927856,
                    669.85949707,
                    157.51373291,
                    514.77520752,
                    45.0517921448,
                    620.715026855,
                    180.229415894,
                    236.344314575,
                    128.601074219,
                    100.686782837,
                    7.17095994949
                ],
                [
                    271.956848145,
                    81.1514053345,
                    263.928344727,
                    371.639404297,
                    316.456634521,
                    181.296142578,
                    145.791992188,
                    180.229415894,
                    350.576812744,
                    135.246688843,
                    79.5820083618,
                    -5.96989917755,
                    53.2470855713
                ],
                [
                    1275.07897949,
                    -331.78036499,
                    179.343536377,
                    368.051116943,
                    117.222946167,
                    280.121032715,
                    62.2185668945,
                    236.344314575,
                    135.246688843,
                    242.132522583,
                    71.8720245361,
                    25.8808708191,
                    20.8322296143
                ],
                [
                    345.47857666,
                    90.1523361206,
                    130.414321899,
                    167.975784302,
                    155.234893799,
                    123.843650818,
                    130.295272827,
                    128.601074219,
                    79.5820083618,
                    71.8720245361,
                    187.368423462,
                    45.8782997131,
                    20.4032058716
                ],
                [
                    580.531860352,
                    -235.036132813,
                    -4.03603935242,
                    126.66859436,
                    10.5265951157,
                    106.698989868,
                    31.6434059143,
                    100.686782837,
                    -5.96989917755,
                    25.8808708191,
                    45.8782997131,
                    150.715255737,
                    34.8535270691
                ],
                [
                    -128.720184326,
                    41.9365844727,
                    96.5224075317,
                    119.778327942,
                    109.240821838,
                    23.1603031158,
                    35.9528160095,
                    7.17095994949,
                    53.2470855713,
                    20.8322296143,
                    20.4032058716,
                    34.8535270691,
                    156.582107544
                ]
            ],
            "icov": [
                [
                    0.000316740944982,
                    -0.000592393917032,
                    0.000450067454949,
                    -0.000788927834947,
                    0.000615413591731,
                    -0.000938761048019,
                    0.000636803044472,
                    -0.0007255198434,
                    0.000537521380465,
                    -0.000665070896503,
                    0.000388098560506,
                    -0.000552736746613,
                    0.000319769227644
                ],
                [
                    -0.000592393917032,
                    0.00159019394778,
                    -0.000926023698412,
                    0.00169408193324,
                    -0.00152408878785,
                    0.00194847607054,
                    -0.00132877216674,
                    0.00160451757256,
                    -0.00112606782932,
                    0.00153729633894,
                    -0.00114336702973,
                    0.0014305341756,
                    -0.000622269813903
                ],
                [
                    0.000450067454949,
                    -0.000926023698412,
                    0.00122069148347,
                    -0.00139349349774,
                    0.000866044894792,
                    -0.00144652428571,
                    0.00070934323594,
                    -0.000763503077906,
                    0.000733171822503,
                    -0.00113689724822,
                    0.00053231936181,
                    -0.000678704236634,
                    0.000396973715397
                ],
                [
                    -0.000788927834947,
                    0.00169408193324,
                    -0.00139349349774,
                    0.00331185641699,
                    -0.00177508709021,
                    0.00180958432611,
                    -0.00115899229422,
                    0.00139693624806,
                    -0.00192556425463,
                    0.00157792645041,
                    -0.00121064286213,
                    0.00133442343213,
                    -0.00129821046721
                ],
                [
                    0.000615413591731,
                    -0.00152408878785,
                    0.000866044894792,
                    -0.00177508709021,
                    0.00400191871449,
                    -0.00211888784543,
                    0.000616554287262,
                    -0.00156379898544,
                    -0.000460093724541,
                    -0.00106043869164,
                    0.000177851135959,
                    -0.000909484981094,
                    -0.000333603151375
                ],
                [
                    -0.000938761048019,
                    0.00194847607054,
                    -0.00144652428571,
                    0.00180958432611,
                    -0.00211888784543,
                    0.00652620242909,
                    -0.00274710031226,
                    0.000402958394261,
                    -0.000966266554315,
                    0.000396785966586,
                    -0.000714272260666,
                    0.00116899900604,
                    -0.000552206358407
                ],
                [
                    0.000636803044472,
                    -0.00132877216674,
                    0.00070934323594,
                    -0.00115899229422,
                    0.000616554287262,
                    -0.00274710031226,
                    0.00398578681052,
                    -0.000938658427913,
                    0.000608996022493,
                    -0.00132467015646,
                    -0.000233492639381,
                    -0.00170503940899,
                    0.000811772304587
                ],
                [
                    -0.0007255198434,
                    0.00160451757256,
                    -0.000763503077906,
                    0.00139693624806,
                    -0.00156379898544,
                    0.000402958394261,
                    -0.000938658427913,
                    0.00654290663078,
                    -0.00217315345071,
                    0.000457349873614,
                    -0.00229987036437,
                    0.000229960758588,
                    0.000249825592618
                ],
                [
                    0.000537521380465,
                    -0.00112606782932,
                    0.000733171822503,
                    -0.00192556425463,
                    -0.000460093724541,
                    -0.000966266554315,
                    0.000608996022493,
                    -0.00217315345071,
                    0.0068344110623,
                    -0.00282179005444,
                    0.00095422542654,
                    0.000305511668557,
                    4.7064426326e-05
                ],
                [
                    -0.000665070896503,
                    0.00153729633894,
                    -0.00113689724822,
                    0.00157792645041,
                    -0.00106043869164,
                    0.000396785966586,
                    -0.00132467015646,
                    0.000457349873614,
                    -0.00282179005444,
                    0.0101656205952,
                    -0.00207822560333,
                    0.00241152662784,
                    -0.00115920673124
                ],
                [
                    0.000388098560506,
                    -0.00114336702973,
                    0.00053231936181,
                    -0.00121064286213,
                    0.000177851135959,
                    -0.000714272260666,
                    -0.000233492639381,
                    -0.00229987036437,
                    0.00095422542654,
                    -0.00207822560333,
                    0.00891374982893,
                    -0.00265871430747,
                    0.000746030709706
                ],
                [
                    -0.000552736746613,
                    0.0014305341756,
                    -0.000678704236634,
                    0.00133442343213,
                    -0.000909484981094,
                    0.00116899900604,
                    -0.00170503940899,
                    0.000229960758588,
                    0.000305511668557,
                    0.00241152662784,
                    -0.00265871430747,
                    0.0103941503912,
                    -0.00298926932737
                ],
                [
                    0.000319769227644,
                    -0.000622269813903,
                    0.000396973715397,
                    -0.00129821046721,
                    -0.000333603151375,
                    -0.000552206358407,
                    0.000811772304587,
                    0.000249825592618,
                    4.7064426326e-05,
                    -0.00115920673124,
                    0.000746030709706,
                    -0.00298926932737,
                    0.00838729646057
                ]
            ],
            "mean": [
                -115.747512817,
                128.694259644,
                -91.9612426758,
                6.94041490555,
                -45.7924613953,
                8.62870883942,
                -26.9721546173,
                3.62043714523,
                -16.0867538452,
                -0.229529932141,
                -5.50766992569,
                -0.795287191868,
                -3.37356376648
            ]
        },
        "hfc": {
            "dmean": 7.74266433716,
            "dmean2": 12.1865062714,
            "dvar": 273.773162842,
            "dvar2": 665.917907715,
            "max": 186.700592041,
            "mean": 16.2427101135,
            "median": 11.514796257,
            "min": 1.16697224686e-16,
            "var": 362.141540527
        },
        "melbands": {
            "dmean": [
                0.00363130285405,
                0.00143146177288,
                0.00114575540647,
                0.000609605980571,
                0.000413619214669,
                0.000209823803743,
                0.000157961883815,
                0.000178469912498,
                0.000225643656449,
                5.59771979169e-05,
                5.27811389475e-05,
                6.18775156909e-05,
                5.6591732573e-05,
                8.62083688844e-05,
                3.53037357854e-05,
                4.250958591e-05,
                2.17583074118e-05,
                2.60369852185e-05,
                2.17303113459e-05,
                1.02468065961e-05,
                1.40131041917e-05,
                1.14023850983e-05,
                7.20053867553e-06,
                3.19239893543e-06,
                3.42621638083e-06,
                3.87468708141e-06,
                2.79090818367e-06,
                2.23419260692e-06,
