{
    "lowlevel": {
        "average_loudness": 0.936158418655,
        "barkbands": {
            "dmean": [
                0.00015795546642,
                0.00454231118783,
                0.00282086199149,
                0.00106070097536,
                0.00180358323269,
                0.00144789670594,
                0.00105068658013,
                0.00109760521445,
                0.00102192780469,
                0.00118049944285,
                0.000834990118165,
                0.000616424658801,
                0.000427591701737,
                0.000672649242915,
                0.000573042023461,
                0.000346933724359,
                0.00021784119599,
                0.000214577099541,
                9.60134493653e-05,
                0.00014581749565,
                0.000126433122205,
                0.000113351903565,
                0.000113880123536,
                0.000138861709274,
                0.000166852085385,
                8.80934530869e-05,
                1.21176681205e-05
            ],
            "dmean2": [
                0.000243559086812,
                0.00643653748557,
                0.0046542971395,
                0.00188462890219,
                0.00289800553583,
                0.00228411681019,
                0.00173651636578,
                0.0017171773361,
                0.00150766200386,
                0.00165905163158,
                0.00126058678143,
                0.000932763679884,
                0.000659370445646,
                0.00106514920481,
                0.000937443575822,
                0.000539823435247,
                0.000352240313077,
                0.000347743480233,
                0.000150026666233,
                0.000229873476201,
                0.000200998605578,
                0.000170369341504,
                0.000163189630257,
                0.000196424953174,
                0.000251251389273,
                0.00013967025734,
                1.80361457751e-05
            ],
            "dvar": [
                1.27574281805e-07,
                0.000120749355119,
                7.45083743823e-05,
                2.09561894735e-05,
                1.520618207e-05,
                1.03978154584e-05,
                7.17201100997e-06,
                8.28647262097e-06,
                8.52752418723e-06,
                1.36318558361e-05,
                7.42162956158e-06,
                3.05119056065e-06,
                1.82742110155e-06,
                4.04159845857e-06,
                3.77354217562e-06,
                1.42437829709e-06,
                2.90935645353e-07,
                1.93266430415e-07,
                2.9194033857e-08,
                7.20068200621e-08,
                9.50856247073e-08,
                5.60968764773e-08,
                7.71029746716e-08,
                1.93612777366e-07,
                2.29796015105e-07,
                8.61383142592e-08,
                4.69175542861e-09
            ],
            "dvar2": [
                3.10104496748e-07,
                0.00023744313512,
                0.00020229673828,
                5.93777986069e-05,
                3.83099068131e-05,
                2.46954405156e-05,
                1.86387842405e-05,
                1.85550634342e-05,
                1.72481068148e-05,
                2.6591542337e-05,
                1.38634804898e-05,
                7.0054702519e-06,
                3.84301847589e-06,
                9.79866581474e-06,
                9.55167979555e-06,
                3.32559625349e-06,
                7.24020196685e-07,
                4.39936968633e-07,
                6.31826964081e-08,
                1.82226685297e-07,
                2.518217741e-07,
                1.23181081335e-07,
                1.40862823628e-07,
                3.45394425949e-07,
                4.7905274414e-07,
                2.11420967844e-07,
                9.82865699939e-09
            ],
            "max": [
                0.00600389624014,
                0.13223053515,
                0.107585191727,
                0.0802684798837,
                0.0708349347115,
                0.0507747940719,
                0.0399171449244,
                0.0652886480093,
                0.0591534674168,
                0.0826833844185,
                0.0798040926456,
                0.0424138084054,
                0.0418281592429,
                0.0478790923953,
                0.0433962568641,
                0.0283163636923,
                0.0138457715511,
                0.0112216910347,
                0.00459365919232,
                0.0062859589234,
                0.00645227357745,
                0.00461498880759,
                0.00697027798742,
                0.0125469835475,
                0.0079907393083,
                0.00478109577671,
                0.00222996599041
            ],
            "mean": [
                0.000514907820616,
                0.0137020051479,
                0.00569818774238,
                0.00132863665931,
                0.00315832812339,
                0.00227327970788,
                0.00139565719292,
                0.00178249843884,
                0.00171662238427,
                0.00229472876526,
                0.00148376438301,
                0.00102960027289,
                0.000615831115283,
                0.000936533208005,
                0.000798007240519,
                0.00052598543698,
                0.000373569579097,
                0.000343663938111,
                0.000194063366507,
                0.000275377591606,
                0.000220993009862,
                0.000222845934331,
                0.000226982039749,
                0.000251726829447,
                0.000277129322058,
                0.000129430205561,
                1.78002355824e-05
            ],
            "median": [
                0.000376628537197,
                0.00654208194464,
                0.00266045890749,
                0.000551356177311,
                0.00149715831503,
                0.000918979640119,
                0.000310866540531,
                0.000291927077342,
                0.00029417136102,
                0.000298797589494,
                0.000231955447816,
                0.000350232672645,
                0.000162732394529,
                0.000201623668545,
                0.000214229265111,
                0.000140443517012,
                0.000148663384607,
                0.00018206211098,
                0.000104448670754,
                0.000145638652612,
                8.22697547846e-05,
                8.44388778205e-05,
                5.26934964e-05,
                4.56522866443e-05,
                4.71383864351e-05,
                1.78493810381e-05,
                2.09105132853e-06
            ],
            "min": [
                1.0000267422e-23,
                9.59412396272e-24,
                3.641486857e-24,
                5.53604439483e-24,
                2.9768224772e-23,
                2.69879476205e-23,
                8.52625084393e-24,
                2.9055331172e-23,
                4.10845512088e-23,
                3.06875948254e-23,
                2.55408012225e-23,
                2.93853937302e-23,
                4.30283865208e-23,
                7.85465143014e-23,
                8.79298128206e-23,
                1.11504378237e-22,
                1.0907462354e-22,
                1.06672409555e-22,
                1.3749575472e-22,
                2.44283741864e-22,
                3.32506840547e-22,
                4.41259002993e-22,
                5.00512529151e-22,
                7.21111511197e-22,
                1.01988552348e-21,
                1.37059505804e-21,
                2.11764759747e-21
            ],
            "var": [
                2.45302601343e-07,
                0.000339319958584,
                0.000128775733174,
                1.42206572491e-05,
                2.48472351814e-05,
                1.67503385455e-05,
                8.68808001542e-06,
                1.76772591658e-05,
                2.10293419514e-05,
                4.30399923061e-05,
                3.34949181706e-05,
                5.319320735e-06,
                3.18145202982e-06,
                5.71316741116e-06,
                4.690057267e-06,
                2.48760738941e-06,
                5.6814741356e-07,
                3.15892094704e-07,
                7.16527850386e-08,
                1.46768925902e-07,
                1.65553231568e-07,
                1.35956881309e-07,
                2.17488206999e-07,
                5.2304841347e-07,
                5.05654782046e-07,
                1.30909256768e-07,
                6.75114320003e-09
            ]
        },
        "barkbands_crest": {
            "dmean": 2.34614109993,
            "dmean2": 3.60468864441,
            "dvar": 6.20169687271,
            "dvar2": 14.1265506744,
            "max": 26.0673122406,
            "mean": 11.7432146072,
            "median": 10.6884794235,
            "min": 2.6049785614,
            "var": 27.5625095367
        },
        "barkbands_flatness_db": {
            "dmean": 0.0217957925051,
            "dmean2": 0.0307101458311,
            "dvar": 0.000668788212352,
            "dvar2": 0.00115797331091,
            "max": 0.735083758831,
            "mean": 0.164659619331,
            "median": 0.132894337177,
            "min": 0.0148297790438,
            "var": 0.0113323954865
        },
        "barkbands_kurtosis": {
            "dmean": 4.3163485527,
            "dmean2": 6.40294933319,
            "dvar": 120.620201111,
            "dvar2": 243.441925049,
            "max": 365.603912354,
            "mean": 7.64507961273,
            "median": 1.98729991913,
            "min": -1.91464018822,
            "var": 384.407562256
        },
        "barkbands_skewness": {
            "dmean": 0.587678313255,
            "dmean2": 0.851477563381,
            "dvar": 0.518680870533,
            "dvar2": 1.07378256321,
            "max": 15.1764726639,
            "mean": 1.72422432899,
            "median": 1.34183776379,
            "min": -4.92851114273,
            "var": 2.84511470795
        },
        "barkbands_spread": {
            "dmean": 6.02795028687,
            "dmean2": 9.03164482117,
            "dvar": 81.047958374,
            "dvar2": 158.008041382,
            "max": 113.538391113,
            "mean": 22.7770023346,
            "median": 19.2409152985,
            "min": 0.129566758871,
            "var": 346.252258301
        },
        "dissonance": {
            "dmean": 0.0263447649777,
            "dmean2": 0.0440391488373,
            "dvar": 0.000813275924884,
            "dvar2": 0.00216803513467,
            "max": 0.499889314175,
            "mean": 0.445414066315,
            "median": 0.460256457329,
            "min": 0.141729742289,
            "var": 0.00222994317301
        },
        "dynamic_complexity": 2.35384106636,
        "erbbands": {
            "dmean": [
                0.152658224106,
                1.04247915745,
                2.90050506592,
                3.23356509209,
                3.64608335495,
                7.21765232086,
                10.9301109314,
                11.2782869339,
                13.2833986282,
                18.7003250122,
                24.3933467865,
                17.7369766235,
                34.4714660645,
                32.0755958557,
                25.4740467072,
                20.1082420349,
                19.8000087738,
                24.8310718536,
                30.2079029083,
                27.0501708984,
                15.8139858246,
                12.1243019104,
                12.5732049942,
                5.38867712021,
                4.63727235794,
                7.0416059494,
                5.62830257416,
                4.6423830986,
                3.92470431328,
                4.11816930771,
                3.19967460632,
                3.05109977722,
                2.32725334167,
                2.07150244713,
                1.12615847588,
                0.539123117924,
                0.129822209477,
                0.021790323779,
                0.00215734378435,
                9.59850513027e-05
            ],
            "dmean2": [
                0.205812036991,
                1.46186602116,
                4.62754106522,
                5.43345165253,
                6.40099525452,
                11.6080226898,
                16.8005619049,
                18.2007865906,
                21.9605388641,
                30.2566204071,
                37.3502731323,
                26.5572357178,
                48.4476852417,
                44.7408218384,
                38.6779823303,
                30.3516330719,
                29.8474597931,
                38.729259491,
                48.5044746399,
                42.8880767822,
                24.3564167023,
                19.4224796295,
                20.2507381439,
                8.52871131897,
                7.19649410248,
                11.0259609222,
                8.72890377045,
                7.31535434723,
                6.00618982315,
                6.13633775711,
                4.47554302216,
                4.34761190414,
                3.29090595245,
                3.1134455204,
                1.71364486217,
                0.866422235966,
                0.204595595598,
                0.0321421138942,
                0.00318364216946,
                0.000144294317579
            ],
            "dvar": [
                0.149453282356,
                6.21643972397,
                70.3229217529,
                126.249015808,
                163.459259033,
                284.709320068,
                530.773010254,
                867.338134766,
                1304.41125488,
                2072.44311523,
                4111.3359375,
                3177.05273438,
                9452.3984375,
                8298.42871094,
                5581.08398438,
                3776.85473633,
                3743.18164063,
                5411.02832031,
                9447.84570313,
                6355.87060547,
                2728.19604492,
                624.901672363,
                769.725097656,
                101.380615234,
                66.5795288086,
                161.36517334,
                175.035949707,
                156.134765625,
                74.397819519,
                93.4824905396,
                71.8942718506,
                113.351593018,
                49.5577697754,
                42.7017784119,
                10.663271904,
                3.40774703026,
                0.181054875255,
                0.00703896582127,
                0.000156144640641,
                3.00534139797e-07
            ],
            "dvar2": [
                0.277899444103,
                12.6716775894,
                181.764129639,
                345.140350342,
                464.843017578,
                701.782958984,
                1169.11535645,
                2225.53149414,
                3370.58398438,
                5192.95263672,
                9100.4765625,
                7389.07617188,
                18815.3261719,
                15878.140625,
                11288.0839844,
                8869.5078125,
                7798.76220703,
                13065.8925781,
                23857.9238281,
                15447.0195313,
                6510.75341797,
                1566.17614746,
                1746.02209473,
                236.646881104,
                149.976867676,
                398.275085449,
                434.088989258,
                406.937103271,
                172.660461426,
                211.730148315,
                131.694595337,
                221.549514771,
                85.6882629395,
                91.7095108032,
                23.706161499,
                8.57107639313,
                0.421469122171,
                0.015077249147,
                0.000345408625435,
                6.58673172893e-07
            ],
            "max": [
                5.29820489883,
                32.2985038757,
                96.4457473755,
                166.717285156,
                237.651596069,
                359.985290527,
                459.499359131,
                500.805786133,
                625.749389648,
                838.960266113,
                1359.08618164,
                1221.17614746,
                2022.60009766,
                2928.92382813,
                2336.89697266,
                1623.74890137,
                1764.34399414,
                1706.52124023,
                2704.65673828,
                1619.99365234,
                1652.26464844,
                626.855712891,
                789.512023926,
                263.734588623,
                154.269073486,
                242.285110474,
                298.399078369,
                285.049316406,
                209.772567749,
                294.595916748,
                218.094711304,
                321.606201172,
                260.030212402,
                135.329727173,
                58.4148025513,
                32.2743263245,
                6.99108695984,
                2.42185807228,
                0.410693407059,
                0.0193565506488
            ],
            "mean": [
                0.419945448637,
                2.95053839684,
                6.27208518982,
                6.38741445541,
                4.65146827698,
                12.1508579254,
                20.32056427,
                17.0108337402,
                17.7367973328,
                27.5278282166,
                42.363117218,
                28.6967029572,
                70.4039611816,
                65.5393981934,
                49.5188331604,
                34.0016403198,
                31.7167396545,
                37.5702819824,
                43.5650596619,
                41.7857055664,
                27.7781333923,
                22.9626522064,
                20.6717090607,
                10.8774213791,
                10.1882343292,
                13.1853523254,
                10.0835018158,
                8.07319545746,
                7.58231782913,
                8.0874080658,
                6.23209238052,
                5.33265209198,
                4.18639087677,
                3.38117003441,
                1.77864003181,
                0.751446008682,
                0.195979163051,
                0.0332063660026,
                0.00319607160054,
                0.000183925047168
            ],
            "median": [
                0.192046016455,
                1.29515779018,
                3.05010199547,
                3.42712926865,
                1.93189525604,
                5.01265478134,
                7.43461465836,
                7.06887102127,
                5.11125946045,
                7.73860502243,
                7.39015388489,
                7.58103132248,
                13.7585315704,
                14.5401964188,
                15.986413002,
                13.2345342636,
                9.69484996796,
                11.1371440887,
                12.7529287338,
                13.121181488,
                9.3681268692,
                10.2740564346,
                11.4592876434,
                6.64376306534,
                5.93794822693,
                6.79086875916,
                4.25257205963,
                2.97099280357,
                2.92881083488,
                2.70662665367,
                1.32267713547,
                0.769948899746,
                0.806770563126,
                0.558243632317,
                0.289238631725,
                0.101174995303,
                0.0276885442436,
                0.00506616942585,
                0.00038665192551,
                7.08753286744e-05
            ],
            "min": [
                3.08354216793e-22,
                2.00223045652e-21,
                4.09256372621e-21,
                1.30734441786e-20,
                3.84816053187e-20,
                5.53211543586e-20,
                4.70848459136e-20,
                2.55239916291e-19,
                1.91214909033e-19,
                3.15416426974e-19,
                7.12602035644e-19,
                8.92451470136e-19,
                3.96942624365e-19,
                1.16195166999e-18,
                1.20229854174e-18,
                1.817724433e-18,
                2.70209569272e-18,
                2.87638657689e-18,
                4.11996329236e-18,
                4.50618260576e-18,
                6.6591389392e-18,
                7.56077076997e-18,
                5.46426744538e-18,
                6.54969508594e-18,
                8.4557694394e-18,
                1.0715920522e-17,
                1.52364882122e-17,
                1.29512553591e-17,
                1.45484277982e-17,
                1.44413707746e-17,
                1.49033081333e-17,
                1.13981021634e-17,
                1.23402633627e-17,
                9.90464162956e-18,
                6.47522980566e-18,
                3.50774789586e-18,
                2.88950462743e-18,
                1.03866164046e-18,
                2.86097216958e-19,
                3.00839223372e-20
            ],
            "var": [
                0.355790674686,
                17.315908432,
                121.44077301,
                166.279373169,
                115.468353271,
                516.676452637,
                1365.31591797,
                1006.0680542,
                1497.31811523,
                2952.67089844,
                8685.1953125,
                4996.28271484,
                29918.5273438,
                31084.1347656,
                24377.5527344,
                5714.13476563,
                6718.53515625,
                7288.23339844,
                11154.3720703,
                9619.22265625,
                5265.56494141,
                1496.97253418,
                1246.51916504,
                202.203979492,
                171.450790405,
                353.491088867,
                323.656951904,
                237.572494507,
                163.470794678,
                207.668167114,
                188.488494873,
                257.105316162,
                138.651290894,
                89.0883483887,
                20.7902145386,
                4.69704532623,
                0.301660269499,
                0.0116588128731,
                0.000215184991248,
                4.08042836852e-07
            ]
        },
        "erbbands_crest": {
            "dmean": 3.0276863575,
            "dmean2": 4.84065628052,
            "dvar": 8.93433189392,
            "dvar2": 21.9342136383,
            "max": 31.1340370178,
            "mean": 10.4906368256,
            "median": 9.35659885406,
            "min": 1.94661319256,
            "var": 27.8044261932
        },
        "erbbands_flatness_db": {
            "dmean": 0.0189287085086,
            "dmean2": 0.0273074880242,
            "dvar": 0.000417683477281,
            "dvar2": 0.000825393595733,
            "max": 0.520813047886,
            "mean": 0.162419989705,
            "median": 0.151428222656,
            "min": 0.0205918364227,
            "var": 0.00451866397634
        },
        "erbbands_kurtosis": {
            "dmean": 1.51387834549,
            "dmean2": 2.31914973259,
            "dvar": 11.2513628006,
            "dvar2": 23.1244602203,
            "max": 138.860275269,
            "mean": 1.84329199791,
            "median": 0.25578546524,
            "min": -1.80581569672,
            "var": 31.920841217
        },
        "erbbands_skewness": {
            "dmean": 0.421750575304,
            "dmean2": 0.631452918053,
            "dvar": 0.212917819619,
            "dvar2": 0.43802985549,
            "max": 8.65958786011,
            "mean": 0.498582333326,
            "median": 0.339023321867,
            "min": -4.16635274887,
            "var": 1.00999593735
        },
        "erbbands_spread": {
            "dmean": 8.76996517181,
            "dmean2": 12.9117393494,
            "dvar": 118.822692871,
            "dvar2": 255.238418579,
            "max": 160.523620605,
            "mean": 36.9606208801,
            "median": 32.8996429443,
            "min": 1.21773207188,
            "var": 511.780487061
        },
        "gfcc": {
            "cov": [
                [
                    9941.890625,
                    -4200.33007813,
                    -1164.01013184,
                    113.984321594,
                    -1004.08074951,
                    654.226196289,
                    -825.684936523,
                    575.153991699,
                    -279.706634521,
                    546.924072266,
                    -581.030456543,
                    493.26385498,
                    -272.273529053
                ],
                [
                    -4200.33007813,
                    3086.51098633,
                    291.241455078,
                    -87.6019363403,
                    700.156005859,
                    -397.040313721,
                    592.310241699,
                    -306.506835938,
                    219.605926514,
                    -297.702301025,
                    356.004547119,
                    -317.475830078,
                    170.589447021
                ],
                [
                    -1164.01013184,
                    291.241455078,
                    1009.98175049,
                    85.3860168457,
                    77.3029098511,
                    -21.1017818451,
                    -27.9899253845,
                    -31.0155124664,
                    47.0660247803,
                    -25.2919559479,
                    68.4693603516,
                    -1.20146000385,
                    6.93485641479
                ],
                [
                    113.984321594,
                    -87.6019363403,
                    85.3860168457,
                    486.865264893,
                    78.265586853,
                    -76.3364257813,
                    -58.961479187,
                    -8.435090065,
                    39.6667098999,
                    -0.149223491549,
                    33.2736053467,
                    28.0617198944,
                    49.671672821
                ],
                [
                    -1004.08074951,
                    700.156005859,
                    77.3029098511,
                    78.265586853,
                    504.815582275,
                    -100.556137085,
                    183.390899658,
                    -64.4720306396,
                    70.6913986206,
                    -80.7057723999,
                    84.8989181519,
                    -51.1713562012,
                    48.0725860596
                ],
                [
                    654.226196289,
                    -397.040313721,
                    -21.1017818451,
                    -76.3364257813,
                    -100.556137085,
                    333.585876465,
                    18.3435516357,
                    72.94165802,
                    -23.9075660706,
                    29.1974945068,
                    -51.1587677002,
                    28.3107242584,
                    -17.3950901031
                ],
                [
                    -825.684936523,
                    592.310241699,
                    -27.9899253845,
                    -58.961479187,
                    183.390899658,
                    18.3435516357,
                    363.380218506,
                    -22.6180000305,
                    5.76498413086,
                    -71.8555755615,
                    51.0325546265,
                    -76.2013092041,
                    4.23755455017
                ],
                [
                    575.153991699,
                    -306.506835938,
                    -31.0155124664,
                    -8.435090065,
                    -64.4720306396,
                    72.94165802,
                    -22.6180000305,
                    164.550567627,
                    7.42208242416,
                    39.3133888245,
                    -40.3396072388,
                    25.8877811432,
                    -29.4108791351
                ],
                [
                    -279.706634521,
                    219.605926514,
                    47.0660247803,
                    39.6667098999,
                    70.6913986206,
                    -23.9075660706,
                    5.76498413086,
                    7.42208242416,
                    155.293136597,
                    10.1784915924,
                    13.3634738922,
                    -26.3253974915,
                    25.446062088
                ],
                [
                    546.924072266,
                    -297.702301025,
                    -25.2919559479,
                    -0.149223491549,
                    -80.7057723999,
                    29.1974945068,
                    -71.8555755615,
                    39.3133888245,
                    10.1784915924,
                    144.252838135,
                    -18.7362174988,
                    31.2671089172,
                    -30.3184432983
                ],
                [
                    -581.030456543,
                    356.004547119,
                    68.4693603516,
                    33.2736053467,
                    84.8989181519,
                    -51.1587677002,
                    51.0325546265,
                    -40.3396072388,
                    13.3634738922,
                    -18.7362174988,
                    148.339691162,
                    -8.42743778229,
                    19.5824165344
                ],
                [
                    493.26385498,
                    -317.475830078,
                    -1.20146000385,
                    28.0617198944,
                    -51.1713562012,
                    28.3107242584,
                    -76.2013092041,
                    25.8877811432,
                    -26.3253974915,
                    31.2671089172,
                    -8.42743778229,
                    138.785324097,
                    6.63161420822
                ],
                [
                    -272.273529053,
                    170.589447021,
                    6.93485641479,
                    49.671672821,
                    48.0725860596,
                    -17.3950901031,
                    4.23755455017,
                    -29.4108791351,
                    25.446062088,
                    -30.3184432983,
                    19.5824165344,
                    6.63161420822,
                    129.21534729
                ]
            ],
            "icov": [
                [
                    0.000361742742825,
                    9.99274634523e-05,
                    0.00032672836096,
                    -0.000208382523851,
                    2.98887334793e-05,
                    -0.000323238462443,
                    0.000335536227794,
                    -0.000452033564216,
                    0.000267738418188,
                    -0.000517917622346,
                    0.00055084656924,
                    -0.000479633163195,
                    0.000291247444693
                ],
                [
                    9.99274634523e-05,
                    0.00182946876157,
                    -0.000168163911439,
                    0.000714239780791,
                    -0.000516092521138,
                    0.00111575273331,
                    -0.00149263674393,
                    0.00100967485923,
                    -0.00156650540885,
                    0.00109707075171,
                    -0.00210243882611,
                    0.00163631164469,
                    -0.00104871718213
                ],
                [
                    0.00032672836096,
                    -0.000168163911439,
                    0.00139936199412,
                    -0.000423920078902,
                    -3.58058332495e-06,
                    -0.000601685140282,
                    0.000775233202148,
                    -0.00044370253454,
                    0.000182015864993,
                    -0.000392709946027,
                    0.000348149886122,
                    -0.000705070851836,
                    0.000647679262329
                ],
                [
                    -0.000208382523851,
                    0.000714239780791,
                    -0.000423920078902,
                    0.00284003419802,
                    -0.000627888774034,
                    0.00109814142343,
                    -0.000385304185329,
                    0.000489090860356,
                    -0.00112580799032,
                    0.000753262254875,
                    -0.00155873270705,
                    0.000624526466709,
                    -0.00134300708305
                ],
                [
                    2.98887334793e-05,
                    -0.000516092521138,
                    -3.58058332495e-06,
                    -0.000627888774034,
                    0.0033078098204,
                    0.000217629203689,
                    -0.000950462825131,
                    5.80610831094e-05,
                    -0.000659407582134,
                    0.000365804153262,
                    7.81010676292e-05,
                    -0.000723438279238,
                    6.99222728144e-05
                ],
                [
                    -0.000323238462443,
                    0.00111575273331,
                    -0.000601685140282,
                    0.00109814142343,
                    0.000217629203689,
                    0.00488934712484,
                    -0.00220800330862,
                    -7.92006539996e-05,
                    -0.00109770230483,
                    0.000915936077945,
                    -0.00116622133646,
                    0.000938476936426,
                    -0.00135268189479
                ],
                [
                    0.000335536227794,
                    -0.00149263674393,
                    0.000775233202148,
                    -0.000385304185329,
                    -0.000950462825131,
                    -0.00220800330862,
                    0.00604198779911,
                    -0.00172917929012,
                    0.00213865889236,
                    -0.000408922991483,
                    0.00139639887493,
                    -0.000273175159236,
                    0.00153402448632
                ],
                [
                    -0.000452033564216,
                    0.00100967485923,
                    -0.00044370253454,
                    0.000489090860356,
                    5.80610831094e-05,
                    -7.92006539996e-05,
                    -0.00172917929012,
                    0.00907967612147,
                    -0.00256455689669,
                    0.000461629388155,
                    -0.000820829067379,
                    0.000550959142856,
                    0.000350888003595
                ],
                [
                    0.000267738418188,
                    -0.00156650540885,
                    0.000182015864993,
                    -0.00112580799032,
                    -0.000659407582134,
                    -0.00109770230483,
                    0.00213865889236,
                    -0.00256455689669,
                    0.00962264556438,
                    -0.00307558476925,
                    0.00235030357726,
                    1.11581093734e-05,
                    -0.000474416388897
                ],
                [
                    -0.000517917622346,
                    0.00109707075171,
                    -0.000392709946027,
                    0.000753262254875,
                    0.000365804153262,
                    0.000915936077945,
                    -0.000408922991483,
                    0.000461629388155,
                    -0.00307558476925,
                    0.0106717301533,
                    -0.00271883886307,
                    0.000641735387035,
                    0.000786272634286
                ],
                [
                    0.00055084656924,
                    -0.00210243882611,
                    0.000348149886122,
                    -0.00155873270705,
                    7.81010676292e-05,
                    -0.00116622133646,
                    0.00139639887493,
                    -0.000820829067379,
                    0.00235030357726,
                    -0.00271883886307,
                    0.0120483106002,
                    -0.00353719410487,
                    0.0013530200813
                ],
                [
                    -0.000479633163195,
                    0.00163631164469,
                    -0.000705070851836,
                    0.000624526466709,
                    -0.000723438279238,
                    0.000938476936426,
                    -0.000273175159236,
                    0.000550959142856,
                    1.11581093734e-05,
                    0.000641735387035,
                    -0.00353719410487,
                    0.011584173888,
                    -0.00275337928906
                ],
                [
                    0.000291247444693,
                    -0.00104871718213,
                    0.000647679262329,
                    -0.00134300708305,
                    6.99222728144e-05,
                    -0.00135268189479,
                    0.00153402448632,
                    0.000350888003595,
                    -0.000474416388897,
                    0.000786272634286,
                    0.0013530200813,
                    -0.00275337928906,
                    0.0102543504909
                ]
            ],
            "mean": [
                9.10338973999,
                96.9626693726,
                -96.1837539673,
                28.4141998291,
                -44.7128219604,
                20.6215686798,
                -27.6143093109,
                11.3129272461,
                -19.7080974579,
                3.90940475464,
                -12.8792572021,
                2.91053152084,
                -5.45112037659
            ]
        },
        "hfc": {
            "dmean": 8.56008911133,
            "dmean2": 12.6779937744,
            "dvar": 190.347137451,
            "dvar2": 397.65524292,
            "max": 223.221633911,
            "mean": 30.4102687836,
            "median": 23.0900096893,
            "min": 1.10404173552e-16,
            "var": 742.773742676
        },
        "melbands": {
            "dmean": [
                0.00129210774321,
                0.00129445607308,
                0.000541550805792,
                0.000373430171749,
                0.000361719517969,
                0.000258159619989,
                0.000205662101507,
                0.000213863633689,
                0.000196037508431,
                0.000119943841128,
                0.000184472010005,
                0.000141490570968,
                0.000105815764982,
                6.58635544823e-05,
                4.83494040964e-05,
                4.94110645377e-05,
                5.08571902174e-05,
                5.45631010027e-05,
                5.06127580593e-05,
                2.96565922326e-05,
                1.74245051312e-05,
                1.46101356222e-05,
                1.19034793897e-05,
                9.48928118305e-06,
                4.36117716163e-06,
                3.94258222514e-06,
                4.2518850023e-06,
