{
    "lowlevel": {
        "average_loudness": 0.962496578693,
        "barkbands": {
            "dmean": [
                0.00040139403427,
                0.0074768057093,
                0.00279106129892,
                0.00109231565148,
                0.00168265786488,
                0.00126645911951,
                0.00245590507984,
                0.00100386934355,
                0.00120960478671,
                0.00104532006662,
                0.000626230728813,
                0.000714104215149,
                0.000809598714113,
                0.000713301007636,
                0.000483417272335,
                0.000253277015872,
                0.000270451098913,
                0.00023166097526,
                0.000131474647787,
                0.000124248748762,
                0.000188715261174,
                0.000141338241519,
                0.000181598457857,
                9.86906306935e-05,
                0.000239694854827,
                9.29094094317e-05,
                3.5427066905e-05
            ],
            "dmean2": [
                0.000667502754368,
                0.0121808741242,
                0.00491506513208,
                0.00186148833018,
                0.00276629975997,
                0.00207557925023,
                0.00387386325747,
                0.00159713858739,
                0.00189802458044,
                0.00160183815751,
                0.000961426994763,
                0.00111566181295,
                0.00126218353398,
                0.00108791317325,
                0.000731187115889,
                0.00039311760338,
                0.000434712128481,
                0.00037739178515,
                0.00021172023844,
                0.000195969943888,
                0.000293713295832,
                0.000221252310439,
                0.00028157842462,
                0.000149441068061,
                0.000346427259501,
                0.000144421035657,
                5.3753155953e-05
            ],
            "dvar": [
                7.61572266583e-07,
                7.06792925484e-05,
                2.00953018066e-05,
                3.43925967172e-06,
                1.15280017781e-05,
                6.2717936089e-06,
                2.78935622191e-05,
                6.17871228314e-06,
                4.89425246997e-06,
                4.50907054983e-06,
                1.49456673171e-06,
                1.42568387673e-06,
                1.9542105747e-06,
                1.81886059636e-06,
                1.04583705252e-06,
                4.00012538648e-07,
                2.27171142342e-07,
                1.99983176685e-07,
                5.48218537233e-08,
                5.18779152969e-08,
                1.78448786414e-07,
                8.74051053756e-08,
                1.48754111251e-07,
                3.63716736729e-08,
                4.38469612618e-07,
                3.56063480922e-08,
                6.49363363081e-09
            ],
            "dvar2": [
                1.98462635126e-06,
                0.000179132635822,
                5.80950691074e-05,
                9.46529598878e-06,
                2.97849182971e-05,
                1.69036648003e-05,
                7.32536427677e-05,
                1.60037197929e-05,
                1.17922545542e-05,
                1.08540552901e-05,
                3.09870893034e-06,
                3.21635548062e-06,
                4.41472411694e-06,
                3.93638219975e-06,
                2.15815362026e-06,
                8.9557750016e-07,
                5.57743533136e-07,
                5.01548470311e-07,
                1.34828937348e-07,
                1.23213467873e-07,
                4.22350069584e-07,
                2.09628552739e-07,
                3.43594706465e-07,
                7.75217756654e-08,
                9.46129375734e-07,
                8.64319034122e-08,
                1.49267549432e-08
            ],
            "max": [
                0.0233234297484,
                0.0791857242584,
                0.0449588447809,
                0.0246827136725,
                0.0558571442962,
                0.0371852070093,
                0.0717540830374,
                0.0589709430933,
                0.0369025655091,
                0.055564314127,
                0.0302045773715,
                0.0302128214389,
                0.0275016017258,
                0.0240489505231,
                0.0213587917387,
                0.0164546538144,
                0.00901620928198,
                0.0112334508449,
                0.00438710581511,
                0.00516672385857,
                0.00812260340899,
                0.00610519433394,
                0.00490719638765,
                0.00440645031631,
                0.00889322534204,
                0.00206308648922,
                0.00100775377359
            ],
            "mean": [
                0.000814225699287,
                0.0127593819052,
                0.00355335371569,
                0.00143747380935,
                0.00243824138306,
                0.00188569561578,
                0.00395777123049,
                0.0014707747614,
                0.00211406010203,
                0.00179812277202,
                0.00120880454779,
                0.00121470587328,
                0.0014030514285,
                0.00124940997921,
                0.000790085701738,
                0.000404426216846,
                0.000465516961413,
                0.000344929954736,
                0.000216416054172,
                0.000196687440621,
                0.000298255385133,
                0.000222511269385,
                0.000273856974673,
                0.000140570104122,
                0.000348188128555,
                0.00010290996579,
                4.10752691096e-05
            ],
            "median": [
                0.000157948554261,
                0.0095009887591,
                0.00179878156632,
                0.000638414523564,
                0.00138492672704,
                0.000880875973962,
                0.000935162766837,
                0.000479135313071,
                0.000886805006303,
                0.000725191319361,
                0.000296455866192,
                0.000587939983234,
                0.000658254954033,
                0.00039414386265,
                0.000257457664702,
                0.00015928108769,
                0.000256543222349,
                0.000171694118762,
                0.00012556592992,
                9.96159069473e-05,
                0.000123979509226,
                9.6223608125e-05,
                9.12142495508e-05,
                5.35057442903e-05,
                4.63159012725e-05,
                2.17992328544e-05,
                7.86670716479e-06
            ],
            "min": [
                5.94410734996e-25,
                3.56110548063e-24,
                1.39734265079e-24,
                1.28527391515e-24,
                9.47127544281e-24,
                8.20206924379e-24,
                9.65450574298e-24,
                1.87075113566e-23,
                2.27710364313e-23,
                1.58975257034e-23,
                2.08190300981e-23,
                1.86969753304e-23,
                2.56531807693e-23,
                3.44842687663e-23,
                5.22271704743e-23,
                6.0642445155e-23,
                1.03636494138e-22,
                1.00997432555e-22,
                1.33934937568e-22,
                2.27909387609e-22,
                3.0611327122e-22,
                3.6106484225e-22,
                4.57888746233e-22,
                6.39141012401e-22,
                9.49775706163e-22,
                1.35417847133e-21,
                1.96279801355e-21
            ],
            "var": [
                2.52489303421e-06,
                0.000140975796967,
                2.15312611545e-05,
                4.66724577564e-06,
                1.33045168695e-05,
                9.22068466025e-06,
                6.72665191814e-05,
                8.53138317325e-06,
                9.57773681876e-06,
                1.01252580862e-05,
                5.88588864048e-06,
                3.48310709342e-06,
                4.08389814766e-06,
                4.45919476988e-06,
                2.39245105149e-06,
                8.60071224906e-07,
                4.35371163121e-07,
                2.78029034462e-07,
                8.33879667539e-08,
                8.93494345178e-08,
                2.66147850425e-07,
                1.51178852548e-07,
                2.40653946548e-07,
                7.77190933832e-08,
                7.08758818746e-07,
                3.93258687836e-08,
                7.7432567025e-09
            ]
        },
        "barkbands_crest": {
            "dmean": 3.20874929428,
            "dmean2": 5.18541765213,
            "dvar": 7.9782409668,
            "dvar2": 19.2491073608,
            "max": 26.5299453735,
            "mean": 10.9333515167,
            "median": 9.60106754303,
            "min": 2.56081032753,
            "var": 25.9428043365
        },
        "barkbands_flatness_db": {
            "dmean": 0.0285393744707,
            "dmean2": 0.0421535260975,
            "dvar": 0.000801240385044,
            "dvar2": 0.00169775856193,
            "max": 0.480696737766,
            "mean": 0.134306952357,
            "median": 0.117790363729,
            "min": 0.0181868989021,
            "var": 0.0048511987552
        },
        "barkbands_kurtosis": {
            "dmean": 3.81590342522,
            "dmean2": 6.05343341827,
            "dvar": 203.942733765,
            "dvar2": 488.865966797,
            "max": 543.013977051,
            "mean": 4.22423887253,
            "median": 1.20282459259,
            "min": -1.88913273811,
            "var": 302.832061768
        },
        "barkbands_skewness": {
            "dmean": 0.629869818687,
            "dmean2": 0.964395940304,
            "dvar": 0.652958989143,
            "dvar2": 1.43720293045,
            "max": 19.183391571,
            "mean": 1.39702391624,
            "median": 1.1984975338,
            "min": -7.43097496033,
            "var": 1.90635836124
        },
        "barkbands_spread": {
            "dmean": 6.873087883,
            "dmean2": 10.3643627167,
            "dvar": 58.1586380005,
            "dvar2": 122.496864319,
            "max": 118.264930725,
            "mean": 24.8079051971,
            "median": 22.9450645447,
            "min": 0.252089649439,
            "var": 198.24621582
        },
        "dissonance": {
            "dmean": 0.0238961242139,
            "dmean2": 0.0402418859303,
            "dvar": 0.000606828310993,
            "dvar2": 0.00167813233566,
            "max": 0.500000059605,
            "mean": 0.457083672285,
            "median": 0.465937316418,
            "min": 0.196943178773,
            "var": 0.00127882068045
        },
        "dynamic_complexity": 2.63130378723,
        "erbbands": {
            "dmean": [
                0.215479165316,
                1.76467835903,
                3.23302268982,
                3.35752081871,
                3.94287657738,
                6.58699893951,
                7.02737379074,
                12.1492195129,
                34.2134399414,
                21.175743103,
                27.2045822144,
                29.7196044922,
                18.7024440765,
                42.0773887634,
                22.5003604889,
                30.2061424255,
                36.0272941589,
                38.1293563843,
                28.5580425262,
                16.4194431305,
                12.1598968506,
                13.422668457,
                13.1346435547,
                7.35894441605,
                6.93070983887,
                5.95244026184,
                5.74837779999,
                8.38111019135,
                5.14313173294,
                6.46475744247,
                3.94338107109,
                2.40900921822,
                1.53585779667,
                1.86394095421,
                2.23301291466,
                0.495402544737,
                0.163682833314,
                0.0381213612854,
                0.00445394450799,
                0.000450884806924
            ],
            "dmean2": [
                0.352745950222,
                2.86328220367,
                5.64502859116,
                5.69059991837,
                6.65427732468,
                10.8473052979,
                11.4615497589,
                20.0708522797,
                53.5689659119,
                34.4949951172,
                43.2845001221,
                46.6601142883,
                28.723985672,
                64.4220275879,
                34.1616210938,
                47.0942993164,
                55.9359359741,
                58.313583374,
                42.3996047974,
                25.585226059,
                18.8218231201,
                21.3301410675,
                21.3546142578,
                11.8305263519,
                11.2009334564,
                9.40761089325,
                8.84536743164,
                13.2242326736,
                7.96762514114,
                10.0399770737,
                6.16723680496,
                3.69617986679,
                2.32618403435,
                2.77470374107,
                3.21558642387,
                0.739239275455,
                0.256595849991,
                0.0594528019428,
                0.00639084400609,
                0.000704244885128
            ],
            "dvar": [
                0.068920314312,
                3.95337152481,
                22.4777774811,
                29.3641586304,
                43.5943832397,
                253.241958618,
                163.772476196,
                736.411437988,
                5347.71679688,
                2310.23217773,
                4575.546875,
                3404.33862305,
                912.669677734,
                9023.14550781,
                1432.92602539,
                2665.32958984,
                4225.31054688,
                5168.48583984,
                3259.60180664,
                1932.85534668,
                836.689453125,
                573.629394531,
                669.203552246,
                163.489181519,
                157.193710327,
                125.963882446,
                117.939994812,
                485.561981201,
                124.833099365,
                225.674072266,
                55.9753684998,
                21.2670345306,
                9.43216323853,
                17.6406497955,
                47.3098983765,
                0.983415603638,
                0.118835508823,
                0.00679995119572,
                8.13770311652e-05,
                2.04003004001e-06
            ],
            "dvar2": [
                0.183298960328,
                9.9000825882,
                65.8544006348,
                79.8613891602,
                115.625831604,
                659.699707031,
                389.873077393,
                2037.09484863,
                12924.3408203,
                6572.20361328,
                11890.3193359,
                8241.93847656,
                2036.52001953,
                22788.4199219,
                2999.90600586,
                6111.56445313,
                9607.56738281,
                11652.0039063,
                6466.69335938,
                4666.20703125,
                1669.50585938,
                1376.46582031,
                1701.94628906,
                407.39944458,
                392.090301514,
                296.776062012,
                280.710632324,
                1175.14978027,
                295.361175537,
                529.177612305,
                131.324859619,
                48.0659942627,
                19.9004459381,
                40.0537338257,
                99.7551803589,
                2.30502557755,
                0.291251063347,
                0.0153389265761,
                0.000170840605278,
                5.25235736859e-06
            ],
            "max": [
                2.77750611305,
                20.0468063354,
                53.6317481995,
                67.9724960327,
                84.1796417236,
                264.664855957,
                258.271789551,
                434.226989746,
                1126.72229004,
                1043.19763184,
                1688.97717285,
                937.718444824,
                580.646484375,
                2470.13110352,
                960.808959961,
                867.890441895,
                1466.46984863,
                1322.44543457,
                1268.37011719,
                1511.0760498,
                934.48840332,
                501.848449707,
                701.367614746,
                228.19342041,
                249.66217041,
                330.225463867,
                236.791595459,
                421.176605225,
                261.502197266,
                185.17515564,
                112.855781555,
                124.818191528,
                83.8031463623,
                52.8357963562,
                95.6387634277,
                11.0249128342,
                4.31539011002,
                0.978422403336,
                0.121389888227,
                0.0212941542268
            ],
            "mean": [
                0.344391733408,
                2.89671373367,
                4.74596309662,
                4.95679044724,
                5.76578474045,
                8.57294559479,
                11.1051492691,
                17.1913414001,
                55.5883827209,
                34.0360794067,
                42.5632476807,
                49.7201118469,
                37.9016685486,
                74.7136764526,
                48.4597854614,
                54.7868461609,
                64.8863143921,
                69.7670059204,
                53.3869819641,
                27.5007953644,
                21.8444385529,
                24.0568523407,
                21.6782627106,
                12.7438955307,
                10.9663038254,
                9.5756187439,
                9.9491147995,
                12.3282566071,
                7.96790361404,
                10.1623420715,
                6.07417345047,
                3.45645523071,
                2.13118362427,
                2.55967974663,
                3.26731300354,
                0.614168167114,
                0.172460004687,
                0.0437097400427,
                0.00558305671439,
                0.000511166756041
            ],
            "median": [
                0.242713004351,
                1.99186682701,
                3.08905100822,
                2.56512832642,
                3.43827033043,
                4.00593185425,
                5.0859708786,
                7.79433917999,
                14.8974533081,
                11.1037893295,
                17.5321922302,
                22.3184509277,
                20.8965988159,
                32.7875213623,
                21.7518672943,
                30.5528907776,
                33.8690643311,
                30.2526321411,
                19.3267059326,
                10.9281425476,
                9.82207489014,
                13.9309053421,
                12.4404716492,
                7.51300907135,
                6.07799339294,
                4.96082878113,
                4.85251045227,
                4.25767707825,
                3.36807084084,
                3.22607040405,
                2.39380788803,
                1.35836529732,
                0.751965045929,
                0.533450484276,
                0.299169421196,
                0.115000411868,
                0.0383394174278,
                0.00971475243568,
                0.00133525626734,
                0.000113385118311
            ],
            "min": [
                2.6353414414e-22,
                3.51725789362e-22,
                1.73122843756e-21,
                6.56529172826e-21,
                1.793861358e-20,
                3.31073999542e-20,
                7.82268711947e-20,
                1.29223318516e-19,
                1.34597614353e-19,
                3.08697032064e-19,
                4.00025474809e-19,
                5.52598628602e-19,
                3.86541034957e-19,
                8.88979896502e-19,
                9.8467848952e-19,
                1.31817031214e-18,
                1.35555432634e-18,
                2.38235771234e-18,
                1.97442056516e-18,
                2.9184464363e-18,
                4.13322092963e-18,
                5.92502938045e-18,
                5.67596198929e-18,
                6.64332035076e-18,
                8.51222368903e-18,
                9.31851054649e-18,
                9.82379547803e-18,
                1.32174205735e-17,
                1.19095611711e-17,
                7.8707616676e-18,
                1.45662965538e-17,
                1.23534668196e-17,
                8.95849424694e-18,
                9.46712098816e-18,
                6.76535141139e-18,
                4.45350360845e-18,
                2.39397215532e-18,
                1.04043449531e-18,
                2.89055214828e-19,
                2.86078249965e-20
            ],
            "var": [
                0.108200073242,
                8.80736064911,
                27.6174850464,
                42.674571991,
                54.7732009888,
                260.115264893,
                311.418060303,
                953.991394043,
                13158.5966797,
                4163.47460938,
                6240.43994141,
                6108.7421875,
                2365.42944336,
                16933.6269531,
                5900.43847656,
                5726.27148438,
                8662.82617188,
                11284.8339844,
                8576.0390625,
                3356.34814453,
                2347.0222168,
                1130.89379883,
                916.044677734,
                266.767303467,
                227.872543335,
                210.308609009,
                222.40562439,
                634.276611328,
                214.718597412,
                359.453979492,
                95.670791626,
                40.460308075,
                19.5519275665,
                27.1295070648,
                78.1397476196,
                1.30366885662,
                0.122153066099,
                0.00810904242098,
                0.000123281148262,
                1.91619687939e-06
            ]
        },
        "erbbands_crest": {
            "dmean": 3.17150044441,
            "dmean2": 5.09192037582,
            "dvar": 8.53708171844,
            "dvar2": 20.7496185303,
            "max": 33.9491119385,
            "mean": 10.7639112473,
            "median": 9.5742225647,
            "min": 2.34119367599,
            "var": 26.1692829132
        },
        "erbbands_flatness_db": {
            "dmean": 0.0229978263378,
            "dmean2": 0.0320971086621,
            "dvar": 0.000531238969415,
            "dvar2": 0.00101762253325,
            "max": 0.504218816757,
            "mean": 0.153549537063,
            "median": 0.140577226877,
            "min": 0.043376468122,
            "var": 0.00376425078139
        },
        "erbbands_kurtosis": {
            "dmean": 1.41079723835,
            "dmean2": 2.20710897446,
            "dvar": 9.05718898773,
            "dvar2": 24.0392627716,
            "max": 97.2826080322,
            "mean": 1.6075835228,
            "median": 0.841708302498,
            "min": -1.83016681671,
            "var": 13.2635736465
        },
        "erbbands_skewness": {
            "dmean": 0.438713133335,
            "dmean2": 0.671317517757,
            "dvar": 0.186323821545,
            "dvar2": 0.429617881775,
            "max": 8.21649360657,
            "mean": 0.435368210077,
            "median": 0.438741922379,
            "min": -4.13368558884,
            "var": 0.74595707655
        },
        "erbbands_spread": {
            "dmean": 8.56315040588,
            "dmean2": 12.623208046,
            "dvar": 86.0321350098,
            "dvar2": 188.624740601,
            "max": 117.790771484,
            "mean": 32.4066848755,
            "median": 28.7669181824,
            "min": 0.779399514198,
            "var": 312.020507813
        },
        "gfcc": {
            "cov": [
                [
                    20048.7636719,
                    -625.957580566,
                    272.793334961,
                    228.516265869,
                    -290.903198242,
                    318.424804688,
                    -758.485473633,
                    100.607063293,
                    -436.129943848,
                    304.224273682,
                    -446.951171875,
                    167.536605835,
                    -247.100479126
                ],
                [
                    -625.957580566,
                    1712.89550781,
                    -481.430786133,
                    275.73928833,
                    179.767669678,
                    -75.5667877197,
                    332.6222229,
                    -32.3637199402,
                    215.472503662,
                    -146.046112061,
                    185.065231323,
                    -89.3163146973,
                    31.5346698761
                ],
                [
                    272.793334961,
                    -481.430786133,
                    1140.33422852,
                    -29.2786006927,
                    -10.6067276001,
                    81.904586792,
                    -166.507965088,
                    81.042350769,
                    -140.145812988,
                    116.441452026,
                    -82.5387573242,
                    71.1118392944,
                    -70.0960464478
                ],
                [
                    228.516265869,
                    275.73928833,
                    -29.2786006927,
                    610.32409668,
                    130.170196533,
                    0.772289097309,
                    117.77747345,
                    -19.7460975647,
                    88.789642334,
                    -41.74741745,
                    35.0367164612,
                    -24.1239128113,
                    52.5964775085
                ],
                [
                    -290.903198242,
                    179.767669678,
                    -10.6067276001,
                    130.170196533,
                    316.308013916,
                    65.459815979,
                    50.4878120422,
                    3.52588653564,
                    50.3494415283,
                    0.0815607756376,
                    -0.0534945353866,
                    -5.05550670624,
                    30.1705627441
                ],
                [
                    318.424804688,
                    -75.5667877197,
                    81.904586792,
                    0.772289097309,
                    65.459815979,
                    240.250366211,
                    69.6380462646,
                    45.4965438843,
                    -13.900434494,
                    -0.00329094589688,
                    -24.43085289,
                    -6.19106435776,
                    -16.7937870026
                ],
                [
                    -758.485473633,
                    332.6222229,
                    -166.507965088,
                    117.77747345,
                    50.4878120422,
                    69.6380462646,
                    315.828857422,
                    42.4340820313,
                    79.9119110107,
                    -76.2665939331,
                    71.8270950317,
                    -34.419757843,
                    22.9664230347
                ],
                [
                    100.607063293,
                    -32.3637199402,
                    81.042350769,
                    -19.7460975647,
                    3.52588653564,
                    45.4965438843,
                    42.4340820313,
                    123.136528015,
                    22.9956684113,
                    12.3783388138,
                    -5.82876968384,
                    3.68980526924,
                    -21.8032741547
                ],
                [
                    -436.129943848,
                    215.472503662,
                    -140.145812988,
                    88.789642334,
                    50.3494415283,
                    -13.900434494,
                    79.9119110107,
                    22.9956684113,
                    158.682891846,
                    15.954618454,
                    47.2963180542,
                    -21.7316303253,
                    20.0715713501
                ],
                [
                    304.224273682,
                    -146.046112061,
                    116.441452026,
                    -41.74741745,
                    0.0815607756376,
                    -0.00329094589688,
                    -76.2665939331,
                    12.3783388138,
                    15.954618454,
                    137.34552002,
                    15.9538927078,
                    15.0518445969,
                    -17.4324684143
                ],
                [
                    -446.951171875,
                    185.065231323,
                    -82.5387573242,
                    35.0367164612,
                    -0.0534945353866,
                    -24.43085289,
                    71.8270950317,
                    -5.82876968384,
                    47.2963180542,
                    15.9538927078,
                    128.97315979,
                    19.7559661865,
                    -6.85705375671
                ],
                [
                    167.536605835,
                    -89.3163146973,
                    71.1118392944,
                    -24.1239128113,
                    -5.05550670624,
                    -6.19106435776,
                    -34.419757843,
                    3.68980526924,
                    -21.7316303253,
                    15.0518445969,
                    19.7559661865,
                    100.456573486,
                    18.4639205933
                ],
                [
                    -247.100479126,
                    31.5346698761,
                    -70.0960464478,
                    52.5964775085,
                    30.1705627441,
                    -16.7937870026,
                    22.9664230347,
                    -21.8032741547,
                    20.0715713501,
                    -17.4324684143,
                    -6.85705375671,
                    18.4639205933,
                    98.606628418
                ]
            ],
            "icov": [
                [
                    8.61248845467e-05,
                    -9.98104296741e-05,
                    0.000119268857816,
                    -0.000174176835571,
                    0.000150588675751,
                    -0.000176653426024,
                    0.000160455980222,
                    -0.000138497242006,
                    0.000281456712401,
                    -0.000366774911527,
                    0.000440511590568,
                    -0.000318508507917,
                    0.000249415199505
                ],
                [
                    -9.98104296741e-05,
                    0.00121476931963,
                    -0.000101387100585,
                    0.000160965166287,
                    -0.000693528098054,
                    0.00060975906672,
                    -0.000569660624024,
                    0.000413509318605,
                    -0.00109706982039,
                    0.00149481848348,
                    -0.00169190776069,
                    0.00103544106241,
                    -8.03382063168e-05
                ],
                [
                    0.000119268857816,
                    -0.000101387100585,
                    0.00153373053763,
                    -0.000602928048465,
                    0.000140805510455,
                    -0.000393328722566,
                    0.000351879163645,
                    -0.00105269951746,
                    0.00153702520765,
                    -0.00162323797122,
                    0.00126884761266,
                    -0.00124233146198,
                    0.00103941175621
                ],
                [
                    -0.000174176835571,
                    0.000160965166287,
                    -0.000602928048465,
                    0.00250418670475,
                    -0.000919538957532,
                    0.000491713813972,
                    -0.000710182124749,
                    0.000908276590053,
                    -0.00154064025264,
                    0.00139482936356,
                    -0.00121318525635,
                    0.00109519390389,
                    -0.00125018984545
                ],
                [
                    0.000150588675751,
                    -0.000693528098054,
                    0.000140805510455,
                    -0.000919538957532,
                    0.00442003970966,
                    -0.00170283066109,
                    0.000458961585537,
                    7.37813297746e-06,
                    -0.000234048333368,
                    -0.00132938206661,
                    0.00166269484907,
                    -0.00101127650123,
                    -0.000440336938482
                ],
                [
                    -0.000176653426024,
                    0.00060975906672,
                    -0.000393328722566,
                    0.000491713813972,
                    -0.00170283066109,
                    0.00624510645866,
                    -0.00274351169355,
                    -0.000580535037443,
                    0.000380424404284,
                    -1.1641828678e-05,
                    0.000651435810141,
                    0.000422198616434,
                    0.000802434398793
                ],
                [
                    0.000160455980222,
                    -0.000569660624024,
                    0.000351879163645,
                    -0.000710182124749,
                    0.000458961585537,
                    -0.00274351169355,
                    0.00756533117965,
                    -0.00295534194447,
                    -0.000617894576862,
                    0.00306509900838,
                    -0.00359370256774,
                    0.00179237348493,
                    -0.00172784202732
                ],
                [
                    -0.000138497242006,
                    0.000413509318605,
                    -0.00105269951746,
                    0.000908276590053,
                    7.37813297746e-06,
                    -0.000580535037443,
                    -0.00295534194447,
                    0.0117147592828,
                    -0.00372665259056,
                    -5.60785047128e-05,
                    0.00182353879791,
                    -0.00155657157302,
                    0.00263231410645
                ],
                [
                    0.000281456712401,
                    -0.00109706982039,
                    0.00153702520765,
                    -0.00154064025264,
                    -0.000234048333368,
                    0.000380424404284,
                    -0.000617894576862,
                    -0.00372665259056,
                    0.0124904988334,
                    -0.00525857741013,
                    9.66677034739e-05,
                    0.000720659794752,
                    -0.00117349170614
                ],
                [
                    -0.000366774911527,
                    0.00149481848348,
                    -0.00162323797122,
                    0.00139482936356,
                    -0.00132938206661,
                    -1.1641828678e-05,
                    0.00306509900838,
                    -5.60785047128e-05,
                    -0.00525857741013,
                    0.0141728734598,
                    -0.00683534098789,
                    0.00267954193987,
                    -0.00101765943691
                ],
                [
                    0.000440511590568,
                    -0.00169190776069,
                    0.00126884761266,
                    -0.00121318525635,
                    0.00166269484907,
                    0.000651435810141,
                    -0.00359370256774,
                    0.00182353879791,
                    9.66677034739e-05,
                    -0.00683534098789,
                    0.0173844732344,
                    -0.00799011159688,
                    0.00551344268024
                ],
                [
                    -0.000318508507917,
                    0.00103544106241,
                    -0.00124233146198,
                    0.00109519390389,
                    -0.00101127650123,
                    0.000422198616434,
                    0.00179237348493,
                    -0.00155657157302,
                    0.000720659794752,
                    0.00267954193987,
                    -0.00799011159688,
                    0.0156487245113,
                    -0.00613571936265
                ],
                [
                    0.000249415199505,
                    -8.03382063168e-05,
                    0.00103941175621,
                    -0.00125018984545,
                    -0.000440336938482,
                    0.000802434398793,
                    -0.00172784202732,
                    0.00263231410645,
                    -0.00117349170614,
                    -0.00101765943691,
                    0.00551344268024,
                    -0.00613571936265,
                    0.0150448679924
                ]
            ],
            "mean": [
                18.6256484985,
                84.4468917847,
                -106.710983276,
                20.5821266174,
                -48.4655647278,
                22.893611908,
                -21.4725189209,
                9.49189567566,
                -15.033416748,
                6.33843660355,
                -9.77675437927,
                3.60077047348,
                -12.1248426437
            ]
        },
        "hfc": {
            "dmean": 11.7012290955,
            "dmean2": 16.8282432556,
            "dvar": 330.3621521,
            "dvar2": 729.112243652,
            "max": 212.005249023,
            "mean": 32.5161628723,
            "median": 26.2620983124,
            "min": 1.05797452519e-16,
            "var": 723.158569336
        },
        "melbands": {
            "dmean": [
                0.00200491701253,
                0.00182776374277,
                0.000540305161849,
                0.000402723817388,
                0.000238977110712,
                0.000263399182586,
                0.000531322148163,
                0.000206601151149,
                0.000229752753512,
                0.000180500559509,
                9.41351172514e-05,
                0.000178348695044,
                8.64285320858e-05,
                8.05980162113e-05,
                7.86062446423e-05,
                8.18630651338e-05,
                7.03932819306e-05,
                4.86174067191e-05,
                2.8782784284e-05,
                2.05470041692e-05,
                1.47585542436e-05,
                1.34730698846e-05,
                1.68836486409e-05,
                1.18690732052e-05,
                5.67077404412e-06,
                5.53109975954e-06,
                4.95484982821e-06,
