{
    "lowlevel": {
        "average_loudness": 0.953741312027,
        "barkbands": {
            "dmean": [
                0.00232274387963,
                0.0131401726976,
                0.00689641665667,
                0.00197989866138,
                0.00146725773811,
                0.0022545454558,
                0.00099383876659,
                0.00125226995442,
                0.000874393736012,
                0.000517227337696,
                0.000517551321536,
                0.000518586777616,
                0.000422554439865,
                0.000335179589456,
                0.00026464893017,
                0.000240356268478,
                0.000206997443456,
                0.000124843951198,
                0.000157526665134,
                0.000100007840956,
                0.000157327885972,
                0.000385201477911,
                0.000696563336533,
                0.000517830078024,
                0.000356577715138,
                7.67970559536e-05,
                7.13397184882e-06
            ],
            "dmean2": [
                0.00326574733481,
                0.0228548143059,
                0.0129088778049,
                0.00370177300647,
                0.00265788589604,
                0.00362229230814,
                0.00166042440105,
                0.00193088676315,
                0.0012539193267,
                0.000804979354143,
                0.000832722871564,
                0.000797844375484,
                0.000674596056342,
                0.00053697754629,
                0.000409998407122,
                0.000370693218429,
                0.000319933809806,
                0.000191324783373,
                0.000234125211136,
                0.000155371017172,
                0.000247253075941,
                0.000650291738566,
                0.00120939221233,
                0.000882699270733,
                0.00061606685631,
                0.000129450738314,
                1.23925592561e-05
            ],
            "dvar": [
                1.4052106053e-05,
                0.00126586039551,
                0.000708726467565,
                5.45760558452e-05,
                2.68836884061e-05,
                2.15862237383e-05,
                6.49062030789e-06,
                8.20426521386e-06,
                4.68838152301e-06,
                1.86383238088e-06,
                2.01871966965e-06,
                1.4162409343e-06,
                1.28517899611e-06,
                7.27573308268e-07,
                4.43306419129e-07,
                3.06463277866e-07,
                2.0346216445e-07,
                1.4645149804e-07,
                2.15582645069e-07,
                1.21764557548e-07,
                1.23037096955e-07,
                3.26293360331e-07,
                9.83911832009e-07,
                5.08447840275e-07,
                2.50804248481e-07,
                1.3375336394e-08,
                2.1171994713e-10
            ],
            "dvar2": [
                3.02239459415e-05,
                0.00371176516637,
                0.00203106412664,
                0.000159700502991,
                7.72740168031e-05,
                5.19547393196e-05,
                1.5834113583e-05,
                1.90169957932e-05,
                8.91690160643e-06,
                4.47899310529e-06,
                5.14494422532e-06,
                2.95677455142e-06,
                3.08377320835e-06,
                1.7004675783e-06,
                1.01257285223e-06,
                6.68584505092e-07,
                4.47784969992e-07,
                2.85770966002e-07,
                4.33851312209e-07,
                2.72155801895e-07,
                2.7355184784e-07,
                7.90368289927e-07,
                2.57409465121e-06,
                1.30482430905e-06,
                6.47346155347e-07,
                3.36521033262e-08,
                5.37720146188e-10
            ],
            "max": [
                0.0548713393509,
                0.280589282513,
                0.221971645951,
                0.0680190548301,
                0.0584411211312,
                0.0587034001946,
                0.0355646088719,
                0.03371091187,
                0.0309455618262,
                0.0285183228552,
                0.0190134905279,
                0.0173043590039,
                0.016191361472,
                0.0109191723168,
                0.00958145782351,
                0.00813367217779,
                0.00620715180412,
                0.0043431580998,
                0.00599846290424,
                0.00461543072015,
                0.00494510214776,
                0.00558846350759,
                0.00534495105967,
                0.00486880727112,
                0.00387304998003,
                0.00114428624511,
                0.000292043347144
            ],
            "mean": [
                0.014971377328,
                0.0447877496481,
                0.00527549115941,
                0.00152354373131,
                0.00115186476614,
                0.00255650188774,
                0.000862726825289,
                0.00137950223871,
                0.00120063242503,
                0.000582472013775,
                0.00055307947332,
                0.000617880141363,
                0.000416691560531,
                0.000331175542669,
                0.000283871602733,
                0.000279578438494,
                0.000252719357377,
                0.000141226322739,
                0.000178449670784,
                9.78447278612e-05,
                0.00016411501565,
                0.000358869176125,
                0.000537345418707,
                0.000445924000815,
                0.000290267693345,
                6.50169313303e-05,
                5.45820830666e-06
            ],
            "median": [
                0.014790427871,
                0.0390192195773,
                0.00130333169363,
                0.000379711214919,
                0.000300633953884,
                0.000483462266857,
                5.9776542912e-05,
                6.56923366478e-05,
                0.000122050019854,
                6.42687955406e-05,
                6.41044680378e-05,
                5.04307099618e-05,
                3.66113017662e-05,
                1.73969820025e-05,
                2.36308060266e-05,
                2.97316018987e-05,
                3.40030674124e-05,
                1.82999065146e-05,
                2.25083240366e-05,
                1.14841668619e-05,
                2.66298920906e-05,
                6.18649792159e-05,
                5.25263349118e-05,
                8.31187062431e-05,
                4.23879719165e-05,
                8.98059533938e-06,
                3.96376350409e-07
            ],
            "min": [
                1.61785968439e-23,
                5.43568961255e-23,
                3.66711710558e-23,
                1.18152415163e-23,
                5.28519388449e-23,
                4.36020303939e-23,
                6.49280866393e-23,
                8.63044248788e-23,
                6.92084837764e-23,
                3.56971360972e-23,
                1.45530990927e-22,
                2.13963765687e-22,
                4.94754437766e-23,
                2.65768652608e-22,
                1.49777776278e-22,
                1.56737624677e-22,
                1.4463307789e-22,
                3.61166927162e-22,
                4.53559982456e-22,
                3.27174191315e-22,
                3.64978652569e-22,
                6.26211115158e-22,
                4.96993225015e-22,
                7.05468841208e-22,
                1.22570708342e-21,
                1.43590617767e-21,
                2.44252662007e-21
            ],
            "var": [
                0.000104139973701,
                0.00151716964319,
                0.000404215359595,
                3.01663749269e-05,
                1.59732317115e-05,
                2.53129510384e-05,
                6.50651736578e-06,
                1.017782688e-05,
                9.36008564167e-06,
                2.39724681705e-06,
                2.12530517274e-06,
                2.3983459414e-06,
                1.34393906137e-06,
                8.62031242832e-07,
                5.85835323363e-07,
                4.33462446381e-07,
                2.94812593893e-07,
                1.96640797867e-07,
                2.7547434911e-07,
                1.29985963326e-07,
                1.53185212071e-07,
                3.8848347117e-07,
                8.51891115872e-07,
                5.17020112056e-07,
                2.36111560525e-07,
                1.39416043154e-08,
                1.94662730379e-10
            ]
        },
        "barkbands_crest": {
            "dmean": 2.21262836456,
            "dmean2": 3.41165065765,
            "dvar": 6.74806451797,
            "dvar2": 16.536863327,
            "max": 25.5677814484,
            "mean": 15.2095279694,
            "median": 15.8183364868,
            "min": 2.73812699318,
            "var": 15.9523773193
        },
        "barkbands_flatness_db": {
            "dmean": 0.0563035234809,
            "dmean2": 0.0785307511687,
            "dvar": 0.0027741540689,
            "dvar2": 0.00548982387409,
            "max": 0.607136189938,
            "mean": 0.256874293089,
            "median": 0.24110122025,
            "min": 0.0317680090666,
            "var": 0.0106537779793
        },
        "barkbands_kurtosis": {
            "dmean": 36.8220176697,
            "dmean2": 62.5824775696,
            "dvar": 4137.23388672,
            "dvar2": 10646.1767578,
            "max": 812.656494141,
            "mean": 40.056186676,
            "median": 11.5407066345,
            "min": -1.96254312992,
            "var": 4489.32714844
        },
        "barkbands_skewness": {
            "dmean": 2.0804579258,
            "dmean2": 3.38127851486,
            "dvar": 5.54128599167,
            "dvar2": 14.2838287354,
            "max": 25.9798583984,
            "mean": 4.1113409996,
            "median": 3.2323012352,
            "min": -6.27615261078,
            "var": 9.84672451019
        },
        "barkbands_spread": {
            "dmean": 12.1992845535,
            "dmean2": 19.8339977264,
            "dvar": 216.020141602,
            "dvar2": 528.969787598,
            "max": 122.647171021,
            "mean": 16.9996833801,
            "median": 11.540886879,
            "min": 0.203088134527,
            "var": 348.512969971
        },
        "dissonance": {
            "dmean": 0.0385781638324,
            "dmean2": 0.0627665966749,
            "dvar": 0.0015719657531,
            "dvar2": 0.00397970946506,
            "max": 0.499995529652,
            "mean": 0.432556211948,
            "median": 0.450370818377,
            "min": 0.138137981296,
            "var": 0.00352921523154
        },
        "dynamic_complexity": 3.8195579052,
        "erbbands": {
            "dmean": [
                0.442086130381,
                3.20670199394,
                8.31184768677,
                6.99969768524,
                5.68708372116,
                4.06090450287,
                8.79614830017,
                22.8779678345,
                14.6337184906,
                21.5136833191,
                22.6935787201,
                20.7601566315,
                15.0899629593,
                23.5720481873,
                18.3077716827,
                19.8547554016,
                18.4858398438,
                15.5853300095,
                15.2190942764,
                11.5432958603,
                13.1224546432,
                10.8098039627,
                6.75689935684,
                8.24813556671,
                6.78432559967,
                4.61867141724,
                4.85541534424,
                8.36616706848,
                12.8357086182,
                19.1032619476,
                20.6958293915,
                12.0844163895,
                7.20764732361,
                4.557762146,
                2.34019041061,
                0.567839980125,
                0.096138946712,
                0.0158087462187,
                0.00121152692009,
                5.42873895029e-05
            ],
            "dmean2": [
                0.711769044399,
                5.68699455261,
                15.2774829865,
                12.975315094,
                10.3542757034,
                7.45647096634,
                14.7374534607,
                36.8396873474,
                24.6735134125,
                33.1711540222,
                35.0739326477,
                29.8898162842,
                22.1910037994,
                37.7460098267,
                27.3140277863,
                30.2815666199,
                29.0086460114,
                24.2420387268,
                23.4624538422,
                17.2162036896,
                20.1493606567,
                16.3617210388,
                10.2738227844,
                12.0120201111,
                10.1451635361,
                7.02319669724,
                7.5641040802,
                13.5768232346,
                21.4525337219,
                32.8110122681,
                36.0903320313,
                20.7673034668,
                12.2395811081,
                7.85177850723,
                4.05939626694,
                0.963379621506,
                0.162249177694,
                0.0267217196524,
                0.00212029833347,
                8.85219415068e-05
            ],
            "dvar": [
                0.966313302517,
                103.870536804,
                963.856445313,
                719.157714844,
                329.970031738,
                260.568878174,
                516.606201172,
                2375.22998047,
                1548.43798828,
                2298.91992188,
                3319.78857422,
                3064.73852539,
                1317.96936035,
                4829.86865234,
                2003.47229004,
                2102.06005859,
                2410.46313477,
                1500.83935547,
                1469.76928711,
                715.590637207,
                814.315979004,
                562.221008301,
                447.099151611,
                491.626251221,
                601.076416016,
                230.889892578,
                145.85559082,
                229.965377808,
                390.157592773,
                715.049255371,
                899.682983398,
                296.336669922,
                95.938911438,
                40.4570922852,
                11.1664142609,
                0.664112150669,
                0.0283103249967,
                0.000776845787186,
                7.32807393433e-06,
                6.71207533998e-09
            ],
            "dvar2": [
                2.52848315239,
                291.716949463,
                2737.81787109,
                2063.63061523,
                956.241577148,
                751.402099609,
                1314.13525391,
                5653.109375,
                3948.91357422,
                5241.97509766,
                8049.29931641,
                5976.58984375,
                2848.13452148,
                12347.6884766,
                4483.36523438,
                4337.86181641,
                5716.50634766,
                3472.8503418,
                3334.97387695,
                1557.47229004,
                1798.38513184,
                1186.42333984,
                851.405273438,
                1019.19927979,
                1240.39245605,
                495.740539551,
                323.179840088,
                515.601074219,
                923.253051758,
                1840.26159668,
                2370.89331055,
                770.08996582,
                241.656387329,
                104.960449219,
                28.8761348724,
                1.66377639771,
                0.073403403163,
                0.00194531551097,
                1.91098079085e-05,
                1.67552656194e-08
            ],
            "max": [
                9.12160205841,
                72.5069351196,
                243.878051758,
                245.64730835,
                192.462768555,
                188.07182312,
                293.889434814,
                612.037719727,
                650.690063477,
                634.585266113,
                788.172912598,
                879.35357666,
                751.887451172,
                1006.472229,
                722.873901367,
                717.85357666,
                768.673217773,
                614.345703125,
                640.010681152,
                411.486602783,
                416.518615723,
                369.487121582,
                236.511795044,
                283.882354736,
                356.142211914,
                183.017318726,
                149.122344971,
                254.214691162,
                227.793640137,
                193.774642944,
                172.171630859,
                144.771286011,
                79.2433013916,
                45.2400360107,
                25.0739459991,
                8.58743190765,
                1.67000460625,
                0.359183341265,
                0.0566296577454,
                0.00126707996242
            ],
            "mean": [
                2.64333891869,
                4.64952945709,
                6.52409124374,
                5.53206348419,
                4.85265636444,
                3.005402565,
                8.65849399567,
                25.6613845825,
                13.0944414139,
                23.8826580048,
                24.6837711334,
                27.8343753815,
                20.0925369263,
                25.6373538971,
                22.6484107971,
                24.1699695587,
                19.520980835,
                16.5540752411,
                17.0110168457,
                13.6123847961,
                16.3069534302,
                13.7375679016,
                8.0859041214,
                9.35291099548,
                7.30249166489,
                4.68096208572,
                5.12008953094,
                8.39444065094,
                12.1966342926,
                15.8607378006,
                15.651304245,
                10.0494165421,
                6.40128135681,
                3.77953696251,
                1.83622729778,
                0.474766403437,
                0.0819780603051,
                0.0130328834057,
                0.00094777205959,
                0.000115445225674
            ],
            "median": [
                2.59910821915,
                2.4366736412,
                1.43026196957,
                1.60420942307,
                1.39266884327,
                0.615065157413,
                1.38857638836,
                4.44956922531,
                2.44707393646,
                2.13063955307,
                1.56206297874,
                2.51967358589,
                2.50089335442,
                3.15416383743,
                2.03708314896,
                2.25763273239,
                2.01809358597,
                1.12677407265,
                1.16745388508,
                1.45367109776,
                2.12238430977,
                2.09733843803,
                1.22984409332,
                1.30648910999,
                1.08701944351,
                0.610228002071,
                0.669923484325,
                1.57938635349,
                2.10527348518,
                1.91842985153,
                1.53466391563,
                1.48816621304,
                1.32415735722,
                0.584455132484,
                0.251746326685,
                0.068342000246,
                0.0109578995034,
                0.00149634236004,
                0.00011107208411,
                9.47945954977e-05
            ],
            "min": [
                1.29992119887e-21,
                1.29646303461e-20,
                4.68059697249e-20,
                2.95895171313e-20,
                7.00561749744e-20,
                2.83006715093e-19,
                1.75428076569e-19,
                4.49980824856e-19,
                5.67693278913e-19,
                1.2412628845e-18,
                2.20596847774e-18,
                1.59786696062e-18,
                1.78389233236e-18,
                3.6844547678e-18,
                5.12762644277e-18,
                9.5074766487e-18,
                3.61143084974e-18,
                1.24796830006e-17,
                7.95871081905e-18,
                9.91459509387e-18,
                8.45944460286e-18,
                8.17340058396e-18,
                2.08787285295e-17,
                2.13815434997e-17,
                2.01460020167e-17,
                1.47463853536e-17,
                1.06132798157e-17,
                1.67749432355e-17,
                2.16325134063e-17,
                2.18716380865e-17,
                1.38855500707e-17,
                1.30102515347e-17,
                1.38469678854e-17,
                1.20122109764e-17,
                8.55228239173e-18,
                5.23224824664e-18,
                2.68542200632e-18,
                1.11740571926e-18,
                3.62134166255e-19,
                3.77279468454e-20
            ],
            "var": [
                2.88127183914,
                79.5209732056,
                571.161071777,
                414.110473633,
                195.759628296,
                150.699066162,
                491.871063232,
                2830.12817383,
                1327.90637207,
                2853.76367188,
                3615.79833984,
                5725.50341797,
                2398.24145508,
                4958.47412109,
                2974.40698242,
                3597.29956055,
                2607.32299805,
                1815.89465332,
                2129.99609375,
                1027.0489502,
                1213.15063477,
                860.168945313,
                616.837768555,
                635.973144531,
                693.434448242,
                269.098327637,
                183.711166382,
                292.664337158,
                479.856994629,
                703.830688477,
                750.28704834,
                284.618713379,
                102.976501465,
                39.1375770569,
                10.062374115,
                0.696095824242,
                0.0265516992658,
                0.000769270118326,
                6.2062545112e-06,
                8.8903737705e-09
            ]
        },
        "erbbands_crest": {
            "dmean": 3.49792909622,
            "dmean2": 5.84356737137,
            "dvar": 9.55917930603,
            "dvar2": 24.6380558014,
            "max": 28.8647251129,
            "mean": 9.93507862091,
            "median": 9.23414325714,
            "min": 2.60383939743,
            "var": 16.622423172
        },
        "erbbands_flatness_db": {
            "dmean": 0.0344869792461,
            "dmean2": 0.0541137084365,
            "dvar": 0.00085659371689,
            "dvar2": 0.00211850670166,
            "max": 0.417502433062,
            "mean": 0.161211594939,
            "median": 0.153035745025,
            "min": 0.0373127050698,
            "var": 0.00267602712847
        },
        "erbbands_kurtosis": {
            "dmean": 2.98702716827,
            "dmean2": 5.02836704254,
            "dvar": 17.1846084595,
            "dvar2": 44.479259491,
            "max": 48.2355308533,
            "mean": 1.98252522945,
            "median": 0.37857156992,
            "min": -1.90981686115,
            "var": 19.2885437012
        },
        "erbbands_skewness": {
            "dmean": 0.960183382034,
            "dmean2": 1.50458979607,
            "dvar": 0.968091189861,
            "dvar2": 2.24086380005,
            "max": 4.59099578857,
            "mean": 0.123579673469,
            "median": 0.300877600908,
            "min": -5.1719751358,
            "var": 1.90312159061
        },
        "erbbands_spread": {
            "dmean": 25.9614200592,
            "dmean2": 43.2095603943,
            "dvar": 721.74621582,
            "dvar2": 1892.29394531,
            "max": 213.738616943,
            "mean": 51.5151062012,
            "median": 43.5088310242,
            "min": 2.98288202286,
            "var": 1157.08276367
        },
        "gfcc": {
            "cov": [
                [
                    15526.2666016,
                    -1288.0177002,
                    -57.9737205505,
                    34.3672943115,
                    -1480.72839355,
                    83.6098098755,
                    -1461.41833496,
                    258.079376221,
                    98.5446624756,
                    879.725219727,
                    -49.8613014221,
                    460.905303955,
                    -386.288574219
                ],
                [
                    -1288.0177002,
                    3460.91796875,
                    -94.659614563,
                    -573.258544922,
                    842.026367188,
                    -578.822570801,
                    325.937835693,
                    -69.7115936279,
                    266.299499512,
                    -254.706268311,
                    400.690429688,
                    -82.5061569214,
                    170.961990356
                ],
                [
                    -57.9737205505,
                    -94.659614563,
                    2289.40893555,
                    789.26953125,
                    66.8394775391,
                    458.752685547,
                    126.510726929,
                    -101.231323242,
                    -123.165908813,
                    -39.7375679016,
                    -77.1421508789,
                    72.1925430298,
                    83.8949508667
                ],
                [
                    34.3672943115,
                    -573.258544922,
                    789.26953125,
                    1044.70556641,
                    268.683288574,
                    193.833343506,
                    9.98694419861,
                    -131.565750122,
                    -2.33516836166,
                    16.2641143799,
                    -72.5441665649,
                    -16.883846283,
                    120.306304932
                ],
                [
                    -1480.72839355,
                    842.026367188,
                    66.8394775391,
                    268.683288574,
                    854.221191406,
                    -47.0658836365,
                    177.592330933,
                    -75.2807617188,
                    108.602790833,
                    -70.4380493164,
                    103.085845947,
                    -115.348510742,
                    117.654953003
                ],
                [
                    83.6098098755,
                    -578.822570801,
                    458.752685547,
                    193.833343506,
                    -47.0658836365,
                    453.301116943,
                    144.155639648,
                    10.8190746307,
                    -48.3101615906,
                    58.6103363037,
                    -53.6731948853,
                    0.397725641727,
                    -69.2325668335
                ],
                [
                    -1461.41833496,
                    325.937835693,
                    126.510726929,
                    9.98694419861,
                    177.592330933,
                    144.155639648,
                    720.376953125,
                    102.755256653,
                    -24.6225948334,
                    -180.455307007,
                    28.5654582977,
                    -16.0216217041,
                    -38.2153892517
                ],
                [
                    258.079376221,
                    -69.7115936279,
                    -101.231323242,
                    -131.565750122,
                    -75.2807617188,
                    10.8190746307,
                    102.755256653,
                    258.88848877,
                    31.3876018524,
                    -22.6371326447,
                    -16.4978847504,
                    37.0929031372,
                    -42.3254814148
                ],
                [
                    98.5446624756,
                    266.299499512,
                    -123.165908813,
                    -2.33516836166,
                    108.602790833,
                    -48.3101615906,
                    -24.6225948334,
                    31.3876018524,
                    210.87701416,
                    39.199016571,
                    24.278181076,
                    -22.3437538147,
                    26.6686897278
                ],
                [
                    879.725219727,
                    -254.706268311,
                    -39.7375679016,
                    16.2641143799,
                    -70.4380493164,
                    58.6103363037,
                    -180.455307007,
                    -22.6371326447,
                    39.199016571,
                    223.590545654,
                    21.7425460815,
                    3.82141280174,
                    -38.5032119751
                ],
                [
                    -49.8613014221,
                    400.690429688,
                    -77.1421508789,
                    -72.5441665649,
                    103.085845947,
                    -53.6731948853,
                    28.5654582977,
                    -16.4978847504,
                    24.278181076,
                    21.7425460815,
                    185.343109131,
                    21.7855987549,
                    3.85804581642
                ],
                [
                    460.905303955,
                    -82.5061569214,
                    72.1925430298,
                    -16.883846283,
                    -115.348510742,
                    0.397725641727,
                    -16.0216217041,
                    37.0929031372,
                    -22.3437538147,
                    3.82141280174,
                    21.7855987549,
                    150.353378296,
                    9.25430583954
                ],
                [
                    -386.288574219,
                    170.961990356,
                    83.8949508667,
                    120.306304932,
                    117.654953003,
                    -69.2325668335,
                    -38.2153892517,
                    -42.3254814148,
                    26.6686897278,
                    -38.5032119751,
                    3.85804581642,
                    9.25430583954,
                    167.226821899
                ]
            ],
            "icov": [
                [
                    0.000156382302521,
                    -0.000237353204284,
                    0.00011750656995,
                    -0.000328855996486,
                    0.000314498814987,
                    -0.000215060907067,
                    0.000310623290716,
                    -0.000288346491288,
                    0.000127557053929,
                    -0.000440222909674,
                    0.000237097687204,
                    -0.000383469770895,
                    0.000363274128176
                ],
                [
                    -0.000237353204284,
                    0.00175486563239,
                    -0.000903094187379,
                    0.0017564157024,
                    -0.0014513770584,
                    0.00189398019575,
                    -0.0009731388418,
                    0.00105252000503,
                    -0.00152629846707,
                    0.00132727785967,
                    -0.0019941823557,
                    0.000914723030291,
                    -0.000759216025472
                ],
                [
                    0.00011750656995,
                    -0.000903094187379,
                    0.0012182170758,
                    -0.00132967927493,
                    0.000782864051871,
                    -0.00164703093469,
                    0.000552953220904,
                    -0.000436998088844,
                    0.000984795158729,
                    -0.00032777551678,
                    0.000935946416575,
                    -0.000806277792435,
                    0.000113731330202
                ],
                [
                    -0.000328855996486,
                    0.0017564157024,
                    -0.00132967927493,
                    0.00350299431011,
                    -0.00205865502357,
                    0.00155742280185,
                    -0.00111945625395,
                    0.00163942377549,
                    -0.00151747162454,
                    0.00108105037361,
                    -0.00115390110295,
                    0.000914697477128,
                    -0.00168913369998
                ],
                [
                    0.000314498814987,
                    -0.0014513770584,
                    0.000782864051871,
                    -0.00205865502357,
                    0.00339126517065,
                    -0.00143190787639,
                    0.000528195756488,
                    -0.000821180408821,
                    0.000443712924607,
                    -0.00094512780197,
                    0.000276793027297,
                    0.000552341109142,
                    -9.26892316784e-05
                ],
                [
                    -0.000215060907067,
                    0.00189398019575,
                    -0.00164703093469,
                    0.00155742280185,
                    -0.00143190787639,
                    0.0060828467831,
                    -0.00214506755583,
                    0.00101232156157,
                    -0.00121147546452,
                    -0.000672056979965,
                    -0.00114624481648,
                    0.00103927880991,
                    0.000571958138607
                ],
                [
                    0.000310623290716,
                    -0.0009731388418,
                    0.000552953220904,
                    -0.00111945625395,
                    0.000528195756488,
                    -0.00214506755583,
                    0.00327933626249,
                    -0.00159180047922,
                    0.000727489241399,
                    0.0011874322081,
                    0.000242141279159,
                    -0.000775208289269,
                    0.00152188644279
                ],
                [
                    -0.000288346491288,
                    0.00105252000503,
                    -0.000436998088844,
                    0.00163942377549,
                    -0.000821180408821,
                    0.00101232156157,
                    -0.00159180047922,
                    0.00595396291465,
                    -0.00218409113586,
                    0.00136692204978,
                    -0.000155804940732,
                    -0.000761513074394,
                    0.000146530292113
                ],
                [
                    0.000127557053929,
                    -0.00152629846707,
                    0.000984795158729,
                    -0.00151747162454,
                    0.000443712924607,
                    -0.00121147546452,
                    0.000727489241399,
                    -0.00218409113586,
                    0.00747595122084,
                    -0.00270187598653,
                    0.00158720323816,
                    7.49039754737e-05,
                    -0.000602693355177
                ],
                [
                    -0.000440222909674,
                    0.00132727785967,
                    -0.00032777551678,
                    0.00108105037361,
                    -0.00094512780197,
                    -0.000672056979965,
                    0.0011874322081,
                    0.00136692204978,
                    -0.00270187598653,
                    0.00944116991013,
                    -0.00334236235358,
                    0.00122659897897,
                    0.000630840775557
                ],
                [
                    0.000237097687204,
                    -0.0019941823557,
                    0.000935946416575,
                    -0.00115390110295,
                    0.000276793027297,
                    -0.00114624481648,
                    0.000242141279159,
                    -0.000155804940732,
                    0.00158720323816,
                    -0.00334236235358,
                    0.00971571542323,
                    -0.00328303151764,
                    0.0012284606928
                ],
                [
                    -0.000383469770895,
                    0.000914723030291,
                    -0.000806277792435,
                    0.000914697477128,
                    0.000552341109142,
                    0.00103927880991,
                    -0.000775208289269,
                    -0.000761513074394,
                    7.49039754737e-05,
                    0.00122659897897,
                    -0.00328303151764,
                    0.00996074359864,
                    -0.00260775978677
                ],
                [
                    0.000363274128176,
                    -0.000759216025472,
                    0.000113731330202,
                    -0.00168913369998,
                    -9.26892316784e-05,
                    0.000571958138607,
                    0.00152188644279,
                    0.000146530292113,
                    -0.000602693355177,
                    0.000630840775557,
                    0.0012284606928,
                    -0.00260775978677,
                    0.00979758240283
                ]
            ],
            "mean": [
                -44.3213043213,
                76.4586334229,
                -71.33543396,
                43.1592826843,
                -49.2283592224,
                41.891242981,
                -22.3328590393,
                20.8484191895,
                -6.22378635406,
                2.78297972679,
                -7.28410625458,
                8.90691280365,
                -2.96218180656
            ]
        },
        "hfc": {
            "dmean": 20.8505401611,
            "dmean2": 33.1973495483,
            "dvar": 698.731994629,
            "dvar2": 1658.29907227,
            "max": 228.900421143,
            "mean": 27.0346946716,
            "median": 17.2934837341,
            "min": 1.16763835886e-16,
            "var": 931.09942627
        },
        "melbands": {
            "dmean": [
                0.00353157497011,
                0.00428377883509,
                0.00120391335804,
                0.000330103357555,
                0.000284423906123,
                0.000485925906105,
                0.000222633592784,
                0.000257468462223,
                0.0001686039177,
                0.000138237388455,
                7.48249294702e-05,
                9.47990192799e-05,
                6.28397465334e-05,
                5.81709682592e-05,
                5.4560987337e-05,
                3.59547702828e-05,
                3.0552087992e-05,
                2.71312674158e-05,
                1.9301824068e-05,
                1.49745337694e-05,
                1.66187437571e-05,
                1.2709638213e-05,
                7.30519150238e-06,
                5.89070168644e-06,
                7.09860796633e-06,
                6.07914989814e-06,
                4.01752913604e-06,
                2.82607720692e-06,
