{
    "lowlevel": {
        "average_loudness": 0.967551469803,
        "barkbands": {
            "dmean": [
                0.000356472679414,
                0.0107170725241,
                0.00478155910969,
                0.0021811844781,
                0.00263062864542,
                0.00138775038067,
                0.000679931021295,
                0.000300939631416,
                0.000319809041684,
                0.0002227647783,
                0.000147708909935,
                0.000111639390525,
                0.000174048618646,
                0.000155591536895,
                0.000209043471841,
                0.000187887359061,
                0.00015095830895,
                0.000116831964988,
                0.000110011227662,
                6.58673670841e-05,
                6.37510893284e-05,
                8.65577967488e-05,
                0.000336947618052,
                0.000220697111217,
                8.72897799127e-05,
                1.7687862055e-05,
                2.22108860726e-06
            ],
            "dmean2": [
                0.000589108560234,
                0.0161220300943,
                0.00836440362036,
                0.00386494235136,
                0.00467963516712,
                0.00227332743816,
                0.00109363975935,
                0.000494221400004,
                0.00050866039237,
                0.000363448023563,
                0.000229014563956,
                0.000173349675606,
                0.000277807790553,
                0.000237338594161,
                0.000307506183162,
                0.000305066263536,
                0.000229953118833,
                0.000177910085768,
                0.000163724092999,
                9.66090301517e-05,
                9.92581772152e-05,
                0.000146132937516,
                0.000628932553809,
                0.000400017102947,
                0.00014322703646,
                2.83109256998e-05,
                3.43284455084e-06
            ],
            "dvar": [
                2.64551317741e-07,
                0.000550515484065,
                0.000316705962177,
                6.08367990935e-05,
                6.4830564952e-05,
                7.61603268984e-06,
                2.50601442531e-06,
                9.7738166005e-07,
                9.85440124168e-07,
                7.06666980932e-07,
                1.88673254797e-07,
                1.46618972963e-07,
                5.69868007005e-07,
                5.6577715668e-07,
                1.03928448425e-06,
                9.61104660746e-07,
                5.58229316994e-07,
                2.29257324236e-07,
                1.16014824414e-07,
                6.69012223398e-08,
                3.64227368266e-08,
                4.41787690875e-08,
                6.91136506248e-07,
                2.65725020654e-07,
                3.38279022571e-08,
                2.36515251828e-09,
                1.0928222216e-10
            ],
            "dvar2": [
                7.88000534158e-07,
                0.00134321837686,
                0.000914445961826,
                0.000179517228389,
                0.000187192243175,
                1.99041023734e-05,
                6.1272567109e-06,
                2.52168251791e-06,
                2.51127403317e-06,
                1.68840176684e-06,
                4.55430466673e-07,
                3.5419247979e-07,
                1.4618650539e-06,
                1.08797723897e-06,
                2.41598945649e-06,
                2.50687548942e-06,
                1.27339808387e-06,
                5.2334320344e-07,
                2.53093134006e-07,
                1.40657306247e-07,
                8.79626966821e-08,
                1.10323099989e-07,
                2.03228569262e-06,
                7.62691058753e-07,
                8.04180046998e-08,
                5.4862447918e-09,
                2.4732504933e-10
            ],
            "max": [
                0.00456201238558,
                0.234912663698,
                0.168454527855,
                0.0728237181902,
                0.0854328945279,
                0.0395481921732,
                0.0322895906866,
                0.027025796473,
                0.0425448864698,
                0.024379434064,
                0.0157572533935,
                0.00880918558687,
                0.0128391785547,
                0.0118878753856,
                0.0143328290433,
                0.0144878560677,
                0.00952283851802,
                0.00736305583268,
                0.00465229013935,
                0.00370959867723,
                0.00277222320437,
                0.00297368993051,
                0.00756257353351,
                0.00469489349052,
                0.00483135459945,
                0.00141791149508,
                0.000509598932695
            ],
            "mean": [
                0.000813471560832,
                0.0237289797515,
                0.00660826498643,
                0.00259878672659,
                0.00354941328987,
                0.00193181238137,
                0.00100751302671,
                0.000403252284741,
                0.000495413260069,
                0.000284516107058,
                0.000258244603174,
                0.000150248408318,
                0.000216313070268,
                0.000170048922882,
                0.000220425717998,
                0.000186303426744,
                0.000154024528456,
                0.000126849918161,
                0.000147515951539,
                8.07276592241e-05,
                8.27156909509e-05,
                8.15973107819e-05,
                0.000225894036703,
                0.000181145776878,
                0.000124687576317,
                2.43939011852e-05,
                2.90161733574e-06
            ],
            "median": [
                0.000528239295818,
                0.0190444644541,
                0.00385645963252,
                0.00139315542765,
                0.00203117285855,
                0.000635071890429,
                0.000247454503551,
                8.12382131699e-05,
                0.000210900165257,
                5.52606070414e-05,
                5.42014458915e-05,
                2.36977120949e-05,
                1.57528484124e-05,
                1.5071938833e-05,
                1.83296324394e-05,
                1.00760462374e-05,
                7.327100775e-06,
                9.13663643587e-06,
                1.74638335011e-05,
                1.37780898513e-05,
                1.6548727217e-05,
                4.91508080813e-06,
                4.24360996476e-06,
                1.88831563719e-05,
                3.17079793604e-05,
                6.0806246438e-06,
                4.05394644076e-07
            ],
            "min": [
                2.67473387335e-23,
                1.94193163286e-23,
                3.29512943018e-23,
                9.85528598949e-23,
                9.8028993145e-23,
                1.19325839449e-22,
                4.20002167714e-23,
                3.37444529213e-23,
                5.15733783333e-23,
                3.02454477544e-23,
                1.91689375571e-22,
                6.89044252291e-23,
                4.18132630478e-23,
                1.07527080392e-22,
                1.01858224953e-22,
                7.97519694952e-23,
                2.34009163051e-22,
                1.77826312676e-22,
                1.94046845366e-22,
                4.16422859663e-22,
                4.43205886463e-22,
                6.81353779854e-22,
                6.49320927905e-22,
                8.80349787078e-22,
                1.19483230452e-21,
                1.55371095446e-21,
                2.73612343289e-21
            ],
            "var": [
                6.45233512842e-07,
                0.000706227845512,
                0.000192594146938,
                3.41860868502e-05,
                4.10526590713e-05,
                1.02167241494e-05,
                4.81965753352e-06,
                1.08596327664e-06,
                1.34712581712e-06,
                9.31286479045e-07,
                3.77593920575e-07,
                1.99338600737e-07,
                6.09909307059e-07,
                7.05381523858e-07,
                1.13273858915e-06,
                8.11334700757e-07,
                5.90896490849e-07,
                2.53655940696e-07,
                1.78479126589e-07,
                8.7638994728e-08,
                5.19704776991e-08,
                5.54399264274e-08,
                4.52972471976e-07,
                2.22713040898e-07,
                6.26092884204e-08,
                3.80880615936e-09,
                1.59519272791e-10
            ]
        },
        "barkbands_crest": {
            "dmean": 2.68792009354,
            "dmean2": 4.08120393753,
            "dvar": 7.28362703323,
            "dvar2": 15.9150238037,
            "max": 26.3793563843,
            "mean": 14.4879655838,
            "median": 14.3304710388,
            "min": 3.39088892937,
            "var": 25.9488315582
        },
        "barkbands_flatness_db": {
            "dmean": 0.0361403264105,
            "dmean2": 0.0490789562464,
            "dvar": 0.00167136173695,
            "dvar2": 0.0029679981526,
            "max": 0.652274310589,
            "mean": 0.249780729413,
            "median": 0.228248044848,
            "min": 0.0379498526454,
            "var": 0.0108780143782
        },
        "barkbands_kurtosis": {
            "dmean": 15.1996250153,
            "dmean2": 24.2158946991,
            "dvar": 1186.18652344,
            "dvar2": 2918.67163086,
            "max": 662.742004395,
            "mean": 22.5478000641,
            "median": 13.2670955658,
            "min": -1.84800589085,
            "var": 1366.97668457
        },
        "barkbands_skewness": {
            "dmean": 1.09489941597,
            "dmean2": 1.66766059399,
            "dvar": 1.8144620657,
            "dvar2": 4.32405948639,
            "max": 22.2732429504,
            "mean": 3.362803936,
            "median": 2.97444248199,
            "min": -1.91697049141,
            "var": 4.13784790039
        },
        "barkbands_spread": {
            "dmean": 7.33707141876,
            "dmean2": 11.9956932068,
            "dvar": 165.094345093,
            "dvar2": 429.724456787,
            "max": 110.816146851,
            "mean": 12.8863639832,
            "median": 7.08242511749,
            "min": 0.125113174319,
            "var": 238.484329224
        },
        "dissonance": {
            "dmean": 0.0314150452614,
            "dmean2": 0.0521206073463,
            "dvar": 0.00085219880566,
            "dvar2": 0.00234863511287,
            "max": 0.5,
            "mean": 0.434529572725,
            "median": 0.443096011877,
            "min": 0.196541205049,
            "var": 0.00197177915834
        },
        "dynamic_complexity": 2.33651566505,
        "erbbands": {
            "dmean": [
                0.259944170713,
                2.80020976067,
                5.66060829163,
                6.21259212494,
                7.22365093231,
                9.34906196594,
                10.374417305,
                11.8175601959,
                10.8612070084,
                8.05682373047,
                6.25054073334,
                6.48183965683,
                8.52812194824,
                5.85332202911,
                5.28558015823,
                4.76916408539,
                6.73429727554,
                9.12874221802,
                9.38455677032,
                11.7455596924,
                8.37533569336,
                7.90682697296,
                6.15148448944,
                6.73225307465,
                4.12276887894,
                3.11754775047,
                2.8496723175,
                2.42991828918,
                3.1590116024,
                4.69151687622,
                9.69344329834,
                6.98315668106,
                2.53722786903,
                1.16616106033,
                0.578860044479,
                0.118273638189,
                0.0307354833931,
                0.00440320791677,
                0.00038233253872,
                3.19274804497e-05
            ],
            "dmean2": [
                0.376391500235,
                4.27787494659,
                9.54156208038,
                10.9295082092,
                12.7756481171,
                16.5433769226,
                17.5052337646,
                19.4240665436,
                17.6033172607,
                12.8855743408,
                10.2725009918,
                10.2485227585,
                13.7371282578,
                9.36576557159,
                8.11822319031,
                7.314889431,
                10.0898170471,
                13.9539804459,
                12.7893161774,
                18.9851360321,
                12.5274591446,
                12.1153059006,
                9.05533218384,
                10.1216516495,
                6.17570877075,
                4.58221912384,
                4.35173130035,
                3.83461618423,
                5.35269451141,
                8.46252727509,
                18.1060218811,
                12.877038002,
                4.49516773224,
                1.9476262331,
                0.950064063072,
                0.189038515091,
                0.0498796440661,
                0.00697024678811,
                0.00058768352028,
                4.79850641568e-05
            ],
            "dvar": [
                0.230247229338,
                40.5922546387,
                397.262207031,
                505.33984375,
                656.785644531,
                819.081787109,
                747.312072754,
                602.476013184,
                591.057067871,
                517.847229004,
                483.748413086,
                306.508636475,
                1110.48303223,
                391.704772949,
                265.584442139,
                270.117767334,
                624.200500488,
                2275.03173828,
                1964.93884277,
                3888.5402832,
                1500.58337402,
                1529.97875977,
                674.711120605,
                521.33605957,
                193.554397583,
                153.434539795,
                86.1925048828,
                43.1961898804,
                62.7378120422,
                108.576980591,
                578.324768066,
                286.619781494,
                33.213218689,
                6.08779335022,
                1.52532112598,
                0.0933681279421,
                0.00593838049099,
                0.000271181837888,
                3.087609457e-06,
                6.78200429149e-09
            ],
            "dvar2": [
                0.492167979479,
                103.127166748,
                1119.19177246,
                1467.42614746,
                1926.38330078,
                2345.71411133,
                2034.87365723,
                1573.86962891,
                1476.68823242,
                1201.5748291,
                1272.72119141,
                760.573913574,
                2738.52294922,
                966.594177246,
                651.877746582,
                664.119750977,
                1446.74450684,
                5179.34814453,
                3846.44213867,
                10167.0439453,
                3452.57226562,
                3625.68139648,
                1417.33728027,
                1164.46398926,
                438.221435547,
                320.192352295,
                210.04246521,
                99.525642395,
                159.138916016,
                302.378662109,
                1702.82275391,
                837.143371582,
                91.1288909912,
                14.5463762283,
                3.72185826302,
                0.22258234024,
                0.0138603588566,
                0.000629159389064,
                6.90050410412e-06,
                1.48247059073e-08
            ],
            "max": [
                5.16401672363,
                62.5467643738,
                176.904022217,
                202.348770142,
                247.787536621,
                369.500305176,
                438.838867188,
                416.338928223,
                452.300018311,
                630.006103516,
                509.488952637,
                471.490600586,
                1189.67944336,
                614.250610352,
                702.256286621,
                426.556976318,
                533.766845703,
                650.061401367,
                635.973937988,
                802.445068359,
                603.756530762,
                486.835174561,
                464.84387207,
                291.431213379,
                187.351272583,
                184.064346313,
                137.889923096,
                145.110946655,
                101.360466003,
                104.207984924,
                221.711257935,
                150.289840698,
                93.5571594238,
                69.2412414551,
                23.1123733521,
                10.067568779,
                1.95376992226,
                0.750592768192,
                0.0845837891102,
                0.00358638330363
            ],
            "mean": [
                0.566179931164,
                5.63961935043,
                9.07467460632,
                8.3821182251,
                9.96565151215,
                12.1370611191,
                13.0282735825,
                16.3220844269,
                15.9562149048,
                12.2028570175,
                8.91107368469,
                10.3244810104,
                11.6605348587,
                9.02218532562,
                9.57654190063,
                7.07444047928,
                9.69249153137,
                9.21788406372,
                10.7670879364,
                11.4940404892,
                9.34522533417,
                8.087849617,
                6.88310194016,
                8.52813148499,
                5.44410514832,
                3.87674212456,
                3.68437504768,
                3.0557320118,
                3.00092697144,
                3.60677981377,
                6.49818611145,
                5.10727214813,
                2.38169050217,
                1.49057245255,
                0.845428586006,
                0.166116535664,
                0.0421339124441,
                0.00604894431308,
                0.000521279172972,
                7.10223903297e-05
            ],
            "median": [
                0.348668724298,
                4.374335289,
                5.86320495605,
                5.22639989853,
                6.60109138489,
                5.74148845673,
                5.1286239624,
                5.23194646835,
                4.44372606277,
                2.98195505142,
                2.53927993774,
                4.60085868835,
                3.3537979126,
                2.27385473251,
                2.43988537788,
                1.44590580463,
                0.908019125462,
                0.900510311127,
                0.85314643383,
                0.87540358305,
                0.583356142044,
                0.43543484807,
                0.464816570282,
                0.84743398428,
                0.683043777943,
                0.655901670456,
                0.727230668068,
                0.591614127159,
                0.211522623897,
                0.0803275108337,
                0.139070019126,
                0.242835208774,
                0.374673932791,
                0.367465823889,
                0.202069953084,
                0.0424829050899,
                0.00970532745123,
                0.00129123649094,
                0.000101045581687,
                4.84232368763e-05
            ],
            "min": [
                1.49802732051e-21,
                1.63068863268e-21,
                2.54716036313e-20,
                2.15562401677e-19,
                1.62023640592e-19,
                3.29805879965e-19,
                1.09552989399e-18,
                9.21180073195e-19,
                4.9914399437e-19,
                1.00400184222e-18,
                6.95687277792e-19,
                1.56283275975e-18,
                1.0647417146e-18,
                3.38702688251e-18,
                6.25652986915e-18,
                2.86486084903e-18,
                2.05095565813e-18,
                3.42066831803e-18,
                6.29774910625e-18,
                5.74317620432e-18,
                5.80185805134e-18,
                1.20888037652e-17,
                9.54417038068e-18,
                1.13141797272e-17,
                1.06455803914e-17,
                2.0039530637e-17,
                1.6471085055e-17,
                2.09921316827e-17,
                2.54781439028e-17,
                2.30856745279e-17,
                1.86840578913e-17,
                1.60115448656e-17,
                1.40263792243e-17,
                1.11022907959e-17,
                9.85386597483e-18,
                6.95942204517e-18,
                2.7857896203e-18,
                9.81922116924e-19,
                3.5939438897e-19,
                4.40870367449e-20
            ],
            "var": [
                0.404319405556,
                45.2105140686,
                267.736663818,
                295.519012451,
                371.937652588,
                558.541564941,
                645.5546875,
                823.942871094,
                1019.35113525,
                1102.83459473,
                521.657043457,
                440.383789062,
                1314.01794434,
                575.248168945,
                504.743530273,
                348.048980713,
                966.429077148,
                2259.26293945,
                2656.6809082,
                3206.79272461,
                1702.77404785,
                1553.09228516,
                816.908569336,
                709.152709961,
                266.225341797,
                202.147781372,
                109.936813354,
                71.9379043579,
                75.271522522,
                93.0890808105,
                376.927337646,
                205.232681274,
                35.5997276306,
                10.1574602127,
                2.82706904411,
                0.151480555534,
                0.010072240606,
                0.000381741119782,
                4.61251056549e-06,
                1.09882645205e-08
            ]
        },
        "erbbands_crest": {
            "dmean": 2.86147809029,
            "dmean2": 4.67123746872,
            "dvar": 7.46869659424,
            "dvar2": 18.6565284729,
            "max": 30.4040412903,
            "mean": 10.0973310471,
            "median": 9.13784313202,
            "min": 2.37464570999,
            "var": 19.0699768066
        },
        "erbbands_flatness_db": {
            "dmean": 0.0243408121169,
            "dmean2": 0.0355967320502,
            "dvar": 0.000722142925952,
            "dvar2": 0.00134689616971,
            "max": 0.516602516174,
            "mean": 0.178394138813,
            "median": 0.156642496586,
            "min": 0.0374637171626,
            "var": 0.00649181148037
        },
        "erbbands_kurtosis": {
            "dmean": 2.24882411957,
            "dmean2": 3.64220309258,
            "dvar": 12.3714294434,
            "dvar2": 32.7160186768,
            "max": 89.9183120728,
            "mean": 2.37665534019,
            "median": 1.18168640137,
            "min": -1.93802332878,
            "var": 18.7035636902
        },
        "erbbands_skewness": {
            "dmean": 0.634542047977,
            "dmean2": 0.986573815346,
            "dvar": 0.483300060034,
            "dvar2": 1.25456368923,
            "max": 7.70491218567,
            "mean": 0.917090177536,
            "median": 0.956622242928,
            "min": -4.15635919571,
            "var": 1.2684186697
        },
        "erbbands_spread": {
            "dmean": 17.3754673004,
            "dmean2": 27.7139263153,
            "dvar": 585.607177734,
            "dvar2": 1344.84973145,
            "max": 218.74659729,
            "mean": 43.6368713379,
            "median": 33.6604232788,
            "min": 1.38637530804,
            "var": 987.024658203
        },
        "gfcc": {
            "cov": [
                [
                    13551.6806641,
                    -3391.0612793,
                    972.380371094,
                    2595.28564453,
                    -1247.23864746,
                    1579.10705566,
                    -440.014099121,
                    588.480957031,
                    -682.466430664,
                    626.258483887,
                    -125.773635864,
                    219.481674194,
                    -120.998756409
                ],
                [
                    -3391.0612793,
                    3250.94555664,
                    137.07232666,
                    -913.73449707,
                    1257.5501709,
                    -508.311248779,
                    317.906341553,
                    -174.947463989,
                    323.274047852,
                    -427.393280029,
                    107.653671265,
                    -265.09677124,
                    167.503860474
                ],
                [
                    972.380371094,
                    137.07232666,
                    2122.42871094,
                    863.260681152,
                    49.6780738831,
                    607.229553223,
                    -50.6515541077,
                    169.928848267,
                    3.09850621223,
                    -10.8369493484,
                    -42.6368713379,
                    -17.0370254517,
                    61.6453437805
                ],
                [
                    2595.28564453,
                    -913.73449707,
                    863.260681152,
                    1473.35144043,
                    -181.354660034,
                    570.687133789,
                    -53.1386756897,
                    128.446411133,
                    -9.7999830246,
                    39.1656494141,
                    -40.2798805237,
                    66.9486465454,
                    2.82692623138
                ],
                [
                    -1247.23864746,
                    1257.5501709,
                    49.6780738831,
                    -181.354660034,
                    966.647094727,
                    -143.363861084,
                    119.738746643,
                    11.201133728,
                    156.514602661,
                    -178.213226318,
                    46.2977561951,
                    -91.7088088989,
                    72.50340271
                ],
                [
                    1579.10705566,
                    -508.311248779,
                    607.229553223,
                    570.687133789,
                    -143.363861084,
                    630.853393555,
                    9.68430519104,
                    38.5696601868,
                    -29.1927375793,
                    60.7967185974,
                    -0.296060293913,
                    11.0137033463,
                    -32.1831169128
                ],
                [
                    -440.014099121,
                    317.906341553,
                    -50.6515541077,
                    -53.1386756897,
                    119.738746643,
                    9.68430519104,
                    243.079467773,
                    -17.042804718,
                    33.3854675293,
                    -47.6269989014,
                    5.46633815765,
                    -41.516078949,
                    9.9052438736
                ],
                [
                    588.480957031,
                    -174.947463989,
                    169.928848267,
                    128.446411133,
                    11.201133728,
                    38.5696601868,
                    -17.042804718,
                    221.433242798,
                    -59.2355804443,
                    71.9663314819,
                    -10.4458417892,
                    -1.34051764011,
                    24.5262870789
                ],
                [
                    -682.466430664,
                    323.274047852,
                    3.09850621223,
                    -9.7999830246,
                    156.514602661,
                    -29.1927375793,
                    33.3854675293,
                    -59.2355804443,
                    272.158813477,
                    -113.352592468,
                    7.55964660645,
                    -16.934967041,
                    -22.0303726196
                ],
                [
                    626.258483887,
                    -427.393280029,
                    -10.8369493484,
                    39.1656494141,
                    -178.213226318,
                    60.7967185974,
                    -47.6269989014,
                    71.9663314819,
                    -113.352592468,
                    257.52923584,
                    30.8463478088,
                    2.9781601429,
                    8.85829162598
                ],
                [
                    -125.773635864,
                    107.653671265,
                    -42.6368713379,
                    -40.2798805237,
                    46.2977561951,
                    -0.296060293913,
                    5.46633815765,
                    -10.4458417892,
                    7.55964660645,
                    30.8463478088,
                    114.559020996,
                    0.107938721776,
                    -19.1066379547
                ],
                [
                    219.481674194,
                    -265.09677124,
                    -17.0370254517,
                    66.9486465454,
                    -91.7088088989,
                    11.0137033463,
                    -41.516078949,
                    -1.34051764011,
                    -16.934967041,
                    2.9781601429,
                    0.107938721776,
                    123.151542664,
                    2.80863833427
                ],
                [
                    -120.998756409,
                    167.503860474,
                    61.6453437805,
                    2.82692623138,
                    72.50340271,
                    -32.1831169128,
                    9.9052438736,
                    24.5262870789,
                    -22.0303726196,
                    8.85829162598,
                    -19.1066379547,
                    2.80863833427,
                    135.565856934
                ]
            ],
            "icov": [
                [
                    0.000224983174121,
                    -0.000237066327827,
                    0.000246989395237,
                    -0.000374209746951,
                    0.000207363889785,
                    -0.00051381502999,
                    0.000388190761441,
                    -0.000474237138405,
                    0.00038193014916,
                    -0.000292370532406,
                    0.000396575167542,
                    -0.000296501239063,
                    0.000356975389877
                ],
                [
                    -0.000237066327827,
                    0.00218992331065,
                    -0.00100790930446,
                    0.00121322029736,
                    -0.00152527960017,
                    0.00144496141002,
                    -0.00139778235462,
                    0.00146720337216,
                    -0.000782842282206,
                    0.00188807828818,
                    -0.00225706864148,
                    0.00251403450966,
                    -0.0021097343415
                ],
                [
                    0.000246989395237,
                    -0.00100790930446,
                    0.00135696236975,
                    -0.000927411252633,
                    0.000652624468785,
                    -0.00155593920499,
                    0.00110351317562,
                    -0.00131408066954,
                    0.000511392077897,
                    -0.000613836164121,
                    0.00119210849516,
                    -0.000864997098688,
                    0.000615953467786
                ],
                [
                    -0.000374209746951,
                    0.00121322029736,
                    -0.000927411252633,
                    0.00219121109694,
                    -0.000788755249232,
                    0.000353892159183,
                    -0.000920684542507,
                    0.000718732364476,
                    -0.00102089182474,
                    0.00128697534092,
                    -0.00121908448637,
                    0.000900156446733,
                    -0.00145438604522
                ],
                [
                    0.000207363889785,
                    -0.00152527960017,
                    0.000652624468785,
                    -0.000788755249232,
                    0.00271409447305,
                    -0.000888463342562,
                    0.00068815384293,
                    -0.00166860676836,
                    6.63342434564e-05,
                    -0.000243167422013,
                    0.000486104690935,
                    -0.000816010229755,
                    0.000490598438773
                ],
                [
                    -0.00051381502999,
                    0.00144496141002,
                    -0.00155593920499,
                    0.000353892159183,
                    -0.000888463342562,
                    0.00474288593978,
                    -0.00204876321368,
                    0.00209686183371,
                    -0.000849369622301,
                    0.000692526635248,
                    -0.00195985939354,
                    0.00174829747993,
                    -0.00066810392309
                ],
                [
                    0.000388190761441,
                    -0.00139778235462,
                    0.00110351317562,
                    -0.000920684542507,
                    0.00068815384293,
                    -0.00204876321368,
                    0.00601333286613,
                    -0.00133790622931,
                    0.000759247282986,
                    -0.000488587364089,
                    0.00136482750531,
                    -0.000244560971623,
                    0.000891970586963
                ],
                [
                    -0.000474237138405,
                    0.00146720337216,
                    -0.00131408066954,
                    0.000718732364476,
                    -0.00166860676836,
                    0.00209686183371,
                    -0.00133790622931,
                    0.0074111558497,
                    -0.000127393635921,
                    -0.000459846429294,
                    -0.000861438747961,
                    0.00166257482488,
                    -0.00165295042098
                ],
                [
                    0.00038193014916,
                    -0.000782842282206,
                    0.000511392077897,
                    -0.00102089182474,
                    6.63342434564e-05,
                    -0.000849369622301,
                    0.000759247282986,
                    -0.000127393635921,
                    0.00566255953163,
                    0.000732370011974,
                    0.000639983802103,
                    -0.000640891783405,
                    0.00180319068022
                ],
                [
                    -0.000292370532406,
                    0.00188807828818,
                    -0.000613836164121,
                    0.00128697534092,
                    -0.000243167422013,
                    0.000692526635248,
                    -0.000488587364089,
                    -0.000459846429294,
                    0.000732370011974,
                    0.00814488902688,
                    -0.00454330351204,
                    0.00336538557895,
                    -0.00305145932361
                ],
                [
                    0.000396575167542,
                    -0.00225706864148,
                    0.00119210849516,
                    -0.00121908448637,
                    0.000486104690935,
                    -0.00195985939354,
                    0.00136482750531,
                    -0.000861438747961,
                    0.000639983802103,
                    -0.00454330351204,
                    0.0128478547558,
                    -0.00365990400314,
                    0.0042444691062
                ],
                [
                    -0.000296501239063,
                    0.00251403450966,
                    -0.000864997098688,
                    0.000900156446733,
                    -0.000816010229755,
                    0.00174829747993,
                    -0.000244560971623,
                    0.00166257482488,
                    -0.000640891783405,
                    0.00336538557895,
                    -0.00365990400314,
                    0.0125369848683,
                    -0.00352747016586
                ],
                [
                    0.000356975389877,
                    -0.0021097343415,
                    0.000615953467786,
                    -0.00145438604522,
                    0.000490598438773,
                    -0.00066810392309,
                    0.000891970586963,
                    -0.00165295042098,
                    0.00180319068022,
                    -0.00305145932361,
                    0.0042444691062,
                    -0.00352747016586,
                    0.0110287163407
                ]
            ],
            "mean": [
                -63.6201629639,
                119.741653442,
                -61.030090332,
                29.1694221497,
                -44.0757713318,
                16.7633171082,
                -32.2240753174,
                16.0633201599,
                -24.1351604462,
                2.07177138329,
                -10.6339740753,
                -4.7793097496,
                -1.50302863121
            ]
        },
        "hfc": {
            "dmean": 9.52338409424,
            "dmean2": 15.3917741776,
            "dvar": 408.455505371,
            "dvar2": 1032.42810059,
            "max": 273.234405518,
            "mean": 14.6464414597,
            "median": 8.26108455658,
            "min": 1.23556550432e-16,
            "var": 458.017272949
        },
        "melbands": {
            "dmean": [
                0.00255567906424,
                0.00317290867679,
                0.00108219217509,
                0.000580101332162,
                0.000381344376365,
                0.000263549707597,
                0.000160379131557,
                8.03941729828e-05,
                4.95729946124e-05,
                4.38516763097e-05,
                4.32101442129e-05,
                2.39975906879e-05,
                2.04452244361e-05,
                1.28461815621e-05,
                1.24981988847e-05,
                1.86442921404e-05,
                1.66251738847e-05,
                1.38008299473e-05,
                1.77000383701e-05,
                1.4721576008e-05,
                9.59006683843e-06,
                9.01406292542e-06,
                6.67013637212e-06,
                5.08067705596e-06,
                5.74030991629e-06,
                3.93147956856e-06,
                2.28560588766e-06,
