{
    "lowlevel": {
        "average_loudness": 0.945658326149,
        "barkbands": {
            "dmean": [
                0.000530901539605,
                0.00930396374315,
                0.00322257960215,
                0.00241088424809,
                0.00233778520487,
                0.000737044669222,
                0.000651006470434,
                0.000519927183632,
                0.000543095695321,
                0.000436617759988,
                0.000303292792523,
                0.000275892292848,
                0.000377300573746,
                0.000368858367437,
                0.000451347819762,
                0.000331182032824,
                0.000327937566908,
                0.000263772148173,
                0.000253036501817,
                0.000209740668652,
                0.000125043050502,
                0.000131155014969,
                0.00017270562239,
                0.000175955981831,
                0.000130071450258,
                8.98079451872e-05,
                2.44024231506e-05
            ],
            "dmean2": [
                0.000675042218063,
                0.0155369993299,
                0.0055273398757,
                0.00428405730054,
                0.00403195573017,
                0.00115501182154,
                0.00103797973134,
                0.000773150241002,
                0.000807435775641,
                0.000649968336802,
                0.000454030494438,
                0.000431674707215,
                0.000597617705353,
                0.000587072630879,
                0.000709753949195,
                0.000520145054907,
                0.00052831042558,
                0.000414932088461,
                0.00040381110739,
                0.000333472387865,
                0.000204688389204,
                0.000215134889004,
                0.000263210502453,
                0.000253774400335,
                0.000188745805644,
                0.000133989597089,
                3.55061165465e-05
            ],
            "dvar": [
                1.05299034203e-06,
                0.000242475347477,
                4.72058854939e-05,
                2.81645316136e-05,
                2.93090743071e-05,
                1.58475756962e-06,
                1.46445734117e-06,
                1.26471491058e-06,
                9.64002083492e-07,
                9.36099979754e-07,
                3.01981117445e-07,
                3.24997870393e-07,
                4.76995865029e-07,
                7.87041528838e-07,
                9.41910286656e-07,
                4.68350009442e-07,
                4.05879262644e-07,
                1.86138521485e-07,
                1.38191126098e-07,
                8.51153885151e-08,
                4.39579785905e-08,
                5.2022890884e-08,
                1.24944676827e-07,
                1.3522185327e-07,
                6.31371364079e-08,
                3.46345387925e-08,
                3.3393130483e-09
            ],
            "dvar2": [
                1.79167432179e-06,
                0.000653634604532,
                0.000133281442686,
                7.9770659795e-05,
                8.13231163193e-05,
                3.71867326976e-06,
                3.46102046933e-06,
                2.54267365563e-06,
                2.2314582111e-06,
                2.0833454073e-06,
                6.49626372251e-07,
                7.51932304865e-07,
                1.11772396849e-06,
                1.81925338438e-06,
                2.16682610699e-06,
                1.10515702545e-06,
                9.52221114403e-07,
                4.42388909505e-07,
                3.42462158187e-07,
                2.02551603934e-07,
                1.17137922473e-07,
                1.34753392445e-07,
                2.71262479146e-07,
                2.39809367031e-07,
                1.26153196334e-07,
                7.6663795312e-08,
                7.54085949239e-09
            ],
            "max": [
                0.0137775698677,
                0.147540166974,
                0.133612349629,
                0.0669068917632,
                0.0863206014037,
                0.023468028754,
                0.018784403801,
                0.0210260879248,
                0.0205429811031,
                0.0231526345015,
                0.0118777025491,
                0.0112144462764,
                0.0133746620268,
                0.0216595437378,
                0.0185341760516,
                0.0130852684379,
                0.0189852546901,
                0.00716046430171,
                0.0102885384113,
                0.00547074712813,
                0.00341785768978,
                0.0030332764145,
                0.00597702199593,
                0.00768457353115,
                0.00434090895578,
                0.00219312752597,
                0.000879587896634
            ],
            "mean": [
                0.00117958779447,
                0.0185863301158,
                0.00656992290169,
                0.00319569301791,
                0.00344639201649,
                0.00176252645906,
                0.00130951125175,
                0.00101048767101,
                0.00116988585796,
                0.000933250936214,
                0.00064343662234,
                0.000507700897288,
                0.000694610062055,
                0.000623303465545,
                0.000760968017858,
                0.000580807449296,
                0.000660455727484,
                0.000575698737521,
                0.000600841653068,
                0.000498708453961,
                0.000307086040266,
                0.000286029913696,
                0.000336443539709,
                0.00035280562588,
                0.00026607332984,
                0.000154037363245,
                3.50887530658e-05
            ],
            "median": [
                0.000193282961845,
                0.0119593469426,
                0.00403946591541,
                0.00171382864937,
                0.0020514272619,
                0.000797399261501,
                0.000505988369696,
                0.000422512326622,
                0.000601024774369,
                0.000406609935453,
                0.000300966727082,
                0.000236057021539,
                0.000383679202059,
                0.000215382722672,
                0.000320515769999,
                0.000283383880742,
                0.000361391983461,
                0.000337692152243,
                0.000399225420551,
                0.000347887049429,
                0.000217119624722,
                0.000194290667423,
                0.000174294924363,
                0.000140326141263,
                0.000125437145471,
                4.79530499433e-05,
                5.78721756028e-06
            ],
            "min": [
                2.11015795639e-23,
                6.98562458646e-23,
                4.68327431781e-24,
                4.35815791749e-24,
                5.62156038795e-23,
                5.29640146803e-24,
                2.3937728578e-23,
                4.71651131544e-23,
                4.1089801867e-23,
                7.07220112418e-23,
                3.20666688381e-23,
                6.43864105656e-23,
                1.14891847938e-22,
                1.4886683757e-22,
                7.75237088061e-23,
                1.42576031572e-22,
                2.64600456892e-22,
                2.43858261846e-22,
                2.07966857707e-22,
                2.99215900605e-22,
                7.1255006059e-22,
                6.66653703984e-22,
                5.06152594323e-22,
                6.95494913063e-22,
                1.25284056641e-21,
                1.89586827756e-21,
                2.39104795553e-21
            ],
            "var": [
                5.15314332006e-06,
                0.000453999149613,
                6.71189482091e-05,
                2.43252361543e-05,
                2.53118596447e-05,
                5.7350980569e-06,
                4.25170037488e-06,
                3.08655558001e-06,
                2.61476066044e-06,
                2.3346819944e-06,
                9.28700217173e-07,
                8.47589433306e-07,
                1.0365857861e-06,
                1.82627059075e-06,
                1.89327556654e-06,
                9.26550512759e-07,
                1.34647928007e-06,
                5.20690207395e-07,
                4.4918769504e-07,
                2.70633648825e-07,
                9.74056533209e-08,
                9.93373987512e-08,
                2.71606324986e-07,
                3.90056129618e-07,
                1.54524158802e-07,
                6.43899440433e-08,
                4.99832575329e-09
            ]
        },
        "barkbands_crest": {
            "dmean": 2.4959332943,
            "dmean2": 4.04655599594,
            "dvar": 6.73074293137,
            "dvar2": 17.5981388092,
            "max": 25.1722011566,
            "mean": 11.0976457596,
            "median": 10.325296402,
            "min": 2.34930849075,
            "var": 19.1524620056
        },
        "barkbands_flatness_db": {
            "dmean": 0.0182398762554,
            "dmean2": 0.0285313278437,
            "dvar": 0.000338952697348,
            "dvar2": 0.000843167654239,
            "max": 0.392360299826,
            "mean": 0.119622260332,
            "median": 0.107081800699,
            "min": 0.0169637240469,
            "var": 0.00340925971977
        },
        "barkbands_kurtosis": {
            "dmean": 2.59282112122,
            "dmean2": 4.17036724091,
            "dvar": 19.3809013367,
            "dvar2": 46.8505706787,
            "max": 107.458000183,
            "mean": 4.15321683884,
            "median": 1.71018838882,
            "min": -1.86939311028,
            "var": 62.4410896301
        },
        "barkbands_skewness": {
            "dmean": 0.49098944664,
            "dmean2": 0.768826723099,
            "dvar": 0.296063989401,
            "dvar2": 0.705780923367,
            "max": 9.55033874512,
            "mean": 1.7374202013,
            "median": 1.54715752602,
            "min": -3.36004543304,
            "var": 1.42826497555
        },
        "barkbands_spread": {
            "dmean": 6.62832307816,
            "dmean2": 10.3095684052,
            "dvar": 63.6487464905,
            "dvar2": 145.410522461,
            "max": 110.673927307,
            "mean": 29.1087150574,
            "median": 27.5905094147,
            "min": 1.3650598526,
            "var": 242.211044312
        },
        "dissonance": {
            "dmean": 0.0124235451221,
            "dmean2": 0.0206838678569,
            "dvar": 0.000165281599038,
            "dvar2": 0.00041778688319,
            "max": 0.499990880489,
            "mean": 0.46947145462,
            "median": 0.476687908173,
            "min": 0.175439476967,
            "var": 0.000778095331043
        },
        "dynamic_complexity": 2.84570264816,
        "erbbands": {
            "dmean": [
                0.333049178123,
                1.94790780544,
                3.28401732445,
                6.02879905701,
                9.98616313934,
                6.44147920609,
                4.11986017227,
                7.52131891251,
                9.29471302032,
                9.95841884613,
                8.61362361908,
                14.6940536499,
                11.374704361,
                12.0451917648,
                12.9473695755,
                11.8781061172,
                16.9050521851,
                17.6229972839,
                22.7177753448,
                16.9623413086,
                15.4457511902,
                14.2172346115,
                15.958445549,
                11.301984787,
                13.0069475174,
                9.57535266876,
                5.92970228195,
                4.67949819565,
                4.5022149086,
                5.12665987015,
                5.10574531555,
                4.07404613495,
                2.74258494377,
                1.6345654726,
                0.876403510571,
                0.440794110298,
                0.167962193489,
                0.027966927737,
                0.00405190838501,
                0.000281056971289
            ],
            "dmean2": [
                0.54258453846,
                3.24499702454,
                5.52603912354,
                10.621761322,
                17.7153949738,
                10.9000883102,
                6.57552242279,
                11.828836441,
                14.5916957855,
                15.4206018448,
                12.6953001022,
                21.7045497894,
                16.9173583984,
                18.0858802795,
                19.4137020111,
                18.5727825165,
                26.6447963715,
                27.6874084473,
                35.8136024475,
                26.2870464325,
                24.0284976959,
                22.5470542908,
                24.8161716461,
                17.6399936676,
                20.7845497131,
                15.2231206894,
                9.65381622314,
                7.78250360489,
                7.34876346588,
                8.28213024139,
                7.76414394379,
                6.0482544899,
                3.92944741249,
                2.39091253281,
                1.266700387,
                0.646145820618,
                0.257528871298,
                0.040981721133,
                0.00591079844162,
                0.000416789407609
            ],
            "dvar": [
                0.347819894552,
                12.2163991928,
                48.6525230408,
                165.309951782,
                682.087402344,
                157.645050049,
                61.3568153381,
                186.590194702,
                296.835601807,
                426.249664307,
                415.613677979,
                696.935241699,
                795.748168945,
                714.277587891,
                509.36151123,
                580.526977539,
                933.465576172,
                1626.28479004,
                2012.04956055,
                1539.10083008,
                831.632385254,
                745.009033203,
                671.515991211,
                307.887145996,
                382.357147217,
                205.281204224,
                82.5040206909,
                79.6752624512,
                57.0721511841,
                111.814529419,
                101.414581299,
                72.2778015137,
                34.4379844666,
                11.4470376968,
                2.39822983742,
                0.69796192646,
                0.134874880314,
                0.00363104953431,
                9.25593631109e-05,
                5.61332228699e-07
            ],
            "dvar2": [
                0.962790369987,
                31.4181880951,
                133.971755981,
                470.538848877,
                1914.11523438,
                427.990966797,
                144.162399292,
                445.437774658,
                688.493774414,
                936.988525391,
                819.632080078,
                1639.25585938,
                1824.54882813,
                1506.59191895,
                1083.02050781,
                1337.27270508,
                2180.01391602,
                3769.73999023,
                4697.63867188,
                3533.90478516,
                1942.34106445,
                1813.86401367,
                1572.01245117,
                732.610717773,
                967.357971191,
                485.648040771,
                216.655487061,
                214.734939575,
                148.102386475,
                275.871154785,
                217.082336426,
                135.402145386,
                63.2554893494,
                22.9608707428,
                4.7669467926,
                1.48949408531,
                0.312044709921,
                0.00782546401024,
                0.000207672303077,
                1.29773741264e-06
            ],
            "max": [
                6.16956424713,
                34.5098190308,
                132.562362671,
                169.959701538,
                313.737243652,
                261.893554688,
                143.435852051,
                296.23916626,
                262.139282227,
                384.761566162,
                495.326080322,
                479.856109619,
                837.9453125,
                731.385803223,
                456.553588867,
                570.016357422,
                668.175048828,
                1225.0645752,
                911.504455566,
                906.557250977,
                683.301391602,
                658.526794434,
                540.666503906,
                403.239501953,
                588.436035156,
                315.682739258,
                179.107543945,
                169.811340332,
                100.705047607,
                194.243728638,
                169.524398804,
                150.106384277,
                138.442962646,
                56.6131324768,
                24.5836162567,
                13.8131198883,
                4.26927232742,
                0.637595415115,
                0.147130414844,
                0.0130652412772
            ],
            "mean": [
                0.624335706234,
                3.81216859818,
                7.05965805054,
                10.4847106934,
                12.5521278381,
                10.2030735016,
                8.15425205231,
                18.2430744171,
                21.0233573914,
                20.7882804871,
                17.46916008,
                32.7832260132,
                25.5339355469,
                27.344335556,
                28.5901622772,
                24.6659297943,
                33.090713501,
                35.1573600769,
                40.6864433289,
                31.5994377136,
                32.6791572571,
                31.5710945129,
                36.8191413879,
                27.6628170013,
                30.8472270966,
                23.5368385315,
                15.0594463348,
                10.6888313293,
                10.1340074539,
                9.92257118225,
                9.88035964966,
                7.89216375351,
                5.44209480286,
                3.19635891914,
                1.7682441473,
                0.802425920963,
                0.267277210951,
                0.0445341542363,
                0.00592188443989,
                0.000419852789491
            ],
            "median": [
                0.330313116312,
                2.46234941483,
                5.01264095306,
                6.90617370605,
                6.4025850296,
                5.9228310585,
                4.47451496124,
                7.98203897476,
                8.40784263611,
                9.51079368591,
                8.44375705719,
                17.5741100311,
                13.0124464035,
                11.6549568176,
                15.7197542191,
                12.7078046799,
                19.5291957855,
                15.6511831284,
                18.172876358,
                15.2237071991,
                18.1317653656,
                19.5080490112,
                22.3925209045,
                17.6877212524,
                22.5702533722,
                15.9952955246,
                10.9413385391,
                7.36262655258,
                7.02074670792,
                5.84148597717,
                5.06583118439,
                3.24945068359,
                2.13535070419,
                1.41806411743,
                0.829131484032,
                0.309695124626,
                0.0698506459594,
                0.00992579199374,
                0.00103768985718,
                0.000118139061669
            ],
            "min": [
                1.09440377321e-21,
                1.80909892962e-20,
                1.41150859052e-20,
                1.06778378439e-20,
                6.76606405334e-20,
                2.80577802622e-19,
                7.79708135587e-20,
                5.88198052323e-20,
                1.42352497219e-19,
                7.30300753922e-19,
                1.03892168537e-18,
                8.74896112598e-19,
                1.26293646411e-18,
                2.28695462959e-18,
                1.82634696371e-18,
                2.83491318855e-18,
                4.776528391e-18,
                8.42515879365e-18,
                4.52066405674e-18,
                5.5846011314e-18,
                8.14030426047e-18,
                1.53033905802e-17,
                1.42276471566e-17,
                1.05793083351e-17,
                1.13734894043e-17,
                1.64250160579e-17,
                3.27477727398e-17,
                1.99957363866e-17,
                2.22859050265e-17,
                1.8240492214e-17,
                1.44626756384e-17,
                1.70173154268e-17,
                9.82827300668e-18,
                1.26288790861e-17,
                9.91732975297e-18,
                4.97330101024e-18,
                4.08947548293e-18,
                1.69387884829e-18,
                3.40969509512e-19,
                3.24393546744e-20
            ],
            "var": [
                0.691446781158,
                20.0952854156,
                70.9197311401,
                172.444763184,
                512.02746582,
                187.070465088,
                129.210021973,
                688.20880127,
                1006.75616455,
                1141.18847656,
                872.005615234,
                1961.46252441,
                1838.70996094,
                2040.20910645,
                1629.87780762,
                1688.41638184,
                2124.73925781,
                4740.92578125,
                4805.75195313,
                2975.60839844,
                2116.03515625,
                2138.50317383,
                2042.94628906,
                1022.71911621,
                1070.21057129,
                659.485351563,
                215.598098755,
                142.040252686,
                119.054389954,
                181.248199463,
                231.800247192,
                195.184692383,
                94.782333374,
                27.2501449585,
                6.01705217361,
                1.44814622402,
                0.225237220526,
                0.00646776659414,
                0.0001403754286,
                7.18705393865e-07
            ]
        },
        "erbbands_crest": {
            "dmean": 1.9729129076,
            "dmean2": 3.15381121635,
            "dvar": 3.58875513077,
            "dvar2": 8.86243057251,
            "max": 25.9201488495,
            "mean": 7.59419059753,
            "median": 6.77509307861,
            "min": 2.18413424492,
            "var": 12.1905851364
        },
        "erbbands_flatness_db": {
            "dmean": 0.0121620362625,
            "dmean2": 0.0172342825681,
            "dvar": 0.000154281588038,
            "dvar2": 0.000287852832116,
            "max": 0.379860132933,
            "mean": 0.122236996889,
            "median": 0.109508104622,
            "min": 0.0378195159137,
            "var": 0.00304901530035
        },
        "erbbands_kurtosis": {
            "dmean": 0.487442851067,
            "dmean2": 0.754801511765,
            "dvar": 0.351014494896,
            "dvar2": 0.740983068943,
            "max": 21.6498508453,
            "mean": -0.00144522706978,
            "median": -0.411420881748,
            "min": -1.76561665535,
            "var": 2.9920361042
        },
        "erbbands_skewness": {
            "dmean": 0.251219183207,
            "dmean2": 0.373240023851,
            "dvar": 0.065069667995,
            "dvar2": 0.137868568301,
            "max": 3.43881607056,
            "mean": 0.0152478953823,
            "median": -0.0293173436075,
            "min": -3.08081889153,
            "var": 0.391750067472
        },
        "erbbands_spread": {
            "dmean": 7.99834680557,
            "dmean2": 12.1710042953,
            "dvar": 82.2453765869,
            "dvar2": 184.138442993,
            "max": 166.131713867,
            "mean": 47.9746131897,
            "median": 45.7741012573,
            "min": 4.126765728,
            "var": 407.693115234
        },
        "gfcc": {
            "cov": [
                [
                    17704.0136719,
                    -2218.94091797,
                    -395.768951416,
                    1237.8815918,
                    462.764282227,
                    920.173156738,
                    -51.051448822,
                    685.673095703,
                    63.3565597534,
                    308.372589111,
                    -305.186004639,
                    35.8529624939,
                    -357.851409912
                ],
                [
                    -2218.94091797,
                    1902.48425293,
                    -209.633560181,
                    -254.133987427,
                    144.673416138,
                    -158.573257446,
                    259.509307861,
                    -137.796920776,
                    75.8675231934,
                    -56.1461257935,
                    182.139572144,
                    21.5202236176,
                    153.157287598
                ],
                [
                    -395.768951416,
                    -209.633560181,
                    1069.36071777,
                    80.1286773682,
                    166.742034912,
                    122.203720093,
                    25.0600967407,
                    43.3835830688,
                    11.0492334366,
                    77.2224121094,
                    -12.225356102,
                    90.8740997314,
                    -31.0318698883
                ],
                [
                    1237.8815918,
                    -254.133987427,
                    80.1286773682,
                    455.149627686,
                    86.2024002075,
                    131.720672607,
                    -12.4232082367,
                    86.7877960205,
                    21.8420848846,
                    26.4147834778,
                    -21.8805923462,
                    14.3258705139,
                    -7.70610332489
                ],
                [
                    462.764282227,
                    144.673416138,
                    166.742034912,
                    86.2024002075,
                    297.830810547,
                    91.9975357056,
                    117.607582092,
                    52.1764068604,
                    70.7034835815,
                    55.6209526062,
                    20.470117569,
                    45.0969161987,
                    21.8289527893
                ],
                [
                    920.173156738,
                    -158.573257446,
                    122.203720093,
                    131.720672607,
                    91.9975357056,
                    247.616958618,
                    76.1784591675,
                    69.2950439453,
                    3.92482376099,
                    36.8791885376,
                    -7.14228725433,
                    8.5434217453,
                    -26.2158260345
                ],
                [
                    -51.051448822,
                    259.509307861,
                    25.0600967407,
                    -12.4232082367,
                    117.607582092,
                    76.1784591675,
                    260.032745361,
                    49.3702392578,
                    47.1866569519,
                    25.8192653656,
                    43.6576499939,
                    32.5307998657,
                    30.1246814728
                ],
                [
                    685.673095703,
                    -137.796920776,
                    43.3835830688,
                    86.7877960205,
                    52.1764068604,
                    69.2950439453,
                    49.3702392578,
                    152.913314819,
                    47.935295105,
                    42.2235069275,
                    -10.421122551,
                    13.8733778,
                    -9.94953632355
                ],
                [
                    63.3565597534,
                    75.8675231934,
                    11.0492334366,
                    21.8420848846,
                    70.7034835815,
                    3.92482376099,
                    47.1866569519,
                    47.935295105,
                    133.569412231,
                    63.1977729797,
                    25.0250740051,
                    16.8022289276,
                    21.2041549683
                ],
                [
                    308.372589111,
                    -56.1461257935,
                    77.2224121094,
                    26.4147834778,
                    55.6209526062,
                    36.8791885376,
                    25.8192653656,
                    42.2235069275,
                    63.1977729797,
                    108.702148438,
                    31.8279590607,
                    27.3590011597,
                    -5.73099565506
                ],
                [
                    -305.186004639,
                    182.139572144,
                    -12.225356102,
                    -21.8805923462,
                    20.470117569,
                    -7.14228725433,
                    43.6576499939,
                    -10.421122551,
                    25.0250740051,
                    31.8279590607,
                    104.816291809,
                    34.606086731,
                    26.6919555664
                ],
                [
                    35.8529624939,
                    21.5202236176,
                    90.8740997314,
                    14.3258705139,
                    45.0969161987,
                    8.5434217453,
                    32.5307998657,
                    13.8733778,
                    16.8022289276,
                    27.3590011597,
                    34.606086731,
                    87.4552993774,
                    29.0061359406
                ],
                [
                    -357.851409912,
                    153.157287598,
                    -31.0318698883,
                    -7.70610332489,
                    21.8289527893,
                    -26.2158260345,
                    30.1246814728,
                    -9.94953632355,
                    21.2041549683,
                    -5.73099565506,
                    26.6919555664,
                    29.0061359406,
                    93.8050613403
                ]
            ],
            "icov": [
                [
                    0.00011581157014,
                    3.8743190089e-05,
                    0.000170030558365,
                    -0.000141821234138,
                    -0.000166257552337,
                    -0.000239052984398,
                    0.00010594016203,
                    -0.000235224710195,
                    0.000116858282126,
                    -0.000224956704187,
                    0.000257235340541,
                    -0.000257611944107,
                    0.000302356638713
                ],
                [
                    3.8743190089e-05,
                    0.00106271088589,
                    0.000107289233711,
                    0.000197961562662,
                    -0.000643026723992,
                    0.000439658237156,
                    -0.000801112444606,
                    0.000621089420747,
                    -0.000436149479356,
                    0.000911882845685,
                    -0.00134860666003,
                    0.000593077216763,
                    -0.000585246190894
                ],
                [
                    0.000170030558365,
                    0.000107289233711,
                    0.0014704822097,
                    -0.000134017653181,
                    -0.000819365435746,
                    -0.00066444760887,
                    0.000330924463924,
                    -0.000164163444424,
                    0.000456586742075,
                    -0.000856288825162,
                    0.000881995190866,
                    -0.00169496319722,
                    0.000947820255533
                ],
                [
                    -0.000141821234138,
                    0.000197961562662,
                    -0.000134017653181,
                    0.00323152239434,
                    -0.000578807725105,
                    -0.00105629581958,
                    0.000817345513497,
                    -0.000776286935434,
                    -0.000442215241492,
                    0.000885494286194,
                    -0.00044881834765,
                    0.000126023529447,
                    -0.000905638560653
                ],
                [
                    -0.000166257552337,
                    -0.000643026723992,
                    -0.000819365435746,
                    -0.000578807725105,
                    0.00601195404306,
                    -0.000844014750328,
                    -0.0014595463872,
                    0.000412778754253,
                    -0.00176532845944,
                    -0.000798082910478,
                    0.000979028292932,
                    -0.000947028805967,
                    -0.000660817080643
                ],
                [
                    -0.000239052984398,
                    0.000439658237156,
                    -0.00066444760887,
                    -0.00105629581958,
                    -0.000844014750328,
                    0.0073446650058,
                    -0.00247212336399,
                    -0.000488231598865,
                    0.00161379994825,
                    -0.000727191276383,
                    -0.000944850384258,
                    0.00173386000097,
                    0.000378272874514
                ],
                [
                    0.00010594016203,
                    -0.000801112444606,
                    0.000330924463924,
                    0.000817345513497,
                    -0.0014595463872,
                    -0.00247212336399,
                    0.00679822033271,
                    -0.00226259045303,
                    -0.000388712156564,
                    0.000402631150791,
                    -0.000593084434513,
                    -0.00124337698799,
                    -0.000219962501433
                ],
                [
                    -0.000235224710195,
                    0.000621089420747,
                    -0.000164163444424,
                    -0.000776286935434,
                    0.000412778754253,
                    -0.000488231598865,
                    -0.00226259045303,
                    0.0107693588361,
                    -0.00317709683441,
                    -0.000752401072532,
                    0.00104408839252,
                    -0.000392207701225,
                    0.000103267593659
                ],
                [
                    0.000116858282126,
                    -0.000436149479356,
                    0.000456586742075,
                    -0.000442215241492,
                    -0.00176532845944,
                    0.00161379994825,
                    -0.000388712156564,
                    -0.00317709683441,
                    0.0135332345963,
                    -0.0075658634305,
                    0.000537939311471,
                    0.00133014575113,
                    -0.00216344255023
                ],
                [
                    -0.000224956704187,
                    0.000911882845685,
                    -0.000856288825162,
                    0.000885494286194,
                    -0.000798082910478,
                    -0.000727191276383,
                    0.000402631150791,
                    -0.000752401072532,
                    -0.0075658634305,
                    0.0182367023081,
                    -0.00609143776819,
                    -0.0015205523232,
                    0.00224370649084
                ],
                [
                    0.000257235340541,
                    -0.00134860666003,
                    0.000881995190866,
                    -0.00044881834765,
                    0.000979028292932,
                    -0.000944850384258,
                    -0.000593084434513,
                    0.00104408839252,
                    0.000537939311471,
                    -0.00609143776819,
                    0.0163454916328,
                    -0.00558305578306,
                    -0.000171003979631
                ],
                [
                    -0.000257611944107,
                    0.000593077216763,
                    -0.00169496319722,
                    0.000126023529447,
                    -0.000947028805967,
                    0.00173386000097,
                    -0.00124337698799,
                    -0.000392207701225,
                    0.00133014575113,
                    -0.0015205523232,
                    -0.00558305578306,
                    0.018372790888,
                    -0.00592490658164
                ],
                [
                    0.000302356638713,
                    -0.000585246190894,
                    0.000947820255533,
                    -0.000905638560653,
                    -0.000660817080643,
                    0.000378272874514,
                    -0.000219962501433,
                    0.000103267593659,
                    -0.00216344255023,
                    0.00224370649084,
                    -0.000171003979631,
                    -0.00592490658164,
                    0.0158564820886
                ]
            ],
            "mean": [
                33.3790435791,
                71.2296142578,
                -99.7257385254,
                36.8950996399,
                -48.6864395142,
                17.8807239532,
                -32.1587715149,
                12.92765522,
                -23.1134815216,
                3.25879645348,
                -13.7956924438,
                -0.645544707775,
                -12.9046545029
            ]
        },
        "hfc": {
            "dmean": 7.94863653183,
            "dmean2": 11.473950386,
            "dvar": 133.457778931,
            "dvar2": 266.037719727,
            "max": 140.021865845,
            "mean": 33.7394332886,
            "median": 30.0014247894,
            "min": 1.21101451904e-16,
            "var": 566.525634766
        },
        "melbands": {
            "dmean": [
                0.00270766415633,
                0.00180638907477,
                0.00114087969996,
                0.000600950792432,
                0.000159256553161,
                0.000159832707141,
                0.000139698036946,
                0.000112403300591,
                6.98114745319e-05,
                9.27318324102e-05,
                5.75044614379e-05,
                5.12280785188e-05,
                3.91502508137e-05,
                3.56500640919e-05,
                3.0609935493e-05,
                3.87943036912e-05,
                3.71715977963e-05,
                3.71102614736e-05,
                3.00336942018e-05,
                2.76120954368e-05,
                1.89203583432e-05,
                1.52879147208e-05,
                1.99272417376e-05,
                1.2081870409e-05,
                1.00591405499e-05,
                1.13284804684e-05,
                8.83138818608e-06,
