{
    "lowlevel": {
        "average_loudness": 0.8107162714,
        "barkbands": {
            "dmean": [
                0.000586048292462,
                0.00992483459413,
                0.0035422348883,
                0.00170432729647,
                0.00124844280072,
                0.00109387224074,
                0.00130391935818,
                0.00106275128201,
                0.000843782909214,
                0.000359881465556,
                0.000202486058697,
                0.000229415527429,
                0.000257272913586,
                0.000333616335411,
                0.000280413107248,
                0.00012983250781,
                0.000260479253484,
                0.000240761321038,
                0.000182127245353,
                0.000129866035422,
                0.000114135946205,
                0.000167614372913,
                0.000293879624223,
                0.000383414502721,
                0.000498084060382,
                0.000506097567268,
                7.45607394492e-05
            ],
            "dmean2": [
                0.000865707290359,
                0.010096790269,
                0.00666143652052,
                0.00307662854902,
                0.0021627896931,
                0.00171020114794,
                0.00197147461586,
                0.0015660278732,
                0.00118990777992,
                0.000505512522068,
                0.000300640822388,
                0.000354689487722,
                0.000389593973523,
                0.000500944268424,
                0.000458241818706,
                0.00020716022118,
                0.000439591472968,
                0.000419099174906,
                0.000304344895994,
                0.000219288049266,
                0.000185901328223,
                0.000279737403616,
                0.000506688316818,
                0.000668803113513,
                0.000897648162208,
                0.000908448651899,
                0.000132157365442
            ],
            "dvar": [
                1.30938019538e-06,
                0.00067536206916,
                0.00031000081799,
                4.01524448534e-05,
                1.50819969349e-05,
                5.49859669263e-06,
                7.55720884626e-06,
                7.15051146472e-06,
                5.30458328285e-06,
                1.90085984286e-06,
                5.34545961273e-07,
                6.21763149411e-07,
                5.65809330055e-07,
                9.10862809178e-07,
                1.00024692529e-06,
                1.95365629452e-07,
                1.11197118713e-06,
                1.03125898931e-06,
                5.89110641158e-07,
                2.28259921187e-07,
                1.09149013383e-07,
                1.55294898718e-07,
                4.22541376111e-07,
                6.46701380447e-07,
                1.3516036006e-06,
                9.28065844619e-07,
                1.61677711219e-08
            ],
            "dvar2": [
                2.90398179459e-06,
                0.000947817752603,
                0.000908597372472,
                0.000122532641399,
                4.38529132225e-05,
                1.15734846986e-05,
                1.60145573318e-05,
                1.49726420204e-05,
                1.0208797903e-05,
                3.24170810018e-06,
                1.01284103948e-06,
                1.36896244385e-06,
                1.1994934539e-06,
                1.95842108042e-06,
                2.54276187661e-06,
                4.52609299373e-07,
                3.04409536511e-06,
                2.83310191662e-06,
                1.5687104451e-06,
                6.02461341259e-07,
                2.76454329651e-07,
                3.92323897813e-07,
                1.07900825697e-06,
                1.63109757523e-06,
                3.67163397641e-06,
                2.51911683335e-06,
                4.41732730394e-08
            ],
            "max": [
                0.0170362889767,
                0.340367227793,
                0.186091467738,
                0.0674141868949,
                0.0520552285016,
                0.0531764551997,
                0.0465880818665,
                0.0465644001961,
                0.0436953380704,
                0.046758595854,
                0.019426682964,
                0.0264171697199,
                0.0138192344457,
                0.0202413126826,
                0.018191980198,
                0.00991074088961,
                0.0105334753171,
                0.00932396389544,
                0.00688182469457,
                0.0042805490084,
                0.00294651347212,
                0.00742916297168,
                0.00805412884802,
                0.011175647378,
                0.0121393166482,
                0.00589237175882,
                0.00131976988632
            ],
            "mean": [
                0.00268324068747,
                0.0650564283133,
                0.00281604751945,
                0.00220307870768,
                0.00190257350914,
                0.00166683166754,
                0.00217359722592,
                0.0016645800788,
                0.00149684085045,
                0.000585333735216,
                0.000270046293736,
                0.00026992984931,
                0.000305812398437,
                0.000441919051809,
                0.000272639590548,
                0.000138537070598,
                0.000223782612011,
                0.000203648538445,
                0.000146417485666,
                0.000118815078167,
                0.000118510462926,
                0.000162232390721,
                0.000260672095465,
                0.000339465070283,
                0.000377847725758,
                0.000368508975953,
                5.7176232076e-05
            ],
            "median": [
                3.67199078255e-07,
                8.32406367408e-05,
                0.000510045210831,
                0.000389288470615,
                0.00101525103673,
                0.000524203816894,
                0.000456537585706,
                0.000339751684805,
                0.000147467639181,
                6.42924351268e-05,
                6.2355393311e-05,
                3.48303947248e-05,
                1.70379371411e-05,
                2.20993370021e-05,
                1.05307799458e-05,
                8.13050610304e-06,
                7.78661615186e-06,
                8.59211195348e-06,
                8.0211311797e-06,
                7.77171590016e-06,
                1.12005518531e-05,
                1.56151436386e-05,
                1.12433945105e-05,
                2.50408265856e-05,
                1.01941595858e-05,
                3.63642084267e-06,
                1.03411741748e-06
            ],
            "min": [
                1.86437650846e-23,
                3.08202938514e-23,
                8.02983329805e-24,
                4.61167958974e-23,
                6.45468585628e-23,
                8.01764019058e-23,
                2.6183038129e-23,
                5.73477076309e-23,
                3.54024839273e-23,
                4.7939765097e-23,
                4.16488265698e-23,
                9.75041482075e-23,
                1.21712124754e-22,
                7.83902314897e-23,
                2.48979616263e-23,
                6.44955068733e-23,
                1.62486830332e-22,
                3.83426688642e-22,
                1.58225327992e-22,
                2.9194033114e-22,
                4.71749726535e-22,
                5.88433891694e-22,
                5.82167534072e-22,
                7.57346151871e-22,
                1.23404583544e-21,
                1.70796155945e-21,
                2.42082867901e-21
            ],
            "var": [
                1.71015763044e-05,
                0.0102541707456,
                0.000172891930561,
                3.09393217321e-05,
                1.22338306028e-05,
                1.04551336335e-05,
                1.6612251784e-05,
                1.40522161018e-05,
                1.26515687953e-05,
                4.41064685219e-06,
                8.35809203181e-07,
                7.67060498674e-07,
                7.924660963e-07,
                1.68240308085e-06,
                9.04047226413e-07,
                2.22330683641e-07,
                7.42574400192e-07,
                6.81488984355e-07,
                4.11002162082e-07,
                1.70677282085e-07,
                1.07622582846e-07,
                1.63320791557e-07,
                4.15151504285e-07,
                6.918400004e-07,
                1.03123170447e-06,
                6.98213852957e-07,
                1.43327874014e-08
            ]
        },
        "barkbands_crest": {
            "dmean": 2.1155898571,
            "dmean2": 3.28513598442,
            "dvar": 6.82602024078,
            "dvar2": 14.4854135513,
            "max": 25.5728721619,
            "mean": 14.8919267654,
            "median": 13.4030923843,
            "min": 2.04870390892,
            "var": 48.8609313965
        },
        "barkbands_flatness_db": {
            "dmean": 0.0377471372485,
            "dmean2": 0.0519086197019,
            "dvar": 0.00187003833707,
            "dvar2": 0.0030568416696,
            "max": 0.593077003956,
            "mean": 0.23659569025,
            "median": 0.22026245296,
            "min": 0.0222576726228,
            "var": 0.0111612286419
        },
        "barkbands_kurtosis": {
            "dmean": 23.2075653076,
            "dmean2": 39.0316009521,
            "dvar": 3530.74389648,
            "dvar2": 9567.79589844,
            "max": 710.638183594,
            "mean": 32.7499008179,
            "median": 7.2019033432,
            "min": -1.92861390114,
            "var": 5396.87548828
        },
        "barkbands_skewness": {
            "dmean": 1.38043308258,
            "dmean2": 2.21644639969,
            "dvar": 3.89815664291,
            "dvar2": 10.4425678253,
            "max": 22.7298984528,
            "mean": 3.30690479279,
            "median": 2.16647624969,
            "min": -3.46982645988,
            "var": 12.5171442032
        },
        "barkbands_spread": {
            "dmean": 10.6251134872,
            "dmean2": 17.4019870758,
            "dvar": 308.211395264,
            "dvar2": 699.072387695,
            "max": 126.939796448,
            "mean": 15.8518438339,
            "median": 7.16479539871,
            "min": 0.139731347561,
            "var": 442.995025635
        },
        "dissonance": {
            "dmean": 0.0333701334894,
            "dmean2": 0.0536209754646,
            "dvar": 0.00106067559682,
            "dvar2": 0.00254100724123,
            "max": 0.500000119209,
            "mean": 0.420358091593,
            "median": 0.429508924484,
            "min": 0.171368852258,
            "var": 0.00290245213546
        },
        "dynamic_complexity": 4.43867969513,
        "erbbands": {
            "dmean": [
                0.435773909092,
                2.12560272217,
                4.66949367523,
                4.6301035881,
                4.83572292328,
                3.99809527397,
                4.70370721817,
                10.5154333115,
                17.7704563141,
                18.9815654755,
                24.1444511414,
                17.24883461,
                14.4906520844,
                9.20322990417,
                7.70493030548,
                8.60161876678,
                11.1727323532,
                15.2094984055,
                18.7570362091,
                9.05312156677,
                9.12971496582,
                16.0509223938,
                12.6457624435,
                9.71210670471,
                7.75121259689,
                6.52980089188,
                5.55394077301,
                4.13668107986,
                5.35931253433,
                7.32922887802,
                8.68101215363,
                8.39626598358,
                6.11003446579,
                5.90080547333,
                3.61719417572,
                2.34923434258,
                0.938297867775,
                0.129740476608,
                0.0136966016144,
                0.000624485663138
            ],
            "dmean2": [
                0.389047831297,
                2.76704096794,
                8.55193901062,
                8.40077590942,
                8.7431306839,
                6.81075048447,
                7.45261526108,
                16.567527771,
                27.1298923492,
                28.785194397,
                34.1150627136,
                24.5126495361,
                19.5846214294,
                12.4930696487,
                11.8085327148,
                13.0398454666,
                16.7635345459,
                22.3847904205,
                29.9964962006,
                14.3541755676,
                14.7759037018,
                27.3877868652,
                21.7526931763,
                16.4788665771,
                13.0819129944,
                11.1555185318,
                9.17669391632,
                6.72798156738,
                8.81886577606,
                12.5762910843,
                15.0773305893,
                14.5652484894,
                10.6008300781,
                10.6510419846,
                6.52325963974,
                4.2332777977,
                1.68846750259,
                0.228701665998,
                0.0244476683438,
                0.0010954500176
            ],
            "dvar": [
                1.07033097744,
                45.9292030334,
                514.623474121,
                345.460784912,
                334.268798828,
                129.99609375,
                98.8554763794,
                572.085205078,
                1768.48413086,
                1614.73730469,
                3711.91870117,
                2458.12524414,
                2813.82470703,
                1111.00073242,
                512.05291748,
                887.439086914,
                1070.65722656,
                1908.92199707,
                3912.87792969,
                993.433776855,
                1100.89086914,
                4524.42675781,
                2669.19458008,
                1738.27734375,
                996.939880371,
                612.038085938,
                363.461364746,
                124.945732117,
                176.521743774,
                295.994232178,
                367.732910156,
                238.406173706,
                204.003448486,
                195.562774658,
                67.1480636597,
                22.5637283325,
                3.04227638245,
                0.0513360276818,
                0.000554039143026,
                1.10037626655e-06
            ],
            "dvar2": [
                1.21015417576,
                96.1030883789,
                1481.08520508,
                1020.89361572,
                1014.4576416,
                370.960113525,
                232.806640625,
                1226.9588623,
                3816.76342773,
                3520.70263672,
                7569.58789062,
                4918.01757812,
                5115.46337891,
                1884.87609863,
                1146.43591309,
                2010.02404785,
                2218.49829102,
                4080.28344727,
                9789.30664062,
                2529.16162109,
                2685.01904297,
                12506.4248047,
                7413.50097656,
                4497.81689453,
                2691.21826172,
                1619.36853027,
                942.713378906,
                314.819213867,
                440.742980957,
                769.091369629,
                940.153808594,
                598.057922363,
                517.415405273,
                529.434570312,
                182.746337891,
                61.5868453979,
                8.35488319397,
                0.1373693645,
                0.00152261613403,
                2.9827290291e-06
            ],
            "max": [
                15.3545475006,
                84.1064987183,
                218.922897339,
                199.232818604,
                197.741531372,
                166.380203247,
                177.959838867,
                530.365661621,
                808.829284668,
                583.254943848,
                1136.58044434,
                1138.62219238,
                1490.46386719,
                1081.27392578,
                398.656463623,
                1171.4387207,
                517.14263916,
                1055.78710938,
                1037.38793945,
                491.020172119,
                376.885192871,
                675.686706543,
                487.535797119,
                352.202423096,
                286.609191895,
                216.23777771,
                176.610122681,
                166.047439575,
                224.999435425,
                262.805999756,
                227.7918396,
                218.979095459,
                198.188476562,
                188.049987793,
                74.3446044922,
                31.9827842712,
                10.3534679413,
                2.13605928421,
                0.202521368861,
                0.00811295676976
            ],
            "mean": [
                2.98561620712,
                10.1589241028,
                4.69288444519,
                5.52022504807,
                6.13463163376,
                6.35746145248,
                8.60753059387,
                15.8834266663,
                29.6053504944,
                31.9323177338,
                40.8219947815,
                29.9911003113,
                26.2651882172,
                15.1211061478,
                10.2216978073,
                10.4226016998,
                13.7853755951,
                20.5475883484,
                20.2320823669,
                9.40563011169,
                9.12447166443,
                13.5855112076,
                11.2691574097,
                7.98914337158,
                6.62941169739,
                5.89563274384,
                5.22990894318,
                4.44563579559,
                5.32616424561,
                6.61867189407,
                7.62004899979,
                7.42714643478,
                5.38783311844,
                4.51470041275,
                2.67529249191,
                1.68475615978,
                0.672160983086,
                0.0999346524477,
                0.0103279044852,
                0.000570090545807
            ],
            "median": [
                0.000674701179378,
                0.0319690592587,
                0.518598675728,
                1.28023469448,
                1.71525835991,
                2.85266661644,
                3.68015789986,
                4.75918245316,
                5.97515106201,
                10.1136875153,
                7.94125175476,
                2.95622205734,
                2.87562084198,
                2.62089037895,
                2.20500731468,
                1.31428623199,
                0.810068309307,
                0.994926810265,
                0.973410248756,
                0.559552609921,
                0.475237876177,
                0.54156857729,
                0.593791306019,
                0.39350220561,
                0.440767943859,
                0.388331055641,
                0.456060767174,
                0.381520658731,
                0.517983853817,
                0.469121307135,
                0.306988239288,
                0.5081615448,
                0.364874243736,
                0.136968553066,
                0.0575873851776,
                0.0184575673193,
                0.0061246752739,
                0.00157303863671,
                0.000217951906961,
                9.60735560511e-05
            ],
            "min": [
                1.87743604395e-21,
                3.15108618044e-21,
                6.56480543653e-21,
                7.43175574587e-20,
                1.54568985514e-19,
                2.10913594935e-19,
                7.1864836403e-19,
                4.98151842924e-19,
                3.61411985881e-19,
                7.26041290755e-19,
                1.17043647513e-18,
                8.83316397643e-19,
                9.59865242493e-19,
                2.0165128914e-18,
                1.49592429135e-18,
                4.52543730247e-18,
                6.00655257931e-18,
                4.30449363854e-18,
                2.21211174136e-18,
                2.67242782608e-18,
                4.48199625824e-18,
                9.21778310894e-18,
                2.18885655105e-17,
                1.21960783373e-17,
                5.81290546201e-18,
                1.27087896964e-17,
                1.75939132533e-17,
                2.17423100521e-17,
                1.67031406496e-17,
                2.53683853074e-17,
                1.52704357046e-17,
                1.4011726547e-17,
                1.19621268446e-17,
                1.40563148907e-17,
                9.5187875164e-18,
                6.69269103921e-18,
                3.07914653621e-18,
                1.34090671545e-18,
                3.38194990641e-19,
                3.80950017799e-20
            ],
            "var": [
                22.0496940613,
                267.513061523,
                317.010162354,
                234.201751709,
                238.086975098,
                129.295547485,
                213.342971802,
                1040.20581055,
                3606.87817383,
                3291.05053711,
                7681.20214844,
                5135.20849609,
                7000.06445312,
                2327.34179688,
                677.951782227,
                1084.89099121,
                1520.84777832,
                3398.84399414,
                4114.84423828,
                947.652832031,
                988.029907227,
                2932.58740234,
                1756.40612793,
                1266.92272949,
                686.140686035,
                449.875549316,
                292.373535156,
                144.032211304,
                190.602523804,
                276.127258301,
                362.287994385,
                264.023162842,
                213.90802002,
                156.585632324,
                49.0317649841,
                16.2380886078,
                2.28258109093,
                0.0447787418962,
                0.000470508210128,
                9.92508148556e-07
            ]
        },
        "erbbands_crest": {
            "dmean": 2.70167350769,
            "dmean2": 4.24877500534,
            "dvar": 6.90094614029,
            "dvar2": 15.7744941711,
            "max": 28.4448680878,
            "mean": 10.4314393997,
            "median": 9.92675590515,
            "min": 2.55074882507,
            "var": 17.8167686462
        },
        "erbbands_flatness_db": {
            "dmean": 0.0335328988731,
            "dmean2": 0.0478569604456,
            "dvar": 0.00137354573235,
            "dvar2": 0.00235920143314,
            "max": 0.46481564641,
            "mean": 0.185315474868,
            "median": 0.181300401688,
            "min": 0.0415053330362,
            "var": 0.00611913064495
        },
        "erbbands_kurtosis": {
            "dmean": 2.21108222008,
            "dmean2": 3.6244468689,
            "dvar": 7.33377313614,
            "dvar2": 18.7571048737,
            "max": 32.721031189,
            "mean": 2.22859025002,
            "median": 1.22991704941,
            "min": -1.8664637804,
            "var": 13.045416832
        },
        "erbbands_skewness": {
            "dmean": 0.672013819218,
            "dmean2": 1.04719305038,
            "dvar": 0.540307819843,
            "dvar2": 1.25731515884,
            "max": 5.20167779922,
            "mean": 0.8026252985,
            "median": 0.876482725143,
            "min": -3.58502078056,
            "var": 1.21892523766
        },
        "erbbands_spread": {
            "dmean": 21.1278305054,
            "dmean2": 34.3985328674,
            "dvar": 896.576599121,
            "dvar2": 2102.86694336,
            "max": 206.140396118,
            "mean": 42.198009491,
            "median": 26.4274139404,
            "min": 3.37529492378,
            "var": 1505.04382324
        },
        "gfcc": {
            "cov": [
                [
                    14417.8222656,
                    -6668.92626953,
                    1622.67443848,
                    1686.5871582,
                    -1059.7175293,
                    1758.18676758,
                    -616.008911133,
                    1112.03369141,
                    262.481781006,
                    599.264587402,
                    -16.964176178,
                    475.635467529,
                    -499.607269287
                ],
                [
                    -6668.92626953,
                    6064.00195312,
                    -1522.26184082,
                    -743.934509277,
                    1320.66345215,
                    -977.661437988,
                    703.741516113,
                    -416.582183838,
                    213.659713745,
                    -356.981689453,
                    244.248825073,
                    -396.093322754,
                    436.890441895
                ],
                [
                    1622.67443848,
                    -1522.26184082,
                    2475.70410156,
                    583.618225098,
                    120.30607605,
                    856.84185791,
                    204.814605713,
                    375.215270996,
                    211.807266235,
                    303.951751709,
                    128.75239563,
                    391.591064453,
                    8.43733310699
                ],
                [
                    1686.5871582,
                    -743.934509277,
                    583.618225098,
                    940.135009766,
                    129.180084229,
                    299.848144531,
                    127.415344238,
                    274.274505615,
                    187.02180481,
                    148.563491821,
                    160.668502808,
                    126.4633255,
                    98.4361343384
                ],
                [
                    -1059.7175293,
                    1320.66345215,
                    120.30607605,
                    129.180084229,
                    889.882568359,
                    34.6776733398,
                    352.295257568,
                    94.0256500244,
                    226.832946777,
                    103.10458374,
                    165.349975586,
                    26.4670619965,
                    201.77734375
                ],
                [
                    1758.18676758,
                    -977.661437988,
                    856.84185791,
                    299.848144531,
                    34.6776733398,
                    719.156799316,
                    151.873352051,
                    251.506134033,
                    156.333602905,
                    188.956329346,
                    57.4092559814,
                    155.663024902,
                    -30.4354419708
                ],
                [
                    -616.008911133,
                    703.741516113,
                    204.814605713,
                    127.415344238,
                    352.295257568,
                    151.873352051,
                    538.874389648,
                    70.0015869141,
                    134.013092041,
                    67.6221313477,
                    135.854309082,
                    42.4710159302,
                    100.728660583
                ],
                [
                    1112.03369141,
                    -416.582183838,
                    375.215270996,
                    274.274505615,
                    94.0256500244,
                    251.506134033,
                    70.0015869141,
                    286.315246582,
                    144.142486572,
                    107.060066223,
                    75.5124282837,
                    89.3297271729,
                    1.44210505486
                ],
                [
                    262.481781006,
                    213.659713745,
                    211.807266235,
                    187.02180481,
                    226.832946777,
                    156.333602905,
                    134.013092041,
                    144.142486572,
                    241.245285034,
                    89.4369812012,
                    70.3893737793,
                    31.9139995575,
                    82.0159454346
                ],
                [
                    599.264587402,
                    -356.981689453,
                    303.951751709,
                    148.563491821,
                    103.10458374,
                    188.956329346,
                    67.6221313477,
                    107.060066223,
                    89.4369812012,
                    198.897216797,
                    63.9992675781,
                    65.9003448486,
                    11.266409874
                ],
                [
                    -16.964176178,
                    244.248825073,
                    128.75239563,
                    160.668502808,
                    165.349975586,
                    57.4092559814,
                    135.854309082,
                    75.5124282837,
                    70.3893737793,
                    63.9992675781,
                    180.491943359,
                    59.7900123596,
                    44.29139328
                ],
                [
                    475.635467529,
                    -396.093322754,
                    391.591064453,
                    126.4633255,
                    26.4670619965,
                    155.663024902,
                    42.4710159302,
                    89.3297271729,
                    31.9139995575,
                    65.9003448486,
                    59.7900123596,
                    188.619750977,
                    10.1483373642
                ],
                [
                    -499.607269287,
                    436.890441895,
                    8.43733310699,
                    98.4361343384,
                    201.77734375,
                    -30.4354419708,
                    100.728660583,
                    1.44210505486,
                    82.0159454346,
                    11.266409874,
                    44.29139328,
                    10.1483373642,
                    160.481658936
                ]
            ],
            "icov": [
                [
                    0.000247122516157,
                    0.000145117694046,
                    0.00017349315749,
                    -0.000238197797444,
                    2.53939015238e-05,
                    -0.000339480757248,
                    0.000182691059308,
                    -0.000397815951146,
                    -0.000140586023917,
                    -5.20203575434e-05,
                    3.85237872251e-05,
                    -8.54108147905e-05,
                    0.000374119495973
                ],
                [
                    0.000145117694046,
                    0.00112089223694,
                    0.000112742716738,
                    0.000643304840196,
                    -0.000942958693486,
                    0.000492281862535,
                    -0.000574411125854,
                    0.000376245356165,
                    -0.00122356484644,
                    0.00162561342586,
                    -0.00153118721209,
                    0.00115120690316,
                    -0.000503115414176
                ],
                [
                    0.00017349315749,
                    0.000112742716738,
                    0.0010028820252,
                    -0.000339747028193,
                    -5.01232098031e-05,
                    -0.000916229037102,
                    0.00010231773922,
                    -0.000265623355517,
                    -7.96251406427e-05,
                    -0.000270523771178,
                    0.00027339454391,
                    -0.00118257012218,
                    0.000275290309219
                ],
                [
                    -0.000238197797444,
                    0.000643304840196,
                    -0.000339747028193,
                    0.00267000682652,
                    -0.000367254629964,
                    0.000733062857762,
                    -0.000574437144678,
                    -0.000442872755229,
                    -0.000770926242694,
                    0.0011172714876,
                    -0.00224686902948,
                    0.00122789188754,
                    -0.00228939228691
                ],
                [
                    2.53939015238e-05,
                    -0.000942958693486,
                    -5.01232098031e-05,
                    -0.000367254629964,
                    0.00315660331398,
                    -0.000308503513224,
                    -0.000127301245811,
                    -0.000932136608753,
                    7.76037850301e-05,
                    -0.00210771942511,
                    0.000582220673095,
                    -0.000816069892608,
                    -0.00106583291199
                ],
                [
                    -0.000339480757248,
                    0.000492281862535,
                    -0.000916229037102,
                    0.000733062857762,
                    -0.000308503513224,
                    0.00427755108103,
                    -0.00148395681754,
                    -0.000131560227601,
                    -0.00143363582902,
                    -3.17846388498e-05,
                    -0.000233232771279,
                    0.000532371690497,
                    9.88391038845e-05
                ],
                [
                    0.000182691059308,
                    -0.000574411125854,
                    0.00010231773922,
                    -0.000574437144678,
                    -0.000127301245811,
                    -0.00148395681754,
                    0.00359542714432,
                    -0.000241659363382,
                    0.000332876545144,
                    -0.000725072517525,
                    -0.000496393069625,
                    -0.000601010280661,
                    0.000159339993843
                ],
                [
                    -0.000397815951146,
                    0.000376245356165,
                    -0.000265623355517,
                    -0.000442872755229,
                    -0.000932136608753,
                    -0.000131560227601,
                    -0.000241659363382,
                    0.00918546691537,
                    -0.00404437724501,
                    0.000805813877378,
                    -0.00167499820236,
                    -0.00057511520572,
                    0.00174805591814
                ],
                [
                    -0.000140586023917,
                    -0.00122356484644,
                    -7.96251406427e-05,
                    -0.000770926242694,
                    7.76037850301e-05,
                    -0.00143363582902,
                    0.000332876545144,
                    -0.00404437724501,
                    0.0106976171955,
                    -0.00299395178445,
                    0.00170870905276,
                    0.000331523624482,
                    -0.0029211724177
                ],
                [
                    -5.20203575434e-05,
                    0.00162561342586,
                    -0.000270523771178,
                    0.0011172714876,
                    -0.00210771942511,
                    -3.17846388498e-05,
                    -0.000725072517525,
                    0.000805813877378,
                    -0.00299395178445,
                    0.0107509288937,
                    -0.00388555997051,
                    0.00146525527816,
                    -0.000411583343521
                ],
                [
                    3.85237872251e-05,
                    -0.00153118721209,
                    0.00027339454391,
                    -0.00224686902948,
                    0.000582220673095,
                    -0.000233232771279,
                    -0.000496393069625,
                    -0.00167499820236,
                    0.00170870905276,
                    -0.00388555997051,
                    0.0117011368275,
                    -0.00408631097525,
                    0.00163107609842
                ],
                [
                    -8.54108147905e-05,
                    0.00115120690316,
                    -0.00118257012218,
                    0.00122789188754,
                    -0.000816069892608,
                    0.000532371690497,
                    -0.000601010280661,
                    -0.00057511520572,
                    0.000331523624482,
                    0.00146525527816,
                    -0.00408631097525,
                    0.0105051361024,
                    -0.00239029363729
                ],
                [
                    0.000374119495973,
                    -0.000503115414176,
                    0.000275290309219,
                    -0.00228939228691,
                    -0.00106583291199,
                    9.88391038845e-05,
                    0.000159339993843,
                    0.00174805591814,
                    -0.0029211724177,
                    -0.000411583343521,
                    0.00163107609842,
                    -0.00239029363729,
                    0.0126213058829
                ]
            ],
            "mean": [
                -59.6065788269,
                101.247581482,
                -71.3203201294,
                4.75380325317,
                -58.2389640808,
                5.09324216843,
                -33.4951210022,
                6.82401371002,
                -13.814789772,
                2.39324784279,
                -12.3268384933,
                -3.03268551826,
                -12.2210655212
            ]
        },
        "hfc": {
            "dmean": 24.3139152527,
            "dmean2": 41.8252906799,
            "dvar": 2729.1484375,
            "dvar2": 7284.32421875,
            "max": 450.458190918,
            "mean": 29.6640071869,
            "median": 15.8742361069,
            "min": 1.21520137643e-16,
            "var": 2262.64550781
        },
        "melbands": {
            "dmean": [
                0.00314872246236,
                0.00257044122554,
                0.000802536378615,
                0.00030153078842,
                0.000165618461324,
                0.000236387204495,
                0.00026668261853,
                0.000211495251278,
                0.000186599689187,
                0.000110866152681,
                7.27197111701e-05,
                3.94771595893e-05,
                2.55683626165e-05,
                2.97079277516e-05,
                2.17010201595e-05,
                2.8096661481e-05,
                2.80136591755e-05,
                3.37419296557e-05,
                1.78013433469e-05,
                8.21503817861e-06,
                1.13398828034e-05,
                1.88137146324e-05,
                1.31125652842e-05,
                8.92235493666e-06,
                7.93770777818e-06,
                6.77510024616e-06,
                4.12721510656e-06,
                4.54988958154e-06,
