{
    "lowlevel": {
        "average_loudness": 0.937818229198,
        "barkbands": {
            "dmean": [
                0.000325161934597,
                0.00597012927756,
                0.00276995636523,
                0.00141308479942,
                0.00221476214938,
                0.000923541432712,
                0.000633971591014,
                0.000799598754384,
                0.00107471900992,
                0.000376392737962,
                0.000349054695107,
                0.000360678241123,
                0.000281558983261,
                0.000272708421107,
                0.000356877804734,
                0.000343545398209,
                0.000365580170183,
                0.000301550171571,
                0.000207987977774,
                0.000105841594632,
                8.38623163872e-05,
                6.59049692331e-05,
                6.06094145041e-05,
                0.000109156178951,
                7.6701719081e-05,
                4.31515254604e-05,
                9.02805277292e-06
            ],
            "dmean2": [
                0.000466416153358,
                0.00917056947947,
                0.00449385074899,
                0.00241017830558,
                0.0036374006886,
                0.00140783691313,
                0.000920329941437,
                0.00120527599938,
                0.00162465765607,
                0.000572247954551,
                0.000539623317309,
                0.000535068917088,
                0.000433299603174,
                0.000419597112341,
                0.000552909856196,
                0.000520059198607,
                0.000559998152312,
                0.00047551485477,
                0.000319233135087,
                0.000168151134858,
                0.000140382981044,
                0.00010552049207,
                8.91186937224e-05,
                0.000153977700393,
                9.97856477625e-05,
                5.36168845429e-05,
                1.53767396114e-05
            ],
            "dvar": [
                3.22821051668e-07,
                5.79826555622e-05,
                2.42927853833e-05,
                8.57773102325e-06,
                1.86181714525e-05,
                2.6457300919e-06,
                1.80622669177e-06,
                3.89754950447e-06,
                5.76834645472e-06,
                9.37668005463e-07,
                1.27130567762e-06,
                1.42636235978e-06,
                5.66893334053e-07,
                5.38134315775e-07,
                6.85591146521e-07,
                7.04215494807e-07,
                5.40272480976e-07,
                3.91767201791e-07,
                1.70075367123e-07,
                5.03451467182e-08,
                3.40803119059e-08,
                2.13361470713e-08,
                2.14697735146e-08,
                1.14988473854e-07,
                5.21762864025e-08,
                1.79627512864e-08,
                2.22748330891e-09
            ],
            "dvar2": [
                6.16945669663e-07,
                0.000153026325279,
                6.70474255458e-05,
                2.44620641752e-05,
                5.12588630954e-05,
                6.41625911157e-06,
                3.62656692232e-06,
                8.51671939017e-06,
                1.24298803712e-05,
                1.87800219464e-06,
                2.73544242191e-06,
                2.72506463261e-06,
                1.24956670788e-06,
                1.13814974156e-06,
                1.51160361384e-06,
                1.43280135489e-06,
                1.20885169963e-06,
                8.92539560482e-07,
                3.78481331609e-07,
                1.21507525819e-07,
                8.93665443868e-08,
                5.33505186695e-08,
                4.23725943222e-08,
                2.04389309033e-07,
                8.29194135576e-08,
                2.55011816108e-08,
                6.38130392971e-09
            ],
            "max": [
                0.00958429463208,
                0.0870813131332,
                0.0750221312046,
                0.0381557755172,
                0.0454555526376,
                0.0329120643437,
                0.031614407897,
                0.04453169927,
                0.0495923645794,
                0.0373574756086,
                0.0240216702223,
                0.0364500284195,
                0.0294966325164,
                0.0196279287338,
                0.0162266455591,
                0.025722976774,
                0.0160839594901,
                0.0159230567515,
                0.00975358393043,
                0.00463279942051,
                0.00550340348855,
                0.0035978006199,
                0.00463746441528,
                0.00812576431781,
                0.00496578076854,
                0.00257333228365,
                0.000960193574429
            ],
            "mean": [
                0.000812201178633,
                0.0168376229703,
                0.00530313327909,
                0.0021869468037,
                0.00376499863341,
                0.00200986675918,
                0.00124850659631,
                0.00148523272946,
                0.00217616721056,
                0.000633770017885,
                0.000566789589357,
                0.00066917471122,
                0.000475260865642,
                0.000413490517531,
                0.000608603120781,
                0.000673298200127,
                0.000757148314733,
                0.000593145843595,
                0.000462179654278,
                0.000202404145966,
                0.000160213676281,
                0.000132115295855,
                0.000130574902869,
                0.000213862847886,
                0.000151076630573,
                8.58161729411e-05,
                1.12435100164e-05
            ],
            "median": [
                0.000348055560607,
                0.0146173983812,
                0.0029752808623,
                0.00103803712409,
                0.00209361338057,
                0.00112051831093,
                0.000483002833789,
                0.000396584480768,
                0.000473650026834,
                0.000243803369813,
                0.000150848354679,
                0.000127165563754,
                0.000144602614455,
                0.00012673252786,
                0.000212276820093,
                0.000188290534425,
                0.000287096831016,
                0.000263237918261,
                0.000200454000151,
                9.55710347625e-05,
                5.98998849455e-05,
                4.7014469601e-05,
                2.95667996397e-05,
                4.36650516349e-05,
                2.4513423341e-05,
                1.27431358123e-05,
                5.94244795593e-07
            ],
            "min": [
                5.21693635361e-25,
                2.51530390111e-24,
                3.05366651253e-25,
                1.06478877126e-24,
                4.21358022395e-24,
                8.90957571271e-24,
                8.69520986147e-24,
                1.1513462777e-23,
                1.30121304696e-23,
                1.81143794638e-23,
                1.67081355037e-23,
                2.51668022673e-23,
                4.14855702277e-23,
                2.42467427495e-23,
                6.08263191656e-23,
                5.74513702647e-23,
                4.1430510892e-23,
                1.15916559321e-22,
                1.54093527006e-22,
                2.11910834067e-22,
                3.17148185728e-22,
                3.69235547962e-22,
                4.16188851964e-22,
                6.25403876949e-22,
                7.12836170974e-22,
                1.33105618827e-21,
                2.0449510232e-21
            ],
            "var": [
                1.12637189886e-06,
                0.000164689394296,
                4.66144010716e-05,
                1.05260669443e-05,
                2.4738463253e-05,
                7.17899411029e-06,
                5.14022576681e-06,
                1.21017674246e-05,
                2.02190749405e-05,
                2.53450230048e-06,
                2.73429009212e-06,
                5.35365734322e-06,
                1.72815850874e-06,
                1.08531469323e-06,
                1.46686556945e-06,
                2.28527915169e-06,
                1.67023858921e-06,
                1.19875107885e-06,
                5.41774454632e-07,
                1.0343296708e-07,
                8.28101889283e-08,
                5.68372655607e-08,
                6.71408315611e-08,
                3.03250033085e-07,
                1.44518324419e-07,
                5.90988342708e-08,
                2.78024359091e-09
            ]
        },
        "barkbands_crest": {
            "dmean": 2.28148651123,
            "dmean2": 3.56427264214,
            "dvar": 5.19671487808,
            "dvar2": 12.8833589554,
            "max": 26.8319740295,
            "mean": 12.5600938797,
            "median": 11.7012681961,
            "min": 2.37699794769,
            "var": 24.3119449615
        },
        "barkbands_flatness_db": {
            "dmean": 0.0243374761194,
            "dmean2": 0.0351383015513,
            "dvar": 0.000782187620644,
            "dvar2": 0.00157568813302,
            "max": 0.686316609383,
            "mean": 0.180662125349,
            "median": 0.148709103465,
            "min": 0.020614059642,
            "var": 0.0120263062418
        },
        "barkbands_kurtosis": {
            "dmean": 22.698890686,
            "dmean2": 38.7279510498,
            "dvar": 37587.7460938,
            "dvar2": 110329.085938,
            "max": 12381.2021484,
            "mean": 56.4787826538,
            "median": 3.36304759979,
            "min": -1.86399829388,
            "var": 209227.828125
        },
        "barkbands_skewness": {
            "dmean": 0.737286031246,
            "dmean2": 1.14653539658,
            "dvar": 2.50514960289,
            "dvar2": 6.98169183731,
            "max": 83.7845687866,
            "mean": 2.7003993988,
            "median": 1.83993327618,
            "min": -2.93001294136,
            "var": 22.1500720978
        },
        "barkbands_spread": {
            "dmean": 4.98941802979,
            "dmean2": 7.43593168259,
            "dvar": 46.332244873,
            "dvar2": 96.2622070312,
            "max": 107.036239624,
            "mean": 20.636631012,
            "median": 18.7715835571,
            "min": 0.0175290200859,
            "var": 241.690490723
        },
        "dissonance": {
            "dmean": 0.0188072826713,
            "dmean2": 0.031012672931,
            "dvar": 0.000355095369741,
            "dvar2": 0.000928176799789,
            "max": 0.499987155199,
            "mean": 0.460228681564,
            "median": 0.469220936298,
            "min": 0.242911115289,
            "var": 0.00100455747452
        },
        "dynamic_complexity": 2.9131166935,
        "erbbands": {
            "dmean": [
                0.177931115031,
                1.37527227402,
                3.19675064087,
                3.73877549171,
                6.40760040283,
                7.75339508057,
                8.00552558899,
                7.51638317108,
                6.9837770462,
                12.8131513596,
                20.1178340912,
                24.069519043,
                15.50740242,
                11.5351543427,
                14.9090433121,
                12.7833938599,
                11.1194438934,
                13.6023712158,
                13.5453128815,
                19.3348293304,
                17.3478755951,
                17.2193202972,
                16.4652175903,
                9.46254634857,
                10.2061052322,
                4.7071852684,
                3.23950433731,
                3.25232505798,
                2.52862763405,
                1.87019884586,
                1.80326116085,
                2.26339626312,
                1.82886481285,
                0.996659815311,
                0.495646089315,
                0.239586427808,
                0.0711503177881,
                0.0140329236165,
                0.00143760931678,
                7.76208398747e-05
            ],
            "dmean2": [
                0.269303679466,
                2.11492133141,
                5.11856555939,
                6.24235057831,
                11.0101966858,
                12.4574222565,
                12.4621524811,
                11.3946332932,
                10.1770153046,
                18.7290058136,
                30.4017772675,
                35.7371406555,
                23.6898860931,
                16.9388942719,
                22.2401428223,
                18.5710258484,
                16.7192230225,
                20.3619747162,
                20.8065280914,
                29.206363678,
                25.819776535,
                25.9323863983,
                25.2858581543,
                14.6126890182,
                15.7767829895,
                7.42741966248,
                5.29120397568,
                5.45486164093,
                4.12785720825,
                2.77472925186,
                2.69139313698,
                3.33269739151,
                2.54656648636,
                1.36193656921,
                0.630252420902,
                0.298896193504,
                0.0982171669602,
                0.0209000092,
                0.0024495406542,
                0.000136995891808
            ],
            "dvar": [
                0.0680907964706,
                3.3155810833,
                28.3932495117,
                47.0398330688,
                245.946594238,
                207.336929321,
                179.55456543,
                264.115264893,
                186.862960815,
                979.025695801,
                2516.8449707,
                3431.4375,
                1497.13562012,
                968.278320312,
                2226.13745117,
                1616.29577637,
                915.806518555,
                1427.44543457,
                1182.77880859,
                1977.25732422,
                1719.83776855,
                1136.90563965,
                1164.51245117,
                334.224365234,
                473.69317627,
                91.6025695801,
                45.0674819946,
                61.3034324646,
                33.2885971069,
                15.678229332,
                20.5623855591,
                46.0704841614,
                37.5117874146,
                10.1874418259,
                2.07984161377,
                0.568241894245,
                0.0566941164434,
                0.00246471003629,
                6.84600963723e-05,
                2.66490587819e-07
            ],
            "dvar2": [
                0.171143099666,
                8.5724439621,
                77.7752685547,
                131.849243164,
                705.735168457,
                527.718383789,
                424.157470703,
                651.868408203,
                375.593078613,
                2013.65966797,
                5533.33349609,
                7156.73193359,
                3269.94555664,
                1783.24987793,
                4592.86962891,
                2881.6081543,
                1910.44714355,
                2878.69897461,
                2563.30712891,
                4124.79345703,
                3489.68457031,
                2462.09448242,
                2575.55322266,
                757.544433594,
                1069.29467773,
                215.563583374,
                114.024627686,
                161.779464722,
                87.0552139282,
                30.0093727112,
                42.0277519226,
                88.3270568848,
                67.6494140625,
                17.3532161713,
                3.44786572456,
                0.897358119488,
                0.0960990861058,
                0.00519902305678,
                0.000195763888769,
                7.92596893007e-07
            ],
            "max": [
                3.43958115578,
                22.5738658905,
                60.0599555969,
                72.8625564575,
                191.195480347,
                235.944961548,
                248.000518799,
                407.660369873,
                523.653686523,
                712.105712891,
                1074.19348145,
                1466.61157227,
                1063.76464844,
                1128.55493164,
                1165.09155273,
                1853.69189453,
                1439.66516113,
                1159.53674316,
                812.163269043,
                1210.19641113,
                1472.84362793,
                783.988952637,
                1032.02124023,
                465.391265869,
                565.319396973,
                187.947296143,
                184.595626831,
                216.454376221,
                138.457458496,
                101.652252197,
                138.960494995,
                197.981201172,
                205.363525391,
                83.4445037842,
                29.4886627197,
                13.7381410599,
                4.95382499695,
                0.930540144444,
                0.195964425802,
                0.0100223310292
            ],
            "mean": [
                0.499452531338,
                3.59739589691,
                6.99690818787,
                6.80679368973,
                9.18771076202,
                13.4010591507,
                16.548740387,
                15.4346504211,
                14.5969152451,
                24.3563098907,
                40.6642875671,
                49.7508087158,
                28.560552597,
                21.7591571808,
                28.2807598114,
                24.7197208405,
                21.2602310181,
                24.2057380676,
                23.4444313049,
                37.745010376,
                39.3771820068,
                40.2777481079,
                36.3382644653,
                22.7652511597,
                22.273443222,
                9.89228916168,
                6.71978902817,
                5.88071870804,
                4.86161375046,
                3.99730348587,
                3.7883245945,
                4.34189796448,
                3.46014499664,
                1.89540195465,
                0.96524387598,
                0.443732470274,
                0.1441655159,
                0.0265593677759,
                0.00169807940256,
                0.000120469841931
            ],
            "median": [
                0.362594544888,
                2.77995252609,
                4.35466623306,
                4.16044569016,
                4.45573759079,
                6.41658878326,
                8.55075073242,
                7.7377114296,
                7.19923019409,
                8.38248538971,
                11.87084198,
                11.544836998,
                11.0717658997,
                8.79544448853,
                7.48705863953,
                6.17476892471,
                7.07541751862,
                7.70968914032,
                8.44432640076,
                13.847032547,
                12.6422281265,
                16.2418823242,
                16.8333053589,
                12.2162132263,
                9.64757347107,
                5.01981592178,
                2.84133911133,
                2.07603526115,
                1.66883087158,
                1.21446692944,
                0.821564078331,
                0.839325010777,
                0.646440207958,
                0.318055897951,
                0.150030195713,
                0.0656676590443,
                0.021005185321,
                0.00318888272159,
                0.000101923316834,
                5.7878496591e-05
            ],
            "min": [
                1.0351757809e-22,
                7.36119154467e-22,
                6.97362784225e-22,
                4.81690171637e-21,
                7.55430530012e-21,
                2.23599634244e-20,
                6.90748091881e-20,
                7.53436491592e-20,
                1.63917108713e-19,
                2.8003344023e-19,
                2.2080012224e-19,
                3.76076450576e-19,
                5.62769951606e-19,
                8.56898265131e-19,
                7.08566118038e-19,
                1.22531939178e-18,
                1.81956966615e-18,
                2.0047842975e-18,
                3.17166792849e-18,
                3.78948850762e-18,
                3.70447667453e-18,
                3.01041320398e-18,
                7.32433194522e-18,
                7.34540437132e-18,
                8.79790292128e-18,
                1.09654279733e-17,
                9.85717966037e-18,
                1.11216402048e-17,
                1.21959890018e-17,
                1.22487110125e-17,
                1.20261233271e-17,
                1.24392330414e-17,
                1.04056781615e-17,
                8.93528934922e-18,
                5.06191314695e-18,
                4.74742734987e-18,
                2.27051462171e-18,
                1.10321181694e-18,
                2.45329827263e-19,
                2.83714969105e-20
            ],
            "var": [
                0.21981459856,
                10.0859079361,
                64.1022796631,
                67.6181640625,
                227.412033081,
                393.851409912,
                495.26651001,
                615.829833984,
                525.696289062,
                2564.90454102,
                8068.72851562,
                12700.4277344,
                3273.40405273,
                2838.68798828,
                6721.88085938,
                6201.09814453,
                3378.63330078,
                3665.52612305,
                2442.92773438,
                5382.16308594,
                7446.00927734,
                4157.02490234,
                3998.47387695,
                1177.45727539,
                1307.41809082,
                215.624526978,
                115.188476562,
                135.924697876,
                78.9962539673,
                52.4969978333,
                59.7319145203,
                119.906074524,
                87.4776535034,
                24.5945243835,
                6.0181889534,
                1.56393992901,
                0.175806671381,
                0.00644919881597,
                8.12543003121e-05,
                2.46111483193e-07
            ]
        },
        "erbbands_crest": {
            "dmean": 2.47509670258,
            "dmean2": 3.90927553177,
            "dvar": 5.90860843658,
            "dvar2": 13.9082555771,
            "max": 31.3145179749,
            "mean": 9.92911624908,
            "median": 8.75016117096,
            "min": 2.25575423241,
            "var": 25.753446579
        },
        "erbbands_flatness_db": {
            "dmean": 0.0172251369804,
            "dmean2": 0.0241359807551,
            "dvar": 0.000387434702134,
            "dvar2": 0.00074485730147,
            "max": 0.405890285969,
            "mean": 0.159224063158,
            "median": 0.149027585983,
            "min": 0.0421053394675,
            "var": 0.00405859900638
        },
        "erbbands_kurtosis": {
            "dmean": 1.26647412777,
            "dmean2": 1.96607804298,
            "dvar": 12.3581295013,
            "dvar2": 31.2464256287,
            "max": 333.073791504,
            "mean": 2.57512259483,
            "median": -0.184571266174,
            "min": -1.77589130402,
            "var": 393.308929443
        },
        "erbbands_skewness": {
            "dmean": 0.365971237421,
            "dmean2": 0.543447852135,
            "dvar": 0.133456483483,
            "dvar2": 0.296426683664,
            "max": 14.973279953,
            "mean": 0.428891658783,
            "median": 0.272812604904,
            "min": -3.13963770866,
            "var": 2.04016590118
        },
        "erbbands_spread": {
            "dmean": 8.23936843872,
            "dmean2": 12.2411298752,
            "dvar": 97.8133163452,
            "dvar2": 215.065704346,
            "max": 159.086196899,
            "mean": 40.1272354126,
            "median": 36.5922546387,
            "min": 1.13296568394,
            "var": 436.309539795
        },
        "gfcc": {
            "cov": [
                [
                    22582.9472656,
                    -3256.59350586,
                    -2449.41064453,
                    307.620513916,
                    -1841.39440918,
                    505.645690918,
                    -1621.22229004,
                    872.573913574,
                    -703.108215332,
                    222.995056152,
                    -537.921325684,
                    436.09979248,
                    -557.376525879
                ],
                [
                    -3256.59350586,
                    3196.00048828,
                    84.5210189819,
                    -50.9921112061,
                    845.880737305,
                    -545.71685791,
                    527.356262207,
                    -454.340942383,
                    229.749694824,
                    -246.366424561,
                    250.387680054,
                    -223.693572998,
                    303.403106689
                ],
                [
                    -2449.41064453,
                    84.5210189819,
                    1303.02368164,
                    261.922149658,
                    76.010307312,
                    171.177825928,
                    146.822219849,
                    -69.6711730957,
                    57.6537857056,
                    21.7283172607,
                    16.0668525696,
                    -52.5297203064,
                    -28.0644569397
                ],
                [
                    307.620513916,
                    -50.9921112061,
                    261.922149658,
                    433.142181396,
                    43.0554580688,
                    44.4088668823,
                    -16.0451774597,
                    7.49479579926,
                    36.0903816223,
                    10.3826694489,
                    -35.6561737061,
                    -5.91533756256,
                    -17.9328022003
                ],
                [
                    -1841.39440918,
                    845.880737305,
                    76.010307312,
                    43.0554580688,
                    515.819519043,
                    -145.414154053,
                    189.683959961,
                    -123.89755249,
                    108.474281311,
                    -68.244354248,
                    52.8830909729,
                    -70.6113739014,
                    102.163070679
                ],
                [
                    505.645690918,
                    -545.71685791,
                    171.177825928,
                    44.4088668823,
                    -145.414154053,
                    364.078094482,
                    5.66254329681,
                    82.9719619751,
                    -48.046585083,
                    66.3089904785,
                    -45.8332443237,
                    24.2084255219,
                    -77.8815765381
                ],
                [
                    -1621.22229004,
                    527.356262207,
                    146.822219849,
                    -16.0451774597,
                    189.683959961,
                    5.66254329681,
                    355.221374512,
                    -88.1382522583,
                    71.0270614624,
                    -25.8866119385,
                    52.0065498352,
                    -64.4230575562,
                    49.4403877258
                ],
                [
                    872.573913574,
                    -454.340942383,
                    -69.6711730957,
                    7.49479579926,
                    -123.89755249,
                    82.9719619751,
                    -88.1382522583,
                    260.269683838,
                    16.8859882355,
                    42.0229949951,
                    -53.4903831482,
                    25.4857749939,
                    -53.5842437744
                ],
                [
                    -703.108215332,
                    229.749694824,
                    57.6537857056,
                    36.0903816223,
                    108.474281311,
                    -48.046585083,
                    71.0270614624,
                    16.8859882355,
                    141.407516479,
                    11.2266845703,
                    2.65566587448,
                    -36.2313575745,
                    33.2465209961
                ],
                [
                    222.995056152,
                    -246.366424561,
                    21.7283172607,
                    10.3826694489,
                    -68.244354248,
                    66.3089904785,
                    -25.8866119385,
                    42.0229949951,
                    11.2266845703,
                    96.9593582153,
                    1.58391332626,
                    12.6809644699,
                    -28.5580177307
                ],
                [
                    -537.921325684,
                    250.387680054,
                    16.0668525696,
                    -35.6561737061,
                    52.8830909729,
                    -45.8332443237,
                    52.0065498352,
                    -53.4903831482,
                    2.65566587448,
                    1.58391332626,
                    118.887947083,
                    9.2144203186,
                    36.4552230835
                ],
                [
                    436.09979248,
                    -223.693572998,
                    -52.5297203064,
                    -5.91533756256,
                    -70.6113739014,
                    24.2084255219,
                    -64.4230575562,
                    25.4857749939,
                    -36.2313575745,
                    12.6809644699,
                    9.2144203186,
                    95.0903778076,
                    7.73635482788
                ],
                [
                    -557.376525879,
                    303.403106689,
                    -28.0644569397,
                    -17.9328022003,
                    102.163070679,
                    -77.8815765381,
                    49.4403877258,
                    -53.5842437744,
                    33.2465209961,
                    -28.5580177307,
                    36.4552230835,
                    7.73635482788,
                    111.100097656
                ]
            ],
            "icov": [
                [
                    0.0001720914006,
                    -0.000248922267929,
                    0.000318161764881,
                    -0.000324091379298,
                    0.000404155522119,
                    -0.000218009459786,
                    0.000417788309278,
                    -0.000285280693788,
                    0.000494756852277,
                    -0.00031073592254,
                    0.000498915498611,
                    -0.000351451919414,
                    0.000356055010343
                ],
                [
                    -0.000248922267929,
                    0.00156547653023,
                    -0.000422485609306,
                    0.000448986742413,
                    -0.00122735858895,
                    0.000913910451345,
                    -0.00109665107448,
                    0.00106879917439,
                    -0.00132636667695,
                    0.00187937729061,
                    -0.00210846960545,
                    0.00200371793471,
                    -0.00135310704354
                ],
                [
                    0.000318161764881,
                    -0.000422485609306,
                    0.00162890378851,
                    -0.0011688383529,
                    0.000756978406571,
                    -0.00096703361487,
                    0.000560658343602,
                    -0.000124534257338,
                    0.000459507573396,
                    -0.00040184718091,
                    0.000487146840896,
                    -0.000296870683087,
                    0.000909235852305
                ],
                [
                    -0.000324091379298,
                    0.000448986742413,
                    -0.0011688383529,
                    0.0034820525907,
                    -0.00119834195357,
                    0.00024427761673,
                    -0.00027134490665,
                    0.000665797735564,
                    -0.00164534582291,
                    0.000510205514729,
                    -7.33241759008e-05,
                    0.000130152562633,
                    -0.000231713886023
                ],
                [
                    0.000404155522119,
                    -0.00122735858895,
                    0.000756978406571,
                    -0.00119834195357,
                    0.00488254847005,
                    -0.00040253487532,
                    0.000353762239683,
                    -0.000354911113391,
                    -0.000127234423417,
                    -0.000113802838314,
                    0.00139523437247,
                    -0.000491527258419,
                    -0.000138154762681
                ],
                [
                    -0.000218009459786,
                    0.000913910451345,
                    -0.00096703361487,
                    0.00024427761673,
                    -0.00040253487532,
                    0.00529660051689,
                    -0.00228546978906,
                    -0.000317470083246,
                    0.00108919071499,
                    -0.00138902489562,
                    0.000241448171437,
                    6.55359035591e-05,
                    0.000385876599466
                ],
                [
                    0.000417788309278,
                    -0.00109665107448,
                    0.000560658343602,
                    -0.00027134490665,
                    0.000353762239683,
                    -0.00228546978906,
                    0.00598320551217,
                    -9.74310896709e-05,
                    -0.00027310726,
                    -0.000307727546897,
                    0.000166222496773,
                    0.000604864908382,
                    0.000457639456727
                ],
                [
                    -0.000285280693788,
                    0.00106879917439,
                    -0.000124534257338,
                    0.000665797735564,
                    -0.000354911113391,
                    -0.000317470083246,
                    -9.74310896709e-05,
                    0.00666706915945,
                    -0.00409199530259,
                    0.00106539903209,
                    -0.000391891459003,
                    3.83775368391e-05,
                    0.000713045126759
                ],
                [
                    0.000494756852277,
                    -0.00132636667695,
                    0.000459507573396,
                    -0.00164534582291,
                    -0.000127234423417,
                    0.00108919071499,
                    -0.00027310726,
                    -0.00409199530259,
                    0.014279583469,
                    -0.00608182838187,
                    0.00353279127739,
                    0.00138328189496,
                    -0.00210872269236
                ],
                [
                    -0.00031073592254,
                    0.00187937729061,
                    -0.00040184718091,
                    0.000510205514729,
                    -0.000113802838314,
                    -0.00138902489562,
                    -0.000307727546897,
                    0.00106539903209,
                    -0.00608182838187,
                    0.0170877873898,
                    -0.00552840577438,
                    0.00128866545856,
                    0.00100790569559
                ],
                [
                    0.000498915498611,
                    -0.00210846960545,
                    0.000487146840896,
                    -7.33241759008e-05,
                    0.00139523437247,
                    0.000241448171437,
                    0.000166222496773,
                    -0.000391891459003,
                    0.00353279127739,
                    -0.00552840577438,
                    0.0146128572524,
                    -0.00513052055612,
                    7.96170497779e-05
                ],
                [
                    -0.000351451919414,
                    0.00200371793471,
                    -0.000296870683087,
                    0.000130152562633,
                    -0.000491527258419,
                    6.55359035591e-05,
                    0.000604864908382,
                    3.83775368391e-05,
                    0.00138328189496,
                    0.00128866545856,
                    -0.00513052055612,
                    0.0181012470275,
                    -0.00670154346153
                ],
                [
                    0.000356055010343,
                    -0.00135310704354,
                    0.000909235852305,
                    -0.000231713886023,
                    -0.000138154762681,
                    0.000385876599466,
                    0.000457639456727,
                    0.000713045126759,
                    -0.00210872269236,
                    0.00100790569559,
                    7.96170497779e-05,
                    -0.00670154346153,
                    0.0165430922061
                ]
            ],
            "mean": [
                -10.3661088943,
                106.070411682,
                -97.3274230957,
                36.8640975952,
                -38.2212715149,
                11.6748132706,
                -30.5273418427,
                20.1229248047,
                -17.0378799438,
                2.51746940613,
                -13.2298564911,
                1.0456520319,
                -8.64742279053
            ]
        },
        "hfc": {
            "dmean": 5.83106517792,
            "dmean2": 8.26176166534,
            "dvar": 73.2957992554,
            "dvar2": 130.823562622,
            "max": 162.143615723,
            "mean": 25.5222225189,
            "median": 20.8507862091,
            "min": 1.12925056099e-16,
            "var": 497.426757812
        },
        "melbands": {
            "dmean": [
                0.00158183928579,
                0.00167393451557,
                0.00069272518158,
                0.000507611141074,
                0.000286939786747,
                0.000165827339515,
                0.000112704816274,
                0.000140758871567,
                0.000173675289261,
                0.00015177136811,
                7.69669277361e-05,
                4.80032867927e-05,
                5.02939183207e-05,
                4.42031741841e-05,
                2.66919378191e-05,
                2.87734619633e-05,
                2.5417557481e-05,
                2.20485362661e-05,
                2.58249747276e-05,
                2.5075441954e-05,
                2.2881784389e-05,
                1.89575221157e-05,
                2.12217819353e-05,
                1.49828083522e-05,
                7.80732443673e-06,
                9.04700846149e-06,
                5.75692411076e-06,
